62309060476	62309060477	62309060478	62309060479	62309060481	62309060482	
1699853331.737157	+6.58,+14.1,+21.5,@A	+6.48,+24.7,+21.6,GA	+2.94,+229.5,+21.5,LB	+2.78,+239.1,+19.9,LB	+2.48,+256.7,+20.7,DB	+2.89,+232.4,+19.9,LB	
1699853393.7468748	+6.58,+14.0,+21.5,AA	+6.48,+24.8,+21.6,HA	+2.94,+229.5,+21.5,LB	+2.77,+239.2,+19.9,@B	+2.48,+256.4,+20.7,GB	+2.89,+232.4,+19.9,LB	
1699853455.7553244	+6.58,+14.1,+21.5,@A	+6.48,+24.8,+21.5,KA	+2.94,+229.5,+21.5,LB	+2.78,+239.1,+20.0,OB	+2.49,+255.8,+20.7,IB	+2.89,+232.3,+19.9,KB	
1699853517.766426	+6.58,+14.2,+21.5,CA	+6.48,+24.7,+21.5,DA	+2.94,+229.5,+21.5,LB	+2.78,+239.1,+19.9,LB	+2.49,+256.0,+20.7,BB	+2.89,+232.4,+19.9,LB	
1699853579.7758849	+6.58,+14.2,+21.5,CA	+6.48,+24.8,+21.5,KA	+2.94,+229.4,+21.5,MB	+2.78,+239.1,+20.0,OB	+2.49,+256.1,+20.7,CB	+2.89,+232.4,+19.9,LB	
1699853641.7852645	+6.57,+14.4,+21.5,JA	+6.48,+24.8,+21.5,KA	+2.94,+229.5,+21.5,LB	+2.77,+239.3,+19.9,AB	+2.48,+256.5,+20.7,FB	+2.89,+232.4,+19.9,LB	
1699853703.7929218	+6.58,+14.2,+21.5,CA	+6.48,+24.8,+21.5,KA	+2.94,+229.5,+21.5,LB	+2.77,+239.3,+19.9,AB	+2.48,+256.5,+20.7,FB	+2.89,+232.3,+19.9,KB	
1699853765.8022752	+6.58,+14.2,+21.5,CA	+6.48,+24.8,+21.5,KA	+2.94,+229.4,+21.5,MB	+2.77,+239.3,+19.9,AB	+2.49,+256.2,+20.7,@B	+2.89,+232.3,+19.9,KB	
1699853827.8129866	+6.57,+14.7,+21.5,IA	+6.48,+24.8,+21.5,KA	+2.94,+229.4,+21.5,MB	+2.78,+239.1,+19.9,LB	+2.48,+256.5,+20.7,FB	+2.89,+232.4,+19.9,LB	
1699853889.822293	+6.57,+14.6,+21.5,HA	+6.48,+24.8,+21.5,KA	+2.94,+229.4,+21.5,MB	+2.78,+239.0,+20.0,NB	+2.47,+257.2,+20.7,OB	+2.89,+232.3,+19.9,KB	
1699853951.832235	+6.54,+16.3,+21.5,LA	+6.48,+24.8,+21.6,HA	+2.94,+229.5,+21.5,LB	+2.78,+239.0,+20.0,NB	+2.46,+257.8,+20.7,DB	+2.89,+232.3,+19.9,KB	
1699854013.8421013	+6.55,+15.7,+21.5,JA	+6.48,+24.8,+21.5,KA	+2.94,+229.4,+21.5,MB	+2.78,+239.0,+19.9,MB	+2.46,+257.8,+20.7,DB	+2.89,+232.3,+19.9,KB	
1699854075.8517094	+6.56,+15.2,+21.5,LA	+6.48,+24.8,+21.5,KA	+2.94,+229.4,+21.5,MB	+2.78,+239.1,+19.9,LB	+2.49,+256.1,+20.7,CB	+2.89,+232.3,+19.9,KB	
1699854137.8608184	+6.57,+14.3,+21.5,MA	+6.48,+24.8,+21.6,HA	+2.94,+229.4,+21.5,MB	+2.77,+239.3,+20.0,BB	+2.49,+255.9,+20.7,HB	+2.89,+232.3,+20.0,HB	
1699854199.8705103	+6.57,+14.5,+21.5,KA	+6.48,+24.8,+21.6,HA	+2.94,+229.5,+21.5,LB	+2.77,+239.3,+19.9,AB	+2.50,+255.5,+20.7,LB	+2.89,+232.4,+19.9,LB	
1699854261.8797288	+6.58,+14.2,+21.5,CA	+6.48,+24.8,+21.5,KA	+2.94,+229.5,+21.5,LB	+2.78,+239.1,+20.0,OB	+2.50,+255.2,+20.7,KB	+2.89,+232.4,+19.9,LB	
1699854323.889042	+6.57,+14.6,+21.5,HA	+6.48,+24.9,+21.6,IA	+2.94,+229.5,+21.5,LB	+2.77,+239.2,+20.0,CB	+2.49,+256.0,+20.7,BB	+2.89,+232.4,+19.9,LB	
1699854385.8966904	+6.57,+14.4,+21.5,JA	+6.48,+24.9,+21.6,IA	+2.94,+229.6,+21.5,OB	+2.77,+239.3,+19.9,AB	+2.49,+256.2,+20.7,@B	+2.89,+232.3,+19.9,KB	
1699854447.9039612	+6.57,+14.6,+21.5,HA	+6.48,+24.8,+21.5,KA	+2.94,+229.5,+21.5,LB	+2.77,+239.3,+19.9,AB	+2.49,+256.1,+20.7,CB	+2.89,+232.3,+19.9,KB	
1699854509.9136844	+6.58,+14.0,+21.5,AA	+6.48,+24.9,+21.5,JA	+2.94,+229.4,+21.6,NB	+2.77,+239.4,+20.0,EB	+2.50,+255.1,+20.7,HB	+2.89,+232.3,+19.9,KB	
1699854571.922487	+6.58,+14.3,+21.5,BA	+6.48,+24.9,+21.6,IA	+2.94,+229.5,+21.6,OB	+2.77,+239.5,+19.9,GB	+2.50,+255.5,+20.7,LB	+2.89,+232.3,+19.9,KB	
1699854633.930565	+6.57,+14.6,+21.5,HA	+6.48,+24.8,+21.6,HA	+2.94,+229.5,+21.5,LB	+2.77,+239.6,+19.9,DB	+2.49,+256.3,+20.7,AB	+2.89,+232.4,+19.9,LB	
1699854695.940893	+6.57,+14.5,+21.5,KA	+6.48,+24.9,+21.5,JA	+2.94,+229.5,+21.6,OB	+2.77,+239.6,+20.0,GB	+2.47,+257.0,+20.7,MB	+2.89,+232.3,+19.9,KB	
1699854757.948989	+6.58,+14.1,+21.5,@A	+6.48,+24.8,+21.6,HA	+2.94,+229.5,+21.5,LB	+2.77,+239.7,+19.9,EB	+2.47,+257.3,+20.7,NB	+2.89,+232.3,+19.9,KB	
1699854819.9572434	+6.57,+14.5,+21.5,KA	+6.48,+24.8,+21.5,KA	+2.94,+229.5,+21.5,LB	+2.76,+239.7,+19.9,DB	+2.46,+257.7,+20.7,KB	+2.89,+232.4,+19.9,LB	
1699854881.9666395	+6.58,+14.3,+21.5,BA	+6.48,+24.8,+21.5,KA	+2.94,+229.5,+21.5,LB	+2.77,+239.6,+19.9,DB	+2.46,+257.9,+20.7,EB	+2.89,+232.4,+19.9,LB	
1699854943.9750044	+6.57,+14.5,+21.5,KA	+6.48,+24.9,+21.6,IA	+2.94,+229.5,+21.5,LB	+2.77,+239.5,+20.0,DB	+2.46,+257.5,+20.7,IB	+2.89,+232.3,+19.9,KB	
1699855005.9796832	+6.58,+14.0,+21.5,AA	+6.48,+24.9,+21.5,JA	+2.94,+229.4,+21.5,MB	+2.77,+239.6,+20.0,GB	+2.46,+257.7,+20.7,KB	+2.89,+232.3,+19.9,KB	
1699855067.9853077	+6.58,+14.0,+21.5,AA	+6.48,+24.8,+21.5,KA	+2.94,+229.5,+21.5,LB	+2.77,+239.5,+19.9,GB	+2.45,+258.5,+20.7,EB	+2.89,+232.4,+19.9,LB	
1699855129.990291	+6.57,+14.5,+21.5,KA	+6.48,+24.8,+21.5,KA	+2.94,+229.4,+21.5,MB	+2.77,+239.5,+19.9,GB	+2.45,+258.5,+20.7,EB	+2.89,+232.3,+19.9,KB	
1699855191.9964223	+6.57,+14.4,+21.5,JA	+6.48,+24.9,+21.5,JA	+2.94,+229.5,+21.5,LB	+2.77,+239.5,+19.9,GB	+2.44,+258.9,+20.7,HB	+2.89,+232.4,+19.9,LB	
1699855254.0059047	+6.58,+13.7,+21.5,AA	+6.48,+24.7,+21.5,DA	+2.94,+229.5,+21.6,OB	+2.77,+239.5,+19.9,GB	+2.44,+258.7,+20.7,FB	+2.89,+232.3,+19.9,KB	
1699855316.0118175	+6.58,+14.2,+21.5,CA	+6.48,+24.8,+21.6,HA	+2.94,+229.5,+21.5,LB	+2.77,+239.5,+20.0,DB	+2.44,+259.1,+20.7,AB	+2.89,+232.3,+19.9,KB	
1699855378.0217109	+6.58,+13.9,+21.5,OA	+6.48,+24.8,+21.5,KA	+2.94,+229.5,+21.5,LB	+2.77,+239.6,+19.9,DB	+2.43,+259.4,+20.7,CB	+2.89,+232.3,+19.9,KB	
1699855440.0278423	+6.58,+13.8,+21.5,NA	+6.48,+24.8,+21.5,KA	+2.94,+229.5,+21.5,LB	+2.77,+239.7,+19.9,EB	+2.43,+259.6,+20.7,AB	+2.89,+232.3,+19.9,KB	
1699855502.0382261	+6.59,+13.7,+21.5,@A	+6.48,+24.8,+21.5,KA	+2.94,+229.5,+21.5,LB	+2.77,+239.7,+20.0,FB	+2.45,+258.6,+20.7,FB	+2.89,+232.4,+19.9,LB	
1699855564.048162	+6.58,+14.1,+21.5,@A	+6.48,+24.9,+21.5,JA	+2.94,+229.5,+21.5,LB	+2.77,+239.6,+19.9,DB	+2.44,+259.0,+20.7,@B	+2.89,+232.4,+19.9,LB	
1699855626.0574727	+6.58,+14.1,+21.5,@A	+6.48,+24.8,+21.5,KA	+2.94,+229.4,+21.5,MB	+2.77,+239.6,+19.9,DB	+2.44,+258.9,+20.7,HB	+2.89,+232.3,+19.9,KB	
1699855688.065191	+6.59,+13.6,+21.5,AA	+6.48,+24.8,+21.5,KA	+2.94,+229.5,+21.5,LB	+2.77,+239.7,+19.9,EB	+2.44,+258.6,+20.7,GB	+2.89,+232.4,+19.9,LB	
1699855750.073876	+6.58,+13.9,+21.5,OA	+6.48,+24.8,+21.5,KA	+2.94,+229.4,+21.5,MB	+2.77,+239.7,+19.9,EB	+2.45,+258.3,+20.7,CB	+2.89,+232.4,+19.9,LB	
1699855812.0841842	+6.58,+13.8,+21.5,NA	+6.48,+24.8,+21.5,KA	+2.94,+229.5,+21.5,LB	+2.77,+239.7,+19.9,EB	+2.46,+257.9,+20.7,EB	+2.89,+232.4,+19.9,LB	
1699855874.0882938	+6.58,+14.1,+21.5,@A	+6.48,+24.8,+21.6,HA	+2.94,+229.5,+21.5,LB	+2.77,+239.7,+19.9,EB	+2.44,+258.9,+20.7,HB	+2.89,+232.4,+19.9,LB	
1699855936.0980253	+6.58,+13.8,+21.5,NA	+6.48,+24.8,+21.5,KA	+2.94,+229.5,+21.5,LB	+2.77,+239.7,+20.0,FB	+2.46,+257.9,+20.7,EB	+2.89,+232.4,+19.9,LB	
1699855998.1083493	+6.58,+14.0,+21.5,AA	+6.48,+24.7,+21.5,DA	+2.94,+229.5,+21.5,LB	+2.77,+239.6,+19.9,DB	+2.46,+257.9,+20.7,EB	+2.89,+232.4,+19.9,LB	
1699856060.1174793	+6.59,+13.5,+21.5,BA	+6.48,+24.7,+21.5,DA	+2.94,+229.5,+21.5,LB	+2.77,+239.7,+20.0,FB	+2.46,+257.9,+20.7,EB	+2.89,+232.4,+19.9,LB	
1699856122.126364	+6.58,+14.3,+21.5,BA	+6.48,+24.7,+21.5,DA	+2.94,+229.5,+21.5,LB	+2.76,+239.7,+19.9,DB	+2.45,+258.3,+20.7,CB	+2.89,+232.4,+19.9,LB	
1699856184.134416	+6.58,+14.0,+21.5,AA	+6.48,+24.7,+21.5,DA	+2.94,+229.5,+21.5,LB	+2.76,+239.8,+19.9,KB	+2.45,+258.2,+20.8,MB	+2.89,+232.3,+19.9,KB	
1699856246.144981	+6.58,+14.0,+21.5,AA	+6.48,+24.7,+21.5,DA	+2.94,+229.5,+21.6,OB	+2.76,+239.7,+19.9,DB	+2.46,+257.8,+20.7,DB	+2.89,+232.4,+19.9,LB	
1699856308.1510801	+6.58,+14.1,+21.5,@A	+6.48,+24.7,+21.5,DA	+2.94,+229.4,+21.5,MB	+2.76,+239.8,+20.0,HB	+2.46,+258.0,+20.8,LB	+2.89,+232.4,+19.9,LB	
1699856553.7180657	+6.58,+13.8,+21.5,NA	+6.48,+24.7,+21.5,DA	+2.94,+229.5,+21.5,LB	+2.76,+239.8,+19.9,KB	+2.49,+256.2,+20.7,@B	+2.90,+232.2,+19.9,BB	
1699856615.7281451	+6.58,+13.9,+21.5,OA	+6.48,+24.6,+21.5,EA	+2.94,+229.5,+21.5,LB	+2.76,+239.8,+20.0,HB	+2.50,+255.7,+20.7,NB	+2.89,+232.4,+19.9,LB	
1699856677.7355118	+6.58,+13.8,+21.5,NA	+6.48,+24.7,+21.6,GA	+2.94,+229.5,+21.5,LB	+2.77,+239.8,+20.0,IB	+2.49,+256.1,+20.7,CB	+2.89,+232.5,+19.9,MB	
1699856739.74368	+6.59,+13.6,+21.5,AA	+6.48,+24.7,+21.5,DA	+2.94,+229.5,+21.5,LB	+2.76,+239.8,+19.9,KB	+2.49,+255.8,+20.7,IB	+2.89,+232.4,+19.9,LB	
1699856801.752131	+6.60,+13.1,+21.5,LA	+6.48,+24.7,+21.5,DA	+2.94,+229.5,+21.5,LB	+2.76,+239.9,+19.9,JB	+2.49,+255.8,+20.7,IB	+2.89,+232.4,+19.9,LB	
1699856863.7626789	+6.59,+13.5,+21.5,BA	+6.48,+24.7,+21.5,DA	+2.94,+229.5,+21.5,LB	+2.76,+239.9,+19.9,JB	+2.49,+256.3,+20.7,AB	+2.89,+232.4,+19.9,LB	
1699856925.7704084	+6.58,+13.8,+21.5,NA	+6.48,+24.6,+21.5,EA	+2.94,+229.5,+21.5,LB	+2.76,+239.9,+19.9,JB	+2.48,+256.4,+20.7,GB	+2.89,+232.3,+19.9,KB	
1699856987.7789197	+6.58,+14.0,+21.5,AA	+6.48,+24.6,+21.5,EA	+2.94,+229.5,+21.5,LB	+2.76,+239.8,+19.9,KB	+2.47,+257.1,+20.7,LB	+2.89,+232.4,+19.9,LB	
1699857049.7890918	+6.58,+13.7,+21.5,AA	+6.48,+24.7,+21.5,DA	+2.94,+229.5,+21.5,LB	+2.76,+239.8,+19.9,KB	+2.47,+257.4,+20.7,IB	+2.89,+232.4,+19.9,LB	
1699857111.7966428	+6.58,+14.1,+21.5,@A	+6.48,+24.6,+21.5,EA	+2.94,+229.4,+21.5,MB	+2.76,+239.8,+19.9,KB	+2.45,+258.1,+20.7,AB	+2.89,+232.3,+19.9,KB	
1699857173.8065884	+6.58,+13.8,+21.5,NA	+6.48,+24.6,+21.5,EA	+2.94,+229.5,+21.5,LB	+2.77,+239.7,+19.9,EB	+2.46,+257.5,+20.7,IB	+2.89,+232.4,+19.9,LB	
1699857235.8159294	+6.59,+13.5,+21.5,BA	+6.48,+24.6,+21.5,EA	+2.94,+229.5,+21.5,LB	+2.77,+239.7,+19.9,EB	+2.46,+257.5,+20.7,IB	+2.89,+232.4,+19.9,LB	
1699857297.825804	+6.55,+16.0,+21.5,NA	+6.48,+24.6,+21.5,EA	+2.94,+229.5,+21.5,LB	+2.76,+239.7,+19.9,DB	+2.46,+257.6,+20.7,JB	+2.89,+232.4,+19.9,LB	
1699857359.834152	+6.57,+14.8,+21.5,FA	+6.48,+24.6,+21.5,EA	+2.94,+229.5,+21.5,LB	+2.77,+239.7,+20.0,FB	+2.45,+258.0,+20.7,@B	+2.89,+232.4,+19.9,LB	
1699857421.8417337	+6.57,+14.4,+21.5,JA	+6.48,+24.5,+21.5,FA	+2.94,+229.5,+21.5,LB	+2.78,+239.1,+19.9,LB	+2.46,+257.5,+20.7,IB	+2.89,+232.4,+19.9,LB	
1699857483.8504877	+6.57,+14.4,+21.5,JA	+6.48,+24.5,+21.5,FA	+2.94,+229.5,+21.5,LB	+2.78,+239.1,+19.9,LB	+2.47,+256.9,+20.7,EB	+2.89,+232.4,+19.9,LB	
1699857545.8605895	+6.58,+14.3,+21.5,BA	+6.48,+24.6,+21.5,EA	+2.94,+229.4,+21.5,MB	+2.78,+239.1,+19.9,LB	+2.47,+257.0,+20.7,MB	+2.89,+232.4,+19.9,LB	
1699857607.86881	+6.58,+14.1,+21.5,@A	+6.48,+24.5,+21.5,FA	+2.94,+229.5,+21.5,LB	+2.78,+239.1,+19.9,LB	+2.47,+256.9,+20.7,EB	+2.89,+232.4,+19.9,LB	
1699857669.8782825	+6.59,+13.7,+21.5,@A	+6.48,+24.5,+21.6,EA	+2.94,+229.5,+21.5,LB	+2.77,+239.3,+19.9,AB	+2.48,+256.5,+20.7,FB	+2.89,+232.4,+19.9,LB	
1699857731.8876355	+6.59,+13.5,+21.5,BA	+6.48,+24.5,+21.5,FA	+2.94,+229.5,+21.5,LB	+2.77,+239.3,+19.9,AB	+2.47,+257.1,+20.7,LB	+2.89,+232.4,+19.9,LB	
1699857793.8976595	+6.59,+13.3,+21.5,DA	+6.48,+24.5,+21.5,FA	+2.94,+229.5,+21.5,LB	+2.77,+239.4,+19.9,FB	+2.45,+258.2,+20.7,BB	+2.89,+232.4,+19.9,LB	
1699857855.9068792	+6.59,+13.7,+21.5,@A	+6.48,+24.5,+21.5,FA	+2.94,+229.5,+21.5,LB	+2.77,+239.3,+19.9,AB	+2.44,+258.6,+20.7,GB	+2.89,+232.4,+19.9,LB	
1699857917.9148867	+6.59,+13.5,+21.5,BA	+6.48,+24.4,+21.5,GA	+2.94,+229.5,+21.5,LB	+2.77,+239.4,+19.9,FB	+2.43,+259.5,+20.7,BB	+2.89,+232.4,+19.9,LB	
1699857979.9236002	+6.60,+13.0,+21.5,MA	+6.48,+24.5,+21.5,FA	+2.94,+229.5,+21.5,LB	+2.77,+239.4,+19.9,FB	+2.42,+260.0,+20.7,LB	+2.89,+232.4,+19.9,LB	
1699858041.9331763	+6.60,+13.1,+21.5,LA	+6.48,+24.4,+21.5,GA	+2.94,+229.5,+21.5,LB	+2.77,+239.5,+19.9,GB	+2.41,+260.5,+20.7,JB	+2.89,+232.4,+19.9,LB	
1699858103.9397647	+6.59,+13.2,+21.5,EA	+6.48,+24.4,+21.5,GA	+2.94,+229.5,+21.5,LB	+2.77,+239.5,+19.9,GB	+2.41,+260.7,+20.7,HB	+2.89,+232.4,+19.9,LB	
1699858165.948886	+6.59,+13.2,+21.5,EA	+6.48,+24.4,+21.5,GA	+2.94,+229.5,+21.5,LB	+2.77,+239.5,+19.9,GB	+2.41,+260.3,+20.7,LB	+2.89,+232.4,+19.9,LB	
1699858227.9558551	+6.59,+13.7,+21.5,@A	+6.48,+24.4,+21.5,GA	+2.94,+229.5,+21.5,LB	+2.77,+239.5,+19.9,GB	+2.40,+261.0,+20.7,OB	+2.89,+232.4,+19.9,LB	
1699858289.9643931	+6.59,+13.2,+21.5,EA	+6.48,+24.4,+21.5,GA	+2.94,+229.5,+21.5,LB	+2.77,+239.5,+19.9,GB	+2.41,+260.8,+20.7,GB	+2.89,+232.4,+19.9,LB	
1699858351.9726503	+6.60,+13.1,+21.5,LA	+6.48,+24.3,+21.5,@A	+2.94,+229.5,+21.5,LB	+2.77,+239.2,+19.9,@B	+2.41,+260.7,+20.7,HB	+2.89,+232.4,+19.9,LB	
1699858413.9828563	+6.60,+13.0,+21.5,MA	+6.49,+24.3,+21.6,BA	+2.94,+229.5,+21.5,LB	+2.78,+238.8,+19.9,DB	+2.40,+261.0,+20.7,OB	+2.89,+232.4,+19.9,LB	
1699858475.9932647	+6.59,+13.3,+21.5,DA	+6.49,+24.3,+21.5,AA	+2.94,+229.5,+21.5,LB	+2.78,+238.7,+19.9,KB	+2.40,+261.4,+20.7,KB	+2.89,+232.3,+19.9,KB	
1699858538.0010567	+6.59,+13.6,+21.5,AA	+6.49,+24.3,+21.5,AA	+2.94,+229.5,+21.5,LB	+2.78,+238.8,+19.9,DB	+2.40,+261.3,+20.7,LB	+2.89,+232.4,+19.9,LB	
1699858600.0093355	+6.59,+13.5,+21.5,BA	+6.49,+24.3,+21.5,AA	+2.94,+229.4,+21.5,MB	+2.78,+238.7,+19.9,KB	+2.43,+259.5,+20.7,BB	+2.89,+232.4,+19.9,LB	
1699858662.015292	+6.59,+13.7,+21.5,@A	+6.49,+24.3,+21.5,AA	+2.94,+229.5,+21.5,LB	+2.78,+238.8,+19.9,DB	+2.43,+259.7,+20.7,@B	+2.89,+232.4,+19.9,LB	
1699858724.0255575	+6.60,+12.9,+21.5,EA	+6.49,+24.2,+21.5,@A	+2.94,+229.4,+21.5,MB	+2.78,+238.7,+19.9,KB	+2.41,+260.6,+20.7,IB	+2.89,+232.4,+19.9,LB	
1699858786.0337021	+6.60,+12.8,+21.5,DA	+6.49,+24.3,+21.5,AA	+2.94,+229.5,+21.5,LB	+2.79,+238.5,+19.9,HB	+2.42,+260.1,+20.7,MB	+2.89,+232.4,+19.9,LB	
1699858848.0426583	+6.60,+13.1,+21.5,LA	+6.49,+24.3,+21.5,AA	+2.94,+229.5,+21.5,LB	+2.79,+238.5,+19.9,HB	+2.46,+257.8,+20.7,DB	+2.89,+232.4,+19.9,LB	
1699858910.052666	+6.60,+12.9,+21.5,EA	+6.49,+24.3,+21.5,AA	+2.94,+229.5,+21.5,LB	+2.79,+238.4,+19.9,IB	+2.47,+257.4,+20.7,IB	+2.89,+232.4,+19.9,LB	
1699858972.0631552	+6.60,+12.9,+21.5,EA	+6.49,+24.2,+21.5,@A	+2.94,+229.5,+21.5,LB	+2.79,+238.5,+19.9,HB	+2.46,+257.9,+20.7,EB	+2.89,+232.4,+19.9,LB	
1699859034.072357	+6.60,+13.0,+21.5,MA	+6.49,+24.3,+21.5,AA	+2.94,+229.5,+21.5,LB	+2.79,+238.5,+19.9,HB	+2.45,+258.2,+20.7,BB	+2.89,+232.4,+19.9,LB	
1699859096.079522	+6.60,+13.1,+21.5,LA	+6.49,+24.2,+21.5,@A	+2.94,+229.5,+21.5,LB	+2.79,+238.5,+19.9,HB	+2.44,+259.1,+20.7,AB	+2.89,+232.5,+19.9,MB	
1699859158.089963	+6.60,+12.6,+21.5,JA	+6.49,+24.2,+21.5,@A	+2.94,+229.5,+21.5,LB	+2.79,+238.4,+19.9,IB	+2.43,+259.7,+20.7,@B	+2.89,+232.4,+19.9,LB	
1699859220.0992303	+6.59,+13.3,+21.5,DA	+6.49,+24.1,+21.5,CA	+2.94,+229.5,+21.5,LB	+2.79,+238.4,+19.9,IB	+2.41,+260.7,+20.7,HB	+2.89,+232.4,+19.9,LB	
1699859282.108661	+6.60,+12.8,+21.5,DA	+6.49,+24.2,+21.5,@A	+2.94,+229.5,+21.5,LB	+2.79,+238.4,+19.9,IB	+2.41,+260.5,+20.7,JB	+2.89,+232.5,+19.9,MB	
1699859344.1157672	+6.60,+13.0,+21.5,MA	+6.49,+24.1,+21.6,@A	+2.94,+229.5,+21.5,LB	+2.79,+238.4,+19.9,IB	+2.40,+261.1,+20.7,NB	+2.89,+232.4,+19.9,LB	
1699859406.1261888	+6.58,+14.2,+21.5,CA	+6.49,+24.1,+21.5,CA	+2.94,+229.4,+21.5,MB	+2.79,+238.3,+19.9,NB	+2.39,+261.8,+20.7,IB	+2.89,+232.4,+19.9,LB	
1699859468.1366968	+6.60,+12.9,+21.5,EA	+6.49,+24.1,+21.5,CA	+2.94,+229.5,+21.5,LB	+2.79,+238.3,+19.9,NB	+2.39,+261.9,+20.7,HB	+2.89,+232.4,+19.9,LB	
1699859530.1416576	+6.59,+13.4,+21.5,CA	+6.49,+24.1,+21.5,CA	+2.94,+229.5,+21.5,LB	+2.79,+238.4,+19.9,IB	+2.39,+261.9,+20.7,HB	+2.89,+232.4,+19.9,LB	
1699859592.1504323	+6.59,+13.4,+21.5,CA	+6.49,+24.1,+21.5,CA	+2.94,+229.4,+21.5,MB	+2.79,+238.4,+19.9,IB	+2.39,+262.0,+20.7,BB	+2.89,+232.4,+19.9,LB	
1699859654.1597698	+6.59,+13.5,+21.4,CA	+6.49,+24.1,+21.5,CA	+2.94,+229.5,+21.5,LB	+2.79,+238.3,+19.9,NB	+2.39,+262.0,+20.7,BB	+2.89,+232.4,+19.9,LB	
1699859716.1700158	+6.59,+13.3,+21.4,EA	+6.49,+24.0,+21.5,BA	+2.94,+229.5,+21.5,LB	+2.79,+238.3,+19.9,NB	+2.39,+261.9,+20.7,HB	+2.89,+232.3,+19.9,KB	
1699859778.1802015	+6.58,+14.1,+21.5,@A	+6.49,+24.1,+21.5,CA	+2.94,+229.4,+21.5,MB	+2.79,+238.4,+19.9,IB	+2.40,+261.0,+20.7,OB	+2.89,+232.4,+19.9,LB	
1699859840.1902328	+6.59,+13.6,+21.5,AA	+6.49,+24.1,+21.5,CA	+2.94,+229.5,+21.5,LB	+2.79,+238.5,+19.9,HB	+2.39,+262.0,+20.7,BB	+2.89,+232.4,+19.9,LB	
1699859902.200133	+6.59,+13.3,+21.5,DA	+6.49,+24.0,+21.5,BA	+2.94,+229.5,+21.5,LB	+2.79,+238.4,+19.9,IB	+2.38,+262.3,+20.7,@B	+2.89,+232.4,+19.9,LB	
1699859964.2087328	+6.59,+13.2,+21.5,EA	+6.49,+24.1,+21.5,CA	+2.94,+229.4,+21.5,MB	+2.79,+238.4,+19.9,IB	+2.43,+259.4,+20.7,CB	+2.89,+232.4,+19.9,LB	
1699860026.2190769	+6.60,+13.1,+21.5,LA	+6.49,+24.0,+21.5,BA	+2.94,+229.5,+21.5,LB	+2.79,+238.3,+19.9,NB	+2.41,+260.8,+20.7,GB	+2.89,+232.4,+19.9,LB	
1699860088.2276597	+6.59,+13.2,+21.5,EA	+6.49,+24.0,+21.5,BA	+2.94,+229.5,+21.5,LB	+2.79,+238.4,+19.9,IB	+2.43,+259.6,+20.7,AB	+2.89,+232.4,+19.9,LB	
1699860150.2389488	+6.60,+12.8,+21.5,DA	+6.49,+24.0,+21.5,BA	+2.94,+229.5,+21.5,LB	+2.79,+238.4,+19.9,IB	+2.44,+258.7,+20.7,FB	+2.89,+232.3,+19.9,KB	
1699860395.8378634	+6.57,+14.5,+21.5,KA	+6.49,+24.0,+21.5,BA	+2.94,+229.5,+21.5,LB	+2.78,+238.6,+19.9,JB	+2.41,+260.7,+20.7,HB	+2.90,+232.2,+19.9,BB	
1699860457.84543	+6.58,+14.1,+21.5,@A	+6.49,+23.9,+21.5,LA	+2.94,+229.5,+21.5,LB	+2.78,+238.8,+19.9,DB	+2.41,+260.4,+20.7,KB	+2.89,+232.4,+19.9,LB	
1699860519.8527572	+6.58,+14.0,+21.5,AA	+6.49,+23.9,+21.5,LA	+2.94,+229.5,+21.5,LB	+2.78,+238.9,+19.9,EB	+2.42,+259.8,+20.7,NB	+2.89,+232.4,+19.9,LB	
1699860581.8626466	+6.58,+14.1,+21.5,@A	+6.49,+24.0,+21.5,BA	+2.94,+229.5,+21.5,LB	+2.78,+239.0,+19.9,MB	+2.42,+259.9,+20.7,OB	+2.89,+232.4,+19.9,LB	
1699860643.872796	+6.57,+14.5,+21.5,KA	+6.49,+24.0,+21.5,BA	+2.94,+229.4,+21.5,MB	+2.78,+239.1,+19.9,LB	+2.41,+260.6,+20.7,IB	+2.89,+232.3,+19.9,KB	
1699860705.8822076	+6.56,+15.0,+21.5,NA	+6.49,+23.9,+21.5,LA	+2.94,+229.4,+21.5,MB	+2.78,+239.2,+19.9,OB	+2.42,+260.3,+20.7,OB	+2.89,+232.4,+19.9,LB	
1699860767.890339	+6.57,+14.5,+21.5,KA	+6.49,+23.9,+21.5,LA	+2.94,+229.5,+21.5,LB	+2.78,+239.2,+19.9,OB	+2.41,+260.6,+20.7,IB	+2.89,+232.4,+19.9,LB	
1699860829.9001448	+6.57,+14.5,+21.5,KA	+6.49,+23.9,+21.5,LA	+2.94,+229.4,+21.5,MB	+2.77,+239.2,+19.9,@B	+2.41,+260.4,+20.7,KB	+2.89,+232.4,+19.9,LB	
1699860891.9078858	+6.57,+14.6,+21.5,HA	+6.49,+23.8,+21.5,MA	+2.94,+229.5,+21.5,LB	+2.78,+239.1,+19.9,LB	+2.42,+259.9,+20.7,OB	+2.89,+232.4,+19.9,LB	
1699860953.9153605	+6.57,+14.6,+21.5,HA	+6.49,+23.9,+21.5,LA	+2.94,+229.5,+21.5,LB	+2.78,+239.1,+19.9,LB	+2.41,+260.4,+20.7,KB	+2.89,+232.4,+19.9,LB	
1699861015.9231973	+6.57,+14.9,+21.5,GA	+6.49,+23.9,+21.6,OA	+2.94,+229.5,+21.5,LB	+2.78,+239.1,+19.9,LB	+2.40,+261.4,+20.7,KB	+2.89,+232.5,+19.9,MB	
1699861077.9342756	+6.56,+14.9,+21.5,FA	+6.49,+23.8,+21.5,MA	+2.94,+229.5,+21.5,LB	+2.78,+239.1,+19.9,LB	+2.40,+260.9,+20.7,GB	+2.89,+232.4,+19.9,LB	
1699861139.9456637	+6.57,+14.8,+21.5,FA	+6.49,+23.8,+21.5,MA	+2.94,+229.5,+21.6,OB	+2.78,+239.1,+19.9,LB	+2.40,+261.0,+20.7,OB	+2.89,+232.4,+19.9,LB	
1699861201.9560213	+6.57,+14.7,+21.5,IA	+6.49,+23.8,+21.5,MA	+2.94,+229.5,+21.5,LB	+2.78,+239.1,+19.9,LB	+2.39,+261.8,+20.7,IB	+2.89,+232.4,+19.9,LB	
1699861263.966266	+6.58,+14.2,+21.5,CA	+6.49,+23.8,+21.6,NA	+2.94,+229.5,+21.5,LB	+2.78,+239.0,+19.9,MB	+2.38,+262.3,+20.7,@B	+2.89,+232.4,+19.9,LB	
1699861325.9745347	+6.58,+14.2,+21.5,CA	+6.49,+23.8,+21.5,MA	+2.94,+229.5,+21.5,LB	+2.78,+238.9,+19.9,EB	+2.39,+261.7,+20.7,FB	+2.89,+232.4,+19.9,LB	
1699861387.9828277	+6.57,+14.7,+21.5,IA	+6.50,+23.7,+21.5,JA	+2.94,+229.5,+21.5,LB	+2.78,+238.9,+19.9,EB	+2.39,+261.6,+20.7,GB	+2.89,+232.4,+19.9,LB	
1699861449.990339	+6.57,+14.6,+21.5,HA	+6.49,+23.8,+21.5,MA	+2.94,+229.5,+21.5,LB	+2.78,+238.9,+19.9,EB	+2.38,+262.2,+20.7,AB	+2.89,+232.4,+19.9,LB	
1699861511.9989042	+6.57,+14.3,+21.5,MA	+6.49,+23.8,+21.6,NA	+2.94,+229.6,+21.5,OB	+2.78,+239.0,+19.9,MB	+2.38,+262.1,+20.7,BB	+2.89,+232.4,+19.9,LB	
1699861574.0073442	+6.57,+14.5,+21.5,KA	+6.49,+23.8,+21.6,NA	+2.94,+229.5,+21.5,LB	+2.78,+239.0,+19.9,MB	+2.37,+262.7,+20.7,KB	+2.89,+232.4,+19.9,LB	
1699861636.016708	+6.58,+14.3,+21.5,BA	+6.50,+23.7,+21.6,IA	+2.94,+229.5,+21.5,LB	+2.78,+239.0,+19.9,MB	+2.38,+262.4,+20.7,GB	+2.89,+232.4,+19.9,LB	
1699861698.0218863	+6.57,+14.4,+21.5,JA	+6.50,+23.7,+21.6,IA	+2.94,+229.5,+21.5,LB	+2.78,+239.0,+19.9,MB	+2.38,+262.5,+20.7,FB	+2.89,+232.4,+19.9,LB	
1699861760.0308344	+6.58,+14.2,+21.5,CA	+6.50,+23.7,+21.5,JA	+2.94,+229.5,+21.5,LB	+2.78,+239.1,+19.9,LB	+2.41,+260.4,+20.7,KB	+2.89,+232.4,+19.9,LB	
1699861822.0402093	+6.57,+14.4,+21.5,JA	+6.50,+23.7,+21.5,JA	+2.94,+229.5,+21.5,LB	+2.77,+239.3,+19.9,AB	+2.40,+261.2,+20.7,MB	+2.89,+232.4,+19.9,LB	
1699861884.049949	+6.57,+14.6,+21.5,HA	+6.50,+23.7,+21.5,JA	+2.94,+229.5,+21.5,LB	+2.77,+239.4,+20.0,EB	+2.41,+260.9,+20.7,FB	+2.89,+232.5,+19.9,MB	
1699861946.058409	+6.57,+14.5,+21.5,KA	+6.50,+23.7,+21.6,IA	+2.94,+229.5,+21.5,LB	+2.77,+239.4,+19.9,FB	+2.39,+261.6,+20.7,GB	+2.89,+232.5,+20.0,NB	
1699862008.0696905	+6.57,+14.4,+21.5,JA	+6.50,+23.7,+21.5,JA	+2.94,+229.5,+21.5,LB	+2.77,+239.2,+19.9,@B	+2.39,+261.8,+20.7,IB	+2.89,+232.4,+19.9,LB	
1699862070.079232	+6.57,+14.4,+21.5,JA	+6.50,+23.6,+21.6,HA	+2.94,+229.5,+21.5,LB	+2.77,+239.3,+19.9,AB	+2.38,+262.2,+20.7,AB	+2.89,+232.5,+19.9,MB	
1699862132.0884948	+6.57,+14.7,+21.5,IA	+6.50,+23.6,+21.5,KA	+2.94,+229.5,+21.5,LB	+2.77,+239.4,+19.9,FB	+2.38,+262.6,+20.7,EB	+2.89,+232.5,+19.9,MB	
1699862194.0960934	+6.57,+14.9,+21.5,GA	+6.50,+23.6,+21.5,KA	+2.94,+229.5,+21.5,LB	+2.77,+239.5,+20.0,DB	+2.42,+259.9,+20.7,OB	+2.89,+232.5,+19.9,MB	
1699862256.1077921	+6.57,+14.5,+21.5,KA	+6.50,+23.6,+21.5,KA	+2.94,+229.5,+21.5,LB	+2.77,+239.5,+20.0,DB	+2.41,+260.4,+20.7,KB	+2.89,+232.5,+19.9,MB	
1699862318.1166844	+6.57,+14.8,+21.5,FA	+6.50,+23.6,+21.5,KA	+2.94,+229.5,+21.5,LB	+2.77,+239.6,+20.0,GB	+2.40,+260.9,+20.7,GB	+2.89,+232.5,+19.9,MB	
1699862380.1233006	+6.57,+14.8,+21.5,FA	+6.50,+23.6,+21.6,HA	+2.94,+229.5,+21.5,LB	+2.77,+239.7,+20.0,FB	+2.39,+261.7,+20.7,FB	+2.89,+232.5,+19.9,MB	
1699862442.1320522	+6.57,+14.7,+21.5,IA	+6.50,+23.5,+21.5,HA	+2.94,+229.5,+21.5,LB	+2.76,+239.9,+19.9,JB	+2.39,+262.0,+20.7,BB	+2.89,+232.5,+19.9,MB	
1699862504.1401615	+6.57,+14.7,+21.5,IA	+6.50,+23.5,+21.5,HA	+2.94,+229.5,+21.5,LB	+2.77,+239.7,+19.9,EB	+2.38,+262.5,+20.7,FB	+2.89,+232.5,+19.9,MB	
1699862566.1489062	+6.57,+14.4,+21.5,JA	+6.50,+23.5,+21.5,HA	+2.94,+229.5,+21.5,LB	+2.76,+239.8,+19.9,KB	+2.36,+263.7,+20.7,KB	+2.89,+232.5,+19.9,MB	
1699862628.1565547	+6.57,+14.3,+21.5,MA	+6.50,+23.5,+21.5,HA	+2.94,+229.5,+21.5,LB	+2.76,+239.9,+19.9,JB	+2.37,+263.0,+20.7,MB	+2.89,+232.5,+19.9,MB	
1699862690.1649601	+6.57,+14.8,+21.5,FA	+6.50,+23.5,+21.5,HA	+2.94,+229.5,+21.5,LB	+2.76,+239.9,+19.9,JB	+2.39,+261.9,+20.7,HB	+2.89,+232.5,+19.9,MB	
1699862752.1750305	+6.57,+14.8,+21.5,FA	+6.50,+23.5,+21.6,KA	+2.94,+229.5,+21.5,LB	+2.77,+239.6,+19.9,DB	+2.37,+262.8,+20.7,DB	+2.89,+232.5,+19.9,MB	
1699862814.1838825	+6.57,+14.5,+21.5,KA	+6.50,+23.5,+21.5,HA	+2.94,+229.6,+21.5,OB	+2.77,+239.7,+19.9,EB	+2.37,+263.1,+20.7,LB	+2.89,+232.5,+19.9,MB	
1699862876.1940808	+6.57,+14.8,+21.5,FA	+6.50,+23.5,+21.6,KA	+2.94,+229.5,+21.5,LB	+2.76,+239.8,+19.9,KB	+2.35,+263.8,+20.7,GB	+2.89,+232.5,+19.9,MB	
1699862938.2016234	+6.56,+15.0,+21.5,NA	+6.50,+23.4,+21.6,JA	+2.94,+229.5,+21.5,LB	+2.76,+239.8,+19.9,KB	+2.35,+263.9,+20.7,FB	+2.89,+232.5,+19.9,MB	
1699863000.2119198	+6.57,+14.9,+21.5,GA	+6.50,+23.4,+21.5,IA	+2.94,+229.6,+21.5,OB	+2.76,+239.8,+19.9,KB	+2.37,+262.9,+20.7,EB	+2.89,+232.5,+19.9,MB	
1699863062.2214978	+6.57,+14.4,+21.5,JA	+6.50,+23.4,+21.5,IA	+2.94,+229.5,+21.5,LB	+2.76,+239.9,+19.9,JB	+2.37,+263.1,+20.7,LB	+2.89,+232.5,+19.9,MB	
1699863124.2280483	+6.58,+14.3,+21.5,BA	+6.50,+23.4,+21.5,IA	+2.94,+229.5,+21.5,LB	+2.76,+239.9,+19.9,JB	+2.36,+263.5,+20.7,IB	+2.89,+232.5,+19.9,MB	
1699863186.2353423	+6.57,+14.6,+21.5,HA	+6.50,+23.4,+21.5,IA	+2.94,+229.5,+21.5,LB	+2.76,+239.8,+19.9,KB	+2.36,+263.3,+20.7,OB	+2.89,+232.5,+19.9,MB	
1699863248.2405012	+6.57,+14.8,+21.5,FA	+6.50,+23.4,+21.5,IA	+2.94,+229.6,+21.6,LB	+2.76,+240.0,+19.9,MB	+2.40,+261.3,+20.7,LB	+2.89,+232.5,+19.9,MB	
1699863310.2516675	+6.57,+14.3,+21.5,MA	+6.50,+23.4,+21.5,IA	+2.94,+229.5,+21.5,LB	+2.76,+240.0,+19.9,MB	+2.39,+261.6,+20.7,GB	+2.89,+232.4,+19.9,LB	
1699863372.2593172	+6.58,+14.2,+21.5,CA	+6.50,+23.4,+21.5,IA	+2.94,+229.5,+21.5,LB	+2.76,+239.8,+19.9,KB	+2.38,+262.2,+20.7,AB	+2.89,+232.5,+19.9,MB	
1699863434.2677882	+6.56,+14.9,+21.5,FA	+6.50,+23.4,+21.5,IA	+2.94,+229.5,+21.5,LB	+2.77,+239.7,+19.9,EB	+2.39,+261.9,+20.7,HB	+2.89,+232.5,+19.9,MB	
1699863496.2770648	+6.57,+14.4,+21.5,JA	+6.50,+23.3,+21.5,NA	+2.94,+229.5,+21.5,LB	+2.77,+239.3,+19.9,AB	+2.40,+261.1,+20.7,NB	+2.89,+232.5,+19.9,MB	
1699863558.2851021	+6.54,+16.4,+21.5,KA	+6.50,+23.3,+21.6,MA	+2.94,+229.5,+21.5,LB	+2.77,+239.3,+19.9,AB	+2.40,+261.3,+20.7,LB	+2.89,+232.4,+19.9,LB	
1699863620.2938333	+6.56,+15.2,+21.5,LA	+6.50,+23.3,+21.5,NA	+2.94,+229.4,+21.5,MB	+2.77,+239.2,+19.9,@B	+2.40,+261.0,+20.7,OB	+2.89,+232.4,+19.9,LB	
1699863682.3014896	+6.57,+14.8,+21.5,FA	+6.50,+23.3,+21.5,NA	+2.94,+229.6,+21.5,OB	+2.77,+239.3,+19.9,AB	+2.40,+261.2,+20.7,MB	+2.89,+232.5,+19.9,MB	
1699863744.3102255	+6.56,+15.1,+21.5,OA	+6.50,+23.3,+21.5,NA	+2.94,+229.5,+21.5,LB	+2.77,+239.3,+19.9,AB	+2.38,+262.2,+20.7,AB	+2.89,+232.4,+19.9,LB	
1699863806.3166604	+6.56,+15.1,+21.5,OA	+6.50,+23.3,+21.6,MA	+2.94,+229.5,+21.5,LB	+2.77,+239.4,+19.9,FB	+2.39,+261.9,+20.7,HB	+2.89,+232.5,+19.9,MB	
1699863868.325909	+6.57,+14.6,+21.5,HA	+6.50,+23.2,+21.6,LA	+2.94,+229.5,+21.5,LB	+2.77,+239.3,+19.9,AB	+2.38,+262.2,+20.7,AB	+2.89,+232.5,+19.9,MB	
1699863930.334843	+6.57,+14.5,+21.5,KA	+6.50,+23.3,+21.5,NA	+2.94,+229.6,+21.5,OB	+2.77,+239.3,+19.9,AB	+2.43,+259.6,+20.7,AB	+2.89,+232.5,+19.9,MB	
1699863992.3454192	+6.57,+14.8,+21.5,FA	+6.50,+23.3,+21.6,MA	+2.94,+229.6,+21.5,OB	+2.77,+239.4,+19.9,FB	+2.45,+258.4,+20.7,DB	+2.89,+232.4,+19.9,LB	
1699864237.9560475	+6.56,+14.9,+21.5,FA	+6.50,+23.2,+21.5,OA	+2.94,+229.5,+21.5,LB	+2.77,+239.4,+19.9,FB	+2.41,+260.4,+20.7,KB	+2.89,+232.3,+19.9,KB	
1699864299.9610553	+6.57,+14.5,+21.5,KA	+6.50,+23.2,+21.5,OA	+2.94,+229.4,+21.5,MB	+2.77,+239.6,+19.9,DB	+2.39,+261.5,+20.7,DB	+2.89,+232.5,+19.9,MB	
1699864361.9719667	+6.57,+14.5,+21.5,KA	+6.50,+23.2,+21.5,OA	+2.94,+229.6,+21.5,OB	+2.77,+239.4,+19.9,FB	+2.42,+260.3,+20.7,OB	+2.89,+232.5,+19.9,MB	
1699864423.9818192	+6.57,+14.8,+21.5,FA	+6.51,+23.2,+21.5,NA	+2.94,+229.5,+21.5,LB	+2.77,+239.4,+19.9,FB	+2.40,+261.0,+20.7,OB	+2.89,+232.5,+19.9,MB	
1699864485.9896858	+6.56,+14.9,+21.5,FA	+6.50,+23.2,+21.5,OA	+2.94,+229.6,+21.5,OB	+2.77,+239.4,+19.9,FB	+2.40,+261.4,+20.7,KB	+2.89,+232.5,+19.9,MB	
1699864547.99843	+6.57,+14.4,+21.5,JA	+6.51,+23.2,+21.5,NA	+2.94,+229.5,+21.5,LB	+2.77,+239.3,+19.9,AB	+2.39,+261.8,+20.7,IB	+2.89,+232.5,+19.9,MB	
1699864610.0060115	+6.57,+14.9,+21.5,GA	+6.50,+23.2,+21.5,OA	+2.94,+229.5,+21.5,LB	+2.77,+239.3,+19.9,AB	+2.37,+262.7,+20.7,KB	+2.89,+232.5,+19.9,MB	
1699864672.0163789	+6.58,+14.2,+21.5,CA	+6.50,+23.2,+21.5,OA	+2.94,+229.5,+21.5,LB	+2.78,+239.2,+19.9,OB	+2.40,+261.1,+20.7,NB	+2.89,+232.4,+19.9,LB	
1699864734.0231187	+6.58,+14.3,+21.5,BA	+6.51,+23.2,+21.5,NA	+2.94,+229.6,+21.5,OB	+2.77,+239.3,+19.9,AB	+2.41,+260.6,+20.7,IB	+2.89,+232.5,+19.9,MB	
1699864796.032789	+6.57,+14.8,+21.5,FA	+6.51,+23.1,+21.5,MA	+2.94,+229.6,+21.5,OB	+2.77,+239.3,+19.9,AB	+2.40,+261.1,+20.7,NB	+2.89,+232.5,+19.9,MB	
1699864858.0414956	+6.58,+14.1,+21.5,@A	+6.51,+23.1,+21.5,MA	+2.94,+229.5,+21.5,LB	+2.77,+239.3,+19.9,AB	+2.39,+261.9,+20.7,HB	+2.89,+232.5,+19.9,MB	
1699864920.0506876	+6.57,+14.7,+21.5,IA	+6.51,+23.1,+21.6,NA	+2.94,+229.6,+21.5,OB	+2.77,+239.4,+19.9,FB	+2.38,+262.4,+20.7,GB	+2.89,+232.5,+19.9,MB	
1699864982.0593028	+6.58,+14.2,+21.5,CA	+6.51,+23.1,+21.5,MA	+2.94,+229.5,+21.5,LB	+2.77,+239.3,+19.9,AB	+2.38,+262.3,+20.7,@B	+2.89,+232.5,+19.9,MB	
1699865044.066927	+6.57,+14.7,+21.5,IA	+6.51,+23.1,+21.5,MA	+2.94,+229.5,+21.5,LB	+2.77,+239.3,+19.9,AB	+2.39,+261.7,+20.7,FB	+2.89,+232.5,+19.9,MB	
1699865106.0766768	+6.58,+13.9,+21.5,OA	+6.51,+23.1,+21.5,MA	+2.94,+229.5,+21.5,LB	+2.78,+239.1,+19.9,LB	+2.40,+261.4,+20.7,KB	+2.89,+232.5,+19.9,MB	
1699865168.082745	+6.57,+14.5,+21.5,KA	+6.51,+23.1,+21.5,MA	+2.94,+229.6,+21.5,OB	+2.78,+239.0,+19.9,MB	+2.42,+260.0,+20.7,LB	+2.89,+232.5,+19.9,MB	
1699865230.0928268	+6.57,+14.5,+21.5,KA	+6.51,+23.1,+21.6,NA	+2.94,+229.6,+21.5,OB	+2.78,+238.9,+19.9,EB	+2.45,+258.5,+20.7,EB	+2.89,+232.5,+19.9,MB	
1699865292.1036458	+6.57,+14.5,+21.5,KA	+6.51,+23.1,+21.5,MA	+2.94,+229.5,+21.5,LB	+2.78,+238.9,+19.9,EB	+2.44,+259.0,+20.7,@B	+2.89,+232.5,+19.9,MB	
1699865354.1122143	+6.57,+14.4,+21.5,JA	+6.51,+23.1,+21.5,MA	+2.94,+229.6,+21.5,OB	+2.78,+239.0,+19.9,MB	+2.42,+260.1,+20.7,MB	+2.89,+232.5,+19.9,MB	
1699865416.122137	+6.58,+14.1,+21.5,@A	+6.51,+23.1,+21.5,MA	+2.94,+229.6,+21.5,OB	+2.78,+238.9,+19.9,EB	+2.41,+260.5,+20.7,JB	+2.89,+232.5,+19.9,MB	
1699865478.1329856	+6.57,+14.3,+21.5,MA	+6.51,+23.1,+21.5,MA	+2.94,+229.6,+21.5,OB	+2.78,+238.9,+19.9,EB	+2.40,+261.0,+20.7,OB	+2.89,+232.5,+19.9,MB	
1699865540.1414185	+6.58,+14.2,+21.5,CA	+6.51,+23.1,+21.5,MA	+2.94,+229.6,+21.5,OB	+2.78,+238.9,+19.9,EB	+2.40,+261.1,+20.7,NB	+2.89,+232.5,+19.9,MB	
1699865602.1512475	+6.57,+14.4,+21.5,JA	+6.51,+23.0,+21.5,LA	+2.94,+229.6,+21.5,OB	+2.78,+238.8,+19.9,DB	+2.43,+259.2,+20.7,EB	+2.89,+232.5,+19.9,MB	
1699865664.1585968	+6.58,+13.8,+21.5,NA	+6.51,+23.0,+21.5,LA	+2.94,+229.5,+21.5,LB	+2.78,+238.9,+19.9,EB	+2.45,+258.5,+20.7,EB	+2.89,+232.5,+19.9,MB	
1699865726.1690392	+6.58,+13.7,+21.5,AA	+6.51,+23.1,+21.5,MA	+2.94,+229.6,+21.5,OB	+2.78,+238.8,+19.9,DB	+2.47,+257.4,+20.7,IB	+2.89,+232.5,+19.9,MB	
1699865788.181391	+6.58,+14.0,+21.5,AA	+6.51,+23.0,+21.5,LA	+2.94,+229.6,+21.5,OB	+2.78,+238.8,+19.9,DB	+2.45,+258.2,+20.7,BB	+2.89,+232.5,+19.9,MB	
1699865850.1881602	+6.57,+14.3,+21.5,MA	+6.51,+23.0,+21.5,LA	+2.94,+229.5,+21.5,LB	+2.78,+238.8,+19.9,DB	+2.43,+259.4,+20.7,CB	+2.89,+232.5,+19.9,MB	
1699865912.198083	+6.58,+14.2,+21.5,CA	+6.51,+23.0,+21.5,LA	+2.94,+229.5,+21.5,LB	+2.78,+238.8,+19.9,DB	+2.42,+260.3,+20.7,OB	+2.89,+232.5,+19.9,MB	
1699865974.208025	+6.58,+14.2,+21.5,CA	+6.51,+23.0,+21.5,LA	+2.94,+229.6,+21.5,OB	+2.78,+238.6,+19.9,JB	+2.40,+261.2,+20.7,MB	+2.89,+232.6,+19.9,NB	
1699866036.2161415	+6.58,+13.9,+21.5,OA	+6.51,+23.0,+21.5,LA	+2.94,+229.5,+21.5,LB	+2.78,+238.7,+19.9,KB	+2.40,+261.2,+20.7,MB	+2.89,+232.5,+19.9,MB	
1699866098.2239728	+6.58,+14.1,+21.5,@A	+6.51,+23.0,+21.5,LA	+2.94,+229.5,+21.5,LB	+2.78,+238.8,+19.9,DB	+2.41,+260.8,+20.7,GB	+2.89,+232.5,+19.8,LB	
1699866160.2315981	+6.58,+14.0,+21.5,AA	+6.51,+23.0,+21.5,LA	+2.94,+229.5,+21.5,LB	+2.78,+238.8,+19.9,DB	+2.45,+258.3,+20.7,CB	+2.89,+232.5,+19.9,MB	
1699866222.2416983	+6.59,+13.4,+21.5,CA	+6.51,+23.0,+21.5,LA	+2.94,+229.6,+21.5,OB	+2.78,+238.9,+19.9,EB	+2.44,+258.8,+20.7,IB	+2.89,+232.5,+19.9,MB	
1699866284.2518895	+6.58,+14.0,+21.5,AA	+6.51,+22.9,+21.5,DA	+2.94,+229.6,+21.5,OB	+2.78,+238.9,+19.9,EB	+2.44,+259.1,+20.7,AB	+2.89,+232.5,+19.9,MB	
1699866346.260233	+6.58,+13.9,+21.5,OA	+6.51,+23.0,+21.5,LA	+2.94,+229.6,+21.5,OB	+2.78,+238.9,+19.9,EB	+2.44,+258.9,+20.7,HB	+2.89,+232.6,+19.9,NB	
1699866408.2709904	+6.58,+13.8,+21.5,NA	+6.51,+22.9,+21.5,DA	+2.94,+229.5,+21.5,LB	+2.78,+239.0,+19.9,MB	+2.44,+259.1,+20.7,AB	+2.89,+232.6,+19.9,NB	
1699866470.2791157	+6.58,+14.0,+21.5,AA	+6.51,+22.9,+21.5,DA	+2.94,+229.5,+21.5,LB	+2.78,+238.9,+19.9,EB	+2.43,+259.5,+20.7,BB	+2.89,+232.5,+19.9,MB	
1699866532.289299	+6.59,+13.3,+21.5,DA	+6.51,+22.9,+21.5,DA	+2.94,+229.6,+21.5,OB	+2.78,+239.0,+19.9,MB	+2.42,+260.1,+20.7,MB	+2.89,+232.5,+19.9,MB	
1699866594.3002443	+6.58,+13.9,+21.5,OA	+6.51,+22.9,+21.5,DA	+2.94,+229.5,+21.5,LB	+2.78,+239.0,+19.9,MB	+2.42,+260.1,+20.7,MB	+2.89,+232.5,+19.9,MB	
1699866656.3074944	+6.59,+13.3,+21.5,DA	+6.51,+22.9,+21.5,DA	+2.94,+229.6,+21.5,OB	+2.78,+238.9,+19.9,EB	+2.41,+260.5,+20.7,JB	+2.89,+232.5,+19.9,MB	
1699866718.3163526	+6.57,+14.4,+21.5,JA	+6.51,+22.9,+21.6,GA	+2.94,+229.5,+21.5,LB	+2.78,+239.0,+19.9,MB	+2.41,+260.4,+20.7,KB	+2.89,+232.5,+19.9,MB	
1699866780.323176	+6.58,+14.1,+21.5,@A	+6.51,+22.9,+21.5,DA	+2.94,+229.5,+21.5,LB	+2.78,+239.0,+19.9,MB	+2.41,+260.3,+20.7,LB	+2.89,+232.6,+19.9,NB	
1699866842.3317292	+6.58,+14.0,+21.5,AA	+6.51,+22.9,+21.5,DA	+2.94,+229.5,+21.5,LB	+2.78,+239.0,+19.9,MB	+2.40,+261.0,+20.7,OB	+2.89,+232.5,+19.9,MB	
1699866904.3425193	+6.58,+13.8,+21.5,NA	+6.51,+22.9,+21.5,DA	+2.94,+229.5,+21.5,LB	+2.78,+239.0,+19.9,MB	+2.39,+261.5,+20.7,DB	+2.89,+232.5,+19.9,MB	
1699866966.350986	+6.59,+13.7,+21.4,AA	+6.51,+22.9,+21.5,DA	+2.94,+229.5,+21.5,LB	+2.78,+239.1,+19.9,LB	+2.41,+260.4,+20.7,KB	+2.89,+232.5,+19.9,MB	
1699867028.3618762	+6.59,+13.1,+21.5,FA	+6.51,+22.9,+21.5,DA	+2.94,+229.5,+21.5,LB	+2.78,+239.1,+19.9,LB	+2.42,+260.0,+20.7,LB	+2.89,+232.5,+19.9,MB	
1699867090.3722856	+6.59,+13.5,+21.5,BA	+6.51,+22.8,+21.5,EA	+2.94,+229.6,+21.5,OB	+2.78,+239.1,+19.9,LB	+2.41,+260.6,+20.7,IB	+2.89,+232.6,+19.9,NB	
1699867152.3823757	+6.59,+13.4,+21.5,CA	+6.51,+22.8,+21.5,EA	+2.94,+229.6,+21.5,OB	+2.77,+239.2,+19.9,@B	+2.39,+261.6,+20.7,GB	+2.89,+232.6,+19.9,NB	
1699867214.3923085	+6.60,+12.9,+21.5,EA	+6.51,+22.8,+21.5,EA	+2.94,+229.6,+21.5,OB	+2.78,+239.1,+19.9,LB	+2.38,+262.2,+20.7,AB	+2.89,+232.6,+19.9,NB	
1699867276.4013126	+6.58,+14.1,+21.5,@A	+6.51,+22.9,+21.5,DA	+2.94,+229.5,+21.5,LB	+2.78,+239.1,+19.9,LB	+2.40,+261.4,+20.7,KB	+2.89,+232.5,+19.9,MB	
1699867338.4124062	+6.57,+14.6,+21.5,HA	+6.51,+22.8,+21.5,EA	+2.94,+229.6,+21.5,OB	+2.78,+239.1,+19.9,LB	+2.40,+261.0,+20.7,OB	+2.89,+232.6,+19.9,NB	
1699867400.42187	+6.58,+13.9,+21.5,OA	+6.51,+22.9,+21.5,DA	+2.94,+229.5,+21.5,LB	+2.78,+239.0,+19.9,MB	+2.39,+261.8,+20.7,IB	+2.89,+232.5,+19.9,MB	
1699867462.4306958	+6.60,+13.1,+21.5,LA	+6.51,+22.8,+21.5,EA	+2.94,+229.5,+21.5,LB	+2.78,+239.0,+19.9,MB	+2.39,+261.5,+20.7,DB	+2.89,+232.5,+19.8,LB	
1699867524.440509	+6.59,+13.3,+21.5,DA	+6.51,+22.8,+21.5,EA	+2.94,+229.6,+21.5,OB	+2.78,+239.0,+19.9,MB	+2.38,+262.2,+20.7,AB	+2.89,+232.5,+19.9,MB	
1699867586.4501112	+6.59,+13.2,+21.5,EA	+6.51,+22.8,+21.5,EA	+2.94,+229.5,+21.5,LB	+2.78,+239.1,+19.9,LB	+2.37,+263.0,+20.7,MB	+2.89,+232.6,+19.9,NB	
1699867648.461692	+6.61,+12.5,+21.4,IA	+6.51,+22.9,+21.5,DA	+2.94,+229.5,+21.5,LB	+2.78,+239.1,+19.9,LB	+2.37,+262.8,+20.7,DB	+2.89,+232.5,+19.9,MB	
1699867710.471315	+6.61,+12.5,+21.5,HA	+6.51,+22.8,+21.5,EA	+2.94,+229.5,+21.5,LB	+2.78,+239.1,+19.9,LB	+2.42,+260.3,+20.7,OB	+2.89,+232.5,+19.9,MB	
1699867772.481889	+6.61,+12.4,+21.4,HA	+6.51,+22.8,+21.5,EA	+2.94,+229.5,+21.5,LB	+2.78,+239.1,+19.9,LB	+2.41,+260.5,+20.7,JB	+2.89,+232.5,+19.9,MB	
1699867834.492389	+6.60,+12.9,+21.5,EA	+6.51,+22.8,+21.5,EA	+2.94,+229.5,+21.5,LB	+2.78,+238.9,+19.9,EB	+2.41,+260.3,+20.7,LB	+2.89,+232.5,+19.9,MB	
1699868080.092798	+6.62,+11.9,+21.5,DA	+6.51,+22.8,+21.5,EA	+2.94,+229.5,+21.5,LB	+2.78,+238.8,+19.9,DB	+2.44,+258.7,+20.7,FB	+2.89,+232.4,+19.8,MB	
1699868142.0994508	+6.61,+12.2,+21.5,OA	+6.51,+22.8,+21.5,EA	+2.94,+229.5,+21.5,LB	+2.78,+238.7,+19.9,KB	+2.45,+258.1,+20.7,AB	+2.89,+232.5,+19.9,MB	
1699868204.1103306	+6.62,+11.9,+21.5,DA	+6.51,+22.8,+21.5,EA	+2.94,+229.6,+21.5,OB	+2.78,+238.8,+19.9,DB	+2.43,+259.3,+20.7,DB	+2.89,+232.6,+19.9,NB	
1699868266.119178	+6.61,+12.2,+21.5,OA	+6.51,+22.8,+21.5,EA	+2.94,+229.5,+21.5,LB	+2.78,+238.8,+19.9,DB	+2.42,+259.9,+20.7,OB	+2.89,+232.5,+19.9,MB	
1699868328.128772	+6.61,+12.1,+21.4,MA	+6.51,+22.7,+21.5,JA	+2.94,+229.5,+21.5,LB	+2.78,+238.8,+19.9,DB	+2.42,+260.2,+20.7,NB	+2.89,+232.6,+19.9,NB	
1699868390.1387496	+6.62,+11.9,+21.4,EA	+6.51,+22.8,+21.5,EA	+2.94,+229.5,+21.5,LB	+2.78,+238.8,+19.9,DB	+2.43,+259.7,+20.7,@B	+2.89,+232.6,+19.9,NB	
1699868452.1499033	+6.62,+11.6,+21.4,JA	+6.51,+22.7,+21.5,JA	+2.94,+229.5,+21.5,LB	+2.78,+238.8,+19.9,DB	+2.45,+258.3,+20.7,CB	+2.89,+232.5,+19.9,MB	
1699868514.1572027	+6.61,+12.0,+21.5,MA	+6.51,+22.7,+21.5,JA	+2.94,+229.6,+21.5,OB	+2.78,+238.9,+19.9,EB	+2.46,+257.8,+20.7,DB	+2.89,+232.5,+19.9,MB	
1699868576.166451	+6.62,+11.6,+21.4,JA	+6.51,+22.7,+21.5,JA	+2.94,+229.5,+21.5,LB	+2.78,+238.9,+19.9,EB	+2.45,+258.3,+20.7,CB	+2.89,+232.6,+19.9,NB	
1699868638.1769695	+6.62,+11.7,+21.5,JA	+6.51,+22.7,+21.5,JA	+2.94,+229.5,+21.5,LB	+2.78,+238.9,+19.9,EB	+2.45,+258.0,+20.7,@B	+2.89,+232.6,+19.9,NB	
1699868700.1859694	+6.62,+12.0,+21.4,OA	+6.51,+22.7,+21.5,JA	+2.94,+229.6,+21.5,OB	+2.78,+239.0,+19.9,MB	+2.46,+257.4,+20.7,HB	+2.89,+232.5,+19.8,LB	
1699868762.1971543	+6.62,+11.9,+21.5,DA	+6.51,+22.7,+21.5,JA	+2.94,+229.6,+21.5,OB	+2.78,+238.9,+19.9,EB	+2.47,+257.3,+20.7,NB	+2.89,+232.5,+19.8,LB	
1699868824.2058876	+6.62,+11.8,+21.4,DA	+6.51,+22.7,+21.5,JA	+2.94,+229.6,+21.5,OB	+2.78,+238.9,+19.9,EB	+2.48,+256.5,+20.7,FB	+2.89,+232.5,+19.8,LB	
1699868886.2149312	+6.62,+11.8,+21.5,EA	+6.51,+22.7,+21.5,JA	+2.94,+229.6,+21.5,OB	+2.78,+238.8,+19.9,DB	+2.49,+255.8,+20.7,IB	+2.89,+232.6,+19.9,NB	
1699868948.2250903	+6.62,+11.6,+21.4,JA	+6.51,+22.6,+21.5,KA	+2.94,+229.6,+21.5,OB	+2.78,+238.9,+19.9,EB	+2.50,+255.2,+20.6,JB	+2.89,+232.5,+19.9,MB	
1699869010.2345467	+6.63,+11.3,+21.4,NA	+6.51,+22.6,+21.5,KA	+2.94,+229.5,+21.5,LB	+2.78,+238.9,+19.9,EB	+2.50,+255.1,+20.7,HB	+2.89,+232.6,+19.8,OB	
1699869072.2443602	+6.62,+11.6,+21.5,KA	+6.51,+22.6,+21.5,KA	+2.94,+229.6,+21.5,OB	+2.78,+239.0,+19.9,MB	+2.49,+255.7,+20.7,FB	+2.89,+232.5,+19.9,MB	
1699869134.254517	+6.63,+11.2,+21.4,OA	+6.51,+22.6,+21.5,KA	+2.94,+229.5,+21.5,LB	+2.78,+239.0,+19.9,MB	+2.48,+256.3,+20.7,@B	+2.89,+232.5,+19.9,MB	
1699869196.2662427	+6.63,+11.3,+21.4,NA	+6.51,+22.7,+21.5,JA	+2.94,+229.5,+21.5,LB	+2.78,+239.0,+19.9,MB	+2.48,+256.4,+20.7,GB	+2.89,+232.6,+19.8,OB	
1699869258.275274	+6.63,+11.2,+21.4,OA	+6.51,+22.6,+21.5,KA	+2.94,+229.5,+21.5,LB	+2.78,+239.0,+19.9,MB	+2.48,+256.7,+20.7,DB	+2.89,+232.5,+19.8,LB	
1699869320.2858245	+6.63,+11.4,+21.4,IA	+6.51,+22.6,+21.5,KA	+2.94,+229.5,+21.5,LB	+2.78,+238.8,+19.9,DB	+2.49,+256.1,+20.7,CB	+2.89,+232.5,+19.8,LB	
1699869382.2951503	+6.63,+11.4,+21.4,IA	+6.52,+22.6,+21.5,HA	+2.94,+229.5,+21.5,LB	+2.78,+238.6,+19.9,JB	+2.49,+255.9,+20.7,HB	+2.89,+232.6,+19.8,OB	
1699869444.30259	+6.62,+11.5,+21.4,IA	+6.52,+22.6,+21.5,HA	+2.94,+229.5,+21.5,LB	+2.79,+238.5,+19.9,HB	+2.55,+252.5,+20.7,NB	+2.89,+232.6,+19.8,OB	
1699869506.3125231	+6.60,+13.0,+21.4,LA	+6.52,+22.6,+21.5,HA	+2.94,+229.6,+21.5,OB	+2.79,+238.5,+19.9,HB	+2.54,+253.3,+20.7,HB	+2.89,+232.6,+19.8,OB	
1699869568.323134	+6.61,+12.2,+21.4,NA	+6.51,+22.6,+21.5,KA	+2.94,+229.5,+21.5,LB	+2.79,+238.5,+19.9,HB	+2.50,+255.4,+20.7,MB	+2.89,+232.5,+19.8,LB	
1699869630.3316274	+6.62,+11.7,+21.4,KA	+6.52,+22.5,+21.5,KA	+2.94,+229.5,+21.5,LB	+2.79,+238.5,+19.9,HB	+2.50,+255.6,+20.6,NB	+2.89,+232.5,+19.8,LB	
1699869692.3404286	+6.62,+11.4,+21.4,HA	+6.52,+22.5,+21.5,KA	+2.94,+229.6,+21.5,OB	+2.79,+238.5,+19.9,HB	+2.48,+256.3,+20.7,@B	+2.89,+232.5,+19.8,LB	
1699869754.3487957	+6.63,+11.1,+21.4,LA	+6.52,+22.5,+21.5,KA	+2.94,+229.5,+21.5,LB	+2.79,+238.4,+19.9,IB	+2.48,+256.8,+20.6,JB	+2.89,+232.5,+19.8,LB	
1699869816.3588097	+6.63,+11.0,+21.4,MA	+6.52,+22.5,+21.5,KA	+2.94,+229.6,+21.5,OB	+2.79,+238.4,+19.9,IB	+2.48,+256.6,+20.7,EB	+2.89,+232.5,+19.8,LB	
1699869878.3650532	+6.63,+11.4,+21.4,IA	+6.52,+22.4,+21.5,JA	+2.94,+229.5,+21.5,LB	+2.79,+238.5,+19.9,HB	+2.49,+255.7,+20.7,FB	+2.89,+232.5,+19.8,LB	
1699869940.3758066	+6.63,+11.3,+21.4,NA	+6.52,+22.4,+21.5,JA	+2.94,+229.5,+21.5,LB	+2.79,+238.5,+19.9,HB	+2.52,+254.5,+20.7,OB	+2.89,+232.5,+19.8,LB	
1699870002.385572	+6.63,+11.4,+21.4,IA	+6.52,+22.4,+21.5,JA	+2.94,+229.5,+21.5,LB	+2.79,+238.5,+19.9,HB	+2.52,+254.1,+20.7,KB	+2.89,+232.5,+19.8,LB	
1699870064.3943937	+6.63,+11.1,+21.4,LA	+6.52,+22.4,+21.5,JA	+2.94,+229.6,+21.5,OB	+2.78,+238.7,+19.8,JB	+2.54,+253.1,+20.7,JB	+2.89,+232.4,+19.8,MB	
1699870126.402647	+6.62,+11.5,+21.4,IA	+6.52,+22.4,+21.5,JA	+2.94,+229.6,+21.5,OB	+2.78,+238.7,+19.9,KB	+2.53,+253.7,+20.6,JB	+2.89,+232.5,+19.8,LB	
1699870188.4130578	+6.62,+11.5,+21.5,HA	+6.52,+22.4,+21.5,JA	+2.94,+229.5,+21.5,LB	+2.78,+238.6,+19.9,JB	+2.52,+254.4,+20.7,NB	+2.89,+232.5,+19.8,LB	
1699870250.4215655	+6.63,+11.0,+21.4,MA	+6.52,+22.4,+21.5,JA	+2.94,+229.5,+21.5,LB	+2.78,+238.6,+19.9,JB	+2.51,+254.7,+20.7,NB	+2.89,+232.5,+19.8,LB	
1699870312.42857	+6.64,+10.8,+21.4,CA	+6.52,+22.3,+21.5,MA	+2.94,+229.6,+21.5,OB	+2.78,+238.7,+19.9,KB	+2.51,+255.1,+20.7,IB	+2.89,+232.5,+19.8,LB	
1699870374.436991	+6.64,+10.6,+21.4,MA	+6.52,+22.3,+21.5,MA	+2.94,+229.6,+21.5,OB	+2.78,+238.7,+19.9,KB	+2.51,+254.7,+20.7,NB	+2.89,+232.5,+19.8,LB	
1699870436.4472134	+6.64,+10.4,+21.4,OA	+6.52,+22.2,+21.5,LA	+2.94,+229.5,+21.5,LB	+2.78,+238.7,+19.9,KB	+2.52,+254.1,+20.7,KB	+2.89,+232.5,+19.8,LB	
1699870498.4579587	+6.63,+11.1,+21.4,LA	+6.52,+22.3,+21.5,MA	+2.94,+229.6,+21.5,OB	+2.78,+238.7,+19.9,KB	+2.54,+252.9,+20.7,CB	+2.89,+232.5,+19.9,MB	
1699870560.4673674	+6.64,+10.6,+21.4,MA	+6.52,+22.3,+21.5,MA	+2.94,+229.5,+21.5,LB	+2.78,+238.8,+19.9,DB	+2.54,+252.9,+20.7,CB	+2.89,+232.5,+19.9,MB	
1699870622.4779792	+6.64,+10.7,+21.5,MA	+6.52,+22.3,+21.5,MA	+2.94,+229.6,+21.5,OB	+2.78,+238.7,+19.9,KB	+2.54,+253.0,+20.7,KB	+2.89,+232.5,+19.9,MB	
1699870684.484023	+6.63,+11.1,+21.4,LA	+6.52,+22.2,+21.5,LA	+2.94,+229.5,+21.5,LB	+2.78,+238.6,+19.9,JB	+2.55,+252.6,+20.7,MB	+2.89,+232.5,+19.8,LB	
1699870746.4890761	+6.63,+10.8,+21.5,EA	+6.52,+22.2,+21.5,LA	+2.94,+229.5,+21.5,LB	+2.78,+238.7,+19.9,KB	+2.55,+252.5,+20.7,NB	+2.89,+232.5,+19.8,LB	
1699870808.4997048	+6.64,+10.7,+21.4,LA	+6.52,+22.2,+21.5,LA	+2.94,+229.6,+21.5,OB	+2.78,+238.7,+19.9,KB	+2.58,+250.8,+20.7,LB	+2.89,+232.5,+19.8,LB	
1699870870.5098927	+6.63,+11.0,+21.5,LA	+6.52,+22.2,+21.5,LA	+2.94,+229.6,+21.5,OB	+2.78,+238.8,+19.9,DB	+2.58,+250.6,+20.7,BB	+2.89,+232.6,+19.8,OB	
1699870932.5167246	+6.64,+10.4,+21.4,OA	+6.52,+22.1,+21.5,OA	+2.94,+229.5,+21.5,LB	+2.78,+238.7,+19.9,KB	+2.57,+251.4,+20.7,NB	+2.89,+232.5,+19.8,LB	
1699870994.5261486	+6.63,+10.9,+21.4,EA	+6.52,+22.1,+21.5,OA	+2.94,+229.5,+21.5,LB	+2.78,+238.8,+19.9,DB	+2.56,+252.0,+20.7,HB	+2.89,+232.5,+19.9,MB	
1699871056.5322738	+6.62,+11.9,+21.5,DA	+6.52,+22.1,+21.5,OA	+2.94,+229.5,+21.5,LB	+2.78,+238.8,+19.9,DB	+2.55,+252.6,+20.7,MB	+2.89,+232.5,+19.9,MB	
1699871118.5426404	+6.63,+11.0,+21.4,MA	+6.52,+22.1,+21.5,OA	+2.94,+229.6,+21.5,OB	+2.78,+238.8,+19.9,DB	+2.56,+252.0,+20.7,HB	+2.89,+232.5,+19.8,LB	
1699871180.5520146	+6.64,+10.7,+21.4,LA	+6.52,+22.1,+21.5,OA	+2.94,+229.5,+21.5,LB	+2.78,+238.7,+19.9,KB	+2.55,+252.5,+20.7,NB	+2.89,+232.5,+19.9,MB	
1699871242.561808	+6.64,+10.5,+21.4,NA	+6.52,+22.1,+21.5,OA	+2.94,+229.5,+21.5,LB	+2.78,+238.7,+19.9,KB	+2.55,+252.4,+20.7,OB	+2.89,+232.5,+19.9,MB	
1699871304.5680766	+6.64,+10.8,+21.4,CA	+6.52,+22.1,+21.5,OA	+2.94,+229.5,+21.5,LB	+2.78,+238.7,+19.9,KB	+2.56,+251.9,+20.7,BB	+2.89,+232.6,+19.8,OB	
1699871366.5763688	+6.64,+10.8,+21.5,BA	+6.53,+22.0,+21.5,OA	+2.94,+229.6,+21.5,OB	+2.78,+238.8,+19.9,DB	+2.56,+251.7,+20.7,LB	+2.89,+232.6,+19.8,OB	
1699871428.5877578	+6.65,+10.2,+21.4,HA	+6.52,+22.0,+21.5,NA	+2.94,+229.6,+21.5,OB	+2.78,+238.8,+19.9,DB	+2.58,+250.8,+20.7,LB	+2.89,+232.6,+19.8,OB	
1699871490.5965536	+6.65,+10.1,+21.4,KA	+6.53,+22.0,+21.5,OA	+2.94,+229.6,+21.5,OB	+2.78,+238.8,+19.9,DB	+2.57,+251.6,+20.7,LB	+2.89,+232.6,+19.8,OB	
1699871552.607402	+6.64,+10.3,+21.4,HA	+6.53,+22.0,+21.5,OA	+2.94,+229.5,+21.5,LB	+2.78,+238.9,+19.9,EB	+2.55,+252.3,+20.7,HB	+2.89,+232.5,+19.8,LB	
1699871614.6176233	+6.64,+10.5,+21.4,NA	+6.53,+21.9,+21.5,EA	+2.94,+229.5,+21.5,LB	+2.78,+238.9,+19.9,EB	+2.56,+252.0,+20.7,HB	+2.89,+232.5,+19.8,LB	
1699871676.6293972	+6.65,+10.2,+21.4,HA	+6.53,+21.9,+21.5,EA	+2.94,+229.5,+21.5,LB	+2.78,+239.1,+19.9,LB	+2.56,+251.8,+20.7,CB	+2.89,+232.5,+19.8,LB	
1699871922.2042115	+6.64,+10.4,+21.4,OA	+6.53,+21.9,+21.5,EA	+2.94,+229.5,+21.5,LB	+2.78,+239.0,+19.9,MB	+2.55,+252.3,+20.7,HB	+2.89,+232.4,+19.9,LB	
1699871984.2063813	+6.64,+10.5,+21.4,NA	+6.53,+21.8,+21.5,DA	+2.94,+229.5,+21.5,LB	+2.78,+239.1,+19.9,LB	+2.54,+253.0,+20.6,JB	+2.89,+232.5,+19.9,MB	
1699872046.215325	+6.64,+10.3,+21.4,HA	+6.53,+21.8,+21.5,DA	+2.94,+229.5,+21.5,LB	+2.77,+239.2,+19.9,@B	+2.54,+253.0,+20.7,KB	+2.89,+232.5,+19.8,LB	
1699872108.2206993	+6.64,+10.7,+21.4,LA	+6.53,+21.8,+21.5,DA	+2.94,+229.5,+21.5,LB	+2.77,+239.3,+19.9,AB	+2.53,+253.7,+20.7,KB	+2.89,+232.5,+19.8,LB	
1699872170.2295058	+6.63,+11.3,+21.4,NA	+6.53,+21.8,+21.5,DA	+2.94,+229.6,+21.5,OB	+2.77,+239.3,+19.9,AB	+2.52,+254.1,+20.7,KB	+2.89,+232.6,+19.8,OB	
1699872232.2389596	+6.64,+10.7,+21.4,LA	+6.53,+21.7,+21.5,KA	+2.94,+229.6,+21.5,OB	+2.77,+239.3,+19.9,AB	+2.52,+254.5,+20.7,OB	+2.89,+232.5,+19.9,MB	
1699872294.2468238	+6.63,+10.9,+21.4,EA	+6.53,+21.7,+21.5,KA	+2.94,+229.6,+21.5,OB	+2.77,+239.4,+19.9,FB	+2.49,+255.8,+20.7,IB	+2.89,+232.6,+19.8,OB	
1699872356.2569103	+6.64,+10.4,+21.4,OA	+6.53,+21.7,+21.5,KA	+2.94,+229.6,+21.5,OB	+2.77,+239.4,+19.9,FB	+2.48,+256.3,+20.7,@B	+2.89,+232.5,+19.8,LB	
1699872418.2651196	+6.64,+10.4,+21.4,OA	+6.53,+21.7,+21.5,KA	+2.94,+229.5,+21.5,LB	+2.77,+239.3,+19.9,AB	+2.49,+256.1,+20.7,CB	+2.89,+232.6,+19.9,NB	
1699872480.267566	+6.64,+10.6,+21.4,MA	+6.53,+21.7,+21.5,KA	+2.94,+229.5,+21.5,LB	+2.77,+239.2,+19.9,@B	+2.48,+256.3,+20.7,@B	+2.89,+232.5,+19.8,LB	
1699872542.278851	+6.65,+10.0,+21.4,JA	+6.53,+21.6,+21.5,JA	+2.94,+229.5,+21.5,LB	+2.77,+239.2,+19.9,@B	+2.47,+257.2,+20.6,NB	+2.89,+232.6,+19.9,NB	
1699872604.287452	+6.65,+10.1,+21.4,KA	+6.53,+21.6,+21.5,JA	+2.94,+229.5,+21.5,LB	+2.77,+239.2,+19.9,@B	+2.48,+256.4,+20.6,FB	+2.89,+232.6,+19.8,OB	
1699872666.2975943	+6.64,+10.4,+21.4,OA	+6.53,+21.6,+21.5,JA	+2.94,+229.5,+21.5,LB	+2.77,+239.2,+19.9,@B	+2.47,+256.9,+20.7,EB	+2.89,+232.6,+19.8,OB	
1699872728.3060436	+6.64,+10.3,+21.4,HA	+6.53,+21.6,+21.5,JA	+2.94,+229.6,+21.5,OB	+2.77,+239.1,+19.9,CB	+2.47,+257.2,+20.6,NB	+2.89,+232.5,+19.8,LB	
1699872790.3135984	+6.65,+10.2,+21.4,HA	+6.53,+21.6,+21.5,JA	+2.94,+229.5,+21.5,LB	+2.77,+239.2,+19.9,@B	+2.47,+257.1,+20.7,LB	+2.89,+232.6,+19.8,OB	
1699872852.322582	+6.65,+10.2,+21.4,HA	+6.53,+21.6,+21.5,JA	+2.94,+229.6,+21.5,OB	+2.77,+239.2,+19.9,@B	+2.47,+257.0,+20.7,MB	+2.89,+232.5,+19.9,MB	
1699872914.331172	+6.64,+10.4,+21.4,OA	+6.53,+21.5,+21.5,IA	+2.94,+229.6,+21.5,OB	+2.78,+239.0,+19.9,MB	+2.50,+255.1,+20.7,HB	+2.89,+232.5,+19.8,LB	
1699872976.340068	+6.64,+10.5,+21.4,NA	+6.53,+21.6,+21.5,JA	+2.94,+229.6,+21.5,OB	+2.78,+239.0,+19.9,MB	+2.50,+255.3,+20.6,KB	+2.89,+232.5,+19.8,LB	
1699873038.3452384	+6.64,+10.6,+21.4,MA	+6.53,+21.5,+21.5,IA	+2.94,+229.6,+21.5,OB	+2.77,+239.1,+19.9,CB	+2.51,+254.7,+20.7,NB	+2.89,+232.5,+19.8,LB	
1699873100.3541856	+6.63,+10.9,+21.4,EA	+6.53,+21.5,+21.5,IA	+2.94,+229.6,+21.5,OB	+2.77,+239.2,+19.9,@B	+2.51,+254.9,+20.6,AB	+2.89,+232.5,+19.8,LB	
1699873162.3643746	+6.64,+10.5,+21.4,NA	+6.53,+21.5,+21.5,IA	+2.94,+229.6,+21.5,OB	+2.77,+239.3,+19.9,AB	+2.53,+253.9,+20.7,EB	+2.89,+232.5,+19.8,LB	
1699873224.363693	+6.64,+10.4,+21.4,OA	+6.54,+21.4,+21.5,OA	+2.94,+229.5,+21.5,LB	+2.77,+239.3,+19.9,AB	+2.52,+254.2,+20.7,HB	+2.89,+232.6,+19.8,OB	
1699873286.3427956	+6.63,+11.1,+21.4,LA	+6.54,+21.4,+21.5,OA	+2.94,+229.5,+21.5,LB	+2.78,+239.1,+19.9,LB	+2.52,+254.0,+20.7,JB	+2.89,+232.5,+19.9,MB	
1699873348.3533063	+6.64,+10.8,+21.4,CA	+6.54,+21.4,+21.5,OA	+2.94,+229.5,+21.5,LB	+2.78,+239.1,+19.9,LB	+2.52,+254.2,+20.7,HB	+2.89,+232.6,+19.8,OB	
1699873410.361455	+6.64,+10.5,+21.4,NA	+6.54,+21.3,+21.5,HA	+2.94,+229.6,+21.5,OB	+2.78,+239.1,+19.9,LB	+2.53,+253.9,+20.7,EB	+2.89,+232.5,+19.9,MB	
1699873472.3704734	+6.63,+10.9,+21.4,EA	+6.54,+21.4,+21.5,OA	+2.94,+229.5,+21.5,LB	+2.77,+239.2,+19.9,@B	+2.53,+253.8,+20.6,EB	+2.89,+232.5,+19.8,LB	
1699873534.3792682	+6.64,+10.3,+21.4,HA	+6.54,+21.3,+21.5,HA	+2.94,+229.5,+21.5,LB	+2.77,+239.2,+19.9,@B	+2.52,+254.1,+20.7,KB	+2.89,+232.6,+19.9,NB	
1699873596.3887172	+6.64,+10.7,+21.5,MA	+6.54,+21.3,+21.5,HA	+2.94,+229.6,+21.5,OB	+2.77,+239.2,+19.9,@B	+2.52,+254.2,+20.7,HB	+2.89,+232.6,+19.9,NB	
1699873658.3966818	+6.65,+10.2,+21.4,HA	+6.54,+21.3,+21.5,HA	+2.94,+229.5,+21.5,LB	+2.77,+239.3,+19.9,AB	+2.52,+254.5,+20.7,OB	+2.89,+232.5,+19.8,LB	
1699873720.3927174	+6.65,+10.2,+21.5,IA	+6.54,+21.3,+21.5,HA	+2.94,+229.6,+21.5,OB	+2.78,+239.1,+19.9,LB	+2.51,+254.8,+20.7,AB	+2.89,+232.5,+19.9,MB	
1699873782.4012365	+6.64,+10.7,+21.4,LA	+6.54,+21.3,+21.5,HA	+2.94,+229.6,+21.5,OB	+2.78,+239.0,+19.9,MB	+2.52,+254.4,+20.7,NB	+2.89,+232.5,+19.8,LB	
1699873844.40984	+6.65,+10.1,+21.5,JA	+6.54,+21.3,+21.5,HA	+2.94,+229.5,+21.5,LB	+2.78,+239.1,+19.9,LB	+2.52,+254.3,+20.7,IB	+2.89,+232.5,+19.9,MB	
1699873906.4161794	+6.65,+10.1,+21.4,KA	+6.54,+21.2,+21.5,IA	+2.94,+229.5,+21.5,LB	+2.78,+239.1,+19.9,LB	+2.52,+254.2,+20.7,HB	+2.89,+232.5,+19.9,MB	
1699873968.4243448	+6.65,+10.1,+21.5,JA	+6.54,+21.2,+21.5,IA	+2.94,+229.5,+21.5,LB	+2.78,+238.9,+19.9,EB	+2.52,+254.5,+20.7,OB	+2.89,+232.5,+19.9,MB	
1699874030.4324298	+6.64,+10.5,+21.5,OA	+6.54,+21.2,+21.5,IA	+2.94,+229.6,+21.5,OB	+2.78,+238.8,+19.9,DB	+2.51,+254.6,+20.7,OB	+2.89,+232.6,+19.8,OB	
1699874092.4386516	+6.64,+10.4,+21.4,OA	+6.54,+21.2,+21.5,IA	+2.94,+229.6,+21.5,OB	+2.78,+238.8,+19.9,DB	+2.52,+254.5,+20.7,OB	+2.89,+232.5,+19.8,LB	
1699874154.4481616	+6.65,+10.1,+21.5,JA	+6.54,+21.2,+21.5,IA	+2.94,+229.6,+21.5,OB	+2.78,+238.8,+19.9,DB	+2.51,+254.9,+20.7,@B	+2.89,+232.5,+19.9,MB	
1699874216.458024	+6.65,+10.2,+21.5,IA	+6.54,+21.2,+21.5,IA	+2.94,+229.5,+21.5,LB	+2.78,+238.8,+19.9,DB	+2.51,+254.9,+20.7,@B	+2.89,+232.5,+19.9,MB	
1699874278.4666872	+6.65,+10.1,+21.4,KA	+6.54,+21.1,+21.5,JA	+2.94,+229.6,+21.5,OB	+2.78,+238.9,+19.9,EB	+2.51,+254.8,+20.7,AB	+2.89,+232.6,+19.8,OB	
1699874340.47612	+6.62,+11.7,+21.5,JA	+6.54,+21.1,+21.5,JA	+2.94,+229.6,+21.5,OB	+2.78,+238.9,+19.9,EB	+2.51,+254.9,+20.7,@B	+2.89,+232.6,+19.9,NB	
1699874402.482569	+6.63,+11.0,+21.4,MA	+6.54,+21.1,+21.5,JA	+2.94,+229.5,+21.5,LB	+2.78,+239.0,+19.9,MB	+2.51,+254.8,+20.7,AB	+2.89,+232.6,+19.9,NB	
1699874464.4915044	+6.64,+10.7,+21.4,LA	+6.54,+21.1,+21.5,JA	+2.94,+229.5,+21.5,LB	+2.78,+238.9,+19.9,EB	+2.52,+254.3,+20.7,IB	+2.89,+232.6,+19.9,NB	
1699874526.5016515	+6.65,+9.9,+21.5,JB	+6.54,+21.1,+21.5,JA	+2.94,+229.5,+21.5,LB	+2.78,+239.0,+19.9,MB	+2.52,+254.0,+20.7,JB	+2.89,+232.6,+19.9,NB	
1699874588.510888	+6.65,+10.1,+21.4,KA	+6.54,+21.1,+21.5,JA	+2.94,+229.5,+21.5,LB	+2.78,+238.9,+19.9,EB	+2.53,+253.5,+20.7,IB	+2.89,+232.5,+19.9,MB	
1699874650.5188916	+6.65,+9.9,+21.4,KB	+6.54,+21.1,+21.5,JA	+2.94,+229.6,+21.5,OB	+2.78,+238.9,+19.9,EB	+2.54,+253.4,+20.7,OB	+2.89,+232.5,+19.9,MB	
1699874712.527315	+6.66,+9.7,+21.4,FB	+6.54,+21.0,+21.5,KA	+2.94,+229.6,+21.5,OB	+2.78,+238.8,+19.9,DB	+2.53,+253.8,+20.7,DB	+2.89,+232.6,+19.9,NB	
1699874774.5355787	+6.62,+11.5,+21.4,IA	+6.54,+21.0,+21.5,KA	+2.94,+229.6,+21.5,OB	+2.78,+238.8,+19.9,DB	+2.52,+254.2,+20.6,IB	+2.89,+232.5,+19.9,MB	
1699874836.543003	+6.64,+10.7,+21.4,LA	+6.54,+21.0,+21.5,KA	+2.94,+229.5,+21.5,LB	+2.78,+238.9,+19.9,EB	+2.52,+254.3,+20.7,IB	+2.89,+232.6,+19.9,NB	
1699874898.5500627	+6.65,+9.9,+21.5,JB	+6.54,+21.0,+21.5,KA	+2.94,+229.6,+21.5,OB	+2.78,+238.8,+19.9,DB	+2.52,+254.5,+20.7,OB	+2.89,+232.6,+19.8,OB	
1699874960.5601943	+6.65,+9.9,+21.4,KB	+6.54,+21.0,+21.5,KA	+2.94,+229.6,+21.5,OB	+2.78,+238.9,+19.9,EB	+2.51,+254.6,+20.7,OB	+2.89,+232.5,+19.9,MB	
1699875022.5668423	+6.65,+9.7,+21.4,EB	+6.54,+21.0,+21.5,KA	+2.94,+229.5,+21.5,LB	+2.78,+238.8,+19.9,DB	+2.53,+253.7,+20.7,KB	+2.89,+232.6,+19.8,OB	
1699875084.5760999	+6.64,+10.4,+21.4,OA	+6.54,+21.0,+21.5,KA	+2.94,+229.6,+21.5,OB	+2.78,+238.8,+19.9,DB	+2.52,+254.0,+20.7,JB	+2.89,+232.5,+19.8,LB	
1699875146.5833852	+6.65,+9.8,+21.4,JB	+6.54,+20.9,+21.5,CA	+2.94,+229.5,+21.5,LB	+2.78,+238.6,+19.9,JB	+2.52,+254.2,+20.7,HB	+2.89,+232.6,+19.9,NB	
1699875208.5923305	+6.64,+10.4,+21.4,OA	+6.54,+21.0,+21.5,KA	+2.94,+229.6,+21.5,OB	+2.78,+238.7,+19.9,KB	+2.51,+255.0,+20.7,HB	+2.89,+232.5,+19.9,MB	
1699875270.6038568	+6.65,+10.2,+21.4,HA	+6.54,+20.9,+21.5,CA	+2.94,+229.6,+21.5,OB	+2.78,+238.9,+19.9,EB	+2.51,+255.0,+20.7,HB	+2.89,+232.6,+19.8,OB	
1699875332.6142821	+6.65,+10.0,+21.4,JA	+6.55,+20.8,+21.5,CA	+2.94,+229.6,+21.5,OB	+2.78,+239.0,+19.9,MB	+2.51,+254.9,+20.7,@B	+2.89,+232.6,+19.8,OB	
1699875394.6264272	+6.66,+9.6,+21.4,GB	+6.54,+20.9,+21.5,CA	+2.94,+229.5,+21.5,LB	+2.78,+239.1,+19.9,LB	+2.50,+255.3,+20.7,JB	+2.89,+232.6,+19.9,NB	
1699875456.634965	+6.66,+9.6,+21.4,GB	+6.54,+20.9,+21.5,CA	+2.94,+229.6,+21.5,OB	+2.78,+239.1,+19.9,LB	+2.51,+254.9,+20.7,@B	+2.89,+232.6,+19.8,OB	
1699875518.6425025	+6.64,+10.6,+21.4,MA	+6.55,+20.8,+21.5,CA	+2.94,+229.5,+21.5,LB	+2.78,+238.9,+19.9,EB	+2.50,+255.4,+20.7,MB	+2.89,+232.6,+19.8,OB	
1699875764.2734416	+6.66,+9.5,+21.4,DB	+6.55,+20.8,+21.5,CA	+2.94,+229.5,+21.5,LB	+2.78,+239.1,+19.9,LB	+2.52,+254.4,+20.7,NB	+2.89,+232.4,+19.8,MB	
1699875826.2817445	+6.65,+10.0,+21.5,KA	+6.55,+20.8,+21.5,CA	+2.94,+229.5,+21.5,LB	+2.77,+239.3,+19.9,AB	+2.52,+254.4,+20.7,NB	+2.89,+232.5,+19.8,LB	
1699875888.2914815	+6.65,+9.9,+21.4,KB	+6.55,+20.7,+21.5,LA	+2.94,+229.5,+21.5,LB	+2.77,+239.3,+19.9,AB	+2.51,+254.9,+20.7,@B	+2.89,+232.6,+19.8,OB	
1699875950.298979	+6.66,+9.4,+21.4,EB	+6.55,+20.7,+21.5,LA	+2.94,+229.6,+21.5,OB	+2.77,+239.4,+19.9,FB	+2.49,+255.8,+20.7,IB	+2.89,+232.6,+19.8,OB	
1699876012.3091235	+6.66,+9.3,+21.4,BB	+6.55,+20.7,+21.5,LA	+2.94,+229.5,+21.5,LB	+2.77,+239.3,+19.9,AB	+2.49,+256.1,+20.7,CB	+2.89,+232.7,+19.8,NB	
1699876074.3176036	+6.65,+9.9,+21.4,KB	+6.55,+20.7,+21.5,LA	+2.94,+229.6,+21.5,OB	+2.78,+239.1,+19.9,LB	+2.49,+256.0,+20.7,BB	+2.89,+232.6,+19.8,OB	
1699876136.3271964	+6.66,+9.3,+21.4,BB	+6.55,+20.7,+21.5,LA	+2.94,+229.5,+21.5,LB	+2.78,+239.1,+19.9,LB	+2.49,+255.9,+20.7,HB	+2.89,+232.6,+19.8,OB	
1699876198.3362844	+6.66,+9.2,+21.4,CB	+6.55,+20.6,+21.5,MA	+2.94,+229.5,+21.5,LB	+2.77,+239.2,+19.9,@B	+2.48,+256.3,+20.7,@B	+2.89,+232.6,+19.8,OB	
1699876260.344943	+6.66,+9.4,+21.4,EB	+6.55,+20.7,+21.5,LA	+2.94,+229.5,+21.5,LB	+2.77,+239.2,+19.9,@B	+2.48,+256.5,+20.7,FB	+2.89,+232.6,+19.8,OB	
1699876322.3543038	+6.66,+9.5,+21.4,DB	+6.55,+20.6,+21.5,MA	+2.94,+229.5,+21.5,LB	+2.77,+239.3,+19.9,AB	+2.48,+256.7,+20.7,DB	+2.89,+232.6,+19.8,OB	
1699876384.3620288	+6.66,+9.5,+21.4,DB	+6.55,+20.7,+21.5,LA	+2.94,+229.5,+21.4,MB	+2.77,+239.3,+19.8,@B	+2.48,+256.3,+20.7,@B	+2.89,+232.6,+19.8,OB	
1699876446.3697047	+6.66,+9.3,+21.4,BB	+6.55,+20.6,+21.5,MA	+2.94,+229.6,+21.5,OB	+2.77,+239.2,+19.9,@B	+2.50,+255.1,+20.7,HB	+2.89,+232.6,+19.8,OB	
1699876508.3783486	+6.67,+9.0,+21.4,@B	+6.55,+20.6,+21.5,MA	+2.94,+229.5,+21.4,MB	+2.77,+239.2,+19.9,@B	+2.50,+255.2,+20.7,KB	+2.89,+232.6,+19.8,OB	
1699876570.3877575	+6.67,+9.0,+21.4,@B	+6.55,+20.6,+21.5,MA	+2.94,+229.5,+21.5,LB	+2.77,+239.2,+19.9,@B	+2.50,+255.4,+20.6,LB	+2.89,+232.6,+19.8,OB	
1699876632.395249	+6.67,+8.9,+21.4,HB	+6.55,+20.6,+21.5,MA	+2.94,+229.5,+21.5,LB	+2.77,+239.2,+19.9,@B	+2.50,+255.2,+20.6,JB	+2.89,+232.6,+19.8,OB	
1699876694.4037085	+6.67,+9.0,+21.4,@B	+6.55,+20.5,+21.5,NA	+2.94,+229.5,+21.5,LB	+2.77,+239.2,+19.9,@B	+2.53,+253.9,+20.6,DB	+2.89,+232.6,+19.8,OB	
1699876756.4117088	+6.65,+9.9,+21.4,KB	+6.55,+20.5,+21.5,NA	+2.94,+229.5,+21.5,LB	+2.77,+239.2,+19.9,@B	+2.53,+253.5,+20.6,HB	+2.89,+232.6,+19.8,OB	
1699876818.4233038	+6.65,+9.7,+21.4,EB	+6.55,+20.5,+21.5,NA	+2.94,+229.5,+21.4,MB	+2.77,+239.4,+19.8,GB	+2.53,+253.8,+20.7,DB	+2.89,+232.6,+19.8,OB	
1699876880.4309995	+6.65,+9.8,+21.4,JB	+6.55,+20.5,+21.5,NA	+2.94,+229.5,+21.5,LB	+2.77,+239.4,+19.8,GB	+2.53,+253.9,+20.6,DB	+2.89,+232.6,+19.8,OB	
1699876942.4408536	+6.66,+9.2,+21.4,CB	+6.55,+20.5,+21.5,NA	+2.94,+229.5,+21.5,LB	+2.77,+239.5,+19.9,GB	+2.52,+254.0,+20.6,KB	+2.89,+232.6,+19.8,OB	
1699877004.4503567	+6.67,+8.9,+21.4,HB	+6.55,+20.4,+21.5,OA	+2.94,+229.5,+21.5,LB	+2.77,+239.6,+19.9,DB	+2.51,+254.5,+20.7,LB	+2.89,+232.6,+19.8,OB	
1699877066.459623	+6.66,+9.4,+21.4,EB	+6.55,+20.5,+21.5,NA	+2.94,+229.5,+21.4,MB	+2.77,+239.6,+19.8,EB	+2.52,+254.3,+20.6,HB	+2.89,+232.6,+19.8,OB	
1699877128.4686646	+6.66,+9.4,+21.4,EB	+6.55,+20.5,+21.4,OA	+2.94,+229.5,+21.4,MB	+2.77,+239.7,+19.8,DB	+2.51,+254.8,+20.6,@B	+2.89,+232.7,+19.8,NB	
1699877190.478272	+6.66,+9.3,+21.4,BB	+6.55,+20.4,+21.5,OA	+2.94,+229.5,+21.4,MB	+2.76,+239.8,+19.8,JB	+2.51,+254.9,+20.6,AB	+2.89,+232.6,+19.8,OB	
1699877252.4864545	+6.67,+8.8,+21.4,IB	+6.55,+20.4,+21.5,OA	+2.94,+229.5,+21.4,MB	+2.76,+239.9,+19.8,KB	+2.52,+254.0,+20.6,KB	+2.89,+232.7,+19.8,NB	
1699877314.4966943	+6.67,+8.8,+21.4,IB	+6.55,+20.4,+21.5,OA	+2.94,+229.5,+21.5,LB	+2.76,+239.9,+19.8,KB	+2.53,+253.4,+20.6,IB	+2.89,+232.6,+19.8,OB	
1699877376.5040264	+6.66,+9.3,+21.4,BB	+6.55,+20.4,+21.5,OA	+2.94,+229.4,+21.4,LB	+2.76,+239.9,+19.8,KB	+2.53,+253.9,+20.6,DB	+2.89,+232.6,+19.8,OB	
1699877438.5127015	+6.66,+9.2,+21.4,CB	+6.55,+20.4,+21.4,NA	+2.94,+229.5,+21.5,LB	+2.76,+240.0,+19.8,LB	+2.51,+254.7,+20.6,OB	+2.89,+232.7,+19.8,NB	
1699877500.520054	+6.67,+8.9,+21.4,HB	+6.55,+20.4,+21.5,OA	+2.94,+229.5,+21.4,MB	+2.76,+240.0,+19.8,LB	+2.50,+255.2,+20.6,JB	+2.89,+232.6,+19.8,OB	
1699877562.53114	+6.67,+9.0,+21.4,@B	+6.55,+20.4,+21.5,OA	+2.94,+229.5,+21.4,MB	+2.76,+239.9,+19.8,KB	+2.50,+255.5,+20.6,MB	+2.89,+232.6,+19.8,OB	
1699877624.538037	+6.67,+8.7,+21.4,FB	+6.55,+20.4,+21.5,OA	+2.94,+229.5,+21.4,MB	+2.76,+239.9,+19.8,KB	+2.50,+255.4,+20.6,LB	+2.89,+232.6,+19.8,OB	
1699877686.5462697	+6.66,+9.1,+21.4,@B	+6.55,+20.4,+21.5,OA	+2.94,+229.5,+21.4,MB	+2.76,+239.9,+19.9,JB	+2.50,+255.2,+20.6,JB	+2.89,+232.6,+19.8,OB	
1699877748.5561805	+6.67,+9.1,+21.4,AB	+6.55,+20.3,+21.4,IA	+2.94,+229.4,+21.5,MB	+2.76,+239.9,+19.8,KB	+2.52,+254.2,+20.6,IB	+2.89,+232.6,+19.8,OB	
1699877810.5664551	+6.67,+8.7,+21.4,FB	+6.55,+20.4,+21.5,OA	+2.94,+229.5,+21.4,MB	+2.76,+240.0,+19.8,LB	+2.52,+254.3,+20.6,HB	+2.89,+232.5,+19.8,LB	
1699877872.5745053	+6.68,+8.5,+21.4,KB	+6.55,+20.3,+21.4,IA	+2.94,+229.5,+21.4,MB	+2.76,+240.1,+19.8,MB	+2.51,+254.8,+20.6,@B	+2.89,+232.6,+19.8,OB	
1699877934.5850928	+6.68,+8.5,+21.4,KB	+6.55,+20.3,+21.5,HA	+2.94,+229.5,+21.4,MB	+2.76,+240.0,+19.8,LB	+2.50,+255.3,+20.6,KB	+2.89,+232.6,+19.7,@B	
1699877996.5930188	+6.67,+8.9,+21.4,HB	+6.55,+20.3,+21.4,IA	+2.94,+229.5,+21.4,MB	+2.76,+240.2,+19.8,NB	+2.51,+255.0,+20.6,IB	+2.89,+232.6,+19.8,OB	
1699878058.6021347	+6.67,+8.8,+21.4,IB	+6.55,+20.3,+21.5,HA	+2.94,+229.5,+21.4,MB	+2.76,+240.1,+19.8,MB	+2.50,+255.3,+20.6,KB	+2.89,+232.7,+19.8,NB	
1699878120.6127048	+6.65,+9.7,+21.4,EB	+6.55,+20.3,+21.5,HA	+2.94,+229.5,+21.4,MB	+2.76,+240.0,+19.8,LB	+2.49,+255.8,+20.6,HB	+2.89,+232.6,+19.8,OB	
1699878182.6209254	+6.66,+9.2,+21.4,CB	+6.55,+20.3,+21.4,IA	+2.94,+229.5,+21.4,MB	+2.76,+240.1,+19.8,MB	+2.48,+256.3,+20.6,AB	+2.89,+232.6,+19.8,OB	
1699878244.6313825	+6.67,+9.0,+21.4,@B	+6.56,+20.2,+21.4,KA	+2.94,+229.5,+21.4,MB	+2.76,+240.1,+19.8,MB	+2.48,+256.8,+20.6,JB	+2.89,+232.6,+19.8,OB	
1699878306.6408432	+6.67,+9.0,+21.4,@B	+6.55,+20.3,+21.4,IA	+2.94,+229.5,+21.4,MB	+2.76,+240.0,+19.8,LB	+2.48,+256.4,+20.6,FB	+2.89,+232.6,+19.7,@B	
1699878368.6504636	+6.67,+8.9,+21.4,HB	+6.56,+20.3,+21.4,JA	+2.94,+229.6,+21.4,NB	+2.75,+240.3,+19.8,LB	+2.49,+255.8,+20.6,HB	+2.89,+232.6,+19.7,@B	
1699878430.6602533	+6.67,+9.0,+21.3,GB	+6.56,+20.2,+21.4,KA	+2.94,+229.5,+21.4,MB	+2.75,+240.3,+19.8,LB	+2.49,+255.9,+20.6,IB	+2.89,+232.6,+19.7,@B	
1699878492.668819	+6.67,+8.7,+21.4,FB	+6.56,+20.2,+21.4,KA	+2.94,+229.5,+21.4,MB	+2.75,+240.4,+19.8,KB	+2.51,+254.8,+20.6,@B	+2.89,+232.6,+19.8,OB	
1699878554.6783504	+6.68,+8.4,+21.4,JB	+6.56,+20.2,+21.4,KA	+2.94,+229.5,+21.4,MB	+2.75,+240.5,+19.8,JB	+2.49,+255.6,+20.6,FB	+2.89,+232.6,+19.7,@B	
1699878616.688269	+6.67,+8.7,+21.3,AB	+6.56,+20.2,+21.4,KA	+2.94,+229.5,+21.4,MB	+2.75,+240.5,+19.8,JB	+2.49,+256.2,+20.6,AB	+2.89,+232.6,+19.7,@B	
1699878678.6977785	+6.68,+8.2,+21.4,LB	+6.56,+20.2,+21.4,KA	+2.94,+229.4,+21.4,LB	+2.75,+240.4,+19.8,KB	+2.48,+256.4,+20.6,FB	+2.89,+232.6,+19.7,@B	
1699878740.7075324	+6.68,+8.1,+21.4,OB	+6.56,+20.2,+21.4,KA	+2.94,+229.5,+21.4,MB	+2.75,+240.4,+19.8,KB	+2.47,+256.9,+20.6,DB	+2.89,+232.6,+19.7,@B	
1699878802.7174363	+6.68,+8.1,+21.4,OB	+6.56,+20.1,+21.4,HA	+2.94,+229.5,+21.4,MB	+2.75,+240.5,+19.8,JB	+2.47,+257.2,+20.6,NB	+2.89,+232.6,+19.7,@B	
1699878864.7269416	+6.68,+8.5,+21.4,KB	+6.56,+20.1,+21.4,HA	+2.94,+229.6,+21.4,NB	+2.75,+240.5,+19.8,JB	+2.46,+257.3,+20.6,NB	+2.89,+232.6,+19.7,@B	
1699878926.7374732	+6.68,+8.0,+21.4,NB	+6.56,+20.1,+21.5,IA	+2.94,+229.5,+21.4,MB	+2.75,+240.2,+19.8,MB	+2.47,+257.3,+20.6,OB	+2.89,+232.6,+19.7,@B	
1699878988.7456567	+6.68,+8.3,+21.3,JB	+6.56,+20.1,+21.4,HA	+2.94,+229.4,+21.4,LB	+2.75,+240.3,+19.8,LB	+2.49,+256.1,+20.6,BB	+2.89,+232.6,+19.7,@B	
1699879050.7549577	+6.68,+8.0,+21.4,NB	+6.56,+20.0,+21.4,IA	+2.94,+229.4,+21.4,LB	+2.75,+240.2,+19.8,MB	+2.49,+256.0,+20.6,CB	+2.89,+232.5,+19.7,CB	
1699879112.7649505	+6.67,+8.7,+21.4,FB	+6.56,+20.1,+21.4,HA	+2.94,+229.5,+21.4,MB	+2.76,+240.1,+19.8,MB	+2.49,+256.0,+20.6,CB	+2.89,+232.6,+19.7,@B	
1699879174.7764626	+6.67,+8.8,+21.3,NB	+6.56,+20.1,+21.4,HA	+2.94,+229.5,+21.4,MB	+2.76,+240.0,+19.8,LB	+2.50,+255.5,+20.6,MB	+2.89,+232.6,+19.7,@B	
1699879236.7872646	+6.67,+8.8,+21.4,IB	+6.56,+20.1,+21.4,HA	+2.94,+229.5,+21.4,MB	+2.76,+239.8,+19.8,JB	+2.50,+255.3,+20.6,KB	+2.89,+232.6,+19.7,@B	
1699879298.7952986	+6.66,+9.4,+21.3,BB	+6.56,+20.1,+21.4,HA	+2.94,+229.5,+21.4,MB	+2.76,+239.7,+19.8,EB	+2.50,+255.5,+20.6,MB	+2.89,+232.6,+19.7,@B	
1699879360.8030856	+6.66,+9.4,+21.3,BB	+6.56,+20.0,+21.4,IA	+2.94,+229.5,+21.4,MB	+2.76,+239.9,+19.8,KB	+2.49,+255.7,+20.6,GB	+2.89,+232.5,+19.7,CB	
1699879606.3610187	+6.68,+8.2,+21.4,LB	+6.56,+19.9,+21.4,JA	+2.94,+229.4,+21.4,LB	+2.76,+239.9,+19.8,KB	+2.50,+255.0,+20.6,HB	+2.89,+232.3,+19.7,EB	
1699879668.367896	+6.68,+8.0,+21.3,IB	+6.56,+19.9,+21.4,JA	+2.94,+229.5,+21.4,MB	+2.76,+240.0,+19.8,LB	+2.50,+255.2,+20.6,JB	+2.89,+232.5,+19.7,CB	
1699879730.377324	+6.68,+8.5,+21.3,LB	+6.56,+19.9,+21.4,JA	+2.94,+229.5,+21.4,MB	+2.76,+240.0,+19.8,LB	+2.50,+255.3,+20.6,KB	+2.89,+232.6,+19.7,@B	
1699879792.3842854	+6.68,+8.0,+21.3,IB	+6.56,+19.9,+21.4,JA	+2.94,+229.5,+21.4,MB	+2.76,+240.0,+19.8,LB	+2.50,+255.4,+20.6,LB	+2.89,+232.5,+19.7,CB	
1699879854.393084	+6.69,+7.8,+21.4,HB	+6.56,+19.9,+21.4,JA	+2.94,+229.4,+21.4,LB	+2.76,+240.1,+19.8,MB	+2.49,+255.9,+20.6,IB	+2.89,+232.5,+19.7,CB	
1699879916.402381	+6.69,+7.9,+21.4,IB	+6.56,+19.9,+21.4,JA	+2.94,+229.4,+21.4,LB	+2.76,+240.2,+19.8,NB	+2.49,+255.8,+20.6,HB	+2.89,+232.5,+19.7,CB	
1699879978.4112213	+6.69,+7.8,+21.3,OB	+6.56,+19.9,+21.4,JA	+2.94,+229.5,+21.4,MB	+2.76,+240.2,+19.8,NB	+2.49,+255.7,+20.6,GB	+2.89,+232.5,+19.7,CB	
1699880040.4206326	+6.69,+7.8,+21.3,OB	+6.56,+19.9,+21.4,JA	+2.94,+229.5,+21.4,MB	+2.76,+240.1,+19.8,MB	+2.47,+256.8,+20.6,EB	+2.89,+232.6,+19.7,@B	
1699880102.4290028	+6.69,+7.9,+21.3,NB	+6.56,+19.9,+21.4,JA	+2.94,+229.4,+21.4,LB	+2.76,+240.2,+19.8,NB	+2.45,+257.9,+20.6,GB	+2.89,+232.5,+19.7,CB	
1699880164.4370284	+6.69,+7.8,+21.4,HB	+6.56,+19.9,+21.4,JA	+2.94,+229.5,+21.4,MB	+2.76,+240.1,+19.8,MB	+2.44,+258.9,+20.6,IB	+2.89,+232.5,+19.7,CB	
1699880226.447138	+6.69,+7.7,+21.4,GB	+6.56,+19.9,+21.4,JA	+2.94,+229.5,+21.4,MB	+2.75,+240.3,+19.8,LB	+2.44,+259.0,+20.6,AB	+2.89,+232.5,+19.7,CB	
1699880288.4569666	+6.69,+7.9,+21.3,NB	+6.56,+19.8,+21.4,KA	+2.94,+229.5,+21.4,MB	+2.75,+240.4,+19.8,KB	+2.42,+259.8,+20.6,OB	+2.89,+232.6,+19.7,@B	
1699880350.467078	+6.69,+7.6,+21.4,FB	+6.56,+19.9,+21.4,JA	+2.94,+229.5,+21.4,MB	+2.75,+240.3,+19.8,LB	+2.43,+259.3,+20.6,EB	+2.89,+232.5,+19.7,CB	
1699880412.4724836	+6.69,+7.5,+21.3,BB	+6.56,+19.8,+21.4,KA	+2.94,+229.5,+21.4,MB	+2.75,+240.4,+19.8,KB	+2.43,+259.0,+20.6,FB	+2.89,+232.6,+19.7,@B	
1699880474.4822032	+6.69,+7.7,+21.4,GB	+6.56,+19.8,+21.4,KA	+2.94,+229.5,+21.4,MB	+2.75,+240.3,+19.8,LB	+2.44,+258.7,+20.6,GB	+2.89,+232.6,+19.7,@B	
1699880536.4884503	+6.67,+8.6,+21.3,@B	+6.56,+19.8,+21.4,KA	+2.94,+229.4,+21.4,LB	+2.75,+240.4,+19.8,KB	+2.47,+257.0,+20.6,LB	+2.89,+232.5,+19.7,CB	
1699880598.496873	+6.68,+8.4,+21.4,JB	+6.56,+19.7,+21.4,DA	+2.94,+229.5,+21.4,MB	+2.75,+240.4,+19.8,KB	+2.47,+256.9,+20.6,DB	+2.89,+232.5,+19.7,CB	
1699880660.5064163	+6.69,+7.8,+21.3,OB	+6.56,+19.8,+21.4,KA	+2.94,+229.5,+21.4,MB	+2.75,+240.4,+19.8,KB	+2.47,+256.9,+20.6,DB	+2.89,+232.5,+19.7,CB	
1699880722.514714	+6.68,+8.0,+21.3,IB	+6.56,+19.8,+21.4,KA	+2.94,+229.4,+21.4,LB	+2.75,+240.5,+19.8,JB	+2.47,+256.7,+20.5,IB	+2.89,+232.6,+19.7,@B	
1699880784.5255616	+6.69,+7.6,+21.3,AB	+6.56,+19.8,+21.4,KA	+2.94,+229.6,+21.4,NB	+2.75,+240.5,+19.8,JB	+2.48,+256.5,+20.6,GB	+2.89,+232.5,+19.7,CB	
1699880846.5339296	+6.69,+7.6,+21.3,AB	+6.56,+19.8,+21.4,KA	+2.94,+229.5,+21.4,MB	+2.75,+240.3,+19.8,LB	+2.47,+256.8,+20.6,EB	+2.89,+232.5,+19.7,CB	
1699880908.5451796	+6.69,+7.5,+21.4,EB	+6.57,+19.7,+21.4,EA	+2.94,+229.5,+21.4,MB	+2.75,+240.4,+19.8,KB	+2.46,+257.4,+20.5,JB	+2.89,+232.5,+19.7,CB	
1699880970.5556524	+6.69,+7.6,+21.3,AB	+6.56,+19.7,+21.4,DA	+2.94,+229.4,+21.4,LB	+2.75,+240.4,+19.8,KB	+2.45,+257.9,+20.6,GB	+2.89,+232.5,+19.7,CB	
1699881032.5669546	+6.69,+7.7,+21.3,@B	+6.56,+19.8,+21.4,KA	+2.94,+229.5,+21.4,MB	+2.75,+240.4,+19.8,KB	+2.45,+257.9,+20.6,GB	+2.89,+232.5,+19.7,CB	
1699881094.578408	+6.70,+7.1,+21.3,NB	+6.57,+19.7,+21.4,EA	+2.94,+229.5,+21.4,MB	+2.75,+240.4,+19.8,KB	+2.46,+257.7,+20.6,JB	+2.89,+232.4,+19.7,BB	
1699881156.588363	+6.70,+7.1,+21.3,NB	+6.57,+19.6,+21.4,DA	+2.94,+229.4,+21.4,LB	+2.75,+240.4,+19.7,DB	+2.45,+258.3,+20.6,BB	+2.89,+232.5,+19.7,CB	
1699881218.5969381	+6.69,+7.5,+21.3,BB	+6.57,+19.7,+21.4,EA	+2.94,+229.5,+21.4,MB	+2.75,+240.4,+19.8,KB	+2.46,+257.5,+20.6,HB	+2.89,+232.6,+19.7,@B	
1699881280.6037734	+6.70,+7.3,+21.3,LB	+6.57,+19.7,+21.4,EA	+2.94,+229.5,+21.4,MB	+2.75,+240.4,+19.8,KB	+2.46,+257.5,+20.6,HB	+2.89,+232.6,+19.7,@B	
1699881342.6166496	+6.70,+6.9,+21.3,GB	+6.57,+19.6,+21.4,DA	+2.94,+229.5,+21.4,MB	+2.75,+240.5,+19.8,JB	+2.47,+257.1,+20.6,MB	+2.89,+232.6,+19.7,@B	
1699881404.622822	+6.70,+7.2,+21.3,MB	+6.57,+19.7,+21.4,EA	+2.94,+229.5,+21.4,MB	+2.75,+240.3,+19.8,LB	+2.48,+256.6,+20.6,DB	+2.89,+232.6,+19.7,@B	
1699881466.6290298	+6.70,+7.2,+21.3,MB	+6.57,+19.6,+21.4,DA	+2.94,+229.5,+21.4,MB	+2.75,+240.3,+19.7,CB	+2.49,+255.7,+20.5,DB	+2.89,+232.5,+19.7,CB	
1699881528.6368484	+6.71,+6.8,+21.3,GB	+6.57,+19.7,+21.4,EA	+2.94,+229.5,+21.4,MB	+2.75,+240.4,+19.8,KB	+2.50,+255.1,+20.5,JB	+2.89,+232.6,+19.7,@B	
1699881590.6449704	+6.70,+7.0,+21.3,OB	+6.57,+19.6,+21.4,DA	+2.94,+229.5,+21.4,MB	+2.75,+240.4,+19.8,KB	+2.50,+255.4,+20.6,LB	+2.89,+232.6,+19.7,@B	
1699881652.6556554	+6.71,+6.8,+21.3,GB	+6.57,+19.6,+21.4,DA	+2.94,+229.5,+21.4,MB	+2.76,+240.0,+19.8,LB	+2.50,+255.1,+20.6,IB	+2.89,+232.6,+19.7,@B	
1699881714.6692684	+6.71,+6.6,+21.3,IB	+6.57,+19.6,+21.4,DA	+2.94,+229.4,+21.4,LB	+2.76,+240.0,+19.8,LB	+2.51,+254.9,+20.6,AB	+2.89,+232.5,+19.7,CB	
1699881776.6774917	+6.71,+6.7,+21.3,HB	+6.57,+19.5,+21.4,GA	+2.94,+229.6,+21.4,NB	+2.76,+240.1,+19.7,BB	+2.53,+253.6,+20.5,HB	+2.89,+232.6,+19.7,@B	
1699881838.685605	+6.70,+7.0,+21.3,OB	+6.57,+19.6,+21.4,DA	+2.94,+229.4,+21.4,LB	+2.76,+240.1,+19.8,MB	+2.51,+255.0,+20.6,IB	+2.89,+232.6,+19.7,@B	
1699881900.696634	+6.69,+7.9,+21.3,NB	+6.57,+19.6,+21.4,DA	+2.94,+229.5,+21.4,MB	+2.76,+240.2,+19.8,NB	+2.49,+255.8,+20.5,KB	+2.89,+232.6,+19.7,@B	
1699881962.7070906	+6.69,+7.5,+21.3,BB	+6.57,+19.5,+21.4,GA	+2.94,+229.5,+21.4,MB	+2.76,+240.2,+19.8,NB	+2.47,+256.8,+20.5,FB	+2.89,+232.6,+19.7,@B	
1699882024.7167218	+6.70,+7.2,+21.3,MB	+6.57,+19.5,+21.4,GA	+2.94,+229.4,+21.4,LB	+2.76,+239.9,+19.7,DB	+2.46,+257.3,+20.5,MB	+2.89,+232.6,+19.7,@B	
1699882086.7277274	+6.70,+6.9,+21.3,GB	+6.57,+19.5,+21.4,GA	+2.94,+229.5,+21.4,MB	+2.76,+239.8,+19.8,JB	+2.48,+256.7,+20.5,FB	+2.89,+232.6,+19.7,@B	
1699882148.737392	+6.71,+6.5,+21.3,JB	+6.57,+19.5,+21.3,@A	+2.94,+229.5,+21.4,MB	+2.76,+239.7,+19.7,JB	+2.49,+256.1,+20.5,AB	+2.89,+232.6,+19.7,@B	
1699882210.7459607	+6.70,+6.8,+21.3,FB	+6.57,+19.4,+21.4,FA	+2.94,+229.5,+21.4,MB	+2.76,+239.7,+19.7,JB	+2.49,+256.0,+20.5,@B	+2.89,+232.5,+19.7,CB	
1699882272.7567992	+6.71,+6.5,+21.3,JB	+6.57,+19.5,+21.4,GA	+2.94,+229.4,+21.4,LB	+2.76,+239.7,+19.7,JB	+2.49,+256.0,+20.5,@B	+2.89,+232.6,+19.7,@B	
1699882334.766582	+6.70,+6.9,+21.3,GB	+6.57,+19.4,+21.4,FA	+2.94,+229.5,+21.3,JB	+2.76,+239.7,+19.8,EB	+2.48,+256.2,+20.6,@B	+2.88,+232.7,+19.7,@B	
1699882396.7768674	+6.71,+6.3,+21.3,LB	+6.57,+19.4,+21.4,FA	+2.94,+229.5,+21.4,MB	+2.76,+239.7,+19.7,JB	+2.50,+255.4,+20.5,OB	+2.89,+232.6,+19.7,@B	
1699882458.78757	+6.71,+6.4,+21.3,KB	+6.57,+19.4,+21.4,FA	+2.94,+229.5,+21.4,MB	+2.77,+239.5,+19.7,IB	+2.49,+255.7,+20.5,DB	+2.89,+232.6,+19.7,@B	
1699882520.7984946	+6.71,+6.5,+21.3,JB	+6.57,+19.4,+21.4,FA	+2.94,+229.5,+21.4,MB	+2.77,+239.5,+19.8,FB	+2.48,+256.4,+20.5,EB	+2.89,+232.6,+19.7,@B	
1699882582.8067298	+6.71,+6.7,+21.3,HB	+6.57,+19.4,+21.4,FA	+2.94,+229.5,+21.4,MB	+2.77,+239.5,+19.7,IB	+2.47,+257.1,+20.5,NB	+2.88,+232.7,+19.7,@B	
1699882644.8176832	+6.71,+6.6,+21.3,IB	+6.57,+19.4,+21.4,FA	+2.94,+229.5,+21.4,MB	+2.77,+239.5,+19.7,IB	+2.45,+258.3,+20.5,AB	+2.89,+232.6,+19.7,@B	
1699882706.8269012	+6.71,+6.3,+21.3,LB	+6.57,+19.3,+21.3,FA	+2.94,+229.4,+21.4,LB	+2.77,+239.6,+19.8,EB	+2.44,+258.6,+20.5,EB	+2.89,+232.5,+19.7,CB	
1699882768.838208	+6.71,+6.3,+21.3,LB	+6.57,+19.4,+21.4,FA	+2.94,+229.4,+21.4,LB	+2.77,+239.6,+19.7,JB	+2.44,+258.5,+20.5,FB	+2.89,+232.6,+19.7,@B	
1699882830.849579	+6.71,+6.4,+21.3,KB	+6.57,+19.3,+21.4,AA	+2.94,+229.5,+21.4,MB	+2.76,+239.6,+19.7,KB	+2.45,+258.3,+20.5,AB	+2.89,+232.6,+19.7,@B	
1699882892.8607514	+6.72,+6.0,+21.3,LB	+6.57,+19.3,+21.4,AA	+2.94,+229.5,+21.3,JB	+2.76,+239.7,+19.7,JB	+2.44,+258.5,+20.5,FB	+2.89,+232.5,+19.7,CB	
1699882954.8714988	+6.72,+5.8,+21.3,GB	+6.57,+19.3,+21.3,FA	+2.94,+229.4,+21.3,KB	+2.76,+239.7,+19.7,JB	+2.44,+258.7,+20.5,DB	+2.89,+232.6,+19.7,@B	
1699883016.8827145	+6.72,+5.9,+21.3,FB	+6.57,+19.3,+21.3,FA	+2.94,+229.5,+21.3,JB	+2.76,+239.7,+19.7,JB	+2.44,+258.6,+20.5,EB	+2.89,+232.6,+19.7,@B	
1699883078.8914623	+6.72,+5.9,+21.3,FB	+6.57,+19.3,+21.3,FA	+2.94,+229.4,+21.3,KB	+2.77,+239.4,+19.7,HB	+2.43,+259.2,+20.5,GB	+2.89,+232.5,+19.7,CB	
1699883140.9015605	+6.72,+5.9,+21.3,FB	+6.57,+19.2,+21.4,@A	+2.94,+229.4,+21.3,KB	+2.77,+239.3,+19.7,OB	+2.42,+259.9,+20.5,MB	+2.89,+232.6,+19.7,@B	
1699883202.9119008	+6.71,+6.3,+21.3,LB	+6.57,+19.2,+21.4,@A	+2.94,+229.5,+21.3,JB	+2.77,+239.4,+19.7,HB	+2.41,+260.2,+20.5,OB	+2.89,+232.6,+19.7,@B	
1699883448.490539	+6.70,+6.8,+21.3,FB	+6.58,+19.1,+21.3,KA	+2.94,+229.4,+21.3,KB	+2.77,+239.4,+19.7,HB	+2.42,+260.1,+20.5,OB	+2.89,+232.5,+19.7,CB	
1699883510.5009081	+6.71,+6.4,+21.3,KB	+6.58,+19.1,+21.3,KA	+2.94,+229.4,+21.3,KB	+2.77,+239.5,+19.7,IB	+2.40,+260.9,+20.5,EB	+2.89,+232.6,+19.7,@B	
1699883572.509956	+6.72,+5.9,+21.3,FB	+6.58,+19.1,+21.3,KA	+2.94,+229.4,+21.3,KB	+2.77,+239.4,+19.7,HB	+2.39,+261.5,+20.5,FB	+2.89,+232.6,+19.6,AB	
1699883634.5192027	+6.72,+6.1,+21.3,MB	+6.58,+19.0,+21.4,MA	+2.94,+229.5,+21.3,JB	+2.77,+239.5,+19.7,IB	+2.39,+261.3,+20.5,@B	+2.88,+232.7,+19.7,@B	
1699883696.5301998	+6.73,+5.4,+21.3,JB	+6.58,+19.1,+21.4,LA	+2.94,+229.5,+21.4,MB	+2.77,+239.5,+19.7,IB	+2.41,+260.2,+20.5,OB	+2.88,+232.7,+19.6,AB	
1699883758.5363495	+6.73,+5.4,+21.3,JB	+6.58,+19.1,+21.3,KA	+2.94,+229.4,+21.3,KB	+2.77,+239.5,+19.7,IB	+2.42,+259.6,+20.5,BB	+2.88,+232.6,+19.7,AB	
1699883820.5465271	+6.72,+5.8,+21.3,GB	+6.58,+19.0,+21.4,MA	+2.94,+229.4,+21.3,KB	+2.76,+239.6,+19.7,KB	+2.43,+259.3,+20.5,FB	+2.89,+232.6,+19.7,@B	
1699883882.557172	+6.73,+5.6,+21.3,HB	+6.58,+19.1,+21.3,KA	+2.94,+229.5,+21.3,JB	+2.77,+239.5,+19.7,IB	+2.42,+259.7,+20.5,CB	+2.89,+232.6,+19.7,@B	
1699883944.567918	+6.73,+5.6,+21.3,HB	+6.58,+19.0,+21.4,MA	+2.94,+229.4,+21.3,KB	+2.76,+239.6,+19.7,KB	+2.42,+260.0,+20.5,NB	+2.89,+232.6,+19.7,@B	
1699884006.5773356	+6.73,+5.4,+21.3,JB	+6.58,+19.0,+21.4,MA	+2.94,+229.5,+21.3,JB	+2.76,+239.6,+19.7,KB	+2.45,+257.9,+20.5,DB	+2.89,+232.6,+19.6,AB	
1699884068.5869675	+6.73,+5.2,+21.3,LB	+6.58,+19.0,+21.3,JA	+2.94,+229.4,+21.3,KB	+2.76,+239.6,+19.7,KB	+2.48,+256.6,+20.5,GB	+2.88,+232.6,+19.7,AB	
1699884130.5964563	+6.73,+5.3,+21.3,MB	+6.58,+19.0,+21.3,JA	+2.94,+229.5,+21.3,JB	+2.76,+239.6,+19.7,KB	+2.49,+256.0,+20.5,@B	+2.89,+232.6,+19.7,@B	
1699884192.6038215	+6.73,+5.1,+21.3,OB	+6.58,+19.0,+21.4,MA	+2.94,+229.4,+21.3,KB	+2.76,+239.6,+19.7,KB	+2.49,+255.8,+20.5,KB	+2.88,+232.6,+19.7,AB	
1699884254.614461	+6.73,+5.2,+21.3,LB	+6.58,+19.1,+21.3,KA	+2.94,+229.5,+21.4,MB	+2.77,+239.5,+19.7,IB	+2.49,+255.7,+20.5,DB	+2.89,+232.6,+19.7,@B	
1699884316.6243553	+6.72,+5.8,+21.3,GB	+6.58,+18.9,+21.3,BA	+2.94,+229.4,+21.3,KB	+2.77,+239.5,+19.7,IB	+2.49,+256.1,+20.5,AB	+2.89,+232.6,+19.7,@B	
1699884378.633262	+6.73,+5.2,+21.3,LB	+6.58,+18.9,+21.3,BA	+2.94,+229.3,+21.4,KB	+2.76,+239.6,+19.7,KB	+2.47,+256.8,+20.5,FB	+2.89,+232.6,+19.7,@B	
1699884440.6400087	+6.72,+5.7,+21.3,HB	+6.58,+19.0,+21.4,MA	+2.94,+229.4,+21.3,KB	+2.77,+239.6,+19.7,JB	+2.47,+257.1,+20.5,NB	+2.89,+232.6,+19.7,@B	
1699884502.646516	+6.73,+5.5,+21.3,KB	+6.58,+18.9,+21.3,BA	+2.94,+229.5,+21.3,JB	+2.77,+239.5,+19.7,IB	+2.48,+256.1,+20.5,@B	+2.89,+232.6,+19.7,@B	
1699884564.6557975	+6.74,+5.1,+21.3,HB	+6.58,+18.9,+21.3,BA	+2.94,+229.4,+21.3,KB	+2.77,+239.6,+19.7,JB	+2.49,+256.0,+20.5,@B	+2.89,+232.6,+19.7,@B	
1699884626.665008	+6.73,+5.4,+21.3,JB	+6.58,+18.9,+21.3,BA	+2.94,+229.4,+21.4,LB	+2.77,+239.6,+19.7,JB	+2.48,+256.6,+20.5,GB	+2.89,+232.6,+19.7,@B	
1699884688.675442	+6.73,+5.2,+21.3,LB	+6.58,+18.9,+21.3,BA	+2.94,+229.5,+21.4,MB	+2.77,+239.5,+19.7,IB	+2.47,+256.9,+20.5,GB	+2.89,+232.6,+19.7,@B	
1699884750.684695	+6.73,+5.3,+21.3,MB	+6.58,+18.9,+21.3,BA	+2.94,+229.4,+21.3,KB	+2.77,+239.5,+19.7,IB	+2.47,+257.1,+20.5,NB	+2.88,+232.7,+19.7,@B	
1699884812.6945083	+6.74,+4.6,+21.3,NB	+6.58,+18.9,+21.3,BA	+2.94,+229.5,+21.3,JB	+2.77,+239.5,+19.7,IB	+2.46,+257.4,+20.5,JB	+2.89,+232.6,+19.7,@B	
1699884874.703184	+6.70,+6.8,+21.3,FB	+6.58,+18.9,+21.3,BA	+2.94,+229.4,+21.3,KB	+2.76,+239.6,+19.7,KB	+2.46,+257.8,+20.5,FB	+2.89,+232.6,+19.7,@B	
1699884936.7121575	+6.72,+6.1,+21.3,MB	+6.58,+18.9,+21.4,EA	+2.94,+229.5,+21.3,JB	+2.76,+239.6,+19.7,KB	+2.45,+258.3,+20.5,AB	+2.89,+232.6,+19.7,@B	
1699884998.71691	+6.72,+6.0,+21.3,LB	+6.58,+18.9,+21.3,BA	+2.94,+229.4,+21.3,KB	+2.76,+239.7,+19.7,JB	+2.45,+258.3,+20.5,AB	+2.89,+232.6,+19.7,@B	
1699885060.723299	+6.73,+5.6,+21.3,HB	+6.58,+18.8,+21.3,CA	+2.94,+229.4,+21.3,KB	+2.76,+239.8,+19.7,EB	+2.44,+258.7,+20.5,DB	+2.89,+232.6,+19.7,@B	
1699885122.7340941	+6.73,+5.2,+21.3,LB	+6.58,+18.8,+21.3,CA	+2.94,+229.5,+21.3,JB	+2.76,+239.9,+19.7,DB	+2.43,+259.0,+20.5,EB	+2.89,+232.6,+19.7,@B	
1699885184.7441595	+6.74,+5.1,+21.3,HB	+6.58,+18.8,+21.4,DA	+2.94,+229.4,+21.3,KB	+2.76,+239.9,+19.7,DB	+2.44,+258.8,+20.5,KB	+2.89,+232.6,+19.7,@B	
1699885246.7508864	+6.73,+5.4,+21.3,JB	+6.58,+18.8,+21.3,CA	+2.94,+229.5,+21.3,JB	+2.76,+239.9,+19.7,DB	+2.46,+257.7,+20.5,IB	+2.89,+232.6,+19.7,@B	
1699885308.760993	+6.74,+5.0,+21.3,IB	+6.58,+18.8,+21.4,DA	+2.94,+229.4,+21.3,KB	+2.76,+239.9,+19.7,DB	+2.46,+257.6,+20.5,HB	+2.89,+232.6,+19.7,@B	
1699885370.7705626	+6.73,+5.3,+21.3,MB	+6.58,+18.7,+21.3,LA	+2.94,+229.5,+21.3,JB	+2.76,+240.0,+19.7,CB	+2.48,+256.5,+20.5,DB	+2.89,+232.6,+19.7,@B	
1699885432.781138	+6.74,+4.6,+21.3,NB	+6.58,+18.7,+21.3,LA	+2.94,+229.4,+21.3,KB	+2.76,+239.9,+19.7,DB	+2.51,+254.7,+20.5,LB	+2.89,+232.6,+19.7,@B	
1699885494.7903426	+6.74,+4.6,+21.3,NB	+6.58,+18.7,+21.3,LA	+2.94,+229.5,+21.4,MB	+2.76,+240.0,+19.7,CB	+2.50,+255.2,+20.5,IB	+2.89,+232.6,+19.7,@B	
1699885556.7969797	+6.74,+4.5,+21.3,MB	+6.58,+18.7,+21.4,KA	+2.94,+229.4,+21.3,KB	+2.76,+240.0,+19.7,CB	+2.50,+255.2,+20.5,IB	+2.89,+232.6,+19.7,@B	
1699885618.806664	+6.74,+4.9,+21.3,AB	+6.58,+18.7,+21.3,LA	+2.94,+229.4,+21.4,LB	+2.76,+240.0,+19.7,CB	+2.51,+254.7,+20.5,LB	+2.89,+232.6,+19.7,@B	
1699885680.816811	+6.74,+5.1,+21.3,HB	+6.58,+18.7,+21.3,LA	+2.94,+229.4,+21.3,KB	+2.76,+239.8,+19.7,EB	+2.51,+254.4,+20.5,OB	+2.89,+232.5,+19.7,CB	
1699885742.8268523	+6.74,+4.9,+21.3,AB	+6.58,+18.7,+21.3,LA	+2.94,+229.5,+21.4,MB	+2.76,+239.8,+19.7,EB	+2.52,+253.9,+20.5,FB	+2.89,+232.6,+19.7,@B	
1699885804.835898	+6.75,+4.5,+21.3,LB	+6.58,+18.7,+21.3,LA	+2.94,+229.4,+21.3,KB	+2.76,+239.9,+19.7,DB	+2.52,+254.1,+20.5,IB	+2.89,+232.5,+19.7,CB	
1699885866.843958	+6.75,+4.3,+21.3,JB	+6.58,+18.6,+21.4,JA	+2.94,+229.4,+21.3,KB	+2.76,+239.9,+19.7,DB	+2.52,+254.0,+20.5,HB	+2.88,+232.7,+19.7,@B	
1699885928.853108	+6.74,+4.6,+21.3,NB	+6.58,+18.6,+21.3,MA	+2.94,+229.4,+21.3,KB	+2.76,+239.9,+19.7,DB	+2.51,+254.7,+20.5,LB	+2.89,+232.6,+19.7,@B	
1699885990.8600082	+6.74,+4.9,+21.3,AB	+6.58,+18.6,+21.4,JA	+2.94,+229.4,+21.3,KB	+2.76,+240.0,+19.7,CB	+2.50,+255.1,+20.5,JB	+2.89,+232.6,+19.7,@B	
1699886052.8703642	+6.75,+4.4,+21.3,MB	+6.58,+18.5,+21.4,IA	+2.94,+229.4,+21.3,KB	+2.76,+239.9,+19.7,DB	+2.49,+255.7,+20.5,DB	+2.88,+232.6,+19.7,AB	
1699886114.879776	+6.75,+4.4,+21.3,MB	+6.58,+18.6,+21.3,MA	+2.94,+229.5,+21.3,JB	+2.76,+239.9,+19.7,DB	+2.49,+255.8,+20.5,KB	+2.88,+232.6,+19.7,AB	
1699886176.89032	+6.74,+4.7,+21.3,OB	+6.58,+18.6,+21.3,MA	+2.94,+229.4,+21.3,KB	+2.76,+240.1,+19.7,BB	+2.49,+255.9,+20.5,JB	+2.89,+232.6,+19.7,@B	
1699886238.9012406	+6.75,+4.2,+21.3,KB	+6.58,+18.6,+21.3,MA	+2.94,+229.5,+21.4,MB	+2.76,+240.0,+19.7,CB	+2.50,+255.5,+20.5,NB	+2.89,+232.5,+19.7,CB	
1699886300.9107525	+6.72,+6.2,+21.3,NB	+6.58,+18.6,+21.3,MA	+2.94,+229.4,+21.3,KB	+2.76,+240.1,+19.7,BB	+2.50,+255.3,+20.5,HB	+2.89,+232.6,+19.7,@B	
1699886362.9209769	+6.73,+5.5,+21.3,KB	+6.58,+18.6,+21.4,JA	+2.94,+229.5,+21.3,JB	+2.76,+240.1,+19.7,BB	+2.50,+255.4,+20.5,OB	+2.89,+232.6,+19.7,@B	
1699886424.93193	+6.74,+5.0,+21.3,IB	+6.58,+18.6,+21.3,MA	+2.94,+229.5,+21.3,JB	+2.75,+240.2,+19.7,BB	+2.48,+256.3,+20.5,BB	+2.89,+232.6,+19.7,@B	
1699886486.9408455	+6.75,+4.3,+21.3,JB	+6.58,+18.5,+21.3,NA	+2.94,+229.4,+21.4,LB	+2.75,+240.3,+19.7,CB	+2.47,+257.2,+20.5,MB	+2.89,+232.6,+19.7,@B	
1699886548.9488974	+6.74,+4.9,+21.3,AB	+6.58,+18.6,+21.3,MA	+2.94,+229.4,+21.3,KB	+2.75,+240.2,+19.7,BB	+2.45,+258.0,+20.5,BB	+2.89,+232.6,+19.7,@B	
1699886610.960641	+6.75,+4.0,+21.3,IB	+6.59,+18.5,+21.4,HA	+2.94,+229.5,+21.3,JB	+2.75,+240.2,+19.7,BB	+2.45,+258.0,+20.5,BB	+2.89,+232.6,+19.7,@B	
1699886672.9711633	+6.75,+4.3,+21.3,JB	+6.59,+18.5,+21.3,OA	+2.94,+229.4,+21.3,KB	+2.75,+240.3,+19.7,CB	+2.43,+259.1,+20.5,DB	+2.89,+232.6,+19.7,@B	
1699886734.9800162	+6.75,+4.4,+21.3,MB	+6.58,+18.5,+21.4,IA	+2.94,+229.5,+21.4,MB	+2.75,+240.3,+19.7,CB	+2.43,+259.2,+20.5,GB	+2.89,+232.6,+19.7,@B	
1699886796.990381	+6.75,+4.0,+21.3,IB	+6.59,+18.4,+21.3,NA	+2.94,+229.5,+21.4,MB	+2.75,+240.4,+19.7,DB	+2.43,+259.4,+20.5,AB	+2.89,+232.6,+19.7,@B	
1699886858.9993806	+6.76,+3.9,+21.3,DB	+6.59,+18.5,+21.3,OA	+2.94,+229.4,+21.3,KB	+2.75,+240.4,+19.7,DB	+2.45,+258.3,+20.5,AB	+2.89,+232.6,+19.7,@B	
1699886921.006197	+6.76,+3.8,+21.3,EB	+6.59,+18.5,+21.3,OA	+2.94,+229.5,+21.3,JB	+2.75,+240.3,+19.7,CB	+2.45,+258.0,+20.5,BB	+2.88,+232.7,+19.7,@B	
1699886983.0183222	+6.75,+4.0,+21.3,IB	+6.59,+18.4,+21.3,NA	+2.94,+229.4,+21.3,KB	+2.75,+240.2,+19.7,BB	+2.45,+258.0,+20.5,BB	+2.89,+232.6,+19.7,@B	
1699887045.029178	+6.76,+3.6,+21.3,KB	+6.59,+18.5,+21.4,HA	+2.94,+229.5,+21.4,MB	+2.76,+240.1,+19.7,BB	+2.45,+258.2,+20.5,@B	+2.89,+232.6,+19.7,@B	
1699887290.634524	+6.75,+4.0,+21.3,IB	+6.59,+18.4,+21.3,NA	+2.94,+229.4,+21.4,LB	+2.76,+239.7,+19.7,JB	+2.45,+258.3,+20.5,AB	+2.89,+232.4,+19.7,BB	
1699887352.6447804	+6.76,+3.8,+21.3,EB	+6.59,+18.4,+21.4,IA	+2.94,+229.4,+21.3,KB	+2.76,+239.7,+19.7,JB	+2.45,+258.0,+20.5,BB	+2.89,+232.6,+19.7,@B	
1699887414.6543	+6.76,+3.4,+21.3,IB	+6.59,+18.5,+21.3,OA	+2.94,+229.5,+21.3,JB	+2.77,+239.4,+19.7,HB	+2.45,+258.3,+20.5,AB	+2.88,+232.6,+19.7,AB	
1699887476.6650739	+6.76,+3.7,+21.3,JB	+6.59,+18.4,+21.3,NA	+2.94,+229.4,+21.3,KB	+2.77,+239.3,+19.7,OB	+2.45,+258.4,+20.5,FB	+2.89,+232.6,+19.7,@B	
1699887538.6746063	+6.76,+3.5,+21.3,HB	+6.59,+18.3,+21.3,IA	+2.94,+229.5,+21.4,MB	+2.77,+239.3,+19.7,OB	+2.44,+258.5,+20.5,FB	+2.89,+232.6,+19.7,@B	
1699887600.6824462	+6.76,+3.9,+21.3,DB	+6.59,+18.3,+21.4,NA	+2.94,+229.5,+21.3,JB	+2.77,+239.3,+19.7,OB	+2.45,+258.2,+20.5,@B	+2.89,+232.6,+19.7,@B	
1699887662.6895728	+6.76,+3.6,+21.3,KB	+6.59,+18.3,+21.4,NA	+2.94,+229.4,+21.4,LB	+2.77,+239.4,+19.7,HB	+2.45,+258.4,+20.5,FB	+2.89,+232.6,+19.7,@B	
1699887724.6992176	+6.77,+3.3,+21.3,OB	+6.59,+18.3,+21.3,IA	+2.94,+229.4,+21.3,KB	+2.77,+239.4,+19.7,HB	+2.46,+257.3,+20.5,MB	+2.89,+232.6,+19.7,@B	
1699887786.7098777	+6.74,+4.9,+21.3,AB	+6.59,+18.3,+21.3,IA	+2.94,+229.5,+21.3,JB	+2.77,+239.4,+19.7,HB	+2.46,+257.7,+20.5,IB	+2.89,+232.6,+19.7,@B	
1699887848.719844	+6.75,+4.2,+21.3,KB	+6.59,+18.3,+21.3,IA	+2.94,+229.5,+21.3,JB	+2.77,+239.3,+19.7,OB	+2.45,+258.0,+20.5,BB	+2.89,+232.6,+19.7,@B	
1699887910.7288299	+6.75,+4.2,+21.3,KB	+6.59,+18.3,+21.4,NA	+2.94,+229.5,+21.3,JB	+2.77,+239.5,+19.7,IB	+2.46,+257.5,+20.5,KB	+2.89,+232.6,+19.7,@B	
1699887972.7377517	+6.76,+3.8,+21.3,EB	+6.59,+18.3,+21.4,NA	+2.94,+229.5,+21.3,JB	+2.77,+239.3,+19.7,OB	+2.49,+255.8,+20.5,KB	+2.89,+232.6,+19.7,@B	
1699888034.7476802	+6.76,+3.7,+21.3,JB	+6.59,+18.2,+21.3,HA	+2.94,+229.5,+21.3,JB	+2.77,+239.3,+19.7,OB	+2.49,+256.0,+20.5,@B	+2.89,+232.6,+19.7,@B	
1699888096.7541962	+6.77,+3.3,+21.3,OB	+6.59,+18.2,+21.3,HA	+2.94,+229.5,+21.3,JB	+2.77,+239.3,+19.7,OB	+2.51,+254.9,+20.5,BB	+2.89,+232.6,+19.7,@B	
1699888158.761975	+6.75,+3.9,+21.3,GB	+6.59,+18.2,+21.3,HA	+2.94,+229.5,+21.3,JB	+2.77,+239.4,+19.7,HB	+2.51,+254.5,+20.5,NB	+2.89,+232.6,+19.7,@B	
1699888220.771467	+6.76,+3.8,+21.3,EB	+6.59,+18.2,+21.3,HA	+2.94,+229.5,+21.4,MB	+2.77,+239.4,+19.7,HB	+2.51,+254.7,+20.5,LB	+2.88,+232.7,+19.7,@B	
1699888282.7801106	+6.76,+3.3,+21.3,NB	+6.59,+18.1,+21.3,KA	+2.94,+229.5,+21.3,JB	+2.77,+239.5,+19.7,IB	+2.51,+254.8,+20.5,CB	+2.88,+232.7,+19.7,@B	
1699888344.7904844	+6.76,+3.4,+21.3,IB	+6.59,+18.1,+21.3,KA	+2.94,+229.5,+21.4,MB	+2.77,+239.5,+19.7,IB	+2.49,+255.6,+20.5,EB	+2.89,+232.6,+19.7,@B	
1699888406.7998233	+6.76,+3.6,+21.3,KB	+6.59,+18.1,+21.4,LA	+2.94,+229.5,+21.3,JB	+2.77,+239.5,+19.7,IB	+2.50,+255.0,+20.5,KB	+2.89,+232.6,+19.7,@B	
1699888468.810937	+6.77,+3.0,+21.3,LB	+6.59,+18.0,+21.4,MA	+2.94,+229.4,+21.4,LB	+2.76,+239.6,+19.7,KB	+2.50,+255.1,+20.5,JB	+2.89,+232.6,+19.7,@B	
1699888530.8212993	+6.77,+3.3,+21.3,OB	+6.59,+18.0,+21.4,MA	+2.94,+229.4,+21.4,LB	+2.77,+239.5,+19.7,IB	+2.49,+255.6,+20.5,EB	+2.89,+232.6,+19.7,@B	
1699888592.8302643	+6.76,+3.6,+21.3,KB	+6.59,+18.1,+21.3,KA	+2.94,+229.4,+21.4,LB	+2.76,+239.6,+19.7,KB	+2.48,+256.5,+20.5,DB	+2.89,+232.6,+19.7,@B	
1699888654.839715	+6.76,+3.5,+21.3,HB	+6.59,+18.1,+21.3,KA	+2.94,+229.4,+21.4,LB	+2.76,+239.7,+19.7,JB	+2.49,+255.6,+20.5,EB	+2.89,+232.6,+19.7,@B	
1699888716.8503153	+6.76,+3.8,+21.3,EB	+6.59,+18.0,+21.3,JA	+2.94,+229.4,+21.4,LB	+2.76,+239.7,+19.7,JB	+2.48,+256.2,+20.5,CB	+2.89,+232.6,+19.7,@B	
1699888778.8583887	+6.76,+3.4,+21.3,IB	+6.59,+18.1,+21.4,LA	+2.94,+229.5,+21.4,MB	+2.76,+239.7,+19.7,JB	+2.47,+256.8,+20.5,FB	+2.89,+232.7,+19.7,AB	
1699888840.8665245	+6.76,+3.8,+21.3,EB	+6.59,+18.1,+21.3,KA	+2.94,+229.5,+21.4,MB	+2.77,+239.6,+19.7,JB	+2.48,+256.3,+20.5,BB	+2.89,+232.6,+19.7,@B	
1699888902.8771052	+6.75,+4.0,+21.3,IB	+6.59,+18.0,+21.4,MA	+2.94,+229.5,+21.3,JB	+2.77,+239.5,+19.7,IB	+2.48,+256.7,+20.5,FB	+2.89,+232.5,+19.7,CB	
1699888964.8851628	+6.76,+3.8,+21.3,EB	+6.59,+18.1,+21.4,LA	+2.94,+229.5,+21.4,MB	+2.77,+239.4,+19.7,HB	+2.46,+257.7,+20.5,IB	+2.89,+232.6,+19.7,@B	
1699889026.895979	+6.76,+3.9,+21.3,DB	+6.59,+18.1,+21.4,LA	+2.94,+229.5,+21.3,JB	+2.77,+239.4,+19.7,HB	+2.46,+257.8,+20.5,FB	+2.89,+232.6,+19.7,@B	
1699889088.9062572	+6.72,+5.8,+21.3,GB	+6.59,+18.0,+21.4,MA	+2.94,+229.5,+21.4,MB	+2.77,+239.3,+19.8,@B	+2.48,+256.5,+20.5,DB	+2.89,+232.6,+19.7,@B	
1699889150.9168208	+6.74,+4.9,+21.3,AB	+6.59,+18.0,+21.4,MA	+2.94,+229.4,+21.4,LB	+2.77,+239.2,+19.7,NB	+2.49,+255.9,+20.5,JB	+2.89,+232.6,+19.7,@B	
1699889212.9262493	+6.74,+4.7,+21.3,OB	+6.59,+18.0,+21.4,MA	+2.94,+229.4,+21.4,LB	+2.77,+239.1,+19.7,MB	+2.48,+256.3,+20.5,BB	+2.89,+232.6,+19.7,@B	
1699889274.9323683	+6.76,+3.8,+21.3,EB	+6.60,+17.9,+21.4,AA	+2.94,+229.4,+21.4,LB	+2.77,+239.1,+19.7,MB	+2.48,+256.6,+20.5,GB	+2.89,+232.6,+19.7,@B	
1699889336.94249	+6.76,+3.7,+21.3,JB	+6.60,+17.9,+21.3,FA	+2.94,+229.5,+21.4,MB	+2.77,+239.2,+19.7,NB	+2.46,+257.5,+20.5,KB	+2.89,+232.6,+19.7,@B	
1699889398.9511979	+6.76,+3.7,+21.3,JB	+6.60,+17.9,+21.4,AA	+2.94,+229.4,+21.3,KB	+2.77,+239.2,+19.7,NB	+2.46,+257.7,+20.5,IB	+2.89,+232.6,+19.7,@B	
1699889460.9610233	+6.76,+3.5,+21.3,HB	+6.60,+17.9,+21.4,AA	+2.94,+229.5,+21.3,JB	+2.77,+239.1,+19.7,MB	+2.45,+258.1,+20.5,CB	+2.89,+232.6,+19.7,@B	
1699889522.9712248	+6.77,+2.9,+21.3,DB	+6.60,+17.9,+21.4,AA	+2.94,+229.5,+21.4,MB	+2.77,+239.2,+19.8,AB	+2.46,+257.6,+20.5,HB	+2.89,+232.6,+19.7,@B	
1699889584.9804635	+6.77,+2.8,+21.3,EB	+6.60,+17.9,+21.4,AA	+2.94,+229.4,+21.4,LB	+2.77,+239.2,+19.7,NB	+2.47,+256.8,+20.5,FB	+2.89,+232.6,+19.7,@B	
1699889646.9899805	+6.77,+2.9,+21.3,DB	+6.60,+17.8,+21.3,GA	+2.94,+229.4,+21.4,LB	+2.77,+239.3,+19.8,@B	+2.54,+253.0,+20.5,IB	+2.89,+232.6,+19.7,@B	
1699889708.9998517	+6.76,+3.4,+21.3,IB	+6.60,+17.9,+21.4,AA	+2.94,+229.4,+21.4,LB	+2.77,+239.3,+19.7,OB	+2.51,+254.7,+20.5,LB	+2.89,+232.6,+19.7,@B	
1699889771.0090246	+6.77,+3.3,+21.3,OB	+6.60,+17.9,+21.4,AA	+2.94,+229.5,+21.4,MB	+2.77,+239.2,+19.7,NB	+2.48,+256.4,+20.5,EB	+2.89,+232.6,+19.7,@B	
1699889833.0180893	+6.76,+3.6,+21.3,KB	+6.60,+17.8,+21.4,@A	+2.94,+229.5,+21.4,MB	+2.77,+239.3,+19.7,OB	+2.47,+257.3,+20.6,OB	+2.89,+232.7,+19.7,AB	
1699889895.0270565	+6.77,+3.2,+21.3,NB	+6.60,+17.8,+21.4,@A	+2.94,+229.5,+21.3,JB	+2.77,+239.3,+19.7,OB	+2.45,+258.0,+20.5,BB	+2.89,+232.6,+19.7,@B	
1699889957.03749	+6.77,+3.3,+21.3,OB	+6.60,+17.9,+21.4,AA	+2.94,+229.5,+21.4,MB	+2.77,+239.4,+19.7,HB	+2.45,+258.1,+20.5,CB	+2.89,+232.6,+19.7,@B	
1699890019.0480807	+6.77,+3.1,+21.3,MB	+6.60,+17.8,+21.4,@A	+2.94,+229.5,+21.4,MB	+2.77,+239.4,+19.7,HB	+2.46,+257.6,+20.6,KB	+2.89,+232.6,+19.7,@B	
1699890081.0562499	+6.76,+3.5,+21.3,HB	+6.60,+17.9,+21.4,AA	+2.94,+229.5,+21.4,MB	+2.77,+239.4,+19.7,HB	+2.48,+256.2,+20.5,CB	+2.89,+232.6,+19.7,@B	
1699890143.0628335	+6.76,+3.4,+21.3,IB	+6.60,+17.8,+21.4,@A	+2.94,+229.5,+21.4,MB	+2.77,+239.4,+19.7,HB	+2.48,+256.4,+20.5,EB	+2.89,+232.6,+19.7,@B	
1699890205.070977	+6.77,+3.3,+21.3,OB	+6.60,+17.8,+21.4,@A	+2.94,+229.5,+21.4,MB	+2.77,+239.4,+19.7,HB	+2.47,+256.9,+20.6,DB	+2.89,+232.6,+19.8,OB	
1699890267.080752	+6.77,+3.3,+21.3,OB	+6.60,+17.9,+21.4,AA	+2.94,+229.5,+21.4,MB	+2.77,+239.3,+19.7,OB	+2.45,+258.2,+20.5,@B	+2.89,+232.5,+19.8,LB	
1699890329.088514	+6.76,+3.5,+21.3,HB	+6.60,+17.8,+21.4,@A	+2.94,+229.5,+21.4,MB	+2.77,+239.3,+19.8,@B	+2.44,+258.8,+20.5,KB	+2.89,+232.7,+19.8,NB	
1699890391.1010416	+6.73,+5.3,+21.3,MB	+6.60,+17.8,+21.4,@A	+2.94,+229.5,+21.4,MB	+2.77,+239.5,+19.8,FB	+2.44,+258.6,+20.6,FB	+2.89,+232.6,+19.8,OB	
1699890453.109839	+6.75,+4.2,+21.3,KB	+6.60,+17.7,+21.4,OA	+2.94,+229.5,+21.4,MB	+2.77,+239.4,+19.8,GB	+2.47,+257.3,+20.6,OB	+2.89,+232.7,+19.8,NB	
1699890515.1185858	+6.77,+3.1,+21.3,MB	+6.60,+17.7,+21.4,OA	+2.94,+229.4,+21.4,LB	+2.77,+239.4,+19.8,GB	+2.47,+256.9,+20.6,DB	+2.89,+232.7,+19.8,NB	
1699890577.1288166	+6.77,+3.1,+21.3,MB	+6.60,+17.7,+21.4,OA	+2.94,+229.5,+21.4,MB	+2.77,+239.5,+19.8,FB	+2.46,+257.4,+20.6,IB	+2.89,+232.7,+19.8,NB	
1699890639.1361365	+6.78,+2.7,+21.3,EB	+6.60,+17.7,+21.4,OA	+2.94,+229.5,+21.4,MB	+2.77,+239.5,+19.8,FB	+2.47,+257.2,+20.6,NB	+2.89,+232.7,+19.8,NB	
1699890701.142639	+6.78,+2.6,+21.4,CB	+6.60,+17.7,+21.4,OA	+2.94,+229.5,+21.4,MB	+2.77,+239.5,+19.8,FB	+2.47,+257.3,+20.6,OB	+2.89,+232.7,+19.8,NB	
1699890763.1531148	+6.77,+3.0,+21.3,LB	+6.60,+17.7,+21.4,OA	+2.94,+229.5,+21.4,MB	+2.77,+239.5,+19.8,FB	+2.48,+256.4,+20.6,FB	+2.89,+232.7,+19.8,NB	
1699890825.1628015	+6.77,+3.2,+21.4,IB	+6.60,+17.7,+21.4,OA	+2.94,+229.5,+21.4,MB	+2.77,+239.5,+19.8,FB	+2.48,+256.6,+20.6,DB	+2.89,+232.6,+19.8,OB	
1699890887.1735404	+6.76,+3.4,+21.3,IB	+6.60,+17.7,+21.4,OA	+2.94,+229.5,+21.4,MB	+2.77,+239.5,+19.8,FB	+2.46,+257.4,+20.6,IB	+2.89,+232.7,+19.8,NB	
1699891132.7271981	+6.77,+3.0,+21.3,LB	+6.60,+17.6,+21.4,NA	+2.94,+229.5,+21.4,MB	+2.77,+239.5,+19.8,FB	+2.44,+258.8,+20.6,HB	+2.89,+232.4,+19.8,MB	
1699891194.7380073	+6.76,+3.4,+21.3,IB	+6.60,+17.6,+21.4,NA	+2.94,+229.5,+21.4,MB	+2.76,+239.6,+19.8,DB	+2.42,+260.0,+20.6,MB	+2.89,+232.7,+19.8,NB	
1699891256.746229	+6.76,+3.6,+21.4,LB	+6.60,+17.6,+21.4,NA	+2.94,+229.5,+21.4,MB	+2.76,+239.8,+19.8,JB	+2.40,+260.8,+20.6,GB	+2.89,+232.6,+19.8,OB	
1699891318.751705	+6.77,+2.9,+21.4,CB	+6.60,+17.5,+21.4,MA	+2.94,+229.5,+21.4,MB	+2.76,+239.8,+19.8,JB	+2.41,+260.5,+20.6,KB	+2.89,+232.7,+19.8,NB	
1699891380.760834	+6.77,+2.9,+21.3,DB	+6.60,+17.4,+21.4,LA	+2.94,+229.5,+21.4,MB	+2.76,+240.0,+19.8,LB	+2.42,+260.0,+20.6,MB	+2.89,+232.7,+19.8,NB	
1699891442.7706568	+6.78,+2.3,+21.3,AB	+6.60,+17.4,+21.4,LA	+2.94,+229.5,+21.4,MB	+2.76,+239.9,+19.8,KB	+2.42,+260.1,+20.6,LB	+2.88,+232.7,+19.8,OB	
1699891504.7808836	+6.77,+2.9,+21.3,DB	+6.60,+17.4,+21.4,LA	+2.94,+229.6,+21.4,NB	+2.76,+239.8,+19.8,JB	+2.41,+260.4,+20.6,JB	+2.88,+232.7,+19.8,OB	
1699891566.7898505	+6.77,+2.9,+21.3,DB	+6.60,+17.5,+21.4,MA	+2.94,+229.5,+21.4,MB	+2.76,+239.9,+19.8,KB	+2.41,+260.3,+20.6,MB	+2.88,+232.8,+19.8,@B	
1699891628.7987108	+6.77,+3.1,+21.4,JB	+6.60,+17.4,+21.4,LA	+2.94,+229.5,+21.4,MB	+2.76,+240.0,+19.8,LB	+2.41,+260.2,+20.6,LB	+2.88,+232.7,+19.8,OB	
1699891690.8080041	+6.78,+2.8,+21.3,JB	+6.60,+17.4,+21.4,LA	+2.94,+229.5,+21.4,MB	+2.76,+239.9,+19.8,KB	+2.43,+259.2,+20.6,DB	+2.89,+232.7,+19.8,NB	
1699891752.81744	+6.77,+3.2,+21.3,NB	+6.60,+17.5,+21.4,MA	+2.94,+229.5,+21.4,MB	+2.76,+240.0,+19.8,LB	+2.45,+258.4,+20.6,EB	+2.89,+232.7,+19.8,NB	
1699891814.8272061	+6.76,+3.6,+21.3,KB	+6.60,+17.5,+21.4,MA	+2.94,+229.5,+21.4,MB	+2.76,+240.0,+19.8,LB	+2.44,+258.8,+20.6,HB	+2.88,+232.8,+19.8,@B	
1699891876.8372653	+6.74,+4.5,+21.3,MB	+6.60,+17.5,+21.4,MA	+2.94,+229.4,+21.4,LB	+2.76,+239.9,+19.8,KB	+2.43,+259.3,+20.6,EB	+2.88,+232.7,+19.8,OB	
1699891938.846591	+6.75,+4.3,+21.4,MB	+6.60,+17.5,+21.4,MA	+2.94,+229.5,+21.4,MB	+2.76,+240.0,+19.8,LB	+2.43,+259.4,+20.6,BB	+2.88,+232.7,+19.8,OB	
1699892000.8528228	+6.76,+3.8,+21.3,EB	+6.60,+17.5,+21.4,MA	+2.94,+229.5,+21.4,MB	+2.76,+240.1,+19.8,MB	+2.43,+259.4,+20.6,BB	+2.89,+232.7,+19.8,NB	
1699892062.8599868	+6.76,+3.8,+21.4,BB	+6.60,+17.5,+21.4,MA	+2.94,+229.6,+21.4,NB	+2.76,+239.7,+19.8,EB	+2.44,+258.5,+20.6,EB	+2.89,+232.7,+19.8,NB	
1699892124.8719003	+6.76,+3.4,+21.4,NB	+6.60,+17.5,+21.4,MA	+2.94,+229.5,+21.4,MB	+2.76,+239.7,+19.8,EB	+2.45,+258.2,+20.6,CB	+2.88,+232.7,+19.8,OB	
1699892186.880404	+6.76,+3.9,+21.4,CB	+6.60,+17.5,+21.4,MA	+2.94,+229.5,+21.4,MB	+2.77,+239.6,+19.8,EB	+2.45,+258.4,+20.6,EB	+2.89,+232.7,+19.8,NB	
1699892248.8899746	+6.75,+4.1,+21.3,HB	+6.60,+17.4,+21.4,LA	+2.94,+229.5,+21.4,MB	+2.77,+239.4,+19.8,GB	+2.44,+258.9,+20.6,IB	+2.89,+232.7,+19.8,NB	
1699892310.8991826	+6.76,+3.8,+21.4,BB	+6.60,+17.4,+21.4,LA	+2.94,+229.5,+21.4,MB	+2.77,+239.4,+19.8,GB	+2.46,+257.8,+20.6,EB	+2.88,+232.8,+19.8,@B	
1699892372.9100876	+6.76,+3.8,+21.4,BB	+6.60,+17.4,+21.4,LA	+2.94,+229.5,+21.4,MB	+2.77,+239.5,+19.8,FB	+2.48,+256.6,+20.6,DB	+2.89,+232.7,+19.8,NB	
1699892434.917869	+6.76,+3.7,+21.3,JB	+6.60,+17.4,+21.4,LA	+2.94,+229.4,+21.4,LB	+2.77,+239.5,+19.8,FB	+2.47,+257.1,+20.6,MB	+2.88,+232.8,+19.8,@B	
1699892496.9285717	+6.76,+3.7,+21.3,JB	+6.60,+17.5,+21.4,MA	+2.94,+229.6,+21.4,NB	+2.77,+239.5,+19.8,FB	+2.47,+257.0,+20.6,LB	+2.88,+232.7,+19.8,OB	
1699892558.9361038	+6.75,+4.1,+21.3,HB	+6.60,+17.5,+21.4,MA	+2.94,+229.5,+21.4,MB	+2.76,+239.6,+19.8,DB	+2.47,+257.3,+20.6,OB	+2.89,+232.7,+19.8,NB	
1699892620.944148	+6.75,+4.1,+21.4,OB	+6.60,+17.4,+21.4,LA	+2.94,+229.6,+21.4,NB	+2.76,+239.6,+19.8,DB	+2.45,+258.1,+20.6,@B	+2.89,+232.7,+19.8,NB	
1699892682.9527009	+6.75,+4.3,+21.4,MB	+6.60,+17.4,+21.4,LA	+2.94,+229.6,+21.4,NB	+2.76,+239.6,+19.8,DB	+2.45,+258.1,+20.6,@B	+2.89,+232.7,+19.8,NB	
1699892744.9592614	+6.75,+3.9,+21.4,@B	+6.60,+17.5,+21.4,MA	+2.94,+229.5,+21.4,MB	+2.76,+239.7,+19.8,EB	+2.45,+258.4,+20.6,EB	+2.89,+232.7,+19.8,NB	
1699892806.9689636	+6.75,+4.1,+21.3,HB	+6.60,+17.5,+21.4,MA	+2.94,+229.5,+21.4,MB	+2.76,+239.7,+19.8,EB	+2.44,+258.6,+20.6,FB	+2.89,+232.7,+19.8,NB	
1699892868.9775667	+6.75,+4.2,+21.3,KB	+6.60,+17.5,+21.4,MA	+2.94,+229.5,+21.4,MB	+2.76,+239.8,+19.8,JB	+2.48,+256.3,+20.6,AB	+2.88,+232.7,+19.8,OB	
1699892930.98649	+6.76,+3.7,+21.4,MB	+6.60,+17.5,+21.4,MA	+2.94,+229.5,+21.4,MB	+2.77,+239.6,+19.8,EB	+2.48,+256.5,+20.6,GB	+2.88,+232.7,+19.8,OB	
1699892992.9959567	+6.76,+3.5,+21.3,HB	+6.60,+17.5,+21.4,MA	+2.94,+229.5,+21.4,MB	+2.77,+239.6,+19.8,EB	+2.48,+256.7,+20.6,EB	+2.89,+232.7,+19.8,NB	
1699893055.0038207	+6.76,+3.5,+21.3,HB	+6.60,+17.5,+21.4,MA	+2.94,+229.5,+21.4,MB	+2.77,+239.6,+19.8,EB	+2.47,+257.0,+20.6,LB	+2.88,+232.7,+19.8,OB	
1699893117.0124881	+6.76,+3.8,+21.3,EB	+6.60,+17.5,+21.4,MA	+2.94,+229.5,+21.4,MB	+2.77,+239.6,+19.8,EB	+2.48,+256.7,+20.6,EB	+2.88,+232.7,+19.8,OB	
1699893179.0201256	+6.73,+5.2,+21.4,KB	+6.60,+17.4,+21.4,LA	+2.94,+229.6,+21.4,NB	+2.77,+239.6,+19.8,EB	+2.47,+257.1,+20.6,MB	+2.88,+232.8,+19.8,@B	
1699893241.028391	+6.75,+4.1,+21.4,OB	+6.60,+17.4,+21.4,LA	+2.94,+229.5,+21.4,MB	+2.76,+239.7,+19.8,EB	+2.46,+257.5,+20.6,HB	+2.89,+232.7,+19.8,NB	
1699893303.0354345	+6.76,+3.8,+21.4,BB	+6.61,+17.4,+21.4,MA	+2.94,+229.5,+21.4,MB	+2.76,+239.7,+19.8,EB	+2.45,+258.3,+20.6,BB	+2.88,+232.7,+19.8,OB	
1699893365.0441213	+6.76,+3.7,+21.4,MB	+6.60,+17.4,+21.4,LA	+2.94,+229.5,+21.4,MB	+2.76,+239.8,+19.8,JB	+2.46,+257.5,+20.6,HB	+2.88,+232.7,+19.8,OB	
1699893427.0524945	+6.76,+3.6,+21.3,KB	+6.61,+17.4,+21.4,MA	+2.94,+229.5,+21.4,MB	+2.76,+239.8,+19.8,JB	+2.44,+258.6,+20.6,FB	+2.88,+232.7,+19.8,OB	
1699893489.0620418	+6.77,+3.1,+21.3,MB	+6.60,+17.4,+21.4,LA	+2.94,+229.6,+21.4,NB	+2.76,+239.9,+19.8,KB	+2.46,+257.9,+20.6,DB	+2.88,+232.7,+19.8,OB	
1699893551.0707889	+6.76,+3.4,+21.4,NB	+6.60,+17.4,+21.4,LA	+2.94,+229.5,+21.4,MB	+2.76,+239.9,+19.8,KB	+2.43,+259.1,+20.6,GB	+2.88,+232.7,+19.8,OB	
1699893613.0780752	+6.76,+3.4,+21.4,NB	+6.60,+17.4,+21.4,LA	+2.94,+229.5,+21.4,MB	+2.76,+239.9,+19.8,KB	+2.42,+260.1,+20.6,LB	+2.88,+232.8,+19.8,@B	
1699893675.0868752	+6.77,+3.1,+21.4,JB	+6.60,+17.4,+21.4,LA	+2.94,+229.5,+21.4,MB	+2.76,+240.0,+19.8,LB	+2.41,+260.5,+20.6,KB	+2.88,+232.7,+19.8,OB	
1699893737.0973063	+6.77,+3.3,+21.4,HB	+6.60,+17.4,+21.4,LA	+2.94,+229.5,+21.4,MB	+2.76,+240.1,+19.8,MB	+2.42,+260.1,+20.6,LB	+2.88,+232.7,+19.8,OB	
1699893799.1075943	+6.77,+3.3,+21.4,HB	+6.60,+17.5,+21.4,MA	+2.94,+229.5,+21.4,MB	+2.76,+240.1,+19.8,MB	+2.43,+259.0,+20.6,FB	+2.88,+232.7,+19.8,OB	
1699893861.1165988	+6.77,+3.2,+21.4,IB	+6.60,+17.4,+21.4,LA	+2.94,+229.5,+21.4,MB	+2.75,+240.2,+19.8,MB	+2.43,+259.2,+20.6,DB	+2.88,+232.8,+19.8,@B	
1699893923.1252885	+6.77,+3.1,+21.3,MB	+6.60,+17.4,+21.4,LA	+2.94,+229.6,+21.4,NB	+2.75,+240.3,+19.8,LB	+2.43,+259.3,+20.6,EB	+2.88,+232.8,+19.8,@B	
1699893985.1343808	+6.76,+3.5,+21.3,HB	+6.60,+17.5,+21.4,MA	+2.94,+229.5,+21.4,MB	+2.75,+240.4,+19.8,KB	+2.44,+259.0,+20.6,AB	+2.88,+232.7,+19.8,OB	
1699894047.1408994	+6.77,+3.1,+21.4,JB	+6.60,+17.4,+21.4,LA	+2.94,+229.6,+21.4,NB	+2.75,+240.2,+19.8,MB	+2.43,+259.2,+20.6,DB	+2.88,+232.8,+19.8,@B	
1699894109.1512597	+6.77,+2.8,+21.4,BB	+6.61,+17.3,+21.4,JA	+2.94,+229.5,+21.4,MB	+2.75,+240.3,+19.8,LB	+2.44,+258.6,+20.6,FB	+2.88,+232.7,+19.8,OB	
1699894171.1607866	+6.77,+2.8,+21.3,EB	+6.61,+17.3,+21.4,JA	+2.94,+229.5,+21.4,MB	+2.75,+240.3,+19.8,LB	+2.44,+259.0,+20.6,AB	+2.89,+232.7,+19.8,NB	
1699894233.169884	+6.78,+2.7,+21.4,BB	+6.60,+17.4,+21.4,LA	+2.94,+229.6,+21.4,NB	+2.76,+240.2,+19.8,NB	+2.43,+259.4,+20.6,BB	+2.88,+232.7,+19.8,OB	
1699894295.1794538	+6.77,+3.1,+21.4,JB	+6.60,+17.4,+21.4,LA	+2.94,+229.5,+21.4,MB	+2.75,+240.2,+19.8,MB	+2.44,+259.0,+20.6,AB	+2.88,+232.8,+19.8,@B	
1699894357.1901145	+6.77,+2.9,+21.4,CB	+6.60,+17.5,+21.4,MA	+2.94,+229.6,+21.4,NB	+2.76,+240.1,+19.8,MB	+2.43,+259.4,+20.6,BB	+2.88,+232.8,+19.8,@B	
1699894419.198174	+6.77,+3.1,+21.3,MB	+6.60,+17.4,+21.4,LA	+2.94,+229.5,+21.4,MB	+2.76,+240.2,+19.8,NB	+2.42,+259.7,+20.6,@B	+2.88,+232.8,+19.8,@B	
1699894481.2057035	+6.76,+3.4,+21.4,NB	+6.60,+17.5,+21.4,MA	+2.94,+229.6,+21.4,NB	+2.75,+240.2,+19.8,MB	+2.42,+260.1,+20.6,LB	+2.88,+232.8,+19.8,@B	
1699894543.2190394	+6.76,+3.6,+21.4,LB	+6.60,+17.5,+21.4,MA	+2.94,+229.5,+21.4,MB	+2.75,+240.2,+19.8,MB	+2.41,+260.3,+20.6,MB	+2.88,+232.7,+19.8,OB	
1699894605.2252913	+6.72,+5.8,+21.4,@B	+6.60,+17.5,+21.4,MA	+2.94,+229.6,+21.4,NB	+2.75,+240.2,+19.8,MB	+2.44,+258.5,+20.6,EB	+2.88,+232.7,+19.8,OB	
1699894667.234019	+6.74,+5.0,+21.3,IB	+6.60,+17.4,+21.4,LA	+2.94,+229.5,+21.4,MB	+2.75,+240.4,+19.8,KB	+2.44,+258.9,+20.6,IB	+2.88,+232.7,+19.7,@B	
1699894729.2410524	+6.75,+4.2,+21.4,LB	+6.60,+17.5,+21.4,MA	+2.94,+229.6,+21.4,NB	+2.75,+240.3,+19.8,LB	+2.43,+259.2,+20.6,DB	+2.88,+232.8,+19.8,@B	
1699894974.7727509	+6.77,+3.2,+21.4,IB	+6.60,+17.4,+21.4,LA	+2.94,+229.6,+21.4,NB	+2.76,+240.2,+19.8,NB	+2.43,+259.5,+20.6,CB	+2.89,+232.5,+19.8,LB	
1699895036.7765856	+6.78,+2.8,+21.3,JB	+6.60,+17.5,+21.4,MA	+2.94,+229.5,+21.4,MB	+2.76,+240.2,+19.8,NB	+2.45,+258.1,+20.6,@B	+2.88,+232.8,+19.8,@B	
1699895098.78376	+6.78,+2.6,+21.4,CB	+6.60,+17.4,+21.4,LA	+2.94,+229.6,+21.4,NB	+2.75,+240.4,+19.8,KB	+2.47,+257.2,+20.6,NB	+2.88,+232.8,+19.8,@B	
1699895160.7913334	+6.77,+3.1,+21.4,JB	+6.60,+17.4,+21.4,LA	+2.94,+229.5,+21.4,MB	+2.75,+240.4,+19.8,KB	+2.46,+257.6,+20.6,KB	+2.88,+232.8,+19.8,@B	
1699895222.8012457	+6.78,+2.5,+21.4,@B	+6.60,+17.5,+21.4,MA	+2.94,+229.6,+21.4,NB	+2.75,+240.4,+19.8,KB	+2.46,+257.6,+20.6,KB	+2.88,+232.8,+19.8,@B	
1699895284.8103857	+6.78,+2.7,+21.4,BB	+6.60,+17.5,+21.4,MA	+2.94,+229.5,+21.4,MB	+2.75,+240.5,+19.8,JB	+2.48,+256.7,+20.6,EB	+2.88,+232.8,+19.8,@B	
1699895346.8212595	+6.77,+3.3,+21.3,OB	+6.60,+17.5,+21.4,MA	+2.94,+229.6,+21.4,NB	+2.75,+240.6,+19.8,IB	+2.47,+257.1,+20.6,MB	+2.88,+232.8,+19.8,@B	
1699895408.8295298	+6.76,+3.4,+21.3,IB	+6.60,+17.5,+21.4,MA	+2.94,+229.5,+21.4,MB	+2.75,+240.6,+19.8,IB	+2.47,+257.2,+20.6,NB	+2.88,+232.8,+19.8,@B	
1699895470.8401957	+6.76,+3.5,+21.3,HB	+6.60,+17.6,+21.4,NA	+2.94,+229.6,+21.4,NB	+2.75,+240.6,+19.8,IB	+2.46,+257.7,+20.6,JB	+2.88,+232.7,+19.8,OB	
1699895532.850503	+6.77,+3.2,+21.4,IB	+6.60,+17.5,+21.4,MA	+2.94,+229.6,+21.4,NB	+2.75,+240.4,+19.8,KB	+2.47,+256.9,+20.6,DB	+2.88,+232.8,+19.8,@B	
1699895594.8609502	+6.76,+3.5,+21.4,OB	+6.60,+17.5,+21.4,MA	+2.94,+229.6,+21.4,NB	+2.75,+240.3,+19.8,LB	+2.48,+256.3,+20.6,AB	+2.89,+232.7,+19.8,NB	
1699895656.8703866	+6.76,+3.6,+21.4,LB	+6.60,+17.5,+21.4,MA	+2.94,+229.6,+21.4,NB	+2.76,+240.1,+19.8,MB	+2.48,+256.4,+20.6,FB	+2.88,+232.8,+19.8,@B	
1699895718.8803375	+6.76,+3.7,+21.4,MB	+6.60,+17.5,+21.4,MA	+2.94,+229.6,+21.4,NB	+2.76,+240.2,+19.8,NB	+2.48,+256.4,+20.6,FB	+2.88,+232.8,+19.8,@B	
1699895780.890257	+6.76,+3.8,+21.3,EB	+6.60,+17.5,+21.4,MA	+2.94,+229.5,+21.4,MB	+2.76,+240.2,+19.8,NB	+2.48,+256.4,+20.6,FB	+2.88,+232.8,+19.8,@B	
1699895842.8951578	+6.76,+3.6,+21.4,LB	+6.60,+17.5,+21.4,MA	+2.94,+229.5,+21.4,MB	+2.75,+240.2,+19.8,MB	+2.48,+256.4,+20.6,FB	+2.88,+232.8,+19.8,@B	
1699895904.904796	+6.77,+3.1,+21.4,JB	+6.60,+17.4,+21.4,LA	+2.94,+229.5,+21.4,MB	+2.75,+240.3,+19.8,LB	+2.51,+254.7,+20.6,OB	+2.88,+232.7,+19.8,OB	
1699895966.9110274	+6.77,+2.9,+21.3,DB	+6.60,+17.4,+21.4,LA	+2.94,+229.6,+21.4,NB	+2.75,+240.4,+19.8,KB	+2.51,+254.9,+20.6,AB	+2.88,+232.8,+19.8,@B	
1699896028.9215405	+6.77,+3.2,+21.4,IB	+6.60,+17.4,+21.4,LA	+2.94,+229.5,+21.4,MB	+2.75,+240.4,+19.8,KB	+2.50,+255.3,+20.6,KB	+2.88,+232.8,+19.8,@B	
1699896090.9321523	+6.75,+4.2,+21.4,LB	+6.60,+17.4,+21.4,LA	+2.94,+229.6,+21.4,NB	+2.75,+240.4,+19.8,KB	+2.49,+255.8,+20.6,HB	+2.88,+232.8,+19.8,@B	
1699896152.9431126	+6.76,+3.7,+21.3,JB	+6.60,+17.4,+21.4,LA	+2.94,+229.5,+21.4,MB	+2.75,+240.5,+19.8,JB	+2.51,+254.5,+20.6,MB	+2.88,+232.8,+19.8,@B	
1699896214.9540234	+6.76,+3.9,+21.4,CB	+6.60,+17.4,+21.4,LA	+2.94,+229.5,+21.4,MB	+2.76,+240.1,+19.8,MB	+2.51,+254.7,+20.6,OB	+2.88,+232.8,+19.8,@B	
1699896276.961196	+6.76,+3.5,+21.4,OB	+6.60,+17.5,+21.4,MA	+2.94,+229.6,+21.4,NB	+2.76,+240.0,+19.8,LB	+2.50,+255.2,+20.6,JB	+2.88,+232.8,+19.8,@B	
1699896338.9699407	+6.77,+3.2,+21.3,NB	+6.60,+17.5,+21.4,MA	+2.94,+229.6,+21.4,NB	+2.76,+240.0,+19.8,LB	+2.51,+254.7,+20.6,OB	+2.88,+232.8,+19.8,@B	
1699896400.9782968	+6.77,+3.2,+21.4,IB	+6.60,+17.5,+21.4,MA	+2.94,+229.5,+21.4,MB	+2.76,+239.8,+19.8,JB	+2.54,+253.1,+20.6,KB	+2.88,+232.8,+19.8,@B	
1699896462.9893627	+6.76,+3.7,+21.3,JB	+6.60,+17.4,+21.4,LA	+2.94,+229.5,+21.4,MB	+2.76,+240.0,+19.8,LB	+2.52,+254.4,+20.6,OB	+2.88,+232.7,+19.8,OB	
