62309060476	62309060477	62309060478	62309060479	62309060481	62309060482	
1699939718.3185372	+6.69,+7.9,+21.3,NB	+6.63,+16.0,+21.4,JA	+2.94,+229.7,+21.4,OB	+2.76,+240.0,+19.8,LB	+2.51,+254.9,+20.6,AB	+2.88,+233.1,+19.7,GB	
1699939780.3237088	+6.69,+7.9,+21.3,NB	+6.63,+16.0,+21.4,JA	+2.94,+229.7,+21.4,OB	+2.76,+240.0,+19.8,LB	+2.50,+255.0,+20.5,KB	+2.88,+233.1,+19.7,GB	
1699939842.3327994	+6.69,+7.9,+21.3,NB	+6.63,+16.0,+21.4,JA	+2.94,+229.7,+21.4,OB	+2.76,+240.0,+19.8,LB	+2.50,+255.4,+20.5,OB	+2.88,+233.1,+19.8,HB	
1699939904.3440194	+6.69,+7.7,+21.3,@B	+6.63,+15.9,+21.3,GA	+2.94,+229.7,+21.4,OB	+2.76,+240.0,+19.8,LB	+2.50,+255.4,+20.6,LB	+2.88,+233.0,+19.8,IB	
1699939966.3530123	+6.69,+7.6,+21.3,AB	+6.63,+15.9,+21.4,@A	+2.94,+229.7,+21.4,OB	+2.76,+240.0,+19.8,LB	+2.51,+254.6,+20.5,MB	+2.88,+233.0,+19.7,FB	
1699940028.363119	+6.69,+7.7,+21.3,@B	+6.63,+16.0,+21.3,MA	+2.94,+229.7,+21.3,HB	+2.76,+239.9,+19.8,KB	+2.50,+255.4,+20.5,OB	+2.88,+233.1,+19.8,HB	
1699940090.3719227	+6.69,+7.5,+21.3,BB	+6.63,+15.9,+21.4,@A	+2.94,+229.8,+21.4,@B	+2.76,+239.9,+19.8,KB	+2.49,+255.9,+20.6,IB	+2.88,+233.1,+19.7,GB	
1699940152.3804336	+6.69,+7.5,+21.3,BB	+6.63,+16.0,+21.4,JA	+2.94,+229.6,+21.4,NB	+2.76,+240.1,+19.8,MB	+2.49,+255.6,+20.6,FB	+2.88,+233.1,+19.7,GB	
1699940214.3888173	+6.69,+7.4,+21.3,CB	+6.63,+15.9,+21.4,@A	+2.94,+229.7,+21.4,OB	+2.76,+240.2,+19.8,NB	+2.49,+255.8,+20.6,HB	+2.88,+233.1,+19.8,HB	
1699940276.397492	+6.69,+7.7,+21.3,@B	+6.63,+15.9,+21.3,GA	+2.94,+229.7,+21.3,HB	+2.75,+240.2,+19.8,MB	+2.48,+256.3,+20.6,AB	+2.88,+233.1,+19.7,GB	
1699940338.4061873	+6.69,+7.4,+21.3,CB	+6.63,+15.9,+21.3,GA	+2.94,+229.7,+21.3,HB	+2.76,+240.2,+19.8,NB	+2.47,+256.7,+20.6,JB	+2.88,+233.1,+19.7,GB	
1699940400.4167347	+6.70,+7.3,+21.3,LB	+6.63,+15.8,+21.3,FA	+2.94,+229.7,+21.4,OB	+2.76,+240.0,+19.8,LB	+2.48,+256.6,+20.6,DB	+2.88,+233.1,+19.8,HB	
1699940462.4273393	+6.69,+7.8,+21.3,OB	+6.63,+15.9,+21.4,@A	+2.94,+229.7,+21.4,OB	+2.76,+240.1,+19.8,MB	+2.49,+256.1,+20.6,BB	+2.88,+233.1,+19.8,HB	
1699940524.4336746	+6.69,+7.9,+21.3,NB	+6.63,+15.9,+21.4,@A	+2.93,+229.8,+21.4,GB	+2.76,+240.0,+19.8,LB	+2.48,+256.2,+20.6,@B	+2.88,+233.1,+19.8,HB	
1699940586.4432251	+6.69,+7.9,+21.3,NB	+6.63,+15.9,+21.4,@A	+2.94,+229.7,+21.4,OB	+2.76,+240.0,+19.8,LB	+2.49,+256.1,+20.5,AB	+2.88,+233.1,+19.8,HB	
1699940648.4541955	+6.69,+7.9,+21.3,NB	+6.63,+15.9,+21.4,@A	+2.94,+229.8,+21.4,@B	+2.77,+239.6,+19.8,EB	+2.48,+256.4,+20.6,FB	+2.88,+233.1,+19.8,HB	
1699940710.4644067	+6.68,+8.2,+21.3,KB	+6.63,+15.9,+21.4,@A	+2.94,+229.7,+21.4,OB	+2.77,+239.5,+19.8,FB	+2.49,+256.1,+20.6,BB	+2.88,+233.1,+19.8,HB	
1699940772.475356	+6.69,+7.9,+21.3,NB	+6.63,+16.0,+21.4,JA	+2.94,+229.7,+21.4,OB	+2.77,+239.5,+19.8,FB	+2.48,+256.2,+20.6,@B	+2.88,+233.1,+19.8,HB	
1699940834.4850383	+6.68,+8.0,+21.3,IB	+6.63,+16.0,+21.4,JA	+2.94,+229.7,+21.4,OB	+2.77,+239.4,+19.8,GB	+2.48,+256.3,+20.6,AB	+2.88,+233.1,+19.8,HB	
1699941080.083951	+6.68,+8.0,+21.3,IB	+6.63,+16.0,+21.4,JA	+2.94,+229.7,+21.4,OB	+2.77,+239.3,+19.8,@B	+2.50,+255.3,+20.6,KB	+2.88,+232.8,+19.8,@B	
1699941142.092229	+6.69,+7.8,+21.3,OB	+6.63,+16.0,+21.4,JA	+2.94,+229.7,+21.4,OB	+2.77,+239.5,+19.8,FB	+2.50,+255.6,+20.6,NB	+2.88,+233.0,+19.8,IB	
1699941204.1024692	+6.69,+7.5,+21.3,BB	+6.63,+15.9,+21.4,@A	+2.93,+229.8,+21.4,GB	+2.76,+239.7,+19.8,EB	+2.49,+256.0,+20.6,CB	+2.88,+233.1,+19.8,HB	
1699941266.112457	+6.69,+7.6,+21.3,AB	+6.63,+15.9,+21.4,@A	+2.94,+229.7,+21.4,OB	+2.77,+239.6,+19.8,EB	+2.48,+256.5,+20.6,GB	+2.88,+233.1,+19.8,HB	
1699941328.1205351	+6.69,+7.6,+21.3,AB	+6.63,+16.0,+21.3,MA	+2.94,+229.7,+21.4,OB	+2.77,+239.6,+19.8,EB	+2.47,+256.8,+20.6,EB	+2.88,+233.1,+19.8,HB	
1699941390.1307628	+6.69,+7.5,+21.3,BB	+6.63,+15.9,+21.4,@A	+2.94,+229.8,+21.4,@B	+2.77,+239.6,+19.8,EB	+2.47,+257.1,+20.6,MB	+2.88,+233.1,+19.8,HB	
1699941452.1409655	+6.69,+7.7,+21.3,@B	+6.63,+16.0,+21.4,JA	+2.94,+229.7,+21.4,OB	+2.77,+239.6,+19.8,EB	+2.47,+257.1,+20.6,MB	+2.88,+233.1,+19.8,HB	
1699941514.149782	+6.69,+7.5,+21.3,BB	+6.63,+15.9,+21.4,@A	+2.94,+229.7,+21.4,OB	+2.77,+239.6,+19.8,EB	+2.46,+257.7,+20.6,JB	+2.88,+233.1,+19.8,HB	
1699941576.1599305	+6.69,+7.6,+21.3,AB	+6.63,+15.9,+21.4,@A	+2.94,+229.8,+21.4,@B	+2.77,+239.5,+19.8,FB	+2.46,+257.5,+20.6,HB	+2.88,+233.1,+19.8,HB	
1699941638.1708047	+6.69,+7.7,+21.3,@B	+6.63,+15.9,+21.4,@A	+2.94,+229.8,+21.4,@B	+2.77,+239.6,+19.8,EB	+2.46,+257.4,+20.6,IB	+2.88,+233.1,+19.8,HB	
1699941700.178875	+6.69,+7.5,+21.3,BB	+6.63,+16.0,+21.4,JA	+2.94,+229.7,+21.4,OB	+2.77,+239.4,+19.8,GB	+2.46,+257.6,+20.6,KB	+2.88,+233.1,+19.8,HB	
1699941762.1873574	+6.69,+7.8,+21.3,OB	+6.63,+15.9,+21.4,@A	+2.94,+229.8,+21.4,@B	+2.77,+239.4,+19.8,GB	+2.46,+257.4,+20.6,IB	+2.88,+233.0,+19.8,IB	
1699941824.2011883	+6.69,+7.6,+21.3,AB	+6.63,+15.9,+21.4,@A	+2.94,+229.8,+21.4,@B	+2.77,+239.2,+19.8,AB	+2.46,+257.5,+20.6,HB	+2.88,+233.0,+19.8,IB	
1699941886.2105396	+6.69,+7.9,+21.3,NB	+6.63,+16.0,+21.4,JA	+2.94,+229.7,+21.4,OB	+2.77,+239.1,+19.8,BB	+2.46,+257.6,+20.6,KB	+2.88,+233.1,+19.8,HB	
1699941948.22144	+6.68,+8.0,+21.3,IB	+6.63,+16.0,+21.4,JA	+2.94,+229.8,+21.4,@B	+2.77,+239.2,+19.8,AB	+2.45,+258.0,+20.6,AB	+2.88,+233.1,+19.8,HB	
1699942010.230572	+6.68,+8.4,+21.3,MB	+6.63,+16.0,+21.4,JA	+2.94,+229.8,+21.4,@B	+2.77,+239.2,+19.8,AB	+2.46,+257.6,+20.6,KB	+2.88,+233.1,+19.8,HB	
1699942072.2407165	+6.67,+8.5,+21.3,CB	+6.63,+16.0,+21.4,JA	+2.94,+229.8,+21.4,@B	+2.77,+239.1,+19.8,BB	+2.45,+257.9,+20.6,GB	+2.88,+233.1,+19.8,HB	
1699942134.2509701	+6.68,+8.5,+21.3,LB	+6.63,+16.0,+21.4,JA	+2.94,+229.7,+21.4,OB	+2.77,+239.2,+19.8,AB	+2.45,+258.5,+20.6,DB	+2.88,+233.1,+19.8,HB	
1699942196.2598386	+6.67,+8.6,+21.3,@B	+6.63,+16.0,+21.4,JA	+2.94,+229.7,+21.4,OB	+2.77,+239.2,+19.8,AB	+2.44,+258.7,+20.6,GB	+2.88,+233.1,+19.8,HB	
1699942258.2694747	+6.68,+8.1,+21.4,OB	+6.63,+16.0,+21.4,JA	+2.94,+229.7,+21.4,OB	+2.77,+239.3,+19.8,@B	+2.43,+259.6,+20.6,@B	+2.88,+233.1,+19.8,HB	
1699942320.276029	+6.68,+8.2,+21.3,KB	+6.63,+15.9,+21.4,@A	+2.94,+229.8,+21.4,@B	+2.77,+239.4,+19.8,GB	+2.42,+259.8,+20.6,OB	+2.88,+233.1,+19.8,HB	
1699942382.2865558	+6.69,+7.9,+21.3,NB	+6.63,+15.9,+21.4,@A	+2.94,+229.7,+21.4,OB	+2.77,+239.5,+19.8,FB	+2.41,+260.4,+20.6,JB	+2.88,+233.1,+19.8,HB	
1699942444.2967834	+6.69,+7.7,+21.4,GB	+6.63,+15.9,+21.4,@A	+2.94,+229.8,+21.4,@B	+2.77,+239.6,+19.8,EB	+2.40,+260.9,+20.6,FB	+2.88,+233.2,+19.8,KB	
1699942506.306156	+6.69,+7.9,+21.3,NB	+6.63,+15.9,+21.4,@A	+2.94,+229.8,+21.4,@B	+2.77,+239.6,+19.8,EB	+2.41,+260.6,+20.6,HB	+2.88,+233.1,+19.8,HB	
1699942568.3173203	+6.69,+7.9,+21.3,NB	+6.63,+15.9,+21.4,@A	+2.94,+229.8,+21.4,@B	+2.76,+239.7,+19.8,EB	+2.40,+261.1,+20.6,OB	+2.88,+233.1,+19.8,HB	
1699942630.3245032	+6.69,+7.7,+21.4,GB	+6.63,+15.9,+21.4,@A	+2.94,+229.7,+21.4,OB	+2.76,+239.7,+19.8,EB	+2.43,+259.6,+20.6,@B	+2.88,+233.2,+19.8,KB	
1699942692.3343773	+6.69,+7.8,+21.3,OB	+6.63,+15.9,+21.4,@A	+2.94,+229.8,+21.4,@B	+2.76,+239.7,+19.8,EB	+2.42,+259.8,+20.6,OB	+2.88,+233.1,+19.8,HB	
1699942754.343356	+6.68,+8.1,+21.3,HB	+6.63,+16.0,+21.4,JA	+2.93,+229.8,+21.4,GB	+2.76,+239.7,+19.8,EB	+2.42,+260.1,+20.6,LB	+2.88,+233.1,+19.8,HB	
1699942816.3533142	+6.68,+8.1,+21.4,OB	+6.63,+16.0,+21.4,JA	+2.94,+229.8,+21.4,@B	+2.76,+239.8,+19.8,JB	+2.42,+259.9,+20.6,NB	+2.88,+233.1,+19.8,HB	
1699942878.3624253	+6.68,+8.4,+21.4,JB	+6.63,+15.9,+21.4,@A	+2.94,+229.8,+21.4,@B	+2.76,+239.8,+19.8,JB	+2.43,+259.5,+20.6,CB	+2.88,+233.1,+19.8,HB	
1699942940.3719814	+6.68,+8.1,+21.3,HB	+6.63,+16.0,+21.4,JA	+2.94,+229.8,+21.4,@B	+2.76,+239.9,+19.8,KB	+2.46,+257.5,+20.6,HB	+2.88,+233.2,+19.8,KB	
1699943002.3805661	+6.68,+8.1,+21.4,OB	+6.63,+15.9,+21.4,@A	+2.94,+229.7,+21.4,OB	+2.76,+239.7,+19.8,EB	+2.47,+256.8,+20.6,EB	+2.88,+233.1,+19.8,HB	
1699943064.3892536	+6.68,+8.4,+21.3,MB	+6.63,+15.9,+21.4,@A	+2.94,+229.7,+21.4,OB	+2.77,+239.6,+19.8,EB	+2.47,+257.1,+20.6,MB	+2.88,+233.1,+19.8,HB	
1699943126.3978522	+6.68,+8.2,+21.3,KB	+6.63,+15.9,+21.4,@A	+2.93,+229.8,+21.4,GB	+2.77,+239.7,+19.8,DB	+2.46,+257.4,+20.6,IB	+2.88,+233.2,+19.8,KB	
1699943188.407319	+6.68,+8.5,+21.4,KB	+6.63,+15.9,+21.4,@A	+2.93,+229.9,+21.4,FB	+2.76,+239.7,+19.8,EB	+2.46,+257.5,+20.6,HB	+2.88,+233.1,+19.8,HB	
1699943250.416782	+6.68,+8.5,+21.3,LB	+6.63,+16.0,+21.4,JA	+2.93,+229.8,+21.4,GB	+2.76,+239.8,+19.8,JB	+2.47,+257.0,+20.6,LB	+2.88,+233.2,+19.8,KB	
1699943312.4260845	+6.67,+8.6,+21.3,@B	+6.63,+15.9,+21.4,@A	+2.94,+229.8,+21.4,@B	+2.76,+239.8,+19.8,JB	+2.48,+256.4,+20.6,FB	+2.88,+233.2,+19.8,KB	
1699943374.4334986	+6.67,+9.0,+21.4,@B	+6.63,+16.0,+21.4,JA	+2.93,+229.8,+21.4,GB	+2.76,+239.9,+19.8,KB	+2.48,+256.6,+20.6,DB	+2.88,+233.2,+19.8,KB	
1699943436.4431117	+6.66,+9.3,+21.3,EB	+6.63,+15.9,+21.4,@A	+2.94,+229.8,+21.4,@B	+2.76,+240.0,+19.8,LB	+2.51,+254.8,+20.6,@B	+2.88,+233.2,+19.8,KB	
1699943498.451259	+6.67,+9.0,+21.3,GB	+6.63,+15.9,+21.4,@A	+2.94,+229.8,+21.4,@B	+2.76,+240.0,+19.8,LB	+2.52,+254.0,+20.6,KB	+2.88,+233.2,+19.8,KB	
1699943560.4588008	+6.67,+9.0,+21.3,GB	+6.63,+15.9,+21.4,@A	+2.94,+229.7,+21.4,OB	+2.76,+240.0,+19.8,LB	+2.52,+254.4,+20.6,OB	+2.88,+233.1,+19.8,HB	
1699943622.4671366	+6.67,+8.7,+21.3,AB	+6.63,+15.9,+21.4,@A	+2.94,+229.8,+21.4,@B	+2.76,+240.0,+19.8,LB	+2.52,+254.0,+20.6,KB	+2.88,+233.2,+19.8,KB	
1699943684.472113	+6.67,+8.9,+21.3,OB	+6.63,+15.9,+21.4,@A	+2.94,+229.7,+21.4,OB	+2.76,+240.1,+19.8,MB	+2.52,+254.4,+20.6,OB	+2.88,+233.2,+19.8,KB	
1699943746.4823718	+6.68,+8.5,+21.3,LB	+6.63,+15.8,+21.4,AA	+2.93,+229.8,+21.4,GB	+2.76,+240.0,+19.8,LB	+2.51,+254.9,+20.6,AB	+2.88,+233.1,+19.8,HB	
1699943808.492238	+6.67,+8.6,+21.4,GB	+6.63,+15.8,+21.4,AA	+2.94,+229.8,+21.4,@B	+2.76,+240.1,+19.8,MB	+2.50,+255.3,+20.6,KB	+2.88,+233.2,+19.8,KB	
1699943870.5002358	+6.67,+8.6,+21.3,@B	+6.63,+15.8,+21.4,AA	+2.93,+229.8,+21.4,GB	+2.76,+240.1,+19.8,MB	+2.49,+255.6,+20.6,FB	+2.88,+233.2,+19.8,KB	
1699943932.5100315	+6.68,+8.5,+21.3,LB	+6.63,+15.8,+21.4,AA	+2.94,+229.8,+21.4,@B	+2.76,+240.2,+19.8,NB	+2.49,+256.0,+20.6,CB	+2.88,+233.2,+19.8,KB	
1699943994.5184603	+6.68,+8.3,+21.3,JB	+6.63,+15.9,+21.4,@A	+2.94,+229.8,+21.4,@B	+2.76,+240.2,+19.8,NB	+2.48,+256.6,+20.6,DB	+2.88,+233.1,+19.8,HB	
1699944056.5281725	+6.68,+8.2,+21.4,LB	+6.63,+15.8,+21.4,AA	+2.94,+229.7,+21.4,OB	+2.76,+240.2,+19.8,NB	+2.48,+256.6,+20.6,DB	+2.88,+233.2,+19.8,KB	
1699944118.5367	+6.68,+8.3,+21.4,MB	+6.63,+15.9,+21.4,@A	+2.94,+229.8,+21.4,@B	+2.76,+240.2,+19.8,NB	+2.48,+256.6,+20.6,DB	+2.88,+233.1,+19.8,HB	
1699944180.5440216	+6.68,+8.2,+21.3,KB	+6.63,+15.8,+21.4,AA	+2.94,+229.8,+21.4,@B	+2.76,+240.1,+19.8,MB	+2.48,+256.2,+20.6,@B	+2.88,+233.1,+19.8,HB	
1699944242.5547152	+6.68,+8.4,+21.4,JB	+6.63,+15.9,+21.4,@A	+2.94,+229.8,+21.4,@B	+2.76,+240.2,+19.8,NB	+2.48,+256.6,+20.6,DB	+2.88,+233.1,+19.8,HB	
1699944304.5637174	+6.67,+8.6,+21.3,@B	+6.63,+15.9,+21.4,@A	+2.94,+229.8,+21.4,@B	+2.76,+240.1,+19.8,MB	+2.48,+256.2,+20.6,@B	+2.88,+233.1,+19.8,HB	
1699944366.5735507	+6.67,+8.7,+21.4,FB	+6.63,+15.8,+21.4,AA	+2.94,+229.8,+21.4,@B	+2.76,+239.9,+19.8,KB	+2.49,+256.0,+20.6,CB	+2.88,+233.2,+19.8,KB	
1699944428.580371	+6.67,+8.7,+21.3,AB	+6.63,+15.9,+21.4,@A	+2.94,+229.8,+21.4,@B	+2.76,+239.8,+19.8,JB	+2.49,+255.8,+20.6,HB	+2.88,+233.1,+19.8,HB	
1699944490.5901837	+6.68,+8.4,+21.4,JB	+6.63,+15.9,+21.4,@A	+2.93,+229.9,+21.4,FB	+2.76,+239.8,+19.8,JB	+2.49,+256.1,+20.6,BB	+2.88,+233.2,+19.8,KB	
1699944552.6003876	+6.68,+8.4,+21.4,JB	+6.63,+15.9,+21.4,@A	+2.93,+229.8,+21.4,GB	+2.76,+239.7,+19.8,EB	+2.50,+255.3,+20.6,KB	+2.88,+233.1,+19.8,HB	
1699944614.6100423	+6.68,+8.5,+21.4,KB	+6.63,+15.9,+21.4,@A	+2.94,+229.8,+21.4,@B	+2.76,+239.8,+19.8,JB	+2.49,+256.1,+20.6,BB	+2.88,+233.1,+19.8,HB	
1699944676.6204994	+6.67,+8.6,+21.4,GB	+6.63,+15.8,+21.4,AA	+2.93,+229.9,+21.4,FB	+2.76,+239.7,+19.8,EB	+2.48,+256.7,+20.6,EB	+2.88,+233.1,+19.8,HB	
1699944922.1994216	+6.67,+9.0,+21.4,@B	+6.63,+15.9,+21.4,@A	+2.94,+229.8,+21.4,@B	+2.76,+240.0,+19.8,LB	+2.46,+257.8,+20.6,EB	+2.88,+233.0,+19.8,IB	
1699944984.2097006	+6.67,+8.9,+21.4,HB	+6.63,+15.9,+21.4,@A	+2.93,+229.9,+21.4,FB	+2.76,+240.1,+19.8,MB	+2.45,+258.4,+20.6,EB	+2.88,+233.1,+19.8,HB	
1699945046.2187798	+6.67,+8.9,+21.3,OB	+6.63,+15.9,+21.4,@A	+2.93,+229.9,+21.4,FB	+2.76,+239.9,+19.8,KB	+2.46,+257.9,+20.6,DB	+2.88,+233.2,+19.8,KB	
1699945108.2285328	+6.67,+8.8,+21.4,IB	+6.63,+16.0,+21.4,JA	+2.93,+229.9,+21.4,FB	+2.76,+239.9,+19.8,KB	+2.45,+258.1,+20.6,@B	+2.88,+233.2,+19.8,KB	
1699945170.237199	+6.67,+8.7,+21.4,FB	+6.63,+16.0,+21.4,JA	+2.94,+229.8,+21.4,@B	+2.76,+240.0,+19.8,LB	+2.44,+258.6,+20.6,FB	+2.88,+233.1,+19.8,HB	
1699945232.2453337	+6.68,+8.5,+21.4,KB	+6.63,+16.0,+21.4,JA	+2.94,+229.8,+21.4,@B	+2.76,+240.1,+19.8,MB	+2.44,+258.8,+20.6,HB	+2.88,+233.1,+19.8,HB	
1699945294.25408	+6.68,+8.2,+21.3,KB	+6.63,+15.9,+21.4,@A	+2.93,+229.8,+21.4,GB	+2.76,+240.0,+19.8,LB	+2.44,+259.0,+20.6,AB	+2.88,+233.2,+19.8,KB	
1699945356.2629712	+6.68,+8.4,+21.3,MB	+6.63,+16.0,+21.4,JA	+2.94,+229.8,+21.4,@B	+2.76,+240.0,+19.8,LB	+2.43,+259.4,+20.6,BB	+2.88,+233.2,+19.8,KB	
1699945418.2711632	+6.68,+8.4,+21.4,JB	+6.63,+16.0,+21.4,JA	+2.93,+229.9,+21.4,FB	+2.76,+240.0,+19.8,LB	+2.43,+259.6,+20.6,@B	+2.88,+233.2,+19.8,KB	
1699945480.2792525	+6.68,+8.3,+21.4,MB	+6.63,+16.0,+21.4,JA	+2.93,+229.8,+21.4,GB	+2.76,+240.1,+19.8,MB	+2.42,+259.8,+20.6,OB	+2.88,+233.1,+19.8,HB	
1699945542.2865098	+6.68,+8.3,+21.4,MB	+6.63,+16.0,+21.4,JA	+2.93,+229.8,+21.4,GB	+2.76,+240.0,+19.8,LB	+2.43,+259.4,+20.6,BB	+2.88,+233.1,+19.8,HB	
1699945604.2969024	+6.68,+8.4,+21.4,JB	+6.63,+16.0,+21.4,JA	+2.94,+229.8,+21.4,@B	+2.76,+240.0,+19.8,LB	+2.43,+259.3,+20.6,EB	+2.88,+233.2,+19.8,KB	
1699945666.3072467	+6.67,+8.6,+21.4,GB	+6.63,+16.0,+21.4,JA	+2.93,+229.8,+21.4,GB	+2.76,+240.1,+19.8,MB	+2.43,+259.4,+20.6,BB	+2.88,+233.1,+19.8,HB	
1699945728.3173792	+6.67,+8.6,+21.4,GB	+6.63,+16.0,+21.4,JA	+2.93,+229.9,+21.4,FB	+2.76,+240.1,+19.8,MB	+2.44,+258.7,+20.6,GB	+2.88,+233.1,+19.8,HB	
1699945790.3246217	+6.67,+8.7,+21.4,FB	+6.63,+16.1,+21.4,KA	+2.94,+229.8,+21.4,@B	+2.76,+240.1,+19.8,MB	+2.45,+258.1,+20.6,@B	+2.88,+233.1,+19.8,HB	
1699945852.3349652	+6.67,+8.6,+21.4,GB	+6.63,+16.1,+21.4,KA	+2.93,+229.9,+21.4,FB	+2.76,+240.1,+19.8,MB	+2.46,+257.6,+20.6,KB	+2.88,+233.2,+19.8,KB	
1699945914.3418818	+6.68,+8.4,+21.4,JB	+6.63,+16.0,+21.4,JA	+2.94,+229.8,+21.4,@B	+2.76,+240.2,+19.8,NB	+2.46,+257.7,+20.6,JB	+2.88,+233.2,+19.8,KB	
1699945976.3469353	+6.68,+8.2,+21.4,LB	+6.63,+15.9,+21.4,@A	+2.93,+229.9,+21.4,FB	+2.76,+240.2,+19.8,NB	+2.46,+257.7,+20.6,JB	+2.88,+233.2,+19.8,KB	
1699946038.3549058	+6.68,+8.2,+21.4,LB	+6.63,+16.0,+21.4,JA	+2.93,+229.9,+21.4,FB	+2.76,+240.2,+19.8,NB	+2.45,+258.1,+20.6,@B	+2.88,+233.2,+19.8,KB	
1699946100.364346	+6.68,+8.0,+21.4,NB	+6.63,+16.0,+21.4,JA	+2.94,+229.8,+21.4,@B	+2.76,+240.1,+19.8,MB	+2.44,+258.6,+20.6,FB	+2.88,+233.2,+19.8,KB	
1699946162.3733342	+6.68,+8.0,+21.3,IB	+6.63,+16.0,+21.4,JA	+2.93,+229.9,+21.4,FB	+2.76,+240.2,+19.8,NB	+2.44,+258.6,+20.6,FB	+2.88,+233.2,+19.8,KB	
1699946224.380974	+6.68,+8.1,+21.4,OB	+6.63,+16.0,+21.4,JA	+2.93,+229.8,+21.4,GB	+2.76,+240.1,+19.8,MB	+2.47,+257.2,+20.6,NB	+2.88,+233.2,+19.8,KB	
1699946286.388732	+6.68,+8.3,+21.4,MB	+6.63,+16.0,+21.4,JA	+2.93,+229.8,+21.4,GB	+2.76,+240.1,+19.9,LB	+2.46,+257.3,+20.6,NB	+2.88,+233.2,+19.8,KB	
1699946348.397465	+6.67,+8.5,+21.3,CB	+6.63,+16.0,+21.4,JA	+2.94,+229.8,+21.4,@B	+2.76,+240.2,+19.8,NB	+2.46,+257.5,+20.6,HB	+2.88,+233.2,+19.8,KB	
1699946410.4057808	+6.67,+8.6,+21.4,GB	+6.63,+16.0,+21.4,JA	+2.93,+229.9,+21.4,FB	+2.76,+240.1,+19.8,MB	+2.45,+258.1,+20.6,@B	+2.88,+233.2,+19.8,KB	
1699946472.4146707	+6.67,+8.7,+21.4,FB	+6.63,+16.0,+21.4,JA	+2.94,+229.8,+21.4,@B	+2.76,+239.9,+19.8,KB	+2.44,+258.6,+20.6,FB	+2.88,+233.2,+19.8,KB	
1699946534.4252071	+6.67,+8.6,+21.4,GB	+6.63,+16.0,+21.4,JA	+2.93,+229.8,+21.4,GB	+2.76,+239.7,+19.8,EB	+2.43,+259.3,+20.6,EB	+2.88,+233.2,+19.8,KB	
1699946596.4349027	+6.68,+8.5,+21.4,KB	+6.63,+16.0,+21.4,JA	+2.94,+229.8,+21.4,@B	+2.77,+239.6,+19.8,EB	+2.43,+259.4,+20.6,BB	+2.88,+233.2,+19.8,KB	
1699946658.4428759	+6.68,+8.4,+21.4,JB	+6.63,+16.0,+21.4,JA	+2.93,+229.9,+21.4,FB	+2.77,+239.5,+19.8,FB	+2.41,+260.2,+20.6,LB	+2.88,+233.2,+19.8,KB	
1699946720.449536	+6.68,+8.3,+21.4,MB	+6.63,+16.0,+21.4,JA	+2.93,+229.9,+21.4,FB	+2.77,+239.4,+19.8,GB	+2.42,+260.0,+20.6,MB	+2.88,+233.2,+19.8,KB	
1699946782.459658	+6.68,+8.2,+21.4,LB	+6.63,+16.0,+21.4,JA	+2.93,+229.8,+21.4,GB	+2.77,+239.4,+19.8,GB	+2.42,+260.0,+20.6,MB	+2.88,+233.1,+19.8,HB	
1699946844.4678466	+6.68,+8.1,+21.4,OB	+6.63,+16.0,+21.4,JA	+2.94,+229.8,+21.4,@B	+2.77,+239.3,+19.8,@B	+2.40,+260.8,+20.6,GB	+2.88,+233.2,+19.8,KB	
1699946906.4775558	+6.68,+8.0,+21.4,NB	+6.63,+16.0,+21.4,JA	+2.93,+229.9,+21.4,FB	+2.77,+239.3,+19.8,@B	+2.40,+260.8,+20.6,GB	+2.88,+233.2,+19.8,KB	
1699946968.486464	+6.68,+8.0,+21.4,NB	+6.63,+16.0,+21.4,JA	+2.93,+229.9,+21.4,FB	+2.77,+239.5,+19.8,FB	+2.42,+260.2,+20.6,OB	+2.88,+233.2,+19.8,KB	
1699947030.4956467	+6.68,+8.1,+21.4,OB	+6.63,+16.1,+21.4,KA	+2.93,+229.8,+21.4,GB	+2.77,+239.5,+19.8,FB	+2.42,+259.7,+20.6,@B	+2.88,+233.2,+19.8,KB	
1699947092.503259	+6.68,+8.0,+21.4,NB	+6.63,+16.1,+21.4,KA	+2.94,+229.8,+21.4,@B	+2.77,+239.5,+19.8,FB	+2.44,+258.6,+20.6,FB	+2.88,+233.2,+19.8,KB	
1699947154.5132177	+6.69,+7.8,+21.4,HB	+6.63,+16.0,+21.4,JA	+2.93,+229.9,+21.4,FB	+2.77,+239.6,+19.8,EB	+2.44,+259.0,+20.6,AB	+2.88,+233.2,+19.8,KB	
1699947216.52218	+6.69,+7.8,+21.4,HB	+6.63,+16.0,+21.4,JA	+2.93,+229.9,+21.4,FB	+2.77,+239.6,+19.8,EB	+2.42,+259.9,+20.6,NB	+2.88,+233.3,+19.8,JB	
1699947278.5303297	+6.69,+7.7,+21.4,GB	+6.63,+16.0,+21.4,JA	+2.94,+229.8,+21.4,@B	+2.77,+239.5,+19.8,FB	+2.42,+259.8,+20.6,OB	+2.88,+233.2,+19.8,KB	
1699947340.5366828	+6.69,+7.7,+21.4,GB	+6.63,+16.0,+21.4,JA	+2.93,+230.0,+21.4,GB	+2.77,+239.5,+19.8,FB	+2.41,+260.6,+20.6,HB	+2.88,+233.2,+19.8,KB	
1699947402.5471947	+6.69,+7.7,+21.4,GB	+6.63,+16.0,+21.4,JA	+2.94,+229.8,+21.4,@B	+2.77,+239.6,+19.8,EB	+2.40,+260.8,+20.6,GB	+2.88,+233.2,+19.8,KB	
1699947464.556886	+6.69,+7.8,+21.4,HB	+6.63,+16.0,+21.4,JA	+2.93,+229.9,+21.4,FB	+2.77,+239.6,+19.8,EB	+2.42,+260.1,+20.6,LB	+2.88,+233.2,+19.8,KB	
1699947526.564985	+6.69,+7.8,+21.4,HB	+6.63,+16.0,+21.4,JA	+2.93,+229.8,+21.4,GB	+2.76,+239.8,+19.8,JB	+2.41,+260.5,+20.6,KB	+2.88,+233.2,+19.8,KB	
1699947588.5731113	+6.69,+7.8,+21.4,HB	+6.63,+16.0,+21.4,JA	+2.93,+229.8,+21.4,GB	+2.77,+239.5,+19.8,FB	+2.41,+260.7,+20.6,IB	+2.88,+233.2,+19.8,KB	
1699947650.5833616	+6.69,+7.9,+21.4,IB	+6.63,+16.1,+21.4,KA	+2.93,+229.9,+21.4,FB	+2.77,+239.5,+19.8,FB	+2.40,+261.1,+20.6,OB	+2.88,+233.2,+19.8,KB	
1699947712.5912333	+6.69,+7.9,+21.4,IB	+6.63,+16.0,+21.5,KA	+2.93,+229.9,+21.5,GB	+2.77,+239.5,+19.9,GB	+2.40,+261.4,+20.6,JB	+2.88,+233.1,+19.8,HB	
1699947774.6006167	+6.69,+7.9,+21.4,IB	+6.63,+16.1,+21.4,KA	+2.93,+229.9,+21.4,FB	+2.77,+239.5,+19.8,FB	+2.40,+260.9,+20.6,FB	+2.88,+233.2,+19.8,KB	
1699947836.607541	+6.69,+7.8,+21.3,OB	+6.63,+16.0,+21.4,JA	+2.93,+229.9,+21.4,FB	+2.77,+239.4,+19.8,GB	+2.40,+261.2,+20.6,LB	+2.88,+233.2,+19.8,KB	
1699947898.6168916	+6.68,+8.2,+21.4,LB	+6.63,+16.1,+21.4,KA	+2.94,+229.8,+21.4,@B	+2.77,+239.4,+19.9,FB	+2.40,+261.4,+20.6,JB	+2.88,+233.3,+19.8,JB	
1699947960.6273124	+6.68,+8.4,+21.4,JB	+6.63,+16.1,+21.4,KA	+2.93,+229.9,+21.4,FB	+2.77,+239.4,+19.8,GB	+2.40,+261.0,+20.6,NB	+2.88,+233.2,+19.8,KB	
1699948022.6380734	+6.68,+8.5,+21.4,KB	+6.63,+16.2,+21.4,HA	+2.93,+229.9,+21.4,FB	+2.77,+239.5,+19.8,FB	+2.40,+260.8,+20.6,GB	+2.88,+233.2,+19.8,KB	
1699948084.6488085	+6.68,+8.5,+21.4,KB	+6.63,+16.1,+21.4,KA	+2.93,+229.8,+21.4,GB	+2.77,+239.6,+19.8,EB	+2.41,+260.3,+20.6,MB	+2.88,+233.2,+19.8,KB	
1699948146.6587956	+6.68,+8.4,+21.4,JB	+6.63,+16.1,+21.5,JA	+2.93,+229.8,+21.4,GB	+2.76,+239.7,+19.8,EB	+2.41,+260.5,+20.6,KB	+2.88,+233.2,+19.8,KB	
1699948208.669111	+6.68,+8.4,+21.4,JB	+6.63,+16.1,+21.4,KA	+2.93,+229.9,+21.5,GB	+2.78,+238.9,+19.8,DB	+2.42,+259.7,+20.6,@B	+2.88,+233.2,+19.8,KB	
1699948270.6782813	+6.68,+8.3,+21.4,MB	+6.63,+16.2,+21.4,HA	+2.93,+229.9,+21.4,FB	+2.77,+239.6,+19.8,EB	+2.43,+259.4,+20.6,BB	+2.88,+233.1,+19.8,HB	
1699948332.685775	+6.68,+8.3,+21.4,MB	+6.63,+16.1,+21.4,KA	+2.93,+229.8,+21.4,GB	+2.76,+239.9,+19.9,JB	+2.45,+258.3,+20.6,BB	+2.88,+233.2,+19.8,KB	
1699948394.694933	+6.68,+8.1,+21.4,OB	+6.63,+16.1,+21.4,KA	+2.93,+229.9,+21.5,GB	+2.76,+240.0,+19.8,LB	+2.45,+258.0,+20.6,AB	+2.88,+233.2,+19.8,KB	
1699948456.7042737	+6.68,+8.0,+21.4,NB	+6.63,+16.2,+21.4,HA	+2.94,+229.8,+21.4,@B	+2.76,+240.1,+19.9,LB	+2.44,+258.6,+20.6,FB	+2.88,+233.2,+19.8,KB	
1699948518.7128425	+6.69,+7.8,+21.4,HB	+6.63,+16.1,+21.4,KA	+2.93,+229.8,+21.4,GB	+2.75,+240.3,+19.8,LB	+2.43,+259.3,+20.6,EB	+2.88,+233.2,+19.9,JB	
1699948764.3145447	+6.69,+7.7,+21.4,GB	+6.63,+16.1,+21.4,KA	+2.93,+229.8,+21.4,GB	+2.75,+240.4,+19.9,JB	+2.47,+257.0,+20.6,LB	+2.88,+233.0,+19.8,IB	
1699948826.3233726	+6.69,+7.7,+21.4,GB	+6.63,+16.1,+21.4,KA	+2.94,+229.8,+21.4,@B	+2.75,+240.5,+19.8,JB	+2.47,+257.2,+20.6,NB	+2.88,+233.2,+19.8,KB	
1699948888.3330982	+6.69,+7.7,+21.4,GB	+6.63,+16.1,+21.5,JA	+2.94,+229.8,+21.4,@B	+2.75,+240.4,+19.9,JB	+2.48,+256.6,+20.6,DB	+2.88,+233.2,+19.8,KB	
1699948950.3424764	+6.69,+7.7,+21.4,GB	+6.63,+16.1,+21.4,KA	+2.93,+229.9,+21.4,FB	+2.75,+240.5,+19.8,JB	+2.50,+255.3,+20.6,KB	+2.88,+233.2,+19.8,KB	
1699949012.352013	+6.69,+7.7,+21.4,GB	+6.63,+16.1,+21.5,JA	+2.93,+229.9,+21.4,FB	+2.75,+240.4,+19.9,JB	+2.50,+255.2,+20.6,JB	+2.88,+233.2,+19.8,KB	
1699949074.3613818	+6.69,+7.8,+21.4,HB	+6.63,+16.2,+21.4,HA	+2.93,+229.8,+21.4,GB	+2.75,+240.3,+19.9,MB	+2.50,+255.3,+20.6,KB	+2.88,+233.2,+19.8,KB	
1699949136.3713133	+6.69,+7.8,+21.4,HB	+6.63,+16.1,+21.4,KA	+2.93,+229.9,+21.4,FB	+2.75,+240.4,+19.9,JB	+2.51,+254.9,+20.6,AB	+2.88,+233.2,+19.8,KB	
1699949198.378434	+6.69,+7.7,+21.4,GB	+6.63,+16.2,+21.5,IA	+2.94,+229.8,+21.4,@B	+2.75,+240.4,+19.9,JB	+2.51,+254.7,+20.6,OB	+2.88,+233.2,+19.8,KB	
1699949260.3867857	+6.69,+7.7,+21.4,GB	+6.63,+16.1,+21.4,KA	+2.93,+229.9,+21.4,FB	+2.75,+240.4,+19.9,JB	+2.50,+255.2,+20.6,JB	+2.88,+233.2,+19.8,KB	
1699949322.3935034	+6.69,+7.8,+21.4,HB	+6.63,+16.1,+21.4,KA	+2.93,+229.9,+21.4,FB	+2.75,+240.4,+19.9,JB	+2.49,+255.8,+20.6,HB	+2.88,+233.2,+19.8,KB	
1699949384.4023795	+6.68,+8.5,+21.4,KB	+6.63,+16.1,+21.4,KA	+2.93,+229.9,+21.4,FB	+2.75,+240.5,+19.8,JB	+2.49,+255.8,+20.6,HB	+2.88,+233.3,+19.8,JB	
1699949446.410261	+6.67,+8.7,+21.4,FB	+6.63,+16.1,+21.5,JA	+2.93,+229.9,+21.4,FB	+2.75,+240.5,+19.9,KB	+2.48,+256.6,+20.6,DB	+2.88,+233.3,+19.8,JB	
1699949508.417068	+6.67,+8.8,+21.4,IB	+6.63,+16.1,+21.5,JA	+2.93,+229.9,+21.4,FB	+2.76,+240.1,+19.8,MB	+2.47,+257.1,+20.6,MB	+2.88,+233.2,+19.8,KB	
1699949570.4240377	+6.67,+8.7,+21.4,FB	+6.63,+16.2,+21.4,HA	+2.93,+229.8,+21.4,GB	+2.75,+240.3,+19.8,LB	+2.46,+257.4,+20.6,IB	+2.88,+233.2,+19.8,KB	
1699949632.4324942	+6.68,+8.5,+21.4,KB	+6.63,+16.1,+21.5,JA	+2.93,+229.9,+21.4,FB	+2.75,+240.5,+19.8,JB	+2.45,+258.2,+20.6,CB	+2.88,+233.3,+19.8,JB	
1699949694.4434347	+6.68,+8.3,+21.4,MB	+6.63,+16.1,+21.5,JA	+2.93,+229.9,+21.4,FB	+2.75,+240.6,+19.9,HB	+2.44,+258.9,+20.6,IB	+2.88,+233.2,+19.8,KB	
1699949756.453326	+6.68,+8.1,+21.4,OB	+6.63,+16.1,+21.5,JA	+2.94,+229.9,+21.5,@B	+2.75,+240.6,+19.9,HB	+2.44,+258.5,+20.6,EB	+2.88,+233.2,+19.8,KB	
1699949818.463829	+6.69,+7.9,+21.4,IB	+6.63,+16.2,+21.5,IA	+2.93,+229.9,+21.4,FB	+2.75,+240.8,+19.9,FB	+2.46,+257.9,+20.7,EB	+2.88,+233.3,+19.8,JB	
1699949880.473654	+6.69,+7.8,+21.4,HB	+6.63,+16.1,+21.5,JA	+2.93,+229.9,+21.5,GB	+2.74,+240.9,+19.9,FB	+2.46,+257.7,+20.6,JB	+2.88,+233.3,+19.8,JB	
1699949942.4834974	+6.69,+7.8,+21.4,HB	+6.63,+16.1,+21.5,JA	+2.93,+229.8,+21.4,GB	+2.74,+240.9,+19.9,FB	+2.45,+258.2,+20.6,CB	+2.88,+233.3,+19.8,JB	
1699950004.4943025	+6.69,+7.7,+21.4,GB	+6.63,+16.1,+21.5,JA	+2.93,+229.9,+21.4,FB	+2.75,+240.8,+19.9,FB	+2.45,+258.4,+20.6,EB	+2.88,+233.2,+19.8,KB	
1699950066.501583	+6.69,+7.7,+21.4,GB	+6.63,+16.2,+21.5,IA	+2.93,+229.9,+21.5,GB	+2.75,+240.5,+19.9,KB	+2.44,+258.8,+20.7,IB	+2.88,+233.3,+19.8,JB	
1699950128.512398	+6.69,+7.7,+21.4,GB	+6.63,+16.1,+21.5,JA	+2.94,+229.8,+21.4,@B	+2.75,+240.6,+19.9,HB	+2.46,+257.9,+20.6,DB	+2.88,+233.3,+19.9,KB	
1699950190.5212207	+6.69,+7.7,+21.4,GB	+6.63,+16.1,+21.5,JA	+2.93,+229.9,+21.4,FB	+2.75,+240.7,+19.9,IB	+2.45,+258.0,+20.6,AB	+2.88,+233.2,+19.8,KB	
1699950252.5304103	+6.69,+7.7,+21.4,GB	+6.63,+16.2,+21.5,IA	+2.93,+229.9,+21.5,GB	+2.75,+240.7,+19.9,IB	+2.45,+258.4,+20.6,EB	+2.88,+233.3,+19.8,JB	
1699950314.5397983	+6.69,+7.6,+21.4,FB	+6.63,+16.1,+21.5,JA	+2.93,+229.8,+21.4,GB	+2.75,+240.7,+19.9,IB	+2.45,+258.2,+20.6,CB	+2.88,+233.2,+19.8,KB	
1699950376.5510712	+6.69,+7.8,+21.4,HB	+6.63,+16.1,+21.5,JA	+2.93,+229.9,+21.5,GB	+2.75,+240.7,+19.9,IB	+2.46,+257.5,+20.6,HB	+2.88,+233.3,+19.8,JB	
1699950438.5599976	+6.69,+7.8,+21.4,HB	+6.63,+16.1,+21.5,JA	+2.93,+229.9,+21.4,FB	+2.75,+240.7,+19.9,IB	+2.47,+257.2,+20.7,OB	+2.88,+233.2,+19.8,KB	
1699950500.5690258	+6.69,+7.9,+21.4,IB	+6.63,+16.2,+21.5,IA	+2.93,+229.9,+21.4,FB	+2.75,+240.8,+19.9,FB	+2.46,+257.8,+20.6,EB	+2.88,+233.2,+19.8,KB	
1699950562.579888	+6.68,+8.0,+21.4,NB	+6.63,+16.2,+21.5,IA	+2.93,+229.9,+21.5,GB	+2.75,+240.8,+19.9,FB	+2.45,+258.3,+20.6,BB	+2.88,+233.2,+19.8,KB	
1699950624.5894358	+6.69,+7.9,+21.4,IB	+6.63,+16.1,+21.5,JA	+2.93,+229.9,+21.4,FB	+2.74,+240.9,+19.9,FB	+2.45,+258.2,+20.6,CB	+2.88,+233.2,+19.8,KB	
1699950686.5989888	+6.68,+8.0,+21.4,NB	+6.63,+16.2,+21.5,IA	+2.93,+229.9,+21.5,GB	+2.74,+240.9,+19.9,FB	+2.45,+258.4,+20.7,DB	+2.88,+233.2,+19.8,KB	
1699950748.607863	+6.68,+8.0,+21.4,NB	+6.63,+16.2,+21.5,IA	+2.93,+229.9,+21.4,FB	+2.75,+240.7,+19.9,IB	+2.46,+257.5,+20.6,HB	+2.88,+233.2,+19.8,KB	
1699950810.6162822	+6.67,+9.1,+21.4,AB	+6.63,+16.2,+21.5,IA	+2.93,+230.0,+21.5,FB	+2.75,+240.8,+19.9,FB	+2.47,+257.1,+20.6,MB	+2.88,+233.3,+19.9,KB	
1699950872.6266642	+6.67,+8.8,+21.4,IB	+6.63,+16.1,+21.5,JA	+2.93,+229.9,+21.5,GB	+2.75,+240.8,+19.9,FB	+2.47,+257.3,+20.7,NB	+2.88,+233.2,+19.8,KB	
1699950934.6362333	+6.67,+8.7,+21.4,FB	+6.63,+16.1,+21.5,JA	+2.93,+229.9,+21.4,FB	+2.75,+240.8,+19.8,GB	+2.46,+257.9,+20.6,DB	+2.88,+233.3,+19.8,JB	
1699950996.6468797	+6.67,+8.5,+21.4,DB	+6.63,+16.1,+21.5,JA	+2.93,+229.9,+21.4,FB	+2.75,+240.8,+19.9,FB	+2.44,+258.6,+20.6,FB	+2.88,+233.3,+19.8,JB	
1699951058.654437	+6.68,+8.4,+21.4,JB	+6.63,+16.1,+21.5,JA	+2.93,+229.9,+21.5,GB	+2.74,+240.9,+19.8,GB	+2.44,+258.9,+20.6,IB	+2.88,+233.2,+19.9,JB	
1699951120.6619215	+6.68,+8.3,+21.4,MB	+6.63,+16.1,+21.4,KA	+2.93,+229.9,+21.4,FB	+2.74,+240.9,+19.9,FB	+2.45,+258.2,+20.6,CB	+2.88,+233.2,+19.8,KB	
1699951182.6717374	+6.68,+8.1,+21.4,OB	+6.63,+16.1,+21.5,JA	+2.93,+229.9,+21.4,FB	+2.74,+240.9,+19.8,GB	+2.45,+258.5,+20.7,EB	+2.88,+233.2,+19.8,KB	
1699951244.6824076	+6.68,+8.0,+21.4,NB	+6.63,+16.1,+21.5,JA	+2.93,+229.9,+21.5,GB	+2.74,+240.9,+19.9,FB	+2.44,+258.6,+20.6,FB	+2.88,+233.3,+19.8,JB	
1699951306.689623	+6.69,+7.9,+21.4,IB	+6.63,+16.2,+21.5,IA	+2.93,+229.9,+21.4,FB	+2.74,+241.0,+19.9,NB	+2.43,+259.3,+20.7,DB	+2.88,+233.3,+19.9,KB	
1699951368.6977866	+6.69,+7.8,+21.4,HB	+6.63,+16.1,+21.5,JA	+2.93,+229.9,+21.4,FB	+2.74,+240.9,+19.9,FB	+2.42,+259.9,+20.6,NB	+2.88,+233.3,+19.8,JB	
1699951430.7067428	+6.69,+7.9,+21.4,IB	+6.63,+16.1,+21.5,JA	+2.93,+229.9,+21.5,GB	+2.75,+240.7,+19.9,IB	+2.42,+260.2,+20.7,NB	+2.88,+233.2,+19.8,KB	
1699951492.716928	+6.69,+7.8,+21.4,HB	+6.63,+16.1,+21.5,JA	+2.93,+229.9,+21.4,FB	+2.75,+240.7,+19.9,IB	+2.42,+260.2,+20.6,OB	+2.88,+233.2,+19.8,KB	
1699951554.7264056	+6.69,+7.9,+21.4,IB	+6.63,+16.2,+21.5,IA	+2.93,+229.9,+21.5,GB	+2.75,+240.6,+19.9,HB	+2.41,+260.7,+20.6,IB	+2.88,+233.3,+19.9,KB	
1699951616.7335114	+6.69,+8.0,+21.4,OB	+6.63,+16.1,+21.5,JA	+2.93,+229.9,+21.5,GB	+2.75,+240.6,+19.9,HB	+2.41,+260.5,+20.7,JB	+2.88,+233.2,+19.9,JB	
1699951678.7409081	+6.69,+7.8,+21.4,HB	+6.63,+16.1,+21.5,JA	+2.93,+230.0,+21.5,FB	+2.75,+240.3,+19.9,MB	+2.43,+259.5,+20.7,BB	+2.88,+233.3,+19.9,KB	
1699951740.7506027	+6.69,+7.9,+21.4,IB	+6.63,+16.2,+21.5,IA	+2.94,+229.8,+21.5,AB	+2.76,+240.0,+19.9,MB	+2.43,+259.6,+20.6,@B	+2.88,+233.3,+19.9,KB	
1699951802.7604642	+6.68,+8.0,+21.4,NB	+6.63,+16.1,+21.5,JA	+2.93,+229.9,+21.5,GB	+2.76,+239.9,+19.9,JB	+2.43,+259.6,+20.6,@B	+2.88,+233.3,+19.9,KB	
1699951864.77022	+6.69,+7.9,+21.4,IB	+6.63,+16.1,+21.5,JA	+2.93,+229.9,+21.5,GB	+2.76,+240.0,+19.9,MB	+2.43,+259.4,+20.6,BB	+2.88,+233.3,+19.9,KB	
1699951926.7793963	+6.69,+7.9,+21.4,IB	+6.63,+16.1,+21.5,JA	+2.93,+229.9,+21.5,GB	+2.76,+240.0,+19.9,MB	+2.43,+259.4,+20.6,BB	+2.88,+233.2,+19.9,JB	
1699951988.786336	+6.69,+7.9,+21.4,IB	+6.63,+16.2,+21.5,IA	+2.93,+229.9,+21.5,GB	+2.76,+240.1,+19.9,LB	+2.48,+256.6,+20.7,EB	+2.88,+233.2,+19.9,JB	
1699952050.7978723	+6.69,+7.9,+21.4,IB	+6.63,+16.1,+21.5,JA	+2.93,+229.9,+21.5,GB	+2.76,+240.1,+19.9,LB	+2.49,+256.0,+20.7,BB	+2.88,+233.3,+19.9,KB	
1699952112.807336	+6.68,+8.0,+21.4,NB	+6.63,+16.2,+21.5,IA	+2.93,+229.9,+21.5,GB	+2.76,+240.2,+19.9,OB	+2.48,+256.7,+20.7,DB	+2.88,+233.2,+19.9,JB	
1699952174.8170564	+6.69,+7.8,+21.4,HB	+6.63,+16.2,+21.5,IA	+2.93,+229.9,+21.5,GB	+2.75,+240.3,+19.9,MB	+2.48,+256.5,+20.7,FB	+2.88,+233.3,+19.9,KB	
1699952236.824342	+6.69,+7.7,+21.4,GB	+6.63,+16.1,+21.5,JA	+2.93,+229.9,+21.5,GB	+2.76,+240.1,+19.9,LB	+2.47,+257.0,+20.7,MB	+2.88,+233.3,+19.9,KB	
1699952298.8329675	+6.69,+7.9,+21.4,IB	+6.63,+16.1,+21.5,JA	+2.93,+229.9,+21.4,FB	+2.76,+240.2,+19.9,OB	+2.47,+257.3,+20.6,OB	+2.88,+233.2,+19.9,JB	
1699952360.8427203	+6.68,+8.2,+21.4,LB	+6.63,+16.1,+21.5,JA	+2.93,+229.9,+21.5,GB	+2.76,+240.3,+19.9,NB	+2.46,+257.7,+20.7,KB	+2.88,+233.3,+19.9,KB	
1699952606.4918542	+6.68,+8.0,+21.4,NB	+6.63,+16.1,+21.5,JA	+2.94,+229.8,+21.4,@B	+2.76,+240.1,+19.9,LB	+2.48,+256.7,+20.7,DB	+2.88,+233.1,+19.9,IB	
1699952668.5006123	+6.69,+7.9,+21.4,IB	+6.63,+16.1,+21.5,JA	+2.93,+229.9,+21.5,GB	+2.76,+240.2,+19.9,OB	+2.47,+256.9,+20.7,EB	+2.88,+233.3,+19.8,JB	
1699952730.5068004	+6.69,+7.8,+21.4,HB	+6.63,+16.1,+21.5,JA	+2.93,+229.9,+21.4,FB	+2.75,+240.4,+19.9,JB	+2.47,+257.3,+20.6,OB	+2.87,+233.4,+19.9,CB	
1699952792.5155952	+6.69,+7.9,+21.4,IB	+6.63,+16.1,+21.5,JA	+2.93,+230.0,+21.5,FB	+2.75,+240.4,+19.9,JB	+2.47,+257.0,+20.6,LB	+2.88,+233.2,+19.9,JB	
1699952854.5272582	+6.69,+7.8,+21.4,HB	+6.63,+16.1,+21.5,JA	+2.93,+229.9,+21.4,FB	+2.75,+240.5,+19.9,KB	+2.47,+257.1,+20.7,LB	+2.88,+233.3,+19.9,KB	
1699952916.5364738	+6.69,+7.8,+21.4,HB	+6.63,+16.1,+21.5,JA	+2.93,+230.0,+21.5,FB	+2.75,+240.5,+19.9,KB	+2.47,+257.2,+20.6,NB	+2.88,+233.2,+19.9,JB	
1699952978.545108	+6.69,+7.8,+21.4,HB	+6.63,+16.0,+21.5,KA	+2.93,+230.0,+21.5,FB	+2.75,+240.5,+19.9,KB	+2.45,+258.0,+20.7,@B	+2.88,+233.2,+19.9,JB	
1699953040.556007	+6.69,+7.8,+21.4,HB	+6.63,+16.1,+21.5,JA	+2.93,+229.9,+21.5,GB	+2.75,+240.6,+19.9,HB	+2.45,+258.2,+20.7,BB	+2.88,+233.3,+19.9,KB	
1699953102.5653372	+6.69,+7.7,+21.4,GB	+6.63,+16.0,+21.5,KA	+2.93,+229.9,+21.5,GB	+2.75,+240.5,+19.9,KB	+2.46,+257.7,+20.7,KB	+2.88,+233.3,+19.9,KB	
1699953164.5753367	+6.69,+7.8,+21.4,HB	+6.63,+16.0,+21.5,KA	+2.93,+229.9,+21.5,GB	+2.75,+240.5,+19.9,KB	+2.45,+258.0,+20.6,AB	+2.88,+233.3,+19.8,JB	
1699953226.5840473	+6.69,+7.7,+21.4,GB	+6.63,+16.0,+21.5,KA	+2.93,+229.9,+21.4,FB	+2.75,+240.4,+19.9,JB	+2.45,+258.2,+20.7,BB	+2.88,+233.3,+19.9,KB	
1699953288.594317	+6.69,+7.7,+21.4,GB	+6.63,+16.1,+21.5,JA	+2.93,+229.9,+21.5,GB	+2.75,+240.3,+19.9,MB	+2.46,+257.9,+20.7,EB	+2.88,+233.3,+19.9,KB	
1699953350.602845	+6.69,+7.8,+21.4,HB	+6.63,+16.1,+21.5,JA	+2.93,+229.9,+21.5,GB	+2.75,+240.4,+19.9,JB	+2.45,+258.3,+20.6,BB	+2.88,+233.3,+19.9,KB	
1699953412.6105952	+6.69,+7.8,+21.4,HB	+6.63,+16.1,+21.5,JA	+2.93,+229.9,+21.5,GB	+2.75,+240.4,+19.9,JB	+2.44,+258.8,+20.6,HB	+2.88,+233.3,+19.9,KB	
1699953474.6211288	+6.69,+7.7,+21.4,GB	+6.63,+16.0,+21.5,KA	+2.93,+230.0,+21.5,FB	+2.75,+240.4,+19.9,JB	+2.44,+258.9,+20.7,HB	+2.88,+233.2,+19.9,JB	
1699953536.6320736	+6.69,+7.6,+21.4,FB	+6.63,+16.0,+21.5,KA	+2.93,+229.9,+21.4,FB	+2.75,+240.4,+19.9,JB	+2.45,+258.3,+20.6,BB	+2.88,+233.3,+19.8,JB	
1699953598.6419413	+6.69,+7.6,+21.4,FB	+6.63,+16.0,+21.5,KA	+2.93,+229.9,+21.5,GB	+2.75,+240.5,+19.9,KB	+2.46,+257.8,+20.6,EB	+2.88,+233.3,+19.9,KB	
1699953660.6503854	+6.69,+7.6,+21.4,FB	+6.63,+16.0,+21.5,KA	+2.93,+229.9,+21.5,GB	+2.75,+240.6,+19.9,HB	+2.45,+258.3,+20.7,CB	+2.88,+233.3,+19.9,KB	
1699953722.6590252	+6.69,+7.6,+21.4,FB	+6.63,+16.0,+21.5,KA	+2.93,+230.0,+21.5,FB	+2.75,+240.6,+19.9,HB	+2.44,+259.1,+20.6,@B	+2.88,+233.3,+19.9,KB	
1699953784.6679273	+6.69,+7.6,+21.4,FB	+6.63,+15.9,+21.5,AA	+2.93,+230.0,+21.5,FB	+2.75,+240.7,+19.9,IB	+2.44,+259.0,+20.7,@B	+2.88,+233.3,+19.9,KB	
1699953846.678376	+6.69,+7.8,+21.4,HB	+6.63,+16.0,+21.5,KA	+2.93,+229.9,+21.5,GB	+2.75,+240.8,+19.9,FB	+2.43,+259.2,+20.6,DB	+2.88,+233.2,+19.9,JB	
1699953908.6880653	+6.68,+8.1,+21.4,OB	+6.63,+16.0,+21.5,KA	+2.93,+229.9,+21.5,GB	+2.74,+240.9,+19.9,FB	+2.43,+259.4,+20.7,CB	+2.88,+233.3,+19.9,KB	
1699953970.6986141	+6.68,+8.2,+21.4,LB	+6.63,+16.0,+21.5,KA	+2.93,+230.0,+21.5,FB	+2.74,+241.0,+19.9,NB	+2.44,+258.8,+20.7,IB	+2.88,+233.2,+19.9,JB	
1699954032.7091203	+6.68,+8.2,+21.4,LB	+6.63,+16.0,+21.5,KA	+2.93,+229.9,+21.5,GB	+2.74,+241.0,+19.9,NB	+2.45,+258.5,+20.7,EB	+2.88,+233.3,+19.9,KB	
1699954094.7170153	+6.68,+8.1,+21.4,OB	+6.63,+16.0,+21.5,KA	+2.93,+230.0,+21.5,FB	+2.74,+241.1,+19.9,OB	+2.45,+258.3,+20.7,CB	+2.88,+233.3,+19.9,KB	
1699954156.7261362	+6.68,+8.1,+21.4,OB	+6.63,+15.9,+21.5,AA	+2.93,+230.0,+21.5,FB	+2.75,+240.8,+19.9,FB	+2.44,+258.6,+20.7,GB	+2.88,+233.3,+19.9,KB	
1699954218.735201	+6.68,+8.0,+21.4,NB	+6.63,+15.9,+21.5,AA	+2.93,+229.9,+21.5,GB	+2.74,+240.8,+19.9,GB	+2.44,+258.6,+20.7,GB	+2.88,+233.3,+19.8,JB	
1699954280.7459261	+6.69,+7.9,+21.4,IB	+6.63,+16.0,+21.5,KA	+2.93,+229.9,+21.5,GB	+2.74,+241.0,+19.9,NB	+2.46,+257.7,+20.7,KB	+2.88,+233.3,+19.9,KB	
1699954342.7558088	+6.69,+7.9,+21.4,IB	+6.63,+15.9,+21.5,AA	+2.93,+230.0,+21.5,FB	+2.74,+240.9,+19.9,FB	+2.46,+257.9,+20.7,EB	+2.88,+233.3,+19.9,KB	
1699954404.7641964	+6.69,+7.9,+21.4,IB	+6.63,+16.0,+21.5,KA	+2.93,+230.0,+21.5,FB	+2.75,+240.7,+19.9,IB	+2.44,+258.9,+20.6,IB	+2.88,+233.3,+19.9,KB	
1699954466.773064	+6.69,+7.9,+21.4,IB	+6.63,+16.0,+21.5,KA	+2.93,+229.9,+21.5,GB	+2.75,+240.7,+19.9,IB	+2.46,+257.8,+20.7,DB	+2.88,+233.3,+19.9,KB	
1699954528.7819989	+6.69,+7.8,+21.4,HB	+6.63,+16.0,+21.5,KA	+2.93,+230.0,+21.5,FB	+2.75,+240.6,+19.9,HB	+2.46,+257.4,+20.7,HB	+2.88,+233.3,+19.9,KB	
1699954590.7931151	+6.69,+7.8,+21.4,HB	+6.63,+16.0,+21.5,KA	+2.93,+230.0,+21.5,FB	+2.75,+240.6,+19.9,HB	+2.46,+257.7,+20.7,KB	+2.88,+233.3,+19.9,KB	
1699954652.802871	+6.69,+7.8,+21.4,HB	+6.63,+16.0,+21.5,KA	+2.93,+230.0,+21.5,FB	+2.75,+240.5,+19.9,KB	+2.46,+257.7,+20.7,KB	+2.88,+233.3,+19.9,KB	
1699954714.8129318	+6.69,+7.8,+21.4,HB	+6.63,+16.0,+21.5,KA	+2.93,+229.9,+21.5,GB	+2.75,+240.5,+19.9,KB	+2.45,+258.2,+20.7,BB	+2.88,+233.4,+19.9,LB	
1699954776.822135	+6.69,+7.6,+21.4,FB	+6.63,+15.9,+21.5,AA	+2.93,+229.9,+21.5,GB	+2.75,+240.5,+19.9,KB	+2.45,+258.4,+20.7,DB	+2.88,+233.3,+19.9,KB	
1699954838.8297105	+6.69,+7.5,+21.4,EB	+6.63,+15.9,+21.5,AA	+2.93,+229.9,+21.5,GB	+2.75,+240.5,+19.9,KB	+2.44,+258.8,+20.7,IB	+2.88,+233.3,+19.9,KB	
1699954900.8378167	+6.69,+7.5,+21.4,EB	+6.63,+15.9,+21.5,AA	+2.93,+230.0,+21.5,FB	+2.75,+240.7,+19.9,IB	+2.45,+258.5,+20.7,EB	+2.88,+233.3,+19.9,KB	
1699954962.847523	+6.69,+7.5,+21.4,EB	+6.63,+15.9,+21.5,AA	+2.93,+229.9,+21.5,GB	+2.75,+240.8,+19.9,FB	+2.44,+258.8,+20.7,IB	+2.88,+233.3,+19.9,KB	
1699955024.8572967	+6.69,+7.4,+21.4,DB	+6.63,+15.9,+21.5,AA	+2.93,+229.9,+21.5,GB	+2.74,+240.8,+19.9,GB	+2.44,+258.6,+20.7,GB	+2.88,+233.3,+19.9,KB	
1699955086.8663216	+6.69,+7.5,+21.4,EB	+6.63,+15.9,+21.5,AA	+2.93,+230.0,+21.5,FB	+2.74,+240.9,+19.9,FB	+2.44,+258.9,+20.7,HB	+2.88,+233.3,+19.9,KB	
1699955148.8754168	+6.69,+7.4,+21.4,DB	+6.63,+15.9,+21.5,AA	+2.93,+229.9,+21.5,GB	+2.75,+240.3,+19.9,MB	+2.43,+259.2,+20.7,EB	+2.88,+233.3,+19.9,KB	
1699955210.8851185	+6.69,+7.5,+21.4,EB	+6.63,+15.9,+21.5,AA	+2.93,+229.9,+21.5,GB	+2.76,+240.2,+19.9,OB	+2.45,+258.4,+20.7,DB	+2.88,+233.3,+19.9,KB	
1699955272.894043	+6.69,+7.5,+21.4,EB	+6.63,+15.9,+21.5,AA	+2.93,+229.9,+21.5,GB	+2.75,+240.3,+19.9,MB	+2.46,+257.9,+20.7,EB	+2.88,+233.3,+19.9,KB	
1699955334.904187	+6.69,+7.9,+21.4,IB	+6.63,+15.9,+21.5,AA	+2.93,+229.9,+21.5,GB	+2.76,+240.2,+19.9,OB	+2.46,+258.0,+20.7,CB	+2.88,+233.3,+19.9,KB	
1699955396.9140725	+6.68,+8.1,+21.4,OB	+6.63,+15.9,+21.5,AA	+2.93,+230.0,+21.5,FB	+2.76,+240.2,+19.9,OB	+2.45,+258.2,+20.7,BB	+2.88,+233.4,+19.9,LB	
1699955458.9236884	+6.68,+8.2,+21.4,LB	+6.63,+15.9,+21.5,AA	+2.93,+230.0,+21.5,FB	+2.75,+240.3,+19.9,MB	+2.45,+258.4,+20.7,DB	+2.88,+233.2,+19.9,JB	
1699955520.9332383	+6.68,+8.2,+21.4,LB	+6.63,+15.9,+21.5,AA	+2.93,+230.0,+21.5,FB	+2.75,+240.3,+19.9,MB	+2.46,+257.8,+20.7,DB	+2.88,+233.3,+19.9,KB	
1699955582.9410613	+6.68,+8.1,+21.4,OB	+6.63,+15.9,+21.5,AA	+2.93,+230.0,+21.5,FB	+2.76,+240.1,+19.9,LB	+2.45,+258.2,+20.7,BB	+2.88,+233.3,+19.9,KB	
1699955644.9493222	+6.68,+8.0,+21.4,NB	+6.63,+15.9,+21.5,AA	+2.93,+230.0,+21.5,FB	+2.76,+240.2,+19.9,OB	+2.48,+256.8,+20.7,KB	+2.88,+233.3,+19.9,KB	
1699955706.959722	+6.69,+7.9,+21.4,IB	+6.63,+15.9,+21.5,AA	+2.93,+229.9,+21.5,GB	+2.75,+240.3,+19.9,MB	+2.48,+256.8,+20.7,KB	+2.88,+233.3,+19.9,KB	
1699955768.968723	+6.69,+7.9,+21.4,IB	+6.63,+15.9,+21.5,AA	+2.93,+230.0,+21.5,FB	+2.75,+240.6,+19.9,HB	+2.46,+257.5,+20.7,IB	+2.88,+233.3,+19.9,KB	
1699955830.9783487	+6.69,+7.9,+21.4,IB	+6.63,+15.9,+21.5,AA	+2.93,+230.0,+21.5,FB	+2.75,+240.8,+19.9,FB	+2.45,+258.2,+20.7,BB	+2.88,+233.3,+19.9,KB	
1699955892.9873729	+6.69,+7.9,+21.4,IB	+6.63,+15.9,+21.5,AA	+2.93,+230.0,+21.5,FB	+2.74,+240.9,+19.9,FB	+2.44,+258.8,+20.7,IB	+2.88,+233.3,+19.9,KB	
1699955954.9979343	+6.67,+8.5,+21.4,DB	+6.63,+15.9,+21.5,AA	+2.93,+230.0,+21.5,FB	+2.75,+240.8,+19.9,FB	+2.44,+258.9,+20.7,HB	+2.88,+233.3,+19.9,KB	
1699956017.003929	+6.66,+9.1,+21.4,@B	+6.63,+15.9,+21.5,AA	+2.93,+230.0,+21.5,FB	+2.75,+240.7,+19.9,IB	+2.42,+259.8,+20.7,NB	+2.88,+233.3,+19.9,KB	
1699956079.013412	+6.66,+9.2,+21.4,CB	+6.63,+15.9,+21.5,AA	+2.93,+229.9,+21.5,GB	+2.75,+240.6,+19.9,HB	+2.41,+260.4,+20.7,KB	+2.88,+233.3,+19.9,KB	
1699956141.0230844	+6.67,+9.0,+21.4,@B	+6.63,+15.8,+21.5,@A	+2.93,+229.9,+21.5,GB	+2.75,+240.6,+19.9,HB	+2.43,+259.4,+20.7,CB	+2.88,+233.3,+19.9,KB	
1699956203.0308864	+6.67,+8.9,+21.5,IB	+6.63,+15.8,+21.5,@A	+2.93,+229.9,+21.5,GB	+2.75,+240.7,+19.9,IB	+2.43,+259.4,+20.7,CB	+2.88,+233.4,+19.9,LB	
1699956448.5941622	+6.68,+8.1,+21.4,OB	+6.63,+15.8,+21.5,@A	+2.93,+229.9,+21.5,GB	+2.75,+240.5,+19.9,KB	+2.42,+259.9,+20.7,OB	+2.88,+233.1,+19.9,IB	
1699956510.6028328	+6.68,+8.1,+21.5,NB	+6.63,+15.8,+21.5,@A	+2.93,+229.9,+21.5,GB	+2.75,+240.6,+19.9,HB	+2.41,+260.3,+20.7,LB	+2.88,+233.3,+19.9,KB	
1699956572.611603	+6.68,+8.0,+21.4,NB	+6.63,+15.9,+21.5,AA	+2.93,+229.9,+21.5,GB	+2.75,+240.6,+19.9,HB	+2.41,+260.7,+20.7,HB	+2.88,+233.4,+19.9,LB	
1699956634.6209395	+6.68,+8.0,+21.4,NB	+6.63,+15.9,+21.5,AA	+2.93,+229.9,+21.5,GB	+2.75,+240.6,+19.9,HB	+2.40,+261.1,+20.7,NB	+2.88,+233.4,+19.9,LB	
1699956696.63117	+6.69,+7.9,+21.4,IB	+6.63,+15.8,+21.5,@A	+2.93,+230.0,+21.5,FB	+2.75,+240.7,+19.9,IB	+2.41,+260.8,+20.7,GB	+2.88,+233.3,+19.9,KB	
1699956758.6381211	+6.69,+7.9,+21.4,IB	+6.63,+15.9,+21.5,AA	+2.93,+230.0,+21.5,FB	+2.75,+240.7,+19.9,IB	+2.41,+260.6,+20.7,IB	+2.88,+233.3,+19.9,KB	
1699956820.6460032	+6.69,+7.8,+21.4,HB	+6.63,+15.9,+21.5,AA	+2.93,+230.0,+21.5,FB	+2.74,+240.9,+19.9,FB	+2.41,+260.7,+20.7,HB	+2.88,+233.4,+19.9,LB	
1699956882.6540973	+6.68,+8.1,+21.4,OB	+6.63,+15.8,+21.5,@A	+2.93,+230.0,+21.5,FB	+2.75,+240.9,+19.9,GB	+2.40,+261.0,+20.7,OB	+2.88,+233.3,+19.9,KB	
1699956944.6615744	+6.68,+8.3,+21.4,MB	+6.63,+15.9,+21.5,AA	+2.93,+229.9,+21.5,GB	+2.75,+240.8,+19.9,FB	+2.39,+261.7,+20.7,FB	+2.88,+233.3,+19.9,KB	
1699957006.6681364	+6.68,+8.4,+21.4,JB	+6.63,+15.9,+21.5,AA	+2.93,+230.0,+21.5,FB	+2.74,+240.9,+19.9,FB	+2.39,+261.6,+20.7,GB	+2.88,+233.3,+19.9,KB	
1699957068.676641	+6.68,+8.4,+21.4,JB	+6.63,+15.9,+21.5,AA	+2.93,+230.0,+21.5,FB	+2.74,+240.9,+19.9,FB	+2.39,+261.9,+20.7,HB	+2.88,+233.3,+19.9,KB	
1699957130.6859548	+6.68,+8.4,+21.5,KB	+6.63,+15.9,+21.5,AA	+2.93,+230.0,+21.5,FB	+2.74,+240.9,+19.9,FB	+2.38,+262.3,+20.7,@B	+2.88,+233.3,+19.9,KB	
1699957192.6951547	+6.68,+8.3,+21.5,LB	+6.63,+15.9,+21.5,AA	+2.93,+230.0,+21.5,FB	+2.74,+240.9,+19.9,FB	+2.41,+260.5,+20.7,JB	+2.88,+233.4,+19.9,LB	
1699957254.7047625	+6.68,+8.2,+21.4,LB	+6.63,+15.9,+21.5,AA	+2.93,+230.0,+21.5,FB	+2.74,+241.1,+19.9,OB	+2.42,+260.3,+20.7,OB	+2.88,+233.3,+19.9,KB	
1699957316.7136462	+6.68,+8.0,+21.4,NB	+6.63,+15.8,+21.5,@A	+2.93,+230.0,+21.5,FB	+2.74,+241.0,+19.9,NB	+2.44,+258.9,+20.7,HB	+2.88,+233.3,+19.9,KB	
1699957378.7201052	+6.69,+7.9,+21.5,HB	+6.63,+15.9,+21.5,AA	+2.93,+230.0,+21.5,FB	+2.74,+241.1,+19.9,OB	+2.43,+259.7,+20.7,@B	+2.88,+233.3,+19.9,KB	
1699957440.7284498	+6.69,+7.8,+21.4,HB	+6.63,+15.8,+21.5,@A	+2.93,+230.0,+21.5,FB	+2.74,+241.4,+19.9,JB	+2.42,+260.0,+20.7,LB	+2.88,+233.3,+19.9,KB	
1699957502.7364717	+6.69,+7.8,+21.5,IB	+6.63,+15.8,+21.5,@A	+2.93,+230.0,+21.5,FB	+2.73,+241.5,+19.9,LB	+2.41,+260.8,+20.7,GB	+2.88,+233.3,+19.9,KB	
1699957564.7451015	+6.69,+7.7,+21.4,GB	+6.63,+15.9,+21.5,AA	+2.93,+230.0,+21.5,FB	+2.73,+241.5,+19.9,LB	+2.42,+260.0,+20.7,LB	+2.88,+233.4,+19.9,LB	
1699957626.7551954	+6.69,+7.6,+21.5,GB	+6.63,+15.9,+21.5,AA	+2.93,+230.0,+21.5,FB	+2.73,+241.5,+19.9,LB	+2.41,+260.4,+20.7,KB	+2.87,+233.4,+19.9,CB	
1699957688.7654421	+6.69,+7.7,+21.4,GB	+6.63,+15.9,+21.5,AA	+2.93,+230.1,+21.5,GB	+2.73,+241.6,+19.9,OB	+2.42,+260.0,+20.7,LB	+2.88,+233.4,+19.9,LB	
1699957750.7744904	+6.69,+7.6,+21.5,GB	+6.63,+15.8,+21.5,@A	+2.93,+230.0,+21.5,FB	+2.73,+241.5,+19.9,LB	+2.42,+259.9,+20.7,OB	+2.88,+233.3,+19.9,KB	
1699957812.7831664	+6.69,+7.6,+21.4,FB	+6.63,+15.8,+21.5,@A	+2.93,+230.0,+21.5,FB	+2.73,+241.5,+19.9,LB	+2.42,+260.2,+20.7,NB	+2.88,+233.4,+19.9,LB	
1699957874.7911687	+6.69,+7.6,+21.5,GB	+6.63,+15.9,+21.5,AA	+2.93,+230.0,+21.5,FB	+2.73,+241.5,+19.9,LB	+2.41,+260.3,+20.7,LB	+2.88,+233.3,+19.9,KB	
1699957936.8018222	+6.69,+7.6,+21.4,FB	+6.63,+15.8,+21.5,@A	+2.93,+230.0,+21.5,FB	+2.73,+241.6,+19.9,OB	+2.40,+260.9,+20.7,GB	+2.88,+233.3,+19.9,KB	
1699957998.8123782	+6.69,+7.7,+21.4,GB	+6.63,+15.9,+21.5,AA	+2.93,+230.0,+21.5,FB	+2.73,+241.6,+19.9,OB	+2.40,+261.3,+20.7,LB	+2.88,+233.3,+19.9,KB	
1699958060.8229663	+6.69,+7.6,+21.5,GB	+6.63,+15.9,+21.5,AA	+2.93,+230.0,+21.5,FB	+2.73,+241.7,+19.9,NB	+2.39,+261.9,+20.7,HB	+2.88,+233.3,+19.9,KB	
1699958122.83189	+6.69,+7.7,+21.4,GB	+6.63,+15.8,+21.5,@A	+2.93,+230.0,+21.5,FB	+2.73,+241.8,+19.9,AB	+2.38,+262.1,+20.7,BB	+2.88,+233.4,+19.9,LB	
1699958184.8422701	+6.69,+7.7,+21.4,GB	+6.63,+15.9,+21.5,AA	+2.93,+230.0,+21.5,FB	+2.74,+241.4,+19.9,JB	+2.41,+260.8,+20.7,GB	+2.88,+233.3,+19.9,KB	
1699958246.8531015	+6.69,+7.8,+21.5,IB	+6.63,+15.8,+21.5,@A	+2.93,+230.0,+21.5,FB	+2.74,+241.3,+19.9,MB	+2.40,+261.1,+20.7,NB	+2.88,+233.3,+19.9,KB	
1699958308.863275	+6.69,+7.7,+21.5,FB	+6.63,+15.9,+21.5,AA	+2.93,+230.1,+21.5,GB	+2.74,+241.3,+19.9,MB	+2.39,+261.5,+20.7,DB	+2.88,+233.3,+19.9,KB	
1699958370.8726742	+6.69,+7.8,+21.4,HB	+6.63,+15.8,+21.5,@A	+2.93,+230.0,+21.5,FB	+2.74,+241.3,+19.9,MB	+2.41,+260.4,+20.7,KB	+2.88,+233.4,+19.9,LB	
1699958432.8834124	+6.68,+8.0,+21.5,OB	+6.63,+15.8,+21.5,@A	+2.93,+230.0,+21.5,FB	+2.74,+241.3,+19.9,MB	+2.44,+259.1,+20.7,AB	+2.88,+233.3,+19.9,KB	
1699958494.8939517	+6.68,+8.2,+21.5,MB	+6.63,+15.8,+21.5,@A	+2.93,+230.0,+21.5,FB	+2.74,+241.3,+19.9,MB	+2.44,+258.6,+20.7,GB	+2.88,+233.4,+19.9,LB	
1699958556.8985248	+6.68,+8.2,+21.5,MB	+6.63,+15.8,+21.5,@A	+2.93,+230.0,+21.5,FB	+2.74,+241.4,+19.9,JB	+2.45,+258.3,+20.7,CB	+2.88,+233.3,+19.9,KB	
1699958618.9067545	+6.68,+8.1,+21.4,OB	+6.63,+15.8,+21.5,@A	+2.93,+230.0,+21.5,FB	+2.74,+241.4,+19.9,JB	+2.44,+258.9,+20.7,HB	+2.87,+233.4,+19.9,CB	
1699958680.914882	+6.68,+8.1,+21.5,NB	+6.63,+15.8,+21.5,@A	+2.93,+230.0,+21.5,FB	+2.74,+241.4,+19.9,JB	+2.45,+258.3,+20.7,CB	+2.87,+233.4,+19.9,CB	
1699958742.9251945	+6.69,+8.0,+21.5,NB	+6.63,+15.7,+21.5,OA	+2.93,+230.0,+21.5,FB	+2.74,+241.4,+19.9,JB	+2.45,+258.2,+20.7,BB	+2.87,+233.4,+19.9,CB	
1699958804.9361742	+6.69,+7.8,+21.5,IB	+6.63,+15.8,+21.5,@A	+2.93,+230.1,+21.5,GB	+2.74,+241.4,+19.9,JB	+2.45,+258.1,+20.7,AB	+2.88,+233.4,+19.9,LB	
1699958866.944625	+6.69,+7.9,+21.5,HB	+6.63,+15.8,+21.5,@A	+2.93,+230.0,+21.5,FB	+2.73,+241.5,+19.9,LB	+2.45,+258.2,+20.7,BB	+2.87,+233.4,+19.9,CB	
1699958928.9543	+6.69,+7.8,+21.5,IB	+6.63,+15.8,+21.5,@A	+2.93,+230.1,+21.5,GB	+2.74,+241.4,+19.9,JB	+2.45,+258.2,+20.7,BB	+2.88,+233.3,+19.9,KB	
1699958990.9616458	+6.69,+7.8,+21.5,IB	+6.63,+15.8,+21.5,@A	+2.93,+230.0,+21.5,FB	+2.74,+241.4,+19.9,JB	+2.44,+259.0,+20.7,@B	+2.88,+233.4,+19.9,LB	
1699959052.97111	+6.69,+7.8,+21.5,IB	+6.63,+15.8,+21.5,@A	+2.93,+230.0,+21.5,FB	+2.74,+241.4,+19.9,JB	+2.43,+259.3,+20.7,DB	+2.88,+233.3,+19.9,KB	
1699959114.982504	+6.69,+7.8,+21.5,IB	+6.63,+15.8,+21.5,@A	+2.93,+230.0,+21.5,FB	+2.73,+241.6,+19.9,OB	+2.43,+259.3,+20.7,DB	+2.88,+233.3,+19.9,KB	
1699959176.9918928	+6.69,+7.8,+21.5,IB	+6.63,+15.7,+21.5,OA	+2.93,+230.0,+21.5,FB	+2.73,+241.5,+19.9,LB	+2.43,+259.6,+20.7,AB	+2.88,+233.4,+19.9,LB	
1699959239.0014915	+6.69,+7.9,+21.5,HB	+6.63,+15.8,+21.5,@A	+2.93,+230.0,+21.5,FB	+2.73,+241.8,+19.9,AB	+2.42,+260.0,+20.7,LB	+2.88,+233.4,+19.9,LB	
1699959301.0096867	+6.69,+7.9,+21.5,HB	+6.63,+15.8,+21.5,@A	+2.93,+230.0,+21.5,FB	+2.72,+242.1,+19.9,JB	+2.42,+260.3,+20.7,OB	+2.88,+233.3,+19.9,KB	
1699959363.019031	+6.69,+7.8,+21.5,IB	+6.63,+15.8,+21.5,@A	+2.93,+230.1,+21.5,GB	+2.72,+242.3,+19.9,HB	+2.41,+260.6,+20.7,IB	+2.88,+233.3,+19.9,KB	
1699959425.0270073	+6.69,+7.8,+21.5,IB	+6.63,+15.7,+21.5,OA	+2.93,+230.0,+21.5,FB	+2.72,+242.4,+19.9,OB	+2.41,+260.9,+20.7,FB	+2.88,+233.3,+19.9,KB	
1699959487.0367293	+6.69,+7.6,+21.5,GB	+6.63,+15.8,+21.5,@A	+2.93,+230.0,+21.5,FB	+2.72,+242.4,+19.9,OB	+2.40,+260.9,+20.7,GB	+2.88,+233.4,+19.9,LB	
1699959549.046804	+6.69,+7.5,+21.5,DB	+6.63,+15.7,+21.5,OA	+2.93,+230.0,+21.5,FB	+2.72,+242.4,+19.9,OB	+2.40,+261.1,+20.7,NB	+2.87,+233.4,+19.9,CB	
1699959611.0571322	+6.69,+7.5,+21.5,DB	+6.63,+15.7,+21.5,OA	+2.93,+230.1,+21.5,GB	+2.72,+242.4,+19.9,OB	+2.39,+261.5,+20.7,DB	+2.88,+233.4,+19.9,LB	
1699959673.067036	+6.69,+7.5,+21.5,DB	+6.63,+15.7,+21.5,OA	+2.93,+230.0,+21.5,FB	+2.72,+242.5,+19.9,NB	+2.40,+261.0,+20.7,OB	+2.87,+233.4,+19.9,CB	
1699959735.0750644	+6.69,+7.5,+21.5,DB	+6.63,+15.7,+21.5,OA	+2.93,+230.0,+21.5,FB	+2.72,+242.5,+19.9,NB	+2.39,+261.5,+20.7,DB	+2.87,+233.5,+19.9,BB	
1699959797.0847757	+6.69,+7.6,+21.4,FB	+6.63,+15.8,+21.5,@A	+2.93,+230.0,+21.5,FB	+2.72,+242.5,+19.9,NB	+2.39,+262.0,+20.7,BB	+2.87,+233.4,+19.9,CB	
1699959859.0931497	+6.69,+7.6,+21.4,FB	+6.63,+15.7,+21.5,OA	+2.93,+230.0,+21.5,FB	+2.72,+242.5,+20.0,MB	+2.38,+262.3,+20.7,@B	+2.88,+233.4,+19.9,LB	
1699959921.1026583	+6.69,+7.5,+21.5,DB	+6.63,+15.7,+21.5,OA	+2.93,+230.0,+21.5,FB	+2.72,+242.3,+19.9,HB	+2.39,+262.0,+20.7,BB	+2.88,+233.3,+19.9,KB	
1699959983.1123052	+6.69,+7.7,+21.5,FB	+6.63,+15.7,+21.5,OA	+2.93,+230.1,+21.5,GB	+2.72,+242.4,+19.9,OB	+2.38,+262.1,+20.7,BB	+2.88,+233.3,+19.9,KB	
1699960045.121528	+6.68,+8.1,+21.5,NB	+6.63,+15.8,+21.5,@A	+2.93,+230.0,+21.5,FB	+2.72,+242.3,+19.9,HB	+2.39,+261.5,+20.7,DB	+2.88,+233.4,+19.9,LB	
1699960290.6844385	+6.68,+8.3,+21.5,LB	+6.63,+15.7,+21.5,OA	+2.93,+230.0,+21.5,FB	+2.72,+242.2,+19.9,IB	+2.40,+261.1,+20.7,NB	+2.88,+233.2,+19.9,JB	
1699960352.690968	+6.68,+8.2,+21.5,MB	+6.63,+15.7,+21.6,LA	+2.93,+230.0,+21.5,FB	+2.72,+242.2,+19.9,IB	+2.39,+262.0,+20.7,BB	+2.87,+233.4,+19.9,CB	
1699960414.7012916	+6.68,+8.0,+21.5,OB	+6.63,+15.7,+21.5,OA	+2.93,+230.0,+21.5,FB	+2.72,+242.2,+20.0,JB	+2.38,+262.4,+20.7,GB	+2.87,+233.4,+19.9,CB	
1699960476.710848	+6.69,+7.8,+21.5,IB	+6.63,+15.7,+21.5,OA	+2.93,+230.0,+21.5,FB	+2.72,+242.3,+19.9,HB	+2.41,+260.4,+20.7,KB	+2.88,+233.4,+19.9,LB	
1699960538.7190623	+6.69,+7.7,+21.5,FB	+6.64,+15.6,+21.5,IA	+2.93,+230.1,+21.5,GB	+2.72,+242.2,+19.9,IB	+2.42,+260.2,+20.7,NB	+2.87,+233.4,+19.9,CB	
1699960600.7266362	+6.69,+7.7,+21.5,FB	+6.63,+15.7,+21.5,OA	+2.93,+230.1,+21.5,GB	+2.72,+242.2,+19.9,IB	+2.42,+260.2,+20.7,NB	+2.87,+233.4,+19.9,CB	
1699960662.7365432	+6.69,+7.5,+21.5,DB	+6.63,+15.7,+21.5,OA	+2.93,+230.0,+21.5,FB	+2.72,+242.3,+19.9,HB	+2.42,+260.0,+20.7,LB	+2.87,+233.4,+19.9,CB	
1699960724.7464597	+6.69,+7.5,+21.5,DB	+6.64,+15.6,+21.5,IA	+2.93,+230.0,+21.5,FB	+2.72,+242.3,+20.0,KB	+2.42,+260.1,+20.7,MB	+2.87,+233.4,+19.9,CB	
1699960786.752945	+6.69,+7.8,+21.5,IB	+6.64,+15.5,+21.5,JA	+2.93,+230.1,+21.5,GB	+2.72,+242.3,+19.9,HB	+2.43,+259.4,+20.7,CB	+2.87,+233.5,+19.9,BB	
1699960848.762744	+6.69,+7.5,+21.5,DB	+6.64,+15.6,+21.5,IA	+2.93,+230.0,+21.5,FB	+2.72,+242.3,+19.9,HB	+2.44,+259.1,+20.7,AB	+2.87,+233.4,+19.9,CB	
1699960910.7726183	+6.69,+7.5,+21.5,DB	+6.64,+15.6,+21.5,IA	+2.93,+230.1,+21.5,GB	+2.72,+242.2,+19.9,IB	+2.43,+259.5,+20.7,BB	+2.88,+233.4,+19.9,LB	
1699960972.7820277	+6.69,+7.5,+21.5,DB	+6.64,+15.6,+21.5,IA	+2.93,+230.0,+21.5,FB	+2.72,+242.4,+20.0,LB	+2.43,+259.7,+20.7,@B	+2.87,+233.4,+19.9,CB	
1699961034.7920985	+6.69,+7.5,+21.5,DB	+6.64,+15.6,+21.5,IA	+2.93,+230.0,+21.5,FB	+2.72,+242.4,+20.0,LB	+2.44,+259.1,+20.7,AB	+2.87,+233.4,+19.9,CB	
1699961096.8005154	+6.69,+7.5,+21.5,DB	+6.64,+15.6,+21.5,IA	+2.93,+230.0,+21.5,FB	+2.72,+242.4,+20.0,LB	+2.44,+258.9,+20.7,HB	+2.87,+233.4,+19.9,CB	
1699961158.8107927	+6.69,+7.5,+21.5,DB	+6.64,+15.6,+21.5,IA	+2.93,+230.0,+21.5,FB	+2.72,+242.4,+19.9,OB	+2.45,+258.1,+20.7,AB	+2.88,+233.4,+19.9,LB	
1699961220.816766	+6.69,+7.6,+21.5,GB	+6.64,+15.6,+21.5,IA	+2.93,+230.0,+21.5,FB	+2.72,+242.4,+19.9,OB	+2.46,+257.6,+20.8,EB	+2.87,+233.4,+19.9,CB	
1699961282.826734	+6.69,+7.8,+21.5,IB	+6.63,+15.7,+21.5,OA	+2.93,+230.1,+21.5,GB	+2.72,+242.4,+20.0,LB	+2.45,+258.3,+20.7,CB	+2.87,+233.5,+19.9,BB	
1699961344.8365757	+6.69,+7.8,+21.5,IB	+6.64,+15.6,+21.5,IA	+2.93,+230.1,+21.6,DB	+2.72,+242.4,+19.9,OB	+2.44,+259.0,+20.7,@B	+2.87,+233.4,+19.9,CB	
1699961406.847333	+6.69,+7.7,+21.5,FB	+6.64,+15.6,+21.5,IA	+2.93,+230.1,+21.5,GB	+2.72,+242.4,+20.0,LB	+2.43,+259.4,+20.7,CB	+2.87,+233.4,+19.9,CB	
1699961468.8565109	+6.69,+7.6,+21.5,GB	+6.64,+15.6,+21.5,IA	+2.93,+230.0,+21.5,FB	+2.73,+242.0,+19.9,JB	+2.42,+259.9,+20.7,OB	+2.87,+233.4,+19.9,CB	
1699961530.8629205	+6.69,+7.5,+21.5,DB	+6.64,+15.5,+21.5,JA	+2.93,+230.1,+21.5,GB	+2.73,+241.9,+19.9,@B	+2.41,+260.3,+20.7,LB	+2.87,+233.5,+19.9,BB	
1699961592.871513	+6.69,+7.8,+21.5,IB	+6.64,+15.5,+21.5,JA	+2.93,+230.1,+21.5,GB	+2.73,+242.0,+20.0,IB	+2.41,+260.5,+20.7,JB	+2.87,+233.5,+19.9,BB	
1699961654.8809936	+6.68,+8.0,+21.5,OB	+6.64,+15.5,+21.5,JA	+2.93,+230.0,+21.5,FB	+2.73,+241.7,+19.9,NB	+2.42,+259.9,+20.7,OB	+2.87,+233.5,+19.9,BB	
1699961716.8891137	+6.68,+8.1,+21.5,NB	+6.64,+15.5,+21.5,JA	+2.93,+230.1,+21.5,GB	+2.73,+241.6,+19.9,OB	+2.42,+260.2,+20.7,NB	+2.87,+233.4,+19.9,CB	
1699961778.8984191	+6.68,+8.1,+21.5,NB	+6.64,+15.5,+21.5,JA	+2.93,+230.1,+21.5,GB	+2.73,+241.6,+20.0,LB	+2.41,+260.3,+20.7,LB	+2.87,+233.4,+19.9,CB	
1699961840.9095368	+6.68,+8.0,+21.5,OB	+6.64,+15.5,+21.5,JA	+2.93,+230.0,+21.5,FB	+2.73,+241.7,+20.0,MB	+2.43,+259.5,+20.7,BB	+2.87,+233.4,+19.9,CB	
1699961902.9189565	+6.69,+7.9,+21.5,HB	+6.64,+15.5,+21.5,JA	+2.93,+230.0,+21.5,FB	+2.73,+241.6,+20.0,LB	+2.43,+259.6,+20.7,AB	+2.87,+233.4,+19.9,CB	
1699961964.9287016	+6.69,+7.9,+21.5,HB	+6.64,+15.5,+21.5,JA	+2.93,+230.1,+21.5,GB	+2.73,+241.7,+19.9,NB	+2.43,+259.3,+20.7,DB	+2.87,+233.5,+19.9,BB	
1699962026.9362593	+6.69,+7.8,+21.5,IB	+6.64,+15.5,+21.5,JA	+2.93,+230.1,+21.5,GB	+2.73,+241.7,+20.0,MB	+2.45,+258.3,+20.7,CB	+2.87,+233.4,+19.9,CB	
1699962088.9451325	+6.69,+7.9,+21.5,HB	+6.64,+15.6,+21.5,IA	+2.93,+230.0,+21.5,FB	+2.73,+241.8,+20.0,BB	+2.44,+258.9,+20.7,HB	+2.87,+233.4,+19.9,CB	
1699962150.9551048	+6.69,+7.8,+21.5,IB	+6.64,+15.5,+21.6,IA	+2.93,+230.0,+21.5,FB	+2.74,+241.5,+20.0,HB	+2.43,+259.6,+20.7,AB	+2.87,+233.4,+19.9,CB	
1699962212.9639213	+6.69,+7.9,+21.5,HB	+6.64,+15.6,+21.5,IA	+2.93,+230.0,+21.5,FB	+2.73,+241.5,+19.9,LB	+2.43,+259.6,+20.7,AB	+2.87,+233.5,+19.9,BB	
1699962274.9734807	+6.69,+7.8,+21.5,IB	+6.64,+15.5,+21.6,IA	+2.93,+230.1,+21.5,GB	+2.73,+241.7,+19.9,NB	+2.43,+259.4,+20.7,CB	+2.87,+233.5,+19.9,BB	
1699962336.983065	+6.69,+7.6,+21.5,GB	+6.64,+15.5,+21.5,JA	+2.93,+230.1,+21.5,GB	+2.73,+241.7,+20.0,MB	+2.45,+258.6,+20.7,FB	+2.87,+233.4,+19.9,CB	
1699962398.9901662	+6.69,+7.4,+21.5,EB	+6.64,+15.4,+21.5,KA	+2.93,+230.0,+21.5,FB	+2.73,+241.7,+20.0,MB	+2.44,+259.0,+20.7,@B	+2.87,+233.5,+19.9,BB	
1699962460.997602	+6.70,+7.4,+21.5,MB	+6.64,+15.4,+21.5,KA	+2.93,+230.0,+21.5,FB	+2.73,+241.5,+19.9,LB	+2.44,+259.1,+20.7,AB	+2.87,+233.5,+19.9,BB	
1699962523.004814	+6.70,+7.4,+21.5,MB	+6.64,+15.4,+21.5,KA	+2.93,+230.1,+21.5,GB	+2.74,+241.1,+19.9,OB	+2.42,+260.3,+20.7,OB	+2.87,+233.5,+19.9,BB	
1699962585.015127	+6.70,+7.2,+21.5,KB	+6.64,+15.4,+21.5,KA	+2.93,+230.0,+21.5,FB	+2.74,+241.1,+19.9,OB	+2.40,+261.2,+20.7,MB	+2.87,+233.5,+19.9,BB	
1699962647.0234344	+6.70,+7.2,+21.5,KB	+6.64,+15.4,+21.5,KA	+2.93,+230.1,+21.5,GB	+2.74,+241.1,+20.0,LB	+2.39,+261.6,+20.7,GB	+2.87,+233.5,+19.9,BB	
1699962709.0325904	+6.70,+7.2,+21.5,KB	+6.64,+15.4,+21.5,KA	+2.93,+230.0,+21.5,FB	+2.74,+241.0,+19.9,NB	+2.39,+261.7,+20.7,FB	+2.87,+233.4,+19.9,CB	
1699962771.0424275	+6.70,+7.2,+21.5,KB	+6.64,+15.4,+21.5,KA	+2.93,+230.0,+21.5,FB	+2.74,+241.0,+19.9,NB	+2.40,+261.3,+20.7,LB	+2.87,+233.4,+19.9,CB	
1699962833.049886	+6.70,+7.2,+21.5,KB	+6.64,+15.4,+21.5,KA	+2.93,+230.0,+21.5,FB	+2.74,+241.1,+20.0,LB	+2.39,+261.6,+20.7,GB	+2.87,+233.4,+19.9,CB	
1699962895.0603027	+6.70,+7.3,+21.5,JB	+6.64,+15.4,+21.5,KA	+2.93,+230.0,+21.5,FB	+2.74,+241.1,+19.9,OB	+2.39,+261.9,+20.7,HB	+2.87,+233.5,+19.9,BB	
1699962957.0714052	+6.70,+7.4,+21.5,MB	+6.64,+15.4,+21.6,HA	+2.93,+230.1,+21.5,GB	+2.74,+241.0,+19.9,NB	+2.44,+259.1,+20.7,AB	+2.87,+233.5,+19.9,BB	
1699963019.0795324	+6.70,+7.4,+21.5,MB	+6.64,+15.4,+21.5,KA	+2.93,+230.1,+21.5,GB	+2.74,+241.1,+20.0,LB	+2.43,+259.3,+20.7,DB	+2.87,+233.4,+19.9,CB	
1699963081.0874043	+6.69,+7.4,+21.5,EB	+6.64,+15.4,+21.5,KA	+2.93,+230.1,+21.5,GB	+2.74,+241.1,+19.9,OB	+2.43,+259.6,+20.7,AB	+2.87,+233.4,+19.9,CB	
1699963143.0967422	+6.69,+7.5,+21.5,DB	+6.64,+15.5,+21.5,JA	+2.93,+230.1,+21.5,GB	+2.74,+241.2,+19.9,LB	+2.42,+259.9,+20.7,OB	+2.87,+233.5,+19.9,BB	
1699963205.1059856	+6.69,+7.5,+21.5,DB	+6.64,+15.4,+21.5,KA	+2.93,+230.1,+21.5,GB	+2.74,+241.0,+19.9,NB	+2.42,+260.2,+20.7,NB	+2.87,+233.5,+19.9,BB	
1699963267.1161602	+6.69,+7.7,+21.5,FB	+6.64,+15.4,+21.5,KA	+2.93,+230.1,+21.5,GB	+2.74,+241.0,+19.9,NB	+2.41,+260.6,+20.7,IB	+2.87,+233.5,+19.9,BB	
1699963329.1256902	+6.69,+7.9,+21.5,HB	+6.64,+15.3,+21.5,LA	+2.93,+230.1,+21.5,GB	+2.74,+241.0,+20.0,MB	+2.41,+260.4,+20.7,KB	+2.87,+233.5,+19.9,BB	
1699963391.1352375	+6.69,+7.9,+21.5,HB	+6.64,+15.3,+21.5,LA	+2.93,+230.1,+21.5,GB	+2.74,+241.2,+20.0,OB	+2.40,+261.3,+20.7,LB	+2.87,+233.5,+19.9,BB	
1699963453.1442432	+6.69,+7.9,+21.5,HB	+6.64,+15.3,+21.5,LA	+2.93,+230.1,+21.5,GB	+2.74,+241.2,+19.9,LB	+2.41,+260.7,+20.7,HB	+2.87,+233.5,+19.9,BB	
1699963515.1533017	+6.69,+7.8,+21.5,IB	+6.64,+15.4,+21.5,KA	+2.93,+230.1,+21.5,GB	+2.74,+241.3,+19.9,MB	+2.42,+260.2,+20.7,NB	+2.87,+233.4,+19.9,CB	
1699963577.1641743	+6.69,+7.7,+21.5,FB	+6.64,+15.3,+21.5,LA	+2.93,+230.0,+21.5,FB	+2.74,+241.3,+20.0,NB	+2.41,+260.6,+20.7,IB	+2.87,+233.5,+19.9,BB	
1699963639.1730454	+6.69,+7.7,+21.5,FB	+6.64,+15.3,+21.5,LA	+2.93,+230.1,+21.5,GB	+2.74,+241.2,+19.9,LB	+2.41,+260.3,+20.7,LB	+2.87,+233.4,+19.9,CB	
1699963701.1814847	+6.69,+7.6,+21.5,GB	+6.64,+15.3,+21.5,LA	+2.93,+230.1,+21.5,GB	+2.74,+241.1,+19.9,OB	+2.42,+260.3,+20.7,OB	+2.87,+233.4,+19.9,CB	
1699963763.189917	+6.69,+7.6,+21.5,GB	+6.64,+15.4,+21.5,KA	+2.93,+230.1,+21.5,GB	+2.74,+241.2,+20.0,OB	+2.41,+260.7,+20.7,HB	+2.87,+233.4,+19.9,CB	
1699963825.199288	+6.69,+7.6,+21.5,GB	+6.64,+15.4,+21.5,KA	+2.93,+230.1,+21.5,GB	+2.74,+241.2,+20.0,OB	+2.40,+261.0,+20.7,OB	+2.87,+233.5,+19.9,BB	
1699963887.2102442	+6.69,+7.6,+21.5,GB	+6.64,+15.4,+21.5,KA	+2.93,+230.0,+21.5,FB	+2.74,+241.2,+19.9,LB	+2.41,+260.6,+20.7,IB	+2.87,+233.5,+19.9,BB	
1699964132.7735279	+6.69,+7.5,+21.5,DB	+6.64,+15.3,+21.5,LA	+2.93,+230.0,+21.5,FB	+2.74,+241.4,+20.0,IB	+2.41,+260.8,+20.7,GB	+2.88,+233.3,+19.9,KB	
1699964194.7801273	+6.69,+7.4,+21.5,EB	+6.64,+15.3,+21.5,LA	+2.93,+230.1,+21.5,GB	+2.73,+241.5,+19.9,LB	+2.41,+260.8,+20.7,GB	+2.87,+233.4,+19.9,CB	
1699964256.789113	+6.70,+7.3,+21.5,JB	+6.64,+15.3,+21.5,LA	+2.93,+230.1,+21.5,GB	+2.73,+241.5,+19.9,LB	+2.40,+261.0,+20.7,OB	+2.87,+233.5,+19.9,BB	
1699964318.797888	+6.70,+7.3,+21.5,JB	+6.64,+15.3,+21.5,LA	+2.93,+230.0,+21.5,FB	+2.73,+241.6,+19.9,OB	+2.39,+261.6,+20.7,GB	+2.87,+233.5,+19.9,BB	
1699964380.806227	+6.70,+7.2,+21.5,KB	+6.64,+15.3,+21.5,LA	+2.93,+230.1,+21.5,GB	+2.73,+241.7,+19.9,NB	+2.41,+260.5,+20.7,JB	+2.87,+233.5,+19.9,BB	
1699964442.816862	+6.70,+7.2,+21.5,KB	+6.64,+15.3,+21.5,LA	+2.93,+230.1,+21.5,GB	+2.73,+241.7,+19.9,NB	+2.41,+260.3,+20.7,LB	+2.87,+233.5,+19.9,BB	
1699964504.8261755	+6.70,+7.2,+21.5,KB	+6.64,+15.3,+21.5,LA	+2.93,+230.1,+21.5,GB	+2.73,+241.8,+19.9,AB	+2.41,+260.6,+20.7,IB	+2.87,+233.4,+19.9,CB	
1699964566.8357143	+6.70,+7.2,+21.5,KB	+6.64,+15.3,+21.5,LA	+2.93,+230.0,+21.5,FB	+2.74,+241.4,+19.9,JB	+2.39,+261.7,+20.7,FB	+2.87,+233.5,+19.9,BB	
1699964628.8414953	+6.70,+7.1,+21.5,HB	+6.64,+15.3,+21.5,LA	+2.93,+230.1,+21.5,GB	+2.74,+241.2,+20.0,OB	+2.39,+261.9,+20.7,HB	+2.87,+233.5,+19.9,BB	
1699964690.8486304	+6.70,+7.2,+21.5,KB	+6.64,+15.2,+21.5,MA	+2.93,+230.1,+21.5,GB	+2.74,+241.3,+20.0,NB	+2.42,+260.3,+20.7,OB	+2.87,+233.5,+19.9,BB	
1699964752.862703	+6.69,+7.7,+21.5,FB	+6.64,+15.3,+21.5,LA	+2.93,+230.0,+21.5,FB	+2.74,+241.2,+19.9,LB	+2.40,+261.2,+20.7,MB	+2.87,+233.5,+19.9,BB	
1699964814.8710897	+6.69,+7.7,+21.5,FB	+6.64,+15.3,+21.5,LA	+2.93,+230.0,+21.5,FB	+2.74,+241.2,+20.0,OB	+2.40,+261.2,+20.7,MB	+2.87,+233.5,+19.9,BB	
1699964876.8802524	+6.69,+7.8,+21.5,IB	+6.64,+15.4,+21.5,KA	+2.93,+230.1,+21.5,GB	+2.74,+241.3,+19.9,MB	+2.40,+261.5,+20.7,JB	+2.87,+233.5,+19.9,BB	
1699964938.887357	+6.68,+8.0,+21.4,NB	+6.64,+15.4,+21.5,KA	+2.93,+230.0,+21.5,FB	+2.74,+241.3,+19.9,MB	+2.39,+261.5,+20.7,DB	+2.87,+233.4,+19.9,CB	
1699965000.8955898	+6.68,+8.3,+21.5,LB	+6.64,+15.3,+21.5,LA	+2.93,+230.0,+21.5,FB	+2.74,+241.3,+20.0,NB	+2.41,+260.5,+20.7,JB	+2.87,+233.5,+19.9,BB	
1699965062.9048817	+6.68,+8.3,+21.5,LB	+6.64,+15.3,+21.5,LA	+2.93,+230.1,+21.5,GB	+2.74,+241.3,+19.9,MB	+2.41,+260.3,+20.7,LB	+2.87,+233.5,+19.9,BB	
1699965124.9143221	+6.68,+8.2,+21.5,MB	+6.64,+15.3,+21.5,LA	+2.93,+230.1,+21.5,GB	+2.74,+241.4,+19.9,JB	+2.43,+259.6,+20.7,AB	+2.87,+233.5,+19.9,BB	
1699965186.9223864	+6.68,+8.1,+21.5,NB	+6.64,+15.2,+21.5,MA	+2.93,+230.1,+21.5,GB	+2.73,+241.5,+20.0,OB	+2.43,+259.7,+20.7,@B	+2.87,+233.5,+19.9,BB	
1699965248.931993	+6.68,+8.0,+21.5,OB	+6.64,+15.2,+21.5,MA	+2.93,+230.0,+21.5,FB	+2.73,+241.6,+19.9,OB	+2.42,+260.1,+20.7,MB	+2.87,+233.5,+19.9,BB	
1699965310.9402087	+6.69,+7.9,+21.5,HB	+6.64,+15.3,+21.5,LA	+2.93,+230.1,+21.5,GB	+2.73,+241.6,+19.9,OB	+2.42,+259.8,+20.7,NB	+2.87,+233.5,+19.9,BB	
1699965372.9463964	+6.69,+7.8,+21.5,IB	+6.64,+15.2,+21.5,MA	+2.93,+230.1,+21.5,GB	+2.73,+241.7,+19.9,NB	+2.42,+260.2,+20.7,NB	+2.87,+233.5,+19.9,BB	
1699965434.9570744	+6.69,+7.7,+21.5,FB	+6.64,+15.2,+21.5,MA	+2.93,+230.0,+21.5,FB	+2.73,+241.7,+19.9,NB	+2.41,+260.5,+20.7,JB	+2.87,+233.5,+19.9,BB	
1699965496.9670246	+6.69,+7.6,+21.5,GB	+6.64,+15.2,+21.5,MA	+2.93,+230.0,+21.5,FB	+2.73,+241.8,+19.9,AB	+2.41,+260.4,+20.7,KB	+2.87,+233.4,+19.9,CB	
1699965558.9774919	+6.69,+7.6,+21.5,GB	+6.64,+15.2,+21.5,MA	+2.93,+230.1,+21.5,GB	+2.73,+241.9,+19.9,@B	+2.41,+260.8,+20.7,GB	+2.87,+233.4,+19.9,CB	
1699965620.9887815	+6.69,+7.6,+21.5,GB	+6.64,+15.2,+21.5,MA	+2.93,+230.1,+21.5,GB	+2.73,+241.9,+19.9,@B	+2.44,+258.7,+20.7,FB	+2.87,+233.5,+19.9,BB	
1699965682.9982262	+6.69,+7.5,+21.5,DB	+6.64,+15.2,+21.5,MA	+2.93,+230.0,+21.5,FB	+2.73,+242.0,+19.9,JB	+2.44,+258.7,+20.7,FB	+2.87,+233.5,+19.9,BB	
1699965745.0097692	+6.69,+7.5,+21.5,DB	+6.64,+15.3,+21.5,LA	+2.93,+230.1,+21.5,GB	+2.73,+241.8,+19.9,AB	+2.44,+258.9,+20.7,HB	+2.87,+233.5,+19.9,BB	
1699965807.0192907	+6.69,+7.5,+21.5,DB	+6.64,+15.2,+21.5,MA	+2.93,+230.1,+21.5,GB	+2.72,+242.1,+19.9,JB	+2.45,+258.1,+20.7,AB	+2.87,+233.5,+19.9,BB	
1699965869.0290391	+6.69,+7.6,+21.4,FB	+6.64,+15.3,+21.5,LA	+2.93,+230.1,+21.5,GB	+2.73,+242.0,+19.9,JB	+2.44,+258.6,+20.7,GB	+2.87,+233.4,+19.9,CB	
1699965931.0395913	+6.69,+7.6,+21.5,GB	+6.64,+15.3,+21.5,LA	+2.93,+230.1,+21.5,GB	+2.73,+241.8,+19.9,AB	+2.43,+259.2,+20.7,EB	+2.87,+233.5,+19.9,BB	
1699965993.0482519	+6.69,+7.5,+21.5,DB	+6.64,+15.2,+21.5,MA	+2.93,+230.1,+21.5,GB	+2.73,+241.8,+19.9,AB	+2.42,+260.0,+20.7,LB	+2.87,+233.6,+19.9,AB	
1699966055.0596688	+6.69,+7.4,+21.5,EB	+6.64,+15.2,+21.5,MA	+2.93,+230.1,+21.5,GB	+2.73,+241.8,+19.9,AB	+2.43,+259.6,+20.7,AB	+2.87,+233.5,+19.9,BB	
1699966117.069197	+6.70,+7.3,+21.5,JB	+6.64,+15.2,+21.5,MA	+2.93,+230.1,+21.5,GB	+2.73,+241.9,+19.9,@B	+2.42,+260.2,+20.7,NB	+2.87,+233.5,+19.9,BB	
1699966179.0798137	+6.70,+7.3,+21.5,JB	+6.64,+15.2,+21.5,MA	+2.93,+230.0,+21.5,FB	+2.73,+241.9,+19.9,@B	+2.41,+260.5,+20.7,JB	+2.87,+233.5,+19.9,BB	
1699966241.0846472	+6.70,+7.3,+21.5,JB	+6.64,+15.2,+21.5,MA	+2.93,+230.1,+21.5,GB	+2.73,+241.9,+19.9,@B	+2.41,+260.8,+20.7,GB	+2.87,+233.5,+19.9,BB	
1699966303.0917006	+6.70,+7.3,+21.5,JB	+6.64,+15.2,+21.5,MA	+2.93,+230.1,+21.5,GB	+2.73,+241.9,+19.9,@B	+2.40,+260.9,+20.7,GB	+2.87,+233.5,+19.9,BB	
1699966365.1000166	+6.70,+7.3,+21.5,JB	+6.64,+15.2,+21.5,MA	+2.93,+230.1,+21.5,GB	+2.73,+242.0,+19.9,JB	+2.41,+260.6,+20.7,IB	+2.87,+233.4,+19.9,CB	
1699966427.1099896	+6.70,+7.3,+21.5,JB	+6.64,+15.2,+21.5,MA	+2.93,+230.1,+21.5,GB	+2.73,+242.0,+19.9,JB	+2.41,+260.7,+20.7,HB	+2.87,+233.5,+19.9,BB	
1699966489.1178055	+6.69,+7.4,+21.5,EB	+6.64,+15.2,+21.5,MA	+2.93,+230.0,+21.5,FB	+2.73,+242.0,+19.9,JB	+2.40,+261.2,+20.7,MB	+2.87,+233.5,+19.9,BB	
1699966551.1248775	+6.69,+7.4,+21.5,EB	+6.64,+15.2,+21.5,MA	+2.93,+230.0,+21.5,FB	+2.72,+242.1,+19.9,JB	+2.40,+261.2,+20.7,MB	+2.87,+233.5,+19.9,BB	
1699966613.1342852	+6.69,+7.4,+21.5,EB	+6.64,+15.2,+21.5,MA	+2.93,+230.1,+21.5,GB	+2.72,+242.2,+19.9,IB	+2.40,+261.2,+20.7,MB	+2.87,+233.5,+19.9,BB	
1699966675.1432645	+6.69,+7.8,+21.5,IB	+6.64,+15.2,+21.5,MA	+2.93,+230.1,+21.5,GB	+2.72,+242.3,+19.9,HB	+2.38,+262.1,+20.7,BB	+2.87,+233.5,+19.9,BB	
1699966737.152809	+6.68,+8.1,+21.5,NB	+6.64,+15.2,+21.5,MA	+2.93,+230.1,+21.5,GB	+2.72,+242.3,+19.9,HB	+2.40,+261.4,+20.7,KB	+2.87,+233.5,+19.9,BB	
1699966799.1602437	+6.68,+8.3,+21.5,LB	+6.64,+15.2,+21.5,MA	+2.93,+230.1,+21.5,GB	+2.72,+242.5,+19.9,NB	+2.41,+260.8,+20.7,GB	+2.87,+233.5,+19.9,BB	
1699966861.1711483	+6.68,+8.2,+21.4,LB	+6.64,+15.1,+21.5,NA	+2.93,+230.1,+21.5,GB	+2.72,+242.3,+19.9,HB	+2.42,+259.9,+20.7,OB	+2.87,+233.5,+19.9,BB	
1699966923.1814616	+6.68,+8.1,+21.4,OB	+6.64,+15.2,+21.5,MA	+2.93,+230.1,+21.5,GB	+2.72,+242.3,+19.9,HB	+2.44,+258.7,+20.7,FB	+2.87,+233.5,+19.9,BB	
1699966985.1874077	+6.68,+8.0,+21.5,OB	+6.64,+15.1,+21.5,NA	+2.93,+230.1,+21.5,GB	+2.72,+242.3,+19.9,HB	+2.44,+258.9,+20.7,HB	+2.87,+233.5,+19.9,BB	
1699967047.1974378	+6.69,+7.9,+21.4,IB	+6.64,+15.2,+21.5,MA	+2.93,+230.1,+21.5,GB	+2.72,+242.3,+19.9,HB	+2.45,+258.5,+20.7,EB	+2.87,+233.5,+19.9,BB	
1699967109.2063756	+6.69,+7.8,+21.5,IB	+6.64,+15.2,+21.5,MA	+2.93,+230.0,+21.5,FB	+2.72,+242.4,+19.9,OB	+2.43,+259.5,+20.7,BB	+2.87,+233.5,+19.9,BB	
1699967171.2140753	+6.69,+7.7,+21.5,FB	+6.64,+15.2,+21.5,MA	+2.93,+230.1,+21.5,GB	+2.72,+242.4,+19.9,OB	+2.42,+259.8,+20.7,NB	+2.87,+233.5,+19.9,BB	
1699967233.2227275	+6.69,+7.6,+21.4,FB	+6.64,+15.2,+21.5,MA	+2.93,+230.1,+21.5,GB	+2.73,+241.9,+19.9,@B	+2.42,+260.3,+20.7,OB	+2.87,+233.5,+19.9,BB	
1699967295.2306302	+6.69,+7.5,+21.5,DB	+6.64,+15.1,+21.5,NA	+2.93,+230.1,+21.5,GB	+2.73,+241.9,+19.9,@B	+2.40,+261.0,+20.7,OB	+2.87,+233.5,+19.9,BB	
1699967357.2398703	+6.69,+7.5,+21.5,DB	+6.64,+15.2,+21.5,MA	+2.93,+230.1,+21.5,GB	+2.73,+241.9,+19.9,@B	+2.39,+261.9,+20.7,HB	+2.87,+233.5,+19.9,BB	
1699967419.2482078	+6.69,+7.5,+21.4,EB	+6.64,+15.1,+21.5,NA	+2.93,+230.1,+21.5,GB	+2.73,+241.8,+19.9,AB	+2.38,+262.4,+20.7,GB	+2.87,+233.5,+19.9,BB	
1699967481.2585878	+6.69,+7.5,+21.4,EB	+6.64,+15.1,+21.5,NA	+2.93,+230.1,+21.5,GB	+2.73,+241.9,+19.9,@B	+2.37,+262.7,+20.7,KB	+2.87,+233.5,+19.9,BB	
1699967543.2681289	+6.69,+7.5,+21.4,EB	+6.64,+15.2,+21.5,MA	+2.93,+230.1,+21.5,GB	+2.73,+241.9,+19.9,@B	+2.39,+261.9,+20.7,HB	+2.87,+233.5,+19.9,BB	
1699967605.27633	+6.69,+7.6,+21.5,GB	+6.64,+15.3,+21.5,LA	+2.93,+230.0,+21.5,FB	+2.73,+242.0,+19.9,JB	+2.38,+262.5,+20.7,FB	+2.87,+233.5,+19.9,BB	
1699967667.2843375	+6.69,+7.6,+21.4,FB	+6.64,+15.2,+21.5,MA	+2.93,+230.1,+21.5,GB	+2.73,+242.0,+19.9,JB	+2.37,+263.0,+20.7,MB	+2.87,+233.4,+19.9,CB	
1699967729.2948732	+6.69,+7.9,+21.5,HB	+6.64,+15.1,+21.5,NA	+2.93,+230.1,+21.5,GB	+2.72,+242.0,+19.9,KB	+2.38,+262.1,+20.7,BB	+2.87,+233.5,+19.9,BB	
1699967974.8543494	+6.70,+7.3,+21.5,JB	+6.64,+15.1,+21.5,NA	+2.93,+230.0,+21.5,FB	+2.73,+242.0,+19.9,JB	+2.42,+259.9,+20.7,OB	+2.88,+233.3,+19.9,KB	
1699968036.8651333	+6.70,+7.2,+21.4,JB	+6.65,+15.0,+21.5,NA	+2.93,+230.1,+21.5,GB	+2.72,+242.1,+19.9,JB	+2.42,+260.2,+20.7,NB	+2.87,+233.4,+19.9,CB	
1699968098.8735473	+6.70,+7.3,+21.4,KB	+6.64,+15.1,+21.5,NA	+2.93,+230.1,+21.5,GB	+2.72,+242.1,+19.9,JB	+2.42,+260.0,+20.7,LB	+2.87,+233.5,+19.9,BB	
1699968160.882163	+6.70,+7.3,+21.4,KB	+6.64,+15.1,+21.5,NA	+2.93,+230.1,+21.5,GB	+2.73,+242.0,+19.9,JB	+2.41,+260.3,+20.7,LB	+2.87,+233.5,+19.9,BB	
1699968222.8935573	+6.70,+7.3,+21.4,KB	+6.65,+15.0,+21.5,NA	+2.93,+230.1,+21.5,GB	+2.72,+242.2,+19.9,IB	+2.42,+260.3,+20.7,OB	+2.87,+233.5,+19.8,CB	
1699968284.9030132	+6.69,+7.4,+21.5,EB	+6.65,+15.0,+21.5,NA	+2.93,+230.1,+21.5,GB	+2.72,+242.2,+19.9,IB	+2.41,+260.8,+20.7,GB	+2.87,+233.5,+19.9,BB	
1699968346.9115791	+6.69,+7.4,+21.5,EB	+6.64,+15.1,+21.5,NA	+2.93,+230.1,+21.5,GB	+2.72,+242.3,+19.9,HB	+2.42,+259.8,+20.7,NB	+2.87,+233.5,+19.8,CB	
1699968408.9232247	+6.69,+7.5,+21.4,EB	+6.64,+15.1,+21.5,NA	+2.93,+230.1,+21.5,GB	+2.72,+242.3,+19.9,HB	+2.42,+260.0,+20.7,LB	+2.87,+233.5,+19.9,BB	
1699968470.9321814	+6.69,+7.9,+21.4,IB	+6.64,+15.1,+21.5,NA	+2.93,+230.0,+21.5,FB	+2.72,+242.3,+19.9,HB	+2.42,+260.1,+20.7,MB	+2.87,+233.5,+19.9,BB	
1699968532.941783	+6.68,+8.2,+21.4,LB	+6.64,+15.1,+21.5,NA	+2.93,+230.1,+21.5,GB	+2.72,+242.4,+19.9,OB	+2.41,+260.3,+20.7,LB	+2.87,+233.4,+19.9,CB	
1699968594.9519818	+6.68,+8.2,+21.4,LB	+6.65,+15.1,+21.5,OA	+2.93,+230.1,+21.5,GB	+2.72,+242.4,+19.9,OB	+2.41,+260.6,+20.7,IB	+2.87,+233.5,+19.9,BB	
1699968656.9621317	+6.68,+8.1,+21.4,OB	+6.65,+15.0,+21.5,NA	+2.93,+230.1,+21.5,GB	+2.72,+242.5,+19.9,NB	+2.41,+260.5,+20.7,JB	+2.87,+233.5,+19.8,CB	
1699968718.9708278	+6.68,+8.0,+21.5,OB	+6.65,+15.0,+21.5,NA	+2.93,+230.0,+21.5,FB	+2.72,+242.5,+19.9,NB	+2.41,+260.4,+20.7,KB	+2.87,+233.5,+19.9,BB	
1699968780.976997	+6.69,+7.9,+21.5,HB	+6.65,+15.0,+21.5,NA	+2.93,+230.0,+21.5,FB	+2.72,+242.5,+19.9,NB	+2.41,+260.8,+20.7,GB	+2.87,+233.5,+19.9,BB	
1699968842.984793	+6.69,+7.8,+21.4,HB	+6.65,+15.0,+21.5,NA	+2.93,+230.1,+21.5,GB	+2.72,+242.5,+19.9,NB	+2.41,+260.4,+20.7,KB	+2.87,+233.5,+19.8,CB	
1699968904.9947014	+6.69,+7.7,+21.4,GB	+6.65,+15.0,+21.5,NA	+2.93,+230.0,+21.5,FB	+2.72,+242.5,+19.9,NB	+2.48,+256.4,+20.7,GB	+2.87,+233.5,+19.8,CB	
1699968967.0047028	+6.69,+7.6,+21.5,GB	+6.65,+15.0,+21.5,NA	+2.93,+230.1,+21.5,GB	+2.72,+242.5,+19.9,NB	+2.50,+255.6,+20.7,OB	+2.87,+233.5,+19.9,BB	
1699969029.014511	+6.69,+7.5,+21.4,EB	+6.65,+15.0,+21.5,NA	+2.93,+230.1,+21.5,GB	+2.72,+242.4,+19.9,OB	+2.50,+255.3,+20.7,JB	+2.87,+233.5,+19.9,BB	
1699969091.0243762	+6.69,+7.5,+21.4,EB	+6.65,+15.0,+21.5,NA	+2.93,+230.1,+21.5,GB	+2.72,+242.3,+19.9,HB	+2.50,+255.2,+20.7,KB	+2.87,+233.5,+19.8,CB	
1699969153.034347	+6.69,+7.5,+21.4,EB	+6.65,+15.0,+21.5,NA	+2.93,+230.1,+21.5,GB	+2.72,+242.2,+19.9,IB	+2.50,+255.5,+20.7,LB	+2.87,+233.5,+19.9,BB	
1699969215.043426	+6.69,+7.5,+21.4,EB	+6.65,+15.0,+21.5,NA	+2.93,+230.1,+21.5,GB	+2.72,+242.3,+19.9,HB	+2.49,+255.8,+20.7,IB	+2.87,+233.5,+19.9,BB	
1699969277.0530043	+6.69,+7.5,+21.5,DB	+6.65,+15.0,+21.5,NA	+2.93,+230.1,+21.5,GB	+2.72,+242.4,+19.9,OB	+2.50,+255.6,+20.7,OB	+2.87,+233.5,+19.9,BB	
1699969339.0622258	+6.69,+7.5,+21.4,EB	+6.65,+14.9,+21.5,FA	+2.93,+230.0,+21.5,FB	+2.71,+242.6,+19.9,NB	+2.49,+255.7,+20.7,FB	+2.87,+233.4,+19.8,BB	
1699969401.0716414	+6.69,+7.6,+21.4,FB	+6.65,+15.0,+21.5,NA	+2.93,+230.1,+21.5,GB	+2.72,+242.5,+19.9,NB	+2.50,+255.3,+20.7,JB	+2.87,+233.5,+19.8,CB	
1699969463.0815454	+6.69,+7.7,+21.4,GB	+6.65,+15.0,+21.5,NA	+2.93,+230.1,+21.5,GB	+2.72,+242.3,+19.9,HB	+2.50,+255.3,+20.7,JB	+2.87,+233.5,+19.9,BB	
1699969525.091039	+6.69,+7.6,+21.4,FB	+6.65,+15.0,+21.5,NA	+2.93,+230.0,+21.5,FB	+2.72,+242.1,+19.9,JB	+2.50,+255.6,+20.7,OB	+2.87,+233.5,+19.8,CB	
1699969587.0990615	+6.69,+7.4,+21.4,DB	+6.65,+14.9,+21.5,FA	+2.93,+230.1,+21.5,GB	+2.73,+241.5,+19.9,LB	+2.48,+256.3,+20.7,@B	+2.87,+233.6,+19.8,@B	
1699969649.108245	+6.69,+7.4,+21.4,DB	+6.65,+14.9,+21.5,FA	+2.93,+230.0,+21.5,FB	+2.74,+241.3,+19.9,MB	+2.48,+256.3,+20.7,@B	+2.87,+233.5,+19.8,CB	
1699969711.1179109	+6.69,+7.4,+21.4,DB	+6.65,+15.0,+21.5,NA	+2.93,+230.1,+21.5,GB	+2.74,+241.2,+19.9,LB	+2.50,+255.3,+20.6,KB	+2.87,+233.5,+19.8,CB	
1699969773.1281812	+6.70,+7.4,+21.4,LB	+6.65,+14.9,+21.5,FA	+2.93,+230.1,+21.5,GB	+2.74,+241.1,+19.9,OB	+2.50,+255.2,+20.7,KB	+2.87,+233.5,+19.8,CB	
1699969835.135966	+6.70,+7.3,+21.4,KB	+6.65,+15.0,+21.5,NA	+2.93,+230.1,+21.5,GB	+2.74,+241.1,+19.9,OB	+2.50,+255.1,+20.7,HB	+2.87,+233.5,+19.8,CB	
1699969897.1461637	+6.69,+7.4,+21.4,DB	+6.65,+14.9,+21.5,FA	+2.93,+230.0,+21.5,FB	+2.74,+241.2,+19.9,LB	+2.50,+255.2,+20.7,KB	+2.87,+233.5,+19.8,CB	
1699969959.1553395	+6.69,+7.5,+21.4,EB	+6.65,+15.0,+21.5,NA	+2.93,+230.1,+21.5,GB	+2.74,+240.9,+19.9,FB	+2.49,+255.9,+20.7,HB	+2.87,+233.5,+19.8,CB	
1699970021.1628594	+6.69,+7.5,+21.5,DB	+6.65,+14.9,+21.5,FA	+2.93,+230.1,+21.5,GB	+2.74,+240.9,+19.9,FB	+2.49,+256.1,+20.7,CB	+2.87,+233.5,+19.8,CB	
1699970083.173637	+6.69,+7.4,+21.4,DB	+6.65,+14.9,+21.5,FA	+2.93,+230.0,+21.5,FB	+2.74,+241.1,+19.9,OB	+2.49,+256.0,+20.7,BB	+2.87,+233.5,+19.8,CB	
1699970145.182884	+6.69,+7.5,+21.4,EB	+6.65,+15.0,+21.5,NA	+2.93,+230.0,+21.5,FB	+2.74,+241.1,+19.9,OB	+2.49,+256.2,+20.7,@B	+2.87,+233.4,+19.8,BB	
1699970207.193924	+6.69,+7.7,+21.4,GB	+6.65,+15.0,+21.5,NA	+2.93,+230.1,+21.5,GB	+2.74,+241.1,+19.9,OB	+2.48,+256.3,+20.7,@B	+2.87,+233.5,+19.8,CB	
1699970269.2034276	+6.68,+8.2,+21.4,LB	+6.65,+15.0,+21.5,NA	+2.93,+230.1,+21.5,GB	+2.74,+241.0,+19.9,NB	+2.48,+256.6,+20.7,EB	+2.87,+233.4,+19.8,BB	
1699970331.2147186	+6.68,+8.3,+21.4,MB	+6.65,+15.0,+21.5,NA	+2.93,+230.0,+21.5,FB	+2.74,+241.1,+19.9,OB	+2.48,+256.7,+20.7,DB	+2.87,+233.4,+19.8,BB	
1699970393.2250044	+6.68,+8.3,+21.4,MB	+6.65,+15.0,+21.5,NA	+2.93,+230.1,+21.5,GB	+2.74,+241.1,+19.9,OB	+2.48,+256.7,+20.7,DB	+2.87,+233.4,+19.8,BB	
1699970455.2345781	+6.68,+8.1,+21.4,OB	+6.65,+14.9,+21.5,FA	+2.93,+230.1,+21.5,GB	+2.74,+241.1,+19.9,OB	+2.48,+256.4,+20.7,GB	+2.87,+233.5,+19.8,CB	
1699970517.2449577	+6.68,+8.0,+21.4,NB	+6.65,+14.9,+21.5,FA	+2.93,+230.1,+21.5,GB	+2.74,+241.1,+19.9,OB	+2.49,+256.1,+20.7,CB	+2.87,+233.4,+19.8,BB	
1699970579.2544103	+6.69,+7.8,+21.4,HB	+6.65,+14.9,+21.5,FA	+2.93,+230.1,+21.5,GB	+2.74,+241.0,+19.9,NB	+2.50,+255.5,+20.7,LB	+2.87,+233.5,+19.8,CB	
1699970641.263716	+6.69,+7.7,+21.5,FB	+6.65,+14.9,+21.5,FA	+2.93,+230.0,+21.5,FB	+2.74,+241.1,+19.9,OB	+2.50,+255.3,+20.6,KB	+2.87,+233.4,+19.8,BB	
1699970703.2720144	+6.69,+7.6,+21.4,FB	+6.65,+14.9,+21.5,FA	+2.93,+230.1,+21.5,GB	+2.74,+241.1,+19.9,OB	+2.49,+255.9,+20.7,HB	+2.87,+233.4,+19.8,BB	
1699970765.282374	+6.69,+7.5,+21.4,EB	+6.65,+14.9,+21.5,FA	+2.93,+230.1,+21.5,GB	+2.74,+241.1,+19.9,OB	+2.48,+256.3,+20.7,@B	+2.87,+233.5,+19.8,CB	
1699970827.2917585	+6.69,+7.5,+21.4,EB	+6.65,+15.0,+21.5,NA	+2.93,+230.1,+21.5,GB	+2.74,+241.2,+19.9,LB	+2.48,+256.3,+20.7,@B	+2.87,+233.5,+19.8,CB	
1699970889.300473	+6.69,+7.5,+21.4,EB	+6.65,+14.9,+21.5,FA	+2.93,+230.1,+21.5,GB	+2.74,+240.9,+19.9,FB	+2.48,+256.6,+20.7,EB	+2.87,+233.5,+19.8,CB	
1699970951.310279	+6.69,+7.5,+21.4,EB	+6.65,+14.9,+21.5,FA	+2.93,+230.1,+21.5,GB	+2.74,+240.9,+19.9,FB	+2.48,+256.8,+20.7,KB	+2.87,+233.4,+19.8,BB	
1699971013.3190465	+6.69,+7.5,+21.4,EB	+6.65,+15.0,+21.5,NA	+2.93,+230.1,+21.5,GB	+2.74,+240.9,+19.9,FB	+2.48,+256.7,+20.7,DB	+2.87,+233.5,+19.8,CB	
1699971075.3292687	+6.69,+7.5,+21.4,EB	+6.65,+15.0,+21.5,NA	+2.93,+230.0,+21.5,FB	+2.74,+240.9,+19.9,FB	+2.47,+256.9,+20.7,EB	+2.87,+233.5,+19.8,CB	
1699971137.3374224	+6.69,+7.5,+21.4,EB	+6.65,+14.9,+21.5,FA	+2.93,+230.1,+21.5,GB	+2.74,+240.9,+19.9,FB	+2.48,+256.6,+20.7,EB	+2.87,+233.4,+19.8,BB	
1699971199.346247	+6.69,+7.5,+21.4,EB	+6.65,+15.0,+21.5,NA	+2.93,+230.1,+21.5,GB	+2.74,+241.0,+19.9,NB	+2.48,+256.5,+20.7,FB	+2.87,+233.4,+19.8,BB	
1699971261.3552153	+6.69,+7.7,+21.4,GB	+6.65,+15.0,+21.5,NA	+2.93,+230.1,+21.5,GB	+2.74,+241.0,+19.9,NB	+2.48,+256.6,+20.7,EB	+2.87,+233.5,+19.8,CB	
1699971323.363587	+6.69,+7.5,+21.4,EB	+6.65,+14.9,+21.5,FA	+2.93,+230.1,+21.5,GB	+2.74,+241.0,+19.9,NB	+2.48,+256.7,+20.7,DB	+2.87,+233.5,+19.8,CB	
1699971385.3722496	+6.69,+7.5,+21.4,EB	+6.65,+14.9,+21.5,FA	+2.93,+230.1,+21.5,GB	+2.74,+241.1,+19.8,NB	+2.47,+257.1,+20.6,MB	+2.87,+233.5,+19.9,BB	
1699971447.3823245	+6.69,+7.4,+21.4,DB	+6.65,+15.0,+21.5,NA	+2.93,+230.1,+21.5,GB	+2.74,+241.1,+19.9,OB	+2.47,+257.3,+20.6,OB	+2.87,+233.5,+19.8,CB	
1699971509.390834	+6.70,+7.3,+21.4,KB	+6.65,+14.9,+21.5,FA	+2.93,+230.1,+21.5,GB	+2.74,+241.2,+19.9,LB	+2.46,+257.4,+20.7,HB	+2.87,+233.5,+19.8,CB	
1699971571.3979087	+6.70,+7.3,+21.4,KB	+6.65,+14.9,+21.5,FA	+2.93,+230.1,+21.5,GB	+2.74,+241.0,+19.9,NB	+2.47,+257.3,+20.7,NB	+2.87,+233.5,+19.8,CB	
1699971816.9894805	+6.69,+7.4,+21.4,DB	+6.65,+14.9,+21.5,FA	+2.93,+230.0,+21.4,GB	+2.74,+241.0,+19.9,NB	+2.47,+257.0,+20.6,LB	+2.88,+233.3,+19.8,JB	
1699971878.997694	+6.69,+7.4,+21.4,DB	+6.65,+15.0,+21.5,NA	+2.93,+230.1,+21.5,GB	+2.74,+241.1,+19.9,OB	+2.46,+257.6,+20.7,JB	+2.87,+233.5,+19.8,CB	
1699971941.0057793	+6.69,+7.5,+21.4,EB	+6.65,+14.9,+21.5,FA	+2.93,+230.0,+21.4,GB	+2.74,+241.1,+19.9,OB	+2.46,+257.5,+20.7,IB	+2.87,+233.5,+19.8,CB	
1699972003.013506	+6.69,+7.9,+21.5,HB	+6.65,+14.9,+21.5,FA	+2.93,+230.0,+21.5,FB	+2.74,+241.3,+19.9,MB	+2.46,+258.0,+20.7,CB	+2.87,+233.4,+19.8,BB	
1699972065.0226471	+6.68,+8.2,+21.4,LB	+6.65,+14.9,+21.5,FA	+2.93,+230.1,+21.5,GB	+2.74,+240.9,+19.8,GB	+2.46,+257.8,+20.7,DB	+2.87,+233.4,+19.8,BB	
1699972127.032916	+6.68,+8.3,+21.4,MB	+6.65,+14.9,+21.5,FA	+2.93,+230.0,+21.5,FB	+2.75,+240.8,+19.9,FB	+2.46,+257.8,+20.6,EB	+2.87,+233.4,+19.8,BB	
1699972189.0374222	+6.68,+8.2,+21.4,LB	+6.65,+14.9,+21.5,FA	+2.93,+230.0,+21.5,FB	+2.74,+240.9,+19.9,FB	+2.45,+258.1,+20.7,AB	+2.87,+233.5,+19.8,CB	
1699972251.0465167	+6.68,+8.1,+21.4,OB	+6.65,+14.9,+21.5,FA	+2.93,+230.0,+21.5,FB	+2.74,+241.0,+19.9,NB	+2.44,+258.6,+20.7,GB	+2.87,+233.5,+19.8,CB	
1699972313.055725	+6.68,+8.0,+21.4,NB	+6.65,+14.9,+21.5,FA	+2.93,+230.0,+21.5,FB	+2.74,+241.0,+19.9,NB	+2.45,+258.2,+20.7,BB	+2.87,+233.5,+19.8,CB	
1699972375.0666974	+6.69,+7.9,+21.4,IB	+6.65,+14.9,+21.5,FA	+2.93,+230.0,+21.5,FB	+2.74,+241.0,+19.9,NB	+2.47,+257.4,+20.7,IB	+2.87,+233.5,+19.8,CB	
1699972437.0757163	+6.69,+7.9,+21.4,IB	+6.65,+14.8,+21.5,GA	+2.93,+230.1,+21.5,GB	+2.74,+241.1,+19.9,OB	+2.47,+257.0,+20.7,MB	+2.87,+233.5,+19.8,CB	
1699972499.0810268	+6.69,+8.0,+21.4,OB	+6.65,+14.8,+21.5,GA	+2.93,+230.1,+21.5,GB	+2.74,+241.2,+19.9,LB	+2.48,+256.8,+20.6,JB	+2.87,+233.5,+19.8,CB	
1699972561.0901773	+6.69,+7.9,+21.4,IB	+6.65,+14.9,+21.5,FA	+2.93,+230.1,+21.5,GB	+2.74,+241.2,+19.9,LB	+2.47,+257.0,+20.6,LB	+2.87,+233.5,+19.8,CB	
1699972623.0957904	+6.69,+7.8,+21.4,HB	+6.65,+14.8,+21.5,GA	+2.93,+230.0,+21.5,FB	+2.74,+241.3,+19.9,MB	+2.47,+257.3,+20.6,OB	+2.87,+233.5,+19.8,CB	
1699972685.1049237	+6.69,+7.9,+21.4,IB	+6.65,+14.9,+21.5,FA	+2.93,+230.1,+21.5,GB	+2.74,+241.2,+19.9,LB	+2.51,+254.8,+20.7,AB	+2.87,+233.4,+19.8,BB	
1699972747.1141975	+6.69,+7.9,+21.4,IB	+6.65,+14.9,+21.5,FA	+2.93,+230.1,+21.5,GB	+2.74,+241.2,+19.9,LB	+2.50,+255.2,+20.7,KB	+2.87,+233.4,+19.8,BB	
1699972809.1223392	+6.69,+7.9,+21.4,IB	+6.65,+14.9,+21.5,FA	+2.93,+230.1,+21.5,GB	+2.74,+241.3,+19.9,MB	+2.50,+255.1,+20.7,HB	+2.87,+233.5,+19.8,CB	
1699972871.131563	+6.68,+8.0,+21.4,NB	+6.65,+14.9,+21.5,FA	+2.93,+230.1,+21.5,GB	+2.74,+241.3,+19.9,MB	+2.50,+255.5,+20.7,LB	+2.87,+233.4,+19.8,BB	
1699972933.1386254	+6.69,+7.9,+21.4,IB	+6.65,+14.9,+21.5,FA	+2.93,+230.1,+21.5,GB	+2.74,+241.3,+19.9,MB	+2.50,+255.6,+20.7,OB	+2.87,+233.4,+19.8,BB	
1699972995.1453226	+6.68,+8.0,+21.4,NB	+6.65,+14.9,+21.5,FA	+2.93,+230.1,+21.5,GB	+2.74,+241.3,+19.9,MB	+2.49,+255.9,+20.6,IB	+2.87,+233.5,+19.8,CB	
1699973057.1539383	+6.69,+7.9,+21.4,IB	+6.65,+14.9,+21.5,FA	+2.93,+230.0,+21.5,FB	+2.74,+241.2,+19.9,LB	+2.50,+255.2,+20.7,KB	+2.87,+233.4,+19.8,BB	
1699973119.163459	+6.69,+7.9,+21.4,IB	+6.65,+14.9,+21.5,FA	+2.93,+230.1,+21.5,GB	+2.74,+241.4,+19.9,JB	+2.50,+255.5,+20.7,LB	+2.87,+233.5,+19.8,CB	
1699973181.1715887	+6.69,+7.8,+21.4,HB	+6.65,+14.8,+21.5,GA	+2.93,+230.1,+21.5,GB	+2.74,+241.2,+19.9,LB	+2.49,+255.8,+20.6,HB	+2.87,+233.5,+19.8,CB	
1699973243.1798089	+6.69,+7.8,+21.4,HB	+6.65,+14.8,+21.5,GA	+2.93,+230.1,+21.5,GB	+2.74,+241.2,+19.9,LB	+2.49,+256.2,+20.7,@B	+2.87,+233.5,+19.8,CB	
1699973305.190208	+6.69,+7.8,+21.4,HB	+6.65,+14.8,+21.5,GA	+2.93,+230.1,+21.5,GB	+2.74,+241.2,+19.9,LB	+2.48,+256.2,+20.6,@B	+2.87,+233.5,+19.8,CB	
1699973367.1988723	+6.69,+7.7,+21.4,GB	+6.65,+14.8,+21.5,GA	+2.93,+230.0,+21.5,FB	+2.74,+241.3,+19.9,MB	+2.48,+256.4,+20.6,FB	+2.87,+233.4,+19.8,BB	
1699973429.2095518	+6.69,+7.8,+21.4,HB	+6.65,+14.8,+21.5,GA	+2.93,+230.1,+21.5,GB	+2.74,+241.1,+19.9,OB	+2.48,+256.3,+20.7,@B	+2.87,+233.4,+19.8,BB	
1699973491.2185044	+6.69,+7.7,+21.4,GB	+6.65,+14.8,+21.5,GA	+2.93,+230.1,+21.5,GB	+2.74,+241.3,+19.9,MB	+2.48,+256.5,+20.7,FB	+2.87,+233.4,+19.8,BB	
1699973553.2298236	+6.69,+7.8,+21.4,HB	+6.65,+14.8,+21.5,GA	+2.93,+230.1,+21.5,GB	+2.73,+241.4,+19.8,LB	+2.48,+256.4,+20.7,GB	+2.87,+233.5,+19.8,CB	
1699973615.2401953	+6.69,+7.8,+21.4,HB	+6.65,+14.8,+21.5,GA	+2.93,+230.1,+21.5,GB	+2.73,+241.5,+19.9,LB	+2.49,+255.9,+20.7,HB	+2.87,+233.5,+19.8,CB	
1699973677.250206	+6.68,+8.1,+21.4,OB	+6.65,+14.8,+21.5,GA	+2.93,+230.1,+21.5,GB	+2.73,+241.5,+19.9,LB	+2.49,+256.1,+20.7,CB	+2.87,+233.5,+19.8,CB	
1699973739.2578912	+6.68,+8.3,+21.4,MB	+6.65,+14.8,+21.5,GA	+2.93,+230.0,+21.5,FB	+2.73,+241.6,+19.9,OB	+2.48,+256.5,+20.6,GB	+2.87,+233.5,+19.8,CB	
1699973801.2650933	+6.68,+8.4,+21.4,JB	+6.65,+14.8,+21.5,GA	+2.93,+230.0,+21.5,FB	+2.73,+241.6,+19.9,OB	+2.47,+257.2,+20.7,OB	+2.87,+233.4,+19.8,BB	
1699973863.2758965	+6.68,+8.5,+21.4,KB	+6.65,+14.8,+21.5,GA	+2.93,+230.1,+21.5,GB	+2.73,+241.7,+19.9,NB	+2.46,+257.8,+20.6,EB	+2.87,+233.5,+19.8,CB	
1699973925.2849038	+6.68,+8.4,+21.5,KB	+6.65,+14.8,+21.5,GA	+2.93,+230.1,+21.5,GB	+2.73,+241.5,+19.9,LB	+2.46,+257.9,+20.7,EB	+2.87,+233.4,+19.8,BB	
1699973987.2944174	+6.68,+8.3,+21.4,MB	+6.65,+14.8,+21.5,GA	+2.93,+230.1,+21.5,GB	+2.74,+241.3,+19.9,MB	+2.45,+258.2,+20.6,CB	+2.87,+233.5,+19.8,CB	
1699974049.304107	+6.68,+8.1,+21.4,OB	+6.65,+14.7,+21.5,HA	+2.93,+230.1,+21.5,GB	+2.74,+241.2,+19.9,LB	+2.45,+258.0,+20.6,AB	+2.87,+233.5,+19.8,CB	
1699974111.3108125	+6.68,+8.0,+21.4,NB	+6.65,+14.8,+21.5,GA	+2.93,+230.1,+21.5,GB	+2.74,+241.2,+19.9,LB	+2.45,+258.1,+20.7,AB	+2.87,+233.4,+19.8,BB	
1699974173.3209443	+6.69,+7.8,+21.4,HB	+6.65,+14.7,+21.5,HA	+2.93,+230.1,+21.5,GB	+2.73,+241.4,+19.9,MB	+2.45,+258.2,+20.7,BB	+2.87,+233.5,+19.8,CB	
1699974235.327814	+6.69,+7.8,+21.4,HB	+6.65,+14.7,+21.5,HA	+2.93,+230.0,+21.5,FB	+2.73,+241.4,+19.8,LB	+2.45,+258.3,+20.6,BB	+2.87,+233.5,+19.8,CB	
1699974297.3386307	+6.69,+7.7,+21.4,GB	+6.65,+14.8,+21.5,GA	+2.93,+230.1,+21.5,GB	+2.73,+241.5,+19.9,LB	+2.44,+258.6,+20.6,FB	+2.87,+233.4,+19.8,BB	
1699974359.3489974	+6.69,+7.7,+21.4,GB	+6.65,+14.7,+21.5,HA	+2.93,+230.1,+21.5,GB	+2.73,+241.5,+19.9,LB	+2.45,+258.3,+20.7,CB	+2.87,+233.4,+19.8,BB	
1699974421.3598542	+6.69,+7.7,+21.4,GB	+6.65,+14.7,+21.5,HA	+2.93,+230.1,+21.5,GB	+2.73,+241.6,+19.9,OB	+2.45,+258.4,+20.7,DB	+2.87,+233.4,+19.8,BB	
1699974483.3688672	+6.69,+7.7,+21.4,GB	+6.65,+14.7,+21.5,HA	+2.93,+230.1,+21.5,GB	+2.73,+241.5,+19.9,LB	+2.44,+258.7,+20.7,FB	+2.87,+233.5,+19.8,CB	
1699974545.378977	+6.69,+7.7,+21.4,GB	+6.65,+14.8,+21.5,GA	+2.93,+230.1,+21.5,GB	+2.73,+241.6,+19.9,OB	+2.44,+258.8,+20.7,IB	+2.87,+233.5,+19.8,CB	
1699974607.3884723	+6.69,+7.8,+21.4,HB	+6.65,+14.7,+21.5,HA	+2.93,+230.1,+21.5,GB	+2.73,+241.7,+19.9,NB	+2.44,+258.6,+20.7,GB	+2.87,+233.4,+19.8,BB	
1699974669.397864	+6.69,+7.8,+21.4,HB	+6.65,+14.7,+21.5,HA	+2.93,+230.1,+21.5,GB	+2.73,+241.7,+19.9,NB	+2.50,+255.6,+20.7,OB	+2.87,+233.4,+19.8,BB	
1699974731.408054	+6.69,+7.9,+21.4,IB	+6.65,+14.7,+21.5,HA	+2.93,+230.1,+21.4,FB	+2.73,+241.8,+19.9,AB	+2.50,+255.4,+20.6,LB	+2.87,+233.4,+19.8,BB	
1699974793.4168856	+6.68,+8.0,+21.4,NB	+6.65,+14.7,+21.5,HA	+2.93,+230.1,+21.5,GB	+2.73,+241.8,+19.9,AB	+2.51,+254.9,+20.7,@B	+2.87,+233.4,+19.8,BB	
1699974855.4259326	+6.68,+8.0,+21.4,NB	+6.65,+14.7,+21.5,HA	+2.93,+230.1,+21.5,GB	+2.73,+241.8,+19.9,AB	+2.52,+254.1,+20.6,JB	+2.87,+233.5,+19.8,CB	
1699974917.435263	+6.69,+7.8,+21.4,HB	+6.65,+14.7,+21.5,HA	+2.93,+230.1,+21.5,GB	+2.73,+241.8,+19.9,AB	+2.52,+254.2,+20.6,IB	+2.87,+233.5,+19.8,CB	
1699974979.4464293	+6.69,+7.9,+21.4,IB	+6.65,+14.7,+21.5,HA	+2.93,+230.2,+21.5,DB	+2.73,+241.9,+19.9,@B	+2.52,+253.9,+20.6,EB	+2.87,+233.5,+19.8,CB	
1699975041.4561543	+6.69,+7.8,+21.4,HB	+6.65,+14.7,+21.5,HA	+2.93,+230.1,+21.5,GB	+2.73,+241.8,+19.9,AB	+2.52,+254.0,+20.7,JB	+2.87,+233.5,+19.8,CB	
1699975103.46579	+6.69,+7.8,+21.4,HB	+6.65,+14.7,+21.5,HA	+2.93,+230.0,+21.4,GB	+2.74,+241.3,+19.9,MB	+2.54,+252.8,+20.6,CB	+2.87,+233.5,+19.8,CB	
1699975165.475414	+6.69,+7.9,+21.4,IB	+6.65,+14.7,+21.5,HA	+2.93,+230.1,+21.5,GB	+2.74,+241.3,+19.9,MB	+2.53,+253.4,+20.7,HB	+2.87,+233.4,+19.8,BB	
1699975227.4856114	+6.69,+7.8,+21.4,HB	+6.65,+14.7,+21.5,HA	+2.93,+230.1,+21.5,GB	+2.74,+241.3,+19.9,MB	+2.53,+253.7,+20.6,JB	+2.87,+233.5,+19.8,CB	
1699975289.495597	+6.69,+7.8,+21.4,HB	+6.65,+14.7,+21.5,HA	+2.93,+230.1,+21.5,GB	+2.74,+241.3,+19.9,MB	+2.52,+254.0,+20.7,JB	+2.87,+233.4,+19.8,BB	
1699975351.5038297	+6.69,+7.8,+21.4,HB	+6.65,+14.7,+21.5,HA	+2.93,+230.0,+21.5,FB	+2.74,+241.3,+19.8,LB	+2.52,+254.4,+20.7,NB	+2.87,+233.5,+19.8,CB	
1699975413.5115216	+6.68,+8.2,+21.4,LB	+6.65,+14.6,+21.5,IA	+2.93,+230.1,+21.4,FB	+2.74,+241.4,+19.9,JB	+2.51,+254.8,+20.7,AB	+2.87,+233.5,+19.8,CB	
1699975659.111743	+6.68,+8.5,+21.4,KB	+6.65,+14.6,+21.5,IA	+2.93,+230.0,+21.5,FB	+2.74,+241.4,+19.9,JB	+2.52,+253.9,+20.7,DB	+2.88,+233.3,+19.8,JB	
1699975721.1182768	+6.68,+8.4,+21.4,JB	+6.65,+14.6,+21.5,IA	+2.93,+230.0,+21.5,FB	+2.73,+241.4,+19.9,MB	+2.51,+254.6,+20.6,NB	+2.87,+233.5,+19.8,CB	
1699975783.1283011	+6.68,+8.3,+21.4,MB	+6.65,+14.6,+21.5,IA	+2.93,+230.1,+21.5,GB	+2.73,+241.4,+19.9,MB	+2.51,+254.7,+20.7,NB	+2.87,+233.4,+19.8,BB	
1699975845.136757	+6.68,+8.2,+21.4,LB	+6.65,+14.6,+21.5,IA	+2.93,+230.1,+21.5,GB	+2.73,+241.4,+19.9,MB	+2.51,+254.7,+20.7,NB	+2.87,+233.5,+19.8,CB	
1699975907.1440606	+6.68,+8.1,+21.4,OB	+6.65,+14.6,+21.5,IA	+2.93,+230.1,+21.5,GB	+2.73,+241.5,+19.9,LB	+2.50,+255.2,+20.7,KB	+2.87,+233.5,+19.8,CB	
1699975969.1511812	+6.68,+8.0,+21.4,NB	+6.65,+14.6,+21.5,IA	+2.93,+230.0,+21.5,FB	+2.74,+241.4,+19.9,JB	+2.50,+255.3,+20.6,KB	+2.87,+233.4,+19.8,BB	
1699976031.1616316	+6.68,+8.1,+21.4,OB	+6.65,+14.6,+21.5,IA	+2.93,+230.1,+21.5,GB	+2.73,+241.4,+19.9,MB	+2.50,+255.6,+20.7,OB	+2.87,+233.4,+19.8,BB	
1699976093.1703265	+6.68,+8.0,+21.4,NB	+6.65,+14.6,+21.5,IA	+2.93,+230.1,+21.5,GB	+2.73,+241.5,+19.8,MB	+2.50,+255.3,+20.7,JB	+2.87,+233.4,+19.8,BB	
1699976155.179598	+6.69,+7.9,+21.4,IB	+6.65,+14.6,+21.5,IA	+2.93,+230.0,+21.5,FB	+2.74,+241.3,+19.9,MB	+2.50,+255.1,+20.6,IB	+2.87,+233.4,+19.8,BB	
1699976217.189401	+6.69,+7.9,+21.4,IB	+6.65,+14.6,+21.5,IA	+2.93,+230.1,+21.5,GB	+2.73,+241.5,+19.9,LB	+2.49,+255.7,+20.6,GB	+2.87,+233.4,+19.8,BB	
1699976279.1977792	+6.69,+7.9,+21.4,IB	+6.65,+14.6,+21.5,IA	+2.93,+230.1,+21.5,GB	+2.73,+241.6,+19.9,OB	+2.49,+255.7,+20.7,FB	+2.87,+233.5,+19.8,CB	
1699976341.205236	+6.69,+7.9,+21.4,IB	+6.65,+14.6,+21.5,IA	+2.93,+230.1,+21.5,GB	+2.73,+241.5,+19.9,LB	+2.50,+255.3,+20.6,KB	+2.87,+233.5,+19.8,CB	
1699976403.211744	+6.69,+7.9,+21.4,IB	+6.65,+14.6,+21.5,IA	+2.93,+230.0,+21.5,FB	+2.73,+241.5,+19.9,LB	+2.50,+255.3,+20.7,JB	+2.87,+233.5,+19.8,CB	
1699976465.2214973	+6.69,+7.9,+21.4,IB	+6.65,+14.6,+21.5,IA	+2.93,+230.1,+21.5,GB	+2.73,+241.6,+19.9,OB	+2.50,+255.2,+20.6,JB	+2.87,+233.4,+19.8,BB	
1699976527.23067	+6.69,+7.8,+21.4,HB	+6.65,+14.5,+21.5,JA	+2.93,+230.1,+21.5,GB	+2.73,+241.6,+19.9,OB	+2.49,+255.7,+20.7,FB	+2.87,+233.4,+19.8,BB	
1699976589.238859	+6.69,+7.9,+21.4,IB	+6.65,+14.6,+21.5,IA	+2.93,+230.1,+21.5,GB	+2.73,+241.5,+19.9,LB	+2.49,+256.1,+20.6,BB	+2.87,+233.4,+19.8,BB	
1699976651.2471895	+6.69,+7.8,+21.4,HB	+6.65,+14.6,+21.5,IA	+2.93,+230.1,+21.5,GB	+2.73,+241.5,+19.9,LB	+2.50,+255.6,+20.6,NB	+2.87,+233.4,+19.8,BB	
1699976713.2566788	+6.69,+7.7,+21.4,GB	+6.65,+14.5,+21.5,JA	+2.93,+230.1,+21.5,GB	+2.73,+241.5,+19.9,LB	+2.50,+255.3,+20.7,JB	+2.87,+233.4,+19.8,BB	
1699976775.2633886	+6.69,+7.7,+21.4,GB	+6.65,+14.5,+21.5,JA	+2.93,+230.0,+21.5,FB	+2.73,+241.5,+19.9,LB	+2.49,+255.8,+20.7,IB	+2.87,+233.5,+19.8,CB	
1699976837.2726755	+6.69,+7.6,+21.4,FB	+6.65,+14.5,+21.5,JA	+2.93,+230.0,+21.5,FB	+2.73,+241.6,+19.9,OB	+2.49,+256.0,+20.7,BB	+2.87,+233.4,+19.8,BB	
1699976899.2834134	+6.69,+7.7,+21.4,GB	+6.65,+14.5,+21.5,JA	+2.93,+230.1,+21.5,GB	+2.74,+241.4,+19.9,JB	+2.48,+256.4,+20.7,GB	+2.87,+233.4,+19.8,BB	
1699976961.2925584	+6.69,+7.8,+21.4,HB	+6.65,+14.5,+21.5,JA	+2.93,+230.1,+21.5,GB	+2.74,+241.4,+19.9,JB	+2.48,+256.3,+20.6,AB	+2.87,+233.5,+19.8,CB	
1699977023.305171	+6.69,+7.8,+21.4,HB	+6.65,+14.5,+21.5,JA	+2.93,+230.0,+21.5,FB	+2.73,+241.5,+19.9,LB	+2.48,+256.3,+20.6,AB	+2.87,+233.5,+19.8,CB	
1699977085.314895	+6.69,+7.8,+21.4,HB	+6.65,+14.5,+21.5,JA	+2.93,+230.0,+21.5,FB	+2.73,+241.4,+19.9,MB	+2.49,+255.8,+20.6,HB	+2.87,+233.5,+19.8,CB	
1699977147.325379	+6.68,+8.2,+21.4,LB	+6.65,+14.5,+21.5,JA	+2.93,+230.1,+21.5,GB	+2.73,+241.4,+19.8,LB	+2.49,+255.9,+20.6,IB	+2.87,+233.4,+19.8,BB	
1699977209.3362808	+6.68,+8.5,+21.4,KB	+6.65,+14.5,+21.5,JA	+2.93,+230.1,+21.5,GB	+2.73,+241.4,+19.9,MB	+2.49,+256.1,+20.6,BB	+2.87,+233.5,+19.8,CB	
1699977271.346876	+6.67,+8.7,+21.4,FB	+6.65,+14.5,+21.5,JA	+2.93,+230.1,+21.5,GB	+2.73,+241.5,+19.9,LB	+2.49,+256.2,+20.7,@B	+2.87,+233.4,+19.8,BB	
1699977333.3558927	+6.67,+8.7,+21.4,FB	+6.65,+14.5,+21.5,JA	+2.93,+230.1,+21.5,GB	+2.73,+241.6,+19.9,OB	+2.48,+256.3,+20.6,AB	+2.87,+233.4,+19.9,CB	
1699977395.3653293	+6.67,+8.7,+21.4,FB	+6.65,+14.6,+21.5,IA	+2.93,+230.1,+21.5,GB	+2.74,+241.4,+19.9,JB	+2.48,+256.4,+20.7,GB	+2.87,+233.4,+19.8,BB	
1699977457.373496	+6.67,+8.6,+21.4,GB	+6.65,+14.5,+21.5,JA	+2.93,+230.1,+21.5,GB	+2.74,+241.4,+19.9,JB	+2.48,+256.8,+20.6,JB	+2.87,+233.4,+19.8,BB	
1699977519.381022	+6.68,+8.5,+21.4,KB	+6.66,+14.4,+21.5,HA	+2.93,+230.1,+21.5,GB	+2.74,+241.3,+19.8,LB	+2.47,+257.1,+20.6,MB	+2.87,+233.5,+19.8,CB	
1699977581.3886485	+6.68,+8.3,+21.4,MB	+6.66,+14.4,+21.5,HA	+2.93,+230.2,+21.5,DB	+2.73,+241.5,+19.9,LB	+2.47,+257.3,+20.6,OB	+2.87,+233.5,+19.8,CB	
1699977643.3976552	+6.68,+8.1,+21.4,OB	+6.66,+14.4,+21.5,HA	+2.93,+230.1,+21.5,GB	+2.74,+241.4,+19.9,JB	+2.46,+257.5,+20.7,IB	+2.87,+233.5,+19.8,CB	
1699977705.4073858	+6.68,+8.0,+21.4,NB	+6.66,+14.5,+21.5,IA	+2.93,+230.1,+21.5,GB	+2.73,+241.5,+19.9,LB	+2.47,+257.3,+20.7,NB	+2.87,+233.4,+19.8,BB	
1699977767.4175289	+6.69,+7.9,+21.4,IB	+6.66,+14.5,+21.5,IA	+2.93,+230.1,+21.5,GB	+2.73,+241.4,+19.9,MB	+2.47,+256.8,+20.6,EB	+2.87,+233.5,+19.8,CB	
1699977829.4279857	+6.69,+7.9,+21.4,IB	+6.66,+14.4,+21.5,HA	+2.93,+230.1,+21.5,GB	+2.73,+241.4,+19.9,MB	+2.47,+257.2,+20.6,NB	+2.87,+233.4,+19.8,BB	
1699977891.4370928	+6.68,+8.0,+21.4,NB	+6.66,+14.4,+21.5,HA	+2.93,+230.1,+21.5,GB	+2.73,+241.5,+19.9,LB	+2.46,+257.4,+20.6,IB	+2.87,+233.5,+19.8,CB	
1699977953.445595	+6.68,+8.0,+21.4,NB	+6.65,+14.5,+21.5,JA	+2.93,+230.1,+21.5,GB	+2.73,+241.5,+19.9,LB	+2.46,+257.7,+20.7,KB	+2.87,+233.5,+19.8,CB	
1699978015.455495	+6.69,+7.9,+21.4,IB	+6.65,+14.5,+21.5,JA	+2.93,+230.1,+21.5,GB	+2.74,+241.3,+19.9,MB	+2.47,+256.9,+20.7,EB	+2.87,+233.5,+19.8,CB	
1699978077.4695957	+6.68,+8.0,+21.4,NB	+6.66,+14.5,+21.5,IA	+2.93,+230.1,+21.5,GB	+2.74,+241.4,+19.9,JB	+2.48,+256.6,+20.6,DB	+2.87,+233.4,+19.8,BB	
1699978139.4797761	+6.68,+8.0,+21.4,NB	+6.65,+14.5,+21.5,JA	+2.93,+230.1,+21.5,GB	+2.73,+241.5,+19.8,MB	+2.48,+256.3,+20.7,@B	+2.87,+233.5,+19.8,CB	
1699978201.4904516	+6.68,+8.0,+21.4,NB	+6.65,+14.5,+21.5,JA	+2.93,+230.1,+21.5,GB	+2.73,+241.4,+19.9,MB	+2.51,+254.7,+20.7,NB	+2.87,+233.5,+19.8,CB	
1699978263.5011892	+6.68,+8.0,+21.4,NB	+6.65,+14.5,+21.5,JA	+2.93,+230.0,+21.5,FB	+2.74,+241.4,+19.9,JB	+2.52,+254.3,+20.7,IB	+2.87,+233.4,+19.8,BB	
1699978325.5099874	+6.68,+8.0,+21.4,NB	+6.66,+14.5,+21.5,IA	+2.93,+230.1,+21.5,GB	+2.74,+241.2,+19.9,LB	+2.52,+254.4,+20.6,OB	+2.87,+233.5,+19.8,CB	
1699978387.520326	+6.68,+8.0,+21.4,NB	+6.65,+14.5,+21.5,JA	+2.93,+230.0,+21.5,FB	+2.74,+241.2,+19.9,LB	+2.51,+254.8,+20.6,@B	+2.87,+233.4,+19.9,CB	
1699978449.5287592	+6.69,+7.9,+21.4,IB	+6.66,+14.4,+21.5,HA	+2.93,+230.1,+21.5,GB	+2.74,+241.1,+19.9,OB	+2.51,+254.9,+20.7,@B	+2.87,+233.5,+19.8,CB	
1699978511.5389705	+6.69,+7.9,+21.4,IB	+6.66,+14.4,+21.5,HA	+2.93,+230.0,+21.5,FB	+2.74,+241.1,+19.9,OB	+2.50,+255.1,+20.6,IB	+2.87,+233.5,+19.8,CB	
1699978573.5480332	+6.69,+7.8,+21.4,HB	+6.66,+14.4,+21.5,HA	+2.93,+230.1,+21.5,GB	+2.74,+240.9,+19.9,FB	+2.50,+255.4,+20.7,MB	+2.87,+233.5,+19.8,CB	
1699978635.5588815	+6.69,+7.7,+21.4,GB	+6.66,+14.5,+21.5,IA	+2.93,+230.1,+21.5,GB	+2.74,+240.9,+19.9,FB	+2.49,+256.1,+20.7,CB	+2.87,+233.5,+19.8,CB	
1699978697.568269	+6.69,+7.7,+21.4,GB	+6.66,+14.4,+21.5,HA	+2.93,+230.1,+21.5,GB	+2.75,+240.8,+19.9,FB	+2.48,+256.3,+20.7,@B	+2.87,+233.5,+19.8,CB	
1699978759.5783849	+6.69,+7.8,+21.4,HB	+6.66,+14.4,+21.5,HA	+2.93,+230.1,+21.5,GB	+2.75,+240.3,+19.9,MB	+2.48,+256.4,+20.6,FB	+2.87,+233.4,+19.8,BB	
1699978821.588183	+6.69,+7.8,+21.4,HB	+6.66,+14.4,+21.5,HA	+2.93,+230.1,+21.5,GB	+2.76,+240.2,+19.8,NB	+2.48,+256.8,+20.7,KB	+2.87,+233.5,+19.9,BB	
1699978883.5984824	+6.68,+8.3,+21.4,MB	+6.66,+14.4,+21.5,HA	+2.93,+230.1,+21.4,FB	+2.76,+240.2,+19.9,OB	+2.47,+257.0,+20.7,MB	+2.87,+233.5,+19.8,CB	
1699978945.609097	+6.68,+8.5,+21.4,KB	+6.66,+14.4,+21.5,HA	+2.93,+230.1,+21.5,GB	+2.76,+240.1,+19.9,LB	+2.47,+257.0,+20.6,LB	+2.87,+233.4,+19.9,CB	
1699979007.6193182	+6.67,+8.6,+21.4,GB	+6.66,+14.4,+21.5,HA	+2.93,+230.1,+21.5,GB	+2.76,+240.1,+19.9,LB	+2.47,+256.8,+20.7,DB	+2.87,+233.5,+19.8,CB	
1699979069.6291783	+6.67,+8.6,+21.4,GB	+6.66,+14.4,+21.5,HA	+2.93,+230.1,+21.5,GB	+2.76,+239.9,+19.9,JB	+2.47,+257.0,+20.7,MB	+2.87,+233.4,+19.9,CB	
1699979131.6385963	+6.67,+8.7,+21.4,FB	+6.66,+14.5,+21.5,IA	+2.93,+230.1,+21.5,GB	+2.76,+239.8,+19.9,KB	+2.49,+255.9,+20.7,HB	+2.87,+233.5,+19.8,CB	
1699979193.6496305	+6.67,+8.6,+21.4,GB	+6.66,+14.4,+21.5,HA	+2.93,+230.1,+21.5,GB	+2.76,+239.8,+19.9,KB	+2.48,+256.2,+20.6,@B	+2.87,+233.4,+19.9,CB	
1699979255.6585047	+6.67,+8.7,+21.4,FB	+6.65,+14.5,+21.5,JA	+2.93,+230.1,+21.5,GB	+2.77,+239.7,+19.9,EB	+2.48,+256.7,+20.6,EB	+2.87,+233.4,+19.9,CB	
1699979501.2659142	+6.68,+8.5,+21.4,KB	+6.65,+14.5,+21.5,JA	+2.93,+230.1,+21.5,GB	+2.76,+239.8,+19.9,KB	+2.48,+256.5,+20.7,FB	+2.88,+233.2,+19.8,KB	
1699979563.2765756	+6.68,+8.5,+21.4,KB	+6.65,+14.5,+21.5,JA	+2.93,+230.1,+21.5,GB	+2.76,+240.0,+19.9,MB	+2.48,+256.8,+20.6,JB	+2.87,+233.4,+19.9,CB	
1699979625.2860947	+6.68,+8.4,+21.4,JB	+6.66,+14.5,+21.5,IA	+2.93,+230.1,+21.5,GB	+2.76,+240.1,+19.9,LB	+2.47,+256.9,+20.6,DB	+2.87,+233.4,+19.9,CB	
1699979687.297668	+6.68,+8.3,+21.4,MB	+6.66,+14.5,+21.5,IA	+2.93,+230.1,+21.5,GB	+2.76,+240.1,+19.9,LB	+2.47,+257.4,+20.7,IB	+2.87,+233.4,+19.9,CB	
1699979749.3066342	+6.68,+8.2,+21.4,LB	+6.66,+14.5,+21.5,IA	+2.93,+230.1,+21.5,GB	+2.76,+240.1,+19.9,LB	+2.46,+257.8,+20.7,DB	+2.87,+233.5,+19.8,CB	
1699979811.3170831	+6.68,+8.1,+21.4,OB	+6.65,+14.5,+21.5,JA	+2.93,+230.0,+21.5,FB	+2.76,+240.1,+19.9,LB	+2.46,+257.9,+20.6,DB	+2.87,+233.5,+19.9,BB	
1699979873.3249488	+6.68,+8.1,+21.4,OB	+6.66,+14.5,+21.5,IA	+2.93,+230.1,+21.5,GB	+2.76,+240.1,+19.9,LB	+2.45,+258.0,+20.7,@B	+2.87,+233.4,+19.9,CB	
1699979935.331329	+6.68,+8.0,+21.4,NB	+6.66,+14.4,+21.5,HA	+2.93,+230.1,+21.5,GB	+2.76,+240.2,+19.9,OB	+2.45,+258.2,+20.7,BB	+2.87,+233.5,+19.8,CB	
1699979997.335523	+6.69,+7.9,+21.4,IB	+6.66,+14.4,+21.5,HA	+2.93,+230.2,+21.5,DB	+2.76,+240.2,+19.9,OB	+2.46,+257.7,+20.7,KB	+2.87,+233.5,+19.8,CB	
1699980059.339384	+6.69,+7.7,+21.4,GB	+6.66,+14.4,+21.5,HA	+2.93,+230.1,+21.5,GB	+2.75,+240.3,+19.9,MB	+2.47,+257.4,+20.7,IB	+2.87,+233.5,+19.8,CB	
1699980121.347171	+6.69,+7.7,+21.4,GB	+6.66,+14.4,+21.5,HA	+2.93,+230.1,+21.5,GB	+2.75,+240.4,+19.9,JB	+2.47,+257.2,+20.6,NB	+2.87,+233.5,+19.8,CB	
1699980183.3540728	+6.69,+7.5,+21.4,EB	+6.66,+14.3,+21.5,OA	+2.93,+230.1,+21.5,GB	+2.76,+240.1,+19.9,LB	+2.46,+257.5,+20.6,HB	+2.87,+233.5,+19.8,CB	
1699980245.3593905	+6.69,+7.4,+21.4,DB	+6.66,+14.2,+21.5,NA	+2.93,+230.1,+21.5,GB	+2.76,+239.9,+19.9,JB	+2.47,+257.0,+20.6,LB	+2.87,+233.5,+19.8,CB	
1699980307.3714778	+6.70,+7.3,+21.4,KB	+6.66,+14.2,+21.5,NA	+2.93,+230.1,+21.4,FB	+2.76,+239.9,+19.9,JB	+2.47,+257.2,+20.6,NB	+2.87,+233.5,+19.8,CB	
1699980369.3811545	+6.70,+7.1,+21.4,IB	+6.66,+14.1,+21.5,MA	+2.93,+230.1,+21.4,FB	+2.76,+240.1,+19.9,LB	+2.45,+258.0,+20.6,AB	+2.87,+233.5,+19.8,CB	
1699980431.3904252	+6.70,+7.0,+21.4,HB	+6.66,+14.2,+21.5,NA	+2.93,+230.1,+21.4,FB	+2.76,+240.1,+19.8,MB	+2.46,+257.6,+20.6,KB	+2.87,+233.5,+19.8,CB	
1699980493.3984067	+6.70,+6.9,+21.4,@B	+6.66,+14.1,+21.4,LA	+2.93,+230.0,+21.5,FB	+2.76,+240.2,+19.9,OB	+2.47,+257.2,+20.6,NB	+2.87,+233.5,+19.8,CB	
1699980555.4063172	+6.70,+7.2,+21.4,JB	+6.66,+14.1,+21.5,MA	+2.93,+230.0,+21.4,GB	+2.75,+240.3,+19.8,LB	+2.47,+257.0,+20.6,LB	+2.87,+233.5,+19.8,CB	
1699980617.4146187	+6.69,+7.5,+21.4,EB	+6.66,+14.1,+21.5,MA	+2.93,+230.1,+21.5,GB	+2.75,+240.4,+19.8,KB	+2.47,+256.8,+20.6,EB	+2.87,+233.5,+19.8,CB	
1699980679.4241784	+6.69,+7.7,+21.4,GB	+6.66,+14.1,+21.4,LA	+2.93,+230.0,+21.4,GB	+2.75,+240.4,+19.9,JB	+2.48,+256.7,+20.6,EB	+2.87,+233.5,+19.8,CB	
1699980741.4344501	+6.69,+7.6,+21.4,FB	+6.66,+14.1,+21.4,LA	+2.93,+230.1,+21.4,FB	+2.75,+240.4,+19.8,KB	+2.49,+255.8,+20.6,HB	+2.87,+233.5,+19.8,CB	
1699980803.4418921	+6.69,+7.6,+21.4,FB	+6.66,+14.1,+21.4,LA	+2.93,+230.1,+21.4,FB	+2.75,+240.6,+19.8,IB	+2.49,+256.1,+20.6,BB	+2.87,+233.5,+19.8,CB	
1699980865.451605	+6.69,+7.5,+21.4,EB	+6.66,+14.1,+21.5,MA	+2.93,+230.0,+21.4,GB	+2.75,+240.7,+19.8,HB	+2.48,+256.3,+20.6,AB	+2.87,+233.5,+19.8,CB	
1699980927.4620929	+6.69,+7.5,+21.4,EB	+6.66,+14.1,+21.4,LA	+2.93,+230.1,+21.4,FB	+2.74,+240.9,+19.8,GB	+2.47,+256.9,+20.6,DB	+2.87,+233.6,+19.7,OB	
1699980989.4693205	+6.69,+7.4,+21.4,DB	+6.66,+14.1,+21.4,LA	+2.93,+230.1,+21.4,FB	+2.74,+240.9,+19.8,GB	+2.47,+257.2,+20.6,NB	+2.87,+233.5,+19.8,CB	
1699981051.4783137	+6.70,+7.4,+21.4,LB	+6.66,+14.0,+21.4,MA	+2.93,+230.1,+21.4,FB	+2.74,+241.0,+19.8,OB	+2.46,+257.4,+20.6,IB	+2.87,+233.5,+19.8,CB	
1699981113.4863298	+6.70,+7.2,+21.4,JB	+6.66,+14.0,+21.4,MA	+2.93,+230.1,+21.4,FB	+2.74,+240.9,+19.8,GB	+2.46,+257.8,+20.6,EB	+2.87,+233.6,+19.8,@B	
1699981175.4946296	+6.70,+7.1,+21.4,IB	+6.66,+14.1,+21.4,LA	+2.93,+230.1,+21.4,FB	+2.74,+240.8,+19.8,FB	+2.45,+258.0,+20.6,AB	+2.87,+233.6,+19.7,OB	
1699981237.504264	+6.70,+6.9,+21.4,@B	+6.66,+14.0,+21.4,MA	+2.93,+230.1,+21.4,FB	+2.74,+241.0,+19.8,OB	+2.45,+258.2,+20.6,CB	+2.87,+233.5,+19.7,LB	
1699981299.51173	+6.70,+6.9,+21.4,@B	+6.66,+13.9,+21.4,CA	+2.93,+230.1,+21.4,FB	+2.74,+241.0,+19.8,OB	+2.48,+256.5,+20.6,GB	+2.87,+233.5,+19.7,LB	
1699981361.5198464	+6.71,+6.7,+21.3,HB	+6.66,+13.9,+21.4,CA	+2.93,+230.1,+21.4,FB	+2.74,+240.9,+19.8,GB	+2.48,+256.5,+20.6,GB	+2.87,+233.5,+19.7,LB	
1699981423.5284483	+6.71,+6.7,+21.3,HB	+6.66,+14.0,+21.4,MA	+2.93,+230.0,+21.4,GB	+2.74,+240.8,+19.8,FB	+2.47,+256.7,+20.5,IB	+2.87,+233.5,+19.7,LB	
1699981485.5383537	+6.71,+6.6,+21.4,NB	+6.66,+13.9,+21.4,CA	+2.93,+230.0,+21.4,GB	+2.75,+240.8,+19.8,GB	+2.48,+256.4,+20.6,FB	+2.87,+233.5,+19.7,LB	
1699981547.5480468	+6.71,+6.6,+21.3,IB	+6.66,+13.9,+21.4,CA	+2.93,+230.1,+21.4,FB	+2.74,+240.8,+19.8,FB	+2.48,+256.4,+20.5,EB	+2.87,+233.4,+19.7,MB	
1699981609.5577898	+6.71,+6.6,+21.4,NB	+6.66,+14.0,+21.4,MA	+2.93,+230.1,+21.4,FB	+2.74,+240.9,+19.8,GB	+2.47,+256.8,+20.5,FB	+2.87,+233.4,+19.7,MB	
1699981671.568793	+6.71,+6.6,+21.3,IB	+6.66,+13.9,+21.4,CA	+2.93,+230.0,+21.4,GB	+2.74,+240.9,+19.8,GB	+2.47,+257.2,+20.5,MB	+2.87,+233.5,+19.7,LB	
1699981733.5768507	+6.71,+6.6,+21.3,IB	+6.66,+14.0,+21.4,MA	+2.93,+230.0,+21.4,GB	+2.74,+240.9,+19.8,GB	+2.48,+256.2,+20.5,CB	+2.87,+233.4,+19.7,MB	
1699981795.5867658	+6.71,+6.6,+21.3,IB	+6.66,+14.0,+21.4,MA	+2.93,+230.0,+21.4,GB	+2.74,+241.0,+19.8,OB	+2.48,+256.1,+20.6,CB	+2.87,+233.5,+19.7,LB	
1699981857.5962121	+6.71,+6.7,+21.3,HB	+6.66,+13.9,+21.4,CA	+2.93,+230.0,+21.4,GB	+2.74,+241.0,+19.8,OB	+2.48,+256.4,+20.5,EB	+2.87,+233.5,+19.7,LB	
1699981919.6055105	+6.71,+6.7,+21.3,HB	+6.66,+13.9,+21.3,DA	+2.93,+230.0,+21.4,GB	+2.74,+241.0,+19.8,OB	+2.48,+256.5,+20.5,DB	+2.87,+233.5,+19.7,LB	
1699981981.6156712	+6.71,+6.8,+21.3,GB	+6.66,+14.0,+21.3,JA	+2.93,+229.9,+21.4,FB	+2.74,+241.0,+19.8,OB	+2.47,+256.8,+20.5,FB	+2.87,+233.4,+19.7,MB	
1699982043.6240332	+6.71,+6.8,+21.3,GB	+6.66,+14.0,+21.4,MA	+2.93,+230.0,+21.3,@B	+2.74,+241.1,+19.8,NB	+2.47,+256.7,+20.5,IB	+2.87,+233.5,+19.7,LB	
1699982105.6337626	+6.71,+6.8,+21.3,GB	+6.66,+13.9,+21.3,DA	+2.93,+230.0,+21.3,@B	+2.74,+241.0,+19.8,OB	+2.48,+256.3,+20.5,BB	+2.87,+233.5,+19.7,LB	
1699982167.6422365	+6.70,+6.8,+21.3,FB	+6.66,+13.9,+21.4,CA	+2.93,+230.1,+21.4,FB	+2.74,+241.0,+19.8,OB	+2.48,+256.3,+20.5,BB	+2.87,+233.4,+19.7,MB	
1699982229.6512787	+6.71,+6.8,+21.3,GB	+6.67,+13.9,+21.3,EA	+2.93,+230.0,+21.3,@B	+2.74,+241.1,+19.8,NB	+2.49,+256.0,+20.5,@B	+2.87,+233.5,+19.7,LB	
1699982291.6604798	+6.71,+6.7,+21.3,HB	+6.67,+13.9,+21.3,EA	+2.93,+230.0,+21.3,@B	+2.74,+241.0,+19.7,@B	+2.49,+256.0,+20.5,@B	+2.87,+233.5,+19.6,MB	
1699982353.6688147	+6.71,+6.6,+21.3,IB	+6.66,+14.0,+21.3,JA	+2.93,+230.0,+21.3,@B	+2.74,+241.1,+19.8,NB	+2.50,+255.0,+20.5,KB	+2.87,+233.4,+19.6,LB	
1699982415.6732364	+6.71,+6.6,+21.3,IB	+6.66,+13.9,+21.3,DA	+2.93,+230.0,+21.3,@B	+2.74,+241.2,+19.7,BB	+2.51,+254.7,+20.5,LB	+2.87,+233.5,+19.6,MB	
1699982477.6829543	+6.71,+6.5,+21.3,JB	+6.66,+13.9,+21.3,DA	+2.93,+230.0,+21.3,@B	+2.74,+241.3,+19.7,CB	+2.50,+255.2,+20.5,IB	+2.87,+233.5,+19.6,MB	
1699982539.6928358	+6.71,+6.6,+21.3,IB	+6.66,+13.9,+21.3,DA	+2.93,+230.0,+21.3,@B	+2.74,+241.2,+19.7,BB	+2.50,+255.2,+20.5,IB	+2.87,+233.4,+19.6,LB	
1699982601.7006056	+6.71,+6.5,+21.3,JB	+6.66,+14.0,+21.3,JA	+2.93,+230.0,+21.3,@B	+2.73,+241.3,+19.7,DB	+2.49,+255.6,+20.5,EB	+2.87,+233.5,+19.6,MB	
1699982663.7109506	+6.71,+6.7,+21.3,HB	+6.67,+13.9,+21.3,EA	+2.93,+230.0,+21.3,@B	+2.73,+241.3,+19.7,DB	+2.52,+254.1,+20.5,IB	+2.87,+233.5,+19.6,MB	
1699982725.718525	+6.70,+7.0,+21.3,OB	+6.67,+13.9,+21.3,EA	+2.93,+230.0,+21.3,@B	+2.74,+241.2,+19.7,BB	+2.51,+254.5,+20.5,NB	+2.87,+233.4,+19.6,LB	
1699982787.728907	+6.70,+7.2,+21.3,MB	+6.66,+13.9,+21.3,DA	+2.93,+230.0,+21.3,@B	+2.74,+241.2,+19.7,BB	+2.50,+255.1,+20.5,JB	+2.87,+233.5,+19.6,MB	
1699982849.73748	+6.70,+7.2,+21.3,MB	+6.66,+13.9,+21.3,DA	+2.93,+230.0,+21.3,@B	+2.74,+241.2,+19.7,BB	+2.50,+255.3,+20.5,HB	+2.87,+233.5,+19.6,MB	
1699982911.7475019	+6.70,+7.3,+21.3,LB	+6.66,+13.9,+21.3,DA	+2.93,+230.0,+21.3,@B	+2.73,+241.3,+19.7,DB	+2.51,+254.8,+20.5,CB	+2.87,+233.4,+19.6,LB	
