62309060476	62309060477	62309060478	62309060479	62309060481	62309060482	
1701365510.281439	+6.61,+12.4,+21.1,MA	+6.34,+32.8,+21.2,@A	+6.63,+17.5,+21.1,KA	+6.95,+0.3,+19.6,NB	+2.28,+267.8,+20.5,MB	+6.94,+1.8,+19.6,EB	
1701365572.290641	+6.61,+12.5,+21.1,LA	+6.34,+32.9,+21.2,AA	+6.63,+17.7,+21.2,JA	+6.95,+0.4,+19.6,IB	+2.28,+267.8,+20.5,MB	+6.94,+1.8,+19.5,FB	
1701365634.299041	+6.61,+12.5,+21.1,LA	+6.34,+32.9,+21.2,AA	+6.63,+17.5,+21.1,KA	+6.95,+0.4,+19.6,IB	+2.28,+267.9,+20.5,LB	+6.94,+1.8,+19.5,FB	
1701365696.3074172	+6.60,+12.6,+21.2,MA	+6.33,+33.0,+21.2,NA	+6.63,+17.6,+21.1,HA	+6.95,+0.4,+19.6,IB	+2.28,+267.9,+20.5,LB	+6.94,+1.9,+19.6,DB	
1701365758.3175218	+6.61,+12.6,+21.1,OA	+6.33,+33.0,+21.2,NA	+6.63,+17.5,+21.2,HA	+6.95,+0.4,+19.6,IB	+2.28,+267.8,+20.5,MB	+6.94,+1.8,+19.5,FB	
1701365820.3247235	+6.60,+12.6,+21.1,NA	+6.34,+33.0,+21.2,IA	+6.63,+17.6,+21.2,KA	+6.95,+0.3,+19.6,NB	+2.28,+267.7,+20.5,BB	+6.94,+1.8,+19.6,EB	
1701365882.3318717	+6.61,+12.5,+21.1,LA	+6.34,+32.9,+21.2,AA	+6.63,+17.5,+21.2,HA	+6.95,+0.3,+19.6,NB	+2.28,+267.7,+20.5,BB	+6.94,+1.8,+19.6,EB	
1701365944.3419695	+6.61,+12.5,+21.1,LA	+6.34,+33.0,+21.2,IA	+6.63,+17.5,+21.2,HA	+6.95,+0.4,+19.6,IB	+2.28,+267.7,+20.5,BB	+6.94,+1.8,+19.5,FB	
1701366006.3516064	+6.60,+12.6,+21.1,NA	+6.34,+33.0,+21.2,IA	+6.63,+17.6,+21.2,KA	+6.95,+0.3,+19.6,NB	+2.29,+267.5,+20.5,AB	+6.94,+1.9,+19.5,GB	
1701366068.3640573	+6.60,+12.6,+21.1,NA	+6.34,+32.9,+21.2,AA	+6.63,+17.5,+21.2,HA	+6.95,+0.3,+19.6,NB	+2.28,+267.9,+20.5,LB	+6.94,+1.8,+19.6,EB	
1701366130.3753264	+6.60,+12.6,+21.1,NA	+6.34,+32.9,+21.2,AA	+6.63,+17.5,+21.1,KA	+6.95,+0.3,+19.6,NB	+2.28,+267.7,+20.5,BB	+6.94,+1.9,+19.6,DB	
1701366192.3837175	+6.60,+12.6,+21.1,NA	+6.34,+33.0,+21.2,IA	+6.63,+17.5,+21.2,HA	+6.95,+0.3,+19.6,NB	+2.28,+267.7,+20.5,BB	+6.94,+1.8,+19.5,FB	
1701366254.3883123	+6.61,+12.5,+21.1,LA	+6.33,+33.0,+21.2,NA	+6.63,+17.5,+21.1,KA	+6.95,+0.3,+19.6,NB	+2.29,+267.4,+20.5,@B	+6.94,+1.8,+19.5,FB	
1701366499.9492877	+6.61,+12.6,+21.1,OA	+6.34,+33.0,+21.2,IA	+6.63,+17.6,+21.2,KA	+6.95,+0.3,+19.6,NB	+2.29,+267.6,+20.5,BB	+6.94,+1.9,+19.6,DB	
1701366561.9519095	+6.60,+12.6,+21.1,NA	+6.33,+33.0,+21.2,NA	+6.63,+17.5,+21.2,HA	+6.95,+0.3,+19.6,NB	+2.28,+267.8,+20.5,MB	+6.94,+1.8,+19.6,EB	
1701366623.9558654	+6.60,+12.6,+21.1,NA	+6.33,+33.0,+21.2,NA	+6.63,+17.5,+21.1,KA	+6.95,+0.3,+19.6,NB	+2.28,+267.9,+20.5,LB	+6.94,+1.9,+19.6,DB	
1701366685.9611669	+6.60,+12.6,+21.1,NA	+6.33,+33.0,+21.2,NA	+6.63,+17.6,+21.2,KA	+6.95,+0.4,+19.6,IB	+2.28,+267.8,+20.5,MB	+6.94,+1.9,+19.6,DB	
1701366747.965726	+6.60,+12.6,+21.1,NA	+6.33,+33.0,+21.2,NA	+6.63,+17.5,+21.2,HA	+6.95,+0.4,+19.6,IB	+2.28,+267.9,+20.5,LB	+6.94,+1.8,+19.6,EB	
1701366809.9754755	+6.61,+12.5,+21.1,LA	+6.33,+33.0,+21.2,NA	+6.63,+17.5,+21.1,KA	+6.95,+0.3,+19.6,NB	+2.28,+267.9,+20.5,LB	+6.94,+1.9,+19.6,DB	
1701366871.9872136	+6.60,+12.6,+21.1,NA	+6.33,+33.0,+21.2,NA	+6.63,+17.6,+21.1,HA	+6.95,+0.4,+19.6,IB	+2.28,+267.9,+20.5,LB	+6.94,+1.9,+19.6,DB	
1701366933.9964108	+6.60,+12.6,+21.1,NA	+6.33,+33.0,+21.2,NA	+6.63,+17.4,+21.1,JA	+6.95,+0.4,+19.6,IB	+2.28,+267.7,+20.5,BB	+6.94,+1.9,+19.5,GB	
1701366996.005961	+6.60,+12.6,+21.1,NA	+6.34,+33.0,+21.2,IA	+6.63,+17.6,+21.1,HA	+6.95,+0.4,+19.6,IB	+2.28,+268.0,+20.5,JB	+6.94,+1.9,+19.5,GB	
1701367058.0163634	+6.60,+12.6,+21.1,NA	+6.34,+33.0,+21.2,IA	+6.63,+17.5,+21.1,KA	+6.95,+0.3,+19.6,NB	+2.28,+268.1,+20.5,KB	+6.94,+1.9,+19.5,GB	
1701367120.0248997	+6.60,+12.6,+21.1,NA	+6.33,+33.0,+21.2,NA	+6.63,+17.6,+21.1,HA	+6.95,+0.3,+19.6,NB	+2.28,+267.7,+20.5,BB	+6.94,+1.9,+19.5,GB	
1701367182.035945	+6.60,+12.6,+21.1,NA	+6.34,+33.0,+21.2,IA	+6.63,+17.5,+21.1,KA	+6.95,+0.3,+19.6,NB	+2.28,+267.7,+20.5,BB	+6.94,+1.8,+19.5,FB	
1701367244.045918	+6.60,+12.6,+21.1,NA	+6.33,+33.1,+21.2,OA	+6.63,+17.6,+21.1,HA	+6.95,+0.3,+19.6,NB	+2.29,+267.5,+20.5,AB	+6.94,+1.9,+19.5,GB	
1701367306.0550063	+6.60,+12.7,+21.1,OA	+6.33,+33.1,+21.2,OA	+6.63,+17.5,+21.1,KA	+6.95,+0.4,+19.6,IB	+2.29,+267.4,+20.5,@B	+6.94,+1.9,+19.5,GB	
1701367368.0629265	+6.60,+12.6,+21.1,NA	+6.34,+33.0,+21.2,IA	+6.63,+17.6,+21.1,HA	+6.95,+0.3,+19.6,NB	+2.29,+267.6,+20.5,BB	+6.94,+1.9,+19.5,GB	
1701367430.0739672	+6.60,+12.6,+21.1,NA	+6.33,+33.0,+21.2,NA	+6.63,+17.5,+21.1,KA	+6.95,+0.3,+19.6,NB	+2.29,+267.5,+20.5,AB	+6.94,+1.8,+19.5,FB	
1701367492.0835583	+6.60,+12.6,+21.1,NA	+6.34,+33.0,+21.2,IA	+6.63,+17.5,+21.1,KA	+6.95,+0.4,+19.6,IB	+2.29,+267.5,+20.5,AB	+6.94,+1.9,+19.5,GB	
1701367554.0937774	+6.60,+12.7,+21.1,OA	+6.33,+33.0,+21.2,NA	+6.63,+17.4,+21.1,JA	+6.95,+0.3,+19.6,NB	+2.28,+267.6,+20.5,CB	+6.94,+1.9,+19.5,GB	
1701367616.1051466	+6.60,+12.6,+21.1,NA	+6.33,+33.1,+21.2,OA	+6.63,+17.6,+21.1,HA	+6.95,+0.3,+19.6,NB	+2.28,+267.7,+20.5,BB	+6.94,+1.9,+19.6,DB	
1701367678.1150374	+6.60,+12.6,+21.1,NA	+6.33,+33.2,+21.2,LA	+6.63,+17.4,+21.1,JA	+6.95,+0.3,+19.6,NB	+2.28,+267.7,+20.5,BB	+6.94,+1.9,+19.6,DB	
1701367740.125185	+6.60,+12.6,+21.1,NA	+6.33,+33.3,+21.2,MA	+6.63,+17.5,+21.1,KA	+6.95,+0.3,+19.6,NB	+2.28,+268.0,+20.5,JB	+6.94,+1.9,+19.6,DB	
1701367802.132629	+6.60,+12.7,+21.1,OA	+6.33,+33.2,+21.2,LA	+6.63,+17.6,+21.1,HA	+6.95,+0.3,+19.6,NB	+2.28,+267.9,+20.5,LB	+6.94,+1.9,+19.6,DB	
1701367864.14165	+6.60,+12.6,+21.1,NA	+6.33,+33.3,+21.2,MA	+6.63,+17.4,+21.1,JA	+6.95,+0.3,+19.6,NB	+2.28,+267.9,+20.5,LB	+6.94,+1.8,+19.6,EB	
1701367926.1506772	+6.60,+12.6,+21.1,NA	+6.33,+33.2,+21.2,LA	+6.63,+17.5,+21.1,KA	+6.95,+0.3,+19.6,NB	+2.28,+267.7,+20.4,CB	+6.94,+1.9,+19.6,DB	
1701367988.1566741	+6.60,+12.6,+21.1,NA	+6.33,+33.3,+21.2,MA	+6.63,+17.5,+21.1,KA	+6.95,+0.3,+19.6,NB	+2.28,+268.0,+20.5,JB	+6.94,+1.9,+19.6,DB	
1701368050.1661913	+6.60,+12.7,+21.1,OA	+6.33,+33.2,+21.2,LA	+6.63,+17.5,+21.1,KA	+6.95,+0.3,+19.6,NB	+2.28,+267.6,+20.5,CB	+6.94,+1.9,+19.6,DB	
1701368112.1762288	+6.60,+12.7,+21.1,OA	+6.33,+33.2,+21.2,LA	+6.63,+17.5,+21.1,KA	+6.95,+0.4,+19.6,IB	+2.28,+267.8,+20.5,MB	+6.94,+1.8,+19.6,EB	
1701368174.185431	+6.60,+12.7,+21.1,OA	+6.33,+33.2,+21.2,LA	+6.63,+17.5,+21.1,KA	+6.95,+0.3,+19.6,NB	+2.28,+267.8,+20.5,MB	+6.94,+1.9,+19.6,DB	
1701368236.1936953	+6.60,+12.7,+21.1,OA	+6.33,+33.3,+21.2,MA	+6.63,+17.5,+21.1,KA	+6.95,+0.3,+19.6,NB	+2.28,+268.0,+20.5,JB	+6.94,+1.9,+19.5,GB	
1701368298.2020793	+6.60,+12.6,+21.1,NA	+6.33,+33.2,+21.2,LA	+6.63,+17.5,+21.1,KA	+6.95,+0.3,+19.6,NB	+2.28,+267.8,+20.5,MB	+6.94,+1.9,+19.6,DB	
1701368360.2143383	+6.60,+12.7,+21.1,OA	+6.33,+33.2,+21.2,LA	+6.63,+17.5,+21.1,KA	+6.95,+0.3,+19.6,NB	+2.28,+267.7,+20.5,BB	+6.94,+1.9,+19.6,DB	
1701368422.2220662	+6.60,+12.7,+21.1,OA	+6.33,+33.2,+21.2,LA	+6.63,+17.5,+21.1,KA	+6.95,+0.4,+19.6,IB	+2.28,+267.7,+20.5,BB	+6.94,+1.9,+19.6,DB	
1701368484.229959	+6.60,+12.6,+21.1,NA	+6.33,+33.1,+21.2,OA	+6.64,+17.4,+21.1,MA	+6.95,+0.4,+19.6,IB	+2.28,+267.9,+20.5,LB	+6.94,+1.9,+19.6,DB	
1701368546.2382412	+6.60,+12.7,+21.1,OA	+6.33,+33.2,+21.2,LA	+6.64,+17.4,+21.1,MA	+6.95,+0.3,+19.6,NB	+2.28,+267.9,+20.5,LB	+6.94,+1.9,+19.6,DB	
1701368608.2474055	+6.60,+12.7,+21.1,OA	+6.33,+33.2,+21.2,LA	+6.64,+17.4,+21.2,NA	+6.95,+0.3,+19.6,NB	+2.28,+268.0,+20.5,JB	+6.94,+1.9,+19.6,DB	
1701368670.2546794	+6.60,+12.7,+21.1,OA	+6.33,+33.2,+21.2,LA	+6.63,+17.4,+21.2,IA	+6.95,+0.4,+19.6,IB	+2.28,+268.0,+20.5,JB	+6.94,+1.9,+19.6,DB	
1701368732.2644014	+6.60,+12.6,+21.1,NA	+6.33,+33.2,+21.2,LA	+6.63,+17.5,+21.2,HA	+6.95,+0.4,+19.6,IB	+2.27,+268.3,+20.5,FB	+6.94,+1.9,+19.6,DB	
1701368794.2751496	+6.60,+12.6,+21.1,NA	+6.33,+33.1,+21.2,OA	+6.63,+17.5,+21.2,HA	+6.95,+0.4,+19.6,IB	+2.28,+267.7,+20.4,CB	+6.94,+1.9,+19.6,DB	
1701368856.280508	+6.60,+12.7,+21.1,OA	+6.33,+33.1,+21.2,OA	+6.63,+17.5,+21.2,HA	+6.95,+0.3,+19.6,NB	+2.27,+268.2,+20.5,GB	+6.94,+1.9,+19.6,DB	
1701368918.29028	+6.60,+12.7,+21.2,LA	+6.33,+33.2,+21.2,LA	+6.63,+17.4,+21.2,IA	+6.95,+0.3,+19.7,OB	+2.28,+268.1,+20.5,KB	+6.94,+1.9,+19.6,DB	
1701368980.3000424	+6.60,+12.7,+21.2,LA	+6.33,+33.2,+21.2,LA	+6.63,+17.4,+21.2,IA	+6.95,+0.3,+19.6,NB	+2.27,+268.1,+20.5,DB	+6.94,+1.9,+19.6,DB	
1701369042.308199	+6.60,+12.7,+21.1,OA	+6.33,+33.2,+21.2,LA	+6.63,+17.5,+21.2,HA	+6.95,+0.3,+19.7,OB	+2.27,+268.2,+20.5,GB	+6.94,+1.9,+19.6,DB	
1701369104.318068	+6.60,+12.6,+21.1,NA	+6.33,+33.3,+21.2,MA	+6.64,+17.4,+21.2,NA	+6.95,+0.3,+19.7,OB	+2.27,+268.2,+20.5,GB	+6.94,+1.9,+19.6,DB	
1701369166.3251474	+6.60,+12.7,+21.1,OA	+6.33,+33.4,+21.2,JA	+6.63,+17.5,+21.2,HA	+6.95,+0.3,+19.7,OB	+2.28,+268.1,+20.5,KB	+6.94,+1.9,+19.6,DB	
1701369228.3374186	+6.61,+12.4,+21.2,NA	+6.33,+33.3,+21.2,MA	+6.64,+17.4,+21.2,NA	+6.95,+0.3,+19.7,OB	+2.27,+268.2,+20.5,GB	+6.94,+1.9,+19.6,DB	
1701369290.3482583	+6.61,+12.5,+21.1,LA	+6.33,+33.2,+21.2,LA	+6.63,+17.5,+21.2,HA	+6.95,+0.3,+19.7,OB	+2.27,+268.2,+20.5,GB	+6.94,+1.9,+19.6,DB	
1701369352.357242	+6.61,+12.5,+21.2,OA	+6.33,+33.2,+21.2,LA	+6.63,+17.5,+21.2,HA	+6.95,+0.3,+19.7,OB	+2.27,+268.3,+20.5,FB	+6.94,+1.9,+19.6,DB	
1701369414.3662605	+6.61,+12.5,+21.1,LA	+6.33,+33.2,+21.2,LA	+6.63,+17.5,+21.2,HA	+6.95,+0.4,+19.7,HB	+2.27,+268.4,+20.5,AB	+6.94,+1.9,+19.6,DB	
1701369476.3752694	+6.61,+12.5,+21.1,LA	+6.33,+33.3,+21.2,MA	+6.63,+17.4,+21.2,IA	+6.95,+0.3,+19.6,NB	+2.29,+267.5,+20.5,AB	+6.94,+1.9,+19.6,DB	
1701369538.383747	+6.61,+12.5,+21.1,LA	+6.33,+33.4,+21.2,JA	+6.63,+17.5,+21.2,HA	+6.95,+0.3,+19.7,OB	+2.27,+268.3,+20.5,FB	+6.94,+1.9,+19.6,DB	
1701369600.3907442	+6.61,+12.5,+21.1,LA	+6.33,+33.3,+21.2,MA	+6.63,+17.4,+21.2,IA	+6.95,+0.3,+19.7,OB	+2.27,+268.3,+20.5,FB	+6.94,+1.9,+19.6,DB	
1701369662.3986568	+6.61,+12.5,+21.2,OA	+6.33,+33.3,+21.2,MA	+6.64,+17.4,+21.2,NA	+6.95,+0.3,+19.7,OB	+2.27,+268.3,+20.5,FB	+6.94,+1.9,+19.6,DB	
1701369724.406296	+6.61,+12.5,+21.1,LA	+6.33,+33.3,+21.2,MA	+6.63,+17.4,+21.2,IA	+6.95,+0.3,+19.7,OB	+2.27,+268.2,+20.5,GB	+6.94,+1.9,+19.7,EB	
1701369786.414138	+6.61,+12.5,+21.2,OA	+6.33,+33.3,+21.2,MA	+6.63,+17.4,+21.2,IA	+6.95,+0.3,+19.7,OB	+2.28,+268.1,+20.5,KB	+6.94,+1.9,+19.7,EB	
1701369848.42288	+6.61,+12.4,+21.2,NA	+6.33,+33.3,+21.3,LA	+6.63,+17.4,+21.2,IA	+6.95,+0.3,+19.7,OB	+2.27,+268.2,+20.5,GB	+6.94,+1.9,+19.6,DB	
1701369910.4325695	+6.61,+12.5,+21.2,OA	+6.33,+33.4,+21.2,JA	+6.63,+17.5,+21.2,HA	+6.95,+0.3,+19.7,OB	+2.28,+268.0,+20.5,JB	+6.94,+1.9,+19.6,DB	
1701369972.4413636	+6.61,+12.5,+21.1,LA	+6.33,+33.4,+21.2,JA	+6.64,+17.3,+21.2,IA	+6.95,+0.2,+19.7,NB	+2.28,+267.9,+20.5,LB	+6.94,+1.9,+19.6,DB	
1701370034.4488847	+6.61,+12.5,+21.2,OA	+6.33,+33.5,+21.3,JA	+6.64,+17.3,+21.2,IA	+6.95,+0.3,+19.7,OB	+2.28,+268.0,+20.5,JB	+6.94,+1.9,+19.7,EB	
1701370096.459501	+6.61,+12.5,+21.1,LA	+6.33,+33.6,+21.2,HA	+6.63,+17.4,+21.2,IA	+6.95,+0.3,+19.7,OB	+2.28,+268.1,+20.5,KB	+6.94,+1.9,+19.6,DB	
1701370342.0106757	+6.60,+12.6,+21.1,NA	+6.33,+33.5,+21.2,KA	+6.64,+17.4,+21.2,NA	+6.95,+0.3,+19.6,NB	+2.28,+267.9,+20.5,LB	+6.94,+1.8,+19.6,EB	
1701370404.0215762	+6.61,+12.6,+21.1,OA	+6.33,+33.4,+21.2,JA	+6.63,+17.4,+21.2,IA	+6.95,+0.3,+19.7,OB	+2.28,+268.1,+20.4,JB	+6.94,+1.9,+19.6,DB	
1701370466.0301178	+6.61,+12.5,+21.2,OA	+6.33,+33.4,+21.2,JA	+6.63,+17.5,+21.2,HA	+6.95,+0.3,+19.7,OB	+2.27,+268.2,+20.4,FB	+6.94,+1.9,+19.6,DB	
1701370528.0381708	+6.61,+12.5,+21.1,LA	+6.33,+33.4,+21.2,JA	+6.63,+17.5,+21.2,HA	+6.95,+0.3,+19.7,OB	+2.27,+268.2,+20.5,GB	+6.94,+1.9,+19.6,DB	
1701370590.047284	+6.61,+12.5,+21.2,OA	+6.33,+33.4,+21.2,JA	+6.64,+17.4,+21.2,NA	+6.95,+0.3,+19.7,OB	+2.28,+268.1,+20.5,KB	+6.94,+1.9,+19.6,DB	
1701370652.0574775	+6.60,+12.6,+21.1,NA	+6.33,+33.4,+21.2,JA	+6.64,+17.3,+21.2,IA	+6.95,+0.3,+19.7,OB	+2.28,+267.9,+20.5,LB	+6.94,+1.9,+19.6,DB	
1701370714.066034	+6.61,+12.5,+21.1,LA	+6.33,+33.5,+21.2,KA	+6.64,+17.4,+21.2,NA	+6.95,+0.2,+19.7,NB	+2.29,+267.4,+20.5,@B	+6.94,+1.9,+19.6,DB	
1701370776.0729177	+6.60,+12.6,+21.1,NA	+6.33,+33.4,+21.2,JA	+6.64,+17.4,+21.2,NA	+6.95,+0.4,+19.7,HB	+2.27,+268.2,+20.5,GB	+6.94,+1.9,+19.6,DB	
1701370838.0835207	+6.61,+12.5,+21.1,LA	+6.33,+33.5,+21.3,JA	+6.64,+17.4,+21.2,NA	+6.95,+0.3,+19.6,NB	+2.27,+268.2,+20.5,GB	+6.94,+1.9,+19.6,DB	
1701370900.089377	+6.60,+12.6,+21.2,MA	+6.33,+33.4,+21.2,JA	+6.64,+17.3,+21.2,IA	+6.95,+0.3,+19.7,OB	+2.27,+268.2,+20.5,GB	+6.94,+1.9,+19.7,EB	
1701370962.0982535	+6.60,+12.6,+21.2,MA	+6.33,+33.5,+21.2,KA	+6.63,+17.5,+21.2,HA	+6.95,+0.3,+19.6,NB	+2.28,+268.0,+20.5,JB	+6.94,+1.9,+19.7,EB	
1701371024.1082218	+6.60,+12.6,+21.2,MA	+6.33,+33.5,+21.2,KA	+6.63,+17.4,+21.2,IA	+6.95,+0.3,+19.7,OB	+2.28,+268.1,+20.5,KB	+6.94,+2.0,+19.7,OB	
1701371086.1167314	+6.60,+12.6,+21.2,MA	+6.33,+33.5,+21.2,KA	+6.64,+17.4,+21.2,NA	+6.95,+0.3,+19.7,OB	+2.28,+268.1,+20.5,KB	+6.94,+1.9,+19.6,DB	
1701371148.1236038	+6.61,+12.5,+21.2,OA	+6.33,+33.5,+21.2,KA	+6.63,+17.5,+21.2,HA	+6.95,+0.3,+19.7,OB	+2.27,+268.3,+20.5,FB	+6.94,+1.9,+19.7,EB	
1701371210.1322265	+6.61,+12.5,+21.2,OA	+6.33,+33.5,+21.2,KA	+6.64,+17.4,+21.2,NA	+6.95,+0.3,+19.7,OB	+2.27,+268.3,+20.5,FB	+6.94,+2.0,+19.6,NB	
1701371272.1422694	+6.61,+12.5,+21.2,OA	+6.33,+33.5,+21.2,KA	+6.63,+17.5,+21.2,HA	+6.95,+0.3,+19.6,NB	+2.28,+268.1,+20.5,KB	+6.94,+1.9,+19.6,DB	
1701371334.1517432	+6.60,+12.6,+21.2,MA	+6.33,+33.4,+21.2,JA	+6.63,+17.4,+21.2,IA	+6.95,+0.3,+19.7,OB	+2.28,+268.1,+20.5,KB	+6.94,+1.9,+19.6,DB	
1701371396.1618316	+6.61,+12.6,+21.2,LA	+6.33,+33.5,+21.2,KA	+6.64,+17.3,+21.2,IA	+6.95,+0.3,+19.7,OB	+2.27,+268.4,+20.5,AB	+6.94,+1.9,+19.6,DB	
1701371458.1719773	+6.61,+12.5,+21.2,OA	+6.33,+33.4,+21.2,JA	+6.63,+17.4,+21.2,IA	+6.95,+0.3,+19.7,OB	+2.27,+268.3,+20.5,FB	+6.94,+1.9,+19.6,DB	
1701371520.1789706	+6.60,+12.6,+21.1,NA	+6.33,+33.5,+21.2,KA	+6.64,+17.4,+21.2,NA	+6.95,+0.2,+19.7,NB	+2.27,+268.3,+20.5,FB	+6.94,+2.0,+19.6,NB	
1701371582.1863236	+6.61,+12.5,+21.2,OA	+6.33,+33.5,+21.2,KA	+6.64,+17.3,+21.2,IA	+6.95,+0.2,+19.7,NB	+2.27,+268.4,+20.5,AB	+6.94,+1.9,+19.6,DB	
1701371644.1937342	+6.60,+12.6,+21.2,MA	+6.33,+33.4,+21.2,JA	+6.64,+17.4,+21.2,NA	+6.95,+0.2,+19.7,NB	+2.27,+268.4,+20.5,AB	+6.94,+2.0,+19.6,NB	
1701371706.2045367	+6.60,+12.6,+21.1,NA	+6.33,+33.3,+21.2,MA	+6.64,+17.4,+21.2,NA	+6.95,+0.3,+19.7,OB	+2.27,+268.4,+20.5,AB	+6.94,+1.9,+19.6,DB	
1701371768.2141237	+6.60,+12.6,+21.2,MA	+6.33,+33.3,+21.2,MA	+6.63,+17.4,+21.2,IA	+6.95,+0.3,+19.7,OB	+2.27,+268.4,+20.5,AB	+6.94,+2.0,+19.6,NB	
1701371830.2247014	+6.61,+12.6,+21.2,LA	+6.33,+33.4,+21.2,JA	+6.63,+17.4,+21.2,IA	+6.95,+0.3,+19.7,OB	+2.27,+268.6,+20.5,CB	+6.94,+2.0,+19.6,NB	
1701371892.2327585	+6.61,+12.6,+21.2,LA	+6.33,+33.3,+21.2,MA	+6.64,+17.4,+21.2,NA	+6.95,+0.3,+19.7,OB	+2.27,+268.5,+20.5,@B	+6.94,+2.0,+19.7,OB	
1701371954.241642	+6.60,+12.6,+21.2,MA	+6.33,+33.4,+21.2,JA	+6.64,+17.3,+21.2,IA	+6.95,+0.3,+19.7,OB	+2.27,+268.5,+20.5,@B	+6.94,+1.9,+19.7,EB	
1701372016.2524607	+6.60,+12.6,+21.2,MA	+6.33,+33.4,+21.2,JA	+6.63,+17.4,+21.2,IA	+6.95,+0.3,+19.7,OB	+2.27,+268.5,+20.5,@B	+6.94,+1.9,+19.7,EB	
1701372078.2621052	+6.60,+12.6,+21.2,MA	+6.33,+33.4,+21.3,KA	+6.63,+17.4,+21.2,IA	+6.95,+0.3,+19.7,OB	+2.27,+268.6,+20.5,CB	+6.93,+2.0,+19.7,HB	
1701372140.2722542	+6.60,+12.6,+21.2,MA	+6.33,+33.4,+21.3,KA	+6.64,+17.4,+21.2,NA	+6.95,+0.2,+19.7,NB	+2.27,+268.3,+20.5,FB	+6.94,+2.0,+19.7,OB	
1701372202.2812443	+6.60,+12.6,+21.2,MA	+6.33,+33.5,+21.3,JA	+6.64,+17.3,+21.2,IA	+6.95,+0.3,+19.7,OB	+2.27,+268.2,+20.5,GB	+6.94,+2.0,+19.7,OB	
1701372264.2912624	+6.60,+12.6,+21.2,MA	+6.33,+33.5,+21.3,JA	+6.64,+17.3,+21.2,IA	+6.95,+0.3,+19.7,OB	+2.27,+268.2,+20.5,GB	+6.94,+1.9,+19.7,EB	
1701372326.2999747	+6.60,+12.6,+21.2,MA	+6.33,+33.4,+21.3,KA	+6.64,+17.3,+21.2,IA	+6.95,+0.2,+19.7,NB	+2.27,+268.4,+20.5,AB	+6.94,+2.0,+19.7,OB	
1701372388.308235	+6.60,+12.6,+21.2,MA	+6.33,+33.5,+21.3,JA	+6.64,+17.3,+21.2,IA	+6.95,+0.3,+19.7,OB	+2.27,+268.4,+20.5,AB	+6.94,+2.0,+19.7,OB	
1701372450.3172388	+6.60,+12.6,+21.2,MA	+6.33,+33.5,+21.3,JA	+6.64,+17.3,+21.2,IA	+6.95,+0.3,+19.7,OB	+2.27,+268.3,+20.5,FB	+6.94,+1.9,+19.7,EB	
1701372512.3234975	+6.60,+12.6,+21.2,MA	+6.33,+33.4,+21.2,JA	+6.64,+17.3,+21.2,IA	+6.95,+0.3,+19.7,OB	+2.27,+268.3,+20.5,FB	+6.94,+2.0,+19.7,OB	
1701372574.332255	+6.60,+12.6,+21.2,MA	+6.33,+33.4,+21.2,JA	+6.63,+17.4,+21.2,IA	+6.95,+0.3,+19.7,OB	+2.27,+268.4,+20.5,AB	+6.94,+1.9,+19.7,EB	
1701372636.3398979	+6.60,+12.6,+21.2,MA	+6.33,+33.4,+21.3,KA	+6.63,+17.4,+21.2,IA	+6.95,+0.3,+19.7,OB	+2.27,+268.5,+20.5,@B	+6.94,+1.9,+19.7,EB	
1701372698.3498554	+6.60,+12.6,+21.2,MA	+6.33,+33.3,+21.3,LA	+6.64,+17.4,+21.2,NA	+6.95,+0.3,+19.7,OB	+2.27,+268.6,+20.5,CB	+6.94,+1.9,+19.7,EB	
1701372760.3592553	+6.60,+12.6,+21.2,MA	+6.33,+33.4,+21.3,KA	+6.64,+17.3,+21.2,IA	+6.95,+0.2,+19.7,NB	+2.27,+268.7,+20.5,BB	+6.94,+1.9,+19.7,EB	
1701372822.3655481	+6.60,+12.6,+21.2,MA	+6.33,+33.4,+21.3,KA	+6.64,+17.4,+21.2,NA	+6.95,+0.3,+19.7,OB	+2.27,+268.2,+20.5,GB	+6.94,+2.0,+19.7,OB	
1701372884.372616	+6.60,+12.6,+21.2,MA	+6.33,+33.3,+21.3,LA	+6.64,+17.3,+21.2,IA	+6.95,+0.2,+19.7,NB	+2.27,+268.5,+20.5,@B	+6.94,+1.9,+19.7,EB	
1701372946.3817575	+6.61,+12.4,+21.2,NA	+6.33,+33.4,+21.3,KA	+6.64,+17.3,+21.2,IA	+6.95,+0.3,+19.7,OB	+2.27,+268.7,+20.5,BB	+6.94,+2.0,+19.7,OB	
1701373008.392656	+6.61,+12.4,+21.2,NA	+6.33,+33.4,+21.3,KA	+6.64,+17.2,+21.2,HA	+6.95,+0.2,+19.7,NB	+2.27,+268.7,+20.5,BB	+6.94,+2.0,+19.7,OB	
1701373070.3982003	+6.61,+12.4,+21.2,NA	+6.33,+33.4,+21.3,KA	+6.64,+17.3,+21.2,IA	+6.95,+0.3,+19.7,OB	+2.27,+268.3,+20.5,FB	+6.94,+2.0,+19.7,OB	
1701373132.407	+6.61,+12.4,+21.2,NA	+6.33,+33.4,+21.3,KA	+6.64,+17.3,+21.2,IA	+6.95,+0.3,+19.7,OB	+2.27,+268.2,+20.5,GB	+6.94,+1.9,+19.7,EB	
1701373194.4147997	+6.61,+12.4,+21.2,NA	+6.33,+33.4,+21.3,KA	+6.64,+17.4,+21.2,NA	+6.95,+0.2,+19.7,NB	+2.27,+268.6,+20.5,CB	+6.94,+1.9,+19.7,EB	
1701373256.4236262	+6.61,+12.4,+21.2,NA	+6.33,+33.4,+21.3,KA	+6.64,+17.3,+21.2,IA	+6.95,+0.3,+19.7,OB	+2.27,+268.6,+20.5,CB	+6.94,+1.9,+19.7,EB	
1701373318.4316227	+6.61,+12.4,+21.2,NA	+6.33,+33.4,+21.3,KA	+6.64,+17.3,+21.2,IA	+6.95,+0.3,+19.7,OB	+2.27,+268.3,+20.5,FB	+6.94,+2.0,+19.7,OB	
1701373380.4376009	+6.61,+12.4,+21.2,NA	+6.33,+33.5,+21.3,JA	+6.64,+17.3,+21.3,HA	+6.95,+0.2,+19.7,NB	+2.27,+268.4,+20.5,AB	+6.94,+2.0,+19.7,OB	
1701373442.4458423	+6.61,+12.4,+21.2,NA	+6.33,+33.4,+21.3,KA	+6.64,+17.2,+21.2,HA	+6.95,+0.3,+19.7,OB	+2.28,+268.0,+20.5,JB	+6.94,+1.9,+19.7,EB	
1701373504.458695	+6.61,+12.4,+21.2,NA	+6.33,+33.5,+21.3,JA	+6.64,+17.2,+21.2,HA	+6.95,+0.3,+19.7,OB	+2.27,+268.2,+20.5,GB	+6.94,+1.9,+19.7,EB	
1701373566.4683113	+6.61,+12.4,+21.2,NA	+6.33,+33.5,+21.3,JA	+6.64,+17.2,+21.2,HA	+6.95,+0.3,+19.7,OB	+2.27,+268.5,+20.5,@B	+6.94,+1.9,+19.7,EB	
1701373628.4769235	+6.61,+12.4,+21.2,NA	+6.33,+33.5,+21.3,JA	+6.64,+17.3,+21.2,IA	+6.95,+0.3,+19.7,OB	+2.27,+268.3,+20.5,FB	+6.94,+2.0,+19.7,OB	
1701373690.4849887	+6.61,+12.5,+21.2,OA	+6.33,+33.4,+21.3,KA	+6.64,+17.3,+21.2,IA	+6.95,+0.3,+19.7,OB	+2.27,+268.7,+20.5,BB	+6.94,+1.9,+19.7,EB	
1701373752.4912827	+6.61,+12.4,+21.2,NA	+6.33,+33.4,+21.3,KA	+6.64,+17.3,+21.2,IA	+6.95,+0.2,+19.7,NB	+2.27,+268.6,+20.5,CB	+6.94,+1.9,+19.7,EB	
1701373814.500897	+6.61,+12.4,+21.2,NA	+6.33,+33.5,+21.3,JA	+6.64,+17.2,+21.2,HA	+6.95,+0.3,+19.7,OB	+2.29,+267.5,+20.5,AB	+6.94,+1.9,+19.7,EB	
1701373876.511109	+6.61,+12.4,+21.2,NA	+6.33,+33.4,+21.3,KA	+6.64,+17.3,+21.2,IA	+6.95,+0.2,+19.7,NB	+2.27,+268.7,+20.5,BB	+6.94,+1.9,+19.7,EB	
1701373938.5190425	+6.61,+12.4,+21.2,NA	+6.33,+33.4,+21.3,KA	+6.64,+17.2,+21.2,HA	+6.95,+0.2,+19.7,NB	+2.27,+268.7,+20.5,BB	+6.94,+2.0,+19.7,OB	
1701374184.0583699	+6.61,+12.4,+21.2,NA	+6.33,+33.5,+21.3,JA	+6.64,+17.3,+21.2,IA	+6.95,+0.2,+19.7,NB	+2.27,+268.5,+20.5,@B	+6.94,+2.0,+19.7,OB	
1701374246.0685177	+6.61,+12.5,+21.2,OA	+6.33,+33.4,+21.3,KA	+6.64,+17.3,+21.2,IA	+6.95,+0.2,+19.7,NB	+2.27,+268.6,+20.5,CB	+6.94,+2.0,+19.7,OB	
1701374308.0752487	+6.61,+12.5,+21.2,OA	+6.33,+33.4,+21.3,KA	+6.64,+17.3,+21.2,IA	+6.95,+0.2,+19.8,AB	+2.27,+268.7,+20.5,BB	+6.94,+2.0,+19.7,OB	
1701374370.0839596	+6.61,+12.5,+21.2,OA	+6.33,+33.4,+21.3,KA	+6.64,+17.3,+21.3,HA	+6.95,+0.3,+19.7,OB	+2.27,+268.7,+20.5,BB	+6.94,+2.0,+19.7,OB	
1701374432.0931146	+6.61,+12.5,+21.2,OA	+6.33,+33.4,+21.3,KA	+6.64,+17.2,+21.3,IA	+6.95,+0.2,+19.7,NB	+2.27,+268.7,+20.5,BB	+6.94,+1.9,+19.7,EB	
1701374494.1020665	+6.61,+12.5,+21.2,OA	+6.33,+33.5,+21.3,JA	+6.64,+17.3,+21.3,HA	+6.95,+0.2,+19.7,NB	+2.27,+268.7,+20.5,BB	+6.94,+2.0,+19.7,OB	
1701374556.1079454	+6.61,+12.5,+21.2,OA	+6.32,+33.6,+21.3,HA	+6.64,+17.3,+21.2,IA	+6.95,+0.3,+19.7,OB	+2.26,+268.9,+20.5,MB	+6.94,+1.9,+19.8,JB	
1701374618.116629	+6.61,+12.5,+21.2,OA	+6.33,+33.6,+21.3,IA	+6.64,+17.2,+21.3,IA	+6.95,+0.2,+19.7,NB	+2.26,+268.9,+20.5,MB	+6.94,+1.9,+19.7,EB	
1701374680.125746	+6.61,+12.5,+21.2,OA	+6.33,+33.5,+21.3,JA	+6.64,+17.3,+21.2,IA	+6.95,+0.3,+19.7,OB	+2.27,+268.7,+20.5,BB	+6.94,+2.0,+19.7,OB	
1701374742.134286	+6.61,+12.5,+21.2,OA	+6.33,+33.6,+21.3,IA	+6.64,+17.3,+21.3,HA	+6.95,+0.3,+19.7,OB	+2.26,+268.8,+20.5,LB	+6.94,+2.0,+19.7,OB	
1701374804.1422353	+6.61,+12.5,+21.2,OA	+6.33,+33.5,+21.3,JA	+6.64,+17.2,+21.2,HA	+6.95,+0.2,+19.7,NB	+2.26,+268.9,+20.5,MB	+6.94,+1.9,+19.7,EB	
1701374866.1509895	+6.61,+12.5,+21.2,OA	+6.33,+33.5,+21.3,JA	+6.64,+17.3,+21.2,IA	+6.95,+0.3,+19.7,OB	+2.26,+268.9,+20.5,MB	+6.94,+1.9,+19.7,EB	
1701374928.1596496	+6.61,+12.5,+21.2,OA	+6.33,+33.4,+21.3,KA	+6.64,+17.2,+21.2,HA	+6.95,+0.3,+19.7,OB	+2.27,+268.5,+20.5,@B	+6.94,+1.9,+19.7,EB	
1701374990.1674478	+6.61,+12.5,+21.2,OA	+6.33,+33.5,+21.3,JA	+6.64,+17.4,+21.2,NA	+6.95,+0.3,+19.7,OB	+2.26,+268.8,+20.5,LB	+6.94,+2.0,+19.7,OB	
1701375052.1766	+6.61,+12.5,+21.2,OA	+6.33,+33.5,+21.3,JA	+6.64,+17.2,+21.3,IA	+6.95,+0.2,+19.7,NB	+2.27,+268.6,+20.5,CB	+6.94,+2.0,+19.7,OB	
1701375114.1853137	+6.61,+12.5,+21.2,OA	+6.33,+33.4,+21.3,KA	+6.64,+17.3,+21.2,IA	+6.95,+0.2,+19.7,NB	+2.26,+269.0,+20.5,EB	+6.94,+1.9,+19.7,EB	
1701375176.1945393	+6.61,+12.5,+21.2,OA	+6.33,+33.5,+21.3,JA	+6.64,+17.2,+21.2,HA	+6.95,+0.2,+19.7,NB	+2.26,+268.9,+20.5,MB	+6.94,+1.9,+19.7,EB	
1701375238.204126	+6.61,+12.5,+21.2,OA	+6.33,+33.5,+21.3,JA	+6.64,+17.2,+21.2,HA	+6.95,+0.2,+19.7,NB	+2.27,+268.6,+20.5,CB	+6.94,+2.0,+19.7,OB	
1701375300.2094638	+6.61,+12.5,+21.2,OA	+6.33,+33.4,+21.3,KA	+6.64,+17.3,+21.3,HA	+6.95,+0.2,+19.7,NB	+2.26,+268.9,+20.5,MB	+6.94,+1.9,+19.7,EB	
1701375362.2174978	+6.60,+12.6,+21.2,MA	+6.33,+33.5,+21.3,JA	+6.64,+17.3,+21.3,HA	+6.95,+0.2,+19.7,NB	+2.26,+268.8,+20.5,LB	+6.94,+2.0,+19.7,OB	
1701375424.2243814	+6.61,+12.5,+21.2,OA	+6.33,+33.5,+21.3,JA	+6.64,+17.2,+21.2,HA	+6.95,+0.3,+19.7,OB	+2.26,+269.0,+20.5,EB	+6.94,+2.0,+19.7,OB	
1701375486.2340288	+6.61,+12.6,+21.2,LA	+6.33,+33.4,+21.3,KA	+6.64,+17.3,+21.3,HA	+6.95,+0.2,+19.7,NB	+2.26,+268.8,+20.5,LB	+6.94,+2.0,+19.7,OB	
1701375548.2400994	+6.61,+12.6,+21.2,LA	+6.33,+33.5,+21.3,JA	+6.64,+17.2,+21.3,IA	+6.95,+0.2,+19.8,AB	+2.26,+268.9,+20.5,MB	+6.94,+2.0,+19.7,OB	
1701375610.248965	+6.60,+12.6,+21.2,MA	+6.32,+33.6,+21.3,HA	+6.64,+17.2,+21.3,IA	+6.95,+0.2,+19.8,AB	+2.27,+268.2,+20.5,GB	+6.94,+2.0,+19.7,OB	
1701375672.25761	+6.61,+12.5,+21.2,OA	+6.32,+33.6,+21.3,HA	+6.64,+17.2,+21.3,IA	+6.95,+0.2,+19.8,AB	+2.27,+268.3,+20.5,FB	+6.93,+2.0,+19.7,HB	
1701375734.2676694	+6.61,+12.5,+21.2,OA	+6.32,+33.6,+21.3,HA	+6.64,+17.2,+21.3,IA	+6.95,+0.3,+19.7,OB	+2.28,+268.0,+20.5,JB	+6.94,+1.9,+19.7,EB	
1701375796.2774067	+6.60,+12.6,+21.3,LA	+6.32,+33.7,+21.3,IA	+6.64,+17.3,+21.3,HA	+6.95,+0.2,+19.7,NB	+2.28,+268.1,+20.5,KB	+6.94,+1.9,+19.7,EB	
1701375858.2810423	+6.61,+12.5,+21.2,OA	+6.33,+33.6,+21.3,IA	+6.64,+17.2,+21.2,HA	+6.95,+0.3,+19.7,OB	+2.28,+268.1,+20.5,KB	+6.94,+1.9,+19.7,EB	
1701375920.2904522	+6.61,+12.5,+21.2,OA	+6.32,+33.6,+21.3,HA	+6.64,+17.3,+21.2,IA	+6.95,+0.3,+19.7,OB	+2.28,+268.1,+20.5,KB	+6.94,+1.9,+19.7,EB	
1701375982.3004725	+6.61,+12.6,+21.2,LA	+6.32,+33.6,+21.3,HA	+6.64,+17.4,+21.3,OA	+6.95,+0.2,+19.7,NB	+2.28,+268.1,+20.5,KB	+6.94,+1.9,+19.7,EB	
1701376044.3095257	+6.60,+12.6,+21.2,MA	+6.33,+33.5,+21.3,JA	+6.64,+17.2,+21.2,HA	+6.95,+0.2,+19.7,NB	+2.28,+268.0,+20.5,JB	+6.94,+1.9,+19.7,EB	
1701376106.320648	+6.61,+12.5,+21.2,OA	+6.33,+33.5,+21.3,JA	+6.64,+17.2,+21.2,HA	+6.95,+0.3,+19.7,OB	+2.28,+268.0,+20.5,JB	+6.94,+1.9,+19.7,EB	
1701376168.3295019	+6.60,+12.6,+21.2,MA	+6.33,+33.5,+21.3,JA	+6.64,+17.2,+21.2,HA	+6.95,+0.2,+19.7,NB	+2.28,+267.9,+20.5,LB	+6.94,+2.0,+19.7,OB	
1701376230.3400156	+6.60,+12.6,+21.2,MA	+6.33,+33.5,+21.3,JA	+6.64,+17.2,+21.2,HA	+6.95,+0.3,+19.7,OB	+2.28,+268.1,+20.5,KB	+6.94,+1.9,+19.7,EB	
1701376292.3497603	+6.60,+12.6,+21.2,MA	+6.33,+33.5,+21.2,KA	+6.64,+17.3,+21.2,IA	+6.95,+0.2,+19.7,NB	+2.28,+268.0,+20.5,JB	+6.94,+1.9,+19.7,EB	
1701376354.359492	+6.60,+12.6,+21.2,MA	+6.33,+33.5,+21.3,JA	+6.64,+17.2,+21.2,HA	+6.95,+0.2,+19.7,NB	+2.28,+268.1,+20.5,KB	+6.94,+2.0,+19.7,OB	
1701376416.3687668	+6.60,+12.6,+21.2,MA	+6.33,+33.5,+21.2,KA	+6.64,+17.3,+21.2,IA	+6.95,+0.2,+19.7,NB	+2.28,+268.0,+20.5,JB	+6.94,+2.0,+19.7,OB	
1701376478.3786016	+6.61,+12.5,+21.2,OA	+6.33,+33.6,+21.3,IA	+6.64,+17.3,+21.2,IA	+6.95,+0.3,+19.7,OB	+2.27,+268.3,+20.5,FB	+6.94,+2.0,+19.7,OB	
1701376540.3878276	+6.60,+12.6,+21.2,MA	+6.32,+33.7,+21.3,IA	+6.64,+17.3,+21.2,IA	+6.95,+0.2,+19.7,NB	+2.28,+268.1,+20.5,KB	+6.94,+2.0,+19.7,OB	
1701376602.3957891	+6.61,+12.3,+21.2,IA	+6.32,+33.7,+21.3,IA	+6.64,+17.2,+21.2,HA	+6.95,+0.2,+19.7,NB	+2.27,+268.2,+20.5,GB	+6.94,+2.0,+19.7,OB	
1701376664.4060268	+6.61,+12.3,+21.2,IA	+6.32,+33.6,+21.3,HA	+6.64,+17.2,+21.2,HA	+6.95,+0.2,+19.7,NB	+2.28,+267.9,+20.5,LB	+6.94,+2.0,+19.7,OB	
1701376726.4105937	+6.61,+12.4,+21.2,NA	+6.32,+33.7,+21.3,IA	+6.64,+17.2,+21.2,HA	+6.95,+0.2,+19.7,NB	+2.27,+268.2,+20.5,GB	+6.94,+2.0,+19.7,OB	
1701376788.4207304	+6.61,+12.4,+21.2,NA	+6.32,+33.7,+21.3,IA	+6.64,+17.2,+21.2,HA	+6.95,+0.2,+19.7,NB	+2.27,+268.3,+20.5,FB	+6.94,+2.0,+19.7,OB	
1701376850.4299583	+6.61,+12.3,+21.2,IA	+6.32,+33.6,+21.2,IA	+6.64,+17.3,+21.2,IA	+6.95,+0.2,+19.7,NB	+2.28,+268.0,+20.5,JB	+6.94,+2.0,+19.7,OB	
1701376912.4391708	+6.61,+12.4,+21.2,NA	+6.32,+33.7,+21.2,HA	+6.64,+17.3,+21.2,IA	+6.95,+0.2,+19.7,NB	+2.28,+268.0,+20.5,JB	+6.94,+2.0,+19.6,NB	
1701376974.4488366	+6.61,+12.3,+21.2,IA	+6.33,+33.5,+21.2,KA	+6.64,+17.2,+21.2,HA	+6.95,+0.2,+19.7,NB	+2.28,+268.0,+20.5,JB	+6.94,+2.0,+19.6,NB	
1701377036.4583044	+6.61,+12.4,+21.2,NA	+6.33,+33.5,+21.2,KA	+6.64,+17.2,+21.2,HA	+6.95,+0.2,+19.7,NB	+2.27,+268.3,+20.5,FB	+6.94,+1.9,+19.6,DB	
1701377098.468479	+6.61,+12.4,+21.2,NA	+6.32,+33.6,+21.2,IA	+6.64,+17.3,+21.2,IA	+6.95,+0.2,+19.6,OB	+2.28,+267.6,+20.5,CB	+6.94,+2.0,+19.6,NB	
1701377160.473834	+6.61,+12.4,+21.1,MA	+6.33,+33.5,+21.2,KA	+6.64,+17.3,+21.2,IA	+6.95,+0.2,+19.7,NB	+2.28,+267.9,+20.5,LB	+6.94,+2.0,+19.6,NB	
1701377222.4803343	+6.61,+12.4,+21.2,NA	+6.33,+33.5,+21.2,KA	+6.64,+17.2,+21.2,HA	+6.95,+0.2,+19.7,NB	+2.28,+267.9,+20.5,LB	+6.94,+2.0,+19.6,NB	
1701377284.488325	+6.61,+12.4,+21.2,NA	+6.33,+33.5,+21.2,KA	+6.64,+17.2,+21.2,HA	+6.95,+0.2,+19.7,NB	+2.28,+267.9,+20.5,LB	+6.94,+2.0,+19.6,NB	
1701377346.4979231	+6.61,+12.4,+21.2,NA	+6.33,+33.5,+21.2,KA	+6.64,+17.2,+21.2,HA	+6.95,+0.2,+19.7,NB	+2.28,+268.0,+20.5,JB	+6.94,+1.9,+19.6,DB	
1701377408.5076485	+6.61,+12.4,+21.2,NA	+6.33,+33.5,+21.2,KA	+6.64,+17.2,+21.2,HA	+6.95,+0.2,+19.7,NB	+2.28,+267.6,+20.5,CB	+6.94,+2.0,+19.6,NB	
1701377470.5155687	+6.61,+12.4,+21.1,MA	+6.33,+33.6,+21.3,IA	+6.64,+17.2,+21.2,HA	+6.95,+0.3,+19.7,OB	+2.27,+268.4,+20.5,AB	+6.94,+1.9,+19.6,DB	
1701377532.5256925	+6.61,+12.4,+21.2,NA	+6.33,+33.5,+21.2,KA	+6.64,+17.2,+21.2,HA	+6.95,+0.2,+19.7,NB	+2.27,+268.4,+20.5,AB	+6.94,+2.0,+19.7,OB	
1701377594.5328896	+6.61,+12.4,+21.2,NA	+6.33,+33.6,+21.2,HA	+6.64,+17.2,+21.2,HA	+6.95,+0.2,+19.7,NB	+2.29,+267.2,+20.5,FB	+6.94,+2.0,+19.6,NB	
1701377656.5418973	+6.61,+12.4,+21.2,NA	+6.33,+33.5,+21.2,KA	+6.64,+17.2,+21.2,HA	+6.95,+0.1,+19.7,MB	+2.27,+268.1,+20.5,DB	+6.94,+2.0,+19.6,NB	
1701377718.5522027	+6.61,+12.4,+21.2,NA	+6.32,+33.6,+21.3,HA	+6.64,+17.3,+21.2,IA	+6.95,+0.2,+19.7,NB	+2.27,+268.1,+20.5,DB	+6.93,+2.0,+19.6,IB	
1701377780.5627582	+6.61,+12.4,+21.2,NA	+6.32,+33.7,+21.2,HA	+6.64,+17.3,+21.2,IA	+6.95,+0.3,+19.7,OB	+2.28,+267.9,+20.5,LB	+6.94,+2.0,+19.6,NB	
1701378026.1859925	+6.61,+12.4,+21.1,MA	+6.33,+33.5,+21.2,KA	+6.64,+17.3,+21.2,IA	+6.95,+0.2,+19.6,OB	+2.28,+267.8,+20.5,MB	+6.94,+2.0,+19.6,NB	
1701378088.1941185	+6.61,+12.4,+21.2,NA	+6.33,+33.5,+21.2,KA	+6.64,+17.2,+21.2,HA	+6.95,+0.2,+19.7,NB	+2.28,+268.1,+20.5,KB	+6.94,+2.0,+19.6,NB	
1701378150.2031658	+6.61,+12.4,+21.1,MA	+6.33,+33.5,+21.2,KA	+6.64,+17.3,+21.2,IA	+6.95,+0.2,+19.6,OB	+2.28,+268.1,+20.5,KB	+6.94,+2.0,+19.6,NB	
1701378212.2131326	+6.61,+12.5,+21.1,LA	+6.33,+33.5,+21.2,KA	+6.64,+17.2,+21.2,HA	+6.95,+0.2,+19.7,NB	+2.28,+268.1,+20.5,KB	+6.94,+2.0,+19.6,NB	
1701378274.2236493	+6.61,+12.5,+21.1,LA	+6.33,+33.5,+21.2,KA	+6.64,+17.2,+21.2,HA	+6.95,+0.2,+19.7,NB	+2.27,+268.2,+20.4,FB	+6.93,+2.0,+19.6,IB	
1701378336.2319274	+6.61,+12.5,+21.2,OA	+6.33,+33.4,+21.2,JA	+6.64,+17.2,+21.2,HA	+6.95,+0.2,+19.7,NB	+2.27,+268.2,+20.5,GB	+6.93,+2.0,+19.6,IB	
1701378398.2398696	+6.61,+12.5,+21.2,OA	+6.33,+33.3,+21.2,MA	+6.64,+17.2,+21.2,HA	+6.95,+0.2,+19.7,NB	+2.27,+268.3,+20.5,FB	+6.94,+2.0,+19.6,NB	
1701378460.24918	+6.61,+12.5,+21.2,OA	+6.33,+33.3,+21.2,MA	+6.64,+17.2,+21.2,HA	+6.95,+0.2,+19.6,OB	+2.28,+268.0,+20.5,JB	+6.94,+1.9,+19.6,DB	
1701378522.2592218	+6.61,+12.5,+21.2,OA	+6.33,+33.4,+21.2,JA	+6.64,+17.2,+21.2,HA	+6.95,+0.2,+19.7,NB	+2.27,+268.2,+20.5,GB	+6.94,+2.0,+19.6,NB	
1701378584.2682626	+6.61,+12.4,+21.1,MA	+6.33,+33.4,+21.2,JA	+6.64,+17.2,+21.2,HA	+6.95,+0.2,+19.7,NB	+2.27,+268.2,+20.5,GB	+6.94,+2.0,+19.6,NB	
1701378646.275031	+6.61,+12.5,+21.2,OA	+6.33,+33.4,+21.2,JA	+6.64,+17.2,+21.2,HA	+6.95,+0.2,+19.7,NB	+2.28,+267.8,+20.4,LB	+6.94,+2.0,+19.6,NB	
1701378708.2836654	+6.61,+12.4,+21.2,NA	+6.33,+33.3,+21.2,MA	+6.64,+17.2,+21.2,HA	+6.95,+0.2,+19.7,NB	+2.28,+267.7,+20.5,BB	+6.94,+1.9,+19.7,EB	
1701378770.2927155	+6.61,+12.5,+21.2,OA	+6.33,+33.3,+21.2,MA	+6.64,+17.2,+21.2,HA	+6.95,+0.2,+19.7,NB	+2.28,+267.9,+20.5,LB	+6.94,+2.0,+19.6,NB	
1701378832.3029141	+6.61,+12.5,+21.1,LA	+6.33,+33.5,+21.2,KA	+6.64,+17.2,+21.2,HA	+6.95,+0.2,+19.7,NB	+2.28,+268.0,+20.5,JB	+6.94,+2.0,+19.6,NB	
1701378894.310727	+6.61,+12.5,+21.2,OA	+6.33,+33.3,+21.2,MA	+6.64,+17.2,+21.2,HA	+6.95,+0.2,+19.7,NB	+2.27,+268.2,+20.5,GB	+6.94,+2.0,+19.7,OB	
1701378956.3208232	+6.61,+12.5,+21.2,OA	+6.33,+33.5,+21.2,KA	+6.64,+17.2,+21.2,HA	+6.95,+0.2,+19.7,NB	+2.27,+268.3,+20.5,FB	+6.94,+2.0,+19.6,NB	
1701379018.329851	+6.61,+12.5,+21.2,OA	+6.33,+33.5,+21.2,KA	+6.64,+17.2,+21.2,HA	+6.95,+0.2,+19.7,NB	+2.27,+268.3,+20.5,FB	+6.93,+2.0,+19.6,IB	
1701379080.3355694	+6.61,+12.5,+21.2,OA	+6.33,+33.5,+21.2,KA	+6.64,+17.2,+21.2,HA	+6.95,+0.3,+19.7,OB	+2.27,+268.3,+20.5,FB	+6.94,+2.0,+19.6,NB	
1701379142.341231	+6.61,+12.5,+21.1,LA	+6.33,+33.4,+21.2,JA	+6.64,+17.1,+21.2,KA	+6.95,+0.1,+19.7,MB	+2.27,+268.3,+20.5,FB	+6.94,+2.0,+19.6,NB	
1701379204.3482335	+6.61,+12.5,+21.1,LA	+6.33,+33.3,+21.2,MA	+6.64,+17.3,+21.2,IA	+6.95,+0.2,+19.6,OB	+2.28,+267.8,+20.5,MB	+6.94,+2.0,+19.6,NB	
1701379266.3562446	+6.61,+12.5,+21.1,LA	+6.33,+33.3,+21.2,MA	+6.64,+17.3,+21.1,JA	+6.95,+0.2,+19.7,NB	+2.27,+268.3,+20.5,FB	+6.93,+2.0,+19.6,IB	
1701379328.3648021	+6.61,+12.5,+21.2,OA	+6.33,+33.4,+21.2,JA	+6.64,+17.2,+21.2,HA	+6.95,+0.2,+19.6,OB	+2.28,+267.8,+20.5,MB	+6.93,+2.0,+19.6,IB	
1701379390.3727536	+6.61,+12.5,+21.1,LA	+6.33,+33.3,+21.2,MA	+6.64,+17.2,+21.2,HA	+6.95,+0.2,+19.6,OB	+2.27,+268.3,+20.5,FB	+6.94,+1.9,+19.6,DB	
1701379452.383573	+6.61,+12.5,+21.1,LA	+6.33,+33.3,+21.2,MA	+6.64,+17.3,+21.1,JA	+6.95,+0.2,+19.7,NB	+2.28,+267.6,+20.5,CB	+6.93,+2.0,+19.6,IB	
1701379514.3927636	+6.60,+12.6,+21.1,NA	+6.33,+33.2,+21.2,LA	+6.64,+17.2,+21.2,HA	+6.95,+0.2,+19.6,OB	+2.27,+268.2,+20.5,GB	+6.94,+2.0,+19.6,NB	
1701379576.4006226	+6.61,+12.5,+21.1,LA	+6.33,+33.4,+21.2,JA	+6.64,+17.2,+21.2,HA	+6.95,+0.2,+19.7,NB	+2.28,+268.0,+20.5,JB	+6.93,+2.0,+19.6,IB	
1701379638.4070845	+6.61,+12.5,+21.1,LA	+6.33,+33.2,+21.2,LA	+6.64,+17.1,+21.2,KA	+6.95,+0.2,+19.7,NB	+2.28,+267.9,+20.4,MB	+6.94,+1.9,+19.6,DB	
1701379700.4157298	+6.61,+12.5,+21.1,LA	+6.33,+33.3,+21.2,MA	+6.64,+17.3,+21.2,IA	+6.95,+0.2,+19.7,NB	+2.28,+267.9,+20.5,LB	+6.93,+2.0,+19.6,IB	
1701379762.422906	+6.61,+12.5,+21.1,LA	+6.33,+33.2,+21.2,LA	+6.64,+17.2,+21.2,HA	+6.95,+0.2,+19.7,NB	+2.28,+268.0,+20.4,KB	+6.93,+2.0,+19.6,IB	
1701379824.4319599	+6.61,+12.5,+21.2,OA	+6.33,+33.3,+21.2,MA	+6.64,+17.2,+21.2,HA	+6.95,+0.2,+19.7,NB	+2.28,+267.9,+20.5,LB	+6.94,+1.9,+19.6,DB	
1701379886.4417078	+6.61,+12.5,+21.1,LA	+6.33,+33.3,+21.2,MA	+6.64,+17.2,+21.2,HA	+6.95,+0.2,+19.7,NB	+2.28,+267.7,+20.5,BB	+6.94,+2.0,+19.6,NB	
1701379948.4489868	+6.61,+12.5,+21.2,OA	+6.33,+33.3,+21.2,MA	+6.64,+17.2,+21.2,HA	+6.95,+0.2,+19.6,OB	+2.28,+267.6,+20.4,BB	+6.94,+1.9,+19.6,DB	
1701380010.4588735	+6.61,+12.5,+21.1,LA	+6.33,+33.4,+21.2,JA	+6.64,+17.1,+21.2,KA	+6.95,+0.2,+19.7,NB	+2.28,+268.0,+20.5,JB	+6.93,+2.0,+19.6,IB	
1701380072.464715	+6.61,+12.2,+21.2,HA	+6.33,+33.3,+21.2,MA	+6.64,+17.3,+21.2,IA	+6.95,+0.2,+19.6,OB	+2.27,+268.3,+20.5,FB	+6.94,+2.0,+19.6,NB	
1701380134.4723375	+6.61,+12.3,+21.1,JA	+6.33,+33.3,+21.2,MA	+6.64,+17.2,+21.1,KA	+6.95,+0.1,+19.7,MB	+2.27,+268.3,+20.5,FB	+6.94,+2.0,+19.6,NB	
1701380196.4819107	+6.61,+12.3,+21.1,JA	+6.33,+33.3,+21.2,MA	+6.64,+17.2,+21.2,HA	+6.95,+0.2,+19.6,OB	+2.27,+268.2,+20.5,GB	+6.94,+2.0,+19.6,NB	
1701380258.48965	+6.61,+12.3,+21.1,JA	+6.33,+33.3,+21.2,MA	+6.64,+17.3,+21.2,IA	+6.95,+0.2,+19.6,OB	+2.28,+268.1,+20.5,KB	+6.93,+2.0,+19.6,IB	
1701380320.4997945	+6.61,+12.4,+21.1,MA	+6.33,+33.2,+21.2,LA	+6.64,+17.2,+21.1,KA	+6.95,+0.2,+19.7,NB	+2.27,+268.2,+20.5,GB	+6.94,+2.0,+19.6,NB	
1701380382.5077515	+6.61,+12.3,+21.1,JA	+6.33,+33.3,+21.2,MA	+6.64,+17.1,+21.1,HA	+6.95,+0.2,+19.6,OB	+2.27,+268.3,+20.4,GB	+6.94,+1.9,+19.6,DB	
1701380444.52079	+6.61,+12.3,+21.1,JA	+6.33,+33.2,+21.2,LA	+6.64,+17.2,+21.2,HA	+6.95,+0.2,+19.6,OB	+2.28,+267.9,+20.5,LB	+6.93,+2.0,+19.6,IB	
1701380506.5306118	+6.61,+12.4,+21.1,MA	+6.33,+33.2,+21.2,LA	+6.64,+17.2,+21.2,HA	+6.95,+0.2,+19.6,OB	+2.27,+268.3,+20.4,GB	+6.94,+2.0,+19.6,NB	
1701380568.5400639	+6.61,+12.4,+21.1,MA	+6.33,+33.1,+21.2,OA	+6.64,+17.3,+21.2,IA	+6.95,+0.2,+19.6,OB	+2.30,+266.9,+20.4,EB	+6.94,+2.0,+19.6,NB	
1701380630.5504053	+6.61,+12.3,+21.1,JA	+6.33,+33.2,+21.2,LA	+6.64,+17.1,+21.2,KA	+6.95,+0.2,+19.6,OB	+2.28,+267.9,+20.4,MB	+6.93,+2.0,+19.6,IB	
1701380692.5595298	+6.61,+12.3,+21.1,JA	+6.33,+33.2,+21.2,LA	+6.64,+17.1,+21.2,KA	+6.95,+0.1,+19.6,LB	+2.28,+268.1,+20.5,KB	+6.94,+2.0,+19.6,NB	
1701380754.570549	+6.61,+12.3,+21.1,JA	+6.33,+33.2,+21.2,LA	+6.64,+17.1,+21.2,KA	+6.95,+0.1,+19.6,LB	+2.28,+267.9,+20.5,LB	+6.94,+2.0,+19.6,NB	
1701380816.5785944	+6.61,+12.4,+21.1,MA	+6.33,+33.1,+21.2,OA	+6.64,+17.2,+21.2,HA	+6.95,+0.2,+19.7,NB	+2.28,+268.1,+20.5,KB	+6.93,+2.0,+19.6,IB	
1701380878.5910313	+6.61,+12.3,+21.1,JA	+6.33,+33.1,+21.2,OA	+6.64,+17.2,+21.2,HA	+6.95,+0.2,+19.6,OB	+2.28,+268.0,+20.5,JB	+6.94,+1.9,+19.6,DB	
1701380940.5989888	+6.61,+12.3,+21.1,JA	+6.33,+33.2,+21.2,LA	+6.64,+17.1,+21.2,KA	+6.95,+0.1,+19.6,LB	+2.28,+268.1,+20.4,JB	+6.93,+2.0,+19.6,IB	
1701381002.606343	+6.61,+12.4,+21.2,NA	+6.33,+33.4,+21.2,JA	+6.64,+17.2,+21.2,HA	+6.95,+0.2,+19.6,OB	+2.28,+267.9,+20.5,LB	+6.93,+2.0,+19.6,IB	
1701381064.6183655	+6.61,+12.4,+21.1,MA	+6.33,+33.5,+21.2,KA	+6.64,+17.2,+21.2,HA	+6.95,+0.1,+19.6,LB	+2.30,+266.9,+20.4,EB	+6.94,+2.0,+19.6,NB	
1701381126.6276715	+6.61,+12.4,+21.1,MA	+6.33,+33.4,+21.2,JA	+6.64,+17.1,+21.1,HA	+6.95,+0.2,+19.6,OB	+2.27,+268.3,+20.5,FB	+6.94,+2.0,+19.6,NB	
1701381188.6387522	+6.61,+12.4,+21.1,MA	+6.33,+33.3,+21.2,MA	+6.64,+17.2,+21.1,KA	+6.95,+0.2,+19.6,OB	+2.27,+268.3,+20.4,GB	+6.94,+1.9,+19.6,DB	
1701381250.6473367	+6.61,+12.3,+21.1,JA	+6.33,+33.3,+21.2,MA	+6.64,+17.2,+21.1,KA	+6.95,+0.2,+19.7,NB	+2.27,+268.3,+20.5,FB	+6.93,+2.0,+19.6,IB	
1701381312.6572564	+6.61,+12.4,+21.1,MA	+6.33,+33.2,+21.2,LA	+6.64,+17.2,+21.1,KA	+6.95,+0.2,+19.6,OB	+2.28,+267.8,+20.4,LB	+6.94,+2.0,+19.6,NB	
1701381374.6673298	+6.61,+12.4,+21.1,MA	+6.33,+33.2,+21.2,LA	+6.64,+17.3,+21.1,JA	+6.95,+0.2,+19.6,OB	+2.28,+267.7,+20.5,BB	+6.93,+2.0,+19.6,IB	
1701381436.6760094	+6.61,+12.4,+21.1,MA	+6.33,+33.2,+21.2,LA	+6.64,+17.2,+21.1,KA	+6.95,+0.2,+19.6,OB	+2.28,+268.0,+20.4,KB	+6.93,+2.0,+19.6,IB	
1701381498.6853921	+6.61,+12.4,+21.1,MA	+6.33,+33.2,+21.2,LA	+6.64,+17.2,+21.1,KA	+6.95,+0.1,+19.6,LB	+2.28,+267.9,+20.4,MB	+6.94,+2.0,+19.6,NB	
1701381560.693537	+6.61,+12.4,+21.1,MA	+6.33,+33.2,+21.2,LA	+6.64,+17.1,+21.2,KA	+6.95,+0.1,+19.6,LB	+2.30,+266.9,+20.5,DB	+6.94,+1.9,+19.6,DB	
1701381622.7022235	+6.61,+12.4,+21.1,MA	+6.33,+33.1,+21.2,OA	+6.64,+17.2,+21.2,HA	+6.95,+0.1,+19.6,LB	+2.28,+268.0,+20.4,KB	+6.94,+2.0,+19.6,NB	
1701381868.2645233	+6.61,+12.4,+21.1,MA	+6.33,+33.2,+21.2,LA	+6.64,+17.1,+21.2,KA	+6.95,+0.1,+19.6,LB	+2.28,+267.7,+20.4,CB	+6.94,+2.0,+19.6,NB	
1701381930.2750406	+6.61,+12.4,+21.1,MA	+6.33,+33.1,+21.2,OA	+6.64,+17.1,+21.1,HA	+6.95,+0.1,+19.6,LB	+2.28,+268.1,+20.4,JB	+6.94,+2.0,+19.6,NB	
1701381992.283698	+6.61,+12.4,+21.1,MA	+6.33,+33.1,+21.2,OA	+6.64,+17.1,+21.1,HA	+6.95,+0.2,+19.7,NB	+2.28,+268.1,+20.4,JB	+6.93,+2.0,+19.6,IB	
1701382054.2920473	+6.61,+12.4,+21.1,MA	+6.33,+33.2,+21.2,LA	+6.64,+17.2,+21.2,HA	+6.95,+0.1,+19.6,LB	+2.27,+268.4,+20.4,@B	+6.93,+2.0,+19.6,IB	
1701382116.3020904	+6.61,+12.4,+21.1,MA	+6.33,+33.3,+21.2,MA	+6.64,+17.2,+21.1,KA	+6.95,+0.1,+19.6,LB	+2.27,+268.2,+20.4,FB	+6.94,+2.0,+19.6,NB	
1701382178.3105211	+6.61,+12.4,+21.1,MA	+6.33,+33.3,+21.2,MA	+6.64,+17.1,+21.1,HA	+6.95,+0.1,+19.6,LB	+2.27,+268.5,+20.4,AB	+6.94,+2.0,+19.6,NB	
1701382240.3192372	+6.61,+12.4,+21.1,MA	+6.33,+33.3,+21.2,MA	+6.64,+17.2,+21.1,KA	+6.95,+0.1,+19.6,LB	+2.27,+268.4,+20.5,AB	+6.93,+2.0,+19.6,IB	
1701382302.3273168	+6.61,+12.4,+21.1,MA	+6.33,+33.3,+21.2,MA	+6.64,+17.1,+21.2,KA	+6.95,+0.1,+19.6,LB	+2.27,+268.6,+20.4,BB	+6.93,+2.0,+19.6,IB	
1701382364.3338597	+6.61,+12.5,+21.1,LA	+6.33,+33.2,+21.2,LA	+6.64,+17.2,+21.1,KA	+6.95,+0.1,+19.6,LB	+2.27,+268.3,+20.4,GB	+6.93,+2.0,+19.6,IB	
1701382426.3432627	+6.61,+12.5,+21.1,LA	+6.33,+33.2,+21.2,LA	+6.64,+17.2,+21.1,KA	+6.95,+0.2,+19.6,OB	+2.27,+268.5,+20.4,AB	+6.93,+2.0,+19.6,IB	
1701382488.351292	+6.61,+12.4,+21.1,MA	+6.33,+33.2,+21.2,LA	+6.64,+17.2,+21.1,KA	+6.95,+0.2,+19.6,OB	+2.27,+268.6,+20.4,BB	+6.94,+2.0,+19.6,NB	
1701382550.359176	+6.61,+12.5,+21.1,LA	+6.33,+33.2,+21.2,LA	+6.64,+17.3,+21.1,JA	+6.95,+0.1,+19.6,LB	+2.27,+268.4,+20.4,@B	+6.93,+2.0,+19.6,IB	
1701382612.3683617	+6.61,+12.4,+21.1,MA	+6.33,+33.1,+21.2,OA	+6.64,+17.2,+21.1,KA	+6.95,+0.2,+19.6,OB	+2.27,+268.7,+20.4,CB	+6.93,+2.0,+19.6,IB	
1701382674.3782077	+6.61,+12.5,+21.1,LA	+6.33,+33.2,+21.2,LA	+6.64,+17.1,+21.1,HA	+6.95,+0.2,+19.6,OB	+2.26,+268.8,+20.4,MB	+6.93,+2.0,+19.6,IB	
1701382736.3880503	+6.61,+12.4,+21.1,MA	+6.33,+33.2,+21.2,LA	+6.64,+17.2,+21.1,KA	+6.95,+0.1,+19.6,LB	+2.26,+268.8,+20.4,MB	+6.94,+2.0,+19.6,NB	
1701382798.397577	+6.61,+12.4,+21.1,MA	+6.33,+33.1,+21.2,OA	+6.64,+17.2,+21.2,HA	+6.95,+0.2,+19.6,OB	+2.27,+268.7,+20.4,CB	+6.93,+2.0,+19.6,IB	
1701382860.406244	+6.61,+12.4,+21.1,MA	+6.33,+33.2,+21.2,LA	+6.64,+17.2,+21.1,KA	+6.95,+0.1,+19.6,LB	+2.27,+268.6,+20.4,BB	+6.94,+2.0,+19.6,NB	
1701382922.4127219	+6.61,+12.5,+21.1,LA	+6.33,+33.2,+21.2,LA	+6.64,+17.1,+21.1,HA	+6.95,+0.1,+19.6,LB	+2.26,+268.8,+20.4,MB	+6.93,+2.0,+19.6,IB	
1701382984.4208922	+6.61,+12.4,+21.1,MA	+6.33,+33.2,+21.2,LA	+6.64,+17.1,+21.1,HA	+6.95,+0.1,+19.6,LB	+2.26,+268.8,+20.4,MB	+6.93,+2.1,+19.6,HB	
1701383046.4293666	+6.61,+12.4,+21.1,MA	+6.33,+33.1,+21.2,OA	+6.64,+17.1,+21.2,KA	+6.95,+0.1,+19.6,LB	+2.26,+268.8,+20.4,MB	+6.93,+2.0,+19.6,IB	
1701383108.4388857	+6.61,+12.4,+21.1,MA	+6.33,+33.2,+21.2,LA	+6.64,+17.1,+21.1,HA	+6.95,+0.1,+19.6,LB	+2.26,+268.7,+20.4,BB	+6.93,+2.0,+19.6,IB	
1701383170.4451904	+6.61,+12.5,+21.1,LA	+6.33,+33.3,+21.2,MA	+6.64,+17.1,+21.2,KA	+6.95,+0.1,+19.6,LB	+2.26,+269.0,+20.4,DB	+6.94,+2.0,+19.6,NB	
1701383232.453832	+6.61,+12.5,+21.1,LA	+6.33,+33.4,+21.2,JA	+6.64,+17.2,+21.2,HA	+6.95,+0.1,+19.6,LB	+2.26,+269.1,+20.4,EB	+6.94,+2.0,+19.6,NB	
1701383294.46252	+6.61,+12.5,+21.1,LA	+6.33,+33.2,+21.2,LA	+6.64,+17.2,+21.2,HA	+6.95,+0.2,+19.6,OB	+2.26,+269.1,+20.4,EB	+6.94,+2.0,+19.6,NB	
1701383356.4714725	+6.61,+12.5,+21.1,LA	+6.33,+33.3,+21.2,MA	+6.64,+17.1,+21.2,KA	+6.95,+0.2,+19.6,OB	+2.26,+269.2,+20.4,FB	+6.93,+2.0,+19.6,IB	
1701383418.478387	+6.61,+12.5,+21.1,LA	+6.33,+33.3,+21.2,MA	+6.64,+17.2,+21.1,KA	+6.95,+0.1,+19.6,LB	+2.26,+268.7,+20.4,BB	+6.93,+2.0,+19.6,IB	
1701383480.4878476	+6.61,+12.5,+21.1,LA	+6.33,+33.3,+21.2,MA	+6.64,+17.2,+21.1,KA	+6.95,+0.1,+19.6,LB	+2.26,+269.1,+20.4,EB	+6.94,+2.0,+19.6,NB	
1701383542.4972892	+6.61,+12.4,+21.1,MA	+6.33,+33.3,+21.2,MA	+6.64,+17.2,+21.1,KA	+6.95,+0.2,+19.6,OB	+2.26,+269.0,+20.4,DB	+6.93,+2.1,+19.6,HB	
1701383604.5033295	+6.61,+12.2,+21.1,KA	+6.33,+33.2,+21.2,LA	+6.64,+17.2,+21.1,KA	+6.95,+0.1,+19.6,LB	+2.26,+269.0,+20.4,DB	+6.93,+2.0,+19.6,IB	
1701383666.5091245	+6.61,+12.3,+21.1,JA	+6.33,+33.3,+21.2,MA	+6.64,+17.2,+21.1,KA	+6.95,+0.1,+19.6,LB	+2.25,+269.3,+20.4,DB	+6.93,+2.1,+19.6,HB	
1701383728.5149972	+6.61,+12.2,+21.1,KA	+6.33,+33.3,+21.2,MA	+6.64,+17.1,+21.1,HA	+6.95,+0.1,+19.6,LB	+2.26,+269.1,+20.4,EB	+6.93,+2.0,+19.6,IB	
1701383790.5247161	+6.61,+12.3,+21.1,JA	+6.33,+33.2,+21.2,LA	+6.64,+17.1,+21.1,HA	+6.95,+0.2,+19.6,OB	+2.25,+269.4,+20.4,CB	+6.93,+2.0,+19.6,IB	
1701383852.5335152	+6.61,+12.3,+21.1,JA	+6.33,+33.2,+21.2,LA	+6.64,+17.2,+21.1,KA	+6.95,+0.1,+19.6,LB	+2.25,+269.4,+20.4,CB	+6.94,+2.0,+19.6,NB	
1701383914.5413086	+6.61,+12.3,+21.1,JA	+6.33,+33.1,+21.2,OA	+6.64,+17.2,+21.1,KA	+6.95,+0.1,+19.6,LB	+2.26,+269.2,+20.4,FB	+6.94,+2.0,+19.6,NB	
1701383976.550001	+6.61,+12.3,+21.1,JA	+6.33,+33.3,+21.2,MA	+6.64,+17.1,+21.1,HA	+6.95,+0.1,+19.6,LB	+2.26,+268.9,+20.5,MB	+6.93,+2.0,+19.6,IB	
1701384038.5604606	+6.61,+12.2,+21.1,KA	+6.33,+33.2,+21.2,LA	+6.64,+17.2,+21.1,KA	+6.95,+0.2,+19.6,OB	+2.25,+269.5,+20.4,BB	+6.93,+2.0,+19.6,IB	
1701384100.5700889	+6.61,+12.3,+21.1,JA	+6.33,+33.2,+21.2,LA	+6.64,+17.1,+21.2,KA	+6.95,+0.2,+19.6,OB	+2.25,+269.3,+20.4,DB	+6.94,+2.0,+19.6,NB	
1701384162.5790982	+6.61,+12.2,+21.1,KA	+6.33,+33.2,+21.2,LA	+6.64,+17.2,+21.2,HA	+6.95,+0.2,+19.6,OB	+2.25,+269.4,+20.4,CB	+6.93,+2.0,+19.6,IB	
1701384224.5888157	+6.61,+12.3,+21.1,JA	+6.33,+33.2,+21.2,LA	+6.64,+17.1,+21.1,HA	+6.95,+0.1,+19.6,LB	+2.25,+269.4,+20.4,CB	+6.93,+2.0,+19.6,IB	
1701384286.5988054	+6.61,+12.3,+21.1,JA	+6.33,+33.2,+21.2,LA	+6.64,+17.1,+21.2,KA	+6.95,+0.2,+19.6,OB	+2.25,+269.6,+20.4,AB	+6.93,+2.1,+19.6,HB	
1701384348.6062799	+6.61,+12.2,+21.1,KA	+6.33,+33.3,+21.2,MA	+6.64,+17.1,+21.2,KA	+6.95,+0.2,+19.6,OB	+2.25,+269.6,+20.4,AB	+6.94,+2.0,+19.6,NB	
1701384410.6147215	+6.61,+12.3,+21.1,JA	+6.33,+33.4,+21.2,JA	+6.64,+17.1,+21.1,HA	+6.95,+0.2,+19.6,OB	+2.25,+269.8,+20.5,NB	+6.94,+2.0,+19.6,NB	
1701384472.6250248	+6.61,+12.3,+21.1,JA	+6.33,+33.2,+21.2,LA	+6.64,+17.1,+21.1,HA	+6.95,+0.2,+19.6,OB	+2.26,+269.2,+20.4,FB	+6.93,+2.0,+19.6,IB	
1701384534.6342378	+6.61,+12.2,+21.1,KA	+6.33,+33.3,+21.2,MA	+6.64,+17.1,+21.2,KA	+6.95,+0.1,+19.6,LB	+2.25,+269.6,+20.4,AB	+6.93,+2.0,+19.6,IB	
1701384596.6446474	+6.61,+12.3,+21.1,JA	+6.33,+33.2,+21.2,LA	+6.64,+17.1,+21.1,HA	+6.95,+0.1,+19.6,LB	+2.25,+269.5,+20.4,BB	+6.93,+2.1,+19.6,HB	
1701384658.654582	+6.61,+12.3,+21.1,JA	+6.33,+33.2,+21.2,LA	+6.64,+17.2,+21.1,KA	+6.95,+0.1,+19.6,LB	+2.25,+269.6,+20.4,AB	+6.94,+2.0,+19.6,NB	
1701384720.6620219	+6.61,+12.3,+21.1,JA	+6.33,+33.3,+21.2,MA	+6.64,+17.1,+21.1,HA	+6.95,+0.1,+19.6,LB	+2.27,+268.5,+20.4,AB	+6.93,+2.0,+19.6,IB	
1701384782.6691172	+6.61,+12.4,+21.1,MA	+6.33,+33.2,+21.1,OA	+6.64,+17.1,+21.1,HA	+6.95,+0.1,+19.6,LB	+2.25,+269.5,+20.4,BB	+6.93,+2.0,+19.5,JB	
1701384844.6787453	+6.61,+12.3,+21.1,JA	+6.33,+33.2,+21.2,LA	+6.64,+17.1,+21.1,HA	+6.95,+0.1,+19.6,LB	+2.25,+269.7,+20.4,@B	+6.93,+2.0,+19.6,IB	
1701384906.6876526	+6.61,+12.3,+21.1,JA	+6.33,+33.2,+21.2,LA	+6.64,+17.1,+21.1,HA	+6.95,+0.2,+19.6,OB	+2.26,+268.9,+20.4,LB	+6.93,+2.0,+19.5,JB	
1701384968.697497	+6.61,+12.3,+21.0,KA	+6.33,+33.1,+21.2,OA	+6.64,+17.2,+21.1,KA	+6.95,+0.1,+19.6,LB	+2.25,+269.2,+20.4,EB	+6.93,+2.0,+19.5,JB	
1701385030.7077134	+6.61,+12.4,+21.1,MA	+6.33,+33.0,+21.2,NA	+6.64,+17.0,+21.1,IA	+6.95,+0.1,+19.6,LB	+2.25,+269.3,+20.4,DB	+6.93,+2.0,+19.5,JB	
1701385092.71423	+6.61,+12.3,+21.1,JA	+6.33,+33.1,+21.2,OA	+6.64,+17.1,+21.1,HA	+6.95,+0.1,+19.6,LB	+2.26,+269.2,+20.4,FB	+6.93,+2.0,+19.5,JB	
1701385154.722896	+6.61,+12.4,+21.1,MA	+6.33,+33.2,+21.2,LA	+6.64,+17.1,+21.1,HA	+6.95,+0.1,+19.6,LB	+2.25,+269.7,+20.4,@B	+6.93,+2.0,+19.6,IB	
1701385216.7313654	+6.61,+12.3,+21.1,JA	+6.33,+33.1,+21.2,OA	+6.64,+17.1,+21.1,HA	+6.95,+0.1,+19.6,LB	+2.27,+268.5,+20.4,AB	+6.93,+2.1,+19.5,KB	
1701385278.740945	+6.61,+12.3,+21.1,JA	+6.33,+33.2,+21.2,LA	+6.64,+17.1,+21.1,HA	+6.95,+0.1,+19.6,LB	+2.25,+269.4,+20.4,CB	+6.93,+2.0,+19.5,JB	
1701385340.7486587	+6.61,+12.4,+21.1,MA	+6.33,+33.2,+21.2,LA	+6.64,+17.0,+21.1,IA	+6.95,+0.1,+19.6,LB	+2.25,+269.7,+20.4,@B	+6.94,+2.0,+19.6,NB	
1701385402.7553313	+6.61,+12.4,+21.1,MA	+6.33,+33.2,+21.2,LA	+6.64,+17.1,+21.1,HA	+6.95,+0.1,+19.6,LB	+2.24,+269.9,+20.4,OB	+6.94,+2.0,+19.5,MB	
1701385464.7657008	+6.61,+12.4,+21.1,MA	+6.33,+33.1,+21.2,OA	+6.64,+17.1,+21.1,HA	+6.95,+0.1,+19.6,LB	+2.25,+269.7,+20.4,@B	+6.93,+2.0,+19.6,IB	
1701385710.3565848	+6.61,+12.4,+21.1,MA	+6.33,+33.4,+21.2,JA	+6.64,+17.0,+21.1,IA	+6.95,+0.1,+19.6,LB	+2.25,+269.8,+20.4,OB	+6.93,+2.1,+19.5,KB	
1701385772.3643854	+6.61,+12.3,+21.0,KA	+6.33,+33.4,+21.1,IA	+6.64,+17.1,+21.1,HA	+6.95,+0.1,+19.6,LB	+2.24,+270.3,+20.4,MB	+6.93,+2.0,+19.5,JB	
1701385834.3707519	+6.61,+12.3,+21.1,JA	+6.33,+33.3,+21.1,NA	+6.64,+17.2,+21.1,KA	+6.95,+0.2,+19.6,OB	+2.24,+270.1,+20.4,OB	+6.93,+2.0,+19.5,JB	
1701385896.379329	+6.61,+12.3,+21.0,KA	+6.33,+33.3,+21.1,NA	+6.64,+17.1,+21.1,HA	+6.95,+0.2,+19.6,OB	+2.24,+269.9,+20.4,OB	+6.93,+2.1,+19.5,KB	
1701385958.3865829	+6.61,+12.4,+21.1,MA	+6.33,+33.3,+21.2,MA	+6.64,+17.1,+21.1,HA	+6.95,+0.1,+19.6,LB	+2.24,+270.3,+20.4,MB	+6.93,+2.1,+19.5,KB	
1701386020.3964064	+6.61,+12.4,+21.0,LA	+6.33,+33.2,+21.1,OA	+6.64,+17.1,+21.1,HA	+6.95,+0.1,+19.6,LB	+2.23,+270.4,+20.4,MB	+6.93,+2.0,+19.5,JB	
1701386082.4070468	+6.61,+12.4,+21.0,LA	+6.33,+33.2,+21.1,OA	+6.64,+17.2,+21.0,JA	+6.95,+0.1,+19.6,LB	+2.23,+270.4,+20.4,MB	+6.93,+2.0,+19.5,JB	
1701386144.416828	+6.61,+12.4,+21.1,MA	+6.33,+33.2,+21.1,OA	+6.64,+17.1,+21.1,HA	+6.95,+0.2,+19.6,OB	+2.24,+270.0,+20.4,NB	+6.93,+2.1,+19.5,KB	
1701386206.4262295	+6.61,+12.4,+21.0,LA	+6.33,+33.2,+21.2,LA	+6.64,+17.2,+21.1,KA	+6.95,+0.1,+19.6,LB	+2.24,+269.9,+20.4,OB	+6.93,+2.0,+19.5,JB	
1701386268.4356706	+6.61,+12.4,+21.0,LA	+6.33,+33.2,+21.1,OA	+6.64,+17.1,+21.1,HA	+6.95,+0.1,+19.5,OB	+2.23,+270.4,+20.4,MB	+6.93,+2.0,+19.5,JB	
1701386330.4454436	+6.61,+12.4,+21.1,MA	+6.33,+33.1,+21.1,LA	+6.64,+17.1,+21.1,HA	+6.95,+0.1,+19.5,OB	+2.24,+270.2,+20.4,LB	+6.93,+2.1,+19.5,KB	
1701386392.452679	+6.61,+12.4,+21.0,LA	+6.33,+33.2,+21.1,OA	+6.64,+17.1,+21.1,HA	+6.95,+0.1,+19.5,OB	+2.25,+269.4,+20.4,CB	+6.93,+2.0,+19.5,JB	
1701386454.458475	+6.61,+12.4,+21.1,MA	+6.33,+33.2,+21.2,LA	+6.64,+17.0,+21.1,IA	+6.95,+0.1,+19.6,LB	+2.24,+269.8,+20.4,NB	+6.93,+2.0,+19.5,JB	
1701386516.4641008	+6.61,+12.4,+21.0,LA	+6.33,+33.3,+21.1,NA	+6.64,+17.1,+21.1,HA	+6.95,+0.1,+19.6,LB	+2.24,+270.2,+20.4,LB	+6.93,+2.0,+19.5,JB	
1701386578.4737298	+6.61,+12.3,+21.1,JA	+6.33,+33.2,+21.1,OA	+6.64,+17.1,+21.1,HA	+6.95,+0.1,+19.6,LB	+2.24,+270.0,+20.4,NB	+6.93,+2.1,+19.5,KB	
1701386640.480817	+6.61,+12.4,+21.1,MA	+6.33,+33.2,+21.2,LA	+6.64,+17.1,+21.1,HA	+6.95,+0.1,+19.6,LB	+2.25,+269.7,+20.4,@B	+6.93,+2.1,+19.5,KB	
1701386702.4895725	+6.61,+12.4,+21.1,MA	+6.33,+33.2,+21.1,OA	+6.64,+17.0,+21.1,IA	+6.95,+0.1,+19.6,LB	+2.24,+270.2,+20.4,LB	+6.93,+2.0,+19.5,JB	
1701386764.495165	+6.61,+12.4,+21.1,MA	+6.33,+33.1,+21.2,OA	+6.64,+17.0,+21.1,IA	+6.95,+0.1,+19.6,LB	+2.24,+270.2,+20.4,LB	+6.93,+2.0,+19.5,JB	
1701386826.5011942	+6.61,+12.4,+21.1,MA	+6.33,+33.1,+21.1,LA	+6.64,+17.1,+21.1,HA	+6.95,+0.1,+19.6,LB	+2.25,+269.6,+20.4,AB	+6.93,+2.1,+19.5,KB	
1701386888.510368	+6.61,+12.4,+21.1,MA	+6.33,+33.1,+21.2,OA	+6.64,+17.0,+21.1,IA	+6.95,+0.1,+19.6,LB	+2.24,+269.9,+20.4,OB	+6.93,+2.1,+19.5,KB	
1701386950.5192668	+6.61,+12.4,+21.0,LA	+6.33,+33.2,+21.1,OA	+6.64,+17.0,+21.1,IA	+6.95,+0.1,+19.6,LB	+2.24,+269.9,+20.4,OB	+6.93,+2.0,+19.5,JB	
1701387012.5293064	+6.61,+12.4,+21.0,LA	+6.33,+33.2,+21.2,LA	+6.64,+17.0,+21.1,IA	+6.95,+0.1,+19.6,LB	+2.24,+270.2,+20.4,LB	+6.93,+2.0,+19.5,JB	
1701387074.5392323	+6.61,+12.4,+21.0,LA	+6.33,+33.1,+21.2,OA	+6.64,+17.1,+21.1,HA	+6.95,+0.1,+19.6,LB	+2.23,+270.5,+20.4,LB	+6.93,+2.1,+19.5,KB	
1701387136.542541	+6.61,+12.4,+21.1,MA	+6.33,+33.2,+21.1,OA	+6.64,+17.1,+21.1,HA	+6.95,+0.0,+19.5,NB	+2.24,+270.1,+20.4,OB	+6.93,+2.0,+19.5,JB	
1701387198.5522811	+6.61,+12.4,+21.0,LA	+6.33,+33.2,+21.2,LA	+6.64,+16.9,+21.1,AA	+6.95,+0.1,+19.6,LB	+2.23,+270.5,+20.4,LB	+6.93,+2.0,+19.5,JB	
1701387260.5607193	+6.61,+12.2,+21.0,JA	+6.33,+33.1,+21.1,LA	+6.64,+17.2,+21.1,KA	+6.95,+0.1,+19.6,LB	+2.26,+269.1,+20.4,EB	+6.93,+2.1,+19.5,KB	
1701387322.5696056	+6.61,+12.1,+21.0,IA	+6.33,+33.2,+21.1,OA	+6.64,+17.0,+21.1,IA	+6.95,+0.1,+19.6,LB	+2.24,+270.2,+20.4,LB	+6.93,+2.1,+19.5,KB	
1701387384.5794013	+6.61,+12.2,+21.0,JA	+6.33,+33.2,+21.1,OA	+6.64,+17.1,+21.1,HA	+6.95,+0.1,+19.5,OB	+2.25,+269.5,+20.4,BB	+6.93,+2.0,+19.5,JB	
1701387446.5886993	+6.61,+12.2,+21.1,KA	+6.33,+33.2,+21.1,OA	+6.64,+17.1,+21.1,HA	+6.95,+0.1,+19.5,OB	+2.24,+269.9,+20.4,OB	+6.93,+2.0,+19.5,JB	
1701387508.5956829	+6.61,+12.2,+21.0,JA	+6.33,+33.3,+21.1,NA	+6.64,+17.1,+21.1,HA	+6.95,+0.1,+19.5,OB	+2.24,+270.1,+20.4,OB	+6.93,+2.1,+19.5,KB	
1701387570.6061633	+6.61,+12.2,+21.0,JA	+6.33,+33.3,+21.1,NA	+6.64,+17.1,+21.1,HA	+6.95,+0.1,+19.6,LB	+2.24,+270.1,+20.3,HB	+6.93,+2.1,+19.5,KB	
1701387632.6150525	+6.61,+12.2,+21.0,JA	+6.33,+33.2,+21.1,OA	+6.64,+17.2,+21.1,KA	+6.95,+0.1,+19.5,OB	+2.24,+270.1,+20.4,OB	+6.93,+2.1,+19.5,KB	
1701387694.622119	+6.61,+12.2,+21.0,JA	+6.33,+33.3,+21.1,NA	+6.64,+17.2,+21.1,KA	+6.95,+0.1,+19.5,OB	+2.24,+270.2,+20.4,LB	+6.93,+2.1,+19.5,KB	
1701387756.6292417	+6.61,+12.2,+21.0,JA	+6.33,+33.3,+21.1,NA	+6.64,+17.1,+21.0,IA	+6.95,+0.1,+19.6,LB	+2.24,+270.0,+20.4,NB	+6.93,+2.1,+19.5,KB	
1701387818.6374192	+6.61,+12.2,+21.0,JA	+6.33,+33.3,+21.1,NA	+6.64,+17.0,+21.1,IA	+6.95,+0.1,+19.5,OB	+2.24,+270.0,+20.4,NB	+6.93,+2.1,+19.5,KB	
1701387880.647222	+6.61,+12.2,+21.0,JA	+6.33,+33.4,+21.1,IA	+6.64,+17.1,+21.0,IA	+6.95,+0.1,+19.5,OB	+2.24,+270.2,+20.4,LB	+6.93,+2.1,+19.5,KB	
1701387942.65753	+6.61,+12.2,+21.0,JA	+6.33,+33.2,+21.1,OA	+6.64,+17.0,+21.0,HA	+6.95,+0.1,+19.5,OB	+2.24,+270.1,+20.4,OB	+6.93,+2.1,+19.5,KB	
1701388004.6667063	+6.61,+12.2,+21.0,JA	+6.33,+33.4,+21.1,IA	+6.64,+17.1,+21.0,IA	+6.95,+0.0,+19.5,NB	+2.24,+270.1,+20.4,OB	+6.93,+2.1,+19.5,KB	
1701388066.6752374	+6.61,+12.3,+21.0,KA	+6.33,+33.3,+21.1,NA	+6.64,+17.1,+21.0,IA	+6.95,+0.1,+19.5,OB	+2.24,+270.2,+20.4,LB	+6.93,+2.1,+19.5,KB	
1701388128.6847038	+6.61,+12.2,+21.0,JA	+6.33,+33.4,+21.1,IA	+6.64,+17.1,+21.0,IA	+6.95,+0.1,+19.5,OB	+2.24,+270.1,+20.4,OB	+6.93,+2.1,+19.5,KB	
1701388190.6933794	+6.61,+12.2,+21.0,JA	+6.33,+33.3,+21.1,NA	+6.64,+17.1,+21.0,IA	+6.95,+0.1,+19.5,OB	+2.24,+270.2,+20.4,LB	+6.93,+2.1,+19.5,KB	
1701388252.7031245	+6.61,+12.3,+21.0,KA	+6.33,+33.3,+21.1,NA	+6.64,+17.1,+21.0,IA	+6.95,+0.1,+19.5,OB	+2.23,+270.4,+20.4,MB	+6.93,+2.2,+19.5,HB	
1701388314.7134867	+6.61,+12.3,+21.0,KA	+6.33,+33.4,+21.1,IA	+6.64,+17.0,+21.0,HA	+6.95,+0.1,+19.5,OB	+2.23,+270.5,+20.4,LB	+6.93,+2.1,+19.4,JB	
1701388376.7229972	+6.61,+12.3,+21.0,KA	+6.33,+33.5,+21.1,HA	+6.64,+17.0,+21.0,HA	+6.95,+0.1,+19.5,OB	+2.24,+270.0,+20.3,IB	+6.93,+2.1,+19.4,JB	
1701388438.7331648	+6.61,+12.2,+21.0,JA	+6.33,+33.3,+21.1,NA	+6.64,+17.0,+21.0,HA	+6.95,+0.1,+19.5,OB	+2.24,+270.3,+20.4,MB	+6.93,+2.1,+19.4,JB	
1701388500.7406662	+6.61,+12.2,+21.0,JA	+6.33,+33.4,+21.1,IA	+6.64,+17.1,+21.0,IA	+6.95,+0.1,+19.5,OB	+2.24,+269.8,+20.4,NB	+6.93,+2.1,+19.4,JB	
1701388562.7456682	+6.61,+12.3,+21.0,KA	+6.33,+33.4,+21.1,IA	+6.64,+17.0,+21.0,HA	+6.95,+0.1,+19.5,OB	+2.24,+270.2,+20.4,LB	+6.93,+2.1,+19.4,JB	
1701388624.7575164	+6.61,+12.2,+21.0,JA	+6.33,+33.4,+21.1,IA	+6.64,+17.0,+21.0,HA	+6.95,+0.2,+19.5,LB	+2.24,+270.0,+20.4,NB	+6.93,+2.1,+19.4,JB	
1701388686.76587	+6.61,+12.3,+21.0,KA	+6.33,+33.4,+21.1,IA	+6.64,+17.0,+21.0,HA	+6.95,+0.1,+19.5,OB	+2.24,+269.8,+20.4,NB	+6.93,+2.1,+19.4,JB	
1701388748.7736688	+6.61,+12.3,+21.0,KA	+6.33,+33.4,+21.1,IA	+6.64,+17.1,+21.0,IA	+6.95,+0.1,+19.5,OB	+2.24,+270.2,+20.3,KB	+6.93,+2.1,+19.4,JB	
1701388810.7829444	+6.61,+12.2,+21.0,JA	+6.33,+33.4,+21.1,IA	+6.64,+17.1,+21.0,IA	+6.95,+0.1,+19.5,OB	+2.24,+270.3,+20.3,JB	+6.93,+2.1,+19.4,JB	
1701388872.7923353	+6.61,+12.3,+21.0,KA	+6.33,+33.3,+21.0,OA	+6.64,+16.9,+21.0,@A	+6.95,+0.1,+19.5,OB	+2.24,+270.0,+20.3,IB	+6.93,+2.1,+19.4,JB	
1701388934.801811	+6.61,+12.4,+21.0,LA	+6.33,+33.4,+21.1,IA	+6.64,+17.0,+21.0,HA	+6.95,+0.1,+19.5,OB	+2.24,+270.1,+20.3,HB	+6.93,+2.1,+19.4,JB	
1701388996.8086774	+6.61,+12.3,+21.0,KA	+6.33,+33.3,+21.1,NA	+6.64,+17.1,+21.0,IA	+6.95,+0.1,+19.5,OB	+2.24,+270.2,+20.3,KB	+6.93,+2.1,+19.4,JB	
1701389058.8181248	+6.61,+12.3,+21.0,KA	+6.33,+33.2,+21.1,OA	+6.64,+17.0,+21.0,HA	+6.95,+0.2,+19.5,LB	+2.24,+270.0,+20.3,IB	+6.93,+2.1,+19.4,JB	
1701389120.824811	+6.61,+12.3,+21.0,KA	+6.33,+33.3,+21.1,NA	+6.64,+17.1,+21.0,IA	+6.95,+0.1,+19.5,OB	+2.24,+269.9,+20.3,HB	+6.93,+2.1,+19.4,JB	
1701389182.832695	+6.61,+12.3,+21.0,KA	+6.33,+33.3,+21.1,NA	+6.64,+17.1,+21.0,IA	+6.95,+0.1,+19.5,OB	+2.26,+269.0,+20.3,CB	+6.93,+2.1,+19.4,JB	
1701389244.842001	+6.61,+12.3,+21.0,KA	+6.33,+33.3,+21.1,NA	+6.64,+17.0,+21.0,HA	+6.95,+0.1,+19.5,OB	+2.25,+269.7,+20.3,GB	+6.93,+2.1,+19.4,JB	
1701389306.8517256	+6.61,+12.3,+21.0,KA	+6.33,+33.2,+21.1,OA	+6.64,+17.0,+21.0,HA	+6.95,+0.0,+19.5,NB	+2.24,+270.0,+20.3,IB	+6.93,+2.1,+19.4,JB	
1701389552.3882995	+6.61,+12.3,+21.0,KA	+6.33,+33.4,+21.1,IA	+6.64,+17.1,+21.0,IA	+6.95,+0.1,+19.5,OB	+2.25,+269.5,+20.3,EB	+6.93,+2.2,+19.4,IB	
1701389614.3979855	+6.61,+12.3,+21.0,KA	+6.33,+33.5,+21.1,HA	+6.64,+17.0,+21.0,HA	+6.95,+0.0,+19.5,NB	+2.24,+269.9,+20.3,HB	+6.93,+2.1,+19.4,JB	
1701389676.4059412	+6.61,+12.3,+21.0,KA	+6.33,+33.5,+21.1,HA	+6.64,+17.0,+21.0,HA	+6.95,+0.1,+19.5,OB	+2.24,+269.9,+20.3,HB	+6.93,+2.1,+19.4,JB	
1701389738.4106889	+6.61,+12.3,+21.0,KA	+6.33,+33.5,+21.1,HA	+6.64,+17.1,+21.0,IA	+6.95,+0.1,+19.4,NB	+2.25,+269.7,+20.3,GB	+6.93,+2.1,+19.4,JB	
1701389800.4202323	+6.61,+12.3,+21.0,KA	+6.32,+33.6,+21.1,JA	+6.64,+17.0,+21.0,HA	+6.95,+0.1,+19.5,OB	+2.25,+269.7,+20.3,GB	+6.93,+2.1,+19.4,JB	
1701389862.4305232	+6.61,+12.3,+21.0,KA	+6.32,+33.6,+21.1,JA	+6.64,+16.9,+21.0,@A	+6.95,+0.1,+19.5,OB	+2.25,+269.7,+20.3,GB	+6.93,+2.1,+19.4,JB	
1701389924.4390004	+6.61,+12.4,+21.0,LA	+6.32,+33.6,+21.1,JA	+6.64,+17.0,+21.0,HA	+6.95,+0.0,+19.5,NB	+2.25,+269.4,+20.3,DB	+6.93,+2.1,+19.4,JB	
1701389986.4485297	+6.61,+12.3,+21.0,KA	+6.33,+33.5,+21.1,HA	+6.64,+17.0,+21.0,HA	+6.95,+0.1,+19.5,OB	+2.24,+269.9,+20.3,HB	+6.93,+2.1,+19.4,JB	
1701390048.4573798	+6.61,+12.3,+21.0,KA	+6.33,+33.5,+21.0,IA	+6.64,+17.1,+21.0,IA	+6.95,+0.1,+19.5,OB	+2.24,+269.8,+20.3,IB	+6.93,+2.1,+19.4,JB	
1701390110.4650068	+6.61,+12.3,+21.0,KA	+6.32,+33.6,+21.1,JA	+6.64,+17.0,+20.9,@A	+6.95,+0.0,+19.5,NB	+2.25,+269.7,+20.3,GB	+6.93,+2.1,+19.4,JB	
1701390172.4727216	+6.61,+12.3,+21.0,KA	+6.32,+33.6,+21.0,KA	+6.64,+17.0,+21.0,HA	+6.95,+0.1,+19.5,OB	+2.24,+269.8,+20.3,IB	+6.93,+2.2,+19.4,IB	
1701390234.482965	+6.61,+12.3,+20.9,CA	+6.32,+33.6,+21.0,KA	+6.64,+17.1,+21.0,IA	+6.95,+0.1,+19.5,OB	+2.25,+269.7,+20.3,GB	+6.93,+2.1,+19.4,JB	
1701390296.4916706	+6.61,+12.3,+21.0,KA	+6.33,+33.5,+21.1,HA	+6.64,+16.9,+21.0,@A	+6.95,+0.1,+19.5,OB	+2.25,+269.7,+20.3,GB	+6.93,+2.2,+19.4,IB	
1701390358.5007033	+6.61,+12.3,+21.0,KA	+6.33,+33.5,+21.0,IA	+6.64,+17.0,+21.0,HA	+6.95,+0.1,+19.4,NB	+2.26,+268.6,+20.3,DB	+6.93,+2.1,+19.4,JB	
1701390420.5090148	+6.61,+12.3,+21.0,KA	+6.33,+33.5,+21.1,HA	+6.64,+17.0,+21.0,HA	+6.95,+0.1,+19.5,OB	+2.25,+269.7,+20.3,GB	+6.93,+2.2,+19.4,IB	
1701390482.5180159	+6.61,+12.3,+21.0,KA	+6.33,+33.4,+21.0,HA	+6.64,+16.9,+21.0,@A	+6.95,+0.1,+19.5,OB	+2.24,+269.9,+20.3,HB	+6.93,+2.1,+19.4,JB	
1701390544.5285008	+6.61,+12.3,+21.0,KA	+6.33,+33.4,+21.1,IA	+6.64,+17.0,+21.0,HA	+6.95,+0.1,+19.4,NB	+2.24,+269.8,+20.3,IB	+6.93,+2.1,+19.4,JB	
1701390606.538068	+6.61,+12.3,+21.0,KA	+6.33,+33.4,+21.0,HA	+6.64,+17.0,+21.0,HA	+6.95,+0.1,+19.5,OB	+2.24,+269.9,+20.3,HB	+6.93,+2.1,+19.4,JB	
1701390668.5473723	+6.61,+12.3,+21.0,KA	+6.33,+33.4,+21.1,IA	+6.64,+17.0,+21.0,HA	+6.95,+0.1,+19.5,OB	+2.24,+269.8,+20.3,IB	+6.93,+2.1,+19.4,JB	
1701390730.5589273	+6.61,+12.3,+20.9,CA	+6.33,+33.4,+21.1,IA	+6.64,+17.0,+21.0,HA	+6.95,+0.1,+19.5,OB	+2.25,+269.7,+20.3,GB	+6.93,+2.1,+19.4,JB	
1701390792.5685868	+6.61,+12.3,+20.9,CA	+6.33,+33.4,+21.1,IA	+6.64,+17.0,+21.0,HA	+6.95,+0.1,+19.5,OB	+2.25,+269.6,+20.3,FB	+6.93,+2.2,+19.4,IB	
1701390854.5781705	+6.61,+12.0,+21.0,HA	+6.33,+33.5,+21.1,HA	+6.64,+17.0,+21.0,HA	+6.95,+0.1,+19.5,OB	+2.27,+268.6,+20.3,EB	+6.93,+2.1,+19.4,JB	
1701390916.5883663	+6.61,+12.1,+21.0,IA	+6.33,+33.5,+21.1,HA	+6.64,+17.1,+21.0,IA	+6.95,+0.1,+19.5,OB	+2.25,+269.3,+20.3,CB	+6.93,+2.1,+19.4,JB	
1701390978.5969372	+6.61,+12.1,+21.0,IA	+6.33,+33.5,+21.1,HA	+6.64,+17.0,+21.0,HA	+6.95,+0.1,+19.5,OB	+2.25,+269.3,+20.3,CB	+6.93,+2.1,+19.4,JB	
1701391040.6069198	+6.61,+12.1,+21.0,IA	+6.33,+33.5,+21.1,HA	+6.64,+17.0,+21.0,HA	+6.95,+0.1,+19.5,OB	+2.26,+269.0,+20.3,CB	+6.93,+2.1,+19.4,JB	
1701391102.6163454	+6.61,+12.1,+21.0,IA	+6.33,+33.4,+21.1,IA	+6.64,+17.0,+21.0,HA	+6.95,+0.2,+19.5,LB	+2.25,+269.5,+20.3,EB	+6.93,+2.1,+19.4,JB	
1701391164.6268408	+6.61,+12.1,+21.0,IA	+6.33,+33.5,+21.1,HA	+6.64,+17.0,+21.0,HA	+6.95,+0.1,+19.5,OB	+2.24,+269.7,+20.3,FB	+6.93,+2.2,+19.5,HB	
1701391226.6357503	+6.61,+12.1,+21.0,IA	+6.33,+33.4,+21.1,IA	+6.64,+16.9,+21.0,@A	+6.95,+0.1,+19.5,OB	+2.24,+269.9,+20.3,HB	+6.93,+2.1,+19.5,KB	
1701391288.645102	+6.61,+12.1,+21.0,IA	+6.33,+33.4,+21.1,IA	+6.64,+17.0,+21.0,HA	+6.95,+0.2,+19.5,LB	+2.24,+270.0,+20.3,IB	+6.93,+2.1,+19.4,JB	
1701391350.6539445	+6.61,+12.1,+20.9,AA	+6.33,+33.4,+21.1,IA	+6.64,+17.0,+21.0,HA	+6.95,+0.1,+19.5,OB	+2.24,+270.0,+20.3,IB	+6.93,+2.1,+19.4,JB	
1701391412.662705	+6.61,+12.2,+21.0,JA	+6.33,+33.4,+21.1,IA	+6.64,+16.9,+21.0,@A	+6.95,+0.1,+19.5,OB	+2.24,+270.0,+20.3,IB	+6.93,+2.1,+19.5,KB	
1701391474.669402	+6.61,+12.2,+21.0,JA	+6.33,+33.4,+21.1,IA	+6.64,+16.9,+21.0,@A	+6.95,+0.1,+19.5,OB	+2.24,+270.0,+20.3,IB	+6.93,+2.1,+19.5,KB	
1701391536.67846	+6.61,+12.1,+21.0,IA	+6.33,+33.4,+21.1,IA	+6.64,+17.0,+21.0,HA	+6.95,+0.2,+19.5,LB	+2.24,+269.9,+20.3,HB	+6.93,+2.1,+19.4,JB	
1701391598.6874714	+6.61,+12.1,+21.0,IA	+6.33,+33.5,+21.1,HA	+6.64,+17.0,+21.0,HA	+6.95,+0.1,+19.5,OB	+2.24,+269.8,+20.3,IB	+6.93,+2.2,+19.5,HB	
1701391660.6966395	+6.61,+12.2,+21.0,JA	+6.33,+33.4,+21.1,IA	+6.64,+17.0,+21.0,HA	+6.95,+0.1,+19.5,OB	+2.25,+269.6,+20.3,FB	+6.93,+2.2,+19.5,HB	
1701391722.705117	+6.61,+12.2,+21.0,JA	+6.33,+33.4,+21.1,IA	+6.64,+17.0,+21.0,HA	+6.95,+0.1,+19.5,OB	+2.25,+269.5,+20.3,EB	+6.93,+2.1,+19.5,KB	
1701391784.712772	+6.61,+12.2,+21.0,JA	+6.33,+33.4,+21.1,IA	+6.64,+17.0,+21.0,HA	+6.95,+0.1,+19.5,OB	+2.27,+268.2,+20.3,AB	+6.93,+2.1,+19.5,KB	
1701391846.719533	+6.61,+12.1,+21.0,IA	+6.33,+33.4,+21.1,IA	+6.64,+17.0,+21.0,HA	+6.95,+0.1,+19.5,OB	+2.24,+270.0,+20.3,IB	+6.93,+2.2,+19.5,HB	
1701391908.7287908	+6.61,+12.2,+21.0,JA	+6.33,+33.4,+21.1,IA	+6.64,+17.0,+21.0,HA	+6.95,+0.1,+19.5,OB	+2.24,+269.9,+20.3,HB	+6.93,+2.1,+19.4,JB	
1701391970.7383742	+6.61,+12.2,+21.0,JA	+6.33,+33.3,+21.1,NA	+6.64,+17.0,+21.0,HA	+6.95,+0.1,+19.5,OB	+2.24,+270.1,+20.3,HB	+6.93,+2.1,+19.5,KB	
1701392032.7464607	+6.61,+12.2,+21.0,JA	+6.33,+33.4,+21.1,IA	+6.65,+16.8,+21.0,@A	+6.95,+0.1,+19.5,OB	+2.24,+269.9,+20.3,HB	+6.93,+2.1,+19.5,KB	
1701392094.7566059	+6.61,+12.2,+21.0,JA	+6.33,+33.4,+21.1,IA	+6.64,+16.9,+21.0,@A	+6.95,+0.1,+19.5,OB	+2.24,+269.8,+20.3,IB	+6.93,+2.1,+19.5,KB	
1701392156.7651489	+6.61,+12.2,+21.0,JA	+6.33,+33.3,+21.1,NA	+6.64,+16.9,+21.0,@A	+6.95,+0.1,+19.5,OB	+2.26,+269.0,+20.3,CB	+6.93,+2.1,+19.5,KB	
1701392218.7767966	+6.61,+12.2,+21.0,JA	+6.33,+33.4,+21.1,IA	+6.64,+17.0,+21.0,HA	+6.95,+0.1,+19.5,OB	+2.24,+270.1,+20.3,HB	+6.93,+2.1,+19.5,KB	
1701392280.7866588	+6.61,+12.2,+21.0,JA	+6.33,+33.4,+21.1,IA	+6.64,+17.0,+21.0,HA	+6.95,+0.1,+19.5,OB	+2.24,+270.0,+20.3,IB	+6.93,+2.1,+19.5,KB	
1701392342.7941613	+6.61,+12.2,+21.0,JA	+6.33,+33.4,+21.1,IA	+6.64,+16.9,+21.0,@A	+6.95,+0.1,+19.5,OB	+2.24,+269.9,+20.3,HB	+6.93,+2.1,+19.5,KB	
1701392404.8063722	+6.61,+12.2,+21.0,JA	+6.33,+33.4,+21.1,IA	+6.64,+16.8,+21.0,AA	+6.95,+0.1,+19.5,OB	+2.24,+270.2,+20.3,KB	+6.93,+2.1,+19.5,KB	
1701392466.815508	+6.61,+12.2,+21.0,JA	+6.33,+33.4,+21.1,IA	+6.64,+16.9,+21.0,@A	+6.95,+0.0,+19.5,NB	+2.24,+270.2,+20.3,KB	+6.93,+2.2,+19.5,HB	
1701392528.8251333	+6.61,+12.2,+21.0,JA	+6.33,+33.4,+21.1,IA	+6.64,+16.9,+21.0,@A	+6.95,+0.1,+19.5,OB	+2.24,+269.9,+20.3,HB	+6.93,+2.1,+19.5,KB	
1701392590.8327003	+6.61,+12.2,+21.0,JA	+6.33,+33.3,+21.1,NA	+6.64,+16.9,+21.0,@A	+6.95,+0.1,+19.5,OB	+2.24,+269.9,+20.3,HB	+6.93,+2.1,+19.5,KB	
1701392652.8424726	+6.61,+12.2,+21.0,JA	+6.33,+33.4,+21.1,IA	+6.64,+17.0,+21.0,HA	+6.95,+0.0,+19.5,NB	+2.25,+269.2,+20.3,BB	+6.93,+2.1,+19.5,KB	
1701392714.851562	+6.61,+12.2,+21.0,JA	+6.33,+33.3,+21.1,NA	+6.64,+16.9,+21.0,@A	+6.95,+0.1,+19.5,OB	+2.26,+269.0,+20.3,CB	+6.93,+2.1,+19.5,KB	
1701392776.8592901	+6.61,+12.3,+21.0,KA	+6.33,+33.4,+21.1,IA	+6.64,+16.9,+21.0,@A	+6.95,+0.1,+19.5,OB	+2.25,+269.5,+20.3,EB	+6.93,+2.1,+19.5,KB	
1701392838.8691683	+6.61,+12.3,+21.0,KA	+6.33,+33.4,+21.1,IA	+6.64,+17.0,+21.0,HA	+6.95,+0.1,+19.5,OB	+2.25,+269.4,+20.3,DB	+6.93,+2.1,+19.5,KB	
1701392900.8770502	+6.61,+12.2,+21.0,JA	+6.33,+33.4,+21.1,IA	+6.64,+16.9,+21.0,@A	+6.95,+0.1,+19.5,OB	+2.25,+269.6,+20.3,FB	+6.93,+2.1,+19.5,KB	
1701392962.8862293	+6.61,+12.2,+21.0,JA	+6.33,+33.4,+21.1,IA	+6.64,+16.9,+21.0,@A	+6.95,+0.1,+19.5,OB	+2.26,+268.7,+20.3,EB	+6.93,+2.1,+19.5,KB	
1701393024.8961847	+6.61,+12.3,+21.0,KA	+6.33,+33.4,+21.1,IA	+6.64,+16.9,+21.0,@A	+6.95,+0.1,+19.5,OB	+2.24,+269.7,+20.3,FB	+6.93,+2.1,+19.5,KB	
1701393086.9058154	+6.61,+12.2,+21.0,JA	+6.33,+33.3,+21.1,NA	+6.64,+16.9,+21.1,AA	+6.95,+0.1,+19.5,OB	+2.24,+269.7,+20.3,FB	+6.93,+2.2,+19.5,HB	
1701393148.9142697	+6.61,+12.2,+21.0,JA	+6.33,+33.3,+21.1,NA	+6.64,+16.8,+21.0,AA	+6.95,+0.0,+19.5,NB	+2.24,+269.8,+20.3,IB	+6.93,+2.1,+19.5,KB	
1701393394.5076447	+6.61,+12.3,+21.0,KA	+6.33,+33.4,+21.1,IA	+6.64,+16.9,+21.0,@A	+6.95,+0.0,+19.5,NB	+2.26,+268.8,+20.4,MB	+6.93,+2.2,+19.5,HB	
1701393456.5183382	+6.61,+12.3,+21.0,KA	+6.33,+33.2,+21.1,OA	+6.64,+16.9,+21.1,AA	+6.95,+0.0,+19.5,NB	+2.27,+268.6,+20.3,EB	+6.93,+2.1,+19.5,KB	
1701393518.5260782	+6.61,+12.2,+21.0,JA	+6.33,+33.3,+21.1,NA	+6.64,+16.9,+21.1,AA	+6.95,+0.1,+19.5,OB	+2.24,+269.8,+20.3,IB	+6.93,+2.2,+19.5,HB	
1701393580.534472	+6.61,+12.3,+21.0,KA	+6.33,+33.3,+21.1,NA	+6.64,+16.9,+21.0,@A	+6.95,+0.0,+19.5,NB	+2.25,+269.6,+20.3,FB	+6.93,+2.1,+19.5,KB	
1701393642.5437686	+6.61,+12.3,+21.0,KA	+6.33,+33.3,+21.1,NA	+6.64,+16.9,+21.1,AA	+6.95,+0.1,+19.5,OB	+2.25,+269.5,+20.3,EB	+6.93,+2.2,+19.5,HB	
1701393704.5551293	+6.61,+12.3,+21.0,KA	+6.33,+33.4,+21.1,IA	+6.64,+16.9,+21.1,AA	+6.95,+0.0,+19.5,NB	+2.24,+269.9,+20.3,HB	+6.93,+2.2,+19.5,HB	
1701393766.5655775	+6.61,+12.2,+21.0,JA	+6.33,+33.3,+21.1,NA	+6.64,+16.9,+21.1,AA	+6.95,+0.0,+19.5,NB	+2.24,+269.8,+20.3,IB	+6.93,+2.2,+19.5,HB	
1701393828.5726423	+6.61,+12.3,+21.0,KA	+6.33,+33.2,+21.1,OA	+6.65,+16.8,+21.1,AA	+6.95,+0.1,+19.6,LB	+2.25,+269.4,+20.3,DB	+6.93,+2.1,+19.5,KB	
1701393890.580899	+6.61,+12.3,+21.0,KA	+6.33,+33.4,+21.1,IA	+6.64,+16.8,+21.0,AA	+6.95,+0.1,+19.5,OB	+2.24,+269.8,+20.3,IB	+6.93,+2.1,+19.5,KB	
1701393952.5912774	+6.61,+12.3,+21.0,KA	+6.33,+33.4,+21.1,IA	+6.64,+16.9,+21.1,AA	+6.95,+0.1,+19.6,LB	+2.24,+269.7,+20.3,FB	+6.93,+2.2,+19.6,KB	
1701394014.6000035	+6.61,+12.3,+21.0,KA	+6.33,+33.4,+21.1,IA	+6.65,+16.8,+21.1,AA	+6.95,+0.1,+19.5,OB	+2.24,+269.9,+20.3,HB	+6.93,+2.2,+19.5,HB	
1701394076.6098673	+6.61,+12.3,+21.0,KA	+6.33,+33.3,+21.1,NA	+6.64,+16.9,+21.1,AA	+6.95,+0.2,+19.5,LB	+2.24,+269.9,+20.3,HB	+6.93,+2.1,+19.5,KB	
1701394138.6215596	+6.61,+12.3,+21.0,KA	+6.33,+33.3,+21.1,NA	+6.64,+16.9,+21.1,AA	+6.95,+0.1,+19.6,LB	+2.24,+269.9,+20.3,HB	+6.93,+2.2,+19.5,HB	
1701394200.6297007	+6.61,+12.3,+21.0,KA	+6.33,+33.3,+21.1,NA	+6.64,+16.9,+21.1,AA	+6.95,+0.1,+19.6,LB	+2.24,+269.9,+20.3,HB	+6.93,+2.2,+19.5,HB	
1701394262.6371305	+6.61,+12.3,+21.0,KA	+6.33,+33.3,+21.1,NA	+6.64,+16.9,+21.1,AA	+6.95,+0.1,+19.6,LB	+2.25,+269.4,+20.3,DB	+6.93,+2.1,+19.5,KB	
1701394324.6474392	+6.61,+12.2,+21.0,JA	+6.33,+33.3,+21.2,MA	+6.64,+16.9,+21.1,AA	+6.95,+0.1,+19.5,OB	+2.24,+269.8,+20.3,IB	+6.93,+2.2,+19.5,HB	
1701394386.6548467	+6.61,+12.2,+21.0,JA	+6.33,+33.3,+21.1,NA	+6.64,+16.9,+21.1,AA	+6.95,+0.1,+19.6,LB	+2.25,+269.6,+20.3,FB	+6.93,+2.2,+19.6,KB	
1701394448.6640522	+6.61,+12.3,+21.0,KA	+6.33,+33.3,+21.1,NA	+6.64,+16.8,+21.1,@A	+6.95,+0.0,+19.6,MB	+2.25,+269.7,+20.3,GB	+6.93,+2.2,+19.5,HB	
1701394510.6740627	+6.61,+12.2,+21.0,JA	+6.33,+33.4,+21.1,IA	+6.65,+16.8,+21.1,AA	+6.95,+0.0,+19.6,MB	+2.25,+269.7,+20.3,GB	+6.93,+2.1,+19.5,KB	
1701394572.6836727	+6.61,+12.3,+21.0,KA	+6.33,+33.3,+21.1,NA	+6.64,+16.8,+21.1,@A	+6.95,-0.0,+19.6,KB	+2.24,+269.8,+20.3,IB	+6.93,+2.1,+19.6,HB	
1701394634.6932955	+6.61,+12.2,+21.0,JA	+6.33,+33.3,+21.1,NA	+6.64,+16.9,+21.1,AA	+6.95,+0.1,+19.6,LB	+2.24,+269.8,+20.3,IB	+6.93,+2.1,+19.6,HB	
1701394696.700974	+6.61,+12.3,+21.0,KA	+6.33,+33.3,+21.1,NA	+6.64,+16.9,+21.1,AA	+6.95,+0.0,+19.6,MB	+2.25,+269.6,+20.3,FB	+6.93,+2.1,+19.5,KB	
1701394758.7129836	+6.61,+12.3,+21.0,KA	+6.33,+33.3,+21.2,MA	+6.65,+16.8,+21.1,AA	+6.95,+0.0,+19.6,MB	+2.24,+270.0,+20.3,IB	+6.93,+2.2,+19.6,KB	
1701394820.7209582	+6.61,+12.3,+21.0,KA	+6.33,+33.4,+21.2,JA	+6.64,+16.8,+21.1,@A	+6.95,-0.0,+19.6,KB	+2.24,+269.9,+20.3,HB	+6.93,+2.2,+19.5,HB	
1701394882.7317922	+6.61,+12.0,+21.0,HA	+6.33,+33.4,+21.1,IA	+6.64,+16.9,+21.1,AA	+6.95,+0.1,+19.6,LB	+2.24,+269.9,+20.3,HB	+6.93,+2.1,+19.6,HB	
1701394944.7415862	+6.61,+12.0,+21.1,IA	+6.33,+33.4,+21.2,JA	+6.65,+16.8,+21.1,AA	+6.95,+0.1,+19.6,LB	+2.24,+269.9,+20.3,HB	+6.93,+2.1,+19.6,HB	
1701395006.7502592	+6.61,+12.0,+21.1,IA	+6.33,+33.4,+21.2,JA	+6.65,+16.8,+21.1,AA	+6.95,+0.1,+19.6,LB	+2.24,+270.0,+20.4,NB	+6.93,+2.2,+19.6,KB	
1701395068.7616453	+6.61,+12.1,+21.0,IA	+6.33,+33.4,+21.2,JA	+6.65,+16.8,+21.1,AA	+6.95,+0.0,+19.6,MB	+2.24,+270.0,+20.4,NB	+6.93,+2.2,+19.6,KB	
1701395130.7706754	+6.61,+12.0,+21.0,HA	+6.33,+33.4,+21.2,JA	+6.65,+16.8,+21.1,AA	+6.95,+0.1,+19.6,LB	+2.24,+269.9,+20.4,OB	+6.93,+2.1,+19.6,HB	
1701395192.7798605	+6.61,+12.0,+21.1,IA	+6.33,+33.4,+21.1,IA	+6.64,+16.9,+21.1,AA	+6.95,+0.1,+19.6,LB	+2.24,+269.9,+20.4,OB	+6.93,+2.2,+19.6,KB	
1701395254.7891603	+6.61,+12.1,+21.1,HA	+6.33,+33.4,+21.2,JA	+6.64,+16.8,+21.1,@A	+6.95,+0.1,+19.6,LB	+2.24,+269.9,+20.3,HB	+6.93,+2.1,+19.6,HB	
1701395316.7983723	+6.61,+12.1,+21.1,HA	+6.33,+33.4,+21.2,JA	+6.65,+16.8,+21.1,AA	+6.95,+0.0,+19.6,MB	+2.24,+270.0,+20.4,NB	+6.93,+2.1,+19.6,HB	
1701395378.8069792	+6.61,+12.1,+21.1,HA	+6.33,+33.4,+21.2,JA	+6.65,+16.8,+21.1,AA	+6.95,+0.1,+19.6,LB	+2.26,+269.1,+20.4,EB	+6.93,+2.1,+19.6,HB	
1701395440.8162084	+6.61,+12.1,+21.1,HA	+6.33,+33.5,+21.2,KA	+6.64,+16.8,+21.2,CA	+6.95,+0.0,+19.6,MB	+2.24,+270.0,+20.3,IB	+6.93,+2.2,+19.6,KB	
1701395502.8241508	+6.61,+12.2,+21.1,KA	+6.33,+33.4,+21.2,JA	+6.64,+16.9,+21.1,AA	+6.95,+0.1,+19.6,LB	+2.24,+270.1,+20.4,OB	+6.93,+2.1,+19.6,HB	
1701395564.8314385	+6.61,+12.1,+21.1,HA	+6.33,+33.4,+21.2,JA	+6.64,+16.9,+21.1,AA	+6.95,+0.1,+19.6,LB	+2.24,+270.0,+20.4,NB	+6.93,+2.2,+19.6,KB	
1701395626.8405373	+6.61,+12.1,+21.1,HA	+6.33,+33.5,+21.2,KA	+6.64,+16.9,+21.1,AA	+6.95,+0.0,+19.6,MB	+2.24,+270.1,+20.4,OB	+6.93,+2.1,+19.6,HB	
1701395688.8504477	+6.61,+12.1,+21.1,HA	+6.33,+33.4,+21.2,JA	+6.64,+16.9,+21.1,AA	+6.95,+0.1,+19.6,LB	+2.24,+270.1,+20.4,OB	+6.93,+2.2,+19.6,KB	
1701395750.8598502	+6.61,+12.1,+21.1,HA	+6.33,+33.4,+21.2,JA	+6.64,+16.8,+21.1,@A	+6.95,+0.0,+19.6,MB	+2.24,+270.1,+20.4,OB	+6.93,+2.1,+19.6,HB	
1701395812.8704274	+6.61,+12.1,+21.1,HA	+6.33,+33.4,+21.2,JA	+6.65,+16.8,+21.1,AA	+6.95,+0.0,+19.6,MB	+2.23,+270.4,+20.4,MB	+6.93,+2.1,+19.6,HB	
1701395874.880469	+6.61,+12.1,+21.1,HA	+6.33,+33.4,+21.2,JA	+6.64,+16.9,+21.2,BA	+6.95,-0.0,+19.6,KB	+2.24,+269.9,+20.4,OB	+6.93,+2.1,+19.6,HB	
1701395936.889521	+6.61,+12.2,+21.1,KA	+6.33,+33.3,+21.2,MA	+6.65,+16.8,+21.1,AA	+6.95,+0.0,+19.6,MB	+2.24,+270.2,+20.4,LB	+6.93,+2.1,+19.6,HB	
1701395998.8948298	+6.61,+12.2,+21.1,KA	+6.33,+33.3,+21.2,MA	+6.65,+16.8,+21.1,AA	+6.95,+0.0,+19.6,MB	+2.24,+270.2,+20.4,LB	+6.93,+2.1,+19.6,HB	
1701396060.9030137	+6.61,+12.1,+21.1,HA	+6.33,+33.4,+21.2,JA	+6.64,+16.8,+21.1,@A	+6.95,-0.0,+19.6,KB	+2.24,+270.2,+20.4,LB	+6.93,+2.2,+19.6,KB	
1701396122.9075875	+6.61,+12.1,+21.1,HA	+6.33,+33.4,+21.2,JA	+6.64,+16.9,+21.1,AA	+6.95,+0.0,+19.6,MB	+2.24,+270.3,+20.4,MB	+6.93,+2.1,+19.6,HB	
1701396184.9190598	+6.61,+12.2,+21.1,KA	+6.33,+33.4,+21.2,JA	+6.65,+16.7,+21.2,MA	+6.95,+0.0,+19.6,MB	+2.25,+269.7,+20.4,@B	+6.93,+2.1,+19.6,HB	
1701396246.9273257	+6.61,+12.1,+21.1,HA	+6.33,+33.5,+21.2,KA	+6.65,+16.8,+21.2,BA	+6.95,+0.0,+19.7,LB	+2.24,+270.2,+20.4,LB	+6.93,+2.1,+19.6,HB	
1701396308.937003	+6.61,+12.1,+21.1,HA	+6.33,+33.4,+21.2,JA	+6.64,+16.9,+21.2,BA	+6.95,+0.0,+19.6,MB	+2.24,+270.2,+20.4,LB	+6.93,+2.1,+19.6,HB	
1701396370.9433126	+6.61,+12.2,+21.1,KA	+6.33,+33.4,+21.2,JA	+6.64,+16.9,+21.2,BA	+6.95,-0.0,+19.6,KB	+2.24,+270.1,+20.4,OB	+6.93,+2.2,+19.6,KB	
1701396432.949162	+6.61,+12.2,+21.1,KA	+6.33,+33.5,+21.2,KA	+6.65,+16.8,+21.2,BA	+6.95,+0.1,+19.6,LB	+2.24,+270.0,+20.4,NB	+6.93,+2.2,+19.7,JB	
1701396494.9581327	+6.61,+12.1,+21.1,HA	+6.33,+33.5,+21.2,KA	+6.64,+16.9,+21.2,BA	+6.95,+0.0,+19.6,MB	+2.24,+269.9,+20.4,OB	+6.93,+2.2,+19.6,KB	
1701396556.9675531	+6.61,+12.2,+21.1,KA	+6.33,+33.5,+21.2,KA	+6.65,+16.8,+21.2,BA	+6.95,+0.0,+19.6,MB	+2.24,+270.1,+20.4,OB	+6.93,+2.1,+19.6,HB	
1701396618.9762268	+6.61,+12.2,+21.1,KA	+6.33,+33.5,+21.2,KA	+6.64,+16.9,+21.2,BA	+6.95,+0.0,+19.6,MB	+2.24,+270.1,+20.4,OB	+6.93,+2.1,+19.6,HB	
1701396680.9859056	+6.61,+12.1,+21.1,HA	+6.33,+33.6,+21.2,HA	+6.64,+16.8,+21.2,CA	+6.95,+0.0,+19.6,MB	+2.24,+269.9,+20.4,OB	+6.93,+2.2,+19.6,KB	
1701396742.9944837	+6.61,+12.2,+21.1,KA	+6.33,+33.5,+21.2,KA	+6.64,+16.9,+21.2,BA	+6.95,+0.0,+19.6,MB	+2.24,+270.2,+20.4,LB	+6.93,+2.2,+19.6,KB	
1701396805.0030167	+6.61,+12.2,+21.1,KA	+6.32,+33.6,+21.2,IA	+6.64,+16.9,+21.2,BA	+6.95,+0.0,+19.6,MB	+2.24,+270.2,+20.4,LB	+6.93,+2.1,+19.6,HB	
1701396867.0128384	+6.61,+12.2,+21.1,KA	+6.32,+33.6,+21.2,IA	+6.64,+16.9,+21.2,BA	+6.95,+0.1,+19.7,MB	+2.24,+269.8,+20.4,NB	+6.93,+2.2,+19.6,KB	
1701396929.0224843	+6.61,+12.2,+21.1,KA	+6.32,+33.6,+21.2,IA	+6.64,+16.9,+21.2,BA	+6.95,+0.0,+19.6,MB	+2.24,+270.1,+20.4,OB	+6.93,+2.1,+19.6,HB	
1701396991.0302908	+6.61,+12.2,+21.1,KA	+6.33,+33.5,+21.2,KA	+6.65,+16.8,+21.1,AA	+6.95,+0.1,+19.7,MB	+2.24,+270.2,+20.4,LB	+6.93,+2.2,+19.6,KB	
1701397236.585078	+6.61,+12.2,+21.1,KA	+6.33,+33.6,+21.2,HA	+6.65,+16.7,+21.2,MA	+6.95,-0.0,+19.6,KB	+2.25,+269.6,+20.4,AB	+6.93,+2.1,+19.6,HB	
1701397298.5943544	+6.61,+12.2,+21.1,KA	+6.33,+33.5,+21.2,KA	+6.65,+16.8,+21.2,BA	+6.95,-0.0,+19.7,JB	+2.24,+269.8,+20.4,NB	+6.93,+2.1,+19.7,IB	
1701397360.6002514	+6.61,+12.2,+21.1,KA	+6.33,+33.5,+21.2,KA	+6.64,+16.8,+21.2,CA	+6.95,-0.0,+19.6,KB	+2.24,+269.8,+20.4,NB	+6.93,+2.1,+19.6,HB	
1701397422.610894	+6.61,+12.3,+21.1,JA	+6.32,+33.6,+21.2,IA	+6.65,+16.7,+21.2,MA	+6.95,+0.0,+19.7,LB	+2.24,+269.9,+20.4,OB	+6.93,+2.1,+19.7,IB	
1701397484.6185322	+6.61,+12.2,+21.1,KA	+6.33,+33.5,+21.2,KA	+6.65,+16.8,+21.2,BA	+6.95,-0.0,+19.7,JB	+2.24,+270.2,+20.4,LB	+6.93,+2.2,+19.7,JB	
1701397546.6277885	+6.61,+12.2,+21.2,HA	+6.33,+33.5,+21.2,KA	+6.65,+16.7,+21.2,MA	+6.95,+0.0,+19.7,LB	+2.24,+270.2,+20.4,LB	+6.93,+2.1,+19.7,IB	
1701397608.6362514	+6.61,+12.2,+21.2,HA	+6.33,+33.5,+21.2,KA	+6.65,+16.7,+21.2,MA	+6.95,+0.0,+19.7,LB	+2.24,+269.8,+20.4,NB	+6.93,+2.2,+19.7,JB	
1701397670.6465404	+6.61,+12.2,+21.2,HA	+6.33,+33.5,+21.2,KA	+6.65,+16.8,+21.2,BA	+6.95,-0.1,+19.7,KB	+2.24,+270.1,+20.4,OB	+6.93,+2.2,+19.7,JB	
1701397732.6560848	+6.61,+12.2,+21.2,HA	+6.33,+33.5,+21.2,KA	+6.65,+16.7,+21.2,MA	+6.95,+0.0,+19.7,LB	+2.24,+269.8,+20.4,NB	+6.93,+2.1,+19.7,IB	
1701397794.665937	+6.61,+12.2,+21.2,HA	+6.32,+33.6,+21.2,IA	+6.65,+16.8,+21.2,BA	+6.95,+0.0,+19.7,LB	+2.24,+269.9,+20.4,OB	+6.93,+2.2,+19.7,JB	
1701397856.675856	+6.61,+12.3,+21.2,IA	+6.33,+33.5,+21.2,KA	+6.65,+16.8,+21.2,BA	+6.95,-0.0,+19.7,JB	+2.24,+270.1,+20.4,OB	+6.93,+2.2,+19.7,JB	
1701397918.6865213	+6.61,+12.2,+21.2,HA	+6.33,+33.5,+21.2,KA	+6.65,+16.7,+21.2,MA	+6.95,-0.0,+19.7,JB	+2.24,+270.2,+20.4,LB	+6.93,+2.2,+19.7,JB	
1701397980.6948311	+6.61,+12.2,+21.2,HA	+6.33,+33.5,+21.2,KA	+6.64,+16.9,+21.2,BA	+6.95,+0.0,+19.7,LB	+2.25,+269.5,+20.4,BB	+6.93,+2.2,+19.7,JB	
1701398042.7030241	+6.61,+12.2,+21.2,HA	+6.33,+33.4,+21.2,JA	+6.65,+16.8,+21.2,BA	+6.95,+0.0,+19.7,LB	+2.24,+270.2,+20.4,LB	+6.93,+2.2,+19.7,JB	
1701398104.7132828	+6.61,+12.3,+21.2,IA	+6.33,+33.5,+21.3,JA	+6.65,+16.8,+21.2,BA	+6.95,-0.0,+19.7,JB	+2.24,+270.1,+20.4,OB	+6.93,+2.2,+19.7,JB	
1701398166.7229578	+6.61,+12.2,+21.2,HA	+6.33,+33.5,+21.2,KA	+6.65,+16.7,+21.2,MA	+6.95,-0.0,+19.7,JB	+2.24,+269.9,+20.4,OB	+6.93,+2.2,+19.7,JB	
1701398228.732589	+6.61,+12.2,+21.2,HA	+6.33,+33.5,+21.2,KA	+6.65,+16.7,+21.2,MA	+6.95,+0.0,+19.7,LB	+2.24,+270.4,+20.4,JB	+6.93,+2.1,+19.7,IB	
1701398290.742507	+6.61,+12.2,+21.2,HA	+6.33,+33.5,+21.2,KA	+6.65,+16.7,+21.2,MA	+6.95,-0.0,+19.7,JB	+2.23,+270.4,+20.4,MB	+6.93,+2.2,+19.7,JB	
1701398352.7521708	+6.61,+12.3,+21.2,IA	+6.33,+33.6,+21.2,HA	+6.65,+16.8,+21.2,BA	+6.95,+0.0,+19.7,LB	+2.23,+270.5,+20.4,LB	+6.93,+2.2,+19.7,JB	
1701398414.761785	+6.61,+12.3,+21.2,IA	+6.33,+33.5,+21.2,KA	+6.65,+16.8,+21.2,BA	+6.95,-0.0,+19.7,JB	+2.24,+270.3,+20.4,MB	+6.93,+2.2,+19.7,JB	
1701398476.7717297	+6.61,+12.3,+21.2,IA	+6.33,+33.5,+21.2,KA	+6.65,+16.8,+21.2,BA	+6.95,-0.0,+19.7,JB	+2.25,+269.4,+20.4,CB	+6.93,+2.2,+19.7,JB	
1701398538.7810135	+6.61,+12.2,+21.2,HA	+6.32,+33.6,+21.3,HA	+6.65,+16.7,+21.2,MA	+6.95,+0.0,+19.7,LB	+2.24,+270.1,+20.4,OB	+6.93,+2.2,+19.7,JB	
1701398600.7905698	+6.61,+12.2,+21.2,HA	+6.32,+33.6,+21.2,IA	+6.65,+16.7,+21.2,MA	+6.95,+0.1,+19.7,MB	+2.24,+270.3,+20.4,MB	+6.93,+2.2,+19.7,JB	
1701398662.7982647	+6.61,+12.2,+21.2,HA	+6.32,+33.6,+21.2,IA	+6.65,+16.8,+21.2,BA	+6.95,-0.0,+19.7,JB	+2.24,+270.2,+20.4,LB	+6.93,+2.1,+19.7,IB	
1701398724.807495	+6.61,+12.3,+21.2,IA	+6.32,+33.7,+21.3,IA	+6.65,+16.7,+21.2,MA	+6.95,+0.0,+19.7,LB	+2.23,+270.5,+20.4,LB	+6.93,+2.2,+19.7,JB	
1701398786.8172357	+6.61,+12.0,+21.2,JA	+6.32,+33.6,+21.3,HA	+6.65,+16.7,+21.2,MA	+6.95,+0.0,+19.7,LB	+2.24,+270.2,+20.4,LB	+6.93,+2.2,+19.7,JB	
1701398848.8267586	+6.62,+12.0,+21.2,IA	+6.32,+33.6,+21.3,HA	+6.65,+16.7,+21.2,MA	+6.95,-0.0,+19.7,JB	+2.23,+270.4,+20.4,MB	+6.93,+2.2,+19.7,JB	
1701398910.837038	+6.61,+12.0,+21.2,JA	+6.33,+33.6,+21.3,IA	+6.65,+16.8,+21.2,BA	+6.95,-0.0,+19.7,JB	+2.24,+270.2,+20.4,LB	+6.93,+2.1,+19.7,IB	
1701398972.8463435	+6.61,+12.0,+21.2,JA	+6.33,+33.6,+21.3,IA	+6.65,+16.8,+21.3,CA	+6.95,-0.0,+19.7,JB	+2.25,+269.3,+20.4,DB	+6.93,+2.2,+19.7,JB	
1701399034.854571	+6.61,+12.1,+21.2,KA	+6.33,+33.6,+21.3,IA	+6.65,+16.8,+21.3,CA	+6.95,-0.0,+19.7,JB	+2.24,+269.8,+20.4,NB	+6.93,+2.2,+19.7,JB	
1701399096.8629777	+6.61,+12.1,+21.2,KA	+6.33,+33.6,+21.3,IA	+6.65,+16.7,+21.2,MA	+6.95,-0.0,+19.7,JB	+2.24,+270.3,+20.4,MB	+6.93,+2.2,+19.7,JB	
1701399158.8733346	+6.61,+12.0,+21.2,JA	+6.33,+33.5,+21.3,JA	+6.65,+16.7,+21.3,LA	+6.95,-0.1,+19.7,KB	+2.24,+270.3,+20.4,MB	+6.93,+2.2,+19.7,JB	
1701399220.881597	+6.61,+12.0,+21.2,JA	+6.33,+33.6,+21.3,IA	+6.65,+16.7,+21.2,MA	+6.95,-0.1,+19.7,KB	+2.24,+270.4,+20.4,JB	+6.93,+2.2,+19.7,JB	
1701399282.890368	+6.61,+12.1,+21.2,KA	+6.33,+33.4,+21.3,KA	+6.65,+16.7,+21.3,LA	+6.95,-0.1,+19.7,KB	+2.23,+270.5,+20.5,MB	+6.93,+2.2,+19.7,JB	
1701399344.900962	+6.61,+12.0,+21.2,JA	+6.33,+33.5,+21.3,JA	+6.65,+16.8,+21.3,CA	+6.95,-0.1,+19.7,KB	+2.24,+270.4,+20.5,KB	+6.93,+2.2,+19.7,JB	
1701399406.9097698	+6.61,+12.1,+21.2,KA	+6.33,+33.4,+21.3,KA	+6.65,+16.8,+21.3,CA	+6.95,+0.0,+19.7,LB	+2.24,+270.3,+20.4,MB	+6.93,+2.2,+19.7,JB	
1701399468.9160485	+6.61,+12.0,+21.2,JA	+6.33,+33.5,+21.3,JA	+6.65,+16.7,+21.3,LA	+6.95,-0.0,+19.7,JB	+2.24,+270.0,+20.4,NB	+6.93,+2.2,+19.7,JB	
1701399530.9248226	+6.61,+12.1,+21.2,KA	+6.33,+33.5,+21.3,JA	+6.65,+16.7,+21.3,LA	+6.95,-0.0,+19.7,JB	+2.24,+270.2,+20.4,LB	+6.93,+2.1,+19.7,IB	
1701399592.9320996	+6.61,+12.1,+21.2,KA	+6.33,+33.5,+21.3,JA	+6.65,+16.7,+21.2,MA	+6.95,-0.0,+19.7,JB	+2.24,+270.1,+20.5,NB	+6.93,+2.2,+19.8,EB	
1701399654.938257	+6.61,+12.1,+21.2,KA	+6.33,+33.4,+21.3,KA	+6.65,+16.6,+21.3,MA	+6.95,-0.0,+19.7,JB	+2.24,+270.0,+20.5,OB	+6.93,+2.2,+19.7,JB	
1701399716.945072	+6.61,+12.1,+21.2,KA	+6.33,+33.4,+21.3,KA	+6.65,+16.7,+21.3,LA	+6.95,-0.0,+19.7,JB	+2.24,+270.1,+20.4,OB	+6.93,+2.2,+19.8,EB	
1701399778.954187	+6.61,+12.1,+21.2,KA	+6.33,+33.5,+21.3,JA	+6.65,+16.7,+21.3,LA	+6.95,-0.0,+19.8,EB	+2.24,+270.2,+20.5,MB	+6.93,+2.2,+19.8,EB	
1701399840.960755	+6.61,+12.1,+21.2,KA	+6.33,+33.4,+21.3,KA	+6.65,+16.7,+21.3,LA	+6.95,-0.0,+19.7,JB	+2.24,+270.2,+20.4,LB	+6.93,+2.1,+19.8,FB	
1701399902.9700933	+6.61,+12.1,+21.2,KA	+6.33,+33.4,+21.3,KA	+6.65,+16.7,+21.3,LA	+6.95,-0.0,+19.8,EB	+2.24,+270.3,+20.5,LB	+6.93,+2.2,+19.8,EB	
1701399964.9744027	+6.61,+12.1,+21.3,JA	+6.33,+33.4,+21.3,KA	+6.65,+16.6,+21.3,MA	+6.95,-0.0,+19.8,EB	+2.25,+269.8,+20.5,NB	+6.93,+2.2,+19.8,EB	
1701400026.9828346	+6.61,+12.1,+21.3,JA	+6.33,+33.4,+21.3,KA	+6.65,+16.8,+21.3,CA	+6.95,-0.0,+19.8,EB	+2.25,+269.8,+20.4,OB	+6.93,+2.2,+19.8,EB	
1701400088.990772	+6.61,+12.1,+21.2,KA	+6.33,+33.3,+21.3,LA	+6.65,+16.6,+21.3,MA	+6.95,-0.0,+19.8,EB	+2.24,+270.1,+20.4,OB	+6.93,+2.1,+19.8,FB	
1701400150.9997823	+6.61,+12.1,+21.2,KA	+6.33,+33.4,+21.3,KA	+6.65,+16.7,+21.3,LA	+6.95,-0.0,+19.8,EB	+2.24,+270.2,+20.5,MB	+6.93,+2.2,+19.8,EB	
1701400213.0065026	+6.61,+12.1,+21.3,JA	+6.33,+33.4,+21.3,KA	+6.65,+16.6,+21.3,MA	+6.95,-0.0,+19.8,EB	+2.24,+270.2,+20.5,MB	+6.93,+2.2,+19.8,EB	
1701400275.0146024	+6.61,+12.1,+21.2,KA	+6.33,+33.5,+21.3,JA	+6.65,+16.7,+21.3,LA	+6.95,-0.0,+19.8,EB	+2.24,+270.3,+20.5,LB	+6.93,+2.2,+19.8,EB	
1701400337.0227864	+6.61,+12.1,+21.3,JA	+6.33,+33.5,+21.3,JA	+6.65,+16.7,+21.3,LA	+6.95,-0.0,+19.8,EB	+2.24,+270.1,+20.5,NB	+6.93,+2.2,+19.8,EB	
1701400399.0288043	+6.61,+12.2,+21.3,IA	+6.33,+33.5,+21.3,JA	+6.65,+16.7,+21.3,LA	+6.95,-0.0,+19.8,EB	+2.24,+270.1,+20.5,NB	+6.93,+2.2,+19.8,EB	
1701400461.0356565	+6.61,+12.1,+21.2,KA	+6.33,+33.4,+21.3,KA	+6.65,+16.6,+21.3,MA	+6.95,-0.0,+19.8,EB	+2.24,+270.1,+20.5,NB	+6.93,+2.1,+19.8,FB	
1701400523.0433402	+6.61,+12.1,+21.3,JA	+6.33,+33.4,+21.3,KA	+6.65,+16.7,+21.3,LA	+6.95,-0.1,+19.8,DB	+2.24,+270.1,+20.5,NB	+6.93,+2.2,+19.8,EB	
1701400585.051414	+6.61,+12.1,+21.3,JA	+6.33,+33.4,+21.3,KA	+6.65,+16.6,+21.3,MA	+6.95,-0.1,+19.8,DB	+2.24,+270.2,+20.5,MB	+6.93,+2.1,+19.8,FB	
1701400647.05871	+6.61,+12.1,+21.3,JA	+6.33,+33.4,+21.3,KA	+6.65,+16.6,+21.3,MA	+6.95,-0.0,+19.8,EB	+2.26,+268.8,+20.5,LB	+6.93,+2.2,+19.8,EB	
1701400709.0668566	+6.61,+12.1,+21.2,KA	+6.33,+33.4,+21.3,KA	+6.65,+16.7,+21.3,LA	+6.95,-0.0,+19.8,EB	+2.24,+270.0,+20.5,OB	+6.93,+2.2,+19.8,EB	
1701400771.0729294	+6.61,+12.2,+21.2,HA	+6.33,+33.4,+21.3,KA	+6.65,+16.6,+21.3,MA	+6.95,-0.0,+19.8,EB	+2.24,+269.9,+20.5,NB	+6.93,+2.2,+19.8,EB	
1701400833.080748	+6.61,+12.1,+21.2,KA	+6.33,+33.5,+21.3,JA	+6.65,+16.6,+21.3,MA	+6.95,-0.0,+19.8,EB	+2.24,+270.1,+20.5,NB	+6.93,+2.2,+19.8,EB	
1701401078.6644218	+6.61,+12.2,+21.3,IA	+6.33,+33.5,+21.3,JA	+6.65,+16.6,+21.3,MA	+6.95,-0.0,+19.8,EB	+2.25,+269.6,+20.5,@B	+6.93,+2.2,+19.8,EB	
1701401140.6712759	+6.61,+12.1,+21.3,JA	+6.33,+33.4,+21.3,KA	+6.65,+16.7,+21.3,LA	+6.95,-0.0,+19.8,EB	+2.24,+270.0,+20.5,OB	+6.93,+2.1,+19.8,FB	
1701401202.6791337	+6.61,+12.2,+21.3,IA	+6.33,+33.4,+21.3,KA	+6.65,+16.7,+21.3,LA	+6.95,-0.0,+19.8,EB	+2.24,+270.2,+20.5,MB	+6.93,+2.2,+19.8,EB	
1701401264.6864989	+6.61,+12.2,+21.3,IA	+6.33,+33.4,+21.4,LA	+6.65,+16.7,+21.3,LA	+6.95,-0.0,+19.8,EB	+2.24,+270.2,+20.5,MB	+6.93,+2.2,+19.8,EB	
1701401326.6968083	+6.61,+12.1,+21.3,JA	+6.33,+33.5,+21.3,JA	+6.65,+16.7,+21.3,LA	+6.95,-0.1,+19.8,DB	+2.24,+270.2,+20.5,MB	+6.93,+2.2,+19.8,EB	
1701401388.7066224	+6.61,+12.2,+21.3,IA	+6.33,+33.5,+21.3,JA	+6.65,+16.7,+21.4,KA	+6.95,-0.0,+19.8,EB	+2.24,+270.2,+20.5,MB	+6.93,+2.2,+19.8,EB	
1701401450.7165067	+6.61,+12.2,+21.3,IA	+6.33,+33.5,+21.4,MA	+6.65,+16.7,+21.3,LA	+6.95,-0.0,+19.8,EB	+2.24,+270.0,+20.5,OB	+6.93,+2.1,+19.8,FB	
1701401512.7264876	+6.61,+12.2,+21.3,IA	+6.33,+33.5,+21.4,MA	+6.65,+16.5,+21.3,NA	+6.95,-0.0,+19.8,EB	+2.24,+270.2,+20.5,MB	+6.93,+2.1,+19.8,FB	
1701401574.733006	+6.61,+12.2,+21.3,IA	+6.33,+33.4,+21.4,LA	+6.65,+16.6,+21.3,MA	+6.95,-0.0,+19.8,EB	+2.24,+270.1,+20.5,NB	+6.93,+2.2,+19.8,EB	
1701401636.7418616	+6.61,+12.1,+21.3,JA	+6.33,+33.6,+21.4,NA	+6.65,+16.7,+21.4,KA	+6.95,-0.1,+19.8,DB	+2.24,+270.1,+20.5,NB	+6.93,+2.2,+19.8,EB	
1701401698.750766	+6.61,+12.2,+21.3,IA	+6.33,+33.5,+21.4,MA	+6.65,+16.6,+21.3,MA	+6.95,+0.0,+19.8,CB	+2.24,+270.4,+20.5,KB	+6.93,+2.2,+19.8,EB	
1701401760.7597742	+6.61,+12.2,+21.3,IA	+6.33,+33.5,+21.4,MA	+6.65,+16.6,+21.3,MA	+6.95,-0.1,+19.8,DB	+2.24,+269.9,+20.5,NB	+6.93,+2.2,+19.8,EB	
1701401822.7671146	+6.61,+12.1,+21.3,JA	+6.33,+33.6,+21.4,NA	+6.65,+16.7,+21.3,LA	+6.95,-0.0,+19.8,EB	+2.24,+270.2,+20.5,MB	+6.93,+2.2,+19.8,EB	
1701401884.7762446	+6.61,+12.2,+21.3,IA	+6.33,+33.5,+21.4,MA	+6.65,+16.6,+21.3,MA	+6.95,-0.0,+19.8,EB	+2.24,+270.0,+20.5,OB	+6.93,+2.2,+19.8,EB	
1701401946.7861452	+6.61,+12.2,+21.3,IA	+6.33,+33.5,+21.4,MA	+6.65,+16.6,+21.3,MA	+6.95,+0.0,+19.8,CB	+2.24,+270.1,+20.5,NB	+6.93,+2.1,+19.8,FB	
1701402008.7944999	+6.61,+12.2,+21.3,IA	+6.33,+33.5,+21.4,MA	+6.65,+16.6,+21.3,MA	+6.95,-0.0,+19.8,EB	+2.24,+270.2,+20.5,MB	+6.93,+2.2,+19.8,EB	
1701402070.803823	+6.61,+12.2,+21.3,IA	+6.33,+33.5,+21.4,MA	+6.65,+16.5,+21.3,NA	+6.95,-0.0,+19.8,EB	+2.24,+270.2,+20.5,MB	+6.93,+2.2,+19.8,EB	
1701402132.8111222	+6.61,+12.2,+21.3,IA	+6.33,+33.5,+21.4,MA	+6.65,+16.6,+21.3,MA	+6.95,-0.1,+19.8,DB	+2.24,+270.2,+20.5,MB	+6.93,+2.2,+19.9,DB	
1701402194.818658	+6.61,+12.2,+21.3,IA	+6.33,+33.5,+21.4,MA	+6.65,+16.7,+21.4,KA	+6.95,-0.0,+19.8,EB	+2.24,+270.2,+20.5,MB	+6.93,+2.2,+19.8,EB	
1701402256.825556	+6.61,+12.2,+21.3,IA	+6.33,+33.5,+21.4,MA	+6.65,+16.6,+21.4,JA	+6.95,-0.1,+19.8,DB	+2.26,+268.9,+20.5,MB	+6.93,+2.2,+19.8,EB	
1701402318.8353612	+6.61,+12.2,+21.3,IA	+6.33,+33.4,+21.4,LA	+6.65,+16.7,+21.3,LA	+6.95,-0.0,+19.8,EB	+2.24,+270.0,+20.5,OB	+6.93,+2.2,+19.8,EB	
1701402380.8450136	+6.61,+12.2,+21.3,IA	+6.33,+33.5,+21.4,MA	+6.65,+16.6,+21.4,JA	+6.95,-0.1,+19.8,DB	+2.24,+270.1,+20.5,NB	+6.93,+2.2,+19.8,EB	
1701402442.8553514	+6.61,+12.2,+21.3,IA	+6.33,+33.5,+21.4,MA	+6.65,+16.6,+21.3,MA	+6.95,-0.0,+19.8,EB	+2.25,+269.4,+20.5,BB	+6.93,+2.2,+19.9,DB	
1701402504.8649592	+6.61,+12.2,+21.3,IA	+6.33,+33.6,+21.4,NA	+6.65,+16.6,+21.4,JA	+6.95,-0.0,+19.8,EB	+2.26,+269.1,+20.5,DB	+6.93,+2.2,+19.8,EB	
1701402566.8719614	+6.61,+12.2,+21.3,IA	+6.33,+33.5,+21.4,MA	+6.65,+16.6,+21.4,JA	+6.95,-0.0,+19.9,DB	+2.25,+269.5,+20.5,CB	+6.93,+2.2,+19.9,DB	
1701402628.8828232	+6.61,+12.2,+21.3,IA	+6.33,+33.5,+21.4,MA	+6.65,+16.7,+21.4,KA	+6.95,-0.0,+19.8,EB	+2.26,+269.1,+20.5,DB	+6.93,+2.1,+19.8,FB	
1701402690.8910875	+6.61,+12.2,+21.3,IA	+6.33,+33.5,+21.4,MA	+6.65,+16.6,+21.4,JA	+6.95,-0.1,+19.9,EB	+2.25,+269.4,+20.5,BB	+6.93,+2.2,+19.9,DB	
1701402752.9018345	+6.62,+12.0,+21.3,HA	+6.33,+33.6,+21.4,NA	+6.65,+16.5,+21.4,IA	+6.95,-0.0,+19.9,DB	+2.27,+268.6,+20.5,CB	+6.93,+2.2,+19.9,DB	
1701402814.9123468	+6.62,+12.0,+21.3,HA	+6.32,+33.6,+21.4,OA	+6.65,+16.6,+21.4,JA	+6.95,-0.0,+19.8,EB	+2.25,+269.5,+20.5,CB	+6.93,+2.2,+19.9,DB	
1701402876.921957	+6.61,+12.0,+21.3,KA	+6.33,+33.6,+21.4,NA	+6.65,+16.6,+21.4,JA	+6.95,-0.1,+19.8,DB	+2.25,+269.6,+20.5,@B	+6.93,+2.2,+19.9,DB	
1701402938.9304311	+6.61,+12.0,+21.3,KA	+6.33,+33.5,+21.4,MA	+6.65,+16.6,+21.4,JA	+6.95,-0.1,+19.9,EB	+2.25,+269.5,+20.5,CB	+6.93,+2.2,+19.9,DB	
1701403000.9354668	+6.61,+12.0,+21.3,KA	+6.33,+33.5,+21.4,MA	+6.65,+16.6,+21.4,JA	+6.95,-0.1,+19.9,EB	+2.25,+269.7,+20.5,AB	+6.93,+2.1,+19.8,FB	
1701403062.9448092	+6.61,+12.0,+21.3,KA	+6.33,+33.6,+21.4,NA	+6.65,+16.4,+21.4,HA	+6.95,-0.1,+19.9,EB	+2.25,+269.9,+20.5,OB	+6.93,+2.2,+19.9,DB	
1701403124.9534967	+6.61,+12.0,+21.3,KA	+6.33,+33.5,+21.4,MA	+6.65,+16.5,+21.4,IA	+6.95,-0.1,+19.8,DB	+2.25,+269.8,+20.5,NB	+6.93,+2.2,+19.8,EB	
1701403186.9628901	+6.61,+12.0,+21.3,KA	+6.32,+33.6,+21.5,NA	+6.65,+16.6,+21.4,JA	+6.95,-0.1,+19.9,EB	+2.25,+269.6,+20.5,@B	+6.93,+2.2,+19.9,DB	
1701403248.9752843	+6.61,+12.0,+21.3,KA	+6.32,+33.6,+21.4,OA	+6.65,+16.5,+21.4,IA	+6.95,-0.0,+19.9,DB	+2.25,+269.8,+20.5,NB	+6.93,+2.2,+19.8,EB	
1701403310.9837663	+6.61,+12.0,+21.3,KA	+6.32,+33.7,+21.4,NA	+6.65,+16.6,+21.4,JA	+6.95,-0.0,+19.9,DB	+2.25,+269.7,+20.5,AB	+6.93,+2.2,+19.9,DB	
1701403372.992618	+6.61,+12.1,+21.4,MA	+6.33,+33.5,+21.4,MA	+6.65,+16.6,+21.4,JA	+6.95,-0.1,+19.9,EB	+2.25,+269.9,+20.6,LB	+6.93,+2.2,+19.9,DB	
1701403435.0010877	+6.61,+12.0,+21.3,KA	+6.33,+33.5,+21.4,MA	+6.65,+16.5,+21.4,IA	+6.95,-0.1,+19.9,EB	+2.25,+269.6,+20.6,CB	+6.93,+2.2,+19.9,DB	
1701403497.009994	+6.61,+12.1,+21.3,JA	+6.33,+33.5,+21.4,MA	+6.65,+16.6,+21.4,JA	+6.95,-0.0,+19.9,DB	+2.24,+270.0,+20.5,OB	+6.93,+2.2,+19.9,DB	
1701403559.02061	+6.61,+12.1,+21.3,JA	+6.32,+33.6,+21.4,OA	+6.65,+16.5,+21.4,IA	+6.95,-0.0,+19.9,DB	+2.25,+269.8,+20.6,MB	+6.93,+2.2,+19.9,DB	
1701403621.0281162	+6.61,+12.1,+21.3,JA	+6.33,+33.6,+21.4,NA	+6.65,+16.5,+21.4,IA	+6.95,-0.1,+19.9,EB	+2.25,+269.5,+20.5,CB	+6.93,+2.2,+19.9,DB	
1701403683.035668	+6.61,+12.1,+21.3,JA	+6.32,+33.6,+21.4,OA	+6.65,+16.6,+21.4,JA	+6.95,-0.1,+19.9,EB	+2.25,+269.5,+20.5,CB	+6.93,+2.2,+19.9,DB	
1701403745.045	+6.61,+12.1,+21.4,MA	+6.33,+33.5,+21.4,MA	+6.65,+16.6,+21.4,JA	+6.95,-0.0,+19.9,DB	+2.25,+269.7,+20.6,BB	+6.93,+2.2,+19.9,DB	
1701403807.0542185	+6.61,+12.1,+21.4,MA	+6.33,+33.6,+21.5,OA	+6.65,+16.6,+21.4,JA	+6.95,-0.1,+19.9,EB	+2.25,+269.7,+20.5,AB	+6.93,+2.2,+19.9,DB	
1701403869.0590684	+6.61,+12.1,+21.4,MA	+6.33,+33.6,+21.4,NA	+6.65,+16.6,+21.4,JA	+6.95,-0.1,+19.9,EB	+2.25,+269.6,+20.5,@B	+6.93,+2.2,+19.9,DB	
1701403931.068157	+6.61,+12.1,+21.4,MA	+6.33,+33.5,+21.4,MA	+6.65,+16.6,+21.4,JA	+6.95,-0.0,+19.9,DB	+2.25,+269.7,+20.6,BB	+6.93,+2.2,+19.9,DB	
1701403993.077833	+6.61,+12.1,+21.4,MA	+6.33,+33.5,+21.5,LA	+6.65,+16.6,+21.4,JA	+6.95,-0.1,+19.9,EB	+2.25,+269.6,+20.6,CB	+6.93,+2.2,+19.9,DB	
1701404055.0859897	+6.61,+12.1,+21.4,MA	+6.33,+33.5,+21.5,LA	+6.65,+16.6,+21.4,JA	+6.95,-0.1,+19.9,EB	+2.26,+269.4,+20.6,BB	+6.93,+2.1,+19.9,GB	
1701404117.0926785	+6.61,+12.1,+21.4,MA	+6.33,+33.6,+21.5,OA	+6.65,+16.6,+21.4,JA	+6.95,-0.1,+19.9,EB	+2.25,+269.7,+20.6,BB	+6.93,+2.2,+19.9,DB	
1701404179.1008172	+6.61,+12.1,+21.4,MA	+6.33,+33.5,+21.5,LA	+6.65,+16.6,+21.4,JA	+6.96,-0.1,+19.9,FB	+2.25,+269.6,+20.6,CB	+6.93,+2.2,+19.9,DB	
1701404241.1110847	+6.61,+12.1,+21.4,MA	+6.33,+33.5,+21.5,LA	+6.65,+16.6,+21.4,JA	+6.95,-0.1,+19.9,EB	+2.25,+269.6,+20.6,CB	+6.93,+2.2,+19.9,DB	
1701404303.116809	+6.61,+12.1,+21.4,MA	+6.33,+33.6,+21.4,NA	+6.65,+16.6,+21.4,JA	+6.95,-0.0,+19.9,DB	+2.25,+269.6,+20.6,CB	+6.93,+2.2,+19.9,DB	
1701404365.1242204	+6.61,+12.1,+21.4,MA	+6.33,+33.5,+21.5,LA	+6.65,+16.6,+21.4,JA	+6.95,-0.1,+19.9,EB	+2.26,+269.2,+20.6,DB	+6.93,+2.2,+19.9,DB	
1701404427.133943	+6.61,+12.1,+21.4,MA	+6.32,+33.6,+21.5,NA	+6.65,+16.6,+21.4,JA	+6.96,-0.1,+19.9,FB	+2.25,+269.7,+20.6,BB	+6.93,+2.3,+19.9,EB	
1701404489.1432333	+6.61,+12.1,+21.4,MA	+6.33,+33.5,+21.5,LA	+6.65,+16.5,+21.4,IA	+6.95,-0.0,+19.9,DB	+2.25,+269.6,+20.6,CB	+6.93,+2.3,+19.9,EB	
1701404551.1523485	+6.61,+12.1,+21.3,JA	+6.32,+33.7,+21.4,NA	+6.65,+16.5,+21.4,IA	+6.95,-0.0,+19.9,DB	+2.25,+269.8,+20.6,MB	+6.93,+2.2,+19.9,DB	
1701404613.162088	+6.61,+12.1,+21.4,MA	+6.32,+33.8,+21.5,@A	+6.65,+16.5,+21.4,IA	+6.95,-0.1,+19.9,EB	+2.26,+269.2,+20.6,DB	+6.93,+2.2,+19.9,DB	
1701404675.1715267	+6.61,+12.0,+21.4,LA	+6.32,+33.7,+21.5,OA	+6.65,+16.5,+21.4,IA	+6.95,-0.1,+19.9,EB	+2.25,+269.7,+20.6,BB	+6.93,+2.2,+19.9,DB	
1701404920.735079	+6.61,+12.1,+21.4,MA	+6.32,+33.6,+21.5,NA	+6.65,+16.5,+21.4,IA	+6.95,-0.0,+19.9,DB	+2.26,+269.4,+20.6,BB	+6.93,+2.2,+19.9,DB	
1701404982.7442062	+6.61,+12.1,+21.4,MA	+6.32,+33.6,+21.5,NA	+6.65,+16.5,+21.4,IA	+6.95,-0.0,+19.9,DB	+2.25,+269.4,+20.6,AB	+6.93,+2.2,+19.9,DB	
1701405044.7502215	+6.61,+12.1,+21.4,MA	+6.32,+33.7,+21.5,OA	+6.65,+16.5,+21.4,IA	+6.95,-0.1,+19.9,EB	+2.25,+269.5,+20.6,@B	+6.93,+2.2,+19.9,DB	
1701405106.7592747	+6.61,+12.1,+21.4,MA	+6.32,+33.7,+21.5,OA	+6.65,+16.4,+21.4,HA	+6.95,-0.1,+19.9,EB	+2.25,+269.5,+20.6,@B	+6.93,+2.2,+19.9,DB	
1701405168.7670462	+6.61,+12.1,+21.4,MA	+6.33,+33.6,+21.5,OA	+6.65,+16.6,+21.4,JA	+6.95,-0.1,+19.9,EB	+2.25,+269.7,+20.6,BB	+6.93,+2.2,+19.9,DB	
1701405230.7767544	+6.61,+12.1,+21.4,MA	+6.32,+33.6,+21.5,NA	+6.65,+16.5,+21.5,HA	+6.95,-0.0,+19.9,DB	+2.25,+269.4,+20.6,AB	+6.93,+2.2,+19.9,DB	
1701405292.7852347	+6.61,+12.1,+21.4,MA	+6.32,+33.6,+21.5,NA	+6.65,+16.5,+21.4,IA	+6.95,-0.1,+19.9,EB	+2.25,+269.6,+20.6,CB	+6.93,+2.2,+20.0,GB	
1701405354.7932575	+6.61,+12.1,+21.4,MA	+6.32,+33.6,+21.5,NA	+6.65,+16.5,+21.5,HA	+6.95,-0.1,+19.9,EB	+2.25,+269.6,+20.6,CB	+6.93,+2.2,+19.9,DB	
1701405416.802573	+6.61,+12.1,+21.4,MA	+6.33,+33.6,+21.5,OA	+6.65,+16.5,+21.5,HA	+6.95,-0.0,+19.9,DB	+2.25,+269.7,+20.6,BB	+6.93,+2.2,+20.0,GB	
1701405478.8132691	+6.61,+12.2,+21.4,NA	+6.32,+33.6,+21.5,NA	+6.65,+16.5,+21.4,IA	+6.95,-0.0,+19.9,DB	+2.25,+269.9,+20.6,LB	+6.93,+2.2,+20.0,GB	
1701405540.8175473	+6.61,+12.1,+21.4,MA	+6.33,+33.6,+21.5,OA	+6.65,+16.5,+21.4,IA	+6.95,-0.0,+19.9,DB	+2.25,+269.6,+20.6,CB	+6.93,+2.2,+19.9,DB	
1701405602.8242383	+6.61,+12.2,+21.4,NA	+6.32,+33.7,+21.5,OA	+6.65,+16.5,+21.5,HA	+6.95,-0.1,+19.9,EB	+2.25,+269.6,+20.6,CB	+6.93,+2.2,+20.0,GB	
1701405664.8339393	+6.61,+12.1,+21.4,MA	+6.32,+33.6,+21.5,NA	+6.65,+16.6,+21.4,JA	+6.95,-0.1,+19.9,EB	+2.25,+269.7,+20.6,BB	+6.93,+2.1,+20.0,DB	
1701405726.8431828	+6.61,+12.2,+21.4,NA	+6.33,+33.6,+21.5,OA	+6.65,+16.4,+21.4,HA	+6.95,-0.1,+19.9,EB	+2.25,+269.7,+20.6,BB	+6.93,+2.2,+20.0,GB	
1701405788.8515756	+6.61,+12.2,+21.4,NA	+6.33,+33.5,+21.5,LA	+6.65,+16.5,+21.4,IA	+6.95,-0.1,+19.9,EB	+2.24,+270.1,+20.6,MB	+6.93,+2.1,+19.9,GB	
1701405850.861088	+6.61,+12.2,+21.4,NA	+6.32,+33.6,+21.5,NA	+6.65,+16.5,+21.4,IA	+6.96,-0.1,+19.9,FB	+2.25,+269.8,+20.6,MB	+6.93,+2.2,+19.9,DB	
1701405912.8712232	+6.61,+12.1,+21.4,MA	+6.33,+33.6,+21.5,OA	+6.65,+16.4,+21.5,IA	+6.95,-0.1,+19.9,EB	+2.25,+269.7,+20.6,BB	+6.93,+2.2,+20.0,GB	
1701405974.8802652	+6.61,+12.2,+21.4,NA	+6.33,+33.6,+21.5,OA	+6.65,+16.5,+21.4,IA	+6.95,-0.1,+20.0,FB	+2.25,+269.7,+20.6,BB	+6.93,+2.2,+20.0,GB	
1701406036.889275	+6.61,+12.1,+21.4,MA	+6.32,+33.6,+21.5,NA	+6.65,+16.4,+21.5,IA	+6.95,-0.1,+19.9,EB	+2.25,+269.9,+20.6,LB	+6.93,+2.2,+19.9,DB	
1701406098.8993845	+6.61,+12.1,+21.4,MA	+6.32,+33.6,+21.5,NA	+6.65,+16.4,+21.5,IA	+6.95,-0.1,+20.0,FB	+2.25,+269.9,+20.6,LB	+6.93,+2.2,+20.0,GB	
1701406160.907159	+6.61,+12.1,+21.4,MA	+6.33,+33.6,+21.5,OA	+6.65,+16.4,+21.4,HA	+6.95,-0.1,+19.9,EB	+2.27,+268.7,+20.6,AB	+6.93,+2.2,+20.0,GB	
1701406222.91507	+6.61,+12.1,+21.4,MA	+6.32,+33.7,+21.5,OA	+6.65,+16.4,+21.5,IA	+6.95,-0.1,+19.9,EB	+2.25,+269.9,+20.6,LB	+6.93,+2.2,+19.9,DB	
1701406284.9225492	+6.62,+11.9,+21.4,EA	+6.32,+33.6,+21.5,NA	+6.65,+16.4,+21.5,IA	+6.95,-0.1,+20.0,FB	+2.25,+269.5,+20.6,@B	+6.93,+2.2,+20.0,GB	
1701406346.932236	+6.62,+11.9,+21.4,EA	+6.32,+33.6,+21.5,NA	+6.65,+16.4,+21.5,IA	+6.96,-0.2,+20.0,FB	+2.26,+269.4,+20.6,BB	+6.93,+2.2,+20.0,GB	
1701406408.940989	+6.62,+11.9,+21.4,EA	+6.33,+33.6,+21.5,OA	+6.65,+16.4,+21.5,IA	+6.95,-0.0,+19.9,DB	+2.25,+269.5,+20.6,@B	+6.93,+2.2,+20.0,GB	
1701406470.9501655	+6.62,+11.9,+21.5,DA	+6.32,+33.7,+21.5,OA	+6.65,+16.5,+21.4,IA	+6.96,-0.1,+20.0,EB	+2.25,+269.6,+20.6,CB	+6.93,+2.2,+20.0,GB	
1701406532.961388	+6.61,+12.0,+21.4,LA	+6.32,+33.6,+21.5,NA	+6.65,+16.5,+21.4,IA	+6.96,-0.1,+19.9,FB	+2.25,+269.5,+20.6,@B	+6.93,+2.2,+20.0,GB	
1701406594.97032	+6.62,+11.9,+21.4,EA	+6.32,+33.6,+21.5,NA	+6.65,+16.5,+21.5,HA	+6.95,-0.1,+20.0,FB	+2.25,+269.8,+20.6,MB	+6.93,+2.2,+20.0,GB	
1701406656.9808233	+6.61,+12.0,+21.4,LA	+6.32,+33.6,+21.5,NA	+6.65,+16.5,+21.5,HA	+6.95,-0.1,+20.0,FB	+2.25,+269.7,+20.6,BB	+6.93,+2.2,+20.0,GB	
1701406718.9908354	+6.61,+12.0,+21.4,LA	+6.32,+33.6,+21.5,NA	+6.65,+16.4,+21.5,IA	+6.95,-0.1,+20.0,FB	+2.25,+269.7,+20.6,BB	+6.93,+2.2,+20.0,GB	
1701406780.9988685	+6.61,+12.0,+21.4,LA	+6.32,+33.6,+21.5,NA	+6.65,+16.5,+21.5,HA	+6.95,-0.1,+20.0,FB	+2.25,+269.9,+20.6,LB	+6.93,+2.2,+20.0,GB	
1701406843.0091817	+6.62,+12.0,+21.4,OA	+6.33,+33.6,+21.5,OA	+6.65,+16.4,+21.5,IA	+6.95,-0.1,+19.9,EB	+2.25,+269.9,+20.6,LB	+6.93,+2.2,+20.0,GB	
1701406905.0162604	+6.61,+12.0,+21.4,LA	+6.33,+33.6,+21.5,OA	+6.65,+16.5,+21.5,HA	+6.95,-0.1,+20.0,FB	+2.25,+269.7,+20.6,BB	+6.93,+2.2,+20.0,GB	
1701406967.0245774	+6.61,+12.0,+21.4,LA	+6.33,+33.5,+21.5,LA	+6.65,+16.3,+21.5,NA	+6.95,-0.1,+20.0,FB	+2.25,+269.8,+20.6,MB	+6.93,+2.3,+20.0,FB	
1701407029.0344603	+6.61,+12.0,+21.4,LA	+6.33,+33.6,+21.5,OA	+6.65,+16.5,+21.5,HA	+6.95,-0.1,+20.0,FB	+2.26,+269.1,+20.7,FB	+6.93,+2.2,+20.0,GB	
1701407091.0419185	+6.61,+12.0,+21.4,LA	+6.33,+33.6,+21.5,OA	+6.65,+16.5,+21.5,HA	+6.95,-0.1,+20.0,FB	+2.25,+269.4,+20.6,AB	+6.93,+2.2,+20.0,GB	
1701407153.051455	+6.61,+12.0,+21.4,LA	+6.33,+33.6,+21.5,OA	+6.65,+16.4,+21.5,IA	+6.95,-0.1,+20.0,FB	+2.24,+270.0,+20.6,LB	+6.93,+2.2,+20.0,GB	
1701407215.0592158	+6.61,+12.0,+21.5,MA	+6.33,+33.6,+21.5,OA	+6.65,+16.4,+21.5,IA	+6.95,-0.0,+20.0,GB	+2.26,+269.4,+20.6,BB	+6.93,+2.1,+20.0,DB	
1701407277.069976	+6.61,+12.1,+21.5,LA	+6.33,+33.5,+21.5,LA	+6.65,+16.4,+21.5,IA	+6.95,-0.1,+20.0,FB	+2.25,+269.7,+20.6,BB	+6.93,+2.2,+20.0,GB	
1701407339.0814009	+6.61,+12.0,+21.5,MA	+6.33,+33.5,+21.5,LA	+6.65,+16.5,+21.5,HA	+6.95,-0.1,+20.0,FB	+2.25,+269.8,+20.6,MB	+6.93,+2.2,+20.0,GB	
1701407401.088835	+6.61,+12.1,+21.4,MA	+6.33,+33.5,+21.5,LA	+6.65,+16.4,+21.5,IA	+6.96,-0.1,+20.0,EB	+2.25,+269.9,+20.6,LB	+6.93,+2.2,+20.0,GB	
1701407463.0994534	+6.62,+12.0,+21.5,NA	+6.33,+33.6,+21.6,LA	+6.65,+16.4,+21.5,IA	+6.95,-0.1,+20.0,FB	+2.25,+269.9,+20.7,MB	+6.93,+2.2,+20.0,GB	
1701407525.1086452	+6.61,+12.0,+21.4,LA	+6.33,+33.5,+21.5,LA	+6.65,+16.5,+21.5,HA	+6.95,-0.1,+20.0,FB	+2.25,+270.0,+20.6,MB	+6.93,+2.2,+20.0,GB	
1701407587.1174877	+6.61,+12.0,+21.5,MA	+6.33,+33.5,+21.6,OA	+6.65,+16.4,+21.5,IA	+6.96,-0.2,+20.0,FB	+2.25,+269.6,+20.6,CB	+6.93,+2.2,+20.0,GB	
1701407649.1221066	+6.61,+12.1,+21.5,LA	+6.33,+33.5,+21.6,OA	+6.65,+16.4,+21.5,IA	+6.95,-0.1,+20.0,FB	+2.25,+269.6,+20.6,CB	+6.93,+2.2,+20.0,GB	
1701407711.1325483	+6.61,+12.0,+21.5,MA	+6.33,+33.5,+21.5,LA	+6.65,+16.4,+21.5,IA	+6.95,-0.1,+20.0,FB	+2.25,+269.7,+20.7,CB	+6.93,+2.3,+20.0,FB	
1701407773.141761	+6.61,+12.1,+21.5,LA	+6.33,+33.5,+21.5,LA	+6.65,+16.5,+21.5,HA	+6.95,-0.1,+20.0,FB	+2.25,+269.7,+20.7,CB	+6.93,+2.3,+20.0,FB	
1701407835.151018	+6.61,+12.0,+21.5,MA	+6.33,+33.5,+21.6,OA	+6.65,+16.4,+21.5,IA	+6.96,-0.2,+20.0,FB	+2.25,+269.9,+20.6,LB	+6.93,+2.2,+20.0,GB	
1701407897.1606472	+6.61,+12.1,+21.5,LA	+6.33,+33.6,+21.6,LA	+6.65,+16.4,+21.5,IA	+6.96,-0.1,+20.0,EB	+2.25,+270.0,+20.7,LB	+6.93,+2.2,+20.0,GB	
1701407959.1694443	+6.61,+12.0,+21.5,MA	+6.33,+33.5,+21.6,OA	+6.65,+16.3,+21.5,NA	+6.95,-0.1,+20.0,FB	+2.25,+269.8,+20.6,MB	+6.93,+2.2,+20.0,GB	
1701408021.1791677	+6.61,+12.1,+21.5,LA	+6.33,+33.5,+21.6,OA	+6.65,+16.4,+21.5,IA	+6.96,-0.1,+20.0,EB	+2.26,+269.2,+20.7,EB	+6.93,+2.2,+20.0,GB	
1701408083.1863067	+6.61,+12.0,+21.5,MA	+6.33,+33.6,+21.6,LA	+6.65,+16.4,+21.5,IA	+6.96,-0.1,+20.0,EB	+2.28,+268.2,+20.7,JB	+6.93,+2.2,+20.0,GB	
1701408145.1947453	+6.61,+12.1,+21.4,MA	+6.33,+33.5,+21.6,OA	+6.65,+16.3,+21.5,NA	+6.95,-0.1,+20.0,FB	+2.25,+269.9,+20.7,MB	+6.93,+2.3,+20.0,FB	
1701408207.2039158	+6.61,+12.0,+21.5,MA	+6.33,+33.5,+21.5,LA	+6.65,+16.4,+21.5,IA	+6.96,-0.1,+20.0,EB	+2.25,+269.7,+20.7,CB	+6.93,+2.3,+20.0,FB	
1701408269.2134962	+6.61,+12.1,+21.5,LA	+6.33,+33.6,+21.6,LA	+6.65,+16.5,+21.5,HA	+6.95,-0.1,+20.0,FB	+2.25,+269.7,+20.7,CB	+6.93,+2.3,+20.0,FB	
1701408331.2229233	+6.61,+12.1,+21.5,LA	+6.33,+33.5,+21.5,LA	+6.65,+16.3,+21.5,NA	+6.95,-0.1,+20.0,FB	+2.25,+269.9,+20.7,MB	+6.93,+2.3,+20.0,FB	
1701408393.2334166	+6.61,+12.1,+21.5,LA	+6.33,+33.5,+21.5,LA	+6.65,+16.4,+21.5,IA	+6.95,-0.1,+20.0,FB	+2.26,+269.4,+20.7,CB	+6.93,+2.2,+20.0,GB	
1701408455.2430289	+6.61,+12.1,+21.5,LA	+6.33,+33.5,+21.6,OA	+6.65,+16.4,+21.5,IA	+6.95,-0.1,+20.0,FB	+2.25,+269.5,+20.7,AB	+6.93,+2.2,+20.0,GB	
1701408517.2504075	+6.61,+12.1,+21.5,LA	+6.33,+33.5,+21.5,LA	+6.65,+16.4,+21.5,IA	+6.95,-0.1,+20.0,FB	+2.25,+269.6,+20.7,BB	+6.93,+2.3,+20.0,FB	
1701408762.798921	+6.61,+12.1,+21.5,LA	+6.33,+33.5,+21.6,OA	+6.65,+16.4,+21.5,IA	+6.95,-0.1,+20.0,FB	+2.26,+269.4,+20.7,CB	+6.93,+2.3,+20.0,FB	
