62309060476	62309060477	62309060478	62309060479	62309060481	62309060482	
1700155745.1689916	+6.51,+17.9,+21.0,GA	+6.49,+23.9,+21.0,IA	+2.91,+230.9,+21.1,IB	+2.63,+247.1,+19.5,CB	+2.40,+261.0,+20.3,KB	+2.86,+234.2,+19.5,OB	
1700155807.1768763	+6.51,+17.9,+20.9,OA	+6.49,+23.9,+21.0,IA	+2.91,+230.9,+21.2,JB	+2.63,+247.0,+19.5,BB	+2.40,+261.1,+20.3,JB	+2.85,+234.2,+19.4,MB	
1700155869.1868887	+6.51,+17.9,+20.9,OA	+6.49,+23.9,+21.0,IA	+2.91,+230.9,+21.1,IB	+2.63,+247.1,+19.6,@B	+2.40,+261.1,+20.3,JB	+2.85,+234.2,+19.4,MB	
1700155931.1944633	+6.51,+17.9,+21.0,GA	+6.49,+23.9,+21.0,IA	+2.91,+230.9,+21.1,IB	+2.63,+247.2,+19.5,@B	+2.40,+260.8,+20.3,BB	+2.86,+234.2,+19.4,NB	
1700155993.2032118	+6.51,+17.9,+20.9,OA	+6.49,+24.0,+21.0,GA	+2.91,+230.9,+21.1,IB	+2.63,+247.0,+19.5,BB	+2.39,+261.2,+20.3,GB	+2.85,+234.2,+19.4,MB	
1700156238.8183923	+6.51,+17.9,+20.9,OA	+6.49,+23.9,+20.9,AA	+2.91,+230.8,+21.1,HB	+2.63,+246.9,+19.5,JB	+2.42,+259.6,+20.3,DB	+2.86,+234.0,+19.4,LB	
1700156300.828021	+6.51,+17.9,+20.9,OA	+6.49,+23.9,+21.0,IA	+2.91,+230.9,+21.1,IB	+2.63,+246.9,+19.5,JB	+2.47,+256.5,+20.3,MB	+2.85,+234.2,+19.4,MB	
1700156362.834432	+6.51,+17.9,+20.9,OA	+6.49,+23.9,+21.0,IA	+2.91,+230.9,+21.1,IB	+2.64,+246.8,+19.5,LB	+2.49,+255.8,+20.3,MB	+2.85,+234.2,+19.4,MB	
1700156424.8418624	+6.51,+17.9,+20.9,OA	+6.49,+24.0,+21.0,GA	+2.91,+230.9,+21.1,IB	+2.64,+246.8,+19.5,LB	+2.48,+256.2,+20.3,EB	+2.86,+234.1,+19.4,MB	
1700156486.8507943	+6.51,+17.9,+20.9,OA	+6.49,+23.9,+21.0,IA	+2.91,+230.9,+21.1,IB	+2.63,+247.1,+19.5,CB	+2.47,+256.6,+20.3,NB	+2.86,+234.1,+19.4,MB	
1700156548.860969	+6.51,+17.9,+20.9,OA	+6.49,+24.0,+21.0,GA	+2.91,+230.8,+21.1,HB	+2.63,+247.1,+19.5,CB	+2.46,+257.1,+20.2,HB	+2.86,+234.1,+19.4,MB	
1700156610.8712435	+6.51,+17.9,+20.9,OA	+6.49,+23.9,+21.0,IA	+2.91,+230.9,+21.1,IB	+2.63,+247.2,+19.5,@B	+2.46,+257.3,+20.3,KB	+2.86,+234.1,+19.4,MB	
1700156672.880131	+6.51,+17.9,+20.9,OA	+6.49,+24.0,+20.9,OA	+2.91,+230.8,+21.1,HB	+2.63,+247.1,+19.5,CB	+2.45,+258.0,+20.3,DB	+2.86,+234.0,+19.4,LB	
1700156734.8888469	+6.51,+17.9,+20.9,OA	+6.49,+24.0,+21.0,GA	+2.91,+230.8,+21.1,HB	+2.63,+247.0,+19.5,BB	+2.44,+258.7,+20.3,BB	+2.86,+234.0,+19.4,LB	
1700156796.8988056	+6.51,+17.9,+20.9,OA	+6.49,+23.9,+21.0,IA	+2.91,+230.9,+21.1,IB	+2.63,+247.1,+19.5,CB	+2.44,+258.6,+20.3,CB	+2.86,+234.0,+19.4,LB	
1700156858.9093192	+6.51,+17.9,+20.9,OA	+6.49,+23.9,+21.0,IA	+2.91,+230.8,+21.1,HB	+2.63,+247.1,+19.5,CB	+2.44,+258.6,+20.3,CB	+2.86,+234.1,+19.4,MB	
1700156920.9206605	+6.51,+17.9,+20.9,OA	+6.49,+23.9,+21.0,IA	+2.91,+230.8,+21.1,HB	+2.63,+247.1,+19.5,CB	+2.43,+258.9,+20.3,KB	+2.86,+234.0,+19.4,LB	
1700156982.9279282	+6.51,+17.9,+20.9,OA	+6.49,+23.9,+21.0,IA	+2.91,+230.8,+21.1,HB	+2.63,+247.2,+19.5,@B	+2.43,+259.1,+20.3,BB	+2.86,+234.1,+19.4,MB	
1700157044.9360003	+6.51,+17.9,+20.9,OA	+6.49,+23.9,+21.0,IA	+2.91,+230.8,+21.1,HB	+2.63,+247.1,+19.5,CB	+2.45,+258.1,+20.3,EB	+2.86,+234.1,+19.4,MB	
1700157106.9473739	+6.51,+17.9,+20.9,OA	+6.49,+24.0,+21.0,GA	+2.91,+230.8,+21.1,HB	+2.63,+247.0,+19.5,BB	+2.44,+258.6,+20.2,BB	+2.85,+234.2,+19.4,MB	
1700157168.955718	+6.51,+17.8,+20.9,NA	+6.49,+23.9,+21.0,IA	+2.91,+230.7,+21.1,GB	+2.63,+247.0,+19.5,BB	+2.43,+259.2,+20.3,AB	+2.85,+234.1,+19.4,NB	
1700157230.961961	+6.51,+17.9,+20.9,OA	+6.49,+24.0,+21.0,GA	+2.91,+230.9,+21.1,IB	+2.63,+246.9,+19.5,JB	+2.43,+258.9,+20.3,KB	+2.85,+234.1,+19.4,NB	
1700157292.9717321	+6.51,+17.9,+20.9,OA	+6.49,+23.9,+21.0,IA	+2.91,+230.8,+21.1,HB	+2.63,+246.8,+19.5,KB	+2.42,+259.8,+20.3,JB	+2.85,+234.1,+19.4,NB	
1700157354.9821005	+6.51,+17.9,+20.9,OA	+6.49,+24.0,+21.0,GA	+2.91,+230.7,+21.0,FB	+2.64,+246.7,+19.5,CB	+2.42,+259.7,+20.3,EB	+2.85,+234.1,+19.4,NB	
1700157416.9904933	+6.51,+17.9,+20.9,OA	+6.49,+24.0,+20.9,OA	+2.91,+230.8,+21.1,HB	+2.63,+246.8,+19.5,KB	+2.41,+259.9,+20.2,IB	+2.86,+234.1,+19.4,MB	
1700157478.9982553	+6.51,+17.9,+20.9,OA	+6.49,+24.0,+20.9,OA	+2.91,+230.8,+21.1,HB	+2.64,+246.8,+19.5,LB	+2.41,+260.2,+20.3,IB	+2.85,+234.1,+19.4,NB	
1700157541.0092647	+6.51,+17.9,+20.9,OA	+6.49,+23.9,+20.9,AA	+2.91,+230.8,+21.1,HB	+2.63,+247.0,+19.4,CB	+2.41,+260.4,+20.2,NB	+2.85,+234.2,+19.4,MB	
1700157603.0188475	+6.51,+17.9,+20.9,OA	+6.49,+24.0,+20.9,OA	+2.91,+230.8,+21.0,IB	+2.63,+247.2,+19.4,AB	+2.40,+260.6,+20.2,MB	+2.85,+234.2,+19.4,MB	
1700157665.0256805	+6.51,+17.9,+20.9,OA	+6.49,+23.9,+20.9,AA	+2.91,+230.8,+21.0,IB	+2.62,+247.4,+19.5,GB	+2.41,+260.4,+20.3,OB	+2.85,+234.2,+19.4,MB	
1700157727.0363631	+6.51,+17.9,+20.9,OA	+6.49,+23.9,+20.9,AA	+2.91,+230.8,+21.1,HB	+2.63,+247.2,+19.4,AB	+2.40,+260.6,+20.2,MB	+2.85,+234.1,+19.3,IB	
1700157789.0461936	+6.51,+17.9,+20.9,OA	+6.49,+24.0,+20.9,OA	+2.91,+230.7,+21.0,FB	+2.63,+247.3,+19.4,@B	+2.39,+261.1,+20.2,EB	+2.85,+234.1,+19.4,NB	
1700157851.0548522	+6.51,+17.9,+20.9,OA	+6.49,+24.0,+20.9,OA	+2.91,+230.8,+21.0,IB	+2.63,+247.2,+19.4,AB	+2.39,+261.5,+20.2,AB	+2.85,+234.1,+19.4,NB	
1700157913.0635672	+6.51,+17.9,+20.9,OA	+6.49,+23.9,+20.9,AA	+2.91,+230.7,+21.0,FB	+2.63,+247.1,+19.4,BB	+2.40,+260.9,+20.2,BB	+2.86,+234.1,+19.3,JB	
1700157975.071145	+6.51,+17.9,+20.9,OA	+6.49,+24.0,+21.0,GA	+2.91,+230.8,+21.1,HB	+2.63,+247.0,+19.4,CB	+2.41,+260.3,+20.2,IB	+2.86,+234.1,+19.4,MB	
1700158037.0812485	+6.51,+17.9,+20.9,OA	+6.49,+23.9,+21.0,IA	+2.91,+230.8,+21.1,HB	+2.63,+246.9,+19.4,KB	+2.40,+260.9,+20.2,BB	+2.86,+234.1,+19.4,MB	
1700158099.0863967	+6.51,+17.9,+20.9,OA	+6.49,+24.0,+20.9,OA	+2.91,+230.8,+21.0,IB	+2.64,+246.5,+19.4,@B	+2.39,+261.1,+20.2,EB	+2.86,+234.0,+19.3,KB	
1700158161.0967104	+6.51,+17.9,+20.9,OA	+6.49,+23.9,+21.0,IA	+2.91,+230.8,+21.0,IB	+2.64,+246.6,+19.4,CB	+2.39,+261.3,+20.2,GB	+2.86,+234.1,+19.4,MB	
1700158223.1075854	+6.51,+17.9,+20.9,OA	+6.49,+23.9,+20.9,AA	+2.91,+230.8,+21.0,IB	+2.64,+246.5,+19.4,@B	+2.40,+261.0,+20.2,JB	+2.85,+234.1,+19.3,IB	
1700158285.117024	+6.51,+17.9,+20.9,OA	+6.49,+23.9,+20.9,AA	+2.91,+230.8,+21.0,IB	+2.64,+246.2,+19.4,GB	+2.40,+260.8,+20.2,CB	+2.86,+234.1,+19.3,JB	
1700158347.1261916	+6.51,+17.9,+20.9,OA	+6.49,+24.0,+20.9,OA	+2.91,+230.8,+21.0,IB	+2.65,+246.2,+19.4,FB	+2.39,+261.1,+20.2,EB	+2.86,+234.0,+19.3,KB	
1700158409.1353152	+6.51,+17.9,+20.9,OA	+6.49,+24.0,+20.9,OA	+2.91,+230.8,+21.0,IB	+2.64,+246.2,+19.4,GB	+2.39,+261.2,+20.2,FB	+2.86,+234.0,+19.3,KB	
1700158471.1459541	+6.51,+17.9,+20.9,OA	+6.49,+23.9,+20.9,AA	+2.91,+230.8,+21.0,IB	+2.64,+246.3,+19.4,FB	+2.39,+261.3,+20.2,GB	+2.86,+234.0,+19.3,KB	
1700158533.1559646	+6.51,+17.9,+20.9,OA	+6.49,+23.9,+20.9,AA	+2.91,+230.8,+21.0,IB	+2.64,+246.5,+19.4,@B	+2.40,+260.6,+20.2,MB	+2.86,+234.0,+19.3,KB	
1700158595.164399	+6.51,+17.9,+20.8,NA	+6.49,+23.9,+20.9,AA	+2.91,+230.8,+21.0,IB	+2.64,+246.3,+19.4,FB	+2.43,+259.0,+20.2,BB	+2.86,+234.0,+19.3,KB	
1700158657.1740308	+6.51,+17.9,+20.9,OA	+6.49,+24.0,+20.9,OA	+2.91,+230.8,+21.0,IB	+2.64,+246.2,+19.4,GB	+2.43,+259.0,+20.2,BB	+2.86,+234.0,+19.3,KB	
1700158719.1847827	+6.51,+17.9,+20.8,NA	+6.49,+23.9,+20.9,AA	+2.91,+230.8,+21.0,IB	+2.65,+246.1,+19.4,EB	+2.43,+259.2,+20.2,@B	+2.86,+234.0,+19.3,KB	
1700158781.1952069	+6.51,+17.9,+20.9,OA	+6.49,+23.9,+20.9,AA	+2.91,+230.8,+21.0,IB	+2.64,+246.3,+19.4,FB	+2.42,+259.4,+20.2,GB	+2.86,+234.0,+19.3,KB	
1700158843.199078	+6.51,+17.9,+20.9,OA	+6.49,+23.9,+20.9,AA	+2.91,+230.7,+21.0,FB	+2.64,+246.4,+19.4,AB	+2.42,+259.4,+20.2,GB	+2.86,+234.0,+19.3,KB	
1700158905.2059684	+6.51,+17.9,+20.9,OA	+6.49,+24.0,+20.9,OA	+2.91,+230.7,+21.0,FB	+2.64,+246.4,+19.4,AB	+2.42,+259.4,+20.2,GB	+2.86,+234.0,+19.3,KB	
1700158967.2178235	+6.51,+17.9,+20.9,OA	+6.49,+23.9,+20.9,AA	+2.91,+230.7,+21.0,FB	+2.64,+246.6,+19.4,CB	+2.42,+259.6,+20.2,EB	+2.86,+234.0,+19.3,KB	
1700159029.2279367	+6.51,+17.9,+20.9,OA	+6.49,+23.9,+20.9,AA	+2.91,+230.7,+21.0,FB	+2.63,+246.9,+19.4,KB	+2.42,+259.6,+20.2,EB	+2.86,+234.0,+19.3,KB	
1700159091.23838	+6.51,+17.9,+20.9,OA	+6.49,+23.9,+20.9,AA	+2.91,+230.7,+21.0,FB	+2.63,+247.0,+19.4,CB	+2.43,+259.3,+20.2,AB	+2.85,+234.1,+19.3,IB	
1700159153.2465467	+6.51,+17.9,+20.8,NA	+6.49,+23.9,+21.0,IA	+2.92,+230.7,+21.0,EB	+2.64,+246.7,+19.4,BB	+2.43,+259.1,+20.2,CB	+2.86,+234.0,+19.3,KB	
1700159215.2545643	+6.51,+17.9,+20.9,OA	+6.49,+23.9,+20.9,AA	+2.91,+230.7,+21.0,FB	+2.64,+246.6,+19.4,CB	+2.45,+258.0,+20.2,EB	+2.86,+233.9,+19.3,EB	
1700159277.2626557	+6.51,+17.9,+20.9,OA	+6.49,+24.0,+20.9,OA	+2.91,+230.7,+21.0,FB	+2.64,+246.6,+19.4,CB	+2.45,+258.1,+20.2,DB	+2.86,+234.0,+19.3,KB	
1700159339.271018	+6.51,+17.8,+20.9,NA	+6.49,+23.9,+20.9,AA	+2.91,+230.7,+21.0,FB	+2.63,+246.9,+19.4,KB	+2.44,+258.7,+20.2,CB	+2.86,+233.9,+19.3,EB	
1700159401.2810826	+6.51,+17.9,+20.9,OA	+6.49,+24.0,+20.9,OA	+2.91,+230.7,+21.0,FB	+2.63,+246.8,+19.4,JB	+2.42,+259.5,+20.2,FB	+2.86,+233.9,+19.3,EB	
1700159463.2904735	+6.51,+17.9,+20.9,OA	+6.49,+23.9,+20.9,AA	+2.91,+230.7,+21.0,FB	+2.63,+246.8,+19.4,JB	+2.42,+259.5,+20.2,FB	+2.86,+234.0,+19.3,KB	
1700159525.3014762	+6.51,+17.9,+20.9,OA	+6.49,+23.9,+20.9,AA	+2.91,+230.7,+21.0,FB	+2.63,+246.8,+19.4,JB	+2.42,+259.4,+20.2,GB	+2.86,+233.9,+19.3,EB	
1700159587.3098793	+6.51,+17.8,+20.9,NA	+6.49,+24.0,+20.9,OA	+2.91,+230.7,+21.0,FB	+2.64,+246.7,+19.4,BB	+2.44,+258.5,+20.2,AB	+2.86,+234.0,+19.3,KB	
1700159649.3186405	+6.51,+17.9,+20.9,OA	+6.49,+23.9,+20.9,AA	+2.91,+230.7,+21.0,FB	+2.63,+246.9,+19.4,KB	+2.44,+258.6,+20.2,BB	+2.86,+233.9,+19.3,EB	
1700159711.3283541	+6.51,+17.9,+20.9,OA	+6.49,+23.9,+20.9,AA	+2.91,+230.7,+21.0,FB	+2.63,+247.0,+19.4,CB	+2.43,+259.2,+20.2,@B	+2.86,+233.9,+19.3,EB	
1700159773.3354726	+6.51,+17.9,+20.9,OA	+6.49,+23.9,+20.9,AA	+2.91,+230.7,+21.0,FB	+2.63,+246.8,+19.4,JB	+2.41,+259.9,+20.2,IB	+2.86,+233.9,+19.3,EB	
1700159835.3457592	+6.51,+17.9,+20.9,OA	+6.49,+23.9,+20.9,AA	+2.91,+230.7,+21.0,FB	+2.63,+246.9,+19.4,KB	+2.42,+259.7,+20.2,DB	+2.86,+233.9,+19.3,EB	
1700160080.9136403	+6.51,+17.9,+20.9,OA	+6.49,+23.9,+20.9,AA	+2.92,+230.6,+21.0,DB	+2.64,+246.6,+19.4,CB	+2.44,+258.6,+20.1,AB	+2.86,+233.7,+19.3,KB	
1700160142.9222257	+6.51,+17.9,+20.9,OA	+6.49,+23.9,+20.9,AA	+2.91,+230.7,+21.0,FB	+2.64,+246.3,+19.4,FB	+2.44,+258.5,+20.2,AB	+2.86,+233.9,+19.3,EB	
1700160204.9295433	+6.51,+17.9,+20.9,OA	+6.49,+24.0,+20.9,OA	+2.91,+230.7,+21.0,FB	+2.64,+246.2,+19.4,GB	+2.44,+258.3,+20.1,DB	+2.86,+234.0,+19.3,KB	
1700160266.9383433	+6.51,+17.9,+20.9,OA	+6.49,+24.0,+20.9,OA	+2.91,+230.7,+21.0,FB	+2.64,+246.4,+19.4,AB	+2.51,+254.2,+20.1,MB	+2.86,+234.0,+19.3,KB	
1700160328.9479027	+6.51,+17.9,+20.9,OA	+6.49,+23.9,+20.9,AA	+2.91,+230.7,+21.0,FB	+2.64,+246.7,+19.4,BB	+2.52,+253.6,+20.2,NB	+2.86,+234.0,+19.3,KB	
1700160390.9574351	+6.51,+17.9,+20.9,OA	+6.49,+23.9,+20.9,AA	+2.91,+230.7,+21.0,FB	+2.64,+246.6,+19.4,CB	+2.52,+253.6,+20.1,MB	+2.86,+233.9,+19.3,EB	
1700160452.9672585	+6.51,+17.9,+20.9,OA	+6.49,+23.9,+20.9,AA	+2.91,+230.7,+21.0,FB	+2.64,+246.4,+19.4,AB	+2.52,+253.5,+20.2,MB	+2.86,+233.9,+19.3,EB	
1700160514.9776404	+6.51,+17.9,+20.9,OA	+6.49,+23.9,+20.9,AA	+2.91,+230.7,+21.0,FB	+2.64,+246.2,+19.4,GB	+2.52,+253.6,+20.2,NB	+2.86,+234.0,+19.3,KB	
1700160576.98913	+6.51,+17.9,+20.9,OA	+6.49,+23.9,+21.0,IA	+2.91,+230.6,+21.0,GB	+2.65,+246.0,+19.4,DB	+2.51,+254.1,+20.1,NB	+2.86,+234.0,+19.3,KB	
1700160638.9940984	+6.51,+17.9,+20.9,OA	+6.49,+23.9,+20.9,AA	+2.91,+230.7,+21.0,FB	+2.65,+246.1,+19.4,EB	+2.50,+254.8,+20.1,FB	+2.86,+233.9,+19.3,EB	
1700160701.000136	+6.51,+17.9,+20.9,OA	+6.49,+23.9,+20.9,AA	+2.91,+230.7,+21.0,FB	+2.64,+246.4,+19.4,AB	+2.50,+254.9,+20.2,DB	+2.86,+233.9,+19.3,EB	
1700160763.0077107	+6.51,+17.9,+20.9,OA	+6.49,+23.9,+20.9,AA	+2.91,+230.7,+21.0,FB	+2.64,+246.3,+19.4,FB	+2.55,+252.2,+20.2,LB	+2.86,+233.9,+19.3,EB	
1700160825.0160532	+6.51,+17.9,+20.9,OA	+6.49,+23.9,+21.0,IA	+2.92,+230.6,+21.0,DB	+2.64,+246.4,+19.4,AB	+2.54,+252.7,+20.1,KB	+2.86,+233.9,+19.3,EB	
1700160887.0287523	+6.51,+17.9,+20.9,OA	+6.49,+23.9,+20.9,AA	+2.91,+230.7,+21.0,FB	+2.64,+246.6,+19.4,CB	+2.53,+253.0,+20.1,JB	+2.86,+233.9,+19.3,EB	
1700160949.036361	+6.51,+17.9,+20.9,OA	+6.49,+24.0,+20.9,OA	+2.91,+230.7,+21.0,FB	+2.64,+246.4,+19.4,AB	+2.53,+253.5,+20.2,LB	+2.86,+233.9,+19.3,EB	
1700161011.0436022	+6.51,+17.9,+20.9,OA	+6.49,+23.9,+20.9,AA	+2.91,+230.7,+21.0,FB	+2.64,+246.5,+19.4,@B	+2.52,+253.8,+20.2,@B	+2.86,+233.9,+19.3,EB	
1700161073.0504148	+6.51,+17.9,+20.9,OA	+6.49,+23.9,+20.9,AA	+2.91,+230.7,+21.0,FB	+2.64,+246.4,+19.4,AB	+2.51,+254.3,+20.1,LB	+2.86,+233.9,+19.3,EB	
1700161135.0610516	+6.51,+17.9,+20.9,OA	+6.49,+23.9,+20.9,AA	+2.91,+230.7,+21.0,FB	+2.64,+246.3,+19.4,FB	+2.50,+254.8,+20.1,FB	+2.86,+233.9,+19.3,EB	
1700161197.0718722	+6.51,+17.9,+20.9,OA	+6.49,+24.0,+20.9,OA	+2.91,+230.7,+21.0,FB	+2.64,+246.2,+19.4,GB	+2.50,+255.0,+20.1,OB	+2.86,+233.9,+19.3,EB	
1700161259.079696	+6.51,+17.9,+20.9,OA	+6.49,+23.9,+20.9,AA	+2.91,+230.7,+21.0,FB	+2.65,+246.1,+19.4,EB	+2.49,+255.3,+20.2,GB	+2.86,+233.9,+19.3,EB	
1700161321.0873358	+6.51,+17.9,+20.9,OA	+6.49,+24.0,+20.9,OA	+2.91,+230.7,+21.0,FB	+2.64,+246.4,+19.4,AB	+2.48,+255.8,+20.1,NB	+2.86,+233.9,+19.3,EB	
1700161383.094849	+6.51,+17.9,+20.9,OA	+6.49,+23.9,+20.9,AA	+2.91,+230.7,+21.0,FB	+2.64,+246.6,+19.4,CB	+2.49,+255.7,+20.2,CB	+2.86,+234.0,+19.3,KB	
1700161445.105542	+6.51,+17.9,+20.9,OA	+6.49,+23.9,+20.9,AA	+2.91,+230.7,+21.0,FB	+2.64,+246.7,+19.4,BB	+2.49,+255.5,+20.1,BB	+2.85,+234.0,+19.3,HB	
1700161507.110569	+6.51,+17.9,+20.9,OA	+6.49,+24.0,+20.9,OA	+2.91,+230.7,+21.0,FB	+2.64,+246.5,+19.3,GB	+2.50,+254.8,+20.1,FB	+2.86,+233.9,+19.3,EB	
1700161569.1200888	+6.51,+17.9,+20.9,OA	+6.49,+23.9,+20.9,AA	+2.91,+230.7,+21.0,FB	+2.64,+246.4,+19.4,AB	+2.49,+255.4,+20.1,CB	+2.86,+233.9,+19.3,EB	
1700161631.1293309	+6.51,+17.9,+20.9,OA	+6.49,+24.0,+20.9,OA	+2.91,+230.7,+21.0,FB	+2.64,+246.5,+19.4,@B	+2.49,+255.3,+20.1,DB	+2.86,+233.9,+19.3,EB	
1700161693.1380455	+6.51,+17.9,+20.9,OA	+6.49,+23.9,+20.9,AA	+2.91,+230.7,+21.0,FB	+2.64,+246.3,+19.3,AB	+2.49,+255.4,+20.1,CB	+2.86,+233.9,+19.3,EB	
1700161755.148332	+6.51,+17.9,+20.9,OA	+6.49,+23.9,+20.9,AA	+2.91,+230.7,+21.0,FB	+2.64,+246.6,+19.4,CB	+2.49,+255.8,+20.1,OB	+2.86,+233.9,+19.3,EB	
1700161817.157664	+6.51,+17.9,+20.9,OA	+6.49,+23.9,+21.0,IA	+2.92,+230.6,+21.0,DB	+2.63,+246.9,+19.4,KB	+2.48,+256.2,+20.1,GB	+2.86,+233.9,+19.3,EB	
1700161879.1674519	+6.51,+17.9,+20.9,OA	+6.49,+23.9,+20.9,AA	+2.91,+230.7,+21.0,FB	+2.63,+246.8,+19.3,MB	+2.48,+256.2,+20.1,GB	+2.86,+233.9,+19.3,EB	
1700161941.1772735	+6.51,+17.9,+20.9,OA	+6.49,+23.9,+20.9,AA	+2.91,+230.7,+21.0,FB	+2.63,+246.8,+19.4,JB	+2.48,+256.3,+20.2,EB	+2.86,+233.9,+19.3,EB	
1700162003.1859596	+6.51,+17.9,+20.9,OA	+6.49,+23.9,+21.0,IA	+2.91,+230.7,+21.0,FB	+2.65,+245.5,+19.3,EB	+2.47,+256.4,+20.1,NB	+2.86,+233.9,+19.3,EB	
1700162065.1947284	+6.51,+17.9,+20.9,OA	+6.49,+23.9,+20.9,AA	+2.91,+230.7,+21.0,FB	+2.65,+245.8,+19.4,OB	+2.48,+256.3,+20.1,FB	+2.86,+233.9,+19.3,EB	
1700162127.202463	+6.51,+17.9,+20.9,OA	+6.49,+23.9,+21.0,IA	+2.91,+230.6,+21.0,GB	+2.65,+245.9,+19.3,IB	+2.48,+256.1,+20.1,DB	+2.86,+233.9,+19.3,EB	
1700162189.2105823	+6.51,+18.0,+20.9,IA	+6.49,+23.9,+20.9,AA	+2.91,+230.7,+21.0,FB	+2.65,+246.0,+19.4,DB	+2.48,+256.3,+20.1,FB	+2.86,+233.9,+19.3,EB	
1700162251.2006824	+6.51,+17.9,+20.9,OA	+6.49,+23.9,+20.9,AA	+2.92,+230.6,+21.0,DB	+2.65,+245.8,+19.3,HB	+2.47,+256.4,+20.1,NB	+2.86,+233.9,+19.3,EB	
1700162313.209942	+6.51,+17.9,+20.9,OA	+6.49,+23.9,+20.9,AA	+2.91,+230.7,+21.0,FB	+2.65,+245.6,+19.3,FB	+2.47,+256.4,+20.2,MB	+2.86,+233.8,+19.3,DB	
1700162375.2195802	+6.51,+17.9,+20.9,OA	+6.49,+23.9,+21.0,IA	+2.91,+230.7,+21.0,FB	+2.66,+245.4,+19.4,@B	+2.48,+256.1,+20.1,DB	+2.86,+233.9,+19.3,EB	
1700162437.2302492	+6.51,+17.9,+20.9,OA	+6.49,+23.9,+20.9,AA	+2.91,+230.7,+21.0,FB	+2.66,+245.4,+19.3,GB	+2.48,+256.2,+20.1,GB	+2.86,+233.9,+19.3,EB	
1700162499.2379081	+6.51,+17.9,+20.9,OA	+6.49,+23.9,+20.9,AA	+2.91,+230.7,+21.0,FB	+2.66,+245.5,+19.4,AB	+2.47,+256.5,+20.1,OB	+2.86,+233.9,+19.3,EB	
1700162561.2485163	+6.51,+17.8,+20.9,NA	+6.49,+23.9,+20.9,AA	+2.91,+230.6,+21.0,GB	+2.66,+245.5,+19.4,AB	+2.47,+256.8,+20.1,BB	+2.86,+233.9,+19.3,EB	
1700162623.2563338	+6.51,+17.9,+20.9,OA	+6.49,+23.9,+20.9,AA	+2.91,+230.7,+21.0,FB	+2.66,+245.5,+19.4,AB	+2.49,+255.5,+20.1,BB	+2.86,+233.9,+19.3,EB	
1700162685.264744	+6.51,+18.0,+20.9,IA	+6.49,+23.9,+20.9,AA	+2.91,+230.7,+21.0,FB	+2.66,+245.2,+19.3,AB	+2.50,+254.8,+20.1,FB	+2.86,+233.9,+19.3,EB	
1700162747.2753994	+6.51,+17.9,+20.9,OA	+6.49,+23.9,+20.9,AA	+2.91,+230.6,+21.0,GB	+2.66,+245.1,+19.3,BB	+2.50,+254.9,+20.1,GB	+2.86,+233.9,+19.3,EB	
1700162809.2834241	+6.51,+17.9,+20.9,OA	+6.49,+23.9,+20.9,AA	+2.91,+230.6,+21.0,GB	+2.66,+245.3,+19.3,@B	+2.51,+254.2,+20.1,MB	+2.86,+233.9,+19.3,EB	
1700162871.291185	+6.51,+17.9,+20.9,OA	+6.49,+23.9,+20.9,AA	+2.91,+230.7,+21.0,FB	+2.66,+245.5,+19.3,FB	+2.51,+254.5,+20.1,JB	+2.86,+233.9,+19.3,EB	
1700162933.2987242	+6.51,+17.9,+20.9,OA	+6.49,+23.9,+20.9,AA	+2.91,+230.6,+21.0,GB	+2.66,+245.5,+19.3,FB	+2.50,+255.0,+20.1,OB	+2.86,+233.9,+19.3,EB	
1700162995.3076606	+6.51,+17.9,+20.9,OA	+6.49,+23.9,+20.9,AA	+2.92,+230.6,+20.9,LB	+2.66,+245.4,+19.3,GB	+2.49,+255.3,+20.1,DB	+2.86,+233.9,+19.3,EB	
1700163057.3169272	+6.51,+17.9,+20.9,OA	+6.49,+24.0,+20.9,OA	+2.92,+230.6,+21.0,DB	+2.66,+245.3,+19.3,@B	+2.49,+255.4,+20.1,CB	+2.86,+233.9,+19.3,EB	
1700163119.3246746	+6.51,+17.9,+20.9,OA	+6.49,+23.9,+20.9,AA	+2.91,+230.6,+21.0,GB	+2.66,+245.0,+19.4,DB	+2.49,+255.4,+20.1,CB	+2.86,+233.9,+19.3,EB	
1700163181.335267	+6.51,+17.8,+20.9,NA	+6.49,+23.9,+20.9,AA	+2.91,+230.6,+21.0,GB	+2.66,+245.3,+19.3,@B	+2.49,+255.7,+20.1,@B	+2.86,+233.9,+19.3,EB	
1700163243.345124	+6.51,+17.9,+20.9,OA	+6.49,+23.9,+21.0,IA	+2.92,+230.6,+21.0,DB	+2.66,+245.4,+19.3,GB	+2.48,+255.8,+20.1,NB	+2.86,+233.9,+19.3,EB	
1700163305.3544083	+6.51,+17.9,+20.9,OA	+6.49,+23.9,+20.9,AA	+2.91,+230.7,+21.0,FB	+2.66,+245.3,+19.3,@B	+2.48,+256.1,+20.1,DB	+2.86,+233.8,+19.3,DB	
1700163367.363248	+6.51,+17.9,+20.9,OA	+6.49,+23.9,+21.0,IA	+2.92,+230.6,+21.0,DB	+2.66,+245.2,+19.3,AB	+2.48,+256.2,+20.1,GB	+2.86,+233.8,+19.3,DB	
1700163429.3730624	+6.51,+17.9,+20.9,OA	+6.49,+23.9,+21.0,IA	+2.91,+230.7,+21.0,FB	+2.66,+245.1,+19.3,BB	+2.48,+256.3,+20.1,FB	+2.86,+233.8,+19.3,DB	
1700163491.3823533	+6.51,+17.8,+20.9,NA	+6.49,+23.9,+21.0,IA	+2.91,+230.6,+21.0,GB	+2.66,+245.3,+19.3,@B	+2.47,+256.4,+20.1,NB	+2.86,+233.8,+19.3,DB	
1700163553.3926358	+6.51,+17.9,+20.9,OA	+6.49,+23.9,+21.0,IA	+2.91,+230.7,+21.0,FB	+2.66,+245.4,+19.3,GB	+2.47,+256.5,+20.1,OB	+2.86,+233.8,+19.3,DB	
1700163615.4024098	+6.51,+17.9,+20.9,OA	+6.49,+23.9,+21.0,IA	+2.91,+230.6,+21.0,GB	+2.66,+245.5,+19.3,FB	+2.48,+256.2,+20.1,GB	+2.86,+233.9,+19.3,EB	
1700163677.4097843	+6.51,+17.9,+20.9,OA	+6.49,+24.0,+20.9,OA	+2.91,+230.7,+21.0,FB	+2.66,+245.3,+19.3,@B	+2.47,+256.5,+20.1,OB	+2.86,+233.8,+19.3,DB	
1700163923.0069191	+6.51,+17.9,+20.9,OA	+6.49,+23.9,+20.9,AA	+2.91,+230.6,+21.0,GB	+2.66,+245.2,+19.3,AB	+2.48,+256.3,+20.1,FB	+2.86,+233.6,+19.3,JB	
1700163985.017098	+6.51,+17.9,+20.9,OA	+6.49,+23.9,+20.9,AA	+2.91,+230.6,+20.9,OB	+2.66,+245.3,+19.3,@B	+2.47,+256.5,+20.1,OB	+2.86,+233.9,+19.3,EB	
1700164047.0266545	+6.51,+17.9,+20.9,OA	+6.49,+24.0,+20.9,OA	+2.91,+230.6,+20.9,OB	+2.66,+245.2,+19.3,AB	+2.48,+256.3,+20.1,FB	+2.86,+233.9,+19.3,EB	
1700164109.0367463	+6.51,+17.9,+20.9,OA	+6.49,+23.9,+21.0,IA	+2.91,+230.6,+20.9,OB	+2.66,+245.0,+19.3,CB	+2.47,+256.5,+20.1,OB	+2.86,+233.9,+19.3,EB	
1700164171.046128	+6.51,+17.9,+20.9,OA	+6.49,+23.9,+20.9,AA	+2.91,+230.7,+20.9,NB	+2.66,+245.2,+19.3,AB	+2.47,+256.6,+20.1,LB	+2.86,+233.9,+19.3,EB	
1700164233.0528855	+6.51,+17.9,+20.9,OA	+6.49,+23.9,+20.9,AA	+2.91,+230.6,+20.9,OB	+2.66,+245.2,+19.3,AB	+2.47,+256.7,+20.1,MB	+2.86,+233.9,+19.3,EB	
1700164295.0622637	+6.51,+17.9,+20.9,OA	+6.49,+23.9,+21.0,IA	+2.92,+230.6,+21.0,DB	+2.66,+245.2,+19.3,AB	+2.48,+256.2,+20.1,GB	+2.86,+233.9,+19.3,EB	
1700164357.0726023	+6.51,+18.0,+20.9,IA	+6.49,+23.9,+20.9,AA	+2.91,+230.6,+20.9,OB	+2.66,+245.1,+19.3,BB	+2.47,+256.8,+20.1,BB	+2.86,+234.0,+19.3,KB	
1700164419.0771723	+6.51,+17.9,+20.9,OA	+6.49,+23.9,+20.9,AA	+2.91,+230.7,+21.0,FB	+2.66,+245.3,+19.3,@B	+2.46,+257.0,+20.1,JB	+2.86,+233.9,+19.3,EB	
1700164481.0877748	+6.51,+17.9,+20.9,OA	+6.49,+23.9,+20.9,AA	+2.91,+230.6,+21.0,GB	+2.66,+245.5,+19.3,FB	+2.49,+255.6,+20.1,AB	+2.86,+233.9,+19.3,EB	
1700164543.0954845	+6.51,+18.0,+20.9,IA	+6.49,+23.8,+20.9,@A	+2.92,+230.6,+21.0,DB	+2.65,+245.7,+19.3,GB	+2.49,+255.6,+20.1,AB	+2.86,+233.9,+19.3,EB	
1700164605.1038327	+6.51,+17.9,+20.9,OA	+6.49,+23.8,+21.0,HA	+2.92,+230.6,+21.0,DB	+2.66,+245.4,+19.3,GB	+2.50,+255.1,+20.1,NB	+2.86,+233.9,+19.3,EB	
1700164667.1155639	+6.51,+17.9,+20.9,OA	+6.49,+23.9,+20.9,AA	+2.91,+230.6,+20.9,OB	+2.66,+245.4,+19.3,GB	+2.51,+254.2,+20.1,MB	+2.86,+233.9,+19.3,EB	
1700164729.1220229	+6.51,+17.9,+20.9,OA	+6.49,+23.9,+21.0,IA	+2.91,+230.6,+21.0,GB	+2.65,+245.7,+19.3,GB	+2.52,+253.9,+20.1,BB	+2.86,+233.8,+19.3,DB	
1700164791.132059	+6.51,+17.9,+20.9,OA	+6.49,+24.0,+21.0,GA	+2.91,+230.6,+21.0,GB	+2.65,+245.6,+19.3,FB	+2.51,+254.1,+20.1,NB	+2.86,+233.9,+19.3,EB	
1700164853.1407259	+6.51,+17.9,+20.9,OA	+6.49,+23.9,+21.0,IA	+2.91,+230.7,+21.0,FB	+2.65,+245.6,+19.3,FB	+2.51,+254.4,+20.1,KB	+2.86,+233.9,+19.3,EB	
1700164915.150386	+6.51,+17.9,+20.9,OA	+6.49,+23.9,+20.9,AA	+2.91,+230.6,+21.0,GB	+2.66,+245.5,+19.3,FB	+2.50,+254.8,+20.1,FB	+2.86,+233.9,+19.3,EB	
1700164977.159003	+6.51,+17.9,+20.9,OA	+6.49,+23.9,+21.0,IA	+2.92,+230.6,+21.0,DB	+2.65,+245.6,+19.3,FB	+2.49,+255.2,+20.1,EB	+2.86,+233.9,+19.3,EB	
1700165039.1676524	+6.51,+17.9,+20.9,OA	+6.49,+23.9,+21.0,IA	+2.91,+230.6,+21.0,GB	+2.65,+245.7,+19.3,GB	+2.49,+255.7,+20.1,@B	+2.86,+233.9,+19.3,EB	
1700165101.1774583	+6.51,+17.9,+20.9,OA	+6.49,+23.9,+21.0,IA	+2.91,+230.7,+21.0,FB	+2.66,+245.2,+19.3,AB	+2.49,+255.7,+20.1,@B	+2.86,+233.9,+19.3,EB	
1700165163.185714	+6.51,+17.9,+20.9,OA	+6.49,+23.9,+21.0,IA	+2.91,+230.7,+21.0,FB	+2.67,+244.9,+19.3,JB	+2.48,+256.0,+20.1,EB	+2.86,+233.9,+19.3,EB	
1700165225.1948237	+6.51,+17.9,+20.9,OA	+6.49,+23.9,+21.0,IA	+2.91,+230.6,+20.9,OB	+2.67,+244.9,+19.3,JB	+2.47,+256.4,+20.1,NB	+2.86,+233.9,+19.3,EB	
1700165287.2038155	+6.51,+17.9,+20.9,OA	+6.49,+23.9,+20.9,AA	+2.91,+230.6,+20.9,OB	+2.67,+244.9,+19.3,JB	+2.47,+256.8,+20.1,BB	+2.86,+233.9,+19.3,EB	
1700165349.2123144	+6.51,+17.9,+20.9,OA	+6.49,+23.9,+20.9,AA	+2.91,+230.7,+20.9,NB	+2.66,+245.0,+19.3,CB	+2.47,+256.8,+20.1,BB	+2.86,+233.9,+19.3,EB	
1700165411.2187254	+6.51,+17.9,+20.9,OA	+6.49,+23.9,+21.0,IA	+2.91,+230.6,+21.0,GB	+2.66,+245.1,+19.3,BB	+2.46,+256.9,+20.1,BB	+2.86,+233.9,+19.3,EB	
1700165473.228343	+6.51,+17.9,+20.9,OA	+6.49,+23.9,+20.9,AA	+2.91,+230.6,+20.9,OB	+2.66,+245.0,+19.3,CB	+2.47,+256.6,+20.1,LB	+2.86,+233.9,+19.3,EB	
1700165535.238477	+6.51,+17.9,+20.9,OA	+6.49,+23.9,+20.9,AA	+2.91,+230.7,+20.9,NB	+2.67,+244.9,+19.3,JB	+2.48,+256.3,+20.1,FB	+2.86,+234.0,+19.3,KB	
1700165597.2459161	+6.51,+17.9,+20.9,OA	+6.49,+23.9,+20.9,AA	+2.91,+230.6,+21.0,GB	+2.66,+245.2,+19.3,AB	+2.47,+256.4,+20.1,NB	+2.86,+233.9,+19.3,EB	
1700165659.2539315	+6.51,+17.9,+20.9,OA	+6.49,+24.0,+20.9,OA	+2.91,+230.7,+21.0,FB	+2.65,+245.5,+19.3,EB	+2.48,+256.3,+20.1,FB	+2.86,+234.0,+19.3,KB	
1700165721.2633932	+6.51,+17.9,+20.9,OA	+6.49,+23.9,+20.9,AA	+2.91,+230.7,+20.9,NB	+2.65,+245.6,+19.3,FB	+2.47,+256.7,+20.1,MB	+2.86,+233.9,+19.3,EB	
1700165783.2723212	+6.51,+17.9,+20.9,OA	+6.49,+23.9,+20.9,AA	+2.91,+230.7,+20.9,NB	+2.65,+245.8,+19.3,HB	+2.46,+257.0,+20.1,JB	+2.86,+234.0,+19.3,KB	
1700165845.2806556	+6.51,+17.9,+20.9,OA	+6.49,+23.9,+20.9,AA	+2.91,+230.6,+20.9,OB	+2.65,+245.7,+19.3,GB	+2.46,+257.0,+20.1,JB	+2.86,+234.0,+19.3,KB	
1700165907.2884786	+6.51,+17.9,+20.9,OA	+6.49,+23.9,+20.9,AA	+2.91,+230.6,+20.9,OB	+2.65,+245.6,+19.3,FB	+2.46,+257.3,+20.1,IB	+2.86,+234.0,+19.3,KB	
1700165969.297683	+6.51,+17.9,+20.9,OA	+6.49,+23.9,+20.9,AA	+2.91,+230.6,+20.9,OB	+2.65,+245.7,+19.3,GB	+2.47,+256.4,+20.1,NB	+2.86,+234.0,+19.3,KB	
1700166031.308329	+6.51,+17.9,+20.9,OA	+6.49,+23.9,+21.0,IA	+2.92,+230.6,+20.9,LB	+2.65,+245.6,+19.3,FB	+2.46,+256.9,+20.1,BB	+2.86,+233.9,+19.3,EB	
1700166093.316382	+6.51,+17.9,+20.9,OA	+6.49,+23.9,+20.9,AA	+2.91,+230.6,+20.9,OB	+2.65,+245.6,+19.3,FB	+2.46,+257.3,+20.1,IB	+2.86,+233.9,+19.3,EB	
1700166155.3271618	+6.51,+17.9,+20.9,OA	+6.49,+23.9,+20.9,AA	+2.91,+230.6,+20.9,OB	+2.65,+245.7,+19.3,GB	+2.45,+257.5,+20.1,LB	+2.86,+233.9,+19.3,EB	
1700166217.3363457	+6.51,+17.9,+20.9,OA	+6.49,+23.9,+21.0,IA	+2.91,+230.6,+20.9,OB	+2.65,+245.7,+19.3,GB	+2.46,+257.4,+20.1,NB	+2.86,+233.9,+19.3,EB	
1700166279.345706	+6.51,+17.9,+20.9,OA	+6.49,+23.9,+20.9,AA	+2.91,+230.6,+20.9,OB	+2.65,+245.7,+19.3,GB	+2.45,+257.6,+20.1,OB	+2.86,+233.9,+19.3,EB	
1700166341.3521705	+6.51,+17.9,+20.9,OA	+6.49,+23.9,+20.9,AA	+2.91,+230.6,+20.9,OB	+2.65,+245.7,+19.3,GB	+2.46,+257.3,+20.1,IB	+2.86,+233.9,+19.3,EB	
1700166403.359492	+6.51,+17.9,+20.9,OA	+6.49,+23.9,+20.9,AA	+2.92,+230.6,+20.9,LB	+2.65,+245.6,+19.3,FB	+2.46,+257.0,+20.1,JB	+2.86,+233.9,+19.3,EB	
1700166465.3671756	+6.51,+17.9,+20.9,OA	+6.49,+24.0,+20.9,OA	+2.91,+230.6,+20.9,OB	+2.65,+245.7,+19.3,GB	+2.49,+255.7,+20.1,@B	+2.86,+234.0,+19.3,KB	
1700166527.3796167	+6.51,+17.9,+20.9,OA	+6.49,+23.9,+21.0,IA	+2.91,+230.6,+20.9,OB	+2.65,+245.7,+19.3,GB	+2.48,+255.8,+20.1,NB	+2.86,+233.9,+19.3,EB	
1700166589.3878899	+6.51,+17.9,+20.9,OA	+6.49,+23.9,+21.0,IA	+2.92,+230.6,+20.9,LB	+2.65,+245.6,+19.3,FB	+2.48,+256.0,+20.1,EB	+2.86,+233.9,+19.2,DB	
1700166651.3983822	+6.51,+17.9,+20.9,OA	+6.49,+23.9,+20.9,AA	+2.92,+230.6,+20.9,LB	+2.65,+245.7,+19.3,GB	+2.47,+256.3,+20.1,IB	+2.86,+233.9,+19.3,EB	
1700166713.4069107	+6.51,+17.9,+20.9,OA	+6.49,+23.9,+20.9,AA	+2.91,+230.7,+20.9,NB	+2.65,+245.7,+19.3,GB	+2.51,+254.3,+20.1,LB	+2.86,+233.9,+19.3,EB	
1700166775.4128387	+6.51,+17.9,+20.9,OA	+6.49,+23.9,+20.9,AA	+2.91,+230.7,+20.9,NB	+2.65,+245.8,+19.3,HB	+2.50,+255.1,+20.1,NB	+2.86,+233.9,+19.3,EB	
1700166837.421634	+6.51,+17.9,+20.9,OA	+6.49,+23.9,+20.9,AA	+2.91,+230.6,+20.9,OB	+2.65,+245.7,+19.3,GB	+2.48,+255.8,+20.1,NB	+2.86,+233.9,+19.3,EB	
1700166899.426075	+6.51,+17.8,+20.9,NA	+6.49,+23.9,+20.9,AA	+2.91,+230.7,+20.9,NB	+2.65,+245.6,+19.3,FB	+2.48,+256.1,+20.1,DB	+2.86,+234.0,+19.3,KB	
1700166961.4355009	+6.51,+17.9,+20.9,OA	+6.49,+23.9,+20.9,AA	+2.91,+230.7,+20.9,NB	+2.65,+245.6,+19.3,FB	+2.47,+256.9,+20.1,CB	+2.86,+234.0,+19.2,JB	
1700167023.442244	+6.51,+17.9,+20.9,OA	+6.49,+23.9,+20.9,AA	+2.91,+230.6,+20.9,OB	+2.65,+245.7,+19.3,GB	+2.46,+257.0,+20.1,JB	+2.86,+233.9,+19.3,EB	
1700167085.4521852	+6.51,+17.9,+20.9,OA	+6.49,+23.9,+20.9,AA	+2.91,+230.6,+20.9,OB	+2.65,+245.7,+19.3,GB	+2.47,+256.4,+20.1,NB	+2.86,+234.0,+19.3,KB	
1700167147.4597669	+6.51,+17.9,+20.9,OA	+6.49,+24.0,+20.9,OA	+2.91,+230.6,+20.9,OB	+2.65,+245.7,+19.3,GB	+2.47,+256.6,+20.1,LB	+2.86,+234.0,+19.3,KB	
1700167209.4692256	+6.51,+17.9,+20.9,OA	+6.49,+23.9,+20.9,AA	+2.91,+230.6,+20.9,OB	+2.65,+245.7,+19.3,GB	+2.48,+256.3,+20.1,FB	+2.86,+233.9,+19.3,EB	
1700167271.47781	+6.51,+17.9,+20.9,OA	+6.49,+23.9,+20.9,AA	+2.91,+230.7,+20.9,NB	+2.65,+245.7,+19.3,GB	+2.46,+256.9,+20.1,BB	+2.86,+234.0,+19.3,KB	
1700167333.486805	+6.51,+17.9,+20.9,OA	+6.49,+23.9,+20.9,AA	+2.91,+230.7,+20.9,NB	+2.65,+245.7,+19.3,GB	+2.45,+257.5,+20.1,LB	+2.86,+234.0,+19.3,KB	
1700167395.4972296	+6.51,+17.9,+20.9,OA	+6.49,+23.9,+20.9,AA	+2.91,+230.6,+20.9,OB	+2.65,+245.6,+19.3,FB	+2.45,+257.6,+20.1,OB	+2.86,+234.0,+19.3,KB	
1700167457.5056667	+6.51,+18.0,+20.9,IA	+6.49,+23.9,+20.9,AA	+2.91,+230.6,+20.9,OB	+2.65,+245.7,+19.3,GB	+2.46,+257.1,+20.1,KB	+2.86,+234.0,+19.3,KB	
1700167519.5151777	+6.51,+17.9,+20.9,OA	+6.49,+23.9,+20.9,AA	+2.91,+230.6,+20.9,OB	+2.65,+245.8,+19.3,HB	+2.46,+257.3,+20.1,IB	+2.86,+234.0,+19.3,KB	
1700167765.0833905	+6.51,+17.9,+20.9,OA	+6.49,+23.9,+20.9,AA	+2.92,+230.5,+20.9,OB	+2.65,+245.7,+19.3,GB	+2.45,+257.9,+20.1,@B	+2.86,+233.8,+19.2,EB	
1700167827.092742	+6.51,+17.9,+20.9,OA	+6.49,+23.9,+20.9,AA	+2.91,+230.6,+20.9,OB	+2.65,+245.7,+19.3,GB	+2.44,+258.4,+20.1,CB	+2.86,+234.0,+19.3,KB	
1700167889.1025922	+6.51,+17.9,+20.9,OA	+6.49,+24.0,+20.9,OA	+2.91,+230.6,+20.9,OB	+2.65,+245.8,+19.3,HB	+2.43,+258.7,+20.1,GB	+2.86,+233.9,+19.2,DB	
1700167951.1124196	+6.51,+17.8,+20.9,NA	+6.49,+23.9,+20.9,AA	+2.91,+230.6,+20.9,OB	+2.65,+245.9,+19.3,IB	+2.44,+258.4,+20.1,CB	+2.86,+233.9,+19.3,EB	
1700168013.121233	+6.51,+17.9,+20.9,OA	+6.49,+23.9,+20.9,AA	+2.91,+230.6,+20.9,OB	+2.65,+246.1,+19.3,BB	+2.47,+256.5,+20.1,OB	+2.86,+234.0,+19.2,JB	
1700168075.1318145	+6.51,+17.9,+20.9,OA	+6.49,+23.9,+20.9,AA	+2.91,+230.6,+20.9,OB	+2.65,+246.0,+19.3,CB	+2.47,+256.8,+20.1,BB	+2.86,+234.0,+19.2,JB	
1700168137.1439085	+6.51,+17.9,+20.9,OA	+6.49,+23.9,+20.9,AA	+2.91,+230.6,+20.9,OB	+2.65,+245.7,+19.3,GB	+2.45,+257.6,+20.1,OB	+2.86,+233.9,+19.2,DB	
1700168199.1539817	+6.51,+17.9,+20.9,OA	+6.49,+23.9,+20.9,AA	+2.91,+230.6,+20.9,OB	+2.66,+245.4,+19.3,GB	+2.45,+257.8,+20.1,AB	+2.86,+233.9,+19.3,EB	
1700168261.1632707	+6.51,+17.8,+20.9,NA	+6.49,+23.9,+20.9,AA	+2.92,+230.6,+20.9,LB	+2.66,+245.4,+19.3,GB	+2.44,+258.1,+20.1,FB	+2.86,+233.9,+19.2,DB	
1700168323.1710339	+6.51,+17.9,+20.9,OA	+6.49,+23.9,+20.9,AA	+2.91,+230.6,+20.9,OB	+2.66,+245.5,+19.3,FB	+2.45,+258.0,+20.1,FB	+2.86,+234.0,+19.3,KB	
1700168385.1775265	+6.51,+17.9,+20.9,OA	+6.49,+23.9,+20.9,AA	+2.91,+230.6,+20.9,OB	+2.65,+245.5,+19.3,EB	+2.44,+258.5,+20.1,BB	+2.85,+234.0,+19.2,IB	
1700168447.1904132	+6.51,+17.9,+20.9,OA	+6.49,+23.9,+20.9,AA	+2.91,+230.6,+20.9,OB	+2.66,+245.5,+19.3,FB	+2.43,+258.8,+20.1,HB	+2.85,+234.0,+19.2,IB	
1700168509.199979	+6.51,+17.9,+20.9,OA	+6.49,+24.0,+20.9,OA	+2.91,+230.6,+20.9,OB	+2.66,+245.4,+19.3,GB	+2.46,+257.4,+20.1,NB	+2.86,+234.0,+19.2,JB	
1700168571.2092345	+6.51,+17.9,+20.9,OA	+6.49,+23.9,+20.9,AA	+2.91,+230.6,+20.9,OB	+2.66,+245.5,+19.3,FB	+2.46,+257.1,+20.1,KB	+2.86,+234.0,+19.2,JB	
1700168633.218895	+6.51,+17.9,+20.9,OA	+6.49,+24.0,+20.9,OA	+2.91,+230.6,+20.9,OB	+2.65,+245.7,+19.3,GB	+2.46,+256.9,+20.1,BB	+2.86,+234.0,+19.2,JB	
1700168695.2272372	+6.51,+17.8,+20.9,NA	+6.49,+23.9,+20.9,AA	+2.91,+230.6,+20.9,OB	+2.65,+245.6,+19.3,FB	+2.46,+257.2,+20.1,HB	+2.86,+234.0,+19.2,JB	
1700168757.2375755	+6.51,+17.9,+20.8,NA	+6.49,+23.9,+20.9,AA	+2.91,+230.7,+20.9,NB	+2.65,+245.5,+19.3,EB	+2.46,+257.3,+20.1,IB	+2.85,+234.0,+19.2,IB	
1700168819.2498133	+6.51,+17.9,+20.9,OA	+6.49,+23.9,+20.9,AA	+2.91,+230.6,+20.9,OB	+2.65,+245.5,+19.3,EB	+2.45,+257.6,+20.1,OB	+2.85,+234.0,+19.2,IB	
1700168881.2594755	+6.51,+17.9,+20.8,NA	+6.49,+24.0,+20.9,OA	+2.92,+230.6,+20.9,LB	+2.66,+245.4,+19.3,GB	+2.44,+258.1,+20.1,FB	+2.85,+234.0,+19.2,IB	
1700168943.268385	+6.51,+17.9,+20.9,OA	+6.49,+23.9,+20.9,AA	+2.91,+230.7,+20.9,NB	+2.66,+245.4,+19.3,GB	+2.47,+256.5,+20.1,OB	+2.86,+233.9,+19.2,DB	
1700169005.2778764	+6.51,+17.9,+20.9,OA	+6.49,+23.9,+20.9,AA	+2.91,+230.6,+20.9,OB	+2.65,+245.6,+19.3,FB	+2.46,+257.1,+20.1,KB	+2.85,+234.0,+19.2,IB	
1700169067.2881136	+6.51,+17.9,+20.9,OA	+6.49,+23.9,+20.9,AA	+2.92,+230.6,+20.9,LB	+2.66,+245.5,+19.3,FB	+2.46,+257.2,+20.1,HB	+2.85,+234.0,+19.2,IB	
1700169129.2971756	+6.51,+17.9,+20.9,OA	+6.49,+23.9,+20.9,AA	+2.91,+230.6,+20.9,OB	+2.66,+245.4,+19.3,GB	+2.46,+256.9,+20.1,BB	+2.86,+234.0,+19.2,JB	
1700169191.3071833	+6.51,+17.9,+20.9,OA	+6.49,+23.9,+20.9,AA	+2.91,+230.6,+20.9,OB	+2.65,+245.5,+19.3,EB	+2.46,+257.2,+20.1,HB	+2.85,+234.0,+19.2,IB	
1700169253.3175654	+6.51,+17.9,+20.8,NA	+6.49,+23.9,+20.9,AA	+2.91,+230.6,+20.9,OB	+2.65,+245.6,+19.3,FB	+2.46,+257.4,+20.1,NB	+2.85,+234.0,+19.2,IB	
1700169315.3277326	+6.51,+17.9,+20.9,OA	+6.49,+23.9,+20.9,AA	+2.91,+230.6,+20.9,OB	+2.65,+245.5,+19.3,EB	+2.51,+254.4,+20.1,KB	+2.85,+234.0,+19.2,IB	
1700169377.3385787	+6.51,+17.9,+20.9,OA	+6.49,+23.9,+20.9,AA	+2.91,+230.6,+20.9,OB	+2.66,+245.5,+19.3,FB	+2.51,+254.2,+20.1,MB	+2.85,+234.0,+19.2,IB	
1700169439.3477204	+6.51,+17.9,+20.9,OA	+6.49,+23.9,+20.9,AA	+2.91,+230.6,+20.9,OB	+2.66,+245.3,+19.3,@B	+2.50,+255.0,+20.1,OB	+2.86,+234.0,+19.2,JB	
1700169501.3588548	+6.51,+17.9,+20.9,OA	+6.49,+23.9,+20.9,AA	+2.91,+230.6,+20.9,OB	+2.66,+245.3,+19.3,@B	+2.48,+256.0,+20.1,EB	+2.85,+234.0,+19.2,IB	
1700169563.369312	+6.51,+17.9,+20.9,OA	+6.49,+23.9,+20.9,AA	+2.91,+230.6,+20.9,OB	+2.66,+245.4,+19.3,GB	+2.48,+256.0,+20.1,EB	+2.85,+234.1,+19.2,HB	
1700169625.380317	+6.51,+17.9,+20.9,OA	+6.49,+23.9,+20.9,AA	+2.91,+230.6,+20.9,OB	+2.66,+245.2,+19.3,AB	+2.47,+256.5,+20.1,OB	+2.85,+234.1,+19.2,HB	
1700169687.3879066	+6.51,+17.8,+20.9,NA	+6.49,+23.9,+20.9,AA	+2.91,+230.6,+20.9,OB	+2.66,+245.2,+19.3,AB	+2.47,+256.6,+20.1,LB	+2.85,+234.1,+19.2,HB	
1700169749.3978667	+6.51,+17.9,+20.9,OA	+6.49,+23.9,+20.9,AA	+2.91,+230.6,+20.9,OB	+2.66,+245.2,+19.3,AB	+2.46,+256.9,+20.1,BB	+2.85,+234.0,+19.2,IB	
1700169811.4087577	+6.51,+17.9,+20.9,OA	+6.49,+23.9,+20.9,AA	+2.91,+230.6,+20.9,OB	+2.66,+245.2,+19.3,AB	+2.46,+257.3,+20.1,IB	+2.85,+234.0,+19.2,IB	
1700169873.4187534	+6.51,+17.9,+20.9,OA	+6.49,+23.9,+20.9,AA	+2.91,+230.6,+20.9,OB	+2.66,+245.3,+19.3,@B	+2.46,+256.9,+20.1,BB	+2.85,+234.1,+19.2,HB	
1700169935.4277036	+6.51,+17.9,+20.9,OA	+6.49,+23.9,+20.9,AA	+2.92,+230.5,+20.9,OB	+2.66,+245.3,+19.2,AB	+2.45,+257.5,+20.1,LB	+2.85,+234.0,+19.2,IB	
1700169997.4386344	+6.51,+17.9,+20.9,OA	+6.49,+23.9,+20.9,AA	+2.91,+230.6,+20.9,OB	+2.66,+245.4,+19.3,GB	+2.45,+257.7,+20.1,NB	+2.85,+234.1,+19.2,HB	
1700170059.4486282	+6.51,+17.9,+20.8,NA	+6.49,+23.9,+20.9,AA	+2.91,+230.6,+20.9,OB	+2.65,+245.5,+19.3,EB	+2.46,+257.4,+20.1,NB	+2.85,+234.0,+19.2,IB	
1700170121.459466	+6.51,+17.9,+20.9,OA	+6.49,+23.9,+20.9,AA	+2.91,+230.6,+20.9,OB	+2.66,+245.4,+19.3,GB	+2.46,+257.4,+20.1,NB	+2.85,+234.0,+19.2,IB	
1700170183.467666	+6.51,+17.9,+20.9,OA	+6.49,+23.9,+20.9,AA	+2.91,+230.6,+20.9,OB	+2.66,+245.2,+19.3,AB	+2.44,+258.1,+20.1,FB	+2.85,+234.1,+19.2,HB	
1700170245.47577	+6.51,+17.8,+20.9,NA	+6.49,+24.0,+20.9,OA	+2.92,+230.6,+20.9,LB	+2.66,+245.3,+19.3,@B	+2.43,+258.6,+20.1,FB	+2.85,+234.1,+19.2,HB	
1700170307.4873533	+6.51,+17.9,+20.8,NA	+6.49,+23.9,+20.9,AA	+2.91,+230.7,+20.9,NB	+2.66,+245.5,+19.3,FB	+2.42,+259.5,+20.1,EB	+2.85,+234.1,+19.2,HB	
1700170369.4981778	+6.51,+17.9,+20.9,OA	+6.49,+24.0,+20.9,OA	+2.91,+230.6,+20.9,OB	+2.66,+245.4,+19.3,GB	+2.41,+260.3,+20.1,JB	+2.85,+234.1,+19.2,HB	
1700170431.5095525	+6.51,+17.9,+20.8,NA	+6.49,+23.9,+20.9,AA	+2.91,+230.6,+20.9,OB	+2.65,+245.5,+19.3,EB	+2.40,+260.3,+20.0,JB	+2.85,+234.1,+19.2,HB	
1700170493.5183804	+6.51,+17.9,+20.8,NA	+6.49,+23.9,+20.9,AA	+2.91,+230.6,+20.9,OB	+2.65,+245.7,+19.3,GB	+2.41,+260.2,+20.1,KB	+2.85,+234.1,+19.2,HB	
1700170555.529443	+6.51,+17.9,+20.8,NA	+6.49,+24.0,+20.9,OA	+2.91,+230.6,+20.9,OB	+2.65,+245.9,+19.3,IB	+2.42,+259.6,+20.1,FB	+2.85,+234.1,+19.2,HB	
1700170617.5385633	+6.51,+17.8,+20.9,NA	+6.49,+23.9,+20.9,AA	+2.91,+230.7,+20.9,NB	+2.65,+245.8,+19.3,HB	+2.41,+259.9,+20.0,KB	+2.85,+234.1,+19.2,HB	
1700170679.5474439	+6.51,+17.9,+20.8,NA	+6.49,+24.0,+20.9,OA	+2.91,+230.7,+20.9,NB	+2.64,+246.1,+19.3,CB	+2.41,+260.1,+20.1,HB	+2.85,+234.0,+19.2,IB	
1700170741.5589583	+6.51,+17.9,+20.9,OA	+6.49,+23.9,+20.9,AA	+2.91,+230.6,+20.9,OB	+2.65,+245.9,+19.3,IB	+2.40,+260.3,+20.0,JB	+2.85,+234.1,+19.2,HB	
1700170803.5681493	+6.51,+17.9,+20.9,OA	+6.49,+23.9,+20.9,AA	+2.91,+230.6,+20.9,OB	+2.65,+245.8,+19.3,HB	+2.40,+260.6,+20.0,OB	+2.85,+234.0,+19.2,IB	
1700170865.5771406	+6.51,+17.9,+20.9,OA	+6.49,+23.9,+20.9,AA	+2.91,+230.6,+20.9,OB	+2.65,+245.8,+19.3,HB	+2.40,+260.7,+20.1,OB	+2.85,+234.1,+19.2,HB	
1700170927.589413	+6.51,+17.9,+20.8,NA	+6.49,+23.9,+20.9,AA	+2.91,+230.6,+20.9,OB	+2.65,+245.8,+19.3,HB	+2.40,+260.8,+20.0,AB	+2.85,+234.0,+19.2,IB	
1700170989.5978708	+6.51,+18.0,+20.9,IA	+6.49,+23.9,+20.9,AA	+2.91,+230.6,+20.9,OB	+2.65,+245.6,+19.3,FB	+2.39,+261.0,+20.1,GB	+2.85,+234.0,+19.2,IB	
1700171051.606609	+6.51,+17.9,+20.8,NA	+6.49,+23.9,+20.9,AA	+2.92,+230.6,+20.9,LB	+2.65,+245.6,+19.3,FB	+2.40,+260.6,+20.1,NB	+2.85,+234.0,+19.2,IB	
1700171113.6163163	+6.51,+17.9,+20.9,OA	+6.49,+23.9,+20.9,AA	+2.91,+230.6,+20.9,OB	+2.65,+245.6,+19.3,FB	+2.40,+260.5,+20.1,MB	+2.85,+234.1,+19.2,HB	
1700171175.6234078	+6.51,+17.9,+20.9,OA	+6.49,+24.0,+20.9,OA	+2.91,+230.6,+20.9,OB	+2.65,+245.6,+19.3,FB	+2.40,+260.9,+20.1,AB	+2.85,+234.0,+19.2,IB	
1700171237.6316595	+6.51,+17.9,+20.9,OA	+6.49,+23.9,+20.9,AA	+2.91,+230.7,+20.9,NB	+2.65,+245.6,+19.3,FB	+2.42,+259.6,+20.1,FB	+2.85,+234.0,+19.2,IB	
1700171299.6406643	+6.51,+17.9,+20.9,OA	+6.49,+23.9,+20.9,AA	+2.91,+230.6,+20.9,OB	+2.65,+245.6,+19.3,FB	+2.41,+260.0,+20.1,IB	+2.85,+234.0,+19.2,IB	
1700171361.6503015	+6.51,+17.9,+20.9,OA	+6.49,+23.9,+20.9,AA	+2.91,+230.7,+20.9,NB	+2.65,+245.7,+19.3,GB	+2.40,+260.6,+20.1,NB	+2.85,+234.0,+19.2,IB	
1700171607.2043378	+6.51,+17.9,+20.9,OA	+6.49,+23.9,+20.9,AA	+2.92,+230.5,+20.9,OB	+2.66,+245.4,+19.3,GB	+2.41,+260.3,+20.1,JB	+2.86,+233.9,+19.2,DB	
1700171669.2132041	+6.51,+17.9,+20.8,NA	+6.49,+23.9,+20.9,AA	+2.91,+230.6,+20.9,OB	+2.65,+245.7,+19.3,GB	+2.39,+261.3,+20.1,DB	+2.85,+234.1,+19.2,HB	
1700171731.2211688	+6.51,+17.9,+20.8,NA	+6.49,+23.9,+20.9,AA	+2.91,+230.6,+20.9,OB	+2.65,+245.7,+19.3,GB	+2.39,+261.2,+20.1,EB	+2.85,+234.2,+19.2,KB	
1700171793.231775	+6.51,+17.9,+20.8,NA	+6.49,+23.9,+20.9,AA	+2.91,+230.6,+20.9,OB	+2.65,+245.7,+19.2,FB	+2.38,+261.5,+20.0,BB	+2.85,+234.1,+19.2,HB	
1700171855.2407315	+6.51,+17.9,+20.8,NA	+6.49,+24.0,+20.9,OA	+2.91,+230.6,+20.8,NB	+2.65,+245.6,+19.2,GB	+2.38,+261.9,+20.1,OB	+2.85,+234.0,+19.2,IB	
1700171917.2504885	+6.51,+17.9,+20.8,NA	+6.49,+23.9,+20.9,AA	+2.91,+230.6,+20.9,OB	+2.65,+245.8,+19.3,HB	+2.37,+262.3,+20.0,HB	+2.85,+234.1,+19.2,HB	
1700171979.2556987	+6.51,+17.9,+20.8,NA	+6.49,+23.9,+20.9,AA	+2.91,+230.6,+20.9,OB	+2.65,+245.8,+19.3,HB	+2.37,+262.3,+20.1,IB	+2.85,+234.1,+19.2,HB	
1700172041.2664666	+6.51,+17.9,+20.8,NA	+6.49,+23.9,+20.9,AA	+2.91,+230.6,+20.9,OB	+2.65,+245.8,+19.3,HB	+2.38,+261.9,+20.1,OB	+2.85,+234.1,+19.2,HB	
1700172103.2763002	+6.51,+17.9,+20.8,NA	+6.49,+23.9,+20.9,AA	+2.91,+230.7,+20.9,NB	+2.65,+245.7,+19.2,FB	+2.37,+262.3,+20.0,HB	+2.85,+234.1,+19.2,HB	
1700172165.2820153	+6.51,+17.9,+20.9,OA	+6.49,+23.9,+20.9,AA	+2.91,+230.5,+20.9,LB	+2.65,+245.8,+19.3,HB	+2.37,+262.4,+20.1,NB	+2.85,+234.1,+19.2,HB	
1700172227.2943015	+6.51,+17.8,+20.9,NA	+6.49,+24.0,+20.9,OA	+2.92,+230.5,+20.9,OB	+2.65,+245.8,+19.3,HB	+2.37,+262.5,+20.1,OB	+2.85,+234.1,+19.2,HB	
1700172289.3049884	+6.51,+17.9,+20.8,NA	+6.49,+23.9,+20.9,AA	+2.91,+230.6,+20.9,OB	+2.65,+245.9,+19.2,HB	+2.37,+262.6,+20.0,MB	+2.85,+234.2,+19.2,KB	
1700172351.3149002	+6.51,+17.9,+20.8,NA	+6.49,+23.9,+20.9,AA	+2.92,+230.5,+20.9,OB	+2.65,+245.7,+19.3,GB	+2.36,+262.8,+20.0,BB	+2.85,+234.1,+19.2,HB	
1700172413.3245673	+6.51,+17.9,+20.8,NA	+6.49,+23.9,+20.9,AA	+2.91,+230.6,+20.9,OB	+2.65,+245.6,+19.2,GB	+2.36,+262.8,+20.0,BB	+2.85,+234.1,+19.2,HB	
1700172475.3332043	+6.51,+17.9,+20.8,NA	+6.49,+23.9,+20.9,AA	+2.91,+230.6,+20.8,NB	+2.65,+245.7,+19.3,GB	+2.36,+263.1,+20.0,JB	+2.85,+234.1,+19.2,HB	
1700172537.3437126	+6.51,+17.9,+20.8,NA	+6.49,+23.9,+20.9,AA	+2.91,+230.6,+20.9,OB	+2.65,+245.5,+19.3,EB	+2.39,+261.3,+20.0,EB	+2.85,+234.1,+19.2,HB	
1700172599.3526309	+6.51,+17.9,+20.8,NA	+6.49,+23.9,+20.9,AA	+2.91,+230.6,+20.9,OB	+2.66,+245.1,+19.3,BB	+2.38,+261.5,+20.1,CB	+2.85,+234.1,+19.2,HB	
1700172661.3630393	+6.51,+17.9,+20.8,NA	+6.49,+23.9,+20.9,AA	+2.91,+230.6,+20.9,OB	+2.66,+245.1,+19.2,CB	+2.37,+262.0,+20.0,KB	+2.85,+234.1,+19.2,HB	
1700172723.3722036	+6.51,+17.9,+20.8,NA	+6.49,+24.0,+20.9,OA	+2.91,+230.6,+20.9,OB	+2.66,+245.2,+19.2,@B	+2.38,+261.5,+20.0,BB	+2.85,+234.1,+19.2,HB	
1700172785.3807335	+6.51,+17.9,+20.8,NA	+6.49,+23.9,+20.9,AA	+2.92,+230.5,+20.9,OB	+2.66,+245.2,+19.2,@B	+2.38,+261.9,+20.1,OB	+2.85,+234.1,+19.2,HB	
1700172847.390664	+6.51,+17.9,+20.8,NA	+6.49,+23.9,+20.9,AA	+2.91,+230.5,+20.9,LB	+2.66,+245.4,+19.3,GB	+2.37,+262.2,+20.0,IB	+2.85,+234.1,+19.2,HB	
1700172909.3991964	+6.51,+17.8,+20.8,OA	+6.49,+23.9,+20.9,AA	+2.91,+230.6,+20.9,OB	+2.65,+245.7,+19.2,FB	+2.43,+258.7,+20.0,FB	+2.85,+234.1,+19.2,HB	
1700172971.408625	+6.51,+17.9,+20.8,NA	+6.49,+23.9,+20.9,AA	+2.91,+230.6,+20.9,OB	+2.65,+245.6,+19.3,FB	+2.42,+259.4,+20.0,EB	+2.85,+234.2,+19.2,KB	
1700173033.417503	+6.51,+17.9,+20.8,NA	+6.49,+24.0,+20.9,OA	+2.91,+230.6,+20.9,OB	+2.65,+245.6,+19.2,GB	+2.40,+260.6,+20.0,OB	+2.85,+234.2,+19.2,KB	
1700173095.4274986	+6.51,+17.9,+20.8,NA	+6.49,+24.0,+20.9,OA	+2.91,+230.6,+20.8,NB	+2.65,+245.6,+19.3,FB	+2.38,+261.5,+20.0,BB	+2.85,+234.2,+19.2,KB	
1700173157.43548	+6.51,+17.9,+20.8,NA	+6.49,+24.0,+20.9,OA	+2.91,+230.6,+20.9,OB	+2.65,+245.6,+19.2,GB	+2.37,+262.1,+20.0,JB	+2.85,+234.2,+19.2,KB	
1700173219.445438	+6.51,+17.9,+20.8,NA	+6.49,+23.9,+20.9,AA	+2.91,+230.6,+20.9,OB	+2.65,+245.5,+19.2,DB	+2.37,+262.4,+20.1,NB	+2.85,+234.2,+19.2,KB	
1700173281.4553616	+6.51,+17.9,+20.8,NA	+6.49,+23.9,+20.9,AA	+2.91,+230.6,+20.9,OB	+2.66,+245.3,+19.3,@B	+2.36,+263.0,+20.0,KB	+2.85,+234.2,+19.2,KB	
1700173343.4651935	+6.51,+17.8,+20.8,OA	+6.49,+24.0,+20.9,OA	+2.92,+230.5,+20.9,OB	+2.66,+245.3,+19.2,AB	+2.35,+263.3,+20.0,KB	+2.85,+234.2,+19.2,KB	
1700173405.474697	+6.51,+17.9,+20.8,NA	+6.49,+24.0,+20.8,NA	+2.91,+230.6,+20.9,OB	+2.66,+245.2,+19.3,AB	+2.35,+263.7,+20.0,OB	+2.85,+234.2,+19.2,KB	
1700173467.4816606	+6.51,+17.9,+20.8,NA	+6.49,+23.9,+20.9,AA	+2.92,+230.5,+20.9,OB	+2.66,+245.3,+19.2,AB	+2.36,+262.7,+20.0,MB	+2.85,+234.2,+19.2,KB	
1700173529.490295	+6.51,+17.9,+20.8,NA	+6.49,+23.9,+20.9,AA	+2.91,+230.6,+20.8,NB	+2.66,+245.3,+19.2,AB	+2.42,+259.5,+20.0,DB	+2.85,+234.3,+19.2,JB	
1700173591.4997995	+6.51,+17.9,+20.8,NA	+6.49,+23.9,+20.9,AA	+2.91,+230.5,+20.8,MB	+2.66,+245.3,+19.2,AB	+2.44,+258.5,+20.0,CB	+2.85,+234.3,+19.2,JB	
1700173653.509454	+6.51,+17.9,+20.9,OA	+6.49,+23.9,+20.9,AA	+2.91,+230.6,+20.9,OB	+2.66,+245.3,+19.2,AB	+2.44,+258.3,+20.0,EB	+2.85,+234.3,+19.2,JB	
1700173715.5169196	+6.51,+17.9,+20.9,OA	+6.49,+23.9,+20.9,AA	+2.91,+230.6,+20.9,OB	+2.66,+245.2,+19.3,AB	+2.43,+258.7,+20.0,FB	+2.85,+234.3,+19.2,JB	
1700173777.5268312	+6.51,+17.9,+20.8,NA	+6.49,+23.9,+20.9,AA	+2.91,+230.6,+20.9,OB	+2.66,+245.2,+19.3,AB	+2.43,+258.9,+20.0,HB	+2.85,+234.3,+19.2,JB	
1700173839.537274	+6.51,+17.9,+20.8,NA	+6.49,+23.9,+20.9,AA	+2.91,+230.6,+20.9,OB	+2.66,+245.3,+19.2,AB	+2.42,+259.4,+20.0,EB	+2.85,+234.3,+19.2,JB	
1700173901.5482042	+6.51,+17.9,+20.8,NA	+6.49,+23.9,+20.9,AA	+2.91,+230.7,+20.9,NB	+2.66,+245.3,+19.2,AB	+2.42,+259.6,+20.0,GB	+2.85,+234.2,+19.2,KB	
1700173963.5562484	+6.51,+17.9,+20.9,OA	+6.49,+24.0,+20.9,OA	+2.91,+230.6,+20.9,OB	+2.66,+245.4,+19.3,GB	+2.42,+259.6,+20.0,GB	+2.85,+234.3,+19.2,JB	
1700174025.5624104	+6.51,+17.9,+20.9,OA	+6.49,+24.0,+20.9,OA	+2.91,+230.6,+20.9,OB	+2.66,+245.3,+19.3,@B	+2.42,+259.6,+20.0,GB	+2.85,+234.3,+19.2,JB	
1700174087.5721977	+6.51,+17.9,+20.9,OA	+6.49,+23.9,+20.9,AA	+2.91,+230.6,+20.9,OB	+2.66,+245.3,+19.3,@B	+2.45,+257.5,+20.0,MB	+2.85,+234.2,+19.2,KB	
1700174149.5821517	+6.51,+17.9,+20.9,OA	+6.49,+23.9,+20.9,AA	+2.91,+230.6,+20.9,OB	+2.66,+245.2,+19.2,@B	+2.45,+257.8,+20.0,@B	+2.85,+234.2,+19.2,KB	
1700174211.5931425	+6.51,+17.9,+20.9,OA	+6.49,+23.9,+20.9,AA	+2.91,+230.6,+20.9,OB	+2.66,+245.3,+19.2,AB	+2.44,+258.1,+20.0,GB	+2.85,+234.2,+19.2,KB	
1700174273.6022184	+6.51,+17.9,+20.9,OA	+6.49,+23.8,+20.9,@A	+2.91,+230.6,+20.9,OB	+2.66,+245.2,+19.3,AB	+2.44,+258.5,+20.0,CB	+2.85,+234.2,+19.2,KB	
1700174335.6101503	+6.51,+17.9,+20.9,OA	+6.49,+23.9,+20.9,AA	+2.92,+230.6,+20.9,LB	+2.66,+245.4,+19.3,GB	+2.45,+258.0,+20.0,GB	+2.85,+234.2,+19.2,KB	
1700174397.6203642	+6.51,+17.9,+20.9,OA	+6.49,+23.9,+20.9,AA	+2.91,+230.5,+20.9,LB	+2.66,+245.5,+19.3,FB	+2.45,+257.9,+20.1,@B	+2.85,+234.2,+19.2,KB	
1700174459.6287706	+6.51,+17.9,+20.9,OA	+6.49,+23.9,+20.9,AA	+2.91,+230.6,+20.9,OB	+2.66,+245.3,+19.2,AB	+2.44,+258.2,+20.1,EB	+2.85,+234.2,+19.2,KB	
1700174521.6371932	+6.51,+17.9,+20.9,OA	+6.49,+23.9,+21.0,IA	+2.91,+230.6,+20.9,OB	+2.65,+245.5,+19.3,EB	+2.44,+258.0,+20.1,GB	+2.85,+234.2,+19.2,KB	
1700174583.6462102	+6.51,+17.9,+20.9,OA	+6.49,+23.9,+21.0,IA	+2.91,+230.6,+20.9,OB	+2.65,+245.6,+19.3,FB	+2.45,+257.9,+20.1,@B	+2.85,+234.2,+19.2,KB	
1700174645.653513	+6.51,+17.9,+20.9,OA	+6.49,+23.9,+20.9,AA	+2.91,+230.6,+20.9,OB	+2.66,+245.4,+19.2,FB	+2.46,+256.9,+20.1,BB	+2.85,+234.2,+19.3,JB	
1700174707.6620247	+6.51,+17.9,+20.9,OA	+6.49,+23.9,+21.0,IA	+2.92,+230.5,+20.9,OB	+2.66,+245.4,+19.3,GB	+2.46,+256.9,+20.1,BB	+2.85,+234.3,+19.2,JB	
1700174769.6691594	+6.51,+17.9,+20.9,OA	+6.49,+23.9,+21.0,IA	+2.91,+230.6,+20.9,OB	+2.66,+245.4,+19.3,GB	+2.46,+257.2,+20.1,HB	+2.85,+234.2,+19.3,JB	
1700174831.6788487	+6.51,+17.9,+20.9,OA	+6.49,+23.9,+21.0,IA	+2.91,+230.6,+20.9,OB	+2.65,+245.6,+19.3,FB	+2.45,+257.5,+20.1,LB	+2.85,+234.3,+19.2,JB	
1700174893.6881073	+6.51,+17.9,+21.0,GA	+6.49,+23.9,+21.0,IA	+2.91,+230.6,+20.9,OB	+2.65,+245.5,+19.3,EB	+2.46,+257.3,+20.1,IB	+2.85,+234.3,+19.3,KB	
1700174955.6972	+6.51,+17.9,+20.9,OA	+6.49,+23.9,+21.0,IA	+2.91,+230.6,+20.9,OB	+2.66,+245.4,+19.3,GB	+2.45,+257.6,+20.1,OB	+2.85,+234.2,+19.3,JB	
1700175017.706215	+6.51,+17.9,+21.0,GA	+6.49,+23.9,+21.0,IA	+2.91,+230.6,+20.9,OB	+2.66,+245.3,+19.3,@B	+2.46,+257.4,+20.1,NB	+2.85,+234.2,+19.3,JB	
1700175079.7157168	+6.51,+17.9,+21.0,GA	+6.49,+23.9,+21.0,IA	+2.91,+230.6,+20.9,OB	+2.66,+245.2,+19.3,AB	+2.45,+257.5,+20.1,LB	+2.85,+234.3,+19.3,KB	
1700175141.7238822	+6.51,+17.9,+21.0,GA	+6.49,+23.9,+21.0,IA	+2.91,+230.7,+20.9,NB	+2.66,+245.3,+19.3,@B	+2.44,+258.1,+20.1,FB	+2.85,+234.3,+19.3,KB	
1700175203.7296047	+6.51,+17.9,+21.0,GA	+6.49,+23.8,+21.0,HA	+2.91,+230.6,+20.9,OB	+2.66,+245.3,+19.3,@B	+2.44,+258.3,+20.1,DB	+2.85,+234.2,+19.3,JB	
1700175449.3783455	+6.51,+17.9,+21.0,GA	+6.49,+23.9,+21.0,IA	+2.91,+230.6,+20.9,OB	+2.66,+245.1,+19.3,BB	+2.42,+259.3,+20.1,CB	+2.86,+234.0,+19.3,KB	
1700175511.389421	+6.51,+17.9,+21.0,GA	+6.49,+23.9,+21.0,IA	+2.91,+230.6,+20.9,OB	+2.66,+245.3,+19.3,@B	+2.42,+259.8,+20.1,HB	+2.85,+234.3,+19.3,KB	
1700175573.3972495	+6.51,+17.9,+21.0,GA	+6.49,+23.8,+21.0,HA	+2.91,+230.6,+20.9,OB	+2.66,+245.4,+19.3,GB	+2.43,+258.8,+20.1,HB	+2.85,+234.2,+19.3,JB	
1700175635.4051576	+6.51,+17.9,+21.0,GA	+6.49,+23.9,+21.1,HA	+2.91,+230.6,+20.9,OB	+2.66,+245.3,+19.3,@B	+2.42,+259.6,+20.1,FB	+2.85,+234.2,+19.3,JB	
1700175697.4153209	+6.51,+17.9,+21.0,GA	+6.49,+23.9,+21.0,IA	+2.91,+230.7,+20.9,NB	+2.66,+245.4,+19.3,GB	+2.42,+259.4,+20.1,DB	+2.85,+234.2,+19.3,JB	
1700175759.4257426	+6.51,+17.9,+21.0,GA	+6.49,+23.9,+21.0,IA	+2.91,+230.6,+20.9,OB	+2.66,+245.3,+19.3,@B	+2.42,+259.3,+20.1,CB	+2.85,+234.2,+19.3,JB	
1700175821.43658	+6.51,+17.9,+21.0,GA	+6.49,+23.9,+21.1,HA	+2.91,+230.6,+20.9,OB	+2.66,+245.4,+19.3,GB	+2.43,+259.0,+20.1,AB	+2.85,+234.3,+19.3,KB	
1700175883.444424	+6.51,+17.9,+21.1,FA	+6.49,+23.9,+21.1,HA	+2.91,+230.7,+20.9,NB	+2.66,+245.5,+19.4,AB	+2.42,+259.3,+20.1,CB	+2.85,+234.2,+19.3,JB	
1700175945.4524035	+6.51,+17.9,+21.1,FA	+6.49,+23.9,+21.1,HA	+2.91,+230.7,+21.0,FB	+2.66,+245.4,+19.4,@B	+2.42,+259.4,+20.1,DB	+2.85,+234.3,+19.3,KB	
1700176007.4606538	+6.51,+17.9,+21.1,FA	+6.49,+23.8,+21.1,IA	+2.91,+230.6,+20.9,OB	+2.66,+245.4,+19.4,@B	+2.43,+258.9,+20.1,IB	+2.85,+234.3,+19.4,LB	
1700176069.4691155	+6.51,+17.9,+21.1,FA	+6.49,+23.9,+21.1,HA	+2.91,+230.7,+21.0,FB	+2.66,+245.3,+19.4,GB	+2.42,+259.6,+20.1,FB	+2.85,+234.2,+19.4,MB	
1700176131.4776132	+6.51,+18.0,+21.1,@A	+6.49,+23.9,+21.1,HA	+2.91,+230.7,+21.0,FB	+2.66,+245.2,+19.3,AB	+2.42,+259.4,+20.1,DB	+2.85,+234.2,+19.4,MB	
1700176193.4868884	+6.51,+18.0,+21.1,@A	+6.49,+23.9,+21.1,HA	+2.91,+230.6,+21.0,GB	+2.66,+245.2,+19.4,FB	+2.42,+259.4,+20.1,DB	+2.85,+234.2,+19.4,MB	
1700176255.4959395	+6.51,+17.9,+21.1,FA	+6.49,+23.9,+21.1,HA	+2.91,+230.7,+21.0,FB	+2.67,+245.0,+19.4,EB	+2.41,+259.8,+20.1,KB	+2.85,+234.2,+19.4,MB	
1700176317.504635	+6.51,+18.0,+21.1,@A	+6.49,+23.8,+21.1,IA	+2.91,+230.6,+21.0,GB	+2.67,+245.0,+19.4,EB	+2.41,+260.0,+20.1,IB	+2.85,+234.3,+19.4,LB	
1700176379.514573	+6.51,+17.9,+21.1,FA	+6.49,+23.9,+21.1,HA	+2.91,+230.7,+21.0,FB	+2.67,+244.9,+19.4,MB	+2.41,+260.0,+20.1,IB	+2.85,+234.2,+19.4,MB	
1700176441.523954	+6.51,+17.9,+21.1,FA	+6.49,+23.9,+21.1,HA	+2.92,+230.6,+21.0,DB	+2.67,+244.9,+19.4,MB	+2.42,+259.7,+20.1,GB	+2.85,+234.3,+19.4,LB	
1700176503.5339482	+6.51,+17.9,+21.1,FA	+6.49,+23.9,+21.1,HA	+2.91,+230.7,+21.0,FB	+2.67,+244.9,+19.4,MB	+2.43,+258.9,+20.2,JB	+2.85,+234.3,+19.4,LB	
1700176565.54284	+6.51,+17.9,+21.1,FA	+6.49,+23.9,+21.1,HA	+2.91,+230.7,+21.0,FB	+2.67,+244.9,+19.4,MB	+2.43,+258.8,+20.2,KB	+2.85,+234.3,+19.4,LB	
1700176627.5534532	+6.51,+17.9,+21.1,FA	+6.49,+23.9,+21.1,HA	+2.92,+230.6,+21.0,DB	+2.67,+244.7,+19.4,CB	+2.44,+258.7,+20.2,CB	+2.85,+234.3,+19.4,LB	
1700176689.5605037	+6.51,+17.9,+21.1,FA	+6.49,+23.9,+21.1,HA	+2.91,+230.7,+21.0,FB	+2.67,+244.7,+19.4,CB	+2.43,+258.8,+20.2,KB	+2.85,+234.3,+19.4,LB	
1700176751.5699553	+6.51,+17.9,+21.1,FA	+6.49,+23.9,+21.2,KA	+2.91,+230.8,+21.0,IB	+2.67,+244.7,+19.4,CB	+2.43,+259.0,+20.2,BB	+2.85,+234.3,+19.4,LB	
1700176813.578677	+6.51,+17.9,+21.2,EA	+6.49,+23.8,+21.2,JA	+2.91,+230.7,+21.0,FB	+2.67,+244.7,+19.4,CB	+2.43,+259.0,+20.1,AB	+2.85,+234.3,+19.4,LB	
1700176875.5858722	+6.51,+17.9,+21.2,EA	+6.49,+23.9,+21.2,KA	+2.91,+230.7,+21.0,FB	+2.67,+244.7,+19.4,CB	+2.43,+258.9,+20.2,JB	+2.85,+234.4,+19.4,KB	
1700176937.596488	+6.51,+17.9,+21.2,EA	+6.49,+23.8,+21.2,JA	+2.91,+230.7,+21.0,FB	+2.67,+244.8,+19.4,LB	+2.46,+257.5,+20.2,LB	+2.85,+234.3,+19.4,LB	
1700176999.606505	+6.51,+17.9,+21.2,EA	+6.49,+23.8,+21.2,JA	+2.91,+230.8,+21.0,IB	+2.67,+244.9,+19.4,MB	+2.47,+256.9,+20.2,@B	+2.85,+234.3,+19.4,LB	
1700177061.6162746	+6.51,+17.9,+21.2,EA	+6.49,+23.9,+21.2,KA	+2.91,+230.8,+21.0,IB	+2.67,+244.9,+19.4,MB	+2.46,+257.2,+20.2,KB	+2.85,+234.3,+19.4,LB	
1700177123.625833	+6.51,+17.9,+21.2,EA	+6.49,+23.9,+21.2,KA	+2.92,+230.7,+21.0,EB	+2.67,+245.0,+19.4,EB	+2.46,+257.3,+20.2,JB	+2.85,+234.3,+19.4,LB	
1700177185.6372662	+6.51,+18.0,+21.2,CA	+6.49,+23.9,+21.2,KA	+2.91,+230.7,+21.0,FB	+2.67,+245.0,+19.4,EB	+2.47,+256.6,+20.2,OB	+2.85,+234.4,+19.4,KB	
1700177247.6465652	+6.51,+17.9,+21.2,EA	+6.49,+23.8,+21.2,JA	+2.91,+230.7,+21.0,FB	+2.67,+245.0,+19.4,EB	+2.48,+256.4,+20.2,BB	+2.85,+234.3,+19.4,LB	
1700177309.6538022	+6.51,+17.9,+21.2,EA	+6.49,+23.8,+21.2,JA	+2.91,+230.7,+21.0,FB	+2.67,+245.0,+19.4,EB	+2.48,+256.0,+20.2,FB	+2.85,+234.4,+19.5,JB	
1700177371.6637254	+6.51,+17.9,+21.2,EA	+6.49,+23.9,+21.2,KA	+2.91,+230.7,+21.0,FB	+2.67,+244.9,+19.4,MB	+2.48,+255.8,+20.2,MB	+2.85,+234.4,+19.5,JB	
1700177433.6739035	+6.51,+17.9,+21.2,EA	+6.49,+23.9,+21.2,KA	+2.91,+230.7,+21.0,FB	+2.67,+245.0,+19.4,EB	+2.49,+255.4,+20.2,@B	+2.85,+234.4,+19.4,KB	
1700177495.6846085	+6.51,+17.9,+21.2,EA	+6.49,+23.9,+21.2,KA	+2.91,+230.7,+21.0,FB	+2.67,+245.0,+19.4,EB	+2.49,+255.6,+20.2,BB	+2.85,+234.4,+19.4,KB	
1700177557.6951673	+6.51,+17.9,+21.2,EA	+6.49,+23.9,+21.2,KA	+2.91,+230.7,+21.0,FB	+2.67,+245.0,+19.4,EB	+2.48,+255.9,+20.2,LB	+2.85,+234.5,+19.4,JB	
1700177619.706274	+6.51,+17.9,+21.2,EA	+6.49,+23.8,+21.2,JA	+2.91,+230.7,+21.0,FB	+2.66,+245.1,+19.4,EB	+2.48,+256.1,+20.2,GB	+2.85,+234.4,+19.5,JB	
1700177681.717186	+6.51,+17.9,+21.2,EA	+6.49,+23.9,+21.2,KA	+2.91,+230.8,+21.0,IB	+2.67,+245.0,+19.5,DB	+2.48,+256.0,+20.2,FB	+2.85,+234.5,+19.5,KB	
1700177743.7234511	+6.51,+17.9,+21.2,EA	+6.49,+23.8,+21.2,JA	+2.91,+230.8,+21.1,HB	+2.66,+245.1,+19.4,EB	+2.48,+256.1,+20.2,GB	+2.85,+234.4,+19.5,JB	
1700177805.7318778	+6.51,+17.9,+21.2,EA	+6.49,+23.9,+21.2,KA	+2.91,+230.8,+21.0,IB	+2.67,+244.9,+19.5,LB	+2.48,+256.1,+20.2,GB	+2.85,+234.4,+19.5,JB	
1700177867.7435155	+6.51,+17.9,+21.2,EA	+6.49,+23.9,+21.2,KA	+2.91,+230.8,+21.1,HB	+2.67,+244.9,+19.4,MB	+2.48,+256.1,+20.2,GB	+2.85,+234.4,+19.5,JB	
1700177929.7543514	+6.51,+18.0,+21.2,CA	+6.49,+23.9,+21.2,KA	+2.91,+230.8,+21.0,IB	+2.67,+244.9,+19.5,LB	+2.48,+256.4,+20.2,BB	+2.85,+234.5,+19.5,KB	
1700177991.7640603	+6.51,+17.9,+21.2,EA	+6.49,+23.9,+21.2,KA	+2.91,+230.7,+21.0,FB	+2.67,+244.9,+19.5,LB	+2.47,+256.6,+20.2,OB	+2.85,+234.5,+19.5,KB	
1700178053.7734962	+6.51,+17.9,+21.2,EA	+6.49,+23.9,+21.2,KA	+2.91,+230.8,+21.0,IB	+2.66,+245.2,+19.5,GB	+2.53,+253.4,+20.2,MB	+2.85,+234.5,+19.5,KB	
1700178115.7835357	+6.51,+17.9,+21.2,EA	+6.49,+23.9,+21.2,KA	+2.91,+230.8,+21.0,IB	+2.66,+245.3,+19.5,FB	+2.53,+253.0,+20.2,IB	+2.85,+234.5,+19.5,KB	
1700178177.7929401	+6.51,+18.0,+21.2,CA	+6.49,+23.8,+21.2,JA	+2.91,+230.8,+21.1,HB	+2.66,+245.4,+19.5,AB	+2.54,+252.7,+20.2,HB	+2.85,+234.5,+19.5,KB	
1700178239.803162	+6.51,+17.9,+21.2,EA	+6.49,+23.9,+21.2,KA	+2.91,+230.7,+21.1,GB	+2.66,+245.4,+19.5,AB	+2.55,+252.2,+20.2,LB	+2.85,+234.6,+19.5,HB	
1700178301.8112743	+6.51,+17.9,+21.2,EA	+6.49,+23.9,+21.2,KA	+2.91,+230.7,+21.0,FB	+2.66,+245.4,+19.5,AB	+2.54,+252.5,+20.2,JB	+2.85,+234.5,+19.5,KB	
1700178363.8170655	+6.51,+18.0,+21.2,CA	+6.49,+23.9,+21.2,KA	+2.91,+230.8,+21.1,HB	+2.66,+245.5,+19.5,@B	+2.54,+252.4,+20.2,KB	+2.85,+234.5,+19.5,KB	
1700178425.8277016	+6.51,+18.0,+21.2,CA	+6.49,+23.8,+21.2,JA	+2.91,+230.7,+21.1,GB	+2.66,+245.5,+19.5,@B	+2.54,+252.6,+20.3,HB	+2.85,+234.5,+19.5,KB	
1700178487.837878	+6.51,+17.9,+21.3,DA	+6.49,+23.9,+21.2,KA	+2.91,+230.8,+21.1,HB	+2.66,+245.6,+19.5,CB	+2.54,+252.7,+20.3,IB	+2.85,+234.5,+19.5,KB	
1700178549.8472424	+6.51,+17.9,+21.2,EA	+6.49,+23.9,+21.2,KA	+2.91,+230.8,+21.1,HB	+2.66,+245.5,+19.5,@B	+2.54,+252.7,+20.3,IB	+2.85,+234.5,+19.5,KB	
1700178611.8569844	+6.51,+17.9,+21.2,EA	+6.49,+23.8,+21.2,JA	+2.91,+230.8,+21.1,HB	+2.66,+245.4,+19.5,AB	+2.54,+252.8,+20.2,GB	+2.85,+234.6,+19.5,HB	
1700178673.8656304	+6.51,+18.0,+21.3,BA	+6.49,+23.9,+21.2,KA	+2.91,+230.9,+21.0,HB	+2.66,+245.5,+19.5,@B	+2.54,+252.8,+20.2,GB	+2.85,+234.5,+19.5,KB	
1700178735.8751824	+6.51,+17.9,+21.2,EA	+6.49,+23.9,+21.3,JA	+2.91,+230.8,+21.0,IB	+2.66,+245.6,+19.5,CB	+2.54,+252.9,+20.3,GB	+2.85,+234.5,+19.5,KB	
1700178797.8802693	+6.51,+17.8,+21.3,EA	+6.49,+23.9,+21.2,KA	+2.91,+230.8,+21.1,HB	+2.66,+245.7,+19.5,BB	+2.54,+252.9,+20.3,GB	+2.85,+234.5,+19.5,KB	
1700178859.8904686	+6.51,+17.9,+21.2,EA	+6.49,+23.9,+21.2,KA	+2.91,+230.9,+21.1,IB	+2.66,+245.5,+19.5,@B	+2.53,+253.0,+20.3,HB	+2.85,+234.5,+19.5,KB	
1700178921.8991551	+6.51,+17.9,+21.3,DA	+6.49,+23.9,+21.2,KA	+2.91,+230.9,+21.1,IB	+2.66,+245.3,+19.5,FB	+2.53,+253.1,+20.3,IB	+2.85,+234.6,+19.5,HB	
1700178983.905807	+6.51,+17.9,+21.2,EA	+6.49,+23.8,+21.2,JA	+2.91,+230.9,+21.1,IB	+2.66,+245.3,+19.5,FB	+2.54,+253.0,+20.3,OB	+2.85,+234.5,+19.5,KB	
1700179045.9165406	+6.51,+17.9,+21.2,EA	+6.49,+23.9,+21.2,KA	+2.91,+230.9,+21.1,IB	+2.66,+245.1,+19.5,DB	+2.53,+253.3,+20.3,KB	+2.85,+234.5,+19.5,KB	
1700179291.4986422	+6.51,+18.0,+21.3,BA	+6.49,+23.9,+21.2,KA	+2.91,+230.8,+21.1,HB	+2.67,+245.1,+19.5,EB	+2.54,+253.0,+20.3,OB	+2.85,+234.3,+19.5,MB	
1700179353.5097454	+6.51,+17.9,+21.3,DA	+6.49,+23.9,+21.3,JA	+2.91,+230.9,+21.1,IB	+2.66,+245.1,+19.5,DB	+2.53,+253.5,+20.3,MB	+2.85,+234.5,+19.5,KB	
1700179415.5143604	+6.51,+17.9,+21.3,DA	+6.49,+23.9,+21.3,JA	+2.91,+230.8,+21.1,HB	+2.67,+245.0,+19.5,DB	+2.53,+253.4,+20.3,LB	+2.85,+234.5,+19.5,KB	
1700179477.5240188	+6.51,+18.0,+21.3,BA	+6.49,+23.9,+21.3,JA	+2.91,+230.8,+21.1,HB	+2.67,+245.0,+19.5,DB	+2.53,+253.5,+20.3,MB	+2.85,+234.5,+19.5,KB	
1700179539.5319376	+6.51,+18.0,+21.3,BA	+6.49,+23.8,+21.3,KA	+2.91,+230.9,+21.1,IB	+2.67,+245.1,+19.5,EB	+2.52,+253.6,+20.3,OB	+2.85,+234.5,+19.5,KB	
1700179601.5417223	+6.51,+17.9,+21.3,DA	+6.49,+23.8,+21.3,KA	+2.91,+230.8,+21.1,HB	+2.67,+244.9,+19.5,LB	+2.52,+253.7,+20.3,NB	+2.85,+234.5,+19.5,KB	
1700179663.549544	+6.51,+17.9,+21.3,DA	+6.49,+23.8,+21.3,KA	+2.91,+230.8,+21.1,HB	+2.67,+245.1,+19.5,EB	+2.52,+253.9,+20.3,@B	+2.85,+234.6,+19.5,HB	
1700179725.5557437	+6.51,+17.9,+21.3,DA	+6.49,+23.8,+21.3,KA	+2.91,+230.8,+21.1,HB	+2.67,+245.1,+19.5,EB	+2.51,+254.3,+20.3,NB	+2.85,+234.5,+19.5,KB	
1700179787.56979	+6.51,+17.9,+21.3,DA	+6.49,+23.9,+21.3,JA	+2.91,+230.9,+21.1,IB	+2.67,+245.1,+19.5,EB	+2.51,+254.3,+20.3,NB	+2.85,+234.6,+19.5,HB	
1700179849.5774353	+6.51,+18.0,+21.2,CA	+6.49,+23.9,+21.2,KA	+2.91,+230.9,+21.1,IB	+2.66,+245.2,+19.5,GB	+2.51,+254.5,+20.3,HB	+2.85,+234.6,+19.5,HB	
1700179911.5868168	+6.51,+17.9,+21.3,DA	+6.49,+23.9,+21.3,JA	+2.91,+230.8,+21.1,HB	+2.66,+245.2,+19.5,GB	+2.51,+254.7,+20.3,JB	+2.85,+234.6,+19.5,HB	
1700179973.5966125	+6.51,+17.9,+21.3,DA	+6.49,+23.9,+21.3,JA	+2.91,+230.9,+21.2,JB	+2.66,+245.3,+19.5,FB	+2.51,+254.7,+20.3,JB	+2.85,+234.5,+19.5,KB	
1700180035.60663	+6.51,+17.9,+21.3,DA	+6.49,+23.9,+21.2,KA	+2.91,+230.9,+21.1,IB	+2.66,+245.2,+19.5,GB	+2.50,+254.8,+20.3,DB	+2.85,+234.6,+19.5,HB	
1700180097.615693	+6.51,+18.0,+21.3,BA	+6.49,+23.9,+21.2,KA	+2.91,+230.8,+21.1,HB	+2.67,+245.1,+19.5,EB	+2.50,+255.0,+20.3,MB	+2.85,+234.5,+19.5,KB	
1700180159.6226273	+6.51,+17.9,+21.3,DA	+6.49,+23.9,+21.3,JA	+2.91,+230.8,+21.1,HB	+2.66,+245.2,+19.5,GB	+2.50,+255.0,+20.3,MB	+2.85,+234.6,+19.5,HB	
1700180221.6310048	+6.51,+18.0,+21.3,BA	+6.49,+23.8,+21.3,KA	+2.91,+230.8,+21.2,KB	+2.66,+245.3,+19.6,EB	+2.50,+255.1,+20.3,LB	+2.85,+234.5,+19.5,KB	
1700180283.641493	+6.51,+18.0,+21.3,BA	+6.49,+23.9,+21.3,JA	+2.91,+230.8,+21.1,HB	+2.66,+245.3,+19.5,FB	+2.50,+254.8,+20.3,DB	+2.85,+234.6,+19.5,HB	
1700180345.6507688	+6.51,+17.9,+21.3,DA	+6.49,+23.9,+21.3,JA	+2.91,+230.9,+21.1,IB	+2.66,+245.2,+19.5,GB	+2.50,+255.0,+20.3,MB	+2.85,+234.6,+19.6,KB	
1700180407.6605945	+6.51,+17.9,+21.3,DA	+6.49,+23.9,+21.3,JA	+2.91,+230.9,+21.1,IB	+2.66,+245.1,+19.5,DB	+2.50,+255.1,+20.3,LB	+2.85,+234.6,+19.5,HB	
1700180469.6702669	+6.51,+17.9,+21.3,DA	+6.49,+23.8,+21.3,KA	+2.91,+230.9,+21.1,IB	+2.66,+245.3,+19.6,EB	+2.51,+254.6,+20.3,KB	+2.85,+234.6,+19.6,KB	
1700180531.6802595	+6.51,+17.9,+21.3,DA	+6.49,+23.8,+21.2,JA	+2.91,+230.8,+21.1,HB	+2.66,+245.3,+19.5,FB	+2.54,+252.9,+20.3,GB	+2.85,+234.6,+19.5,HB	
1700180593.6864228	+6.51,+17.9,+21.3,DA	+6.49,+23.9,+21.2,KA	+2.91,+230.9,+21.2,JB	+2.66,+245.3,+19.6,EB	+2.54,+252.6,+20.3,HB	+2.85,+234.7,+19.6,JB	
1700180655.693456	+6.51,+17.9,+21.3,DA	+6.49,+23.9,+21.3,JA	+2.91,+230.9,+21.1,IB	+2.66,+245.5,+19.5,@B	+2.55,+252.0,+20.3,OB	+2.85,+234.7,+19.6,JB	
1700180717.7029	+6.51,+17.9,+21.3,DA	+6.49,+23.9,+21.3,JA	+2.91,+230.9,+21.1,IB	+2.66,+245.4,+19.5,AB	+2.56,+251.9,+20.3,FB	+2.85,+234.7,+19.6,JB	
1700180779.7110963	+6.51,+18.0,+21.3,BA	+6.49,+24.0,+21.3,DA	+2.91,+230.8,+21.2,KB	+2.66,+245.6,+19.6,@B	+2.55,+252.1,+20.3,NB	+2.85,+234.6,+19.5,HB	
1700180841.7199354	+6.51,+18.0,+21.3,BA	+6.49,+23.9,+21.3,JA	+2.91,+230.9,+21.2,JB	+2.65,+245.7,+19.5,AB	+2.55,+252.3,+20.3,LB	+2.85,+234.7,+19.6,JB	
1700180903.728307	+6.51,+17.9,+21.3,DA	+6.49,+23.9,+21.3,JA	+2.91,+230.9,+21.1,IB	+2.66,+245.7,+19.5,BB	+2.55,+252.4,+20.3,KB	+2.85,+234.7,+19.6,JB	
1700180965.7381234	+6.51,+17.9,+21.3,DA	+6.49,+23.9,+21.3,JA	+2.91,+230.9,+21.1,IB	+2.65,+245.7,+19.5,AB	+2.55,+252.4,+20.3,KB	+2.85,+234.7,+19.5,IB	
1700181027.746993	+6.51,+17.9,+21.3,DA	+6.49,+23.9,+21.3,JA	+2.91,+230.8,+21.1,HB	+2.65,+245.7,+19.5,AB	+2.54,+252.7,+20.3,IB	+2.85,+234.7,+19.5,IB	
1700181089.7553575	+6.51,+17.9,+21.3,DA	+6.49,+23.9,+21.3,JA	+2.91,+230.8,+21.1,HB	+2.65,+245.8,+19.6,MB	+2.54,+252.7,+20.3,IB	+2.85,+234.6,+19.5,HB	
1700181151.7646816	+6.51,+18.0,+21.3,BA	+6.49,+23.9,+21.3,JA	+2.91,+230.9,+21.2,JB	+2.65,+245.7,+19.6,BB	+2.54,+252.9,+20.3,GB	+2.85,+234.8,+19.6,EB	
1700181213.774336	+6.51,+17.9,+21.3,DA	+6.49,+23.9,+21.3,JA	+2.91,+230.9,+21.2,JB	+2.65,+245.9,+19.6,LB	+2.54,+252.9,+20.3,GB	+2.85,+234.7,+19.6,JB	
1700181275.7840743	+6.51,+17.9,+21.3,DA	+6.49,+23.9,+21.3,JA	+2.91,+230.9,+21.2,JB	+2.65,+245.9,+19.5,OB	+2.54,+253.1,+20.3,NB	+2.85,+234.7,+19.6,JB	
1700181337.7931745	+6.51,+17.9,+21.3,DA	+6.49,+23.8,+21.3,KA	+2.91,+230.9,+21.2,JB	+2.65,+245.9,+19.6,LB	+2.54,+252.6,+20.3,HB	+2.85,+234.6,+19.6,KB	
1700181399.8020654	+6.51,+17.9,+21.3,DA	+6.49,+23.9,+21.3,JA	+2.91,+230.8,+21.1,HB	+2.65,+246.1,+19.6,GB	+2.54,+252.7,+20.3,IB	+2.85,+234.7,+19.6,JB	
1700181461.8124435	+6.51,+17.9,+21.3,DA	+6.49,+23.8,+21.3,KA	+2.91,+230.9,+21.1,IB	+2.65,+246.1,+19.6,GB	+2.54,+252.6,+20.3,HB	+2.85,+234.7,+19.6,JB	
1700181523.8199906	+6.51,+17.9,+21.3,DA	+6.49,+23.9,+21.3,JA	+2.91,+230.9,+21.2,JB	+2.65,+246.0,+19.6,FB	+2.54,+252.8,+20.4,AB	+2.85,+234.7,+19.6,JB	
1700181585.8277245	+6.51,+18.0,+21.3,BA	+6.49,+23.9,+21.3,JA	+2.91,+230.9,+21.2,JB	+2.65,+246.1,+19.6,GB	+2.53,+253.2,+20.3,JB	+2.85,+234.8,+19.6,EB	
1700181647.8406165	+6.51,+18.0,+21.3,BA	+6.49,+23.9,+21.3,JA	+2.91,+231.0,+21.2,BB	+2.65,+246.0,+19.6,FB	+2.53,+253.5,+20.3,MB	+2.85,+234.8,+19.6,EB	
1700181709.8514025	+6.51,+18.0,+21.3,BA	+6.49,+23.9,+21.3,JA	+2.91,+230.9,+21.1,IB	+2.66,+245.4,+19.6,BB	+2.53,+253.6,+20.3,NB	+2.85,+234.7,+19.6,JB	
1700181771.86071	+6.51,+17.9,+21.3,DA	+6.49,+23.9,+21.3,JA	+2.91,+230.9,+21.2,JB	+2.67,+245.1,+19.6,FB	+2.52,+253.9,+20.3,@B	+2.85,+234.7,+19.6,JB	
1700181833.871409	+6.51,+18.0,+21.3,BA	+6.49,+23.9,+21.3,JA	+2.91,+230.9,+21.1,IB	+2.66,+245.2,+19.6,DB	+2.52,+254.0,+20.3,NB	+2.85,+234.7,+19.6,JB	
1700181895.8822057	+6.51,+17.9,+21.3,DA	+6.49,+23.9,+21.3,JA	+2.91,+230.9,+21.2,JB	+2.66,+245.2,+19.6,DB	+2.52,+253.9,+20.3,@B	+2.85,+234.8,+19.6,EB	
1700181957.892335	+6.51,+18.0,+21.3,BA	+6.49,+23.9,+21.3,JA	+2.91,+230.9,+21.2,JB	+2.66,+245.4,+19.6,BB	+2.52,+254.1,+20.3,OB	+2.85,+234.7,+19.6,JB	
1700182019.9033718	+6.51,+18.0,+21.3,BA	+6.49,+23.9,+21.3,JA	+2.91,+230.8,+21.2,KB	+2.67,+245.1,+19.6,FB	+2.52,+254.2,+20.3,LB	+2.85,+234.7,+19.6,JB	
1700182081.9122572	+6.51,+18.0,+21.3,BA	+6.49,+23.9,+21.3,JA	+2.91,+231.0,+21.2,BB	+2.67,+245.1,+19.6,FB	+2.52,+254.0,+20.3,NB	+2.85,+234.7,+19.6,JB	
1700182143.9216719	+6.51,+18.0,+21.3,BA	+6.49,+23.9,+21.3,JA	+2.91,+230.9,+21.2,JB	+2.67,+245.0,+19.6,GB	+2.51,+254.4,+20.4,NB	+2.85,+234.8,+19.6,EB	
1700182205.92987	+6.51,+17.9,+21.3,DA	+6.49,+23.9,+21.3,JA	+2.91,+230.9,+21.1,IB	+2.67,+245.0,+19.6,GB	+2.51,+254.7,+20.3,JB	+2.85,+234.7,+19.6,JB	
1700182267.9381404	+6.51,+17.9,+21.3,DA	+6.49,+23.9,+21.3,JA	+2.91,+230.9,+21.2,JB	+2.67,+245.0,+19.6,GB	+2.50,+254.9,+20.3,EB	+2.85,+234.7,+19.6,JB	
1700182329.947221	+6.51,+17.9,+21.3,DA	+6.49,+23.9,+21.3,JA	+2.91,+231.0,+21.2,BB	+2.67,+245.0,+19.6,GB	+2.50,+254.9,+20.3,EB	+2.85,+234.7,+19.6,JB	
1700182391.9557629	+6.51,+17.9,+21.3,DA	+6.49,+23.8,+21.3,KA	+2.91,+230.9,+21.2,JB	+2.66,+245.2,+19.6,DB	+2.50,+255.0,+20.3,MB	+2.85,+234.7,+19.6,JB	
1700182453.9648316	+6.51,+17.9,+21.3,DA	+6.49,+23.9,+21.3,JA	+2.91,+230.9,+21.2,JB	+2.66,+245.2,+19.6,DB	+2.50,+255.0,+20.3,MB	+2.85,+234.7,+19.6,JB	
1700182515.9735374	+6.51,+17.9,+21.3,DA	+6.49,+23.9,+21.3,JA	+2.91,+231.0,+21.2,BB	+2.67,+245.1,+19.6,FB	+2.50,+255.0,+20.4,JB	+2.85,+234.7,+19.6,JB	
1700182577.9835408	+6.51,+17.9,+21.3,DA	+6.49,+23.9,+21.3,JA	+2.91,+230.8,+21.2,KB	+2.67,+245.2,+19.6,EB	+2.50,+255.2,+20.4,HB	+2.85,+234.8,+19.6,EB	
1700182639.989918	+6.51,+18.0,+21.3,BA	+6.49,+23.9,+21.3,JA	+2.91,+230.9,+21.2,JB	+2.66,+245.2,+19.6,DB	+2.50,+255.3,+20.4,IB	+2.85,+234.7,+19.6,JB	
1700182702.0001886	+6.51,+17.9,+21.3,DA	+6.49,+23.9,+21.3,JA	+2.91,+230.9,+21.2,JB	+2.66,+245.2,+19.6,DB	+2.50,+255.3,+20.3,NB	+2.85,+234.7,+19.6,JB	
1700182764.0094867	+6.51,+17.9,+21.3,DA	+6.49,+23.9,+21.3,JA	+2.91,+230.9,+21.2,JB	+2.67,+245.1,+19.6,FB	+2.50,+255.3,+20.4,IB	+2.85,+234.7,+19.6,JB	
1700182826.0180242	+6.51,+18.0,+21.3,BA	+6.49,+23.9,+21.3,JA	+2.91,+230.9,+21.2,JB	+2.67,+245.1,+19.6,FB	+2.49,+255.4,+20.3,AB	+2.85,+234.8,+19.6,EB	
1700182888.0285718	+6.51,+17.9,+21.3,DA	+6.49,+23.9,+21.3,JA	+2.91,+230.9,+21.2,JB	+2.67,+245.0,+19.6,GB	+2.50,+255.4,+20.3,IB	+2.85,+234.8,+19.6,EB	
1700183133.6264584	+6.51,+17.9,+21.3,DA	+6.49,+23.9,+21.3,JA	+2.91,+230.9,+21.2,JB	+2.67,+244.8,+19.6,NB	+2.50,+255.1,+20.4,KB	+2.85,+234.5,+19.6,HB	
1700183195.6361516	+6.51,+17.9,+21.3,DA	+6.49,+23.9,+21.3,JA	+2.91,+230.9,+21.2,JB	+2.67,+244.9,+19.6,OB	+2.50,+255.4,+20.4,NB	+2.85,+234.7,+19.6,JB	
1700183257.6460798	+6.51,+17.9,+21.3,DA	+6.49,+23.9,+21.3,JA	+2.91,+230.9,+21.2,JB	+2.67,+244.9,+19.6,OB	+2.49,+255.8,+20.4,JB	+2.85,+234.8,+19.6,EB	
1700183319.6533267	+6.51,+17.9,+21.3,DA	+6.49,+23.9,+21.3,JA	+2.91,+230.9,+21.2,JB	+2.67,+244.9,+19.6,OB	+2.49,+255.9,+20.4,KB	+2.85,+234.7,+19.6,JB	
1700183381.6632557	+6.51,+17.9,+21.3,DA	+6.49,+23.8,+21.3,KA	+2.91,+230.9,+21.2,JB	+2.67,+245.0,+19.6,GB	+2.49,+255.9,+20.4,KB	+2.85,+234.7,+19.6,JB	
1700183443.6706326	+6.51,+18.0,+21.3,BA	+6.49,+23.9,+21.3,JA	+2.91,+231.0,+21.2,BB	+2.67,+244.9,+19.6,OB	+2.50,+255.4,+20.4,NB	+2.85,+234.7,+19.6,JB	
1700183505.6791034	+6.51,+17.9,+21.3,DA	+6.49,+23.9,+21.3,JA	+2.91,+230.9,+21.2,JB	+2.67,+245.1,+19.6,FB	+2.51,+254.8,+20.4,BB	+2.85,+234.8,+19.6,EB	
1700183567.6890721	+6.51,+18.0,+21.3,BA	+6.49,+23.9,+21.3,JA	+2.91,+230.9,+21.2,JB	+2.67,+245.0,+19.6,GB	+2.50,+255.1,+20.4,KB	+2.85,+234.8,+19.6,EB	
1700183629.6983922	+6.51,+18.0,+21.3,BA	+6.49,+23.9,+21.3,JA	+2.91,+231.0,+21.2,BB	+2.67,+245.0,+19.6,GB	+2.50,+255.2,+20.4,HB	+2.85,+234.7,+19.6,JB	
1700183691.7061543	+6.51,+17.9,+21.3,DA	+6.49,+23.9,+21.3,JA	+2.91,+230.9,+21.2,JB	+2.67,+245.0,+19.6,GB	+2.49,+255.7,+20.4,EB	+2.85,+234.8,+19.6,EB	
1700183753.7143052	+6.51,+18.0,+21.3,BA	+6.49,+23.9,+21.3,JA	+2.91,+230.9,+21.2,JB	+2.66,+245.2,+19.6,DB	+2.49,+255.7,+20.4,EB	+2.85,+234.8,+19.6,EB	
1700183815.7240095	+6.51,+17.9,+21.3,DA	+6.49,+23.9,+21.3,JA	+2.91,+230.9,+21.2,JB	+2.66,+245.3,+19.6,EB	+2.49,+255.7,+20.4,EB	+2.85,+234.8,+19.6,EB	
1700183877.7331104	+6.51,+17.9,+21.3,DA	+6.49,+23.9,+21.3,JA	+2.91,+231.0,+21.2,BB	+2.67,+245.2,+19.6,EB	+2.49,+255.7,+20.4,EB	+2.85,+234.8,+19.6,EB	
1700183939.7429485	+6.51,+18.0,+21.3,BA	+6.49,+23.8,+21.3,KA	+2.91,+231.0,+21.2,BB	+2.66,+245.3,+19.6,EB	+2.49,+256.0,+20.4,AB	+2.85,+234.8,+19.6,EB	
1700184001.7508326	+6.51,+18.0,+21.3,BA	+6.49,+23.9,+21.3,JA	+2.91,+230.9,+21.2,JB	+2.66,+245.4,+19.6,BB	+2.49,+255.7,+20.4,EB	+2.85,+234.8,+19.6,EB	
1700184063.760435	+6.51,+18.0,+21.3,BA	+6.49,+23.9,+21.3,JA	+2.91,+230.9,+21.2,JB	+2.66,+245.6,+19.6,@B	+2.49,+255.8,+20.4,JB	+2.85,+234.8,+19.6,EB	
1700184125.7666006	+6.51,+18.0,+21.3,BA	+6.49,+23.9,+21.3,JA	+2.91,+230.9,+21.2,JB	+2.66,+245.6,+19.6,@B	+2.49,+255.9,+20.4,KB	+2.85,+234.8,+19.6,EB	
1700184187.777073	+6.51,+17.9,+21.3,DA	+6.49,+23.9,+21.3,JA	+2.91,+231.0,+21.2,BB	+2.66,+245.5,+19.6,CB	+2.48,+256.1,+20.4,AB	+2.85,+234.8,+19.6,EB	
1700184249.7867324	+6.51,+18.0,+21.3,BA	+6.49,+23.9,+21.4,MA	+2.91,+230.9,+21.2,JB	+2.66,+245.6,+19.6,@B	+2.48,+256.2,+20.4,BB	+2.85,+234.8,+19.6,EB	
1700184311.7968736	+6.51,+17.9,+21.4,CA	+6.49,+23.9,+21.3,JA	+2.91,+231.0,+21.2,BB	+2.66,+245.5,+19.6,CB	+2.48,+256.3,+20.4,CB	+2.85,+234.8,+19.7,DB	
1700184373.8054113	+6.51,+17.9,+21.3,DA	+6.49,+23.9,+21.3,JA	+2.91,+231.0,+21.2,BB	+2.66,+245.5,+19.6,CB	+2.48,+256.2,+20.4,BB	+2.85,+234.8,+19.6,EB	
1700184435.8139281	+6.51,+17.9,+21.4,CA	+6.49,+23.9,+21.4,MA	+2.91,+230.9,+21.2,JB	+2.66,+245.5,+19.6,CB	+2.48,+256.3,+20.4,CB	+2.85,+234.8,+19.7,DB	
1700184497.823842	+6.51,+17.9,+21.4,CA	+6.49,+23.9,+21.4,MA	+2.91,+231.0,+21.2,BB	+2.67,+245.2,+19.6,EB	+2.48,+256.0,+20.4,@B	+2.85,+234.8,+19.6,EB	
1700184559.8339248	+6.51,+18.0,+21.4,EA	+6.49,+23.9,+21.4,MA	+2.91,+231.0,+21.2,BB	+2.67,+245.2,+19.6,EB	+2.49,+255.9,+20.4,KB	+2.85,+234.9,+19.7,EB	
1700184621.8436198	+6.51,+18.0,+21.4,EA	+6.49,+23.9,+21.4,MA	+2.91,+231.0,+21.3,CB	+2.67,+245.1,+19.6,FB	+2.48,+256.1,+20.4,AB	+2.85,+234.9,+19.7,EB	
1700184683.8526218	+6.51,+18.0,+21.4,EA	+6.49,+23.8,+21.4,LA	+2.91,+231.0,+21.2,BB	+2.67,+244.9,+19.6,OB	+2.48,+256.2,+20.4,BB	+2.85,+234.8,+19.7,DB	
1700184745.8630068	+6.51,+18.0,+21.4,EA	+6.49,+23.8,+21.3,KA	+2.91,+231.0,+21.2,BB	+2.67,+245.0,+19.7,FB	+2.48,+256.3,+20.4,CB	+2.85,+234.8,+19.6,EB	
1700184807.872663	+6.51,+18.0,+21.4,EA	+6.49,+23.8,+21.4,LA	+2.91,+231.0,+21.2,BB	+2.67,+245.1,+19.6,FB	+2.48,+256.3,+20.4,CB	+2.85,+234.8,+19.7,DB	
1700184869.8787274	+6.51,+17.9,+21.4,CA	+6.49,+23.9,+21.4,MA	+2.91,+231.0,+21.2,BB	+2.67,+245.1,+19.6,FB	+2.48,+256.4,+20.4,DB	+2.85,+234.8,+19.7,DB	
1700184931.8891664	+6.51,+17.9,+21.4,CA	+6.49,+24.0,+21.3,DA	+2.91,+231.0,+21.2,BB	+2.67,+245.2,+19.7,DB	+2.48,+256.4,+20.4,DB	+2.85,+234.8,+19.7,DB	
1700184993.8987143	+6.51,+17.9,+21.4,CA	+6.49,+23.8,+21.4,LA	+2.91,+230.9,+21.2,JB	+2.67,+245.1,+19.7,GB	+2.48,+256.5,+20.4,EB	+2.85,+234.9,+19.7,EB	
1700185055.9077647	+6.51,+17.9,+21.4,CA	+6.49,+23.9,+21.3,JA	+2.91,+231.0,+21.2,BB	+2.67,+245.1,+19.7,GB	+2.51,+254.3,+20.4,IB	+2.85,+234.8,+19.7,DB	
1700185117.9182076	+6.51,+18.0,+21.4,EA	+6.49,+23.9,+21.4,MA	+2.91,+231.0,+21.2,BB	+2.67,+245.1,+19.7,GB	+2.52,+253.8,+20.4,FB	+2.85,+234.9,+19.7,EB	
1700185179.9269676	+6.51,+17.9,+21.4,CA	+6.49,+23.9,+21.4,MA	+2.91,+231.0,+21.2,BB	+2.67,+245.0,+19.7,FB	+2.55,+252.4,+20.4,LB	+2.85,+234.9,+19.7,EB	
1700185241.9364703	+6.51,+17.9,+21.4,CA	+6.49,+23.9,+21.4,MA	+2.91,+231.0,+21.2,BB	+2.67,+245.2,+19.7,DB	+2.57,+251.2,+20.4,KB	+2.85,+234.8,+19.7,DB	
1700185303.9421008	+6.51,+17.9,+21.4,CA	+6.49,+23.9,+21.4,MA	+2.91,+231.0,+21.2,BB	+2.67,+244.7,+19.7,@B	+2.58,+250.7,+20.4,@B	+2.85,+234.8,+19.7,DB	
1700185365.9494855	+6.51,+18.0,+21.4,EA	+6.49,+23.9,+21.4,MA	+2.91,+230.9,+21.3,KB	+2.68,+244.7,+19.7,OB	+2.58,+250.4,+20.4,CB	+2.85,+234.8,+19.7,DB	
1700185427.962218	+6.51,+17.9,+21.4,CA	+6.49,+23.9,+21.4,MA	+2.91,+231.0,+21.2,BB	+2.67,+244.7,+19.7,@B	+2.59,+250.2,+20.4,DB	+2.85,+234.8,+19.7,DB	
1700185489.9722333	+6.51,+17.9,+21.4,CA	+6.49,+23.9,+21.4,MA	+2.91,+231.0,+21.2,BB	+2.67,+244.8,+19.7,OB	+2.59,+249.8,+20.4,FB	+2.85,+234.8,+19.7,DB	
1700185551.981718	+6.51,+18.0,+21.4,EA	+6.49,+23.9,+21.4,MA	+2.91,+231.0,+21.2,BB	+2.68,+244.5,+19.7,MB	+2.60,+249.7,+20.5,BB	+2.85,+234.8,+19.7,DB	
1700185613.9878566	+6.51,+18.0,+21.4,EA	+6.49,+23.8,+21.4,LA	+2.91,+231.0,+21.2,BB	+2.68,+244.6,+19.7,NB	+2.60,+249.6,+20.4,BB	+2.85,+234.8,+19.7,DB	
1700185675.9984183	+6.51,+17.9,+21.4,CA	+6.49,+23.9,+21.4,MA	+2.91,+231.1,+21.2,CB	+2.68,+244.4,+19.7,LB	+2.60,+249.4,+20.4,@B	+2.85,+234.8,+19.7,DB	
1700185738.0075226	+6.51,+17.9,+21.4,CA	+6.49,+23.9,+21.4,MA	+2.91,+231.0,+21.2,BB	+2.68,+244.4,+19.7,LB	+2.60,+249.3,+20.4,GB	+2.85,+234.8,+19.7,DB	
1700185800.0171251	+6.51,+17.9,+21.4,CA	+6.49,+23.9,+21.4,MA	+2.91,+231.0,+21.3,CB	+2.68,+244.5,+19.7,MB	+2.60,+249.4,+20.5,AB	+2.85,+234.8,+19.7,DB	
1700185862.0250418	+6.51,+18.0,+21.4,EA	+6.49,+23.8,+21.4,LA	+2.91,+231.1,+21.2,CB	+2.68,+244.5,+19.7,MB	+2.60,+249.5,+20.5,@B	+2.85,+234.9,+19.7,EB	
1700185924.0329213	+6.51,+17.9,+21.4,CA	+6.49,+23.9,+21.4,MA	+2.91,+231.0,+21.3,CB	+2.68,+244.4,+19.7,LB	+2.60,+249.6,+20.5,CB	+2.85,+234.8,+19.7,DB	
1700185986.0437326	+6.51,+17.9,+21.4,CA	+6.49,+23.9,+21.4,MA	+2.91,+231.0,+21.3,CB	+2.68,+244.5,+19.7,MB	+2.60,+249.4,+20.5,AB	+2.85,+234.8,+19.7,DB	
1700186048.0532582	+6.51,+17.9,+21.4,CA	+6.49,+23.9,+21.4,MA	+2.91,+231.0,+21.3,CB	+2.68,+244.5,+19.7,MB	+2.60,+249.6,+20.5,CB	+2.85,+234.8,+19.7,DB	
1700186110.062614	+6.51,+18.0,+21.4,EA	+6.49,+23.9,+21.4,MA	+2.91,+231.0,+21.3,CB	+2.68,+244.5,+19.7,MB	+2.60,+249.5,+20.5,@B	+2.85,+234.9,+19.7,EB	
1700186172.0723968	+6.51,+17.9,+21.4,CA	+6.49,+23.8,+21.4,LA	+2.91,+231.0,+21.3,CB	+2.68,+244.6,+19.7,NB	+2.60,+249.7,+20.5,BB	+2.85,+234.9,+19.7,EB	
1700186234.0807142	+6.51,+17.9,+21.4,CA	+6.49,+23.9,+21.4,MA	+2.91,+231.0,+21.3,CB	+2.68,+244.7,+19.7,OB	+2.59,+250.1,+20.5,FB	+2.85,+234.9,+19.7,EB	
1700186296.0909727	+6.51,+18.0,+21.4,EA	+6.49,+23.9,+21.4,MA	+2.91,+231.1,+21.3,BB	+2.68,+244.6,+19.7,NB	+2.59,+250.2,+20.5,EB	+2.85,+234.9,+19.7,EB	
1700186358.1014552	+6.51,+18.0,+21.4,EA	+6.49,+23.9,+21.4,MA	+2.91,+231.0,+21.3,CB	+2.68,+244.6,+19.7,NB	+2.59,+249.8,+20.5,GB	+2.84,+235.0,+19.7,LB	
1700186420.1099415	+6.51,+17.9,+21.4,CA	+6.49,+23.9,+21.4,MA	+2.91,+231.0,+21.3,CB	+2.68,+244.5,+19.7,MB	+2.59,+250.0,+20.4,FB	+2.85,+234.9,+19.7,EB	
1700186482.1174686	+6.51,+17.9,+21.4,CA	+6.49,+23.9,+21.4,MA	+2.91,+231.1,+21.3,BB	+2.68,+244.6,+19.7,NB	+2.59,+250.2,+20.5,EB	+2.85,+234.9,+19.7,EB	
1700186544.1280942	+6.51,+17.9,+21.4,CA	+6.49,+23.9,+21.4,MA	+2.91,+231.0,+21.3,CB	+2.68,+244.5,+19.7,MB	+2.59,+250.3,+20.5,DB	+2.84,+235.0,+19.7,LB	
1700186606.1380985	+6.51,+17.9,+21.4,CA	+6.49,+23.9,+21.4,MA	+2.91,+231.1,+21.3,BB	+2.68,+244.7,+19.7,OB	+2.59,+249.8,+20.5,GB	+2.85,+234.9,+19.7,EB	
1700186668.1467462	+6.51,+17.9,+21.4,CA	+6.49,+23.8,+21.4,LA	+2.91,+231.1,+21.3,BB	+2.68,+244.5,+19.7,MB	+2.60,+249.5,+20.5,@B	+2.85,+234.9,+19.7,EB	
1700186730.1571083	+6.51,+17.9,+21.4,CA	+6.49,+23.9,+21.4,MA	+2.91,+231.1,+21.3,BB	+2.68,+244.5,+19.7,MB	+2.60,+249.5,+20.5,@B	+2.84,+235.0,+19.7,LB	
1700186975.7091053	+6.51,+17.9,+21.4,CA	+6.49,+23.9,+21.4,MA	+2.91,+231.0,+21.3,CB	+2.68,+244.4,+19.7,LB	+2.58,+250.4,+20.5,BB	+2.85,+234.7,+19.7,KB	
1700187037.7202148	+6.51,+17.9,+21.4,CA	+6.49,+23.9,+21.4,MA	+2.91,+231.1,+21.3,BB	+2.68,+244.5,+19.7,MB	+2.57,+251.1,+20.5,IB	+2.85,+234.9,+19.7,EB	
1700187099.7272327	+6.51,+17.9,+21.5,BA	+6.49,+23.9,+21.4,MA	+2.91,+231.1,+21.3,BB	+2.68,+244.6,+19.7,NB	+2.57,+251.4,+20.5,LB	+2.85,+234.9,+19.7,EB	
1700187161.7380447	+6.51,+18.0,+21.5,DA	+6.49,+23.9,+21.4,MA	+2.91,+231.1,+21.3,BB	+2.68,+244.6,+19.7,NB	+2.56,+251.7,+20.5,NB	+2.85,+234.9,+19.7,EB	
1700187223.7461112	+6.51,+18.0,+21.4,EA	+6.49,+23.8,+21.5,MA	+2.91,+231.1,+21.3,BB	+2.68,+244.6,+19.7,NB	+2.56,+251.9,+20.5,@B	+2.85,+234.9,+19.7,EB	
1700187285.7534664	+6.51,+18.0,+21.4,EA	+6.49,+23.9,+21.4,MA	+2.91,+231.1,+21.3,BB	+2.68,+244.6,+19.7,NB	+2.55,+252.2,+20.5,KB	+2.85,+234.9,+19.7,EB	
1700187347.7668517	+6.51,+17.9,+21.4,CA	+6.49,+23.9,+21.4,MA	+2.91,+231.1,+21.3,BB	+2.68,+244.4,+19.7,LB	+2.55,+252.2,+20.5,KB	+2.85,+234.9,+19.7,EB	
1700187409.7750442	+6.51,+17.9,+21.4,CA	+6.49,+23.9,+21.4,MA	+2.91,+231.1,+21.3,BB	+2.68,+244.6,+19.7,NB	+2.55,+252.4,+20.5,MB	+2.85,+234.9,+19.8,JB	
1700187471.7840488	+6.51,+17.9,+21.4,CA	+6.49,+23.9,+21.4,MA	+2.91,+231.1,+21.3,BB	+2.68,+244.5,+19.7,MB	+2.55,+252.5,+20.5,LB	+2.85,+234.9,+19.7,EB	
1700187533.7911232	+6.51,+17.9,+21.4,CA	+6.49,+23.9,+21.4,MA	+2.91,+231.1,+21.3,BB	+2.68,+244.7,+19.7,OB	+2.54,+252.7,+20.5,OB	+2.84,+235.0,+19.7,LB	
1700187595.800538	+6.51,+17.9,+21.4,CA	+6.49,+23.9,+21.4,MA	+2.91,+231.1,+21.3,BB	+2.67,+244.7,+19.7,@B	+2.54,+253.0,+20.5,IB	+2.84,+235.0,+19.7,LB	
1700187657.8101065	+6.51,+17.9,+21.4,CA	+6.49,+23.9,+21.4,MA	+2.91,+231.1,+21.3,BB	+2.68,+244.7,+19.7,OB	+2.54,+253.2,+20.5,KB	+2.84,+235.0,+19.7,LB	
1700187719.8198075	+6.51,+18.0,+21.4,EA	+6.49,+23.9,+21.4,MA	+2.91,+231.1,+21.3,BB	+2.68,+244.7,+19.7,OB	+2.53,+253.3,+20.5,MB	+2.85,+234.9,+19.7,EB	
1700187781.8301044	+6.51,+18.0,+21.4,EA	+6.49,+23.9,+21.4,MA	+2.91,+231.1,+21.3,BB	+2.67,+244.7,+19.7,@B	+2.53,+253.6,+20.5,HB	+2.85,+235.0,+19.7,MB	
1700187843.8384683	+6.51,+17.9,+21.4,CA	+6.49,+23.9,+21.4,MA	+2.91,+231.2,+21.3,AB	+2.67,+244.8,+19.7,OB	+2.53,+253.7,+20.5,IB	+2.85,+235.0,+19.7,MB	
1700187905.8488886	+6.51,+18.0,+21.4,EA	+6.49,+23.9,+21.4,MA	+2.91,+231.1,+21.3,BB	+2.67,+244.9,+19.7,NB	+2.53,+253.7,+20.5,IB	+2.85,+234.9,+19.7,EB	
1700187967.857333	+6.51,+17.9,+21.4,CA	+6.49,+23.9,+21.4,MA	+2.91,+231.0,+21.3,CB	+2.67,+244.8,+19.7,OB	+2.52,+253.8,+20.5,GB	+2.84,+235.0,+19.8,CB	
1700188029.8642988	+6.51,+17.9,+21.5,BA	+6.49,+23.9,+21.5,LA	+2.91,+231.1,+21.3,BB	+2.67,+244.9,+19.7,NB	+2.52,+254.0,+20.5,HB	+2.85,+234.9,+19.7,EB	
1700188091.8733287	+6.51,+17.9,+21.4,CA	+6.49,+23.9,+21.5,LA	+2.91,+231.1,+21.3,BB	+2.67,+244.9,+19.7,NB	+2.52,+253.9,+20.5,FB	+2.85,+235.0,+19.8,BB	
1700188153.883169	+6.51,+17.9,+21.5,BA	+6.49,+23.9,+21.5,LA	+2.91,+231.1,+21.3,BB	+2.67,+245.1,+19.7,GB	+2.52,+253.8,+20.5,GB	+2.85,+235.0,+19.8,BB	
1700188215.8917062	+6.51,+18.0,+21.4,EA	+6.49,+23.9,+21.5,LA	+2.91,+231.1,+21.3,BB	+2.67,+245.2,+19.7,DB	+2.52,+254.3,+20.5,KB	+2.85,+235.0,+19.8,BB	
1700188277.898744	+6.51,+18.0,+21.5,DA	+6.49,+23.9,+21.5,LA	+2.91,+231.1,+21.3,BB	+2.67,+245.3,+19.7,EB	+2.51,+254.4,+20.5,OB	+2.85,+235.0,+19.8,BB	
1700188339.908428	+6.51,+17.9,+21.4,CA	+6.49,+23.9,+21.5,LA	+2.91,+231.1,+21.3,BB	+2.67,+245.2,+19.7,DB	+2.51,+254.6,+20.5,MB	+2.84,+235.0,+19.8,CB	
1700188401.9153557	+6.51,+17.9,+21.5,BA	+6.49,+23.8,+21.5,MA	+2.91,+231.2,+21.3,AB	+2.66,+245.3,+19.8,KB	+2.51,+254.7,+20.5,LB	+2.85,+234.9,+19.8,JB	
1700188463.923135	+6.51,+18.0,+21.4,EA	+6.49,+23.9,+21.5,LA	+2.91,+231.1,+21.3,BB	+2.67,+245.2,+19.7,DB	+2.51,+254.6,+20.5,MB	+2.85,+234.9,+19.8,JB	
1700188525.932992	+6.51,+18.0,+21.4,EA	+6.49,+23.9,+21.5,LA	+2.91,+231.1,+21.3,BB	+2.66,+245.4,+19.8,LB	+2.51,+254.8,+20.5,CB	+2.84,+235.0,+19.8,CB	
1700188587.941061	+6.51,+17.9,+21.5,BA	+6.49,+23.9,+21.5,LA	+2.91,+231.2,+21.3,AB	+2.66,+245.4,+19.7,CB	+2.50,+255.0,+20.5,KB	+2.85,+235.0,+19.8,BB	
1700188649.9497237	+6.51,+18.0,+21.5,DA	+6.49,+23.9,+21.5,LA	+2.91,+231.2,+21.3,AB	+2.66,+245.5,+19.8,MB	+2.50,+255.1,+20.5,JB	+2.85,+235.0,+19.8,BB	
1700188711.9588838	+6.51,+18.0,+21.4,EA	+6.49,+23.9,+21.4,MA	+2.91,+231.1,+21.3,BB	+2.66,+245.5,+19.8,MB	+2.50,+255.1,+20.5,JB	+2.85,+234.9,+19.8,JB	
1700188773.9686582	+6.51,+18.0,+21.4,EA	+6.49,+23.9,+21.5,LA	+2.91,+231.2,+21.3,AB	+2.66,+245.6,+19.8,NB	+2.50,+255.2,+20.5,IB	+2.85,+235.0,+19.8,BB	
1700188835.979025	+6.51,+17.9,+21.4,CA	+6.49,+23.9,+21.5,LA	+2.91,+231.2,+21.3,AB	+2.66,+245.5,+19.8,MB	+2.50,+255.3,+20.5,HB	+2.85,+235.0,+19.8,BB	
1700188897.9879315	+6.51,+18.0,+21.4,EA	+6.49,+23.9,+21.5,LA	+2.91,+231.2,+21.3,AB	+2.66,+245.5,+19.7,BB	+2.50,+255.5,+20.5,NB	+2.84,+235.0,+19.8,CB	
1700188959.995245	+6.51,+18.0,+21.4,EA	+6.49,+23.9,+21.5,LA	+2.91,+231.2,+21.3,AB	+2.66,+245.6,+19.8,NB	+2.52,+254.0,+20.5,HB	+2.84,+235.0,+19.8,CB	
1700189022.0059001	+6.51,+18.0,+21.5,DA	+6.49,+23.9,+21.5,LA	+2.91,+231.1,+21.3,BB	+2.66,+245.6,+19.7,AB	+2.52,+254.3,+20.5,KB	+2.84,+235.0,+19.8,CB	
1700189084.0130072	+6.51,+17.9,+21.5,BA	+6.49,+23.9,+21.5,LA	+2.91,+231.2,+21.3,AB	+2.66,+245.6,+19.8,NB	+2.52,+254.2,+20.5,JB	+2.84,+235.0,+19.8,CB	
1700189146.019358	+6.51,+17.9,+21.5,BA	+6.49,+23.9,+21.4,MA	+2.91,+231.2,+21.4,FB	+2.66,+245.3,+19.8,KB	+2.51,+254.5,+20.5,NB	+2.84,+235.0,+19.7,LB	
1700189208.0288322	+6.51,+18.0,+21.5,DA	+6.49,+23.9,+21.5,LA	+2.91,+231.2,+21.4,FB	+2.67,+245.3,+19.8,JB	+2.52,+253.9,+20.5,FB	+2.84,+235.0,+19.8,CB	
1700189270.0387223	+6.51,+17.9,+21.5,BA	+6.49,+23.9,+21.5,LA	+7.04,-5.6,+21.4,HB	+2.66,+245.4,+19.8,LB	+2.52,+253.8,+20.5,GB	+2.85,+235.0,+19.8,BB	
1700189332.0490756	+6.51,+18.0,+21.5,DA	+6.49,+23.9,+21.5,LA	+6.50,+25.0,+21.3,MA	+2.67,+245.1,+19.8,HB	+2.52,+253.8,+20.5,GB	+2.84,+235.0,+19.8,CB	
1700189394.0577164	+6.51,+18.0,+21.5,DA	+6.49,+23.9,+21.5,LA	+6.50,+25.1,+21.4,KA	+2.67,+245.1,+19.8,HB	+2.52,+254.0,+20.5,HB	+2.84,+235.0,+19.8,CB	
1700189456.0641394	+6.51,+17.9,+21.5,BA	+6.49,+23.9,+21.5,LA	+6.51,+24.8,+21.3,EA	+2.67,+245.1,+19.8,HB	+2.52,+254.1,+20.5,IB	+2.84,+235.0,+19.8,CB	
1700189518.0741167	+6.51,+18.0,+21.5,DA	+6.49,+23.9,+21.5,LA	+6.51,+24.7,+21.3,JA	+2.67,+245.3,+19.8,JB	+2.52,+254.1,+20.5,IB	+2.85,+235.0,+19.8,BB	
1700189580.0827935	+6.51,+18.0,+21.5,DA	+6.49,+23.9,+21.5,LA	+6.51,+24.6,+21.3,KA	+2.66,+245.4,+19.8,LB	+2.52,+254.3,+20.5,KB	+2.85,+235.0,+19.8,BB	
1700189642.0904121	+6.51,+18.0,+21.5,DA	+6.49,+24.0,+21.5,BA	+6.51,+24.5,+21.3,HA	+2.66,+245.4,+19.8,LB	+2.51,+254.4,+20.5,OB	+2.84,+235.0,+19.8,CB	
1700189704.0921555	+6.51,+18.0,+21.5,DA	+6.49,+23.9,+21.5,LA	+6.51,+24.5,+21.4,OA	+2.67,+245.3,+19.8,JB	+2.51,+254.5,+20.5,NB	+2.84,+235.0,+19.8,CB	
1700189766.0982091	+6.51,+17.9,+21.5,BA	+6.49,+23.9,+21.5,LA	+6.51,+24.6,+21.3,KA	+2.66,+245.5,+19.8,MB	+2.51,+254.7,+20.5,LB	+2.84,+235.0,+19.8,CB	
1700189828.1079664	+6.51,+18.0,+21.4,EA	+6.49,+23.9,+21.4,MA	+6.51,+24.5,+21.4,OA	+2.66,+245.3,+19.8,KB	+2.52,+253.9,+20.5,FB	+2.84,+235.1,+19.8,BB	
1700189890.1153092	+6.51,+18.0,+21.4,EA	+6.49,+24.0,+21.4,CA	+6.51,+24.6,+21.3,KA	+2.67,+245.3,+19.8,JB	+2.54,+253.1,+20.5,HB	+2.84,+235.1,+19.8,BB	
1700189952.1246197	+6.51,+18.0,+21.4,EA	+6.49,+23.9,+21.4,MA	+6.51,+24.6,+21.3,KA	+2.66,+245.3,+19.8,KB	+2.54,+253.1,+20.5,HB	+2.84,+235.1,+19.8,BB	
1700190014.1309648	+6.51,+18.0,+21.5,DA	+6.49,+23.9,+21.5,LA	+6.51,+24.6,+21.3,KA	+2.67,+245.1,+19.8,HB	+2.53,+253.5,+20.5,KB	+2.84,+235.1,+19.8,BB	
1700190076.1409812	+6.51,+17.9,+21.5,BA	+6.49,+23.9,+21.5,LA	+6.51,+24.6,+21.4,LA	+2.67,+245.2,+19.8,KB	+2.52,+253.9,+20.5,FB	+2.84,+235.1,+19.8,BB	
1700190138.1491241	+6.51,+18.0,+21.5,DA	+6.49,+23.9,+21.5,LA	+6.51,+24.6,+21.4,LA	+2.67,+245.3,+19.8,JB	+2.52,+254.2,+20.5,JB	+2.84,+235.1,+19.8,BB	
1700190200.1582837	+6.51,+18.0,+21.5,DA	+6.49,+23.9,+21.5,LA	+6.51,+24.6,+21.3,KA	+2.67,+245.2,+19.8,KB	+2.52,+254.4,+20.5,LB	+2.84,+235.1,+19.8,BB	
1700190262.1670558	+6.51,+18.0,+21.5,DA	+6.49,+23.9,+21.5,LA	+6.51,+24.6,+21.3,KA	+2.66,+245.3,+19.8,KB	+2.51,+254.5,+20.5,NB	+2.84,+235.1,+19.8,BB	
1700190324.1737304	+6.51,+17.9,+21.5,BA	+6.49,+23.9,+21.5,LA	+6.51,+24.4,+21.4,NA	+2.66,+245.4,+19.8,LB	+2.51,+254.5,+20.5,NB	+2.84,+235.1,+19.8,BB	
1700190386.182632	+6.51,+17.9,+21.5,BA	+6.49,+23.8,+21.5,MA	+6.51,+24.5,+21.4,OA	+2.66,+245.4,+19.8,LB	+2.51,+254.8,+20.5,CB	+2.84,+235.1,+19.8,BB	
1700190448.192505	+6.51,+18.0,+21.4,EA	+6.49,+23.9,+21.5,LA	+6.51,+24.6,+21.3,KA	+2.66,+245.4,+19.8,LB	+2.51,+254.5,+20.6,MB	+2.84,+235.1,+19.8,BB	
1700190510.2018683	+6.51,+17.9,+21.5,BA	+6.49,+23.8,+21.4,LA	+6.51,+24.4,+21.4,NA	+2.66,+245.4,+19.8,LB	+2.51,+254.6,+20.6,NB	+2.84,+235.1,+19.8,BB	
1700190572.2101173	+6.51,+18.0,+21.5,DA	+6.49,+23.9,+21.5,LA	+6.51,+24.4,+21.4,NA	+2.67,+245.3,+19.8,JB	+2.51,+254.6,+20.5,MB	+2.84,+235.1,+19.8,BB	
1700190817.838291	+6.51,+17.9,+21.5,BA	+6.49,+23.9,+21.4,MA	+6.52,+24.3,+21.4,JA	+2.66,+245.4,+19.8,LB	+2.52,+254.1,+20.6,JB	+2.85,+234.9,+19.8,JB	
1700190879.848501	+6.51,+17.9,+21.5,BA	+6.49,+23.9,+21.5,LA	+6.52,+24.2,+21.3,LA	+2.66,+245.5,+19.8,MB	+2.51,+254.6,+20.6,NB	+2.84,+235.1,+19.8,BB	
1700190941.857179	+6.51,+17.9,+21.5,BA	+6.49,+23.9,+21.5,LA	+6.52,+24.1,+21.3,OA	+2.66,+245.5,+19.8,MB	+2.51,+254.6,+20.6,NB	+2.84,+235.1,+19.7,MB	
1700191003.8632371	+6.51,+17.9,+21.5,BA	+6.49,+23.9,+21.5,LA	+6.52,+24.2,+21.3,LA	+2.67,+245.1,+19.8,HB	+2.51,+254.8,+20.5,CB	+2.84,+235.1,+19.8,BB	
1700191065.8707838	+6.51,+18.0,+21.4,EA	+6.49,+23.9,+21.4,MA	+6.52,+24.3,+21.3,MA	+2.67,+245.3,+19.8,JB	+2.51,+254.7,+20.6,OB	+2.84,+235.1,+19.8,BB	
1700191127.87796	+6.51,+17.9,+21.4,CA	+6.49,+23.9,+21.4,MA	+6.51,+24.4,+21.4,NA	+2.67,+245.3,+19.8,JB	+2.50,+255.0,+20.6,HB	+2.84,+235.1,+19.8,BB	
1700191189.887728	+6.51,+17.9,+21.4,CA	+6.49,+23.9,+21.4,MA	+6.51,+24.5,+21.4,OA	+2.67,+245.1,+19.8,HB	+2.50,+255.1,+20.6,IB	+2.84,+235.1,+19.8,BB	
1700191251.8974211	+6.51,+17.9,+21.5,BA	+6.49,+23.9,+21.4,MA	+6.52,+24.2,+21.3,LA	+2.67,+245.2,+19.8,KB	+2.50,+255.3,+20.6,KB	+2.84,+235.1,+19.8,BB	
1700191313.9064171	+6.51,+17.9,+21.5,BA	+6.49,+23.9,+21.5,LA	+6.52,+24.1,+21.4,HA	+2.67,+245.2,+19.8,KB	+2.49,+255.6,+20.6,FB	+2.84,+235.1,+19.8,BB	
1700191375.9146297	+6.51,+18.0,+21.5,DA	+6.49,+23.9,+21.5,LA	+6.52,+24.2,+21.3,LA	+2.67,+245.1,+19.8,HB	+2.49,+255.7,+20.6,GB	+2.84,+235.1,+19.8,BB	
1700191437.923956	+6.51,+17.9,+21.5,BA	+6.49,+23.9,+21.5,LA	+6.52,+24.3,+21.4,JA	+2.67,+245.0,+19.8,IB	+2.49,+255.8,+20.6,HB	+2.84,+235.1,+19.8,BB	
1700191499.9306295	+6.51,+17.9,+21.5,BA	+6.49,+23.9,+21.5,LA	+6.52,+24.3,+21.3,MA	+2.67,+245.1,+19.8,HB	+2.49,+255.9,+20.6,IB	+2.84,+235.1,+19.8,BB	
1700191561.938577	+6.51,+17.9,+21.5,BA	+6.49,+23.9,+21.5,LA	+6.51,+24.4,+21.4,NA	+2.67,+244.9,+19.8,AB	+2.49,+255.7,+20.6,GB	+2.84,+235.1,+19.8,BB	
1700191623.948837	+6.51,+17.9,+21.5,BA	+6.49,+23.9,+21.5,LA	+6.51,+24.5,+21.4,OA	+2.67,+244.8,+19.8,@B	+2.49,+255.8,+20.6,HB	+2.84,+235.1,+19.8,BB	
1700191685.9575334	+6.51,+18.0,+21.4,EA	+6.49,+24.0,+21.5,BA	+6.51,+24.4,+21.4,NA	+2.67,+244.9,+19.8,AB	+2.50,+255.3,+20.6,KB	+2.84,+235.1,+19.8,BB	
1700191747.9681919	+6.51,+17.9,+21.5,BA	+6.49,+23.9,+21.5,LA	+6.51,+24.5,+21.4,OA	+2.67,+245.0,+19.8,IB	+2.50,+255.3,+20.5,HB	+2.84,+235.1,+19.8,BB	
1700191809.9784484	+6.51,+18.0,+21.5,DA	+6.49,+24.0,+21.5,BA	+6.52,+24.3,+21.4,JA	+2.67,+244.9,+19.8,AB	+2.50,+255.4,+20.6,LB	+2.84,+235.1,+19.8,BB	
1700191871.9856415	+6.51,+17.9,+21.5,BA	+6.49,+23.9,+21.5,LA	+6.51,+24.5,+21.4,OA	+2.67,+245.0,+19.8,IB	+2.50,+255.4,+20.6,LB	+2.84,+235.1,+19.8,BB	
1700191933.9946156	+6.51,+17.9,+21.4,CA	+6.49,+23.9,+21.5,LA	+6.51,+24.5,+21.4,OA	+2.68,+244.7,+19.8,@B	+2.49,+255.6,+20.6,FB	+2.84,+235.2,+19.8,AB	
1700191996.0025837	+6.51,+17.9,+21.5,BA	+6.49,+23.9,+21.5,LA	+6.51,+24.5,+21.4,OA	+2.68,+244.8,+19.8,OB	+2.50,+255.5,+20.6,MB	+2.84,+235.1,+19.8,BB	
1700192058.0129905	+6.51,+17.9,+21.5,BA	+6.49,+23.9,+21.5,LA	+6.51,+24.5,+21.4,OA	+2.68,+244.5,+19.8,BB	+2.50,+255.6,+20.6,NB	+2.84,+235.2,+19.8,AB	
1700192120.022202	+6.51,+18.0,+21.4,EA	+6.49,+24.0,+21.4,CA	+6.51,+24.6,+21.4,LA	+2.68,+244.4,+19.8,CB	+2.49,+255.6,+20.6,FB	+2.84,+235.2,+19.8,AB	
1700192182.0313902	+6.51,+17.9,+21.4,CA	+6.49,+24.0,+21.5,BA	+6.51,+24.4,+21.4,NA	+2.68,+244.5,+19.8,BB	+2.49,+255.7,+20.6,GB	+2.84,+235.3,+19.8,@B	
1700192244.0413837	+6.51,+17.9,+21.4,CA	+6.49,+24.0,+21.4,CA	+6.51,+24.5,+21.4,OA	+2.68,+244.5,+19.8,BB	+2.49,+255.7,+20.6,GB	+2.84,+235.2,+19.8,AB	
1700192306.050446	+6.51,+17.9,+21.5,BA	+6.49,+23.9,+21.5,LA	+6.51,+24.4,+21.3,IA	+2.68,+244.4,+19.8,CB	+2.49,+256.0,+20.6,CB	+2.84,+235.2,+19.8,AB	
1700192368.0607874	+6.51,+17.9,+21.4,CA	+6.49,+24.0,+21.5,BA	+6.51,+24.3,+21.4,IA	+2.68,+244.3,+19.8,DB	+2.49,+255.8,+20.6,HB	+2.84,+235.2,+19.8,AB	
1700192430.0699348	+6.51,+17.9,+21.5,BA	+6.49,+23.9,+21.5,LA	+6.51,+24.4,+21.4,NA	+2.69,+243.8,+19.8,IB	+2.48,+256.3,+20.6,AB	+2.84,+235.2,+19.8,AB	
1700192492.0791795	+6.51,+17.9,+21.5,BA	+6.49,+23.9,+21.4,MA	+6.51,+24.3,+21.4,IA	+2.69,+243.8,+19.8,IB	+2.48,+256.4,+20.6,FB	+2.84,+235.2,+19.8,AB	
1700192554.0892458	+6.51,+17.9,+21.5,BA	+6.49,+23.9,+21.5,LA	+6.51,+24.3,+21.4,IA	+2.69,+243.9,+19.8,HB	+2.48,+256.4,+20.6,FB	+2.84,+235.2,+19.8,AB	
1700192616.0974674	+6.51,+18.0,+21.5,DA	+6.49,+23.9,+21.5,LA	+6.51,+24.3,+21.4,IA	+2.69,+243.8,+19.8,IB	+2.48,+256.2,+20.5,CB	+2.84,+235.2,+19.8,AB	
1700192678.1065412	+6.51,+18.0,+21.4,EA	+6.49,+23.9,+21.5,LA	+6.52,+24.3,+21.4,JA	+2.69,+243.8,+19.8,IB	+2.49,+255.9,+20.6,IB	+2.84,+235.2,+19.8,AB	
1700192740.1153777	+6.51,+17.9,+21.5,BA	+6.49,+23.9,+21.5,LA	+6.51,+24.3,+21.4,IA	+2.69,+243.9,+19.8,HB	+2.49,+256.1,+20.6,BB	+2.84,+235.2,+19.8,AB	
1700192802.1218917	+6.51,+17.9,+21.5,BA	+6.49,+24.0,+21.5,BA	+6.52,+24.3,+21.4,JA	+2.69,+244.1,+19.8,GB	+2.50,+255.3,+20.6,KB	+2.84,+235.1,+19.8,BB	
1700192864.128651	+6.51,+18.0,+21.5,DA	+6.49,+23.9,+21.5,LA	+6.52,+24.2,+21.3,LA	+2.69,+244.0,+19.8,FB	+2.50,+255.3,+20.6,KB	+2.84,+235.2,+19.8,AB	
1700192926.1365206	+6.51,+18.0,+21.5,DA	+6.49,+23.9,+21.5,LA	+6.52,+24.3,+21.4,JA	+2.69,+244.0,+19.8,FB	+2.49,+255.7,+20.6,GB	+2.84,+235.2,+19.8,AB	
1700192988.1515994	+6.51,+18.0,+21.5,DA	+6.49,+23.9,+21.5,LA	+6.52,+24.2,+21.4,KA	+2.69,+244.1,+19.8,GB	+2.49,+255.9,+20.6,IB	+2.84,+235.1,+19.8,BB	
1700193050.1615207	+6.51,+18.0,+21.4,EA	+6.49,+23.9,+21.5,LA	+6.51,+24.4,+21.4,NA	+2.69,+244.0,+19.8,FB	+2.48,+256.3,+20.6,AB	+2.84,+235.2,+19.8,AB	
1700193112.1715002	+6.51,+18.0,+21.5,DA	+6.49,+23.9,+21.4,MA	+6.51,+24.3,+21.4,IA	+2.69,+244.1,+19.8,GB	+2.49,+255.7,+20.6,GB	+2.84,+235.2,+19.8,AB	
1700193174.1819344	+6.51,+17.9,+21.4,CA	+6.49,+23.9,+21.4,MA	+6.51,+24.5,+21.4,OA	+2.68,+244.3,+19.8,DB	+2.49,+255.8,+20.6,HB	+2.84,+235.2,+19.8,AB	
1700193236.1915274	+6.51,+17.9,+21.4,CA	+6.49,+23.9,+21.5,LA	+6.51,+24.5,+21.4,OA	+2.68,+244.6,+19.8,AB	+2.49,+255.8,+20.6,HB	+2.84,+235.2,+19.8,AB	
1700193298.201262	+6.51,+18.0,+21.5,DA	+6.49,+24.0,+21.4,CA	+6.51,+24.6,+21.4,LA	+2.68,+244.6,+19.8,AB	+2.49,+256.0,+20.6,CB	+2.84,+235.2,+19.8,AB	
1700193360.2103868	+6.51,+17.9,+21.4,CA	+6.49,+23.9,+21.5,LA	+6.51,+24.5,+21.4,OA	+2.67,+244.8,+19.8,@B	+2.49,+255.6,+20.6,FB	+2.84,+235.3,+19.8,@B	
1700193422.2189143	+6.51,+17.9,+21.5,BA	+6.49,+23.9,+21.4,MA	+6.51,+24.6,+21.4,LA	+2.68,+244.8,+19.8,OB	+2.50,+255.4,+20.6,LB	+2.84,+235.3,+19.8,@B	
1700193484.2293248	+6.51,+17.9,+21.4,CA	+6.49,+23.9,+21.5,LA	+6.51,+24.5,+21.4,OA	+2.67,+245.0,+19.8,IB	+2.48,+256.2,+20.6,@B	+2.84,+235.3,+19.8,@B	
1700193546.2367618	+6.51,+17.9,+21.5,BA	+6.49,+23.9,+21.5,LA	+6.51,+24.5,+21.4,OA	+2.67,+244.8,+19.8,@B	+2.48,+256.6,+20.6,DB	+2.84,+235.3,+19.8,@B	
1700193608.2439823	+6.51,+17.9,+21.4,CA	+6.49,+23.9,+21.5,LA	+6.51,+24.5,+21.4,OA	+2.67,+244.9,+19.8,AB	+2.49,+255.9,+20.6,IB	+2.84,+235.3,+19.8,@B	
1700193670.2544117	+6.51,+18.0,+21.5,DA	+6.49,+23.9,+21.5,LA	+6.51,+24.4,+21.4,NA	+2.67,+245.1,+19.8,HB	+2.49,+256.1,+20.6,BB	+2.84,+235.2,+19.8,AB	
1700193732.2607715	+6.51,+17.9,+21.4,CA	+6.49,+23.9,+21.5,LA	+6.51,+24.4,+21.4,NA	+2.67,+245.1,+19.8,HB	+2.48,+256.3,+20.6,AB	+2.84,+235.3,+19.8,@B	
1700193794.271256	+6.51,+17.9,+21.5,BA	+6.49,+24.0,+21.5,BA	+6.51,+24.8,+21.4,BA	+2.67,+245.0,+19.8,IB	+2.49,+256.1,+20.6,BB	+2.84,+235.3,+19.8,@B	
1700193856.279971	+6.51,+17.9,+21.5,BA	+6.49,+23.9,+21.5,LA	+6.51,+24.3,+21.4,IA	+2.67,+245.1,+19.8,HB	+2.51,+254.9,+20.6,AB	+2.84,+235.3,+19.8,@B	
1700193918.2901888	+6.51,+17.9,+21.5,BA	+6.49,+23.9,+21.5,LA	+6.52,+24.3,+21.4,JA	+2.67,+245.1,+19.8,HB	+2.49,+255.6,+20.6,FB	+2.84,+235.3,+19.8,@B	
1700193980.2973256	+6.51,+17.9,+21.5,BA	+6.49,+23.9,+21.5,LA	+6.52,+24.3,+21.4,JA	+2.67,+245.2,+19.8,KB	+2.48,+256.2,+20.6,@B	+2.84,+235.3,+19.8,@B	
1700194042.3029153	+6.51,+17.9,+21.5,BA	+6.49,+23.9,+21.5,LA	+6.52,+24.2,+21.4,KA	+2.67,+245.3,+19.8,JB	+2.49,+255.9,+20.5,JB	+2.84,+235.2,+19.8,AB	
1700194104.3141472	+6.51,+17.9,+21.4,CA	+6.49,+23.9,+21.5,LA	+6.52,+24.2,+21.4,KA	+2.66,+245.4,+19.8,LB	+2.49,+256.1,+20.6,BB	+2.84,+235.2,+19.8,AB	
1700194166.3229656	+6.51,+17.9,+21.5,BA	+6.49,+23.9,+21.5,LA	+6.52,+24.2,+21.4,KA	+2.66,+245.4,+19.8,LB	+2.48,+256.2,+20.6,@B	+2.84,+235.2,+19.8,AB	
1700194228.332541	+6.51,+18.0,+21.5,DA	+6.49,+23.9,+21.5,LA	+6.52,+24.2,+21.4,KA	+2.66,+245.5,+19.8,MB	+2.48,+256.3,+20.6,AB	+2.84,+235.3,+19.8,@B	
1700194290.342259	+6.51,+17.9,+21.4,CA	+6.49,+23.9,+21.4,MA	+6.52,+24.2,+21.4,KA	+2.66,+245.5,+19.8,MB	+2.48,+256.3,+20.6,AB	+2.84,+235.3,+19.8,@B	
1700194352.3495	+6.51,+18.0,+21.4,EA	+6.49,+23.9,+21.5,LA	+6.52,+24.2,+21.4,KA	+2.66,+245.4,+19.8,LB	+2.48,+256.3,+20.6,AB	+2.84,+235.3,+19.8,@B	
1700194414.3626182	+6.51,+17.9,+21.4,CA	+6.49,+23.9,+21.5,LA	+6.52,+24.0,+21.4,IA	+2.67,+245.3,+19.8,JB	+2.49,+256.1,+20.6,BB	+2.84,+235.3,+19.8,@B	
1700194659.9418344	+6.51,+17.9,+21.5,BA	+6.49,+23.9,+21.4,MA	+6.52,+23.8,+21.4,FA	+2.68,+244.5,+19.8,BB	+2.49,+255.7,+20.6,GB	+2.84,+235.2,+19.8,AB	
1700194721.952072	+6.51,+18.0,+21.5,DA	+6.49,+23.9,+21.5,LA	+6.52,+23.8,+21.4,FA	+2.68,+244.6,+19.8,AB	+2.49,+256.0,+20.6,CB	+2.84,+235.3,+19.8,@B	
1700194783.9602554	+6.51,+18.0,+21.5,DA	+6.49,+24.0,+21.5,BA	+6.52,+23.8,+21.4,FA	+2.68,+244.8,+19.8,OB	+2.49,+256.0,+20.6,CB	+2.84,+235.3,+19.8,@B	
1700194845.9675899	+6.51,+18.0,+21.5,DA	+6.49,+23.9,+21.5,LA	+6.52,+23.7,+21.4,IA	+2.68,+244.6,+19.8,AB	+2.49,+255.9,+20.6,IB	+2.84,+235.3,+19.8,@B	
1700194907.978251	+6.51,+17.9,+21.4,CA	+6.49,+23.9,+21.5,LA	+6.52,+23.8,+21.4,FA	+2.68,+244.3,+19.8,DB	+2.49,+255.8,+20.6,HB	+2.84,+235.3,+19.8,@B	
1700194969.9877932	+6.51,+17.9,+21.5,BA	+6.49,+23.9,+21.5,LA	+6.53,+23.6,+21.4,IA	+2.68,+244.3,+19.8,DB	+2.49,+256.0,+20.6,CB	+2.84,+235.3,+19.8,@B	
1700195031.9968736	+6.51,+17.9,+21.5,BA	+6.49,+23.9,+21.5,LA	+6.53,+23.6,+21.4,IA	+2.68,+244.4,+19.8,CB	+2.49,+256.1,+20.6,BB	+2.84,+235.4,+19.8,GB	
1700195094.0035076	+6.51,+18.0,+21.5,DA	+6.49,+23.9,+21.5,LA	+6.53,+23.7,+21.4,HA	+2.69,+244.1,+19.8,GB	+2.48,+256.2,+20.6,@B	+2.84,+235.3,+19.8,@B	
1700195156.0112147	+6.51,+18.0,+21.5,DA	+6.49,+23.9,+21.5,LA	+6.52,+23.8,+21.4,FA	+2.69,+244.2,+19.8,DB	+2.48,+256.2,+20.6,@B	+2.84,+235.3,+19.8,@B	
1700195218.0217965	+6.51,+17.9,+21.5,BA	+6.49,+23.9,+21.5,LA	+6.53,+23.5,+21.4,JA	+2.68,+244.3,+19.8,DB	+2.48,+256.3,+20.6,AB	+2.84,+235.3,+19.8,@B	
1700195280.0329313	+6.51,+17.9,+21.5,BA	+6.49,+24.0,+21.5,BA	+6.53,+23.4,+21.4,KA	+2.69,+244.2,+19.8,DB	+2.48,+256.6,+20.6,DB	+2.84,+235.4,+19.8,GB	
1700195342.0423486	+6.51,+17.9,+21.5,BA	+6.49,+24.0,+21.5,BA	+6.53,+23.5,+21.4,JA	+2.68,+244.2,+19.8,EB	+2.48,+256.7,+20.6,EB	+2.84,+235.3,+19.8,@B	
1700195404.054418	+6.51,+18.0,+21.4,EA	+6.49,+24.0,+21.4,CA	+6.53,+23.5,+21.4,JA	+2.68,+244.2,+19.8,EB	+2.48,+256.6,+20.6,DB	+2.84,+235.4,+19.8,GB	
1700195466.062952	+6.51,+18.0,+21.4,EA	+6.49,+23.9,+21.4,MA	+6.53,+23.4,+21.4,KA	+2.68,+244.4,+19.8,CB	+2.48,+256.3,+20.6,AB	+2.84,+235.4,+19.8,GB	
1700195528.0733242	+6.51,+17.9,+21.5,BA	+6.49,+23.9,+21.5,LA	+6.53,+23.4,+21.4,KA	+2.68,+244.5,+19.8,BB	+2.48,+256.5,+20.6,GB	+2.84,+235.4,+19.8,GB	
1700195590.0819764	+6.51,+17.9,+21.4,CA	+6.49,+23.9,+21.5,LA	+6.53,+23.4,+21.4,KA	+2.68,+244.5,+19.8,BB	+2.49,+256.1,+20.6,BB	+2.84,+235.3,+19.8,@B	
1700195652.0909874	+6.51,+18.0,+21.4,EA	+6.49,+23.9,+21.4,MA	+6.53,+23.4,+21.4,KA	+2.68,+244.5,+19.8,BB	+2.49,+255.9,+20.6,IB	+2.84,+235.4,+19.8,GB	
1700195714.1016808	+6.51,+17.9,+21.5,BA	+6.49,+24.0,+21.5,BA	+6.53,+23.4,+21.4,KA	+2.68,+244.3,+19.8,DB	+2.48,+256.4,+20.6,FB	+2.84,+235.3,+19.8,@B	
1700195776.1126974	+6.51,+17.9,+21.4,CA	+6.49,+23.9,+21.5,LA	+6.53,+23.3,+21.4,LA	+2.68,+244.4,+19.8,CB	+2.48,+256.6,+20.6,DB	+2.84,+235.4,+19.8,GB	
1700195838.1231954	+6.51,+17.9,+21.4,CA	+6.49,+23.9,+21.5,LA	+6.53,+23.3,+21.4,LA	+2.68,+244.5,+19.8,BB	+2.48,+256.4,+20.6,FB	+2.84,+235.4,+19.8,GB	
1700195900.1329515	+6.51,+18.0,+21.4,EA	+6.49,+23.9,+21.4,MA	+6.53,+23.2,+21.4,MA	+2.68,+244.5,+19.8,BB	+2.49,+256.1,+20.6,BB	+2.84,+235.4,+19.8,GB	
1700195962.1405785	+6.51,+17.9,+21.4,CA	+6.49,+23.9,+21.5,LA	+6.53,+23.3,+21.4,LA	+2.68,+244.6,+19.8,AB	+2.49,+256.1,+20.6,BB	+2.84,+235.3,+19.8,@B	
1700196024.151606	+6.51,+17.9,+21.4,CA	+6.49,+23.9,+21.4,MA	+6.53,+23.2,+21.4,MA	+2.68,+244.7,+19.8,@B	+2.49,+256.1,+20.6,BB	+2.84,+235.4,+19.8,GB	
1700196086.161457	+6.51,+17.9,+21.4,CA	+6.49,+24.0,+21.5,BA	+6.53,+23.2,+21.4,MA	+2.68,+244.7,+19.8,@B	+2.49,+256.2,+20.6,AB	+2.84,+235.4,+19.8,GB	
1700196148.1718893	+6.51,+17.9,+21.4,CA	+6.49,+23.9,+21.5,LA	+6.54,+23.1,+21.4,IA	+2.68,+244.7,+19.8,@B	+2.50,+255.4,+20.6,LB	+2.84,+235.3,+19.8,@B	
1700196210.1808407	+6.51,+17.9,+21.4,CA	+6.49,+24.0,+21.5,BA	+6.54,+23.1,+21.4,IA	+2.67,+244.8,+19.8,@B	+2.49,+256.0,+20.6,CB	+2.84,+235.4,+19.8,GB	
1700196272.188006	+6.51,+17.9,+21.4,CA	+6.49,+23.9,+21.4,MA	+6.54,+23.1,+21.4,IA	+2.68,+244.7,+19.8,@B	+2.48,+256.4,+20.6,FB	+2.84,+235.4,+19.8,GB	
1700196334.1983376	+6.51,+17.9,+21.4,CA	+6.49,+23.9,+21.5,LA	+6.54,+23.1,+21.4,IA	+2.68,+244.6,+19.8,AB	+2.48,+256.3,+20.6,AB	+2.84,+235.4,+19.8,GB	
1700196396.2090242	+6.51,+18.0,+21.4,EA	+6.49,+24.0,+21.4,CA	+6.54,+23.1,+21.4,IA	+2.67,+244.9,+19.8,AB	+2.48,+256.3,+20.6,AB	+2.84,+235.3,+19.8,@B	
1700196458.219257	+6.51,+17.9,+21.4,CA	+6.49,+23.9,+21.4,MA	+6.53,+23.2,+21.4,MA	+2.67,+244.8,+19.8,@B	+2.49,+256.0,+20.6,CB	+2.84,+235.4,+19.8,GB	
1700196520.230507	+6.51,+18.0,+21.4,EA	+6.49,+24.0,+21.5,BA	+6.54,+23.0,+21.4,HA	+2.68,+244.5,+19.8,BB	+2.48,+256.5,+20.6,GB	+2.84,+235.4,+19.8,GB	
1700196582.239915	+6.51,+18.0,+21.4,EA	+6.49,+23.9,+21.4,MA	+6.54,+23.0,+21.4,HA	+2.68,+244.6,+19.8,AB	+2.48,+256.4,+20.6,FB	+2.84,+235.4,+19.8,GB	
1700196644.2478905	+6.51,+17.9,+21.4,CA	+6.49,+24.0,+21.4,CA	+6.54,+22.9,+21.4,@A	+2.68,+244.7,+19.8,@B	+2.48,+256.4,+20.6,FB	+2.84,+235.4,+19.8,GB	
1700196706.254523	+6.51,+17.9,+21.4,CA	+6.49,+23.9,+21.4,MA	+6.54,+22.9,+21.4,@A	+2.68,+244.5,+19.8,BB	+2.48,+256.5,+20.6,GB	+2.84,+235.4,+19.8,GB	
1700196768.2690725	+6.51,+18.0,+21.4,EA	+6.49,+24.0,+21.4,CA	+6.54,+22.9,+21.4,@A	+2.68,+244.7,+19.8,@B	+2.48,+256.6,+20.6,DB	+2.84,+235.4,+19.8,GB	
1700196830.278514	+6.51,+17.9,+21.4,CA	+6.49,+24.0,+21.4,CA	+6.54,+22.8,+21.4,AA	+2.68,+244.5,+19.8,BB	+2.50,+255.4,+20.6,LB	+2.84,+235.4,+19.8,GB	
1700196892.2882357	+6.51,+18.0,+21.4,EA	+6.49,+24.0,+21.4,CA	+6.54,+22.9,+21.4,@A	+2.68,+244.5,+19.8,BB	+2.50,+255.3,+20.6,KB	+2.84,+235.4,+19.8,GB	
1700196954.2977924	+6.51,+17.9,+21.4,CA	+6.49,+23.9,+21.4,MA	+6.54,+22.8,+21.4,AA	+2.68,+244.5,+19.8,BB	+2.51,+254.7,+20.6,OB	+2.84,+235.4,+19.8,GB	
1700197016.3078213	+6.51,+17.9,+21.4,CA	+6.49,+23.9,+21.4,MA	+6.54,+22.8,+21.4,AA	+2.68,+244.4,+19.8,CB	+2.51,+254.7,+20.6,OB	+2.84,+235.3,+19.8,@B	
1700197078.3178835	+6.51,+17.9,+21.4,CA	+6.49,+23.9,+21.4,MA	+6.54,+22.8,+21.4,AA	+2.68,+244.6,+19.8,AB	+2.51,+254.8,+20.6,@B	+2.84,+235.4,+19.8,GB	
1700197140.3278923	+6.51,+17.9,+21.4,CA	+6.49,+24.0,+21.4,CA	+6.54,+22.6,+21.4,OA	+2.68,+244.2,+19.8,EB	+2.50,+255.3,+20.6,KB	+2.84,+235.5,+19.8,FB	
1700197202.3357637	+6.51,+17.9,+21.4,CA	+6.49,+24.0,+21.4,CA	+6.55,+22.4,+21.4,LA	+2.68,+244.2,+19.8,EB	+2.50,+255.2,+20.6,JB	+2.84,+235.4,+19.8,GB	
1700197264.345605	+6.51,+18.0,+21.4,EA	+6.49,+24.0,+21.4,CA	+6.54,+22.7,+21.4,NA	+2.68,+244.3,+19.8,DB	+2.50,+255.4,+20.6,LB	+2.84,+235.4,+19.8,GB	
1700197326.3532236	+6.51,+17.9,+21.4,CA	+6.49,+23.9,+21.4,MA	+6.54,+22.7,+21.4,NA	+2.68,+244.4,+19.8,CB	+2.50,+255.3,+20.6,KB	+2.84,+235.4,+19.8,GB	
1700197388.363401	+6.51,+17.9,+21.4,CA	+6.49,+23.9,+21.4,MA	+6.55,+22.4,+21.4,LA	+2.68,+244.5,+19.8,BB	+2.50,+255.3,+20.6,KB	+2.84,+235.4,+19.8,GB	
1700197450.3741326	+6.51,+17.9,+21.4,CA	+6.49,+24.0,+21.4,CA	+6.55,+22.5,+21.4,MA	+2.68,+244.6,+19.8,AB	+2.50,+255.4,+20.6,LB	+2.84,+235.4,+19.8,GB	
1700197512.3831167	+6.51,+17.9,+21.4,CA	+6.49,+24.0,+21.4,CA	+6.55,+22.4,+21.4,LA	+2.68,+244.6,+19.8,AB	+2.50,+255.4,+20.6,LB	+2.84,+235.4,+19.8,GB	
1700197574.3906436	+6.51,+17.9,+21.4,CA	+6.49,+24.0,+21.4,CA	+6.55,+22.5,+21.4,MA	+2.68,+244.6,+19.8,AB	+2.50,+255.2,+20.6,JB	+2.84,+235.4,+19.7,HB	
1700197636.3995607	+6.51,+17.9,+21.4,CA	+6.49,+24.0,+21.4,CA	+6.55,+22.5,+21.4,MA	+2.68,+244.7,+19.8,@B	+2.50,+255.4,+20.6,LB	+2.84,+235.3,+19.7,OB	
1700197698.407949	+6.51,+17.9,+21.3,DA	+6.49,+24.0,+21.4,CA	+6.55,+22.5,+21.4,MA	+2.68,+244.7,+19.8,@B	+2.50,+255.4,+20.6,LB	+2.84,+235.4,+19.7,HB	
1700197760.41689	+6.51,+17.9,+21.4,CA	+6.49,+24.0,+21.4,CA	+6.55,+22.6,+21.3,IA	+2.68,+244.6,+19.8,AB	+2.51,+254.9,+20.6,AB	+2.84,+235.4,+19.7,HB	
1700197822.4246538	+6.51,+18.0,+21.4,EA	+6.49,+24.0,+21.4,CA	+6.55,+22.5,+21.4,MA	+2.68,+244.6,+19.8,AB	+2.50,+255.5,+20.6,MB	+2.84,+235.5,+19.7,IB	
1700197884.4304595	+6.51,+17.9,+21.4,CA	+6.49,+24.0,+21.3,DA	+6.55,+22.5,+21.4,MA	+2.67,+244.8,+19.7,OB	+2.49,+255.9,+20.5,JB	+2.84,+235.5,+19.7,IB	
1700197946.4406426	+6.51,+17.9,+21.3,DA	+6.49,+24.0,+21.4,CA	+6.55,+22.4,+21.3,KA	+2.67,+244.9,+19.8,AB	+2.49,+256.1,+20.6,BB	+2.84,+235.4,+19.7,HB	
1700198008.450198	+6.51,+17.9,+21.4,CA	+6.49,+24.0,+21.4,CA	+6.55,+22.3,+21.3,LA	+2.67,+245.0,+19.8,IB	+2.48,+256.2,+20.6,@B	+2.84,+235.5,+19.7,IB	
1700198070.4606466	+6.51,+17.9,+21.4,CA	+6.49,+24.0,+21.4,CA	+6.55,+22.3,+21.4,KA	+2.67,+245.0,+19.8,IB	+2.48,+256.2,+20.5,CB	+2.84,+235.4,+19.7,HB	
1700198132.4719343	+6.51,+17.9,+21.3,DA	+6.49,+24.0,+21.4,CA	+6.54,+22.7,+21.4,NA	+2.67,+245.1,+19.8,HB	+2.49,+256.1,+20.6,BB	+2.84,+235.4,+19.7,HB	
1700198194.4817905	+6.51,+17.9,+21.4,CA	+6.49,+24.0,+21.4,CA	+6.55,+22.2,+21.4,JA	+2.67,+245.1,+19.8,HB	+2.49,+256.1,+20.5,AB	+2.84,+235.4,+19.7,HB	
1700198256.49202	+6.51,+17.9,+21.4,CA	+6.49,+24.0,+21.4,CA	+6.55,+22.2,+21.4,JA	+2.67,+245.1,+19.8,HB	+2.48,+256.2,+20.5,CB	+2.84,+235.4,+19.7,HB	
1700198502.0630677	+6.51,+17.9,+21.3,DA	+6.49,+23.9,+21.4,MA	+6.55,+22.2,+21.3,MA	+2.67,+245.0,+19.8,IB	+2.49,+256.1,+20.5,AB	+2.84,+235.1,+19.7,MB	
1700198564.0707588	+6.51,+17.9,+21.4,CA	+6.49,+24.0,+21.4,CA	+6.55,+22.1,+21.4,IA	+2.67,+245.3,+19.7,EB	+2.49,+255.6,+20.6,FB	+2.84,+235.4,+19.7,HB	
1700198626.079521	+6.51,+17.9,+21.3,DA	+6.49,+24.0,+21.4,CA	+6.55,+22.1,+21.3,NA	+2.67,+245.3,+19.8,JB	+2.50,+255.4,+20.5,OB	+2.84,+235.5,+19.7,IB	
1700198688.0904863	+6.51,+17.9,+21.3,DA	+6.49,+24.0,+21.3,DA	+6.55,+22.1,+21.3,NA	+2.67,+245.3,+19.8,JB	+2.50,+255.3,+20.5,HB	+2.84,+235.4,+19.7,HB	
1700198750.1007974	+6.51,+17.9,+21.3,DA	+6.49,+24.0,+21.3,DA	+6.55,+22.1,+21.3,NA	+2.67,+245.2,+19.7,DB	+2.51,+254.7,+20.5,LB	+2.84,+235.5,+19.7,IB	
1700198812.110637	+6.51,+17.9,+21.3,DA	+6.49,+23.9,+21.3,JA	+6.55,+22.0,+21.3,OA	+2.66,+245.3,+19.8,KB	+2.52,+254.4,+20.6,OB	+2.84,+235.5,+19.7,IB	
1700198874.120781	+6.51,+17.9,+21.3,DA	+6.49,+24.0,+21.3,DA	+6.55,+22.1,+21.3,NA	+2.66,+245.4,+19.7,CB	+2.51,+254.4,+20.5,OB	+2.84,+235.5,+19.7,IB	
