62309060476	62309060477	62309060478	62309060479	62309060481	62309060482	
1700371770.5264719	+6.52,+17.5,+21.3,KA	+6.40,+29.3,+21.2,BA	+6.50,+25.4,+21.3,IA	+8.20,-71.1,+19.7,MA	+2.33,+265.2,+20.5,OB	+6.86,+6.3,+19.6,JB	
1700371832.5337796	+6.52,+17.5,+21.3,KA	+6.40,+29.2,+21.2,CA	+6.50,+25.4,+21.3,IA	+8.20,-71.1,+19.7,MA	+2.32,+265.3,+20.5,OB	+6.86,+6.3,+19.7,KB	
1700371894.5427802	+6.52,+17.5,+21.3,KA	+6.40,+29.3,+21.2,BA	+6.50,+25.4,+21.3,IA	+8.20,-71.1,+19.7,MA	+2.32,+265.7,+20.5,KB	+6.86,+6.3,+19.7,KB	
1700371956.5520122	+6.52,+17.5,+21.3,KA	+6.40,+29.3,+21.2,BA	+6.50,+25.4,+21.3,IA	+8.20,-71.3,+19.7,OA	+2.32,+265.8,+20.5,DB	+6.86,+6.2,+19.7,JB	
1700372018.561545	+6.52,+17.5,+21.3,KA	+6.40,+29.3,+21.2,BA	+6.50,+25.4,+21.3,IA	+8.20,-71.3,+19.7,OA	+2.31,+265.9,+20.5,FB	+6.86,+6.3,+19.7,KB	
1700372080.5704963	+6.52,+17.4,+21.3,JA	+6.40,+29.3,+21.2,BA	+6.50,+25.4,+21.4,NA	+8.20,-71.2,+19.7,NA	+2.34,+264.7,+20.5,LB	+6.86,+6.3,+19.7,KB	
1700372142.5784016	+6.52,+17.5,+21.3,KA	+6.40,+29.3,+21.2,BA	+6.50,+25.4,+21.4,NA	+8.20,-71.6,+19.7,JA	+2.32,+265.8,+20.5,DB	+6.86,+6.4,+19.7,LB	
1700372204.5872812	+6.52,+17.5,+21.3,KA	+6.40,+29.3,+21.2,BA	+6.50,+25.4,+21.4,NA	+8.19,-70.6,+19.7,AA	+2.33,+265.0,+20.5,MB	+6.86,+6.4,+19.7,LB	
1700372266.5967932	+6.52,+17.5,+21.3,KA	+6.40,+29.3,+21.2,BA	+6.50,+25.4,+21.3,IA	+8.19,-70.6,+19.7,AA	+2.34,+264.4,+20.5,OB	+6.86,+6.4,+19.7,LB	
1700372328.6054666	+6.52,+17.5,+21.3,KA	+6.40,+29.3,+21.2,BA	+6.50,+25.4,+21.4,NA	+8.20,-71.5,+19.7,IA	+2.34,+264.3,+20.5,HB	+6.86,+6.4,+19.7,LB	
1700372390.6131213	+6.52,+17.5,+21.3,KA	+6.40,+29.3,+21.2,BA	+6.50,+25.4,+21.4,NA	+8.20,-71.3,+19.7,OA	+2.34,+264.5,+20.5,NB	+6.86,+6.3,+19.7,KB	
1700372452.621589	+6.52,+17.4,+21.3,JA	+6.40,+29.3,+21.2,BA	+6.50,+25.4,+21.4,NA	+8.20,-71.4,+19.7,HA	+2.34,+264.6,+20.5,MB	+6.86,+6.4,+19.7,LB	
1700372514.6292372	+6.52,+17.5,+21.3,KA	+6.40,+29.3,+21.2,BA	+6.50,+25.4,+21.4,NA	+8.20,-71.4,+19.7,HA	+2.33,+264.8,+20.5,DB	+6.86,+6.4,+19.7,LB	
1700372576.6358526	+6.52,+17.5,+21.3,KA	+6.40,+29.3,+21.2,BA	+6.49,+25.5,+21.4,GA	+8.20,-71.4,+19.7,HA	+2.33,+264.9,+20.5,EB	+6.86,+6.3,+19.7,KB	
1700372638.6464474	+6.52,+17.5,+21.3,KA	+6.40,+29.3,+21.2,BA	+6.49,+25.5,+21.4,GA	+8.20,-71.4,+19.7,HA	+2.33,+265.1,+20.5,LB	+6.86,+6.4,+19.7,LB	
1700372700.6541653	+6.52,+17.5,+21.3,KA	+6.40,+29.3,+21.2,BA	+6.50,+25.4,+21.4,NA	+8.21,-71.7,+19.7,JA	+2.34,+264.5,+20.5,NB	+6.86,+6.4,+19.7,LB	
1700372762.6629658	+6.52,+17.5,+21.3,KA	+6.40,+29.3,+21.2,BA	+6.50,+25.4,+21.4,NA	+8.21,-72.1,+19.7,OA	+2.34,+264.5,+20.5,NB	+6.86,+6.4,+19.7,LB	
1700372824.672856	+6.52,+17.5,+21.3,KA	+6.40,+29.3,+21.2,BA	+6.49,+25.5,+21.4,GA	+8.16,-69.3,+19.7,CA	+2.34,+264.3,+20.5,HB	+6.86,+6.4,+19.7,LB	
1700372886.6825695	+6.52,+17.5,+21.3,KA	+6.40,+29.3,+21.2,BA	+6.50,+25.4,+21.3,IA	+8.17,-69.6,+19.7,GA	+2.34,+264.5,+20.5,NB	+6.86,+6.5,+19.7,MB	
1700372948.6931586	+6.52,+17.5,+21.3,KA	+6.40,+29.3,+21.2,BA	+6.50,+25.4,+21.4,NA	+8.21,-72.1,+19.7,OA	+2.34,+264.5,+20.5,NB	+6.86,+6.4,+19.7,LB	
1700373010.7034183	+6.52,+17.5,+21.3,KA	+6.40,+29.3,+21.2,BA	+6.50,+25.4,+21.4,NA	+8.19,-71.0,+19.7,FA	+2.34,+264.3,+20.5,HB	+6.86,+6.4,+19.7,LB	
1700373072.7133114	+6.52,+17.5,+21.3,KA	+6.40,+29.4,+21.2,EA	+6.50,+25.4,+21.4,NA	+8.21,-71.7,+19.7,JA	+2.36,+263.5,+20.5,KB	+6.86,+6.4,+19.7,LB	
1700373134.721666	+6.52,+17.5,+21.3,KA	+6.40,+29.3,+21.2,BA	+6.50,+25.4,+21.4,NA	+8.18,-69.9,+19.7,GA	+2.36,+263.2,+20.5,LB	+6.86,+6.4,+19.7,LB	
1700373196.731807	+6.52,+17.5,+21.3,KA	+6.40,+29.4,+21.2,EA	+6.50,+25.4,+21.4,NA	+7.87,-52.2,+19.7,MA	+2.40,+261.1,+20.5,LB	+6.86,+6.4,+19.7,LB	
1700373258.7419245	+6.52,+17.5,+21.3,KA	+6.40,+29.4,+21.2,EA	+6.50,+25.4,+21.4,NA	+7.80,-48.6,+19.7,EA	+2.40,+260.8,+20.5,DB	+6.86,+6.4,+19.7,LB	
1700373320.7516007	+6.52,+17.5,+21.3,KA	+6.40,+29.4,+21.2,EA	+6.50,+25.4,+21.4,NA	+7.71,-43.5,+19.7,CA	+2.39,+261.5,+20.5,FB	+6.86,+6.4,+19.7,LB	
1700373382.7628293	+6.52,+17.5,+21.3,KA	+6.40,+29.4,+21.2,EA	+6.50,+25.4,+21.4,NA	+7.68,-41.8,+19.7,DA	+2.39,+261.6,+20.5,EB	+6.86,+6.5,+19.7,MB	
1700373444.765981	+6.52,+17.5,+21.3,KA	+6.40,+29.4,+21.2,EA	+6.50,+25.4,+21.4,NA	+7.76,-46.3,+19.7,GA	+2.38,+261.9,+20.5,KB	+6.86,+6.4,+19.7,LB	
1700373506.7714643	+6.52,+17.5,+21.3,KA	+6.40,+29.4,+21.2,EA	+6.49,+25.5,+21.4,GA	+8.05,-62.8,+19.7,AA	+2.37,+262.4,+20.5,JB	+6.86,+6.5,+19.7,MB	
1700373568.7770412	+6.52,+17.5,+21.3,KA	+6.40,+29.4,+21.2,EA	+6.50,+25.4,+21.4,NA	+8.15,-68.7,+19.7,EA	+2.37,+262.9,+20.5,GB	+6.86,+6.4,+19.7,LB	
1700373630.78649	+6.52,+17.5,+21.3,KA	+6.40,+29.4,+21.2,EA	+6.50,+25.4,+21.4,NA	+8.17,-69.8,+19.7,IA	+2.36,+263.4,+20.5,JB	+6.86,+6.5,+19.7,MB	
1700373692.795953	+6.52,+17.5,+21.3,KA	+6.40,+29.4,+21.2,EA	+6.50,+25.4,+21.4,NA	+8.01,-60.4,+19.7,KA	+2.35,+263.6,+20.5,KB	+6.86,+6.5,+19.7,MB	
1700373754.8029573	+6.52,+17.5,+21.3,KA	+6.40,+29.3,+21.2,BA	+6.50,+25.4,+21.4,NA	+7.99,-59.4,+19.7,OA	+2.35,+264.0,+20.5,JB	+6.86,+6.4,+19.7,LB	
1700373816.8111732	+6.52,+17.5,+21.3,KA	+6.40,+29.3,+21.2,BA	+6.50,+25.4,+21.4,NA	+8.07,-63.8,+19.7,BA	+2.35,+264.0,+20.5,JB	+6.86,+6.5,+19.7,MB	
1700373878.81992	+6.52,+17.5,+21.3,KA	+6.40,+29.3,+21.2,BA	+6.50,+25.4,+21.4,NA	+8.09,-65.1,+19.7,CA	+2.35,+263.9,+20.5,DB	+6.86,+6.5,+19.7,MB	
1700373940.8287	+6.52,+17.6,+21.3,HA	+6.40,+29.4,+21.2,EA	+6.50,+25.4,+21.4,NA	+8.12,-66.8,+19.7,CA	+2.35,+263.9,+20.5,DB	+6.86,+6.5,+19.7,MB	
1700374002.8399088	+6.52,+17.5,+21.3,KA	+6.40,+29.4,+21.2,EA	+6.50,+25.4,+21.4,NA	+8.04,-62.4,+19.7,LA	+2.35,+264.0,+20.5,JB	+6.86,+6.5,+19.7,MB	
1700374064.8504608	+6.52,+17.5,+21.3,KA	+6.40,+29.4,+21.2,EA	+6.50,+25.4,+21.4,NA	+8.20,-71.1,+19.7,MA	+2.35,+263.9,+20.5,DB	+6.86,+6.5,+19.7,MB	
1700374126.8567188	+6.52,+17.5,+21.3,KA	+6.40,+29.4,+21.2,EA	+6.50,+25.4,+21.4,NA	+8.22,-72.6,+19.7,KA	+2.35,+264.1,+20.5,KB	+6.86,+6.4,+19.7,LB	
1700374188.863868	+6.52,+17.5,+21.3,KA	+6.40,+29.4,+21.2,EA	+6.49,+25.5,+21.4,GA	+8.08,-64.3,+19.7,AA	+2.34,+264.2,+20.5,IB	+6.86,+6.5,+19.7,MB	
1700374250.8751533	+6.52,+17.5,+21.3,KA	+6.40,+29.4,+21.2,EA	+6.50,+25.4,+21.4,NA	+8.17,-69.8,+19.7,IA	+2.38,+262.0,+20.5,AB	+6.86,+6.4,+19.7,LB	
1700374312.8831444	+6.52,+17.5,+21.3,KA	+6.40,+29.4,+21.2,EA	+6.50,+25.4,+21.4,NA	+8.20,-71.6,+19.7,JA	+2.34,+264.2,+20.5,IB	+6.86,+6.5,+19.7,MB	
1700374374.8918142	+6.52,+17.4,+21.3,JA	+6.40,+29.4,+21.2,EA	+6.50,+25.4,+21.4,NA	+8.20,-71.1,+19.7,MA	+2.34,+264.4,+20.5,OB	+6.86,+6.5,+19.7,MB	
1700374436.9004366	+6.52,+17.5,+21.4,LA	+6.40,+29.3,+21.2,BA	+6.50,+25.4,+21.4,NA	+8.24,-73.6,+19.7,LA	+2.34,+264.6,+20.5,MB	+6.86,+6.5,+19.7,MB	
1700374498.9050212	+6.52,+17.5,+21.3,KA	+6.40,+29.4,+21.3,DA	+6.50,+25.4,+21.4,NA	+8.25,-74.1,+19.7,MA	+2.33,+264.8,+20.5,DB	+6.86,+6.5,+19.7,MB	
1700374560.911581	+6.52,+17.5,+21.4,LA	+6.40,+29.4,+21.3,DA	+6.50,+25.4,+21.4,NA	+8.15,-68.4,+19.7,FA	+2.33,+264.8,+20.5,DB	+6.86,+6.4,+19.7,LB	
1700374622.9201612	+6.52,+17.5,+21.3,KA	+6.40,+29.4,+21.3,DA	+6.50,+25.4,+21.4,NA	+8.23,-73.2,+19.7,OA	+2.33,+265.1,+20.5,LB	+6.86,+6.5,+19.7,MB	
1700374684.929019	+6.52,+17.5,+21.3,KA	+6.40,+29.4,+21.3,DA	+6.50,+25.4,+21.4,NA	+8.07,-63.9,+19.7,CA	+2.33,+265.2,+20.5,OB	+6.86,+6.4,+19.7,LB	
1700374746.9370403	+6.52,+17.5,+21.3,KA	+6.40,+29.4,+21.3,DA	+6.49,+25.5,+21.4,GA	+8.14,-67.7,+19.7,KA	+2.32,+265.3,+20.5,OB	+6.86,+6.5,+19.7,MB	
1700374808.946606	+6.52,+17.5,+21.3,KA	+6.40,+29.4,+21.3,DA	+6.50,+25.4,+21.4,NA	+8.15,-68.2,+19.7,@A	+2.32,+265.3,+20.5,OB	+6.86,+6.5,+19.7,MB	
1700374870.9583268	+6.52,+17.5,+21.4,LA	+6.40,+29.4,+21.3,DA	+6.50,+25.4,+21.4,NA	+8.19,-71.0,+19.7,FA	+2.32,+265.3,+20.5,OB	+6.86,+6.5,+19.7,MB	
1700374932.967587	+6.52,+17.5,+21.3,KA	+6.40,+29.4,+21.2,EA	+6.50,+25.4,+21.4,NA	+8.26,-74.8,+19.7,GA	+2.32,+265.6,+20.5,JB	+6.86,+6.4,+19.7,LB	
1700374994.975022	+6.52,+17.5,+21.3,KA	+6.40,+29.4,+21.2,EA	+6.50,+25.4,+21.4,NA	+8.24,-73.9,+19.7,CA	+2.32,+265.5,+20.5,IB	+6.86,+6.4,+19.7,LB	
1700375240.5619497	+6.52,+17.5,+21.4,LA	+6.40,+29.5,+21.3,EA	+6.50,+25.4,+21.4,NA	+8.13,-67.6,+19.7,MA	+2.32,+265.5,+20.5,IB	+6.86,+6.5,+19.7,MB	
1700375302.572291	+6.52,+17.5,+21.3,KA	+6.40,+29.4,+21.2,EA	+6.50,+25.4,+21.4,NA	+8.25,-74.3,+19.7,OA	+2.33,+265.0,+20.5,MB	+6.86,+6.4,+19.7,LB	
1700375364.581316	+6.52,+17.5,+21.3,KA	+6.40,+29.4,+21.3,DA	+6.50,+25.4,+21.4,NA	+8.13,-67.4,+19.7,OA	+2.33,+264.9,+20.5,EB	+6.86,+6.4,+19.7,LB	
1700375426.5917277	+6.52,+17.5,+21.3,KA	+6.40,+29.4,+21.2,EA	+6.50,+25.4,+21.4,NA	+8.24,-73.7,+19.7,MA	+2.33,+264.9,+20.5,EB	+6.86,+6.4,+19.7,LB	
1700375488.598621	+6.52,+17.5,+21.4,LA	+6.40,+29.5,+21.3,EA	+6.50,+25.4,+21.4,NA	+8.25,-74.2,+19.7,NA	+2.33,+265.1,+20.5,LB	+6.86,+6.5,+19.7,MB	
1700375550.6086643	+6.52,+17.5,+21.4,LA	+6.40,+29.5,+21.3,EA	+6.50,+25.4,+21.4,NA	+8.25,-74.0,+19.7,LA	+2.33,+265.1,+20.5,LB	+6.86,+6.4,+19.7,LB	
1700375612.618612	+6.52,+17.5,+21.4,LA	+6.40,+29.5,+21.3,EA	+6.50,+25.4,+21.4,NA	+8.18,-69.9,+19.7,GA	+2.34,+264.5,+20.5,NB	+6.86,+6.5,+19.7,MB	
1700375674.6277618	+6.52,+17.5,+21.4,LA	+6.40,+29.5,+21.2,DA	+6.50,+25.4,+21.4,NA	+8.26,-74.5,+19.7,JA	+2.34,+264.5,+20.5,NB	+6.86,+6.5,+19.7,MB	
1700375736.6389985	+6.52,+17.5,+21.4,LA	+6.40,+29.5,+21.3,EA	+6.49,+25.5,+21.4,GA	+8.18,-70.4,+19.7,BA	+2.33,+264.8,+20.5,DB	+6.86,+6.4,+19.7,LB	
1700375798.6506412	+6.52,+17.5,+21.4,LA	+6.40,+29.5,+21.3,EA	+6.50,+25.4,+21.4,NA	+8.13,-67.4,+19.7,OA	+2.33,+264.8,+20.5,DB	+6.86,+6.4,+19.7,LB	
1700375860.660724	+6.52,+17.6,+21.4,OA	+6.40,+29.5,+21.3,EA	+6.49,+25.5,+21.5,FA	+8.23,-73.3,+19.7,NA	+2.37,+263.0,+20.5,OB	+6.86,+6.5,+19.7,MB	
1700375922.6717005	+6.52,+17.5,+21.4,LA	+6.40,+29.4,+21.3,DA	+6.50,+25.4,+21.4,NA	+8.21,-71.9,+19.7,DA	+2.33,+265.0,+20.5,MB	+6.86,+6.4,+19.7,LB	
1700375984.6826003	+6.52,+17.5,+21.4,LA	+6.40,+29.5,+21.3,EA	+6.50,+25.4,+21.4,NA	+8.14,-67.7,+19.7,KA	+2.33,+264.9,+20.5,EB	+6.86,+6.4,+19.7,LB	
1700376046.6917462	+6.52,+17.6,+21.4,OA	+6.40,+29.4,+21.3,DA	+6.50,+25.5,+21.4,OA	+8.23,-73.1,+19.7,LA	+2.32,+265.3,+20.5,OB	+6.86,+6.3,+19.7,KB	
1700376108.6998425	+6.52,+17.5,+21.4,LA	+6.40,+29.5,+21.3,EA	+6.50,+25.4,+21.4,NA	+8.17,-69.7,+19.7,FA	+2.32,+265.7,+20.5,KB	+6.86,+6.4,+19.7,LB	
1700376170.711507	+6.52,+17.5,+21.4,LA	+6.40,+29.4,+21.3,DA	+6.50,+25.4,+21.5,OA	+8.20,-71.1,+19.7,MA	+2.32,+265.9,+20.5,EB	+6.86,+6.4,+19.7,LB	
1700376232.7227628	+6.52,+17.6,+21.4,OA	+6.40,+29.5,+21.3,EA	+6.50,+25.4,+21.5,OA	+8.19,-70.7,+19.7,@A	+2.31,+266.2,+20.5,NB	+6.86,+6.4,+19.7,LB	
1700376294.7329173	+6.52,+17.5,+21.4,LA	+6.40,+29.5,+21.3,EA	+6.50,+25.4,+21.4,NA	+8.25,-74.3,+19.7,OA	+2.31,+266.1,+20.5,MB	+6.86,+6.4,+19.7,LB	
1700376356.7427828	+6.52,+17.5,+21.4,LA	+6.39,+29.5,+21.3,KA	+6.50,+25.4,+21.4,NA	+8.23,-73.1,+19.7,LA	+2.30,+266.5,+20.5,HB	+6.86,+6.4,+19.7,LB	
1700376418.7532587	+6.52,+17.5,+21.4,LA	+6.40,+29.5,+21.3,EA	+6.50,+25.5,+21.4,OA	+8.25,-74.1,+19.8,BA	+2.30,+266.8,+20.5,EB	+6.86,+6.3,+19.7,KB	
1700376480.7635791	+6.52,+17.5,+21.4,LA	+6.40,+29.5,+21.3,EA	+6.50,+25.4,+21.5,OA	+8.13,-67.4,+19.7,OA	+2.29,+267.1,+20.5,EB	+6.86,+6.3,+19.7,KB	
1700376542.7734182	+6.52,+17.5,+21.4,LA	+6.40,+29.5,+21.3,EA	+6.50,+25.4,+21.4,NA	+8.19,-70.7,+19.7,@A	+2.29,+267.3,+20.5,GB	+6.86,+6.4,+19.7,LB	
1700376604.7828615	+6.52,+17.5,+21.4,LA	+6.40,+29.5,+21.3,EA	+6.50,+25.4,+21.4,NA	+8.20,-71.1,+19.7,MA	+2.29,+267.4,+20.5,@B	+6.86,+6.3,+19.7,KB	
1700376666.7932954	+6.52,+17.5,+21.4,LA	+6.40,+29.5,+21.3,EA	+6.50,+25.4,+21.4,NA	+8.24,-73.9,+19.7,CA	+2.29,+267.6,+20.5,BB	+6.86,+6.3,+19.7,KB	
1700376728.8023148	+6.52,+17.5,+21.4,LA	+6.39,+29.5,+21.3,KA	+6.50,+25.4,+21.4,NA	+8.01,-60.5,+19.7,JA	+2.28,+267.8,+20.5,MB	+6.86,+6.3,+19.7,KB	
1700376790.8133938	+6.52,+17.5,+21.4,LA	+6.40,+29.4,+21.3,DA	+6.50,+25.4,+21.5,OA	+7.82,-49.6,+19.7,FA	+2.28,+267.7,+20.5,BB	+6.86,+6.3,+19.7,KB	
1700376852.8226423	+6.52,+17.5,+21.4,LA	+6.40,+29.5,+21.3,EA	+6.50,+25.4,+21.4,NA	+7.64,-39.2,+19.7,MA	+2.28,+267.7,+20.5,BB	+6.86,+6.2,+19.7,JB	
1700376914.8331454	+6.52,+17.5,+21.4,LA	+6.40,+29.5,+21.3,EA	+6.50,+25.4,+21.4,NA	+6.77,+10.3,+19.8,MA	+2.28,+267.7,+20.5,BB	+6.86,+6.3,+19.7,KB	
1700376976.8428705	+6.52,+17.5,+21.4,LA	+6.39,+29.6,+21.3,HA	+6.50,+25.4,+21.4,NA	+6.77,+10.5,+19.7,DA	+2.28,+268.0,+20.5,JB	+6.86,+6.2,+19.7,JB	
1700377038.8527331	+6.52,+17.5,+21.4,LA	+6.39,+29.6,+21.3,HA	+6.50,+25.4,+21.5,OA	+6.77,+10.4,+19.7,EA	+2.28,+268.0,+20.5,JB	+6.86,+6.3,+19.8,DB	
1700377100.8618891	+6.52,+17.5,+21.4,LA	+6.39,+29.6,+21.3,HA	+6.50,+25.4,+21.4,NA	+6.77,+10.4,+19.7,EA	+2.28,+268.0,+20.5,JB	+6.86,+6.3,+19.7,KB	
1700377162.8678544	+6.52,+17.5,+21.4,LA	+6.39,+29.5,+21.3,KA	+6.50,+25.4,+21.4,NA	+6.77,+10.4,+19.7,EA	+2.28,+268.1,+20.5,KB	+6.86,+6.3,+19.7,KB	
1700377224.8780718	+6.52,+17.6,+21.4,OA	+6.40,+29.5,+21.3,EA	+6.50,+25.4,+21.4,NA	+6.77,+10.4,+19.8,JA	+2.28,+267.9,+20.5,LB	+6.86,+6.3,+19.7,KB	
1700377286.8867445	+6.52,+17.5,+21.4,LA	+6.39,+29.5,+21.3,KA	+6.50,+25.4,+21.5,OA	+6.77,+10.4,+19.7,EA	+2.28,+268.1,+20.5,KB	+6.86,+6.2,+19.8,EB	
1700377348.8976579	+6.52,+17.5,+21.4,LA	+6.39,+29.6,+21.3,HA	+6.50,+25.4,+21.5,OA	+6.77,+10.2,+19.8,LA	+2.28,+268.1,+20.5,KB	+6.86,+6.3,+19.7,KB	
1700377410.9073746	+6.52,+17.5,+21.4,LA	+6.40,+29.5,+21.3,EA	+6.50,+25.4,+21.4,NA	+6.77,+10.3,+19.7,BA	+2.28,+268.1,+20.5,KB	+6.86,+6.3,+19.8,DB	
1700377472.9166207	+6.52,+17.5,+21.4,LA	+6.40,+29.5,+21.3,EA	+6.50,+25.4,+21.5,OA	+6.77,+10.3,+19.7,BA	+2.34,+264.3,+20.5,HB	+6.86,+6.2,+19.8,EB	
1700377534.92497	+6.52,+17.5,+21.4,LA	+6.39,+29.5,+21.3,KA	+6.50,+25.4,+21.5,OA	+6.77,+10.3,+19.8,MA	+2.40,+261.0,+20.5,MB	+6.86,+6.2,+19.7,JB	
1700377596.9332325	+6.52,+17.5,+21.4,LA	+6.39,+29.5,+21.3,KA	+6.50,+25.4,+21.5,OA	+6.77,+10.3,+19.7,BA	+2.41,+260.4,+20.5,IB	+6.86,+6.2,+19.8,EB	
1700377658.9420147	+6.52,+17.5,+21.4,LA	+6.39,+29.5,+21.3,KA	+6.50,+25.5,+21.5,NA	+6.77,+10.3,+19.7,BA	+2.42,+259.8,+20.5,LB	+6.86,+6.2,+19.7,JB	
1700377720.9524243	+6.52,+17.5,+21.4,LA	+6.39,+29.5,+21.3,KA	+6.50,+25.4,+21.5,OA	+6.77,+10.3,+19.8,MA	+2.42,+259.7,+20.5,CB	+6.86,+6.3,+19.8,DB	
1700377782.9645472	+6.52,+17.5,+21.4,LA	+6.39,+29.5,+21.3,KA	+6.50,+25.4,+21.5,OA	+6.77,+10.3,+19.8,MA	+2.43,+259.3,+20.5,FB	+6.86,+6.3,+19.8,DB	
1700377844.9733243	+6.52,+17.5,+21.4,LA	+6.39,+29.6,+21.3,HA	+6.50,+25.5,+21.5,NA	+6.77,+10.3,+19.8,MA	+2.43,+259.0,+20.5,EB	+6.86,+6.2,+19.8,EB	
1700377906.9820714	+6.52,+17.6,+21.4,OA	+6.39,+29.6,+21.3,HA	+6.50,+25.4,+21.5,OA	+6.77,+10.3,+19.7,BA	+2.44,+258.9,+20.5,JB	+6.86,+6.2,+19.8,EB	
1700377968.989906	+6.52,+17.5,+21.4,LA	+6.39,+29.6,+21.3,HA	+6.49,+25.5,+21.4,GA	+6.77,+10.3,+19.8,MA	+2.44,+258.9,+20.6,IB	+6.86,+6.2,+19.7,JB	
1700378030.998526	+6.52,+17.5,+21.4,LA	+6.39,+29.6,+21.3,HA	+6.49,+25.5,+21.5,FA	+6.77,+10.3,+19.7,BA	+2.44,+258.9,+20.5,JB	+6.86,+6.1,+19.8,FB	
1700378093.008162	+6.52,+17.5,+21.4,LA	+6.39,+29.6,+21.3,HA	+6.49,+25.5,+21.5,FA	+6.77,+10.3,+19.7,BA	+2.44,+258.4,+20.5,GB	+6.86,+6.2,+19.7,JB	
1700378155.0162673	+6.52,+17.5,+21.4,LA	+6.39,+29.5,+21.3,KA	+6.50,+25.4,+21.5,OA	+6.77,+10.3,+19.7,BA	+2.45,+258.1,+20.5,CB	+6.86,+6.2,+19.8,EB	
1700378217.024773	+6.52,+17.5,+21.4,LA	+6.39,+29.6,+21.3,HA	+6.50,+25.5,+21.5,NA	+6.77,+10.4,+19.7,EA	+2.44,+258.6,+20.5,EB	+6.86,+6.2,+19.8,EB	
1700378279.033455	+6.52,+17.4,+21.4,MA	+6.39,+29.5,+21.3,KA	+6.50,+25.4,+21.5,OA	+6.77,+10.3,+19.8,MA	+2.44,+258.4,+20.5,GB	+6.86,+6.1,+19.8,FB	
1700378341.0426302	+6.52,+17.5,+21.4,LA	+6.39,+29.6,+21.3,HA	+6.50,+25.4,+21.5,OA	+6.77,+10.3,+19.8,MA	+2.45,+258.3,+20.5,AB	+6.86,+6.1,+19.8,FB	
1700378403.0529115	+6.52,+17.5,+21.4,LA	+6.39,+29.6,+21.3,HA	+6.50,+25.4,+21.5,OA	+6.77,+10.5,+19.7,DA	+2.44,+258.4,+20.5,GB	+6.86,+6.2,+19.7,JB	
1700378465.0591834	+6.52,+17.5,+21.4,LA	+6.39,+29.6,+21.3,HA	+6.50,+25.3,+21.5,HA	+6.77,+10.4,+19.8,JA	+2.45,+258.2,+20.5,@B	+6.86,+6.2,+19.7,JB	
1700378527.0691113	+6.52,+17.5,+21.4,LA	+6.39,+29.6,+21.3,HA	+6.50,+25.4,+21.5,OA	+6.77,+10.5,+19.7,DA	+2.45,+258.0,+20.5,BB	+6.86,+6.1,+19.7,IB	
1700378589.0746396	+6.52,+17.5,+21.4,LA	+6.39,+29.6,+21.3,HA	+6.50,+25.4,+21.5,OA	+6.77,+10.6,+19.8,HA	+2.46,+257.8,+20.5,FB	+6.86,+6.1,+19.8,FB	
1700378651.0844646	+6.52,+17.5,+21.4,LA	+6.39,+29.6,+21.3,HA	+6.50,+25.4,+21.5,OA	+6.77,+10.7,+19.7,FA	+2.46,+257.6,+20.5,HB	+6.86,+6.1,+19.7,IB	
1700378713.093093	+6.52,+17.5,+21.4,LA	+6.39,+29.6,+21.3,HA	+6.50,+25.4,+21.4,NA	+6.77,+10.6,+19.8,HA	+2.46,+257.6,+20.5,HB	+6.86,+6.2,+19.7,JB	
1700378775.1038842	+6.52,+17.5,+21.4,LA	+6.39,+29.6,+21.3,HA	+6.49,+25.5,+21.5,FA	+6.77,+10.3,+19.8,MA	+2.46,+257.5,+20.5,KB	+6.86,+6.1,+19.7,IB	
1700378837.113138	+6.52,+17.5,+21.4,LA	+6.39,+29.5,+21.3,KA	+6.49,+25.5,+21.5,FA	+6.77,+10.3,+19.8,MA	+2.46,+257.6,+20.5,HB	+6.86,+6.1,+19.8,FB	
1700379082.6862736	+6.52,+17.5,+21.4,LA	+6.39,+29.6,+21.3,HA	+6.50,+25.4,+21.5,OA	+6.77,+10.3,+19.8,MA	+2.43,+259.3,+20.5,FB	+6.86,+6.1,+19.8,FB	
1700379144.696493	+6.52,+17.5,+21.4,LA	+6.39,+29.6,+21.3,HA	+6.49,+25.5,+21.5,FA	+6.77,+10.3,+19.8,MA	+2.42,+260.0,+20.6,MB	+6.86,+6.1,+19.8,FB	
1700379206.7068353	+6.52,+17.6,+21.4,OA	+6.39,+29.6,+21.3,HA	+6.50,+25.4,+21.5,OA	+6.77,+10.2,+19.7,CA	+2.41,+260.4,+20.5,IB	+6.86,+6.1,+19.8,FB	
1700379268.7135913	+6.52,+17.5,+21.4,LA	+6.39,+29.6,+21.3,HA	+6.50,+25.5,+21.5,NA	+6.78,+10.1,+19.8,@A	+2.43,+259.6,+20.5,CB	+6.86,+6.1,+19.8,FB	
1700379330.7210462	+6.52,+17.5,+21.4,LA	+6.39,+29.6,+21.4,OA	+6.50,+25.4,+21.5,OA	+6.77,+10.2,+19.8,LA	+2.44,+259.0,+20.5,BB	+6.86,+6.1,+19.8,FB	
1700379392.732351	+6.52,+17.6,+21.4,OA	+6.39,+29.6,+21.3,HA	+6.50,+25.4,+21.5,OA	+6.78,+10.1,+19.7,OA	+2.44,+258.4,+20.5,GB	+6.86,+6.0,+19.8,GB	
1700379454.7422624	+6.52,+17.5,+21.4,LA	+6.39,+29.6,+21.3,HA	+6.50,+25.4,+21.5,OA	+6.77,+10.2,+19.8,LA	+2.45,+258.2,+20.6,CB	+6.86,+6.1,+19.8,FB	
1700379516.7503982	+6.52,+17.5,+21.4,LA	+6.39,+29.7,+21.3,IA	+6.50,+25.4,+21.5,OA	+6.78,+10.0,+19.8,AA	+2.45,+258.0,+20.5,BB	+6.86,+6.0,+19.8,GB	
1700379578.7583795	+6.52,+17.5,+21.4,LA	+6.39,+29.6,+21.3,HA	+6.50,+25.4,+21.5,OA	+6.78,+10.1,+19.8,@A	+2.46,+257.7,+20.5,IB	+6.87,+6.0,+19.8,FB	
1700379640.767943	+6.52,+17.5,+21.4,LA	+6.39,+29.7,+21.3,IA	+6.50,+25.4,+21.5,OA	+6.78,+10.0,+19.8,AA	+2.46,+257.4,+20.5,JB	+6.86,+6.0,+19.8,GB	
1700379702.7770283	+6.52,+17.5,+21.4,LA	+6.39,+29.7,+21.3,IA	+6.50,+25.4,+21.5,OA	+6.78,+10.1,+19.8,@A	+2.46,+257.5,+20.5,KB	+6.86,+6.1,+19.8,FB	
1700379764.7853208	+6.52,+17.5,+21.4,LA	+6.39,+29.6,+21.3,HA	+6.49,+25.5,+21.5,FA	+6.78,+10.0,+19.7,NA	+2.46,+257.4,+20.6,IB	+6.86,+6.0,+19.8,GB	
1700379826.7931914	+6.52,+17.5,+21.4,LA	+6.39,+29.7,+21.3,IA	+6.50,+25.4,+21.5,OA	+6.78,+10.1,+19.8,@A	+2.46,+257.4,+20.6,IB	+6.86,+6.0,+19.8,GB	
1700379888.8008108	+6.52,+17.5,+21.4,LA	+6.39,+29.6,+21.3,HA	+6.50,+25.4,+21.5,OA	+6.78,+10.1,+19.8,@A	+2.46,+257.4,+20.5,JB	+6.86,+6.0,+19.8,GB	
1700379950.8102837	+6.52,+17.5,+21.4,LA	+6.39,+29.7,+21.3,IA	+6.50,+25.5,+21.5,NA	+6.78,+10.1,+19.8,@A	+2.47,+257.3,+20.6,OB	+6.86,+6.0,+19.8,GB	
1700380012.8169415	+6.52,+17.5,+21.4,LA	+6.39,+29.7,+21.3,IA	+6.49,+25.5,+21.5,FA	+6.78,+10.2,+19.8,CA	+2.47,+257.1,+20.5,NB	+6.86,+6.0,+19.8,GB	
1700380074.8263159	+6.52,+17.5,+21.4,LA	+6.39,+29.7,+21.3,IA	+6.50,+25.4,+21.5,OA	+6.78,+10.0,+19.8,AA	+2.47,+257.0,+20.6,LB	+6.86,+6.0,+19.8,GB	
1700380136.8375714	+6.52,+17.5,+21.4,LA	+6.39,+29.7,+21.3,IA	+6.50,+25.4,+21.5,OA	+6.78,+10.0,+19.8,AA	+2.47,+257.0,+20.6,LB	+6.86,+6.0,+19.8,GB	
1700380198.8468862	+6.52,+17.5,+21.4,LA	+6.39,+29.7,+21.3,IA	+6.50,+25.4,+21.5,OA	+6.78,+10.1,+19.8,@A	+2.47,+257.1,+20.6,MB	+6.86,+6.1,+19.8,FB	
1700380260.8574483	+6.52,+17.5,+21.4,LA	+6.39,+29.6,+21.4,OA	+6.50,+25.4,+21.5,OA	+6.78,+10.0,+19.8,AA	+2.47,+257.1,+20.6,MB	+6.87,+6.0,+19.8,FB	
1700380322.8699136	+6.52,+17.5,+21.4,LA	+6.39,+29.7,+21.3,IA	+6.50,+25.4,+21.5,OA	+6.78,+10.1,+19.8,@A	+2.47,+257.0,+20.6,LB	+6.86,+6.0,+19.8,GB	
1700380384.8786793	+6.52,+17.5,+21.4,LA	+6.39,+29.7,+21.3,IA	+6.50,+25.4,+21.5,OA	+6.78,+10.1,+19.8,@A	+2.47,+257.0,+20.6,LB	+6.86,+6.0,+19.8,GB	
1700380446.8862865	+6.52,+17.5,+21.4,LA	+6.39,+29.7,+21.3,IA	+6.50,+25.4,+21.5,OA	+6.78,+10.0,+19.8,AA	+2.47,+256.9,+20.6,DB	+6.86,+6.1,+19.8,FB	
1700380508.8970907	+6.52,+17.5,+21.4,LA	+6.39,+29.7,+21.4,NA	+6.50,+25.5,+21.5,NA	+6.78,+9.9,+19.8,@B	+2.47,+256.9,+20.6,DB	+6.86,+6.0,+19.8,GB	
1700380570.9077775	+6.52,+17.5,+21.4,LA	+6.39,+29.7,+21.3,IA	+6.50,+25.4,+21.5,OA	+6.78,+9.9,+19.8,@B	+2.49,+256.0,+20.6,CB	+6.86,+6.0,+19.8,GB	
1700380632.9171865	+6.52,+17.5,+21.5,MA	+6.39,+29.7,+21.3,IA	+6.50,+25.4,+21.5,OA	+6.78,+10.1,+19.8,@A	+2.47,+256.9,+20.6,DB	+6.87,+6.0,+19.8,FB	
1700380694.9266875	+6.52,+17.5,+21.4,LA	+6.39,+29.7,+21.4,NA	+6.50,+25.4,+21.5,OA	+6.78,+10.0,+19.8,AA	+2.47,+257.0,+20.6,LB	+6.87,+6.0,+19.8,FB	
1700380756.9368062	+6.52,+17.5,+21.4,LA	+6.39,+29.6,+21.4,OA	+6.50,+25.4,+21.5,OA	+6.78,+9.9,+19.8,@B	+2.47,+257.0,+20.6,LB	+6.87,+5.9,+19.8,LB	
1700380818.9464982	+6.52,+17.5,+21.5,MA	+6.39,+29.7,+21.3,IA	+6.50,+25.5,+21.5,NA	+6.78,+10.0,+19.8,AA	+2.47,+257.0,+20.6,LB	+6.87,+6.0,+19.8,FB	
1700380880.9567757	+6.52,+17.5,+21.4,LA	+6.39,+29.7,+21.4,NA	+6.50,+25.4,+21.5,OA	+6.78,+10.0,+19.8,AA	+2.47,+257.0,+20.6,LB	+6.87,+5.9,+19.8,LB	
1700380942.9673629	+6.52,+17.5,+21.4,LA	+6.39,+29.7,+21.4,NA	+6.49,+25.5,+21.5,FA	+6.78,+10.1,+19.8,@A	+2.47,+257.1,+20.6,MB	+6.87,+6.0,+19.8,FB	
1700381004.97656	+6.52,+17.5,+21.4,LA	+6.39,+29.7,+21.4,NA	+6.50,+25.4,+21.5,OA	+6.78,+10.0,+19.8,AA	+2.47,+257.1,+20.6,MB	+6.87,+5.9,+19.8,LB	
1700381066.9867773	+6.52,+17.5,+21.5,MA	+6.39,+29.7,+21.3,IA	+6.49,+25.5,+21.5,FA	+6.78,+10.1,+19.8,@A	+2.47,+257.1,+20.6,MB	+6.87,+5.9,+19.8,LB	
1700381128.9963298	+6.52,+17.5,+21.4,LA	+6.39,+29.7,+21.3,IA	+6.50,+25.4,+21.5,OA	+6.78,+10.0,+19.8,AA	+2.47,+257.1,+20.6,MB	+6.87,+6.0,+19.8,FB	
1700381191.0065327	+6.52,+17.5,+21.5,MA	+6.39,+29.7,+21.3,IA	+6.50,+25.4,+21.5,OA	+6.78,+10.2,+19.8,CA	+2.48,+256.5,+20.6,GB	+6.87,+5.8,+19.8,MB	
1700381253.014843	+6.52,+17.5,+21.5,MA	+6.39,+29.7,+21.3,IA	+6.50,+25.4,+21.5,OA	+6.78,+10.1,+19.8,@A	+2.49,+255.6,+20.6,FB	+6.87,+5.9,+19.8,LB	
1700381315.0241096	+6.52,+17.4,+21.4,MA	+6.39,+29.7,+21.3,IA	+6.50,+25.4,+21.5,OA	+6.78,+10.1,+19.8,@A	+2.48,+256.4,+20.6,FB	+6.87,+5.9,+19.8,LB	
1700381377.0339592	+6.52,+17.6,+21.5,NA	+6.39,+29.7,+21.4,NA	+6.50,+25.4,+21.5,OA	+6.78,+10.0,+19.8,AA	+2.48,+256.5,+20.6,GB	+6.87,+5.9,+19.8,LB	
1700381439.044074	+6.52,+17.5,+21.5,MA	+6.39,+29.7,+21.4,NA	+6.50,+25.4,+21.5,OA	+6.78,+10.1,+19.8,@A	+2.48,+256.3,+20.6,AB	+6.87,+5.9,+19.8,LB	
1700381501.053543	+6.52,+17.5,+21.5,MA	+6.39,+29.8,+21.3,FA	+6.50,+25.4,+21.5,OA	+6.78,+10.1,+19.8,@A	+2.48,+256.2,+20.6,@B	+6.87,+5.9,+19.8,LB	
1700381563.0660138	+6.52,+17.5,+21.5,MA	+6.39,+29.7,+21.3,IA	+6.50,+25.4,+21.5,OA	+6.77,+10.2,+19.8,LA	+2.49,+256.0,+20.6,CB	+6.87,+5.9,+19.8,LB	
1700381625.0743341	+6.52,+17.5,+21.5,MA	+6.39,+29.7,+21.4,NA	+6.50,+25.4,+21.5,OA	+6.77,+10.2,+19.8,LA	+2.48,+256.2,+20.6,@B	+6.87,+5.9,+19.8,LB	
1700381687.0818048	+6.52,+17.5,+21.5,MA	+6.39,+29.7,+21.4,NA	+6.49,+25.5,+21.5,FA	+6.77,+10.2,+19.8,LA	+2.48,+256.2,+20.6,@B	+6.87,+5.9,+19.8,LB	
1700381749.0918047	+6.52,+17.5,+21.5,MA	+6.39,+29.7,+21.4,NA	+6.50,+25.5,+21.5,NA	+6.77,+10.2,+19.8,LA	+2.49,+256.0,+20.6,CB	+6.87,+5.9,+19.8,LB	
1700381811.1018698	+6.52,+17.5,+21.5,MA	+6.39,+29.7,+21.4,NA	+6.49,+25.5,+21.5,FA	+6.77,+10.3,+19.8,MA	+2.49,+256.1,+20.6,BB	+6.87,+6.0,+19.8,FB	
1700381873.1121502	+6.52,+17.5,+21.5,MA	+6.39,+29.7,+21.4,NA	+6.49,+25.5,+21.5,FA	+6.77,+10.4,+19.8,JA	+2.49,+255.6,+20.6,FB	+6.87,+5.8,+19.8,MB	
1700381935.1218448	+6.52,+17.5,+21.5,MA	+6.39,+29.7,+21.4,NA	+6.50,+25.4,+21.5,OA	+6.77,+10.3,+19.8,MA	+2.49,+255.8,+20.6,HB	+6.87,+5.8,+19.8,MB	
1700381997.1329892	+6.52,+17.5,+21.5,MA	+6.39,+29.7,+21.4,NA	+6.49,+25.5,+21.5,FA	+6.77,+10.4,+19.8,JA	+2.49,+255.7,+20.6,GB	+6.87,+5.9,+19.8,LB	
1700382059.1428654	+6.52,+17.5,+21.5,MA	+6.39,+29.8,+21.4,AA	+6.50,+25.4,+21.5,OA	+6.77,+10.4,+19.8,JA	+2.50,+255.5,+20.6,MB	+6.87,+5.8,+19.8,MB	
1700382121.1499712	+6.52,+17.5,+21.5,MA	+6.39,+29.8,+21.4,AA	+6.49,+25.5,+21.5,FA	+6.77,+10.3,+19.8,MA	+2.50,+255.5,+20.6,MB	+6.87,+5.8,+19.8,MB	
1700382183.159307	+6.52,+17.5,+21.5,MA	+6.39,+29.8,+21.4,AA	+6.50,+25.4,+21.5,OA	+6.77,+10.4,+19.8,JA	+2.49,+255.6,+20.6,FB	+6.87,+5.8,+19.8,MB	
1700382245.1714442	+6.52,+17.5,+21.5,MA	+6.39,+29.8,+21.4,AA	+6.50,+25.5,+21.5,NA	+6.77,+10.6,+19.8,HA	+2.50,+255.4,+20.6,LB	+6.87,+5.8,+19.8,MB	
1700382307.1824791	+6.52,+17.5,+21.5,MA	+6.39,+29.7,+21.4,NA	+6.49,+25.5,+21.5,FA	+6.77,+10.4,+19.8,JA	+2.50,+255.4,+20.6,LB	+6.87,+5.8,+19.8,MB	
1700382369.1916077	+6.52,+17.5,+21.5,MA	+6.39,+29.8,+21.4,AA	+6.50,+25.4,+21.5,OA	+6.77,+10.4,+19.8,JA	+2.50,+255.4,+20.6,LB	+6.87,+5.7,+19.8,BB	
1700382431.2028208	+6.52,+17.5,+21.5,MA	+6.39,+29.8,+21.4,AA	+6.50,+25.4,+21.5,OA	+6.78,+10.0,+19.8,AA	+2.50,+255.6,+20.6,NB	+6.87,+5.8,+19.8,MB	
1700382493.213098	+6.52,+17.5,+21.5,MA	+6.39,+29.7,+21.4,NA	+6.50,+25.4,+21.5,OA	+6.78,+10.1,+19.8,@A	+2.49,+255.7,+20.6,GB	+6.87,+5.8,+19.8,MB	
1700382555.2205455	+6.52,+17.5,+21.5,MA	+6.39,+29.7,+21.3,IA	+6.49,+25.5,+21.5,FA	+6.78,+10.1,+19.8,@A	+2.50,+255.3,+20.6,KB	+6.87,+5.8,+19.8,MB	
1700382617.2302983	+6.52,+17.5,+21.5,MA	+6.39,+29.8,+21.3,FA	+6.49,+25.5,+21.5,FA	+6.78,+10.1,+19.8,@A	+2.51,+254.6,+20.6,NB	+6.87,+5.7,+19.8,BB	
1700382679.2408485	+6.52,+17.5,+21.5,MA	+6.39,+29.8,+21.4,AA	+6.50,+25.4,+21.5,OA	+6.78,+10.1,+19.8,@A	+2.51,+254.7,+20.6,OB	+6.87,+5.8,+19.8,MB	
1700382924.8024187	+6.52,+17.5,+21.5,MA	+6.39,+29.8,+21.4,AA	+6.50,+25.5,+21.5,NA	+6.77,+10.3,+19.8,MA	+2.53,+253.6,+20.6,KB	+6.87,+5.7,+19.8,BB	
1700382986.8123252	+6.52,+17.6,+21.5,NA	+6.39,+29.7,+21.4,NA	+6.50,+25.4,+21.5,OA	+6.77,+10.4,+19.8,JA	+2.53,+253.6,+20.6,KB	+6.87,+5.7,+19.8,BB	
1700383048.8202841	+6.52,+17.6,+21.5,NA	+6.39,+29.8,+21.4,AA	+6.50,+25.4,+21.5,OA	+6.77,+10.5,+19.8,KA	+2.53,+253.5,+20.6,HB	+6.87,+5.8,+19.8,MB	
1700383110.8306751	+6.52,+17.5,+21.5,MA	+6.39,+29.8,+21.4,AA	+6.50,+25.4,+21.5,OA	+6.77,+10.4,+19.8,JA	+2.53,+253.6,+20.6,KB	+6.87,+5.7,+19.8,BB	
1700383172.8409877	+6.52,+17.6,+21.5,NA	+6.39,+29.8,+21.4,AA	+6.50,+25.4,+21.5,OA	+6.77,+10.4,+19.8,JA	+2.53,+253.6,+20.6,KB	+6.87,+5.8,+19.8,MB	
1700383234.8483016	+6.52,+17.5,+21.5,MA	+6.39,+29.8,+21.4,AA	+6.50,+25.4,+21.6,LA	+6.77,+10.4,+19.8,JA	+2.53,+253.5,+20.6,HB	+6.87,+5.8,+19.8,MB	
1700383296.8584654	+6.52,+17.5,+21.5,MA	+6.39,+29.8,+21.4,AA	+6.50,+25.5,+21.6,MA	+6.77,+10.3,+19.8,MA	+2.53,+253.7,+20.6,JB	+6.87,+5.7,+19.8,BB	
1700383358.8658211	+6.52,+17.6,+21.5,NA	+6.39,+29.8,+21.4,AA	+6.50,+25.5,+21.6,MA	+6.77,+10.4,+19.8,JA	+2.53,+253.7,+20.6,JB	+6.87,+5.8,+19.8,MB	
1700383420.876655	+6.52,+17.5,+21.5,MA	+6.39,+29.8,+21.4,AA	+6.50,+25.4,+21.5,OA	+6.77,+10.4,+19.8,JA	+2.53,+253.7,+20.6,JB	+6.87,+5.7,+19.8,BB	
1700383482.887223	+6.52,+17.5,+21.5,MA	+6.39,+29.8,+21.4,AA	+6.50,+25.4,+21.6,LA	+6.77,+10.4,+19.8,JA	+2.53,+253.5,+20.6,HB	+6.87,+5.8,+19.8,MB	
1700383544.8957605	+6.52,+17.4,+21.5,LA	+6.39,+29.8,+21.4,AA	+6.50,+25.4,+21.6,LA	+6.77,+10.4,+19.8,JA	+2.54,+253.3,+20.6,IB	+6.87,+5.7,+19.8,BB	
1700383606.8996737	+6.52,+17.5,+21.5,MA	+6.39,+29.8,+21.4,AA	+6.50,+25.4,+21.6,LA	+6.77,+10.5,+19.9,JA	+2.53,+253.3,+20.6,NB	+6.87,+5.6,+19.8,CB	
1700383668.9063563	+6.52,+17.5,+21.5,MA	+6.39,+29.8,+21.4,AA	+6.50,+25.4,+21.5,OA	+6.77,+10.5,+19.8,KA	+2.54,+253.2,+20.6,HB	+6.87,+5.7,+19.8,BB	
1700383730.9167285	+6.52,+17.5,+21.5,MA	+6.39,+29.9,+21.4,@A	+6.50,+25.4,+21.6,LA	+6.77,+10.6,+19.8,HA	+2.54,+253.0,+20.6,JB	+6.87,+5.7,+19.8,BB	
1700383792.9251606	+6.52,+17.5,+21.5,MA	+6.39,+29.8,+21.4,AA	+6.50,+25.5,+21.5,NA	+6.77,+10.6,+19.8,HA	+2.54,+253.1,+20.6,KB	+6.87,+5.7,+19.8,BB	
1700383854.9343204	+6.52,+17.5,+21.5,MA	+6.39,+29.8,+21.4,AA	+6.50,+25.4,+21.6,LA	+6.77,+10.7,+19.8,IA	+2.53,+253.4,+20.6,IB	+6.87,+5.6,+19.8,CB	
1700383916.9433568	+6.52,+17.5,+21.5,MA	+6.39,+29.8,+21.4,AA	+6.50,+25.4,+21.5,OA	+6.77,+10.6,+19.8,HA	+2.53,+253.6,+20.6,KB	+6.87,+5.7,+19.8,BB	
1700383978.9524112	+6.52,+17.6,+21.5,NA	+6.39,+29.8,+21.4,AA	+6.50,+25.5,+21.5,NA	+6.77,+10.6,+19.8,HA	+2.53,+253.7,+20.6,JB	+6.87,+5.7,+19.8,BB	
1700384040.9621637	+6.52,+17.5,+21.5,MA	+6.39,+29.8,+21.4,AA	+6.50,+25.4,+21.5,OA	+6.76,+10.8,+19.8,GA	+2.53,+253.9,+20.6,DB	+6.87,+5.6,+19.8,CB	
1700384102.9722457	+6.52,+17.5,+21.5,MA	+6.39,+29.9,+21.4,@A	+6.50,+25.5,+21.5,NA	+6.76,+10.8,+19.8,GA	+2.52,+254.0,+20.6,KB	+6.87,+5.6,+19.8,CB	
1700384164.9808812	+6.52,+17.5,+21.5,MA	+6.39,+29.9,+21.4,@A	+6.50,+25.5,+21.5,NA	+6.76,+10.9,+19.8,FA	+2.52,+254.3,+20.6,HB	+6.87,+5.7,+19.8,BB	
1700384226.9879975	+6.52,+17.5,+21.5,MA	+6.39,+29.8,+21.4,AA	+6.50,+25.4,+21.6,LA	+6.76,+11.0,+19.8,NA	+2.52,+254.4,+20.6,OB	+6.87,+5.7,+19.8,BB	
1700384288.9979477	+6.52,+17.5,+21.5,MA	+6.39,+29.9,+21.4,@A	+6.49,+25.5,+21.6,EA	+6.76,+10.9,+19.8,FA	+2.51,+254.5,+20.6,MB	+6.87,+5.7,+19.8,BB	
1700384351.0056806	+6.52,+17.5,+21.5,MA	+6.39,+29.9,+21.4,@A	+6.50,+25.4,+21.6,LA	+6.76,+11.0,+19.9,OA	+2.51,+254.7,+20.6,OB	+6.87,+5.7,+19.8,BB	
1700384413.0151172	+6.52,+17.5,+21.5,MA	+6.39,+29.9,+21.4,@A	+6.50,+25.5,+21.6,MA	+6.76,+11.1,+19.8,OA	+2.51,+254.8,+20.7,AB	+6.87,+5.7,+19.8,BB	
1700384475.023193	+6.52,+17.6,+21.5,NA	+6.39,+29.8,+21.4,AA	+6.50,+25.4,+21.6,LA	+6.76,+11.2,+19.8,LA	+2.51,+254.9,+20.6,AB	+6.87,+5.6,+19.9,BB	
1700384537.0306482	+6.52,+17.5,+21.5,MA	+6.39,+29.8,+21.4,AA	+6.50,+25.4,+21.6,LA	+6.76,+11.3,+19.9,LA	+2.50,+255.2,+20.6,JB	+6.87,+5.6,+19.8,CB	
1700384599.0424385	+6.52,+17.5,+21.5,MA	+6.39,+29.9,+21.4,@A	+6.50,+25.5,+21.6,MA	+6.76,+11.2,+19.9,MA	+2.50,+255.3,+20.6,KB	+6.87,+5.7,+19.8,BB	
1700384661.0511322	+6.52,+17.5,+21.5,MA	+6.39,+29.9,+21.4,@A	+6.50,+25.4,+21.6,LA	+6.75,+11.4,+19.8,IA	+2.50,+255.5,+20.6,MB	+6.87,+5.6,+19.9,BB	
1700384723.061413	+6.52,+17.5,+21.5,MA	+6.39,+29.8,+21.4,AA	+6.50,+25.4,+21.6,LA	+6.76,+11.3,+19.8,MA	+2.50,+255.5,+20.6,MB	+6.87,+5.7,+19.9,CB	
1700384785.071147	+6.52,+17.5,+21.5,MA	+6.39,+29.8,+21.4,AA	+6.50,+25.4,+21.6,LA	+6.75,+11.4,+19.9,HA	+2.50,+255.5,+20.6,MB	+6.87,+5.6,+19.8,CB	
1700384847.0802007	+6.52,+17.5,+21.5,MA	+6.39,+29.9,+21.4,@A	+6.50,+25.4,+21.6,LA	+6.75,+11.4,+19.9,HA	+2.50,+255.6,+20.6,NB	+6.87,+5.5,+19.9,AB	
1700384909.0875268	+6.52,+17.5,+21.5,MA	+6.39,+29.8,+21.4,AA	+6.49,+25.5,+21.6,EA	+6.76,+11.3,+19.9,LA	+2.49,+255.7,+20.6,GB	+6.87,+5.6,+19.8,CB	
1700384971.095219	+6.52,+17.5,+21.5,MA	+6.39,+29.9,+21.4,@A	+6.50,+25.5,+21.6,MA	+6.75,+11.4,+19.8,IA	+2.53,+253.7,+20.6,JB	+6.87,+5.6,+19.9,BB	
1700385033.1034472	+6.52,+17.5,+21.5,MA	+6.39,+29.9,+21.4,@A	+6.50,+25.4,+21.6,LA	+6.75,+11.4,+19.9,HA	+2.50,+255.5,+20.6,MB	+6.87,+5.5,+19.8,@B	
1700385095.1130908	+6.52,+17.5,+21.5,MA	+6.39,+29.9,+21.4,@A	+6.49,+25.5,+21.6,EA	+6.75,+11.5,+19.9,IA	+2.50,+255.6,+20.6,NB	+6.87,+5.5,+19.9,AB	
1700385157.1229048	+6.52,+17.5,+21.5,MA	+6.39,+29.9,+21.4,@A	+6.50,+25.5,+21.6,MA	+6.75,+11.7,+19.9,KA	+2.49,+255.9,+20.6,IB	+6.87,+5.5,+19.9,AB	
1700385219.1324234	+6.52,+17.5,+21.5,MA	+6.39,+29.9,+21.4,@A	+6.50,+25.4,+21.6,LA	+6.75,+11.6,+19.9,JA	+2.49,+255.9,+20.7,HB	+6.87,+5.5,+19.9,AB	
1700385281.1412141	+6.52,+17.5,+21.5,MA	+6.39,+29.9,+21.4,@A	+6.50,+25.5,+21.6,MA	+6.75,+11.5,+19.9,IA	+2.49,+256.0,+20.7,BB	+6.87,+5.6,+19.9,BB	
1700385343.1504982	+6.52,+17.5,+21.5,MA	+6.39,+29.9,+21.4,@A	+6.50,+25.4,+21.6,LA	+6.75,+11.6,+19.8,KA	+2.49,+256.1,+20.7,CB	+6.87,+5.5,+19.9,AB	
1700385405.1586394	+6.52,+17.5,+21.5,MA	+6.39,+29.9,+21.4,@A	+6.50,+25.5,+21.6,MA	+6.75,+11.6,+19.9,JA	+2.48,+256.3,+20.7,@B	+6.87,+5.5,+19.8,@B	
1700385467.1669605	+6.52,+17.5,+21.5,MA	+6.39,+29.9,+21.4,@A	+6.49,+25.5,+21.6,EA	+6.75,+11.6,+19.9,JA	+2.48,+256.5,+20.7,FB	+6.87,+5.5,+19.9,AB	
1700385529.176332	+6.52,+17.6,+21.5,NA	+6.39,+29.9,+21.4,@A	+6.49,+25.5,+21.6,EA	+6.75,+11.6,+19.9,JA	+2.48,+256.6,+20.6,DB	+6.87,+5.4,+19.8,AB	
1700385591.1861217	+6.52,+17.5,+21.5,MA	+6.39,+30.0,+21.4,AA	+6.50,+25.5,+21.6,MA	+6.75,+11.6,+19.8,KA	+2.48,+256.5,+20.6,GB	+6.87,+5.5,+19.9,AB	
1700385653.1957521	+6.52,+17.5,+21.5,MA	+6.39,+30.0,+21.4,AA	+6.50,+25.4,+21.5,OA	+6.75,+11.6,+19.9,JA	+2.48,+256.7,+20.7,DB	+6.87,+5.5,+19.9,AB	
1700385715.199408	+6.52,+17.5,+21.5,MA	+6.39,+29.9,+21.4,@A	+6.50,+25.4,+21.5,OA	+6.75,+11.6,+19.9,JA	+2.50,+255.2,+20.7,KB	+6.87,+5.4,+19.9,@B	
1700385777.2053297	+6.52,+17.5,+21.5,MA	+6.39,+30.0,+21.4,AA	+6.50,+25.4,+21.6,LA	+6.75,+11.5,+19.9,IA	+2.52,+254.3,+20.7,IB	+6.87,+5.4,+19.9,@B	
1700385839.2140224	+6.52,+17.5,+21.5,MA	+6.39,+29.9,+21.4,@A	+6.50,+25.5,+21.6,MA	+6.75,+11.6,+19.9,JA	+2.52,+254.3,+20.6,HB	+6.88,+5.4,+19.9,OB	
1700385901.2228599	+6.52,+17.5,+21.5,MA	+6.39,+29.9,+21.4,@A	+6.50,+25.4,+21.6,LA	+6.75,+11.5,+19.9,IA	+2.52,+254.0,+20.7,JB	+6.87,+5.5,+19.9,AB	
1700385963.2326362	+6.52,+17.5,+21.6,NA	+6.39,+29.9,+21.4,@A	+6.50,+25.4,+21.6,LA	+6.75,+11.5,+19.8,HA	+2.53,+253.9,+20.7,EB	+6.88,+5.4,+19.9,OB	
1700386025.2424066	+6.52,+17.5,+21.5,MA	+6.39,+29.9,+21.4,@A	+6.50,+25.4,+21.6,LA	+6.75,+11.4,+19.9,HA	+2.53,+253.8,+20.7,DB	+6.88,+5.4,+19.9,OB	
1700386087.250201	+6.52,+17.5,+21.5,MA	+6.39,+29.9,+21.5,AA	+6.50,+25.4,+21.6,LA	+6.75,+11.4,+19.9,HA	+2.53,+253.8,+20.7,DB	+6.88,+5.4,+19.9,OB	
1700386149.2604196	+6.52,+17.5,+21.5,MA	+6.39,+30.0,+21.4,AA	+6.50,+25.4,+21.6,LA	+6.75,+11.4,+19.9,HA	+2.53,+253.5,+20.7,IB	+6.88,+5.4,+19.9,OB	
1700386211.268879	+6.52,+17.5,+21.5,MA	+6.39,+30.0,+21.4,AA	+6.49,+25.5,+21.6,EA	+6.83,+7.0,+19.9,BB	+2.53,+253.5,+20.7,IB	+6.88,+5.4,+19.9,OB	
1700386273.279485	+6.52,+17.5,+21.5,MA	+6.39,+30.0,+21.4,AA	+6.49,+25.5,+21.6,EA	+6.84,+6.6,+19.9,BB	+2.53,+253.6,+20.7,JB	+6.87,+5.4,+19.9,@B	
1700386335.2893949	+6.52,+17.6,+21.5,NA	+6.39,+29.9,+21.4,@A	+6.50,+25.5,+21.6,MA	+6.84,+6.4,+19.9,@B	+2.53,+253.6,+20.7,JB	+6.87,+5.4,+19.9,@B	
1700386397.298258	+6.52,+17.5,+21.5,MA	+6.39,+30.0,+21.4,AA	+6.50,+25.4,+21.6,LA	+6.84,+6.5,+19.9,AB	+2.53,+253.7,+20.7,KB	+6.88,+5.3,+19.9,HB	
1700386459.3094556	+6.52,+17.5,+21.5,MA	+6.39,+30.0,+21.4,AA	+6.50,+25.4,+21.6,LA	+6.84,+6.5,+19.9,AB	+2.53,+253.8,+20.7,DB	+6.88,+5.4,+19.9,OB	
1700386521.3179674	+6.52,+17.6,+21.5,NA	+6.39,+30.0,+21.5,@A	+6.50,+25.4,+21.6,LA	+6.84,+6.5,+19.8,@B	+2.53,+253.7,+20.7,KB	+6.88,+5.3,+19.9,HB	
1700386766.8887103	+6.52,+17.5,+21.5,MA	+6.39,+30.1,+21.4,@A	+6.50,+25.4,+21.6,LA	+6.84,+6.5,+19.9,AB	+2.53,+253.5,+20.7,IB	+6.88,+5.4,+19.9,OB	
1700386828.895257	+6.52,+17.5,+21.5,MA	+6.39,+30.0,+21.4,AA	+6.49,+25.5,+21.6,EA	+6.84,+6.5,+19.9,AB	+2.53,+253.8,+20.7,DB	+6.88,+5.4,+19.9,OB	
1700386890.9032571	+6.52,+17.5,+21.5,MA	+6.39,+30.0,+21.4,AA	+6.50,+25.5,+21.6,MA	+6.84,+6.5,+19.9,AB	+2.52,+254.0,+20.7,JB	+6.88,+5.3,+19.9,HB	
1700386952.910708	+6.52,+17.5,+21.5,MA	+6.39,+30.0,+21.5,@A	+6.50,+25.4,+21.6,LA	+6.84,+6.5,+19.9,AB	+2.52,+254.0,+20.7,JB	+6.88,+5.3,+19.9,HB	
1700387014.9216766	+6.52,+17.5,+21.5,MA	+6.39,+30.0,+21.4,AA	+6.50,+25.5,+21.6,MA	+6.84,+6.5,+19.9,AB	+2.52,+254.0,+20.7,JB	+6.88,+5.3,+19.9,HB	
1700387076.9322097	+6.52,+17.5,+21.5,MA	+6.39,+30.1,+21.4,@A	+6.50,+25.4,+21.6,LA	+6.84,+6.6,+19.9,BB	+2.55,+252.3,+20.7,HB	+6.88,+5.3,+19.9,HB	
1700387138.9423957	+6.52,+17.5,+21.5,MA	+6.39,+30.0,+21.4,AA	+6.49,+25.5,+21.6,EA	+6.84,+6.5,+19.9,AB	+2.56,+252.0,+20.7,HB	+6.88,+5.3,+19.9,HB	
1700387200.952514	+6.52,+17.5,+21.5,MA	+6.39,+30.0,+21.4,AA	+6.50,+25.4,+21.6,LA	+6.84,+6.5,+19.9,AB	+2.57,+251.6,+20.7,LB	+6.88,+5.3,+19.9,HB	
1700387262.9621594	+6.52,+17.5,+21.5,MA	+6.39,+30.0,+21.5,@A	+6.50,+25.4,+21.6,LA	+6.84,+6.6,+19.9,BB	+2.57,+251.4,+20.6,OB	+6.88,+5.3,+19.9,HB	
1700387324.9727788	+6.52,+17.6,+21.5,NA	+6.39,+30.0,+21.4,AA	+6.50,+25.5,+21.6,MA	+6.84,+6.7,+19.9,CB	+2.57,+251.5,+20.7,OB	+6.88,+5.3,+19.9,HB	
1700387386.9804354	+6.52,+17.5,+21.6,NA	+6.39,+30.1,+21.5,AA	+6.50,+25.4,+21.6,LA	+6.84,+6.7,+19.9,CB	+2.57,+251.4,+20.7,NB	+6.88,+5.2,+19.9,IB	
1700387448.9882138	+6.52,+17.5,+21.5,MA	+6.39,+30.0,+21.5,@A	+6.50,+25.5,+21.6,MA	+6.84,+6.7,+19.9,CB	+2.57,+251.5,+20.7,OB	+6.88,+5.2,+19.9,IB	
1700387511.0015244	+6.52,+17.6,+21.5,NA	+6.39,+30.0,+21.5,@A	+6.50,+25.5,+21.6,MA	+6.84,+6.7,+19.9,CB	+2.57,+251.5,+20.7,OB	+6.88,+5.3,+19.9,HB	
1700387573.0095596	+6.52,+17.5,+21.6,NA	+6.39,+30.0,+21.5,@A	+6.49,+25.5,+21.6,EA	+6.83,+6.8,+19.9,KB	+2.57,+251.6,+20.7,LB	+6.88,+5.2,+19.9,IB	
1700387635.0196226	+6.52,+17.5,+21.5,MA	+6.39,+30.1,+21.5,AA	+6.50,+25.5,+21.6,MA	+6.84,+6.7,+19.9,CB	+2.57,+251.4,+20.7,NB	+6.88,+5.2,+19.9,IB	
1700387697.0262594	+6.52,+17.5,+21.5,MA	+6.39,+30.1,+21.5,AA	+6.50,+25.5,+21.6,MA	+6.84,+6.7,+19.9,CB	+2.57,+251.6,+20.7,LB	+6.88,+5.2,+19.9,IB	
1700387759.0377998	+6.52,+17.5,+21.6,NA	+6.39,+30.0,+21.4,AA	+6.50,+25.4,+21.6,LA	+6.84,+6.6,+19.9,BB	+2.57,+251.6,+20.7,LB	+6.88,+5.2,+19.9,IB	
1700387821.046797	+6.52,+17.6,+21.6,MA	+6.39,+30.0,+21.5,@A	+6.49,+25.6,+21.6,FA	+6.83,+6.8,+19.9,KB	+2.56,+251.7,+20.7,LB	+6.88,+5.2,+19.9,IB	
1700387883.0561645	+6.52,+17.5,+21.6,NA	+6.39,+30.0,+21.4,AA	+6.49,+25.5,+21.6,EA	+6.83,+6.8,+19.9,KB	+2.57,+251.6,+20.7,LB	+6.88,+5.1,+19.9,JB	
1700387945.0649104	+6.52,+17.6,+21.6,MA	+6.39,+30.1,+21.5,AA	+6.49,+25.5,+21.6,EA	+6.83,+7.0,+19.9,BB	+2.57,+251.4,+20.7,NB	+6.88,+5.2,+19.9,IB	
1700388007.0745368	+6.52,+17.5,+21.5,MA	+6.39,+30.1,+21.5,AA	+6.50,+25.5,+21.6,MA	+6.83,+7.1,+19.9,CB	+2.57,+251.5,+20.7,OB	+6.88,+5.1,+19.9,JB	
1700388069.0845034	+6.52,+17.5,+21.5,MA	+6.39,+30.1,+21.5,AA	+6.49,+25.5,+21.6,EA	+6.83,+7.1,+19.9,CB	+2.57,+251.5,+20.7,OB	+6.88,+5.1,+19.9,JB	
1700388131.0934255	+6.52,+17.5,+21.5,MA	+6.39,+30.0,+21.5,@A	+6.50,+25.5,+21.6,MA	+6.83,+7.1,+19.9,CB	+2.57,+251.5,+20.7,OB	+6.88,+5.2,+19.9,IB	
1700388193.1031187	+6.52,+17.5,+21.6,NA	+6.39,+30.0,+21.5,@A	+6.50,+25.5,+21.6,MA	+6.83,+7.3,+19.9,AB	+2.57,+251.6,+20.7,LB	+6.88,+5.1,+19.9,JB	
1700388255.112606	+6.52,+17.6,+21.5,NA	+6.39,+30.1,+21.5,AA	+6.50,+25.5,+21.6,MA	+6.82,+7.5,+19.9,FB	+2.57,+251.6,+20.7,LB	+6.88,+5.1,+19.9,JB	
1700388317.1206763	+6.52,+17.5,+21.5,MA	+6.39,+30.1,+21.5,AA	+6.50,+25.4,+21.6,LA	+6.82,+7.4,+19.9,GB	+2.56,+251.7,+20.7,LB	+6.88,+5.1,+19.9,JB	
1700388379.1288211	+6.52,+17.5,+21.5,MA	+6.39,+30.1,+21.5,AA	+6.49,+25.5,+21.6,EA	+6.82,+7.6,+19.9,EB	+2.57,+251.4,+20.7,NB	+6.88,+5.2,+19.9,IB	
1700388441.137603	+6.52,+17.5,+21.5,MA	+6.39,+30.1,+21.5,AA	+6.49,+25.5,+21.6,EA	+6.82,+7.7,+19.9,DB	+2.57,+251.5,+20.7,OB	+6.88,+5.1,+19.9,JB	
1700388503.1473951	+6.52,+17.5,+21.5,MA	+6.38,+30.1,+21.5,@A	+6.50,+25.4,+21.6,LA	+6.82,+7.8,+19.9,KB	+2.56,+251.7,+20.7,LB	+6.88,+5.2,+19.9,IB	
1700388565.1555648	+6.52,+17.6,+21.6,MA	+6.39,+30.1,+21.5,AA	+6.49,+25.5,+21.6,EA	+6.81,+7.9,+19.9,IB	+2.57,+251.5,+20.7,OB	+6.88,+5.2,+19.9,IB	
1700388627.1651177	+6.52,+17.5,+21.5,MA	+6.39,+30.1,+21.5,AA	+6.50,+25.4,+21.6,LA	+6.81,+8.0,+19.9,OB	+2.57,+251.5,+20.7,OB	+6.88,+5.1,+19.9,JB	
1700388689.175028	+6.52,+17.5,+21.5,MA	+6.39,+30.1,+21.5,AA	+6.50,+25.5,+21.6,MA	+6.81,+8.0,+19.9,OB	+2.57,+251.6,+20.7,LB	+6.88,+5.1,+19.9,JB	
1700388751.1833057	+6.52,+17.5,+21.6,NA	+6.39,+30.1,+21.5,AA	+6.50,+25.5,+21.6,MA	+6.81,+8.1,+19.9,NB	+2.57,+251.6,+20.7,LB	+6.88,+5.2,+19.9,IB	
1700388813.1931298	+6.52,+17.5,+21.5,MA	+6.39,+30.1,+21.5,AA	+6.50,+25.5,+21.6,MA	+6.82,+7.7,+19.9,DB	+2.56,+251.7,+20.7,LB	+6.88,+5.1,+19.9,JB	
1700388875.203586	+6.52,+17.5,+21.6,NA	+6.39,+30.0,+21.5,@A	+6.50,+25.4,+21.6,LA	+6.82,+7.9,+19.9,JB	+2.56,+251.9,+20.7,BB	+6.88,+5.1,+19.9,JB	
1700388937.214282	+6.52,+17.5,+21.6,NA	+6.39,+30.1,+21.5,AA	+6.50,+25.4,+21.6,LA	+6.82,+7.8,+19.9,KB	+2.56,+251.7,+20.7,LB	+6.88,+5.0,+19.9,KB	
1700388999.223868	+6.52,+17.5,+21.5,MA	+6.39,+30.1,+21.5,AA	+6.50,+25.4,+21.6,LA	+6.81,+8.0,+19.9,OB	+2.56,+251.9,+20.7,BB	+6.88,+5.1,+19.9,JB	
1700389061.230378	+6.52,+17.5,+21.6,NA	+6.39,+30.1,+21.5,AA	+6.50,+25.4,+21.6,LA	+6.81,+8.0,+19.9,OB	+2.56,+252.0,+20.7,HB	+6.88,+5.0,+19.9,KB	
1700389123.2408838	+6.52,+17.5,+21.6,NA	+6.39,+30.1,+21.5,AA	+6.50,+25.4,+21.6,LA	+6.81,+8.0,+19.9,OB	+2.56,+251.9,+20.7,BB	+6.88,+5.1,+19.9,JB	
1700389185.249865	+6.52,+17.5,+21.6,NA	+6.38,+30.1,+21.5,@A	+6.50,+25.4,+21.6,LA	+6.81,+8.2,+19.9,MB	+2.56,+251.8,+20.7,CB	+6.88,+5.1,+19.9,JB	
1700389247.2571764	+6.52,+17.5,+21.5,MA	+6.39,+30.1,+21.5,AA	+6.50,+25.4,+21.6,LA	+6.81,+8.2,+19.9,MB	+2.57,+251.6,+20.7,LB	+6.88,+5.0,+19.9,KB	
1700389309.2668931	+6.52,+17.5,+21.6,NA	+6.38,+30.1,+21.5,@A	+6.49,+25.5,+21.6,EA	+6.81,+8.1,+19.9,NB	+2.56,+251.7,+20.7,LB	+6.88,+5.0,+19.9,KB	
1700389371.2774963	+6.52,+17.6,+21.6,MA	+6.39,+30.1,+21.5,AA	+6.50,+25.4,+21.6,LA	+6.81,+8.1,+19.9,NB	+2.57,+251.6,+20.7,LB	+6.88,+4.9,+19.9,CB	
1700389433.2878067	+6.52,+17.6,+21.6,MA	+6.38,+30.1,+21.5,@A	+6.49,+25.5,+21.6,EA	+6.81,+8.3,+19.9,LB	+2.57,+251.7,+20.7,MB	+6.88,+5.0,+19.9,KB	
1700389495.2950459	+6.52,+17.5,+21.6,NA	+6.38,+30.1,+21.5,@A	+6.49,+25.5,+21.6,EA	+6.81,+8.4,+19.9,KB	+2.56,+251.7,+20.7,LB	+6.88,+5.0,+19.9,KB	
1700389557.3050787	+6.52,+17.5,+21.6,NA	+6.39,+30.1,+21.5,AA	+6.50,+25.4,+21.6,LA	+6.81,+8.4,+19.9,KB	+2.57,+251.6,+20.7,LB	+6.88,+4.9,+19.9,CB	
1700389619.312909	+6.52,+17.5,+21.6,NA	+6.38,+30.1,+21.5,@A	+6.50,+25.5,+21.6,MA	+6.81,+8.4,+19.9,KB	+2.57,+251.7,+20.7,MB	+6.88,+4.9,+19.9,CB	
1700389681.3214462	+6.52,+17.5,+21.5,MA	+6.38,+30.2,+21.5,CA	+6.50,+25.4,+21.6,LA	+6.80,+8.5,+19.9,KB	+2.56,+251.8,+20.7,CB	+6.88,+5.0,+19.9,KB	
1700389743.3282495	+6.52,+17.5,+21.6,NA	+6.38,+30.1,+21.5,@A	+6.49,+25.5,+21.6,EA	+6.81,+8.5,+19.9,JB	+2.56,+252.0,+20.7,HB	+6.88,+5.0,+19.9,KB	
1700389805.3367105	+6.52,+17.5,+21.5,MA	+6.38,+30.2,+21.5,CA	+6.50,+25.4,+21.6,LA	+6.81,+8.5,+19.9,JB	+2.56,+251.9,+20.7,BB	+6.88,+5.0,+19.9,KB	
1700389867.349279	+6.52,+17.5,+21.5,MA	+6.39,+30.1,+21.5,AA	+6.49,+25.5,+21.6,EA	+6.80,+8.5,+19.9,KB	+2.56,+252.1,+20.7,IB	+6.88,+5.0,+19.9,KB	
1700389929.357843	+6.52,+17.5,+21.6,NA	+6.38,+30.2,+21.5,CA	+6.50,+25.5,+21.6,MA	+6.80,+8.6,+19.9,HB	+2.56,+252.0,+20.7,HB	+6.88,+5.0,+19.9,KB	
1700389991.368414	+6.52,+17.6,+21.6,MA	+6.38,+30.2,+21.5,CA	+6.50,+25.4,+21.6,LA	+6.80,+8.7,+19.9,IB	+2.56,+252.1,+20.7,IB	+6.88,+5.0,+19.9,KB	
1700390053.376965	+6.52,+17.5,+21.6,NA	+6.39,+30.1,+21.5,AA	+6.50,+25.5,+21.6,MA	+6.80,+8.6,+19.9,HB	+2.55,+252.3,+20.7,HB	+6.88,+5.0,+19.9,KB	
1700390115.3852818	+6.52,+17.5,+21.6,NA	+6.38,+30.1,+21.5,@A	+6.50,+25.5,+21.6,MA	+6.80,+8.7,+19.9,IB	+2.55,+252.5,+20.7,NB	+6.88,+5.0,+19.9,KB	
1700390177.3946543	+6.52,+17.5,+21.6,NA	+6.38,+30.1,+21.5,@A	+6.50,+25.5,+21.6,MA	+6.80,+8.7,+19.9,IB	+2.55,+252.4,+20.7,OB	+6.88,+4.9,+19.9,CB	
1700390239.4040976	+6.52,+17.5,+21.6,NA	+6.38,+30.1,+21.5,@A	+6.50,+25.5,+21.7,LA	+6.80,+8.9,+19.9,GB	+2.55,+252.4,+20.7,OB	+6.88,+5.0,+19.9,KB	
1700390301.413455	+6.52,+17.5,+21.6,NA	+6.38,+30.1,+21.5,@A	+6.50,+25.4,+21.6,LA	+6.80,+8.9,+19.9,GB	+2.55,+252.5,+20.7,NB	+6.88,+5.0,+19.9,KB	
1700390363.4208522	+6.52,+17.6,+21.6,MA	+6.38,+30.1,+21.5,@A	+6.50,+25.4,+21.6,LA	+6.80,+8.9,+19.9,GB	+2.56,+252.3,+20.7,KB	+6.88,+4.9,+19.9,CB	
1700390608.978881	+6.52,+17.5,+21.6,NA	+6.38,+30.2,+21.5,CA	+6.50,+25.4,+21.6,LA	+6.79,+9.2,+19.9,KB	+2.56,+252.0,+20.7,HB	+6.88,+4.9,+19.9,CB	
1700390670.988065	+6.52,+17.5,+21.6,NA	+6.38,+30.1,+21.5,@A	+6.50,+25.4,+21.6,LA	+6.79,+9.1,+19.9,HB	+2.56,+252.1,+20.7,IB	+6.89,+4.8,+19.9,CB	
1700390732.9975078	+6.52,+17.6,+21.6,MA	+6.39,+30.1,+21.5,AA	+6.50,+25.5,+21.6,MA	+6.79,+9.1,+19.9,HB	+2.56,+252.2,+20.7,JB	+6.89,+4.8,+19.9,CB	
1700390795.0068812	+6.52,+17.5,+21.6,NA	+6.38,+30.1,+21.5,@A	+6.50,+25.5,+21.6,MA	+6.79,+9.3,+19.9,JB	+2.55,+252.3,+20.7,HB	+6.88,+4.9,+19.9,CB	
1700390857.015951	+6.52,+17.5,+21.6,NA	+6.38,+30.2,+21.5,CA	+6.49,+25.5,+21.6,EA	+6.79,+9.4,+19.9,MB	+2.55,+252.3,+20.7,HB	+6.88,+4.9,+19.9,CB	
1700390919.0250864	+6.52,+17.5,+21.6,NA	+6.38,+30.2,+21.5,CA	+6.49,+25.5,+21.6,EA	+6.79,+9.5,+19.9,LB	+2.55,+252.3,+20.7,HB	+6.89,+4.8,+19.9,CB	
1700390981.0353522	+6.52,+17.5,+21.6,NA	+6.38,+30.2,+21.5,CA	+6.50,+25.4,+21.6,LA	+6.79,+9.5,+19.9,LB	+2.55,+252.3,+20.7,HB	+6.89,+4.8,+19.9,CB	
1700391043.0455694	+6.52,+17.5,+21.6,NA	+6.38,+30.3,+21.5,BA	+6.50,+25.4,+21.6,LA	+6.78,+9.7,+20.0,LB	+2.55,+252.4,+20.7,OB	+6.89,+4.8,+20.0,@B	
1700391105.0568688	+6.52,+17.5,+21.6,NA	+6.38,+30.2,+21.5,CA	+6.50,+25.4,+21.6,LA	+6.79,+9.6,+19.9,OB	+2.56,+252.2,+20.7,JB	+6.89,+4.8,+20.0,@B	
1700391167.064602	+6.52,+17.5,+21.6,NA	+6.38,+30.2,+21.5,CA	+6.49,+25.5,+21.6,EA	+6.78,+9.6,+19.9,NB	+2.56,+251.9,+20.7,BB	+6.88,+4.9,+19.9,CB	
1700391229.0700006	+6.52,+17.5,+21.6,NA	+6.38,+30.2,+21.5,CA	+6.50,+25.4,+21.6,LA	+6.78,+9.8,+20.0,CB	+2.56,+251.9,+20.7,BB	+6.89,+4.8,+19.9,CB	
1700391291.083207	+6.52,+17.5,+21.6,NA	+6.38,+30.2,+21.5,CA	+6.50,+25.4,+21.6,LA	+6.78,+9.8,+19.9,@B	+2.56,+252.0,+20.7,HB	+6.89,+4.8,+19.9,CB	
1700391353.0923445	+6.52,+17.5,+21.6,NA	+6.38,+30.2,+21.5,CA	+6.49,+25.5,+21.7,DA	+6.78,+9.7,+20.0,LB	+2.56,+252.0,+20.7,HB	+6.89,+4.8,+19.9,CB	
1700391415.101408	+6.52,+17.5,+21.6,NA	+6.38,+30.2,+21.5,CA	+6.50,+25.5,+21.6,MA	+6.79,+9.2,+19.9,KB	+2.56,+252.2,+20.7,JB	+6.88,+4.9,+20.0,@B	
1700391477.1080174	+6.52,+17.6,+21.6,MA	+6.38,+30.2,+21.5,CA	+6.50,+25.5,+21.7,LA	+6.80,+8.8,+19.9,FB	+2.56,+252.2,+20.7,JB	+6.89,+4.8,+19.9,CB	
1700391539.1164584	+6.52,+17.5,+21.6,NA	+6.38,+30.2,+21.5,CA	+6.49,+25.5,+21.6,EA	+6.80,+8.8,+20.0,EB	+2.56,+252.3,+20.7,KB	+6.89,+4.8,+20.0,@B	
1700391601.1262462	+6.52,+17.5,+21.6,NA	+6.38,+30.2,+21.5,CA	+6.50,+25.4,+21.7,MA	+6.80,+8.7,+19.9,IB	+2.56,+252.2,+20.7,JB	+6.89,+4.8,+20.0,@B	
1700391663.1347678	+6.52,+17.5,+21.6,NA	+6.38,+30.2,+21.5,CA	+6.49,+25.5,+21.7,DA	+6.81,+8.2,+19.9,MB	+2.56,+252.2,+20.7,JB	+6.89,+4.7,+19.9,LB	
1700391725.1427593	+6.52,+17.5,+21.6,NA	+6.38,+30.2,+21.5,CA	+6.50,+25.5,+21.6,MA	+6.81,+8.3,+19.9,LB	+2.55,+252.3,+20.7,HB	+6.89,+4.8,+20.0,@B	
1700391787.1511252	+6.52,+17.5,+21.6,NA	+6.38,+30.2,+21.5,CA	+6.50,+25.5,+21.7,LA	+6.81,+8.4,+19.9,KB	+2.55,+252.3,+20.7,HB	+6.89,+4.7,+19.9,LB	
1700391849.1589193	+6.52,+17.6,+21.6,MA	+6.38,+30.2,+21.5,CA	+6.50,+25.5,+21.6,MA	+6.81,+8.0,+20.0,LB	+2.55,+252.4,+20.7,OB	+6.89,+4.7,+20.0,OB	
1700391911.1657393	+6.52,+17.5,+21.6,NA	+6.38,+30.2,+21.5,CA	+6.50,+25.4,+21.6,LA	+6.81,+8.1,+19.9,NB	+2.55,+252.4,+20.7,OB	+6.89,+4.7,+20.0,OB	
1700391973.175229	+6.52,+17.5,+21.6,NA	+6.38,+30.2,+21.5,CA	+6.49,+25.5,+21.7,DA	+6.81,+8.0,+19.9,OB	+2.55,+252.5,+20.7,NB	+6.89,+4.6,+20.0,NB	
1700392035.1850178	+6.52,+17.5,+21.6,NA	+6.38,+30.2,+21.5,CA	+6.50,+25.4,+21.6,LA	+6.81,+8.1,+19.9,NB	+2.55,+252.5,+20.7,NB	+6.89,+4.6,+20.0,NB	
1700392097.1916943	+6.52,+17.5,+21.6,NA	+6.38,+30.2,+21.5,CA	+6.50,+25.4,+21.7,MA	+6.81,+8.0,+19.9,OB	+2.55,+252.4,+20.7,OB	+6.89,+4.7,+20.0,OB	
1700392159.2002978	+6.52,+17.5,+21.6,NA	+6.38,+30.2,+21.5,CA	+6.50,+25.4,+21.6,LA	+6.81,+8.2,+20.0,NB	+2.56,+252.2,+20.7,JB	+6.89,+4.7,+20.0,OB	
1700392221.2080164	+6.52,+17.6,+21.6,MA	+6.38,+30.2,+21.5,CA	+6.50,+25.4,+21.6,LA	+6.81,+8.3,+20.0,OB	+2.56,+252.2,+20.7,JB	+6.89,+4.6,+20.0,NB	
1700392283.2184248	+6.52,+17.5,+21.6,NA	+6.38,+30.2,+21.5,CA	+6.49,+25.5,+21.6,EA	+6.80,+8.5,+20.0,HB	+2.56,+252.0,+20.7,HB	+6.89,+4.7,+20.0,OB	
1700392345.2281525	+6.52,+17.5,+21.6,NA	+6.38,+30.2,+21.5,CA	+6.49,+25.5,+21.6,EA	+6.80,+8.6,+19.9,HB	+2.56,+252.0,+20.8,GB	+6.89,+4.7,+19.9,LB	
1700392407.2351744	+6.52,+17.5,+21.6,NA	+6.38,+30.3,+21.5,BA	+6.49,+25.5,+21.6,EA	+6.80,+8.5,+19.9,KB	+2.56,+252.1,+20.7,IB	+6.89,+4.6,+20.0,NB	
1700392469.2447903	+6.52,+17.6,+21.6,MA	+6.38,+30.2,+21.5,CA	+6.50,+25.5,+21.6,MA	+6.81,+8.3,+20.0,OB	+2.55,+252.3,+20.7,HB	+6.89,+4.7,+20.0,OB	
1700392531.2503257	+6.52,+17.5,+21.6,NA	+6.38,+30.3,+21.5,BA	+6.50,+25.5,+21.6,MA	+6.81,+8.4,+20.0,HB	+2.55,+252.3,+20.8,GB	+6.89,+4.6,+20.0,NB	
1700392593.259981	+6.52,+17.5,+21.6,NA	+6.38,+30.2,+21.5,CA	+6.50,+25.5,+21.7,LA	+6.81,+8.2,+19.9,MB	+2.55,+252.4,+20.8,@B	+6.89,+4.7,+20.0,OB	
1700392655.2687347	+6.52,+17.5,+21.6,NA	+6.38,+30.3,+21.5,BA	+6.49,+25.5,+21.6,EA	+6.81,+8.2,+20.0,NB	+2.55,+252.6,+20.7,MB	+6.89,+4.7,+19.9,LB	
1700392717.2778473	+6.52,+17.5,+21.6,NA	+6.38,+30.3,+21.5,BA	+6.50,+25.4,+21.7,MA	+6.81,+8.3,+19.9,LB	+2.55,+252.6,+20.7,MB	+6.89,+4.7,+20.0,OB	
1700392779.2868261	+6.52,+17.5,+21.6,NA	+6.38,+30.2,+21.5,CA	+6.49,+25.5,+21.7,DA	+6.80,+8.5,+20.0,HB	+2.55,+252.7,+20.8,CB	+6.89,+4.6,+20.0,NB	
1700392841.293751	+6.52,+17.5,+21.6,NA	+6.38,+30.2,+21.5,CA	+6.49,+25.5,+21.7,DA	+6.80,+8.5,+20.0,HB	+2.55,+252.7,+20.8,CB	+6.89,+4.6,+20.0,NB	
1700392903.303177	+6.52,+17.5,+21.6,NA	+6.38,+30.3,+21.5,BA	+6.50,+25.5,+21.7,LA	+6.80,+8.5,+20.0,HB	+2.55,+252.4,+20.7,OB	+6.89,+4.6,+20.0,NB	
1700392965.3135726	+6.52,+17.6,+21.6,MA	+6.38,+30.2,+21.5,CA	+6.50,+25.5,+21.7,LA	+6.81,+8.4,+20.0,HB	+2.55,+252.6,+20.8,BB	+6.89,+4.6,+20.0,NB	
1700393027.3220646	+6.52,+17.5,+21.6,NA	+6.38,+30.2,+21.5,CA	+6.50,+25.5,+21.7,LA	+6.81,+8.3,+20.0,OB	+2.55,+252.7,+20.8,CB	+6.89,+4.5,+20.0,MB	
1700393089.3304937	+6.52,+17.5,+21.6,NA	+6.38,+30.2,+21.5,CA	+6.50,+25.4,+21.7,MA	+6.81,+8.3,+20.0,OB	+2.55,+252.7,+20.7,LB	+6.89,+4.6,+20.0,NB	
1700393151.3381665	+6.52,+17.5,+21.6,NA	+6.38,+30.2,+21.5,CA	+6.50,+25.4,+21.7,MA	+6.81,+8.3,+20.0,OB	+2.55,+252.7,+20.7,LB	+6.89,+4.5,+20.0,MB	
1700393213.3482945	+6.52,+17.5,+21.6,NA	+6.38,+30.3,+21.5,BA	+6.49,+25.5,+21.7,DA	+6.81,+8.4,+20.0,HB	+2.55,+252.6,+20.8,BB	+6.89,+4.6,+20.0,NB	
1700393275.3574896	+6.52,+17.5,+21.6,NA	+6.38,+30.3,+21.5,BA	+6.50,+25.5,+21.7,LA	+6.80,+8.5,+20.0,HB	+2.55,+252.8,+20.8,LB	+6.89,+4.6,+20.0,NB	
1700393337.3666418	+6.52,+17.5,+21.6,NA	+6.38,+30.3,+21.5,BA	+6.49,+25.5,+21.7,DA	+6.80,+8.7,+20.0,JB	+2.54,+252.9,+20.8,LB	+6.89,+4.5,+20.0,MB	
1700393399.37608	+6.52,+17.6,+21.6,MA	+6.38,+30.3,+21.5,BA	+6.49,+25.5,+21.7,DA	+6.80,+8.8,+20.0,EB	+2.54,+253.2,+20.8,FB	+6.89,+4.6,+20.0,NB	
1700393461.3866427	+6.52,+17.5,+21.6,NA	+6.38,+30.3,+21.5,BA	+6.50,+25.4,+21.6,LA	+6.80,+8.9,+20.0,DB	+2.54,+253.4,+20.8,@B	+6.89,+4.5,+20.0,MB	
1700393523.396152	+6.52,+17.5,+21.6,NA	+6.38,+30.3,+21.5,BA	+6.49,+25.5,+21.6,EA	+6.79,+9.1,+20.0,KB	+2.54,+253.4,+20.8,@B	+6.89,+4.5,+20.0,MB	
1700393585.404763	+6.52,+17.5,+21.6,NA	+6.38,+30.2,+21.5,CA	+6.50,+25.5,+21.7,LA	+6.79,+9.2,+20.0,HB	+2.53,+253.5,+20.7,IB	+6.89,+4.5,+20.0,MB	
1700393647.413575	+6.52,+17.5,+21.6,NA	+6.38,+30.2,+21.5,CA	+6.50,+25.5,+21.6,MA	+6.79,+9.3,+20.0,IB	+2.54,+253.3,+20.8,GB	+6.89,+4.5,+20.0,MB	
1700393709.4232156	+6.52,+17.5,+21.6,NA	+6.38,+30.4,+21.5,EA	+6.49,+25.5,+21.7,DA	+6.79,+9.4,+20.0,NB	+2.54,+253.1,+20.8,EB	+6.89,+4.4,+20.0,LB	
1700393771.4304578	+6.52,+17.6,+21.6,MA	+6.38,+30.3,+21.5,BA	+6.50,+25.4,+21.7,MA	+6.79,+9.4,+20.0,NB	+2.54,+253.3,+20.8,GB	+6.89,+4.4,+20.0,LB	
1700393833.43925	+6.52,+17.6,+21.6,MA	+6.38,+30.4,+21.5,EA	+6.50,+25.5,+21.7,LA	+6.79,+9.6,+20.0,LB	+2.53,+253.5,+20.8,FB	+6.89,+4.5,+20.0,MB	
1700393895.4482245	+6.52,+17.5,+21.6,NA	+6.38,+30.3,+21.5,BA	+6.49,+25.5,+21.7,DA	+6.78,+9.7,+20.0,LB	+2.53,+253.6,+20.8,EB	+6.89,+4.5,+20.0,MB	
1700393957.4568048	+6.52,+17.5,+21.6,NA	+6.40,+29.4,+21.5,BA	+6.50,+25.4,+21.7,MA	+6.78,+9.7,+20.0,LB	+2.53,+253.7,+20.8,DB	+6.89,+4.5,+20.0,MB	
1700394019.4664557	+6.52,+17.5,+21.6,NA	+6.38,+30.1,+21.5,@A	+6.50,+25.5,+21.7,LA	+6.78,+9.9,+20.0,BB	+2.53,+253.7,+20.8,DB	+6.89,+4.4,+20.0,LB	
1700394081.4766908	+6.52,+17.5,+21.6,NA	+6.38,+30.2,+21.5,CA	+6.50,+25.4,+21.7,MA	+6.78,+9.8,+20.0,CB	+2.53,+253.8,+20.8,KB	+6.89,+4.5,+20.0,MB	
1700394143.486797	+6.52,+17.6,+21.7,LA	+6.38,+30.3,+21.5,BA	+6.50,+25.4,+21.7,MA	+6.78,+9.9,+20.0,BB	+2.53,+253.9,+20.8,JB	+6.89,+4.4,+20.0,LB	
1700394205.4961672	+6.52,+17.5,+21.6,NA	+6.41,+28.8,+21.6,MA	+6.49,+25.5,+21.7,DA	+6.78,+9.9,+20.0,BB	+2.53,+253.9,+20.8,JB	+6.89,+4.5,+20.0,MB	
1700394451.1004791	+6.52,+17.5,+21.7,OA	+6.38,+30.2,+21.6,@A	+6.50,+25.5,+21.7,LA	+6.78,+10.2,+20.0,AA	+2.54,+253.2,+20.8,FB	+6.89,+4.4,+20.0,LB	
1700394513.1108668	+6.52,+17.5,+21.7,OA	+6.38,+30.2,+21.6,@A	+6.50,+25.4,+21.7,MA	+6.78,+10.2,+20.0,AA	+2.54,+253.0,+20.8,DB	+6.89,+4.4,+20.0,LB	
1700394575.1193802	+6.52,+17.5,+21.7,OA	+6.38,+30.3,+21.6,AA	+6.50,+25.5,+21.7,LA	+6.77,+10.3,+20.0,OA	+2.53,+253.5,+20.8,FB	+6.89,+4.4,+20.0,LB	
1700394637.1303446	+6.52,+17.5,+21.6,NA	+6.38,+30.3,+21.5,BA	+6.50,+25.5,+21.7,LA	+6.77,+10.3,+20.0,OA	+2.53,+253.6,+20.8,EB	+6.89,+4.3,+20.0,KB	
1700394699.1403549	+6.52,+17.5,+21.6,NA	+6.38,+30.3,+21.6,AA	+6.49,+25.5,+21.7,DA	+6.77,+10.5,+20.0,IA	+2.53,+253.7,+20.8,DB	+6.90,+4.3,+20.0,CB	
1700394761.1505003	+6.52,+17.5,+21.6,NA	+6.38,+30.3,+21.5,BA	+6.50,+25.4,+21.7,MA	+6.77,+10.5,+20.0,IA	+2.53,+253.9,+20.8,JB	+6.89,+4.3,+20.0,KB	
1700394823.16119	+6.52,+17.6,+21.6,MA	+6.38,+30.3,+21.5,BA	+6.49,+25.5,+21.7,DA	+6.77,+10.5,+20.0,IA	+2.52,+254.2,+20.8,GB	+6.89,+4.4,+20.0,LB	
1700394885.1715665	+6.52,+17.5,+21.6,NA	+6.38,+30.3,+21.5,BA	+6.50,+25.5,+21.7,LA	+6.77,+10.6,+20.0,JA	+2.52,+254.4,+20.8,AB	+6.89,+4.4,+20.0,LB	
1700394947.178693	+6.52,+17.5,+21.6,NA	+6.38,+30.4,+21.6,FA	+6.49,+25.5,+21.7,DA	+6.77,+10.7,+20.0,KA	+2.52,+254.4,+20.8,AB	+6.89,+4.4,+20.0,LB	
1700395009.185406	+6.52,+17.5,+21.6,NA	+6.38,+30.4,+21.6,FA	+6.50,+25.4,+21.7,MA	+6.77,+10.7,+20.0,KA	+2.52,+254.4,+20.8,AB	+6.89,+4.3,+20.0,KB	
1700395071.1947875	+6.52,+17.5,+21.6,NA	+6.38,+30.4,+21.6,FA	+6.49,+25.5,+21.7,DA	+6.78,+10.0,+20.0,CA	+2.52,+254.5,+20.8,@B	+6.89,+4.4,+20.0,LB	
1700395133.2036955	+6.52,+17.5,+21.7,OA	+6.38,+30.4,+21.5,EA	+6.50,+25.5,+21.7,LA	+6.78,+10.1,+20.0,BA	+2.51,+254.6,+20.8,@B	+6.89,+4.3,+20.0,KB	
1700395195.2147963	+6.52,+17.5,+21.6,NA	+6.38,+30.4,+21.6,FA	+6.50,+25.5,+21.7,LA	+6.78,+10.0,+20.0,CA	+2.51,+254.7,+20.8,AB	+6.89,+4.4,+20.0,LB	
1700395257.2242296	+6.52,+17.5,+21.6,NA	+6.38,+30.4,+21.6,FA	+6.50,+25.4,+21.7,MA	+6.78,+10.1,+20.0,BA	+2.51,+254.9,+20.8,OB	+6.89,+4.3,+20.0,KB	
1700395319.233472	+6.52,+17.5,+21.6,NA	+6.38,+30.4,+21.6,FA	+6.50,+25.5,+21.7,LA	+6.78,+10.1,+20.0,BA	+2.51,+255.0,+20.8,GB	+6.89,+4.3,+20.0,KB	
1700395381.2431724	+6.52,+17.5,+21.7,OA	+6.38,+30.4,+21.6,FA	+6.50,+25.5,+21.7,LA	+6.78,+10.0,+20.0,CA	+2.50,+255.3,+20.8,EB	+6.90,+4.3,+20.0,CB	
1700395443.2511141	+6.52,+17.5,+21.7,OA	+6.38,+30.4,+21.6,FA	+6.50,+25.5,+21.7,LA	+6.78,+10.1,+20.0,BA	+2.50,+255.3,+20.8,EB	+6.90,+4.3,+20.0,CB	
1700395505.2602472	+6.52,+17.6,+21.6,MA	+6.38,+30.4,+21.6,FA	+6.50,+25.4,+21.7,MA	+6.77,+10.2,+20.0,NA	+2.50,+255.3,+20.8,EB	+6.90,+4.2,+20.0,BB	
1700395567.2694407	+6.52,+17.6,+21.6,MA	+6.38,+30.4,+21.6,FA	+6.50,+25.5,+21.7,LA	+6.77,+10.2,+20.0,NA	+2.50,+255.3,+20.8,EB	+6.89,+4.3,+20.0,KB	
1700395629.2795925	+6.52,+17.5,+21.7,OA	+6.38,+30.4,+21.6,FA	+6.50,+25.4,+21.7,MA	+6.77,+10.3,+20.0,OA	+2.50,+255.6,+20.8,@B	+6.90,+4.3,+20.0,CB	
1700395691.288707	+6.52,+17.6,+21.7,LA	+6.38,+30.4,+21.6,FA	+6.49,+25.5,+21.7,DA	+6.77,+10.4,+20.0,HA	+2.49,+255.8,+20.8,FB	+6.90,+4.2,+20.0,BB	
1700395753.2961023	+6.52,+17.6,+21.7,LA	+6.38,+30.5,+21.6,GA	+6.49,+25.5,+21.7,DA	+6.77,+10.3,+20.0,OA	+2.51,+255.1,+20.8,FB	+6.90,+4.3,+20.0,CB	
1700395815.3041754	+6.52,+17.5,+21.7,OA	+6.38,+30.4,+21.6,FA	+6.50,+25.5,+21.7,LA	+6.77,+10.3,+20.0,OA	+2.51,+255.0,+20.8,GB	+6.90,+4.1,+20.0,AB	
1700395877.3143811	+6.52,+17.6,+21.7,LA	+6.38,+30.4,+21.6,FA	+6.50,+25.5,+21.7,LA	+6.77,+10.3,+20.0,OA	+2.51,+255.0,+20.8,GB	+6.90,+4.2,+20.0,BB	
1700395939.3243704	+6.52,+17.5,+21.7,OA	+6.38,+30.4,+21.6,FA	+6.50,+25.5,+21.7,LA	+6.77,+10.4,+20.0,HA	+2.51,+255.1,+20.8,FB	+6.90,+4.1,+20.0,AB	
1700396001.3331656	+6.52,+17.5,+21.6,NA	+6.38,+30.4,+21.6,FA	+6.50,+25.5,+21.7,LA	+6.77,+10.4,+20.0,HA	+2.51,+255.2,+20.8,EB	+6.90,+4.1,+20.0,AB	
1700396063.3432248	+6.52,+17.6,+21.7,LA	+6.38,+30.4,+21.6,FA	+6.50,+25.4,+21.7,MA	+6.77,+10.5,+20.0,IA	+2.52,+254.5,+20.8,@B	+6.90,+4.1,+20.0,AB	
1700396125.3527198	+6.52,+17.6,+21.6,MA	+6.38,+30.5,+21.6,GA	+6.50,+25.5,+21.7,LA	+6.77,+10.5,+20.0,IA	+2.50,+255.3,+20.8,EB	+6.90,+4.1,+20.0,AB	
1700396187.362002	+6.52,+17.5,+21.6,NA	+6.38,+30.4,+21.6,FA	+6.49,+25.5,+21.7,DA	+6.77,+10.6,+20.0,JA	+2.50,+255.4,+20.8,BB	+6.90,+4.2,+20.0,BB	
1700396249.3731322	+6.52,+17.5,+21.7,OA	+6.38,+30.5,+21.6,GA	+6.49,+25.5,+21.7,DA	+6.77,+10.6,+20.0,JA	+2.50,+255.4,+20.8,BB	+6.90,+4.1,+20.0,AB	
1700396311.3839805	+6.52,+17.5,+21.7,OA	+6.38,+30.4,+21.6,FA	+6.50,+25.5,+21.7,LA	+6.78,+10.0,+20.0,CA	+2.50,+255.4,+20.8,BB	+6.90,+4.1,+20.0,AB	
1700396373.395061	+6.52,+17.6,+21.6,MA	+6.38,+30.5,+21.6,GA	+6.50,+25.4,+21.7,MA	+6.78,+9.7,+20.0,LB	+2.50,+255.5,+20.8,CB	+6.90,+4.2,+20.0,BB	
1700396435.4043434	+6.52,+17.5,+21.7,OA	+6.38,+30.4,+21.6,FA	+6.50,+25.5,+21.7,LA	+6.78,+10.0,+20.0,CA	+2.51,+255.0,+20.8,GB	+6.90,+4.1,+20.0,AB	
1700396497.414486	+6.52,+17.5,+21.6,NA	+6.38,+30.5,+21.6,GA	+6.50,+25.5,+21.7,LA	+6.78,+10.1,+20.0,BA	+2.50,+255.3,+20.8,EB	+6.90,+4.1,+20.0,AB	
1700396559.4224753	+6.52,+17.5,+21.7,OA	+6.38,+30.4,+21.6,FA	+6.49,+25.5,+21.7,DA	+6.78,+10.2,+20.0,AA	+2.50,+255.3,+20.8,EB	+6.90,+4.1,+20.0,AB	
1700396621.4330442	+6.52,+17.5,+21.7,OA	+6.38,+30.5,+21.6,GA	+6.50,+25.5,+21.7,LA	+6.77,+10.3,+20.0,OA	+2.50,+255.2,+20.8,DB	+6.90,+4.1,+20.0,AB	
1700396683.4419818	+6.52,+17.5,+21.7,OA	+6.38,+30.5,+21.6,GA	+6.49,+25.6,+21.7,GA	+6.77,+10.4,+20.0,HA	+2.50,+255.4,+20.8,BB	+6.90,+4.1,+20.0,AB	
1700396745.4490936	+6.52,+17.5,+21.7,OA	+6.38,+30.5,+21.6,GA	+6.49,+25.5,+21.7,DA	+6.77,+10.6,+20.0,JA	+2.50,+255.2,+20.8,DB	+6.90,+4.1,+20.0,AB	
1700396807.4572208	+6.52,+17.6,+21.7,LA	+6.38,+30.4,+21.6,FA	+6.49,+25.5,+21.7,DA	+6.77,+10.5,+20.0,IA	+2.50,+255.3,+20.8,EB	+6.90,+4.1,+20.0,AB	
1700396869.467287	+6.52,+17.6,+21.7,LA	+6.38,+30.5,+21.6,GA	+6.49,+25.5,+21.7,DA	+6.77,+10.5,+20.0,IA	+2.50,+255.2,+20.8,DB	+6.90,+4.1,+20.0,AB	
1700396931.4756725	+6.52,+17.5,+21.7,OA	+6.38,+30.5,+21.6,GA	+6.49,+25.5,+21.7,DA	+6.77,+10.6,+20.0,JA	+2.50,+255.3,+20.8,EB	+6.90,+4.0,+20.0,@B	
1700396993.4810498	+6.52,+17.5,+21.7,OA	+6.38,+30.5,+21.6,GA	+6.49,+25.5,+21.7,DA	+6.77,+10.7,+20.0,KA	+2.50,+255.2,+20.8,DB	+6.90,+4.0,+20.1,AB	
1700397055.488263	+6.52,+17.5,+21.7,OA	+6.38,+30.5,+21.6,GA	+6.49,+25.5,+21.7,DA	+6.76,+10.8,+20.0,EA	+2.51,+255.1,+20.8,FB	+6.90,+4.0,+20.0,@B	
1700397117.4950635	+6.52,+17.5,+21.7,OA	+6.38,+30.5,+21.6,GA	+6.49,+25.5,+21.7,DA	+6.76,+10.8,+20.0,EA	+2.51,+254.9,+20.8,OB	+6.90,+4.0,+20.0,@B	
1700397179.503703	+6.52,+17.6,+21.7,LA	+6.38,+30.5,+21.6,GA	+6.50,+25.5,+21.7,LA	+6.78,+10.0,+20.0,CA	+2.51,+254.9,+20.8,OB	+6.90,+4.0,+20.0,@B	
1700397241.513497	+6.52,+17.5,+21.7,OA	+6.38,+30.5,+21.6,GA	+6.50,+25.5,+21.7,LA	+6.78,+9.8,+20.0,CB	+2.51,+254.9,+20.8,OB	+6.90,+3.9,+20.0,NB	
1700397303.5228496	+6.52,+17.5,+21.7,OA	+6.38,+30.5,+21.6,GA	+6.49,+25.5,+21.7,DA	+6.78,+9.7,+20.0,LB	+2.51,+255.0,+20.8,GB	+6.90,+4.0,+20.0,@B	
1700397365.5315092	+6.52,+17.6,+21.7,LA	+6.38,+30.5,+21.6,GA	+6.50,+25.5,+21.7,LA	+6.78,+9.7,+20.0,LB	+2.51,+254.9,+20.8,OB	+6.90,+3.9,+20.0,NB	
1700397427.5407255	+6.52,+17.5,+21.7,OA	+6.38,+30.5,+21.6,GA	+6.50,+25.5,+21.8,CA	+6.78,+9.7,+20.0,LB	+2.51,+255.1,+20.8,FB	+6.90,+3.9,+20.0,NB	
1700397489.5498214	+6.52,+17.5,+21.7,OA	+6.38,+30.5,+21.6,GA	+6.49,+25.5,+21.7,DA	+6.79,+9.6,+20.0,LB	+2.51,+255.1,+20.8,FB	+6.90,+4.0,+20.0,@B	
1700397551.5564933	+6.52,+17.6,+21.7,LA	+6.38,+30.5,+21.6,GA	+6.49,+25.5,+21.7,DA	+6.79,+9.6,+20.0,LB	+2.50,+255.5,+20.8,CB	+6.90,+3.9,+20.0,NB	
1700397613.5660548	+6.52,+17.6,+21.7,LA	+6.38,+30.5,+21.6,GA	+6.50,+25.5,+21.7,LA	+6.78,+9.6,+20.0,MB	+2.50,+255.8,+20.8,NB	+6.90,+3.9,+20.1,OB	
1700397675.5730004	+6.52,+17.5,+21.7,OA	+6.38,+30.4,+21.6,FA	+6.49,+25.5,+21.7,DA	+6.78,+9.7,+20.0,LB	+2.50,+255.8,+20.8,NB	+6.90,+3.9,+20.0,NB	
1700397737.5818322	+6.52,+17.6,+21.7,LA	+6.38,+30.5,+21.6,GA	+6.50,+25.5,+21.7,LA	+6.78,+9.8,+20.0,CB	+2.49,+255.9,+20.8,GB	+6.90,+3.9,+20.0,NB	
1700397799.5913436	+6.52,+17.5,+21.7,OA	+6.38,+30.5,+21.6,GA	+6.50,+25.4,+21.7,MA	+6.78,+9.9,+20.1,CB	+2.49,+256.0,+20.8,MB	+6.90,+4.0,+20.0,@B	
1700397861.5990646	+6.52,+17.5,+21.7,OA	+6.38,+30.5,+21.6,GA	+6.49,+25.5,+21.7,DA	+6.78,+10.0,+20.1,BA	+2.49,+255.9,+20.8,GB	+6.90,+3.9,+20.0,NB	
1700397923.6085355	+6.52,+17.5,+21.7,OA	+6.38,+30.5,+21.6,GA	+6.49,+25.5,+21.7,DA	+6.78,+10.1,+20.0,BA	+2.49,+255.9,+20.8,GB	+6.90,+3.9,+20.0,NB	
1700397985.6167405	+6.52,+17.5,+21.7,OA	+6.38,+30.5,+21.6,GA	+6.49,+25.6,+21.8,HA	+6.77,+10.2,+20.0,NA	+2.49,+255.9,+20.8,GB	+6.90,+3.9,+20.0,NB	
1700398047.6263983	+6.52,+17.5,+21.7,OA	+6.38,+30.5,+21.6,GA	+6.50,+25.4,+21.7,MA	+6.78,+10.1,+20.0,BA	+2.50,+255.7,+20.8,AB	+6.90,+3.9,+20.0,NB	
1700398293.2121055	+6.52,+17.5,+21.7,OA	+6.38,+30.5,+21.6,GA	+6.49,+25.5,+21.8,KA	+6.77,+10.3,+20.1,NA	+2.50,+255.4,+20.9,CB	+6.90,+3.9,+20.1,OB	
1700398355.2190816	+6.52,+17.5,+21.7,OA	+6.38,+30.5,+21.6,GA	+6.49,+25.5,+21.7,DA	+6.77,+10.5,+20.1,HA	+2.50,+255.6,+20.9,AB	+6.90,+3.8,+20.1,NB	
1700398417.2287042	+6.52,+17.5,+21.7,OA	+6.38,+30.5,+21.6,GA	+6.49,+25.5,+21.8,KA	+6.77,+10.4,+20.1,IA	+2.50,+255.7,+20.8,AB	+6.90,+3.8,+20.1,NB	
1700398479.2367468	+6.52,+17.5,+21.7,OA	+6.38,+30.5,+21.6,GA	+6.49,+25.5,+21.8,KA	+6.77,+10.5,+20.1,HA	+2.50,+255.5,+20.8,CB	+6.90,+4.2,+20.1,CB	
1700398541.244601	+6.52,+17.5,+21.7,OA	+6.38,+30.5,+21.6,GA	+6.50,+25.5,+21.8,CA	+6.77,+10.5,+20.0,IA	+2.50,+255.4,+20.8,BB	+6.90,+3.9,+20.1,OB	
1700398603.254267	+6.52,+17.5,+21.7,OA	+6.38,+30.5,+21.6,GA	+6.49,+25.5,+21.8,KA	+6.77,+10.5,+20.1,HA	+2.50,+255.6,+20.8,@B	+6.90,+3.9,+20.1,OB	
1700398665.2612221	+6.52,+17.5,+21.7,OA	+6.38,+30.5,+21.6,GA	+6.50,+25.5,+21.7,LA	+6.77,+10.5,+20.1,HA	+2.51,+255.2,+20.9,DB	+6.90,+3.8,+20.0,OB	
1700398727.2691407	+6.52,+17.5,+21.7,OA	+6.38,+30.5,+21.6,GA	+6.50,+25.5,+21.7,LA	+6.77,+10.6,+20.1,KA	+2.51,+255.2,+20.8,EB	+6.90,+3.8,+20.1,NB	
1700398789.277858	+6.52,+17.6,+21.7,LA	+6.38,+30.6,+21.6,DA	+6.50,+25.4,+21.8,BA	+6.77,+10.5,+20.0,IA	+2.50,+255.3,+20.9,DB	+6.90,+3.8,+20.1,NB	
1700398851.288799	+6.52,+17.5,+21.7,OA	+6.38,+30.5,+21.6,GA	+6.50,+25.4,+21.7,MA	+6.77,+10.4,+20.1,IA	+2.51,+255.0,+20.8,GB	+6.90,+3.8,+20.1,NB	
1700398913.2965555	+6.52,+17.6,+21.7,LA	+6.38,+30.5,+21.6,GA	+6.50,+25.4,+21.7,MA	+6.77,+10.6,+20.1,KA	+2.51,+254.9,+20.8,OB	+6.90,+3.8,+20.1,NB	
1700398975.3049242	+6.52,+17.5,+21.7,OA	+6.38,+30.5,+21.6,GA	+6.50,+25.4,+21.8,BA	+6.77,+10.6,+20.1,KA	+2.51,+254.7,+20.8,AB	+6.90,+3.7,+20.1,AB	
1700399037.3138552	+6.52,+17.5,+21.7,OA	+6.38,+30.5,+21.6,GA	+6.49,+25.5,+21.8,KA	+6.77,+10.6,+20.1,KA	+2.52,+254.7,+20.9,CB	+6.90,+3.8,+20.1,NB	
1700399099.325319	+6.52,+17.5,+21.7,OA	+6.38,+30.5,+21.6,GA	+6.50,+25.4,+21.8,BA	+6.77,+10.6,+20.1,KA	+2.53,+253.8,+20.8,KB	+6.90,+3.8,+20.1,NB	
1700399161.3353317	+6.52,+17.5,+21.7,OA	+6.38,+30.5,+21.6,GA	+6.50,+25.5,+21.8,CA	+6.77,+10.6,+20.1,KA	+2.52,+254.6,+20.8,CB	+6.90,+3.8,+20.1,NB	
1700399223.3458996	+6.52,+17.5,+21.7,OA	+6.38,+30.5,+21.6,GA	+6.49,+25.5,+21.8,KA	+6.77,+10.6,+20.1,KA	+2.52,+254.6,+20.8,CB	+6.90,+3.8,+20.1,NB	
1700399285.3549201	+6.52,+17.5,+21.7,OA	+6.38,+30.6,+21.6,DA	+6.49,+25.5,+21.7,DA	+6.77,+10.7,+20.1,JA	+2.51,+254.7,+20.8,AB	+6.90,+3.7,+20.0,@B	
1700399347.3641632	+6.52,+17.6,+21.7,LA	+6.38,+30.5,+21.7,FA	+6.49,+25.5,+21.7,DA	+6.77,+10.8,+20.1,EA	+2.52,+254.7,+20.9,CB	+6.91,+3.7,+20.1,@B	
1700399409.3723402	+6.52,+17.5,+21.7,OA	+6.38,+30.6,+21.6,DA	+6.50,+25.5,+21.8,CA	+6.77,+10.5,+20.1,HA	+2.51,+254.7,+20.9,@B	+6.90,+3.7,+20.1,AB	
1700399471.3824568	+6.52,+17.5,+21.7,OA	+6.38,+30.5,+21.6,GA	+6.50,+25.5,+21.8,CA	+6.77,+10.5,+20.1,HA	+2.52,+254.6,+20.8,CB	+6.90,+3.7,+20.1,AB	
1700399533.3921177	+6.52,+17.5,+21.7,OA	+6.38,+30.5,+21.6,GA	+6.50,+25.5,+21.8,CA	+6.77,+10.5,+20.1,HA	+2.52,+254.5,+20.9,AB	+6.91,+3.7,+20.1,@B	
1700399595.4012866	+6.52,+17.5,+21.7,OA	+6.38,+30.5,+21.6,GA	+6.50,+25.5,+21.8,CA	+6.77,+10.5,+20.1,HA	+2.52,+254.5,+20.8,@B	+6.90,+3.7,+20.1,AB	
1700399657.4115975	+6.52,+17.6,+21.7,LA	+6.38,+30.5,+21.7,FA	+6.49,+25.5,+21.8,KA	+6.77,+10.5,+20.1,HA	+2.52,+254.6,+20.8,CB	+6.90,+3.8,+20.1,NB	
1700399719.4209251	+6.52,+17.6,+21.7,LA	+6.38,+30.5,+21.6,GA	+6.50,+25.5,+21.8,CA	+6.77,+10.5,+20.1,HA	+2.52,+254.6,+20.8,CB	+6.91,+3.7,+20.1,@B	
1700399781.4313338	+6.52,+17.6,+21.7,LA	+6.38,+30.6,+21.7,EA	+6.49,+25.5,+21.8,KA	+6.77,+10.7,+20.1,JA	+2.52,+254.5,+20.9,AB	+6.91,+3.7,+20.1,@B	
1700399843.4429176	+6.52,+17.6,+21.7,LA	+6.38,+30.5,+21.7,FA	+6.50,+25.5,+21.8,CA	+6.77,+10.6,+20.1,KA	+2.51,+254.7,+20.9,@B	+6.91,+3.7,+20.1,@B	
1700399905.452941	+6.52,+17.6,+21.7,LA	+6.38,+30.5,+21.6,GA	+6.50,+25.5,+21.8,CA	+6.77,+10.7,+20.1,JA	+2.52,+254.4,+20.9,@B	+6.91,+3.7,+20.1,@B	
1700399967.4609644	+6.52,+17.5,+21.7,OA	+6.38,+30.5,+21.6,GA	+6.50,+25.5,+21.8,CA	+6.77,+10.7,+20.1,JA	+2.52,+254.5,+20.8,@B	+6.91,+3.7,+20.1,@B	
1700400029.4711626	+6.52,+17.6,+21.7,LA	+6.38,+30.5,+21.7,FA	+6.50,+25.4,+21.8,BA	+6.76,+10.8,+20.1,DA	+2.52,+254.6,+20.8,CB	+6.91,+3.6,+20.1,AB	
1700400091.480506	+6.52,+17.6,+21.7,LA	+6.38,+30.6,+21.6,DA	+6.49,+25.5,+21.8,KA	+6.77,+10.7,+20.1,JA	+2.53,+253.6,+20.9,DB	+6.91,+3.6,+20.1,AB	
1700400153.4903705	+6.52,+17.6,+21.7,LA	+6.38,+30.6,+21.6,DA	+6.50,+25.5,+21.8,CA	+6.77,+10.7,+20.1,JA	+2.54,+253.4,+20.9,AB	+6.91,+3.6,+20.1,AB	
1700400215.4987738	+6.52,+17.5,+21.7,OA	+6.38,+30.5,+21.6,GA	+6.49,+25.5,+21.8,KA	+6.76,+10.8,+20.1,DA	+2.54,+253.2,+20.9,GB	+6.91,+3.6,+20.1,AB	
1700400277.5072222	+6.52,+17.5,+21.7,OA	+6.38,+30.5,+21.6,GA	+6.50,+25.5,+21.8,CA	+6.77,+10.7,+20.1,JA	+2.54,+253.1,+20.9,DB	+6.91,+3.6,+20.1,AB	
1700400339.516918	+6.52,+17.6,+21.7,LA	+6.38,+30.6,+21.6,DA	+6.49,+25.5,+21.8,KA	+6.77,+10.8,+20.1,EA	+2.54,+253.0,+20.8,DB	+6.90,+3.7,+20.1,AB	
1700400401.5239928	+6.52,+17.5,+21.7,OA	+6.38,+30.6,+21.6,DA	+6.50,+25.5,+21.8,CA	+6.76,+10.9,+20.1,EA	+2.54,+253.2,+20.9,GB	+6.91,+3.6,+20.1,AB	
1700400463.5348163	+6.52,+17.5,+21.7,OA	+6.38,+30.6,+21.6,DA	+6.50,+25.5,+21.8,CA	+6.76,+10.8,+20.1,DA	+2.54,+253.3,+20.9,FB	+6.91,+3.6,+20.1,AB	
1700400525.5402179	+6.52,+17.5,+21.7,OA	+6.38,+30.6,+21.6,DA	+6.49,+25.5,+21.8,KA	+6.76,+10.9,+20.1,EA	+2.54,+253.3,+20.9,FB	+6.91,+3.6,+20.1,AB	
1700400587.5481932	+6.52,+17.6,+21.7,LA	+6.38,+30.6,+21.7,EA	+6.49,+25.5,+21.8,KA	+6.76,+10.9,+20.1,EA	+2.57,+251.6,+20.9,BB	+6.91,+3.6,+20.1,AB	
1700400649.5570776	+6.52,+17.6,+21.7,LA	+6.38,+30.6,+21.7,EA	+6.49,+25.5,+21.8,KA	+6.76,+11.0,+20.1,MA	+2.55,+252.5,+20.9,@B	+6.91,+3.6,+20.1,AB	
1700400711.5664315	+6.52,+17.6,+21.7,LA	+6.38,+30.6,+21.6,DA	+6.50,+25.5,+21.8,CA	+6.76,+11.0,+20.1,MA	+2.56,+252.3,+20.9,EB	+6.91,+3.6,+20.1,AB	
1700400773.5763438	+6.52,+17.6,+21.7,LA	+6.38,+30.6,+21.6,DA	+6.50,+25.5,+21.8,CA	+6.76,+11.1,+20.1,LA	+2.55,+252.4,+20.9,AB	+6.91,+3.6,+20.1,AB	
1700400835.585898	+6.52,+17.6,+21.8,CA	+6.38,+30.5,+21.7,FA	+6.49,+25.6,+21.8,HA	+6.76,+11.1,+20.1,LA	+2.55,+252.5,+20.9,@B	+6.91,+3.6,+20.1,AB	
1700400897.5955641	+6.52,+17.5,+21.7,OA	+6.38,+30.5,+21.7,FA	+6.50,+25.5,+21.8,CA	+6.76,+11.1,+20.1,LA	+2.56,+252.4,+20.9,BB	+6.91,+3.5,+20.1,BB	
1700400959.6011567	+6.52,+17.5,+21.7,OA	+6.38,+30.5,+21.7,FA	+6.50,+25.5,+21.8,CA	+6.76,+11.1,+20.1,LA	+2.56,+252.3,+20.9,EB	+6.91,+3.6,+20.1,AB	
1700401021.6108203	+6.52,+17.5,+21.7,OA	+6.38,+30.6,+21.7,EA	+6.49,+25.5,+21.8,KA	+6.76,+10.9,+20.1,EA	+2.55,+252.4,+20.9,AB	+6.91,+3.6,+20.1,AB	
1700401083.618414	+6.52,+17.5,+21.7,OA	+6.38,+30.6,+21.7,EA	+6.50,+25.4,+21.8,BA	+6.76,+10.9,+20.1,EA	+2.55,+252.5,+20.9,@B	+6.91,+3.6,+20.1,AB	
1700401145.6287305	+6.52,+17.5,+21.7,OA	+6.38,+30.6,+21.7,EA	+6.50,+25.5,+21.8,CA	+6.76,+10.8,+20.1,DA	+2.55,+252.6,+20.9,CB	+6.91,+3.5,+20.1,BB	
1700401207.636079	+6.52,+17.5,+21.7,OA	+6.38,+30.6,+21.7,EA	+6.50,+25.5,+21.8,CA	+6.76,+10.8,+20.1,DA	+2.55,+252.7,+20.9,BB	+6.91,+3.5,+20.1,BB	
1700401269.645383	+6.52,+17.5,+21.7,OA	+6.38,+30.5,+21.7,FA	+6.50,+25.5,+21.8,CA	+6.76,+10.9,+20.1,EA	+2.55,+252.7,+20.9,BB	+6.91,+3.5,+20.1,BB	
1700401331.6530826	+6.52,+17.5,+21.8,@A	+6.38,+30.6,+21.7,EA	+6.50,+25.5,+21.8,CA	+6.76,+10.8,+20.1,DA	+2.55,+252.8,+20.9,MB	+6.91,+3.5,+20.1,BB	
1700401393.6641774	+6.52,+17.5,+21.7,OA	+6.38,+30.5,+21.7,FA	+6.49,+25.5,+21.8,KA	+6.76,+10.9,+20.1,EA	+2.55,+252.8,+20.9,MB	+6.91,+3.5,+20.1,BB	
1700401455.6737056	+6.52,+17.5,+21.8,@A	+6.38,+30.4,+21.6,FA	+6.49,+25.5,+21.8,KA	+6.76,+10.9,+20.1,EA	+2.56,+252.2,+20.9,DB	+6.91,+3.5,+20.1,BB	
1700401517.6816845	+6.52,+17.5,+21.7,OA	+6.38,+30.5,+21.7,FA	+6.49,+25.5,+21.8,KA	+6.76,+11.0,+20.1,MA	+2.55,+252.8,+20.9,MB	+6.91,+3.4,+20.1,CB	
1700401579.6905763	+6.52,+17.6,+21.7,LA	+6.38,+30.6,+21.7,EA	+6.50,+25.4,+21.8,BA	+6.76,+11.0,+20.1,MA	+2.55,+252.8,+20.9,MB	+6.91,+3.4,+20.1,CB	
1700401641.6969237	+6.52,+17.5,+21.7,OA	+6.38,+30.5,+21.6,GA	+6.49,+25.5,+21.8,KA	+6.76,+11.0,+20.1,MA	+2.54,+253.1,+20.9,DB	+6.91,+3.4,+20.1,CB	
1700401703.7028258	+6.52,+17.5,+21.7,OA	+6.38,+30.6,+21.7,EA	+6.49,+25.5,+21.8,KA	+6.76,+11.0,+20.1,MA	+2.54,+253.2,+20.9,GB	+6.91,+3.4,+20.1,CB	
1700401765.710923	+6.52,+17.5,+21.8,@A	+6.38,+30.6,+21.6,DA	+6.49,+25.5,+21.8,KA	+6.76,+11.0,+20.1,MA	+2.54,+253.3,+20.9,FB	+6.91,+3.4,+20.1,CB	
1700401827.7173266	+6.52,+17.6,+21.7,LA	+6.38,+30.6,+21.7,EA	+6.49,+25.5,+21.8,KA	+6.76,+11.1,+20.1,LA	+2.54,+253.3,+20.9,FB	+6.91,+3.4,+20.1,CB	
1700401889.7235312	+6.52,+17.5,+21.7,OA	+6.38,+30.6,+21.7,EA	+6.49,+25.6,+21.8,HA	+6.76,+11.1,+20.1,LA	+2.54,+253.2,+20.9,GB	+6.91,+3.5,+20.1,BB	
1700402135.2913046	+6.52,+17.5,+21.7,OA	+6.38,+30.5,+21.7,FA	+6.50,+25.5,+21.8,CA	+6.76,+11.3,+20.1,NA	+2.54,+253.2,+20.9,GB	+6.91,+3.4,+20.1,CB	
1700402197.3015835	+6.52,+17.5,+21.7,OA	+6.38,+30.6,+21.7,EA	+6.50,+25.4,+21.8,BA	+6.75,+11.4,+20.1,JA	+2.54,+253.5,+20.9,@B	+6.91,+3.3,+20.1,DB	
1700402259.311261	+6.52,+17.5,+21.7,OA	+6.38,+30.6,+21.7,EA	+6.49,+25.5,+21.8,KA	+6.75,+11.4,+20.1,JA	+2.53,+253.8,+20.9,JB	+6.91,+3.4,+20.1,CB	
1700402321.3216493	+6.52,+17.5,+21.7,OA	+6.38,+30.5,+21.7,FA	+6.50,+25.4,+21.8,BA	+6.75,+11.4,+20.1,JA	+2.53,+253.9,+20.9,KB	+6.91,+3.4,+20.1,CB	
1700402383.3298292	+6.52,+17.6,+21.7,LA	+6.38,+30.5,+21.7,FA	+6.49,+25.5,+21.8,KA	+6.75,+11.5,+20.1,KA	+2.53,+253.9,+20.9,KB	+6.91,+3.4,+20.1,CB	
1700402445.3359828	+6.52,+17.5,+21.8,@A	+6.38,+30.6,+21.7,EA	+6.50,+25.5,+21.8,CA	+6.75,+11.5,+20.1,KA	+2.55,+252.4,+20.9,AB	+6.91,+3.4,+20.1,CB	
1700402507.3438861	+6.52,+17.6,+21.8,CA	+6.38,+30.5,+21.7,FA	+6.49,+25.5,+21.8,KA	+6.75,+11.6,+20.1,HA	+2.53,+254.0,+20.9,EB	+6.91,+3.3,+20.1,DB	
1700402569.352879	+6.52,+17.5,+21.7,OA	+6.38,+30.6,+21.7,EA	+6.50,+25.5,+21.8,CA	+6.75,+11.6,+20.1,HA	+2.52,+254.2,+20.9,FB	+6.91,+3.3,+20.1,DB	
1700402631.3640776	+6.52,+17.5,+21.7,OA	+6.38,+30.5,+21.7,FA	+6.49,+25.5,+21.8,KA	+6.75,+11.7,+20.1,IA	+2.52,+254.4,+20.9,@B	+6.91,+3.3,+20.1,DB	
1700402693.373543	+6.52,+17.5,+21.8,@A	+6.38,+30.6,+21.7,EA	+6.50,+25.5,+21.8,CA	+6.75,+11.7,+20.1,IA	+2.52,+254.7,+20.9,CB	+6.91,+3.2,+20.1,EB	
1700402755.3844578	+6.52,+17.5,+21.8,@A	+6.38,+30.5,+21.7,FA	+6.50,+25.5,+21.8,CA	+6.74,+12.0,+20.1,LA	+2.51,+255.0,+20.9,FB	+6.91,+3.3,+20.1,DB	
1700402817.394408	+6.52,+17.6,+21.7,LA	+6.38,+30.6,+21.7,EA	+6.49,+25.5,+21.8,KA	+6.74,+11.9,+20.1,FA	+2.51,+255.2,+20.9,DB	+6.91,+3.3,+20.1,DB	
1700402879.4042938	+6.52,+17.5,+21.8,@A	+6.38,+30.6,+21.7,EA	+6.50,+25.5,+21.8,CA	+6.74,+12.1,+20.1,MA	+2.51,+255.2,+20.9,DB	+6.91,+3.2,+20.1,EB	
1700402941.4135575	+6.52,+17.5,+21.7,OA	+6.38,+30.6,+21.7,EA	+6.49,+25.6,+21.8,HA	+6.74,+12.1,+20.1,MA	+2.51,+255.2,+20.9,DB	+6.91,+3.1,+20.1,FB	
1700403003.422722	+6.52,+17.6,+21.8,CA	+6.38,+30.6,+21.7,EA	+6.49,+25.5,+21.8,KA	+6.74,+12.2,+20.1,NA	+2.51,+255.2,+20.9,DB	+6.91,+3.2,+20.1,EB	
1700403065.433055	+6.52,+17.6,+21.8,CA	+6.38,+30.6,+21.7,EA	+6.49,+25.6,+21.8,HA	+6.74,+12.2,+20.1,NA	+2.50,+255.4,+20.9,CB	+6.91,+3.3,+20.1,DB	
1700403127.4431865	+6.52,+17.6,+21.7,LA	+6.38,+30.6,+21.7,EA	+6.49,+25.6,+21.8,HA	+6.74,+12.4,+20.1,HA	+2.50,+255.3,+20.9,DB	+6.91,+3.2,+20.1,EB	
1700403189.4518247	+6.52,+17.5,+21.7,OA	+6.38,+30.7,+21.7,DA	+6.49,+25.5,+21.8,KA	+6.75,+11.6,+20.1,HA	+2.50,+255.6,+20.9,AB	+6.91,+3.2,+20.1,EB	
1700403251.4620452	+6.52,+17.5,+21.7,OA	+6.38,+30.7,+21.7,DA	+6.49,+25.5,+21.8,KA	+6.75,+11.7,+20.1,IA	+2.50,+255.7,+20.9,@B	+6.91,+3.2,+20.1,EB	
1700403313.4714646	+6.52,+17.5,+21.7,OA	+6.38,+30.6,+21.7,EA	+6.49,+25.5,+21.8,KA	+6.75,+11.6,+20.1,HA	+2.50,+255.5,+20.9,BB	+6.91,+3.2,+20.1,EB	
1700403375.481798	+6.52,+17.6,+21.7,LA	+6.38,+30.6,+21.7,EA	+6.49,+25.5,+21.8,KA	+6.75,+11.7,+20.2,JA	+2.50,+255.5,+20.9,BB	+6.91,+3.3,+20.1,DB	
1700403437.4913318	+6.52,+17.6,+21.8,CA	+6.38,+30.7,+21.7,DA	+6.49,+25.5,+21.8,KA	+6.75,+11.7,+20.1,IA	+2.50,+255.6,+20.9,AB	+6.91,+3.2,+20.1,EB	
1700403499.5021455	+6.52,+17.5,+21.7,OA	+6.38,+30.6,+21.7,EA	+6.50,+25.5,+21.8,CA	+6.75,+11.5,+20.1,KA	+2.53,+253.7,+20.9,EB	+6.91,+3.2,+20.1,EB	
1700403561.5120075	+6.52,+17.5,+21.8,@A	+6.38,+30.6,+21.7,EA	+6.50,+25.5,+21.8,CA	+6.75,+11.6,+20.1,HA	+2.50,+255.8,+20.9,OB	+6.91,+3.2,+20.1,EB	
1700403623.5219994	+6.52,+17.5,+21.8,@A	+6.38,+30.6,+21.7,EA	+6.50,+25.5,+21.8,CA	+6.75,+11.7,+20.1,IA	+2.49,+255.9,+20.9,FB	+6.92,+3.0,+20.1,DB	
1700403685.5316424	+6.52,+17.5,+21.8,@A	+6.38,+30.6,+21.7,EA	+6.49,+25.5,+21.8,KA	+6.75,+11.7,+20.2,JA	+2.50,+255.8,+20.9,OB	+6.92,+3.1,+20.1,EB	
1700403747.5402575	+6.52,+17.5,+21.8,@A	+6.38,+30.6,+21.7,EA	+6.49,+25.5,+21.8,KA	+6.75,+11.6,+20.1,HA	+2.50,+255.8,+20.9,OB	+6.92,+3.1,+20.1,EB	
1700403809.5504823	+6.52,+17.5,+21.8,@A	+6.38,+30.6,+21.7,EA	+6.49,+25.5,+21.8,KA	+6.75,+11.8,+20.1,FA	+2.49,+255.9,+20.9,FB	+6.92,+3.0,+20.2,GB	
1700403871.5584018	+6.52,+17.5,+21.8,@A	+6.38,+30.7,+21.7,DA	+6.49,+25.5,+21.8,KA	+6.75,+11.6,+20.1,HA	+2.49,+255.9,+20.9,FB	+6.92,+3.0,+20.1,DB	
1700403933.5684423	+6.52,+17.5,+21.8,@A	+6.38,+30.6,+21.7,EA	+6.50,+25.4,+21.8,BA	+6.75,+11.8,+20.1,FA	+2.49,+256.0,+20.9,LB	+6.92,+3.0,+20.1,DB	
1700403995.57687	+6.52,+17.5,+21.8,@A	+6.38,+30.7,+21.7,DA	+6.49,+25.5,+21.8,KA	+6.75,+11.9,+20.1,GA	+2.49,+255.9,+20.9,FB	+6.92,+3.1,+20.1,EB	
1700404057.5840766	+6.52,+17.6,+21.8,CA	+6.38,+30.6,+21.7,EA	+6.50,+25.5,+21.8,CA	+6.75,+11.8,+20.1,FA	+2.50,+255.7,+20.9,@B	+6.92,+3.0,+20.1,DB	
1700404119.59389	+6.52,+17.6,+21.8,CA	+6.38,+30.6,+21.7,EA	+6.49,+25.6,+21.8,HA	+6.75,+11.8,+20.1,FA	+2.50,+255.7,+20.9,@B	+6.92,+2.8,+20.1,MB	
1700404181.602954	+6.52,+17.5,+21.8,@A	+6.38,+30.7,+21.7,DA	+6.49,+25.5,+21.8,KA	+6.74,+11.9,+20.1,FA	+2.52,+254.5,+20.9,AB	+6.92,+2.8,+20.1,MB	
1700404243.6127286	+6.52,+17.5,+21.8,@A	+6.38,+30.7,+21.7,DA	+6.50,+25.5,+21.8,CA	+6.75,+11.9,+20.1,GA	+2.51,+255.2,+20.9,DB	+6.92,+2.8,+20.1,MB	
1700404305.6204073	+6.52,+17.5,+21.8,@A	+6.38,+30.7,+21.7,DA	+6.50,+25.5,+21.8,CA	+6.74,+11.9,+20.2,EA	+2.50,+255.7,+20.9,@B	+6.92,+2.8,+20.1,MB	
1700404367.6285133	+6.52,+17.5,+21.8,@A	+6.38,+30.6,+21.7,EA	+6.50,+25.5,+21.8,CA	+6.74,+11.9,+20.1,FA	+2.50,+255.8,+20.9,OB	+6.92,+2.8,+20.1,MB	
1700404429.6383874	+6.52,+17.6,+21.7,LA	+6.37,+30.7,+21.7,KA	+6.49,+25.6,+21.8,HA	+6.75,+11.9,+20.1,GA	+2.50,+255.7,+20.9,@B	+6.92,+2.8,+20.1,MB	
1700404491.6471994	+6.52,+17.6,+21.8,CA	+6.38,+30.7,+21.7,DA	+6.49,+25.5,+21.8,KA	+6.75,+11.7,+20.1,IA	+2.50,+255.6,+20.9,AB	+6.92,+2.8,+20.1,MB	
1700404553.656186	+6.52,+17.6,+21.8,CA	+6.37,+30.7,+21.7,KA	+6.49,+25.5,+21.8,KA	+6.75,+11.8,+20.2,EA	+2.50,+255.8,+20.9,OB	+6.92,+2.8,+20.1,MB	
1700404615.6633224	+6.52,+17.6,+21.8,CA	+6.37,+30.7,+21.7,KA	+6.50,+25.5,+21.8,CA	+6.75,+11.8,+20.1,FA	+2.49,+255.9,+20.9,FB	+6.92,+2.8,+20.1,MB	
1700404677.673696	+6.52,+17.5,+21.7,OA	+6.37,+30.7,+21.7,KA	+6.50,+25.4,+21.8,BA	+6.75,+11.9,+20.1,GA	+2.50,+255.7,+20.9,@B	+6.92,+2.8,+20.1,MB	
1700404739.6829684	+6.52,+17.5,+21.8,@A	+6.38,+30.7,+21.7,DA	+6.49,+25.5,+21.8,KA	+6.75,+11.9,+20.2,DA	+2.50,+255.6,+20.9,AB	+6.92,+2.8,+20.1,MB	
1700404801.68971	+6.52,+17.5,+21.8,@A	+6.37,+30.7,+21.7,KA	+6.50,+25.5,+21.8,CA	+6.75,+11.9,+20.1,GA	+2.50,+255.4,+20.9,CB	+6.92,+2.8,+20.1,MB	
1700404863.6983628	+6.52,+17.5,+21.8,@A	+6.37,+30.8,+21.7,DA	+6.50,+25.5,+21.8,CA	+6.74,+11.9,+20.1,FA	+2.50,+255.4,+20.9,CB	+6.92,+2.7,+20.1,BB	
1700404925.7082703	+6.52,+17.5,+21.8,@A	+6.37,+30.8,+21.7,DA	+6.50,+25.5,+21.8,CA	+6.75,+11.7,+20.1,IA	+2.52,+254.5,+20.9,AB	+6.92,+2.8,+20.1,MB	
1700404987.7158706	+6.52,+17.6,+21.8,CA	+6.37,+30.8,+21.7,DA	+6.50,+25.5,+21.8,CA	+6.75,+11.8,+20.2,EA	+2.53,+253.7,+20.9,EB	+6.92,+2.8,+20.1,MB	
1700405049.7248187	+6.52,+17.5,+21.8,@A	+6.38,+30.7,+21.7,DA	+6.49,+25.5,+21.8,KA	+6.74,+12.0,+20.1,LA	+2.50,+255.6,+20.9,AB	+6.92,+2.7,+20.2,AB	
1700405111.7346814	+6.52,+17.5,+21.8,@A	+6.37,+30.8,+21.7,DA	+6.50,+25.5,+21.8,CA	+6.74,+12.0,+20.1,LA	+2.50,+255.6,+20.9,AB	+6.92,+2.8,+20.1,MB	
1700405173.742391	+6.52,+17.5,+21.8,@A	+6.37,+30.7,+21.7,KA	+6.50,+25.5,+21.8,CA	+6.74,+12.1,+20.2,NA	+2.50,+255.8,+20.9,OB	+6.92,+2.8,+20.1,MB	
1700405235.751956	+6.52,+17.5,+21.8,@A	+6.37,+30.7,+21.7,KA	+6.49,+25.5,+21.8,KA	+6.75,+11.6,+20.1,HA	+2.50,+255.7,+20.9,@B	+6.92,+2.8,+20.2,NB	
1700405297.7588556	+6.52,+17.6,+21.8,CA	+6.37,+30.8,+21.7,DA	+6.49,+25.5,+21.8,KA	+6.75,+11.5,+20.2,HA	+2.50,+255.9,+20.9,NB	+6.92,+2.6,+20.2,@B	
1700405359.7662268	+6.52,+17.5,+21.8,@A	+6.37,+30.8,+21.7,DA	+6.50,+25.5,+21.8,CA	+6.75,+11.6,+20.2,KA	+2.49,+255.9,+20.9,FB	+6.92,+2.6,+20.2,@B	
1700405421.7750342	+6.52,+17.5,+21.8,@A	+6.37,+30.7,+21.7,KA	+6.49,+25.5,+21.9,JA	+6.75,+11.7,+20.1,IA	+2.49,+256.0,+20.9,LB	+6.92,+2.6,+20.2,@B	
1700405483.7806604	+6.52,+17.6,+21.8,CA	+6.37,+30.8,+21.7,DA	+6.49,+25.5,+21.9,JA	+6.75,+11.8,+20.2,EA	+2.49,+256.1,+20.9,MB	+6.92,+2.7,+20.1,BB	
1700405545.789095	+6.52,+17.6,+21.8,CA	+6.37,+30.7,+21.7,KA	+6.50,+25.5,+21.8,CA	+6.75,+11.7,+20.1,IA	+2.49,+256.3,+20.9,OB	+6.92,+2.6,+20.2,@B	
1700405607.7993448	+6.52,+17.5,+21.8,@A	+6.37,+30.7,+21.7,KA	+6.49,+25.5,+21.8,KA	+6.76,+11.3,+20.2,MA	+2.49,+256.1,+20.9,MB	+6.93,+2.5,+20.2,BB	
1700405669.8088312	+6.52,+17.5,+21.8,@A	+6.37,+30.8,+21.7,DA	+6.50,+25.5,+21.8,CA	+6.76,+10.8,+20.2,GA	+2.52,+254.4,+20.9,@B	+6.92,+2.8,+20.2,NB	
1700405731.8174813	+6.52,+17.5,+21.8,@A	+6.38,+30.7,+21.7,DA	+6.50,+25.5,+21.9,BA	+6.76,+10.8,+20.2,GA	+2.51,+255.1,+20.9,GB	+6.92,+2.6,+20.2,@B	
1700405977.368958	+6.52,+17.5,+21.8,@A	+6.37,+30.8,+21.7,DA	+6.49,+25.5,+21.8,KA	+6.76,+11.2,+20.1,OA	+2.54,+253.5,+20.9,@B	+6.92,+2.6,+20.1,CB	
1700406039.3792193	+6.52,+17.5,+21.8,@A	+6.37,+30.8,+21.7,DA	+6.49,+25.5,+21.8,KA	+6.76,+11.3,+20.1,NA	+2.54,+253.5,+20.9,@B	+6.93,+2.6,+20.1,BB	
1700406101.387464	+6.52,+17.5,+21.8,@A	+6.37,+30.8,+21.7,DA	+6.50,+25.5,+21.8,CA	+6.75,+11.6,+20.2,KA	+2.54,+253.6,+20.9,CB	+6.92,+2.7,+20.2,AB	
1700406163.395797	+6.52,+17.6,+21.8,CA	+6.37,+30.8,+21.7,DA	+6.49,+25.5,+21.8,KA	+6.75,+11.6,+20.1,HA	+2.53,+253.6,+20.9,DB	+6.92,+2.6,+20.2,@B	
1700406225.4026072	+6.52,+17.6,+21.8,CA	+6.37,+30.8,+21.7,DA	+6.50,+25.5,+21.8,CA	+6.75,+11.7,+20.2,JA	+2.54,+253.6,+20.9,CB	+6.92,+2.6,+20.2,@B	
1700406287.4102712	+6.52,+17.6,+21.8,CA	+6.37,+30.8,+21.7,DA	+6.49,+25.5,+21.8,KA	+6.75,+11.7,+20.1,IA	+2.53,+253.7,+20.9,EB	+6.93,+2.6,+20.1,BB	
1700406349.4198265	+6.52,+17.5,+21.8,@A	+6.40,+29.4,+21.7,@A	+6.50,+25.5,+21.9,BA	+6.75,+11.7,+20.1,IA	+2.53,+253.7,+20.9,EB	+6.93,+2.5,+20.2,BB	
1700406411.430654	+6.52,+17.5,+21.8,@A	+6.39,+30.0,+21.7,BA	+6.49,+25.5,+21.9,JA	+6.75,+11.8,+20.2,EA	+2.53,+253.9,+20.9,KB	+6.92,+2.6,+20.2,@B	
1700406473.4392743	+6.52,+17.6,+21.8,CA	+6.38,+30.5,+21.7,FA	+6.49,+25.5,+21.8,KA	+6.75,+11.8,+20.2,EA	+2.53,+253.9,+20.9,KB	+6.93,+2.6,+20.2,AB	
1700406535.4477558	+6.52,+17.6,+21.8,CA	+6.38,+30.7,+21.7,DA	+6.50,+25.5,+21.9,BA	+6.75,+11.8,+20.2,EA	+2.53,+254.0,+20.9,EB	+6.93,+2.5,+20.2,BB	
1700406597.4569173	+6.52,+17.5,+21.8,@A	+6.38,+30.7,+21.7,DA	+6.49,+25.5,+21.9,JA	+6.75,+11.9,+20.2,DA	+2.53,+254.0,+20.9,EB	+6.93,+2.5,+20.2,BB	
1700406659.466176	+6.52,+17.6,+21.8,CA	+6.38,+30.7,+21.7,DA	+6.49,+25.5,+21.8,KA	+6.75,+11.9,+20.2,DA	+2.53,+254.1,+20.9,DB	+6.93,+2.5,+20.2,BB	
1700406721.4757853	+6.52,+17.6,+21.8,CA	+6.37,+30.8,+21.7,DA	+6.49,+25.5,+21.9,JA	+6.75,+11.7,+20.2,JA	+2.52,+254.4,+20.9,@B	+6.93,+2.5,+20.2,BB	
1700406783.4849067	+6.52,+17.5,+21.8,@A	+6.37,+30.8,+21.7,DA	+6.49,+25.5,+21.9,JA	+6.75,+11.8,+20.2,EA	+2.52,+254.7,+20.9,CB	+6.93,+2.5,+20.2,BB	
1700406845.4942985	+6.52,+17.5,+21.8,@A	+6.37,+30.8,+21.7,DA	+6.50,+25.5,+21.9,BA	+6.75,+11.8,+20.2,EA	+2.51,+254.8,+21.0,GB	+6.93,+2.4,+20.2,CB	
1700406907.5038254	+6.52,+17.5,+21.8,@A	+6.37,+30.8,+21.7,DA	+6.49,+25.5,+21.8,KA	+6.75,+11.7,+20.2,JA	+2.52,+254.7,+20.9,CB	+6.93,+2.4,+20.2,CB	
1700406969.5088553	+6.52,+17.5,+21.8,@A	+6.37,+30.8,+21.7,DA	+6.49,+25.5,+21.9,JA	+6.75,+11.8,+20.2,EA	+2.54,+253.5,+21.0,HB	+6.93,+2.4,+20.2,CB	
1700407031.518191	+6.52,+17.5,+21.8,@A	+6.37,+30.8,+21.8,KA	+6.49,+25.5,+21.8,KA	+6.75,+11.8,+20.2,EA	+2.51,+254.9,+20.9,NB	+6.93,+2.4,+20.2,CB	
1700407093.5266032	+6.52,+17.6,+21.8,CA	+6.37,+30.8,+21.7,DA	+6.49,+25.6,+21.9,IA	+6.75,+11.9,+20.2,DA	+2.51,+254.9,+21.0,FB	+6.93,+2.4,+20.2,CB	
1700407155.5365973	+6.52,+17.5,+21.8,@A	+6.37,+30.8,+21.7,DA	+6.49,+25.5,+21.9,JA	+6.75,+11.8,+20.2,EA	+2.51,+254.9,+21.0,FB	+6.93,+2.3,+20.2,DB	
1700407217.5445025	+6.52,+17.5,+21.8,@A	+6.37,+30.8,+21.7,DA	+6.50,+25.5,+21.8,CA	+6.75,+11.8,+20.2,EA	+2.51,+255.0,+21.0,NB	+6.93,+2.3,+20.2,DB	
1700407279.5537667	+6.52,+17.5,+21.8,@A	+6.37,+30.8,+21.7,DA	+6.50,+25.5,+21.9,BA	+6.74,+12.0,+20.2,OA	+2.51,+255.3,+21.0,MB	+6.93,+2.4,+20.2,CB	
1700407341.561767	+6.52,+17.5,+21.8,@A	+6.37,+30.8,+21.7,DA	+6.50,+25.5,+21.9,BA	+6.75,+11.8,+20.2,EA	+2.51,+255.3,+21.0,MB	+6.93,+2.3,+20.2,DB	
1700407403.5701196	+6.52,+17.5,+21.8,@A	+6.37,+30.8,+21.7,DA	+6.50,+25.4,+21.8,BA	+6.74,+11.9,+20.2,EA	+2.51,+255.1,+20.9,GB	+6.93,+2.3,+20.2,DB	
1700407465.5790339	+6.52,+17.5,+21.8,@A	+6.37,+30.8,+21.7,DA	+6.49,+25.5,+21.8,KA	+6.75,+11.9,+20.2,DA	+2.50,+255.4,+20.9,CB	+6.93,+2.3,+20.1,GB	
1700407527.5846481	+6.52,+17.5,+21.8,@A	+6.37,+30.9,+21.7,EA	+6.50,+25.5,+21.9,BA	+6.74,+11.9,+20.2,EA	+2.50,+255.7,+20.9,@B	+6.93,+2.3,+20.2,DB	
1700407589.5929794	+6.52,+17.6,+21.8,CA	+6.37,+30.9,+21.7,EA	+6.49,+25.5,+21.9,JA	+6.74,+12.0,+20.2,OA	+2.50,+255.8,+20.9,OB	+6.93,+2.4,+20.2,CB	
1700407651.6017017	+6.52,+17.5,+21.8,@A	+6.37,+30.8,+21.7,DA	+6.49,+25.5,+21.9,JA	+6.74,+12.1,+20.2,NA	+2.49,+256.1,+20.9,MB	+6.93,+2.2,+20.2,EB	
1700407713.6108007	+6.52,+17.5,+21.8,@A	+6.37,+30.9,+21.7,EA	+6.50,+25.5,+21.9,BA	+6.74,+12.1,+20.2,NA	+2.53,+253.7,+21.0,MB	+6.93,+2.3,+20.2,DB	
1700407775.6192281	+6.52,+17.5,+21.8,@A	+6.37,+30.9,+21.7,EA	+6.49,+25.5,+21.8,KA	+6.74,+12.1,+20.2,NA	+2.49,+256.0,+21.0,DB	+6.93,+2.3,+20.2,DB	
1700407837.6292713	+6.52,+17.5,+21.8,@A	+6.37,+30.9,+21.7,EA	+6.49,+25.5,+21.9,JA	+6.74,+12.0,+20.2,OA	+2.49,+256.4,+20.9,HB	+6.93,+2.2,+20.2,EB	
1700407899.6396234	+6.52,+17.5,+21.8,@A	+6.37,+30.9,+21.7,EA	+6.49,+25.5,+21.9,JA	+6.74,+12.3,+20.2,LA	+2.48,+256.6,+21.0,CB	+6.93,+2.2,+20.2,EB	
1700407961.6506598	+6.52,+17.5,+21.8,@A	+6.37,+30.9,+21.7,EA	+6.50,+25.5,+21.9,BA	+6.74,+12.1,+20.2,NA	+2.48,+256.6,+20.9,KB	+6.93,+2.2,+20.2,EB	
1700408023.6597722	+6.52,+17.5,+21.8,@A	+6.37,+30.8,+21.7,DA	+6.49,+25.6,+21.9,IA	+6.74,+12.1,+20.2,NA	+2.49,+256.4,+21.0,@B	+6.93,+2.2,+20.2,EB	
1700408085.6679566	+6.52,+17.5,+21.8,@A	+6.37,+30.8,+21.7,DA	+6.50,+25.5,+21.9,BA	+6.74,+12.2,+20.2,MA	+2.49,+256.3,+21.0,GB	+6.93,+2.3,+20.2,DB	
1700408147.6752415	+6.52,+17.6,+21.8,CA	+6.37,+30.9,+21.7,EA	+6.49,+25.5,+21.9,JA	+6.74,+12.1,+20.2,NA	+2.50,+255.8,+20.9,OB	+6.93,+2.2,+20.2,EB	
1700408209.6843848	+6.52,+17.5,+21.8,@A	+6.37,+30.8,+21.7,DA	+6.49,+25.5,+21.9,JA	+6.74,+12.1,+20.2,NA	+2.50,+255.8,+20.9,OB	+6.93,+2.3,+20.2,DB	
1700408271.6900728	+6.52,+17.6,+21.8,CA	+6.37,+30.8,+21.7,DA	+6.50,+25.5,+21.9,BA	+6.74,+12.2,+20.2,MA	+2.50,+255.6,+21.0,IB	+6.93,+2.3,+20.2,DB	
1700408333.6970701	+6.52,+17.5,+21.8,@A	+6.37,+30.8,+21.7,DA	+6.50,+25.5,+21.9,BA	+6.74,+12.0,+20.2,OA	+2.50,+255.8,+20.9,OB	+6.93,+2.2,+20.2,EB	
1700408395.7072587	+6.52,+17.6,+21.8,CA	+6.37,+30.8,+21.8,KA	+6.49,+25.6,+21.9,IA	+6.74,+12.0,+20.2,OA	+2.49,+256.3,+21.0,GB	+6.93,+2.2,+20.2,EB	
1700408457.7163732	+6.52,+17.5,+21.9,AA	+6.37,+30.8,+21.7,DA	+6.50,+25.5,+21.9,BA	+6.74,+12.0,+20.2,OA	+2.51,+254.8,+20.9,OB	+6.93,+2.2,+20.2,EB	
1700408519.724357	+6.52,+17.5,+21.8,@A	+6.37,+30.9,+21.7,EA	+6.49,+25.5,+21.9,JA	+6.74,+12.1,+20.2,NA	+2.52,+254.4,+21.0,HB	+6.93,+2.2,+20.2,EB	
1700408581.7332811	+6.52,+17.5,+21.8,@A	+6.37,+30.9,+21.7,EA	+6.50,+25.5,+21.9,BA	+6.74,+11.9,+20.2,EA	+2.52,+254.3,+21.0,OB	+6.93,+2.1,+20.2,FB	
1700408643.7433631	+6.52,+17.5,+21.8,@A	+6.37,+30.9,+21.7,EA	+6.49,+25.6,+21.9,IA	+6.74,+12.1,+20.2,NA	+2.53,+254.1,+21.0,LB	+6.93,+2.1,+20.2,FB	
1700408705.7486956	+6.52,+17.5,+21.8,@A	+6.37,+30.9,+21.8,JA	+6.49,+25.5,+21.9,JA	+6.74,+12.1,+20.2,NA	+2.52,+254.2,+21.0,NB	+6.93,+2.1,+20.2,FB	
1700408767.7590587	+6.52,+17.5,+21.8,@A	+6.37,+30.8,+21.8,KA	+6.49,+25.5,+21.9,JA	+6.74,+12.0,+20.2,OA	+2.53,+254.2,+21.0,OB	+6.93,+2.1,+20.2,FB	
1700408829.7687092	+6.52,+17.5,+21.8,@A	+6.37,+30.8,+21.7,DA	+6.50,+25.5,+21.9,BA	+6.75,+11.8,+20.2,EA	+2.54,+253.4,+21.0,IB	+6.93,+2.1,+20.2,FB	
1700408891.7789052	+6.52,+17.5,+21.9,AA	+6.37,+30.8,+21.8,KA	+6.50,+25.5,+21.9,BA	+6.75,+11.8,+20.2,EA	+2.53,+254.1,+21.0,LB	+6.93,+2.1,+20.2,FB	
1700408953.7889502	+6.52,+17.6,+21.8,CA	+6.37,+30.9,+21.7,EA	+6.50,+25.5,+21.9,BA	+6.75,+11.9,+20.2,DA	+2.53,+254.1,+20.9,DB	+6.94,+2.0,+20.2,@B	
1700409015.796834	+6.52,+17.5,+21.8,@A	+6.37,+30.8,+21.8,KA	+6.49,+25.5,+21.9,JA	+6.75,+11.8,+20.2,EA	+2.53,+254.1,+21.0,LB	+6.93,+2.1,+20.2,FB	
1700409077.8067043	+6.52,+17.5,+21.8,@A	+6.37,+30.9,+21.8,JA	+6.50,+25.5,+21.9,BA	+6.75,+11.9,+20.2,DA	+2.53,+254.1,+21.0,LB	+6.93,+2.1,+20.2,FB	
1700409139.8164604	+6.52,+17.6,+21.9,BA	+6.37,+30.8,+21.8,KA	+6.50,+25.5,+21.9,BA	+6.75,+11.8,+20.2,EA	+2.53,+254.1,+21.0,LB	+6.93,+2.1,+20.2,FB	
1700409201.8254979	+6.52,+17.5,+21.8,@A	+6.37,+30.8,+21.8,KA	+6.50,+25.5,+21.9,BA	+6.74,+11.9,+20.2,EA	+2.53,+254.1,+21.0,LB	+6.93,+2.0,+20.2,GB	
1700409263.8356934	+6.52,+17.5,+21.9,AA	+6.37,+30.8,+21.7,DA	+6.50,+25.5,+21.9,BA	+6.74,+11.9,+20.2,EA	+2.53,+254.2,+21.0,OB	+6.93,+2.1,+20.2,FB	
1700409325.8449986	+6.52,+17.5,+21.9,AA	+6.37,+30.9,+21.7,EA	+6.50,+25.5,+21.9,BA	+6.74,+12.1,+20.2,NA	+2.52,+254.5,+20.9,AB	+6.93,+2.0,+20.2,GB	
1700409387.8545182	+6.52,+17.6,+21.8,CA	+6.37,+30.9,+21.8,JA	+6.50,+25.5,+21.9,BA	+6.74,+12.0,+20.2,OA	+2.52,+254.5,+21.0,IB	+6.93,+2.1,+20.2,FB	
1700409449.8617194	+6.52,+17.5,+21.8,@A	+6.37,+30.8,+21.8,KA	+6.50,+25.5,+21.9,BA	+6.74,+12.1,+20.2,NA	+2.52,+254.7,+21.0,KB	+6.93,+2.1,+20.2,FB	
1700409511.8704073	+6.52,+17.5,+21.8,@A	+6.37,+30.9,+21.8,JA	+6.49,+25.6,+21.9,IA	+6.74,+12.2,+20.2,MA	+2.52,+254.7,+21.0,KB	+6.93,+2.0,+20.2,GB	
1700409573.8744178	+6.52,+17.6,+21.8,CA	+6.37,+30.8,+21.7,DA	+6.50,+25.5,+21.8,CA	+6.74,+12.2,+20.2,MA	+2.51,+254.9,+21.0,FB	+6.94,+2.0,+20.2,@B	
1700409819.531592	+6.52,+17.6,+21.8,CA	+6.37,+30.8,+21.7,DA	+6.50,+25.5,+21.9,BA	+6.74,+12.3,+20.2,LA	+2.51,+255.0,+21.0,NB	+6.94,+2.0,+20.2,@B	
1700409881.5413775	+6.52,+17.5,+21.8,@A	+6.37,+30.8,+21.7,DA	+6.50,+25.5,+21.9,BA	+6.74,+12.3,+20.2,LA	+2.51,+255.2,+21.0,LB	+6.94,+2.0,+20.2,@B	
1700409943.549081	+6.52,+17.5,+21.8,@A	+6.37,+30.7,+21.7,KA	+6.50,+25.5,+21.9,BA	+6.74,+12.4,+20.2,KA	+2.50,+255.4,+21.0,KB	+6.94,+1.9,+20.2,JB	
1700410005.557232	+6.52,+17.6,+21.8,CA	+6.38,+30.6,+21.7,EA	+6.49,+25.6,+21.9,IA	+6.74,+12.4,+20.2,KA	+2.50,+255.6,+21.0,IB	+6.94,+2.0,+20.2,@B	
1700410067.5653033	+6.52,+17.6,+21.8,CA	+6.37,+30.8,+21.7,DA	+6.49,+25.6,+21.9,IA	+6.74,+12.4,+20.2,KA	+2.50,+255.7,+21.0,HB	+6.94,+2.0,+20.2,@B	
1700410129.5738268	+6.52,+17.5,+21.8,@A	+6.37,+30.8,+21.7,DA	+6.49,+25.5,+21.9,JA	+6.74,+12.5,+20.2,JA	+2.50,+255.6,+21.0,IB	+6.94,+1.9,+20.2,JB	
1700410191.586427	+6.52,+17.5,+21.8,@A	+6.37,+30.8,+21.7,DA	+6.49,+25.5,+21.9,JA	+6.74,+12.1,+20.2,NA	+2.50,+255.5,+21.0,JB	+6.94,+1.9,+20.2,JB	
1700410253.595542	+6.52,+17.5,+21.8,@A	+6.37,+30.9,+21.7,EA	+6.49,+25.5,+21.9,JA	+6.74,+12.2,+20.2,MA	+2.50,+255.8,+21.0,GB	+6.94,+1.9,+20.2,JB	
1700410315.6062834	+6.52,+17.5,+21.8,@A	+6.37,+30.9,+21.7,EA	+6.49,+25.5,+21.9,JA	+6.74,+12.2,+20.2,MA	+2.50,+255.8,+21.0,GB	+6.94,+1.9,+20.2,JB	
1700410377.613879	+6.52,+17.5,+21.8,@A	+6.37,+30.9,+21.7,EA	+6.50,+25.5,+21.9,BA	+6.74,+12.2,+20.2,MA	+2.50,+255.8,+21.0,GB	+6.94,+1.8,+20.2,KB	
1700410439.6232111	+6.52,+17.5,+21.8,@A	+6.37,+30.9,+21.7,EA	+6.49,+25.5,+21.9,JA	+6.74,+12.1,+20.2,NA	+2.49,+255.9,+21.0,NB	+6.94,+1.9,+20.2,JB	
1700410501.630837	+6.52,+17.5,+21.8,@A	+6.37,+30.9,+21.7,EA	+6.49,+25.5,+21.9,JA	+6.74,+12.3,+20.2,LA	+2.52,+254.6,+21.0,JB	+6.94,+1.9,+20.2,JB	
1700410563.639444	+6.52,+17.5,+21.8,@A	+6.37,+30.9,+21.7,EA	+6.50,+25.5,+21.8,CA	+6.74,+12.2,+20.2,MA	+2.49,+256.0,+20.9,LB	+6.94,+1.8,+20.2,KB	
1700410625.6505582	+6.52,+17.5,+21.8,@A	+6.37,+30.7,+21.7,KA	+6.49,+25.5,+21.9,JA	+6.74,+12.4,+20.2,KA	+2.49,+256.1,+21.0,EB	+6.94,+1.9,+20.2,JB	
1700410687.6596537	+6.52,+17.5,+21.8,@A	+6.37,+30.9,+21.7,EA	+6.49,+25.6,+21.8,HA	+6.73,+12.6,+20.2,NA	+2.49,+256.1,+21.0,EB	+6.94,+1.8,+20.2,KB	
1700410749.6694157	+6.52,+17.5,+21.8,@A	+6.37,+30.9,+21.7,EA	+6.49,+25.5,+21.9,JA	+6.73,+12.6,+20.2,NA	+2.49,+256.1,+21.0,EB	+6.94,+1.8,+20.2,KB	
1700410811.6794183	+6.52,+17.5,+21.8,@A	+6.37,+30.9,+21.7,EA	+6.49,+25.6,+21.9,IA	+6.73,+12.7,+20.2,OA	+2.49,+256.0,+21.0,DB	+6.94,+1.8,+20.2,KB	
1700410873.689672	+6.52,+17.5,+21.8,@A	+6.37,+30.9,+21.7,EA	+6.49,+25.5,+21.9,JA	+6.73,+12.8,+20.2,@A	+2.49,+256.1,+21.0,EB	+6.94,+1.8,+20.2,KB	
1700410935.6998541	+6.52,+17.5,+21.8,@A	+6.37,+30.9,+21.7,EA	+6.49,+25.5,+21.9,JA	+6.73,+12.8,+20.2,@A	+2.49,+256.2,+21.0,FB	+6.94,+1.7,+20.2,DB	
1700410997.7082045	+6.52,+17.5,+21.8,@A	+6.37,+30.9,+21.7,EA	+6.49,+25.5,+21.9,JA	+6.73,+12.9,+20.2,AA	+2.49,+256.0,+21.0,DB	+6.94,+1.7,+20.2,DB	
1700411059.7182457	+6.52,+17.5,+21.8,@A	+6.37,+31.0,+21.8,BA	+6.49,+25.5,+21.8,KA	+6.73,+12.9,+20.2,AA	+2.49,+256.3,+21.0,GB	+6.94,+1.8,+20.2,KB	
1700411121.7242815	+6.52,+17.6,+21.8,CA	+6.37,+31.0,+21.7,MA	+6.50,+25.5,+21.9,BA	+6.73,+12.7,+20.2,OA	+2.49,+256.4,+21.0,@B	+6.94,+1.7,+20.2,DB	
1700411183.7309196	+6.52,+17.5,+21.8,@A	+6.37,+31.0,+21.7,MA	+6.49,+25.5,+21.9,JA	+6.73,+12.6,+20.2,NA	+2.48,+256.6,+21.0,CB	+6.94,+1.8,+20.2,KB	
1700411245.7379138	+6.52,+17.5,+21.8,@A	+6.37,+31.0,+21.7,MA	+6.49,+25.5,+21.9,JA	+6.73,+12.8,+20.2,@A	+2.48,+256.7,+21.0,BB	+6.94,+1.7,+20.2,DB	
1700411307.7465339	+6.52,+17.6,+21.8,CA	+6.37,+30.9,+21.7,EA	+6.50,+25.5,+21.9,BA	+6.73,+13.0,+20.2,IA	+2.48,+256.7,+21.0,BB	+6.94,+1.7,+20.2,DB	
1700411369.7567148	+6.52,+17.6,+21.8,CA	+6.37,+31.0,+21.7,MA	+6.49,+25.5,+21.9,JA	+6.72,+13.2,+20.2,JA	+2.48,+256.8,+21.0,MB	+6.94,+1.7,+20.2,DB	
1700411431.76653	+6.52,+17.5,+21.9,AA	+6.37,+30.9,+21.7,EA	+6.49,+25.5,+21.9,JA	+6.72,+13.2,+20.2,JA	+2.48,+256.8,+21.0,MB	+6.94,+1.6,+20.2,EB	
1700411493.7755275	+6.52,+17.5,+21.9,AA	+6.37,+31.0,+21.7,MA	+6.50,+25.5,+21.9,BA	+6.72,+13.3,+20.2,KA	+2.48,+256.8,+21.0,MB	+6.94,+1.7,+20.2,DB	
1700411555.7863028	+6.52,+17.5,+21.8,@A	+6.37,+31.0,+21.7,MA	+6.49,+25.5,+21.9,JA	+6.72,+13.5,+20.2,MA	+2.48,+256.8,+21.0,MB	+6.94,+1.7,+20.2,DB	
1700411617.797174	+6.52,+17.5,+21.8,@A	+6.37,+30.9,+21.7,EA	+6.49,+25.5,+21.9,JA	+6.72,+13.5,+20.2,MA	+2.48,+257.0,+21.0,DB	+6.94,+1.6,+20.2,EB	
1700411679.8066514	+6.52,+17.5,+21.9,AA	+6.37,+30.9,+21.7,EA	+6.49,+25.5,+21.9,JA	+6.71,+13.6,+20.2,MA	+2.48,+257.0,+20.9,LB	+6.94,+1.6,+20.2,EB	
1700411741.813854	+6.52,+17.5,+21.8,@A	+6.37,+31.0,+21.7,MA	+6.50,+25.5,+21.9,BA	+6.71,+13.7,+20.2,LA	+2.48,+256.9,+21.0,LB	+6.94,+1.6,+20.2,EB	
1700411803.8241184	+6.52,+17.6,+21.8,CA	+6.37,+30.9,+21.7,EA	+6.50,+25.5,+21.9,BA	+6.71,+13.7,+20.2,LA	+2.49,+256.4,+21.0,@B	+6.94,+1.6,+20.2,EB	
1700411865.8343332	+6.52,+17.6,+21.8,CA	+6.37,+31.0,+21.8,BA	+6.49,+25.5,+21.9,JA	+6.71,+13.7,+20.2,LA	+2.48,+256.9,+21.0,LB	+6.94,+1.6,+20.2,EB	
1700411927.8428495	+6.52,+17.5,+21.8,@A	+6.37,+31.0,+21.8,BA	+6.50,+25.5,+21.9,BA	+6.71,+13.8,+20.2,CA	+2.48,+257.0,+21.0,DB	+6.94,+1.6,+20.2,EB	
1700411989.8497822	+6.52,+17.5,+21.9,AA	+6.37,+31.0,+21.7,MA	+6.49,+25.5,+21.9,JA	+6.71,+13.8,+20.2,CA	+2.47,+257.2,+21.0,IB	+6.94,+1.6,+20.2,EB	
1700412051.8574948	+6.52,+17.6,+21.9,BA	+6.37,+31.0,+21.8,BA	+6.49,+25.5,+21.9,JA	+6.72,+13.6,+20.2,NA	+2.47,+257.1,+21.0,JB	+6.94,+1.6,+20.2,EB	
1700412113.8657937	+6.52,+17.5,+21.8,@A	+6.37,+31.0,+21.7,MA	+6.49,+25.5,+21.9,JA	+6.71,+13.8,+20.2,CA	+2.48,+257.1,+21.0,EB	+6.94,+1.6,+20.2,EB	
1700412175.8735912	+6.52,+17.5,+21.8,@A	+6.37,+31.0,+21.8,BA	+6.50,+25.5,+21.9,BA	+6.71,+13.9,+20.2,BA	+2.47,+257.1,+21.0,JB	+6.94,+1.6,+20.2,EB	
1700412237.8823793	+6.52,+17.6,+21.8,CA	+6.37,+31.0,+21.8,BA	+6.50,+25.5,+21.9,BA	+6.71,+13.8,+20.2,CA	+2.47,+257.3,+21.0,HB	+6.94,+1.5,+20.2,FB	
1700412299.8944674	+6.52,+17.6,+21.8,CA	+6.37,+31.0,+21.8,BA	+6.49,+25.5,+21.9,JA	+6.73,+13.0,+20.2,IA	+2.47,+257.4,+21.0,OB	+6.94,+1.6,+20.2,EB	
1700412361.9046907	+6.52,+17.5,+21.8,@A	+6.37,+31.0,+21.8,BA	+6.50,+25.5,+21.9,BA	+6.73,+13.0,+20.2,IA	+2.47,+257.5,+21.0,NB	+6.94,+1.6,+20.2,EB	
1700412423.913442	+6.52,+17.5,+21.9,AA	+6.37,+31.0,+21.8,BA	+6.49,+25.5,+21.9,JA	+6.73,+12.8,+20.2,@A	+2.47,+257.4,+21.0,OB	+6.94,+1.6,+20.2,EB	
1700412485.9218454	+6.52,+17.6,+21.8,CA	+6.37,+31.0,+21.8,BA	+6.49,+25.5,+21.9,JA	+6.73,+12.8,+20.2,@A	+2.47,+257.3,+21.0,HB	+6.94,+1.5,+20.2,FB	
1700412547.9283605	+6.52,+17.5,+21.8,@A	+6.37,+31.0,+21.8,BA	+6.49,+25.6,+21.9,IA	+6.73,+12.9,+20.2,AA	+2.47,+257.1,+21.0,JB	+6.94,+1.5,+20.2,FB	
1700412609.9384902	+6.52,+17.5,+21.8,@A	+6.37,+31.0,+21.8,BA	+6.49,+25.5,+21.9,JA	+6.73,+13.0,+20.2,IA	+2.47,+257.2,+21.0,IB	+6.94,+1.5,+20.2,FB	
1700412671.9472666	+6.52,+17.5,+21.8,@A	+6.37,+31.0,+21.8,BA	+6.50,+25.5,+21.9,BA	+6.72,+13.1,+20.2,IA	+2.48,+256.9,+21.0,LB	+6.94,+1.5,+20.2,FB	
1700412733.956067	+6.52,+17.5,+21.9,AA	+6.37,+31.0,+21.8,BA	+6.50,+25.5,+21.9,BA	+6.72,+13.2,+20.2,JA	+2.49,+256.2,+21.0,FB	+6.94,+1.5,+20.2,FB	
1700412795.966008	+6.52,+17.5,+21.9,AA	+6.37,+31.0,+21.8,BA	+6.49,+25.5,+21.9,JA	+6.72,+13.2,+20.2,JA	+2.48,+257.0,+21.0,DB	+6.95,+1.4,+20.2,FB	
1700412857.9568236	+6.52,+17.5,+21.9,AA	+6.37,+31.0,+21.8,BA	+6.49,+25.5,+21.9,JA	+6.72,+13.2,+20.2,JA	+2.47,+257.2,+21.0,IB	+6.95,+1.4,+20.2,FB	
1700412919.9524236	+6.52,+17.5,+21.9,AA	+6.37,+31.0,+21.8,BA	+6.50,+25.5,+21.9,BA	+6.73,+13.0,+20.2,IA	+2.47,+257.4,+21.0,OB	+6.95,+1.3,+20.2,AB	
1700412981.9603066	+6.52,+17.6,+21.8,CA	+6.37,+31.0,+21.8,BA	+6.50,+25.5,+21.9,BA	+6.72,+13.1,+20.2,IA	+2.47,+257.7,+21.0,LB	+6.95,+1.4,+20.2,FB	
1700413043.9641516	+6.52,+17.6,+21.8,CA	+6.37,+31.1,+21.8,CA	+6.50,+25.5,+21.9,BA	+6.73,+13.0,+20.2,IA	+2.47,+257.6,+21.0,MB	+6.95,+1.2,+20.2,@B	
1700413105.973388	+6.52,+17.5,+21.8,@A	+6.37,+31.0,+21.8,BA	+6.49,+25.5,+21.9,JA	+6.72,+13.1,+20.2,IA	+2.46,+257.8,+21.0,BB	+6.95,+1.2,+20.2,@B	
1700413167.9783785	+6.52,+17.6,+21.9,BA	+6.37,+31.0,+21.8,BA	+6.50,+25.5,+21.9,BA	+6.73,+13.0,+20.2,IA	+2.46,+258.0,+21.0,EB	+6.95,+1.1,+20.3,BB	
1700413229.9837914	+6.52,+17.6,+21.8,CA	+6.37,+31.0,+21.8,BA	+6.49,+25.5,+21.9,JA	+6.72,+13.2,+20.2,JA	+2.46,+258.1,+21.0,DB	+6.95,+1.2,+20.2,@B	
1700413291.9922762	+6.52,+17.5,+21.9,AA	+6.37,+31.0,+21.8,BA	+6.49,+25.5,+21.9,JA	+6.72,+13.3,+20.2,KA	+2.46,+258.1,+21.0,DB	+6.95,+1.1,+20.2,CB	
1700413354.0008042	+6.52,+17.5,+21.8,@A	+6.37,+31.0,+21.8,BA	+6.49,+25.5,+21.9,JA	+6.73,+13.0,+20.2,IA	+2.46,+258.2,+21.0,GB	+6.95,+1.2,+20.2,@B	
1700413416.009608	+6.52,+17.5,+21.8,@A	+6.37,+31.0,+21.8,BA	+6.49,+25.5,+21.9,JA	+6.73,+12.9,+20.2,AA	+2.46,+258.2,+21.0,GB	+6.95,+1.2,+20.2,@B	
1700413661.5588465	+6.52,+17.6,+21.8,CA	+6.37,+31.1,+21.8,CA	+6.50,+25.5,+21.9,BA	+6.73,+12.8,+20.2,@A	+2.46,+257.7,+21.0,MB	+6.95,+1.1,+20.2,CB	
1700413723.569534	+6.52,+17.5,+21.9,AA	+6.37,+31.1,+21.8,CA	+6.50,+25.5,+21.9,BA	+6.73,+12.8,+20.2,@A	+2.45,+258.5,+21.0,CB	+6.95,+1.1,+20.2,CB	
1700413785.5784354	+6.52,+17.5,+21.9,AA	+6.37,+31.0,+21.8,BA	+6.50,+25.5,+21.9,BA	+6.74,+12.4,+20.2,KA	+2.45,+258.5,+21.0,CB	+6.95,+1.1,+20.2,CB	
1700413847.5842683	+6.52,+17.5,+21.9,AA	+6.37,+31.0,+21.8,BA	+6.49,+25.5,+21.9,JA	+6.74,+12.3,+20.2,LA	+2.45,+258.4,+21.0,BB	+6.95,+1.1,+20.2,CB	
1700413909.5937893	+6.52,+17.5,+21.9,AA	+6.37,+31.1,+21.8,CA	+6.50,+25.4,+21.9,CA	+6.73,+12.5,+20.2,MA	+2.45,+258.3,+21.0,EB	+6.95,+0.9,+20.2,JB	
1700413971.599023	+6.52,+17.6,+21.9,BA	+6.37,+31.0,+21.8,BA	+6.50,+25.5,+21.9,BA	+6.73,+12.5,+20.3,LA	+2.48,+257.0,+21.0,DB	+6.95,+0.9,+20.2,JB	
1700414033.6096604	+6.52,+17.5,+21.9,AA	+6.37,+31.0,+21.8,BA	+6.50,+25.4,+21.9,CA	+6.73,+12.7,+20.2,OA	+2.45,+258.3,+21.0,EB	+6.95,+0.9,+20.3,KB	
1700414095.6174104	+6.52,+17.5,+21.9,AA	+6.37,+31.0,+21.8,BA	+6.50,+25.5,+21.9,BA	+6.73,+12.6,+20.2,NA	+2.45,+258.4,+21.0,BB	+6.96,+0.8,+20.3,IB	
1700414157.625476	+6.52,+17.5,+21.9,AA	+6.37,+31.0,+21.8,BA	+6.50,+25.5,+21.9,BA	+6.73,+12.7,+20.2,OA	+2.45,+258.4,+21.0,BB	+6.95,+0.9,+20.2,JB	
1700414219.6315246	+6.52,+17.6,+21.9,BA	+6.37,+31.1,+21.8,CA	+6.49,+25.5,+21.9,JA	+6.74,+12.2,+20.2,MA	+2.45,+258.3,+21.0,EB	+6.96,+0.8,+20.2,HB	
1700414281.6384194	+6.52,+17.6,+21.9,BA	+6.37,+31.1,+21.8,CA	+6.49,+25.5,+21.9,JA	+6.74,+12.1,+20.2,NA	+2.46,+258.2,+21.0,GB	+6.96,+0.8,+20.2,HB	
1700414343.6472754	+6.52,+17.6,+21.9,BA	+6.37,+31.0,+21.8,BA	+6.49,+25.5,+21.9,JA	+6.74,+12.1,+20.2,NA	+2.46,+258.2,+21.0,GB	+6.96,+0.8,+20.2,HB	
1700414405.6571662	+6.52,+17.6,+21.9,BA	+6.37,+31.1,+21.8,CA	+6.50,+25.5,+21.9,BA	+6.74,+12.2,+20.2,MA	+2.46,+258.2,+21.0,GB	+6.96,+0.8,+20.2,HB	
1700414467.6667986	+6.52,+17.6,+21.9,BA	+6.37,+31.0,+21.8,BA	+6.50,+25.5,+21.9,BA	+6.74,+12.3,+20.2,LA	+2.45,+258.4,+21.0,BB	+6.96,+0.8,+20.2,HB	
1700414529.6761854	+6.52,+17.5,+21.9,AA	+6.37,+31.0,+21.8,BA	+6.49,+25.5,+21.9,JA	+6.74,+12.1,+20.2,NA	+2.45,+258.5,+21.0,CB	+6.96,+0.8,+20.2,HB	
1700414591.6843207	+6.52,+17.5,+21.9,AA	+6.37,+31.0,+21.8,BA	+6.49,+25.5,+21.9,JA	+6.74,+12.1,+20.2,NA	+2.45,+258.5,+21.0,CB	+6.96,+0.8,+20.2,HB	
1700414653.6939414	+6.52,+17.5,+21.9,AA	+6.37,+31.0,+21.8,BA	+6.49,+25.5,+21.9,JA	+6.74,+12.0,+20.2,OA	+2.45,+258.4,+21.0,BB	+6.96,+0.8,+20.2,HB	
1700414715.7030268	+6.52,+17.5,+21.9,AA	+6.37,+31.0,+21.8,BA	+6.49,+25.5,+21.9,JA	+6.74,+12.1,+20.2,NA	+2.45,+258.4,+21.0,BB	+6.96,+0.8,+20.2,HB	
1700414777.7143857	+6.52,+17.6,+21.9,BA	+6.37,+31.0,+21.8,BA	+6.49,+25.5,+21.9,JA	+6.74,+11.9,+20.2,EA	+2.45,+258.5,+21.0,CB	+6.96,+0.8,+20.2,HB	
1700414839.7213883	+6.52,+17.5,+21.9,AA	+6.37,+31.0,+21.8,BA	+6.49,+25.5,+21.9,JA	+6.74,+12.1,+20.2,NA	+2.45,+258.4,+21.0,BB	+6.96,+0.8,+20.2,HB	
1700414901.7302306	+6.52,+17.5,+21.9,AA	+6.37,+31.0,+21.8,BA	+6.50,+25.5,+21.9,BA	+6.74,+12.1,+20.2,NA	+2.45,+258.3,+21.0,EB	+6.96,+0.8,+20.2,HB	
