62309060476	62309060477	62309060478	62309060479	62309060481	62309060482	
1701970663.1277738	+6.71,+6.7,+21.4,OB	+6.50,+23.2,+21.5,OA	+6.84,+5.6,+21.4,GB	+7.05,-5.5,+19.9,LB		+7.01,-2.0,+19.9,JB	
1701970725.1349745	+6.71,+6.7,+21.4,OB	+6.51,+23.0,+21.5,LA	+6.84,+5.8,+21.4,IB	+7.04,-5.2,+19.9,JB		+7.01,-2.2,+19.9,HB	
1701970787.1442697	+6.71,+6.7,+21.4,OB	+6.51,+23.0,+21.5,LA	+6.84,+5.8,+21.4,IB	+7.05,-5.4,+19.9,MB		+7.01,-2.2,+19.9,HB	
1701970849.1532524	+6.71,+6.7,+21.4,OB	+6.51,+22.9,+21.5,DA	+6.84,+5.7,+21.4,FB	+7.05,-5.3,+19.9,JB		+7.01,-2.0,+19.9,JB	
1701970911.1615157	+6.71,+6.7,+21.4,OB	+6.51,+22.9,+21.5,DA	+6.84,+5.7,+21.4,FB	+7.05,-5.3,+19.9,JB		+7.01,-2.0,+19.9,JB	
1701970973.1712914	+6.71,+6.7,+21.3,HB	+6.51,+22.8,+21.5,EA	+6.84,+5.8,+21.4,IB	+7.05,-5.3,+19.9,JB		+7.01,-2.1,+19.9,KB	
1701971035.1822608	+6.71,+6.7,+21.4,OB	+6.51,+22.9,+21.5,DA	+6.84,+5.7,+21.4,FB	+7.05,-5.3,+19.9,JB		+7.01,-2.1,+19.9,KB	
1701971097.1901994	+6.71,+6.7,+21.4,OB	+6.51,+22.9,+21.5,DA	+6.84,+5.6,+21.4,GB	+7.05,-5.3,+19.9,JB		+7.01,-2.2,+19.9,HB	
1701971159.2020497	+6.71,+6.7,+21.4,OB	+6.51,+22.9,+21.4,EA	+6.84,+5.7,+21.4,FB	+7.04,-5.2,+19.9,JB		+7.00,-2.0,+19.9,KB	
1701971221.2097018	+6.71,+6.7,+21.3,HB	+6.51,+22.9,+21.5,DA	+6.84,+5.6,+21.4,GB	+7.05,-5.4,+19.9,MB		+7.01,-2.3,+19.9,IB	
1701971283.218852	+6.71,+6.7,+21.4,OB	+6.51,+23.0,+21.5,LA	+6.84,+5.7,+21.4,FB	+7.05,-5.4,+19.9,MB		+7.01,-2.3,+19.9,IB	
1701971345.2249773	+6.71,+6.7,+21.4,OB	+6.51,+22.9,+21.5,DA	+6.84,+5.7,+21.4,FB	+7.05,-5.3,+19.9,JB		+7.01,-2.2,+19.9,HB	
1701971407.2351003	+6.71,+6.7,+21.4,OB	+6.51,+22.9,+21.5,DA	+6.84,+5.6,+21.4,GB	+7.05,-5.3,+19.9,JB		+7.01,-2.2,+19.9,HB	
1701971469.2433124	+6.71,+6.8,+21.3,GB	+6.51,+23.1,+21.5,MA	+6.84,+5.8,+21.4,IB	+7.05,-5.4,+19.9,MB		+7.01,-2.0,+19.9,JB	
1701971531.2533095	+6.71,+6.8,+21.4,@B	+6.51,+22.9,+21.5,DA	+6.84,+5.7,+21.4,FB	+7.05,-5.3,+19.9,JB		+7.01,-2.2,+19.9,HB	
1701971593.2599223	+6.71,+6.7,+21.4,OB	+6.51,+23.0,+21.4,MA	+6.84,+5.8,+21.4,IB	+7.04,-5.3,+19.9,KB		+7.01,-2.0,+19.9,JB	
1701971655.2697732	+6.71,+6.8,+21.4,@B	+6.51,+23.0,+21.4,MA	+6.84,+5.7,+21.4,FB	+7.05,-5.5,+19.9,LB		+7.01,-2.2,+19.8,IB	
1701971717.2791522	+6.71,+6.8,+21.3,GB	+6.51,+23.0,+21.5,LA	+6.84,+5.7,+21.4,FB	+7.05,-5.4,+19.9,MB		+7.01,-2.2,+19.8,IB	
1701971779.2838106	+6.71,+6.8,+21.3,GB	+6.51,+22.9,+21.5,DA	+6.84,+5.8,+21.4,IB	+7.04,-5.3,+19.9,KB		+7.01,-2.1,+19.8,JB	
1701971841.2937725	+6.71,+6.8,+21.3,GB	+6.51,+22.9,+21.4,EA	+6.84,+5.8,+21.4,IB	+7.04,-5.2,+19.9,JB		+7.01,-2.1,+19.8,JB	
1701971903.303582	+6.71,+6.7,+21.4,OB	+6.51,+22.9,+21.4,EA	+6.84,+5.7,+21.4,FB	+7.04,-5.3,+19.9,KB		+7.01,-2.1,+19.8,JB	
1701971965.3126485	+6.71,+6.8,+21.4,@B	+6.51,+23.1,+21.4,LA	+6.84,+5.7,+21.4,FB	+7.05,-5.5,+19.9,LB		+7.01,-2.1,+19.8,JB	
1701972027.3224766	+6.71,+6.7,+21.3,HB	+6.51,+23.1,+21.4,LA	+6.84,+5.8,+21.4,IB	+7.05,-5.3,+19.9,JB		+7.01,-2.1,+19.8,JB	
1701972089.33184	+6.71,+6.7,+21.3,HB	+6.51,+23.0,+21.4,MA	+6.84,+5.6,+21.4,GB	+7.05,-5.5,+19.9,LB		+7.00,-1.9,+19.8,@B	
1701972151.3420534	+6.71,+6.7,+21.3,HB	+6.51,+22.8,+21.5,EA	+6.84,+5.8,+21.4,IB	+7.04,-5.2,+19.9,JB		+7.01,-2.3,+19.8,HB	
1701972213.3505123	+6.70,+6.8,+21.4,AB	+6.51,+23.0,+21.5,LA	+6.84,+5.7,+21.4,FB	+7.05,-5.4,+19.9,MB		+7.01,-2.2,+19.8,IB	
1701972275.3606071	+6.71,+6.8,+21.3,GB	+6.51,+22.9,+21.4,EA	+6.84,+5.6,+21.4,GB	+7.05,-5.4,+19.9,MB		+7.01,-2.0,+19.8,KB	
1701972337.3715615	+6.71,+6.8,+21.3,GB	+6.51,+22.9,+21.4,EA	+6.84,+5.6,+21.4,GB	+7.05,-5.3,+19.9,JB		+7.00,-2.0,+19.8,JB	
1701972399.382248	+6.70,+6.8,+21.3,FB	+6.50,+23.2,+21.4,NA	+6.84,+5.8,+21.4,IB	+7.05,-5.3,+19.9,JB		+7.01,-2.2,+19.8,IB	
1701972461.3928235	+6.71,+6.7,+21.3,HB	+6.51,+23.0,+21.4,MA	+6.84,+5.7,+21.4,FB	+7.04,-5.2,+19.9,JB		+7.01,-2.0,+19.8,KB	
1701972523.401679	+6.71,+6.8,+21.3,GB	+6.51,+23.0,+21.4,MA	+6.84,+5.7,+21.4,FB	+7.04,-5.2,+19.9,JB		+7.00,-1.9,+19.8,@B	
1701972585.4096236	+6.71,+6.8,+21.3,GB	+6.51,+23.1,+21.5,MA	+6.84,+5.7,+21.4,FB	+7.05,-5.4,+19.9,MB		+7.01,-2.2,+19.8,IB	
1701972647.4181716	+6.71,+6.8,+21.3,GB	+6.51,+23.0,+21.4,MA	+6.84,+5.6,+21.4,GB	+7.05,-5.3,+19.9,JB		+7.01,-2.1,+19.8,JB	
1701972709.4283857	+6.71,+6.7,+21.3,HB	+6.51,+22.9,+21.4,EA	+6.84,+5.6,+21.4,GB	+7.05,-5.3,+19.9,JB		+7.01,-2.2,+19.8,IB	
1701972771.4354136	+6.71,+6.8,+21.3,GB	+6.51,+23.0,+21.4,MA	+6.84,+5.8,+21.4,IB	+7.05,-5.4,+19.9,MB		+7.01,-2.0,+19.8,KB	
1701972833.44592	+6.71,+6.7,+21.3,HB	+6.51,+23.0,+21.4,MA	+6.84,+5.8,+21.4,IB	+7.05,-5.5,+19.9,LB		+7.01,-2.0,+19.8,KB	
1701972895.4555752	+6.71,+6.7,+21.3,HB	+6.51,+23.0,+21.4,MA	+6.84,+5.8,+21.4,IB	+7.05,-5.4,+19.9,MB		+7.01,-2.0,+19.8,KB	
1701972957.4657602	+6.71,+6.7,+21.3,HB	+6.51,+23.1,+21.4,LA	+6.84,+5.7,+21.3,AB	+7.05,-5.5,+19.9,LB		+7.01,-2.2,+19.8,IB	
1701973019.4761052	+6.71,+6.7,+21.3,HB	+6.51,+22.9,+21.4,EA	+6.84,+5.6,+21.4,GB	+7.05,-5.3,+19.9,JB		+7.01,-2.1,+19.8,JB	
1701973081.4815834	+6.71,+6.7,+21.3,HB	+6.51,+22.9,+21.4,EA	+6.84,+5.8,+21.4,IB	+7.04,-5.3,+19.9,KB		+7.01,-2.0,+19.8,KB	
1701973143.4916255	+6.71,+6.7,+21.3,HB	+6.51,+22.9,+21.4,EA	+6.84,+5.7,+21.4,FB	+7.05,-5.5,+19.9,LB		+7.01,-2.2,+19.8,IB	
1701973205.50133	+6.71,+6.7,+21.3,HB	+6.51,+22.8,+21.4,DA	+6.84,+5.8,+21.4,IB	+7.05,-5.3,+19.9,JB		+7.01,-2.1,+19.8,JB	
1701973267.5094433	+6.71,+6.7,+21.3,HB	+6.51,+23.1,+21.4,LA	+6.84,+5.6,+21.4,GB	+7.05,-5.5,+19.9,LB		+7.01,-2.1,+19.8,JB	
1701973329.5160763	+6.71,+6.7,+21.3,HB	+6.51,+22.9,+21.4,EA	+6.84,+5.7,+21.4,FB	+7.05,-5.3,+19.9,JB		+7.01,-2.1,+19.8,JB	
1701973576.240955	+6.71,+6.7,+21.3,HB	+6.51,+22.9,+21.4,EA	+6.84,+5.8,+21.4,IB	+7.05,-5.4,+19.8,LB		+7.01,-2.1,+19.8,JB	
1701973638.2486212	+6.71,+6.7,+21.3,HB	+6.51,+22.9,+21.4,EA	+6.84,+5.8,+21.4,IB	+7.05,-5.3,+19.8,KB		+7.01,-2.3,+19.8,HB	
1701973700.2549047	+6.71,+6.6,+21.3,IB	+6.51,+22.7,+21.4,KA	+6.84,+5.7,+21.4,FB	+7.05,-5.4,+19.9,MB		+7.01,-2.1,+19.8,JB	
1701973762.2650564	+6.71,+6.6,+21.3,IB	+6.51,+22.7,+21.4,KA	+6.84,+5.7,+21.4,FB	+7.05,-5.5,+19.9,LB		+7.01,-2.2,+19.8,IB	
1701973824.2751698	+6.71,+6.6,+21.3,IB	+6.51,+22.8,+21.4,DA	+6.84,+5.8,+21.4,IB	+7.05,-5.5,+19.9,LB		+7.01,-2.3,+19.8,HB	
1701973886.2846334	+6.71,+6.6,+21.3,IB	+6.51,+22.8,+21.4,DA	+6.84,+5.8,+21.4,IB	+7.05,-5.5,+19.8,MB		+7.01,-2.1,+19.8,JB	
1701973948.2943249	+6.71,+6.6,+21.3,IB	+6.52,+22.6,+21.4,IA	+6.84,+5.6,+21.4,GB	+7.04,-5.3,+19.9,KB		+7.01,-2.2,+19.8,IB	
1701974010.3038285	+6.71,+6.6,+21.3,IB	+6.51,+22.7,+21.4,KA	+6.84,+5.6,+21.4,GB	+7.05,-5.4,+19.8,LB		+7.01,-2.1,+19.8,JB	
1701974072.3134286	+6.71,+6.6,+21.3,IB	+6.51,+22.7,+21.4,KA	+6.84,+5.5,+21.4,DB	+7.05,-5.4,+19.9,MB		+7.01,-2.1,+19.8,JB	
1701974134.3227334	+6.71,+6.7,+21.3,HB	+6.51,+22.8,+21.4,DA	+6.84,+5.6,+21.4,GB	+7.05,-5.4,+19.8,LB		+7.01,-2.2,+19.8,IB	
1701974196.3313482	+6.71,+6.6,+21.3,IB	+6.51,+22.8,+21.4,DA	+6.84,+5.6,+21.4,GB	+7.05,-5.4,+19.8,LB		+7.01,-2.1,+19.8,JB	
1701974258.342516	+6.71,+6.6,+21.3,IB	+6.51,+22.6,+21.4,JA	+6.84,+5.7,+21.4,FB	+7.05,-5.5,+19.8,MB		+7.01,-2.0,+19.8,KB	
1701974320.3522635	+6.71,+6.6,+21.3,IB	+6.52,+22.5,+21.4,JA	+6.84,+5.6,+21.3,@B	+7.05,-5.3,+19.8,KB		+7.01,-2.0,+19.8,KB	
1701974382.3626251	+6.71,+6.6,+21.3,IB	+6.52,+22.5,+21.4,JA	+6.84,+5.7,+21.4,FB	+7.05,-5.4,+19.8,LB		+7.01,-2.0,+19.8,KB	
1701974444.371842	+6.71,+6.6,+21.3,IB	+6.51,+22.6,+21.4,JA	+6.84,+5.7,+21.3,AB	+7.05,-5.4,+19.8,LB		+7.01,-2.2,+19.8,IB	
1701974506.3816292	+6.71,+6.6,+21.3,IB	+6.52,+22.5,+21.4,JA	+6.84,+5.7,+21.4,FB	+7.05,-5.3,+19.8,KB		+7.01,-2.0,+19.8,KB	
1701974568.3897886	+6.71,+6.6,+21.3,IB	+6.51,+22.6,+21.4,JA	+6.84,+5.6,+21.3,@B	+7.05,-5.3,+19.8,KB		+7.01,-2.1,+19.8,JB	
1701974630.3992484	+6.71,+6.7,+21.3,HB	+6.51,+22.6,+21.4,JA	+6.84,+5.7,+21.3,AB	+7.05,-5.3,+19.8,KB		+7.00,-2.0,+19.8,JB	
1701974692.4102561	+6.71,+6.6,+21.3,IB	+6.52,+22.6,+21.4,IA	+6.84,+5.7,+21.3,AB	+7.05,-5.4,+19.8,LB		+7.01,-2.0,+19.8,KB	
1701974754.420276	+6.71,+6.7,+21.3,HB	+6.51,+22.6,+21.4,JA	+6.84,+5.7,+21.4,FB	+7.05,-5.4,+19.8,LB		+7.01,-2.0,+19.8,KB	
1701974816.4324753	+6.71,+6.6,+21.3,IB	+6.52,+22.6,+21.4,IA	+6.84,+5.7,+21.4,FB	+7.05,-5.4,+19.8,LB		+7.01,-2.0,+19.8,KB	
1701974878.4420757	+6.71,+6.6,+21.3,IB	+6.52,+22.5,+21.4,JA	+6.84,+5.7,+21.4,FB	+7.05,-5.3,+19.8,KB		+7.01,-2.3,+19.8,HB	
1701974940.4488728	+6.71,+6.7,+21.3,HB	+6.52,+22.4,+21.4,KA	+6.84,+5.6,+21.3,@B	+7.05,-5.3,+19.8,KB		+7.01,-2.1,+19.8,JB	
1701975002.4547305	+6.71,+6.6,+21.3,IB	+6.52,+22.5,+21.4,JA	+6.84,+5.6,+21.3,@B	+7.05,-5.5,+19.8,MB		+7.01,-2.0,+19.8,KB	
1701975064.462425	+6.71,+6.6,+21.3,IB	+6.52,+22.4,+21.4,KA	+6.84,+5.7,+21.4,FB	+7.05,-5.3,+19.8,KB		+7.01,-2.1,+19.8,JB	
1701975126.4704142	+6.71,+6.6,+21.3,IB	+6.52,+22.4,+21.4,KA	+6.84,+5.5,+21.3,CB	+7.05,-5.3,+19.8,KB		+7.01,-2.0,+19.8,KB	
1701975188.481861	+6.71,+6.6,+21.3,IB	+6.52,+22.3,+21.4,LA	+6.84,+5.6,+21.3,@B	+7.05,-5.4,+19.8,LB		+7.01,-2.1,+19.8,JB	
1701975250.4965897	+6.71,+6.6,+21.3,IB	+6.52,+22.5,+21.4,JA	+6.84,+5.7,+21.3,AB	+7.05,-5.5,+19.8,MB		+7.01,-2.2,+19.8,IB	
1701975312.5018115	+6.71,+6.6,+21.3,IB	+6.52,+22.3,+21.4,LA	+6.84,+5.6,+21.3,@B	+7.04,-5.3,+19.8,JB		+7.01,-2.1,+19.8,JB	
1701975374.511935	+6.71,+6.6,+21.3,IB	+6.52,+22.4,+21.4,KA	+6.84,+5.6,+21.3,@B	+7.05,-5.4,+19.8,LB		+7.01,-2.1,+19.8,JB	
1701975436.5244453	+6.71,+6.6,+21.3,IB	+6.52,+22.4,+21.4,KA	+6.84,+5.7,+21.3,AB	+7.05,-5.5,+19.8,MB		+7.01,-2.1,+19.8,JB	
1701975498.53547	+6.71,+6.6,+21.3,IB	+6.52,+22.2,+21.4,MA	+6.84,+5.7,+21.3,AB	+7.05,-5.3,+19.8,KB		+7.01,-2.3,+19.8,HB	
1701975560.5467591	+6.71,+6.6,+21.3,IB	+6.52,+22.4,+21.4,KA	+6.84,+5.5,+21.3,CB	+7.05,-5.3,+19.8,KB		+7.01,-2.3,+19.8,HB	
1701975622.5563486	+6.71,+6.6,+21.3,IB	+6.52,+22.2,+21.4,MA	+6.84,+5.7,+21.4,FB	+7.05,-5.4,+19.8,LB		+7.01,-2.0,+19.8,KB	
1701975684.5659776	+6.71,+6.6,+21.3,IB	+6.52,+22.3,+21.4,LA	+6.84,+5.6,+21.3,@B	+7.05,-5.6,+19.8,NB		+7.01,-2.1,+19.8,JB	
1701975746.5703664	+6.71,+6.6,+21.3,IB	+6.52,+22.2,+21.4,MA	+6.84,+5.7,+21.4,FB	+7.05,-5.4,+19.8,LB		+7.01,-2.0,+19.8,KB	
1701975808.5809922	+6.71,+6.6,+21.3,IB	+6.52,+22.4,+21.4,KA	+6.84,+5.5,+21.3,CB	+7.05,-5.5,+19.8,MB		+7.01,-2.3,+19.8,HB	
1701975870.593178	+6.71,+6.6,+21.3,IB	+6.52,+22.3,+21.4,LA	+6.84,+5.7,+21.4,FB	+7.05,-5.3,+19.8,KB		+7.01,-2.1,+19.8,JB	
1701975932.6060355	+6.71,+6.7,+21.3,HB	+6.52,+22.4,+21.4,KA	+6.84,+5.6,+21.4,GB	+7.05,-5.5,+19.8,MB		+7.01,-2.1,+19.8,JB	
1701975994.6149626	+6.71,+6.6,+21.3,IB	+6.52,+22.4,+21.4,KA	+6.84,+5.7,+21.4,FB	+7.05,-5.4,+19.8,LB		+7.01,-2.0,+19.8,KB	
1701976056.625854	+6.71,+6.7,+21.3,HB	+6.52,+22.3,+21.4,LA	+6.84,+5.5,+21.3,CB	+7.05,-5.5,+19.8,MB		+7.01,-2.2,+19.8,IB	
1701976118.6340568	+6.71,+6.6,+21.3,IB	+6.52,+22.2,+21.4,MA	+6.84,+5.5,+21.3,CB	+7.05,-5.4,+19.8,LB		+7.01,-2.3,+19.8,HB	
1701976180.644449	+6.71,+6.6,+21.3,IB	+6.52,+22.2,+21.4,MA	+6.84,+5.5,+21.3,CB	+7.05,-5.5,+19.8,MB		+7.01,-2.1,+19.8,JB	
1701976242.6559508	+6.71,+6.6,+21.3,IB	+6.52,+22.3,+21.4,LA	+6.84,+5.7,+21.3,AB	+7.05,-5.5,+19.8,MB		+7.01,-2.1,+19.8,JB	
1701976304.6630065	+6.71,+6.6,+21.3,IB	+6.52,+22.4,+21.4,KA	+6.84,+5.7,+21.3,AB	+7.05,-5.5,+19.8,MB		+7.01,-2.1,+19.8,JB	
1701976366.6703815	+6.71,+6.6,+21.3,IB	+6.52,+22.0,+21.4,OA	+6.84,+5.5,+21.4,DB	+7.05,-5.3,+19.8,KB		+7.01,-2.1,+19.8,JB	
1701976428.6789596	+6.71,+6.6,+21.3,IB	+6.52,+22.1,+21.4,NA	+6.84,+5.5,+21.3,CB	+7.05,-5.4,+19.8,LB		+7.01,-2.0,+19.8,KB	
1701976490.688725	+6.71,+6.7,+21.3,HB	+6.52,+22.3,+21.4,LA	+6.84,+5.6,+21.3,@B	+7.05,-5.4,+19.8,LB		+7.01,-2.2,+19.8,IB	
1701976552.7010398	+6.71,+6.6,+21.3,IB	+6.52,+22.2,+21.4,MA	+6.84,+5.5,+21.4,DB	+7.05,-5.3,+19.8,KB		+7.01,-2.0,+19.8,KB	
1701976614.7123158	+6.71,+6.6,+21.3,IB	+6.52,+22.2,+21.4,MA	+6.84,+5.7,+21.3,AB	+7.05,-5.5,+19.8,MB		+7.01,-2.3,+19.8,HB	
1701976676.7223704	+6.71,+6.7,+21.3,HB	+6.52,+22.2,+21.4,MA	+6.84,+5.5,+21.3,CB	+7.05,-5.3,+19.8,KB		+7.01,-2.0,+19.8,KB	
1701976738.7304068	+6.71,+6.6,+21.3,IB	+6.53,+22.0,+21.4,NA	+6.84,+5.5,+21.4,DB	+7.05,-5.4,+19.8,LB		+7.01,-2.3,+19.8,HB	
1701976800.7426302	+6.71,+6.7,+21.3,HB	+6.52,+22.0,+21.4,OA	+6.84,+5.6,+21.3,@B	+7.05,-5.5,+19.8,MB		+7.01,-2.1,+19.8,JB	
1701976862.7531028	+6.71,+6.6,+21.3,IB	+6.53,+22.0,+21.4,NA	+6.84,+5.6,+21.3,@B	+7.05,-5.4,+19.8,LB		+7.01,-2.2,+19.8,IB	
1701976924.763434	+6.71,+6.6,+21.3,IB	+6.52,+22.1,+21.4,NA	+6.84,+5.5,+21.3,CB	+7.05,-5.6,+19.8,NB		+7.01,-2.0,+19.8,KB	
1701976986.7749403	+6.71,+6.6,+21.3,IB	+6.53,+21.9,+21.4,DA	+6.84,+5.6,+21.3,@B	+7.05,-5.4,+19.8,LB		+7.01,-2.1,+19.8,JB	
1701977048.7835522	+6.71,+6.6,+21.3,IB	+6.52,+22.1,+21.4,NA	+6.84,+5.5,+21.3,CB	+7.05,-5.5,+19.8,MB		+7.01,-2.2,+19.8,IB	
1701977110.7922404	+6.71,+6.6,+21.3,IB	+6.52,+22.1,+21.4,NA	+6.84,+5.5,+21.3,CB	+7.05,-5.5,+19.8,MB		+7.01,-2.3,+19.8,HB	
1701977172.80566	+6.71,+6.6,+21.3,IB	+6.53,+22.0,+21.4,NA	+6.84,+5.6,+21.3,@B	+7.05,-5.4,+19.8,LB		+7.01,-2.2,+19.7,FB	
1701977419.5150826	+6.71,+6.7,+21.3,HB	+6.53,+21.9,+21.4,DA	+6.84,+5.6,+21.3,@B	+7.05,-5.3,+19.8,KB		+7.01,-2.0,+19.8,KB	
1701977481.52375	+6.71,+6.7,+21.3,HB	+6.52,+22.1,+21.4,NA	+6.84,+5.6,+21.3,@B	+7.05,-5.4,+19.8,LB		+7.01,-2.1,+19.8,JB	
1701977543.5334108	+6.71,+6.7,+21.3,HB	+6.52,+22.0,+21.4,OA	+6.84,+5.6,+21.3,@B	+7.05,-5.5,+19.8,MB		+7.01,-2.0,+19.8,KB	
1701977605.5425637	+6.71,+6.7,+21.3,HB	+6.53,+21.9,+21.4,DA	+6.84,+5.5,+21.3,CB	+7.05,-5.5,+19.8,MB		+7.01,-2.1,+19.8,JB	
1701977667.552404	+6.71,+6.7,+21.3,HB	+6.52,+22.1,+21.4,NA	+6.84,+5.5,+21.3,CB	+7.05,-5.5,+19.8,MB		+7.01,-2.1,+19.8,JB	
1701977729.5625794	+6.71,+6.7,+21.3,HB	+6.53,+22.0,+21.4,NA	+6.84,+5.5,+21.3,CB	+7.05,-5.3,+19.8,KB		+7.01,-2.2,+19.8,IB	
1701977791.5723855	+6.71,+6.7,+21.3,HB	+6.53,+22.0,+21.4,NA	+6.84,+5.5,+21.3,CB	+7.05,-5.4,+19.8,LB		+7.01,-2.1,+19.8,JB	
1701977853.5811749	+6.71,+6.7,+21.3,HB	+6.52,+22.0,+21.4,OA	+6.84,+5.5,+21.3,CB	+7.05,-5.4,+19.8,LB		+7.01,-2.1,+19.8,JB	
1701977915.5913348	+6.71,+6.7,+21.3,HB	+6.52,+22.1,+21.4,NA	+6.84,+5.6,+21.3,@B	+7.05,-5.6,+19.8,NB		+7.01,-2.3,+19.8,HB	
1701977977.6023188	+6.71,+6.7,+21.3,HB	+6.52,+22.1,+21.4,NA	+6.84,+5.5,+21.3,CB	+7.05,-5.5,+19.8,MB		+7.01,-2.2,+19.8,IB	
1701978039.6113024	+6.71,+6.8,+21.3,GB	+6.53,+21.9,+21.4,DA	+6.84,+5.6,+21.3,@B	+7.05,-5.4,+19.8,LB		+7.01,-2.2,+19.8,IB	
1701978101.6199348	+6.71,+6.7,+21.3,HB	+6.53,+22.0,+21.4,NA	+6.84,+5.6,+21.3,@B	+7.05,-5.6,+19.8,NB		+7.01,-2.2,+19.7,FB	
1701978163.6243286	+6.71,+6.7,+21.3,HB	+6.53,+21.9,+21.4,DA	+6.84,+5.6,+21.3,@B	+7.05,-5.6,+19.8,NB		+7.01,-2.2,+19.8,IB	
1701978225.635514	+6.71,+6.7,+21.2,IB	+6.53,+21.9,+21.4,DA	+6.84,+5.5,+21.3,CB	+7.05,-5.4,+19.8,LB		+7.01,-2.3,+19.7,GB	
1701978287.6423445	+6.71,+6.7,+21.3,HB	+6.53,+21.9,+21.4,DA	+6.84,+5.6,+21.3,@B	+7.05,-5.4,+19.8,LB		+7.01,-2.3,+19.8,HB	
1701978349.652953	+6.71,+6.7,+21.3,HB	+6.53,+22.0,+21.4,NA	+6.84,+5.5,+21.3,CB	+7.05,-5.4,+19.8,LB		+7.01,-2.3,+19.8,HB	
1701978411.6636434	+6.71,+6.7,+21.3,HB	+6.53,+21.9,+21.4,DA	+6.84,+5.6,+21.3,@B	+7.05,-5.4,+19.8,LB		+7.01,-2.1,+19.8,JB	
1701978473.6719992	+6.71,+6.7,+21.3,HB	+6.53,+21.9,+21.4,DA	+6.84,+5.5,+21.4,DB	+7.05,-5.4,+19.8,LB		+7.01,-2.1,+19.8,JB	
1701978535.682183	+6.71,+6.7,+21.3,HB	+6.52,+22.0,+21.4,OA	+6.84,+5.5,+21.4,DB	+7.05,-5.4,+19.8,LB		+7.01,-2.2,+19.8,IB	
1701978597.6899617	+6.71,+6.7,+21.3,HB	+6.52,+22.0,+21.4,OA	+6.84,+5.5,+21.4,DB	+7.05,-5.6,+19.8,NB		+7.01,-2.3,+19.8,HB	
1701978659.7010791	+6.71,+6.7,+21.3,HB	+6.53,+21.9,+21.4,DA	+6.84,+5.4,+21.4,EB	+7.05,-5.5,+19.8,MB		+7.01,-2.3,+19.8,HB	
1701978721.7140605	+6.71,+6.8,+21.3,GB	+6.52,+22.1,+21.4,NA	+6.84,+5.6,+21.4,GB	+7.05,-5.5,+19.8,MB		+7.01,-2.1,+19.8,JB	
1701978783.720076	+6.71,+6.7,+21.3,HB	+6.52,+22.0,+21.4,OA	+6.84,+5.5,+21.4,DB	+7.05,-5.3,+19.8,KB		+7.01,-2.1,+19.8,JB	
1701978845.7287927	+6.71,+6.7,+21.3,HB	+6.53,+21.9,+21.4,DA	+6.84,+5.4,+21.4,EB	+7.05,-5.3,+19.8,KB		+7.01,-2.3,+19.8,HB	
1701978907.7363768	+6.71,+6.7,+21.3,HB	+6.53,+21.9,+21.4,DA	+6.84,+5.5,+21.4,DB	+7.05,-5.5,+19.8,MB		+7.01,-2.2,+19.8,IB	
1701978969.7406473	+6.71,+6.7,+21.3,HB	+6.53,+21.9,+21.4,DA	+6.85,+5.4,+21.4,DB	+7.05,-5.4,+19.8,LB		+7.01,-2.3,+19.8,HB	
1701979031.7552009	+6.71,+6.7,+21.3,HB	+6.53,+22.0,+21.4,NA	+6.84,+5.5,+21.4,DB	+7.05,-5.6,+19.8,NB		+7.01,-2.0,+19.8,KB	
1701979093.767349	+6.71,+6.7,+21.3,HB	+6.52,+22.0,+21.4,OA	+6.84,+5.6,+21.4,GB	+7.05,-5.5,+19.8,MB		+7.01,-2.3,+19.8,HB	
1701979155.7785249	+6.71,+6.7,+21.3,HB	+6.52,+22.2,+21.4,MA	+6.84,+5.6,+21.4,GB	+7.05,-5.5,+19.8,MB		+7.01,-2.3,+19.8,HB	
1701979217.7891476	+6.71,+6.7,+21.3,HB	+6.52,+22.1,+21.4,NA	+6.84,+5.5,+21.4,DB	+7.05,-5.6,+19.9,OB		+7.01,-2.3,+19.8,HB	
1701979279.8083134	+6.71,+6.6,+21.3,IB	+6.53,+22.0,+21.4,NA	+6.84,+5.4,+21.4,EB	+7.05,-5.4,+19.8,LB		+7.01,-2.1,+19.8,JB	
1701979341.827068	+6.71,+6.6,+21.3,IB	+6.52,+22.0,+21.4,OA	+6.84,+5.5,+21.4,DB	+7.05,-5.6,+19.8,NB		+7.01,-2.4,+19.8,OB	
1701979403.8473816	+6.71,+6.6,+21.3,IB	+6.53,+21.9,+21.5,EA	+6.84,+5.5,+21.5,EB	+7.05,-5.5,+19.9,LB		+7.01,-2.3,+19.8,HB	
1701979465.8569653	+6.71,+6.6,+21.3,IB	+6.53,+21.9,+21.5,EA	+6.84,+5.5,+21.4,DB	+7.05,-5.5,+19.9,LB		+7.01,-2.3,+19.9,IB	
1701979527.8660152	+6.71,+6.7,+21.3,HB	+6.53,+21.9,+21.4,DA	+6.84,+5.6,+21.4,GB	+7.05,-5.4,+19.9,MB		+7.01,-2.3,+19.8,HB	
1701979589.8854227	+6.71,+6.6,+21.3,IB	+6.53,+22.0,+21.5,OA	+6.84,+5.4,+21.4,EB	+7.05,-5.5,+19.9,LB		+7.01,-2.1,+19.8,JB	
1701979651.8940907	+6.71,+6.6,+21.3,IB	+6.53,+21.8,+21.5,DA	+6.84,+5.5,+21.4,DB	+7.05,-5.4,+19.9,MB		+7.01,-2.3,+19.8,HB	
1701979713.9134858	+6.71,+6.6,+21.3,IB	+6.53,+21.9,+21.4,DA	+6.85,+5.3,+21.4,CB	+7.05,-5.6,+19.9,OB		+7.01,-2.1,+19.9,KB	
1701979775.936564	+6.71,+6.6,+21.3,IB	+6.53,+21.7,+21.4,JA	+6.84,+5.4,+21.4,EB	+7.05,-5.6,+19.9,OB		+7.01,-2.1,+19.8,JB	
1701979837.9595506	+6.71,+6.6,+21.3,IB	+6.53,+21.9,+21.4,DA	+6.84,+5.4,+21.4,EB	+7.05,-5.5,+19.9,LB		+7.01,-2.3,+19.8,HB	
1701979899.9684188	+6.71,+6.6,+21.3,IB	+6.53,+21.9,+21.4,DA	+6.84,+5.6,+21.4,GB	+7.05,-5.4,+19.9,MB		+7.01,-2.1,+19.8,JB	
1701979961.9735773	+6.71,+6.6,+21.3,IB	+6.53,+21.8,+21.4,EA	+6.84,+5.6,+21.4,GB	+7.05,-5.4,+19.9,MB		+7.01,-2.1,+19.8,JB	
1701980023.9819202	+6.71,+6.5,+21.3,JB	+6.53,+21.9,+21.4,DA	+6.84,+5.4,+21.4,EB	+7.05,-5.6,+19.9,OB		+7.01,-2.2,+19.8,IB	
1701980086.0025024	+6.71,+6.5,+21.3,JB	+6.53,+21.7,+21.4,JA	+6.85,+5.4,+21.4,DB	+7.05,-5.5,+19.9,LB		+7.01,-2.3,+19.8,HB	
1701980148.0082774	+6.71,+6.6,+21.3,IB	+6.53,+22.0,+21.5,OA	+6.84,+5.5,+21.4,DB	+7.05,-5.5,+19.9,LB		+7.01,-2.0,+19.9,JB	
1701980210.0249481	+6.71,+6.6,+21.3,IB	+6.52,+22.1,+21.4,NA	+6.85,+5.4,+21.4,DB	+7.05,-5.5,+19.9,LB		+7.01,-2.3,+19.8,HB	
1701980272.03	+6.71,+6.6,+21.3,IB	+6.52,+22.1,+21.4,NA	+6.84,+5.4,+21.4,EB	+7.05,-5.4,+19.9,MB		+7.01,-2.3,+19.8,HB	
1701980334.0474517	+6.71,+6.5,+21.3,JB	+6.52,+22.2,+21.4,MA	+6.84,+5.5,+21.4,DB	+7.05,-5.5,+19.9,LB		+7.01,-2.3,+19.8,HB	
1701980396.0625625	+6.71,+6.6,+21.3,IB	+6.52,+22.0,+21.4,OA	+6.84,+5.4,+21.4,EB	+7.05,-5.4,+19.9,MB		+7.01,-2.3,+19.8,HB	
1701980458.0807722	+6.71,+6.6,+21.3,IB	+6.53,+22.0,+21.5,OA	+6.84,+5.5,+21.4,DB	+7.05,-5.5,+19.9,LB		+7.01,-2.1,+19.8,JB	
1701980520.097136	+6.71,+6.6,+21.3,IB	+6.52,+22.1,+21.5,OA	+6.84,+5.5,+21.4,DB	+7.05,-5.6,+19.9,OB		+7.01,-2.2,+19.9,HB	
1701980582.1236537	+6.71,+6.6,+21.3,IB	+6.52,+22.1,+21.5,OA	+6.85,+5.4,+21.4,DB	+7.05,-5.4,+19.9,MB		+7.01,-2.2,+19.8,IB	
1701980644.1429145	+6.71,+6.6,+21.3,IB	+6.52,+22.0,+21.5,NA	+6.84,+5.4,+21.4,EB	+7.05,-5.4,+19.9,MB		+7.01,-2.0,+19.8,KB	
1701980706.1681068	+6.71,+6.6,+21.3,IB	+6.53,+21.9,+21.5,EA	+6.84,+5.5,+21.4,DB	+7.05,-5.5,+19.9,LB		+7.01,-2.1,+19.8,JB	
1701980768.1731195	+6.71,+6.6,+21.3,IB	+6.52,+22.0,+21.4,OA	+6.84,+5.4,+21.4,EB	+7.05,-5.6,+19.9,OB		+7.01,-2.2,+19.8,IB	
1701980830.1800518	+6.71,+6.5,+21.3,JB	+6.53,+22.0,+21.4,NA	+6.84,+5.4,+21.4,EB	+7.05,-5.7,+19.8,OB		+7.01,-2.2,+19.8,IB	
1701980892.1969702	+6.71,+6.6,+21.3,IB	+6.52,+22.0,+21.4,OA	+6.84,+5.4,+21.4,EB	+7.05,-5.5,+19.9,LB		+7.01,-2.1,+19.8,JB	
1701980954.2164054	+6.71,+6.5,+21.3,JB	+6.53,+21.9,+21.4,DA	+6.84,+5.4,+21.4,EB	+7.05,-5.4,+19.9,MB		+7.01,-2.3,+19.8,HB	
1701981016.2326777	+6.71,+6.6,+21.3,IB	+6.53,+21.9,+21.4,DA	+6.84,+5.4,+21.4,EB	+7.05,-5.4,+19.9,MB		+7.01,-2.3,+19.8,HB	
1701981262.9685907	+6.71,+6.5,+21.3,JB	+6.53,+22.0,+21.4,NA	+6.84,+5.5,+21.4,DB	+7.05,-5.5,+19.8,MB		+7.01,-2.3,+19.8,HB	
1701981324.9840236	+6.71,+6.6,+21.3,IB	+6.53,+21.7,+21.4,JA	+6.84,+5.4,+21.4,EB	+7.05,-5.5,+19.8,MB		+7.01,-2.2,+19.8,IB	
1701981387.003821	+6.71,+6.6,+21.3,IB	+6.53,+21.7,+21.4,JA	+6.84,+5.4,+21.4,EB	+7.05,-5.6,+19.9,OB		+7.01,-2.2,+19.8,IB	
1701981449.029445	+6.71,+6.6,+21.3,IB	+6.53,+21.5,+21.4,HA	+6.85,+5.3,+21.4,CB	+7.05,-5.5,+19.8,MB		+7.01,-2.3,+19.8,HB	
1701981511.0463226	+6.71,+6.5,+21.3,JB	+6.53,+21.7,+21.4,JA	+6.85,+5.3,+21.4,CB	+7.05,-5.4,+19.8,LB		+7.01,-2.2,+19.8,IB	
1701981573.0621963	+6.71,+6.6,+21.3,IB	+6.53,+21.7,+21.4,JA	+6.85,+5.3,+21.4,CB	+7.05,-5.3,+19.8,KB		+7.01,-2.2,+19.8,IB	
1701981635.081258	+6.71,+6.6,+21.3,IB	+6.53,+21.6,+21.4,KA	+6.85,+5.3,+21.4,CB	+7.05,-5.5,+19.8,MB		+7.01,-2.3,+19.8,HB	
1701981697.0974894	+6.71,+6.6,+21.3,IB	+6.53,+21.6,+21.4,KA	+6.85,+5.3,+21.4,CB	+7.05,-5.4,+19.8,LB		+7.01,-2.3,+19.8,HB	
1701981759.105851	+6.71,+6.6,+21.3,IB	+6.53,+21.7,+21.4,JA	+6.85,+5.3,+21.4,CB	+7.05,-5.4,+19.8,LB		+7.01,-2.3,+19.8,HB	
1701981821.1243832	+6.71,+6.6,+21.3,IB	+6.53,+21.6,+21.4,KA	+6.84,+5.4,+21.4,EB	+7.05,-5.6,+19.8,NB		+7.01,-2.1,+19.8,JB	
1701981883.1321669	+6.71,+6.6,+21.3,IB	+6.53,+21.8,+21.4,EA	+6.85,+5.3,+21.3,DB	+7.05,-5.4,+19.8,LB		+7.01,-2.3,+19.8,HB	
1701981945.1493902	+6.71,+6.6,+21.3,IB	+6.53,+21.7,+21.4,JA	+6.85,+5.2,+21.4,BB	+7.05,-5.5,+19.8,MB		+7.01,-2.3,+19.8,HB	
1701982007.1639206	+6.71,+6.6,+21.3,IB	+6.53,+21.6,+21.4,KA	+6.85,+5.3,+21.3,DB	+7.05,-5.4,+19.8,LB		+7.01,-2.0,+19.8,KB	
1701982069.172213	+6.71,+6.6,+21.3,IB	+6.53,+21.5,+21.4,HA	+6.84,+5.4,+21.4,EB	+7.05,-5.5,+19.8,MB		+7.01,-2.2,+19.8,IB	
1701982131.1886082	+6.71,+6.6,+21.3,IB	+6.53,+21.7,+21.4,JA	+6.85,+5.3,+21.4,CB	+7.05,-5.6,+19.8,NB		+7.01,-2.2,+19.8,IB	
1701982193.206576	+6.71,+6.6,+21.3,IB	+6.53,+21.6,+21.4,KA	+6.85,+5.2,+21.4,BB	+7.05,-5.6,+19.8,NB		+7.01,-2.2,+19.8,IB	
1701982255.2243588	+6.71,+6.5,+21.3,JB	+6.53,+21.5,+21.4,HA	+6.85,+5.4,+21.4,DB	+7.05,-5.4,+19.8,LB		+7.01,-2.2,+19.8,IB	
1701982317.2348456	+6.71,+6.6,+21.3,IB	+6.53,+21.6,+21.4,KA	+6.84,+5.4,+21.4,EB	+7.05,-5.4,+19.8,LB		+7.01,-2.2,+19.8,IB	
1701982379.252193	+6.71,+6.6,+21.3,IB	+6.53,+21.5,+21.4,HA	+6.85,+5.2,+21.4,BB	+7.05,-5.6,+19.8,NB		+7.01,-2.1,+19.8,JB	
1701982441.2696044	+6.71,+6.5,+21.3,JB	+6.53,+21.6,+21.4,KA	+6.84,+5.4,+21.3,BB	+7.05,-5.4,+19.8,LB		+7.01,-2.3,+19.8,HB	
1701982503.291141	+6.71,+6.6,+21.3,IB	+6.53,+21.7,+21.4,JA	+6.85,+5.4,+21.3,CB	+7.05,-5.6,+19.8,NB		+7.01,-2.3,+19.8,HB	
1701982565.3052127	+6.71,+6.6,+21.3,IB	+6.53,+21.6,+21.4,KA	+6.85,+5.3,+21.3,DB	+7.05,-5.6,+19.8,NB		+7.01,-2.4,+19.8,OB	
1701982627.3122058	+6.71,+6.6,+21.2,HB	+6.53,+21.4,+21.4,IA	+6.85,+5.3,+21.3,DB	+7.05,-5.6,+19.8,NB		+7.01,-2.2,+19.8,IB	
1701982689.32749	+6.71,+6.6,+21.3,IB	+6.53,+21.4,+21.4,IA	+6.85,+5.3,+21.3,DB	+7.05,-5.4,+19.8,LB		+7.01,-2.0,+19.7,DB	
1701982751.3363013	+6.71,+6.6,+21.3,IB	+6.54,+21.4,+21.4,NA	+6.85,+5.2,+21.3,EB	+7.05,-5.5,+19.8,MB		+7.01,-2.3,+19.7,GB	
1701982813.3573089	+6.71,+6.6,+21.3,IB	+6.54,+21.4,+21.3,IA	+6.85,+5.2,+21.3,EB	+7.05,-5.5,+19.8,MB		+7.01,-2.2,+19.7,FB	
1701982875.3776517	+6.71,+6.5,+21.2,KB	+6.54,+21.4,+21.4,NA	+6.84,+5.4,+21.3,BB	+7.05,-5.6,+19.8,NB		+7.01,-2.2,+19.7,FB	
1701982937.3934867	+6.71,+6.6,+21.2,HB	+6.54,+21.4,+21.4,NA	+6.84,+5.4,+21.3,BB	+7.05,-5.7,+19.8,OB		+7.01,-2.2,+19.7,FB	
1701982999.412831	+6.71,+6.6,+21.3,IB	+6.54,+21.4,+21.4,NA	+6.85,+5.2,+21.3,EB	+7.05,-5.4,+19.8,LB		+7.01,-2.3,+19.7,GB	
1701983061.4340966	+6.71,+6.6,+21.2,HB	+6.54,+21.4,+21.3,IA	+6.85,+5.1,+21.3,FB	+7.05,-5.4,+19.8,LB		+7.01,-2.3,+19.7,GB	
1701983123.450367	+6.71,+6.6,+21.2,HB	+6.54,+21.4,+21.4,NA	+6.85,+5.3,+21.3,DB	+7.05,-5.6,+19.8,NB		+7.01,-2.0,+19.7,DB	
1701983185.4691052	+6.71,+6.6,+21.2,HB	+6.54,+21.3,+21.4,IA	+6.85,+5.3,+21.3,DB	+7.05,-5.5,+19.8,MB		+7.01,-2.1,+19.7,EB	
1701983247.4844925	+6.71,+6.6,+21.3,IB	+6.53,+21.5,+21.4,HA	+6.85,+5.2,+21.3,EB	+7.05,-5.4,+19.8,LB		+7.01,-2.3,+19.7,GB	
1701983309.5045784	+6.71,+6.5,+21.2,KB	+6.54,+21.3,+21.4,IA	+6.85,+5.3,+21.3,DB	+7.05,-5.6,+19.8,NB		+7.01,-2.2,+19.7,FB	
1701983371.5222776	+6.71,+6.5,+21.2,KB	+6.53,+21.5,+21.4,HA	+6.85,+5.2,+21.3,EB	+7.05,-5.4,+19.8,LB		+7.01,-2.1,+19.7,EB	
1701983433.5377634	+6.71,+6.6,+21.2,HB	+6.54,+21.4,+21.3,IA	+6.85,+5.3,+21.3,DB	+7.05,-5.4,+19.8,LB		+7.01,-2.0,+19.7,DB	
1701983495.559173	+6.71,+6.6,+21.2,HB	+6.54,+21.4,+21.4,NA	+6.85,+5.2,+21.3,EB	+7.05,-5.6,+19.8,NB		+7.01,-2.2,+19.7,FB	
1701983557.5778556	+6.71,+6.5,+21.2,KB	+6.54,+21.4,+21.4,NA	+6.85,+5.3,+21.3,DB	+7.05,-5.4,+19.8,LB		+7.01,-2.1,+19.7,EB	
1701983619.5969012	+6.71,+6.5,+21.2,KB	+6.54,+21.3,+21.3,NA	+6.85,+5.3,+21.3,DB	+7.05,-5.5,+19.8,MB		+7.01,-2.3,+19.7,GB	
1701983681.611621	+6.71,+6.5,+21.2,KB	+6.54,+21.3,+21.3,NA	+6.85,+5.2,+21.3,EB	+7.05,-5.6,+19.8,NB		+7.01,-2.1,+19.7,EB	
1701983743.6320484	+6.71,+6.6,+21.2,HB	+6.53,+21.4,+21.3,NA	+6.85,+5.3,+21.3,DB	+7.05,-5.5,+19.8,MB		+7.01,-2.2,+19.7,FB	
1701983805.6518972	+6.71,+6.6,+21.2,HB	+6.54,+21.4,+21.3,IA	+6.85,+5.3,+21.3,DB	+7.05,-5.4,+19.8,LB		+7.01,-2.3,+19.7,GB	
1701983867.6634738	+6.71,+6.5,+21.2,KB	+6.54,+21.3,+21.3,NA	+6.85,+5.1,+21.3,FB	+7.05,-5.6,+19.8,NB		+7.01,-2.1,+19.7,EB	
1701983929.6778522	+6.71,+6.5,+21.2,KB	+6.54,+21.2,+21.3,OA	+6.85,+5.2,+21.3,EB	+7.05,-5.5,+19.7,BB		+7.01,-2.0,+19.7,DB	
1701983991.687866	+6.71,+6.6,+21.2,HB	+6.54,+21.3,+21.3,NA	+6.85,+5.2,+21.3,EB	+7.05,-5.4,+19.8,LB		+7.01,-2.1,+19.7,EB	
1701984053.701696	+6.71,+6.7,+21.2,IB	+6.54,+21.2,+21.3,OA	+6.85,+5.2,+21.3,EB	+7.05,-5.7,+19.7,@B		+7.01,-2.3,+19.7,GB	
1701984115.7140756	+6.71,+6.6,+21.2,HB	+6.53,+21.4,+21.3,NA	+6.85,+5.3,+21.3,DB	+7.05,-5.5,+19.8,MB		+7.01,-2.1,+19.7,EB	
1701984177.7225184	+6.71,+6.6,+21.2,HB	+6.53,+21.4,+21.3,NA	+6.85,+5.3,+21.3,DB	+7.05,-5.6,+19.8,NB		+7.01,-2.1,+19.7,EB	
1701984239.7359326	+6.71,+6.6,+21.2,HB	+6.54,+21.4,+21.3,IA	+6.85,+5.3,+21.3,DB	+7.05,-5.6,+19.8,NB		+7.01,-2.1,+19.7,EB	
1701984301.7537699	+6.71,+6.6,+21.2,HB	+6.54,+21.1,+21.3,LA	+6.85,+5.2,+21.3,EB	+7.05,-5.6,+19.8,NB		+7.01,-2.3,+19.7,GB	
1701984363.7654834	+6.71,+6.7,+21.2,IB	+6.54,+21.3,+21.3,NA	+6.85,+5.1,+21.3,FB	+7.05,-5.4,+19.8,LB		+7.01,-2.3,+19.7,GB	
1701984425.77447	+6.71,+6.7,+21.2,IB	+6.54,+21.2,+21.3,OA	+6.85,+5.2,+21.3,EB	+7.05,-5.5,+19.8,MB		+7.01,-2.2,+19.7,FB	
1701984487.7832422	+6.71,+6.7,+21.2,IB	+6.54,+21.2,+21.3,OA	+6.85,+5.3,+21.3,DB	+7.05,-5.7,+19.7,@B		+7.01,-2.0,+19.7,DB	
1701984549.7886293	+6.71,+6.7,+21.2,IB	+6.54,+21.2,+21.3,OA	+6.85,+5.2,+21.3,EB	+7.05,-5.6,+19.7,AB		+7.01,-2.1,+19.7,EB	
1701984611.802833	+6.71,+6.7,+21.2,IB	+6.54,+21.2,+21.3,OA	+6.85,+5.1,+21.3,FB	+7.05,-5.7,+19.7,@B		+7.01,-2.1,+19.7,EB	
1701984673.8199162	+6.71,+6.7,+21.2,IB	+6.54,+21.1,+21.3,LA	+6.85,+5.2,+21.2,DB	+7.05,-5.5,+19.7,BB		+7.01,-2.1,+19.7,EB	
1701984735.8318691	+6.71,+6.6,+21.2,HB	+6.54,+21.1,+21.3,LA	+6.85,+5.2,+21.3,EB	+7.05,-5.6,+19.7,AB		+7.01,-2.1,+19.7,EB	
1701984797.8519633	+6.71,+6.7,+21.2,IB	+6.54,+21.2,+21.3,OA	+6.85,+5.1,+21.3,FB	+7.05,-5.7,+19.7,@B		+7.01,-2.3,+19.7,GB	
1701984859.8661542	+6.71,+6.7,+21.2,IB	+6.54,+21.2,+21.3,OA	+6.85,+5.3,+21.3,DB	+7.05,-5.4,+19.7,CB		+7.01,-2.1,+19.7,EB	
1701985106.5919042	+6.71,+6.7,+21.2,IB	+6.54,+21.1,+21.3,LA	+6.85,+5.1,+21.3,FB	+7.05,-5.6,+19.7,AB		+7.01,-2.2,+19.7,FB	
1701985168.603689	+6.71,+6.6,+21.2,HB	+6.54,+21.2,+21.3,OA	+6.85,+5.1,+21.3,FB	+7.05,-5.5,+19.7,BB		+7.01,-2.2,+19.7,FB	
1701985230.617134	+6.71,+6.7,+21.2,IB	+6.54,+21.3,+21.3,NA	+6.85,+5.2,+21.3,EB	+7.05,-5.4,+19.7,CB		+7.01,-2.3,+19.7,GB	
1701985292.6292753	+6.71,+6.6,+21.2,HB	+6.54,+21.3,+21.3,NA	+6.85,+5.2,+21.3,EB	+7.05,-5.6,+19.7,AB		+7.01,-2.4,+19.7,@B	
1701985354.6335826	+6.71,+6.6,+21.2,HB	+6.54,+21.3,+21.3,NA	+6.85,+5.2,+21.2,DB	+7.05,-5.6,+19.7,AB		+7.01,-2.4,+19.7,@B	
1701985416.6537182	+6.71,+6.6,+21.2,HB	+6.54,+21.2,+21.3,OA	+6.85,+5.2,+21.3,EB	+7.05,-5.7,+19.7,@B		+7.01,-2.3,+19.7,GB	
1701985478.6797872	+6.71,+6.6,+21.2,HB	+6.54,+21.2,+21.3,OA	+6.85,+5.1,+21.3,FB	+7.05,-5.7,+19.7,@B		+7.01,-2.2,+19.7,FB	
1701985540.6866038	+6.71,+6.6,+21.2,HB	+6.54,+21.2,+21.3,OA	+6.85,+5.2,+21.3,EB	+7.05,-5.7,+19.7,@B		+7.01,-2.3,+19.7,GB	
1701985602.7038379	+6.71,+6.5,+21.2,KB	+6.54,+21.3,+21.3,NA	+6.85,+5.1,+21.3,FB	+7.05,-5.6,+19.7,AB		+7.01,-2.0,+19.7,DB	
1701985664.7240033	+6.71,+6.6,+21.2,HB	+6.54,+21.2,+21.3,OA	+6.85,+5.1,+21.3,FB	+7.05,-5.6,+19.7,AB		+7.01,-2.1,+19.6,DB	
1701985726.7434323	+6.71,+6.6,+21.2,HB	+6.54,+21.2,+21.3,OA	+6.85,+5.1,+21.2,GB	+7.05,-5.7,+19.7,@B		+7.01,-2.1,+19.7,EB	
1701985788.7614253	+6.71,+6.6,+21.2,HB	+6.54,+21.1,+21.3,LA	+6.85,+5.0,+21.2,FB	+7.05,-5.5,+19.7,BB		+7.01,-2.3,+19.6,FB	
1701985850.7713761	+6.71,+6.6,+21.2,HB	+6.54,+21.0,+21.3,MA	+6.85,+5.1,+21.2,GB	+7.05,-5.7,+19.7,@B		+7.01,-2.1,+19.7,EB	
1701985912.782531	+6.71,+6.5,+21.2,KB	+6.54,+20.9,+21.3,EA	+6.85,+5.2,+21.2,DB	+7.05,-5.8,+19.7,OB		+7.01,-2.1,+19.7,EB	
1701985974.802639	+6.71,+6.5,+21.2,KB	+6.54,+21.0,+21.3,MA	+6.85,+5.0,+21.2,FB	+7.05,-5.6,+19.7,AB		+7.01,-2.3,+19.7,GB	
1701986036.8277571	+6.71,+6.6,+21.2,HB	+6.54,+21.1,+21.3,LA	+6.85,+5.1,+21.3,FB	+7.05,-5.5,+19.7,BB		+7.01,-2.3,+19.7,GB	
1701986098.8457885	+6.71,+6.5,+21.2,KB	+6.54,+21.0,+21.3,MA	+6.85,+5.1,+21.3,FB	+7.05,-5.5,+19.7,BB		+7.01,-2.1,+19.7,EB	
1701986160.8661525	+6.71,+6.6,+21.2,HB	+6.54,+21.1,+21.3,LA	+6.85,+5.0,+21.3,GB	+7.05,-5.6,+19.7,AB		+7.01,-2.2,+19.7,FB	
1701986222.8752947	+6.71,+6.5,+21.2,KB	+6.54,+21.1,+21.3,LA	+6.85,+5.1,+21.2,GB	+7.05,-5.5,+19.7,BB		+7.01,-2.1,+19.7,EB	
1701986284.8840241	+6.71,+6.5,+21.2,KB	+6.54,+21.1,+21.3,LA	+6.85,+5.1,+21.3,FB	+7.05,-5.4,+19.7,CB		+7.01,-2.0,+19.7,DB	
1701986346.8950732	+6.71,+6.5,+21.2,KB	+6.54,+20.9,+21.3,EA	+6.85,+4.9,+21.2,NB	+7.05,-5.7,+19.7,@B		+7.01,-2.2,+19.7,FB	
1701986408.9023929	+6.71,+6.5,+21.2,KB	+6.54,+21.0,+21.3,MA	+6.85,+5.2,+21.2,DB	+7.05,-5.5,+19.7,BB		+7.01,-2.3,+19.7,GB	
1701986470.9083436	+6.71,+6.5,+21.2,KB	+6.55,+20.8,+21.3,EA	+6.85,+4.9,+21.2,NB	+7.05,-5.7,+19.7,@B		+7.01,-2.2,+19.6,GB	
1701986532.9187446	+6.71,+6.5,+21.2,KB	+6.54,+21.0,+21.3,MA	+6.85,+5.1,+21.2,GB	+7.05,-5.6,+19.7,AB		+7.01,-2.2,+19.6,GB	
1701986594.9375541	+6.71,+6.5,+21.2,KB	+6.54,+20.9,+21.3,EA	+6.85,+5.0,+21.2,FB	+7.05,-5.5,+19.7,BB		+7.01,-2.3,+19.7,GB	
1701986656.9597852	+6.71,+6.5,+21.2,KB	+6.54,+21.0,+21.3,MA	+6.85,+5.2,+21.2,DB	+7.05,-5.6,+19.7,AB		+7.01,-2.3,+19.6,FB	
1701986718.9798784	+6.71,+6.6,+21.2,HB	+6.54,+21.2,+21.3,OA	+6.85,+5.2,+21.2,DB	+7.05,-5.7,+19.7,@B		+7.01,-2.4,+19.6,AB	
1701986781.0030553	+6.71,+6.5,+21.2,KB	+6.54,+21.0,+21.3,MA	+6.85,+5.0,+21.2,FB	+7.05,-5.6,+19.7,AB		+7.01,-2.1,+19.6,DB	
1701986843.021623	+6.71,+6.6,+21.2,HB	+6.54,+21.0,+21.3,MA	+6.85,+5.0,+21.2,FB	+7.05,-5.7,+19.7,@B		+7.01,-2.3,+19.6,FB	
1701986905.0381007	+6.71,+6.5,+21.1,HB	+6.54,+21.2,+21.3,OA	+6.85,+4.9,+21.2,NB	+7.05,-5.5,+19.7,BB		+7.01,-2.1,+19.6,DB	
1701986967.0528898	+6.71,+6.5,+21.2,KB	+6.54,+20.9,+21.3,EA	+6.85,+5.1,+21.2,GB	+7.05,-5.6,+19.7,AB		+7.01,-2.1,+19.6,DB	
1701987029.066186	+6.71,+6.5,+21.2,KB	+6.55,+20.8,+21.3,EA	+6.85,+5.1,+21.2,GB	+7.05,-5.7,+19.7,@B		+7.01,-2.1,+19.6,DB	
1701987091.0797193	+6.71,+6.6,+21.2,HB	+6.55,+20.8,+21.3,EA	+6.85,+5.0,+21.2,FB	+7.05,-5.7,+19.7,@B		+7.01,-2.0,+19.7,DB	
1701987153.088262	+6.71,+6.5,+21.2,KB	+6.54,+20.9,+21.3,EA	+6.85,+4.9,+21.2,NB	+7.05,-5.6,+19.7,AB		+7.01,-2.3,+19.6,FB	
1701987215.104854	+6.71,+6.5,+21.2,KB	+6.55,+20.8,+21.3,EA	+6.85,+4.9,+21.2,NB	+7.05,-5.6,+19.7,AB		+7.01,-2.2,+19.6,GB	
1701987277.1235173	+6.71,+6.5,+21.2,KB	+6.55,+20.8,+21.3,EA	+6.85,+4.9,+21.2,NB	+7.05,-5.7,+19.7,@B		+7.01,-2.3,+19.7,GB	
1701987339.1498828	+6.71,+6.6,+21.1,KB	+6.55,+20.8,+21.3,EA	+6.85,+5.0,+21.2,FB	+7.05,-5.5,+19.7,BB		+7.01,-2.3,+19.6,FB	
1701987401.1749566	+6.71,+6.5,+21.1,HB	+6.55,+20.6,+21.2,JA	+6.85,+5.0,+21.2,FB	+7.05,-5.5,+19.7,BB		+7.01,-2.2,+19.6,GB	
1701987463.1936135	+6.71,+6.5,+21.2,KB	+6.55,+20.6,+21.3,KA	+6.85,+5.0,+21.2,FB	+7.05,-5.7,+19.7,@B		+7.01,-2.3,+19.6,FB	
1701987525.2092412	+6.71,+6.5,+21.2,KB	+6.55,+20.6,+21.3,KA	+6.85,+4.9,+21.2,NB	+7.05,-5.7,+19.7,@B		+7.01,-2.3,+19.6,FB	
1701987587.225604	+6.71,+6.5,+21.2,KB	+6.54,+21.1,+21.3,LA	+6.85,+5.0,+21.2,FB	+7.05,-5.6,+19.7,AB		+7.01,-2.1,+19.6,DB	
1701987649.241985	+6.71,+6.5,+21.1,HB	+6.54,+20.9,+21.2,DA	+6.85,+5.0,+21.2,FB	+7.05,-5.5,+19.7,BB		+7.01,-2.2,+19.6,GB	
1701987711.2565906	+6.71,+6.5,+21.1,HB	+6.55,+20.6,+21.3,KA	+6.85,+4.9,+21.2,NB	+7.05,-5.7,+19.7,@B		+7.01,-2.4,+19.6,AB	
1701987773.2723076	+6.71,+6.5,+21.1,HB	+6.55,+20.6,+21.2,JA	+6.85,+5.0,+21.2,FB	+7.05,-5.7,+19.7,@B		+7.01,-2.0,+19.6,EB	
1701987835.2897222	+6.71,+6.5,+21.1,HB	+6.55,+20.7,+21.2,KA	+6.85,+5.0,+21.2,FB	+7.05,-5.5,+19.7,BB		+7.01,-2.3,+19.6,FB	
1701987897.306283	+6.71,+6.6,+21.2,HB	+6.55,+20.6,+21.3,KA	+6.85,+5.0,+21.2,FB	+7.05,-5.7,+19.7,@B		+7.01,-2.0,+19.6,EB	
1701987959.3212473	+6.71,+6.5,+21.1,HB	+6.55,+20.5,+21.3,HA	+6.85,+4.9,+21.2,NB	+7.05,-5.7,+19.7,@B		+7.01,-2.1,+19.6,DB	
1701988021.3278651	+6.71,+6.5,+21.1,HB	+6.55,+20.7,+21.2,KA	+6.85,+4.8,+21.2,OB	+7.05,-5.5,+19.7,BB		+7.01,-2.2,+19.6,GB	
1701988083.34999	+6.71,+6.5,+21.2,KB	+6.55,+20.6,+21.2,JA	+6.85,+4.9,+21.2,NB	+7.05,-5.7,+19.7,@B		+7.01,-2.1,+19.6,DB	
1701988145.3628232	+6.71,+6.5,+21.1,HB	+6.55,+20.8,+21.2,DA	+6.85,+4.9,+21.2,NB			+7.01,-2.2,+19.6,GB	
1701988207.3711965	+6.71,+6.5,+21.1,HB	+6.55,+20.8,+21.2,DA	+6.85,+4.9,+21.2,NB	+7.05,-5.5,+19.7,BB		+7.01,-2.1,+19.6,DB	
1701988269.3790038	+6.71,+6.5,+21.1,HB	+6.55,+20.7,+21.2,KA	+6.85,+4.9,+21.2,NB	+7.05,-5.6,+19.7,AB		+7.01,-2.1,+19.6,DB	
1701988331.3857503	+6.71,+6.5,+21.1,HB	+6.55,+20.7,+21.2,KA	+6.85,+5.0,+21.2,FB	+7.05,-5.7,+19.7,@B		+7.01,-2.3,+19.6,FB	
1701988393.4059095	+6.71,+6.5,+21.1,HB	+6.55,+20.7,+21.2,KA	+6.85,+4.9,+21.2,NB	+7.05,-5.6,+19.7,AB		+7.01,-2.3,+19.6,FB	
1701988455.4188645	+6.71,+6.5,+21.1,HB	+6.55,+20.7,+21.2,KA	+6.85,+5.0,+21.2,FB	+7.05,-5.7,+19.7,@B		+7.01,-2.2,+19.6,GB	
1701988517.4326622	+6.71,+6.5,+21.1,HB	+6.55,+20.8,+21.2,DA	+6.85,+4.9,+21.2,NB	+7.05,-5.5,+19.7,BB		+7.01,-2.4,+19.6,AB	
1701988579.45178	+6.71,+6.5,+21.1,HB	+6.55,+20.7,+21.2,KA	+6.85,+4.8,+21.2,OB	+7.05,-5.6,+19.6,@B		+7.01,-2.2,+19.6,GB	
1701988641.4741805	+6.71,+6.5,+21.1,HB	+6.55,+20.8,+21.2,DA	+6.85,+4.9,+21.2,NB	+7.05,-5.6,+19.6,@B		+7.01,-2.3,+19.6,FB	
1701988703.487641	+6.71,+6.5,+21.1,HB	+6.55,+20.7,+21.2,KA	+6.85,+5.0,+21.2,FB	+7.05,-5.7,+19.7,@B		+7.01,-2.1,+19.6,DB	
1701988950.250881	+6.71,+6.5,+21.1,HB	+6.55,+20.8,+21.2,DA	+6.85,+5.0,+21.2,FB	+7.05,-5.5,+19.7,BB		+7.01,-2.3,+19.6,FB	
1701989012.2698994	+6.71,+6.5,+21.1,HB	+6.55,+20.8,+21.2,DA	+6.85,+4.9,+21.2,NB	+7.05,-5.5,+19.6,CB		+7.01,-2.1,+19.6,DB	
1701989074.286706	+6.71,+6.5,+21.1,HB	+6.55,+20.8,+21.2,DA	+6.85,+4.9,+21.2,NB	+7.05,-5.6,+19.7,AB		+7.01,-2.2,+19.6,GB	
1701989136.3037484	+6.71,+6.4,+21.1,IB	+6.54,+20.9,+21.2,DA	+6.85,+4.9,+21.2,NB	+7.05,-5.5,+19.6,CB		+7.01,-2.2,+19.6,GB	
1701989198.320092	+6.71,+6.5,+21.1,HB	+6.54,+20.8,+21.2,EA	+6.85,+4.9,+21.2,NB	+7.05,-5.6,+19.6,@B		+7.01,-2.2,+19.6,GB	
1701989260.3353488	+6.71,+6.5,+21.1,HB	+6.55,+20.6,+21.2,JA	+6.85,+4.9,+21.2,NB	+7.05,-5.7,+19.7,@B		+7.01,-2.0,+19.6,EB	
1701989322.3499768	+6.71,+6.5,+21.1,HB	+6.55,+20.8,+21.2,DA	+6.85,+4.8,+21.2,OB	+7.05,-5.5,+19.6,CB		+7.01,-2.3,+19.6,FB	
1701989384.3697996	+6.71,+6.5,+21.1,HB	+6.55,+20.7,+21.2,KA	+6.85,+4.9,+21.1,MB	+7.05,-5.5,+19.6,CB		+7.01,-2.4,+19.5,BB	
1701989446.3915348	+6.71,+6.5,+21.1,HB	+6.55,+20.8,+21.2,DA	+6.85,+4.9,+21.2,NB	+7.05,-5.6,+19.6,@B		+7.01,-2.3,+19.6,FB	
1701989508.407437	+6.71,+6.5,+21.1,HB	+6.54,+20.9,+21.2,DA	+6.85,+4.8,+21.2,OB	+7.05,-5.5,+19.6,CB		+7.01,-2.3,+19.5,EB	
1701989570.4221945	+6.71,+6.5,+21.1,HB	+6.54,+21.0,+21.2,LA	+6.85,+4.9,+21.1,MB	+7.05,-5.7,+19.6,AB		+7.01,-2.2,+19.6,GB	
1701989632.4385915	+6.71,+6.5,+21.0,IB	+6.54,+21.0,+21.2,LA	+6.85,+4.9,+21.1,MB	+7.05,-5.6,+19.6,@B		+7.01,-2.3,+19.5,EB	
1701989694.4519346	+6.71,+6.5,+21.1,HB	+6.54,+20.8,+21.2,EA	+6.85,+4.9,+21.2,NB	+7.05,-5.7,+19.6,AB		+7.01,-2.2,+19.6,GB	
1701989756.467856	+6.71,+6.5,+21.1,HB	+6.54,+20.9,+21.2,DA	+6.85,+4.9,+21.1,MB	+7.05,-5.6,+19.6,@B		+7.01,-2.4,+19.6,AB	
1701989818.4743907	+6.71,+6.5,+21.1,HB	+6.55,+20.8,+21.2,DA	+6.85,+4.9,+21.1,MB	+7.05,-5.8,+19.6,NB		+7.01,-2.1,+19.6,DB	
1701989880.4877071	+6.71,+6.4,+21.1,IB	+6.54,+20.9,+21.2,DA	+6.85,+4.9,+21.2,NB	+7.05,-5.7,+19.6,AB		+7.01,-2.2,+19.6,GB	
1701989942.5059564	+6.71,+6.5,+21.1,HB	+6.54,+21.0,+21.2,LA	+6.85,+4.9,+21.1,MB	+7.05,-5.6,+19.6,@B		+7.01,-2.3,+19.6,FB	
1701990004.525625	+6.71,+6.5,+21.1,HB	+6.54,+20.9,+21.2,DA	+6.85,+4.9,+21.1,MB	+7.05,-5.6,+19.6,@B		+7.01,-2.1,+19.6,DB	
1701990066.5393195	+6.71,+6.6,+21.1,KB	+6.54,+21.0,+21.2,LA	+6.85,+4.8,+21.1,LB	+7.05,-5.6,+19.6,@B		+7.01,-2.4,+19.6,AB	
1701990128.545558	+6.71,+6.6,+21.1,KB	+6.55,+20.8,+21.2,DA	+6.86,+4.7,+21.1,@B	+7.05,-5.7,+19.6,AB		+7.01,-2.2,+19.6,GB	
1701990190.553078	+6.71,+6.6,+21.1,KB	+6.54,+21.0,+21.2,LA	+6.85,+4.8,+21.1,LB	+7.05,-5.6,+19.6,@B		+7.01,-2.3,+19.6,FB	
1701990252.5668378	+6.71,+6.6,+21.1,KB	+6.54,+20.9,+21.2,DA	+6.85,+4.9,+21.2,NB	+7.05,-5.6,+19.6,@B		+7.01,-2.1,+19.6,DB	
1701990314.579868	+6.71,+6.6,+21.1,KB	+6.55,+20.6,+21.2,JA	+6.86,+4.8,+21.1,OB	+7.05,-5.7,+19.6,AB		+7.01,-2.3,+19.5,EB	
1701990376.598814	+6.71,+6.6,+21.1,KB	+6.55,+20.6,+21.2,JA	+6.86,+4.8,+21.1,OB	+7.05,-5.7,+19.6,AB		+7.01,-2.3,+19.5,EB	
1701990438.6199257	+6.71,+6.6,+21.1,KB	+6.55,+20.8,+21.2,DA	+6.85,+4.8,+21.1,LB	+7.05,-5.6,+19.6,@B		+7.01,-2.3,+19.5,EB	
1701990500.633239	+6.71,+6.6,+21.1,KB	+6.55,+20.8,+21.2,DA	+6.85,+4.8,+21.1,LB	+7.05,-5.6,+19.6,@B		+7.01,-2.4,+19.5,BB	
1701990562.6451788	+6.71,+6.6,+21.1,KB	+6.55,+20.7,+21.2,KA	+6.85,+4.8,+21.1,LB	+7.05,-5.7,+19.6,AB		+7.01,-2.3,+19.5,EB	
1701990624.6588275	+6.71,+6.6,+21.1,KB	+6.55,+20.7,+21.2,KA	+6.86,+4.8,+21.1,OB	+7.05,-5.8,+19.6,NB		+7.01,-2.0,+19.5,FB	
1701990686.6707385	+6.71,+6.6,+21.1,KB	+6.55,+20.8,+21.2,DA	+6.86,+4.7,+21.1,@B	+7.05,-5.5,+19.6,CB		+7.01,-2.2,+19.5,DB	
1701990748.689822	+6.71,+6.6,+21.1,KB	+6.54,+20.9,+21.2,DA	+6.86,+4.7,+21.1,@B	+7.05,-5.5,+19.6,CB		+7.01,-2.4,+19.5,BB	
1701990810.710613	+6.71,+6.6,+21.1,KB	+6.55,+20.7,+21.2,KA	+6.85,+4.8,+21.1,LB	+7.05,-5.6,+19.6,@B		+7.01,-2.4,+19.6,AB	
1701990872.720372	+6.71,+6.6,+21.1,KB	+6.55,+20.7,+21.2,KA	+6.85,+4.9,+21.1,MB	+7.05,-5.8,+19.6,NB		+7.01,-2.3,+19.5,EB	
1701990934.7397947	+6.71,+6.6,+21.0,JB	+6.54,+20.9,+21.2,DA	+6.86,+4.7,+21.1,@B	+7.05,-5.6,+19.6,@B		+7.01,-2.2,+19.5,DB	
1701990996.756084	+6.71,+6.6,+21.0,JB	+6.54,+20.9,+21.2,DA	+6.85,+4.8,+21.1,LB	+7.05,-5.5,+19.6,CB		+7.01,-2.1,+19.5,GB	
1701991058.7676473	+6.71,+6.6,+21.0,JB	+6.54,+20.8,+21.2,EA	+6.86,+4.7,+21.1,@B	+7.05,-5.5,+19.6,CB		+7.01,-2.1,+19.5,GB	
1701991120.7853203	+6.71,+6.6,+21.0,JB	+6.54,+20.9,+21.2,DA	+6.85,+4.8,+21.1,LB	+7.05,-5.5,+19.6,CB		+7.01,-2.2,+19.5,DB	
1701991182.804216	+6.71,+6.6,+21.0,JB	+6.55,+20.7,+21.2,KA	+6.86,+4.7,+21.1,@B	+7.05,-5.7,+19.6,AB		+7.01,-2.1,+19.5,GB	
1701991244.815586	+6.71,+6.5,+21.0,IB	+6.55,+20.8,+21.2,DA	+6.85,+4.8,+21.1,LB	+7.05,-5.6,+19.6,@B		+7.01,-2.3,+19.5,EB	
1701991306.8355505	+6.71,+6.6,+21.0,JB	+6.55,+20.8,+21.2,DA	+6.85,+4.8,+21.1,LB	+7.05,-5.5,+19.6,CB		+7.01,-2.3,+19.5,EB	
1701991368.8511965	+6.71,+6.6,+21.0,JB	+6.55,+20.7,+21.2,KA	+6.85,+4.8,+21.1,LB	+7.05,-5.7,+19.6,AB		+7.01,-2.1,+19.5,GB	
1701991430.8595023	+6.71,+6.6,+21.1,KB	+6.55,+20.8,+21.2,DA	+6.85,+4.9,+21.1,MB	+7.05,-5.5,+19.6,CB		+7.01,-2.4,+19.5,BB	
1701991492.86809	+6.71,+6.6,+21.0,JB	+6.55,+20.6,+21.2,JA	+6.86,+4.7,+21.1,@B	+7.05,-5.7,+19.6,AB		+7.01,-2.3,+19.5,EB	
1701991554.8772566	+6.71,+6.5,+21.0,IB	+6.55,+20.8,+21.2,DA	+6.86,+4.8,+21.1,OB	+7.05,-5.5,+19.6,CB		+7.01,-2.2,+19.5,DB	
1701991616.8928585	+6.71,+6.5,+21.0,IB	+6.55,+20.6,+21.2,JA	+6.86,+4.7,+21.1,@B	+7.05,-5.8,+19.6,NB		+7.01,-2.4,+19.5,BB	
1701991678.897894	+6.71,+6.5,+21.0,IB	+6.55,+20.6,+21.2,JA	+6.86,+4.7,+21.1,@B	+7.05,-5.7,+19.6,AB		+7.01,-2.3,+19.5,EB	
1701991740.9096706	+6.71,+6.5,+21.0,IB	+6.54,+20.8,+21.2,EA	+6.85,+4.8,+21.1,LB	+7.05,-5.6,+19.6,@B		+7.01,-2.1,+19.5,GB	
1701991802.9277287	+6.71,+6.5,+21.0,IB	+6.55,+20.7,+21.1,HA	+6.86,+4.7,+21.1,@B	+7.05,-5.7,+19.6,AB		+7.01,-2.3,+19.5,EB	
1701991864.938349	+6.71,+6.5,+21.0,IB	+6.55,+20.8,+21.2,DA	+6.86,+4.7,+21.1,@B	+7.05,-5.6,+19.6,@B		+7.01,-2.4,+19.5,BB	
1701991926.947856	+6.71,+6.5,+21.0,IB	+6.55,+20.6,+21.1,IA	+6.85,+4.8,+21.1,LB	+7.05,-5.8,+19.6,NB		+7.01,-2.1,+19.5,GB	
1701991988.955282	+6.71,+6.4,+21.0,HB	+6.55,+20.7,+21.2,KA	+6.86,+4.7,+21.1,@B	+7.05,-5.6,+19.6,@B		+7.01,-2.3,+19.5,EB	
1701992050.9631903	+6.71,+6.5,+21.0,IB	+6.55,+20.7,+21.1,HA	+6.86,+4.7,+21.0,AB	+7.05,-5.7,+19.6,AB		+7.01,-2.3,+19.5,EB	
1701992112.9737885	+6.71,+6.4,+21.0,HB	+6.54,+20.9,+21.1,GA	+6.85,+5.0,+21.0,DB	+7.05,-5.8,+19.6,NB		+7.01,-2.1,+19.5,GB	
1701992174.9946642	+6.71,+6.5,+21.0,IB	+6.54,+21.0,+21.1,OA	+6.86,+4.7,+21.1,@B	+7.05,-5.6,+19.6,@B		+7.01,-2.3,+19.5,EB	
1701992237.0010347	+6.71,+6.5,+21.0,IB	+6.55,+20.8,+21.1,GA	+6.85,+4.8,+21.1,LB	+7.05,-5.8,+19.6,NB		+7.01,-2.3,+19.5,EB	
1701992299.0212758	+6.71,+6.5,+21.0,IB	+6.55,+20.8,+21.1,GA	+6.86,+4.8,+21.1,OB	+7.05,-5.8,+19.6,NB		+7.01,-2.4,+19.5,BB	
1701992361.0419502	+6.71,+6.4,+21.0,HB	+6.55,+20.8,+21.1,GA	+6.86,+4.8,+21.0,NB	+7.05,-5.8,+19.5,MB		+7.01,-2.3,+19.5,EB	
1701992423.0573092	+6.71,+6.4,+21.0,HB	+6.54,+20.9,+21.1,GA	+6.86,+4.6,+21.1,AB	+7.05,-5.8,+19.6,NB		+7.01,-2.1,+19.5,GB	
1701992485.073899	+6.71,+6.4,+21.0,HB	+6.54,+20.9,+21.2,DA	+6.86,+4.6,+21.1,AB	+7.05,-5.8,+19.6,NB		+7.01,-2.1,+19.5,GB	
1701992547.091564	+6.71,+6.4,+21.1,IB	+6.54,+21.0,+21.1,OA	+6.85,+4.8,+21.1,LB	+7.05,-5.6,+19.6,@B		+7.01,-2.2,+19.6,GB	
1701992793.820102	+6.71,+6.4,+21.0,HB	+6.54,+21.0,+21.2,LA	+6.86,+4.8,+21.2,LB	+7.05,-5.6,+19.6,@B		+7.01,-2.1,+19.5,GB	
1701992855.8402443	+6.71,+6.4,+21.1,IB	+6.55,+20.8,+21.2,DA	+6.86,+4.5,+21.1,BB	+7.05,-5.8,+19.6,NB		+7.01,-2.2,+19.6,GB	
1701992917.855631	+6.71,+6.4,+21.1,IB	+6.54,+20.9,+21.2,DA	+6.86,+4.6,+21.1,AB	+7.05,-5.8,+19.6,NB		+7.01,-2.1,+19.6,DB	
1701992979.8742661	+6.71,+6.4,+21.1,IB	+6.54,+21.0,+21.2,LA	+6.86,+4.7,+21.2,CB	+7.05,-5.6,+19.6,@B		+7.01,-2.1,+19.6,DB	
1701993041.8836095	+6.71,+6.5,+21.1,HB	+6.54,+21.0,+21.2,LA	+6.86,+4.7,+21.1,@B	+7.05,-5.6,+19.6,@B		+7.01,-2.0,+19.6,EB	
1701993103.900932	+6.71,+6.5,+21.1,HB	+6.55,+20.8,+21.2,DA	+6.86,+4.7,+21.1,@B	+7.05,-5.7,+19.6,AB		+7.01,-2.1,+19.6,DB	
1701993165.9091928	+6.71,+6.4,+21.0,HB	+6.54,+20.8,+21.2,EA	+6.86,+4.7,+21.1,@B	+7.05,-5.7,+19.6,AB		+7.01,-2.4,+19.6,AB	
1701993227.9162748	+6.71,+6.5,+21.1,HB	+6.54,+20.8,+21.2,EA	+6.86,+4.7,+21.1,@B	+7.05,-5.7,+19.6,AB		+7.01,-2.1,+19.6,DB	
1701993289.936194	+6.71,+6.4,+21.0,HB	+6.54,+21.0,+21.2,LA	+6.86,+4.6,+21.1,AB	+7.05,-5.6,+19.6,@B		+7.01,-2.3,+19.6,FB	
1701993351.9414685	+6.71,+6.4,+21.0,HB	+6.55,+20.7,+21.2,KA	+6.86,+4.7,+21.1,@B	+7.05,-5.8,+19.6,NB		+7.01,-2.2,+19.6,GB	
1701993413.9511478	+6.71,+6.4,+21.0,HB	+6.55,+20.7,+21.2,KA	+6.86,+4.6,+21.1,AB	+7.05,-5.7,+19.6,AB		+7.01,-2.1,+19.6,DB	
1701993475.9590333	+6.71,+6.4,+21.1,IB	+6.55,+20.7,+21.2,KA	+6.86,+4.7,+21.1,@B	+7.05,-5.8,+19.6,NB		+7.01,-2.0,+19.6,EB	
1701993537.9666579	+6.71,+6.5,+21.0,IB	+6.54,+20.9,+21.2,DA	+6.86,+4.5,+21.1,BB	+7.05,-5.6,+19.6,@B		+7.01,-2.2,+19.6,GB	
1701993599.985209	+6.71,+6.4,+21.0,HB	+6.55,+20.7,+21.2,KA	+6.86,+4.6,+21.1,AB	+7.05,-5.8,+19.6,NB		+7.01,-2.4,+19.6,AB	
1701993661.9935048	+6.71,+6.4,+21.1,IB	+6.55,+20.8,+21.2,DA	+6.86,+4.7,+21.1,@B	+7.05,-5.8,+19.6,NB		+7.01,-2.2,+19.6,GB	
1701993724.0158846	+6.71,+6.4,+21.1,IB	+6.55,+20.6,+21.2,JA	+6.86,+4.8,+21.1,OB	+7.05,-5.7,+19.6,AB		+7.01,-2.3,+19.6,FB	
1701993786.0356328	+6.71,+6.5,+21.1,HB	+6.55,+20.6,+21.2,JA	+6.86,+4.7,+21.2,CB	+7.05,-5.7,+19.6,AB		+7.01,-2.3,+19.6,FB	
1701993848.0401165	+6.71,+6.4,+21.1,IB	+6.55,+20.7,+21.2,KA	+6.86,+4.6,+21.2,BB	+7.05,-5.6,+19.6,@B		+7.01,-2.3,+19.6,FB	
1701993910.0427027	+6.71,+6.4,+21.1,IB	+6.55,+20.7,+21.2,KA	+6.86,+4.6,+21.2,BB	+7.05,-5.6,+19.6,@B		+7.01,-2.2,+19.6,GB	
1701993972.0539372	+6.71,+6.4,+21.1,IB	+6.55,+20.7,+21.2,KA	+6.86,+4.6,+21.2,BB	+7.05,-5.7,+19.6,AB		+7.01,-2.2,+19.6,GB	
1701994034.057235	+6.71,+6.5,+21.1,HB	+6.55,+20.4,+21.2,HA	+6.86,+4.5,+21.2,AB	+7.05,-5.8,+19.6,NB		+7.01,-2.1,+19.6,DB	
1701994096.071912	+6.71,+6.4,+21.1,IB	+6.55,+20.5,+21.2,IA	+6.86,+4.5,+21.2,AB	+7.05,-5.8,+19.7,OB		+7.01,-2.1,+19.6,DB	
1701994158.0968363	+6.71,+6.4,+21.1,IB	+6.55,+20.6,+21.2,JA	+6.86,+4.5,+21.2,AB	+7.05,-5.8,+19.6,NB		+7.01,-2.3,+19.6,FB	
1701994220.1150455	+6.71,+6.4,+21.1,IB	+6.55,+20.6,+21.2,JA	+6.86,+4.5,+21.2,AB	+7.05,-5.8,+19.7,OB		+7.01,-2.1,+19.6,DB	
1701994282.1398766	+6.71,+6.4,+21.1,IB	+6.55,+20.7,+21.2,KA	+6.86,+4.5,+21.2,AB	+7.05,-5.7,+19.7,@B		+7.01,-2.1,+19.6,DB	
1701994344.1545126	+6.71,+6.4,+21.1,IB	+6.55,+20.7,+21.2,KA	+6.86,+4.5,+21.2,AB	+7.05,-5.7,+19.7,@B		+7.01,-2.1,+19.6,DB	
1701994406.1735082	+6.71,+6.4,+21.1,IB	+6.55,+20.5,+21.2,IA	+6.86,+4.6,+21.2,BB	+7.05,-5.7,+19.6,AB		+7.01,-2.3,+19.6,FB	
1701994468.199437	+6.71,+6.4,+21.1,IB	+6.55,+20.7,+21.2,KA	+6.86,+4.6,+21.2,BB	+7.05,-5.6,+19.6,@B		+7.01,-2.1,+19.6,DB	
1701994530.2222624	+6.71,+6.4,+21.1,IB	+6.55,+20.5,+21.2,IA	+6.86,+4.5,+21.2,AB	+7.05,-5.7,+19.6,AB		+7.01,-2.4,+19.6,AB	
1701994592.2379005	+6.71,+6.4,+21.1,IB	+6.55,+20.5,+21.2,IA	+6.86,+4.6,+21.2,BB	+7.05,-5.7,+19.7,@B		+7.01,-2.1,+19.6,DB	
1701994654.2548442	+6.71,+6.4,+21.1,IB	+6.55,+20.6,+21.2,JA	+6.86,+4.5,+21.2,AB	+7.05,-5.7,+19.7,@B		+7.01,-2.1,+19.6,DB	
1701994716.2751298	+6.71,+6.4,+21.1,IB	+6.55,+20.5,+21.2,IA	+6.86,+4.7,+21.2,CB	+7.05,-5.8,+19.7,OB		+7.01,-2.1,+19.6,DB	
1701994778.289925	+6.71,+6.4,+21.1,IB	+6.55,+20.5,+21.2,IA	+6.86,+4.6,+21.2,BB	+7.05,-5.8,+19.7,OB		+7.01,-2.1,+19.6,DB	
1701994840.309021	+6.71,+6.4,+21.1,IB	+6.55,+20.6,+21.2,JA	+6.86,+4.5,+21.2,AB	+7.05,-5.6,+19.6,@B		+7.01,-2.4,+19.6,AB	
1701994902.3238847	+6.71,+6.4,+21.1,IB	+6.55,+20.5,+21.2,IA	+6.86,+4.6,+21.2,BB	+7.05,-5.8,+19.7,OB		+7.01,-2.2,+19.6,GB	
1701994964.342518	+6.71,+6.4,+21.1,IB	+6.55,+20.5,+21.2,IA	+6.86,+4.6,+21.2,BB	+7.06,-5.9,+19.7,MB		+7.01,-2.3,+19.6,FB	
1701995026.3584309	+6.71,+6.5,+21.1,HB	+6.55,+20.5,+21.2,IA	+6.86,+4.5,+21.2,AB	+7.05,-5.8,+19.7,OB		+7.01,-2.4,+19.7,@B	
1701995088.377612	+6.71,+6.4,+21.1,IB	+6.55,+20.6,+21.2,JA	+6.86,+4.4,+21.2,@B	+7.05,-5.7,+19.7,@B		+7.01,-2.2,+19.6,GB	
1701995150.4043074	+6.71,+6.4,+21.1,IB	+6.55,+20.6,+21.2,JA	+6.86,+4.6,+21.2,BB	+7.05,-5.8,+19.7,OB		+7.01,-2.3,+19.6,FB	
1701995212.4211814	+6.71,+6.4,+21.1,IB	+6.55,+20.6,+21.2,JA	+6.86,+4.5,+21.2,AB	+7.05,-5.7,+19.7,@B		+7.01,-2.4,+19.6,AB	
1701995274.4340224	+6.71,+6.4,+21.1,IB	+6.55,+20.6,+21.2,JA	+6.86,+4.6,+21.2,BB	+7.05,-5.6,+19.7,AB		+7.01,-2.4,+19.7,@B	
1701995336.4538066	+6.71,+6.4,+21.2,JB	+6.55,+20.6,+21.2,JA	+6.86,+4.6,+21.2,BB	+7.05,-5.7,+19.7,@B		+7.01,-2.4,+19.7,@B	
1701995398.4706202	+6.71,+6.4,+21.1,IB	+6.55,+20.5,+21.2,IA	+6.86,+4.5,+21.2,AB	+7.05,-5.7,+19.7,@B		+7.01,-2.2,+19.7,FB	
1701995460.4856315	+6.71,+6.4,+21.1,IB	+6.55,+20.5,+21.3,HA	+6.86,+4.5,+21.2,AB	+7.05,-5.8,+19.7,OB		+7.01,-2.1,+19.7,EB	
1701995522.5068514	+6.71,+6.4,+21.1,IB	+6.55,+20.6,+21.2,JA	+6.86,+4.5,+21.2,AB	+7.05,-5.7,+19.7,@B		+7.01,-2.3,+19.7,GB	
1701995584.5312295	+6.71,+6.4,+21.1,IB	+6.55,+20.6,+21.2,JA	+6.86,+4.6,+21.2,BB	+7.05,-5.6,+19.7,AB		+7.01,-2.3,+19.7,GB	
1701995646.545377	+6.71,+6.4,+21.2,JB	+6.55,+20.4,+21.2,HA	+6.86,+4.5,+21.2,AB	+7.05,-5.8,+19.7,OB		+7.01,-2.3,+19.7,GB	
1701995708.5530221	+6.71,+6.4,+21.1,IB	+6.55,+20.6,+21.2,JA	+6.86,+4.5,+21.2,AB	+7.05,-5.7,+19.7,@B		+7.01,-2.1,+19.7,EB	
1701995770.5605936	+6.71,+6.4,+21.1,IB	+6.55,+20.4,+21.2,HA	+6.86,+4.6,+21.2,BB	+7.05,-5.7,+19.7,@B		+7.01,-2.3,+19.6,FB	
1701995832.5753856	+6.71,+6.4,+21.1,IB	+6.55,+20.5,+21.2,IA	+6.86,+4.5,+21.2,AB	+7.05,-5.6,+19.7,AB		+7.01,-2.2,+19.7,FB	
1701995894.5874965	+6.71,+6.4,+21.1,IB	+6.55,+20.5,+21.2,IA	+6.86,+4.4,+21.2,@B	+7.05,-5.7,+19.7,@B		+7.01,-2.4,+19.7,@B	
1701995956.6027067	+6.71,+6.4,+21.2,JB	+6.55,+20.4,+21.2,HA	+6.86,+4.5,+21.2,AB	+7.05,-5.7,+19.7,@B		+7.01,-2.1,+19.7,EB	
1701996018.6154633	+6.71,+6.4,+21.1,IB	+6.55,+20.5,+21.3,HA	+6.86,+4.5,+21.2,AB	+7.05,-5.8,+19.7,OB		+7.01,-2.3,+19.7,GB	
1701996080.6363773	+6.71,+6.4,+21.1,IB	+6.55,+20.5,+21.2,IA	+6.86,+4.4,+21.2,@B	+7.05,-5.7,+19.7,@B		+7.01,-2.3,+19.7,GB	
1701996142.6564498	+6.71,+6.4,+21.1,IB	+6.55,+20.4,+21.2,HA	+6.86,+4.6,+21.2,BB	+7.05,-5.8,+19.7,OB		+7.01,-2.1,+19.7,EB	
1701996204.6773736	+6.71,+6.4,+21.1,IB	+6.55,+20.7,+21.2,KA	+6.86,+4.4,+21.2,@B	+7.05,-5.6,+19.7,AB		+7.01,-2.4,+19.7,@B	
1701996266.6879218	+6.71,+6.4,+21.2,JB	+6.55,+20.6,+21.2,JA	+6.86,+4.6,+21.2,BB	+7.05,-5.8,+19.7,OB		+7.01,-2.2,+19.7,FB	
1701996328.707757	+6.71,+6.4,+21.1,IB	+6.55,+20.5,+21.2,IA	+6.86,+4.3,+21.2,GB	+7.05,-5.7,+19.7,@B		+7.01,-2.4,+19.7,@B	
1701996390.7193775	+6.71,+6.4,+21.2,JB	+6.54,+20.8,+21.2,EA	+6.86,+4.3,+21.2,GB	+7.05,-5.6,+19.7,AB		+7.01,-2.2,+19.7,FB	
1701996637.5311432	+6.71,+6.4,+21.1,IB	+6.54,+20.8,+21.2,EA	+6.86,+4.4,+21.2,@B	+7.05,-5.7,+19.7,@B		+7.01,-2.4,+19.6,AB	
1701996699.558674	+6.71,+6.5,+21.1,HB	+6.54,+20.8,+21.2,EA	+6.86,+4.4,+21.2,@B	+7.05,-5.8,+19.7,OB		+7.01,-2.5,+19.6,@B	
1701996761.5865011	+6.71,+6.5,+21.1,HB	+6.55,+20.6,+21.2,JA	+6.86,+4.4,+21.2,@B	+7.05,-5.7,+19.7,@B		+7.01,-2.2,+19.6,GB	
1701996823.6022415	+6.71,+6.5,+21.1,HB	+6.55,+20.7,+21.2,KA	+6.86,+4.5,+21.2,AB	+7.05,-5.8,+19.7,OB		+7.01,-2.4,+19.6,AB	
1701996885.623031	+6.71,+6.5,+21.1,HB	+6.55,+20.6,+21.2,JA	+6.86,+4.5,+21.2,AB	+7.05,-5.8,+19.7,OB		+7.01,-2.4,+19.6,AB	
1701996947.6368241	+6.71,+6.5,+21.2,KB	+6.55,+20.7,+21.2,KA	+6.86,+4.3,+21.2,GB	+7.05,-5.6,+19.7,AB		+7.01,-2.1,+19.6,DB	
1701997009.6575239	+6.71,+6.5,+21.1,HB	+6.55,+20.7,+21.2,KA	+6.86,+4.3,+21.2,GB	+7.05,-5.6,+19.7,AB		+7.01,-2.1,+19.6,DB	
1701997071.675464	+6.71,+6.5,+21.1,HB	+6.55,+20.4,+21.2,HA	+6.86,+4.5,+21.2,AB	+7.05,-5.8,+19.7,OB		+7.01,-2.4,+19.6,AB	
1701997133.6877236	+6.71,+6.5,+21.1,HB	+6.55,+20.4,+21.2,HA	+6.86,+4.5,+21.2,AB	+7.05,-5.7,+19.7,@B		+7.01,-2.4,+19.6,AB	
1701997195.7074933	+6.71,+6.5,+21.1,HB	+6.55,+20.6,+21.2,JA	+6.86,+4.3,+21.2,GB	+7.05,-5.7,+19.7,@B		+7.01,-2.3,+19.6,FB	
1701997257.7350328	+6.71,+6.5,+21.1,HB	+6.55,+20.6,+21.2,JA	+6.86,+4.3,+21.2,GB	+7.05,-5.8,+19.7,OB		+7.01,-2.2,+19.6,GB	
1701997319.7471735	+6.71,+6.5,+21.1,HB	+6.55,+20.5,+21.2,IA	+6.86,+4.5,+21.2,AB	+7.05,-5.6,+19.7,AB		+7.01,-2.3,+19.6,FB	
1701997381.7574127	+6.71,+6.5,+21.1,HB	+6.55,+20.5,+21.2,IA	+6.86,+4.3,+21.2,GB	+7.05,-5.8,+19.7,OB		+7.01,-2.2,+19.7,FB	
1701997443.77675	+6.71,+6.5,+21.1,HB	+6.55,+20.6,+21.2,JA	+6.86,+4.4,+21.2,@B	+7.05,-5.6,+19.7,AB		+7.01,-2.4,+19.7,@B	
1701997505.7897544	+6.71,+6.5,+21.2,KB	+6.55,+20.7,+21.2,KA	+6.86,+4.4,+21.2,@B	+7.06,-5.8,+19.7,LB		+7.01,-2.4,+19.6,AB	
1701997567.7997463	+6.71,+6.5,+21.2,KB	+6.55,+20.5,+21.2,IA	+6.86,+4.3,+21.2,GB	+7.05,-5.8,+19.7,OB		+7.01,-2.4,+19.7,@B	
1701997629.807946	+6.71,+6.4,+21.1,IB	+6.55,+20.5,+21.3,HA	+6.86,+4.3,+21.2,GB	+7.05,-5.7,+19.7,@B		+7.01,-2.3,+19.7,GB	
1701997691.8191628	+6.71,+6.5,+21.2,KB	+6.55,+20.7,+21.3,JA	+6.86,+4.3,+21.2,GB	+7.06,-5.9,+19.7,MB		+7.01,-2.3,+19.7,GB	
1701997753.8401947	+6.71,+6.4,+21.1,IB	+6.55,+20.6,+21.3,KA	+6.86,+4.4,+21.2,@B	+7.05,-5.8,+19.7,OB		+7.01,-2.1,+19.6,DB	
1701997815.851299	+6.71,+6.4,+21.1,IB	+6.55,+20.6,+21.2,JA	+6.86,+4.4,+21.2,@B	+7.05,-5.7,+19.7,@B		+7.01,-2.2,+19.7,FB	
1701997877.873562	+6.71,+6.4,+21.1,IB	+6.55,+20.5,+21.2,IA	+6.87,+4.2,+21.2,GB	+7.05,-5.6,+19.7,AB		+7.01,-2.4,+19.7,@B	
1701997939.8839846	+6.71,+6.4,+21.1,IB	+6.55,+20.5,+21.2,IA	+6.86,+4.3,+21.2,GB	+7.05,-5.6,+19.7,AB		+7.01,-2.2,+19.7,FB	
1701998001.903443	+6.71,+6.4,+21.1,IB	+6.55,+20.5,+21.2,IA	+6.86,+4.4,+21.2,@B	+7.05,-5.8,+19.7,OB		+7.01,-2.1,+19.7,EB	
1701998063.9135127	+6.71,+6.4,+21.1,IB	+6.55,+20.6,+21.3,KA	+6.86,+4.3,+21.2,GB	+7.05,-5.7,+19.7,@B		+7.01,-2.5,+19.7,AB	
1701998125.930463	+6.71,+6.3,+21.1,NB	+6.55,+20.4,+21.2,HA	+6.86,+4.3,+21.2,GB	+7.05,-5.6,+19.7,AB		+7.01,-2.1,+19.7,EB	
1701998187.9402373	+6.71,+6.4,+21.1,IB	+6.55,+20.5,+21.2,IA	+6.86,+4.3,+21.2,GB	+7.05,-5.5,+19.7,BB		+7.01,-2.1,+19.7,EB	
1701998249.9480987	+6.71,+6.4,+21.2,JB	+6.55,+20.6,+21.2,JA	+6.86,+4.2,+21.2,FB	+7.05,-5.7,+19.7,@B		+7.01,-2.3,+19.6,FB	
1701998311.9681742	+6.71,+6.4,+21.1,IB	+6.55,+20.5,+21.2,IA	+6.86,+4.3,+21.2,GB	+7.05,-5.6,+19.7,AB		+7.01,-2.1,+19.6,DB	
1701998373.9752016	+6.71,+6.3,+21.1,NB	+6.55,+20.4,+21.2,HA	+6.86,+4.4,+21.2,@B	+7.05,-5.7,+19.7,@B		+7.01,-2.4,+19.7,@B	
1701998435.984621	+6.71,+6.4,+21.1,IB	+6.55,+20.5,+21.2,IA	+6.86,+4.3,+21.2,GB	+7.05,-5.8,+19.7,OB		+7.01,-2.3,+19.7,GB	
1701998498.00655	+6.71,+6.4,+21.1,IB	+6.55,+20.7,+21.2,KA	+6.86,+4.3,+21.2,GB	+7.05,-5.6,+19.7,AB		+7.01,-2.3,+19.7,GB	
1701998560.0105398	+6.71,+6.4,+21.1,IB	+6.55,+20.5,+21.2,IA	+6.86,+4.4,+21.2,@B	+7.05,-5.6,+19.7,AB		+7.01,-2.4,+19.7,@B	
1701998622.0185976	+6.71,+6.4,+21.1,IB	+6.55,+20.7,+21.2,KA	+6.86,+4.3,+21.2,GB	+7.05,-5.6,+19.7,AB		+7.01,-2.4,+19.7,@B	
1701998684.0344214	+6.71,+6.3,+21.1,NB	+6.55,+20.6,+21.2,JA	+6.86,+4.2,+21.2,FB	+7.05,-5.7,+19.7,@B		+7.01,-2.2,+19.7,FB	
1701998746.0446835	+6.71,+6.4,+21.2,JB	+6.55,+20.5,+21.2,IA	+6.86,+4.3,+21.2,GB	+7.05,-5.6,+19.7,AB		+7.01,-2.1,+19.7,EB	
1701998808.0582435	+6.71,+6.4,+21.2,JB	+6.55,+20.6,+21.3,KA	+6.86,+4.4,+21.2,@B	+7.05,-5.5,+19.7,BB		+7.01,-2.2,+19.7,FB	
1701998870.0731864	+6.71,+6.4,+21.1,IB	+6.55,+20.6,+21.3,KA	+6.87,+4.1,+21.2,DB	+7.05,-5.7,+19.7,@B		+7.01,-2.3,+19.7,GB	
1701998932.0905752	+6.71,+6.4,+21.2,JB	+6.55,+20.7,+21.3,JA	+6.86,+4.4,+21.2,@B	+7.05,-5.6,+19.7,AB		+7.01,-2.2,+19.7,FB	
1701998994.0996306	+6.71,+6.3,+21.1,NB	+6.55,+20.6,+21.2,JA	+6.86,+4.3,+21.2,GB	+7.05,-5.6,+19.7,AB		+7.01,-2.2,+19.7,FB	
1701999056.1177642	+6.71,+6.4,+21.1,IB	+6.55,+20.5,+21.2,IA	+6.87,+4.2,+21.2,GB	+7.05,-5.5,+19.7,BB		+7.01,-2.3,+19.6,FB	
1701999118.1322088	+6.71,+6.4,+21.1,IB	+6.55,+20.5,+21.2,IA	+6.87,+4.2,+21.2,GB	+7.05,-5.6,+19.7,AB		+7.01,-2.5,+19.6,@B	
1701999180.1399314	+6.71,+6.4,+21.1,IB	+6.55,+20.6,+21.2,JA	+6.86,+4.3,+21.2,GB	+7.05,-5.6,+19.7,AB		+7.01,-2.3,+19.6,FB	
1701999242.1552973	+6.71,+6.3,+21.1,NB	+6.54,+21.1,+21.2,MA	+6.86,+4.3,+21.2,GB	+7.05,-5.8,+19.7,OB		+7.01,-2.1,+19.6,DB	
1701999304.1709104	+6.71,+6.4,+21.1,IB	+6.54,+21.0,+21.2,LA	+6.86,+4.3,+21.2,GB	+7.05,-5.7,+19.7,@B		+7.01,-2.2,+19.6,GB	
1701999366.186027	+6.71,+6.3,+21.2,MB	+6.54,+20.8,+21.2,EA	+6.87,+4.2,+21.2,GB	+7.05,-5.6,+19.7,AB		+7.01,-2.4,+19.6,AB	
1701999428.2024322	+6.71,+6.4,+21.1,IB	+6.54,+20.9,+21.2,DA	+6.86,+4.2,+21.2,FB	+7.05,-5.8,+19.7,OB		+7.01,-2.4,+19.6,AB	
1701999490.2166033	+6.71,+6.4,+21.1,IB	+6.54,+20.9,+21.2,DA	+6.86,+4.2,+21.2,FB	+7.05,-5.7,+19.7,@B		+7.01,-2.4,+19.6,AB	
1701999552.229736	+6.71,+6.3,+21.2,MB	+6.55,+20.7,+21.2,KA	+6.86,+4.3,+21.2,GB	+7.05,-5.5,+19.7,BB		+7.01,-2.0,+19.6,EB	
1701999614.2500384	+6.71,+6.3,+21.1,NB	+6.55,+20.8,+21.2,DA	+6.87,+4.2,+21.2,GB	+7.05,-5.6,+19.7,AB		+7.01,-2.1,+19.6,DB	
1701999676.2651765	+6.71,+6.3,+21.1,NB	+6.55,+20.7,+21.2,KA	+6.86,+4.3,+21.2,GB	+7.05,-5.5,+19.7,BB		+7.01,-2.2,+19.6,GB	
1701999738.2805493	+6.71,+6.3,+21.1,NB	+6.55,+20.7,+21.2,KA	+6.86,+4.2,+21.2,FB	+7.05,-5.6,+19.7,AB		+7.01,-2.2,+19.6,GB	
1701999800.2977848	+6.71,+6.3,+21.1,NB	+6.54,+20.9,+21.2,DA	+6.87,+4.1,+21.2,DB	+7.05,-5.7,+19.7,@B		+7.01,-2.1,+19.7,EB	
1701999862.3162103	+6.71,+6.3,+21.1,NB	+6.55,+20.7,+21.2,KA	+6.87,+4.2,+21.2,GB	+7.05,-5.7,+19.7,@B		+7.01,-2.3,+19.6,FB	
1701999924.33113	+6.71,+6.3,+21.1,NB	+6.55,+20.8,+21.2,DA	+6.87,+4.1,+21.2,DB	+7.05,-5.8,+19.7,OB		+7.01,-2.1,+19.7,EB	
1701999986.3509543	+6.71,+6.3,+21.1,NB	+6.55,+20.6,+21.2,JA	+6.86,+4.2,+21.2,FB	+7.05,-5.6,+19.7,AB		+7.01,-2.2,+19.7,FB	
1702000048.36709	+6.71,+6.3,+21.1,NB	+6.55,+20.7,+21.2,KA	+6.86,+4.2,+21.2,FB	+7.05,-5.5,+19.7,BB		+7.01,-2.3,+19.7,GB	
1702000110.3822138	+6.71,+6.3,+21.2,MB	+6.55,+20.7,+21.2,KA	+6.86,+4.2,+21.2,FB	+7.05,-5.5,+19.7,BB		+7.01,-2.1,+19.6,DB	
1702000172.398805	+6.71,+6.4,+21.1,IB	+6.55,+20.8,+21.3,EA	+6.86,+4.3,+21.2,GB	+7.05,-5.7,+19.7,@B		+7.01,-2.5,+19.7,AB	
1702000234.412335	+6.71,+6.4,+21.2,JB	+6.55,+20.8,+21.2,DA	+6.87,+4.2,+21.2,GB	+7.05,-5.8,+19.7,OB		+7.01,-2.4,+19.6,AB	
1702000481.1527388	+6.71,+6.3,+21.1,NB	+6.55,+20.7,+21.2,KA	+6.87,+4.2,+21.2,GB	+7.05,-5.6,+19.7,AB		+7.01,-2.2,+19.6,GB	
1702000543.1616688	+6.71,+6.4,+21.2,JB	+6.55,+20.8,+21.2,DA	+6.87,+4.1,+21.2,DB	+7.05,-5.6,+19.7,AB		+7.01,-2.3,+19.6,FB	
1702000605.1780882	+6.71,+6.3,+21.2,MB	+6.55,+20.7,+21.2,KA	+6.87,+4.1,+21.2,DB	+7.05,-5.5,+19.7,BB		+7.01,-2.1,+19.6,DB	
1702000667.2006652	+6.71,+6.4,+21.1,IB	+6.55,+20.8,+21.2,DA	+6.86,+4.2,+21.2,FB	+7.05,-5.8,+19.7,OB		+7.01,-2.4,+19.6,AB	
1702000729.2186189	+6.71,+6.4,+21.2,JB	+6.54,+20.9,+21.2,DA	+6.87,+4.1,+21.2,DB	+7.05,-5.5,+19.7,BB		+7.01,-2.2,+19.6,GB	
1702000791.2379184		+6.55,+20.8,+21.2,DA	+6.86,+4.3,+21.2,GB	+7.05,-5.7,+19.7,@B		+7.01,-2.5,+19.7,AB	
1702000853.2505715	+6.71,+6.3,+21.1,NB	+6.55,+20.8,+21.3,EA	+6.87,+4.2,+21.2,GB	+7.05,-5.6,+19.7,AB		+7.01,-2.5,+19.7,AB	
1702000915.2670567	+6.71,+6.3,+21.2,MB	+6.54,+21.0,+21.3,MA	+6.87,+4.0,+21.2,EB	+7.05,-5.7,+19.7,@B		+7.01,-2.1,+19.7,EB	
1702000977.2878466	+6.71,+6.3,+21.2,MB	+6.54,+21.0,+21.3,MA	+6.87,+4.0,+21.2,EB	+7.05,-5.7,+19.7,@B		+7.01,-2.3,+19.7,GB	
1702001039.3040352	+6.71,+6.3,+21.2,MB	+6.54,+21.0,+21.3,MA	+6.87,+4.1,+21.3,EB	+7.05,-5.6,+19.7,AB		+7.01,-2.5,+19.7,AB	
1702001101.325213	+6.71,+6.3,+21.2,MB	+6.54,+21.0,+21.3,MA	+6.87,+4.0,+21.2,EB	+7.05,-5.8,+19.7,OB		+7.01,-2.4,+19.7,@B	
1702001163.3478606	+6.71,+6.3,+21.2,MB	+6.55,+20.8,+21.2,DA	+6.87,+4.1,+21.2,DB	+7.05,-5.6,+19.7,AB		+7.01,-2.1,+19.7,EB	
1702001225.3687308	+6.71,+6.4,+21.2,JB	+6.54,+20.9,+21.3,EA	+6.87,+4.2,+21.2,GB	+7.05,-5.6,+19.7,AB		+7.01,-2.2,+19.7,FB	
1702001287.3954606	+6.71,+6.3,+21.2,MB	+6.55,+20.8,+21.3,EA	+6.87,+4.1,+21.3,EB	+7.05,-5.7,+19.7,@B		+7.01,-2.4,+19.7,@B	
1702001349.4092047	+6.71,+6.3,+21.2,MB	+6.55,+20.8,+21.3,EA	+6.87,+4.2,+21.2,GB	+7.05,-5.5,+19.7,BB		+7.01,-2.1,+19.7,EB	
1702001411.415586	+6.71,+6.3,+21.2,MB	+6.55,+20.7,+21.3,JA	+6.87,+4.0,+21.2,EB	+7.05,-5.7,+19.7,@B		+7.01,-2.5,+19.7,AB	
1702001473.431296	+6.71,+6.3,+21.2,MB	+6.54,+20.9,+21.3,EA	+6.87,+4.2,+21.2,GB	+7.05,-5.8,+19.7,OB		+7.01,-2.1,+19.7,EB	
1702001535.452092	+6.71,+6.4,+21.2,JB	+6.55,+20.8,+21.3,EA	+6.87,+4.1,+21.2,DB	+7.05,-5.6,+19.7,AB		+7.01,-2.4,+19.7,@B	
1702001597.4711711	+6.71,+6.3,+21.2,MB	+6.54,+20.9,+21.3,EA	+6.87,+4.2,+21.2,GB	+7.05,-5.8,+19.7,OB		+7.01,-2.1,+19.7,EB	
1702001659.4872322	+6.71,+6.3,+21.2,MB	+6.55,+20.8,+21.3,EA	+6.87,+4.0,+21.2,EB	+7.05,-5.8,+19.7,OB		+7.01,-2.1,+19.7,EB	
1702001721.5002196	+6.71,+6.3,+21.2,MB	+6.54,+20.9,+21.3,EA	+6.87,+4.1,+21.2,DB	+7.05,-5.7,+19.7,@B		+7.01,-2.3,+19.7,GB	
1702001783.517035	+6.71,+6.3,+21.2,MB	+6.55,+20.7,+21.3,JA	+6.87,+4.1,+21.2,DB	+7.05,-5.7,+19.8,OB		+7.01,-2.1,+19.7,EB	
1702001845.526516	+6.71,+6.3,+21.2,MB	+6.55,+20.8,+21.3,EA	+6.87,+3.9,+21.3,JB	+7.05,-5.5,+19.7,BB		+7.01,-2.1,+19.7,EB	
1702001907.5384283	+6.71,+6.3,+21.2,MB	+6.55,+20.8,+21.3,EA	+6.87,+4.0,+21.2,EB	+7.05,-5.6,+19.7,AB		+7.01,-2.2,+19.7,FB	
1702001969.5458138	+6.71,+6.3,+21.2,MB	+6.54,+20.9,+21.3,EA	+6.87,+4.1,+21.3,EB	+7.05,-5.7,+19.7,@B		+7.01,-2.3,+19.7,GB	
1702002031.559521	+6.71,+6.3,+21.2,MB	+6.54,+20.8,+21.3,DA	+6.87,+4.1,+21.2,DB	+7.05,-5.6,+19.7,AB		+7.01,-2.2,+19.7,FB	
1702002093.5716593	+6.71,+6.3,+21.2,MB	+6.54,+20.9,+21.3,EA	+6.87,+4.0,+21.2,EB	+7.05,-5.5,+19.7,BB		+7.01,-2.2,+19.7,FB	
1702002155.5848196	+6.71,+6.3,+21.2,MB	+6.54,+20.9,+21.3,EA	+6.87,+4.1,+21.3,EB	+7.05,-5.8,+19.8,@B		+7.01,-2.3,+19.7,GB	
1702002217.6061566	+6.71,+6.3,+21.2,MB	+6.54,+21.0,+21.3,MA	+6.87,+4.0,+21.2,EB	+7.05,-5.7,+19.7,@B		+7.01,-2.1,+19.7,EB	
1702002279.6264303	+6.71,+6.3,+21.2,MB	+6.55,+20.7,+21.3,JA	+6.87,+4.1,+21.3,EB	+7.05,-5.6,+19.7,AB		+7.01,-2.5,+19.7,AB	
1702002341.6441917	+6.71,+6.3,+21.2,MB	+6.55,+20.6,+21.3,KA	+6.87,+4.0,+21.2,EB	+7.05,-5.8,+19.7,OB		+7.01,-2.1,+19.7,EB	
1702002403.6661775	+6.71,+6.3,+21.2,MB	+6.55,+20.6,+21.3,KA	+6.87,+4.1,+21.3,EB	+7.05,-5.6,+19.7,AB		+7.01,-2.3,+19.7,GB	
1702002465.6875322	+6.71,+6.4,+21.2,JB	+6.55,+20.7,+21.3,JA	+6.87,+4.1,+21.3,EB	+7.05,-5.6,+19.7,AB		+7.01,-2.2,+19.7,FB	
1702002527.7087364	+6.71,+6.3,+21.2,MB	+6.55,+20.8,+21.3,EA	+6.87,+4.0,+21.3,DB	+7.05,-5.6,+19.8,NB		+7.01,-2.5,+19.7,AB	
1702002589.723247	+6.71,+6.3,+21.2,MB	+6.55,+20.6,+21.3,KA	+6.87,+3.9,+21.3,JB	+7.05,-5.8,+19.7,OB		+7.01,-2.4,+19.7,@B	
1702002651.735085	+6.71,+6.3,+21.2,MB	+6.55,+20.6,+21.3,KA	+6.87,+3.9,+21.3,JB	+7.05,-5.7,+19.8,OB		+7.01,-2.3,+19.7,GB	
1702002713.7423685	+6.71,+6.3,+21.2,MB	+6.55,+20.8,+21.3,EA	+6.87,+4.1,+21.3,EB	+7.05,-5.6,+19.8,NB		+7.01,-2.1,+19.7,EB	
1702002775.7540777	+6.71,+6.3,+21.2,MB	+6.55,+20.8,+21.3,EA	+6.87,+4.1,+21.3,EB	+7.05,-5.7,+19.7,@B		+7.01,-2.1,+19.7,EB	
1702002837.7768426	+6.71,+6.5,+21.2,KB	+6.55,+20.7,+21.3,JA	+6.87,+4.1,+21.3,EB	+7.05,-5.6,+19.8,NB		+7.01,-2.4,+19.7,@B	
1702002899.7896206	+6.71,+6.4,+21.2,JB	+6.55,+20.8,+21.3,EA	+6.87,+4.0,+21.3,DB	+7.05,-5.6,+19.7,AB		+7.01,-2.5,+19.7,AB	
1702002961.8099675	+6.71,+6.4,+21.2,JB	+6.55,+20.7,+21.3,JA	+6.87,+4.0,+21.3,DB	+7.05,-5.8,+19.8,@B		+7.01,-2.5,+19.7,AB	
1702003023.8275626	+6.71,+6.4,+21.2,JB	+6.55,+20.8,+21.3,EA	+6.87,+4.0,+21.3,DB	+7.05,-5.7,+19.8,OB		+7.01,-2.4,+19.7,@B	
1702003085.848751	+6.71,+6.4,+21.2,JB	+6.55,+20.6,+21.3,KA	+6.87,+4.0,+21.3,DB	+7.05,-5.7,+19.8,OB		+7.01,-2.5,+19.7,AB	
1702003147.8728364	+6.71,+6.4,+21.2,JB	+6.55,+20.6,+21.3,KA	+6.87,+4.0,+21.2,EB	+7.05,-5.7,+19.7,@B		+7.01,-2.5,+19.7,AB	
1702003209.8805377	+6.71,+6.4,+21.2,JB	+6.55,+20.5,+21.3,HA	+6.87,+4.0,+21.3,DB	+7.05,-5.7,+19.8,OB		+7.01,-2.5,+19.7,AB	
1702003271.8930285	+6.71,+6.3,+21.2,MB	+6.55,+20.6,+21.3,KA	+6.87,+4.0,+21.2,EB	+7.05,-5.7,+19.7,@B		+7.01,-2.5,+19.7,AB	
1702003333.914492	+6.71,+6.4,+21.2,JB	+6.55,+20.8,+21.3,EA	+6.87,+4.0,+21.2,EB	+7.05,-5.7,+19.7,@B		+7.01,-2.1,+19.7,EB	
1702003395.923587	+6.71,+6.3,+21.2,MB	+6.55,+20.6,+21.3,KA	+6.87,+4.1,+21.2,DB	+7.05,-5.8,+19.7,OB		+7.01,-2.1,+19.7,EB	
1702003457.93202	+6.71,+6.3,+21.2,MB	+6.55,+20.7,+21.3,JA	+6.87,+3.9,+21.2,KB	+7.05,-5.5,+19.7,BB		+7.01,-2.4,+19.7,@B	
1702003519.95414	+6.71,+6.3,+21.2,MB	+6.55,+20.6,+21.3,KA	+6.87,+4.0,+21.2,EB	+7.05,-5.7,+19.7,@B		+7.01,-2.1,+19.7,EB	
1702003581.9688509	+6.71,+6.5,+21.2,KB	+6.55,+20.6,+21.3,KA	+6.87,+4.0,+21.2,EB	+7.05,-5.7,+19.7,@B		+7.01,-2.1,+19.7,EB	
1702003643.9873238	+6.71,+6.4,+21.2,JB	+6.55,+20.7,+21.3,JA	+6.87,+4.0,+21.2,EB	+7.05,-5.6,+19.7,AB		+7.01,-2.1,+19.7,EB	
1702003706.0049355	+6.71,+6.4,+21.2,JB	+6.55,+20.8,+21.3,EA	+6.87,+4.0,+21.2,EB	+7.05,-5.6,+19.7,AB		+7.01,-2.2,+19.7,FB	
1702003768.0202465	+6.71,+6.5,+21.2,KB	+6.55,+20.7,+21.3,JA	+6.87,+3.8,+21.2,JB	+7.05,-5.8,+19.7,OB		+7.01,-2.4,+19.7,@B	
1702003830.038762	+6.71,+6.4,+21.2,JB	+6.55,+20.6,+21.3,KA	+6.87,+4.0,+21.2,EB	+7.05,-5.7,+19.7,@B		+7.01,-2.5,+19.7,AB	
1702003892.0511143	+6.71,+6.5,+21.2,KB	+6.55,+20.6,+21.3,KA	+6.87,+3.9,+21.2,KB	+7.05,-5.6,+19.7,AB		+7.01,-2.5,+19.7,AB	
1702003954.0685458	+6.71,+6.5,+21.2,KB	+6.55,+20.6,+21.3,KA	+6.87,+3.8,+21.2,JB	+7.05,-5.7,+19.7,@B		+7.01,-2.4,+19.7,@B	
1702004016.0901148	+6.71,+6.4,+21.2,JB	+6.55,+20.8,+21.3,EA	+6.87,+3.8,+21.2,JB	+7.05,-5.6,+19.7,AB		+7.01,-2.2,+19.7,FB	
1702004078.112592	+6.71,+6.4,+21.2,JB	+6.55,+20.8,+21.3,EA	+6.87,+4.0,+21.2,EB	+7.05,-5.7,+19.7,@B		+7.01,-2.4,+19.7,@B	
1702004324.8878415	+6.71,+6.5,+21.2,KB	+6.55,+20.7,+21.3,JA	+6.87,+3.8,+21.2,JB	+7.05,-5.7,+19.7,@B		+7.01,-2.1,+19.7,EB	
1702004386.8944232	+6.71,+6.4,+21.2,JB	+6.55,+20.7,+21.3,JA	+6.87,+3.9,+21.2,KB	+7.05,-5.8,+19.7,OB		+7.01,-2.5,+19.7,AB	
1702004448.9083416	+6.71,+6.4,+21.2,JB	+6.55,+20.7,+21.3,JA	+6.87,+4.0,+21.2,EB	+7.05,-5.8,+19.7,OB		+7.01,-2.5,+19.7,AB	
1702004510.9156163	+6.71,+6.4,+21.2,JB	+6.55,+20.7,+21.2,KA	+6.87,+3.8,+21.3,KB	+7.05,-5.7,+19.7,@B		+7.01,-2.4,+19.7,@B	
1702004572.929904	+6.71,+6.4,+21.2,JB	+6.55,+20.8,+21.3,EA	+6.87,+3.8,+21.2,JB	+7.05,-5.6,+19.7,AB		+7.01,-2.1,+19.7,EB	
1702004634.9479527	+6.71,+6.4,+21.2,JB	+6.55,+20.7,+21.2,KA	+6.87,+3.8,+21.2,JB	+7.05,-5.6,+19.7,AB		+7.01,-2.5,+19.7,AB	
1702004696.9672608	+6.71,+6.4,+21.2,JB	+6.54,+20.8,+21.3,DA	+6.87,+3.7,+21.2,EB	+7.05,-5.6,+19.7,AB		+7.01,-2.3,+19.7,GB	
1702004758.974703	+6.71,+6.4,+21.2,JB	+6.55,+20.6,+21.3,KA	+6.87,+3.9,+21.2,KB	+7.05,-5.8,+19.7,OB		+7.01,-2.1,+19.7,EB	
1702004820.9833357	+6.71,+6.4,+21.2,JB	+6.55,+20.7,+21.3,JA	+6.87,+3.9,+21.2,KB	+7.05,-5.5,+19.7,BB		+7.01,-2.3,+19.7,GB	
1702004882.9929388	+6.71,+6.5,+21.2,KB	+6.55,+20.7,+21.3,JA	+6.87,+3.9,+21.3,JB	+7.05,-5.5,+19.7,BB		+7.01,-2.3,+19.7,GB	
1702004945.0136464	+6.71,+6.4,+21.2,JB	+6.55,+20.7,+21.3,JA	+6.87,+3.8,+21.2,JB	+7.05,-5.8,+19.7,OB		+7.01,-2.3,+19.7,GB	
1702005007.0240123	+6.71,+6.4,+21.2,JB	+6.55,+20.7,+21.3,JA	+6.87,+3.8,+21.2,JB	+7.05,-5.7,+19.7,@B		+7.01,-2.3,+19.7,GB	
1702005069.0283647	+6.71,+6.4,+21.2,JB	+6.55,+20.6,+21.3,KA	+6.87,+3.9,+21.2,KB	+7.05,-5.6,+19.7,AB		+7.01,-2.3,+19.7,GB	
1702005131.0289054	+6.71,+6.4,+21.2,JB	+6.54,+21.2,+21.3,OA	+6.87,+3.8,+21.3,KB	+7.05,-5.8,+19.7,OB		+7.01,-2.3,+19.7,GB	
1702005193.0460188	+6.71,+6.4,+21.2,JB	+6.54,+21.1,+21.3,LA	+6.87,+3.8,+21.3,KB	+7.05,-5.7,+19.7,@B		+7.01,-2.2,+19.7,FB	
1702005255.0596802	+6.71,+6.4,+21.2,JB	+6.54,+20.9,+21.3,EA	+6.87,+3.7,+21.3,DB	+7.05,-5.8,+19.8,@B		+7.01,-2.5,+19.7,AB	
1702005317.0751095	+6.71,+6.4,+21.2,JB	+6.54,+21.0,+21.3,MA	+6.87,+3.9,+21.2,KB	+7.05,-5.8,+19.7,OB		+7.01,-2.0,+19.7,DB	
1702005379.09915	+6.71,+6.4,+21.2,JB	+6.54,+21.0,+21.3,MA	+6.87,+3.8,+21.3,KB	+7.05,-5.8,+19.7,OB		+7.01,-2.1,+19.7,EB	
1702005441.123891	+6.71,+6.4,+21.2,JB	+6.54,+20.9,+21.3,EA	+6.87,+3.8,+21.3,KB	+7.05,-5.6,+19.7,AB		+7.01,-2.5,+19.7,AB	
1702005503.1406686	+6.71,+6.4,+21.2,JB	+6.54,+21.0,+21.3,MA	+6.87,+3.8,+21.3,KB	+7.05,-5.6,+19.7,AB		+7.01,-2.5,+19.7,AB	
1702005565.15887	+6.71,+6.4,+21.2,JB	+6.54,+20.9,+21.3,EA	+6.87,+3.7,+21.3,DB	+7.05,-5.6,+19.7,AB		+7.01,-2.1,+19.7,EB	
1702005627.1761324	+6.71,+6.4,+21.2,JB	+6.54,+20.9,+21.3,EA	+6.87,+3.7,+21.2,EB	+7.05,-5.6,+19.7,AB		+7.01,-2.1,+19.7,EB	
1702005689.1952927	+6.71,+6.4,+21.2,JB	+6.54,+20.8,+21.3,DA	+6.87,+3.7,+21.2,EB	+7.05,-5.8,+19.8,@B		+7.01,-2.3,+19.7,GB	
1702005751.2123663	+6.71,+6.4,+21.2,JB	+6.55,+20.8,+21.3,EA	+6.87,+3.9,+21.2,KB	+7.05,-5.7,+19.7,@B		+7.01,-2.3,+19.7,GB	
1702005813.2271283	+6.71,+6.4,+21.2,JB	+6.54,+21.0,+21.3,MA	+6.87,+3.8,+21.3,KB	+7.05,-5.6,+19.7,AB		+7.01,-2.1,+19.7,EB	
1702005875.2408903	+6.71,+6.4,+21.2,JB	+6.54,+20.9,+21.3,EA	+6.87,+3.9,+21.2,KB	+7.05,-5.8,+19.7,OB		+7.01,-2.2,+19.7,FB	
1702005937.2546456	+6.71,+6.4,+21.2,JB	+6.55,+20.8,+21.3,EA	+6.87,+3.8,+21.2,JB	+7.05,-5.5,+19.7,BB		+7.01,-2.5,+19.7,AB	
1702005999.2734199	+6.71,+6.3,+21.2,MB	+6.55,+20.7,+21.3,JA	+6.87,+3.9,+21.2,KB	+7.06,-5.8,+19.7,LB		+7.01,-2.3,+19.7,GB	
1702006061.290365	+6.71,+6.3,+21.2,MB	+6.55,+20.8,+21.3,EA	+6.87,+3.7,+21.2,EB	+7.05,-5.6,+19.7,AB		+7.01,-2.3,+19.7,GB	
1702006123.3079083	+6.71,+6.3,+21.2,MB	+6.55,+20.8,+21.3,EA	+6.87,+3.7,+21.2,EB	+7.05,-5.6,+19.7,AB		+7.01,-2.4,+19.7,@B	
1702006185.3236542	+6.71,+6.4,+21.2,JB	+6.55,+20.6,+21.3,KA	+6.87,+3.8,+21.2,JB	+7.05,-5.8,+19.7,OB		+7.01,-2.2,+19.7,FB	
1702006247.3409805	+6.71,+6.3,+21.2,MB	+6.55,+20.7,+21.3,JA	+6.87,+3.9,+21.2,KB	+7.05,-5.6,+19.7,AB		+7.01,-2.2,+19.7,FB	
1702006309.3616786	+6.71,+6.3,+21.2,MB	+6.55,+20.7,+21.2,KA	+6.87,+3.8,+21.3,KB	+7.05,-5.6,+19.7,AB		+7.01,-2.1,+19.7,EB	
1702006371.3765311	+6.71,+6.3,+21.2,MB	+6.55,+20.7,+21.3,JA	+6.87,+3.9,+21.2,KB	+7.05,-5.5,+19.7,BB		+7.01,-2.2,+19.7,FB	
1702006433.3916857	+6.71,+6.3,+21.2,MB	+6.55,+20.7,+21.2,KA	+6.87,+3.8,+21.3,KB	+7.05,-5.6,+19.7,AB		+7.01,-2.2,+19.7,FB	
1702006495.4056804	+6.71,+6.3,+21.2,MB	+6.55,+20.6,+21.3,KA	+6.87,+3.8,+21.2,JB	+7.05,-5.8,+19.7,OB		+7.01,-2.3,+19.7,GB	
1702006557.420731	+6.71,+6.2,+21.2,LB	+6.55,+20.5,+21.3,HA	+6.87,+3.7,+21.2,EB	+7.05,-5.8,+19.7,OB		+7.01,-2.5,+19.7,AB	
1702006619.4365995	+6.71,+6.3,+21.2,MB	+6.55,+20.5,+21.3,HA	+6.87,+3.7,+21.3,DB	+7.05,-5.8,+19.7,OB		+7.01,-2.4,+19.7,@B	
1702006681.452343	+6.71,+6.3,+21.2,MB	+6.55,+20.6,+21.3,KA	+6.87,+3.7,+21.2,EB	+7.05,-5.7,+19.7,@B		+7.01,-2.5,+19.7,AB	
1702006743.4648352	+6.71,+6.2,+21.2,LB	+6.55,+20.6,+21.3,KA	+6.87,+3.8,+21.2,JB	+7.05,-5.8,+19.7,OB		+7.01,-2.0,+19.7,DB	
1702006805.4811847	+6.71,+6.3,+21.2,MB	+6.55,+20.7,+21.3,JA	+6.87,+3.7,+21.2,EB	+7.05,-5.5,+19.7,BB		+7.01,-2.5,+19.7,AB	
1702006867.4876902	+6.71,+6.2,+21.2,LB	+6.55,+20.7,+21.3,JA	+6.87,+3.7,+21.2,EB	+7.05,-5.6,+19.7,AB		+7.01,-2.4,+19.7,@B	
1702006929.4920793	+6.71,+6.3,+21.2,MB	+6.55,+20.7,+21.3,JA	+6.87,+3.7,+21.2,EB	+7.05,-5.7,+19.7,@B		+7.01,-2.5,+19.7,AB	
1702006991.4975595	+6.71,+6.2,+21.2,LB	+6.55,+20.7,+21.3,JA	+6.87,+3.7,+21.3,DB	+7.05,-5.7,+19.7,@B		+7.01,-2.5,+19.7,AB	
1702007053.523849	+6.72,+6.2,+21.2,OB	+6.55,+20.6,+21.3,KA	+6.88,+3.6,+21.2,KB	+7.05,-5.6,+19.7,AB		+7.01,-2.2,+19.7,FB	
1702007115.5367215	+6.72,+6.2,+21.2,OB	+6.55,+20.7,+21.3,JA	+6.87,+3.6,+21.2,DB	+7.05,-5.6,+19.7,AB		+7.01,-2.1,+19.7,EB	
1702007177.5486689	+6.71,+6.3,+21.2,MB	+6.55,+20.4,+21.3,IA	+6.87,+3.7,+21.2,EB	+7.05,-5.7,+19.8,OB		+7.01,-2.4,+19.7,@B	
1702007239.5609856	+6.72,+6.2,+21.2,OB	+6.55,+20.7,+21.3,JA	+6.88,+3.5,+21.2,HB	+7.05,-5.7,+19.7,@B		+7.01,-2.1,+19.7,EB	
1702007301.5732815	+6.72,+6.2,+21.2,OB	+6.55,+20.4,+21.3,IA	+6.87,+3.8,+21.3,KB	+7.05,-5.8,+19.7,OB		+7.01,-2.5,+19.7,AB	
1702007363.5932367	+6.71,+6.3,+21.2,MB	+6.55,+20.6,+21.3,KA	+6.87,+3.7,+21.3,DB	+7.05,-5.6,+19.7,AB		+7.01,-2.4,+19.7,@B	
1702007425.6071546	+6.71,+6.3,+21.2,MB	+6.55,+20.4,+21.3,IA	+6.87,+3.8,+21.2,JB	+7.05,-5.8,+19.7,OB		+7.01,-2.3,+19.7,GB	
1702007487.6203089	+6.71,+6.3,+21.2,MB	+6.55,+20.6,+21.3,KA	+6.87,+3.7,+21.3,DB	+7.05,-5.6,+19.7,AB		+7.01,-2.5,+19.7,AB	
1702007549.6393635	+6.71,+6.2,+21.2,LB	+6.55,+20.6,+21.3,KA	+6.87,+3.7,+21.3,DB	+7.05,-5.6,+19.7,AB		+7.01,-2.5,+19.7,AB	
1702007611.6587188	+6.71,+6.2,+21.2,LB	+6.55,+20.5,+21.3,HA	+6.88,+3.6,+21.3,JB	+7.06,-5.9,+19.7,MB		+7.01,-2.5,+19.7,AB	
1702007673.6727085	+6.71,+6.2,+21.2,LB	+6.55,+20.6,+21.3,KA	+6.87,+3.7,+21.2,EB	+7.05,-5.8,+19.7,OB		+7.01,-2.5,+19.7,AB	
1702007735.6834054	+6.72,+6.2,+21.2,OB	+6.55,+20.7,+21.3,JA	+6.87,+3.8,+21.2,JB	+7.05,-5.6,+19.7,AB		+7.01,-2.2,+19.7,FB	
1702007797.7012422	+6.71,+6.2,+21.2,LB	+6.55,+20.7,+21.3,JA	+6.87,+3.7,+21.2,EB	+7.05,-5.6,+19.7,AB		+7.01,-2.2,+19.7,FB	
1702007859.7118604	+6.71,+6.2,+21.2,LB	+6.55,+20.5,+21.3,HA	+6.88,+3.6,+21.3,JB	+7.06,-5.9,+19.7,MB		+7.01,-2.5,+19.7,AB	
1702007921.7302015	+6.71,+6.2,+21.2,LB	+6.55,+20.4,+21.3,IA	+6.88,+3.6,+21.3,JB	+7.06,-5.9,+19.8,BB		+7.01,-2.5,+19.7,AB	
1702008168.4648705	+6.71,+6.2,+21.2,LB	+6.55,+20.6,+21.3,KA	+6.88,+3.4,+21.3,HB	+7.05,-5.6,+19.8,NB		+7.01,-2.3,+19.7,GB	
1702008230.4809139	+6.72,+6.2,+21.2,OB	+6.55,+20.6,+21.3,KA	+6.87,+3.7,+21.3,DB	+7.05,-5.8,+19.8,@B		+7.01,-2.4,+19.7,@B	
1702008292.500292	+6.71,+6.3,+21.2,MB	+6.55,+20.4,+21.3,IA	+6.87,+3.6,+21.3,EB	+7.05,-5.8,+19.7,OB		+7.01,-2.5,+19.7,AB	
1702008354.515088	+6.71,+6.2,+21.2,LB	+6.55,+20.6,+21.3,KA	+6.88,+3.6,+21.3,JB	+7.05,-5.8,+19.8,@B		+7.01,-2.1,+19.7,EB	
1702008416.528691	+6.72,+6.2,+21.2,OB	+6.55,+20.7,+21.3,JA	+6.88,+3.6,+21.3,JB	+7.05,-5.7,+19.7,@B		+7.01,-2.2,+19.7,FB	
1702008478.5458896	+6.71,+6.2,+21.2,LB	+6.55,+20.6,+21.3,KA	+6.88,+3.5,+21.3,IB	+7.05,-5.7,+19.8,OB		+7.01,-2.4,+19.7,@B	
1702008540.5570376	+6.72,+6.2,+21.2,OB	+6.55,+20.6,+21.3,KA	+6.88,+3.4,+21.3,HB	+7.05,-5.6,+19.8,NB		+7.01,-2.5,+19.7,AB	
1702008602.569676	+6.72,+6.2,+21.2,OB	+6.55,+20.7,+21.3,JA	+6.88,+3.5,+21.3,IB	+7.05,-5.6,+19.8,NB		+7.02,-2.6,+19.7,AB	
1702008664.5820997	+6.72,+6.2,+21.2,OB	+6.55,+20.5,+21.3,HA	+6.87,+3.7,+21.3,DB	+7.05,-5.8,+19.8,@B		+7.01,-2.2,+19.7,FB	
1702008726.5958247	+6.72,+6.2,+21.2,OB	+6.54,+20.9,+21.3,EA	+6.88,+3.6,+21.3,JB	+7.05,-5.6,+19.8,NB		+7.01,-2.2,+19.7,FB	
1702008788.603573	+6.72,+6.2,+21.2,OB	+6.55,+20.8,+21.3,EA	+6.88,+3.6,+21.3,JB	+7.05,-5.7,+19.8,OB		+7.01,-2.2,+19.7,FB	
1702008850.6079686	+6.72,+6.2,+21.2,OB	+6.55,+20.8,+21.3,EA	+6.87,+3.7,+21.3,DB	+7.05,-5.8,+19.8,@B		+7.01,-2.3,+19.7,GB	
1702008912.6263456	+6.72,+6.2,+21.2,OB	+6.55,+20.7,+21.3,JA	+6.88,+3.6,+21.3,JB	+7.05,-5.8,+19.8,@B		+7.02,-2.6,+19.7,AB	
1702008974.6385226	+6.72,+6.2,+21.2,OB	+6.55,+20.7,+21.3,JA	+6.88,+3.6,+21.3,JB	+7.06,-5.9,+19.8,BB		+7.01,-2.5,+19.8,NB	
1702009036.6520605	+6.72,+6.2,+21.2,OB	+6.55,+20.8,+21.3,EA	+6.88,+3.6,+21.3,JB	+7.05,-5.8,+19.8,@B		+7.01,-2.5,+19.7,AB	
1702009098.6740825	+6.72,+6.2,+21.2,OB	+6.54,+20.9,+21.3,EA	+6.87,+3.6,+21.3,EB	+7.05,-5.6,+19.8,NB		+7.01,-2.5,+19.7,AB	
1702009160.6903615	+6.72,+6.2,+21.2,OB	+6.55,+20.5,+21.3,HA	+6.88,+3.5,+21.3,IB	+7.06,-5.9,+19.8,BB		+7.01,-2.2,+19.7,FB	
1702009222.7012374	+6.72,+6.2,+21.2,OB	+6.55,+20.7,+21.3,JA	+6.88,+3.6,+21.3,JB	+7.05,-5.6,+19.8,NB		+7.02,-2.6,+19.7,AB	
1702009284.7096746	+6.72,+6.2,+21.2,OB	+6.55,+20.7,+21.3,JA	+6.88,+3.6,+21.3,JB	+7.05,-5.7,+19.8,OB		+7.02,-2.6,+19.7,AB	
1702009346.7201145	+6.71,+6.3,+21.2,MB	+6.55,+20.7,+21.3,JA	+6.88,+3.6,+21.3,JB	+7.05,-5.7,+19.8,OB		+7.01,-2.6,+19.7,BB	
1702009408.7392561	+6.72,+6.2,+21.2,OB	+6.55,+20.5,+21.3,HA	+6.88,+3.4,+21.3,HB	+7.05,-5.8,+19.8,@B		+7.01,-2.1,+19.7,EB	
1702009470.7509475	+6.71,+6.2,+21.2,LB	+6.55,+20.5,+21.3,HA	+6.88,+3.5,+21.3,IB	+7.06,-5.9,+19.8,BB		+7.01,-2.5,+19.8,NB	
1702009532.7624674	+6.72,+6.2,+21.2,OB	+6.55,+20.6,+21.3,KA	+6.88,+3.4,+21.3,HB	+7.05,-5.6,+19.8,NB		+7.01,-2.1,+19.7,EB	
1702009594.77332	+6.72,+6.2,+21.2,OB	+6.55,+20.5,+21.3,HA	+6.88,+3.5,+21.3,IB	+7.05,-5.8,+19.8,@B		+7.01,-2.5,+19.7,AB	
1702009656.7839546	+6.71,+6.2,+21.2,LB	+6.55,+20.5,+21.3,HA	+6.88,+3.6,+21.3,JB	+7.06,-5.9,+19.8,BB		+7.01,-2.3,+19.8,HB	
1702009718.7952774	+6.72,+6.2,+21.2,OB	+6.55,+20.5,+21.3,HA	+6.88,+3.5,+21.3,IB	+7.05,-5.8,+19.8,@B		+7.01,-2.1,+19.8,JB	
1702009780.8056047	+6.72,+6.2,+21.2,OB	+6.55,+20.5,+21.3,HA	+6.88,+3.5,+21.3,IB	+7.06,-5.9,+19.8,BB		+7.01,-2.1,+19.8,JB	
1702009842.8167193	+6.72,+6.2,+21.2,OB	+6.55,+20.5,+21.3,HA	+6.88,+3.5,+21.3,IB	+7.05,-5.8,+19.8,@B		+7.01,-2.2,+19.7,FB	
1702009904.836495	+6.71,+6.2,+21.2,LB	+6.55,+20.6,+21.3,KA	+6.88,+3.4,+21.3,HB	+7.05,-5.7,+19.8,OB		+7.01,-2.5,+19.7,AB	
1702009966.8617272	+6.72,+6.2,+21.2,OB	+6.55,+20.6,+21.3,KA	+6.88,+3.4,+21.3,HB	+7.05,-5.7,+19.8,OB		+7.02,-2.6,+19.8,NB	
1702010028.882507	+6.72,+6.2,+21.2,OB	+6.55,+20.5,+21.3,HA	+6.88,+3.4,+21.3,HB	+7.06,-5.9,+19.8,BB		+7.01,-2.4,+19.7,@B	
1702010090.8916798	+6.72,+6.2,+21.2,OB	+6.55,+20.6,+21.3,KA	+6.88,+3.6,+21.3,JB	+7.05,-5.7,+19.8,OB		+7.01,-2.2,+19.7,FB	
1702010152.8997605	+6.72,+6.2,+21.2,OB	+6.55,+20.5,+21.3,HA	+6.88,+3.5,+21.3,IB	+7.05,-5.6,+19.8,NB		+7.01,-2.2,+19.8,IB	
1702010214.9092526	+6.72,+6.2,+21.2,OB	+6.55,+20.4,+21.3,IA	+6.88,+3.4,+21.3,HB	+7.06,-5.9,+19.8,BB		+7.02,-2.6,+19.8,NB	
1702010276.916529	+6.72,+6.2,+21.2,OB	+6.55,+20.7,+21.3,JA	+6.88,+3.6,+21.3,JB	+7.05,-5.6,+19.8,NB		+7.01,-2.2,+19.8,IB	
1702010338.9251654	+6.72,+6.2,+21.2,OB	+6.55,+20.5,+21.3,HA	+6.88,+3.4,+21.3,HB	+7.06,-5.9,+19.8,BB		+7.01,-2.3,+19.8,HB	
1702010400.9433258	+6.72,+6.2,+21.2,OB	+6.55,+20.4,+21.3,IA	+6.88,+3.4,+21.3,HB	+7.06,-5.9,+19.8,BB		+7.01,-2.2,+19.8,IB	
1702010462.951274	+6.72,+6.2,+21.2,OB	+6.55,+20.4,+21.3,IA	+6.88,+3.4,+21.3,HB	+7.06,-5.9,+19.8,BB		+7.01,-2.4,+19.8,OB	
1702010524.9695861	+6.72,+6.2,+21.2,OB	+6.55,+20.5,+21.3,HA	+6.88,+3.5,+21.3,IB	+7.05,-5.8,+19.8,@B		+7.01,-2.3,+19.8,HB	
1702010586.9797795	+6.72,+6.2,+21.3,NB	+6.55,+20.5,+21.3,HA	+6.88,+3.4,+21.3,HB	+7.05,-5.8,+19.8,@B		+7.01,-2.2,+19.8,IB	
1702010648.983572	+6.72,+6.2,+21.2,OB	+6.55,+20.4,+21.3,IA	+6.88,+3.4,+21.3,HB	+7.06,-5.9,+19.8,BB		+7.01,-2.1,+19.8,JB	
1702010710.9902437	+6.72,+6.2,+21.2,OB	+6.55,+20.6,+21.3,KA	+6.88,+3.3,+21.3,OB	+7.05,-5.7,+19.8,OB		+7.01,-2.2,+19.8,IB	
1702010773.000681	+6.72,+6.1,+21.2,LB	+6.55,+20.5,+21.3,HA	+6.88,+3.3,+21.3,OB	+7.05,-5.8,+19.8,@B		+7.01,-2.2,+19.8,IB	
1702010835.0207708	+6.72,+6.2,+21.2,OB	+6.55,+20.4,+21.3,IA	+6.88,+3.4,+21.3,HB	+7.06,-5.9,+19.8,BB		+7.01,-2.3,+19.8,HB	
1702010897.027513	+6.72,+6.2,+21.2,OB	+6.55,+20.6,+21.3,KA	+6.88,+3.4,+21.3,HB	+7.05,-5.7,+19.8,OB		+7.01,-2.3,+19.8,HB	
1702010959.0447102	+6.72,+6.2,+21.2,OB	+6.55,+20.4,+21.3,IA	+6.88,+3.5,+21.3,IB	+7.06,-5.9,+19.8,BB		+7.01,-2.6,+19.7,BB	
1702011021.0599127	+6.72,+6.2,+21.3,NB	+6.55,+20.6,+21.3,KA	+6.88,+3.4,+21.3,HB	+7.05,-5.8,+19.8,@B		+7.01,-2.5,+19.8,NB	
1702011083.077167	+6.72,+6.1,+21.2,LB	+6.55,+20.5,+21.3,HA	+6.88,+3.5,+21.3,IB	+7.05,-5.8,+19.8,@B		+7.02,-2.6,+19.7,AB	
1702011145.093845	+6.72,+6.2,+21.2,OB	+6.55,+20.7,+21.3,JA	+6.88,+3.3,+21.3,OB	+7.05,-5.7,+19.8,OB		+7.01,-2.4,+19.7,@B	
1702011207.111119	+6.72,+6.1,+21.2,LB	+6.55,+20.6,+21.4,LA	+6.88,+3.4,+21.3,HB	+7.05,-5.7,+19.8,OB		+7.01,-2.5,+19.8,NB	
1702011269.1292899	+6.72,+6.2,+21.2,OB	+6.55,+20.7,+21.4,MA	+6.88,+3.4,+21.3,HB	+7.05,-5.6,+19.8,NB		+7.02,-2.6,+19.8,NB	
1702011331.1383362	+6.72,+6.1,+21.2,LB	+6.55,+20.7,+21.3,JA	+6.88,+3.4,+21.3,HB	+7.05,-5.7,+19.8,OB		+7.01,-2.5,+19.7,AB	
1702011393.1447403	+6.72,+6.1,+21.2,LB	+6.55,+20.6,+21.3,KA	+6.88,+3.4,+21.3,HB	+7.05,-5.7,+19.8,OB		+7.01,-2.5,+19.8,NB	
1702011455.1635575	+6.72,+6.2,+21.2,OB	+6.55,+20.6,+21.3,KA	+6.88,+3.5,+21.3,IB	+7.05,-5.6,+19.8,NB		+7.01,-2.2,+19.8,IB	
1702011517.1718552	+6.72,+6.2,+21.3,NB	+6.55,+20.4,+21.3,IA	+6.88,+3.4,+21.3,HB	+7.05,-5.8,+19.8,@B		+7.01,-2.4,+19.8,OB	
1702011579.1907392	+6.72,+6.2,+21.2,OB	+6.55,+20.4,+21.3,IA	+6.88,+3.2,+21.3,NB	+7.06,-5.9,+19.8,BB		+7.02,-2.6,+19.8,NB	
1702011641.2089756	+6.72,+6.2,+21.2,OB	+6.55,+20.6,+21.3,KA	+6.88,+3.5,+21.3,IB	+7.05,-5.6,+19.8,NB		+7.01,-2.2,+19.7,FB	
1702011703.221069	+6.72,+6.2,+21.2,OB	+6.55,+20.6,+21.4,LA	+6.88,+3.5,+21.3,IB	+7.05,-5.7,+19.8,OB		+7.01,-2.4,+19.8,OB	
1702011765.2391768	+6.72,+6.2,+21.2,OB	+6.55,+20.5,+21.3,HA	+6.88,+3.3,+21.3,OB	+7.06,-5.9,+19.8,BB		+7.01,-2.5,+19.7,AB	
1702012012.0437677	+6.72,+6.2,+21.3,NB	+6.55,+20.5,+21.3,HA	+6.88,+3.2,+21.3,NB	+7.05,-5.8,+19.8,@B		+7.01,-2.1,+19.7,EB	
1702012074.060402	+6.71,+6.2,+21.2,LB	+6.55,+20.4,+21.3,IA	+6.88,+3.3,+21.3,OB	+7.05,-5.7,+19.8,OB		+7.01,-2.3,+19.8,HB	
1702012136.0863268	+6.72,+6.2,+21.2,OB	+6.55,+20.5,+21.3,HA	+6.88,+3.4,+21.3,HB	+7.05,-5.8,+19.8,@B		+7.02,-2.6,+19.8,NB	
1702012198.1053796	+6.72,+6.2,+21.3,NB	+6.55,+20.5,+21.3,HA	+6.88,+3.2,+21.3,NB	+7.05,-5.8,+19.8,@B		+7.01,-2.2,+19.8,IB	
1702012260.1224356	+6.72,+6.2,+21.2,OB	+6.55,+20.6,+21.3,KA	+6.88,+3.3,+21.3,OB	+7.05,-5.8,+19.8,@B		+7.01,-2.4,+19.8,OB	
1702012322.1392388	+6.71,+6.3,+21.2,MB	+6.55,+20.6,+21.3,KA	+6.88,+3.4,+21.3,HB	+7.06,-5.9,+19.8,BB		+7.01,-2.4,+19.8,OB	
1702012384.1565723	+6.71,+6.3,+21.2,MB	+6.55,+20.6,+21.3,KA	+6.88,+3.4,+21.3,HB	+7.06,-5.9,+19.8,BB		+7.02,-2.6,+19.8,NB	
1702012446.1721568	+6.71,+6.3,+21.3,LB	+6.55,+20.4,+21.3,IA	+6.88,+3.2,+21.3,NB	+7.05,-5.7,+19.8,OB		+7.01,-2.4,+19.8,OB	
1702012508.180162	+6.71,+6.3,+21.2,MB	+6.55,+20.6,+21.3,KA	+6.88,+3.3,+21.3,OB	+7.06,-5.9,+19.8,BB		+7.01,-2.2,+19.8,IB	
1702012570.1837778	+6.71,+6.3,+21.2,MB	+6.55,+20.4,+21.3,IA	+6.88,+3.3,+21.3,OB	+7.05,-5.8,+19.8,@B		+7.01,-2.3,+19.8,HB	
1702012632.1939542	+6.71,+6.3,+21.2,MB	+6.55,+20.4,+21.3,IA	+6.88,+3.3,+21.3,OB	+7.05,-5.7,+19.8,OB		+7.02,-2.6,+19.7,AB	
1702012694.2075167	+6.72,+6.2,+21.2,OB	+6.55,+20.6,+21.3,KA	+6.88,+3.3,+21.3,OB	+7.06,-5.9,+19.8,BB		+7.01,-2.2,+19.8,IB	
1702012756.2222729	+6.71,+6.3,+21.2,MB	+6.55,+20.5,+21.3,HA	+6.88,+3.2,+21.3,NB	+7.05,-5.8,+19.8,@B		+7.01,-2.5,+19.8,NB	
1702012818.2370274	+6.72,+6.2,+21.3,NB	+6.55,+20.6,+21.3,KA	+6.88,+3.2,+21.3,NB	+7.06,-5.9,+19.8,BB		+7.01,-2.3,+19.8,HB	
1702012880.2529452	+6.71,+6.3,+21.2,MB	+6.55,+20.4,+21.3,IA	+6.88,+3.4,+21.3,HB	+7.05,-5.7,+19.8,OB		+7.01,-2.2,+19.8,IB	
1702012942.2702918	+6.71,+6.3,+21.2,MB	+6.55,+20.4,+21.3,IA	+6.88,+3.4,+21.3,HB	+7.05,-5.7,+19.8,OB		+7.01,-2.3,+19.7,GB	
1702013004.2877812	+6.71,+6.3,+21.2,MB	+6.55,+20.5,+21.3,HA	+6.88,+3.3,+21.3,OB	+7.06,-5.8,+19.8,CB		+7.01,-2.4,+19.8,OB	
1702013066.305237	+6.71,+6.3,+21.2,MB	+6.55,+20.6,+21.3,KA	+6.88,+3.3,+21.3,OB	+7.06,-5.9,+19.8,BB		+7.01,-2.4,+19.7,@B	
1702013128.3232899	+6.71,+6.3,+21.2,MB	+6.54,+20.9,+21.3,EA	+6.88,+3.3,+21.3,OB	+7.05,-5.7,+19.8,OB		+7.01,-2.6,+19.7,BB	
1702013190.3475564	+6.71,+6.3,+21.2,MB	+6.55,+20.5,+21.3,HA	+6.88,+3.4,+21.3,HB	+7.06,-5.9,+19.8,BB		+7.01,-2.2,+19.7,FB	
1702013252.3671818	+6.71,+6.3,+21.3,LB	+6.55,+20.6,+21.3,KA	+6.88,+3.3,+21.3,OB	+7.06,-5.9,+19.8,BB		+7.01,-2.3,+19.7,GB	
1702013314.3887804	+6.71,+6.3,+21.2,MB	+6.55,+20.5,+21.3,HA	+6.88,+3.4,+21.3,HB	+7.06,-5.9,+19.8,BB		+7.01,-2.3,+19.7,GB	
1702013376.4100814	+6.71,+6.3,+21.2,MB	+6.55,+20.5,+21.3,HA	+6.88,+3.4,+21.3,HB	+7.05,-5.8,+19.8,@B		+7.01,-2.5,+19.7,AB	
1702013438.4227316	+6.71,+6.3,+21.2,MB	+6.55,+20.5,+21.3,HA	+6.88,+3.1,+21.3,MB	+7.05,-5.8,+19.8,@B		+7.01,-2.2,+19.7,FB	
1702013500.4369447	+6.71,+6.3,+21.2,MB	+6.55,+20.4,+21.3,IA	+6.88,+3.3,+21.3,OB	+7.05,-5.7,+19.8,OB		+7.02,-2.6,+19.7,AB	
1702013562.451692	+6.71,+6.3,+21.2,MB	+6.55,+20.5,+21.3,HA	+6.88,+3.2,+21.3,NB	+7.05,-5.7,+19.8,OB		+7.01,-2.4,+19.7,@B	
1702013624.4675968	+6.71,+6.3,+21.2,MB	+6.55,+20.4,+21.3,IA	+6.88,+3.1,+21.3,MB	+7.05,-5.7,+19.8,OB		+7.01,-2.1,+19.7,EB	
1702013686.4837813	+6.71,+6.3,+21.2,MB	+6.55,+20.6,+21.3,KA	+6.88,+3.3,+21.3,OB	+7.05,-5.8,+19.8,@B		+7.01,-2.5,+19.7,AB	
1702013748.5039508	+6.71,+6.3,+21.2,MB	+6.55,+20.7,+21.3,JA	+6.88,+3.2,+21.3,NB	+7.05,-5.7,+19.8,OB		+7.01,-2.2,+19.7,FB	
1702013810.5238557	+6.71,+6.2,+21.2,LB	+6.55,+20.4,+21.3,IA	+6.88,+3.2,+21.3,NB	+7.05,-5.7,+19.8,OB		+7.01,-2.2,+19.7,FB	
