62309060476	62309060477	62309060478	62309060479	62309060481	62309060482	
1701884190.389483	+6.68,+8.1,+21.3,HB	+6.47,+25.4,+21.4,HA	+6.81,+7.1,+21.4,GB	+7.06,-6.3,+19.8,KB		+6.99,-1.4,+19.8,LB	
1701884252.3974247	+6.68,+8.1,+21.3,HB	+6.47,+25.3,+21.4,OA	+6.81,+7.2,+21.4,DB	+7.06,-6.1,+19.8,IB		+7.00,-1.4,+19.8,MB	
1701884314.4062097	+6.68,+8.1,+21.3,HB	+6.47,+25.4,+21.4,HA	+6.82,+7.1,+21.4,DB	+7.06,-6.2,+19.8,JB		+6.99,-1.3,+19.7,DB	
1701884376.4169981	+6.68,+8.2,+21.3,KB	+6.47,+25.4,+21.4,HA	+6.82,+7.1,+21.3,CB	+7.06,-6.3,+19.8,KB		+6.99,-1.4,+19.8,LB	
1701884438.4265652	+6.68,+8.1,+21.3,HB	+6.47,+25.4,+21.4,HA	+6.81,+7.2,+21.4,DB	+7.06,-6.1,+19.8,IB		+6.99,-1.4,+19.7,CB	
1701884500.4344807	+6.68,+8.1,+21.3,HB	+6.46,+25.5,+21.4,HA	+6.81,+7.1,+21.4,GB	+7.06,-6.2,+19.8,JB		+6.99,-1.3,+19.8,KB	
1701884562.4383738	+6.68,+8.1,+21.3,HB	+6.47,+25.3,+21.5,NA	+6.81,+7.2,+21.4,DB	+7.06,-6.1,+19.8,IB		+6.99,-1.4,+19.7,CB	
1701884624.4473193	+6.68,+8.1,+21.3,HB	+6.46,+25.5,+21.5,IA	+6.81,+7.2,+21.4,DB	+7.06,-6.3,+19.8,KB		+6.99,-1.4,+19.8,LB	
1701884686.45446	+6.68,+8.1,+21.3,HB	+6.47,+25.5,+21.4,IA	+6.81,+7.2,+21.4,DB	+7.06,-6.3,+19.8,KB		+6.99,-1.4,+19.8,LB	
1701884748.4620988	+6.68,+8.1,+21.3,HB	+6.46,+25.5,+21.4,HA	+6.82,+7.1,+21.4,DB	+7.06,-6.2,+19.8,JB		+6.99,-1.4,+19.8,LB	
1701884810.4687545	+6.68,+8.2,+21.3,KB	+6.46,+25.5,+21.4,HA	+6.81,+7.2,+21.4,DB	+7.06,-6.3,+19.8,KB		+7.00,-1.4,+19.7,BB	
1701884872.4790387	+6.68,+8.1,+21.3,HB	+6.47,+25.5,+21.4,IA	+6.81,+7.1,+21.4,GB	+7.06,-6.2,+19.8,JB		+6.99,-1.4,+19.7,CB	
1701884934.4896212	+6.68,+8.1,+21.3,HB	+6.47,+25.4,+21.5,IA	+6.81,+7.2,+21.4,DB	+7.06,-6.1,+19.8,IB		+6.99,-1.4,+19.8,LB	
1701885181.219908	+6.68,+8.1,+21.3,HB	+6.47,+25.2,+21.5,OA	+6.81,+7.1,+21.4,GB	+7.06,-6.0,+19.8,HB		+6.99,-1.4,+19.8,LB	
1701885243.2297034	+6.68,+8.1,+21.3,HB	+6.47,+25.4,+21.4,HA	+6.82,+7.1,+21.4,DB	+7.06,-6.1,+19.8,IB		+6.99,-1.4,+19.8,LB	
1701885305.2393384	+6.68,+8.1,+21.3,HB	+6.47,+25.3,+21.4,OA	+6.82,+7.0,+21.4,EB	+7.06,-6.2,+19.8,JB		+6.99,-1.4,+19.8,LB	
1701885367.2468379	+6.68,+8.1,+21.3,HB	+6.47,+25.3,+21.5,NA	+6.82,+7.1,+21.4,DB	+7.06,-6.1,+19.8,IB		+6.99,-1.4,+19.8,LB	
1701885429.2532067	+6.68,+8.1,+21.3,HB	+6.47,+25.1,+21.5,LA	+6.81,+7.2,+21.4,DB	+7.06,-6.0,+19.8,HB		+6.99,-1.4,+19.8,LB	
1701885491.2620645	+6.68,+8.1,+21.3,HB	+6.47,+25.3,+21.5,NA	+6.81,+7.1,+21.4,GB	+7.06,-6.2,+19.8,JB		+6.99,-1.4,+19.8,LB	
1701885553.2702973	+6.68,+8.1,+21.3,HB	+6.47,+25.1,+21.4,MA	+6.81,+7.1,+21.4,GB	+7.06,-6.1,+19.8,IB		+6.99,-1.3,+19.8,KB	
1701885615.2797	+6.68,+8.1,+21.3,HB	+6.47,+25.2,+21.4,NA	+6.82,+7.1,+21.4,DB	+7.06,-6.1,+19.8,IB		+6.99,-1.3,+19.8,KB	
1701885677.2899973	+6.68,+8.1,+21.3,HB	+6.47,+25.3,+21.5,NA	+6.81,+7.1,+21.4,GB	+7.06,-6.2,+19.8,JB		+6.99,-1.3,+19.8,KB	
1701885739.2978847	+6.68,+8.1,+21.3,HB	+6.47,+25.3,+21.4,OA	+6.82,+7.1,+21.4,DB	+7.06,-6.1,+19.8,IB		+6.99,-1.3,+19.8,KB	
1701885801.3065076	+6.68,+8.1,+21.3,HB	+6.47,+25.2,+21.5,OA	+6.82,+7.1,+21.4,DB	+7.06,-6.1,+19.8,IB		+6.99,-1.4,+19.8,LB	
1701885863.3153598	+6.68,+8.1,+21.3,HB	+6.47,+25.1,+21.5,LA	+6.81,+7.1,+21.4,GB	+7.06,-6.1,+19.8,IB		+6.99,-1.4,+19.8,LB	
1701885925.3232481	+6.68,+8.1,+21.3,HB	+6.47,+25.1,+21.4,MA	+6.81,+7.2,+21.4,DB	+7.06,-6.0,+19.8,HB		+6.99,-1.4,+19.8,LB	
1701885987.3315115	+6.68,+8.1,+21.3,HB	+6.47,+25.1,+21.5,LA	+6.82,+7.1,+21.4,DB	+7.06,-6.1,+19.8,IB		+6.99,-1.4,+19.8,LB	
1701886049.3404675	+6.68,+8.1,+21.3,HB	+6.47,+25.1,+21.4,MA	+6.81,+7.2,+21.4,DB	+7.06,-6.1,+19.8,IB		+6.99,-1.3,+19.8,KB	
1701886111.3453078	+6.68,+8.1,+21.3,HB	+6.47,+25.0,+21.4,LA	+6.81,+7.2,+21.4,DB	+7.06,-6.1,+19.8,IB		+6.99,-1.4,+19.8,LB	
1701886173.354724	+6.68,+8.1,+21.3,HB	+6.47,+25.1,+21.4,MA	+6.82,+7.1,+21.4,DB	+7.06,-6.0,+19.8,HB		+6.99,-1.4,+19.7,CB	
1701886235.3652015	+6.68,+8.1,+21.3,HB	+6.47,+25.2,+21.4,NA	+6.81,+7.2,+21.4,DB	+7.06,-6.0,+19.8,HB		+6.99,-1.3,+19.8,KB	
1701886297.3741312	+6.68,+8.1,+21.3,HB	+6.47,+25.1,+21.4,MA	+6.81,+7.2,+21.4,DB	+7.06,-6.1,+19.8,IB		+6.99,-1.3,+19.7,DB	
1701886359.3807664	+6.68,+8.1,+21.3,HB	+6.47,+25.0,+21.4,LA	+6.81,+7.2,+21.4,DB	+7.06,-6.1,+19.8,IB		+6.99,-1.3,+19.8,KB	
1701886421.3862724	+6.68,+8.1,+21.3,HB	+6.48,+24.9,+21.5,JA	+6.82,+7.1,+21.4,DB	+7.06,-6.0,+19.8,HB		+6.99,-1.4,+19.7,CB	
1701886483.395947	+6.68,+8.2,+21.3,KB	+6.47,+24.9,+21.4,DA	+6.81,+7.1,+21.4,GB	+7.06,-6.1,+19.8,IB		+7.00,-1.4,+19.7,BB	
1701886545.4039848	+6.68,+8.1,+21.3,HB	+6.47,+25.4,+21.4,HA	+6.82,+7.1,+21.4,DB	+7.06,-6.1,+19.8,IB		+6.99,-1.4,+19.8,LB	
1701886607.4132547	+6.68,+8.1,+21.3,HB	+6.47,+25.3,+21.4,OA	+6.81,+7.2,+21.4,DB	+7.06,-6.1,+19.8,IB		+6.99,-1.3,+19.8,KB	
1701886669.422287	+6.68,+8.1,+21.3,HB	+6.47,+25.2,+21.5,OA	+6.82,+7.0,+21.4,EB	+7.06,-6.2,+19.8,JB		+6.99,-1.3,+19.8,KB	
1701886731.4318428	+6.68,+8.1,+21.3,HB	+6.47,+25.4,+21.4,HA	+6.81,+7.1,+21.4,GB	+7.06,-6.1,+19.8,IB		+6.99,-1.3,+19.8,KB	
1701886793.4383664	+6.68,+8.1,+21.3,HB	+6.47,+25.2,+21.5,OA	+6.81,+7.2,+21.4,DB	+7.06,-6.0,+19.8,HB		+6.99,-1.3,+19.8,KB	
1701886855.4445734	+6.68,+8.1,+21.3,HB	+6.47,+25.2,+21.4,NA	+6.81,+7.2,+21.4,DB	+7.06,-6.0,+19.8,HB		+7.00,-1.4,+19.8,MB	
1701886917.4538038	+6.68,+8.1,+21.3,HB	+6.47,+25.3,+21.5,NA	+6.81,+7.1,+21.4,GB	+7.06,-6.1,+19.8,IB		+6.99,-1.3,+19.8,KB	
1701886979.4611893	+6.68,+8.1,+21.3,HB	+6.47,+25.3,+21.5,NA	+6.81,+7.2,+21.4,DB	+7.06,-6.0,+19.8,HB		+6.99,-1.4,+19.8,LB	
1701887041.470977	+6.68,+8.1,+21.3,HB	+6.47,+25.3,+21.5,NA	+6.81,+7.1,+21.4,GB	+7.06,-5.9,+19.8,BB		+6.99,-1.4,+19.8,LB	
1701887103.4818223	+6.68,+8.2,+21.3,KB	+6.47,+25.2,+21.5,OA	+6.81,+7.1,+21.4,GB	+7.06,-6.0,+19.8,HB		+6.99,-1.3,+19.8,KB	
1701887165.4912312	+6.68,+8.1,+21.3,HB	+6.47,+25.2,+21.5,OA	+6.81,+7.1,+21.4,GB	+7.06,-6.0,+19.8,HB		+6.99,-1.3,+19.8,KB	
1701887227.4986043	+6.68,+8.2,+21.4,LB	+6.47,+25.3,+21.4,OA	+6.81,+7.2,+21.4,DB	+7.06,-6.0,+19.8,HB		+6.99,-1.4,+19.8,LB	
1701887289.5056412	+6.68,+8.1,+21.3,HB	+6.47,+25.4,+21.5,IA	+6.82,+7.1,+21.4,DB	+7.06,-6.1,+19.8,IB		+6.99,-1.4,+19.8,LB	
1701887351.5179577	+6.68,+8.2,+21.3,KB	+6.46,+25.8,+21.5,DA	+6.81,+7.1,+21.4,GB	+7.06,-6.1,+19.8,IB		+6.99,-1.3,+19.8,KB	
1701887413.5252073	+6.68,+8.1,+21.3,HB	+6.47,+25.4,+21.4,HA	+6.81,+7.2,+21.4,DB	+7.06,-6.1,+19.8,IB		+6.99,-1.3,+19.8,KB	
1701887475.5384173	+6.68,+8.1,+21.3,HB	+6.47,+25.4,+21.5,IA	+6.82,+7.1,+21.4,DB	+7.06,-6.0,+19.8,HB		+6.99,-1.4,+19.8,LB	
1701887537.546297	+6.68,+8.0,+21.3,IB	+6.47,+25.3,+21.4,OA	+6.82,+7.1,+21.4,DB	+7.06,-6.0,+19.8,HB		+6.99,-1.3,+19.8,KB	
1701887599.557139	+6.68,+8.0,+21.3,IB	+6.47,+25.4,+21.5,IA	+6.82,+7.1,+21.4,DB	+7.06,-6.1,+19.8,IB		+6.99,-1.3,+19.8,KB	
1701887661.5665653	+6.69,+7.9,+21.3,NB	+6.47,+25.5,+21.5,HA	+6.81,+7.2,+21.4,DB	+7.06,-6.1,+19.8,IB		+6.99,-1.3,+19.8,KB	
1701887723.572845	+6.69,+7.9,+21.4,IB	+6.47,+25.4,+21.5,IA	+6.82,+6.9,+21.4,MB	+7.06,-5.9,+19.8,BB		+6.99,-1.4,+19.8,LB	
1701887785.582736	+6.69,+7.9,+21.3,NB	+6.47,+25.4,+21.5,IA	+6.82,+7.0,+21.4,EB	+7.06,-5.9,+19.8,BB		+6.99,-1.4,+19.8,LB	
1701887847.5913267	+6.69,+7.9,+21.3,NB	+6.46,+25.6,+21.5,JA	+6.81,+7.1,+21.4,GB	+7.06,-6.1,+19.8,IB		+6.99,-1.3,+19.8,KB	
1701887909.600106	+6.69,+7.9,+21.3,NB	+6.47,+25.4,+21.5,IA	+6.82,+7.0,+21.4,EB	+7.06,-6.0,+19.8,HB		+6.99,-1.4,+19.8,LB	
1701887971.6093764	+6.69,+7.9,+21.3,NB	+6.47,+25.4,+21.5,IA	+6.81,+7.1,+21.4,GB	+7.06,-5.9,+19.8,BB		+6.99,-1.3,+19.8,KB	
1701888033.619176	+6.69,+7.9,+21.4,IB	+6.46,+25.5,+21.5,IA	+6.81,+7.1,+21.4,GB	+7.06,-6.0,+19.9,IB		+6.99,-1.4,+19.8,LB	
1701888095.6296446	+6.68,+8.0,+21.4,NB	+6.46,+25.7,+21.5,KA	+6.82,+7.0,+21.4,EB	+7.06,-6.1,+19.8,IB		+6.99,-1.4,+19.8,LB	
1701888157.6385202	+6.69,+7.9,+21.4,IB	+6.47,+25.3,+21.5,NA	+6.82,+7.1,+21.4,DB	+7.06,-6.0,+19.8,HB		+6.99,-1.3,+19.8,KB	
1701888219.6524231	+6.69,+7.9,+21.4,IB	+6.46,+25.7,+21.5,KA	+6.82,+6.9,+21.4,MB	+7.06,-6.1,+19.8,IB		+6.99,-1.4,+19.8,LB	
1701888281.662626	+6.69,+7.9,+21.4,IB	+6.47,+25.4,+21.5,IA	+6.81,+7.1,+21.4,GB	+7.06,-5.9,+19.9,CB		+6.99,-1.3,+19.8,KB	
1701888343.6699116	+6.69,+7.9,+21.4,IB	+6.46,+25.6,+21.5,JA	+6.82,+6.9,+21.4,MB	+7.06,-6.1,+19.8,IB		+6.99,-1.3,+19.8,KB	
1701888405.6820393	+6.69,+7.9,+21.4,IB	+6.46,+25.7,+21.5,KA	+6.82,+7.0,+21.4,EB	+7.06,-6.1,+19.9,HB		+6.99,-1.3,+19.8,KB	
1701888467.69038	+6.69,+7.9,+21.4,IB	+6.47,+25.5,+21.5,HA	+6.81,+7.1,+21.4,GB	+7.06,-6.0,+19.9,IB		+6.99,-1.4,+19.8,LB	
1701888529.7003548	+6.69,+7.9,+21.3,NB	+6.47,+25.4,+21.5,IA	+6.82,+7.0,+21.4,EB	+7.06,-6.0,+19.9,IB		+6.99,-1.4,+19.8,LB	
1701888591.7101398	+6.69,+7.9,+21.4,IB	+6.46,+25.7,+21.5,KA	+6.81,+7.1,+21.4,GB	+7.06,-6.1,+19.9,HB		+6.99,-1.3,+19.8,KB	
1701888653.719869	+6.68,+8.0,+21.3,IB	+6.47,+25.4,+21.5,IA	+6.82,+6.9,+21.4,MB	+7.06,-5.9,+19.9,CB		+6.99,-1.3,+19.8,KB	
1701888715.728235	+6.69,+7.9,+21.3,NB	+6.47,+25.4,+21.5,IA	+6.82,+7.0,+21.4,EB	+7.06,-5.9,+19.9,CB		+6.99,-1.3,+19.8,KB	
1701888777.7370613	+6.69,+7.9,+21.3,NB	+6.46,+25.5,+21.5,IA	+6.82,+7.1,+21.4,DB	+7.06,-6.1,+19.8,IB		+6.99,-1.3,+19.8,KB	
1701889024.5291717	+6.69,+7.9,+21.3,NB	+6.46,+25.6,+21.4,KA	+6.82,+7.0,+21.4,EB	+7.06,-5.9,+19.8,BB		+6.99,-1.3,+19.8,KB	
1701889086.5379987	+6.69,+7.9,+21.3,NB	+6.47,+25.3,+21.5,NA	+6.81,+7.1,+21.4,GB	+7.06,-6.1,+19.8,IB		+6.99,-1.3,+19.8,KB	
1701889148.545559	+6.69,+7.9,+21.3,NB	+6.47,+25.4,+21.5,IA	+6.82,+7.1,+21.4,DB	+7.06,-6.0,+19.8,HB		+6.99,-1.3,+19.8,KB	
1701889210.55466	+6.69,+7.9,+21.3,NB	+6.47,+25.4,+21.5,IA	+6.82,+7.0,+21.4,EB	+7.06,-6.1,+19.8,IB		+6.99,-1.3,+19.8,KB	
1701889272.562709	+6.69,+7.9,+21.3,NB	+6.46,+25.6,+21.5,JA	+6.82,+6.9,+21.4,MB	+7.06,-5.9,+19.8,BB		+6.99,-1.4,+19.8,LB	
1701889334.5695992	+6.69,+7.9,+21.4,IB	+6.46,+25.6,+21.5,JA	+6.82,+6.9,+21.4,MB	+7.06,-5.9,+19.8,BB		+6.99,-1.3,+19.8,KB	
1701889396.57834	+6.69,+7.9,+21.3,NB	+6.47,+25.4,+21.5,IA	+6.82,+7.0,+21.4,EB	+7.06,-6.0,+19.8,HB		+6.99,-1.3,+19.8,KB	
1701889458.5875869	+6.69,+7.9,+21.3,NB	+6.46,+25.6,+21.5,JA	+6.82,+7.0,+21.4,EB	+7.06,-6.0,+19.8,HB		+6.99,-1.3,+19.8,KB	
1701889520.5953078	+6.69,+7.9,+21.3,NB	+6.46,+25.6,+21.5,JA	+6.82,+6.9,+21.4,MB	+7.06,-5.9,+19.9,CB		+6.99,-1.4,+19.8,LB	
1701889582.6031623	+6.69,+7.9,+21.3,NB	+6.46,+25.6,+21.5,JA	+6.82,+7.0,+21.4,EB	+7.06,-6.1,+19.9,HB		+6.99,-1.4,+19.8,LB	
1701889644.6109295	+6.69,+7.9,+21.3,NB	+6.46,+25.6,+21.5,JA	+6.82,+7.0,+21.4,EB	+7.06,-6.0,+19.9,IB		+6.99,-1.4,+19.8,LB	
1701889706.6205912	+6.68,+8.0,+21.3,IB	+6.46,+25.6,+21.5,JA	+6.82,+7.0,+21.4,EB	+7.06,-6.0,+19.8,HB		+6.99,-1.4,+19.8,LB	
1701889768.6304314	+6.69,+7.9,+21.3,NB	+6.46,+25.6,+21.5,JA	+6.82,+6.8,+21.4,LB	+7.06,-6.0,+19.9,IB		+6.99,-1.4,+19.8,LB	
1701889830.639451	+6.69,+7.9,+21.3,NB	+6.46,+25.6,+21.5,JA	+6.82,+6.9,+21.4,MB	+7.06,-6.0,+19.9,IB		+6.99,-1.3,+19.8,KB	
1701889892.6469831	+6.69,+7.9,+21.3,NB	+6.46,+25.7,+21.5,KA	+6.82,+7.0,+21.4,EB	+7.06,-5.9,+19.8,BB		+6.99,-1.4,+19.8,LB	
1701889954.6571965	+6.69,+7.9,+21.3,NB	+6.46,+25.8,+21.5,DA	+6.81,+7.1,+21.3,@B	+7.06,-5.9,+19.8,BB		+6.99,-1.4,+19.8,LB	
1701890016.6651542	+6.69,+7.9,+21.3,NB	+6.46,+25.8,+21.4,EA	+6.82,+7.0,+21.4,EB	+7.06,-6.0,+19.9,IB		+6.99,-1.4,+19.8,LB	
1701890078.673912	+6.69,+7.9,+21.3,NB	+6.46,+25.6,+21.5,JA	+6.82,+6.9,+21.4,MB	+7.06,-6.0,+19.8,HB		+6.99,-1.3,+19.8,KB	
1701890140.682408	+6.69,+8.0,+21.3,HB	+6.46,+25.6,+21.5,JA	+6.82,+6.8,+21.4,LB	+7.06,-6.0,+19.8,HB		+6.99,-1.3,+19.8,KB	
1701890202.688797	+6.69,+7.9,+21.3,NB	+6.46,+25.5,+21.5,IA	+6.82,+6.9,+21.4,MB	+7.06,-6.0,+19.9,IB		+6.99,-1.4,+19.8,LB	
1701890264.697891	+6.68,+8.0,+21.3,IB	+6.46,+25.6,+21.4,KA	+6.82,+6.8,+21.4,LB	+7.06,-6.0,+19.8,HB		+6.99,-1.2,+19.8,JB	
1701890326.7050672	+6.68,+8.0,+21.3,IB	+6.46,+25.6,+21.5,JA	+6.82,+6.9,+21.4,MB	+7.06,-6.0,+19.8,HB		+6.99,-1.3,+19.8,KB	
1701890388.713326	+6.68,+8.0,+21.3,IB	+6.46,+25.6,+21.5,JA	+6.82,+6.9,+21.4,MB	+7.06,-6.0,+19.8,HB		+6.99,-1.3,+19.8,KB	
1701890450.7223163	+6.68,+8.0,+21.3,IB	+6.46,+25.7,+21.5,KA	+6.82,+7.0,+21.4,EB	+7.06,-5.9,+19.8,BB		+6.99,-1.3,+19.8,KB	
1701890512.731909	+6.68,+8.0,+21.3,IB	+6.46,+25.6,+21.5,JA	+6.82,+6.8,+21.4,LB	+7.06,-6.0,+19.9,IB		+6.99,-1.3,+19.8,KB	
1701890574.74068	+6.68,+8.0,+21.3,IB	+6.46,+25.8,+21.5,DA	+6.82,+6.9,+21.4,MB	+7.06,-5.9,+19.9,CB		+6.99,-1.3,+19.8,KB	
1701890636.7502112	+6.68,+8.0,+21.3,IB	+6.46,+25.6,+21.5,JA	+6.82,+7.0,+21.4,EB	+7.06,-6.1,+19.9,HB		+6.99,-1.3,+19.8,KB	
1701890698.7579503	+6.68,+8.0,+21.3,IB	+6.46,+25.6,+21.5,JA	+6.82,+7.0,+21.4,EB	+7.06,-6.0,+19.9,IB		+6.99,-1.2,+19.8,JB	
1701890760.766865	+6.68,+8.0,+21.3,IB	+6.46,+25.8,+21.5,DA	+6.82,+6.9,+21.4,MB	+7.06,-6.0,+19.9,IB		+6.99,-1.3,+19.8,KB	
1701890822.7768338	+6.68,+8.0,+21.3,IB	+6.46,+25.9,+21.5,EA	+6.82,+6.8,+21.4,LB	+7.06,-5.9,+19.9,CB		+6.99,-1.4,+19.8,LB	
1701890884.7859497	+6.68,+8.0,+21.3,IB	+6.46,+25.9,+21.5,EA	+6.82,+6.8,+21.4,LB	+7.06,-5.9,+19.8,BB		+6.99,-1.3,+19.8,KB	
1701890946.7951877	+6.68,+8.0,+21.3,IB	+6.46,+25.8,+21.5,DA	+6.82,+6.8,+21.4,LB	+7.06,-5.9,+19.9,CB		+6.99,-1.3,+19.8,KB	
1701891008.801216	+6.68,+8.0,+21.3,IB	+6.46,+25.8,+21.5,DA	+6.82,+6.8,+21.4,LB	+7.06,-5.9,+19.9,CB		+6.99,-1.3,+19.8,KB	
1701891070.810786	+6.68,+8.0,+21.3,IB	+6.46,+25.9,+21.5,EA	+6.82,+6.9,+21.4,MB	+7.06,-5.9,+19.9,CB		+6.99,-1.3,+19.8,KB	
1701891132.8197384	+6.68,+8.0,+21.4,NB	+6.46,+25.8,+21.5,DA	+6.82,+6.9,+21.4,MB	+7.06,-5.9,+19.9,CB		+6.99,-1.3,+19.8,KB	
1701891194.8294208	+6.68,+8.0,+21.4,NB	+6.46,+25.9,+21.5,EA	+6.82,+7.0,+21.4,EB	+7.06,-5.9,+19.9,CB		+6.99,-1.3,+19.8,KB	
1701891256.8387897	+6.69,+7.9,+21.4,IB	+6.46,+25.8,+21.4,EA	+6.82,+7.0,+21.4,EB	+7.06,-6.0,+19.8,HB		+6.99,-1.3,+19.8,KB	
1701891318.8483067	+6.68,+8.0,+21.3,IB	+6.46,+25.8,+21.5,DA	+6.82,+6.9,+21.4,MB	+7.06,-5.9,+19.8,BB		+6.99,-1.3,+19.8,KB	
1701891380.8559463	+6.68,+8.0,+21.3,IB	+6.46,+25.9,+21.5,EA	+6.82,+7.0,+21.4,EB	+7.06,-5.9,+19.9,CB		+6.99,-1.3,+19.8,KB	
1701891442.8654397	+6.68,+8.0,+21.3,IB	+6.46,+25.9,+21.5,EA	+6.82,+6.9,+21.4,MB	+7.06,-5.9,+19.9,CB		+6.99,-1.4,+19.8,LB	
1701891504.872092	+6.68,+8.0,+21.3,IB	+6.46,+25.7,+21.5,KA	+6.82,+6.8,+21.4,LB	+7.06,-6.0,+19.9,IB		+6.99,-1.3,+19.8,KB	
1701891566.8823738	+6.68,+8.0,+21.4,NB	+6.46,+25.9,+21.5,EA	+6.82,+6.8,+21.4,LB	+7.06,-5.9,+19.9,CB		+6.99,-1.3,+19.8,KB	
1701891628.8921695	+6.68,+8.0,+21.3,IB	+6.46,+25.6,+21.5,JA	+6.82,+6.9,+21.4,MB	+7.06,-6.0,+19.9,IB		+6.99,-1.3,+19.8,KB	
1701891690.9025588	+6.68,+8.0,+21.3,IB	+6.46,+25.7,+21.5,KA	+6.82,+6.8,+21.4,LB	+7.06,-6.0,+19.9,IB		+6.99,-1.3,+19.8,KB	
1701891752.911961	+6.68,+8.0,+21.3,IB	+6.46,+25.8,+21.5,DA	+6.82,+6.8,+21.4,LB	+7.06,-5.9,+19.9,CB		+6.99,-1.4,+19.8,LB	
1701891814.92179	+6.68,+8.0,+21.3,IB	+6.46,+25.8,+21.5,DA	+6.82,+6.8,+21.4,LB	+7.06,-6.0,+19.9,IB		+6.99,-1.3,+19.8,KB	
1701891876.930346	+6.68,+8.0,+21.3,IB	+6.46,+25.8,+21.5,DA	+6.82,+6.9,+21.4,MB	+7.06,-5.9,+19.9,CB		+6.99,-1.2,+19.8,JB	
1701891938.9377608	+6.69,+7.9,+21.3,NB	+6.46,+25.7,+21.4,JA	+6.82,+7.0,+21.4,EB	+7.06,-6.0,+19.9,IB		+6.99,-1.3,+19.8,KB	
1701892000.9470546	+6.68,+8.0,+21.3,IB	+6.46,+25.6,+21.5,JA	+6.82,+6.9,+21.4,MB	+7.06,-6.1,+19.9,HB		+6.99,-1.2,+19.8,JB	
1701892062.956617	+6.68,+8.0,+21.3,IB	+6.46,+25.9,+21.4,DA	+6.82,+6.8,+21.4,LB	+7.06,-5.9,+19.9,CB		+6.99,-1.3,+19.8,KB	
1701892124.966787	+6.68,+8.0,+21.3,IB	+6.46,+25.8,+21.4,EA	+6.82,+6.8,+21.4,LB	+7.06,-5.9,+19.8,BB		+6.99,-1.3,+19.8,KB	
1701892186.97613	+6.68,+8.0,+21.3,IB	+6.46,+25.8,+21.4,EA	+6.82,+6.8,+21.4,LB	+7.06,-5.9,+19.9,CB		+6.99,-1.3,+19.8,KB	
1701892248.9851968	+6.68,+8.0,+21.3,IB	+6.46,+25.9,+21.5,EA	+6.82,+6.9,+21.4,MB	+7.06,-6.0,+19.9,IB		+6.99,-1.3,+19.8,KB	
1701892310.9959166	+6.68,+8.0,+21.3,IB	+6.46,+25.9,+21.5,EA	+6.82,+6.9,+21.4,MB	+7.06,-5.9,+19.9,CB		+6.99,-1.2,+19.8,JB	
1701892373.0025513	+6.68,+8.0,+21.3,IB	+6.46,+25.7,+21.5,KA	+6.82,+6.8,+21.4,LB	+7.06,-6.0,+19.9,IB		+6.99,-1.3,+19.8,KB	
1701892435.0122993	+6.68,+8.0,+21.3,IB	+6.46,+25.9,+21.4,DA	+6.82,+6.9,+21.4,MB	+7.06,-5.9,+19.9,CB		+6.99,-1.2,+19.8,JB	
1701892497.0235898	+6.68,+8.0,+21.3,IB	+6.46,+25.9,+21.5,EA	+6.82,+6.8,+21.4,LB	+7.06,-5.9,+19.8,BB		+6.99,-1.2,+19.8,JB	
1701892559.0343435	+6.69,+8.0,+21.3,HB	+6.46,+25.8,+21.4,EA	+6.82,+6.8,+21.4,LB	+7.06,-5.9,+19.8,BB		+6.99,-1.1,+19.8,IB	
1701892621.0423477	+6.68,+8.0,+21.4,NB	+6.46,+25.9,+21.5,EA	+6.82,+6.8,+21.4,LB	+7.06,-6.0,+19.9,IB		+6.99,-1.4,+19.8,LB	
1701892867.7868288	+6.68,+8.0,+21.3,IB	+6.46,+25.9,+21.4,DA	+6.82,+6.9,+21.4,MB	+7.06,-6.0,+19.9,IB		+6.99,-1.3,+19.8,KB	
1701892929.7931826	+6.68,+8.0,+21.3,IB	+6.46,+26.0,+21.4,NA	+6.82,+6.8,+21.4,LB	+7.06,-6.0,+19.9,IB		+6.99,-1.3,+19.8,KB	
1701892991.805997	+6.68,+8.0,+21.3,IB	+6.46,+25.8,+21.4,EA	+6.82,+6.8,+21.4,LB	+7.06,-6.0,+19.9,IB		+6.99,-1.3,+19.8,KB	
1701893053.8160825	+6.68,+8.0,+21.3,IB	+6.46,+25.7,+21.4,JA	+6.82,+6.9,+21.4,MB	+7.06,-5.9,+19.9,CB		+6.99,-1.3,+19.8,KB	
1701893115.8246038	+6.68,+8.0,+21.3,IB	+6.46,+25.7,+21.4,JA	+6.82,+6.9,+21.4,MB	+7.06,-5.9,+19.8,BB		+6.99,-1.3,+19.8,KB	
1701893177.8347127	+6.69,+8.0,+21.3,HB	+6.46,+25.9,+21.4,DA	+6.82,+6.8,+21.4,LB	+7.06,-6.0,+19.9,IB		+6.99,-1.2,+19.8,JB	
1701893239.8446493	+6.68,+8.0,+21.3,IB	+6.46,+25.8,+21.4,EA	+6.82,+6.7,+21.4,CB	+7.06,-6.0,+19.9,IB		+6.99,-1.2,+19.8,JB	
1701893301.8553202	+6.68,+8.0,+21.3,IB	+6.46,+25.9,+21.4,DA	+6.82,+6.7,+21.4,CB	+7.06,-6.0,+19.8,HB		+6.99,-1.3,+19.8,KB	
1701893363.8645244	+6.68,+8.0,+21.3,IB	+6.46,+25.9,+21.4,DA	+6.82,+6.7,+21.3,DB	+7.06,-6.0,+19.9,IB		+6.99,-1.3,+19.8,KB	
1701893425.8744268	+6.68,+8.1,+21.3,HB	+6.46,+25.7,+21.4,JA	+6.82,+6.8,+21.4,LB	+7.06,-5.9,+19.8,BB		+6.99,-1.2,+19.8,JB	
1701893487.8830664	+6.68,+8.0,+21.3,IB	+6.46,+25.9,+21.4,DA	+6.82,+6.7,+21.4,CB	+7.06,-6.0,+19.8,HB		+6.99,-1.3,+19.8,KB	
1701893549.892084	+6.68,+8.0,+21.3,IB	+6.46,+25.9,+21.4,DA	+6.82,+6.8,+21.3,KB	+7.06,-6.0,+19.9,IB		+6.99,-1.3,+19.8,KB	
1701893611.9010692	+6.68,+8.0,+21.3,IB	+6.46,+25.8,+21.4,EA	+6.82,+6.8,+21.4,LB	+7.06,-5.9,+19.9,CB		+6.99,-1.3,+19.8,KB	
1701893673.910759	+6.68,+8.0,+21.3,IB	+6.46,+25.8,+21.4,EA	+6.82,+6.8,+21.4,LB	+7.06,-5.9,+19.9,CB		+6.99,-1.2,+19.8,JB	
1701893735.9215622	+6.68,+8.0,+21.3,IB	+6.46,+25.8,+21.4,EA	+6.82,+6.8,+21.4,LB	+7.06,-5.9,+19.9,CB		+6.99,-1.3,+19.8,KB	
1701893797.9310637	+6.68,+8.0,+21.3,IB	+6.46,+25.7,+21.4,JA	+6.82,+6.7,+21.3,DB	+7.06,-5.9,+19.8,BB		+6.99,-1.3,+19.8,KB	
1701893859.9410596	+6.68,+8.0,+21.3,IB	+6.45,+26.1,+21.4,LA	+6.82,+6.9,+21.4,MB	+7.06,-6.0,+19.8,HB		+6.99,-1.2,+19.8,JB	
1701893921.9512277	+6.68,+8.0,+21.3,IB	+6.46,+25.9,+21.4,DA	+6.82,+6.7,+21.4,CB	+7.06,-5.9,+19.9,CB		+6.99,-1.2,+19.8,JB	
1701893983.962387	+6.68,+8.0,+21.3,IB	+6.46,+25.9,+21.5,EA	+6.82,+6.7,+21.4,CB	+7.06,-6.1,+19.8,IB		+6.99,-1.2,+19.8,JB	
1701894045.9691262	+6.69,+7.9,+21.3,NB	+6.46,+26.0,+21.4,NA	+6.82,+6.8,+21.3,KB	+7.06,-6.1,+19.8,IB		+6.99,-1.3,+19.8,KB	
1701894107.977729	+6.68,+8.0,+21.3,IB	+6.46,+25.8,+21.4,EA	+6.82,+6.7,+21.4,CB	+7.06,-5.9,+19.8,BB		+6.99,-1.2,+19.8,JB	
1701894169.9859476	+6.68,+8.1,+21.3,HB	+6.46,+25.8,+21.4,EA	+6.82,+6.7,+21.4,CB	+7.06,-5.9,+19.8,BB		+6.99,-1.2,+19.8,JB	
1701894231.9929283	+6.68,+8.0,+21.3,IB	+6.46,+25.8,+21.4,EA	+6.82,+6.8,+21.3,KB	+7.06,-5.9,+19.9,CB		+6.99,-1.3,+19.8,KB	
1701894293.999695	+6.68,+8.0,+21.3,IB	+6.46,+25.8,+21.4,EA	+6.82,+6.7,+21.4,CB	+7.06,-5.9,+19.8,BB		+6.99,-1.3,+19.8,KB	
1701894356.008301	+6.69,+7.9,+21.3,NB	+6.46,+25.8,+21.4,EA	+6.82,+6.8,+21.4,LB	+7.06,-6.0,+19.8,HB		+6.99,-1.3,+19.8,KB	
1701894418.0149665	+6.68,+8.1,+21.3,HB	+6.46,+25.8,+21.4,EA	+6.82,+6.8,+21.3,KB	+7.06,-5.9,+19.8,BB		+6.99,-1.2,+19.7,EB	
1701894480.02456	+6.68,+8.0,+21.3,IB	+6.46,+26.0,+21.4,NA	+6.82,+6.6,+21.4,BB	+7.06,-6.0,+19.8,HB		+6.99,-1.2,+19.8,JB	
1701894542.033034	+6.68,+8.1,+21.3,HB	+6.46,+25.8,+21.4,EA	+6.82,+6.8,+21.3,KB	+7.06,-6.0,+19.8,HB		+6.99,-1.2,+19.7,EB	
1701894604.0430403	+6.68,+8.0,+21.3,IB	+6.46,+25.8,+21.4,EA	+6.82,+6.8,+21.3,KB	+7.06,-5.9,+19.8,BB		+6.99,-1.3,+19.8,KB	
1701894666.0553007	+6.68,+8.0,+21.3,IB	+6.46,+26.0,+21.4,NA	+6.82,+6.7,+21.3,DB	+7.06,-6.0,+19.8,HB		+6.99,-1.2,+19.8,JB	
1701894728.063517	+6.68,+8.0,+21.3,IB	+6.46,+26.0,+21.4,NA	+6.82,+6.7,+21.4,CB	+7.06,-6.0,+19.8,HB		+6.99,-1.3,+19.8,KB	
1701894790.0695567	+6.68,+8.0,+21.3,IB	+6.46,+25.8,+21.4,EA	+6.82,+6.7,+21.4,CB	+7.06,-5.9,+19.8,BB		+6.99,-1.2,+19.8,JB	
1701894852.0799875	+6.68,+8.0,+21.3,IB	+6.46,+26.0,+21.4,NA	+6.82,+6.7,+21.3,DB	+7.06,-6.0,+19.8,HB		+6.99,-1.3,+19.8,KB	
1701894914.0884907	+6.69,+7.9,+21.3,NB	+6.46,+26.0,+21.4,NA	+6.82,+6.7,+21.4,CB	+7.06,-6.0,+19.8,HB		+6.99,-1.3,+19.8,KB	
1701894976.0984437	+6.69,+7.8,+21.3,OB	+6.46,+26.0,+21.4,NA	+6.82,+6.7,+21.4,CB	+7.06,-6.0,+19.8,HB		+6.99,-1.3,+19.8,KB	
1701895038.1070445	+6.69,+7.8,+21.3,OB	+6.46,+26.0,+21.4,NA	+6.82,+6.7,+21.4,CB	+7.06,-6.0,+19.8,HB		+6.99,-1.2,+19.8,JB	
1701895100.1156518	+6.69,+7.8,+21.3,OB	+6.46,+26.0,+21.5,OA	+6.82,+6.7,+21.4,CB	+7.06,-5.9,+19.8,BB		+6.99,-1.2,+19.8,JB	
1701895162.1255946	+6.69,+7.8,+21.3,OB	+6.46,+26.0,+21.4,NA	+6.82,+6.7,+21.4,CB	+7.06,-6.0,+19.8,HB		+6.99,-1.2,+19.8,JB	
1701895224.136749	+6.69,+7.8,+21.3,OB	+6.46,+25.9,+21.4,DA	+6.82,+6.6,+21.4,BB	+7.06,-5.9,+19.9,CB		+6.99,-1.3,+19.8,KB	
1701895286.1472476	+6.69,+7.8,+21.3,OB	+6.45,+26.1,+21.4,LA	+6.82,+6.7,+21.4,CB	+7.06,-6.0,+19.9,IB		+6.99,-1.3,+19.8,KB	
1701895348.1579366	+6.69,+7.8,+21.3,OB	+6.46,+25.9,+21.4,DA	+6.82,+6.6,+21.4,BB	+7.06,-5.9,+19.9,CB		+6.99,-1.3,+19.8,KB	
1701895410.1671288	+6.69,+7.8,+21.3,OB	+6.46,+26.1,+21.4,OA	+6.82,+6.6,+21.4,BB	+7.06,-5.9,+19.9,CB		+6.99,-1.3,+19.8,KB	
1701895472.176085	+6.69,+7.8,+21.3,OB	+6.46,+25.9,+21.4,DA	+6.82,+6.7,+21.3,DB	+7.06,-6.0,+19.9,IB		+6.99,-1.3,+19.8,KB	
1701895534.1875622	+6.69,+7.8,+21.3,OB	+6.46,+25.8,+21.5,DA	+6.82,+6.7,+21.4,CB	+7.06,-5.9,+19.8,BB		+6.99,-1.2,+19.8,JB	
1701895596.1962712	+6.69,+7.8,+21.3,OB	+6.46,+26.0,+21.4,NA	+6.82,+6.7,+21.4,CB	+7.06,-6.1,+19.9,HB		+6.99,-1.3,+19.8,KB	
1701895658.2072728	+6.69,+7.8,+21.3,OB	+6.46,+25.9,+21.4,DA	+6.82,+6.6,+21.4,BB	+7.06,-5.9,+19.9,CB		+6.99,-1.2,+19.8,JB	
1701895720.2174668	+6.69,+7.8,+21.3,OB	+6.46,+25.8,+21.4,EA	+6.82,+6.7,+21.4,CB	+7.06,-6.0,+19.8,HB		+6.99,-1.3,+19.8,KB	
1701895782.227766	+6.69,+7.8,+21.3,OB	+6.46,+26.0,+21.4,NA	+6.82,+6.6,+21.4,BB	+7.06,-6.0,+19.9,IB		+6.99,-1.2,+19.8,JB	
1701895844.2365932	+6.69,+7.8,+21.3,OB	+6.46,+25.9,+21.4,DA	+6.83,+6.5,+21.4,@B	+7.06,-6.1,+19.9,HB		+6.99,-1.2,+19.8,JB	
1701895906.2464912	+6.69,+7.9,+21.3,NB	+6.46,+25.8,+21.4,EA	+6.82,+6.7,+21.4,CB	+7.06,-5.9,+19.9,CB		+6.99,-1.3,+19.8,KB	
1701895968.2548237	+6.69,+7.8,+21.3,OB	+6.46,+25.6,+21.4,KA	+6.82,+6.5,+21.4,AB	+7.06,-6.0,+19.9,IB		+6.99,-1.2,+19.8,JB	
1701896030.2645404	+6.69,+7.8,+21.3,OB	+6.47,+25.2,+21.4,NA	+6.82,+6.7,+21.4,CB	+7.06,-6.0,+19.9,IB		+6.99,-1.3,+19.8,KB	
1701896092.2743604	+6.69,+7.8,+21.3,OB	+6.48,+24.8,+21.5,KA	+6.82,+6.7,+21.4,CB	+7.06,-5.9,+19.8,BB		+6.99,-1.2,+19.8,JB	
1701896154.2843308	+6.69,+7.8,+21.3,OB	+6.48,+24.9,+21.4,KA	+6.82,+6.7,+21.4,CB	+7.06,-5.9,+19.9,CB		+6.99,-1.2,+19.9,KB	
1701896216.294539	+6.69,+7.8,+21.3,OB	+6.48,+24.6,+21.5,EA	+6.82,+6.6,+21.4,BB	+7.06,-6.0,+19.9,IB		+6.99,-1.2,+19.8,JB	
1701896278.302804	+6.69,+7.8,+21.3,OB	+6.48,+24.5,+21.4,GA	+6.82,+6.5,+21.4,AB	+7.06,-5.9,+19.9,CB		+6.99,-1.3,+19.8,KB	
1701896340.311392	+6.69,+7.8,+21.3,OB	+6.48,+24.6,+21.4,DA	+6.82,+6.6,+21.4,BB	+7.06,-6.0,+19.9,IB		+6.99,-1.2,+19.8,JB	
1701896402.3201678	+6.69,+7.8,+21.3,OB	+6.49,+24.2,+21.5,@A	+6.82,+6.5,+21.4,AB	+7.06,-6.0,+19.9,IB		+6.99,-1.2,+19.8,JB	
1701896464.330453	+6.69,+7.7,+21.3,@B	+6.49,+24.2,+21.4,AA	+6.82,+6.6,+21.4,BB	+7.06,-5.9,+19.9,CB		+6.99,-1.3,+19.8,KB	
1701896711.0383449	+6.69,+7.8,+21.3,OB	+6.49,+24.1,+21.4,BA	+6.83,+6.5,+21.4,@B	+7.06,-5.9,+19.9,CB		+6.99,-1.3,+19.8,KB	
1701896773.0477436	+6.69,+7.8,+21.3,OB	+6.49,+23.9,+21.4,MA	+6.82,+6.7,+21.4,CB	+7.06,-6.0,+19.9,IB		+6.99,-1.2,+19.8,JB	
1701896835.0598257	+6.69,+7.8,+21.3,OB	+6.49,+23.8,+21.4,LA	+6.82,+6.5,+21.4,AB	+7.06,-5.9,+19.9,CB		+6.99,-1.2,+19.8,JB	
1701896897.069055	+6.69,+7.8,+21.3,OB	+6.49,+23.9,+21.4,MA	+6.82,+6.6,+21.4,BB	+7.06,-5.9,+19.8,BB		+6.99,-1.1,+19.8,IB	
1701896959.0769954	+6.69,+7.8,+21.3,OB	+6.49,+23.8,+21.5,MA	+6.82,+6.7,+21.4,CB	+7.06,-6.0,+19.8,HB		+6.99,-1.2,+19.8,JB	
1701897021.0844774	+6.69,+7.8,+21.3,OB	+6.49,+23.8,+21.4,LA	+6.82,+6.6,+21.4,BB	+7.06,-6.0,+19.9,IB		+6.99,-1.3,+19.8,KB	
1701897083.095763	+6.69,+7.8,+21.3,OB	+6.49,+23.9,+21.4,MA	+6.82,+6.6,+21.4,BB	+7.06,-6.0,+19.9,IB		+6.99,-1.2,+19.8,JB	
1701897145.1051776	+6.69,+7.8,+21.3,OB	+6.49,+23.8,+21.4,LA	+6.82,+6.6,+21.4,BB	+7.06,-6.0,+19.9,IB		+6.99,-1.2,+19.8,JB	
1701897207.113144	+6.69,+7.7,+21.3,@B	+6.49,+23.8,+21.5,MA	+6.83,+6.5,+21.4,@B	+7.06,-6.1,+19.9,HB		+6.99,-1.2,+19.8,JB	
1701897269.124084	+6.69,+7.8,+21.3,OB	+6.50,+23.7,+21.5,JA	+6.82,+6.6,+21.4,BB	+7.06,-6.0,+19.9,IB		+6.99,-1.2,+19.8,JB	
1701897331.1320045	+6.69,+7.8,+21.3,OB	+6.50,+23.7,+21.5,JA	+6.82,+6.5,+21.4,AB	+7.06,-6.0,+19.9,IB		+6.99,-1.2,+19.8,JB	
1701897393.140483	+6.69,+7.7,+21.4,GB	+6.50,+23.7,+21.5,JA	+6.83,+6.4,+21.4,AB	+7.06,-6.0,+19.9,IB		+6.99,-1.2,+19.9,KB	
1701897455.1504087	+6.69,+7.8,+21.4,HB	+6.50,+23.6,+21.5,KA	+6.83,+6.5,+21.4,@B	+7.06,-5.9,+19.9,CB		+6.99,-1.2,+19.9,KB	
1701897517.162578	+6.69,+7.8,+21.3,OB	+6.50,+23.7,+21.5,JA	+6.82,+6.6,+21.4,BB	+7.06,-5.9,+19.9,CB		+6.99,-1.2,+19.8,JB	
1701897579.1734393	+6.69,+7.8,+21.3,OB	+6.50,+23.7,+21.5,JA	+6.82,+6.5,+21.4,AB	+7.06,-6.0,+19.9,IB		+6.99,-1.3,+19.8,KB	
1701897641.1836646	+6.69,+7.8,+21.3,OB	+6.50,+23.5,+21.5,HA	+6.82,+6.5,+21.4,AB	+7.06,-5.9,+19.9,CB		+6.99,-1.2,+19.9,KB	
1701897703.193959	+6.69,+7.8,+21.3,OB	+6.50,+23.4,+21.5,IA	+6.83,+6.5,+21.4,@B	+7.06,-6.0,+19.9,IB		+6.99,-1.2,+19.8,JB	
1701897765.2039418	+6.69,+7.8,+21.3,OB	+6.50,+23.6,+21.5,KA	+6.82,+6.5,+21.4,AB	+7.06,-5.9,+19.9,CB		+6.99,-1.2,+19.8,JB	
1701897827.2110121	+6.69,+7.8,+21.4,HB	+6.50,+23.5,+21.5,HA	+6.82,+6.6,+21.4,BB	+7.06,-6.0,+19.9,IB		+6.99,-1.2,+19.8,JB	
1701897889.22036	+6.69,+7.8,+21.3,OB	+6.50,+23.5,+21.5,HA	+6.83,+6.5,+21.4,@B	+7.06,-5.9,+19.9,CB		+6.99,-1.1,+19.8,IB	
1701897951.2273662	+6.69,+7.7,+21.3,@B	+6.50,+23.6,+21.5,KA	+6.83,+6.5,+21.4,@B	+7.06,-6.0,+19.9,IB		+6.99,-1.2,+19.8,JB	
1701898013.2363563	+6.69,+7.7,+21.3,@B	+6.50,+23.5,+21.5,HA	+6.83,+6.5,+21.4,@B	+7.06,-6.0,+19.9,IB		+6.99,-1.2,+19.8,JB	
1701898075.2513492	+6.69,+7.7,+21.3,@B	+6.50,+23.5,+21.5,HA	+6.83,+6.4,+21.4,AB	+7.06,-6.0,+19.9,IB		+6.99,-1.3,+19.8,KB	
1701898137.2572658	+6.69,+7.7,+21.3,@B	+6.50,+23.4,+21.5,IA	+6.82,+6.6,+21.4,BB	+7.06,-6.0,+19.9,IB		+6.99,-1.1,+19.8,IB	
1701898199.2667625	+6.69,+7.8,+21.3,OB	+6.50,+23.4,+21.5,IA	+6.82,+6.5,+21.4,AB	+7.06,-6.1,+19.9,HB		+6.99,-1.2,+19.9,KB	
1701898261.2738028	+6.69,+7.9,+21.4,IB	+6.50,+23.5,+21.5,HA	+6.83,+6.4,+21.4,AB	+7.06,-6.1,+19.9,HB		+6.99,-1.3,+19.9,JB	
1701898323.2829185	+6.69,+7.9,+21.3,NB	+6.50,+23.4,+21.5,IA	+6.83,+6.5,+21.4,@B	+7.06,-5.9,+19.9,CB		+6.99,-1.2,+19.9,KB	
1701898385.2929769	+6.69,+7.8,+21.3,OB	+6.50,+23.4,+21.5,IA	+6.82,+6.6,+21.4,BB	+7.06,-6.1,+19.9,HB		+6.99,-1.2,+19.9,KB	
1701898447.3009195	+6.69,+7.8,+21.4,HB	+6.50,+23.5,+21.5,HA	+6.83,+6.5,+21.4,@B	+7.06,-6.1,+19.9,HB		+6.99,-1.1,+19.9,HB	
1701898509.3074956	+6.69,+7.9,+21.3,NB	+6.50,+23.3,+21.5,NA	+6.83,+6.5,+21.4,@B	+7.06,-6.0,+19.9,IB		+6.99,-1.2,+19.8,JB	
1701898571.3156443	+6.69,+7.8,+21.4,HB	+6.50,+23.4,+21.5,IA	+6.82,+6.5,+21.4,AB	+7.06,-6.0,+19.9,IB		+6.99,-1.2,+19.8,JB	
1701898633.3239992	+6.69,+7.8,+21.3,OB	+6.50,+23.4,+21.5,IA	+6.83,+6.4,+21.4,AB	+7.06,-6.0,+19.9,IB		+6.99,-1.2,+19.8,JB	
1701898695.3332024	+6.69,+7.9,+21.3,NB	+6.50,+23.2,+21.4,NA	+6.83,+6.4,+21.4,AB	+7.06,-6.1,+19.9,HB		+6.99,-1.2,+19.8,JB	
1701898757.3433673	+6.69,+7.8,+21.3,OB	+6.50,+23.3,+21.4,OA	+6.83,+6.5,+21.4,@B	+7.06,-5.9,+19.9,CB		+6.99,-1.3,+19.8,KB	
1701898819.3542085	+6.69,+7.8,+21.3,OB	+6.50,+23.4,+21.5,IA	+6.82,+6.6,+21.4,BB	+7.06,-6.0,+19.9,IB		+6.99,-1.2,+19.8,JB	
1701898881.3650796	+6.69,+7.9,+21.3,NB	+6.50,+23.3,+21.5,NA	+6.82,+6.5,+21.4,AB	+7.06,-6.0,+19.9,IB		+6.99,-1.2,+19.8,JB	
1701898943.3713593	+6.69,+7.8,+21.3,OB	+6.50,+23.3,+21.5,NA	+6.83,+6.5,+21.4,@B	+7.06,-6.0,+19.9,IB		+6.99,-1.2,+19.8,JB	
1701899005.3789413	+6.69,+7.9,+21.3,NB	+6.50,+23.4,+21.5,IA	+6.83,+6.5,+21.4,@B	+7.06,-6.0,+19.9,IB		+6.99,-1.2,+19.8,JB	
1701899067.388867	+6.69,+7.9,+21.3,NB	+6.50,+23.4,+21.5,IA	+6.83,+6.4,+21.4,AB	+7.06,-6.0,+19.9,IB		+6.99,-1.2,+19.8,JB	
1701899129.398178	+6.69,+7.9,+21.3,NB	+6.50,+23.3,+21.5,NA	+6.83,+6.4,+21.4,AB	+7.06,-6.1,+19.9,HB		+6.99,-1.2,+19.8,JB	
1701899191.4066331	+6.69,+7.9,+21.3,NB	+6.50,+23.3,+21.5,NA	+6.83,+6.5,+21.4,@B	+7.06,-6.1,+19.9,HB		+6.99,-1.2,+19.8,JB	
1701899253.4178138	+6.69,+7.8,+21.3,OB	+6.50,+23.2,+21.4,NA	+6.82,+6.5,+21.4,AB	+7.06,-6.0,+19.9,IB		+6.99,-1.2,+19.8,JB	
1701899315.4268944	+6.69,+7.9,+21.3,NB	+6.50,+23.4,+21.5,IA	+6.83,+6.3,+21.4,FB	+7.06,-5.9,+19.9,CB		+6.99,-1.3,+19.8,KB	
1701899377.437634	+6.69,+7.8,+21.3,OB	+6.50,+23.4,+21.5,IA	+6.83,+6.4,+21.4,AB	+7.06,-6.1,+19.9,HB		+6.99,-1.2,+19.9,KB	
1701899439.4481761	+6.69,+7.9,+21.3,NB	+6.50,+23.4,+21.4,HA	+6.83,+6.3,+21.4,FB	+7.06,-5.9,+19.9,CB		+6.99,-1.2,+19.8,JB	
1701899501.458191	+6.69,+7.9,+21.3,NB	+6.50,+23.3,+21.5,NA	+6.83,+6.4,+21.4,AB	+7.06,-6.1,+19.9,HB		+6.99,-1.1,+19.8,IB	
1701899563.4672422	+6.69,+7.9,+21.3,NB	+6.50,+23.4,+21.4,HA	+6.83,+6.4,+21.4,AB	+7.06,-5.9,+19.9,CB		+6.99,-1.2,+19.8,JB	
1701899625.4764023	+6.69,+7.9,+21.3,NB	+6.50,+23.6,+21.4,JA	+6.83,+6.4,+21.4,AB	+7.06,-6.0,+19.8,HB		+6.99,-1.2,+19.8,JB	
1701899687.4873052	+6.69,+7.8,+21.3,OB	+6.50,+23.4,+21.4,HA	+6.83,+6.4,+21.4,AB	+7.06,-6.0,+19.9,IB		+6.99,-1.2,+19.8,JB	
1701899749.4972034	+6.69,+7.9,+21.3,NB	+6.50,+23.3,+21.4,OA	+6.83,+6.4,+21.4,AB	+7.06,-5.9,+19.9,CB		+6.99,-1.2,+19.8,JB	
1701899811.5063848	+6.69,+7.9,+21.3,NB	+6.50,+23.3,+21.4,OA	+6.83,+6.3,+21.4,FB	+7.06,-6.1,+19.8,IB		+6.99,-1.2,+19.8,JB	
1701899873.5127356	+6.69,+7.8,+21.3,OB	+6.51,+23.1,+21.4,LA	+6.83,+6.5,+21.4,@B	+7.06,-6.0,+19.9,IB		+6.99,-1.2,+19.8,JB	
1701899935.522132	+6.69,+7.8,+21.3,OB	+6.50,+23.3,+21.4,OA	+6.83,+6.4,+21.4,AB	+7.06,-6.1,+19.9,HB		+6.99,-1.2,+19.8,JB	
1701899997.5309029	+6.69,+7.8,+21.3,OB	+6.50,+23.2,+21.4,NA	+6.83,+6.4,+21.4,AB	+7.06,-6.0,+19.9,IB		+6.99,-1.2,+19.8,JB	
1701900059.5407019	+6.69,+7.8,+21.3,OB	+6.50,+23.4,+21.4,HA	+6.83,+6.4,+21.4,AB	+7.06,-5.9,+19.9,CB		+6.99,-1.2,+19.8,JB	
1701900121.5504515	+6.69,+7.8,+21.3,OB	+6.50,+23.3,+21.4,OA	+6.83,+6.4,+21.4,AB	+7.06,-5.9,+19.9,CB		+6.99,-1.2,+19.8,JB	
1701900183.5601773	+6.69,+7.8,+21.3,OB	+6.50,+23.6,+21.4,JA	+6.83,+6.3,+21.4,FB	+7.06,-6.0,+19.9,IB		+6.99,-1.2,+19.8,JB	
1701900245.570097	+6.69,+7.8,+21.3,OB	+6.50,+23.3,+21.4,OA	+6.83,+6.2,+21.4,GB	+7.06,-5.9,+19.9,CB		+6.99,-1.2,+19.8,JB	
1701900307.575015	+6.69,+7.8,+21.3,OB	+6.50,+23.3,+21.5,NA	+6.83,+6.3,+21.4,FB	+7.06,-5.9,+19.8,BB		+6.99,-1.2,+19.8,JB	
1701900554.3729682	+6.69,+7.8,+21.3,OB	+6.50,+23.3,+21.5,NA	+6.83,+6.3,+21.4,FB	+7.06,-5.9,+19.9,CB		+6.99,-1.2,+19.9,KB	
1701900616.380542	+6.69,+7.8,+21.3,OB	+6.50,+23.2,+21.4,NA	+6.83,+6.4,+21.4,AB	+7.06,-6.0,+19.9,IB		+6.99,-1.2,+19.8,JB	
1701900678.3903277	+6.69,+7.8,+21.3,OB	+6.50,+23.2,+21.5,OA	+6.83,+6.3,+21.4,FB	+7.06,-5.9,+19.9,CB		+6.99,-1.3,+19.8,KB	
1701900740.3967755	+6.69,+7.8,+21.3,OB	+6.50,+23.3,+21.5,NA	+6.83,+6.4,+21.4,AB	+7.06,-6.1,+19.9,HB		+6.99,-1.1,+19.8,IB	
1701900802.4038718	+6.69,+7.8,+21.3,OB	+6.50,+23.2,+21.4,NA	+6.83,+6.3,+21.4,FB	+7.06,-5.9,+19.9,CB		+6.99,-1.2,+19.8,JB	
1701900864.4119601	+6.69,+7.8,+21.3,OB	+6.50,+23.4,+21.4,HA	+6.83,+6.3,+21.4,FB	+7.06,-6.0,+19.9,IB		+6.99,-1.2,+19.8,JB	
1701900926.4217472	+6.69,+7.8,+21.3,OB	+6.50,+23.4,+21.4,HA	+6.83,+6.2,+21.4,GB	+7.06,-5.9,+19.9,CB		+6.99,-1.3,+19.8,KB	
1701900988.4316838	+6.69,+7.9,+21.3,NB	+6.50,+23.3,+21.5,NA	+6.83,+6.2,+21.4,GB	+7.06,-6.0,+19.9,IB		+6.99,-1.2,+19.8,JB	
1701901050.4394383	+6.69,+7.8,+21.4,HB	+6.50,+23.2,+21.5,OA	+6.83,+6.3,+21.4,FB	+7.06,-5.9,+19.9,CB		+6.99,-1.2,+19.8,JB	
1701901112.4476829	+6.69,+7.8,+21.3,OB	+6.50,+23.2,+21.5,OA	+6.83,+6.2,+21.4,GB	+7.06,-5.9,+19.9,CB		+6.99,-1.3,+19.8,KB	
1701901174.4575531	+6.69,+7.8,+21.3,OB	+6.50,+23.2,+21.4,NA	+6.83,+6.3,+21.4,FB	+7.06,-5.9,+19.9,CB		+6.99,-1.2,+19.8,JB	
1701901236.4665923	+6.69,+7.8,+21.3,OB	+6.50,+23.4,+21.4,HA	+6.83,+6.3,+21.4,FB	+7.06,-6.0,+19.8,HB		+6.99,-1.1,+19.8,IB	
1701901298.4772866	+6.69,+7.8,+21.3,OB	+6.50,+23.3,+21.4,OA	+6.83,+6.2,+21.4,GB	+7.06,-6.0,+19.9,IB		+6.99,-1.2,+19.8,JB	
1701901360.4854953	+6.69,+7.8,+21.3,OB	+6.50,+23.4,+21.5,IA	+6.83,+6.2,+21.4,GB	+7.06,-6.0,+19.9,IB		+6.99,-1.1,+19.8,IB	
1701901422.4956083	+6.69,+7.8,+21.3,OB	+6.50,+23.2,+21.4,NA	+6.83,+6.2,+21.4,GB	+7.06,-6.0,+19.9,IB		+6.99,-1.2,+19.8,JB	
1701901484.5052378	+6.69,+7.8,+21.3,OB	+6.50,+23.3,+21.4,OA	+6.83,+6.2,+21.4,GB	+7.06,-6.1,+19.9,HB		+6.99,-1.2,+19.8,JB	
1701901546.517409	+6.69,+7.8,+21.4,HB	+6.50,+23.4,+21.5,IA	+6.83,+6.2,+21.4,GB	+7.06,-5.9,+19.9,CB		+6.99,-1.2,+19.8,JB	
1701901608.5261135	+6.69,+7.8,+21.3,OB	+6.50,+23.3,+21.4,OA	+6.83,+6.2,+21.4,GB	+7.05,-5.8,+19.9,AB		+6.99,-1.1,+19.8,IB	
1701901670.5359137	+6.69,+7.8,+21.3,OB	+6.50,+23.4,+21.4,HA	+6.83,+6.3,+21.4,FB	+7.06,-6.0,+19.9,IB		+6.99,-1.3,+19.8,KB	
1701901732.5429518	+6.69,+7.8,+21.3,OB	+6.50,+23.4,+21.4,HA	+6.83,+6.2,+21.4,GB	+7.06,-5.9,+19.9,CB		+6.99,-1.2,+19.8,JB	
1701901794.54959	+6.69,+7.8,+21.3,OB	+6.50,+23.4,+21.4,HA	+6.83,+6.1,+21.3,CB	+7.06,-5.9,+19.8,BB		+6.99,-1.2,+19.8,JB	
1701901856.5586655	+6.69,+7.8,+21.3,OB	+6.50,+23.4,+21.4,HA	+6.83,+6.2,+21.4,GB	+7.06,-5.9,+19.9,CB		+6.99,-1.1,+19.8,IB	
1701901918.5669942	+6.69,+7.7,+21.3,@B	+6.50,+23.3,+21.4,OA	+6.83,+6.3,+21.4,FB	+7.06,-6.0,+19.8,HB		+6.99,-1.3,+19.8,KB	
1701901980.5767682	+6.69,+7.8,+21.3,OB	+6.50,+23.2,+21.4,NA	+6.83,+6.3,+21.4,FB	+7.06,-6.0,+19.8,HB		+6.99,-1.2,+19.8,JB	
1701902042.586266	+6.69,+7.7,+21.3,@B	+6.50,+23.4,+21.4,HA	+6.83,+6.3,+21.4,FB	+7.06,-5.9,+19.8,BB		+6.99,-1.2,+19.8,JB	
1701902104.5966744	+6.69,+7.7,+21.3,@B	+6.50,+23.3,+21.4,OA	+6.83,+6.2,+21.4,GB	+7.06,-6.0,+19.8,HB		+6.99,-1.2,+19.8,JB	
1701902166.605885	+6.69,+7.7,+21.3,@B	+6.50,+23.5,+21.4,IA	+6.83,+6.2,+21.4,GB	+7.06,-5.9,+19.9,CB		+6.99,-1.3,+19.8,KB	
1701902228.6123934	+6.69,+7.8,+21.3,OB	+6.50,+23.5,+21.4,IA	+6.83,+6.2,+21.4,GB	+7.06,-5.9,+19.8,BB		+6.99,-1.2,+19.8,JB	
1701902290.6222618	+6.69,+7.8,+21.3,OB	+6.50,+23.3,+21.4,OA	+6.83,+6.2,+21.4,GB	+7.06,-6.0,+19.8,HB		+6.99,-1.2,+19.8,JB	
1701902352.6315403	+6.69,+7.8,+21.3,OB	+6.50,+23.3,+21.4,OA	+6.83,+6.1,+21.4,DB	+7.06,-6.1,+19.8,IB		+6.99,-1.3,+19.8,KB	
1701902414.6417687	+6.69,+7.7,+21.3,@B	+6.50,+23.5,+21.4,IA	+6.83,+6.2,+21.4,GB	+7.06,-6.0,+19.8,HB		+6.99,-1.2,+19.8,JB	
1701902476.6518118	+6.69,+7.8,+21.3,OB	+6.50,+23.5,+21.4,IA	+6.83,+6.3,+21.3,AB	+7.06,-5.9,+19.8,BB		+6.99,-1.2,+19.8,JB	
1701902538.6601958	+6.69,+7.8,+21.3,OB	+6.50,+23.4,+21.4,HA	+6.83,+6.2,+21.4,GB	+7.06,-5.9,+19.8,BB		+6.99,-1.2,+19.8,JB	
1701902600.6686425	+6.69,+7.8,+21.3,OB	+6.50,+23.4,+21.4,HA	+6.83,+6.1,+21.4,DB	+7.06,-6.1,+19.9,HB		+6.99,-1.2,+19.8,JB	
1701902662.6787074	+6.69,+7.7,+21.3,@B	+6.50,+23.4,+21.4,HA	+6.83,+6.2,+21.4,GB	+7.06,-6.0,+19.8,HB		+6.99,-1.2,+19.8,JB	
1701902724.6891022	+6.69,+7.8,+21.3,OB	+6.50,+23.4,+21.4,HA	+6.83,+6.1,+21.3,CB	+7.06,-5.9,+19.8,BB		+6.99,-1.2,+19.8,JB	
1701902786.6974492	+6.69,+7.7,+21.3,@B	+6.50,+23.4,+21.4,HA	+6.83,+6.1,+21.3,CB	+7.06,-5.9,+19.8,BB		+6.99,-1.2,+19.8,JB	
1701902848.707652	+6.69,+7.8,+21.3,OB	+6.50,+23.5,+21.4,IA	+6.83,+6.3,+21.3,AB	+7.06,-6.0,+19.8,HB		+6.99,-1.2,+19.8,JB	
1701902910.7194052	+6.69,+7.7,+21.3,@B	+6.50,+23.5,+21.4,IA	+6.83,+6.1,+21.3,CB	+7.06,-5.9,+19.8,BB		+6.99,-1.2,+19.8,JB	
1701902972.7309566	+6.69,+7.8,+21.3,OB	+6.50,+23.5,+21.4,IA	+6.83,+6.2,+21.3,@B	+7.06,-5.9,+19.8,BB		+6.99,-1.3,+19.8,KB	
1701903034.7405133	+6.69,+7.8,+21.3,OB	+6.50,+23.5,+21.4,IA	+6.83,+6.2,+21.3,@B	+7.06,-6.0,+19.8,HB		+6.99,-1.2,+19.8,JB	
1701903096.7507284	+6.69,+7.7,+21.3,@B	+6.50,+23.5,+21.4,IA	+6.83,+6.1,+21.3,CB	+7.06,-5.9,+19.8,BB		+6.99,-1.1,+19.8,IB	
1701903158.7605617	+6.69,+7.8,+21.3,OB	+6.50,+23.3,+21.4,OA	+6.83,+6.1,+21.3,CB	+7.06,-5.9,+19.8,BB		+6.99,-1.2,+19.8,JB	
1701903220.7702498	+6.69,+7.7,+21.3,@B	+6.50,+23.5,+21.4,IA	+6.83,+6.0,+21.3,BB	+7.06,-5.9,+19.8,BB		+6.99,-1.2,+19.8,JB	
1701903282.7786872	+6.69,+7.8,+21.3,OB	+6.50,+23.3,+21.4,OA	+6.83,+6.2,+21.3,@B	+7.06,-6.0,+19.8,HB		+6.99,-1.2,+19.8,JB	
1701903344.7887106	+6.69,+7.8,+21.3,OB	+6.50,+23.4,+21.4,HA	+6.83,+6.2,+21.3,@B	+7.06,-5.9,+19.8,BB		+6.99,-1.2,+19.8,JB	
1701903406.7982147	+6.69,+7.7,+21.3,@B	+6.50,+23.3,+21.4,OA	+6.83,+6.2,+21.3,@B	+7.06,-6.0,+19.8,HB		+6.99,-1.1,+19.8,IB	
1701903468.8067377	+6.69,+7.7,+21.3,@B	+6.50,+23.6,+21.4,JA	+6.83,+6.0,+21.4,EB	+7.06,-5.9,+19.8,BB		+6.99,-1.2,+19.8,JB	
1701903530.8128476	+6.69,+7.7,+21.3,@B	+6.50,+23.5,+21.4,IA	+6.83,+6.2,+21.3,@B	+7.06,-5.9,+19.8,BB		+6.99,-1.2,+19.8,JB	
1701903592.820978	+6.69,+7.8,+21.3,OB	+6.50,+23.4,+21.4,HA	+6.83,+6.2,+21.4,GB	+7.06,-5.9,+19.8,BB		+6.99,-1.2,+19.8,JB	
1701903654.8288546	+6.69,+7.8,+21.3,OB	+6.50,+23.6,+21.4,JA	+6.83,+6.0,+21.3,BB	+7.06,-6.0,+19.8,HB		+6.99,-1.2,+19.8,JB	
1701903716.8373177	+6.69,+7.7,+21.3,@B	+6.50,+23.4,+21.4,HA	+6.83,+6.1,+21.3,CB	+7.06,-6.0,+19.8,HB		+6.99,-1.1,+19.8,IB	
1701903778.846442	+6.69,+7.8,+21.3,OB	+6.50,+23.5,+21.4,IA	+6.83,+6.1,+21.3,CB	+7.06,-5.9,+19.8,BB		+6.99,-1.2,+19.8,JB	
1701903840.8570123	+6.69,+7.8,+21.3,OB	+6.50,+23.4,+21.4,HA	+6.83,+6.0,+21.4,EB	+7.06,-6.0,+19.8,HB		+6.99,-1.2,+19.8,JB	
1701903902.8665764	+6.69,+7.8,+21.3,OB	+6.50,+23.5,+21.4,IA	+6.83,+6.0,+21.3,BB	+7.06,-6.1,+19.8,IB		+6.99,-1.2,+19.8,JB	
1701903964.8760781	+6.69,+7.8,+21.3,OB	+6.50,+23.6,+21.4,JA	+6.83,+6.2,+21.3,@B	+7.06,-6.0,+19.8,HB		+6.99,-1.1,+19.8,IB	
1701904026.8852327	+6.69,+7.8,+21.3,OB	+6.50,+23.4,+21.4,HA	+6.83,+6.0,+21.3,BB	+7.06,-6.0,+19.8,HB		+6.99,-1.2,+19.8,JB	
1701904088.891764	+6.69,+7.7,+21.3,@B	+6.50,+23.2,+21.4,NA	+6.83,+6.0,+21.3,BB	+7.06,-6.0,+19.8,HB		+6.99,-1.2,+19.8,JB	
1701904150.899609	+6.69,+7.8,+21.3,OB	+6.50,+23.5,+21.4,IA	+6.83,+6.1,+21.3,CB	+7.06,-5.9,+19.8,BB		+6.99,-1.2,+19.8,JB	
1701904397.6194701	+6.69,+7.8,+21.3,OB	+6.50,+23.4,+21.4,HA	+6.83,+6.1,+21.4,DB	+7.06,-6.0,+19.8,HB		+6.99,-1.2,+19.8,JB	
1701904459.6256905	+6.69,+7.7,+21.3,@B	+6.50,+23.3,+21.4,OA	+6.83,+6.1,+21.3,CB	+7.06,-6.0,+19.8,HB		+6.99,-1.2,+19.8,JB	
1701904521.6352136	+6.69,+7.8,+21.3,OB	+6.50,+23.4,+21.4,HA	+6.83,+6.0,+21.3,BB	+7.06,-6.0,+19.8,HB		+6.99,-1.1,+19.8,IB	
1701904583.6446435	+6.69,+7.8,+21.3,OB	+6.50,+23.5,+21.4,IA	+6.84,+5.9,+21.4,HB	+7.06,-5.9,+19.8,BB		+6.99,-1.1,+19.8,IB	
1701904645.6522057	+6.69,+7.8,+21.3,OB	+6.50,+23.4,+21.4,HA	+6.83,+6.1,+21.4,DB	+7.06,-6.0,+19.8,HB		+6.99,-1.2,+19.8,JB	
1701904707.6646254	+6.69,+7.8,+21.3,OB	+6.50,+23.5,+21.4,IA	+6.83,+6.1,+21.4,DB	+7.06,-5.9,+19.8,BB		+6.99,-1.2,+19.8,JB	
1701904769.6739125	+6.69,+7.8,+21.3,OB	+6.50,+23.5,+21.4,IA	+6.84,+5.9,+21.4,HB	+7.06,-6.0,+19.8,HB		+6.99,-1.2,+19.8,JB	
1701904831.6837697	+6.69,+7.7,+21.3,@B	+6.50,+23.5,+21.4,IA	+6.83,+6.0,+21.4,EB	+7.06,-5.9,+19.9,CB		+6.99,-1.3,+19.8,KB	
1701904893.6932278	+6.69,+7.8,+21.3,OB	+6.50,+23.5,+21.4,IA	+6.83,+5.9,+21.4,OB	+7.06,-6.0,+19.9,IB		+6.99,-1.2,+19.8,JB	
1701904955.6980517	+6.69,+7.8,+21.3,OB	+6.50,+23.4,+21.4,HA	+6.83,+6.0,+21.4,EB	+7.06,-6.0,+19.9,IB		+6.99,-1.2,+19.8,JB	
1701905017.7065654	+6.69,+7.7,+21.3,@B	+6.50,+23.4,+21.5,IA	+6.83,+6.0,+21.4,EB	+7.06,-5.9,+19.9,CB		+6.99,-1.2,+19.8,JB	
1701905079.7170155	+6.69,+7.8,+21.3,OB	+6.50,+23.4,+21.4,HA	+6.84,+5.9,+21.4,HB	+7.06,-6.1,+19.9,HB		+6.99,-1.2,+19.8,JB	
1701905141.725681	+6.69,+7.7,+21.3,@B	+6.50,+23.5,+21.4,IA	+6.83,+6.0,+21.4,EB	+7.06,-5.9,+19.9,CB		+6.99,-1.1,+19.8,IB	
1701905203.734984	+6.69,+7.7,+21.3,@B	+6.50,+23.4,+21.4,HA	+6.83,+5.9,+21.4,OB	+7.06,-6.0,+19.9,IB		+6.99,-1.2,+19.8,JB	
1701905265.7432668	+6.69,+7.8,+21.3,OB	+6.50,+23.3,+21.4,OA	+6.84,+5.8,+21.4,IB	+7.06,-6.0,+19.9,IB		+6.99,-1.3,+19.8,KB	
1701905327.7533722	+6.69,+7.7,+21.3,@B	+6.50,+23.3,+21.4,OA	+6.83,+6.0,+21.4,EB	+7.06,-6.0,+19.8,HB		+6.99,-1.2,+19.8,JB	
1701905389.7614143	+6.69,+7.7,+21.3,@B	+6.50,+23.4,+21.4,HA	+6.83,+6.0,+21.4,EB	+7.06,-6.1,+19.9,HB		+6.99,-1.1,+19.8,IB	
1701905451.7701254	+6.69,+7.7,+21.3,@B	+6.50,+23.3,+21.4,OA	+6.83,+5.9,+21.4,OB	+7.06,-6.0,+19.8,HB		+6.99,-1.2,+19.8,JB	
1701905513.7788043	+6.69,+7.7,+21.3,@B	+6.50,+23.3,+21.4,OA	+6.83,+6.0,+21.4,EB	+7.06,-6.0,+19.9,IB		+6.99,-1.1,+19.8,IB	
1701905575.7885323	+6.69,+7.7,+21.3,@B	+6.50,+23.4,+21.4,HA	+6.84,+5.9,+21.4,HB	+7.06,-5.9,+19.8,BB		+6.99,-1.2,+19.8,JB	
1701905637.797796	+6.69,+7.7,+21.3,@B	+6.50,+23.4,+21.4,HA	+6.83,+5.9,+21.4,OB	+7.06,-5.9,+19.9,CB		+6.99,-1.1,+19.8,IB	
1701905699.8059976	+6.69,+7.7,+21.3,@B	+6.50,+23.5,+21.4,IA	+6.83,+5.9,+21.4,OB	+7.06,-6.0,+19.8,HB		+6.99,-1.2,+19.8,JB	
1701905761.816627	+6.69,+7.7,+21.3,@B	+6.50,+23.5,+21.4,IA	+6.84,+5.9,+21.4,HB	+7.06,-5.9,+19.9,CB		+6.99,-1.2,+19.8,JB	
1701905823.8241196	+6.69,+7.7,+21.3,@B	+6.50,+23.5,+21.4,IA	+6.84,+5.9,+21.4,HB	+7.06,-5.9,+19.9,CB		+6.99,-1.2,+19.8,JB	
1701905885.8349638	+6.69,+7.7,+21.3,@B	+6.50,+23.5,+21.4,IA	+6.84,+5.9,+21.4,HB	+7.06,-6.0,+19.9,IB		+6.99,-1.1,+19.8,IB	
1701905947.8384993	+6.69,+7.7,+21.3,@B	+6.50,+23.5,+21.4,IA	+6.83,+6.0,+21.4,EB	+7.06,-5.9,+19.8,BB		+6.99,-1.2,+19.8,JB	
1701906009.8462582	+6.69,+7.7,+21.3,@B	+6.50,+23.4,+21.4,HA	+6.84,+5.9,+21.4,HB	+7.06,-6.0,+19.9,IB		+6.99,-1.1,+19.8,IB	
1701906071.8588219	+6.69,+7.7,+21.3,@B	+6.50,+23.4,+21.4,HA	+6.84,+5.9,+21.4,HB	+7.06,-6.1,+19.8,IB		+6.99,-1.1,+19.8,IB	
1701906133.8691623	+6.69,+7.7,+21.3,@B	+6.50,+23.5,+21.4,IA	+6.84,+5.9,+21.4,HB	+7.06,-5.9,+19.8,BB		+6.99,-1.1,+19.8,IB	
1701906195.878947	+6.69,+7.7,+21.3,@B	+6.50,+23.5,+21.4,IA	+6.84,+5.8,+21.4,IB	+7.06,-6.0,+19.9,IB		+6.99,-1.1,+19.8,IB	
1701906257.887822	+6.69,+7.7,+21.3,@B	+6.50,+23.4,+21.4,HA	+6.84,+5.8,+21.3,NB	+7.06,-6.1,+19.9,HB		+6.99,-1.1,+19.8,IB	
1701906319.8982365	+6.69,+7.7,+21.3,@B	+6.50,+23.5,+21.4,IA	+6.83,+6.0,+21.3,BB	+7.06,-6.0,+19.8,HB		+6.99,-1.2,+19.8,JB	
1701906381.9052129	+6.69,+7.7,+21.3,@B	+6.50,+23.6,+21.4,JA	+6.83,+5.9,+21.3,HB	+7.06,-5.9,+19.8,BB		+6.99,-1.2,+19.8,JB	
1701906443.9147937	+6.69,+7.7,+21.3,@B	+6.50,+23.4,+21.4,HA	+6.84,+5.8,+21.3,NB	+7.06,-6.0,+19.8,HB		+6.99,-1.2,+19.8,JB	
1701906505.9233031	+6.69,+7.7,+21.3,@B	+6.50,+23.5,+21.4,IA	+6.84,+5.9,+21.3,OB	+7.06,-6.0,+19.8,HB		+6.99,-1.2,+19.8,JB	
1701906567.9339457	+6.69,+7.7,+21.3,@B	+6.50,+23.4,+21.4,HA	+6.84,+5.8,+21.3,NB	+7.06,-6.0,+19.8,HB		+6.99,-1.2,+19.8,JB	
1701906629.9425008	+6.69,+7.7,+21.3,@B	+6.50,+23.4,+21.4,HA	+6.84,+5.8,+21.3,NB	+7.06,-6.0,+19.8,HB		+6.99,-1.2,+19.8,JB	
1701906691.94908	+6.69,+7.7,+21.3,@B	+6.50,+23.6,+21.4,JA	+6.83,+6.0,+21.3,BB	+7.06,-5.9,+19.8,BB		+6.99,-1.1,+19.8,IB	
1701906753.9587193	+6.69,+7.8,+21.3,OB	+6.50,+23.5,+21.4,IA	+6.84,+5.9,+21.3,OB	+7.06,-5.9,+19.8,BB		+6.99,-1.2,+19.8,JB	
1701906815.9668713	+6.69,+7.7,+21.3,@B	+6.50,+23.4,+21.4,HA	+6.84,+5.8,+21.3,NB	+7.06,-5.9,+19.8,BB		+6.99,-1.2,+19.8,JB	
1701906877.9771802	+6.69,+7.7,+21.3,@B	+6.50,+23.6,+21.4,JA	+6.84,+5.8,+21.3,NB	+7.06,-5.9,+19.8,BB		+6.99,-1.2,+19.8,JB	
1701906939.9877892	+6.69,+7.7,+21.3,@B	+6.50,+23.6,+21.4,JA	+6.84,+5.8,+21.3,NB	+7.06,-5.9,+19.8,BB		+6.99,-1.3,+19.8,KB	
1701907001.9972816	+6.69,+7.7,+21.3,@B	+6.50,+23.5,+21.4,IA	+6.84,+5.8,+21.3,NB	+7.06,-5.9,+19.8,BB		+6.99,-1.2,+19.7,EB	
1701907064.0065613	+6.69,+7.7,+21.3,@B	+6.50,+23.4,+21.4,HA	+6.84,+5.9,+21.3,OB	+7.06,-6.0,+19.8,HB		+6.99,-1.3,+19.8,KB	
1701907126.0140853	+6.69,+7.7,+21.3,@B	+6.50,+23.6,+21.4,JA	+6.84,+5.8,+21.3,NB	+7.06,-5.9,+19.8,BB		+6.99,-1.2,+19.8,JB	
1701907188.0229034	+6.69,+7.7,+21.3,@B	+6.50,+23.4,+21.3,OA	+6.84,+5.8,+21.3,NB	+7.06,-6.0,+19.8,HB		+6.99,-1.2,+19.8,JB	
1701907250.0337744	+6.69,+7.7,+21.3,@B	+6.50,+23.5,+21.4,IA	+6.84,+5.7,+21.3,AB	+7.06,-6.0,+19.8,HB		+6.99,-1.1,+19.8,IB	
1701907312.0423257	+6.69,+7.8,+21.3,OB	+6.50,+23.4,+21.4,HA	+6.84,+5.7,+21.3,AB	+7.06,-6.0,+19.8,HB		+6.99,-1.1,+19.8,IB	
1701907374.051687	+6.69,+7.7,+21.3,@B	+6.50,+23.4,+21.3,OA	+6.84,+5.9,+21.3,OB	+7.06,-6.0,+19.8,HB		+6.99,-1.2,+19.8,JB	
1701907436.0608613	+6.69,+7.7,+21.3,@B	+6.50,+23.6,+21.4,JA	+6.84,+5.8,+21.3,NB	+7.06,-5.9,+19.8,BB		+6.99,-1.1,+19.8,IB	
1701907498.0700324	+6.69,+7.7,+21.3,@B	+6.50,+23.5,+21.4,IA	+6.84,+5.9,+21.3,OB	+7.06,-5.9,+19.8,BB		+6.99,-1.2,+19.8,JB	
1701907560.0774324	+6.69,+7.7,+21.3,@B	+6.49,+23.8,+21.4,LA	+6.84,+5.8,+21.3,NB	+7.06,-5.9,+19.8,BB		+6.99,-1.2,+19.7,EB	
1701907622.0848897	+6.69,+7.7,+21.3,@B	+6.50,+23.7,+21.4,KA	+6.84,+5.7,+21.3,AB	+7.06,-6.0,+19.8,HB		+6.99,-1.1,+19.8,IB	
1701907684.0918362	+6.69,+7.7,+21.3,@B	+6.50,+23.7,+21.3,LA	+6.84,+5.7,+21.3,AB	+7.06,-5.9,+19.8,BB		+6.99,-1.2,+19.8,JB	
1701907746.1033444	+6.69,+7.7,+21.2,AB	+6.50,+23.6,+21.4,JA	+6.84,+5.6,+21.3,@B	+7.06,-6.0,+19.8,HB		+6.99,-1.1,+19.7,FB	
1701907808.1103334	+6.69,+7.7,+21.3,@B	+6.50,+23.6,+21.3,MA	+6.84,+5.7,+21.3,AB	+7.06,-5.9,+19.8,BB		+6.99,-1.1,+19.7,FB	
1701907870.1161146	+6.69,+7.7,+21.2,AB	+6.50,+23.6,+21.4,JA	+6.84,+5.7,+21.3,AB	+7.06,-6.0,+19.8,HB		+6.99,-1.2,+19.7,EB	
1701907932.1284819	+6.69,+7.7,+21.2,AB	+6.50,+23.6,+21.3,MA	+6.84,+5.7,+21.3,AB	+7.06,-6.0,+19.8,HB		+6.99,-1.2,+19.7,EB	
1701907994.137039	+6.69,+7.7,+21.3,@B	+6.50,+23.7,+21.3,LA	+6.84,+5.8,+21.3,NB	+7.06,-5.9,+19.8,BB		+6.99,-1.2,+19.7,EB	
1701908240.8451135	+6.69,+7.8,+21.2,NB	+6.50,+23.6,+21.3,MA	+6.84,+5.8,+21.3,NB	+7.06,-5.9,+19.8,BB		+6.99,-1.2,+19.7,EB	
1701908302.8536952	+6.69,+7.7,+21.2,AB	+6.50,+23.6,+21.4,JA	+6.84,+5.8,+21.3,NB	+7.06,-5.9,+19.8,BB		+6.99,-1.1,+19.7,FB	
1701908364.8617947	+6.69,+7.7,+21.2,AB	+6.50,+23.6,+21.3,MA	+6.84,+5.8,+21.3,NB	+7.06,-5.8,+19.8,CB		+6.99,-1.1,+19.7,FB	
1701908426.8707235	+6.69,+7.7,+21.2,AB	+6.50,+23.6,+21.3,MA	+6.84,+5.8,+21.3,NB	+7.06,-5.9,+19.8,BB		+6.99,-1.2,+19.7,EB	
1701908488.880252	+6.69,+7.7,+21.2,AB	+6.50,+23.7,+21.4,KA	+6.84,+5.6,+21.3,@B	+7.06,-6.0,+19.8,HB		+6.99,-1.2,+19.7,EB	
1701908550.889244	+6.69,+7.7,+21.3,@B	+6.49,+23.8,+21.3,KA	+6.84,+5.6,+21.3,@B	+7.06,-6.0,+19.8,HB		+6.99,-1.2,+19.7,EB	
1701908612.8965397	+6.69,+7.7,+21.2,AB	+6.50,+23.6,+21.3,MA	+6.84,+5.7,+21.3,AB	+7.06,-5.9,+19.8,BB		+6.99,-1.3,+19.7,DB	
1701908674.9025185	+6.69,+7.7,+21.3,@B	+6.50,+23.7,+21.4,KA	+6.84,+5.7,+21.3,AB	+7.06,-5.9,+19.8,BB		+6.99,-1.2,+19.7,EB	
1701908736.910853	+6.69,+7.7,+21.3,@B	+6.50,+23.6,+21.3,MA	+6.84,+5.7,+21.3,AB	+7.06,-5.9,+19.8,BB		+6.99,-1.2,+19.8,JB	
1701908798.920602	+6.69,+7.7,+21.2,AB	+6.50,+23.7,+21.4,KA	+6.84,+5.7,+21.3,AB	+7.06,-5.9,+19.8,BB		+6.99,-1.3,+19.7,DB	
1701908860.9282389	+6.69,+7.7,+21.2,AB	+6.49,+23.8,+21.4,LA	+6.84,+5.7,+21.3,AB	+7.06,-6.0,+19.8,HB		+6.99,-1.2,+19.8,JB	
1701908922.9373646	+6.69,+7.8,+21.2,NB	+6.49,+23.8,+21.3,KA	+6.84,+5.7,+21.3,AB	+7.06,-6.0,+19.8,HB		+6.99,-1.2,+19.7,EB	
1701908984.9468498	+6.69,+7.7,+21.2,AB	+6.49,+23.8,+21.4,LA	+6.84,+5.8,+21.3,NB	+7.06,-6.0,+19.8,HB		+6.99,-1.2,+19.7,EB	
1701909046.9566252	+6.69,+7.7,+21.2,AB	+6.50,+23.6,+21.3,MA	+6.84,+5.6,+21.3,@B	+7.06,-5.9,+19.8,BB		+6.99,-1.1,+19.7,FB	
1701909108.9674902	+6.69,+7.7,+21.3,@B	+6.50,+23.7,+21.3,LA	+6.84,+5.7,+21.3,AB	+7.06,-6.0,+19.8,HB		+6.99,-1.2,+19.7,EB	
1701909170.9759789	+6.69,+7.7,+21.3,@B	+6.49,+23.8,+21.3,KA	+6.84,+5.7,+21.3,AB	+7.06,-6.1,+19.8,IB		+6.99,-1.2,+19.7,EB	
1701909232.9846544	+6.69,+7.7,+21.2,AB	+6.50,+23.7,+21.3,LA	+6.84,+5.6,+21.3,@B	+7.06,-6.2,+19.8,JB		+6.99,-1.1,+19.8,IB	
1701909294.9920735	+6.69,+7.7,+21.2,AB	+6.49,+23.8,+21.3,KA	+6.84,+5.6,+21.3,@B	+7.06,-6.1,+19.8,IB		+6.99,-1.1,+19.7,FB	
1701909356.9996624	+6.69,+7.7,+21.2,AB	+6.50,+23.7,+21.3,LA	+6.84,+5.6,+21.3,@B	+7.06,-6.0,+19.8,HB		+6.99,-1.2,+19.7,EB	
1701909419.006845	+6.69,+7.7,+21.2,AB	+6.50,+23.6,+21.3,MA	+6.84,+5.7,+21.3,AB	+7.06,-5.9,+19.8,BB		+6.99,-1.2,+19.7,EB	
1701909481.016205	+6.69,+7.7,+21.3,@B	+6.50,+23.6,+21.3,MA	+6.84,+5.7,+21.3,AB	+7.05,-5.8,+19.8,@B		+6.99,-1.2,+19.7,EB	
1701909543.020242	+6.69,+7.7,+21.2,AB	+6.50,+23.7,+21.3,LA	+6.84,+5.6,+21.2,AB	+7.06,-5.9,+19.8,BB		+6.99,-1.2,+19.7,EB	
1701909605.03046	+6.69,+7.7,+21.2,AB	+6.49,+23.8,+21.4,LA	+6.84,+5.5,+21.3,CB	+7.06,-6.0,+19.8,HB		+6.99,-1.2,+19.7,EB	
1701909667.0386348	+6.69,+7.8,+21.2,NB	+6.49,+23.8,+21.3,KA	+6.84,+5.6,+21.3,@B	+7.06,-6.0,+19.8,HB		+6.99,-1.2,+19.7,EB	
1701909729.043732	+6.69,+7.7,+21.2,AB	+6.50,+23.7,+21.3,LA	+6.84,+5.6,+21.3,@B	+7.06,-5.9,+19.8,BB		+6.99,-1.1,+19.7,FB	
1701909791.057659	+6.69,+7.6,+21.2,@B	+6.50,+23.7,+21.3,LA	+6.84,+5.7,+21.3,AB	+7.05,-5.8,+19.8,@B		+6.99,-1.2,+19.7,EB	
1701909853.0663216	+6.69,+7.6,+21.2,@B	+6.49,+23.8,+21.3,KA	+6.84,+5.6,+21.3,@B	+7.06,-5.9,+19.8,BB		+6.99,-1.1,+19.7,FB	
1701909915.0817034	+6.69,+7.7,+21.2,AB	+6.49,+23.8,+21.3,KA	+6.84,+5.5,+21.3,CB	+7.06,-5.9,+19.8,BB		+6.99,-1.1,+19.7,FB	
1701909977.0907986	+6.69,+7.7,+21.2,AB	+6.50,+23.7,+21.3,LA	+6.84,+5.5,+21.3,CB	+7.06,-5.9,+19.8,BB		+6.99,-1.2,+19.8,JB	
1701910039.099075	+6.69,+7.7,+21.2,AB	+6.49,+23.8,+21.3,KA	+6.84,+5.7,+21.3,AB	+7.06,-5.9,+19.8,BB		+6.99,-1.2,+19.7,EB	
1701910101.107693	+6.69,+7.7,+21.3,@B	+6.49,+23.8,+21.3,KA	+6.84,+5.6,+21.3,@B	+7.06,-5.9,+19.8,BB		+6.99,-1.2,+19.7,EB	
1701910163.117079	+6.69,+7.7,+21.3,@B	+6.50,+23.7,+21.3,LA	+6.84,+5.5,+21.3,CB	+7.05,-5.8,+19.8,@B		+6.99,-1.2,+19.7,EB	
1701910225.12512	+6.69,+7.6,+21.3,AB	+6.49,+23.8,+21.4,LA	+6.84,+5.5,+21.3,CB	+7.06,-5.9,+19.8,BB		+6.99,-1.2,+19.8,JB	
1701910287.134957	+6.69,+7.7,+21.3,@B	+6.49,+23.8,+21.4,LA	+6.84,+5.6,+21.3,@B	+7.06,-5.9,+19.8,BB		+6.99,-1.3,+19.7,DB	
1701910349.1472404	+6.69,+7.7,+21.3,@B	+6.50,+23.7,+21.3,LA	+6.84,+5.5,+21.3,CB	+7.05,-5.8,+19.8,@B		+6.99,-1.1,+19.8,IB	
1701910411.1565325	+6.69,+7.6,+21.3,AB	+6.49,+23.8,+21.4,LA	+6.84,+5.6,+21.3,@B	+7.06,-6.0,+19.8,HB		+6.99,-1.2,+19.8,JB	
1701910473.1655648	+6.69,+7.7,+21.3,@B	+6.49,+23.9,+21.3,JA	+6.84,+5.6,+21.3,@B	+7.06,-6.0,+19.8,HB		+6.99,-1.3,+19.8,KB	
1701910535.1742313	+6.69,+7.7,+21.3,@B	+6.49,+23.8,+21.3,KA	+6.84,+5.5,+21.3,CB	+7.06,-6.0,+19.8,HB		+6.99,-1.2,+19.7,EB	
1701910597.1837945	+6.69,+7.7,+21.3,@B	+6.50,+23.7,+21.3,LA	+6.84,+5.5,+21.3,CB	+7.05,-5.8,+19.8,@B		+6.99,-1.2,+19.7,EB	
1701910659.1922457	+6.69,+7.7,+21.3,@B	+6.49,+23.8,+21.4,LA	+6.84,+5.5,+21.3,CB	+7.06,-5.9,+19.8,BB		+6.99,-1.2,+19.7,EB	
1701910721.2024891	+6.69,+7.6,+21.2,@B	+6.50,+23.7,+21.4,KA	+6.84,+5.7,+21.3,AB	+7.06,-5.9,+19.8,BB		+6.99,-1.2,+19.8,JB	
1701910783.2115445	+6.69,+7.7,+21.3,@B	+6.49,+23.8,+21.3,KA	+6.84,+5.5,+21.3,CB	+7.06,-6.0,+19.8,HB		+6.99,-1.3,+19.8,KB	
1701910845.221162	+6.69,+7.7,+21.3,@B	+6.49,+23.8,+21.4,LA	+6.84,+5.5,+21.3,CB	+7.06,-5.9,+19.8,BB		+6.99,-1.2,+19.8,JB	
1701910907.2288241	+6.69,+7.7,+21.3,@B	+6.49,+23.8,+21.4,LA	+6.84,+5.5,+21.3,CB	+7.06,-6.0,+19.8,HB		+6.99,-1.2,+19.8,JB	
1701910969.2372782	+6.69,+7.7,+21.3,@B	+6.49,+23.8,+21.4,LA	+6.84,+5.7,+21.3,AB	+7.06,-5.9,+19.8,BB		+6.99,-1.1,+19.7,FB	
1701911031.2459016	+6.69,+7.7,+21.3,@B	+6.49,+23.9,+21.3,JA	+6.84,+5.5,+21.3,CB	+7.06,-6.0,+19.8,HB		+6.99,-1.2,+19.8,JB	
1701911093.2521422	+6.69,+7.6,+21.3,AB	+6.49,+23.8,+21.4,LA	+6.84,+5.6,+21.3,@B	+7.06,-6.0,+19.8,HB		+6.99,-1.2,+19.7,EB	
1701911155.2591574	+6.69,+7.7,+21.3,@B	+6.50,+23.7,+21.3,LA	+6.84,+5.7,+21.3,AB	+7.05,-5.8,+19.8,@B		+6.99,-1.2,+19.7,EB	
1701911217.26811	+6.69,+7.7,+21.2,AB	+6.49,+23.8,+21.3,KA	+6.84,+5.7,+21.3,AB	+7.06,-5.9,+19.8,BB		+6.99,-1.1,+19.7,FB	
1701911279.2760468	+6.69,+7.7,+21.2,AB	+6.49,+23.9,+21.3,JA	+6.84,+5.6,+21.3,@B	+7.06,-6.0,+19.8,HB		+6.99,-1.2,+19.7,EB	
1701911341.2845223	+6.69,+7.7,+21.2,AB	+6.50,+23.7,+21.3,LA	+6.84,+5.5,+21.3,CB	+7.05,-5.8,+19.8,@B		+6.99,-1.2,+19.7,EB	
1701911403.2935352	+6.69,+7.7,+21.2,AB	+6.49,+23.8,+21.3,KA	+6.84,+5.7,+21.3,AB	+7.06,-5.9,+19.8,BB		+6.99,-1.1,+19.7,FB	
1701911465.300384	+6.69,+7.7,+21.2,AB	+6.49,+23.8,+21.3,KA	+6.84,+5.7,+21.3,AB	+7.06,-6.0,+19.8,HB		+6.99,-1.1,+19.7,FB	
1701911527.3098016	+6.69,+7.7,+21.2,AB	+6.50,+23.7,+21.3,LA	+6.84,+5.5,+21.3,CB	+7.06,-5.8,+19.8,CB		+6.99,-1.2,+19.7,EB	
1701911589.3162658	+6.69,+7.7,+21.2,AB	+6.50,+23.7,+21.3,LA	+6.84,+5.5,+21.3,CB	+7.06,-5.9,+19.8,BB		+6.99,-1.2,+19.7,EB	
1701911651.324859	+6.69,+7.7,+21.3,@B	+6.49,+23.9,+21.3,JA	+6.84,+5.6,+21.3,@B	+7.06,-6.0,+19.8,HB		+6.99,-1.2,+19.7,EB	
1701911713.3337157	+6.69,+7.7,+21.3,@B	+6.49,+23.8,+21.3,KA	+6.84,+5.6,+21.3,@B	+7.06,-5.9,+19.8,BB		+6.99,-1.2,+19.7,EB	
1701911775.3439922	+6.69,+7.7,+21.2,AB	+6.50,+23.7,+21.3,LA	+6.84,+5.6,+21.3,@B	+7.06,-5.9,+19.8,BB		+6.99,-1.3,+19.7,DB	
1701911837.3533995	+6.69,+7.7,+21.2,AB	+6.49,+23.8,+21.4,LA	+6.84,+5.6,+21.3,@B	+7.06,-5.9,+19.8,BB		+6.99,-1.2,+19.8,JB	
1701912084.099334	+6.69,+7.7,+21.3,@B	+6.49,+24.0,+21.3,DA	+6.84,+5.5,+21.3,CB	+7.06,-6.0,+19.8,HB		+6.99,-1.1,+19.8,IB	
1701912146.1073587	+6.69,+7.7,+21.3,@B	+6.49,+24.0,+21.3,DA	+6.84,+5.5,+21.3,CB	+7.06,-6.0,+19.8,HB		+6.99,-1.1,+19.8,IB	
1701912208.116958	+6.69,+7.7,+21.3,@B	+6.49,+23.9,+21.3,JA	+6.84,+5.6,+21.3,@B	+7.06,-6.0,+19.8,HB		+6.99,-1.1,+19.8,IB	
1701912270.1257288	+6.69,+7.7,+21.2,AB	+6.49,+23.8,+21.3,KA	+6.84,+5.5,+21.3,CB	+7.05,-5.8,+19.8,@B		+6.99,-1.1,+19.7,FB	
1701912332.1347673	+6.69,+7.7,+21.2,AB	+6.49,+24.0,+21.3,DA	+6.84,+5.6,+21.3,@B	+7.06,-6.0,+19.8,HB		+6.99,-1.2,+19.8,JB	
1701912394.1428494	+6.69,+7.7,+21.3,@B	+6.49,+23.8,+21.3,KA	+6.84,+5.6,+21.3,@B	+7.06,-5.9,+19.8,BB		+6.99,-1.1,+19.7,FB	
1701912456.150911	+6.69,+7.7,+21.3,@B	+6.49,+24.0,+21.3,DA	+6.84,+5.5,+21.3,CB	+7.06,-6.0,+19.8,HB		+6.99,-1.2,+19.7,EB	
1701912518.1610682	+6.69,+7.7,+21.3,@B	+6.49,+23.9,+21.4,MA	+6.85,+5.4,+21.3,CB	+7.06,-6.0,+19.8,HB		+6.99,-1.2,+19.7,EB	
1701912580.1701117	+6.69,+7.7,+21.3,@B	+6.49,+23.9,+21.3,JA	+6.84,+5.5,+21.3,CB	+7.06,-5.9,+19.8,BB		+6.99,-1.1,+19.7,FB	
1701912642.1794803	+6.69,+7.7,+21.2,AB	+6.49,+24.0,+21.3,DA	+6.84,+5.6,+21.3,@B	+7.06,-6.0,+19.8,HB		+6.99,-1.2,+19.7,EB	
1701912704.1890464	+6.69,+7.7,+21.2,AB	+6.49,+24.0,+21.3,DA	+6.84,+5.5,+21.3,CB	+7.06,-6.0,+19.8,HB		+6.99,-1.2,+19.7,EB	
1701912766.197455	+6.69,+7.7,+21.3,@B	+6.49,+23.9,+21.3,JA	+6.84,+5.4,+21.3,BB	+7.06,-5.9,+19.8,BB		+6.99,-1.1,+19.8,IB	
1701912828.2074816	+6.69,+7.7,+21.2,AB	+6.49,+23.9,+21.4,MA	+6.84,+5.6,+21.3,@B	+7.06,-6.0,+19.8,HB		+6.99,-1.2,+19.8,JB	
1701912890.2158375	+6.69,+7.7,+21.3,@B	+6.49,+23.9,+21.3,JA	+6.84,+5.5,+21.3,CB	+7.06,-5.9,+19.8,BB		+6.99,-1.2,+19.8,JB	
1701912952.2252836	+6.69,+7.7,+21.3,@B	+6.50,+23.7,+21.3,LA	+6.84,+5.4,+21.3,BB	+7.06,-5.8,+19.8,CB		+6.99,-1.1,+19.8,IB	
1701913014.2342458	+6.69,+7.7,+21.2,AB	+6.49,+23.8,+21.4,LA	+6.84,+5.5,+21.3,CB	+7.06,-5.9,+19.8,BB		+6.99,-1.2,+19.8,JB	
1701913076.2432983	+6.69,+7.7,+21.3,@B	+6.49,+23.9,+21.4,MA	+6.84,+5.5,+21.4,DB	+7.06,-6.0,+19.8,HB		+6.99,-1.2,+19.8,JB	
1701913138.2532728	+6.69,+7.7,+21.3,@B	+6.49,+23.8,+21.4,LA	+6.84,+5.6,+21.3,@B	+7.06,-6.0,+19.8,HB		+6.99,-1.2,+19.8,JB	
1701913200.2597804	+6.69,+7.6,+21.3,AB	+6.49,+23.9,+21.4,MA	+6.84,+5.5,+21.3,CB	+7.06,-6.0,+19.8,HB		+6.99,-1.2,+19.8,JB	
1701913262.26826	+6.69,+7.7,+21.3,@B	+6.49,+23.8,+21.3,KA	+6.84,+5.4,+21.3,BB	+7.06,-5.9,+19.8,BB		+6.99,-1.1,+19.8,IB	
1701913324.2738514	+6.69,+7.7,+21.3,@B	+6.49,+23.9,+21.4,MA	+6.84,+5.4,+21.3,BB	+7.06,-5.9,+19.8,BB		+6.99,-1.2,+19.8,JB	
1701913386.2831736	+6.69,+7.7,+21.3,@B	+6.50,+23.7,+21.3,LA	+6.84,+5.6,+21.3,@B	+7.06,-5.9,+19.8,BB		+6.99,-1.2,+19.8,JB	
1701913448.2899663	+6.69,+7.7,+21.3,@B	+6.49,+23.9,+21.4,MA	+6.84,+5.4,+21.3,BB	+7.06,-6.0,+19.8,HB		+6.99,-1.1,+19.8,IB	
1701913510.298248	+6.69,+7.7,+21.3,@B	+6.49,+23.8,+21.3,KA	+6.84,+5.5,+21.3,CB	+7.06,-5.9,+19.8,BB		+6.99,-1.2,+19.8,JB	
1701913572.307103	+6.69,+7.7,+21.3,@B	+6.49,+23.9,+21.3,JA	+6.84,+5.5,+21.3,CB	+7.06,-5.9,+19.8,BB		+6.99,-1.2,+19.8,JB	
1701913634.3196251	+6.69,+7.7,+21.3,@B	+6.50,+23.7,+21.4,KA	+6.84,+5.5,+21.3,CB	+7.06,-5.9,+19.8,BB		+6.99,-1.1,+19.8,IB	
1701913696.3289697	+6.69,+7.6,+21.3,AB	+6.49,+23.8,+21.4,LA	+6.84,+5.4,+21.3,BB	+7.06,-6.0,+19.8,HB		+6.99,-1.1,+19.8,IB	
1701913758.3373647	+6.69,+7.7,+21.3,@B	+6.49,+23.9,+21.4,MA	+6.84,+5.5,+21.3,CB	+7.06,-6.0,+19.8,HB		+6.99,-1.1,+19.8,IB	
1701913820.3465993	+6.69,+7.7,+21.3,@B	+6.49,+23.9,+21.4,MA	+6.84,+5.5,+21.3,CB	+7.06,-6.0,+19.8,HB		+6.99,-1.2,+19.8,JB	
1701913882.3571568	+6.69,+7.7,+21.3,@B	+6.49,+23.8,+21.4,LA	+6.84,+5.4,+21.3,BB	+7.06,-5.9,+19.8,BB		+6.99,-1.1,+19.8,IB	
1701913944.3674405	+6.69,+7.7,+21.3,@B	+6.49,+23.8,+21.4,LA	+6.85,+5.3,+21.3,DB	+7.06,-5.9,+19.8,BB		+6.99,-1.2,+19.8,JB	
1701914006.376041	+6.69,+7.6,+21.3,AB	+6.49,+24.0,+21.4,CA	+6.84,+5.5,+21.3,CB	+7.06,-6.0,+19.8,HB		+6.99,-1.1,+19.8,IB	
1701914068.3822267	+6.69,+7.6,+21.3,AB	+6.49,+23.8,+21.4,LA	+6.85,+5.3,+21.4,CB	+7.06,-5.9,+19.8,BB		+6.99,-1.2,+19.8,JB	
1701914130.3889527	+6.69,+7.7,+21.3,@B	+6.49,+23.9,+21.4,MA	+6.84,+5.4,+21.3,BB	+7.06,-5.9,+19.8,BB		+6.99,-1.1,+19.8,IB	
1701914192.3974297	+6.69,+7.6,+21.3,AB	+6.49,+23.9,+21.4,MA	+6.85,+5.3,+21.3,DB	+7.06,-6.0,+19.8,HB		+6.99,-1.2,+19.8,JB	
1701914254.4071937	+6.69,+7.7,+21.3,@B	+6.49,+24.0,+21.4,CA	+6.84,+5.5,+21.3,CB	+7.06,-6.0,+19.8,HB		+6.99,-1.2,+19.8,JB	
1701914316.4162345	+6.69,+7.7,+21.3,@B	+6.49,+23.8,+21.4,LA	+6.84,+5.4,+21.4,EB	+7.06,-5.9,+19.9,CB		+6.99,-1.1,+19.8,IB	
1701914378.4247284	+6.69,+7.7,+21.3,@B	+6.49,+23.8,+21.4,LA	+6.84,+5.4,+21.4,EB	+7.06,-6.0,+19.8,HB		+6.99,-1.2,+19.8,JB	
1701914440.4339156	+6.69,+7.7,+21.3,@B	+6.49,+23.9,+21.4,MA	+6.85,+5.3,+21.4,CB	+7.06,-6.0,+19.9,IB		+6.99,-1.2,+19.8,JB	
1701914502.443366	+6.69,+7.7,+21.3,@B	+6.49,+23.9,+21.4,MA	+6.84,+5.4,+21.4,EB	+7.06,-5.9,+19.9,CB		+6.99,-1.1,+19.9,HB	
1701914564.4531186	+6.69,+7.7,+21.3,@B	+6.49,+24.0,+21.4,CA	+6.85,+5.3,+21.4,CB	+7.06,-6.0,+19.9,IB		+6.99,-1.2,+19.8,JB	
1701914626.4633772	+6.69,+7.7,+21.3,@B	+6.49,+24.0,+21.4,CA	+6.85,+5.3,+21.4,CB	+7.06,-6.1,+19.9,HB		+6.99,-1.2,+19.9,KB	
1701914688.4739728	+6.69,+7.7,+21.3,@B	+6.49,+23.9,+21.4,MA	+6.84,+5.4,+21.4,EB	+7.06,-5.9,+19.9,CB		+6.99,-1.3,+19.8,KB	
1701914750.4859064	+6.69,+7.7,+21.3,@B	+6.49,+23.9,+21.4,MA	+6.84,+5.4,+21.4,EB	+7.06,-5.9,+19.9,CB		+6.99,-1.3,+19.8,KB	
1701914812.4928458	+6.69,+7.7,+21.3,@B	+6.49,+23.9,+21.4,MA	+6.84,+5.5,+21.4,DB	+7.06,-5.9,+19.9,CB		+6.99,-1.2,+19.9,KB	
1701914874.486494	+6.69,+7.7,+21.3,@B	+6.49,+23.9,+21.4,MA	+6.85,+5.3,+21.4,CB	+7.06,-6.0,+19.9,IB		+6.99,-1.1,+19.9,HB	
1701914936.4912226	+6.69,+7.7,+21.3,@B	+6.49,+24.0,+21.4,CA	+6.84,+5.4,+21.4,EB	+7.06,-6.0,+19.9,IB		+6.99,-1.2,+19.9,KB	
1701914998.4988506	+6.69,+7.6,+21.4,FB	+6.49,+24.0,+21.4,CA	+6.84,+5.4,+21.4,EB	+7.06,-6.0,+19.9,IB		+6.99,-1.2,+19.9,KB	
1701915060.5076602	+6.69,+7.7,+21.3,@B	+6.49,+24.0,+21.4,CA	+6.84,+5.5,+21.4,DB	+7.06,-6.0,+19.9,IB		+6.99,-1.2,+19.9,KB	
1701915122.514978	+6.69,+7.7,+21.3,@B	+6.49,+23.8,+21.4,LA	+6.85,+5.3,+21.4,CB	+7.06,-5.9,+19.9,CB		+6.99,-1.2,+19.9,KB	
1701915184.5236938	+6.69,+7.7,+21.4,GB	+6.49,+23.9,+21.4,MA	+6.85,+5.3,+21.4,CB	+7.06,-6.0,+19.9,IB		+6.99,-1.2,+19.9,KB	
1701915246.5304835	+6.69,+7.7,+21.3,@B	+6.49,+24.0,+21.4,CA	+6.84,+5.4,+21.4,EB	+7.06,-6.0,+19.9,IB		+6.99,-1.2,+19.8,JB	
1701915308.5378768	+6.69,+7.7,+21.3,@B	+6.49,+24.0,+21.4,CA	+6.84,+5.5,+21.4,DB	+7.06,-6.1,+19.9,HB		+6.99,-1.2,+19.9,KB	
1701915370.5376027	+6.69,+7.7,+21.3,@B	+6.49,+24.0,+21.5,BA	+6.84,+5.5,+21.4,DB	+7.06,-6.0,+19.9,IB		+6.99,-1.2,+19.9,KB	
1701915432.5451698	+6.69,+7.6,+21.3,AB	+6.49,+23.9,+21.4,MA	+6.84,+5.4,+21.4,EB	+7.06,-5.9,+19.9,CB		+6.99,-1.3,+19.9,JB	
1701915494.5513043	+6.69,+7.7,+21.4,GB	+6.49,+24.0,+21.4,CA	+6.84,+5.5,+21.4,DB	+7.06,-6.0,+19.9,IB		+6.99,-1.2,+19.9,KB	
1701915556.5581791	+6.69,+7.6,+21.3,AB	+6.49,+23.9,+21.5,LA	+6.84,+5.6,+21.4,GB	+7.06,-6.0,+19.9,IB		+6.99,-1.2,+19.9,KB	
1701915618.56724	+6.69,+7.6,+21.4,FB	+6.49,+23.9,+21.5,LA	+6.84,+5.5,+21.4,DB	+7.06,-6.0,+19.9,IB		+6.99,-1.1,+19.9,HB	
1701915680.5771592	+6.69,+7.6,+21.3,AB	+6.49,+24.0,+21.5,BA	+6.84,+5.4,+21.4,EB	+7.06,-6.0,+19.9,IB		+6.99,-1.3,+19.9,JB	
1701915927.2920523	+6.69,+7.7,+21.3,@B	+6.49,+23.9,+21.5,LA	+6.84,+5.5,+21.4,DB	+7.06,-6.0,+19.9,IB		+6.99,-1.2,+19.9,KB	
1701915989.302031	+6.69,+7.6,+21.3,AB	+6.49,+23.9,+21.4,MA	+6.84,+5.5,+21.4,DB	+7.06,-6.0,+19.9,IB		+6.99,-1.1,+19.9,HB	
1701916051.3083105	+6.69,+7.7,+21.4,GB	+6.49,+23.8,+21.5,MA	+6.84,+5.5,+21.4,DB	+7.06,-6.0,+19.9,IB		+6.99,-1.2,+19.9,KB	
1701916113.3184345	+6.69,+7.6,+21.3,AB	+6.49,+24.1,+21.5,CA	+6.84,+5.4,+21.4,EB	+7.06,-6.0,+19.9,IB		+6.99,-1.1,+19.9,HB	
1701916175.3267448	+6.69,+7.6,+21.3,AB	+6.49,+24.0,+21.5,BA	+6.84,+5.4,+21.4,EB	+7.06,-6.1,+19.9,HB		+6.99,-1.1,+19.9,HB	
1701916237.3359878	+6.69,+7.6,+21.4,FB	+6.49,+23.9,+21.5,LA	+6.84,+5.4,+21.4,EB	+7.06,-6.0,+19.9,IB		+6.99,-1.1,+19.9,HB	
1701916299.3423674	+6.69,+7.6,+21.3,AB	+6.49,+23.8,+21.5,MA	+6.84,+5.4,+21.4,EB	+7.06,-5.9,+19.9,CB		+6.99,-1.1,+19.9,HB	
1701916361.346938	+6.69,+7.6,+21.3,AB	+6.49,+23.8,+21.5,MA	+6.85,+5.3,+21.4,CB	+7.06,-6.0,+19.9,IB		+6.99,-1.1,+19.9,HB	
1701916423.3516715	+6.69,+7.6,+21.3,AB	+6.49,+23.8,+21.5,MA	+6.84,+5.4,+21.4,EB	+7.06,-5.9,+19.9,CB		+6.99,-1.1,+19.9,HB	
1701916485.3625522	+6.69,+7.6,+21.3,AB	+6.49,+23.9,+21.5,LA	+6.85,+5.4,+21.4,DB	+7.06,-5.8,+19.9,BB		+6.99,-1.1,+19.9,HB	
1701916547.3726866	+6.69,+7.7,+21.3,@B	+6.49,+24.1,+21.5,CA	+6.84,+5.4,+21.4,EB	+7.06,-6.0,+19.9,IB		+6.99,-1.2,+19.9,KB	
1701916609.3833935	+6.69,+7.6,+21.4,FB	+6.49,+24.1,+21.5,CA	+6.84,+5.4,+21.4,EB	+7.06,-6.0,+19.9,IB		+6.99,-1.1,+19.9,HB	
1701916671.3929074	+6.69,+7.7,+21.3,@B	+6.49,+24.1,+21.5,CA	+6.84,+5.5,+21.4,DB	+7.06,-6.1,+19.9,HB		+6.99,-1.1,+19.9,HB	
1701916733.398497	+6.69,+7.6,+21.4,FB	+6.49,+24.2,+21.4,AA	+6.84,+5.5,+21.4,DB	+7.06,-6.0,+19.9,IB		+6.99,-1.1,+19.9,HB	
1701916795.409445	+6.69,+7.6,+21.4,FB	+6.49,+24.1,+21.5,CA	+6.84,+5.5,+21.4,DB	+7.06,-6.0,+19.9,IB		+6.99,-1.2,+19.9,KB	
1701916857.4232023	+6.69,+7.6,+21.4,FB	+6.49,+24.1,+21.5,CA	+6.84,+5.5,+21.4,DB	+7.06,-6.1,+19.9,HB		+6.99,-1.2,+19.9,KB	
1701916919.4334843	+6.69,+7.6,+21.4,FB	+6.49,+24.2,+21.4,AA	+6.84,+5.4,+21.4,EB	+7.06,-6.0,+19.9,IB		+6.99,-1.3,+19.9,JB	
1701916981.4411118	+6.69,+7.6,+21.3,AB	+6.49,+24.0,+21.5,BA	+6.84,+5.5,+21.4,DB	+7.06,-6.1,+19.9,HB		+6.99,-1.1,+19.9,HB	
1701917043.448984	+6.69,+7.6,+21.4,FB	+6.49,+24.1,+21.5,CA	+6.85,+5.3,+21.4,CB	+7.06,-6.0,+19.9,IB		+6.99,-1.3,+19.9,JB	
1701917105.4602232	+6.69,+7.7,+21.4,GB	+6.49,+24.0,+21.5,BA	+6.84,+5.4,+21.4,EB	+7.06,-6.0,+19.9,IB		+6.99,-1.2,+19.8,JB	
1701917167.466762	+6.69,+7.6,+21.4,FB	+6.49,+24.2,+21.5,@A	+6.84,+5.5,+21.4,DB	+7.06,-6.1,+19.9,HB		+6.99,-1.2,+19.9,KB	
1701917229.47435	+6.69,+7.7,+21.4,GB	+6.49,+23.9,+21.4,MA	+6.84,+5.5,+21.4,DB	+7.06,-5.9,+19.9,CB		+6.99,-1.2,+19.8,JB	
1701917291.4851913	+6.69,+7.7,+21.4,GB	+6.49,+24.0,+21.5,BA	+6.84,+5.4,+21.4,EB	+7.06,-6.0,+19.9,IB		+6.99,-1.2,+19.9,KB	
1701917353.4940486	+6.69,+7.7,+21.4,GB	+6.49,+24.0,+21.5,BA	+6.84,+5.5,+21.4,DB	+7.06,-6.0,+19.9,IB		+6.99,-1.2,+19.9,KB	
1701917415.5036442	+6.69,+7.6,+21.4,FB	+6.49,+24.1,+21.4,BA	+6.84,+5.4,+21.4,EB	+7.06,-6.0,+19.9,IB		+6.99,-1.3,+19.8,KB	
1701917477.5119367	+6.69,+7.6,+21.3,AB	+6.49,+24.1,+21.4,BA	+6.84,+5.5,+21.4,DB	+7.06,-6.0,+19.9,IB		+6.99,-1.2,+19.9,KB	
1701917539.5205636	+6.69,+7.6,+21.3,AB	+6.49,+24.2,+21.4,AA	+6.84,+5.4,+21.4,EB	+7.06,-6.0,+19.9,IB		+6.99,-1.2,+19.8,JB	
1701917601.530541	+6.69,+7.7,+21.4,GB	+6.49,+24.1,+21.4,BA	+6.85,+5.3,+21.4,CB	+7.06,-6.1,+19.9,HB		+6.99,-1.2,+19.9,KB	
1701917663.5408764	+6.69,+7.6,+21.3,AB	+6.49,+24.1,+21.5,CA	+6.84,+5.4,+21.4,EB	+7.06,-5.9,+19.9,CB		+6.99,-1.3,+19.9,JB	
1701917725.548955	+6.69,+7.6,+21.3,AB	+6.49,+24.0,+21.4,CA	+6.84,+5.4,+21.4,EB	+7.06,-6.0,+19.9,IB		+6.99,-1.2,+19.9,KB	
1701917787.5602152	+6.69,+7.7,+21.3,@B	+6.49,+24.2,+21.4,AA	+6.84,+5.5,+21.4,DB	+7.06,-6.1,+19.9,HB		+6.99,-1.3,+19.9,JB	
1701917849.5677283	+6.69,+7.6,+21.3,AB	+6.49,+24.2,+21.5,@A	+6.84,+5.4,+21.4,EB	+7.06,-6.0,+19.9,IB		+6.99,-1.2,+19.8,JB	
1701917911.5779994	+6.69,+7.6,+21.3,AB	+6.49,+24.1,+21.5,CA	+6.84,+5.4,+21.4,EB	+7.06,-6.1,+19.9,HB		+6.99,-1.3,+19.9,JB	
1701917973.5884607	+6.69,+7.7,+21.3,@B	+6.49,+24.2,+21.5,@A	+6.85,+5.2,+21.4,BB	+7.06,-5.9,+19.9,CB		+6.99,-1.1,+19.8,IB	
1701918035.5970433	+6.69,+7.6,+21.3,AB	+6.49,+24.0,+21.4,CA	+6.85,+5.3,+21.4,CB	+7.06,-6.0,+19.9,IB		+6.99,-1.3,+19.8,KB	
1701918097.6073005	+6.69,+7.6,+21.4,FB	+6.49,+24.0,+21.4,CA	+6.85,+5.3,+21.4,CB	+7.06,-6.0,+19.9,IB		+6.99,-1.3,+19.8,KB	
1701918159.6172383	+6.69,+7.7,+21.3,@B	+6.49,+24.2,+21.5,@A	+6.85,+5.3,+21.4,CB	+7.06,-6.0,+19.9,IB		+6.99,-1.2,+19.8,JB	
1701918221.6268883	+6.69,+7.7,+21.3,@B	+6.49,+24.2,+21.5,@A	+6.85,+5.2,+21.4,BB	+7.06,-6.0,+19.9,IB		+6.99,-1.2,+19.8,JB	
1701918283.63844	+6.69,+7.7,+21.3,@B	+6.49,+24.0,+21.4,CA	+6.85,+5.3,+21.4,CB	+7.06,-6.0,+19.9,IB		+6.99,-1.3,+19.8,KB	
1701918345.64993	+6.69,+7.6,+21.3,AB	+6.49,+24.0,+21.4,CA	+6.84,+5.5,+21.4,DB	+7.06,-6.0,+19.9,IB		+6.99,-1.2,+19.8,JB	
1701918407.6602995	+6.69,+7.6,+21.3,AB	+6.49,+24.1,+21.4,BA	+6.85,+5.3,+21.4,CB	+7.06,-6.1,+19.9,HB		+6.99,-1.2,+19.8,JB	
1701918469.6706336	+6.69,+7.6,+21.3,AB	+6.49,+24.0,+21.4,CA	+6.85,+5.3,+21.4,CB	+7.06,-5.9,+19.9,CB		+6.99,-1.2,+19.8,JB	
1701918531.6813312	+6.69,+7.7,+21.3,@B	+6.49,+24.1,+21.4,BA	+6.85,+5.3,+21.4,CB	+7.06,-6.0,+19.8,HB		+6.99,-1.2,+19.8,JB	
1701918593.6898088	+6.69,+7.7,+21.3,@B	+6.49,+24.0,+21.4,CA	+6.84,+5.4,+21.4,EB	+7.06,-6.0,+19.9,IB		+6.99,-1.2,+19.8,JB	
1701918655.6983745	+6.69,+7.7,+21.3,@B	+6.49,+24.0,+21.4,CA	+6.85,+5.3,+21.4,CB	+7.06,-6.1,+19.9,HB		+6.99,-1.3,+19.8,KB	
1701918717.7086923	+6.69,+7.6,+21.3,AB	+6.49,+24.0,+21.4,CA	+6.85,+5.3,+21.4,CB	+7.06,-6.1,+19.9,HB		+6.99,-1.4,+19.8,LB	
1701918779.7163289	+6.69,+7.7,+21.3,@B	+6.49,+24.1,+21.4,BA	+6.84,+5.4,+21.4,EB	+7.06,-6.0,+19.9,IB		+6.99,-1.2,+19.8,JB	
1701918841.725857	+6.69,+7.6,+21.3,AB	+6.49,+24.2,+21.4,AA	+6.85,+5.3,+21.4,CB	+7.06,-6.0,+19.9,IB		+6.99,-1.2,+19.8,JB	
1701918903.73081	+6.69,+7.7,+21.3,@B	+6.49,+24.0,+21.4,CA	+6.85,+5.3,+21.4,CB	+7.06,-6.1,+19.9,HB		+6.99,-1.2,+19.8,JB	
1701918965.7418845	+6.69,+7.7,+21.3,@B	+6.49,+24.0,+21.4,CA	+6.85,+5.2,+21.3,EB	+7.06,-6.0,+19.9,IB		+6.99,-1.2,+19.8,JB	
1701919027.7485676	+6.69,+7.7,+21.3,@B	+6.49,+24.0,+21.4,CA	+6.85,+5.3,+21.4,CB	+7.06,-6.0,+19.9,IB		+6.99,-1.2,+19.8,JB	
1701919089.7550006	+6.69,+7.6,+21.3,AB	+6.49,+24.0,+21.4,CA	+6.85,+5.3,+21.3,DB	+7.06,-6.0,+19.9,IB		+6.99,-1.2,+19.8,JB	
1701919151.7664297	+6.69,+7.7,+21.3,@B	+6.49,+23.9,+21.4,MA	+6.84,+5.4,+21.4,EB	+7.06,-6.1,+19.9,HB		+6.99,-1.3,+19.8,KB	
1701919213.7764904	+6.69,+7.7,+21.3,@B	+6.49,+23.9,+21.4,MA	+6.85,+5.2,+21.4,BB	+7.06,-6.0,+19.9,IB		+6.99,-1.2,+19.8,JB	
1701919275.786614	+6.69,+7.7,+21.3,@B	+6.49,+24.0,+21.4,CA	+6.85,+5.2,+21.4,BB	+7.06,-6.0,+19.8,HB		+6.99,-1.2,+19.8,JB	
1701919337.7957056	+6.69,+7.7,+21.3,@B	+6.49,+23.9,+21.4,MA	+6.85,+5.3,+21.3,DB	+7.06,-6.1,+19.8,IB		+6.99,-1.3,+19.8,KB	
1701919399.804043	+6.69,+7.7,+21.3,@B	+6.49,+23.9,+21.4,MA	+6.85,+5.2,+21.3,EB	+7.06,-5.9,+19.8,BB		+6.99,-1.3,+19.8,KB	
1701919461.8140182	+6.69,+7.7,+21.3,@B	+6.49,+23.9,+21.4,MA	+6.84,+5.4,+21.3,BB	+7.06,-6.1,+19.9,HB		+6.99,-1.2,+19.8,JB	
1701919523.8233373	+6.69,+7.6,+21.3,AB	+6.49,+23.9,+21.4,MA	+6.85,+5.3,+21.3,DB	+7.06,-6.1,+19.8,IB		+6.99,-1.2,+19.8,JB	
1701919770.533398	+6.69,+7.6,+21.3,AB	+6.49,+24.0,+21.4,CA	+6.85,+5.3,+21.3,DB	+7.06,-5.9,+19.8,BB		+6.99,-1.2,+19.8,JB	
1701919832.5431275	+6.69,+7.7,+21.3,@B	+6.49,+24.1,+21.4,BA	+6.85,+5.3,+21.3,DB	+7.06,-6.0,+19.8,HB		+6.99,-1.3,+19.8,KB	
1701919894.5536163	+6.69,+7.7,+21.3,@B	+6.49,+24.0,+21.4,CA	+6.85,+5.3,+21.4,CB	+7.06,-6.0,+19.8,HB		+6.99,-1.3,+19.8,KB	
1701919956.5628662	+6.69,+7.6,+21.3,AB	+6.49,+23.9,+21.3,JA	+6.84,+5.4,+21.3,BB	+7.06,-6.0,+19.8,HB		+6.99,-1.2,+19.8,JB	
1701920018.571987	+6.69,+7.6,+21.3,AB	+6.49,+23.8,+21.4,LA	+6.84,+5.4,+21.3,BB	+7.06,-6.0,+19.8,HB		+6.99,-1.3,+19.8,KB	
1701920080.582343	+6.69,+7.6,+21.3,AB	+6.49,+24.0,+21.4,CA	+6.84,+5.4,+21.3,BB	+7.06,-6.0,+19.8,HB		+6.99,-1.2,+19.8,JB	
1701920142.5934756	+6.69,+7.6,+21.3,AB	+6.49,+24.0,+21.4,CA	+6.84,+5.4,+21.3,BB	+7.06,-6.0,+19.8,HB		+6.99,-1.2,+19.8,JB	
1701920204.6039124	+6.69,+7.6,+21.3,AB	+6.49,+23.9,+21.3,JA	+6.84,+5.4,+21.3,BB	+7.06,-6.1,+19.8,IB		+6.99,-1.2,+19.8,JB	
1701920266.6154306	+6.69,+7.7,+21.3,@B	+6.49,+23.8,+21.4,LA	+6.84,+5.4,+21.3,BB	+7.06,-6.1,+19.8,IB		+6.99,-1.3,+19.7,DB	
1701920328.627175	+6.69,+7.6,+21.3,AB	+6.49,+23.9,+21.4,MA	+6.84,+5.4,+21.3,BB	+7.06,-6.1,+19.8,IB		+6.99,-1.2,+19.7,EB	
1701920390.6377811	+6.69,+7.6,+21.3,AB	+6.49,+23.8,+21.3,KA	+6.84,+5.4,+21.3,BB	+7.06,-6.0,+19.8,HB		+6.99,-1.2,+19.7,EB	
1701920452.6486948	+6.69,+7.6,+21.2,@B	+6.49,+24.0,+21.3,DA	+6.84,+5.4,+21.3,BB	+7.06,-6.0,+19.8,HB		+6.99,-1.3,+19.7,DB	
1701920514.6588821	+6.69,+7.5,+21.3,BB	+6.49,+23.8,+21.3,KA	+6.84,+5.4,+21.3,BB	+7.06,-6.1,+19.8,IB		+6.99,-1.2,+19.7,EB	
1701920576.6675546	+6.69,+7.5,+21.3,BB	+6.49,+23.8,+21.3,KA	+6.85,+5.3,+21.3,DB	+7.06,-6.0,+19.8,HB		+6.99,-1.2,+19.7,EB	
1701920638.6748564	+6.69,+7.6,+21.2,@B	+6.49,+23.9,+21.3,JA	+6.84,+5.5,+21.3,CB	+7.06,-6.1,+19.8,IB		+6.99,-1.3,+19.7,DB	
1701920700.685189	+6.69,+7.6,+21.3,AB	+6.49,+23.9,+21.3,JA	+6.84,+5.4,+21.3,BB	+7.06,-6.1,+19.8,IB		+6.99,-1.3,+19.7,DB	
1701920762.6941855	+6.69,+7.6,+21.3,AB	+6.49,+23.8,+21.3,KA	+6.84,+5.5,+21.3,CB	+7.06,-6.1,+19.8,IB		+6.99,-1.3,+19.7,DB	
1701920824.7043257	+6.69,+7.6,+21.2,@B	+6.49,+24.0,+21.3,DA	+6.85,+5.3,+21.3,DB	+7.06,-6.0,+19.8,HB		+6.99,-1.2,+19.7,EB	
1701920886.7121084	+6.69,+7.6,+21.2,@B	+6.49,+24.0,+21.3,DA	+6.84,+5.4,+21.3,BB	+7.06,-5.9,+19.8,BB		+6.99,-1.3,+19.7,DB	
1701920948.7199042	+6.69,+7.6,+21.2,@B	+6.49,+24.0,+21.3,DA	+6.84,+5.4,+21.3,BB	+7.06,-6.1,+19.8,IB		+6.99,-1.3,+19.7,DB	
1701921010.7296178	+6.69,+7.6,+21.3,AB	+6.49,+24.0,+21.3,DA	+6.84,+5.4,+21.3,BB	+7.06,-5.9,+19.8,BB		+6.99,-1.3,+19.7,DB	
1701921072.738711	+6.69,+7.6,+21.3,AB	+6.49,+24.0,+21.3,DA	+6.85,+5.3,+21.3,DB	+7.06,-6.1,+19.8,IB		+6.99,-1.2,+19.7,EB	
1701921134.7472842	+6.69,+7.6,+21.3,AB	+6.49,+23.9,+21.4,MA	+6.84,+5.4,+21.3,BB	+7.06,-6.1,+19.8,IB		+6.99,-1.2,+19.7,EB	
1701921196.7540329	+6.69,+7.6,+21.3,AB	+6.49,+24.0,+21.4,CA	+6.85,+5.3,+21.3,DB	+7.06,-6.0,+19.8,HB		+6.99,-1.3,+19.7,DB	
1701921258.761888	+6.69,+7.6,+21.3,AB	+6.49,+24.0,+21.3,DA	+6.84,+5.5,+21.3,CB	+7.06,-6.0,+19.8,HB		+6.99,-1.3,+19.7,DB	
1701921320.770386	+6.69,+7.6,+21.3,AB	+6.49,+24.0,+21.4,CA	+6.84,+5.4,+21.3,BB	+7.06,-6.0,+19.8,HB		+6.99,-1.2,+19.7,EB	
1701921382.7796059	+6.69,+7.6,+21.2,@B	+6.49,+23.9,+21.4,MA	+6.85,+5.4,+21.3,CB	+7.06,-5.9,+19.8,BB		+6.99,-1.2,+19.7,EB	
1701921444.7891018	+6.69,+7.6,+21.3,AB	+6.49,+23.9,+21.3,JA	+6.85,+5.3,+21.3,DB	+7.06,-6.1,+19.8,IB		+6.99,-1.3,+19.8,KB	
1701921506.7977645	+6.69,+7.6,+21.3,AB	+6.49,+23.9,+21.3,JA	+6.85,+5.3,+21.3,DB	+7.06,-6.1,+19.8,IB		+6.99,-1.3,+19.8,KB	
1701921568.8080087	+6.69,+7.6,+21.3,AB	+6.49,+24.0,+21.3,DA	+6.84,+5.4,+21.3,BB	+7.06,-6.1,+19.8,IB		+6.99,-1.2,+19.8,JB	
1701921630.8143895	+6.69,+7.6,+21.3,AB	+6.49,+23.9,+21.4,MA	+6.84,+5.4,+21.3,BB	+7.06,-6.1,+19.8,IB		+6.99,-1.2,+19.8,JB	
1701921692.823989	+6.69,+7.6,+21.3,AB	+6.49,+23.9,+21.3,JA	+6.85,+5.3,+21.3,DB	+7.06,-6.1,+19.8,IB		+6.99,-1.2,+19.8,JB	
1701921754.8340325	+6.69,+7.6,+21.3,AB	+6.49,+23.9,+21.4,MA	+6.85,+5.3,+21.3,DB	+7.06,-6.1,+19.8,IB		+6.99,-1.2,+19.8,JB	
1701921816.8443813	+6.69,+7.6,+21.3,AB	+6.49,+23.9,+21.4,MA	+6.84,+5.4,+21.3,BB	+7.06,-6.1,+19.8,IB		+6.99,-1.3,+19.8,KB	
1701921878.85386	+6.69,+7.6,+21.3,AB	+6.49,+24.0,+21.4,CA	+6.84,+5.5,+21.3,CB	+7.06,-6.1,+19.8,IB		+6.99,-1.3,+19.7,DB	
1701921940.8610532	+6.69,+7.6,+21.3,AB	+6.49,+24.0,+21.4,CA	+6.85,+5.2,+21.3,EB	+7.06,-6.0,+19.8,HB		+6.99,-1.2,+19.8,JB	
1701922002.8712745	+6.69,+7.5,+21.2,CB	+6.49,+24.1,+21.3,EA	+6.85,+5.3,+21.3,DB	+7.06,-6.0,+19.8,HB		+6.99,-1.3,+19.8,KB	
1701922064.880183	+6.69,+7.6,+21.3,AB	+6.49,+24.0,+21.4,CA	+6.85,+5.3,+21.3,DB	+7.06,-6.1,+19.8,IB		+6.99,-1.3,+19.8,KB	
1701922126.8906214	+6.69,+7.6,+21.3,AB	+6.49,+23.9,+21.3,JA	+6.84,+5.4,+21.3,BB	+7.06,-6.2,+19.8,JB		+6.99,-1.3,+19.7,DB	
1701922188.9013038	+6.69,+7.6,+21.3,AB	+6.49,+23.9,+21.4,MA	+6.85,+5.4,+21.3,CB	+7.06,-6.0,+19.8,HB		+6.99,-1.3,+19.7,DB	
1701922250.9102418	+6.69,+7.6,+21.3,AB	+6.49,+23.9,+21.4,MA	+6.84,+5.4,+21.3,BB	+7.06,-6.0,+19.8,HB		+6.99,-1.4,+19.7,CB	
1701922312.9198081	+6.69,+7.6,+21.3,AB	+6.49,+23.9,+21.4,MA	+6.84,+5.4,+21.3,BB	+7.06,-6.0,+19.8,HB		+6.99,-1.3,+19.7,DB	
1701922374.9268153	+6.69,+7.6,+21.2,@B	+6.49,+23.9,+21.4,MA	+6.85,+5.3,+21.3,DB	+7.06,-6.1,+19.8,IB		+6.99,-1.2,+19.7,EB	
1701922436.9367764	+6.69,+7.5,+21.3,BB	+6.49,+24.0,+21.3,DA	+6.85,+5.3,+21.3,DB	+7.06,-5.9,+19.8,BB		+6.99,-1.3,+19.7,DB	
1701922498.947067	+6.69,+7.6,+21.2,@B	+6.49,+24.0,+21.3,DA	+6.85,+5.2,+21.3,EB	+7.06,-6.0,+19.8,HB		+6.99,-1.3,+19.7,DB	
1701922560.9557736	+6.69,+7.6,+21.3,AB	+6.49,+24.0,+21.3,DA	+6.85,+5.3,+21.3,DB	+7.06,-6.0,+19.8,HB		+6.99,-1.3,+19.7,DB	
1701922622.9632738	+6.69,+7.6,+21.2,@B	+6.49,+24.0,+21.3,DA	+6.84,+5.4,+21.3,BB	+7.06,-5.9,+19.8,BB		+6.99,-1.2,+19.7,EB	
1701922684.9724023	+6.69,+7.6,+21.3,AB	+6.49,+23.9,+21.3,JA	+6.85,+5.2,+21.3,EB	+7.06,-6.1,+19.8,IB		+6.99,-1.4,+19.7,CB	
1701922746.9803183	+6.69,+7.6,+21.2,@B	+6.49,+24.1,+21.3,EA	+6.85,+5.3,+21.3,DB	+7.06,-6.0,+19.8,HB		+6.99,-1.3,+19.7,DB	
1701922808.9836724	+6.69,+7.6,+21.3,AB	+6.49,+24.1,+21.4,BA	+6.84,+5.4,+21.3,BB	+7.06,-6.0,+19.8,HB		+6.99,-1.3,+19.7,DB	
1701922870.9952364	+6.69,+7.6,+21.2,@B	+6.49,+23.9,+21.4,MA	+6.85,+5.2,+21.3,EB	+7.06,-6.2,+19.8,JB		+6.99,-1.3,+19.7,DB	
1701922933.004874	+6.69,+7.6,+21.3,AB	+6.49,+24.1,+21.3,EA	+6.85,+5.3,+21.3,DB	+7.06,-6.0,+19.8,HB		+6.99,-1.3,+19.7,DB	
1701922995.012884	+6.69,+7.6,+21.3,AB	+6.49,+24.0,+21.4,CA	+6.85,+5.2,+21.3,EB	+7.06,-6.0,+19.8,HB		+6.99,-1.3,+19.8,KB	
1701923057.0228791	+6.69,+7.6,+21.3,AB	+6.49,+23.9,+21.3,JA	+6.85,+5.3,+21.3,DB	+7.06,-6.1,+19.8,IB		+6.99,-1.2,+19.8,JB	
1701923119.0328133	+6.69,+7.6,+21.3,AB	+6.49,+24.0,+21.3,DA	+6.85,+5.2,+21.3,EB	+7.06,-6.0,+19.8,HB		+6.99,-1.3,+19.8,KB	
1701923181.0425937	+6.69,+7.6,+21.3,AB	+6.49,+23.9,+21.3,JA	+6.85,+5.2,+21.3,EB	+7.06,-6.0,+19.8,HB		+6.99,-1.3,+19.8,KB	
1701923243.0503232	+6.69,+7.6,+21.3,AB	+6.49,+23.9,+21.4,MA	+6.85,+5.2,+21.3,EB	+7.06,-6.0,+19.8,HB		+6.99,-1.3,+19.8,KB	
1701923305.0596974	+6.69,+7.6,+21.3,AB	+6.49,+24.0,+21.4,CA	+6.85,+5.2,+21.3,EB	+7.06,-6.0,+19.8,HB		+6.99,-1.2,+19.8,JB	
1701923367.069762	+6.69,+7.6,+21.3,AB	+6.49,+24.0,+21.4,CA	+6.85,+5.3,+21.3,DB	+7.06,-6.1,+19.8,IB		+6.99,-1.4,+19.8,LB	
1701923613.8521698	+6.69,+7.6,+21.3,AB	+6.49,+24.1,+21.4,BA	+6.85,+5.2,+21.3,EB	+7.06,-6.0,+19.8,HB		+6.99,-1.4,+19.8,LB	
1701923675.8600743	+6.69,+7.6,+21.3,AB	+6.49,+23.9,+21.4,MA	+6.85,+5.3,+21.3,DB	+7.06,-6.0,+19.8,HB		+6.99,-1.4,+19.8,LB	
1701923737.868183	+6.69,+7.6,+21.3,AB	+6.49,+24.1,+21.4,BA	+6.85,+5.2,+21.3,EB	+7.06,-6.0,+19.8,HB		+6.99,-1.3,+19.8,KB	
1701923799.8767273	+6.69,+7.6,+21.3,AB	+6.49,+24.0,+21.4,CA	+6.85,+5.3,+21.3,DB	+7.06,-6.0,+19.8,HB		+6.99,-1.3,+19.8,KB	
1701923861.8854494	+6.69,+7.6,+21.3,AB	+6.49,+24.1,+21.4,BA	+6.85,+5.2,+21.3,EB	+7.06,-6.0,+19.8,HB		+6.99,-1.3,+19.8,KB	
1701923923.8941658	+6.69,+7.6,+21.3,AB	+6.49,+23.9,+21.4,MA	+6.85,+5.1,+21.3,FB	+7.06,-6.1,+19.8,IB		+6.99,-1.3,+19.8,KB	
1701923985.9033139	+6.69,+7.6,+21.3,AB	+6.49,+23.9,+21.4,MA	+6.85,+5.2,+21.3,EB	+7.06,-6.0,+19.8,HB		+6.99,-1.2,+19.8,JB	
1701924047.9124064	+6.69,+7.6,+21.3,AB	+6.49,+23.9,+21.4,MA	+6.85,+5.3,+21.3,DB	+7.06,-6.1,+19.8,IB		+6.99,-1.3,+19.8,KB	
1701924109.9202347	+6.69,+7.6,+21.3,AB	+6.49,+23.9,+21.4,MA	+6.85,+5.2,+21.3,EB	+7.06,-6.1,+19.8,IB		+6.99,-1.4,+19.8,LB	
1701924171.929323	+6.69,+7.6,+21.3,AB	+6.49,+24.0,+21.4,CA	+6.85,+5.3,+21.3,DB	+7.06,-5.9,+19.8,BB		+6.99,-1.3,+19.8,KB	
1701924233.934956	+6.69,+7.6,+21.3,AB	+6.49,+24.1,+21.4,BA	+6.84,+5.4,+21.3,BB	+7.06,-6.0,+19.8,HB		+6.99,-1.2,+19.8,JB	
1701924295.9449604	+6.69,+7.6,+21.3,AB	+6.49,+23.9,+21.4,MA	+6.85,+5.3,+21.3,DB	+7.06,-6.0,+19.8,HB		+6.99,-1.4,+19.8,LB	
1701924357.951092	+6.69,+7.6,+21.3,AB	+6.49,+24.0,+21.4,CA	+6.84,+5.4,+21.3,BB	+7.06,-6.1,+19.8,IB		+6.99,-1.3,+19.8,KB	
1701924419.958461	+6.69,+7.6,+21.3,AB	+6.49,+24.1,+21.4,BA	+6.84,+5.4,+21.3,BB	+7.06,-6.0,+19.8,HB		+6.99,-1.3,+19.8,KB	
1701924481.965046	+6.69,+7.6,+21.3,AB	+6.49,+24.0,+21.4,CA	+6.85,+5.2,+21.3,EB	+7.06,-5.9,+19.8,BB		+6.99,-1.3,+19.8,KB	
1701924543.9710016	+6.69,+7.6,+21.3,AB	+6.49,+24.0,+21.4,CA	+6.84,+5.4,+21.3,BB	+7.06,-6.1,+19.9,HB		+6.99,-1.3,+19.8,KB	
1701924605.9825573	+6.69,+7.6,+21.3,AB	+6.49,+24.1,+21.4,BA	+6.85,+5.3,+21.3,DB	+7.06,-6.0,+19.8,HB		+7.00,-1.4,+19.8,MB	
1701924667.9899206	+6.69,+7.6,+21.3,AB	+6.49,+24.1,+21.4,BA	+6.85,+5.3,+21.4,CB	+7.06,-5.9,+19.8,BB		+6.99,-1.3,+19.8,KB	
1701924729.9977217	+6.69,+7.7,+21.3,@B	+6.49,+24.0,+21.4,CA	+6.85,+5.3,+21.3,DB	+7.06,-5.9,+19.8,BB		+6.99,-1.3,+19.8,KB	
1701924792.0085475	+6.69,+7.6,+21.3,AB	+6.49,+24.0,+21.4,CA	+6.85,+5.3,+21.3,DB	+7.06,-5.9,+19.9,CB		+6.99,-1.3,+19.8,KB	
1701924854.0159903	+6.69,+7.6,+21.3,AB	+6.49,+24.1,+21.4,BA	+6.85,+5.2,+21.4,BB	+7.06,-5.9,+19.9,CB		+6.99,-1.3,+19.8,KB	
1701924916.0254004	+6.69,+7.6,+21.3,AB	+6.49,+24.1,+21.4,BA	+6.84,+5.4,+21.4,EB	+7.06,-5.8,+19.9,BB		+6.99,-1.4,+19.8,LB	
1701924978.0338013	+6.69,+7.6,+21.3,AB	+6.49,+24.0,+21.4,CA	+6.84,+5.4,+21.4,EB	+7.06,-5.9,+19.9,CB		+6.99,-1.4,+19.8,LB	
1701925040.0430253	+6.69,+7.6,+21.3,AB	+6.49,+24.1,+21.4,BA	+6.85,+5.3,+21.3,DB	+7.06,-5.9,+19.8,BB		+6.99,-1.4,+19.8,LB	
1701925102.0538807	+6.69,+7.6,+21.3,AB	+6.49,+24.0,+21.4,CA	+6.85,+5.2,+21.4,BB	+7.06,-6.1,+19.9,HB		+6.99,-1.3,+19.8,KB	
1701925164.062743	+6.69,+7.6,+21.3,AB	+6.49,+24.1,+21.4,BA	+6.85,+5.4,+21.4,DB	+7.06,-5.9,+19.9,CB		+6.99,-1.4,+19.8,LB	
1701925226.0740814	+6.69,+7.6,+21.3,AB	+6.49,+24.0,+21.4,CA	+6.85,+5.2,+21.3,EB	+7.06,-6.0,+19.9,IB		+6.99,-1.3,+19.8,KB	
1701925288.0825992	+6.69,+7.6,+21.3,AB	+6.49,+24.1,+21.4,BA	+6.85,+5.2,+21.4,BB	+7.06,-5.9,+19.9,CB		+6.99,-1.3,+19.8,KB	
1701925350.089923	+6.69,+7.6,+21.3,AB	+6.49,+24.2,+21.4,AA	+6.85,+5.3,+21.4,CB	+7.06,-5.9,+19.9,CB		+6.99,-1.4,+19.8,LB	
1701925412.1003096	+6.69,+7.6,+21.3,AB	+6.49,+24.0,+21.4,CA	+6.85,+5.2,+21.4,BB	+7.06,-6.0,+19.9,IB		+6.99,-1.4,+19.8,LB	
1701925474.110326	+6.69,+7.7,+21.3,@B	+6.49,+24.1,+21.4,BA	+6.85,+5.3,+21.3,DB	+7.06,-5.9,+19.8,BB		+6.99,-1.3,+19.8,KB	
1701925536.120622	+6.69,+7.6,+21.3,AB	+6.49,+24.0,+21.4,CA	+6.85,+5.3,+21.3,DB	+7.06,-6.0,+19.9,IB		+6.99,-1.3,+19.8,KB	
1701925598.1312313	+6.69,+7.6,+21.3,AB	+6.49,+23.8,+21.4,LA	+6.85,+5.2,+21.3,EB	+7.06,-6.0,+19.9,IB		+6.99,-1.3,+19.8,KB	
1701925660.1387749	+6.69,+7.6,+21.3,AB	+6.49,+23.8,+21.4,LA	+6.85,+5.2,+21.3,EB	+7.06,-6.1,+19.9,HB		+6.99,-1.3,+19.8,KB	
1701925722.1454139	+6.69,+7.6,+21.3,AB	+6.49,+23.9,+21.4,MA	+6.85,+5.3,+21.4,CB	+7.06,-5.9,+19.8,BB		+6.99,-1.3,+19.8,KB	
1701925784.15513	+6.69,+7.6,+21.3,AB	+6.49,+24.0,+21.4,CA	+6.85,+5.2,+21.4,BB	+7.06,-5.9,+19.9,CB		+6.99,-1.4,+19.8,LB	
1701925846.1644714	+6.69,+7.7,+21.3,@B	+6.49,+24.0,+21.4,CA	+6.85,+5.2,+21.3,EB	+7.06,-5.9,+19.9,CB		+6.99,-1.4,+19.8,LB	
1701925908.1749349	+6.69,+7.5,+21.3,BB	+6.49,+24.0,+21.4,CA	+6.85,+5.1,+21.4,AB	+7.06,-5.9,+19.8,BB		+6.99,-1.4,+19.8,LB	
1701925970.1824636	+6.69,+7.5,+21.3,BB	+6.49,+24.0,+21.4,CA	+6.85,+5.2,+21.4,BB	+7.06,-6.0,+19.9,IB		+6.99,-1.4,+19.8,LB	
1701926032.1930048	+6.69,+7.5,+21.3,BB	+6.49,+24.1,+21.4,BA	+6.85,+5.1,+21.4,AB	+7.06,-5.9,+19.9,CB		+6.99,-1.4,+19.9,MB	
1701926094.203484	+6.69,+7.6,+21.3,AB	+6.49,+24.0,+21.4,CA	+6.85,+5.1,+21.4,AB	+7.06,-5.9,+19.9,CB		+6.99,-1.3,+19.8,KB	
1701926156.2111979	+6.69,+7.6,+21.3,AB	+6.49,+24.0,+21.4,CA	+6.85,+5.1,+21.4,AB	+7.06,-6.0,+19.9,IB		+6.99,-1.3,+19.9,JB	
1701926218.2214367	+6.69,+7.5,+21.3,BB	+6.49,+24.0,+21.5,BA	+6.85,+5.2,+21.4,BB	+7.06,-5.9,+19.9,CB		+6.99,-1.3,+19.8,KB	
1701926280.2335112	+6.69,+7.5,+21.3,BB	+6.49,+23.8,+21.4,LA	+6.85,+5.2,+21.4,BB	+7.06,-6.0,+19.9,IB		+7.00,-1.4,+19.9,LB	
1701926342.2450216	+6.69,+7.5,+21.3,BB	+6.49,+24.0,+21.4,CA	+6.85,+5.1,+21.4,AB	+7.06,-6.0,+19.9,IB		+6.99,-1.3,+19.8,KB	
1701926404.255925	+6.69,+7.5,+21.3,BB	+6.49,+23.9,+21.5,LA	+6.85,+5.2,+21.4,BB	+7.06,-6.0,+19.9,IB		+6.99,-1.4,+19.9,MB	
1701926466.2674162	+6.69,+7.5,+21.3,BB	+6.49,+24.0,+21.4,CA	+6.85,+5.2,+21.4,BB	+7.06,-5.9,+19.9,CB		+7.00,-1.4,+19.9,LB	
1701926528.2758038	+6.69,+7.5,+21.3,BB	+6.49,+24.2,+21.4,AA	+6.85,+5.2,+21.4,BB	+7.06,-5.9,+19.9,CB		+6.99,-1.4,+19.9,MB	
1701926590.2836087	+6.69,+7.5,+21.3,BB	+6.49,+24.2,+21.4,AA	+6.85,+5.1,+21.4,AB	+7.06,-5.9,+19.9,CB		+7.00,-1.5,+19.9,MB	
1701926652.2971945	+6.69,+7.5,+21.3,BB	+6.49,+24.1,+21.5,CA	+6.85,+5.1,+21.4,AB	+7.06,-6.0,+19.9,IB		+6.99,-1.4,+19.9,MB	
1701926714.307609	+6.69,+7.5,+21.4,EB	+6.49,+24.0,+21.5,BA	+6.85,+5.2,+21.4,BB	+7.06,-6.0,+19.9,IB		+6.99,-1.4,+19.8,LB	
1701926776.3185518	+6.69,+7.6,+21.4,FB	+6.49,+24.1,+21.5,CA	+6.85,+5.2,+21.4,BB	+7.06,-5.9,+19.9,CB		+6.99,-1.4,+19.9,MB	
1701926838.3288813	+6.69,+7.6,+21.3,AB	+6.49,+24.2,+21.4,AA	+6.85,+5.1,+21.4,AB	+7.06,-5.9,+19.9,CB		+6.99,-1.3,+19.9,JB	
1701926900.3384616	+6.69,+7.5,+21.3,BB	+6.49,+24.2,+21.5,@A	+6.85,+5.1,+21.4,AB	+7.06,-5.9,+19.9,CB		+6.99,-1.4,+19.9,MB	
1701926962.347816	+6.69,+7.6,+21.3,AB	+6.49,+24.2,+21.4,AA	+6.85,+5.1,+21.4,AB	+7.06,-5.9,+19.9,CB		+6.99,-1.4,+19.9,MB	
1701927024.3557158	+6.69,+7.6,+21.3,AB	+6.49,+24.2,+21.4,AA	+6.84,+5.4,+21.4,EB	+7.06,-5.9,+19.9,CB		+6.99,-1.4,+19.8,LB	
1701927086.3665695	+6.69,+7.6,+21.3,AB	+6.49,+24.1,+21.5,CA	+6.84,+5.7,+21.4,FB	+7.06,-6.1,+19.9,HB		+6.99,-1.2,+19.9,KB	
1701927148.3767793	+6.69,+7.5,+21.3,BB	+6.49,+24.1,+21.5,CA	+6.84,+5.7,+21.4,FB	+7.06,-6.0,+19.9,IB		+6.99,-1.3,+19.9,JB	
1701927210.3856223	+6.69,+7.6,+21.3,AB	+6.49,+24.1,+21.4,BA	+6.84,+5.7,+21.4,FB	+7.06,-5.9,+19.9,CB		+7.00,-1.4,+19.9,LB	
1701927457.1098742	+6.69,+7.5,+21.4,EB	+6.49,+24.2,+21.5,@A	+6.84,+5.7,+21.4,FB	+7.06,-5.9,+19.9,CB		+6.99,-1.3,+19.9,JB	
