62309060476	62309060477	62309060478	62309060479	62309060481	62309060482	
1701192616.8549027	+6.59,+13.6,+21.7,CA	+6.24,+38.6,+21.7,@A	+6.58,+20.6,+21.6,CA	+6.91,+2.6,+20.2,CB	+2.27,+268.6,+20.9,OB	+6.89,+4.3,+20.2,IB	
1701192678.864037	+6.59,+13.6,+21.7,CA	+6.24,+38.6,+21.7,@A	+6.58,+20.6,+21.7,BA	+6.91,+2.7,+20.2,BB	+2.28,+268.1,+21.0,OB	+6.90,+4.3,+20.1,BB	
1701192740.8721836	+6.59,+13.6,+21.7,CA	+6.24,+38.6,+21.7,@A	+6.58,+20.5,+21.6,@A	+6.91,+2.6,+20.2,CB	+2.27,+268.6,+20.9,OB	+6.89,+4.4,+20.2,NB	
1701192802.8752625	+6.59,+13.6,+21.7,CA	+6.24,+38.6,+21.7,@A	+6.58,+20.6,+21.7,BA	+6.91,+2.6,+20.2,CB	+2.28,+268.5,+21.0,KB	+6.89,+4.3,+20.2,IB	
1701192864.884916	+6.59,+13.7,+21.7,BA	+6.24,+38.6,+21.7,@A	+6.58,+20.6,+21.6,CA	+6.91,+2.7,+20.2,BB	+2.28,+268.6,+20.9,@B	+6.89,+4.4,+20.2,NB	
1701192926.8915668	+6.59,+13.6,+21.7,CA	+6.24,+38.6,+21.7,@A	+6.58,+20.5,+21.7,AA	+6.91,+2.7,+20.2,BB	+2.27,+268.6,+20.9,OB	+6.89,+4.3,+20.2,IB	
1701192988.9010692	+6.59,+13.6,+21.7,CA	+6.24,+38.6,+21.7,@A	+6.58,+20.6,+21.7,BA	+6.91,+2.6,+20.2,CB	+2.27,+268.7,+20.9,NB	+6.90,+4.3,+20.2,AB	
1701193050.9083402	+6.59,+13.6,+21.7,CA	+6.24,+38.6,+21.7,@A	+6.58,+20.6,+21.6,CA	+6.91,+2.7,+20.2,BB	+2.27,+268.7,+20.9,NB	+6.90,+4.3,+20.2,AB	
1701193112.9170468	+6.59,+13.7,+21.7,BA	+6.24,+38.6,+21.7,@A	+6.58,+20.6,+21.7,BA	+6.91,+2.6,+20.1,@B	+2.27,+268.9,+20.9,@B	+6.89,+4.3,+20.2,IB	
1701193174.9255698	+6.59,+13.7,+21.7,BA	+6.24,+38.6,+21.7,@A	+6.58,+20.6,+21.7,BA	+6.91,+2.6,+20.2,CB	+2.27,+268.7,+20.9,NB	+6.89,+4.3,+20.1,JB	
1701193236.9327533	+6.59,+13.6,+21.7,CA	+6.24,+38.6,+21.7,@A	+6.58,+20.6,+21.7,BA	+6.91,+2.7,+20.2,BB	+2.27,+268.7,+20.9,NB	+6.90,+4.2,+20.1,CB	
1701193298.9414942	+6.59,+13.6,+21.7,CA	+6.24,+38.6,+21.7,@A	+6.58,+20.6,+21.7,BA	+6.91,+2.6,+20.2,CB	+2.27,+268.8,+21.0,IB	+6.89,+4.3,+20.2,IB	
1701193360.9462824	+6.59,+13.6,+21.7,CA	+6.24,+38.6,+21.7,@A	+6.58,+20.6,+21.7,BA	+6.91,+2.6,+20.2,CB	+2.27,+268.8,+20.9,AB	+6.89,+4.3,+20.1,JB	
1701193606.5040116	+6.59,+13.7,+21.7,BA	+6.24,+38.6,+21.7,@A	+6.58,+20.6,+21.6,CA	+6.91,+2.6,+20.2,CB	+2.29,+267.9,+20.9,AB	+6.89,+4.3,+20.1,JB	
1701193668.512532	+6.59,+13.6,+21.7,CA	+6.24,+38.5,+21.7,CA	+6.58,+20.5,+21.6,@A	+6.91,+2.6,+20.2,CB	+2.29,+267.9,+20.9,AB	+6.90,+4.2,+20.2,@B	
1701193730.5208344	+6.59,+13.6,+21.7,CA	+6.24,+38.5,+21.7,CA	+6.58,+20.6,+21.7,BA	+6.91,+2.6,+20.2,CB	+2.29,+267.9,+20.9,AB	+6.89,+4.3,+20.2,IB	
1701193792.5303912	+6.59,+13.6,+21.7,CA	+6.24,+38.5,+21.7,CA	+6.58,+20.5,+21.6,@A	+6.91,+2.6,+20.2,CB	+2.29,+267.9,+20.9,AB	+6.89,+4.3,+20.1,JB	
1701193854.539573	+6.59,+13.6,+21.7,CA	+6.24,+38.5,+21.7,CA	+6.58,+20.6,+21.6,CA	+6.91,+2.6,+20.2,CB	+2.29,+267.9,+20.9,AB	+6.90,+4.3,+20.1,BB	
1701193916.5500433	+6.59,+13.6,+21.7,CA	+6.24,+38.5,+21.7,CA	+6.58,+20.5,+21.7,AA	+6.91,+2.6,+20.2,CB	+2.29,+267.8,+20.9,@B	+6.90,+4.2,+20.2,@B	
1701193978.557894	+6.59,+13.6,+21.7,CA	+6.24,+38.5,+21.7,CA	+6.58,+20.7,+21.7,CA	+6.91,+2.7,+20.2,BB	+2.28,+268.0,+20.9,FB	+6.89,+4.3,+20.2,IB	
1701194040.5631647	+6.59,+13.6,+21.7,CA	+6.24,+38.5,+21.7,CA	+6.58,+20.6,+21.7,BA	+6.91,+2.6,+20.2,CB	+2.29,+267.8,+20.9,@B	+6.89,+4.3,+20.2,IB	
1701194102.5732124	+6.59,+13.6,+21.7,CA	+6.24,+38.4,+21.7,BA	+6.58,+20.6,+21.6,CA	+6.91,+2.6,+20.2,CB	+2.29,+267.8,+20.9,@B	+6.90,+4.2,+20.2,@B	
1701194164.5807588	+6.59,+13.7,+21.7,BA	+6.24,+38.4,+21.7,BA	+6.58,+20.6,+21.7,BA	+6.91,+2.6,+20.2,CB	+2.29,+267.8,+20.9,@B	+6.90,+4.3,+20.2,AB	
1701194226.586773	+6.59,+13.6,+21.7,CA	+6.24,+38.4,+21.7,BA	+6.58,+20.6,+21.6,CA	+6.91,+2.6,+20.2,CB	+2.28,+268.0,+20.9,FB	+6.89,+4.3,+20.2,IB	
1701194288.5964355	+6.59,+13.7,+21.7,BA	+6.24,+38.4,+21.7,BA	+6.58,+20.6,+21.7,BA	+6.91,+2.6,+20.2,CB	+2.29,+267.9,+20.9,AB	+6.90,+4.2,+20.1,CB	
1701194350.6041088	+6.59,+13.6,+21.7,CA	+6.24,+38.4,+21.7,BA	+6.58,+20.5,+21.7,AA	+6.91,+2.6,+20.2,CB	+2.28,+268.1,+20.9,GB	+6.90,+4.2,+20.2,@B	
1701194412.614364	+6.59,+13.6,+21.7,CA	+6.24,+38.4,+21.7,BA	+6.58,+20.5,+21.7,AA	+6.91,+2.6,+20.2,CB	+2.28,+268.0,+20.9,FB	+6.90,+4.2,+20.1,CB	
1701194474.6206257	+6.59,+13.6,+21.7,CA	+6.24,+38.4,+21.7,BA	+6.58,+20.6,+21.7,BA	+6.91,+2.6,+20.2,CB	+2.28,+268.1,+20.9,GB	+6.90,+4.3,+20.1,BB	
1701194536.6292024	+6.59,+13.6,+21.7,CA	+6.24,+38.5,+21.7,CA	+6.58,+20.5,+21.7,AA	+6.91,+2.7,+20.2,BB	+2.28,+268.0,+20.9,FB	+6.90,+4.1,+20.2,CB	
1701194598.637329	+6.59,+13.6,+21.7,CA	+6.24,+38.4,+21.7,BA	+6.58,+20.6,+21.6,CA	+6.91,+2.6,+20.1,@B	+2.28,+268.5,+20.9,CB	+6.90,+4.2,+20.1,CB	
1701194660.6458454	+6.59,+13.6,+21.7,CA	+6.24,+38.4,+21.7,BA	+6.58,+20.6,+21.7,BA	+6.91,+2.6,+20.1,@B	+2.27,+268.7,+20.9,NB	+6.90,+4.2,+20.2,@B	
1701194722.6547694	+6.59,+13.6,+21.7,CA	+6.24,+38.4,+21.7,BA	+6.58,+20.5,+21.6,@A	+6.91,+2.6,+20.2,CB	+2.28,+268.3,+20.9,EB	+6.90,+4.2,+20.1,CB	
1701194784.6634839	+6.59,+13.6,+21.7,CA	+6.24,+38.3,+21.7,EA	+6.58,+20.6,+21.7,BA	+6.91,+2.6,+20.2,CB	+2.28,+268.1,+20.9,GB	+6.90,+4.2,+20.1,CB	
1701194846.67311	+6.59,+13.6,+21.7,CA	+6.24,+38.4,+21.7,BA	+6.58,+20.5,+21.6,@A	+6.91,+2.7,+20.2,BB	+2.28,+268.3,+21.0,MB	+6.90,+4.3,+20.2,AB	
1701194908.6804879	+6.59,+13.6,+21.7,CA	+6.24,+38.4,+21.7,BA	+6.58,+20.5,+21.6,@A	+6.91,+2.6,+20.2,CB	+2.29,+267.9,+21.0,IB	+6.90,+4.2,+20.2,@B	
1701194970.6879687	+6.59,+13.6,+21.7,CA	+6.24,+38.3,+21.7,EA	+6.58,+20.6,+21.7,BA	+6.91,+2.7,+20.2,BB	+2.28,+268.3,+21.0,MB	+6.90,+4.2,+20.2,@B	
1701195032.6954117	+6.59,+13.6,+21.7,CA	+6.24,+38.4,+21.7,BA	+6.58,+20.6,+21.7,BA	+6.91,+2.6,+20.2,CB	+2.28,+268.2,+20.9,DB	+6.90,+4.2,+20.1,CB	
1701195094.705757	+6.59,+13.6,+21.7,CA	+6.24,+38.4,+21.7,BA	+6.58,+20.6,+21.7,BA	+6.91,+2.6,+20.2,CB	+2.28,+268.5,+20.9,CB	+6.90,+4.2,+20.2,@B	
1701195156.7120771	+6.59,+13.6,+21.7,CA	+6.24,+38.3,+21.7,EA	+6.58,+20.6,+21.7,BA	+6.91,+2.6,+20.2,CB	+2.28,+268.4,+20.9,BB	+6.90,+4.2,+20.2,@B	
1701195218.7221313	+6.59,+13.6,+21.7,CA	+6.24,+38.3,+21.7,EA	+6.58,+20.6,+21.6,CA	+6.91,+2.6,+20.2,CB	+2.28,+268.4,+20.9,BB	+6.90,+4.2,+20.2,@B	
1701195280.7309783	+6.59,+13.6,+21.7,CA	+6.24,+38.3,+21.7,EA	+6.58,+20.6,+21.7,BA	+6.91,+2.6,+20.2,CB	+2.28,+268.3,+21.0,MB	+6.89,+4.3,+20.2,IB	
1701195342.7402644	+6.59,+13.7,+21.7,BA	+6.24,+38.3,+21.7,EA	+6.58,+20.6,+21.7,BA	+6.91,+2.6,+20.2,CB	+2.28,+268.5,+20.9,CB	+6.90,+4.2,+20.2,@B	
1701195404.749676	+6.59,+13.6,+21.7,CA	+6.25,+38.3,+21.7,DA	+6.58,+20.6,+21.7,BA	+6.91,+2.6,+20.2,CB	+2.28,+268.4,+20.9,BB	+6.90,+4.2,+20.2,@B	
1701195466.7586248	+6.59,+13.6,+21.7,CA	+6.24,+38.3,+21.7,EA	+6.58,+20.6,+21.7,BA	+6.91,+2.6,+20.2,CB	+2.28,+268.5,+21.0,KB	+6.90,+4.2,+20.2,@B	
1701195528.766654	+6.59,+13.6,+21.7,CA	+6.25,+38.2,+21.7,EA	+6.58,+20.6,+21.7,BA	+6.91,+2.6,+20.2,CB	+2.28,+268.4,+20.9,BB	+6.90,+4.3,+20.2,AB	
1701195590.7760217	+6.59,+13.6,+21.7,CA	+6.24,+38.4,+21.7,BA	+6.58,+20.6,+21.7,BA	+6.91,+2.6,+20.2,CB	+2.28,+268.5,+20.9,CB	+6.90,+4.3,+20.2,AB	
1701195652.786388	+6.59,+13.6,+21.7,CA	+6.24,+38.3,+21.7,EA	+6.58,+20.6,+21.7,BA	+6.91,+2.6,+20.2,CB	+2.28,+268.5,+21.0,KB	+6.90,+4.2,+20.2,@B	
1701195714.7970254	+6.59,+13.6,+21.7,CA	+6.25,+38.2,+21.7,EA	+6.58,+20.5,+21.7,AA	+6.91,+2.6,+20.2,CB	+2.28,+268.4,+21.0,JB	+6.90,+4.2,+20.2,@B	
1701195776.8055768	+6.59,+13.6,+21.7,CA	+6.24,+38.3,+21.8,JA	+6.58,+20.5,+21.7,AA	+6.91,+2.6,+20.2,CB	+2.28,+268.5,+20.9,CB	+6.90,+4.2,+20.2,@B	
1701195838.8133302	+6.59,+13.7,+21.7,BA	+6.25,+38.2,+21.8,JA	+6.58,+20.5,+21.7,AA	+6.91,+2.6,+20.2,CB	+2.28,+268.5,+20.9,CB	+6.90,+4.2,+20.2,@B	
1701195900.8196683	+6.59,+13.6,+21.7,CA	+6.25,+38.1,+21.7,FA	+6.58,+20.6,+21.7,BA	+6.91,+2.6,+20.2,CB	+2.28,+268.5,+20.9,CB	+6.90,+4.2,+20.2,@B	
1701195962.829401	+6.59,+13.6,+21.7,CA	+6.24,+38.3,+21.8,JA	+6.58,+20.6,+21.7,BA	+6.91,+2.6,+20.2,CB	+2.27,+268.6,+20.9,OB	+6.90,+4.1,+20.2,CB	
1701196024.8389032	+6.59,+13.6,+21.7,CA	+6.25,+38.2,+21.8,JA	+6.58,+20.6,+21.7,BA	+6.91,+2.6,+20.2,CB	+2.28,+268.5,+20.9,CB	+6.90,+4.2,+20.2,@B	
1701196086.8473349	+6.59,+13.7,+21.7,BA	+6.25,+38.2,+21.8,JA	+6.58,+20.6,+21.7,BA	+6.91,+2.6,+20.2,CB	+2.27,+268.7,+20.9,NB	+6.90,+4.1,+20.2,CB	
1701196148.857943	+6.59,+13.7,+21.7,BA	+6.25,+38.2,+21.8,JA	+6.58,+20.5,+21.7,AA	+6.91,+2.6,+20.2,CB	+2.28,+268.5,+20.9,CB	+6.90,+4.2,+20.2,@B	
1701196210.8655388	+6.59,+13.6,+21.7,CA	+6.25,+38.3,+21.8,KA	+6.58,+20.6,+21.7,BA	+6.91,+2.6,+20.2,CB	+2.28,+268.3,+21.0,MB	+6.90,+4.2,+20.2,@B	
1701196272.873141	+6.59,+13.7,+21.7,BA	+6.25,+38.1,+21.8,IA	+6.58,+20.6,+21.7,BA	+6.91,+2.6,+20.2,CB	+2.28,+268.5,+21.0,KB	+6.90,+4.1,+20.2,CB	
1701196334.885005	+6.59,+13.6,+21.7,CA	+6.25,+38.2,+21.8,JA	+6.58,+20.5,+21.7,AA	+6.91,+2.6,+20.2,CB	+2.27,+268.6,+21.0,GB	+6.90,+4.2,+20.2,@B	
1701196396.8898165	+6.59,+13.6,+21.7,CA	+6.25,+38.2,+21.8,JA	+6.58,+20.6,+21.7,BA	+6.91,+2.6,+20.2,CB	+2.28,+268.6,+21.0,HB	+6.90,+4.2,+20.2,@B	
1701196458.8987005	+6.59,+13.6,+21.7,CA	+6.25,+38.2,+21.8,JA	+6.58,+20.6,+21.7,BA	+6.91,+2.6,+20.2,CB	+2.27,+268.8,+20.9,AB	+6.90,+4.1,+20.2,CB	
1701196520.90574	+6.59,+13.6,+21.7,CA	+6.25,+38.1,+21.8,IA	+6.58,+20.5,+21.7,AA	+6.91,+2.5,+20.2,@B	+2.27,+268.8,+21.0,IB	+6.90,+4.2,+20.2,@B	
1701196582.9143069	+6.59,+13.6,+21.7,CA	+6.25,+38.1,+21.8,IA	+6.58,+20.6,+21.7,BA	+6.91,+2.6,+20.2,CB	+2.27,+268.7,+21.0,FB	+6.90,+4.3,+20.2,AB	
1701196644.9237711	+6.59,+13.6,+21.7,CA	+6.25,+38.2,+21.8,JA	+6.58,+20.6,+21.7,BA	+6.91,+2.6,+20.2,CB	+2.27,+268.8,+20.9,AB	+6.90,+4.1,+20.2,CB	
1701196706.9317188	+6.59,+13.6,+21.7,CA	+6.25,+38.1,+21.8,IA	+6.58,+20.5,+21.7,AA	+6.91,+2.5,+20.2,@B	+2.27,+268.6,+20.9,OB	+6.90,+4.1,+20.2,CB	
1701196768.9412344	+6.59,+13.6,+21.7,CA	+6.25,+38.1,+21.8,IA	+6.58,+20.6,+21.7,BA	+6.91,+2.6,+20.2,CB	+2.27,+268.7,+20.9,NB	+6.90,+4.2,+20.2,@B	
1701196830.9505577	+6.59,+13.6,+21.7,CA	+6.25,+38.1,+21.8,IA	+6.58,+20.6,+21.7,BA	+6.91,+2.6,+20.2,CB	+2.27,+268.8,+21.0,IB	+6.90,+4.2,+20.2,@B	
1701196892.96008	+6.59,+13.6,+21.7,CA	+6.25,+38.1,+21.8,IA	+6.58,+20.5,+21.7,AA	+6.91,+2.6,+20.2,CB	+2.27,+268.8,+21.0,IB	+6.90,+4.1,+20.2,CB	
1701196954.966875	+6.59,+13.6,+21.7,CA	+6.25,+38.1,+21.8,IA	+6.58,+20.5,+21.7,AA	+6.91,+2.6,+20.2,CB	+2.27,+268.9,+21.0,HB	+6.90,+4.1,+20.3,BB	
1701197016.9742348	+6.59,+13.6,+21.7,CA	+6.25,+38.1,+21.8,IA	+6.58,+20.6,+21.7,BA	+6.91,+2.6,+20.2,CB	+2.27,+268.8,+21.0,IB	+6.90,+4.2,+20.3,AB	
1701197078.981436	+6.59,+13.6,+21.7,CA	+6.25,+38.1,+21.8,IA	+6.58,+20.5,+21.7,AA	+6.91,+2.6,+20.2,CB	+2.27,+268.8,+21.0,IB	+6.90,+4.1,+20.3,BB	
1701197140.987657	+6.59,+13.7,+21.7,BA	+6.25,+38.1,+21.8,IA	+6.58,+20.6,+21.8,MA	+6.91,+2.6,+20.2,CB	+2.27,+268.8,+20.9,AB	+6.90,+4.1,+20.3,BB	
1701197202.997409	+6.59,+13.7,+21.7,BA	+6.25,+38.2,+21.8,JA	+6.58,+20.6,+21.7,BA	+6.91,+2.6,+20.2,CB	+2.27,+268.8,+21.0,IB	+6.90,+4.2,+20.3,AB	
1701197448.5735028	+6.59,+13.6,+21.7,CA	+6.25,+38.1,+21.8,IA	+6.58,+20.6,+21.8,MA	+6.91,+2.6,+20.2,CB	+2.28,+268.6,+21.0,HB	+6.90,+4.2,+20.3,AB	
1701197510.5832925	+6.59,+13.6,+21.7,CA	+6.25,+38.1,+21.8,IA	+6.58,+20.6,+21.8,MA	+6.91,+2.5,+20.2,@B	+2.27,+268.8,+21.0,IB	+6.90,+4.1,+20.2,CB	
1701197572.592907	+6.59,+13.7,+21.7,BA	+6.25,+38.0,+21.8,HA	+6.58,+20.5,+21.8,NA	+6.91,+2.6,+20.2,CB	+2.27,+268.9,+21.0,HB	+6.90,+4.2,+20.3,AB	
1701197634.600982	+6.59,+13.6,+21.7,CA	+6.25,+38.0,+21.8,HA	+6.58,+20.5,+21.7,AA	+6.91,+2.6,+20.3,BB	+2.27,+269.0,+21.0,@B	+6.90,+4.2,+20.3,AB	
1701197696.6097775	+6.59,+13.7,+21.7,BA	+6.25,+38.0,+21.8,HA	+6.58,+20.6,+21.7,BA	+6.91,+2.6,+20.2,CB	+2.27,+268.9,+21.0,HB	+6.90,+4.2,+20.3,AB	
1701197758.6178572	+6.59,+13.6,+21.7,CA	+6.25,+38.1,+21.8,IA	+6.58,+20.6,+21.7,BA	+6.91,+2.5,+20.3,AB	+2.27,+269.1,+21.0,AB	+6.90,+4.1,+20.3,BB	
1701197820.6245577	+6.59,+13.6,+21.7,CA	+6.25,+38.1,+21.8,IA	+6.58,+20.6,+21.8,MA	+6.91,+2.6,+20.2,CB	+2.27,+269.1,+21.0,AB	+6.90,+4.1,+20.3,BB	
1701197882.633831	+6.59,+13.6,+21.7,CA	+6.25,+38.1,+21.8,IA	+6.58,+20.5,+21.8,NA	+6.91,+2.6,+20.3,BB	+2.27,+269.0,+21.0,@B	+6.90,+4.2,+20.3,AB	
1701197944.6432428	+6.59,+13.6,+21.8,LA	+6.25,+38.1,+21.8,IA	+6.58,+20.6,+21.7,BA	+6.91,+2.6,+20.3,BB	+2.27,+269.0,+21.0,@B	+6.90,+4.1,+20.3,BB	
1701198006.6529708	+6.59,+13.7,+21.7,BA	+6.25,+38.0,+21.8,HA	+6.58,+20.6,+21.8,MA	+6.91,+2.5,+20.3,AB	+2.27,+269.1,+21.0,AB	+6.90,+4.1,+20.3,BB	
1701198068.6624134	+6.59,+13.7,+21.7,BA	+6.25,+38.0,+21.8,HA	+6.58,+20.5,+21.8,NA	+6.91,+2.6,+20.3,BB	+2.27,+269.1,+21.0,AB	+6.90,+4.1,+20.3,BB	
1701198130.6717725	+6.59,+13.7,+21.7,BA	+6.25,+38.0,+21.8,HA	+6.58,+20.7,+21.7,CA	+6.91,+2.5,+20.3,AB	+2.27,+268.8,+21.0,IB	+6.90,+4.2,+20.2,@B	
1701198192.6803854	+6.59,+13.7,+21.7,BA	+6.25,+38.1,+21.8,IA	+6.58,+20.6,+21.8,MA	+6.91,+2.5,+20.2,@B	+2.27,+268.7,+21.0,FB	+6.90,+4.2,+20.3,AB	
1701198254.688542	+6.59,+13.7,+21.7,BA	+6.25,+38.0,+21.8,HA	+6.58,+20.5,+21.8,NA	+6.91,+2.6,+20.2,CB	+2.27,+268.9,+21.0,HB	+6.90,+4.1,+20.3,BB	
1701198316.6950018	+6.59,+13.7,+21.7,BA	+6.25,+38.0,+21.8,HA	+6.58,+20.5,+21.8,NA	+6.91,+2.6,+20.3,BB	+2.27,+268.9,+21.0,HB	+6.90,+4.1,+20.3,BB	
1701198378.7038825	+6.59,+13.7,+21.7,BA	+6.25,+38.0,+21.8,HA	+6.58,+20.6,+21.8,MA	+6.91,+2.6,+20.3,BB	+2.27,+268.9,+21.0,HB	+6.90,+4.2,+20.3,AB	
1701198440.7086914	+6.59,+13.7,+21.7,BA	+6.25,+38.0,+21.8,HA	+6.58,+20.6,+21.8,MA	+6.91,+2.6,+20.3,BB	+2.27,+268.9,+21.0,HB	+6.90,+4.2,+20.3,AB	
1701198502.7178545	+6.59,+13.7,+21.7,BA	+6.25,+38.0,+21.8,HA	+6.58,+20.6,+21.8,MA	+6.91,+2.5,+20.3,AB	+2.27,+269.0,+21.0,@B	+6.90,+4.2,+20.3,AB	
1701198564.7273123	+6.59,+13.7,+21.7,BA	+6.25,+38.0,+21.8,HA	+6.58,+20.5,+21.7,AA	+6.91,+2.5,+20.3,AB	+2.27,+268.8,+21.0,IB	+6.90,+4.1,+20.3,BB	
1701198626.7372031	+6.59,+13.6,+21.8,LA	+6.25,+38.0,+21.8,HA	+6.58,+20.6,+21.8,MA	+6.91,+2.5,+20.3,AB	+2.27,+268.9,+21.0,HB	+6.90,+4.1,+20.3,BB	
1701198688.7457075	+6.59,+13.7,+21.8,MA	+6.25,+38.0,+21.8,HA	+6.58,+20.6,+21.8,MA	+6.91,+2.6,+20.3,BB	+2.27,+269.0,+21.0,@B	+6.90,+4.2,+20.3,AB	
1701198750.7521813	+6.59,+13.7,+21.7,BA	+6.25,+38.0,+21.8,HA	+6.58,+20.5,+21.8,NA	+6.91,+2.5,+20.3,AB	+2.27,+268.9,+21.0,HB	+6.90,+4.1,+20.3,BB	
1701198812.7618816	+6.59,+13.7,+21.8,MA	+6.25,+37.9,+21.8,NA	+6.58,+20.6,+21.8,MA	+6.91,+2.5,+20.3,AB	+2.27,+268.7,+21.0,FB	+6.90,+4.1,+20.3,BB	
1701198874.7712872	+6.59,+13.6,+21.8,LA	+6.25,+37.9,+21.8,NA	+6.58,+20.6,+21.7,BA	+6.91,+2.5,+20.3,AB	+2.27,+268.7,+21.0,FB	+6.90,+4.1,+20.3,BB	
1701198936.7787027	+6.59,+13.6,+21.8,LA	+6.25,+37.9,+21.8,NA	+6.58,+20.6,+21.8,MA	+6.91,+2.6,+20.3,BB	+2.27,+268.9,+21.0,HB	+6.90,+4.1,+20.3,BB	
1701198998.7876742	+6.59,+13.7,+21.7,BA	+6.25,+37.9,+21.8,NA	+6.58,+20.6,+21.8,MA	+6.91,+2.5,+20.3,AB	+2.27,+269.0,+21.0,@B	+6.90,+4.1,+20.3,BB	
1701199060.7967885	+6.59,+13.6,+21.8,LA	+6.25,+38.0,+21.8,HA	+6.58,+20.5,+21.8,NA	+6.91,+2.6,+20.3,BB	+2.27,+268.9,+21.0,HB	+6.90,+4.2,+20.3,AB	
1701199122.8055508	+6.59,+13.7,+21.8,MA	+6.25,+37.9,+21.8,NA	+6.58,+20.5,+21.8,NA	+6.91,+2.5,+20.3,AB	+2.27,+269.1,+21.0,AB	+6.90,+4.1,+20.3,BB	
1701199184.8130927	+6.59,+13.7,+21.8,MA	+6.25,+37.9,+21.8,NA	+6.58,+20.6,+21.8,MA	+6.91,+2.5,+20.3,AB	+2.27,+269.1,+21.0,AB	+6.90,+4.2,+20.3,AB	
1701199246.8226132	+6.59,+13.6,+21.8,LA	+6.25,+37.9,+21.8,NA	+6.58,+20.5,+21.8,NA	+6.91,+2.5,+20.3,AB	+2.27,+269.1,+21.0,AB	+6.90,+4.1,+20.3,BB	
1701199308.8327332	+6.59,+13.7,+21.8,MA	+6.25,+38.0,+21.8,HA	+6.58,+20.5,+21.8,NA	+6.91,+2.6,+20.3,BB	+2.26,+269.3,+21.0,BB	+6.90,+4.1,+20.3,BB	
1701199370.8417227	+6.59,+13.7,+21.8,MA	+6.25,+38.0,+21.8,HA	+6.58,+20.6,+21.8,MA	+6.91,+2.5,+20.3,AB	+2.26,+269.4,+21.0,EB	+6.90,+4.0,+20.3,CB	
1701199432.8504224	+6.59,+13.7,+21.8,MA	+6.25,+37.9,+21.8,NA	+6.58,+20.6,+21.8,MA	+6.91,+2.6,+20.3,BB	+2.26,+269.4,+21.0,EB	+6.90,+4.2,+20.3,AB	
1701199494.859232	+6.59,+13.7,+21.8,MA	+6.25,+38.0,+21.8,HA	+6.58,+20.6,+21.8,MA	+6.91,+2.6,+20.3,BB	+2.26,+269.3,+21.0,BB	+6.90,+4.1,+20.3,BB	
1701199556.8673825	+6.59,+13.7,+21.7,BA	+6.25,+38.0,+21.8,HA	+6.58,+20.6,+21.8,MA	+6.91,+2.6,+20.3,BB	+2.26,+269.3,+21.0,BB	+6.90,+4.1,+20.3,BB	
1701199618.8745937	+6.59,+13.7,+21.8,MA	+6.25,+37.9,+21.8,NA	+6.58,+20.6,+21.8,MA	+6.91,+2.5,+20.3,AB	+2.26,+269.3,+21.0,BB	+6.90,+4.1,+20.3,BB	
1701199680.8833394	+6.59,+13.7,+21.8,MA	+6.25,+37.9,+21.8,NA	+6.58,+20.5,+21.8,NA	+6.91,+2.5,+20.3,AB	+2.26,+269.4,+21.0,EB	+6.90,+4.1,+20.3,BB	
1701199742.8943698	+6.59,+13.7,+21.8,MA	+6.25,+38.0,+21.9,IA	+6.58,+20.6,+21.8,MA	+6.91,+2.5,+20.3,AB	+2.26,+269.4,+21.0,EB	+6.90,+4.1,+20.3,BB	
1701199804.902347	+6.59,+13.7,+21.8,MA	+6.25,+37.9,+21.8,NA	+6.58,+20.7,+21.8,LA	+6.91,+2.5,+20.3,AB	+2.26,+269.4,+21.0,EB	+6.90,+4.1,+20.3,BB	
1701199866.9121134	+6.59,+13.6,+21.8,LA	+6.25,+37.9,+21.9,OA	+6.58,+20.6,+21.8,MA	+6.91,+2.5,+20.3,AB	+2.26,+269.4,+21.0,EB	+6.90,+4.1,+20.3,BB	
1701199928.9193323	+6.59,+13.7,+21.8,MA	+6.25,+37.9,+21.8,NA	+6.58,+20.6,+21.8,MA	+6.91,+2.5,+20.3,AB	+2.26,+269.5,+21.0,DB	+6.90,+4.2,+20.3,AB	
1701199990.9284158	+6.59,+13.7,+21.8,MA	+6.25,+37.9,+21.9,OA	+6.58,+20.6,+21.8,MA	+6.91,+2.5,+20.3,AB	+2.26,+269.4,+21.0,EB	+6.90,+4.1,+20.3,BB	
1701200052.9403486	+6.59,+13.7,+21.8,MA	+6.25,+37.9,+21.8,NA	+6.58,+20.7,+21.8,LA	+6.91,+2.5,+20.3,AB	+2.26,+269.4,+21.0,EB	+6.90,+4.1,+20.3,BB	
1701200114.9503775	+6.59,+13.7,+21.8,MA	+6.25,+37.9,+21.9,OA	+6.58,+20.5,+21.8,NA	+6.91,+2.5,+20.3,AB	+2.26,+269.5,+21.0,DB	+6.90,+4.2,+20.3,AB	
1701200176.9608436	+6.59,+13.7,+21.8,MA	+6.25,+37.9,+21.9,OA	+6.58,+20.6,+21.8,MA	+6.91,+2.5,+20.3,AB	+2.26,+269.6,+21.0,GB	+6.90,+4.1,+20.3,BB	
1701200238.969762	+6.59,+13.7,+21.8,MA	+6.25,+37.9,+21.9,OA	+6.58,+20.6,+21.8,MA	+6.91,+2.5,+20.3,AB	+2.26,+269.6,+21.0,GB	+6.90,+4.1,+20.3,BB	
1701200300.9788826	+6.59,+13.7,+21.8,MA	+6.25,+37.9,+21.8,NA	+6.58,+20.6,+21.8,MA	+6.91,+2.5,+20.3,AB	+2.26,+269.7,+21.0,FB	+6.90,+4.1,+20.3,BB	
1701200362.9883122	+6.58,+13.8,+21.8,CA	+6.25,+37.9,+21.9,OA	+6.58,+20.6,+21.8,MA	+6.91,+2.5,+20.3,AB	+2.26,+269.6,+21.0,GB	+6.90,+4.1,+20.3,BB	
1701200424.9962225	+6.59,+13.7,+21.8,MA	+6.25,+37.9,+21.9,OA	+6.58,+20.6,+21.8,MA	+6.91,+2.5,+20.3,AB	+2.26,+269.5,+21.0,DB	+6.90,+4.2,+20.3,AB	
1701200487.0055442	+6.59,+13.7,+21.8,MA	+6.25,+38.0,+21.9,IA	+6.58,+20.5,+21.8,NA	+6.91,+2.5,+20.3,AB	+2.26,+269.6,+21.0,GB	+6.90,+4.1,+20.3,BB	
1701200549.0129547	+6.59,+13.7,+21.8,MA	+6.25,+37.9,+21.9,OA	+6.58,+20.6,+21.8,MA	+6.91,+2.5,+20.3,AB	+2.26,+269.6,+21.0,GB	+6.90,+4.1,+20.3,BB	
1701200611.0212424	+6.59,+13.7,+21.8,MA	+6.25,+37.9,+21.9,OA	+6.58,+20.5,+21.8,NA	+6.91,+2.5,+20.3,AB	+2.26,+269.6,+21.0,GB	+6.90,+4.1,+20.3,BB	
1701200673.029677	+6.59,+13.7,+21.8,MA	+6.25,+37.9,+21.8,NA	+6.58,+20.6,+21.8,MA	+6.91,+2.5,+20.3,AB	+2.26,+269.6,+21.0,GB	+6.90,+4.1,+20.3,BB	
1701200735.0380611	+6.58,+13.8,+21.8,CA	+6.25,+38.0,+21.9,IA	+6.58,+20.6,+21.8,MA	+6.91,+2.5,+20.3,AB	+2.26,+269.7,+21.0,FB	+6.90,+4.1,+20.3,BB	
1701200797.0412984	+6.59,+13.7,+21.8,MA	+6.25,+37.9,+21.9,OA	+6.58,+20.6,+21.8,MA	+6.91,+2.5,+20.3,AB	+2.26,+269.7,+21.0,FB	+6.90,+4.1,+20.3,BB	
1701200859.0499825	+6.59,+13.7,+21.8,MA	+6.25,+37.9,+21.9,OA	+6.58,+20.6,+21.8,MA	+6.91,+2.5,+20.3,AB	+2.26,+269.7,+21.0,FB	+6.90,+4.1,+20.3,BB	
1701200921.0577834	+6.59,+13.7,+21.8,MA	+6.25,+37.9,+21.9,OA	+6.58,+20.6,+21.8,MA	+6.91,+2.5,+20.3,AB	+2.26,+269.6,+21.1,FB	+6.90,+4.1,+20.3,BB	
1701200983.0675013	+6.58,+13.8,+21.8,CA	+6.25,+37.9,+21.9,OA	+6.58,+20.5,+21.8,NA	+6.91,+2.5,+20.3,AB	+2.26,+269.6,+21.0,GB	+6.90,+4.0,+20.3,CB	
1701201045.0773988	+6.59,+13.7,+21.8,MA	+6.25,+37.9,+21.9,OA	+6.58,+20.5,+21.8,NA	+6.91,+2.5,+20.3,AB	+2.26,+269.8,+21.0,IB	+6.90,+4.1,+20.3,BB	
1701201290.6319416	+6.59,+13.7,+21.8,MA	+6.25,+37.9,+21.9,OA	+6.58,+20.6,+21.8,MA	+6.91,+2.6,+20.3,BB	+2.26,+269.6,+21.1,FB	+6.90,+4.1,+20.3,BB	
1701201352.6416595	+6.58,+13.7,+21.8,LA	+6.25,+37.9,+21.9,OA	+6.58,+20.6,+21.8,MA	+6.91,+2.5,+20.3,AB	+2.26,+269.7,+21.0,FB	+6.90,+4.0,+20.3,CB	
1701201414.648134	+6.58,+13.7,+21.8,LA	+6.25,+37.9,+21.9,OA	+6.58,+20.6,+21.8,MA	+6.91,+2.5,+20.3,AB	+2.26,+269.8,+21.0,IB	+6.90,+4.1,+20.3,BB	
1701201476.6585612	+6.58,+13.8,+21.8,CA	+6.25,+38.0,+21.9,IA	+6.58,+20.6,+21.8,MA	+6.91,+2.5,+20.3,AB	+2.26,+269.7,+21.0,FB	+6.90,+4.1,+20.3,BB	
1701201538.6644332	+6.59,+13.7,+21.8,MA	+6.25,+37.8,+21.9,NA	+6.58,+20.6,+21.9,LA	+6.91,+2.5,+20.3,AB	+2.25,+269.8,+21.0,JB	+6.90,+4.1,+20.3,BB	
1701201600.6726286	+6.59,+13.7,+21.8,MA	+6.25,+37.8,+21.9,NA	+6.58,+20.6,+21.9,LA	+6.91,+2.5,+20.4,FB	+2.25,+269.8,+21.0,JB	+6.90,+4.1,+20.3,BB	
1701201662.6853175	+6.58,+13.8,+21.8,CA	+6.25,+37.9,+21.9,OA	+6.58,+20.7,+21.8,LA	+6.91,+2.5,+20.3,AB	+2.25,+269.9,+21.0,KB	+6.90,+4.1,+20.4,EB	
1701201724.691875	+6.59,+13.7,+21.8,MA	+6.25,+37.9,+21.9,OA	+6.58,+20.7,+21.8,LA	+6.91,+2.5,+20.4,FB	+2.25,+269.9,+21.1,JB	+6.90,+4.1,+20.3,BB	
1701201786.7009108	+6.58,+13.8,+21.8,CA	+6.25,+37.9,+21.9,OA	+6.58,+20.7,+21.8,LA	+6.91,+2.5,+20.4,FB	+2.25,+269.9,+21.0,KB	+6.90,+4.1,+20.4,EB	
1701201848.7081056	+6.58,+13.8,+21.8,CA	+6.25,+37.9,+21.9,OA	+6.58,+20.6,+21.8,MA	+6.91,+2.5,+20.3,AB	+2.25,+270.0,+21.0,JB	+6.90,+4.1,+20.3,BB	
1701201910.7176998	+6.58,+13.8,+21.8,CA	+6.25,+37.9,+21.9,OA	+6.58,+20.6,+21.8,MA	+6.91,+2.5,+20.4,FB	+2.26,+269.8,+21.1,HB	+6.90,+4.2,+20.4,FB	
1701201972.7274292	+6.58,+13.8,+21.8,CA	+6.25,+38.0,+21.9,IA	+6.58,+20.6,+21.8,MA	+6.91,+2.5,+20.4,FB	+2.25,+270.0,+21.1,KB	+6.90,+4.1,+20.3,BB	
1701202034.737005	+6.58,+13.8,+21.8,CA	+6.25,+37.9,+21.9,OA	+6.58,+20.8,+21.8,CA	+6.91,+2.5,+20.4,FB	+2.26,+269.7,+21.1,GB	+6.90,+4.1,+20.3,BB	
1701202096.745359	+6.58,+13.8,+21.8,CA	+6.25,+37.8,+21.9,NA	+6.58,+20.8,+21.8,CA	+6.91,+2.5,+20.3,AB	+2.25,+270.0,+21.0,JB	+6.90,+4.1,+20.3,BB	
1701202158.7531652	+6.58,+13.7,+21.8,LA	+6.25,+37.9,+21.9,OA	+6.58,+20.7,+21.8,LA	+6.91,+2.4,+20.3,@B	+2.25,+270.0,+21.0,JB	+6.90,+4.1,+20.3,BB	
1701202220.7619731	+6.58,+13.8,+21.8,CA	+6.25,+37.9,+21.9,OA	+6.58,+20.6,+21.8,MA	+6.91,+2.5,+20.3,AB	+2.25,+270.0,+21.0,JB	+6.90,+4.1,+20.3,BB	
1701202282.7699385	+6.58,+13.8,+21.8,CA	+6.25,+37.9,+21.9,OA	+6.58,+20.7,+21.8,LA	+6.91,+2.5,+20.3,AB	+2.25,+270.0,+21.0,JB	+6.90,+4.1,+20.3,BB	
1701202344.7778296	+6.58,+13.8,+21.8,CA	+6.25,+37.9,+21.9,OA	+6.58,+20.7,+21.8,LA	+6.91,+2.5,+20.3,AB	+2.25,+270.1,+21.0,KB	+6.90,+4.1,+20.3,BB	
1701202406.7870944	+6.58,+13.7,+21.8,LA	+6.25,+37.9,+21.9,OA	+6.58,+20.6,+21.8,MA	+6.91,+2.5,+20.3,AB	+2.27,+269.0,+21.1,AB	+6.90,+4.0,+20.3,CB	
1701202468.7959554	+6.58,+13.8,+21.8,CA	+6.25,+37.8,+21.8,OA	+6.58,+20.6,+21.8,MA	+6.91,+2.5,+20.3,AB	+2.25,+269.9,+21.0,KB	+6.90,+4.1,+20.3,BB	
1701202530.804676	+6.58,+13.7,+21.8,LA	+6.25,+37.9,+21.9,OA	+6.58,+20.7,+21.8,LA	+6.91,+2.5,+20.3,AB	+2.25,+270.0,+21.0,JB	+6.90,+4.2,+20.3,AB	
1701202592.813564	+6.58,+13.8,+21.8,CA	+6.25,+37.9,+21.8,NA	+6.58,+20.7,+21.8,LA	+6.91,+2.5,+20.3,AB	+2.25,+270.1,+21.0,KB	+6.90,+4.1,+20.3,BB	
1701202654.8239622	+6.58,+13.9,+21.8,BA	+6.25,+38.0,+21.8,HA	+6.58,+20.7,+21.8,LA	+6.91,+2.5,+20.3,AB	+2.25,+270.0,+21.0,JB	+6.90,+4.1,+20.3,BB	
1701202716.8317702	+6.58,+13.9,+21.8,BA	+6.25,+37.9,+21.8,NA	+6.58,+20.7,+21.8,LA	+6.91,+2.5,+20.3,AB	+2.25,+270.1,+21.0,KB	+6.90,+4.1,+20.3,BB	
1701202778.8416123	+6.58,+13.8,+21.8,CA	+6.25,+37.8,+21.8,OA	+6.58,+20.7,+21.8,LA	+6.91,+2.5,+20.3,AB	+2.25,+270.1,+21.0,KB	+6.90,+4.1,+20.3,BB	
1701202840.8497286	+6.58,+13.8,+21.8,CA	+6.25,+37.9,+21.8,NA	+6.58,+20.7,+21.8,LA	+6.91,+2.4,+20.3,@B	+2.25,+270.0,+21.0,JB	+6.90,+4.0,+20.3,CB	
1701202902.8586454	+6.58,+13.8,+21.8,CA	+6.25,+37.9,+21.8,NA	+6.58,+20.8,+21.8,CA	+6.91,+2.5,+20.3,AB	+2.25,+270.1,+21.0,KB	+6.90,+4.1,+20.3,BB	
1701202964.8684196	+6.58,+13.8,+21.8,CA	+6.25,+37.8,+21.8,OA	+6.58,+20.7,+21.8,LA	+6.91,+2.5,+20.3,AB	+2.25,+270.2,+21.0,HB	+6.90,+4.1,+20.3,BB	
1701203026.8786435	+6.58,+13.8,+21.7,LA	+6.25,+37.9,+21.8,NA	+6.58,+20.7,+21.7,CA	+6.91,+2.5,+20.3,AB	+2.25,+270.1,+21.0,KB	+6.90,+4.2,+20.3,AB	
1701203088.8880415	+6.58,+13.8,+21.7,LA	+6.25,+38.0,+21.8,HA	+6.58,+20.8,+21.7,LA	+6.91,+2.5,+20.3,AB	+2.25,+270.1,+21.0,KB	+6.90,+4.1,+20.2,CB	
1701203150.895299	+6.58,+13.8,+21.7,LA	+6.25,+37.9,+21.8,NA	+6.58,+20.8,+21.7,LA	+6.91,+2.5,+20.3,AB	+2.25,+270.1,+21.0,KB	+6.90,+4.1,+20.2,CB	
1701203212.9033895	+6.58,+13.8,+21.8,CA	+6.25,+38.0,+21.8,HA	+6.58,+20.7,+21.7,CA	+6.91,+2.5,+20.3,AB	+2.25,+270.1,+21.0,KB	+6.90,+4.1,+20.3,BB	
1701203274.9131289	+6.58,+13.8,+21.7,LA	+6.25,+38.0,+21.8,HA	+6.58,+20.7,+21.7,CA	+6.91,+2.5,+20.3,AB	+2.25,+269.9,+21.0,KB	+6.90,+4.1,+20.2,CB	
1701203336.9226663	+6.58,+13.8,+21.7,LA	+6.25,+38.0,+21.8,HA	+6.58,+20.7,+21.7,CA	+6.91,+2.4,+20.3,@B	+2.25,+269.9,+21.0,KB	+6.90,+4.1,+20.2,CB	
1701203398.9296205	+6.58,+13.8,+21.7,LA	+6.25,+38.0,+21.8,HA	+6.58,+20.7,+21.7,CA	+6.91,+2.5,+20.2,@B	+2.25,+269.9,+21.0,KB	+6.90,+4.1,+20.2,CB	
1701203460.9372432	+6.58,+13.8,+21.7,LA	+6.25,+37.9,+21.8,NA	+6.58,+20.7,+21.7,CA	+6.91,+2.4,+20.2,AB	+2.25,+269.9,+21.0,KB	+6.90,+4.0,+20.2,BB	
1701203522.9480746	+6.58,+13.8,+21.7,LA	+6.25,+38.0,+21.8,HA	+6.58,+20.8,+21.7,LA	+6.91,+2.5,+20.2,@B	+2.25,+269.9,+21.0,KB	+6.90,+4.1,+20.2,CB	
1701203584.9575047	+6.58,+13.8,+21.7,LA	+6.25,+37.9,+21.8,NA	+6.58,+20.7,+21.7,CA	+6.91,+2.5,+20.2,@B	+2.25,+270.0,+21.0,JB	+6.90,+4.1,+20.2,CB	
1701203646.9673266	+6.58,+13.8,+21.7,LA	+6.25,+38.0,+21.7,GA	+6.58,+20.8,+21.7,LA	+6.91,+2.5,+20.2,@B	+2.25,+270.0,+21.0,JB	+6.90,+4.0,+20.2,BB	
1701203708.9770386	+6.58,+13.8,+21.7,LA	+6.25,+38.0,+21.8,HA	+6.58,+20.7,+21.7,CA	+6.91,+2.5,+20.2,@B	+2.25,+270.0,+21.0,JB	+6.90,+4.1,+20.2,CB	
1701203770.985623	+6.59,+13.7,+21.7,BA	+6.25,+37.9,+21.7,AA	+6.58,+20.7,+21.7,CA	+6.91,+2.5,+20.2,@B	+2.25,+270.0,+21.0,JB	+6.90,+4.0,+20.2,BB	
1701203832.994808	+6.59,+13.7,+21.7,BA	+6.25,+37.9,+21.7,AA	+6.58,+20.7,+21.7,CA	+6.91,+2.4,+20.2,AB	+2.25,+270.0,+21.0,JB	+6.90,+4.0,+20.1,AB	
1701203895.0041416	+6.58,+13.7,+21.7,CA	+6.25,+38.0,+21.7,GA	+6.58,+20.7,+21.6,BA	+6.91,+2.5,+20.2,@B	+2.25,+270.0,+21.0,JB	+6.90,+4.1,+20.1,@B	
1701203957.014162	+6.59,+13.7,+21.7,BA	+6.25,+37.9,+21.7,AA	+6.58,+20.8,+21.6,MA	+6.91,+2.5,+20.2,@B	+2.25,+270.0,+21.0,JB	+6.90,+4.0,+20.1,AB	
1701204019.021335	+6.58,+13.8,+21.7,LA	+6.25,+38.0,+21.7,GA	+6.58,+20.8,+21.6,MA	+6.91,+2.5,+20.2,@B	+2.25,+270.0,+21.0,JB	+6.90,+4.1,+20.1,@B	
1701204081.031227	+6.58,+13.8,+21.6,MA	+6.25,+37.9,+21.7,AA	+6.58,+20.7,+21.6,BA	+6.91,+2.5,+20.2,@B	+2.25,+270.1,+21.0,KB	+6.90,+4.1,+20.1,@B	
1701204143.037387	+6.58,+13.7,+21.7,CA	+6.25,+38.0,+21.7,GA	+6.58,+20.8,+21.6,MA	+6.91,+2.5,+20.1,CB	+2.25,+270.1,+21.0,KB	+6.90,+4.1,+20.1,@B	
1701204205.0455272	+6.59,+13.7,+21.6,CA	+6.25,+38.0,+21.7,GA	+6.58,+20.7,+21.6,BA	+6.91,+2.4,+20.1,BB	+2.25,+269.9,+21.0,KB	+6.90,+4.0,+20.1,AB	
1701204267.0526264	+6.59,+13.7,+21.7,BA	+6.25,+38.0,+21.7,GA	+6.58,+20.8,+21.6,MA	+6.91,+2.5,+20.1,CB	+2.25,+270.1,+21.0,KB	+6.90,+4.1,+20.1,@B	
1701204329.0621545	+6.58,+13.7,+21.6,BA	+6.25,+38.0,+21.7,GA	+6.58,+20.8,+21.6,MA	+6.91,+2.5,+20.1,CB	+2.25,+270.2,+21.0,HB	+6.90,+4.1,+20.1,@B	
1701204391.071069	+6.58,+13.8,+21.6,MA	+6.25,+37.9,+21.7,AA	+6.58,+20.9,+21.6,LA	+6.91,+2.5,+20.1,CB	+2.25,+270.2,+20.9,@B	+6.90,+4.1,+20.0,AB	
1701204453.0805852	+6.58,+13.8,+21.6,MA	+6.25,+38.0,+21.7,GA	+6.58,+20.7,+21.6,BA	+6.91,+2.5,+20.1,CB	+2.25,+270.2,+20.9,@B	+6.90,+4.1,+20.1,@B	
1701204515.0898476	+6.59,+13.7,+21.6,CA	+6.25,+38.0,+21.7,GA	+6.58,+20.7,+21.6,BA	+6.91,+2.5,+20.1,CB	+2.25,+270.2,+21.0,HB	+6.90,+4.1,+20.0,AB	
1701204577.0993347	+6.59,+13.7,+21.6,CA	+6.25,+37.9,+21.7,AA	+6.58,+20.8,+21.6,MA	+6.91,+2.5,+20.1,CB	+2.25,+270.2,+21.0,HB	+6.90,+4.0,+20.0,@B	
1701204639.1094863	+6.58,+13.8,+21.6,MA	+6.25,+37.9,+21.7,AA	+6.58,+20.8,+21.6,MA	+6.91,+2.5,+20.1,CB	+2.25,+270.2,+21.0,HB	+6.90,+4.1,+20.0,AB	
1701204701.118836	+6.58,+13.7,+21.6,BA	+6.25,+37.9,+21.7,AA	+6.58,+20.8,+21.5,NA	+6.91,+2.5,+20.1,CB	+2.25,+270.3,+20.9,AB	+6.90,+4.0,+20.0,@B	
1701204763.1281562	+6.59,+13.7,+21.6,CA	+6.25,+38.0,+21.6,FA	+6.58,+20.9,+21.5,OA	+6.91,+2.5,+20.0,BB	+2.24,+270.3,+20.9,@B	+6.90,+4.1,+20.0,AB	
1701204825.137224	+6.59,+13.7,+21.6,CA	+6.25,+37.9,+21.6,@A	+6.58,+20.8,+21.5,NA	+6.91,+2.5,+20.1,CB	+2.25,+270.3,+21.0,IB	+6.90,+4.0,+20.0,@B	
1701204887.1465812	+6.58,+13.8,+21.6,MA	+6.25,+38.0,+21.6,FA	+6.58,+20.8,+21.5,NA	+6.91,+2.4,+20.1,BB	+2.25,+270.3,+21.0,IB	+6.90,+4.1,+20.0,AB	
1701205132.795733	+6.59,+13.7,+21.5,@A	+6.25,+37.9,+21.6,@A	+6.58,+20.8,+21.5,NA	+6.91,+2.4,+20.0,CB	+2.25,+270.0,+20.9,BB	+6.90,+4.1,+20.0,AB	
1701205194.8024077	+6.59,+13.7,+21.5,@A	+6.25,+38.0,+21.6,FA	+6.58,+20.8,+21.5,NA	+6.91,+2.4,+20.0,CB	+2.24,+270.3,+20.9,@B	+6.90,+4.1,+19.9,BB	
1701205256.8106177	+6.58,+13.7,+21.5,AA	+6.25,+38.0,+21.6,FA	+6.57,+20.9,+21.5,@A	+6.91,+2.5,+20.0,BB	+2.24,+270.4,+20.9,GB	+6.90,+4.2,+19.9,AB	
1701205318.8176353	+6.59,+13.7,+21.5,@A	+6.25,+37.9,+21.6,@A	+6.58,+20.8,+21.5,NA	+6.91,+2.5,+20.0,BB	+2.25,+270.3,+20.9,AB	+6.90,+4.1,+19.9,BB	
1701205380.818048	+6.58,+13.8,+21.5,NA	+6.25,+38.0,+21.6,FA	+6.58,+20.8,+21.5,NA	+6.91,+2.4,+20.0,CB	+2.24,+270.3,+20.9,@B	+6.90,+4.2,+19.9,AB	
1701205442.8246148	+6.58,+13.7,+21.5,AA	+6.25,+37.9,+21.6,@A	+6.58,+20.7,+21.5,AA	+6.91,+2.5,+20.0,BB	+2.24,+270.4,+20.9,GB	+6.90,+4.1,+19.9,BB	
1701205504.8314052	+6.58,+13.7,+21.5,AA	+6.25,+38.0,+21.6,FA	+6.58,+20.8,+21.5,NA	+6.91,+2.5,+20.0,BB	+2.24,+270.5,+20.9,FB	+6.90,+4.2,+19.9,AB	
1701205566.8400147	+6.58,+13.8,+21.5,NA	+6.25,+38.0,+21.6,FA	+6.58,+20.8,+21.5,NA	+6.91,+2.4,+20.0,CB	+2.24,+270.5,+20.9,FB	+6.90,+4.2,+19.9,AB	
1701205628.8473732	+6.59,+13.7,+21.5,@A	+6.25,+38.0,+21.5,EA	+6.58,+20.8,+21.5,NA	+6.91,+2.4,+20.0,CB	+2.24,+270.4,+20.9,GB	+6.90,+4.1,+19.9,BB	
1701205690.8549774	+6.58,+13.7,+21.5,AA	+6.25,+38.0,+21.6,FA	+6.58,+20.8,+21.4,OA	+6.91,+2.5,+20.0,BB	+2.24,+270.3,+20.9,@B	+6.90,+4.1,+19.9,BB	
1701205752.8652713	+6.59,+13.7,+21.5,@A	+6.25,+38.0,+21.6,FA	+6.58,+20.8,+21.4,OA	+6.91,+2.5,+20.0,BB	+2.24,+270.3,+20.9,@B	+6.90,+4.2,+19.9,AB	
1701205814.86918	+6.59,+13.7,+21.5,@A	+6.25,+38.0,+21.5,EA	+6.58,+20.8,+21.4,OA	+6.91,+2.5,+19.9,AB	+2.24,+270.4,+20.9,GB	+6.90,+4.1,+19.8,CB	
1701205876.8756864	+6.59,+13.7,+21.5,@A	+6.25,+38.0,+21.5,EA	+6.58,+20.8,+21.4,OA	+6.91,+2.4,+19.9,@B	+2.24,+270.4,+20.9,GB	+6.90,+4.2,+19.9,AB	
1701205938.8809621	+6.58,+13.7,+21.5,AA	+6.25,+37.9,+21.5,CA	+6.58,+20.8,+21.4,OA	+6.91,+2.4,+19.9,@B	+2.24,+270.4,+20.9,GB	+6.90,+4.2,+19.8,@B	
1701206000.8900669	+6.58,+13.7,+21.5,AA	+6.25,+38.0,+21.5,EA	+6.58,+20.8,+21.4,OA	+6.91,+2.5,+19.9,AB	+2.24,+270.4,+20.9,GB	+6.90,+4.1,+19.8,CB	
1701206062.898299	+6.58,+13.8,+21.5,NA	+6.25,+38.0,+21.5,EA	+6.58,+20.8,+21.4,OA	+6.91,+2.4,+19.9,@B	+2.24,+270.4,+20.9,GB	+6.90,+4.2,+19.8,@B	
1701206124.9050708	+6.59,+13.7,+21.4,AA	+6.25,+37.9,+21.5,CA	+6.58,+20.8,+21.4,OA	+6.91,+2.5,+19.9,AB	+2.24,+270.4,+20.9,GB	+6.90,+4.2,+19.8,@B	
1701206186.9127226	+6.59,+13.7,+21.4,AA	+6.25,+37.9,+21.5,CA	+6.58,+20.8,+21.4,OA	+6.91,+2.5,+19.9,AB	+2.26,+269.6,+20.9,OB	+6.90,+4.2,+19.8,@B	
1701206248.920327	+6.58,+13.8,+21.4,OA	+6.25,+38.0,+21.5,EA	+6.58,+20.9,+21.4,NA	+6.91,+2.4,+19.9,@B	+2.26,+269.4,+20.8,LB	+6.90,+4.1,+19.8,CB	
1701206310.9294536	+6.58,+13.7,+21.4,@A	+6.25,+38.0,+21.5,EA	+6.58,+20.8,+21.4,OA	+6.91,+2.5,+19.9,AB	+2.26,+269.3,+20.9,JB	+6.90,+4.2,+19.8,@B	
1701206372.9394562	+6.58,+13.7,+21.4,@A	+6.25,+38.0,+21.5,EA	+6.58,+20.8,+21.4,OA	+6.91,+2.4,+19.9,@B	+2.26,+269.3,+20.9,JB	+6.90,+4.2,+19.8,@B	
1701206434.9485004	+6.59,+13.7,+21.4,AA	+6.25,+38.0,+21.5,EA	+6.58,+20.8,+21.4,OA	+6.91,+2.5,+19.9,AB	+2.26,+269.3,+20.9,JB	+6.90,+4.2,+19.8,@B	
1701206496.9573839	+6.59,+13.7,+21.4,AA	+6.25,+38.0,+21.5,EA	+6.58,+20.8,+21.3,HA	+6.91,+2.5,+19.9,AB	+2.26,+269.1,+20.8,IB	+6.90,+4.2,+19.8,@B	
1701206558.9653094	+6.58,+13.8,+21.4,OA	+6.25,+37.9,+21.5,CA	+6.58,+20.7,+21.3,GA	+6.91,+2.4,+19.9,@B	+2.26,+269.1,+20.8,IB	+6.90,+4.2,+19.8,@B	
1701206620.97442	+6.59,+13.7,+21.4,AA	+6.25,+38.0,+21.5,EA	+6.58,+20.9,+21.3,IA	+6.91,+2.5,+19.9,AB	+2.27,+268.6,+20.8,NB	+6.90,+4.2,+19.8,@B	
1701206682.9832404	+6.59,+13.7,+21.4,AA	+6.25,+37.9,+21.5,CA	+6.58,+20.8,+21.3,HA	+6.91,+2.4,+19.8,AB	+2.27,+269.0,+20.9,HB	+6.90,+4.3,+19.8,AB	
1701206744.9892557	+6.59,+13.7,+21.4,AA	+6.25,+37.9,+21.4,BA	+6.58,+20.8,+21.3,HA	+6.91,+2.5,+19.8,@B	+2.26,+269.1,+20.8,IB	+6.90,+4.2,+19.8,@B	
1701206806.996004	+6.58,+13.8,+21.4,OA	+6.25,+37.9,+21.4,BA	+6.57,+20.9,+21.3,FA	+6.91,+2.5,+19.8,@B	+2.27,+268.9,+20.8,AB	+6.90,+4.1,+19.7,LB	
1701206869.003126	+6.58,+13.7,+21.4,@A	+6.25,+37.9,+21.4,BA	+6.58,+20.7,+21.3,GA	+6.91,+2.4,+19.8,AB	+2.27,+268.9,+20.8,AB	+6.90,+4.2,+19.7,OB	
1701206931.0093884	+6.59,+13.7,+21.4,AA	+6.25,+38.0,+21.4,DA	+6.58,+20.8,+21.3,HA	+6.91,+2.4,+19.8,AB	+2.27,+268.9,+20.8,AB	+6.90,+4.2,+19.7,OB	
1701206993.0161788	+6.58,+13.7,+21.4,@A	+6.25,+37.9,+21.4,BA	+6.58,+20.8,+21.3,HA	+6.91,+2.5,+19.8,@B	+2.27,+269.0,+20.8,IB	+6.90,+4.2,+19.7,OB	
1701207055.020864	+6.59,+13.7,+21.4,AA	+6.25,+37.9,+21.4,BA	+6.58,+20.8,+21.3,HA	+6.91,+2.4,+19.8,AB	+2.27,+268.8,+20.8,@B	+6.90,+4.2,+19.7,OB	
1701207117.0275338	+6.59,+13.7,+21.4,AA	+6.25,+38.0,+21.4,DA	+6.58,+20.8,+21.3,HA	+6.91,+2.5,+19.8,@B	+2.27,+268.8,+20.8,@B	+6.90,+4.1,+19.7,LB	
1701207179.0345974	+6.58,+13.7,+21.3,GA	+6.25,+37.9,+21.4,BA	+6.58,+20.8,+21.3,HA	+6.91,+2.4,+19.8,AB	+2.27,+268.9,+20.8,AB	+6.90,+4.2,+19.7,OB	
1701207241.0418284	+6.59,+13.7,+21.3,FA	+6.25,+37.9,+21.4,BA	+6.58,+20.8,+21.3,HA	+6.91,+2.4,+19.8,AB	+2.27,+268.9,+20.8,AB	+6.90,+4.2,+19.7,OB	
1701207303.053725	+6.59,+13.7,+21.3,FA	+6.25,+38.0,+21.4,DA	+6.58,+20.8,+21.3,HA	+6.91,+2.4,+19.8,AB	+2.27,+268.9,+20.8,AB	+6.90,+4.2,+19.7,OB	
1701207365.0618844	+6.59,+13.7,+21.4,AA	+6.25,+38.0,+21.4,DA	+6.58,+20.8,+21.3,HA	+6.91,+2.5,+19.8,@B	+2.27,+268.8,+20.8,@B	+6.90,+4.2,+19.7,OB	
1701207427.068113	+6.59,+13.7,+21.3,FA	+6.25,+37.9,+21.4,BA	+6.58,+20.8,+21.3,HA	+6.91,+2.4,+19.7,NB	+2.27,+268.9,+20.8,AB	+6.90,+4.2,+19.7,OB	
1701207489.0778644	+6.59,+13.7,+21.3,FA	+6.25,+37.9,+21.4,BA	+6.57,+20.9,+21.3,FA	+6.91,+2.4,+19.8,AB	+2.27,+268.8,+20.8,@B	+6.90,+4.2,+19.7,OB	
1701207551.084231	+6.59,+13.7,+21.3,FA	+6.25,+37.9,+21.3,EA	+6.58,+20.8,+21.2,IA	+6.91,+2.4,+19.8,AB	+2.27,+268.8,+20.8,@B	+6.90,+4.2,+19.7,OB	
1701207613.0930238	+6.59,+13.7,+21.3,FA	+6.25,+37.9,+21.4,BA	+6.58,+20.8,+21.2,IA	+6.91,+2.4,+19.8,AB	+2.27,+268.9,+20.8,AB	+6.90,+4.1,+19.7,LB	
1701207675.1024835	+6.59,+13.7,+21.3,FA	+6.25,+37.9,+21.3,EA	+6.58,+20.8,+21.3,HA	+6.91,+2.5,+19.8,@B	+2.27,+268.8,+20.8,@B	+6.90,+4.2,+19.7,OB	
1701207737.1121235	+6.59,+13.7,+21.3,FA	+6.25,+37.9,+21.3,EA	+6.57,+20.9,+21.3,FA	+6.91,+2.4,+19.7,NB	+2.27,+268.8,+20.8,@B	+6.90,+4.1,+19.7,LB	
1701207799.1209314	+6.59,+13.6,+21.3,GA	+6.25,+37.9,+21.3,EA	+6.58,+20.8,+21.2,IA	+6.91,+2.4,+19.7,NB	+2.27,+268.8,+20.8,@B	+6.90,+4.1,+19.7,LB	
1701207861.126809	+6.59,+13.7,+21.3,FA	+6.25,+37.9,+21.3,EA	+6.58,+20.8,+21.2,IA	+6.91,+2.4,+19.7,NB	+2.27,+268.8,+20.8,@B	+6.90,+4.2,+19.6,NB	
1701207923.1353939	+6.59,+13.7,+21.3,FA	+6.25,+37.9,+21.3,EA	+6.58,+20.8,+21.2,IA	+6.91,+2.4,+19.7,NB	+2.27,+268.7,+20.8,OB	+6.90,+4.2,+19.6,NB	
1701207985.1432354	+6.59,+13.7,+21.3,FA	+6.25,+37.9,+21.3,EA	+6.57,+20.9,+21.2,GA	+6.91,+2.5,+19.7,OB	+2.27,+268.8,+20.8,@B	+6.90,+4.2,+19.6,NB	
1701208047.1520503	+6.59,+13.7,+21.3,FA	+6.25,+38.0,+21.3,CA	+6.58,+20.8,+21.2,IA	+6.91,+2.4,+19.7,NB	+2.27,+268.8,+20.7,OB	+6.90,+4.2,+19.6,NB	
1701208109.161845	+6.59,+13.7,+21.3,FA	+6.25,+38.0,+21.3,CA	+6.57,+20.9,+21.2,GA	+6.91,+2.4,+19.7,NB	+2.27,+268.6,+20.8,NB	+6.90,+4.2,+19.6,NB	
1701208171.168787	+6.59,+13.7,+21.2,GA	+6.25,+38.0,+21.3,CA	+6.58,+20.8,+21.2,IA	+6.91,+2.4,+19.7,NB	+2.27,+268.8,+20.7,OB	+6.90,+4.2,+19.6,NB	
1701208233.1761868	+6.59,+13.6,+21.2,FA	+6.25,+38.0,+21.3,CA	+6.57,+20.9,+21.2,GA	+6.91,+2.4,+19.7,NB	+2.27,+268.7,+20.8,OB	+6.90,+4.2,+19.6,NB	
1701208295.1799219	+6.59,+13.7,+21.2,GA	+6.25,+38.0,+21.3,CA	+6.57,+20.9,+21.2,GA	+6.91,+2.4,+19.7,NB	+2.27,+268.7,+20.7,@B	+6.90,+4.1,+19.6,MB	
1701208357.1892416	+6.58,+13.7,+21.2,FA	+6.25,+37.9,+21.3,EA	+6.58,+20.7,+21.2,FA	+6.91,+2.5,+19.7,OB	+2.27,+268.7,+20.7,@B	+6.90,+4.2,+19.6,NB	
1701208419.1990314	+6.59,+13.7,+21.2,GA	+6.25,+37.9,+21.3,EA	+6.58,+20.7,+21.2,FA	+6.91,+2.5,+19.7,OB	+2.27,+268.6,+20.7,AB	+6.90,+4.2,+19.6,NB	
1701208481.2065632	+6.59,+13.6,+21.2,FA	+6.25,+37.9,+21.3,EA	+6.57,+20.9,+21.2,GA	+6.91,+2.4,+19.7,NB	+2.27,+268.6,+20.7,AB	+6.90,+4.2,+19.6,NB	
1701208543.215472	+6.59,+13.6,+21.2,FA	+6.25,+37.9,+21.3,EA	+6.58,+20.8,+21.2,IA	+6.91,+2.4,+19.7,NB	+2.27,+268.6,+20.7,AB	+6.90,+4.1,+19.6,MB	
1701208605.2224488	+6.59,+13.6,+21.2,FA	+6.25,+37.9,+21.3,EA	+6.58,+20.7,+21.1,EA	+6.91,+2.4,+19.7,NB	+2.27,+268.7,+20.7,@B	+6.90,+4.2,+19.6,NB	
1701208667.2304425	+6.59,+13.6,+21.2,FA	+6.25,+37.8,+21.3,DA	+6.58,+20.8,+21.1,JA	+6.91,+2.4,+19.7,NB	+2.27,+268.6,+20.7,AB	+6.90,+4.2,+19.6,NB	
1701208729.2378378	+6.59,+13.7,+21.2,GA	+6.25,+37.8,+21.3,DA	+6.58,+20.8,+21.1,JA	+6.91,+2.4,+19.6,OB	+2.27,+268.6,+20.7,AB	+6.90,+4.2,+19.6,NB	
1701208974.8308592	+6.59,+13.6,+21.2,FA	+6.25,+37.8,+21.2,EA	+6.58,+20.7,+21.1,EA	+6.91,+2.4,+19.6,OB	+2.28,+268.2,+20.7,JB	+6.90,+4.1,+19.5,NB	
1701209036.8420005	+6.59,+13.6,+21.2,FA	+6.25,+37.8,+21.3,DA	+6.58,+20.8,+21.1,JA	+6.91,+2.4,+19.6,OB	+2.27,+268.4,+20.7,CB	+6.90,+4.2,+19.5,MB	
1701209098.8494534	+6.59,+13.6,+21.2,FA	+6.25,+37.9,+21.2,DA	+6.57,+20.9,+21.1,DA	+6.91,+2.4,+19.6,OB	+2.27,+268.5,+20.7,BB	+6.90,+4.1,+19.5,NB	
1701209160.857895	+6.59,+13.6,+21.2,FA	+6.25,+37.8,+21.2,EA	+6.57,+20.9,+21.1,DA	+6.91,+2.4,+19.6,OB	+2.27,+268.5,+20.7,BB	+6.90,+4.2,+19.5,MB	
1701209222.8682282	+6.59,+13.6,+21.2,FA	+6.25,+37.8,+21.2,EA	+6.58,+20.8,+21.1,JA	+6.91,+2.4,+19.6,OB	+2.27,+268.5,+20.7,BB	+6.90,+4.3,+19.5,LB	
1701209284.8777263	+6.59,+13.6,+21.2,FA	+6.25,+37.8,+21.2,EA	+6.58,+20.8,+21.1,JA	+6.91,+2.4,+19.6,OB	+2.27,+268.5,+20.7,BB	+6.90,+4.2,+19.5,MB	
1701209346.886878	+6.59,+13.6,+21.2,FA	+6.25,+37.8,+21.2,EA	+6.58,+20.8,+21.1,JA	+6.91,+2.4,+19.6,OB	+2.27,+268.5,+20.6,CB	+6.90,+4.2,+19.5,MB	
1701209408.8948436	+6.59,+13.6,+21.2,FA	+6.25,+37.8,+21.2,EA	+6.58,+20.8,+21.1,JA	+6.91,+2.4,+19.6,OB	+2.27,+268.5,+20.7,BB	+6.90,+4.2,+19.5,MB	
1701209470.9051917	+6.59,+13.6,+21.2,FA	+6.25,+37.7,+21.2,JA	+6.58,+20.7,+21.1,EA	+6.91,+2.4,+19.6,OB	+2.27,+268.3,+20.6,EB	+6.90,+4.2,+19.5,MB	
1701209532.9149408	+6.59,+13.6,+21.2,FA	+6.25,+37.8,+21.2,EA	+6.58,+20.7,+21.1,EA	+6.91,+2.4,+19.6,OB	+2.27,+268.3,+20.6,EB	+6.90,+4.1,+19.5,NB	
1701209594.9228609	+6.59,+13.7,+21.1,DA	+6.25,+37.8,+21.2,EA	+6.58,+20.7,+21.1,EA	+6.91,+2.4,+19.6,OB	+2.27,+268.4,+20.6,BB	+6.90,+4.1,+19.5,NB	
1701209656.932388	+6.59,+13.6,+21.2,FA	+6.25,+37.7,+21.2,JA	+6.58,+20.8,+21.1,JA	+6.91,+2.4,+19.6,OB	+2.27,+268.4,+20.6,BB	+6.90,+4.2,+19.5,MB	
1701209718.9447336	+6.59,+13.6,+21.2,FA	+6.25,+37.8,+21.2,EA	+6.58,+20.8,+21.1,JA	+6.91,+2.4,+19.6,OB	+2.27,+268.4,+20.6,BB	+6.90,+4.2,+19.5,MB	
1701209780.9526083	+6.59,+13.6,+21.1,EA	+6.25,+37.7,+21.2,JA	+6.58,+20.8,+21.1,JA	+6.91,+2.4,+19.6,OB	+2.27,+268.4,+20.6,BB	+6.90,+4.2,+19.5,MB	
1701209842.961815	+6.59,+13.6,+21.2,FA	+6.25,+37.7,+21.2,JA	+6.57,+20.9,+21.1,DA	+6.91,+2.4,+19.6,OB	+2.27,+268.3,+20.6,EB	+6.90,+4.2,+19.5,MB	
1701209904.971231	+6.59,+13.6,+21.2,FA	+6.25,+37.8,+21.2,EA	+6.58,+20.7,+21.1,EA	+6.91,+2.4,+19.6,OB	+2.27,+268.4,+20.6,BB	+6.90,+4.2,+19.5,MB	
1701209966.9818282	+6.59,+13.6,+21.2,FA	+6.25,+37.7,+21.2,JA	+6.58,+20.7,+21.1,EA	+6.91,+2.4,+19.6,OB	+2.27,+268.4,+20.6,BB	+6.90,+4.2,+19.5,MB	
1701210028.9904006	+6.59,+13.6,+21.1,EA	+6.25,+37.8,+21.2,EA	+6.58,+20.7,+21.1,EA	+6.91,+2.4,+19.6,OB	+2.28,+268.2,+20.6,KB	+6.90,+4.2,+19.5,MB	
1701210090.9978514	+6.59,+13.6,+21.1,EA	+6.25,+37.8,+21.2,EA	+6.57,+20.9,+21.1,DA	+6.91,+2.4,+19.6,OB	+2.28,+268.2,+20.6,KB	+6.90,+4.2,+19.5,MB	
1701210153.0082734	+6.59,+13.7,+21.2,GA	+6.25,+37.8,+21.2,EA	+6.58,+20.7,+21.1,EA	+6.91,+2.4,+19.6,OB	+2.27,+268.3,+20.6,EB	+6.90,+4.2,+19.5,MB	
1701210215.0167134	+6.59,+13.6,+21.1,EA	+6.25,+37.8,+21.2,EA	+6.58,+20.7,+21.1,EA	+6.91,+2.4,+19.6,OB	+2.27,+268.3,+20.6,EB	+6.90,+4.2,+19.5,MB	
1701210277.026075	+6.59,+13.5,+21.1,FA	+6.25,+37.7,+21.2,JA	+6.58,+20.8,+21.1,JA	+6.91,+2.4,+19.6,OB	+2.27,+268.3,+20.6,EB	+6.90,+4.2,+19.5,MB	
1701210339.035234	+6.59,+13.6,+21.1,EA	+6.25,+37.8,+21.2,EA	+6.58,+20.8,+21.1,JA	+6.91,+2.3,+19.6,HB	+2.27,+268.3,+20.6,EB	+6.90,+4.2,+19.5,MB	
1701210401.0428793	+6.59,+13.6,+21.2,FA	+6.25,+37.8,+21.2,EA	+6.58,+20.7,+21.1,EA	+6.91,+2.4,+19.6,OB	+2.27,+268.4,+20.6,BB	+6.90,+4.2,+19.5,MB	
1701210463.0521512	+6.59,+13.6,+21.1,EA	+6.25,+37.7,+21.2,JA	+6.58,+20.8,+21.1,JA	+6.91,+2.4,+19.6,OB	+2.27,+268.3,+20.6,EB	+6.90,+4.2,+19.5,MB	
1701210525.057305	+6.59,+13.6,+21.1,EA	+6.25,+37.8,+21.2,EA	+6.58,+20.8,+21.1,JA	+6.91,+2.4,+19.6,OB	+2.28,+268.2,+20.6,KB	+6.90,+4.2,+19.5,MB	
1701210587.0663617	+6.59,+13.6,+21.1,EA	+6.25,+37.7,+21.2,JA	+6.58,+20.8,+21.1,JA	+6.91,+2.4,+19.6,OB	+2.27,+268.3,+20.6,EB	+6.90,+4.2,+19.5,MB	
1701210649.0749395	+6.59,+13.6,+21.1,EA	+6.25,+37.7,+21.2,JA	+6.58,+20.7,+21.1,EA	+6.91,+2.4,+19.6,OB	+2.27,+268.3,+20.6,EB	+6.90,+4.1,+19.5,NB	
1701210711.0847504	+6.59,+13.6,+21.1,EA	+6.25,+37.7,+21.2,JA	+6.58,+20.7,+21.1,EA	+6.91,+2.4,+19.6,OB	+2.27,+268.4,+20.6,BB	+6.90,+4.1,+19.5,NB	
1701210773.0947526	+6.59,+13.6,+21.1,EA	+6.25,+37.8,+21.2,EA	+6.58,+20.8,+21.1,JA	+6.91,+2.3,+19.6,HB	+2.27,+268.3,+20.6,EB	+6.90,+4.2,+19.5,MB	
1701210835.1037135	+6.59,+13.6,+21.1,EA	+6.25,+37.7,+21.2,JA	+6.58,+20.8,+21.1,JA	+6.91,+2.4,+19.6,OB	+2.27,+268.4,+20.6,BB	+6.90,+4.2,+19.5,MB	
1701210897.1128983	+6.59,+13.6,+21.1,EA	+6.25,+37.7,+21.2,JA	+6.58,+20.8,+21.1,JA	+6.91,+2.4,+19.6,OB	+2.27,+268.5,+20.6,CB	+6.90,+4.2,+19.5,MB	
1701210959.118519	+6.59,+13.6,+21.1,EA	+6.25,+37.7,+21.2,JA	+6.58,+20.8,+21.0,KA	+6.91,+2.4,+19.6,OB	+2.27,+268.5,+20.6,CB	+6.90,+4.2,+19.5,MB	
1701211021.1274242	+6.59,+13.6,+21.1,EA	+6.25,+37.7,+21.2,JA	+6.58,+20.8,+21.1,JA	+6.91,+2.4,+19.6,OB	+2.27,+268.4,+20.6,BB	+6.90,+4.2,+19.5,MB	
1701211083.13693	+6.59,+13.6,+21.1,EA	+6.25,+37.6,+21.2,KA	+6.58,+20.8,+21.1,JA	+6.91,+2.3,+19.6,HB	+2.27,+268.5,+20.6,CB	+6.90,+4.2,+19.5,MB	
1701211145.1455102	+6.59,+13.6,+21.1,EA	+6.26,+37.6,+21.2,HA	+6.58,+20.7,+21.1,EA	+6.91,+2.4,+19.5,LB	+2.27,+268.5,+20.6,CB	+6.90,+4.2,+19.5,MB	
1701211207.1541197	+6.59,+13.6,+21.1,EA	+6.26,+37.5,+21.2,KA	+6.58,+20.7,+21.1,EA	+6.91,+2.4,+19.6,OB	+2.27,+268.4,+20.6,BB	+6.90,+4.2,+19.5,MB	
1701211269.1619005	+6.59,+13.6,+21.1,EA	+6.26,+37.6,+21.2,HA	+6.58,+20.7,+21.1,EA	+6.91,+2.4,+19.6,OB	+2.27,+268.4,+20.6,BB	+6.90,+4.2,+19.5,MB	
1701211331.1712792	+6.59,+13.6,+21.1,EA	+6.25,+37.6,+21.2,KA	+6.58,+20.8,+21.1,JA	+6.91,+2.4,+19.6,OB	+2.27,+268.5,+20.6,CB	+6.90,+4.2,+19.5,MB	
1701211393.1785653	+6.59,+13.6,+21.1,EA	+6.26,+37.5,+21.2,KA	+6.58,+20.8,+21.1,JA	+6.91,+2.3,+19.6,HB	+2.27,+268.5,+20.6,CB	+6.90,+4.2,+19.5,MB	
1701211455.186895	+6.59,+13.6,+21.1,EA	+6.26,+37.6,+21.2,HA	+6.58,+20.8,+21.1,JA	+6.91,+2.4,+19.6,OB	+2.27,+268.5,+20.6,CB	+6.90,+4.1,+19.5,NB	
1701211517.1968908	+6.59,+13.6,+21.1,EA	+6.25,+37.7,+21.2,JA	+6.58,+20.7,+21.1,EA	+6.91,+2.3,+19.6,HB	+2.27,+268.5,+20.6,CB	+6.90,+4.2,+19.5,MB	
1701211579.2044082	+6.59,+13.6,+21.1,EA	+6.26,+37.6,+21.2,HA	+6.58,+20.7,+21.1,EA	+6.91,+2.3,+19.6,HB	+2.27,+268.5,+20.6,CB	+6.90,+4.2,+19.5,MB	
1701211641.2135708	+6.59,+13.6,+21.1,EA	+6.26,+37.6,+21.2,HA	+6.58,+20.8,+21.1,JA	+6.91,+2.3,+19.6,HB	+2.27,+268.4,+20.6,BB	+6.90,+4.2,+19.5,MB	
1701211703.219205	+6.59,+13.6,+21.1,EA	+6.26,+37.6,+21.2,HA	+6.58,+20.8,+21.1,JA	+6.91,+2.4,+19.6,OB	+2.27,+268.5,+20.6,CB	+6.90,+4.2,+19.5,MB	
1701211765.227243	+6.59,+13.6,+21.1,EA	+6.26,+37.6,+21.2,HA	+6.58,+20.8,+21.1,JA	+6.91,+2.3,+19.6,HB	+2.27,+268.5,+20.6,CB	+6.90,+4.1,+19.5,NB	
1701211827.2378128	+6.59,+13.7,+21.1,DA	+6.26,+37.6,+21.2,HA	+6.58,+20.8,+21.1,JA	+6.91,+2.3,+19.6,HB	+2.27,+268.6,+20.6,@B	+6.90,+4.2,+19.6,NB	
1701211889.2465444	+6.59,+13.6,+21.1,EA	+6.25,+37.7,+21.2,JA	+6.58,+20.8,+21.1,JA	+6.91,+2.3,+19.6,HB	+2.27,+268.5,+20.6,CB	+6.90,+4.1,+19.5,NB	
1701211951.2559018	+6.59,+13.6,+21.1,EA	+6.26,+37.6,+21.2,HA	+6.58,+20.7,+21.1,EA	+6.91,+2.3,+19.6,HB	+2.27,+268.6,+20.6,@B	+6.90,+4.2,+19.5,MB	
1701212013.262976	+6.59,+13.6,+21.1,EA	+6.25,+37.7,+21.2,JA	+6.58,+20.8,+21.1,JA	+6.91,+2.3,+19.6,HB	+2.27,+268.6,+20.6,@B	+6.90,+4.2,+19.6,NB	
1701212075.2729483	+6.59,+13.6,+21.1,EA	+6.25,+37.7,+21.2,JA	+6.57,+20.9,+21.1,DA	+6.91,+2.3,+19.6,HB	+2.27,+268.4,+20.6,BB	+6.90,+4.2,+19.5,MB	
1701212137.284167	+6.59,+13.5,+21.1,FA	+6.25,+37.7,+21.2,JA	+6.57,+20.9,+21.1,DA	+6.91,+2.3,+19.6,HB	+2.27,+268.5,+20.5,@B	+6.90,+4.2,+19.5,MB	
1701212199.2925167	+6.59,+13.5,+21.1,FA	+6.26,+37.6,+21.2,HA	+6.58,+20.7,+21.1,EA	+6.91,+2.3,+19.6,HB	+2.27,+268.5,+20.6,CB	+6.90,+4.1,+19.6,MB	
1701212261.3001583	+6.59,+13.5,+21.1,FA	+6.26,+37.6,+21.2,HA	+6.58,+20.7,+21.1,EA	+6.91,+2.3,+19.6,HB	+2.27,+268.6,+20.5,CB	+6.90,+4.2,+19.5,MB	
1701212323.3074007	+6.59,+13.5,+21.1,FA	+6.26,+37.6,+21.2,HA	+6.58,+20.8,+21.1,JA	+6.91,+2.3,+19.6,HB	+2.27,+268.5,+20.5,@B	+6.90,+4.2,+19.5,MB	
1701212385.316043	+6.59,+13.5,+21.1,FA	+6.26,+37.6,+21.2,HA	+6.58,+20.7,+21.1,EA	+6.91,+2.3,+19.6,HB	+2.27,+268.6,+20.6,@B	+6.90,+4.2,+19.6,NB	
1701212447.3247054	+6.59,+13.5,+21.1,FA	+6.26,+37.6,+21.2,HA	+6.58,+20.8,+21.1,JA	+6.91,+2.3,+19.6,HB	+2.27,+268.3,+20.6,EB	+6.90,+4.2,+19.5,MB	
1701212509.3339899	+6.59,+13.6,+21.1,EA	+6.25,+37.7,+21.2,JA	+6.58,+20.7,+21.1,EA	+6.91,+2.4,+19.6,OB	+2.27,+268.3,+20.6,EB	+6.90,+4.2,+19.5,MB	
1701212571.3408535	+6.59,+13.5,+21.1,FA	+6.25,+37.7,+21.2,JA	+6.58,+20.8,+21.1,JA	+6.91,+2.3,+19.6,HB	+2.27,+268.3,+20.6,EB	+6.90,+4.2,+19.5,MB	
1701212816.9496107	+6.59,+13.6,+21.1,EA	+6.26,+37.6,+21.2,HA	+6.58,+20.7,+21.1,EA	+6.91,+2.3,+19.6,HB	+2.27,+268.2,+20.5,GB	+6.90,+4.2,+19.5,MB	
1701212878.9574852	+6.59,+13.6,+21.1,EA	+6.26,+37.5,+21.2,KA	+6.58,+20.8,+21.1,JA	+6.91,+2.4,+19.6,OB	+2.27,+268.6,+20.5,CB	+6.90,+4.2,+19.5,MB	
1701212940.9647605	+6.59,+13.5,+21.1,FA	+6.26,+37.5,+21.2,KA	+6.58,+20.8,+21.1,JA	+6.91,+2.4,+19.6,OB	+2.28,+268.2,+20.6,KB	+6.90,+4.2,+19.5,MB	
1701213002.974854	+6.59,+13.5,+21.1,FA	+6.26,+37.5,+21.2,KA	+6.58,+20.8,+21.1,JA	+6.91,+2.4,+19.6,OB	+2.27,+268.7,+20.5,BB	+6.90,+4.2,+19.5,MB	
1701213064.9815211	+6.59,+13.6,+21.1,EA	+6.26,+37.5,+21.2,KA	+6.58,+20.7,+21.1,EA	+6.91,+2.3,+19.6,HB	+2.27,+268.6,+20.5,CB	+6.90,+4.2,+19.5,MB	
1701213126.990221	+6.59,+13.6,+21.1,EA	+6.26,+37.5,+21.2,KA	+6.58,+20.8,+21.1,JA	+6.91,+2.3,+19.6,HB	+2.27,+268.5,+20.5,@B	+6.90,+4.2,+19.5,MB	
1701213188.9984243	+6.59,+13.5,+21.1,FA	+6.26,+37.5,+21.2,KA	+6.58,+20.7,+21.1,EA	+6.91,+2.3,+19.6,HB	+2.27,+268.5,+20.5,@B	+6.90,+4.3,+19.5,LB	
1701213251.0059097	+6.59,+13.6,+21.1,EA	+6.26,+37.5,+21.2,KA	+6.58,+20.8,+21.1,JA	+6.91,+2.3,+19.6,HB	+2.27,+268.6,+20.5,CB	+6.90,+4.1,+19.5,NB	
1701213313.0158343	+6.59,+13.6,+21.1,EA	+6.26,+37.5,+21.2,KA	+6.58,+20.8,+21.1,JA	+6.91,+2.3,+19.6,HB	+2.27,+268.5,+20.5,@B	+6.90,+4.1,+19.5,NB	
1701213375.025963	+6.59,+13.6,+21.1,EA	+6.26,+37.5,+21.2,KA	+6.58,+20.7,+21.1,EA	+6.91,+2.3,+19.6,HB	+2.27,+268.6,+20.5,CB	+6.90,+4.1,+19.5,NB	
1701213437.0349772	+6.59,+13.5,+21.1,FA	+6.26,+37.5,+21.2,KA	+6.58,+20.7,+21.1,EA	+6.91,+2.3,+19.6,HB	+2.27,+268.6,+20.5,CB	+6.90,+4.2,+19.6,NB	
1701213499.044874	+6.59,+13.5,+21.1,FA	+6.26,+37.5,+21.2,KA	+6.58,+20.8,+21.1,JA	+6.91,+2.3,+19.6,HB	+2.27,+268.5,+20.5,@B	+6.90,+4.2,+19.6,NB	
1701213561.054503	+6.59,+13.6,+21.1,EA	+6.26,+37.5,+21.2,KA	+6.58,+20.8,+21.1,JA	+6.91,+2.3,+19.6,HB	+2.27,+268.5,+20.5,@B	+6.90,+4.2,+19.5,MB	
1701213623.0628784	+6.59,+13.6,+21.1,EA	+6.26,+37.5,+21.2,KA	+6.58,+20.8,+21.2,IA	+6.91,+2.3,+19.6,HB	+2.27,+268.5,+20.5,@B	+6.90,+4.2,+19.6,NB	
1701213685.0713017	+6.59,+13.5,+21.1,FA	+6.26,+37.6,+21.2,HA	+6.58,+20.8,+21.1,JA	+6.91,+2.3,+19.6,HB	+2.27,+268.6,+20.5,CB	+6.90,+4.2,+19.6,NB	
1701213747.0808914	+6.59,+13.6,+21.1,EA	+6.26,+37.5,+21.2,KA	+6.58,+20.7,+21.1,EA	+6.91,+2.3,+19.6,HB	+2.27,+268.7,+20.5,BB	+6.90,+4.2,+19.6,NB	
1701213809.086396	+6.59,+13.6,+21.1,EA	+6.26,+37.5,+21.2,KA	+6.58,+20.8,+21.1,JA	+6.91,+2.3,+19.6,HB	+2.27,+268.6,+20.5,CB	+6.90,+4.2,+19.6,NB	
1701213871.0943842	+6.59,+13.6,+21.1,EA	+6.26,+37.6,+21.2,HA	+6.58,+20.7,+21.1,EA	+6.91,+2.3,+19.6,HB	+2.27,+268.7,+20.5,BB	+6.90,+4.1,+19.6,MB	
1701213933.102527	+6.59,+13.6,+21.1,EA	+6.26,+37.5,+21.2,KA	+6.58,+20.8,+21.1,JA	+6.91,+2.3,+19.6,HB	+2.27,+268.6,+20.5,CB	+6.90,+4.2,+19.5,MB	
1701213995.1131778	+6.59,+13.6,+21.1,EA	+6.26,+37.6,+21.2,HA	+6.58,+20.7,+21.1,EA	+6.91,+2.3,+19.6,HB	+2.27,+268.6,+20.5,CB	+6.90,+4.2,+19.6,NB	
1701214057.1234004	+6.59,+13.5,+21.1,FA	+6.26,+37.5,+21.2,KA	+6.58,+20.8,+21.1,JA	+6.91,+2.2,+19.6,IB	+2.27,+268.7,+20.5,BB	+6.90,+4.2,+19.6,NB	
1701214119.132774	+6.59,+13.5,+21.1,FA	+6.26,+37.6,+21.2,HA	+6.58,+20.8,+21.1,JA	+6.91,+2.3,+19.6,HB	+2.27,+268.6,+20.5,CB	+6.90,+4.1,+19.6,MB	
1701214181.1432714	+6.59,+13.6,+21.1,EA	+6.26,+37.5,+21.2,KA	+6.58,+20.7,+21.1,EA	+6.91,+2.3,+19.6,HB	+2.27,+268.7,+20.5,BB	+6.90,+4.2,+19.6,NB	
1701214243.151887	+6.59,+13.5,+21.1,FA	+6.26,+37.6,+21.2,HA	+6.58,+20.8,+21.1,JA	+6.91,+2.3,+19.6,HB	+2.27,+268.6,+20.5,CB	+6.90,+4.2,+19.6,NB	
1701214305.162347	+6.59,+13.6,+21.1,EA	+6.26,+37.5,+21.2,KA	+6.58,+20.8,+21.1,JA	+6.91,+2.3,+19.6,HB	+2.27,+268.5,+20.5,@B	+6.90,+4.2,+19.5,MB	
1701214367.1723979	+6.59,+13.6,+21.1,EA	+6.26,+37.5,+21.2,KA	+6.58,+20.7,+21.1,EA	+6.91,+2.3,+19.6,HB	+2.27,+268.7,+20.5,BB	+6.90,+4.2,+19.6,NB	
1701214429.1818407	+6.59,+13.6,+21.1,EA	+6.26,+37.5,+21.2,KA	+6.58,+20.7,+21.1,EA	+6.91,+2.3,+19.6,HB	+2.27,+268.7,+20.5,BB	+6.90,+4.2,+19.6,NB	
1701214491.193317	+6.59,+13.6,+21.1,EA	+6.26,+37.5,+21.2,KA	+6.58,+20.8,+21.1,JA	+6.91,+2.3,+19.6,HB	+2.26,+268.8,+20.5,LB	+6.90,+4.2,+19.5,MB	
1701214553.20232	+6.59,+13.6,+21.1,EA	+6.26,+37.5,+21.2,KA	+6.58,+20.6,+21.1,DA	+6.91,+2.3,+19.6,HB	+2.27,+268.7,+20.5,BB	+6.90,+4.2,+19.5,MB	
1701214615.2103522	+6.59,+13.6,+21.1,EA	+6.26,+37.4,+21.2,JA	+6.58,+20.7,+21.1,EA	+6.91,+2.3,+19.6,HB	+2.26,+268.8,+20.5,LB	+6.90,+4.2,+19.5,MB	
1701214677.2138782	+6.59,+13.6,+21.1,EA	+6.26,+37.5,+21.2,KA	+6.58,+20.8,+21.1,JA	+6.91,+2.3,+19.6,HB	+2.27,+268.7,+20.5,BB	+6.90,+4.2,+19.6,NB	
1701214739.2205307	+6.59,+13.6,+21.1,EA	+6.26,+37.5,+21.2,KA	+6.58,+20.7,+21.1,EA	+6.91,+2.3,+19.6,HB	+2.27,+268.7,+20.5,BB	+6.90,+4.2,+19.5,MB	
1701214801.2294157	+6.59,+13.6,+21.1,EA	+6.26,+37.4,+21.2,JA	+6.58,+20.7,+21.1,EA	+6.91,+2.2,+19.6,IB	+2.26,+268.8,+20.5,LB	+6.90,+4.2,+19.6,NB	
1701214863.23693	+6.59,+13.6,+21.1,EA	+6.26,+37.5,+21.2,KA	+6.58,+20.7,+21.1,EA	+6.91,+2.3,+19.6,HB	+2.26,+268.7,+20.5,CB	+6.90,+4.2,+19.6,NB	
1701214925.2454937	+6.59,+13.6,+21.1,EA	+6.26,+37.5,+21.2,KA	+6.58,+20.6,+21.1,DA	+6.91,+2.3,+19.6,HB	+2.26,+268.8,+20.5,LB	+6.90,+4.2,+19.6,NB	
1701214987.2543619	+6.59,+13.6,+21.1,EA	+6.26,+37.4,+21.2,JA	+6.58,+20.7,+21.1,EA	+6.91,+2.3,+19.6,HB	+2.26,+268.8,+20.5,LB	+6.90,+4.2,+19.6,NB	
1701215049.2648177	+6.59,+13.6,+21.1,EA	+6.26,+37.5,+21.2,KA	+6.58,+20.7,+21.1,EA	+6.91,+2.3,+19.6,HB	+2.27,+268.7,+20.5,BB	+6.90,+4.3,+19.6,OB	
1701215111.2746155	+6.59,+13.6,+21.1,EA	+6.26,+37.5,+21.2,KA	+6.58,+20.7,+21.2,FA	+6.91,+2.3,+19.6,HB	+2.27,+268.7,+20.5,BB	+6.90,+4.2,+19.6,NB	
1701215173.282471	+6.59,+13.6,+21.2,FA	+6.26,+37.4,+21.2,JA	+6.58,+20.8,+21.2,IA	+6.91,+2.2,+19.6,IB	+2.27,+268.7,+20.5,BB	+6.89,+4.3,+19.6,GB	
1701215235.2943914	+6.59,+13.6,+21.1,EA	+6.26,+37.4,+21.2,JA	+6.58,+20.8,+21.1,JA	+6.91,+2.3,+19.6,HB	+2.27,+268.5,+20.5,@B	+6.89,+4.3,+19.6,GB	
1701215297.302149	+6.59,+13.6,+21.1,EA	+6.26,+37.4,+21.2,JA	+6.58,+20.7,+21.1,EA	+6.91,+2.3,+19.6,HB	+2.27,+268.6,+20.5,CB	+6.89,+4.3,+19.6,GB	
1701215359.3094697	+6.59,+13.6,+21.1,EA	+6.26,+37.6,+21.2,HA	+6.58,+20.7,+21.1,EA	+6.91,+2.3,+19.6,HB	+2.26,+268.9,+20.5,MB	+6.90,+4.2,+19.6,NB	
1701215421.3184235	+6.59,+13.6,+21.1,EA	+6.26,+37.5,+21.2,KA	+6.58,+20.8,+21.2,IA	+6.91,+2.3,+19.6,HB	+2.26,+268.8,+20.5,LB	+6.89,+4.3,+19.6,GB	
1701215483.3278527	+6.59,+13.6,+21.1,EA	+6.26,+37.5,+21.2,KA	+6.58,+20.6,+21.1,DA	+6.91,+2.3,+19.6,HB	+2.26,+268.9,+20.5,MB	+6.89,+4.3,+19.6,GB	
1701215545.3375883	+6.59,+13.6,+21.1,EA	+6.26,+37.5,+21.2,KA	+6.58,+20.7,+21.1,EA	+6.91,+2.3,+19.6,HB	+2.27,+268.4,+20.5,AB	+6.89,+4.3,+19.6,GB	
1701215607.3476815	+6.59,+13.6,+21.1,EA	+6.26,+37.4,+21.2,JA	+6.58,+20.7,+21.1,EA	+6.91,+2.3,+19.6,HB	+2.27,+268.4,+20.5,AB	+6.90,+4.3,+19.6,OB	
1701215669.3578172	+6.59,+13.6,+21.1,EA	+6.26,+37.5,+21.2,KA	+6.58,+20.7,+21.1,EA	+6.91,+2.3,+19.6,HB	+2.27,+268.5,+20.5,@B	+6.90,+4.3,+19.6,OB	
1701215731.367779	+6.59,+13.6,+21.1,EA	+6.26,+37.4,+21.2,JA	+6.58,+20.7,+21.1,EA	+6.91,+2.2,+19.6,IB	+2.27,+268.5,+20.5,@B	+6.90,+4.2,+19.6,NB	
1701215793.3774974	+6.59,+13.6,+21.1,EA	+6.26,+37.5,+21.2,KA	+6.58,+20.7,+21.1,EA	+6.91,+2.3,+19.6,HB	+2.27,+268.5,+20.5,@B	+6.90,+4.2,+19.6,NB	
1701215855.3878162	+6.59,+13.5,+21.1,FA	+6.26,+37.4,+21.2,JA	+6.58,+20.7,+21.1,EA	+6.91,+2.2,+19.6,IB	+2.27,+268.6,+20.5,CB	+6.90,+4.2,+19.6,NB	
1701215917.3983295	+6.59,+13.5,+21.1,FA	+6.26,+37.4,+21.2,JA	+6.58,+20.7,+21.1,EA	+6.91,+2.3,+19.6,HB	+2.27,+268.6,+20.5,CB	+6.90,+4.2,+19.6,NB	
1701215979.4072921	+6.59,+13.6,+21.1,EA	+6.26,+37.3,+21.2,MA	+6.58,+20.6,+21.1,DA	+6.91,+2.3,+19.6,HB	+2.27,+268.5,+20.5,@B	+6.90,+4.3,+19.6,OB	
1701216041.418315	+6.59,+13.5,+21.2,EA	+6.26,+37.4,+21.2,JA	+6.58,+20.7,+21.1,EA	+6.91,+2.3,+19.6,HB	+2.27,+268.5,+20.5,@B	+6.90,+4.3,+19.6,OB	
1701216103.4290037	+6.59,+13.5,+21.1,FA	+6.26,+37.4,+21.2,JA	+6.58,+20.7,+21.1,EA	+6.91,+2.3,+19.6,HB	+2.27,+268.6,+20.5,CB	+6.90,+4.2,+19.6,NB	
1701216165.4371507	+6.59,+13.5,+21.1,FA	+6.26,+37.3,+21.2,MA	+6.58,+20.7,+21.1,EA	+6.91,+2.3,+19.6,HB	+2.27,+268.6,+20.5,CB	+6.90,+4.2,+19.6,NB	
1701216227.4476433	+6.59,+13.6,+21.2,FA	+6.26,+37.4,+21.2,JA	+6.58,+20.7,+21.2,FA	+6.91,+2.3,+19.6,HB	+2.27,+268.7,+20.5,BB	+6.90,+4.2,+19.6,NB	
1701216289.4548395	+6.59,+13.5,+21.2,EA	+6.26,+37.3,+21.2,MA	+6.58,+20.7,+21.2,FA	+6.91,+2.3,+19.7,IB	+2.27,+268.6,+20.5,CB	+6.90,+4.2,+19.6,NB	
1701216351.4652777	+6.59,+13.5,+21.1,FA	+6.26,+37.3,+21.2,MA	+6.58,+20.6,+21.2,GA	+6.91,+2.3,+19.6,HB	+2.26,+268.8,+20.5,LB	+6.90,+4.2,+19.6,NB	
1701216413.475531	+6.59,+13.5,+21.2,EA	+6.26,+37.3,+21.2,MA	+6.58,+20.7,+21.2,FA	+6.91,+2.3,+19.7,IB	+2.27,+268.6,+20.5,CB	+6.90,+4.2,+19.6,NB	
1701216659.04971	+6.59,+13.5,+21.2,EA	+6.26,+37.3,+21.2,MA	+6.58,+20.7,+21.2,FA	+6.91,+2.2,+19.7,HB	+2.28,+268.2,+20.5,HB	+6.90,+4.2,+19.6,NB	
1701216721.058966	+6.59,+13.6,+21.1,EA	+6.26,+37.3,+21.2,MA	+6.58,+20.7,+21.2,FA	+6.91,+2.2,+19.7,HB	+2.27,+268.5,+20.5,@B	+6.90,+4.2,+19.7,OB	
1701216783.0653152	+6.59,+13.6,+21.2,FA	+6.26,+37.4,+21.2,JA	+6.58,+20.7,+21.2,FA	+6.91,+2.2,+19.7,HB	+2.27,+268.5,+20.5,@B	+6.90,+4.2,+19.7,OB	
1701216845.0742834	+6.59,+13.6,+21.2,FA	+6.26,+37.3,+21.2,MA	+6.58,+20.7,+21.2,FA	+6.91,+2.2,+19.7,HB	+2.27,+268.5,+20.5,@B	+6.90,+4.2,+19.6,NB	
1701216907.0816548	+6.59,+13.5,+21.2,EA	+6.26,+37.3,+21.2,MA	+6.58,+20.7,+21.2,FA	+6.91,+2.3,+19.7,IB	+2.27,+268.6,+20.5,CB	+6.90,+4.2,+19.6,NB	
1701216969.090459	+6.59,+13.6,+21.2,FA	+6.26,+37.3,+21.2,MA	+6.58,+20.7,+21.2,FA	+6.91,+2.2,+19.7,HB	+2.27,+268.5,+20.5,@B	+6.90,+4.2,+19.7,OB	
1701217031.1001894	+6.59,+13.6,+21.1,EA	+6.26,+37.2,+21.3,MA	+6.58,+20.6,+21.2,GA	+6.91,+2.2,+19.7,HB	+2.27,+268.6,+20.5,CB	+6.90,+4.2,+19.6,NB	
1701217093.109176	+6.59,+13.6,+21.2,FA	+6.26,+37.2,+21.3,MA	+6.58,+20.7,+21.2,FA	+6.91,+2.2,+19.7,HB	+2.27,+268.7,+20.5,BB	+6.90,+4.2,+19.7,OB	
1701217155.1179225	+6.59,+13.6,+21.2,FA	+6.26,+37.3,+21.3,LA	+6.58,+20.7,+21.2,FA	+6.91,+2.3,+19.7,IB	+2.27,+268.6,+20.5,CB	+6.90,+4.1,+19.7,LB	
1701217217.1267774	+6.59,+13.6,+21.2,FA	+6.26,+37.2,+21.2,LA	+6.58,+20.6,+21.2,GA	+6.91,+2.2,+19.7,HB	+2.27,+268.4,+20.5,AB	+6.90,+4.2,+19.6,NB	
1701217279.1356974	+6.59,+13.6,+21.2,FA	+6.26,+37.2,+21.3,MA	+6.58,+20.6,+21.2,GA	+6.91,+2.2,+19.7,HB	+2.27,+268.7,+20.5,BB	+6.90,+4.2,+19.7,OB	
1701217341.1441214	+6.59,+13.6,+21.2,FA	+6.26,+37.3,+21.3,LA	+6.58,+20.6,+21.2,GA	+6.91,+2.2,+19.7,HB	+2.26,+268.8,+20.5,LB	+6.90,+4.2,+19.7,OB	
1701217403.1528873	+6.59,+13.6,+21.2,FA	+6.26,+37.3,+21.3,LA	+6.58,+20.5,+21.2,DA	+6.91,+2.3,+19.7,IB	+2.26,+268.8,+20.5,LB	+6.90,+4.2,+19.7,OB	
1701217465.1616108	+6.59,+13.6,+21.2,FA	+6.26,+37.3,+21.2,MA	+6.58,+20.7,+21.2,FA	+6.91,+2.3,+19.7,IB	+2.26,+268.8,+20.5,LB	+6.90,+4.1,+19.7,LB	
1701217527.171909	+6.59,+13.6,+21.2,FA	+6.26,+37.2,+21.3,MA	+6.58,+20.5,+21.2,DA	+6.91,+2.2,+19.7,HB	+2.26,+269.0,+20.5,EB	+6.90,+4.2,+19.7,OB	
1701217589.1824827	+6.59,+13.5,+21.2,EA	+6.26,+37.2,+21.3,MA	+6.58,+20.6,+21.2,GA	+6.91,+2.2,+19.7,HB	+2.26,+269.0,+20.5,EB	+6.90,+4.2,+19.7,OB	
1701217651.189265	+6.59,+13.6,+21.2,FA	+6.26,+37.1,+21.3,NA	+6.58,+20.6,+21.2,GA	+6.91,+2.3,+19.7,IB	+2.26,+269.1,+20.5,DB	+6.90,+4.2,+19.7,OB	
1701217713.19865	+6.59,+13.6,+21.2,FA	+6.26,+37.2,+21.3,MA	+6.58,+20.6,+21.2,GA	+6.91,+2.2,+19.7,HB	+2.26,+269.2,+20.5,GB	+6.90,+4.2,+19.7,OB	
1701217775.2083616	+6.59,+13.6,+21.2,FA	+6.26,+37.2,+21.3,MA	+6.58,+20.6,+21.2,GA	+6.92,+2.2,+19.7,KB	+2.26,+269.1,+20.5,DB	+6.90,+4.2,+19.7,OB	
1701217837.2171974	+6.59,+13.6,+21.2,FA	+6.26,+37.2,+21.3,MA	+6.58,+20.6,+21.2,GA	+6.91,+2.2,+19.7,HB	+2.26,+269.2,+20.5,GB	+6.90,+4.2,+19.7,OB	
1701217899.2265978	+6.59,+13.6,+21.2,FA	+6.26,+37.2,+21.3,MA	+6.58,+20.6,+21.2,GA	+6.91,+2.2,+19.7,HB	+2.26,+269.3,+20.5,FB	+6.90,+4.2,+19.7,OB	
1701217961.2362223	+6.59,+13.6,+21.2,FA	+6.26,+37.2,+21.3,MA	+6.58,+20.7,+21.2,FA	+6.91,+2.2,+19.7,HB	+2.25,+269.4,+20.5,BB	+6.90,+4.2,+19.7,OB	
1701218023.2461667	+6.59,+13.6,+21.2,FA	+6.26,+37.2,+21.3,MA	+6.58,+20.6,+21.2,GA	+6.91,+2.2,+19.7,HB	+2.25,+269.4,+20.5,BB	+6.90,+4.1,+19.7,LB	
1701218085.2538867	+6.59,+13.6,+21.2,FA	+6.26,+37.1,+21.3,NA	+6.58,+20.7,+21.2,FA	+6.91,+2.2,+19.7,HB	+2.25,+269.4,+20.5,BB	+6.90,+4.2,+19.7,OB	
1701218147.264677	+6.59,+13.6,+21.2,FA	+6.26,+37.2,+21.3,MA	+6.58,+20.6,+21.3,FA	+6.91,+2.2,+19.7,HB	+2.25,+269.4,+20.5,BB	+6.90,+4.1,+19.7,LB	
1701218209.2725508	+6.59,+13.6,+21.2,FA	+6.26,+37.2,+21.3,MA	+6.58,+20.6,+21.2,GA	+6.91,+2.2,+19.7,HB	+2.26,+269.3,+20.5,FB	+6.90,+4.2,+19.7,OB	
1701218271.2810605	+6.59,+13.6,+21.2,FA	+6.26,+37.1,+21.3,NA	+6.58,+20.6,+21.2,GA	+6.91,+2.2,+19.7,HB	+2.25,+269.5,+20.5,CB	+6.90,+4.2,+19.7,OB	
1701218333.2903295	+6.59,+13.6,+21.2,FA	+6.26,+37.1,+21.3,NA	+6.58,+20.6,+21.2,GA	+6.91,+2.2,+19.7,HB	+2.25,+269.5,+20.5,CB	+6.90,+4.2,+19.7,OB	
1701218395.3006694	+6.59,+13.6,+21.2,FA	+6.26,+37.1,+21.3,NA	+6.58,+20.6,+21.2,GA	+6.91,+2.2,+19.7,HB	+2.25,+269.4,+20.5,BB	+6.90,+4.2,+19.7,OB	
1701218457.3092859	+6.59,+13.6,+21.2,FA	+6.27,+37.0,+21.3,NA	+6.58,+20.6,+21.3,FA	+6.92,+2.1,+19.7,HB	+2.25,+269.6,+20.5,@B	+6.90,+4.1,+19.7,LB	
1701218519.3161242	+6.59,+13.6,+21.2,FA	+6.27,+37.0,+21.3,NA	+6.58,+20.5,+21.2,DA	+6.91,+2.2,+19.7,HB	+2.25,+269.4,+20.5,BB	+6.90,+4.1,+19.7,LB	
1701218581.3259974	+6.59,+13.6,+21.2,FA	+6.26,+37.1,+21.3,NA	+6.58,+20.6,+21.3,FA	+6.91,+2.2,+19.7,HB	+2.25,+269.5,+20.5,CB	+6.90,+4.2,+19.7,OB	
1701218643.3352005	+6.59,+13.6,+21.2,FA	+6.26,+37.1,+21.3,NA	+6.58,+20.5,+21.3,EA	+6.91,+2.2,+19.7,HB	+2.25,+269.4,+20.5,BB	+6.90,+4.2,+19.7,OB	
1701218705.343812	+6.59,+13.6,+21.2,FA	+6.27,+37.0,+21.3,NA	+6.58,+20.6,+21.3,FA	+6.91,+2.2,+19.8,GB	+2.25,+269.4,+20.5,BB	+6.90,+4.0,+19.7,MB	
1701218767.35254	+6.59,+13.7,+21.2,GA	+6.27,+37.0,+21.3,NA	+6.58,+20.5,+21.3,EA	+6.91,+2.3,+19.8,FB	+2.25,+269.5,+20.5,CB	+6.90,+4.1,+19.7,LB	
1701218829.3612173	+6.59,+13.6,+21.3,GA	+6.27,+37.0,+21.3,NA	+6.58,+20.6,+21.3,FA	+6.91,+2.2,+19.8,GB	+2.25,+269.6,+20.5,@B	+6.90,+4.1,+19.8,CB	
1701218891.3702579	+6.59,+13.6,+21.2,FA	+6.27,+37.0,+21.3,NA	+6.58,+20.6,+21.3,FA	+6.91,+2.3,+19.8,FB	+2.25,+269.8,+20.5,NB	+6.90,+4.2,+19.8,@B	
1701218953.3797448	+6.59,+13.7,+21.3,FA	+6.26,+37.1,+21.3,NA	+6.58,+20.6,+21.3,FA	+6.92,+2.1,+19.8,GB	+2.25,+269.7,+20.5,AB	+6.90,+4.1,+19.7,LB	
1701219015.389586	+6.59,+13.6,+21.2,FA	+6.26,+37.1,+21.3,NA	+6.58,+20.7,+21.3,GA	+6.91,+2.2,+19.8,GB	+2.25,+269.7,+20.5,AB	+6.90,+4.1,+19.8,CB	
1701219077.3997207	+6.59,+13.6,+21.2,FA	+6.27,+37.0,+21.3,NA	+6.58,+20.7,+21.3,GA	+6.92,+2.2,+19.8,DB	+2.25,+269.8,+20.5,NB	+6.90,+4.0,+19.7,MB	
1701219139.4088395	+6.59,+13.7,+21.3,FA	+6.26,+37.1,+21.3,NA	+6.58,+20.6,+21.3,FA	+6.91,+2.2,+19.8,GB	+2.25,+269.8,+20.5,NB	+6.90,+4.1,+19.8,CB	
1701219201.4160323	+6.59,+13.6,+21.2,FA	+6.27,+37.0,+21.3,NA	+6.58,+20.7,+21.3,GA	+6.91,+2.2,+19.8,GB	+2.25,+269.8,+20.5,NB	+6.90,+4.1,+19.8,CB	
1701219263.4248354	+6.59,+13.6,+21.3,GA	+6.27,+37.0,+21.3,NA	+6.58,+20.5,+21.3,EA	+6.91,+2.2,+19.8,GB	+2.25,+269.9,+20.5,OB	+6.90,+4.1,+19.8,CB	
1701219325.4346461	+6.59,+13.6,+21.2,FA	+6.27,+36.9,+21.3,FA	+6.58,+20.5,+21.3,EA	+6.91,+2.2,+19.8,GB	+2.25,+269.7,+20.5,AB	+6.90,+4.0,+19.8,BB	
1701219387.4430604	+6.59,+13.7,+21.2,GA	+6.27,+36.9,+21.3,FA	+6.58,+20.6,+21.3,FA	+6.91,+2.2,+19.8,GB	+2.25,+269.9,+20.6,LB	+6.90,+4.1,+19.8,CB	
1701219449.4517982	+6.59,+13.6,+21.3,GA	+6.27,+36.9,+21.3,FA	+6.58,+20.6,+21.3,FA	+6.91,+2.2,+19.8,GB	+2.24,+270.0,+20.5,OB	+6.90,+4.1,+19.8,CB	
1701219511.4585514	+6.59,+13.7,+21.3,FA	+6.26,+37.1,+21.3,NA	+6.58,+20.5,+21.3,EA	+6.91,+2.2,+19.8,GB	+2.24,+269.9,+20.5,NB	+6.90,+4.1,+19.8,CB	
1701219573.468768	+6.59,+13.7,+21.3,FA	+6.27,+36.9,+21.3,FA	+6.58,+20.6,+21.3,FA	+6.91,+2.2,+19.8,GB	+2.24,+270.0,+20.5,OB	+6.90,+4.1,+19.8,CB	
1701219635.4791768	+6.59,+13.6,+21.3,GA	+6.27,+37.0,+21.3,NA	+6.58,+20.6,+21.3,FA	+6.92,+2.1,+19.8,GB	+2.24,+270.1,+20.5,NB	+6.90,+4.2,+19.8,@B	
1701219697.4872591	+6.59,+13.7,+21.3,FA	+6.26,+37.1,+21.3,NA	+6.58,+20.5,+21.3,EA	+6.91,+2.2,+19.8,GB	+2.24,+270.2,+20.5,MB	+6.90,+4.1,+19.8,CB	
1701219759.495547	+6.59,+13.6,+21.3,GA	+6.27,+37.0,+21.3,NA	+6.58,+20.4,+21.3,DA	+6.91,+2.2,+19.8,GB	+2.24,+270.1,+20.5,NB	+6.90,+4.1,+19.8,CB	
1701219821.5025804	+6.59,+13.7,+21.3,FA	+6.27,+37.0,+21.4,IA	+6.58,+20.5,+21.3,EA	+6.91,+2.2,+19.8,GB	+2.24,+270.1,+20.5,NB	+6.90,+4.1,+19.8,CB	
1701219883.5118454	+6.59,+13.7,+21.3,FA	+6.27,+36.9,+21.4,AA	+6.58,+20.5,+21.3,EA	+6.91,+2.2,+19.8,GB	+2.24,+270.1,+20.5,NB	+6.90,+4.1,+19.8,CB	
1701219945.5199983	+6.59,+13.6,+21.3,GA	+6.27,+37.0,+21.4,IA	+6.58,+20.6,+21.3,FA	+6.92,+2.2,+19.8,DB	+2.24,+270.2,+20.5,MB	+6.90,+4.1,+19.8,CB	
1701220007.5299838	+6.59,+13.6,+21.3,GA	+6.27,+37.0,+21.4,IA	+6.58,+20.6,+21.3,FA	+6.91,+2.2,+19.8,GB	+2.24,+270.0,+20.5,OB	+6.90,+4.2,+19.8,@B	
1701220069.5402696	+6.59,+13.6,+21.3,GA	+6.27,+36.9,+21.4,AA	+6.58,+20.5,+21.3,EA	+6.91,+2.2,+19.8,GB	+2.24,+270.0,+20.6,LB	+6.90,+4.1,+19.8,CB	
1701220131.549588	+6.59,+13.6,+21.3,GA	+6.27,+36.9,+21.4,AA	+6.58,+20.6,+21.3,FA	+6.92,+2.2,+19.8,DB	+2.25,+269.9,+20.5,OB	+6.90,+4.1,+19.8,CB	
1701220193.559742	+6.59,+13.6,+21.3,GA	+6.27,+36.9,+21.4,AA	+6.58,+20.6,+21.3,FA	+6.91,+2.2,+19.8,GB	+2.24,+270.3,+20.6,OB	+6.90,+4.1,+19.8,CB	
1701220255.5703886	+6.59,+13.5,+21.3,DA	+6.27,+36.9,+21.4,AA	+6.58,+20.6,+21.3,FA	+6.92,+2.1,+19.8,GB	+2.24,+270.3,+20.5,LB	+6.90,+4.1,+19.8,CB	
1701220501.128765	+6.59,+13.6,+21.3,GA	+6.27,+36.8,+21.4,@A	+6.58,+20.6,+21.3,FA	+6.91,+2.2,+19.9,FB	+2.24,+270.2,+20.6,NB	+6.90,+4.1,+19.9,BB	
1701220563.1417832	+6.59,+13.6,+21.3,GA	+6.27,+36.9,+21.4,AA	+6.58,+20.5,+21.4,BA	+6.92,+2.2,+19.8,DB	+2.25,+269.4,+20.6,AB	+6.90,+4.1,+19.8,CB	
1701220625.151438	+6.59,+13.6,+21.3,GA	+6.27,+36.8,+21.4,@A	+6.58,+20.6,+21.3,FA	+6.91,+2.2,+19.8,GB	+2.25,+269.5,+20.6,@B	+6.90,+4.1,+19.8,CB	
1701220687.1625068	+6.59,+13.6,+21.3,GA	+6.27,+36.9,+21.4,AA	+6.58,+20.6,+21.3,FA	+6.91,+2.2,+19.8,GB	+2.25,+269.6,+20.6,CB	+6.90,+4.1,+19.8,CB	
1701220749.1727538	+6.59,+13.6,+21.3,GA	+6.27,+36.9,+21.4,AA	+6.58,+20.5,+21.3,EA	+6.91,+2.2,+19.8,GB	+2.24,+270.0,+20.6,LB	+6.90,+4.1,+19.8,CB	
1701220811.1824276	+6.59,+13.6,+21.3,GA	+6.27,+36.9,+21.4,AA	+6.58,+20.5,+21.4,BA	+6.92,+2.2,+19.8,DB	+2.24,+270.4,+20.6,HB	+6.90,+4.1,+19.9,BB	
1701220873.1922102	+6.59,+13.6,+21.3,GA	+6.27,+36.8,+21.4,@A	+6.58,+20.6,+21.3,FA	+6.92,+2.2,+19.8,DB	+2.24,+270.5,+20.6,IB	+6.90,+4.1,+19.9,BB	
1701220935.2012746	+6.59,+13.6,+21.3,GA	+6.27,+36.8,+21.4,@A	+6.58,+20.5,+21.4,BA	+6.92,+2.1,+19.8,GB	+2.23,+270.6,+20.6,MB	+6.90,+4.1,+19.8,CB	
1701220997.2102554	+6.59,+13.6,+21.3,GA	+6.27,+36.9,+21.4,AA	+6.58,+20.5,+21.4,BA	+6.92,+2.1,+19.9,FB	+2.23,+270.7,+20.6,LB	+6.90,+4.0,+19.9,CB	
1701221059.2195919	+6.59,+13.6,+21.3,GA	+6.27,+36.8,+21.4,@A	+6.58,+20.6,+21.4,AA	+6.92,+2.1,+19.8,GB	+2.23,+270.7,+20.6,LB	+6.90,+4.1,+19.8,CB	
1701221121.2266152	+6.59,+13.7,+21.3,FA	+6.27,+36.8,+21.4,@A	+6.58,+20.5,+21.4,BA	+6.92,+2.1,+19.8,GB	+2.23,+270.7,+20.6,LB	+6.90,+4.1,+19.9,BB	
1701221183.23737	+6.59,+13.6,+21.3,GA	+6.27,+36.8,+21.4,@A	+6.58,+20.6,+21.4,AA	+6.92,+2.1,+19.9,FB	+2.24,+270.4,+20.6,HB	+6.90,+4.1,+19.9,BB	
1701221245.2457848	+6.59,+13.7,+21.3,FA	+6.27,+36.7,+21.4,OA	+6.58,+20.6,+21.4,AA	+6.92,+2.1,+19.9,FB	+2.24,+270.3,+20.6,OB	+6.90,+4.0,+19.9,CB	
1701221307.2553792	+6.59,+13.6,+21.4,@A	+6.27,+36.8,+21.4,@A	+6.58,+20.6,+21.4,AA	+6.92,+2.1,+19.9,FB	+2.24,+270.5,+20.6,IB	+6.90,+4.1,+19.9,BB	
1701221369.2647178	+6.59,+13.6,+21.4,@A	+6.27,+36.8,+21.4,@A	+6.58,+20.5,+21.3,EA	+6.92,+2.2,+19.9,EB	+2.23,+270.6,+20.6,MB	+6.90,+4.1,+19.9,BB	
1701221431.2711198	+6.59,+13.6,+21.3,GA	+6.27,+36.8,+21.5,AA	+6.58,+20.5,+21.4,BA	+6.92,+2.1,+19.9,FB	+2.23,+270.6,+20.6,MB	+6.90,+4.1,+19.9,BB	
1701221493.2796986	+6.59,+13.6,+21.4,@A	+6.27,+36.7,+21.5,NA	+6.58,+20.6,+21.4,AA	+6.92,+2.1,+19.9,FB	+2.23,+270.6,+20.6,MB	+6.90,+4.1,+19.9,BB	
1701221555.288803	+6.59,+13.6,+21.4,@A	+6.27,+36.7,+21.4,OA	+6.58,+20.5,+21.4,BA	+6.92,+2.1,+19.9,FB	+2.23,+270.7,+20.6,LB	+6.90,+4.1,+19.9,BB	
1701221617.2984314	+6.59,+13.7,+21.3,FA	+6.27,+36.8,+21.4,@A	+6.58,+20.6,+21.4,AA	+6.92,+2.2,+19.9,EB	+2.23,+270.7,+20.6,LB	+6.90,+4.1,+19.9,BB	
1701221679.3063543	+6.59,+13.7,+21.4,AA	+6.27,+36.7,+21.4,OA	+6.58,+20.5,+21.4,BA	+6.92,+2.1,+19.9,FB	+2.23,+270.7,+20.6,LB	+6.90,+4.1,+19.9,BB	
1701221741.3166163	+6.59,+13.7,+21.4,AA	+6.27,+36.7,+21.5,NA	+6.58,+20.5,+21.4,BA	+6.92,+2.1,+19.9,FB	+2.23,+270.8,+20.6,CB	+6.90,+4.1,+19.9,BB	
1701221803.3256233	+6.59,+13.7,+21.4,AA	+6.27,+36.7,+21.4,OA	+6.58,+20.6,+21.4,AA	+6.92,+2.1,+19.9,FB	+2.23,+270.8,+20.6,CB	+6.90,+4.1,+19.9,BB	
1701221865.3352778	+6.59,+13.6,+21.4,@A	+6.27,+36.8,+21.5,AA	+6.58,+20.6,+21.4,AA	+6.92,+2.1,+19.9,FB	+2.23,+270.8,+20.6,CB	+6.90,+4.1,+19.9,BB	
1701221927.3446507	+6.59,+13.7,+21.4,AA	+6.27,+36.8,+21.5,AA	+6.58,+20.6,+21.4,AA	+6.92,+2.1,+19.9,FB	+2.23,+270.8,+20.6,CB	+6.90,+4.1,+19.9,BB	
1701221989.3520284	+6.59,+13.6,+21.4,@A	+6.27,+36.7,+21.5,NA	+6.58,+20.6,+21.4,AA	+6.92,+2.1,+19.9,FB	+2.23,+270.7,+20.6,LB	+6.90,+4.1,+19.9,BB	
1701222051.3617983	+6.59,+13.7,+21.4,AA	+6.27,+36.8,+21.5,AA	+6.58,+20.5,+21.4,BA	+6.92,+2.1,+19.9,FB	+2.23,+270.9,+20.6,BB	+6.90,+4.1,+19.9,BB	
1701222113.3691018	+6.59,+13.7,+21.4,AA	+6.27,+36.7,+21.5,NA	+6.58,+20.6,+21.4,AA	+6.92,+2.1,+19.9,FB	+2.23,+270.7,+20.6,LB	+6.90,+4.1,+19.9,BB	
1701222175.3752327	+6.59,+13.7,+21.4,AA	+6.27,+36.7,+21.5,NA	+6.58,+20.6,+21.4,AA	+6.92,+2.1,+19.9,FB	+2.23,+270.7,+20.6,LB	+6.90,+4.1,+19.9,BB	
1701222237.3846583	+6.59,+13.6,+21.4,@A	+6.27,+36.7,+21.5,NA	+6.58,+20.5,+21.4,BA	+6.92,+2.1,+19.9,FB	+2.23,+270.8,+20.6,CB	+6.90,+4.1,+19.9,BB	
1701222299.39046	+6.59,+13.7,+21.4,AA	+6.27,+36.8,+21.5,AA	+6.58,+20.5,+21.4,BA	+6.92,+2.1,+19.9,FB	+2.23,+270.7,+20.6,LB	+6.90,+4.1,+19.9,BB	
1701222361.3980992	+6.59,+13.7,+21.4,AA	+6.27,+36.8,+21.5,AA	+6.58,+20.4,+21.4,CA	+6.92,+2.1,+19.9,FB	+2.23,+270.9,+20.6,BB	+6.90,+4.0,+19.9,CB	
1701222423.405656	+6.59,+13.7,+21.4,AA	+6.27,+36.8,+21.5,AA	+6.58,+20.5,+21.4,BA	+6.92,+2.1,+19.9,FB	+2.23,+271.1,+20.6,KB	+6.90,+4.1,+19.9,BB	
1701222485.4151127	+6.59,+13.6,+21.4,@A	+6.27,+36.7,+21.5,NA	+6.58,+20.5,+21.4,BA	+6.91,+2.2,+19.9,FB	+2.23,+271.2,+20.7,IB	+6.90,+4.1,+19.9,BB	
1701222547.4241977	+6.59,+13.7,+21.4,AA	+6.27,+36.8,+21.5,AA	+6.58,+20.5,+21.4,BA	+6.92,+2.1,+19.9,FB	+2.22,+271.2,+20.6,IB	+6.90,+4.1,+19.9,BB	
1701222609.4340665	+6.59,+13.7,+21.4,AA	+6.27,+36.7,+21.5,NA	+6.58,+20.5,+21.4,BA	+6.91,+2.2,+19.9,FB	+2.23,+270.9,+20.6,BB	+6.90,+4.1,+20.0,AB	
1701222671.4426572	+6.59,+13.7,+21.4,AA	+6.27,+36.7,+21.5,NA	+6.58,+20.4,+21.4,CA	+6.92,+2.1,+19.9,FB	+2.22,+271.2,+20.6,IB	+6.90,+4.0,+20.0,@B	
1701222733.4509363	+6.59,+13.7,+21.4,AA	+6.27,+36.8,+21.5,AA	+6.58,+20.6,+21.5,@A	+6.92,+2.0,+20.0,DB	+2.22,+271.2,+20.6,IB	+6.90,+4.1,+20.0,AB	
1701222795.4588223	+6.59,+13.7,+21.4,AA	+6.27,+36.8,+21.5,AA	+6.58,+20.4,+21.5,BA	+6.92,+2.1,+19.9,FB	+2.22,+271.4,+20.6,OB	+6.90,+4.1,+20.0,AB	
1701222857.4712887	+6.59,+13.7,+21.4,AA	+6.27,+36.8,+21.5,AA	+6.58,+20.6,+21.5,@A	+6.92,+2.1,+20.0,EB	+2.22,+271.3,+20.6,HB	+6.90,+4.1,+20.0,AB	
1701222919.480898	+6.59,+13.7,+21.4,AA	+6.27,+36.8,+21.5,AA	+6.58,+20.6,+21.5,@A	+6.92,+2.1,+20.0,EB	+2.22,+271.4,+20.6,OB	+6.90,+4.1,+20.0,AB	
1701222981.4876807	+6.59,+13.7,+21.4,AA	+6.27,+36.8,+21.5,AA	+6.58,+20.5,+21.5,CA	+6.92,+2.1,+20.0,EB	+2.22,+271.4,+20.6,OB	+6.90,+4.1,+20.0,AB	
1701223043.4994597	+6.58,+13.7,+21.4,@A	+6.27,+36.8,+21.5,AA	+6.58,+20.6,+21.5,@A	+6.92,+2.1,+20.0,EB	+2.22,+271.5,+20.6,NB	+6.90,+4.1,+20.0,AB	
1701223105.5092723	+6.59,+13.7,+21.4,AA	+6.27,+36.8,+21.5,AA	+6.58,+20.6,+21.5,@A	+6.92,+2.1,+20.0,EB	+2.22,+271.4,+20.6,OB	+6.90,+4.1,+20.0,AB	
1701223167.5177643	+6.58,+13.8,+21.4,OA	+6.27,+36.7,+21.5,NA	+6.58,+20.6,+21.5,@A	+6.92,+2.1,+20.0,EB	+2.23,+271.0,+20.7,KB	+6.90,+4.0,+20.0,@B	
1701223229.526346	+6.59,+13.7,+21.4,AA	+6.27,+36.9,+21.5,@A	+6.58,+20.5,+21.5,CA	+6.92,+2.1,+20.0,EB	+2.23,+271.1,+20.7,JB	+6.90,+4.2,+20.0,BB	
1701223291.5365627	+6.59,+13.7,+21.4,AA	+6.27,+36.8,+21.5,AA	+6.58,+20.5,+21.5,CA	+6.92,+2.1,+20.0,EB	+2.23,+271.2,+20.7,IB	+6.90,+4.1,+20.0,AB	
1701223353.5449038	+6.58,+13.7,+21.5,AA	+6.27,+36.7,+21.5,NA	+6.58,+20.6,+21.5,@A	+6.92,+2.1,+20.0,EB	+2.22,+271.2,+20.6,IB	+6.90,+4.1,+20.0,AB	
1701223415.5508125	+6.59,+13.7,+21.5,@A	+6.27,+36.8,+21.5,AA	+6.58,+20.5,+21.5,CA	+6.92,+2.1,+19.9,FB	+2.23,+271.1,+20.6,KB	+6.90,+4.0,+20.0,@B	
1701223477.5606513	+6.59,+13.7,+21.4,AA	+6.27,+36.8,+21.5,AA	+6.58,+20.5,+21.5,CA	+6.92,+2.1,+20.0,EB	+2.22,+271.2,+20.7,HB	+6.90,+4.0,+20.0,@B	
1701223539.5705445	+6.59,+13.7,+21.4,AA	+6.27,+36.7,+21.5,NA	+6.58,+20.5,+21.5,CA	+6.92,+2.1,+20.0,EB	+2.22,+271.2,+20.6,IB	+6.90,+4.1,+20.0,AB	
1701223601.5723155	+6.59,+13.7,+21.4,AA	+6.27,+36.8,+21.5,AA	+6.58,+20.4,+21.5,BA	+6.92,+2.1,+20.0,EB	+2.22,+271.3,+20.6,HB	+6.90,+4.1,+20.0,AB	
1701223663.585646	+6.59,+13.7,+21.5,@A	+6.27,+36.7,+21.5,NA	+6.58,+20.6,+21.5,@A	+6.92,+2.1,+20.0,EB	+2.22,+271.2,+20.7,HB	+6.90,+4.1,+20.0,AB	
1701223725.5941298	+6.58,+13.8,+21.5,NA	+6.27,+36.8,+21.5,AA	+6.58,+20.6,+21.5,@A	+6.92,+2.1,+20.0,EB	+2.22,+271.3,+20.7,IB	+6.90,+4.1,+20.0,AB	
1701223787.6046185	+6.59,+13.7,+21.5,@A	+6.27,+36.8,+21.6,BA	+6.58,+20.5,+21.5,CA	+6.92,+2.1,+20.0,EB	+2.22,+271.3,+20.6,HB	+6.90,+4.1,+20.0,AB	
1701223849.6139226	+6.59,+13.7,+21.4,AA	+6.27,+36.8,+21.6,BA	+6.58,+20.5,+21.5,CA	+6.92,+2.1,+20.0,EB	+2.22,+271.3,+20.7,IB	+6.90,+4.0,+20.0,@B	
1701223911.6226797	+6.59,+13.6,+21.5,AA	+6.27,+36.8,+21.6,BA	+6.58,+20.4,+21.5,BA	+6.92,+2.1,+20.0,EB	+2.22,+271.2,+20.7,HB	+6.90,+4.1,+20.0,AB	
1701223973.6319232	+6.59,+13.6,+21.5,AA	+6.27,+36.8,+21.6,BA	+6.58,+20.6,+21.5,@A	+6.92,+2.0,+20.0,DB	+2.23,+271.1,+20.7,JB	+6.90,+4.1,+20.0,AB	
1701224035.6411476	+6.59,+13.6,+21.5,AA	+6.27,+36.8,+21.6,BA	+6.58,+20.5,+21.5,CA	+6.92,+2.1,+20.0,EB	+2.22,+271.3,+20.7,IB	+6.90,+4.0,+20.0,@B	
1701224097.6494377	+6.59,+13.6,+21.5,AA	+6.27,+36.8,+21.6,BA	+6.58,+20.6,+21.5,@A	+6.92,+2.1,+20.0,EB	+2.22,+271.3,+20.7,IB	+6.90,+4.1,+20.0,AB	
1701224343.2901847	+6.59,+13.6,+21.5,AA	+6.27,+36.7,+21.6,MA	+6.58,+20.6,+21.5,@A	+6.92,+2.1,+20.0,EB	+2.23,+271.0,+20.7,KB	+6.90,+4.1,+20.0,AB	
1701224405.296104	+6.59,+13.7,+21.5,@A	+6.27,+36.8,+21.6,BA	+6.58,+20.6,+21.6,CA	+6.92,+2.0,+20.0,DB	+2.22,+271.4,+20.7,NB	+6.90,+4.0,+20.0,@B	
1701224467.305884	+6.59,+13.6,+21.5,AA	+6.27,+36.8,+21.6,BA	+6.58,+20.6,+21.5,@A	+6.92,+2.0,+20.1,EB	+2.22,+271.4,+20.7,NB	+6.90,+4.1,+20.0,AB	
1701224529.3144388	+6.59,+13.6,+21.5,AA	+6.27,+36.8,+21.6,BA	+6.58,+20.6,+21.5,@A	+6.92,+2.1,+20.0,EB	+2.22,+271.5,+20.7,OB	+6.90,+4.0,+20.1,AB	
1701224591.3254263	+6.59,+13.7,+21.5,@A	+6.27,+36.7,+21.6,MA	+6.58,+20.6,+21.5,@A	+6.92,+2.1,+20.0,EB	+2.22,+271.6,+20.7,LB	+6.90,+4.0,+20.1,AB	
1701224653.3349204	+6.59,+13.7,+21.5,@A	+6.27,+36.7,+21.6,MA	+6.58,+20.6,+21.5,@A	+6.92,+2.1,+20.0,EB	+2.22,+271.6,+20.7,LB	+6.90,+4.0,+20.1,AB	
1701224715.3443384	+6.59,+13.6,+21.5,AA	+6.27,+36.7,+21.6,MA	+6.58,+20.6,+21.5,@A	+6.92,+2.1,+20.0,EB	+2.22,+271.6,+20.7,LB	+6.90,+4.1,+20.0,AB	
1701224777.3531094	+6.59,+13.7,+21.5,@A	+6.27,+36.7,+21.6,MA	+6.58,+20.5,+21.6,@A	+6.92,+2.1,+20.0,EB	+2.22,+271.5,+20.7,OB	+6.90,+4.1,+20.1,@B	
1701224839.362157	+6.59,+13.6,+21.5,AA	+6.27,+36.7,+21.6,MA	+6.58,+20.5,+21.6,@A	+6.92,+2.1,+20.1,DB	+2.22,+271.8,+20.7,BB	+6.90,+4.1,+20.0,AB	
1701224901.372178	+6.59,+13.7,+21.5,@A	+6.27,+36.8,+21.6,BA	+6.58,+20.6,+21.6,CA	+6.92,+2.1,+20.1,DB	+2.22,+271.8,+20.7,BB	+6.90,+4.1,+20.1,@B	
1701224963.380638	+6.59,+13.7,+21.5,@A	+6.27,+36.9,+21.6,CA	+6.58,+20.5,+21.5,CA	+6.92,+2.1,+20.0,EB	+2.21,+271.8,+20.7,AB	+6.90,+4.1,+20.1,@B	
1701225025.3904817	+6.59,+13.7,+21.5,@A	+6.27,+36.7,+21.6,MA	+6.58,+20.5,+21.6,@A	+6.92,+2.0,+20.0,DB	+2.21,+271.9,+20.7,@B	+6.90,+4.1,+20.1,@B	
1701225087.401064	+6.59,+13.7,+21.5,@A	+6.27,+36.8,+21.6,BA	+6.58,+20.5,+21.6,@A	+6.92,+2.1,+20.1,DB	+2.22,+271.7,+20.7,MB	+6.90,+4.1,+20.1,@B	
1701225149.4116647	+6.58,+13.7,+21.5,AA	+6.27,+36.7,+21.6,MA	+6.58,+20.5,+21.6,@A	+6.92,+2.1,+20.1,DB	+2.22,+271.7,+20.7,MB	+6.90,+4.1,+20.1,@B	
1701225211.422459	+6.59,+13.7,+21.5,@A	+6.27,+36.9,+21.6,CA	+6.58,+20.5,+21.6,@A	+6.92,+2.1,+20.1,DB	+2.22,+271.7,+20.7,MB	+6.90,+4.1,+20.1,@B	
1701225273.432061	+6.58,+13.8,+21.5,NA	+6.27,+36.8,+21.6,BA	+6.58,+20.5,+21.6,@A	+6.92,+2.1,+20.1,DB	+2.22,+271.7,+20.7,MB	+6.90,+4.1,+20.1,@B	
1701225335.4414723	+6.59,+13.7,+21.5,@A	+6.27,+36.9,+21.6,CA	+6.58,+20.6,+21.6,CA	+6.92,+2.1,+20.1,DB	+2.21,+271.9,+20.7,@B	+6.90,+4.1,+20.1,@B	
1701225397.4487453	+6.59,+13.7,+21.5,@A	+6.27,+36.8,+21.6,BA	+6.58,+20.5,+21.6,@A	+6.92,+2.0,+20.1,EB	+2.21,+271.8,+20.7,AB	+6.90,+4.1,+20.1,@B	
1701225459.458823	+6.59,+13.7,+21.5,@A	+6.27,+36.9,+21.6,CA	+6.58,+20.5,+21.6,@A	+6.92,+2.1,+20.1,DB	+2.22,+271.7,+20.7,MB	+6.90,+4.1,+20.1,@B	
1701225521.468077	+6.59,+13.7,+21.6,CA	+6.27,+36.7,+21.6,MA	+6.58,+20.5,+21.6,@A	+6.92,+2.1,+20.1,DB	+2.21,+271.8,+20.7,AB	+6.90,+4.1,+20.1,@B	
1701225583.4764118	+6.59,+13.7,+21.5,@A	+6.27,+36.8,+21.6,BA	+6.58,+20.4,+21.6,AA	+6.92,+2.0,+20.1,EB	+2.22,+271.7,+20.7,MB	+6.90,+4.0,+20.1,AB	
1701225645.4866068	+6.58,+13.7,+21.6,BA	+6.27,+36.8,+21.6,BA	+6.58,+20.5,+21.6,@A	+6.92,+2.1,+20.1,DB	+2.21,+271.9,+20.7,@B	+6.90,+4.1,+20.1,@B	
1701225707.497509	+6.59,+13.7,+21.6,CA	+6.27,+36.7,+21.6,MA	+6.58,+20.5,+21.6,@A	+6.92,+2.1,+20.1,DB	+2.21,+271.9,+20.7,@B	+6.90,+4.2,+20.1,CB	
1701225769.507841	+6.58,+13.7,+21.6,BA	+6.27,+36.8,+21.6,BA	+6.58,+20.5,+21.6,@A	+6.92,+2.1,+20.1,DB	+2.21,+272.0,+20.7,JB	+6.90,+4.3,+20.1,BB	
1701225831.5173013	+6.59,+13.7,+21.6,CA	+6.27,+36.8,+21.6,BA	+6.58,+20.5,+21.6,@A	+6.92,+2.1,+20.1,DB	+2.21,+271.9,+20.7,@B	+6.89,+4.3,+20.1,JB	
1701225893.5277019	+6.59,+13.7,+21.6,CA	+6.27,+36.8,+21.7,CA	+6.58,+20.6,+21.6,CA	+6.92,+2.1,+20.1,DB	+2.22,+271.8,+20.8,MB	+6.89,+4.3,+20.1,JB	
1701225955.537795	+6.58,+13.8,+21.6,MA	+6.27,+36.8,+21.6,BA	+6.58,+20.5,+21.6,@A	+6.92,+2.0,+20.1,EB	+2.21,+271.9,+20.7,@B	+6.90,+4.3,+20.1,BB	
1701226017.5458882	+6.58,+13.7,+21.6,BA	+6.27,+36.8,+21.6,BA	+6.58,+20.5,+21.6,@A	+6.92,+2.0,+20.1,EB	+2.21,+272.1,+20.7,KB	+6.89,+4.3,+20.1,JB	
1701226079.5530722	+6.58,+13.8,+21.6,MA	+6.27,+36.7,+21.6,MA	+6.58,+20.6,+21.6,CA	+6.92,+2.1,+20.1,DB	+2.21,+272.1,+20.7,KB	+6.90,+4.2,+20.1,CB	
1701226141.5625744	+6.59,+13.7,+21.6,CA	+6.27,+36.8,+21.6,BA	+6.58,+20.4,+21.6,AA	+6.92,+2.1,+20.1,DB	+2.21,+272.1,+20.7,KB	+6.89,+4.3,+20.1,JB	
1701226203.5737314	+6.58,+13.7,+21.6,BA	+6.27,+36.8,+21.6,BA	+6.58,+20.5,+21.6,@A	+6.92,+2.1,+20.1,DB	+2.21,+272.2,+20.7,HB	+6.90,+4.2,+20.1,CB	
1701226265.5797074	+6.58,+13.8,+21.6,MA	+6.27,+36.8,+21.6,BA	+6.58,+20.5,+21.6,@A	+6.92,+2.1,+20.1,DB	+2.21,+272.1,+20.8,DB	+6.90,+4.2,+20.1,CB	
1701226327.590414	+6.58,+13.8,+21.6,MA	+6.27,+36.8,+21.6,BA	+6.58,+20.5,+21.6,@A	+6.92,+2.0,+20.1,EB	+2.21,+272.3,+20.8,FB	+6.90,+4.2,+20.1,CB	
1701226389.60003	+6.59,+13.7,+21.6,CA	+6.27,+36.8,+21.7,CA	+6.58,+20.5,+21.6,@A	+6.92,+2.1,+20.1,DB	+2.21,+272.3,+20.8,FB	+6.90,+4.3,+20.1,BB	
1701226451.6089237	+6.58,+13.8,+21.6,MA	+6.27,+36.8,+21.6,BA	+6.58,+20.5,+21.6,@A	+6.92,+2.1,+20.1,DB	+2.21,+272.1,+20.8,DB	+6.90,+4.2,+20.1,CB	
1701226513.6175127	+6.58,+13.8,+21.6,MA	+6.27,+36.8,+21.6,BA	+6.58,+20.5,+21.6,@A	+6.92,+2.1,+20.1,DB	+2.21,+272.3,+20.8,FB	+6.90,+4.2,+20.1,CB	
1701226575.6262448	+6.58,+13.8,+21.6,MA	+6.27,+36.9,+21.7,BA	+6.58,+20.5,+21.6,@A	+6.92,+2.0,+20.1,EB	+2.21,+272.3,+20.8,FB	+6.90,+4.2,+20.2,@B	
1701226637.6367514	+6.58,+13.7,+21.6,BA	+6.27,+36.8,+21.7,CA	+6.58,+20.5,+21.6,@A	+6.92,+2.0,+20.1,EB	+2.21,+272.3,+20.8,FB	+6.90,+4.2,+20.1,CB	
1701226699.6466572	+6.58,+13.7,+21.6,BA	+6.27,+36.7,+21.7,LA	+6.58,+20.5,+21.6,@A	+6.92,+2.0,+20.2,FB	+2.22,+271.8,+20.8,MB	+6.90,+4.2,+20.2,@B	
1701226761.6554284	+6.58,+13.8,+21.6,MA	+6.27,+36.8,+21.7,CA	+6.58,+20.5,+21.6,@A	+6.92,+2.0,+20.1,EB	+2.21,+272.1,+20.8,DB	+6.90,+4.2,+20.2,@B	
1701226823.664652	+6.58,+13.8,+21.6,MA	+6.27,+36.7,+21.7,LA	+6.58,+20.4,+21.6,AA	+6.92,+2.1,+20.2,GB	+2.21,+272.4,+20.8,AB	+6.90,+4.1,+20.2,CB	
1701226885.674184	+6.58,+13.8,+21.6,MA	+6.27,+36.8,+21.7,CA	+6.58,+20.5,+21.6,@A	+6.92,+2.0,+20.1,EB	+2.20,+272.6,+20.8,BB	+6.90,+4.2,+20.2,@B	
1701226947.6833024	+6.58,+13.8,+21.6,MA	+6.27,+36.7,+21.7,LA	+6.58,+20.5,+21.6,@A	+6.92,+2.0,+20.2,FB	+2.20,+272.5,+20.8,AB	+6.90,+4.2,+20.2,@B	
1701227009.690776	+6.58,+13.8,+21.6,MA	+6.27,+36.7,+21.7,LA	+6.58,+20.5,+21.7,AA	+6.92,+2.0,+20.2,FB	+2.20,+272.5,+20.8,AB	+6.90,+4.2,+20.2,@B	
1701227071.6996396	+6.59,+13.7,+21.6,CA	+6.27,+36.8,+21.7,CA	+6.58,+20.5,+21.6,@A	+6.92,+2.0,+20.1,EB	+2.21,+271.9,+20.8,OB	+6.90,+4.2,+20.2,@B	
1701227133.7035096	+6.58,+13.8,+21.6,MA	+6.27,+36.7,+21.7,LA	+6.58,+20.4,+21.7,@A	+6.92,+2.1,+20.2,GB	+2.20,+272.5,+20.8,AB	+6.90,+4.1,+20.2,CB	
1701227195.7122757	+6.58,+13.8,+21.6,MA	+6.27,+36.7,+21.7,LA	+6.58,+20.5,+21.7,AA	+6.92,+2.0,+20.1,EB	+2.21,+272.3,+20.8,FB	+6.90,+4.1,+20.2,CB	
1701227257.7221851	+6.58,+13.7,+21.6,BA	+6.27,+36.7,+21.7,LA	+6.58,+20.5,+21.7,AA	+6.92,+2.1,+20.2,GB	+2.21,+272.2,+20.8,GB	+6.90,+4.1,+20.2,CB	
1701227319.7305253	+6.58,+13.8,+21.6,MA	+6.27,+36.7,+21.7,LA	+6.58,+20.5,+21.7,AA	+6.92,+2.1,+20.2,GB	+2.21,+272.4,+20.8,AB	+6.90,+4.2,+20.2,@B	
1701227381.7407062	+6.58,+13.8,+21.6,MA	+6.27,+36.7,+21.7,LA	+6.58,+20.5,+21.7,AA	+6.92,+2.0,+20.2,FB	+2.20,+272.5,+20.8,AB	+6.90,+4.2,+20.2,@B	
1701227443.7508936	+6.58,+13.8,+21.6,MA	+6.27,+36.7,+21.7,LA	+6.58,+20.5,+21.7,AA	+6.92,+2.1,+20.2,GB	+2.21,+272.3,+20.8,FB	+6.90,+4.1,+20.2,CB	
1701227505.7609673	+6.58,+13.8,+21.6,MA	+6.27,+36.7,+21.7,LA	+6.58,+20.5,+21.7,AA	+6.92,+2.0,+20.2,FB	+2.20,+272.6,+20.8,BB	+6.90,+4.1,+20.2,CB	
1701227567.770318	+6.58,+13.8,+21.6,MA	+6.27,+36.7,+21.7,LA	+6.58,+20.6,+21.7,BA	+6.92,+2.0,+20.2,FB	+2.20,+272.7,+20.8,CB	+6.90,+4.1,+20.2,CB	
1701227629.7806823	+6.58,+13.8,+21.6,MA	+6.27,+36.6,+21.7,MA	+6.58,+20.5,+21.7,AA	+6.92,+2.0,+20.2,FB	+2.21,+272.2,+20.8,GB	+6.90,+4.2,+20.2,@B	
1701227691.7886908	+6.59,+13.7,+21.6,CA	+6.27,+36.6,+21.7,MA	+6.58,+20.4,+21.7,@A	+6.92,+2.0,+20.2,FB	+2.21,+272.4,+20.8,AB	+6.90,+4.1,+20.2,CB	
1701227753.7995133	+6.59,+13.6,+21.6,BA	+6.27,+36.8,+21.7,CA	+6.58,+20.5,+21.7,AA	+6.92,+2.0,+20.2,FB	+2.20,+272.5,+20.8,AB	+6.90,+4.1,+20.2,CB	
1701227815.8074868	+6.59,+13.7,+21.6,CA	+6.27,+36.9,+21.7,BA	+6.58,+20.5,+21.7,AA	+6.92,+2.0,+20.2,FB	+2.20,+272.7,+20.8,CB	+6.90,+4.1,+20.2,CB	
1701227877.815255	+6.59,+13.7,+21.6,CA	+6.27,+36.9,+21.7,BA	+6.58,+20.5,+21.7,AA	+6.92,+2.0,+20.2,FB	+2.20,+272.7,+20.8,CB	+6.90,+4.1,+20.2,CB	
1701227939.8230815	+6.58,+13.8,+21.6,MA	+6.27,+36.8,+21.7,CA	+6.58,+20.5,+21.7,AA	+6.92,+2.1,+20.2,GB	+2.20,+272.5,+20.8,AB	+6.90,+4.1,+20.2,CB	
1701228185.4062274	+6.58,+13.7,+21.6,BA	+6.27,+36.8,+21.7,CA	+6.58,+20.4,+21.7,@A	+6.92,+2.0,+20.2,FB	+2.20,+272.7,+20.8,CB	+6.90,+4.0,+20.2,BB	
1701228247.4152339	+6.59,+13.7,+21.7,BA	+6.27,+36.7,+21.7,LA	+6.58,+20.4,+21.7,@A	+6.92,+2.0,+20.2,FB	+2.19,+273.1,+20.8,NB	+6.90,+4.1,+20.2,CB	
1701228309.421522	+6.59,+13.7,+21.7,BA	+6.27,+36.7,+21.7,LA	+6.58,+20.4,+21.7,@A	+6.92,+2.0,+20.2,FB	+2.19,+273.2,+20.8,MB	+6.90,+4.0,+20.2,BB	
1701228371.4315963	+6.58,+13.8,+21.7,LA	+6.27,+36.7,+21.8,CA	+6.58,+20.5,+21.7,AA	+6.92,+2.0,+20.2,FB	+2.19,+273.2,+20.8,MB	+6.90,+4.0,+20.2,BB	
1701228433.4419272	+6.58,+13.7,+21.7,CA	+6.27,+36.8,+21.7,CA	+6.58,+20.5,+21.7,AA	+6.92,+2.0,+20.2,FB	+2.19,+273.1,+20.8,NB	+6.90,+4.1,+20.2,CB	
1701228495.4504838	+6.58,+13.8,+21.7,LA	+6.27,+36.7,+21.7,LA	+6.58,+20.5,+21.7,AA	+6.92,+2.0,+20.2,FB	+2.19,+273.3,+20.9,MB	+6.90,+4.0,+20.2,BB	
1701228557.4606102	+6.59,+13.7,+21.7,BA	+6.27,+36.8,+21.7,CA	+6.58,+20.5,+21.7,AA	+6.92,+2.0,+20.2,FB	+2.21,+272.5,+20.8,@B	+6.90,+4.1,+20.2,CB	
1701228619.4676495	+6.58,+13.8,+21.7,LA	+6.27,+36.8,+21.8,LA	+6.58,+20.5,+21.7,AA	+6.92,+1.9,+20.2,LB	+2.20,+272.7,+20.9,BB	+6.90,+4.1,+20.3,BB	
1701228681.4781387	+6.58,+13.8,+21.7,LA	+6.27,+36.8,+21.8,LA	+6.58,+20.5,+21.7,AA	+6.92,+2.0,+20.2,FB	+2.20,+272.7,+20.9,BB	+6.90,+4.0,+20.2,BB	
1701228743.4873657	+6.58,+13.7,+21.7,CA	+6.27,+36.8,+21.8,LA	+6.58,+20.4,+21.7,@A	+6.92,+2.0,+20.2,FB	+2.20,+272.8,+20.9,MB	+6.90,+4.0,+20.2,BB	
1701228805.4960241	+6.58,+13.8,+21.7,LA	+6.27,+36.7,+21.8,CA	+6.58,+20.5,+21.7,AA	+6.92,+2.0,+20.2,FB	+2.20,+272.6,+20.9,CB	+6.90,+4.0,+20.3,CB	
1701228867.5067105	+6.58,+13.8,+21.7,LA	+6.27,+36.8,+21.8,LA	+6.58,+20.5,+21.7,AA	+6.92,+2.0,+20.2,FB	+2.20,+273.0,+20.8,EB	+6.90,+4.0,+20.3,CB	
1701228929.5171843	+6.58,+13.7,+21.7,CA	+6.27,+36.7,+21.8,CA	+6.58,+20.5,+21.7,AA	+6.92,+2.1,+20.2,GB	+2.19,+273.2,+20.8,MB	+6.90,+4.0,+20.3,CB	
1701228991.5264306	+6.58,+13.8,+21.7,LA	+6.27,+36.7,+21.8,CA	+6.58,+20.5,+21.7,AA	+6.92,+2.0,+20.2,FB	+2.19,+273.4,+20.9,JB	+6.90,+4.0,+20.3,CB	
1701229053.535104	+6.58,+13.8,+21.7,LA	+6.27,+36.7,+21.8,CA	+6.58,+20.4,+21.7,@A	+6.92,+2.0,+20.3,GB	+2.19,+273.4,+20.9,JB	+6.90,+4.0,+20.2,BB	
1701229115.544428	+6.59,+13.7,+21.7,BA	+6.27,+36.8,+21.8,LA	+6.58,+20.5,+21.7,AA	+6.92,+2.1,+20.2,GB	+2.19,+273.5,+20.9,KB	+6.90,+4.0,+20.3,CB	
1701229177.5539067	+6.58,+13.8,+21.7,LA	+6.27,+36.8,+21.8,LA	+6.58,+20.4,+21.7,@A	+6.92,+2.0,+20.2,FB	+2.19,+273.4,+20.9,JB	+6.90,+4.0,+20.3,CB	
1701229239.5623028	+6.58,+13.8,+21.7,LA	+6.27,+36.7,+21.8,CA	+6.58,+20.5,+21.7,AA	+6.92,+1.9,+20.2,LB	+2.19,+273.5,+20.8,JB	+6.90,+3.9,+20.2,LB	
1701229301.5712752	+6.58,+13.8,+21.7,LA	+6.27,+36.8,+21.8,LA	+6.58,+20.4,+21.7,@A	+6.92,+2.0,+20.2,FB	+2.19,+273.6,+20.9,HB	+6.90,+4.0,+20.3,CB	
1701229363.580292	+6.58,+13.7,+21.7,CA	+6.27,+36.8,+21.8,LA	+6.58,+20.4,+21.7,@A	+6.92,+2.0,+20.3,GB	+2.19,+273.7,+20.8,HB	+6.90,+4.0,+20.2,BB	
1701229425.589141	+6.58,+13.8,+21.7,LA	+6.27,+36.7,+21.8,CA	+6.58,+20.4,+21.7,@A	+6.92,+2.0,+20.2,FB	+2.19,+273.5,+20.9,KB	+6.90,+3.9,+20.3,MB	
1701229487.5992067	+6.59,+13.7,+21.7,BA	+6.27,+36.7,+21.8,CA	+6.58,+20.5,+21.7,AA	+6.92,+2.0,+20.2,FB	+2.19,+273.6,+20.8,IB	+6.90,+4.0,+20.3,CB	
1701229549.6077235	+6.58,+13.8,+21.7,LA	+6.27,+36.7,+21.8,CA	+6.58,+20.5,+21.8,NA	+6.92,+2.0,+20.2,FB	+2.18,+273.7,+20.9,HB	+6.90,+4.0,+20.3,CB	
1701229611.6154294	+6.58,+13.7,+21.7,CA	+6.27,+36.8,+21.8,LA	+6.58,+20.3,+21.7,GA	+6.92,+2.1,+20.3,FB	+2.18,+274.1,+20.9,IB	+6.90,+4.0,+20.3,CB	
1701229673.6237679	+6.58,+13.8,+21.7,LA	+6.27,+36.6,+21.8,BA	+6.58,+20.4,+21.8,OA	+6.92,+2.0,+20.3,GB	+2.18,+274.1,+20.9,IB	+6.90,+4.0,+20.3,CB	
1701229735.6342063	+6.58,+13.8,+21.7,LA	+6.27,+36.7,+21.8,CA	+6.58,+20.5,+21.8,NA	+6.92,+2.0,+20.3,GB	+2.18,+274.1,+20.9,IB	+6.90,+4.0,+20.3,CB	
1701229797.6418045	+6.58,+13.8,+21.7,LA	+6.27,+36.7,+21.8,CA	+6.58,+20.4,+21.7,@A	+6.92,+2.0,+20.3,GB	+2.18,+274.0,+20.9,HB	+6.90,+4.0,+20.3,CB	
1701229859.6490898	+6.58,+13.8,+21.7,LA	+6.27,+36.7,+21.8,CA	+6.58,+20.4,+21.8,OA	+6.92,+2.0,+20.3,GB	+2.18,+273.7,+20.9,HB	+6.90,+3.9,+20.3,MB	
1701229921.6597211	+6.58,+13.8,+21.7,LA	+6.27,+36.7,+21.8,CA	+6.58,+20.5,+21.8,NA	+6.92,+2.0,+20.3,GB	+2.18,+273.8,+20.9,GB	+6.90,+4.0,+20.3,CB	
1701229983.6699705	+6.58,+13.8,+21.7,LA	+6.27,+36.8,+21.8,LA	+6.58,+20.3,+21.8,HA	+6.92,+2.1,+20.3,FB	+2.18,+273.9,+20.9,FB	+6.90,+4.0,+20.3,CB	
1701230045.6788318	+6.58,+13.8,+21.7,LA	+6.27,+36.6,+21.8,BA	+6.58,+20.5,+21.8,NA	+6.92,+2.0,+20.3,GB	+2.18,+274.0,+20.9,HB	+6.90,+3.9,+20.3,MB	
1701230107.6884134	+6.58,+13.9,+21.7,MA	+6.27,+36.7,+21.8,CA	+6.58,+20.4,+21.8,OA	+6.92,+2.0,+20.3,GB	+2.18,+274.2,+20.9,JB	+6.90,+4.0,+20.3,CB	
1701230169.6981366	+6.58,+13.9,+21.7,MA	+6.27,+36.8,+21.8,LA	+6.58,+20.5,+21.8,NA	+6.92,+2.0,+20.3,GB	+2.18,+274.1,+20.9,IB	+6.90,+4.0,+20.3,CB	
1701230231.7062714	+6.58,+13.8,+21.7,LA	+6.27,+36.6,+21.8,BA	+6.58,+20.4,+21.8,OA	+6.92,+2.0,+20.3,GB	+2.17,+274.3,+20.9,DB	+6.90,+3.9,+20.3,MB	
1701230293.716227	+6.58,+13.8,+21.7,LA	+6.27,+36.7,+21.8,CA	+6.58,+20.4,+21.8,OA	+6.92,+2.0,+20.3,GB	+2.18,+274.1,+20.9,IB	+6.90,+3.9,+20.3,MB	
1701230355.7278388	+6.58,+13.8,+21.7,LA	+6.27,+36.7,+21.8,CA	+6.58,+20.5,+21.8,NA	+6.92,+2.0,+20.3,GB	+2.18,+274.1,+20.9,IB	+6.90,+4.0,+20.3,CB	
1701230417.7375772	+6.58,+13.8,+21.7,LA	+6.27,+36.7,+21.8,CA	+6.58,+20.4,+21.8,OA	+6.92,+2.0,+20.3,GB	+2.17,+274.3,+20.9,DB	+6.90,+3.9,+20.3,MB	
1701230479.7470057	+6.58,+13.8,+21.7,LA	+6.27,+36.7,+21.8,CA	+6.58,+20.5,+21.8,NA	+6.92,+2.0,+20.3,GB	+2.18,+274.3,+20.9,KB	+6.90,+3.9,+20.3,MB	
1701230541.7587233	+6.58,+13.8,+21.8,CA	+6.27,+36.7,+21.8,CA	+6.58,+20.4,+21.8,OA	+6.92,+2.0,+20.3,GB	+2.17,+274.3,+20.9,DB	+6.90,+4.0,+20.3,CB	
1701230603.7690747	+6.58,+13.8,+21.7,LA	+6.27,+36.7,+21.8,CA	+6.58,+20.5,+21.8,NA	+6.92,+2.0,+20.3,GB	+2.18,+274.0,+20.9,HB	+6.90,+4.0,+20.3,CB	
1701230665.77708	+6.58,+13.8,+21.7,LA	+6.27,+36.6,+21.8,BA	+6.58,+20.5,+21.8,NA	+6.92,+2.0,+20.3,GB	+2.18,+274.2,+20.9,JB	+6.90,+3.9,+20.3,MB	
1701230727.7866864	+6.58,+13.8,+21.8,CA	+6.27,+36.6,+21.8,BA	+6.58,+20.4,+21.8,OA	+6.92,+2.1,+20.3,FB	+2.18,+274.1,+20.9,IB	+6.90,+4.0,+20.3,CB	
1701230789.7968583	+6.58,+13.8,+21.8,CA	+6.27,+36.6,+21.8,BA	+6.58,+20.4,+21.8,OA	+6.92,+2.0,+20.3,GB	+2.18,+273.9,+20.9,FB	+6.90,+4.0,+20.3,CB	
1701230851.8057573	+6.58,+13.8,+21.7,LA	+6.27,+36.6,+21.8,BA	+6.58,+20.4,+21.8,OA	+6.92,+2.0,+20.3,GB	+2.18,+273.8,+20.9,GB	+6.90,+4.0,+20.3,CB	
1701230913.8158982	+6.58,+13.9,+21.8,BA	+6.27,+36.6,+21.8,BA	+6.58,+20.4,+21.8,OA	+6.92,+1.9,+20.3,MB	+2.18,+274.0,+20.9,HB	+6.90,+4.0,+20.3,CB	
1701230975.8242211	+6.58,+13.8,+21.8,CA	+6.28,+36.5,+21.8,NA	+6.58,+20.5,+21.8,NA	+6.92,+2.0,+20.3,GB	+2.18,+274.1,+20.9,IB	+6.90,+4.0,+20.3,CB	
1701231037.833392	+6.58,+13.8,+21.7,LA	+6.27,+36.6,+21.8,BA	+6.58,+20.4,+21.8,OA	+6.92,+2.0,+20.3,GB	+2.18,+274.1,+20.9,IB	+6.90,+4.0,+20.3,CB	
1701231099.8394012	+6.58,+13.8,+21.8,CA	+6.28,+36.5,+21.8,NA	+6.58,+20.4,+21.8,OA	+6.92,+1.9,+20.3,MB	+2.18,+274.2,+20.9,JB	+6.90,+3.9,+20.3,MB	
1701231161.8476214	+6.58,+13.8,+21.8,CA	+6.27,+36.6,+21.8,BA	+6.58,+20.5,+21.8,NA	+6.92,+1.9,+20.3,MB	+2.18,+274.0,+20.9,HB	+6.90,+4.0,+20.3,CB	
1701231223.8567636	+6.58,+13.9,+21.8,BA	+6.28,+36.5,+21.8,NA	+6.58,+20.4,+21.8,OA	+6.92,+2.0,+20.3,GB	+2.18,+274.2,+20.9,JB	+6.90,+3.9,+20.3,MB	
1701231285.8661346	+6.58,+13.9,+21.7,MA	+6.28,+36.5,+21.8,NA	+6.58,+20.4,+21.8,OA	+6.92,+2.0,+20.3,GB	+2.18,+273.8,+20.9,GB	+6.90,+4.0,+20.3,CB	
1701231347.8737688	+6.59,+13.7,+21.8,MA	+6.28,+36.5,+21.8,NA	+6.58,+20.4,+21.8,OA	+6.92,+2.0,+20.3,GB	+2.18,+273.9,+20.9,FB	+6.90,+4.0,+20.3,CB	
1701231409.8790112	+6.58,+13.7,+21.8,LA	+6.28,+36.5,+21.8,NA	+6.58,+20.4,+21.8,OA	+6.92,+2.0,+20.3,GB	+2.18,+274.1,+20.9,IB	+6.90,+4.1,+20.3,BB	
1701231471.8891528	+6.59,+13.7,+21.8,MA	+6.28,+36.5,+21.8,NA	+6.58,+20.4,+21.8,OA	+6.92,+2.0,+20.3,GB	+2.18,+274.0,+20.9,HB	+6.90,+4.0,+20.3,CB	
1701231533.8979478	+6.58,+13.7,+21.8,LA	+6.28,+36.5,+21.8,NA	+6.58,+20.4,+21.8,OA	+6.92,+2.0,+20.3,GB	+2.18,+274.1,+20.9,IB	+6.90,+4.0,+20.3,CB	
1701231595.9064326	+6.58,+13.7,+21.8,LA	+6.28,+36.5,+21.9,OA	+6.58,+20.3,+21.8,HA	+6.92,+2.0,+20.3,GB	+2.19,+273.6,+20.9,HB	+6.90,+4.0,+20.3,CB	
1701231657.9147377	+6.58,+13.8,+21.8,CA	+6.28,+36.5,+21.8,NA	+6.59,+20.2,+21.8,HA	+6.92,+2.0,+20.3,GB	+2.18,+274.3,+20.9,KB	+6.90,+4.0,+20.3,CB	
1701231719.9222171	+6.58,+13.8,+21.8,CA	+6.28,+36.5,+21.9,OA	+6.58,+20.4,+21.8,OA	+6.92,+1.9,+20.3,MB	+2.18,+273.9,+20.9,FB	+6.90,+4.0,+20.3,CB	
1701231781.933789	+6.58,+13.7,+21.8,LA	+6.28,+36.4,+21.9,NA	+6.58,+20.4,+21.8,OA	+6.92,+2.0,+20.3,GB	+2.18,+274.3,+21.0,CB	+6.90,+4.0,+20.4,DB	
1701232027.4866195	+6.58,+13.8,+21.8,CA	+6.28,+36.5,+21.9,OA	+6.58,+20.4,+21.8,OA	+6.92,+2.0,+20.3,GB	+2.18,+273.9,+20.9,FB	+6.90,+4.0,+20.3,CB	
1701232089.4962792	+6.58,+13.8,+21.8,CA	+6.28,+36.5,+21.9,OA	+6.58,+20.3,+21.8,HA	+6.92,+2.0,+20.4,@B	+2.18,+274.3,+20.9,KB	+6.90,+4.0,+20.4,DB	
1701232151.5063996	+6.58,+13.8,+21.8,CA	+6.28,+36.4,+21.9,NA	+6.58,+20.4,+21.8,OA	+6.92,+2.0,+20.3,GB	+2.18,+274.3,+20.9,KB	+6.90,+3.9,+20.4,JB	
1701232213.5148387	+6.58,+13.8,+21.8,CA	+6.28,+36.4,+21.9,NA	+6.58,+20.5,+21.8,NA	+6.92,+2.0,+20.4,@B	+2.18,+274.3,+21.0,CB	+6.90,+4.0,+20.4,DB	
1701232275.5248363	+6.58,+13.8,+21.8,CA	+6.28,+36.4,+21.9,NA	+6.58,+20.5,+21.8,NA	+6.92,+2.0,+20.4,@B	+2.18,+274.3,+21.0,CB	+6.90,+4.0,+20.4,DB	
1701232337.5348244	+6.58,+13.8,+21.8,CA	+6.28,+36.4,+21.9,NA	+6.58,+20.4,+21.8,OA	+6.92,+1.9,+20.4,JB	+2.17,+274.4,+21.0,KB	+6.90,+3.9,+20.4,JB	
1701232399.5442805	+6.58,+13.8,+21.8,CA	+6.28,+36.4,+21.9,NA	+6.58,+20.5,+21.8,NA	+6.92,+2.0,+20.4,@B	+2.17,+274.5,+21.0,JB	+6.90,+4.0,+20.4,DB	
1701232461.5543017	+6.58,+13.8,+21.8,CA	+6.28,+36.4,+21.9,NA	+6.58,+20.5,+21.8,NA	+6.92,+2.0,+20.3,GB	+2.18,+273.8,+21.0,OB	+6.90,+4.1,+20.4,EB	
1701232523.561015	+6.58,+13.8,+21.8,CA	+6.28,+36.4,+21.9,NA	+6.58,+20.4,+21.9,NA	+6.92,+2.0,+20.3,GB	+2.18,+274.2,+21.0,BB	+6.90,+3.8,+20.4,KB	
1701232585.5682309	+6.58,+13.8,+21.8,CA	+6.28,+36.4,+21.9,NA	+6.58,+20.4,+21.8,OA	+6.92,+2.0,+20.3,GB	+2.18,+274.0,+21.0,@B	+6.90,+3.9,+20.4,JB	
1701232647.57615	+6.58,+13.8,+21.8,CA	+6.28,+36.5,+21.9,OA	+6.58,+20.4,+21.8,OA	+6.92,+2.0,+20.4,@B	+2.18,+274.1,+21.0,AB	+6.90,+3.9,+20.4,JB	
1701232709.5797474	+6.58,+13.8,+21.8,CA	+6.28,+36.4,+21.9,NA	+6.58,+20.4,+21.8,OA	+6.92,+2.0,+20.4,@B	+2.18,+274.1,+21.0,AB	+6.90,+3.9,+20.4,JB	
1701232771.5876966	+6.58,+13.8,+21.8,CA	+6.28,+36.5,+21.9,OA	+6.58,+20.3,+21.9,IA	+6.92,+2.0,+20.4,@B	+2.17,+274.4,+21.0,KB	+6.90,+3.9,+20.4,JB	
1701232833.5967307	+6.58,+13.8,+21.8,CA	+6.28,+36.5,+21.9,OA	+6.58,+20.4,+21.9,NA	+6.92,+2.0,+20.4,@B	+2.18,+274.2,+21.0,BB	+6.90,+3.9,+20.4,JB	
1701232895.6079245	+6.58,+13.8,+21.8,CA	+6.28,+36.4,+21.9,NA	+6.58,+20.4,+21.8,OA	+6.92,+2.0,+20.4,@B	+2.18,+274.4,+21.0,DB	+6.90,+3.9,+20.4,JB	
1701232957.6169474	+6.58,+13.8,+21.8,CA	+6.28,+36.5,+21.9,OA	+6.58,+20.4,+21.9,NA	+6.92,+2.0,+20.4,@B	+2.17,+274.5,+21.0,JB	+6.90,+3.9,+20.4,JB	
1701233019.6247475	+6.58,+13.8,+21.9,BA	+6.28,+36.4,+21.9,NA	+6.58,+20.3,+21.8,HA	+6.92,+1.9,+20.4,JB	+2.17,+274.5,+21.0,JB	+6.90,+3.9,+20.4,JB	
1701233081.6350718	+6.58,+13.9,+21.8,BA	+6.28,+36.5,+21.9,OA	+6.58,+20.3,+21.8,HA	+6.92,+1.9,+20.4,JB	+2.17,+274.7,+21.0,HB	+6.90,+3.9,+20.4,JB	
1701233143.6436052	+6.58,+13.8,+21.8,CA	+6.28,+36.4,+21.9,NA	+6.58,+20.4,+21.8,OA	+6.92,+1.9,+20.4,JB	+2.17,+274.7,+21.0,HB	+6.90,+4.0,+20.4,DB	
1701233205.6533954	+6.58,+13.8,+21.8,CA	+6.28,+36.4,+21.9,NA	+6.58,+20.3,+21.8,HA	+6.92,+2.0,+20.4,@B	+2.17,+274.6,+21.0,IB	+6.90,+3.9,+20.4,JB	
1701233267.6625814	+6.58,+13.8,+21.8,CA	+6.28,+36.4,+21.9,NA	+6.58,+20.4,+21.8,OA	+6.92,+1.9,+20.4,JB	+2.18,+274.4,+21.0,DB	+6.90,+3.9,+20.4,JB	
1701233329.6726072	+6.58,+13.8,+21.8,CA	+6.28,+36.5,+21.9,OA	+6.59,+20.3,+21.9,HA	+6.92,+1.9,+20.4,JB	+2.18,+274.4,+21.0,DB	+6.90,+3.9,+20.4,JB	
1701233391.6811695	+6.58,+13.8,+21.9,BA	+6.28,+36.5,+21.9,OA	+6.58,+20.3,+21.9,IA	+6.92,+1.9,+20.4,JB	+2.17,+274.7,+21.0,HB	+6.90,+4.0,+20.4,DB	
1701233453.6907284	+6.58,+13.9,+21.8,BA	+6.28,+36.5,+21.9,OA	+6.59,+20.3,+21.9,HA	+6.92,+2.0,+20.4,@B	+2.17,+274.7,+21.0,HB	+6.90,+4.0,+20.4,DB	
1701233515.6993284	+6.58,+13.9,+21.9,CA	+6.28,+36.5,+21.9,OA	+6.58,+20.4,+21.9,NA	+6.92,+1.9,+20.4,JB	+2.17,+274.6,+21.0,IB	+6.90,+4.0,+20.4,DB	
1701233577.7079933	+6.58,+13.9,+21.9,CA	+6.28,+36.4,+21.9,NA	+6.59,+20.3,+21.8,IA	+6.92,+1.9,+20.4,JB	+2.16,+275.0,+21.0,OB	+6.90,+3.9,+20.4,JB	
1701233639.71539	+6.58,+13.9,+21.8,BA	+6.28,+36.4,+21.9,NA	+6.58,+20.4,+21.9,NA	+6.92,+1.9,+20.4,JB	+2.17,+274.8,+21.0,GB	+6.90,+4.0,+20.4,DB	
1701233701.7251394	+6.58,+13.9,+21.9,CA	+6.28,+36.4,+21.9,NA	+6.58,+20.4,+21.9,NA	+6.92,+1.9,+20.4,JB	+2.17,+274.8,+21.0,GB	+6.90,+4.0,+20.4,DB	
1701233763.7329705	+6.58,+13.9,+21.9,CA	+6.28,+36.4,+21.9,NA	+6.58,+20.4,+21.9,NA	+6.92,+1.9,+20.4,JB	+2.17,+274.8,+21.0,GB	+6.90,+4.0,+20.4,DB	
1701233825.7416449	+6.58,+13.8,+21.8,CA	+6.28,+36.4,+21.9,NA	+6.58,+20.4,+21.9,NA	+6.92,+1.9,+20.4,JB	+2.17,+274.9,+21.0,FB	+6.90,+4.0,+20.4,DB	
1701233887.7486212	+6.58,+13.9,+21.9,CA	+6.28,+36.4,+21.9,NA	+6.58,+20.5,+21.9,OA	+6.92,+1.9,+20.4,JB	+2.17,+274.8,+21.0,GB	+6.90,+4.1,+20.4,EB	
1701233949.7574935	+6.58,+13.9,+21.9,CA	+6.28,+36.4,+21.9,NA	+6.59,+20.3,+21.9,HA	+6.92,+1.9,+20.4,JB	+2.17,+274.5,+21.0,JB	+6.90,+4.1,+20.4,EB	
1701234011.7639997	+6.58,+13.9,+21.9,CA	+6.28,+36.4,+21.9,NA	+6.58,+20.4,+21.9,NA	+6.92,+1.9,+20.4,JB	+2.17,+274.8,+21.0,GB	+6.90,+4.0,+20.4,DB	
1701234073.772778	+6.58,+13.9,+21.9,CA	+6.28,+36.4,+21.9,NA	+6.58,+20.4,+21.9,NA	+6.92,+2.0,+20.4,@B	+2.17,+274.9,+21.0,FB	+6.90,+4.0,+20.4,DB	
1701234135.781264	+6.58,+13.9,+21.9,CA	+6.28,+36.4,+21.9,NA	+6.59,+20.3,+21.9,HA	+6.92,+1.9,+20.4,JB	+2.17,+274.8,+21.0,GB	+6.90,+4.0,+20.4,DB	
1701234197.7910876	+6.58,+13.9,+21.9,CA	+6.28,+36.4,+21.9,NA	+6.58,+20.4,+21.9,NA	+6.92,+1.9,+20.4,JB	+2.18,+274.3,+21.0,CB	+6.90,+4.0,+20.4,DB	
1701234259.8000317	+6.58,+13.9,+21.9,CA	+6.28,+36.4,+21.9,NA	+6.58,+20.4,+21.9,NA	+6.92,+1.9,+20.4,JB	+2.17,+274.8,+21.0,GB	+6.90,+4.0,+20.4,DB	
1701234321.8084037	+6.58,+13.9,+21.9,CA	+6.28,+36.4,+21.9,NA	+6.58,+20.3,+21.9,IA	+6.92,+1.9,+20.4,JB	+2.17,+274.8,+21.0,GB	+6.90,+4.0,+20.4,DB	
1701234383.8177476	+6.58,+13.9,+21.9,CA	+6.28,+36.3,+21.9,IA	+6.58,+20.4,+21.9,NA	+6.92,+1.9,+20.4,JB	+2.17,+274.9,+21.1,GB	+6.90,+3.9,+20.4,JB	
1701234445.82795	+6.58,+13.8,+21.9,BA	+6.28,+36.3,+21.9,IA	+6.58,+20.3,+21.9,IA	+6.92,+1.9,+20.4,JB	+2.17,+274.5,+21.0,JB	+6.90,+4.0,+20.4,DB	
1701234507.8381684	+6.58,+13.9,+21.9,CA	+6.28,+36.3,+21.9,IA	+6.58,+20.4,+21.9,NA	+6.92,+1.9,+20.4,JB	+2.17,+274.6,+21.0,IB	+6.90,+3.9,+20.4,JB	
1701234569.846211	+6.58,+13.9,+21.9,CA	+6.28,+36.3,+21.9,IA	+6.58,+20.4,+21.9,NA	+6.92,+1.9,+20.4,JB	+2.17,+274.7,+21.1,IB	+6.90,+3.9,+20.4,JB	
1701234631.8548212	+6.58,+13.9,+21.9,CA	+6.28,+36.4,+21.9,NA	+6.58,+20.3,+21.9,IA	+6.92,+1.9,+20.4,JB	+2.17,+274.7,+21.0,HB	+6.90,+4.0,+20.4,DB	
1701234693.8642092	+6.58,+13.9,+21.9,CA	+6.28,+36.3,+21.9,IA	+6.59,+20.3,+21.9,HA	+6.92,+1.9,+20.4,JB	+2.17,+274.8,+21.0,GB	+6.90,+3.9,+20.4,JB	
1701234755.8717763	+6.58,+13.9,+21.9,CA	+6.28,+36.3,+21.9,IA	+6.58,+20.4,+21.9,NA	+6.92,+1.9,+20.4,JB	+2.17,+275.0,+21.0,NB	+6.90,+3.9,+20.4,JB	
1701234817.880806	+6.59,+13.7,+21.9,LA	+6.28,+36.3,+21.9,IA	+6.58,+20.4,+21.9,NA	+6.92,+1.9,+20.4,JB	+2.17,+274.7,+21.0,HB	+6.90,+3.9,+20.4,JB	
1701234879.8862038	+6.58,+13.8,+21.9,BA	+6.28,+36.3,+21.9,IA	+6.58,+20.4,+21.9,NA	+6.92,+1.9,+20.4,JB	+2.17,+274.8,+21.0,GB	+6.90,+4.0,+20.4,DB	
1701234941.895746	+6.58,+13.8,+21.9,BA	+6.28,+36.4,+21.9,NA	+6.58,+20.5,+21.9,OA	+6.92,+1.9,+20.4,JB	+2.17,+274.7,+21.0,HB	+6.90,+3.8,+20.4,KB	
1701235003.905294	+6.58,+13.8,+21.9,BA	+6.28,+36.4,+22.0,DA	+6.58,+20.4,+21.9,NA	+6.92,+1.9,+20.4,JB	+2.17,+274.8,+21.0,GB	+6.90,+4.0,+20.4,DB	
1701235065.9142954	+6.58,+13.7,+21.9,MA	+6.28,+36.4,+22.0,DA	+6.59,+20.3,+21.9,HA	+6.92,+1.9,+20.4,JB	+2.17,+274.8,+21.1,FB	+6.90,+3.9,+20.4,JB	
1701235127.9238422	+6.58,+13.8,+21.9,BA	+6.28,+36.4,+21.9,NA	+6.59,+20.3,+21.9,HA	+6.92,+1.9,+20.4,JB	+2.17,+274.8,+21.0,GB	+6.90,+3.9,+20.4,JB	
1701235189.9314003	+6.58,+13.8,+21.9,BA	+6.28,+36.3,+22.0,CA	+6.58,+20.4,+21.9,NA	+6.92,+1.9,+20.4,JB	+2.17,+274.5,+21.1,KB	+6.90,+4.0,+20.4,DB	
1701235251.9416418	+6.58,+13.8,+21.9,BA	+6.28,+36.3,+21.9,IA	+6.59,+20.3,+21.9,HA	+6.92,+1.9,+20.4,JB	+2.17,+274.9,+21.1,GB	+6.90,+3.9,+20.4,JB	
1701235313.950892	+6.58,+13.8,+21.9,BA	+6.28,+36.4,+21.9,NA	+6.58,+20.4,+21.9,NA	+6.92,+1.9,+20.4,JB	+2.17,+274.7,+21.1,IB	+6.91,+3.7,+20.4,EB	
1701235375.961496	+6.58,+13.8,+21.9,BA	+6.28,+36.3,+21.9,IA	+6.59,+20.3,+21.9,HA	+6.92,+1.9,+20.4,JB	+2.16,+275.2,+21.1,LB	+6.91,+3.7,+20.4,EB	
1701235437.969142	+6.58,+13.8,+21.9,BA	+6.28,+36.4,+22.0,DA	+6.59,+20.3,+21.9,HA	+6.92,+1.9,+20.4,JB	+2.16,+275.1,+21.1,OB	+6.90,+3.7,+20.4,DB	
1701235499.9767897	+6.58,+13.8,+21.9,BA	+6.28,+36.4,+22.0,DA	+6.59,+20.3,+21.9,HA	+6.92,+1.9,+20.4,JB	+2.16,+275.3,+21.1,MB	+6.91,+3.7,+20.4,EB	
1701235561.984538	+6.58,+13.9,+21.9,CA	+6.28,+36.4,+22.0,DA	+6.58,+20.3,+21.9,IA	+6.92,+1.9,+20.4,JB	+2.17,+274.9,+21.1,GB	+6.90,+3.8,+20.5,JB	
1701235623.9887216	+6.58,+13.9,+21.9,CA	+6.28,+36.4,+22.0,DA	+6.58,+20.4,+21.9,NA	+6.92,+2.0,+20.4,@B	+2.16,+275.1,+21.1,OB	+6.90,+3.8,+20.5,JB	
1701235869.5500126	+6.58,+13.8,+21.9,BA	+6.28,+36.3,+22.0,CA	+6.58,+20.4,+21.9,NA	+6.92,+1.9,+20.5,KB	+2.18,+274.3,+21.1,BB	+6.90,+3.8,+20.5,JB	
