62309060476	62309060477	62309060478	62309060479	62309060481	62309060482	
1700414963.7682424	+6.52,+17.5,+21.9,AA	+6.37,+31.0,+21.8,BA	+6.49,+25.5,+21.9,JA	+6.74,+12.0,+20.3,NA	+2.45,+258.4,+21.0,BB	+6.96,+0.8,+20.2,HB	
1700415025.7760613	+6.52,+17.5,+21.9,AA	+6.37,+31.1,+21.8,CA	+6.50,+25.5,+21.9,BA	+6.74,+12.1,+20.2,NA	+2.45,+258.4,+21.0,BB	+6.96,+0.7,+20.2,GB	
1700415087.7836142	+6.52,+17.5,+21.9,AA	+6.37,+30.9,+21.8,JA	+6.49,+25.6,+21.9,IA	+6.74,+12.1,+20.2,NA	+2.45,+258.6,+21.0,@B	+6.96,+0.7,+20.2,GB	
1700415149.7913182	+6.52,+17.5,+21.9,AA	+6.37,+31.0,+21.8,BA	+6.49,+25.5,+21.9,JA	+6.74,+12.0,+20.2,OA	+2.45,+258.6,+21.0,@B	+6.96,+0.7,+20.2,GB	
1700415211.7988045	+6.52,+17.5,+21.9,AA	+6.37,+31.1,+21.8,CA	+6.49,+25.5,+21.9,JA	+6.74,+12.0,+20.3,NA	+2.45,+258.6,+21.0,@B	+6.96,+0.7,+20.2,GB	
1700415273.807801	+6.52,+17.5,+21.9,AA	+6.37,+31.1,+21.8,CA	+6.50,+25.5,+21.9,BA	+6.74,+12.0,+20.2,OA	+2.45,+258.6,+21.0,@B	+6.96,+0.5,+20.2,EB	
1700415335.8132997	+6.52,+17.5,+21.9,AA	+6.37,+31.0,+21.8,BA	+6.50,+25.5,+21.9,BA	+6.74,+12.1,+20.2,NA	+2.45,+258.4,+21.0,BB	+6.96,+0.6,+20.2,FB	
1700415397.8223724	+6.52,+17.5,+21.9,AA	+6.37,+31.1,+21.8,CA	+6.49,+25.5,+21.9,JA	+6.74,+12.0,+20.2,OA	+2.45,+258.4,+21.1,CB	+6.96,+0.7,+20.2,GB	
1700415459.8316352	+6.52,+17.5,+21.9,AA	+6.37,+31.1,+21.8,CA	+6.50,+25.5,+21.9,BA	+6.74,+12.0,+20.2,OA	+2.46,+258.1,+21.0,DB	+6.96,+0.6,+20.2,FB	
1700415521.8406475	+6.52,+17.6,+21.9,BA	+6.37,+31.0,+21.8,BA	+6.49,+25.5,+21.9,JA	+6.74,+12.0,+20.2,OA	+2.46,+258.2,+21.0,GB	+6.96,+0.6,+20.2,FB	
1700415583.8492332	+6.52,+17.5,+21.9,AA	+6.37,+31.1,+21.8,CA	+6.50,+25.5,+21.9,BA	+6.74,+12.1,+20.2,NA	+2.46,+258.2,+21.0,GB	+6.96,+0.7,+20.2,GB	
1700415645.8567219	+6.52,+17.6,+21.9,BA	+6.37,+31.0,+21.8,BA	+6.49,+25.5,+21.9,JA	+6.74,+12.2,+20.2,MA	+2.45,+258.4,+21.0,BB	+6.96,+0.7,+20.2,GB	
1700415707.8644073	+6.52,+17.5,+21.8,@A	+6.37,+31.0,+21.8,BA	+6.50,+25.5,+21.9,BA	+6.74,+12.3,+20.2,LA	+2.45,+258.5,+21.0,CB	+6.96,+0.6,+20.2,FB	
1700415769.869995	+6.52,+17.5,+21.9,AA	+6.37,+31.0,+21.8,BA	+6.49,+25.5,+21.9,JA	+6.74,+12.2,+20.2,MA	+2.45,+258.6,+21.0,@B	+6.96,+0.6,+20.2,FB	
1700415831.8785439	+6.52,+17.5,+21.9,AA	+6.37,+31.0,+21.8,BA	+6.49,+25.5,+21.9,JA	+6.74,+12.1,+20.2,NA	+2.45,+258.5,+21.0,CB	+6.96,+0.6,+20.2,FB	
1700415893.886974	+6.52,+17.5,+21.9,AA	+6.37,+31.0,+21.8,BA	+6.49,+25.5,+21.9,JA	+6.75,+11.8,+20.2,EA	+2.46,+258.2,+21.0,GB	+6.96,+0.6,+20.2,FB	
1700415955.8965895	+6.52,+17.5,+21.8,@A	+6.37,+31.0,+21.8,BA	+6.49,+25.5,+21.9,JA	+6.75,+11.9,+20.2,DA	+2.46,+258.1,+21.0,DB	+6.96,+0.5,+20.2,EB	
1700416017.9046369	+6.52,+17.5,+21.9,AA	+6.37,+31.0,+21.7,MA	+6.50,+25.5,+21.9,BA	+6.75,+11.8,+20.2,EA	+2.46,+257.9,+21.0,CB	+6.96,+0.7,+20.2,GB	
1700416079.9135506	+6.52,+17.5,+21.9,AA	+6.37,+31.0,+21.8,BA	+6.50,+25.5,+21.9,BA	+6.74,+11.9,+20.2,EA	+2.47,+257.6,+21.0,MB	+6.96,+0.5,+20.2,EB	
1700416141.9224126	+6.52,+17.6,+21.9,BA	+6.37,+30.9,+21.7,EA	+6.49,+25.5,+21.9,JA	+6.75,+11.8,+20.2,EA	+2.46,+257.8,+21.0,BB	+6.96,+0.6,+20.2,FB	
1700416203.9285433	+6.52,+17.5,+21.9,AA	+6.37,+30.9,+21.8,JA	+6.50,+25.5,+21.9,BA	+6.75,+11.8,+20.2,EA	+2.47,+257.6,+21.0,MB	+6.96,+0.5,+20.2,EB	
1700416265.9375625	+6.52,+17.5,+21.9,AA	+6.37,+31.0,+21.8,BA	+6.50,+25.5,+21.9,BA	+6.74,+12.0,+20.3,NA	+2.48,+257.1,+21.0,EB	+6.96,+0.5,+20.3,DB	
1700416327.9470122	+6.52,+17.6,+21.9,BA	+6.37,+31.1,+21.8,CA	+6.49,+25.6,+21.9,IA	+6.74,+11.9,+20.2,EA	+2.47,+257.2,+21.0,IB	+6.96,+0.4,+20.2,DB	
1700416389.9552543	+6.52,+17.6,+21.9,BA	+6.37,+31.0,+21.8,BA	+6.49,+25.6,+21.8,HA	+6.74,+11.9,+20.2,EA	+2.48,+257.0,+21.0,DB	+6.96,+0.4,+20.2,DB	
1700416451.9655375	+6.52,+17.5,+21.9,AA	+6.37,+31.0,+21.8,BA	+6.49,+25.5,+21.9,JA	+6.74,+12.0,+20.2,OA	+2.47,+257.5,+21.0,NB	+6.96,+0.4,+20.2,DB	
1700416513.974952	+6.52,+17.5,+21.9,AA	+6.37,+31.0,+21.7,MA	+6.49,+25.5,+21.9,JA	+6.75,+11.9,+20.2,DA	+2.47,+257.6,+21.0,MB	+6.96,+0.4,+20.2,DB	
1700416575.9819133	+6.52,+17.6,+21.9,BA	+6.37,+31.0,+21.7,MA	+6.50,+25.5,+21.9,BA	+6.75,+11.9,+20.2,DA	+2.46,+257.8,+21.0,BB	+6.96,+0.4,+20.2,DB	
1700416637.9893134	+6.52,+17.5,+21.9,AA	+6.37,+31.0,+21.7,MA	+6.49,+25.5,+21.9,JA	+6.74,+12.0,+20.2,OA	+2.47,+257.6,+21.0,MB	+6.96,+0.4,+20.2,DB	
1700416699.9984663	+6.52,+17.5,+21.8,@A	+6.37,+31.0,+21.7,MA	+6.49,+25.6,+21.9,IA	+6.74,+12.0,+20.2,OA	+2.46,+257.7,+21.0,MB	+6.96,+0.4,+20.2,DB	
1700416762.0109723	+6.52,+17.5,+21.9,AA	+6.37,+31.0,+21.7,MA	+6.49,+25.6,+21.9,IA	+6.74,+12.0,+20.2,OA	+2.47,+257.5,+21.0,NB	+6.96,+0.4,+20.2,DB	
1700416824.0212793	+6.52,+17.5,+21.8,@A	+6.37,+31.0,+21.8,BA	+6.49,+25.6,+21.9,IA	+6.74,+12.1,+20.2,NA	+2.47,+257.5,+21.0,NB	+6.96,+0.3,+20.2,CB	
1700416886.0305512	+6.52,+17.5,+21.8,@A	+6.37,+31.0,+21.7,MA	+6.49,+25.5,+21.8,KA	+6.74,+12.1,+20.2,NA	+2.47,+257.6,+21.0,MB	+6.96,+0.3,+20.2,CB	
1700416948.0404081	+6.52,+17.6,+21.9,BA	+6.37,+31.0,+21.7,MA	+6.49,+25.5,+21.9,JA	+6.74,+12.0,+20.2,OA	+2.47,+257.7,+21.0,LB	+6.96,+0.4,+20.2,DB	
1700417010.0502396	+6.52,+17.6,+21.8,CA	+6.37,+31.0,+21.8,BA	+6.49,+25.5,+21.9,JA	+6.74,+12.2,+20.2,MA	+2.47,+257.7,+21.0,LB	+6.97,+0.3,+20.2,BB	
1700417072.0589554	+6.52,+17.5,+21.8,@A	+6.37,+31.0,+21.7,MA	+6.49,+25.5,+21.9,JA	+6.74,+12.3,+20.2,LA	+2.47,+257.6,+21.0,MB	+6.97,+0.3,+20.2,BB	
1700417134.0679574	+6.52,+17.5,+21.8,@A	+6.37,+31.0,+21.8,BA	+6.50,+25.5,+21.9,BA	+6.74,+12.3,+20.2,LA	+2.47,+257.7,+21.0,LB	+6.97,+0.3,+20.2,BB	
1700417196.0777278	+6.52,+17.6,+21.8,CA	+6.37,+31.0,+21.8,BA	+6.49,+25.6,+21.9,IA	+6.74,+12.2,+20.2,MA	+2.48,+256.9,+21.0,LB	+6.97,+0.2,+20.2,CB	
1700417258.0875623	+6.52,+17.5,+21.8,@A	+6.37,+30.9,+21.7,EA	+6.49,+25.5,+21.9,JA	+6.74,+12.1,+20.2,NA	+2.47,+257.6,+21.0,MB	+6.97,+0.2,+20.2,CB	
1700417503.6397069	+6.52,+17.5,+21.8,@A	+6.37,+31.0,+21.7,MA	+6.49,+25.5,+21.8,KA	+6.74,+12.4,+20.2,KA	+2.48,+257.0,+21.0,DB	+6.97,+0.2,+20.2,CB	
1700417565.6477368	+6.52,+17.5,+21.8,@A	+6.37,+31.0,+21.7,MA	+6.49,+25.5,+21.8,KA	+6.74,+12.3,+20.2,LA	+2.47,+257.6,+21.0,MB	+6.97,+0.1,+20.2,@B	
1700417627.6525662	+6.52,+17.5,+21.8,@A	+6.37,+31.0,+21.7,MA	+6.49,+25.6,+21.9,IA	+6.74,+12.5,+20.2,JA	+2.47,+257.5,+21.0,NB	+6.97,+0.2,+20.2,CB	
1700417689.659312	+6.52,+17.4,+21.8,AA	+6.37,+31.0,+21.7,MA	+6.50,+25.4,+21.8,BA	+6.74,+12.4,+20.2,KA	+2.46,+257.8,+21.0,BB	+6.97,+0.2,+20.2,CB	
1700417751.667215	+6.52,+17.5,+21.8,@A	+6.37,+31.0,+21.7,MA	+6.49,+25.5,+21.8,KA	+6.74,+12.3,+20.2,LA	+2.46,+257.7,+21.0,MB	+6.97,+0.2,+20.2,CB	
1700417813.6746185	+6.52,+17.5,+21.8,@A	+6.37,+31.1,+21.7,LA	+6.50,+25.5,+21.8,CA	+6.74,+12.4,+20.2,KA	+2.46,+257.8,+21.0,BB	+6.97,+0.2,+20.2,CB	
1700417875.6834457	+6.52,+17.5,+21.8,@A	+6.37,+31.0,+21.7,MA	+6.49,+25.5,+21.9,JA	+6.74,+12.4,+20.2,KA	+2.47,+257.7,+21.0,LB	+6.96,+0.5,+20.2,EB	
1700417937.692738	+6.52,+17.6,+21.8,CA	+6.37,+31.0,+21.7,MA	+6.49,+25.6,+21.9,IA	+6.74,+12.5,+20.2,JA	+2.47,+257.6,+21.0,MB	+6.97,+0.2,+20.2,CB	
1700417999.7031772	+6.52,+17.5,+21.8,@A	+6.37,+31.0,+21.7,MA	+6.49,+25.5,+21.8,KA	+6.74,+12.5,+20.2,JA	+2.47,+257.6,+21.0,MB	+6.97,+0.2,+20.2,CB	
1700418061.7125478	+6.52,+17.5,+21.8,@A	+6.37,+31.0,+21.7,MA	+6.49,+25.5,+21.9,JA	+6.73,+12.6,+20.2,NA	+2.47,+257.5,+21.0,NB	+6.97,+0.2,+20.2,CB	
1700418123.720157	+6.52,+17.5,+21.8,@A	+6.37,+31.1,+21.7,LA	+6.50,+25.5,+21.8,CA	+6.74,+12.2,+20.2,MA	+2.47,+257.2,+21.0,IB	+6.97,+0.2,+20.2,CB	
1700418185.7309344	+6.52,+17.5,+21.8,@A	+6.37,+31.1,+21.7,LA	+6.49,+25.5,+21.8,KA	+6.74,+12.0,+20.2,OA	+2.49,+256.0,+21.0,DB	+6.97,+0.1,+20.2,@B	
1700418247.7366056	+6.52,+17.5,+21.8,@A	+6.37,+31.1,+21.7,LA	+6.50,+25.5,+21.8,CA	+6.74,+12.1,+20.2,NA	+2.48,+257.1,+21.0,EB	+6.97,+0.1,+20.2,@B	
1700418309.7463703	+6.52,+17.5,+21.8,@A	+6.37,+31.1,+21.7,LA	+6.50,+25.5,+21.8,CA	+6.74,+12.0,+20.2,OA	+2.48,+257.0,+21.0,DB	+6.97,+0.1,+20.2,@B	
1700418371.7544668	+6.52,+17.5,+21.8,@A	+6.37,+31.1,+21.7,LA	+6.49,+25.6,+21.8,HA	+6.74,+11.9,+20.2,EA	+2.48,+256.9,+21.0,LB	+6.97,+0.0,+20.2,AB	
1700418433.7636979	+6.52,+17.5,+21.8,@A	+6.37,+31.0,+21.7,MA	+6.49,+25.5,+21.8,KA	+6.74,+12.0,+20.2,OA	+2.48,+256.8,+21.0,MB	+6.97,+0.0,+20.2,AB	
1700418495.7735474	+6.52,+17.5,+21.8,@A	+6.37,+31.0,+21.7,MA	+6.49,+25.5,+21.8,KA	+6.75,+11.8,+20.2,EA	+2.48,+256.8,+21.0,MB	+6.97,+0.1,+20.2,@B	
1700418557.7778876	+6.52,+17.5,+21.8,@A	+6.37,+31.0,+21.7,MA	+6.49,+25.5,+21.8,KA	+6.75,+11.9,+20.2,DA	+2.48,+256.7,+21.0,BB	+6.97,+0.1,+20.2,@B	
1700418619.785591	+6.52,+17.5,+21.8,@A	+6.37,+31.0,+21.7,MA	+6.49,+25.5,+21.8,KA	+6.75,+11.8,+20.2,EA	+2.48,+256.5,+21.0,@B	+6.97,+0.1,+20.2,@B	
1700418681.7937634	+6.52,+17.5,+21.8,@A	+6.37,+31.0,+21.7,MA	+6.50,+25.5,+21.8,CA	+6.75,+11.7,+20.2,JA	+2.49,+256.5,+21.0,AB	+6.97,+0.1,+20.2,@B	
1700418743.8035645	+6.52,+17.4,+21.8,AA	+6.37,+31.0,+21.7,MA	+6.49,+25.5,+21.8,KA	+6.75,+11.8,+20.2,EA	+2.49,+256.5,+21.0,AB	+6.97,+0.1,+20.2,@B	
1700418805.8133268	+6.52,+17.5,+21.8,@A	+6.37,+31.0,+21.7,MA	+6.49,+25.5,+21.8,KA	+6.75,+11.7,+20.2,JA	+2.49,+256.4,+21.0,@B	+6.97,+0.0,+20.2,AB	
1700418867.8228612	+6.52,+17.5,+21.8,@A	+6.37,+31.0,+21.7,MA	+6.49,+25.6,+21.8,HA	+6.75,+11.7,+20.2,JA	+2.49,+256.5,+21.0,AB	+6.97,+0.0,+20.2,AB	
1700418929.8330832	+6.52,+17.5,+21.8,@A	+6.37,+31.0,+21.7,MA	+6.49,+25.5,+21.8,KA	+6.75,+11.7,+20.2,JA	+2.48,+256.7,+21.0,BB	+6.97,-0.0,+20.2,GB	
1700418991.8428109	+6.52,+17.5,+21.8,@A	+6.37,+31.0,+21.7,MA	+6.49,+25.5,+21.8,KA	+6.75,+11.7,+20.2,JA	+2.48,+256.7,+21.0,BB	+6.97,-0.0,+20.2,GB	
1700419053.8492253	+6.52,+17.5,+21.8,@A	+6.37,+31.0,+21.7,MA	+6.49,+25.5,+21.8,KA	+6.76,+11.0,+20.2,NA	+2.48,+256.6,+20.9,KB	+6.97,-0.1,+20.2,FB	
1700419115.8588665	+6.52,+17.5,+21.7,OA	+6.37,+31.1,+21.7,LA	+6.49,+25.5,+21.8,KA	+6.77,+10.7,+20.2,IA	+2.48,+256.6,+21.0,CB	+6.96,+0.3,+20.2,CB	
1700419177.868791	+6.52,+17.5,+21.8,@A	+6.37,+31.2,+21.7,OA	+6.49,+25.5,+21.8,KA	+6.76,+10.8,+20.2,GA	+2.49,+256.3,+21.0,GB	+6.97,-0.1,+20.2,FB	
1700419239.8780909	+6.52,+17.5,+21.7,OA	+6.37,+31.1,+21.7,LA	+6.49,+25.5,+21.8,KA	+6.76,+10.8,+20.2,GA	+2.48,+256.8,+21.0,MB	+6.97,-0.2,+20.2,EB	
1700419301.8869078	+6.52,+17.5,+21.8,@A	+6.37,+31.0,+21.7,MA	+6.49,+25.5,+21.8,KA	+6.76,+10.8,+20.2,GA	+2.48,+257.0,+21.0,DB	+6.97,-0.1,+20.2,FB	
1700419363.8942876	+6.52,+17.5,+21.7,OA	+6.37,+31.0,+21.6,LA	+6.49,+25.5,+21.8,KA	+6.76,+11.0,+20.2,NA	+2.48,+257.0,+21.0,DB	+6.97,-0.1,+20.2,FB	
1700419425.9007857	+6.52,+17.5,+21.8,@A	+6.37,+31.0,+21.7,MA	+6.49,+25.5,+21.8,KA	+6.76,+11.1,+20.2,OA	+2.48,+256.9,+21.0,LB	+6.97,-0.2,+20.2,EB	
1700419487.9086697	+6.52,+17.5,+21.7,OA	+6.37,+31.0,+21.7,MA	+6.49,+25.5,+21.8,KA	+6.76,+11.1,+20.2,OA	+2.48,+256.9,+21.0,LB	+6.97,-0.2,+20.2,EB	
1700419549.9186397	+6.52,+17.5,+21.7,OA	+6.37,+31.0,+21.7,MA	+6.49,+25.5,+21.8,KA	+6.76,+11.2,+20.2,LA	+2.48,+257.0,+21.0,DB	+6.97,-0.1,+20.2,FB	
1700419611.9288054	+6.52,+17.5,+21.7,OA	+6.37,+31.0,+21.7,MA	+6.49,+25.5,+21.8,KA	+6.75,+11.4,+20.2,IA	+2.48,+256.9,+21.0,LB	+6.97,-0.2,+20.2,EB	
1700419673.9393058	+6.52,+17.5,+21.7,OA	+6.37,+31.0,+21.7,MA	+6.49,+25.5,+21.8,KA	+6.75,+11.4,+20.2,IA	+2.48,+256.6,+21.0,CB	+6.97,-0.1,+20.1,EB	
1700419735.949784	+6.52,+17.5,+21.7,OA	+6.37,+31.0,+21.7,MA	+6.49,+25.5,+21.8,KA	+6.75,+11.5,+20.2,HA	+2.48,+256.7,+21.0,BB	+6.97,-0.1,+20.2,FB	
1700419797.9587731	+6.52,+17.5,+21.7,OA	+6.37,+31.0,+21.7,MA	+6.49,+25.6,+21.8,HA	+6.75,+11.5,+20.2,HA	+2.49,+256.4,+21.0,@B	+6.97,-0.1,+20.2,FB	
1700419859.9687495	+6.52,+17.5,+21.7,OA	+6.37,+31.0,+21.7,MA	+6.50,+25.5,+21.8,CA	+6.75,+11.6,+20.2,KA	+2.49,+256.5,+21.0,AB	+6.98,-0.3,+20.2,KB	
1700419921.9789865	+6.52,+17.5,+21.7,OA	+6.37,+31.0,+21.7,MA	+6.49,+25.5,+21.8,KA	+6.75,+11.6,+20.2,KA	+2.50,+255.7,+21.0,HB	+6.97,-0.3,+20.2,DB	
1700419983.9884992	+6.52,+17.5,+21.7,OA	+6.37,+31.1,+21.6,MA	+6.49,+25.5,+21.8,KA	+6.75,+11.7,+20.2,JA	+2.51,+255.1,+21.0,OB	+6.98,-0.3,+20.1,HB	
1700420045.9982603	+6.52,+17.5,+21.7,OA	+6.37,+31.1,+21.7,LA	+6.49,+25.5,+21.8,KA	+6.75,+11.7,+20.2,JA	+2.52,+254.3,+21.0,OB	+6.98,-0.3,+20.2,KB	
1700420108.0090663	+6.52,+17.5,+21.7,OA	+6.37,+31.1,+21.7,LA	+6.49,+25.5,+21.8,KA	+6.75,+11.7,+20.2,JA	+2.53,+253.7,+20.9,EB	+6.98,-0.3,+20.1,HB	
1700420170.019214	+6.52,+17.4,+21.7,NA	+6.37,+31.1,+21.6,MA	+6.50,+25.4,+21.8,BA	+6.75,+11.8,+20.2,EA	+2.54,+253.4,+20.9,AB	+6.98,-0.3,+20.2,KB	
1700420232.0293868	+6.52,+17.5,+21.7,OA	+6.37,+31.1,+21.6,MA	+6.49,+25.6,+21.8,HA	+6.75,+11.8,+20.2,EA	+2.54,+253.3,+20.9,FB	+6.97,-0.3,+20.2,DB	
1700420294.039938	+6.52,+17.5,+21.7,OA	+6.37,+31.0,+21.6,LA	+6.50,+25.5,+21.8,CA	+6.75,+11.8,+20.2,EA	+2.54,+253.0,+20.9,EB	+6.98,-0.3,+20.1,HB	
1700420356.0502331	+6.52,+17.5,+21.7,OA	+6.37,+31.0,+21.6,LA	+6.49,+25.5,+21.7,DA	+6.75,+11.8,+20.2,EA	+2.54,+253.2,+20.9,GB	+6.97,-0.3,+20.1,GB	
1700420418.059561	+6.52,+17.5,+21.7,OA	+6.37,+31.0,+21.6,LA	+6.50,+25.5,+21.8,CA	+6.75,+11.8,+20.2,EA	+2.54,+253.2,+20.9,GB	+6.98,-0.3,+20.1,HB	
1700420480.067759	+6.52,+17.5,+21.7,OA	+6.37,+31.0,+21.7,MA	+6.49,+25.5,+21.7,DA	+6.75,+11.8,+20.1,FA	+2.57,+251.6,+21.0,JB	+6.98,-0.4,+20.1,OB	
1700420542.078653	+6.52,+17.5,+21.7,OA	+6.37,+31.0,+21.6,LA	+6.50,+25.5,+21.7,LA	+6.75,+11.9,+20.2,DA	+2.54,+253.4,+21.0,IB	+6.98,-0.4,+20.1,OB	
1700420604.087873	+6.52,+17.5,+21.7,OA	+6.37,+31.0,+21.7,MA	+6.50,+25.5,+21.7,LA	+6.75,+11.9,+20.2,DA	+2.53,+253.6,+20.9,DB	+6.98,-0.4,+20.1,OB	
1700420666.0977712	+6.52,+17.5,+21.7,OA	+6.37,+31.0,+21.7,MA	+6.49,+25.5,+21.8,KA	+6.74,+11.9,+20.2,EA	+2.53,+253.8,+21.0,BB	+6.98,-0.3,+20.1,HB	
1700420728.1061053	+6.52,+17.5,+21.7,OA	+6.37,+31.0,+21.6,LA	+6.49,+25.5,+21.8,KA	+6.74,+12.0,+20.1,LA	+2.53,+254.0,+21.0,MB	+6.98,-0.4,+20.1,OB	
1700420790.1134086	+6.52,+17.5,+21.7,OA	+6.37,+31.1,+21.6,MA	+6.50,+25.5,+21.8,CA	+6.75,+11.9,+20.2,DA	+2.52,+254.4,+20.9,@B	+6.98,-0.4,+20.1,OB	
1700420852.1198485	+6.52,+17.5,+21.7,OA	+6.37,+31.2,+21.6,NA	+6.50,+25.5,+21.8,CA	+6.74,+12.1,+20.2,NA	+2.52,+254.6,+20.9,BB	+6.98,-0.5,+20.1,NB	
1700420914.127002	+6.52,+17.5,+21.7,OA	+6.37,+31.1,+21.6,MA	+6.50,+25.4,+21.7,MA	+6.74,+11.9,+20.2,EA	+2.51,+255.0,+20.9,FB	+6.98,-0.5,+20.1,NB	
1700420976.1353357	+6.52,+17.5,+21.7,OA	+6.37,+31.1,+21.6,MA	+6.49,+25.5,+21.7,DA	+6.74,+11.9,+20.2,EA	+2.50,+255.4,+20.9,CB	+6.98,-0.5,+20.1,NB	
1700421038.1453652	+6.52,+17.5,+21.7,OA	+6.37,+31.1,+21.6,MA	+6.50,+25.5,+21.7,LA	+6.74,+12.0,+20.2,OA	+2.50,+255.8,+21.0,GB	+6.98,-0.5,+20.1,NB	
1700421100.153839	+6.52,+17.5,+21.7,OA	+6.37,+31.0,+21.6,LA	+6.50,+25.5,+21.7,LA	+6.74,+12.0,+20.1,LA	+2.49,+255.9,+20.9,FB	+6.98,-0.5,+20.1,NB	
1700421345.7119114	+6.52,+17.5,+21.7,OA	+6.37,+31.0,+21.6,LA	+6.49,+25.5,+21.7,DA	+6.74,+12.0,+20.1,LA	+2.49,+256.2,+20.9,NB	+6.98,-0.4,+20.1,OB	
1700421407.7193134	+6.52,+17.5,+21.7,OA	+6.37,+31.1,+21.6,MA	+6.49,+25.5,+21.7,DA	+6.74,+12.1,+20.1,MA	+2.48,+256.6,+20.9,KB	+6.98,-0.5,+20.1,NB	
1700421469.7263083	+6.52,+17.5,+21.7,OA	+6.37,+31.1,+21.6,MA	+6.50,+25.4,+21.7,MA	+6.74,+12.1,+20.1,MA	+2.48,+256.8,+20.9,EB	+6.98,-0.4,+20.1,OB	
1700421531.7352326	+6.52,+17.5,+21.7,OA	+6.37,+31.0,+21.6,LA	+6.50,+25.5,+21.7,LA	+6.74,+12.1,+20.1,MA	+2.48,+256.8,+20.9,EB	+6.98,-0.5,+20.1,NB	
1700421593.7428112	+6.52,+17.4,+21.7,NA	+6.37,+31.1,+21.6,MA	+6.50,+25.5,+21.7,LA	+6.74,+12.1,+20.2,NA	+2.48,+256.9,+20.9,DB	+6.98,-0.4,+20.1,OB	
1700421655.7512953	+6.52,+17.5,+21.7,OA	+6.37,+31.1,+21.6,MA	+6.49,+25.5,+21.7,DA	+6.74,+12.2,+20.1,NA	+2.48,+256.9,+20.9,DB	+6.98,-0.5,+20.1,NB	
1700421717.7604015	+6.52,+17.5,+21.7,OA	+6.37,+31.2,+21.6,NA	+6.49,+25.6,+21.7,GA	+6.74,+12.1,+20.1,MA	+2.48,+256.9,+20.9,DB	+6.98,-0.5,+20.1,NB	
1700421779.769751	+6.52,+17.5,+21.7,OA	+6.37,+31.1,+21.6,MA	+6.49,+25.6,+21.7,GA	+6.74,+12.1,+20.1,MA	+2.50,+255.4,+20.9,CB	+6.98,-0.5,+20.1,NB	
1700421841.7768273	+6.52,+17.5,+21.7,OA	+6.37,+31.1,+21.6,MA	+6.49,+25.5,+21.7,DA	+6.74,+12.1,+20.1,MA	+2.48,+257.0,+20.9,LB	+6.98,-0.5,+20.1,NB	
1700421903.7862523	+6.52,+17.5,+21.7,OA	+6.37,+31.1,+21.6,MA	+6.49,+25.5,+21.7,DA	+6.74,+12.1,+20.1,MA	+2.48,+257.0,+20.9,LB	+6.98,-0.5,+20.1,NB	
1700421965.7942183	+6.52,+17.5,+21.7,OA	+6.37,+31.0,+21.6,LA	+6.49,+25.5,+21.7,DA	+6.74,+12.0,+20.1,LA	+2.48,+256.8,+20.9,EB	+6.98,-0.5,+20.1,NB	
1700422027.803242	+6.52,+17.5,+21.7,OA	+6.37,+31.0,+21.6,LA	+6.49,+25.5,+21.7,DA	+6.74,+12.3,+20.1,OA	+2.49,+256.5,+20.9,IB	+6.98,-0.5,+20.1,NB	
1700422089.8109913	+6.52,+17.5,+21.7,OA	+6.37,+31.0,+21.6,LA	+6.49,+25.5,+21.7,DA	+6.74,+12.2,+20.1,NA	+2.50,+255.9,+20.9,NB	+6.98,-0.5,+20.1,NB	
1700422151.8195956	+6.52,+17.5,+21.7,OA	+6.37,+31.1,+21.6,MA	+6.49,+25.6,+21.7,GA	+6.74,+12.2,+20.1,NA	+2.50,+255.7,+20.9,@B	+6.98,-0.5,+20.1,NB	
1700422213.8272374	+6.52,+17.5,+21.6,NA	+6.37,+31.0,+21.6,LA	+6.50,+25.4,+21.7,MA	+6.74,+12.2,+20.1,NA	+2.50,+255.4,+20.9,CB	+6.98,-0.5,+20.1,NB	
1700422275.8373	+6.52,+17.5,+21.7,OA	+6.37,+31.0,+21.6,LA	+6.49,+25.5,+21.7,DA	+6.74,+12.2,+20.1,NA	+2.50,+255.6,+20.9,AB	+6.98,-0.6,+20.1,MB	
1700422337.845631	+6.52,+17.5,+21.7,OA	+6.37,+31.0,+21.6,LA	+6.49,+25.5,+21.7,DA	+6.74,+12.3,+20.1,OA	+2.52,+254.6,+20.9,BB	+6.98,-0.6,+20.1,MB	
1700422399.8542008	+6.52,+17.5,+21.7,OA	+6.37,+31.1,+21.6,MA	+6.49,+25.5,+21.7,DA	+6.74,+12.3,+20.1,OA	+2.50,+255.4,+20.9,CB	+6.98,-0.6,+20.1,MB	
1700422461.862612	+6.52,+17.5,+21.7,OA	+6.37,+31.1,+21.6,MA	+6.50,+25.5,+21.7,LA	+6.74,+12.4,+20.1,HA	+2.50,+255.4,+20.9,CB	+6.98,-0.6,+20.1,MB	
1700422523.8716495	+6.52,+17.4,+21.7,NA	+6.37,+31.1,+21.6,MA	+6.49,+25.5,+21.7,DA	+6.74,+12.2,+20.1,NA	+2.50,+255.5,+20.9,BB	+6.98,-0.6,+20.1,MB	
1700422585.8814187	+6.52,+17.5,+21.7,OA	+6.37,+31.1,+21.6,MA	+6.49,+25.5,+21.7,DA	+6.75,+11.7,+20.1,IA	+2.50,+255.4,+20.9,CB	+6.98,-0.7,+20.1,LB	
1700422647.8880525	+6.52,+17.4,+21.6,OA	+6.37,+31.1,+21.6,MA	+6.50,+25.5,+21.7,LA	+6.75,+11.6,+20.1,HA	+2.50,+255.4,+20.9,CB	+6.98,-0.7,+20.1,LB	
1700422709.896659	+6.52,+17.5,+21.6,NA	+6.37,+31.1,+21.6,MA	+6.49,+25.6,+21.7,GA	+6.75,+11.6,+20.1,HA	+2.50,+255.5,+20.9,BB	+6.98,-0.6,+20.1,MB	
1700422771.9071987	+6.52,+17.4,+21.6,OA	+6.37,+31.1,+21.6,MA	+6.49,+25.5,+21.7,DA	+6.75,+11.6,+20.1,HA	+2.50,+255.7,+20.9,@B	+6.98,-0.6,+20.1,MB	
1700422833.9158447	+6.52,+17.5,+21.7,OA	+6.37,+31.0,+21.6,LA	+6.49,+25.5,+21.7,DA	+6.75,+11.6,+20.1,HA	+2.50,+255.7,+20.9,@B	+6.98,-0.7,+20.0,MB	
1700422895.9265287	+6.52,+17.5,+21.7,OA	+6.37,+31.1,+21.6,MA	+6.49,+25.5,+21.7,DA	+6.75,+11.7,+20.1,IA	+2.50,+255.7,+20.9,@B	+6.98,-0.6,+20.1,MB	
1700422957.9337802	+6.52,+17.4,+21.6,OA	+6.37,+31.0,+21.5,OA	+6.50,+25.5,+21.7,LA	+6.76,+11.1,+20.1,LA	+2.50,+255.7,+20.9,@B	+6.98,-0.7,+20.1,LB	
1700423019.9438152	+6.52,+17.5,+21.7,OA	+6.37,+31.0,+21.6,LA	+6.49,+25.5,+21.7,DA	+6.76,+11.0,+20.1,MA	+2.50,+255.6,+20.9,AB	+6.98,-0.6,+20.1,MB	
1700423081.9520948	+6.52,+17.5,+21.6,NA	+6.37,+31.1,+21.6,MA	+6.49,+25.5,+21.7,DA	+6.76,+10.9,+20.1,EA	+2.50,+255.5,+20.9,BB	+6.98,-0.7,+20.1,LB	
1700423143.9637492	+6.52,+17.5,+21.6,NA	+6.37,+31.0,+21.5,OA	+6.50,+25.5,+21.6,MA	+6.76,+10.9,+20.1,EA	+2.50,+255.4,+20.9,CB	+6.98,-0.7,+20.1,LB	
1700423205.9703984	+6.52,+17.5,+21.6,NA	+6.37,+31.1,+21.6,MA	+6.49,+25.5,+21.7,DA	+6.76,+11.0,+20.1,MA	+2.50,+255.6,+20.9,AB	+6.98,-0.7,+20.1,LB	
1700423267.978726	+6.52,+17.4,+21.6,OA	+6.37,+31.1,+21.6,MA	+6.49,+25.5,+21.7,DA	+6.76,+11.0,+20.1,MA	+2.50,+255.6,+20.9,AB	+6.98,-0.7,+20.1,LB	
1700423329.987023	+6.52,+17.5,+21.6,NA	+6.37,+31.2,+21.5,MA	+6.49,+25.5,+21.7,DA	+6.76,+10.9,+20.1,EA	+2.50,+255.6,+20.9,AB	+6.98,-0.7,+20.0,MB	
1700423391.995112	+6.52,+17.5,+21.6,NA	+6.37,+31.1,+21.5,NA	+6.49,+25.5,+21.7,DA	+6.76,+10.9,+20.1,EA	+2.50,+255.7,+20.9,@B	+6.98,-0.7,+20.1,LB	
1700423454.0051224	+6.52,+17.4,+21.6,OA	+6.37,+31.1,+21.5,NA	+6.49,+25.5,+21.7,DA	+6.76,+11.0,+20.1,MA	+2.50,+255.7,+20.9,@B	+6.98,-0.8,+20.0,BB	
1700423516.0147028	+6.52,+17.5,+21.7,OA	+6.37,+31.1,+21.5,NA	+6.49,+25.5,+21.6,EA	+6.76,+10.9,+20.1,EA	+2.50,+255.8,+20.9,OB	+6.98,-0.8,+20.1,CB	
1700423578.022318	+6.52,+17.4,+21.6,OA	+6.37,+31.1,+21.5,NA	+6.49,+25.5,+21.7,DA	+6.76,+10.9,+20.1,EA	+2.49,+255.9,+20.9,FB	+6.98,-0.8,+20.1,CB	
1700423640.0329797	+6.52,+17.5,+21.6,NA	+6.37,+31.0,+21.6,LA	+6.49,+25.6,+21.6,FA	+6.76,+10.9,+20.1,EA	+2.49,+256.0,+20.9,LB	+6.98,-0.8,+20.1,CB	
1700423702.042883	+6.52,+17.5,+21.6,NA	+6.37,+31.1,+21.5,NA	+6.49,+25.6,+21.7,GA	+6.76,+10.9,+20.1,EA	+2.52,+254.6,+20.9,BB	+6.98,-0.8,+20.0,BB	
1700423764.0526264	+6.52,+17.5,+21.6,NA	+6.37,+31.0,+21.6,LA	+6.49,+25.5,+21.6,EA	+6.76,+10.9,+20.1,EA	+2.49,+256.2,+20.8,OB	+6.98,-0.8,+20.1,CB	
1700423826.0625777	+6.52,+17.5,+21.6,NA	+6.37,+31.0,+21.5,OA	+6.49,+25.6,+21.7,GA	+6.76,+10.9,+20.1,EA	+2.49,+256.1,+20.9,MB	+6.98,-0.8,+20.1,CB	
1700423888.0702658	+6.52,+17.5,+21.6,NA	+6.37,+31.0,+21.5,OA	+6.49,+25.5,+21.6,EA	+6.76,+10.9,+20.1,EA	+2.49,+255.9,+20.9,FB	+6.98,-0.8,+20.1,CB	
1700423950.0766828	+6.52,+17.4,+21.6,OA	+6.37,+31.0,+21.6,LA	+6.49,+25.5,+21.7,DA	+6.76,+10.8,+20.1,DA	+2.49,+256.1,+20.9,MB	+6.98,-0.8,+20.0,BB	
1700424012.0882576	+6.52,+17.4,+21.6,OA	+6.37,+31.0,+21.6,LA	+6.49,+25.5,+21.7,DA	+6.76,+11.0,+20.1,MA	+2.49,+256.2,+20.9,NB	+6.99,-0.9,+20.0,BB	
1700424074.0975962	+6.52,+17.4,+21.6,OA	+6.37,+31.1,+21.5,NA	+6.50,+25.5,+21.6,MA	+6.76,+11.0,+20.1,MA	+2.49,+256.1,+20.9,MB	+6.98,-0.8,+20.0,BB	
1700424136.1064131	+6.52,+17.4,+21.6,OA	+6.37,+31.1,+21.5,NA	+6.49,+25.5,+21.7,DA	+6.76,+11.0,+20.1,MA	+2.49,+256.3,+20.8,NB	+6.98,-0.8,+20.0,BB	
1700424198.117221	+6.52,+17.4,+21.6,OA	+6.37,+31.1,+21.5,NA	+6.49,+25.5,+21.6,EA	+6.76,+11.0,+20.1,MA	+2.49,+256.4,+20.9,HB	+6.98,-0.8,+20.1,CB	
1700424260.1271467	+6.52,+17.5,+21.6,NA	+6.37,+31.2,+21.5,MA	+6.49,+25.5,+21.6,EA	+6.76,+11.0,+20.1,MA	+2.49,+256.3,+20.8,NB	+6.98,-0.8,+20.0,BB	
1700424322.136744	+6.52,+17.5,+21.6,NA	+6.37,+31.2,+21.5,MA	+6.50,+25.4,+21.7,MA	+6.76,+11.1,+20.1,LA	+2.49,+256.4,+20.9,HB	+6.99,-0.9,+20.0,BB	
1700424384.144622	+6.52,+17.5,+21.6,NA	+6.37,+31.1,+21.5,NA	+6.49,+25.6,+21.6,FA	+6.76,+11.0,+20.1,MA	+2.49,+256.3,+20.9,OB	+6.98,-0.8,+20.0,BB	
1700424446.1549437	+6.52,+17.4,+21.6,OA	+6.37,+31.1,+21.5,NA	+6.50,+25.4,+21.6,LA	+6.76,+11.1,+20.1,LA	+2.49,+256.4,+20.9,HB	+6.99,-1.0,+20.0,JB	
1700424508.1651556	+6.52,+17.5,+21.6,NA	+6.37,+31.1,+21.5,NA	+6.49,+25.5,+21.6,EA	+6.76,+11.2,+20.1,OA	+2.49,+256.1,+20.8,LB	+6.99,-0.9,+20.0,BB	
1700424570.175631	+6.52,+17.5,+21.6,NA	+6.37,+31.1,+21.5,NA	+6.49,+25.5,+21.6,EA	+6.76,+11.0,+20.1,MA	+2.49,+256.2,+20.9,NB	+6.99,-1.0,+20.1,KB	
1700424632.1846344	+6.52,+17.5,+21.6,NA	+6.37,+31.1,+21.5,NA	+6.50,+25.5,+21.6,MA	+6.76,+11.0,+20.1,MA	+2.49,+256.2,+20.9,NB	+6.99,-0.9,+20.0,BB	
1700424694.1946867	+6.52,+17.4,+21.6,OA	+6.37,+31.1,+21.5,NA	+6.49,+25.5,+21.6,EA	+6.76,+11.0,+20.1,MA	+2.48,+256.4,+20.8,HB	+6.98,-0.8,+20.0,BB	
1700424756.2045853	+6.52,+17.4,+21.6,OA	+6.37,+31.1,+21.5,NA	+6.49,+25.5,+21.7,DA	+6.76,+11.0,+20.1,MA	+2.48,+256.5,+20.8,IB	+6.99,-0.9,+20.0,BB	
1700424818.213668	+6.52,+17.5,+21.6,NA	+6.37,+31.1,+21.5,NA	+6.50,+25.5,+21.6,MA	+6.76,+11.1,+20.1,LA	+2.48,+256.6,+20.8,JB	+6.99,-0.9,+20.0,BB	
1700424880.2231085	+6.52,+17.4,+21.6,OA	+6.37,+31.1,+21.5,NA	+6.49,+25.5,+21.6,EA	+6.76,+11.0,+20.1,MA	+2.48,+256.7,+20.8,KB	+6.99,-0.9,+20.0,BB	
1700424942.2335675	+6.52,+17.4,+21.6,OA	+6.37,+31.1,+21.5,NA	+6.50,+25.5,+21.6,MA	+6.76,+11.0,+20.0,LA	+2.48,+256.7,+20.8,KB	+6.99,-0.9,+20.0,BB	
1700425187.7924209	+6.52,+17.4,+21.6,OA	+6.37,+31.3,+21.5,LA	+6.49,+25.5,+21.6,EA	+6.76,+11.1,+20.1,LA	+2.48,+256.5,+20.8,IB	+6.99,-1.0,+20.0,JB	
1700425249.802474	+6.52,+17.4,+21.6,OA	+6.37,+31.2,+21.5,MA	+6.49,+25.5,+21.6,EA	+6.76,+11.0,+20.1,MA	+2.48,+256.8,+20.8,DB	+6.99,-1.0,+20.0,JB	
1700425311.8128333	+6.52,+17.5,+21.6,NA	+6.37,+31.2,+21.5,MA	+6.49,+25.5,+21.6,EA	+6.76,+11.0,+20.1,MA	+2.48,+256.8,+20.8,DB	+6.99,-1.0,+20.0,JB	
1700425373.8232508	+6.52,+17.5,+21.6,NA	+6.37,+31.1,+21.5,NA	+6.49,+25.5,+21.6,EA	+6.76,+11.0,+20.0,LA	+2.48,+256.9,+20.8,EB	+6.99,-1.0,+20.0,JB	
1700425435.830407	+6.52,+17.4,+21.5,LA	+6.37,+31.1,+21.5,NA	+6.49,+25.5,+21.6,EA	+6.76,+11.0,+20.0,LA	+2.49,+256.0,+20.8,MB	+6.99,-0.9,+20.0,BB	
1700425497.8407345	+6.52,+17.4,+21.6,OA	+6.37,+31.1,+21.5,NA	+6.49,+25.5,+21.6,EA	+6.76,+11.1,+20.1,LA	+2.49,+256.2,+20.8,OB	+6.99,-0.9,+20.0,BB	
1700425559.8477588	+6.52,+17.4,+21.6,OA	+6.37,+31.1,+21.5,NA	+6.50,+25.5,+21.6,MA	+6.76,+11.2,+20.0,NA	+2.49,+256.1,+20.8,LB	+6.99,-1.0,+20.0,JB	
1700425621.8582768	+6.52,+17.4,+21.6,OA	+6.37,+31.1,+21.5,NA	+6.49,+25.5,+21.6,EA	+6.76,+11.1,+20.0,MA	+2.49,+256.2,+20.8,OB	+6.99,-1.0,+20.0,JB	
1700425683.8673284	+6.52,+17.5,+21.6,NA	+6.37,+31.2,+21.5,MA	+6.50,+25.5,+21.6,MA	+6.76,+11.0,+20.0,LA	+2.49,+256.1,+20.8,LB	+6.99,-1.1,+20.0,KB	
1700425745.8771982	+6.52,+17.5,+21.6,NA	+6.37,+31.1,+21.5,NA	+6.50,+25.5,+21.6,MA	+6.76,+11.2,+20.0,NA	+2.49,+256.2,+20.8,OB	+6.99,-1.0,+20.0,JB	
1700425807.886837	+6.52,+17.4,+21.6,OA	+6.37,+31.2,+21.5,MA	+6.49,+25.5,+21.6,EA	+6.76,+11.0,+20.0,LA	+2.49,+256.2,+20.8,OB	+6.99,-1.1,+20.0,KB	
1700425869.8922677	+6.52,+17.4,+21.6,OA	+6.37,+31.3,+21.5,LA	+6.49,+25.5,+21.6,EA	+6.77,+10.5,+20.0,IA	+2.49,+256.3,+20.8,NB	+6.99,-1.1,+20.0,KB	
1700425931.902162	+6.52,+17.5,+21.6,NA	+6.37,+31.2,+21.5,MA	+6.49,+25.5,+21.6,EA	+6.77,+10.6,+20.0,JA	+2.49,+256.3,+20.8,NB	+6.99,-1.1,+20.0,KB	
1700425993.9080834	+6.52,+17.4,+21.6,OA	+6.36,+31.3,+21.5,MA	+6.49,+25.5,+21.6,EA	+6.76,+10.8,+20.0,EA	+2.49,+256.3,+20.8,NB	+6.99,-1.1,+20.0,KB	
1700426055.9160213	+6.52,+17.5,+21.6,NA	+6.37,+31.2,+21.5,MA	+6.50,+25.5,+21.6,MA	+6.77,+10.7,+20.0,KA	+2.49,+256.2,+20.8,OB	+6.99,-1.0,+20.0,JB	
1700426117.926122	+6.52,+17.4,+21.6,OA	+6.37,+31.2,+21.5,MA	+6.49,+25.5,+21.6,EA	+6.76,+10.8,+20.0,EA	+2.49,+256.2,+20.8,OB	+6.99,-1.1,+20.0,KB	
1700426179.9355404	+6.52,+17.5,+21.6,NA	+6.37,+31.1,+21.5,NA	+6.49,+25.5,+21.6,EA	+6.76,+10.8,+20.0,EA	+2.48,+256.4,+20.8,HB	+6.99,-1.0,+20.0,JB	
1700426241.9451535	+6.52,+17.4,+21.6,OA	+6.37,+31.2,+21.5,MA	+6.49,+25.5,+21.6,EA	+6.76,+10.8,+20.0,EA	+2.49,+256.4,+20.8,IB	+6.99,-1.1,+20.0,KB	
1700426303.9552999	+6.52,+17.5,+21.6,NA	+6.37,+31.1,+21.5,NA	+6.49,+25.5,+21.6,EA	+6.76,+10.8,+20.1,DA	+2.48,+256.6,+20.8,JB	+6.99,-1.0,+20.0,JB	
1700426365.9648106	+6.52,+17.4,+21.5,LA	+6.37,+31.1,+21.5,NA	+6.49,+25.5,+21.6,EA	+6.76,+10.8,+20.0,EA	+2.48,+256.6,+20.8,JB	+6.99,-1.0,+20.0,JB	
1700426427.9738429	+6.52,+17.4,+21.6,OA	+6.37,+31.1,+21.5,NA	+6.49,+25.5,+21.6,EA	+6.77,+10.7,+20.0,KA	+2.49,+255.8,+20.8,FB	+6.99,-1.1,+20.0,KB	
1700426489.980777	+6.52,+17.5,+21.5,MA	+6.37,+31.1,+21.5,NA	+6.49,+25.5,+21.6,EA	+6.77,+10.7,+20.0,KA	+2.48,+256.8,+20.8,DB	+6.99,-1.1,+20.0,KB	
1700426551.9862123	+6.52,+17.4,+21.5,LA	+6.37,+31.1,+21.5,NA	+6.50,+25.5,+21.6,MA	+6.77,+10.7,+20.0,KA	+2.48,+256.8,+20.8,DB	+6.99,-1.1,+20.0,KB	
1700426613.9941146	+6.52,+17.4,+21.5,LA	+6.37,+31.2,+21.5,MA	+6.50,+25.5,+21.6,MA	+6.77,+10.7,+20.0,KA	+2.48,+256.7,+20.8,KB	+6.99,-1.1,+20.0,KB	
1700426676.0026548	+6.52,+17.4,+21.6,OA	+6.37,+31.2,+21.5,MA	+6.50,+25.5,+21.6,MA	+6.76,+10.8,+20.0,EA	+2.48,+256.4,+20.8,HB	+6.99,-1.2,+20.0,HB	
1700426738.0096033	+6.52,+17.5,+21.6,NA	+6.37,+31.2,+21.5,MA	+6.49,+25.5,+21.6,EA	+6.76,+10.8,+20.0,EA	+2.49,+256.3,+20.8,NB	+6.99,-1.1,+20.0,KB	
1700426800.0199225	+6.52,+17.5,+21.6,NA	+6.37,+31.2,+21.5,MA	+6.49,+25.5,+21.6,EA	+6.77,+10.8,+20.0,DA	+2.48,+256.4,+20.8,HB	+6.99,-1.1,+20.0,KB	
1700426862.0296195	+6.52,+17.4,+21.5,LA	+6.37,+31.2,+21.5,MA	+6.50,+25.5,+21.6,MA	+6.77,+10.7,+20.0,KA	+2.49,+256.2,+20.8,OB	+6.99,-1.2,+20.0,HB	
1700426924.0394962	+6.52,+17.5,+21.5,MA	+6.37,+31.2,+21.5,MA	+6.49,+25.5,+21.6,EA	+6.76,+10.8,+20.0,EA	+2.49,+256.2,+20.8,OB	+6.99,-1.2,+20.0,HB	
1700426986.0478892	+6.52,+17.5,+21.5,MA	+6.37,+31.2,+21.5,MA	+6.50,+25.5,+21.6,MA	+6.76,+10.8,+20.0,EA	+2.49,+256.2,+20.8,OB	+6.99,-1.1,+20.0,KB	
1700427048.0560277	+6.52,+17.5,+21.5,MA	+6.37,+31.1,+21.5,NA	+6.49,+25.5,+21.6,EA	+6.77,+10.5,+20.0,IA	+2.49,+256.2,+20.8,OB	+6.99,-1.2,+20.0,HB	
1700427110.0653815	+6.52,+17.4,+21.5,LA	+6.37,+31.1,+21.5,NA	+6.49,+25.5,+21.6,EA	+6.77,+10.5,+20.0,IA	+2.49,+255.9,+20.8,GB	+6.99,-1.2,+20.0,HB	
1700427172.07385	+6.52,+17.4,+21.5,LA	+6.37,+31.1,+21.5,NA	+6.49,+25.5,+21.6,EA	+6.77,+10.5,+20.0,IA	+2.49,+256.3,+20.8,NB	+6.99,-1.1,+20.0,KB	
1700427234.0828598	+6.52,+17.4,+21.5,LA	+6.37,+31.1,+21.5,NA	+6.49,+25.5,+21.6,EA	+6.77,+10.6,+20.0,JA	+2.49,+256.3,+20.8,NB	+6.99,-1.1,+19.9,HB	
1700427296.0875525	+6.52,+17.4,+21.5,LA	+6.38,+30.6,+21.4,FA	+6.49,+25.5,+21.6,EA	+6.77,+10.6,+20.0,JA	+2.49,+256.2,+20.8,OB	+6.99,-1.2,+20.0,HB	
1700427358.0984182	+6.52,+17.4,+21.5,LA	+6.40,+29.4,+21.5,BA	+6.49,+25.5,+21.6,EA	+6.77,+10.6,+20.0,JA	+2.49,+256.1,+20.8,LB	+6.99,-1.2,+20.0,HB	
1700427420.1099212	+6.52,+17.5,+21.6,NA	+6.39,+30.0,+21.5,@A	+6.49,+25.5,+21.6,EA	+6.77,+10.7,+20.0,KA	+2.49,+256.2,+20.8,OB	+6.99,-1.2,+20.0,HB	
1700427482.1185083	+6.52,+17.4,+21.5,LA	+6.38,+30.5,+21.5,DA	+6.49,+25.5,+21.6,EA	+6.76,+10.8,+20.0,EA	+2.49,+256.3,+20.8,NB	+6.99,-1.2,+20.0,HB	
1700427544.127435	+6.52,+17.4,+21.5,LA	+6.37,+30.9,+21.5,GA	+6.50,+25.5,+21.6,MA	+6.76,+10.8,+20.0,EA	+2.49,+255.9,+20.8,GB	+6.99,-1.2,+20.0,HB	
1700427606.1343856	+6.52,+17.4,+21.5,LA	+6.37,+31.1,+21.5,NA	+6.49,+25.6,+21.6,FA	+6.77,+10.5,+20.0,IA	+2.49,+256.1,+20.8,LB	+6.99,-1.2,+20.0,HB	
1700427668.1428485	+6.52,+17.4,+21.6,OA	+6.37,+31.2,+21.5,MA	+6.49,+25.5,+21.6,EA	+6.77,+10.5,+20.0,IA	+2.48,+256.5,+20.8,IB	+6.99,-1.3,+20.0,IB	
1700427730.1477933	+6.52,+17.5,+21.5,MA	+6.36,+31.3,+21.5,MA	+6.49,+25.5,+21.6,EA	+6.77,+10.4,+20.0,HA	+2.48,+256.5,+20.8,IB	+6.99,-1.3,+20.0,IB	
1700427792.1568177	+6.52,+17.5,+21.5,MA	+6.36,+31.3,+21.5,MA	+6.49,+25.5,+21.6,EA	+6.77,+10.3,+20.0,OA	+2.48,+256.8,+20.8,DB	+6.99,-1.2,+20.0,HB	
1700427854.1647077	+6.52,+17.4,+21.5,LA	+6.37,+31.2,+21.5,MA	+6.49,+25.5,+21.6,EA	+6.77,+10.3,+20.0,OA	+2.48,+256.8,+20.8,DB	+6.99,-1.3,+20.0,IB	
1700427916.1747956	+6.52,+17.5,+21.5,MA	+6.37,+31.2,+21.4,LA	+6.49,+25.5,+21.6,EA	+6.77,+10.3,+20.0,OA	+2.48,+256.6,+20.8,JB	+6.99,-1.2,+19.9,KB	
1700427978.18517	+6.52,+17.4,+21.5,LA	+6.37,+31.2,+21.5,MA	+6.49,+25.5,+21.5,FA	+6.77,+10.3,+20.0,OA	+2.48,+256.6,+20.8,JB	+6.99,-1.3,+20.0,IB	
1700428040.1923246	+6.52,+17.4,+21.5,LA	+6.37,+31.2,+21.5,MA	+6.50,+25.5,+21.5,NA	+6.77,+10.3,+20.0,OA	+2.48,+256.5,+20.8,IB	+6.99,-1.3,+20.0,IB	
1700428102.2024527	+6.52,+17.4,+21.5,LA	+6.37,+31.2,+21.5,MA	+6.49,+25.6,+21.6,FA	+6.77,+10.2,+20.0,NA	+2.48,+256.4,+20.8,HB	+6.99,-1.3,+19.9,JB	
1700428164.2121553	+6.52,+17.4,+21.5,LA	+6.37,+31.2,+21.5,MA	+6.49,+25.5,+21.6,EA	+6.77,+10.2,+20.0,NA	+2.49,+256.2,+20.8,OB	+6.99,-1.3,+19.9,JB	
1700428226.2208972	+6.52,+17.4,+21.5,LA	+6.37,+31.2,+21.5,MA	+6.49,+25.5,+21.6,EA	+6.78,+10.1,+20.0,BA	+2.49,+256.0,+20.8,MB	+6.99,-1.3,+20.0,IB	
1700428288.2305393	+6.52,+17.4,+21.5,LA	+6.37,+31.2,+21.5,MA	+6.49,+25.5,+21.6,EA	+6.77,+10.2,+20.0,NA	+2.49,+256.1,+20.8,LB	+6.99,-1.4,+20.0,NB	
1700428350.2391946	+6.52,+17.4,+21.5,LA	+6.37,+31.3,+21.5,LA	+6.49,+25.5,+21.6,EA	+6.77,+10.3,+20.0,OA	+2.49,+255.8,+20.8,FB	+6.99,-1.3,+19.9,JB	
1700428412.249023	+6.52,+17.4,+21.5,LA	+6.36,+31.3,+21.5,MA	+6.49,+25.5,+21.6,EA	+6.77,+10.3,+20.0,OA	+2.49,+255.9,+20.8,GB	+6.99,-1.3,+19.9,JB	
1700428474.256368	+6.52,+17.4,+21.5,LA	+6.36,+31.3,+21.5,MA	+6.50,+25.5,+21.6,MA	+6.77,+10.4,+20.0,HA	+2.50,+255.7,+20.8,AB	+6.99,-1.3,+20.0,IB	
1700428536.2660654	+6.52,+17.4,+21.5,LA	+6.36,+31.4,+21.5,JA	+6.49,+25.5,+21.6,EA	+6.77,+10.4,+20.0,HA	+2.50,+255.6,+20.8,@B	+6.99,-1.4,+20.0,NB	
1700428598.2744882	+6.52,+17.4,+21.5,LA	+6.36,+31.4,+21.4,KA	+6.49,+25.5,+21.6,EA	+6.77,+10.4,+20.0,HA	+2.50,+255.5,+20.8,CB	+6.99,-1.3,+20.0,IB	
1700428660.282668	+6.52,+17.5,+21.5,MA	+6.36,+31.4,+21.5,JA	+6.49,+25.5,+21.5,FA	+6.77,+10.5,+20.0,IA	+2.50,+255.2,+20.8,DB	+6.99,-1.4,+20.0,NB	
1700428722.2914011	+6.52,+17.4,+21.5,LA	+6.37,+31.2,+21.4,LA	+6.49,+25.5,+21.5,FA	+6.77,+10.5,+20.0,IA	+2.51,+255.2,+20.7,JB	+6.99,-1.3,+20.0,IB	
1700428784.2998776	+6.52,+17.4,+21.5,LA	+6.37,+31.2,+21.4,LA	+6.49,+25.5,+21.6,EA	+6.77,+10.5,+20.0,IA	+2.50,+255.2,+20.8,DB	+6.99,-1.3,+20.0,IB	
1700429029.9116771	+6.52,+17.4,+21.5,LA	+6.37,+31.2,+21.4,LA	+6.49,+25.5,+21.6,EA	+6.77,+10.5,+20.0,IA	+2.51,+255.1,+20.8,FB	+6.99,-1.4,+19.9,MB	
1700429091.9231014	+6.52,+17.4,+21.5,LA	+6.36,+31.3,+21.5,MA	+6.49,+25.5,+21.6,EA	+6.77,+10.5,+20.0,IA	+2.50,+255.6,+20.8,@B	+6.99,-1.4,+19.9,MB	
1700429153.9332411	+6.52,+17.5,+21.5,MA	+6.36,+31.3,+21.4,LA	+6.49,+25.6,+21.6,FA	+6.77,+10.6,+20.0,JA	+2.50,+255.6,+20.8,@B	+6.99,-1.4,+19.9,MB	
1700429215.9437244	+6.52,+17.4,+21.5,LA	+6.37,+31.2,+21.4,LA	+6.49,+25.5,+21.6,EA	+6.77,+10.7,+20.0,KA	+2.51,+254.9,+20.8,OB	+6.99,-1.4,+19.9,MB	
1700429277.9535546	+6.52,+17.4,+21.5,LA	+6.36,+31.3,+21.4,LA	+6.49,+25.5,+21.6,EA	+6.77,+10.5,+20.0,IA	+2.50,+255.3,+20.8,EB	+7.00,-1.5,+19.9,MB	
1700429339.9633691	+6.52,+17.4,+21.5,LA	+6.36,+31.3,+21.5,MA	+6.49,+25.5,+21.6,EA	+6.77,+10.5,+20.0,IA	+2.50,+255.4,+20.8,BB	+7.00,-1.5,+19.9,MB	
1700429401.973746	+6.52,+17.4,+21.5,LA	+6.36,+31.3,+21.4,LA	+6.49,+25.5,+21.6,EA	+6.77,+10.5,+20.0,IA	+2.50,+255.3,+20.7,JB	+7.00,-1.5,+19.9,MB	
1700429463.9815695	+6.52,+17.4,+21.5,LA	+6.36,+31.3,+21.4,LA	+6.50,+25.5,+21.6,MA	+6.77,+10.4,+20.0,HA	+2.50,+255.7,+20.8,AB	+7.00,-1.4,+19.9,LB	
1700429525.9899464	+6.52,+17.4,+21.5,LA	+6.36,+31.4,+21.4,KA	+6.49,+25.5,+21.5,FA	+6.77,+10.5,+20.0,IA	+2.49,+255.7,+20.8,IB	+7.00,-1.4,+19.9,LB	
1700429587.9991148	+6.52,+17.4,+21.5,LA	+6.36,+31.4,+21.4,KA	+6.50,+25.4,+21.5,OA	+6.77,+10.5,+20.0,IA	+2.49,+255.9,+20.7,HB	+7.00,-1.4,+19.9,LB	
1700429650.0095742	+6.52,+17.5,+21.5,MA	+6.37,+31.2,+21.4,LA	+6.49,+25.5,+21.5,FA	+6.77,+10.3,+20.0,OA	+2.49,+256.2,+20.7,@B	+7.00,-1.4,+19.9,LB	
1700429712.0190196	+6.52,+17.4,+21.5,LA	+6.37,+31.2,+21.4,LA	+6.50,+25.4,+21.5,OA	+6.77,+10.5,+20.0,IA	+2.52,+254.5,+20.8,@B	+7.00,-1.5,+19.9,MB	
1700429774.0298598	+6.52,+17.4,+21.5,LA	+6.37,+31.2,+21.4,LA	+6.49,+25.5,+21.5,FA	+6.77,+10.5,+20.0,IA	+2.48,+256.3,+20.7,@B	+7.00,-1.5,+19.9,MB	
1700429836.0378494	+6.52,+17.4,+21.5,LA	+6.37,+31.3,+21.4,MA	+6.49,+25.5,+21.5,FA	+6.77,+10.5,+19.9,JA	+2.48,+256.4,+20.7,GB	+7.00,-1.5,+19.9,MB	
1700429898.0421681	+6.52,+17.5,+21.5,MA	+6.36,+31.3,+21.4,LA	+6.49,+25.5,+21.5,FA	+6.77,+10.6,+19.9,IA	+2.48,+256.4,+20.7,GB	+7.00,-1.5,+19.9,MB	
1700429960.0526583	+6.52,+17.4,+21.5,LA	+6.37,+31.2,+21.4,LA	+6.49,+25.5,+21.5,FA	+6.77,+10.6,+20.0,JA	+2.48,+256.6,+20.8,JB	+7.00,-1.5,+19.9,MB	
1700430022.0626876	+6.52,+17.4,+21.5,LA	+6.37,+31.2,+21.4,LA	+6.50,+25.4,+21.5,OA	+6.77,+10.6,+20.0,JA	+2.48,+256.5,+20.7,FB	+7.00,-1.5,+19.9,MB	
1700430084.0714924	+6.52,+17.5,+21.5,MA	+6.37,+31.2,+21.4,LA	+6.50,+25.4,+21.6,LA	+6.77,+10.7,+20.0,KA	+2.48,+256.6,+20.8,JB	+7.00,-1.6,+19.9,NB	
1700430146.0814285	+6.52,+17.5,+21.5,MA	+6.37,+31.2,+21.4,LA	+6.50,+25.5,+21.6,MA	+6.77,+10.7,+19.9,HA	+2.48,+256.7,+20.7,DB	+7.00,-1.6,+19.9,NB	
1700430208.089665	+6.52,+17.4,+21.5,LA	+6.36,+31.3,+21.5,MA	+6.49,+25.5,+21.5,FA	+6.77,+10.7,+20.0,KA	+2.47,+257.0,+20.8,BB	+7.00,-1.6,+19.9,NB	
1700430270.097761	+6.52,+17.4,+21.5,LA	+6.36,+31.3,+21.4,LA	+6.49,+25.5,+21.6,EA	+6.77,+10.7,+20.0,KA	+2.47,+257.1,+20.8,CB	+7.00,-1.6,+19.9,NB	
1700430332.1062098	+6.52,+17.4,+21.5,LA	+6.36,+31.3,+21.4,LA	+6.50,+25.5,+21.6,MA	+6.77,+10.7,+20.0,KA	+2.47,+257.1,+20.7,LB	+7.00,-1.5,+19.9,MB	
1700430394.1168182	+6.52,+17.4,+21.5,LA	+6.36,+31.3,+21.4,LA	+6.49,+25.5,+21.5,FA	+6.76,+10.8,+20.0,EA	+2.47,+257.3,+20.8,AB	+7.00,-1.5,+19.9,MB	
1700430456.126392	+6.52,+17.4,+21.5,LA	+6.36,+31.3,+21.4,LA	+6.49,+25.5,+21.5,FA	+6.76,+10.8,+19.9,FA	+2.47,+257.2,+20.7,OB	+6.99,-1.2,+19.9,KB	
1700430518.1351063	+6.52,+17.4,+21.5,LA	+6.37,+31.3,+21.4,MA	+6.50,+25.4,+21.5,OA	+6.76,+10.9,+20.0,DA	+2.47,+257.1,+20.7,LB	+6.99,-1.4,+19.9,MB	
1700430580.1447463	+6.52,+17.4,+21.5,LA	+6.37,+31.2,+21.4,LA	+6.49,+25.5,+21.5,FA	+6.76,+11.0,+19.9,OA	+2.46,+257.5,+20.7,IB	+7.00,-1.5,+19.9,MB	
1700430642.1551793	+6.52,+17.4,+21.5,LA	+6.37,+31.2,+21.4,LA	+6.49,+25.5,+21.5,FA	+6.76,+10.9,+19.9,GA	+2.46,+257.5,+20.7,IB	+7.00,-1.4,+19.9,LB	
1700430704.1643977	+6.52,+17.5,+21.5,MA	+6.37,+31.2,+21.4,LA	+6.49,+25.5,+21.5,FA	+6.76,+11.0,+19.9,OA	+2.46,+257.6,+20.7,JB	+7.00,-1.5,+19.9,MB	
1700430766.1720092	+6.52,+17.4,+21.5,LA	+6.37,+31.2,+21.4,LA	+6.49,+25.5,+21.5,FA	+6.76,+11.0,+19.9,OA	+2.46,+257.8,+20.7,DB	+7.00,-1.5,+19.9,MB	
1700430828.181389	+6.52,+17.4,+21.5,LA	+6.37,+31.2,+21.4,LA	+6.49,+25.5,+21.5,FA	+6.76,+11.0,+19.9,OA	+2.46,+257.9,+20.7,EB	+7.00,-1.5,+19.9,MB	
1700430890.1918738	+6.52,+17.4,+21.5,LA	+6.37,+31.2,+21.4,LA	+6.49,+25.5,+21.5,FA	+6.76,+11.0,+19.9,OA	+2.45,+258.1,+20.7,AB	+7.00,-1.5,+19.9,MB	
1700430952.2003605	+6.52,+17.4,+21.5,LA	+6.37,+31.3,+21.4,MA	+6.49,+25.5,+21.5,FA	+6.76,+10.8,+19.9,FA	+2.46,+257.6,+20.7,JB	+7.00,-1.5,+19.9,MB	
1700431014.2070475	+6.52,+17.4,+21.5,LA	+6.37,+31.2,+21.4,LA	+6.49,+25.5,+21.5,FA	+6.76,+10.9,+19.9,GA	+2.47,+257.0,+20.7,MB	+7.00,-1.6,+19.9,NB	
1700431076.2168324	+6.52,+17.5,+21.5,MA	+6.37,+31.3,+21.4,MA	+6.49,+25.5,+21.5,FA	+6.76,+10.9,+19.9,GA	+2.48,+256.6,+20.8,JB	+7.00,-1.6,+19.9,NB	
1700431138.2247345	+6.52,+17.4,+21.5,LA	+6.36,+31.4,+21.4,KA	+6.49,+25.5,+21.5,FA	+6.76,+10.9,+19.9,GA	+2.52,+254.2,+20.7,HB	+7.00,-1.7,+19.9,OB	
1700431200.235037	+6.52,+17.5,+21.5,MA	+6.36,+31.3,+21.4,LA	+6.49,+25.5,+21.5,FA	+6.76,+10.9,+20.0,DA	+2.49,+256.2,+20.7,@B	+7.00,-1.6,+19.9,NB	
1700431262.2442381	+6.52,+17.4,+21.5,LA	+6.36,+31.3,+21.4,LA	+6.49,+25.6,+21.5,EA	+6.76,+10.9,+20.0,DA	+2.49,+256.2,+20.7,@B	+7.00,-1.6,+19.9,NB	
1700431324.2539072	+6.52,+17.4,+21.5,LA	+6.36,+31.3,+21.4,LA	+6.49,+25.5,+21.5,FA	+6.76,+10.9,+20.0,DA	+2.49,+256.1,+20.7,CB	+7.00,-1.6,+19.9,NB	
1700431386.2624943	+6.52,+17.4,+21.5,LA	+6.36,+31.3,+21.4,LA	+6.49,+25.5,+21.5,FA	+6.76,+11.0,+20.0,LA	+2.49,+256.0,+20.7,BB	+7.00,-1.7,+19.9,OB	
1700431448.2701962	+6.52,+17.4,+21.5,LA	+6.36,+31.3,+21.4,LA	+6.49,+25.5,+21.5,FA	+6.76,+10.9,+19.9,GA	+2.49,+256.1,+20.7,CB	+7.00,-1.6,+19.9,NB	
1700431510.280074	+6.52,+17.5,+21.5,MA	+6.37,+31.2,+21.4,LA	+6.49,+25.5,+21.5,FA	+6.76,+10.9,+19.9,GA	+2.49,+256.1,+20.7,CB	+7.00,-1.5,+19.9,MB	
1700431572.2896743	+6.52,+17.4,+21.5,LA	+6.37,+31.2,+21.4,LA	+6.49,+25.5,+21.5,FA	+6.76,+10.9,+20.0,DA	+2.49,+256.1,+20.7,CB	+7.00,-1.7,+19.9,OB	
1700431634.2988455	+6.52,+17.4,+21.5,LA	+6.37,+31.1,+21.4,OA	+6.50,+25.4,+21.5,OA	+6.76,+11.0,+19.9,OA	+2.49,+256.2,+20.7,@B	+7.00,-1.7,+19.9,OB	
1700431696.3079343	+6.52,+17.4,+21.5,LA	+6.37,+31.1,+21.4,OA	+6.49,+25.5,+21.5,FA	+6.76,+11.0,+19.9,OA	+2.48,+256.7,+20.7,DB	+7.00,-1.7,+19.9,OB	
1700431758.318661	+6.52,+17.5,+21.5,MA	+6.37,+31.2,+21.4,LA	+6.49,+25.5,+21.5,FA	+6.76,+11.0,+19.9,OA	+2.50,+255.6,+20.7,OB	+7.00,-1.6,+19.9,NB	
1700431820.3288	+6.52,+17.4,+21.5,LA	+6.37,+31.2,+21.4,LA	+6.49,+25.5,+21.5,FA	+6.76,+11.0,+19.9,OA	+2.50,+255.2,+20.7,KB	+7.00,-1.7,+19.9,OB	
1700431882.3387496	+6.52,+17.4,+21.5,LA	+6.37,+31.2,+21.4,LA	+6.49,+25.5,+21.5,FA	+6.76,+11.0,+19.9,OA	+2.51,+254.9,+20.7,@B	+7.00,-1.7,+19.9,OB	
1700431944.3483872	+6.52,+17.4,+21.5,LA	+6.36,+31.3,+21.4,LA	+6.49,+25.5,+21.5,FA	+6.76,+11.1,+19.9,NA	+2.51,+254.7,+20.7,NB	+7.00,-1.7,+19.9,OB	
1700432006.3560698	+6.52,+17.5,+21.5,MA	+6.37,+31.3,+21.4,MA	+6.49,+25.5,+21.5,FA	+6.76,+11.1,+19.9,NA	+2.52,+254.2,+20.7,HB	+7.00,-1.7,+19.9,OB	
1700432068.3665628	+6.52,+17.4,+21.5,LA	+6.36,+31.3,+21.4,LA	+6.49,+25.5,+21.5,FA	+6.76,+11.0,+19.9,OA	+2.53,+253.8,+20.7,DB	+7.00,-1.7,+19.9,OB	
1700432130.3749683	+6.52,+17.4,+21.5,LA	+6.36,+31.3,+21.4,LA	+6.49,+25.5,+21.5,FA	+6.76,+11.1,+19.9,NA	+2.53,+253.8,+20.7,DB	+7.00,-1.7,+19.9,OB	
1700432192.3848171	+6.52,+17.4,+21.5,LA	+6.36,+31.4,+21.4,KA	+6.49,+25.5,+21.5,FA	+6.76,+11.0,+19.9,OA	+2.53,+253.6,+20.7,JB	+7.00,-1.8,+19.9,@B	
1700432254.394751	+6.52,+17.4,+21.5,LA	+6.37,+31.3,+21.4,MA	+6.49,+25.5,+21.5,FA	+6.76,+11.0,+19.9,OA	+2.52,+254.2,+20.7,HB	+7.00,-1.8,+19.9,@B	
1700432316.4046884	+6.52,+17.4,+21.4,MA	+6.37,+31.2,+21.4,LA	+6.49,+25.5,+21.5,FA	+6.76,+11.0,+19.9,OA	+2.52,+254.0,+20.7,JB	+7.00,-1.8,+19.9,@B	
1700432378.4149554	+6.52,+17.4,+21.4,MA	+6.37,+31.2,+21.4,LA	+6.49,+25.5,+21.5,FA	+6.76,+11.1,+19.9,NA	+2.52,+254.2,+20.7,HB	+7.00,-1.7,+19.9,OB	
1700432440.4251873	+6.52,+17.4,+21.4,MA	+6.37,+31.1,+21.4,OA	+6.49,+25.5,+21.5,FA	+6.76,+11.0,+19.9,OA	+2.52,+254.2,+20.7,HB	+7.00,-1.8,+19.9,@B	
1700432502.4349713	+6.52,+17.4,+21.5,LA	+6.37,+31.1,+21.4,OA	+6.49,+25.5,+21.5,FA	+6.76,+11.0,+19.9,OA	+2.52,+254.4,+20.7,NB	+7.00,-1.7,+19.9,OB	
1700432564.443858	+6.52,+17.3,+21.4,JA	+6.37,+31.2,+21.4,LA	+6.50,+25.5,+21.5,NA	+6.76,+11.2,+19.9,MA	+2.52,+254.2,+20.7,HB	+7.00,-1.9,+19.9,AB	
1700432626.4502091	+6.52,+17.4,+21.4,MA	+6.37,+31.2,+21.4,LA	+6.49,+25.5,+21.5,FA	+6.76,+11.1,+19.9,NA	+2.52,+254.5,+20.7,OB	+7.00,-1.7,+19.9,OB	
1700432872.0340562	+6.52,+17.4,+21.4,MA	+6.36,+31.3,+21.4,LA	+6.49,+25.5,+21.5,FA	+6.76,+11.1,+19.9,NA	+2.53,+253.8,+20.7,DB	+7.00,-1.9,+19.9,AB	
1700432934.0425098	+6.52,+17.4,+21.4,MA	+6.36,+31.3,+21.4,LA	+6.49,+25.6,+21.5,EA	+6.76,+11.1,+19.9,NA	+2.52,+254.0,+20.7,JB	+7.00,-1.8,+19.9,@B	
1700432996.0512154	+6.52,+17.4,+21.4,MA	+6.36,+31.3,+21.4,LA	+6.49,+25.5,+21.5,FA	+6.76,+11.1,+19.9,NA	+2.52,+254.2,+20.7,HB	+7.00,-1.8,+19.9,@B	
1700433058.059347	+6.52,+17.4,+21.5,LA	+6.37,+31.3,+21.4,MA	+6.49,+25.5,+21.5,FA	+6.76,+10.9,+19.9,GA	+2.52,+254.2,+20.7,HB	+7.00,-1.8,+19.9,@B	
1700433120.0694938	+6.52,+17.4,+21.4,MA	+6.37,+31.3,+21.3,JA	+6.49,+25.5,+21.5,FA	+6.76,+10.9,+19.9,GA	+2.52,+254.5,+20.7,OB	+7.00,-1.8,+19.9,@B	
1700433182.0775182	+6.52,+17.4,+21.4,MA	+6.37,+31.2,+21.4,LA	+6.49,+25.5,+21.5,FA	+6.76,+10.8,+19.9,FA	+2.52,+254.5,+20.7,OB	+7.00,-1.8,+19.8,AB	
1700433244.0863886	+6.52,+17.4,+21.4,MA	+6.37,+31.1,+21.3,HA	+6.49,+25.5,+21.5,FA	+6.76,+10.8,+19.9,FA	+2.51,+254.6,+20.7,OB	+7.00,-1.8,+19.9,@B	
1700433306.0945911	+6.52,+17.4,+21.4,MA	+6.37,+31.1,+21.4,OA	+6.49,+25.5,+21.5,FA	+6.76,+10.8,+19.9,FA	+2.52,+254.4,+20.7,NB	+7.00,-1.8,+19.8,AB	
1700433368.1011953	+6.52,+17.4,+21.4,MA	+6.37,+31.2,+21.4,LA	+6.49,+25.5,+21.5,FA	+6.76,+10.8,+19.9,FA	+2.52,+254.4,+20.7,NB	+7.00,-1.8,+19.8,AB	
1700433430.1095917	+6.52,+17.4,+21.4,MA	+6.37,+31.1,+21.3,HA	+6.49,+25.5,+21.5,FA	+6.76,+10.8,+19.9,FA	+2.52,+254.5,+20.7,OB	+7.00,-1.9,+19.8,@B	
1700433492.11813	+6.52,+17.4,+21.4,MA	+6.37,+31.2,+21.3,KA	+6.49,+25.5,+21.5,FA	+6.76,+10.8,+19.9,FA	+2.51,+254.5,+20.7,LB	+7.00,-1.9,+19.8,@B	
1700433554.1264873	+6.52,+17.4,+21.4,MA	+6.37,+31.2,+21.3,KA	+6.49,+25.5,+21.5,FA	+6.77,+10.7,+19.9,HA	+2.51,+254.6,+20.7,OB	+7.00,-1.9,+19.8,@B	
1700433616.1355772	+6.52,+17.4,+21.4,MA	+6.37,+31.3,+21.4,MA	+6.49,+25.5,+21.5,FA	+6.77,+10.8,+19.9,GA	+2.51,+254.6,+20.7,OB	+7.00,-1.9,+19.8,@B	
1700433678.1441133	+6.52,+17.4,+21.4,MA	+6.36,+31.3,+21.3,KA	+6.49,+25.5,+21.5,FA	+6.76,+10.9,+19.9,GA	+2.52,+254.1,+20.7,KB	+7.00,-1.9,+19.8,@B	
1700433740.152781	+6.52,+17.4,+21.4,MA	+6.36,+31.3,+21.3,KA	+6.49,+25.5,+21.4,GA	+6.76,+10.9,+19.9,GA	+2.52,+254.0,+20.7,JB	+7.00,-1.9,+19.8,@B	
1700433802.1607544	+6.52,+17.4,+21.4,MA	+6.36,+31.3,+21.4,LA	+6.49,+25.5,+21.4,GA	+6.77,+10.7,+19.9,HA	+2.53,+253.9,+20.7,EB	+7.01,-2.0,+19.8,KB	
1700433864.1704645	+6.52,+17.4,+21.4,MA	+6.36,+31.3,+21.3,KA	+6.50,+25.4,+21.5,OA	+6.76,+10.8,+19.9,FA	+2.53,+253.9,+20.7,EB	+7.00,-1.9,+19.8,@B	
1700433926.1800106	+6.52,+17.4,+21.4,MA	+6.36,+31.3,+21.3,KA	+6.49,+25.5,+21.5,FA	+6.76,+10.9,+19.9,GA	+2.52,+254.2,+20.7,HB	+7.00,-2.0,+19.8,JB	
1700433988.1887047	+6.52,+17.4,+21.4,MA	+6.37,+31.2,+21.3,KA	+6.50,+25.4,+21.5,OA	+6.76,+10.9,+19.9,GA	+2.51,+254.5,+20.7,LB	+7.00,-2.0,+19.8,JB	
1700434050.1988914	+6.52,+17.4,+21.4,MA	+6.37,+31.2,+21.3,KA	+6.49,+25.5,+21.5,FA	+6.76,+10.9,+19.9,GA	+2.52,+254.5,+20.6,NB	+7.00,-2.0,+19.8,JB	
1700434112.2094808	+6.52,+17.4,+21.4,MA	+6.37,+31.1,+21.3,HA	+6.49,+25.5,+21.5,FA	+6.76,+10.9,+19.9,GA	+2.51,+254.6,+20.6,NB	+7.00,-1.9,+19.8,@B	
1700434174.218679	+6.52,+17.4,+21.4,MA	+6.37,+31.1,+21.3,HA	+6.49,+25.5,+21.5,FA	+6.76,+10.9,+19.9,GA	+2.51,+254.6,+20.6,NB	+7.00,-2.0,+19.8,JB	
1700434236.2236109	+6.52,+17.4,+21.4,MA	+6.37,+31.2,+21.3,KA	+6.49,+25.5,+21.5,FA	+6.76,+11.0,+19.9,OA	+2.51,+254.7,+20.6,OB	+7.01,-2.1,+19.8,JB	
1700434298.233381	+6.52,+17.4,+21.4,MA	+6.37,+31.2,+21.3,KA	+6.49,+25.5,+21.5,FA	+6.76,+11.0,+19.9,OA	+2.51,+254.7,+20.7,NB	+7.00,-1.9,+19.8,@B	
1700434360.241095	+6.52,+17.4,+21.4,MA	+6.37,+31.2,+21.3,KA	+6.49,+25.5,+21.5,FA	+6.76,+11.0,+19.9,OA	+2.51,+254.7,+20.6,OB	+7.01,-2.0,+19.8,KB	
1700434422.250468	+6.52,+17.4,+21.4,MA	+6.37,+31.2,+21.3,KA	+6.49,+25.5,+21.5,FA	+6.76,+11.0,+19.8,NA	+2.51,+254.9,+20.6,AB	+7.01,-2.0,+19.8,KB	
1700434484.2612143	+6.52,+17.4,+21.4,MA	+6.37,+31.2,+21.3,KA	+6.49,+25.5,+21.5,FA	+6.76,+11.0,+19.9,OA	+2.51,+254.7,+20.6,OB	+7.01,-2.0,+19.8,KB	
1700434546.2720432	+6.52,+17.3,+21.4,JA	+6.36,+31.3,+21.3,KA	+6.49,+25.5,+21.5,FA	+6.76,+11.1,+19.9,NA	+2.51,+255.0,+20.6,IB	+7.01,-2.0,+19.8,KB	
1700434608.2788703	+6.52,+17.3,+21.4,JA	+6.36,+31.4,+21.3,LA	+6.49,+25.5,+21.5,FA	+6.76,+11.1,+19.9,NA	+2.51,+255.0,+20.6,IB	+7.00,-1.9,+19.8,@B	
1700434670.2865732	+6.52,+17.3,+21.4,JA	+6.36,+31.4,+21.3,LA	+6.49,+25.5,+21.5,FA	+6.76,+11.0,+19.9,OA	+2.50,+255.2,+20.7,KB	+7.01,-2.1,+19.8,JB	
1700434732.296629	+6.52,+17.4,+21.4,MA	+6.36,+31.3,+21.3,KA	+6.49,+25.5,+21.4,GA	+6.76,+11.1,+19.9,NA	+2.50,+255.5,+20.7,LB	+7.01,-2.1,+19.8,JB	
1700434794.3051102	+6.52,+17.4,+21.4,MA	+6.36,+31.3,+21.3,KA	+6.49,+25.5,+21.5,FA	+6.76,+11.1,+19.9,NA	+2.50,+255.5,+20.6,MB	+7.01,-2.0,+19.8,KB	
1700434856.314392	+6.52,+17.4,+21.4,MA	+6.37,+31.3,+21.3,JA	+6.50,+25.4,+21.4,NA	+6.76,+11.1,+19.9,NA	+2.51,+254.9,+20.6,AB	+7.01,-2.0,+19.8,KB	
1700434918.3246589	+6.52,+17.4,+21.4,MA	+6.36,+31.3,+21.3,KA	+6.49,+25.5,+21.4,GA	+6.76,+11.2,+19.9,MA	+2.49,+255.8,+20.6,HB	+7.01,-2.1,+19.8,JB	
1700434980.3334653	+6.52,+17.4,+21.4,MA	+6.37,+31.2,+21.3,KA	+6.49,+25.6,+21.5,EA	+6.76,+11.2,+19.8,LA	+2.48,+256.3,+20.6,AB	+7.01,-2.0,+19.8,KB	
1700435042.343546	+6.52,+17.4,+21.4,MA	+6.37,+31.2,+21.3,KA	+6.50,+25.4,+21.4,NA	+6.76,+11.2,+19.8,LA	+2.48,+256.5,+20.7,FB	+7.01,-2.1,+19.8,JB	
1700435104.3517613	+6.52,+17.4,+21.4,MA	+6.37,+31.1,+21.3,HA	+6.50,+25.4,+21.5,OA	+6.76,+11.3,+19.8,MA	+2.48,+256.7,+20.6,EB	+7.01,-2.1,+19.8,JB	
1700435166.3609357	+6.52,+17.4,+21.4,MA	+6.37,+31.2,+21.3,KA	+6.49,+25.5,+21.4,GA	+6.76,+11.3,+19.9,LA	+2.47,+256.8,+20.6,EB	+7.01,-2.1,+19.8,JB	
1700435228.3701656	+6.52,+17.4,+21.4,MA	+6.37,+31.1,+21.3,HA	+6.49,+25.5,+21.4,GA	+6.75,+11.3,+19.8,NA	+2.47,+256.9,+20.6,DB	+7.00,-2.0,+19.8,JB	
1700435290.3797343	+6.52,+17.4,+21.4,MA	+6.37,+31.2,+21.3,KA	+6.49,+25.5,+21.5,FA	+6.76,+11.3,+19.9,LA	+2.47,+257.0,+20.6,LB	+7.01,-2.0,+19.8,KB	
1700435352.388968	+6.52,+17.4,+21.4,MA	+6.37,+31.2,+21.3,KA	+6.49,+25.5,+21.4,GA	+6.76,+11.2,+19.9,MA	+2.47,+256.9,+20.6,DB	+7.01,-2.0,+19.8,KB	
1700435414.395309	+6.52,+17.4,+21.4,MA	+6.37,+31.2,+21.3,KA	+6.49,+25.5,+21.4,GA	+6.76,+11.3,+19.8,MA	+2.47,+257.2,+20.6,NB	+7.01,-2.1,+19.8,JB	
1700435476.4051645	+6.52,+17.3,+21.4,JA	+6.36,+31.3,+21.3,KA	+6.49,+25.5,+21.4,GA	+6.76,+11.2,+19.8,LA	+2.46,+257.4,+20.6,IB	+7.01,-2.1,+19.8,JB	
1700435538.4115052	+6.52,+17.4,+21.4,MA	+6.37,+31.2,+21.3,KA	+6.49,+25.6,+21.5,EA	+6.76,+11.2,+19.8,LA	+2.46,+257.5,+20.6,HB	+7.01,-2.2,+19.8,IB	
1700435600.4211907	+6.52,+17.3,+21.4,JA	+6.36,+31.4,+21.3,LA	+6.49,+25.5,+21.4,GA	+6.76,+11.3,+19.8,MA	+2.47,+257.1,+20.6,MB	+7.01,-2.2,+19.8,IB	
1700435662.4293337	+6.52,+17.4,+21.4,MA	+6.36,+31.3,+21.3,KA	+6.49,+25.5,+21.4,GA	+6.76,+11.3,+19.8,MA	+2.46,+257.7,+20.6,JB	+7.01,-2.2,+19.8,IB	
1700435724.437463	+6.52,+17.3,+21.4,JA	+6.37,+31.3,+21.3,JA	+6.49,+25.5,+21.4,GA	+6.75,+11.4,+19.8,IA	+2.46,+257.8,+20.6,EB	+7.01,-2.1,+19.8,JB	
1700435786.44823	+6.52,+17.3,+21.4,JA	+6.37,+31.3,+21.3,JA	+6.50,+25.4,+21.4,NA	+6.75,+11.4,+19.9,HA	+2.46,+257.9,+20.6,DB	+7.01,-2.1,+19.8,JB	
1700435848.4568772	+6.52,+17.4,+21.4,MA	+6.37,+31.2,+21.3,KA	+6.50,+25.4,+21.4,NA	+6.76,+11.3,+19.8,MA	+2.46,+257.9,+20.6,DB	+7.01,-2.2,+19.8,IB	
1700435910.4662387	+6.52,+17.4,+21.4,MA	+6.37,+31.2,+21.3,KA	+6.49,+25.5,+21.4,GA	+6.76,+11.3,+19.8,MA	+2.45,+258.0,+20.6,AB	+7.01,-2.1,+19.8,JB	
1700435972.4743001	+6.52,+17.4,+21.4,MA	+6.37,+31.2,+21.3,KA	+6.49,+25.5,+21.4,GA	+6.76,+11.3,+19.8,MA	+2.45,+258.0,+20.6,AB	+7.01,-2.1,+19.8,JB	
1700436034.4838912	+6.52,+17.4,+21.4,MA	+6.37,+31.2,+21.3,KA	+6.49,+25.5,+21.4,GA	+6.76,+11.3,+19.8,MA	+2.45,+258.1,+20.6,@B	+7.01,-2.1,+19.8,JB	
1700436096.4916675	+6.52,+17.4,+21.4,MA	+6.37,+31.2,+21.3,KA	+6.49,+25.5,+21.4,GA	+6.75,+11.3,+19.8,NA	+2.49,+256.2,+20.6,AB	+7.01,-2.2,+19.8,IB	
1700436158.4985738	+6.52,+17.4,+21.4,MA	+6.37,+31.2,+21.3,KA	+6.50,+25.5,+21.4,OA	+6.76,+10.8,+19.8,GA	+2.47,+257.2,+20.6,NB	+7.01,-2.1,+19.8,JB	
1700436220.5066907	+6.52,+17.4,+21.4,MA	+6.36,+31.3,+21.3,KA	+6.49,+25.5,+21.4,GA	+6.76,+10.8,+19.8,GA	+2.47,+256.9,+20.6,DB	+7.01,-2.1,+19.8,JB	
1700436282.5142736	+6.52,+17.4,+21.4,MA	+6.37,+31.2,+21.3,KA	+6.50,+25.4,+21.4,NA	+6.77,+10.7,+19.8,IA	+2.46,+257.6,+20.6,KB	+7.01,-2.2,+19.8,IB	
1700436344.5240066	+6.52,+17.4,+21.4,MA	+6.37,+31.2,+21.3,KA	+6.49,+25.5,+21.4,GA	+6.76,+10.8,+19.8,GA	+2.45,+258.3,+20.6,BB	+7.01,-2.2,+19.8,IB	
1700436406.52976	+6.52,+17.4,+21.4,MA	+6.37,+31.2,+21.3,KA	+6.49,+25.5,+21.4,GA	+6.77,+10.7,+19.8,IA	+2.45,+258.1,+20.6,@B	+7.01,-2.3,+19.8,HB	
1700436468.5365636	+6.52,+17.4,+21.4,MA	+6.37,+31.2,+21.3,KA	+6.49,+25.5,+21.4,GA	+6.77,+10.7,+19.8,IA	+2.46,+257.8,+20.6,EB	+7.01,-2.2,+19.8,IB	
1700436714.1064487	+6.52,+17.4,+21.4,MA	+6.36,+31.3,+21.3,KA	+6.49,+25.5,+21.4,GA	+6.76,+10.9,+19.8,FA	+2.46,+257.7,+20.6,JB	+7.01,-2.3,+19.8,HB	
1700436776.115721	+6.52,+17.4,+21.4,MA	+6.36,+31.3,+21.3,KA	+6.49,+25.5,+21.4,GA	+6.76,+10.8,+19.8,GA	+2.45,+258.2,+20.6,CB	+7.01,-2.2,+19.8,IB	
1700436838.1250947	+6.52,+17.4,+21.4,MA	+6.37,+31.2,+21.3,KA	+6.49,+25.5,+21.4,GA	+6.76,+10.8,+19.8,GA	+2.45,+258.3,+20.6,BB	+7.01,-2.3,+19.8,HB	
1700436900.1339152	+6.52,+17.4,+21.4,MA	+6.36,+31.3,+21.3,KA	+6.49,+25.5,+21.4,GA	+6.76,+10.8,+19.8,GA	+2.45,+258.4,+20.6,EB	+7.01,-2.2,+19.8,IB	
1700436962.141986	+6.52,+17.4,+21.4,MA	+6.37,+31.2,+21.3,KA	+6.49,+25.5,+21.4,GA	+6.77,+10.6,+19.8,HA	+2.45,+258.4,+20.6,EB	+7.01,-2.3,+19.8,HB	
1700437024.150075	+6.52,+17.4,+21.4,MA	+6.37,+31.2,+21.3,KA	+6.49,+25.5,+21.4,GA	+6.76,+10.8,+19.8,GA	+2.45,+258.3,+20.6,BB	+7.01,-2.2,+19.8,IB	
1700437086.1583164	+6.52,+17.4,+21.4,MA	+6.37,+31.2,+21.3,KA	+6.49,+25.5,+21.4,GA	+6.76,+10.8,+19.8,GA	+2.44,+258.6,+20.6,FB	+7.01,-2.2,+19.8,IB	
1700437148.1669602	+6.52,+17.4,+21.4,MA	+6.37,+31.2,+21.3,KA	+6.49,+25.5,+21.4,GA	+6.76,+10.9,+19.8,FA	+2.47,+257.1,+20.6,MB	+7.01,-2.3,+19.8,HB	
1700437210.1756196	+6.52,+17.3,+21.4,JA	+6.37,+31.2,+21.3,KA	+6.49,+25.5,+21.4,GA	+6.76,+10.9,+19.8,FA	+2.44,+258.8,+20.6,HB	+7.01,-2.3,+19.8,HB	
1700437272.1855762	+6.52,+17.4,+21.4,MA	+6.36,+31.3,+21.3,KA	+6.49,+25.5,+21.4,GA	+6.76,+11.0,+19.8,NA	+2.44,+258.8,+20.6,HB	+7.01,-2.3,+19.8,HB	
1700437334.1927671	+6.52,+17.4,+21.4,MA	+6.37,+31.2,+21.3,KA	+6.49,+25.5,+21.4,GA	+6.76,+11.0,+19.8,NA	+2.44,+258.7,+20.6,GB	+7.01,-2.3,+19.8,HB	
1700437396.2020087	+6.52,+17.4,+21.4,MA	+6.36,+31.3,+21.3,KA	+6.49,+25.5,+21.4,GA	+6.77,+10.7,+19.8,IA	+2.44,+258.7,+20.6,GB	+7.01,-2.3,+19.8,HB	
1700437458.212215	+6.52,+17.4,+21.4,MA	+6.36,+31.3,+21.3,KA	+6.49,+25.5,+21.4,GA	+6.76,+10.8,+19.8,GA	+2.44,+258.8,+20.6,HB	+7.01,-2.3,+19.8,HB	
1700437520.2204082	+6.52,+17.3,+21.4,JA	+6.36,+31.4,+21.3,LA	+6.49,+25.5,+21.4,GA	+6.76,+10.8,+19.8,GA	+2.43,+259.1,+20.6,GB	+7.01,-2.3,+19.8,HB	
1700437582.2301514	+6.52,+17.4,+21.4,MA	+6.36,+31.4,+21.3,LA	+6.49,+25.5,+21.4,GA	+6.76,+10.8,+19.8,GA	+2.44,+258.9,+20.6,IB	+7.01,-2.4,+19.8,OB	
1700437644.2389052	+6.52,+17.4,+21.4,MA	+6.36,+31.4,+21.3,LA	+6.49,+25.5,+21.4,GA	+6.76,+10.8,+19.8,GA	+2.43,+259.1,+20.6,GB	+7.01,-2.4,+19.8,OB	
1700437706.2479672	+6.52,+17.4,+21.3,JA	+6.36,+31.4,+21.3,LA	+6.49,+25.5,+21.4,GA	+6.76,+10.9,+19.8,FA	+2.43,+259.3,+20.6,EB	+7.01,-2.2,+19.8,IB	
1700437768.2555664	+6.52,+17.4,+21.3,JA	+6.36,+31.3,+21.3,KA	+6.49,+25.5,+21.4,GA	+6.76,+10.9,+19.8,FA	+2.47,+257.1,+20.6,MB	+7.01,-2.2,+19.7,FB	
1700437830.265272	+6.52,+17.3,+21.4,JA	+6.36,+31.3,+21.3,KA	+6.49,+25.5,+21.4,GA	+6.76,+10.9,+19.8,FA	+2.43,+259.1,+20.6,GB	+7.01,-2.4,+19.7,@B	
1700437892.2748082	+6.52,+17.3,+21.4,JA	+6.37,+31.2,+21.3,KA	+6.49,+25.5,+21.4,GA	+6.76,+11.0,+19.8,NA	+2.43,+259.2,+20.6,DB	+7.01,-2.3,+19.8,HB	
1700437954.2833254	+6.52,+17.4,+21.3,JA	+6.37,+31.2,+21.3,KA	+6.49,+25.5,+21.4,GA	+6.76,+11.0,+19.8,NA	+2.43,+259.1,+20.6,GB	+7.01,-2.0,+19.7,DB	
1700438016.292895	+6.52,+17.4,+21.3,JA	+6.36,+31.3,+21.3,KA	+6.49,+25.5,+21.4,GA	+6.76,+11.1,+19.8,OA	+2.46,+257.8,+20.6,EB	+7.01,-2.4,+19.7,@B	
1700438078.3020227	+6.52,+17.4,+21.3,JA	+6.37,+31.2,+21.3,KA	+6.49,+25.5,+21.4,GA	+6.76,+11.1,+19.8,OA	+2.43,+259.2,+20.6,DB	+7.01,-2.3,+19.7,GB	
1700438140.311223	+6.52,+17.4,+21.3,JA	+6.37,+31.2,+21.3,KA	+6.49,+25.5,+21.4,GA	+6.76,+11.0,+19.8,NA	+2.43,+259.5,+20.6,CB	+7.01,-2.3,+19.7,GB	
1700438202.3197594	+6.52,+17.4,+21.4,MA	+6.37,+31.2,+21.3,KA	+6.49,+25.5,+21.4,GA	+6.76,+11.2,+19.8,LA	+2.44,+258.6,+20.6,FB	+7.01,-2.4,+19.7,@B	
1700438264.330011	+6.52,+17.4,+21.3,JA	+6.36,+31.3,+21.3,KA	+6.49,+25.5,+21.4,GA	+6.76,+11.1,+19.8,OA	+2.45,+258.3,+20.6,BB	+7.01,-2.4,+19.7,@B	
1700438326.3370318	+6.52,+17.4,+21.3,JA	+6.37,+31.2,+21.3,KA	+6.49,+25.5,+21.4,GA	+6.76,+11.0,+19.8,NA	+2.45,+258.2,+20.6,CB	+7.01,-2.3,+19.7,GB	
1700438388.3454502	+6.52,+17.4,+21.3,JA	+6.37,+31.2,+21.3,KA	+6.49,+25.5,+21.4,GA	+6.76,+11.0,+19.8,NA	+2.45,+258.3,+20.6,BB	+7.01,-2.4,+19.8,OB	
1700438450.3544114	+6.52,+17.3,+21.3,MA	+6.36,+31.3,+21.3,KA	+6.49,+25.5,+21.4,GA	+6.76,+11.1,+19.8,OA	+2.46,+257.5,+20.6,HB	+7.01,-2.4,+19.7,@B	
1700438512.3618672	+6.52,+17.4,+21.4,MA	+6.36,+31.4,+21.3,LA	+6.49,+25.5,+21.4,GA	+6.76,+11.2,+19.8,LA	+2.45,+258.3,+20.6,BB	+7.01,-2.4,+19.8,OB	
1700438574.371426	+6.52,+17.4,+21.3,JA	+6.36,+31.4,+21.3,LA	+6.49,+25.5,+21.4,GA	+6.76,+11.3,+19.8,MA	+2.45,+258.1,+20.6,@B	+7.01,-2.5,+19.7,AB	
1700438636.3786285	+6.52,+17.4,+21.3,JA	+6.36,+31.4,+21.3,LA	+6.49,+25.5,+21.4,GA	+6.76,+10.9,+19.8,FA	+2.45,+258.0,+20.6,AB	+7.01,-2.4,+19.8,OB	
1700438698.3876593	+6.52,+17.4,+21.3,JA	+6.36,+31.3,+21.3,KA	+6.49,+25.5,+21.4,GA	+6.76,+11.1,+19.8,OA	+2.45,+258.1,+20.6,@B	+7.01,-2.5,+19.8,NB	
1700438760.3973894	+6.52,+17.4,+21.3,JA	+6.36,+31.4,+21.3,LA	+6.49,+25.5,+21.4,GA	+6.76,+11.0,+19.8,NA	+2.45,+258.0,+20.6,AB	+7.01,-2.4,+19.8,OB	
1700438822.406584	+6.52,+17.3,+21.4,JA	+6.37,+31.2,+21.3,KA	+6.50,+25.4,+21.4,NA	+6.76,+11.3,+19.8,MA	+2.46,+257.8,+20.6,EB	+7.01,-2.4,+19.7,@B	
1700438884.4143796	+6.52,+17.4,+21.3,JA	+6.36,+31.3,+21.2,JA	+6.49,+25.5,+21.4,GA	+6.76,+11.2,+19.8,LA	+2.45,+258.1,+20.6,@B	+7.01,-2.5,+19.7,AB	
1700438946.4214246	+6.52,+17.3,+21.4,JA	+6.37,+31.2,+21.2,JA	+6.49,+25.5,+21.4,GA	+6.75,+11.4,+19.8,IA	+2.45,+258.0,+20.6,AB	+7.01,-2.5,+19.7,AB	
1700439008.4301424	+6.52,+17.4,+21.4,MA	+6.37,+31.2,+21.3,KA	+6.49,+25.5,+21.4,GA	+6.75,+11.4,+19.8,IA	+2.45,+257.9,+20.6,GB	+7.01,-2.5,+19.7,AB	
1700439070.439715	+6.52,+17.3,+21.3,MA	+6.37,+31.2,+21.3,KA	+6.49,+25.5,+21.4,GA	+6.75,+11.6,+19.8,KA	+2.46,+257.4,+20.6,IB	+7.01,-2.5,+19.7,AB	
1700439132.4486916	+6.52,+17.4,+21.3,JA	+6.36,+31.3,+21.2,JA	+6.49,+25.5,+21.4,GA	+6.75,+11.6,+19.8,KA	+2.46,+257.6,+20.6,KB	+7.01,-2.5,+19.7,AB	
1700439194.4560947	+6.52,+17.3,+21.4,JA	+6.36,+31.3,+21.3,KA	+6.49,+25.5,+21.4,GA	+6.75,+11.6,+19.8,KA	+2.47,+257.0,+20.6,LB	+7.01,-2.5,+19.7,AB	
1700439256.46489	+6.52,+17.3,+21.4,JA	+6.36,+31.3,+21.3,KA	+6.49,+25.5,+21.4,GA	+6.75,+11.6,+19.8,KA	+2.51,+255.0,+20.6,IB	+7.01,-2.5,+19.7,AB	
1700439318.4724925	+6.52,+17.4,+21.4,MA	+6.36,+31.3,+21.3,KA	+6.49,+25.5,+21.4,GA	+6.75,+11.7,+19.8,JA	+2.47,+256.9,+20.6,DB	+7.02,-2.6,+19.7,AB	
1700439380.4790838	+6.52,+17.4,+21.4,MA	+6.36,+31.3,+21.3,KA	+6.49,+25.5,+21.4,GA	+6.75,+11.6,+19.8,KA	+2.47,+257.1,+20.6,MB	+7.01,-2.5,+19.7,AB	
1700439442.4887552	+6.52,+17.4,+21.3,JA	+6.36,+31.3,+21.3,KA	+6.49,+25.5,+21.4,GA	+6.75,+11.8,+19.8,EA	+2.47,+257.2,+20.6,NB	+7.01,-2.5,+19.7,AB	
1700439504.498565	+6.52,+17.4,+21.4,MA	+6.36,+31.4,+21.3,LA	+6.49,+25.5,+21.4,GA	+6.75,+11.8,+19.8,EA	+2.46,+257.3,+20.6,NB	+7.01,-2.5,+19.7,AB	
1700439566.5080874	+6.52,+17.4,+21.3,JA	+6.36,+31.4,+21.3,LA	+6.49,+25.5,+21.4,GA	+6.75,+11.8,+19.8,EA	+2.47,+257.3,+20.6,OB	+7.02,-2.7,+19.8,OB	
1700439628.5165246	+6.52,+17.3,+21.4,JA	+6.36,+31.4,+21.3,LA	+6.49,+25.5,+21.4,GA	+6.75,+11.8,+19.8,EA	+2.46,+257.4,+20.6,IB	+7.02,-2.6,+19.7,AB	
1700439690.5257957	+6.52,+17.4,+21.4,MA	+6.36,+31.4,+21.3,LA	+6.49,+25.5,+21.4,GA	+6.75,+11.9,+19.8,DA	+2.46,+257.6,+20.6,KB	+7.01,-2.5,+19.7,AB	
1700439752.5338416	+6.52,+17.3,+21.3,MA	+6.36,+31.4,+21.3,LA	+6.49,+25.5,+21.4,GA	+6.75,+11.7,+19.8,JA	+2.46,+257.7,+20.6,JB	+7.02,-2.6,+19.7,AB	
1700439814.5431411	+6.52,+17.4,+21.3,JA	+6.36,+31.4,+21.3,LA	+6.49,+25.5,+21.3,@A	+6.75,+11.9,+19.8,DA	+2.45,+258.0,+20.6,AB	+7.01,-2.5,+19.8,NB	
1700439876.55172	+6.52,+17.3,+21.3,MA	+6.36,+31.3,+21.3,KA	+6.50,+25.4,+21.4,NA	+6.74,+11.9,+19.8,EA	+2.46,+257.9,+20.6,DB	+7.01,-2.6,+19.7,BB	
1700439938.5607553	+6.52,+17.3,+21.3,MA	+6.36,+31.3,+21.3,KA	+6.50,+25.4,+21.4,NA	+6.75,+11.7,+19.8,JA	+2.48,+256.2,+20.6,@B	+7.01,-2.4,+19.7,@B	
1700440000.5672262	+6.52,+17.4,+21.3,JA	+6.37,+31.2,+21.3,KA	+6.49,+25.5,+21.4,GA	+6.74,+11.9,+19.8,EA	+2.45,+258.0,+20.6,AB	+7.01,-2.5,+19.7,AB	
1700440062.5749013	+6.52,+17.3,+21.3,MA	+6.37,+31.3,+21.3,JA	+6.49,+25.5,+21.4,GA	+6.77,+10.6,+19.8,HA	+2.45,+258.4,+20.6,EB	+7.02,-2.6,+19.7,AB	
1700440124.5882173	+6.52,+17.3,+21.3,MA	+6.36,+31.3,+21.3,KA	+6.49,+25.5,+21.4,GA	+6.77,+10.3,+19.8,MA	+2.45,+258.2,+20.6,CB	+7.02,-2.6,+19.7,AB	
1700440186.5966253	+6.52,+17.4,+21.3,JA	+6.36,+31.3,+21.3,KA	+6.49,+25.5,+21.4,GA	+6.77,+10.2,+19.8,LA	+2.46,+257.8,+20.6,EB	+7.02,-2.6,+19.7,AB	
1700440248.6033826	+6.52,+17.3,+21.4,JA	+6.36,+31.3,+21.3,KA	+6.49,+25.5,+21.4,GA	+6.78,+10.0,+19.8,AA	+2.45,+258.3,+20.5,AB	+7.02,-2.7,+19.7,@B	
1700440310.6134217	+6.52,+17.4,+21.3,JA	+6.37,+31.3,+21.3,JA	+6.50,+25.4,+21.4,NA	+6.78,+10.0,+19.8,AA	+2.45,+258.3,+20.6,BB	+7.02,-2.6,+19.7,AB	
1700440556.2738702	+6.52,+17.4,+21.3,JA	+6.36,+31.3,+21.3,KA	+6.49,+25.5,+21.4,GA	+6.78,+10.1,+19.8,@A	+2.44,+258.6,+20.6,FB	+7.02,-2.7,+19.7,@B	
1700440618.284309	+6.52,+17.3,+21.3,MA	+6.36,+31.4,+21.3,LA	+6.49,+25.5,+21.4,GA	+6.78,+10.1,+19.8,@A	+2.45,+258.1,+20.6,@B	+7.02,-2.7,+19.7,@B	
1700440680.2958663	+6.52,+17.4,+21.4,MA	+6.36,+31.4,+21.3,LA	+6.50,+25.4,+21.4,NA	+6.77,+10.2,+19.8,LA	+2.43,+259.0,+20.6,FB	+7.02,-2.8,+19.7,OB	
1700440742.304786	+6.52,+17.4,+21.4,MA	+6.36,+31.4,+21.3,LA	+6.49,+25.5,+21.4,GA	+6.77,+10.3,+19.8,MA	+2.43,+259.1,+20.6,GB	+7.02,-2.8,+19.7,OB	
1700440804.3145483	+6.52,+17.4,+21.4,MA	+6.36,+31.4,+21.3,LA	+6.50,+25.4,+21.4,NA	+6.78,+10.2,+19.8,CA	+2.45,+258.2,+20.6,CB	+7.02,-2.7,+19.7,@B	
1700440866.325223	+6.52,+17.4,+21.3,JA	+6.36,+31.4,+21.3,LA	+6.49,+25.5,+21.4,GA	+6.77,+10.2,+19.8,LA	+2.43,+259.2,+20.6,DB	+7.02,-2.7,+19.7,@B	
1700440928.3346589	+6.52,+17.4,+21.3,JA	+6.36,+31.4,+21.2,MA	+6.49,+25.5,+21.4,GA	+6.77,+10.3,+19.8,MA	+2.43,+259.2,+20.6,DB	+7.02,-2.7,+19.7,@B	
1700440990.3424435	+6.52,+17.4,+21.3,JA	+6.36,+31.3,+21.3,KA	+6.49,+25.5,+21.4,GA	+6.77,+10.2,+19.8,LA	+2.43,+259.2,+20.5,GB	+7.02,-2.8,+19.7,OB	
1700441052.3518066	+6.52,+17.4,+21.4,MA	+6.36,+31.3,+21.3,KA	+6.50,+25.5,+21.4,OA	+6.77,+10.4,+19.8,JA	+2.43,+259.4,+20.6,BB	+7.02,-2.8,+19.7,OB	
1700441114.3606038	+6.52,+17.4,+21.3,JA	+6.36,+31.3,+21.3,KA	+6.49,+25.5,+21.4,GA	+6.77,+10.5,+19.8,KA	+2.44,+259.0,+20.6,AB	+7.02,-2.8,+19.7,OB	
1700441176.3708184	+6.52,+17.4,+21.3,JA	+6.36,+31.3,+21.2,JA	+6.49,+25.5,+21.4,GA	+6.77,+10.6,+19.8,HA	+2.44,+258.5,+20.5,FB	+7.02,-2.8,+19.7,OB	
1700441238.3793607	+6.52,+17.4,+21.3,JA	+6.36,+31.3,+21.3,KA	+6.49,+25.5,+21.4,GA	+6.76,+10.8,+19.8,GA	+2.44,+258.9,+20.5,JB	+7.02,-2.7,+19.7,@B	
1700441300.387826	+6.52,+17.4,+21.4,MA	+6.36,+31.3,+21.3,KA	+6.49,+25.5,+21.4,GA	+6.77,+10.7,+19.8,IA	+2.44,+258.8,+20.6,HB	+7.02,-2.7,+19.8,OB	
1700441362.3979285	+6.52,+17.4,+21.4,MA	+6.36,+31.3,+21.3,KA	+6.50,+25.4,+21.4,NA	+6.77,+10.7,+19.8,IA	+2.44,+259.0,+20.6,AB	+7.02,-2.8,+19.7,OB	
1700441424.4070337	+6.52,+17.3,+21.4,JA	+6.36,+31.3,+21.3,KA	+6.49,+25.5,+21.4,GA	+6.76,+10.9,+19.8,FA	+2.44,+258.8,+20.6,HB	+7.02,-2.9,+19.7,NB	
1700441486.4164448	+6.52,+17.3,+21.4,JA	+6.36,+31.4,+21.3,LA	+6.50,+25.4,+21.4,NA	+6.77,+10.7,+19.8,IA	+2.43,+259.1,+20.6,GB	+7.02,-2.8,+19.7,OB	
1700441548.4260645	+6.52,+17.3,+21.4,JA	+6.36,+31.4,+21.3,LA	+6.49,+25.5,+21.4,GA	+6.77,+10.3,+19.8,MA	+2.43,+259.6,+20.6,@B	+7.02,-2.8,+19.7,OB	
1700441610.4353595	+6.52,+17.3,+21.4,JA	+6.36,+31.4,+21.3,LA	+6.49,+25.5,+21.4,GA	+6.77,+10.3,+19.8,MA	+2.43,+259.5,+20.6,CB	+7.02,-2.8,+19.7,OB	
1700441672.44328	+6.52,+17.3,+21.4,JA	+6.36,+31.3,+21.3,KA	+6.49,+25.5,+21.4,GA	+6.77,+10.5,+19.8,KA	+2.43,+259.1,+20.6,GB	+7.02,-2.8,+19.7,OB	
1700441734.454304	+6.52,+17.4,+21.4,MA	+6.36,+31.3,+21.3,KA	+6.50,+25.5,+21.5,NA	+6.77,+10.5,+19.8,KA	+2.43,+259.5,+20.6,CB	+7.02,-2.8,+19.8,@B	
1700441796.4645157	+6.52,+17.4,+21.4,MA	+6.36,+31.3,+21.3,KA	+6.50,+25.5,+21.5,NA	+6.77,+10.6,+19.8,HA	+2.44,+258.9,+20.6,IB	+7.02,-3.0,+19.7,FB	
1700441858.4744809	+6.52,+17.4,+21.4,MA	+6.36,+31.3,+21.3,KA	+6.49,+25.5,+21.4,GA	+6.77,+10.5,+19.8,KA	+2.42,+259.6,+20.6,AB	+7.02,-2.9,+19.8,AB	
1700441920.4838989	+6.52,+17.4,+21.4,MA	+6.36,+31.4,+21.3,LA	+6.49,+25.5,+21.4,GA	+6.77,+10.5,+19.8,KA	+2.42,+259.7,+20.6,@B	+7.02,-2.9,+19.7,NB	
1700441982.4946012	+6.52,+17.3,+21.4,JA	+6.36,+31.4,+21.3,LA	+6.49,+25.5,+21.4,GA	+6.77,+10.4,+19.8,JA	+2.42,+259.9,+20.6,NB	+7.02,-2.9,+19.7,NB	
1700442044.5055108	+6.52,+17.4,+21.4,MA	+6.36,+31.4,+21.3,LA	+6.49,+25.5,+21.4,GA	+6.77,+10.6,+19.8,HA	+2.42,+259.8,+20.6,OB	+7.02,-2.9,+19.8,AB	
1700442106.5140035	+6.52,+17.4,+21.4,MA	+6.36,+31.4,+21.3,LA	+6.49,+25.5,+21.4,GA	+6.77,+10.7,+19.8,IA	+2.45,+258.1,+20.6,@B	+7.02,-2.9,+19.8,AB	
1700442168.5220804	+6.52,+17.3,+21.4,JA	+6.36,+31.3,+21.3,KA	+6.49,+25.5,+21.4,GA	+6.77,+10.7,+19.8,IA	+2.42,+259.8,+20.6,OB	+7.02,-2.9,+19.8,AB	
1700442230.5312116	+6.52,+17.4,+21.4,MA	+6.36,+31.4,+21.3,LA	+6.49,+25.5,+21.5,FA	+6.77,+10.7,+19.8,IA	+2.42,+259.7,+20.6,@B	+7.02,-2.8,+19.7,OB	
1700442292.5421066	+6.52,+17.4,+21.4,MA	+6.36,+31.3,+21.3,KA	+6.49,+25.5,+21.5,FA	+6.77,+10.7,+19.8,IA	+2.42,+259.8,+20.6,OB	+7.02,-2.9,+19.8,AB	
1700442354.5517867	+6.52,+17.4,+21.4,MA	+6.36,+31.3,+21.3,KA	+6.49,+25.5,+21.4,GA	+6.77,+10.6,+19.8,HA	+2.42,+259.9,+20.6,NB	+7.02,-2.9,+19.7,NB	
1700442416.561387	+6.52,+17.4,+21.4,MA	+6.36,+31.3,+21.3,KA	+6.50,+25.4,+21.4,NA	+6.77,+10.7,+19.8,IA	+2.42,+259.9,+20.6,NB	+7.02,-3.0,+19.7,FB	
1700442478.5706813	+6.52,+17.3,+21.4,JA	+6.36,+31.3,+21.3,KA	+6.49,+25.5,+21.5,FA	+6.77,+10.7,+19.8,IA	+2.42,+259.8,+20.6,OB	+7.02,-2.9,+19.8,AB	
1700442540.581792	+6.52,+17.4,+21.4,MA	+6.36,+31.4,+21.3,LA	+6.49,+25.5,+21.5,FA	+6.77,+10.7,+19.8,IA	+2.44,+258.5,+20.6,EB	+7.02,-2.9,+19.8,AB	
1700442602.5918307	+6.52,+17.4,+21.4,MA	+6.36,+31.4,+21.3,LA	+6.49,+25.5,+21.4,GA	+6.76,+10.8,+19.8,GA	+2.44,+258.7,+20.6,GB	+7.02,-2.9,+19.8,AB	
1700442664.6012642	+6.52,+17.4,+21.4,MA	+6.36,+31.4,+21.3,LA	+6.49,+25.5,+21.5,FA	+6.76,+10.9,+19.8,FA	+2.43,+259.4,+20.6,BB	+7.02,-3.1,+19.8,HB	
1700442726.613167	+6.52,+17.3,+21.4,JA	+6.36,+31.4,+21.3,LA	+6.50,+25.5,+21.4,OA	+6.76,+10.8,+19.8,GA	+2.43,+259.6,+20.6,@B	+7.02,-3.0,+19.8,IB	
1700442788.6218097	+6.52,+17.3,+21.4,JA	+6.36,+31.4,+21.3,LA	+6.50,+25.5,+21.5,NA	+6.76,+10.9,+19.8,FA	+2.43,+259.2,+20.6,DB	+7.02,-3.0,+19.8,IB	
1700442850.6288302	+6.52,+17.4,+21.4,MA	+6.36,+31.3,+21.3,KA	+6.49,+25.6,+21.5,EA	+6.76,+10.8,+19.8,GA	+2.43,+259.6,+20.6,@B	+7.02,-3.1,+19.8,HB	
1700442912.6392975	+6.52,+17.3,+21.4,JA	+6.36,+31.3,+21.3,KA	+6.49,+25.5,+21.5,FA	+6.77,+10.7,+19.8,IA	+2.43,+259.2,+20.6,DB	+7.02,-3.1,+19.8,HB	
1700442974.6492572	+6.52,+17.4,+21.4,MA	+6.36,+31.4,+21.3,LA	+6.49,+25.5,+21.5,FA	+6.77,+10.7,+19.8,IA	+2.45,+258.4,+20.6,EB	+7.02,-3.1,+19.8,HB	
1700443036.6574414	+6.52,+17.4,+21.4,MA	+6.36,+31.5,+21.4,JA	+6.49,+25.5,+21.5,FA	+6.76,+10.9,+19.8,FA	+2.42,+260.0,+20.6,MB	+7.02,-3.1,+19.8,HB	
1700443098.6667092	+6.52,+17.4,+21.4,MA	+6.36,+31.4,+21.3,LA	+6.49,+25.5,+21.5,FA	+6.76,+10.9,+19.8,FA	+2.43,+259.5,+20.6,CB	+7.02,-3.1,+19.8,HB	
1700443160.6732998	+6.52,+17.4,+21.4,MA	+6.36,+31.4,+21.3,LA	+6.49,+25.5,+21.5,FA	+6.76,+11.0,+19.8,NA	+2.43,+259.1,+20.6,GB	+7.02,-3.1,+19.8,HB	
1700443222.681994	+6.52,+17.4,+21.4,MA	+6.36,+31.4,+21.3,LA	+6.49,+25.5,+21.5,FA	+6.76,+10.8,+19.8,GA	+2.43,+259.3,+20.6,EB	+7.02,-3.1,+19.8,HB	
1700443284.6896794	+6.52,+17.4,+21.4,MA	+6.36,+31.4,+21.3,LA	+6.49,+25.5,+21.5,FA	+6.76,+10.9,+19.8,FA	+2.43,+259.3,+20.6,EB	+7.03,-3.1,+19.8,IB	
1700443346.6996465	+6.52,+17.4,+21.4,MA	+6.36,+31.3,+21.4,LA	+6.49,+25.5,+21.5,FA	+6.76,+11.1,+19.8,OA	+2.45,+258.3,+20.6,BB	+7.03,-3.1,+19.8,IB	
1700443408.7088935	+6.52,+17.3,+21.4,JA	+6.36,+31.3,+21.3,KA	+6.50,+25.5,+21.5,NA	+6.76,+11.0,+19.8,NA	+2.46,+257.6,+20.6,KB	+7.02,-3.0,+19.8,IB	
1700443470.7190855	+6.52,+17.4,+21.4,MA	+6.36,+31.4,+21.4,KA	+6.49,+25.5,+21.5,FA	+6.76,+10.8,+19.8,GA	+2.46,+257.6,+20.6,KB	+7.02,-3.1,+19.8,HB	
1700443532.7295442	+6.52,+17.3,+21.4,JA	+6.36,+31.4,+21.3,LA	+6.49,+25.5,+21.5,FA	+6.76,+11.0,+19.8,NA	+2.46,+257.7,+20.6,JB	+7.02,-3.1,+19.8,HB	
1700443594.7368717	+6.52,+17.4,+21.4,MA	+6.36,+31.4,+21.3,LA	+6.49,+25.5,+21.5,FA	+6.76,+11.0,+19.8,NA	+2.46,+257.7,+20.6,JB	+7.03,-3.2,+19.8,JB	
1700443656.7465954	+6.52,+17.4,+21.4,MA	+6.36,+31.4,+21.3,LA	+6.49,+25.6,+21.5,EA	+6.76,+11.1,+19.8,OA	+2.46,+257.8,+20.6,EB	+7.03,-3.2,+19.8,JB	
1700443718.7557218	+6.52,+17.3,+21.4,JA	+6.36,+31.4,+21.4,KA	+6.49,+25.6,+21.5,EA	+6.76,+11.0,+19.8,NA	+2.48,+256.5,+20.6,GB	+7.03,-3.2,+19.8,JB	
1700443780.7660265	+6.52,+17.4,+21.5,LA	+6.36,+31.4,+21.4,KA	+6.49,+25.6,+21.5,EA	+6.76,+11.1,+19.8,OA	+2.45,+258.0,+20.6,AB	+7.03,-3.2,+19.8,JB	
1700443842.7767165	+6.52,+17.3,+21.4,JA	+6.36,+31.4,+21.4,KA	+6.49,+25.5,+21.5,FA	+6.76,+11.1,+19.8,OA	+2.46,+257.5,+20.6,HB	+7.03,-3.2,+19.8,JB	
1700443904.782762	+6.52,+17.3,+21.4,JA	+6.36,+31.4,+21.4,KA	+6.49,+25.5,+21.5,FA	+6.76,+11.3,+19.8,MA	+2.45,+258.1,+20.6,@B	+7.03,-3.3,+19.8,KB	
1700443966.790923	+6.52,+17.3,+21.4,JA	+6.36,+31.4,+21.4,KA	+6.49,+25.5,+21.5,FA	+6.76,+11.2,+19.8,LA	+2.46,+257.9,+20.6,DB	+7.03,-3.3,+19.8,KB	
1700444028.7979856	+6.52,+17.4,+21.5,LA	+6.36,+31.4,+21.4,KA	+6.49,+25.5,+21.5,FA	+6.76,+11.2,+19.8,LA	+2.46,+257.9,+20.6,DB	+7.02,-3.1,+19.8,HB	
1700444090.8094804	+6.52,+17.4,+21.5,LA	+6.36,+31.4,+21.4,KA	+6.49,+25.5,+21.5,FA	+6.75,+11.6,+19.8,KA	+2.46,+257.7,+20.6,JB	+7.03,-3.3,+19.8,KB	
1700444152.8178704	+6.52,+17.4,+21.5,LA	+6.36,+31.4,+21.4,KA	+6.49,+25.5,+21.5,FA	+6.76,+11.3,+19.8,MA	+2.46,+257.6,+20.6,KB	+7.03,-3.2,+19.8,JB	
1700444398.3779898	+6.52,+17.4,+21.5,LA	+6.36,+31.4,+21.4,KA	+6.49,+25.5,+21.5,FA	+6.76,+11.3,+19.8,MA	+2.47,+257.2,+20.6,NB	+7.03,-3.2,+19.8,JB	
1700444460.387338	+6.52,+17.4,+21.4,MA	+6.36,+31.4,+21.4,KA	+6.49,+25.5,+21.5,FA	+6.75,+11.4,+19.8,IA	+2.46,+257.4,+20.6,IB	+7.03,-3.3,+19.8,KB	
1700444522.3960104	+6.52,+17.4,+21.5,LA	+6.36,+31.4,+21.4,KA	+6.49,+25.5,+21.5,FA	+6.76,+11.0,+19.8,NA	+2.46,+257.3,+20.6,NB	+7.03,-3.3,+19.8,KB	
1700444584.40501	+6.52,+17.4,+21.4,MA	+6.36,+31.4,+21.4,KA	+6.49,+25.5,+21.5,FA	+6.76,+11.0,+19.8,NA	+2.46,+257.4,+20.6,IB	+7.03,-3.2,+19.8,JB	
1700444646.4131198	+6.52,+17.4,+21.5,LA	+6.36,+31.4,+21.4,KA	+6.49,+25.5,+21.5,FA	+6.76,+11.2,+19.8,LA	+2.48,+256.3,+20.6,AB	+7.03,-3.3,+19.8,KB	
1700444708.4234073	+6.52,+17.3,+21.5,KA	+6.36,+31.4,+21.4,KA	+6.49,+25.5,+21.5,FA	+6.76,+11.2,+19.8,LA	+2.46,+257.4,+20.6,IB	+7.03,-3.3,+19.8,KB	
1700444770.4330218	+6.52,+17.3,+21.5,KA	+6.36,+31.4,+21.4,KA	+6.49,+25.5,+21.5,FA	+6.76,+11.2,+19.8,LA	+2.46,+257.5,+20.6,HB	+7.03,-3.2,+19.8,JB	
1700444832.4434514	+6.52,+17.3,+21.5,KA	+6.36,+31.5,+21.4,JA	+6.49,+25.5,+21.5,FA	+6.75,+11.4,+19.8,IA	+2.46,+257.6,+20.6,KB	+7.03,-3.4,+19.8,LB	
1700444894.454012	+6.52,+17.4,+21.5,LA	+6.36,+31.4,+21.4,KA	+6.49,+25.5,+21.5,FA	+6.75,+11.3,+19.8,NA	+2.46,+257.9,+20.6,DB	+7.03,-3.4,+19.8,LB	
1700444956.4609623	+6.52,+17.4,+21.5,LA	+6.36,+31.4,+21.4,KA	+6.49,+25.5,+21.6,EA	+6.76,+11.2,+19.8,LA	+2.46,+257.5,+20.6,HB	+7.03,-3.4,+19.8,LB	
1700445018.4716752	+6.52,+17.4,+21.5,LA	+6.36,+31.5,+21.4,JA	+6.49,+25.6,+21.5,EA	+6.75,+11.4,+19.8,IA	+2.46,+257.4,+20.6,IB	+7.03,-3.3,+19.8,KB	
1700445080.4806013	+6.52,+17.3,+21.5,KA	+6.36,+31.5,+21.4,JA	+6.49,+25.5,+21.5,FA	+6.76,+11.3,+19.8,MA	+2.46,+257.7,+20.6,JB	+7.03,-3.4,+19.8,LB	
1700445142.4876847	+6.52,+17.4,+21.5,LA	+6.36,+31.5,+21.4,JA	+6.49,+25.5,+21.5,FA	+6.75,+11.5,+19.8,HA	+2.46,+257.6,+20.6,KB	+7.03,-3.4,+19.8,LB	
1700445204.4969923	+6.52,+17.4,+21.4,MA	+6.36,+31.5,+21.4,JA	+6.49,+25.5,+21.5,FA	+6.75,+11.6,+19.8,KA	+2.46,+257.7,+20.6,JB	+7.03,-3.3,+19.8,KB	
1700445266.5044093	+6.52,+17.4,+21.5,LA	+6.36,+31.5,+21.4,JA	+6.49,+25.5,+21.5,FA	+6.75,+11.4,+19.8,IA	+2.46,+257.8,+20.6,EB	+7.03,-3.4,+19.8,LB	
1700445328.5126724	+6.52,+17.4,+21.5,LA	+6.36,+31.5,+21.4,JA	+6.49,+25.5,+21.5,FA	+6.75,+11.5,+19.8,HA	+2.46,+257.8,+20.6,EB	+7.03,-3.3,+19.8,KB	
1700445390.519391	+6.52,+17.3,+21.5,KA	+6.36,+31.4,+21.4,KA	+6.49,+25.5,+21.5,FA	+6.75,+11.6,+19.8,KA	+2.45,+258.2,+20.6,CB	+7.03,-3.4,+19.8,LB	
1700445452.5269287	+6.52,+17.3,+21.4,JA	+6.36,+31.4,+21.4,KA	+6.49,+25.5,+21.5,FA	+6.75,+11.7,+19.8,JA	+2.45,+258.5,+20.6,DB	+7.03,-3.3,+19.8,KB	
1700445514.5363133	+6.52,+17.4,+21.4,MA	+6.36,+31.4,+21.4,KA	+6.49,+25.5,+21.5,FA	+6.75,+11.7,+19.8,JA	+2.45,+258.3,+20.6,BB	+7.03,-3.3,+19.8,KB	
1700445576.5457196	+6.52,+17.3,+21.5,KA	+6.36,+31.4,+21.4,KA	+6.49,+25.5,+21.5,FA	+6.75,+11.5,+19.8,HA	+2.44,+259.0,+20.6,AB	+7.03,-3.3,+19.8,KB	
1700445638.5552368	+6.52,+17.4,+21.5,LA	+6.36,+31.4,+21.4,KA	+6.49,+25.5,+21.5,FA	+6.75,+11.6,+19.8,KA	+2.43,+259.2,+20.6,DB	+7.03,-3.5,+19.8,MB	
1700445700.5648158	+6.52,+17.4,+21.4,MA	+6.36,+31.4,+21.4,KA	+6.49,+25.5,+21.5,FA	+6.75,+11.5,+19.8,HA	+2.44,+258.7,+20.6,GB	+7.03,-3.4,+19.8,LB	
1700445762.5738904	+6.52,+17.3,+21.4,JA	+6.36,+31.4,+21.4,KA	+6.49,+25.5,+21.5,FA	+6.75,+11.4,+19.8,IA	+2.44,+258.9,+20.6,IB	+7.03,-3.4,+19.8,LB	
1700445824.582231	+6.52,+17.4,+21.4,MA	+6.36,+31.4,+21.4,KA	+6.50,+25.5,+21.5,NA	+6.75,+11.4,+19.8,IA	+2.44,+259.0,+20.6,AB	+7.03,-3.4,+19.8,LB	
1700445886.590443	+6.52,+17.4,+21.5,LA	+6.36,+31.5,+21.4,JA	+6.49,+25.5,+21.5,FA	+6.75,+11.4,+19.8,IA	+2.43,+259.1,+20.6,GB	+7.03,-3.4,+19.8,LB	
1700445948.5981503	+6.52,+17.4,+21.5,LA	+6.36,+31.5,+21.4,JA	+6.49,+25.5,+21.5,FA	+6.75,+11.4,+19.8,IA	+2.44,+258.9,+20.6,IB	+7.03,-3.4,+19.8,LB	
1700446010.609817	+6.52,+17.4,+21.4,MA	+6.36,+31.5,+21.4,JA	+6.49,+25.5,+21.5,FA	+6.75,+11.4,+19.9,HA	+2.45,+257.9,+20.6,GB	+7.03,-3.5,+19.8,MB	
1700446072.6185224	+6.52,+17.3,+21.5,KA	+6.36,+31.5,+21.4,JA	+6.49,+25.5,+21.5,FA	+6.75,+11.4,+19.8,IA	+2.45,+258.0,+20.6,AB	+7.03,-3.4,+19.8,LB	
1700446134.6287253	+6.52,+17.4,+21.4,MA	+6.36,+31.5,+21.4,JA	+6.49,+25.5,+21.5,FA	+6.75,+11.4,+19.8,IA	+2.45,+258.1,+20.6,@B	+7.03,-3.4,+19.8,LB	
1700446196.6389794	+6.52,+17.4,+21.4,MA	+6.36,+31.5,+21.4,JA	+6.49,+25.5,+21.5,FA	+6.75,+11.4,+19.8,IA	+2.45,+258.1,+20.6,@B	+7.03,-3.4,+19.8,LB	
1700446258.6458402	+6.52,+17.4,+21.4,MA	+6.36,+31.5,+21.4,JA	+6.49,+25.5,+21.5,FA	+6.75,+11.4,+19.8,IA	+2.46,+257.7,+20.6,JB	+7.03,-3.5,+19.8,MB	
1700446320.6552467	+6.52,+17.3,+21.4,JA	+6.36,+31.5,+21.4,JA	+6.49,+25.5,+21.5,FA	+6.75,+11.5,+19.8,HA	+2.48,+256.4,+20.6,FB	+7.03,-3.5,+19.8,MB	
1700446382.6606042	+6.52,+17.3,+21.5,KA	+6.36,+31.5,+21.4,JA	+6.49,+25.5,+21.5,FA	+6.75,+11.6,+19.8,KA	+2.45,+258.4,+20.6,EB	+7.03,-3.4,+19.8,LB	
1700446444.6699684	+6.52,+17.3,+21.4,JA	+6.36,+31.5,+21.3,MA	+6.50,+25.4,+21.5,OA	+6.75,+11.6,+19.8,KA	+2.45,+258.4,+20.6,EB	+7.03,-3.3,+19.8,KB	
1700446506.680807	+6.52,+17.3,+21.4,JA	+6.36,+31.5,+21.4,JA	+6.50,+25.5,+21.5,NA	+6.75,+11.7,+19.8,JA	+2.45,+258.3,+20.6,BB	+7.03,-3.4,+19.8,LB	
1700446568.689815	+6.52,+17.3,+21.4,JA	+6.36,+31.4,+21.4,KA	+6.49,+25.5,+21.5,FA	+6.75,+11.6,+19.9,JA	+2.45,+258.5,+20.6,DB	+7.03,-3.4,+19.8,LB	
1700446630.6992989	+6.52,+17.4,+21.4,MA	+6.36,+31.5,+21.3,MA	+6.49,+25.5,+21.5,FA	+6.75,+11.7,+19.8,JA	+2.44,+258.6,+20.6,FB	+7.03,-3.4,+19.8,LB	
1700446692.7059078	+6.52,+17.3,+21.4,JA	+6.36,+31.5,+21.4,JA	+6.49,+25.6,+21.5,EA	+6.75,+11.7,+19.8,JA	+2.44,+258.7,+20.6,GB	+7.03,-3.4,+19.8,LB	
1700446754.7161422	+6.52,+17.3,+21.4,JA	+6.36,+31.5,+21.3,MA	+6.49,+25.5,+21.5,FA	+6.75,+11.8,+19.8,EA	+2.44,+258.8,+20.6,HB	+7.03,-3.5,+19.8,MB	
1700446816.723997	+6.52,+17.4,+21.4,MA	+6.36,+31.4,+21.4,KA	+6.49,+25.5,+21.5,FA	+6.75,+11.7,+19.8,JA	+2.44,+258.6,+20.6,FB	+7.03,-3.5,+19.8,MB	
1700446878.7323751	+6.52,+17.4,+21.4,MA	+6.36,+31.4,+21.3,LA	+6.49,+25.5,+21.5,FA	+6.75,+11.6,+19.8,KA	+2.44,+258.8,+20.6,HB	+7.03,-3.5,+19.8,MB	
1700446940.741441	+6.52,+17.4,+21.4,MA	+6.36,+31.5,+21.3,MA	+6.49,+25.5,+21.5,FA	+6.75,+11.7,+19.8,JA	+2.44,+258.9,+20.6,IB	+7.03,-3.5,+19.8,MB	
1700447002.7509384	+6.52,+17.3,+21.4,JA	+6.36,+31.5,+21.3,MA	+6.49,+25.5,+21.5,FA	+6.75,+11.8,+19.8,EA	+2.44,+258.5,+20.6,EB	+7.03,-3.5,+19.8,MB	
1700447064.7609718	+6.52,+17.4,+21.4,MA	+6.36,+31.5,+21.3,MA	+6.49,+25.5,+21.5,FA	+6.75,+11.8,+19.8,EA	+2.44,+258.7,+20.6,GB	+7.03,-3.5,+19.8,MB	
1700447126.7688434	+6.52,+17.4,+21.4,MA	+6.36,+31.5,+21.3,MA	+6.49,+25.5,+21.5,FA	+6.74,+12.0,+19.8,OA	+2.44,+258.6,+20.6,FB	+7.03,-3.5,+19.8,MB	
1700447188.7779405	+6.52,+17.3,+21.4,JA	+6.36,+31.4,+21.4,KA	+6.49,+25.5,+21.5,FA	+6.74,+12.0,+19.8,OA	+2.44,+258.8,+20.6,HB	+7.03,-3.6,+19.8,NB	
1700447250.786856	+6.52,+17.4,+21.4,MA	+6.36,+31.5,+21.4,JA	+6.49,+25.5,+21.5,FA	+6.74,+12.0,+19.8,OA	+2.44,+258.9,+20.6,IB	+7.03,-3.6,+19.8,NB	
1700447312.7963042	+6.52,+17.4,+21.4,MA	+6.36,+31.5,+21.4,JA	+6.49,+25.5,+21.5,FA	+6.74,+12.0,+19.8,OA	+2.44,+258.8,+20.6,HB	+7.03,-3.6,+19.8,NB	
1700447374.8056717	+6.52,+17.3,+21.4,JA	+6.36,+31.5,+21.3,MA	+6.49,+25.5,+21.4,GA	+6.74,+12.0,+19.8,OA	+2.47,+257.1,+20.6,MB	+7.03,-3.6,+19.8,NB	
1700447436.8156114	+6.52,+17.3,+21.4,JA	+6.36,+31.6,+21.3,NA	+6.49,+25.5,+21.5,FA	+6.74,+12.1,+19.8,NA	+2.44,+259.0,+20.6,AB	+7.03,-3.6,+19.8,NB	
1700447498.825412	+6.52,+17.4,+21.4,MA	+6.36,+31.5,+21.3,MA	+6.49,+25.5,+21.4,GA	+6.74,+12.0,+19.8,OA	+2.43,+259.1,+20.6,GB	+7.03,-3.5,+19.8,MB	
1700447560.8348296	+6.52,+17.3,+21.4,JA	+6.36,+31.5,+21.3,MA	+6.50,+25.4,+21.5,OA	+6.74,+12.2,+19.8,MA	+2.43,+259.1,+20.6,GB	+7.03,-3.5,+19.8,MB	
1700447622.8414526	+6.52,+17.3,+21.4,JA	+6.36,+31.5,+21.3,MA	+6.49,+25.5,+21.5,FA	+6.74,+12.2,+19.8,MA	+2.43,+259.2,+20.6,DB	+7.03,-3.5,+19.8,MB	
1700447684.8510873	+6.52,+17.4,+21.4,MA	+6.36,+31.5,+21.3,MA	+6.49,+25.5,+21.5,FA	+6.74,+12.3,+19.8,LA	+2.43,+259.1,+20.6,GB	+7.03,-3.5,+19.8,MB	
1700447746.859607	+6.52,+17.4,+21.4,MA	+6.36,+31.4,+21.3,LA	+6.49,+25.5,+21.4,GA	+6.74,+12.2,+19.8,MA	+2.43,+259.2,+20.6,DB	+7.03,-3.5,+19.8,MB	
1700447808.86716	+6.52,+17.3,+21.4,JA	+6.36,+31.4,+21.3,LA	+6.49,+25.5,+21.5,FA	+6.74,+12.1,+19.8,NA	+2.43,+259.2,+20.6,DB	+7.03,-3.5,+19.8,MB	
1700447870.8752325	+6.52,+17.4,+21.4,MA	+6.36,+31.5,+21.3,MA	+6.49,+25.5,+21.5,FA	+6.74,+12.1,+19.8,NA	+2.43,+259.3,+20.6,EB	+7.03,-3.5,+19.8,MB	
1700447932.8863122	+6.52,+17.4,+21.4,MA	+6.36,+31.4,+21.3,LA	+6.49,+25.5,+21.5,FA	+6.74,+12.2,+19.8,MA	+2.43,+259.3,+20.6,EB	+7.03,-3.6,+19.8,NB	
1700447994.8963358	+6.52,+17.4,+21.4,MA	+6.36,+31.5,+21.3,MA	+6.49,+25.5,+21.5,FA	+6.74,+12.2,+19.8,MA	+2.43,+259.4,+20.6,BB	+7.03,-3.6,+19.8,NB	
1700448240.439805	+6.52,+17.4,+21.4,MA	+6.36,+31.5,+21.3,MA	+6.49,+25.5,+21.5,FA	+6.74,+12.0,+19.8,OA	+2.43,+259.6,+20.6,@B	+7.03,-3.6,+19.8,NB	
1700448302.4487584	+6.52,+17.3,+21.4,JA	+6.36,+31.5,+21.3,MA	+6.49,+25.5,+21.5,FA	+6.74,+12.1,+19.8,NA	+2.42,+259.9,+20.6,NB	+7.03,-3.5,+19.8,MB	
1700448364.4575133	+6.52,+17.3,+21.4,JA	+6.36,+31.5,+21.3,MA	+6.50,+25.4,+21.5,OA	+6.74,+12.0,+19.8,OA	+2.42,+260.0,+20.6,MB	+7.03,-3.5,+19.8,MB	
1700448426.4661014	+6.52,+17.4,+21.4,MA	+6.36,+31.5,+21.4,JA	+6.49,+25.5,+21.5,FA	+6.74,+12.1,+19.8,NA	+2.42,+259.7,+20.6,@B	+7.03,-3.5,+19.8,MB	
1700448488.4765291	+6.52,+17.4,+21.4,MA	+6.36,+31.5,+21.3,MA	+6.49,+25.5,+21.5,FA	+6.75,+11.8,+19.8,EA	+2.42,+259.8,+20.6,OB	+7.03,-3.6,+19.8,NB	
1700448550.4867914	+6.52,+17.4,+21.4,MA	+6.36,+31.5,+21.3,MA	+6.49,+25.5,+21.5,FA	+6.75,+11.6,+19.8,KA	+2.42,+259.8,+20.6,OB	+7.03,-3.6,+19.8,NB	
1700448612.4954007	+6.52,+17.4,+21.4,MA	+6.36,+31.6,+21.4,IA	+6.49,+25.5,+21.5,FA	+6.75,+11.6,+19.8,KA	+2.45,+258.3,+20.6,BB	+7.03,-3.6,+19.8,NB	
1700448674.501919	+6.52,+17.3,+21.4,JA	+6.36,+31.6,+21.3,NA	+6.49,+25.5,+21.4,GA	+6.75,+11.5,+19.8,HA	+2.42,+259.7,+20.6,@B	+7.03,-3.6,+19.8,NB	
1700448736.507951	+6.52,+17.4,+21.4,MA	+6.36,+31.6,+21.3,NA	+6.49,+25.5,+21.4,GA	+6.75,+11.5,+19.8,HA	+2.43,+259.4,+20.6,BB	+7.03,-3.6,+19.8,NB	
1700448798.515766	+6.52,+17.4,+21.4,MA	+6.36,+31.5,+21.3,MA	+6.49,+25.5,+21.5,FA	+6.75,+11.6,+19.8,KA	+2.42,+259.8,+20.6,OB	+7.03,-3.6,+19.8,NB	
1700448860.5239482	+6.52,+17.3,+21.4,JA	+6.36,+31.4,+21.3,LA	+6.49,+25.5,+21.5,FA	+6.75,+11.6,+19.8,KA	+2.42,+259.6,+20.6,AB	+7.03,-3.5,+19.8,MB	
1700448922.5334892	+6.52,+17.4,+21.4,MA	+6.36,+31.4,+21.3,LA	+6.49,+25.5,+21.4,GA	+6.75,+11.7,+19.8,JA	+2.42,+259.8,+20.6,OB	+7.03,-3.6,+19.8,NB	
1700448984.5390542	+6.52,+17.3,+21.4,JA	+6.36,+31.4,+21.3,LA	+6.49,+25.5,+21.5,FA	+6.75,+11.7,+19.8,JA	+2.43,+259.6,+20.6,@B	+7.03,-3.6,+19.8,NB	
1700449046.5472739	+6.52,+17.4,+21.4,MA	+6.36,+31.4,+21.3,LA	+6.49,+25.5,+21.5,FA	+6.74,+11.9,+19.8,EA	+2.42,+259.7,+20.6,@B	+7.02,-3.1,+19.8,HB	
1700449108.5570576	+6.52,+17.3,+21.4,JA	+6.36,+31.5,+21.3,MA	+6.49,+25.5,+21.4,GA	+6.74,+11.9,+19.8,EA	+2.42,+259.9,+20.6,NB	+7.03,-3.6,+19.8,NB	
1700449170.5650325	+6.52,+17.3,+21.4,JA	+6.36,+31.5,+21.3,MA	+6.49,+25.5,+21.5,FA	+6.74,+11.9,+19.8,EA	+2.42,+259.7,+20.6,@B	+7.03,-3.6,+19.8,NB	
1700449232.5753593	+6.52,+17.4,+21.4,MA	+6.36,+31.5,+21.3,MA	+6.49,+25.5,+21.4,GA	+6.74,+12.0,+19.8,OA	+2.42,+260.0,+20.6,MB	+7.03,-3.6,+19.8,NB	
1700449294.5848758	+6.52,+17.4,+21.4,MA	+6.36,+31.5,+21.3,MA	+6.49,+25.5,+21.5,FA	+6.74,+12.1,+19.8,NA	+2.42,+259.9,+20.6,NB	+7.03,-3.6,+19.8,NB	
1700449356.590514	+6.52,+17.4,+21.4,MA	+6.36,+31.4,+21.3,LA	+6.49,+25.5,+21.4,GA	+6.75,+11.8,+19.8,EA	+2.42,+259.9,+20.6,NB	+7.03,-3.6,+19.8,NB	
1700449418.5995219	+6.52,+17.3,+21.4,JA	+6.36,+31.5,+21.3,MA	+6.49,+25.5,+21.4,GA	+6.75,+11.7,+19.8,JA	+2.42,+259.9,+20.6,NB	+7.03,-3.7,+19.8,OB	
1700449480.6095877	+6.52,+17.4,+21.4,MA	+6.36,+31.5,+21.3,MA	+6.49,+25.5,+21.5,FA	+6.75,+11.6,+19.8,KA	+2.43,+259.6,+20.6,@B	+7.03,-3.7,+19.8,OB	
1700449542.6180394	+6.52,+17.3,+21.4,JA	+6.36,+31.5,+21.3,MA	+6.49,+25.6,+21.5,EA	+6.75,+11.7,+19.8,JA	+2.42,+259.8,+20.6,OB	+7.03,-3.6,+19.8,NB	
1700449604.6247373	+6.52,+17.3,+21.4,JA	+6.36,+31.5,+21.3,MA	+6.49,+25.5,+21.5,FA	+6.75,+11.8,+19.8,EA	+2.42,+259.9,+20.6,NB	+7.04,-3.7,+19.8,HB	
1700449666.6331096	+6.52,+17.4,+21.4,MA	+6.36,+31.5,+21.3,MA	+6.49,+25.5,+21.5,FA	+6.75,+11.7,+19.8,JA	+2.48,+256.4,+20.6,FB	+7.03,-3.7,+19.8,OB	
1700449728.6408355	+6.52,+17.4,+21.4,MA	+6.36,+31.5,+21.3,MA	+6.49,+25.5,+21.5,FA	+6.74,+12.1,+19.8,NA	+2.48,+256.2,+20.6,@B	+7.03,-3.7,+19.8,OB	
1700449790.6507404	+6.52,+17.4,+21.4,MA	+6.36,+31.5,+21.3,MA	+6.49,+25.5,+21.5,FA	+6.74,+12.1,+19.8,NA	+2.49,+256.0,+20.6,CB	+7.03,-3.7,+19.8,OB	
1700449852.6588829	+6.52,+17.4,+21.4,MA	+6.36,+31.6,+21.4,IA	+6.49,+25.5,+21.5,FA	+6.74,+11.9,+19.8,EA	+2.49,+255.9,+20.6,IB	+7.04,-3.7,+19.8,HB	
1700449914.6681457	+6.52,+17.3,+21.4,JA	+6.36,+31.5,+21.3,MA	+6.50,+25.5,+21.5,NA	+6.74,+11.9,+19.8,EA	+2.49,+255.6,+20.6,FB	+7.04,-3.7,+19.8,HB	
1700449976.6748111	+6.52,+17.4,+21.4,MA	+6.36,+31.6,+21.3,NA	+6.50,+25.5,+21.4,OA	+6.74,+12.0,+19.8,OA	+2.50,+255.5,+20.6,MB	+7.03,-3.7,+19.8,OB	
1700450038.6821787	+6.52,+17.4,+21.4,MA	+6.36,+31.6,+21.3,NA	+6.49,+25.5,+21.5,FA	+6.74,+11.9,+19.8,EA	+2.50,+255.1,+20.6,IB	+7.04,-3.7,+19.8,HB	
1700450100.6898034	+6.52,+17.4,+21.4,MA	+6.36,+31.6,+21.3,NA	+6.49,+25.5,+21.4,GA	+6.75,+11.8,+19.8,EA	+2.50,+255.4,+20.6,LB	+7.03,-3.7,+19.8,OB	
1700450162.6987484	+6.52,+17.4,+21.4,MA	+6.36,+31.5,+21.3,MA	+6.49,+25.5,+21.5,FA	+6.75,+11.9,+19.8,DA	+2.50,+255.1,+20.6,IB	+7.03,-3.7,+19.8,OB	
1700450224.7082062	+6.52,+17.4,+21.4,MA	+6.36,+31.5,+21.3,MA	+6.49,+25.5,+21.4,GA	+6.74,+12.0,+19.8,OA	+2.51,+255.0,+20.6,IB	+7.04,-3.7,+19.8,HB	
1700450286.718213	+6.52,+17.3,+21.4,JA	+6.36,+31.5,+21.3,MA	+6.49,+25.5,+21.4,GA	+6.74,+12.1,+19.8,NA	+2.50,+255.2,+20.6,JB	+7.03,-3.7,+19.8,OB	
1700450348.727192	+6.52,+17.3,+21.4,JA	+6.36,+31.5,+21.3,MA	+6.50,+25.4,+21.5,OA	+6.74,+12.0,+19.8,OA	+2.50,+255.2,+20.6,JB	+7.04,-3.7,+19.8,HB	
1700450410.7372062	+6.52,+17.3,+21.4,JA	+6.36,+31.5,+21.3,MA	+6.49,+25.5,+21.4,GA	+6.74,+12.1,+19.8,NA	+2.50,+255.1,+20.6,IB	+7.03,-3.6,+19.8,NB	
1700450472.7455213	+6.52,+17.3,+21.4,JA	+6.36,+31.5,+21.3,MA	+6.49,+25.5,+21.5,FA	+6.74,+12.2,+19.8,MA	+2.51,+254.9,+20.6,AB	+7.04,-3.7,+19.8,HB	
1700450534.7531378	+6.52,+17.4,+21.4,MA	+6.36,+31.5,+21.3,MA	+6.49,+25.5,+21.5,FA	+6.74,+12.2,+19.8,MA	+2.51,+255.0,+20.6,IB	+7.04,-3.7,+19.8,HB	
1700450596.7615218	+6.52,+17.3,+21.4,JA	+6.36,+31.5,+21.3,MA	+6.49,+25.5,+21.5,FA	+6.74,+12.3,+19.8,LA	+2.51,+255.0,+20.6,IB	+7.04,-3.7,+19.8,HB	
1700450658.7696197	+6.52,+17.4,+21.4,MA	+6.36,+31.6,+21.3,NA	+6.49,+25.5,+21.5,FA	+6.74,+12.0,+19.8,OA	+2.50,+255.0,+20.6,HB	+7.04,-3.8,+19.8,GB	
1700450720.7796445	+6.52,+17.3,+21.4,JA	+6.36,+31.6,+21.4,IA	+6.50,+25.4,+21.5,OA	+6.74,+12.0,+19.8,OA	+2.50,+255.2,+20.6,JB	+7.04,-3.8,+19.8,GB	
1700450782.7879996	+6.52,+17.4,+21.4,MA	+6.36,+31.6,+21.3,NA	+6.50,+25.5,+21.5,NA	+6.74,+12.0,+19.8,OA	+2.50,+255.1,+20.6,IB	+7.04,-3.8,+19.8,GB	
1700450844.797799	+6.52,+17.4,+21.4,MA	+6.36,+31.6,+21.4,IA	+6.50,+25.4,+21.5,OA	+6.74,+12.1,+19.8,NA	+2.50,+255.3,+20.6,KB	+7.04,-3.8,+19.8,GB	
1700450906.8067095	+6.52,+17.3,+21.4,JA	+6.36,+31.6,+21.3,NA	+6.49,+25.5,+21.5,FA	+6.74,+12.1,+19.8,NA	+2.50,+255.1,+20.6,IB	+7.04,-3.8,+19.8,GB	
1700450968.813629	+6.52,+17.4,+21.4,MA	+6.36,+31.6,+21.3,NA	+6.49,+25.5,+21.5,FA	+6.74,+12.1,+19.8,NA	+2.50,+255.2,+20.6,JB	+7.04,-3.9,+19.8,FB	
1700451030.8228805	+6.52,+17.3,+21.4,JA	+6.36,+31.5,+21.4,JA	+6.50,+25.5,+21.5,NA	+6.75,+11.6,+19.8,KA	+2.51,+254.8,+20.6,@B	+7.04,-3.9,+19.8,FB	
1700451092.832329	+6.52,+17.4,+21.4,MA	+6.36,+31.5,+21.4,JA	+6.49,+25.5,+21.5,FA	+6.75,+11.5,+19.8,HA	+2.50,+255.1,+20.6,IB	+7.04,-3.9,+19.8,FB	
1700451154.8419867	+6.52,+17.4,+21.5,LA	+6.36,+31.5,+21.3,MA	+6.49,+25.5,+21.5,FA	+6.75,+11.6,+19.8,KA	+2.50,+255.1,+20.6,IB	+7.04,-3.9,+19.8,FB	
1700451216.8504877	+6.52,+17.3,+21.4,JA	+6.36,+31.6,+21.4,IA	+6.50,+25.5,+21.5,NA	+6.75,+11.6,+19.8,KA	+2.50,+255.2,+20.7,KB	+7.04,-3.8,+19.8,GB	
1700451278.8567076	+6.52,+17.4,+21.4,MA	+6.36,+31.6,+21.3,NA	+6.49,+25.5,+21.5,FA	+6.75,+11.5,+19.8,HA	+2.51,+254.6,+20.6,NB	+7.04,-3.9,+19.8,FB	
1700451340.8663924	+6.52,+17.4,+21.4,MA	+6.36,+31.5,+21.3,MA	+6.50,+25.4,+21.5,OA	+6.75,+11.6,+19.8,KA	+2.52,+254.2,+20.6,IB	+7.04,-3.8,+19.8,GB	
1700451402.8768394	+6.52,+17.3,+21.4,JA	+6.36,+31.5,+21.4,JA	+6.49,+25.5,+21.5,FA	+6.75,+11.6,+19.8,KA	+2.52,+254.2,+20.6,IB	+7.04,-3.9,+19.8,FB	
1700451464.8865166	+6.52,+17.3,+21.4,JA	+6.36,+31.5,+21.4,JA	+6.49,+25.5,+21.5,FA	+6.76,+11.2,+19.8,LA	+2.51,+254.6,+20.6,NB	+7.04,-3.8,+19.8,GB	
1700451526.8951938	+6.52,+17.3,+21.4,JA	+6.36,+31.5,+21.3,MA	+6.49,+25.5,+21.5,FA	+6.76,+11.0,+19.8,NA	+2.51,+254.6,+20.6,NB	+7.04,-3.9,+19.8,FB	
1700451588.9023697	+6.52,+17.3,+21.4,JA	+6.36,+31.5,+21.3,MA	+6.49,+25.5,+21.5,FA	+6.76,+11.2,+19.8,LA	+2.52,+254.5,+20.6,NB	+7.04,-3.9,+19.8,FB	
1700451650.911195	+6.52,+17.3,+21.4,JA	+6.36,+31.5,+21.4,JA	+6.49,+25.5,+21.5,FA	+6.75,+11.4,+19.8,IA	+2.51,+254.6,+20.6,NB	+7.04,-3.9,+19.8,FB	
1700451712.921467	+6.52,+17.3,+21.4,JA	+6.36,+31.5,+21.4,JA	+6.49,+25.5,+21.5,FA	+6.75,+11.4,+19.8,IA	+2.51,+254.6,+20.6,NB	+7.04,-3.9,+19.8,FB	
1700451774.9304962	+6.52,+17.3,+21.4,JA	+6.36,+31.5,+21.4,JA	+6.49,+25.5,+21.5,FA	+6.75,+11.4,+19.8,IA	+2.51,+254.6,+20.6,NB	+7.04,-3.9,+19.8,FB	
1700451836.9411616	+6.52,+17.3,+21.4,JA	+6.36,+31.5,+21.4,JA	+6.49,+25.5,+21.5,FA	+6.75,+11.4,+19.8,IA	+2.51,+254.7,+20.6,OB	+7.04,-4.0,+19.8,HB	
1700452082.4979596	+6.52,+17.3,+21.4,JA	+6.36,+31.6,+21.4,IA	+6.49,+25.5,+21.5,FA	+6.75,+11.5,+19.8,HA	+2.51,+254.6,+20.6,NB	+7.04,-4.0,+19.8,HB	
1700452144.5077174	+6.52,+17.4,+21.4,MA	+6.36,+31.6,+21.4,IA	+6.49,+25.5,+21.5,FA	+6.76,+11.2,+19.8,LA	+2.51,+255.0,+20.6,IB	+7.04,-4.0,+19.8,HB	
1700452206.516669	+6.52,+17.4,+21.4,MA	+6.36,+31.6,+21.4,IA	+6.49,+25.5,+21.5,FA	+6.75,+11.5,+19.8,HA	+2.51,+255.0,+20.6,IB	+7.04,-4.0,+19.8,HB	
1700452268.5264513	+6.52,+17.4,+21.4,MA	+6.36,+31.6,+21.4,IA	+6.49,+25.5,+21.5,FA	+6.76,+11.0,+19.8,NA	+2.51,+255.0,+20.6,IB	+7.04,-4.0,+19.8,HB	
1700452330.5362406	+6.52,+17.3,+21.5,KA	+6.36,+31.6,+21.4,IA	+6.49,+25.6,+21.5,EA	+6.76,+11.0,+19.8,NA	+2.50,+255.3,+20.6,KB	+7.04,-4.0,+19.8,HB	
1700452392.5441592	+6.52,+17.3,+21.4,JA	+6.36,+31.7,+21.4,HA	+6.49,+25.5,+21.5,FA	+6.76,+11.2,+19.8,LA	+2.50,+255.6,+20.6,NB	+7.04,-4.1,+19.8,IB	
1700452454.5512993	+6.52,+17.3,+21.4,JA	+6.36,+31.6,+21.4,IA	+6.49,+25.5,+21.5,FA	+6.76,+11.3,+19.8,MA	+2.50,+255.6,+20.6,NB	+7.04,-4.0,+19.8,HB	
1700452516.5624435	+6.52,+17.4,+21.5,LA	+6.36,+31.6,+21.4,IA	+6.49,+25.5,+21.5,FA	+6.76,+11.3,+19.8,MA	+2.50,+255.6,+20.6,NB	+7.04,-4.0,+19.8,HB	
1700452578.572751	+6.52,+17.4,+21.4,MA	+6.36,+31.6,+21.4,IA	+6.49,+25.5,+21.5,FA	+6.76,+11.3,+19.9,LA	+2.49,+255.8,+20.6,HB	+7.04,-4.1,+19.8,IB	
1700452640.580655	+6.52,+17.3,+21.4,JA	+6.36,+31.6,+21.4,IA	+6.49,+25.5,+21.5,FA	+6.76,+10.9,+19.9,GA	+2.49,+255.7,+20.6,GB	+7.04,-4.0,+19.8,HB	
1700452702.5885293	+6.52,+17.3,+21.4,JA	+6.36,+31.5,+21.3,MA	+6.49,+25.5,+21.5,FA	+6.77,+10.7,+19.8,IA	+2.49,+256.1,+20.6,BB	+7.04,-4.0,+19.8,HB	
1700452764.5985403	+6.52,+17.3,+21.5,KA	+6.36,+31.6,+21.3,NA	+6.49,+25.5,+21.5,FA	+6.77,+10.7,+19.8,IA	+2.48,+256.2,+20.6,@B	+7.04,-4.1,+19.8,IB	
1700452826.6095583	+6.52,+17.4,+21.5,LA	+6.36,+31.5,+21.4,JA	+6.49,+25.5,+21.5,FA	+6.77,+10.7,+19.8,IA	+2.48,+256.4,+20.6,FB	+7.04,-4.1,+19.8,IB	
1700452888.6171615	+6.52,+17.4,+21.4,MA	+6.36,+31.6,+21.4,IA	+6.49,+25.5,+21.5,FA	+6.77,+10.7,+19.8,IA	+2.50,+255.6,+20.6,NB	+7.04,-4.1,+19.8,IB	
1700452950.627166	+6.52,+17.3,+21.5,KA	+6.36,+31.5,+21.4,JA	+6.49,+25.6,+21.5,EA	+6.77,+10.8,+19.8,FA	+2.49,+256.2,+20.6,AB	+7.04,-4.1,+19.8,IB	
1700453012.6369538	+6.52,+17.3,+21.4,JA	+6.36,+31.6,+21.4,IA	+6.49,+25.5,+21.5,FA	+6.77,+10.6,+19.8,HA	+2.49,+256.1,+20.6,BB	+7.04,-4.1,+19.8,IB	
1700453074.6456287	+6.52,+17.3,+21.4,JA	+6.36,+31.6,+21.3,NA	+6.49,+25.6,+21.5,EA	+6.77,+10.6,+19.8,HA	+2.48,+256.5,+20.6,GB	+7.04,-4.2,+19.8,JB	
1700453136.6537716	+6.52,+17.4,+21.4,MA	+6.36,+31.6,+21.4,IA	+6.50,+25.5,+21.5,NA	+6.77,+10.5,+19.8,KA	+2.48,+256.6,+20.6,DB	+7.04,-4.2,+19.8,JB	
1700453198.661091	+6.52,+17.3,+21.4,JA	+6.36,+31.5,+21.4,JA	+6.49,+25.5,+21.5,FA	+6.77,+10.4,+19.8,JA	+2.48,+256.8,+20.6,JB	+7.04,-4.2,+19.8,JB	
1700453260.6702502	+6.52,+17.4,+21.5,LA	+6.36,+31.5,+21.4,JA	+6.49,+25.5,+21.5,FA	+6.76,+10.9,+19.8,FA	+2.47,+257.1,+20.6,MB	+7.04,-4.2,+19.8,JB	
1700453322.6772094	+6.52,+17.4,+21.5,LA	+6.36,+31.6,+21.4,IA	+6.49,+25.5,+21.5,FA	+6.76,+11.0,+19.8,NA	+2.46,+257.4,+20.6,IB	+7.05,-4.3,+19.8,JB	
1700453384.6878743	+6.52,+17.3,+21.4,JA	+6.36,+31.5,+21.4,JA	+6.49,+25.5,+21.5,FA	+6.76,+11.1,+19.8,OA	+2.46,+257.8,+20.6,EB	+7.05,-4.3,+19.8,JB	
1700453446.6955957	+6.52,+17.4,+21.5,LA	+6.36,+31.6,+21.4,IA	+6.49,+25.5,+21.5,FA	+6.76,+11.3,+19.8,MA	+2.46,+257.6,+20.6,KB	+7.05,-4.3,+19.8,JB	
1700453508.703754	+6.52,+17.3,+21.4,JA	+6.36,+31.6,+21.4,IA	+6.50,+25.5,+21.5,NA	+6.76,+11.3,+19.8,MA	+2.46,+257.8,+20.6,EB	+7.05,-4.3,+19.8,JB	
1700453570.7133093	+6.52,+17.4,+21.5,LA	+6.36,+31.6,+21.4,IA	+6.49,+25.5,+21.5,FA	+6.76,+11.3,+19.8,MA	+2.45,+258.0,+20.6,AB	+7.04,-4.2,+19.8,JB	
1700453632.7231448	+6.52,+17.3,+21.5,KA	+6.36,+31.6,+21.4,IA	+6.49,+25.5,+21.5,FA	+6.76,+11.2,+19.9,MA	+2.46,+257.9,+20.6,DB	+7.05,-4.3,+19.8,JB	
1700453694.7321134	+6.52,+17.4,+21.5,LA	+6.36,+31.6,+21.4,IA	+6.49,+25.5,+21.5,FA	+6.76,+11.2,+19.8,LA	+2.48,+256.5,+20.6,GB	+7.04,-4.2,+19.8,JB	
1700453756.7384806	+6.52,+17.3,+21.5,KA	+6.36,+31.6,+21.4,IA	+6.50,+25.5,+21.5,NA	+6.76,+11.3,+19.9,LA	+2.45,+258.2,+20.6,CB	+7.04,-4.2,+19.8,JB	
1700453818.7474978	+6.52,+17.3,+21.5,KA	+6.36,+31.6,+21.4,IA	+6.49,+25.5,+21.5,FA	+6.76,+11.1,+19.9,NA	+2.46,+257.8,+20.6,EB	+7.04,-4.2,+19.8,JB	
1700453880.7555294	+6.52,+17.3,+21.5,KA	+6.36,+31.5,+21.4,JA	+6.49,+25.5,+21.5,FA	+6.76,+11.3,+19.8,MA	+2.45,+257.9,+20.6,GB	+7.04,-4.3,+19.8,KB	
1700453942.7659729	+6.52,+17.3,+21.5,KA	+6.36,+31.5,+21.4,JA	+6.49,+25.5,+21.5,FA	+6.77,+10.5,+19.8,KA	+2.45,+258.4,+20.6,EB	+7.04,-4.2,+19.8,JB	
1700454004.7756708	+6.52,+17.4,+21.5,LA	+6.36,+31.5,+21.4,JA	+6.49,+25.5,+21.5,FA	+6.77,+10.4,+19.8,JA	+2.44,+258.6,+20.6,FB	+7.04,-4.2,+19.8,JB	
1700454066.7847977	+6.52,+17.3,+21.5,KA	+6.36,+31.5,+21.4,JA	+6.49,+25.5,+21.5,FA	+6.79,+9.4,+19.8,LB	+2.45,+258.4,+20.6,EB	+7.04,-4.2,+19.8,JB	
1700454128.7948668	+6.52,+17.4,+21.4,MA	+6.36,+31.5,+21.4,JA	+6.50,+25.5,+21.5,NA	+6.79,+9.4,+19.8,LB	+2.44,+258.6,+20.6,FB	+7.04,-4.3,+19.8,KB	
1700454190.802228	+6.52,+17.3,+21.4,JA	+6.36,+31.5,+21.4,JA	+6.49,+25.5,+21.5,FA	+6.79,+9.4,+19.8,LB	+2.44,+258.5,+20.6,EB	+7.04,-4.3,+19.8,KB	
1700454252.8122272	+6.52,+17.3,+21.5,KA	+6.36,+31.5,+21.4,JA	+6.49,+25.5,+21.5,FA	+6.79,+9.3,+19.8,KB	+2.44,+258.5,+20.6,EB	+7.04,-4.2,+19.8,JB	
1700454314.8192534	+6.52,+17.4,+21.5,LA	+6.36,+31.6,+21.4,IA	+6.49,+25.5,+21.5,FA	+6.79,+9.2,+19.8,JB	+2.44,+258.6,+20.6,FB	+7.05,-4.3,+19.8,JB	
1700454376.8282611	+6.52,+17.3,+21.5,KA	+6.36,+31.6,+21.4,IA	+6.49,+25.5,+21.5,FA	+6.79,+9.2,+19.9,KB	+2.45,+258.4,+20.6,EB	+7.05,-4.4,+19.8,MB	
1700454438.839493	+6.52,+17.3,+21.5,KA	+6.36,+31.5,+21.4,JA	+6.50,+25.4,+21.5,OA	+6.79,+9.2,+19.8,JB	+2.45,+258.4,+20.6,EB	+7.05,-4.3,+19.8,JB	
1700454500.848299	+6.52,+17.3,+21.5,KA	+6.36,+31.5,+21.4,JA	+6.49,+25.5,+21.5,FA	+6.79,+9.2,+19.8,JB	+2.45,+258.5,+20.6,DB	+7.05,-4.3,+19.8,JB	
1700454562.8576262	+6.52,+17.4,+21.4,MA	+6.36,+31.6,+21.4,IA	+6.49,+25.5,+21.5,FA	+6.79,+9.1,+19.8,IB	+2.45,+258.3,+20.6,BB	+7.05,-4.4,+19.8,MB	
1700454624.8652143	+6.52,+17.4,+21.5,LA	+6.36,+31.6,+21.4,IA	+6.49,+25.5,+21.5,FA	+6.79,+9.3,+19.9,JB	+2.45,+258.1,+20.6,@B	+7.05,-4.3,+19.8,JB	
1700454686.8736439	+6.52,+17.4,+21.5,LA	+6.36,+31.6,+21.4,IA	+6.49,+25.5,+21.5,FA	+6.79,+9.2,+19.9,KB	+2.45,+258.1,+20.6,@B	+7.05,-4.3,+19.8,JB	
1700454748.8814924	+6.52,+17.3,+21.5,KA	+6.36,+31.7,+21.4,HA	+6.49,+25.5,+21.6,EA	+6.79,+9.4,+19.8,LB	+2.45,+258.0,+20.6,AB	+7.05,-4.4,+19.8,MB	
1700454810.8899672	+6.52,+17.4,+21.5,LA	+6.36,+31.6,+21.4,IA	+6.49,+25.5,+21.5,FA	+6.79,+9.5,+19.8,MB	+2.45,+258.2,+20.6,CB	+7.05,-4.4,+19.8,MB	
1700454872.8983996	+6.52,+17.4,+21.5,LA	+6.36,+31.7,+21.4,HA	+6.49,+25.5,+21.5,FA	+6.79,+9.4,+19.8,LB	+2.45,+258.2,+20.6,CB	+7.05,-4.4,+19.8,MB	
1700454934.9074776	+6.52,+17.4,+21.5,LA	+6.36,+31.6,+21.4,IA	+6.49,+25.5,+21.5,FA	+6.79,+9.4,+19.9,MB	+2.45,+258.2,+20.6,CB	+7.05,-4.4,+19.8,MB	
1700454996.9174857	+6.52,+17.4,+21.5,LA	+6.36,+31.7,+21.4,HA	+6.49,+25.5,+21.5,FA	+6.79,+9.5,+19.8,MB	+2.45,+258.3,+20.6,BB	+7.05,-4.3,+19.8,JB	
1700455058.9264092	+6.52,+17.4,+21.4,MA	+6.36,+31.7,+21.4,HA	+6.49,+25.5,+21.5,FA	+6.79,+9.5,+19.9,LB	+2.45,+258.3,+20.6,BB	+7.05,-4.3,+19.8,JB	
1700455120.935519	+6.52,+17.3,+21.5,KA	+6.36,+31.6,+21.4,IA	+6.49,+25.5,+21.5,FA	+6.79,+9.4,+19.9,MB	+2.46,+257.4,+20.6,IB	+7.05,-4.3,+19.8,JB	
1700455182.9414215	+6.52,+17.3,+21.4,JA	+6.36,+31.6,+21.4,IA	+6.49,+25.5,+21.5,FA	+6.79,+9.4,+19.8,LB	+2.46,+257.6,+20.6,KB	+7.05,-4.3,+19.8,JB	
1700455244.9520867	+6.52,+17.3,+21.4,JA	+6.36,+31.6,+21.4,IA	+6.49,+25.5,+21.5,FA	+6.79,+9.5,+19.9,LB	+2.48,+256.7,+20.6,EB	+7.05,-4.3,+19.8,JB	
1700455306.9603918	+6.52,+17.4,+21.5,LA	+6.36,+31.6,+21.4,IA	+6.49,+25.5,+21.5,FA	+6.79,+9.3,+19.8,KB	+2.45,+258.0,+20.6,AB	+7.05,-4.4,+19.8,MB	
1700455368.9666827	+6.52,+17.3,+21.5,KA	+6.36,+31.6,+21.4,IA	+6.49,+25.5,+21.5,FA	+6.79,+9.3,+19.8,KB	+2.45,+258.2,+20.6,CB	+7.05,-4.4,+19.8,MB	
1700455430.974653	+6.52,+17.3,+21.4,JA	+6.36,+31.6,+21.4,IA	+6.49,+25.5,+21.5,FA	+6.79,+9.3,+19.9,JB	+2.45,+258.2,+20.6,CB	+7.05,-4.4,+19.8,MB	
1700455492.9809475	+6.52,+17.3,+21.4,JA	+6.36,+31.5,+21.4,JA	+6.49,+25.5,+21.5,FA	+6.79,+9.3,+19.8,KB	+2.46,+257.9,+20.6,DB	+7.05,-4.4,+19.8,MB	
1700455554.9915326	+6.52,+17.3,+21.4,JA	+6.36,+31.6,+21.4,IA	+6.49,+25.5,+21.5,FA	+6.79,+9.2,+19.8,JB	+2.45,+258.1,+20.6,@B	+7.05,-4.4,+19.8,MB	
1700455617.0009913	+6.52,+17.3,+21.4,JA	+6.36,+31.6,+21.4,IA	+6.50,+25.5,+21.5,NA	+6.79,+9.2,+19.8,JB	+2.45,+258.2,+20.6,CB	+7.05,-4.4,+19.8,MB	
1700455679.0103152	+6.52,+17.3,+21.5,KA	+6.36,+31.6,+21.4,IA	+6.49,+25.5,+21.5,FA	+6.79,+9.5,+19.8,MB	+2.46,+257.9,+20.6,DB	+7.05,-4.4,+19.8,MB	
1700455924.643475	+6.52,+17.3,+21.5,KA	+6.36,+31.6,+21.4,IA	+6.49,+25.5,+21.5,FA	+6.79,+9.5,+19.9,LB	+2.46,+257.8,+20.6,EB	+7.05,-4.5,+19.8,LB	
1700455986.6506727	+6.52,+17.3,+21.5,KA	+6.36,+31.6,+21.4,IA	+6.49,+25.6,+21.5,EA	+6.79,+9.5,+19.8,MB	+2.45,+258.1,+20.6,@B	+7.05,-4.4,+19.8,MB	
1700456048.6597202	+6.52,+17.3,+21.4,JA	+6.36,+31.6,+21.4,IA	+6.49,+25.5,+21.5,FA	+6.79,+9.5,+19.9,LB	+2.46,+257.9,+20.6,DB	+7.05,-4.4,+19.8,MB	
1700456110.6688998	+6.52,+17.3,+21.5,KA	+6.36,+31.6,+21.4,IA	+6.49,+25.5,+21.5,FA	+6.79,+9.4,+19.9,MB	+2.46,+257.8,+20.6,EB	+7.05,-4.5,+19.8,LB	
1700456172.6780052	+6.52,+17.4,+21.5,LA	+6.36,+31.6,+21.4,IA	+6.49,+25.5,+21.5,FA	+6.79,+9.4,+19.8,LB	+2.45,+258.2,+20.6,CB	+7.05,-4.5,+19.8,LB	
1700456234.686061	+6.52,+17.4,+21.5,LA	+6.36,+31.6,+21.4,IA	+6.49,+25.5,+21.5,FA	+6.79,+9.5,+19.8,MB	+2.48,+256.3,+20.6,AB	+7.05,-4.4,+19.8,MB	
1700456296.6946177	+6.52,+17.3,+21.5,KA	+6.36,+31.6,+21.4,IA	+6.49,+25.5,+21.5,FA	+6.79,+9.4,+19.8,LB	+2.46,+257.5,+20.6,HB	+7.05,-4.4,+19.8,MB	
1700456358.705277	+6.52,+17.3,+21.5,KA	+6.36,+31.6,+21.4,IA	+6.49,+25.5,+21.5,FA	+6.79,+9.4,+19.8,LB	+2.46,+257.6,+20.6,KB	+7.05,-4.5,+19.8,LB	
1700456420.7116427	+6.52,+17.3,+21.5,KA	+6.36,+31.6,+21.4,IA	+6.50,+25.4,+21.5,OA	+6.79,+9.3,+19.9,JB	+2.46,+257.7,+20.6,JB	+7.05,-4.5,+19.8,LB	
1700456482.7189012	+6.52,+17.3,+21.4,JA	+6.36,+31.7,+21.4,HA	+6.49,+25.5,+21.5,FA	+6.79,+9.2,+19.8,JB	+2.46,+257.8,+20.6,EB	+7.05,-4.5,+19.8,LB	
1700456544.7289846	+6.52,+17.3,+21.5,KA	+6.36,+31.7,+21.4,HA	+6.49,+25.5,+21.5,FA	+6.79,+9.3,+19.9,JB	+2.46,+257.9,+20.6,DB	+7.05,-4.5,+19.8,LB	
1700456606.738234	+6.52,+17.3,+21.4,JA	+6.36,+31.7,+21.4,HA	+6.49,+25.5,+21.5,FA	+6.79,+9.3,+19.8,KB	+2.46,+257.9,+20.6,DB	+7.05,-4.4,+19.8,MB	
1700456668.7485538	+6.52,+17.3,+21.5,KA	+6.36,+31.7,+21.4,HA	+6.49,+25.5,+21.5,FA	+6.79,+9.3,+19.9,JB	+2.46,+257.8,+20.6,EB	+7.05,-4.4,+19.8,MB	
1700456730.7578945	+6.52,+17.3,+21.4,JA	+6.36,+31.7,+21.3,OA	+6.49,+25.5,+21.5,FA	+6.79,+9.4,+19.9,MB	+2.46,+257.6,+20.6,KB	+7.04,-4.1,+19.8,IB	
1700456792.7671103	+6.52,+17.4,+21.4,MA	+6.36,+31.6,+21.3,NA	+6.49,+25.5,+21.5,FA	+6.79,+9.3,+19.9,JB	+2.46,+257.6,+20.6,KB	+7.05,-4.4,+19.8,MB	
1700456854.773901	+6.52,+17.3,+21.4,JA	+6.36,+31.6,+21.4,IA	+6.49,+25.5,+21.5,FA	+6.79,+9.3,+19.9,JB	+2.47,+257.4,+20.6,HB	+7.05,-4.4,+19.8,MB	
1700456916.7829638	+6.52,+17.3,+21.4,JA	+6.36,+31.6,+21.4,IA	+6.49,+25.5,+21.5,FA	+6.79,+9.3,+19.8,KB	+2.46,+257.4,+20.6,IB	+7.05,-4.4,+19.8,MB	
1700456978.7921486	+6.52,+17.3,+21.4,JA	+6.36,+31.6,+21.3,NA	+6.49,+25.5,+21.5,FA	+6.79,+9.3,+19.9,JB	+2.49,+256.0,+20.6,CB	+7.05,-4.4,+19.8,MB	
1700457040.8023775	+6.52,+17.3,+21.5,KA	+6.36,+31.6,+21.3,NA	+6.49,+25.6,+21.5,EA	+6.79,+9.3,+19.9,JB	+2.46,+257.4,+20.6,IB	+7.05,-4.5,+19.8,LB	
1700457102.8122368	+6.52,+17.4,+21.4,MA	+6.36,+31.7,+21.4,HA	+6.49,+25.5,+21.5,FA	+6.79,+9.3,+19.8,KB	+2.47,+257.1,+20.6,MB	+7.05,-4.5,+19.8,LB	
1700457164.8220692	+6.52,+17.3,+21.4,JA	+6.36,+31.6,+21.3,NA	+6.49,+25.5,+21.5,FA	+6.79,+9.3,+19.9,JB	+2.47,+257.1,+20.6,MB	+7.05,-4.5,+19.8,LB	
1700457226.8295038	+6.52,+17.3,+21.4,JA	+6.36,+31.6,+21.4,IA	+6.49,+25.5,+21.5,FA	+6.79,+9.3,+19.9,JB	+2.48,+256.7,+20.6,EB	+7.05,-4.5,+19.8,LB	
1700457288.834935	+6.52,+17.3,+21.4,JA	+6.36,+31.7,+21.4,HA	+6.49,+25.5,+21.5,FA	+6.79,+9.2,+19.9,KB	+2.48,+256.8,+20.6,JB	+7.05,-4.5,+19.8,LB	
1700457350.8432972	+6.52,+17.3,+21.4,JA	+6.36,+31.6,+21.4,IA	+6.49,+25.5,+21.5,FA	+6.79,+9.3,+19.8,KB	+2.47,+256.8,+20.6,EB	+7.05,-4.5,+19.8,LB	
1700457412.8495038	+6.52,+17.3,+21.5,KA	+6.36,+31.6,+21.4,IA	+6.49,+25.5,+21.5,FA	+6.79,+9.1,+19.8,IB	+2.47,+256.9,+20.6,DB	+7.05,-4.5,+19.8,LB	
1700457474.857108	+6.52,+17.4,+21.5,LA	+6.36,+31.7,+21.4,HA	+6.49,+25.5,+21.5,FA	+6.80,+8.9,+19.8,FB	+2.47,+257.0,+20.6,LB	+7.05,-4.6,+19.8,OB	
1700457536.8661602	+6.52,+17.3,+21.5,KA	+6.36,+31.6,+21.4,IA	+6.49,+25.6,+21.5,EA	+6.79,+9.1,+19.8,IB	+2.47,+257.2,+20.6,NB	+7.05,-4.6,+19.8,OB	
1700457598.8784788	+6.52,+17.4,+21.4,MA	+6.36,+31.7,+21.4,HA	+6.49,+25.5,+21.5,FA	+6.79,+9.2,+19.9,KB	+2.47,+257.3,+20.6,OB	+7.05,-4.6,+19.8,OB	
1700457660.8889804	+6.52,+17.4,+21.5,LA	+6.36,+31.6,+21.4,IA	+6.49,+25.5,+21.5,FA	+6.79,+9.1,+19.8,IB	+2.46,+257.5,+20.6,HB	+7.05,-4.7,+19.8,NB	
1700457722.8986893	+6.52,+17.3,+21.4,JA	+6.36,+31.7,+21.4,HA	+6.49,+25.5,+21.5,FA	+6.79,+9.1,+19.9,HB	+2.46,+257.8,+20.6,EB	+7.05,-4.5,+19.8,LB	
1700457784.9055543	+6.52,+17.3,+21.5,KA	+6.36,+31.6,+21.4,IA	+6.49,+25.5,+21.5,FA	+6.79,+9.2,+19.9,KB	+2.46,+257.7,+20.6,JB	+7.05,-4.6,+19.8,OB	
1700457846.913228	+6.52,+17.4,+21.5,LA	+6.36,+31.7,+21.4,HA	+6.49,+25.5,+21.5,FA	+6.79,+9.1,+19.9,HB	+2.46,+257.6,+20.6,KB	+7.05,-4.6,+19.8,OB	
1700457908.9224625	+6.52,+17.3,+21.4,JA	+6.36,+31.7,+21.4,HA	+6.49,+25.5,+21.5,FA	+6.79,+9.2,+19.8,JB	+2.46,+257.8,+20.6,EB	+7.05,-4.5,+19.8,LB	
1700457970.932033	+6.52,+17.4,+21.5,LA	+6.36,+31.7,+21.4,HA	+6.50,+25.5,+21.5,NA	+6.79,+9.2,+19.9,KB	+2.46,+257.9,+20.6,DB	+7.05,-4.6,+19.8,OB	
1700458032.9409757	+6.52,+17.3,+21.5,KA	+6.36,+31.6,+21.4,IA	+6.49,+25.5,+21.5,FA	+6.79,+9.1,+19.8,IB	+2.45,+258.1,+20.6,@B	+7.05,-4.5,+19.8,LB	
1700458094.950413	+6.52,+17.4,+21.4,MA	+6.36,+31.7,+21.4,HA	+6.49,+25.5,+21.5,FA	+6.79,+9.3,+19.9,JB	+2.45,+258.0,+20.6,AB	+7.05,-4.6,+19.8,OB	
