62309060476	62309060477	62309060478	62309060479	62309060481	62309060482	
1701149422.7340045	+6.59,+13.4,+21.7,AA	+6.24,+38.4,+21.7,BA	+6.55,+22.1,+21.7,JA	+6.90,+3.2,+20.2,GB	+2.28,+268.5,+20.9,CB	+6.89,+4.6,+20.2,LB	
1701149484.7429101	+6.59,+13.5,+21.7,@A	+6.24,+38.3,+21.7,EA	+6.55,+22.1,+21.7,JA	+6.90,+3.3,+20.2,FB	+2.27,+268.7,+21.0,FB	+6.89,+4.6,+20.2,LB	
1701149546.7517395	+6.59,+13.5,+21.7,@A	+6.24,+38.4,+21.7,BA	+6.55,+22.1,+21.7,JA	+6.90,+3.3,+20.2,FB	+2.29,+267.6,+20.9,NB	+6.89,+4.6,+20.2,LB	
1701149608.7590873	+6.59,+13.5,+21.7,@A	+6.24,+38.3,+21.7,EA	+6.55,+22.0,+21.6,JA	+6.90,+3.3,+20.2,FB	+2.27,+268.6,+20.9,OB	+6.89,+4.6,+20.2,LB	
1701149670.7672455	+6.59,+13.4,+21.7,AA	+6.24,+38.3,+21.7,EA	+6.55,+22.1,+21.7,JA	+6.90,+3.2,+20.2,GB	+2.27,+268.7,+21.0,FB	+6.89,+4.6,+20.2,LB	
1701149732.77485	+6.59,+13.4,+21.7,AA	+6.24,+38.4,+21.7,BA	+6.55,+22.0,+21.7,KA	+6.90,+3.2,+20.2,GB	+2.27,+268.6,+20.9,OB	+6.89,+4.7,+20.1,NB	
1701149794.7798953	+6.59,+13.4,+21.7,AA	+6.24,+38.4,+21.7,BA	+6.56,+22.0,+21.7,HA	+6.90,+3.2,+20.2,GB	+2.28,+268.6,+20.9,@B	+6.89,+4.6,+20.2,LB	
1701149856.7866755	+6.59,+13.5,+21.7,@A	+6.24,+38.3,+21.7,EA	+6.55,+22.1,+21.7,JA	+6.90,+3.2,+20.2,GB	+2.27,+268.8,+20.9,AB	+6.89,+4.7,+20.2,MB	
1701149918.796395	+6.59,+13.5,+21.7,@A	+6.24,+38.4,+21.7,BA	+6.55,+22.0,+21.7,KA	+6.90,+3.3,+20.2,FB	+2.28,+268.5,+20.9,CB	+6.89,+4.5,+20.2,OB	
1701149980.8043149	+6.59,+13.4,+21.7,AA	+6.24,+38.3,+21.7,EA	+6.56,+22.0,+21.6,IA	+6.90,+3.3,+20.2,FB	+2.27,+268.8,+21.0,IB	+6.89,+4.6,+20.1,OB	
1701150042.8137212	+6.59,+13.4,+21.7,AA	+6.24,+38.3,+21.7,EA	+6.55,+22.0,+21.7,KA	+6.90,+3.3,+20.2,FB	+2.27,+268.8,+20.9,AB	+6.89,+4.6,+20.1,OB	
1701150104.8215597	+6.59,+13.4,+21.7,AA	+6.24,+38.4,+21.7,BA	+6.56,+22.0,+21.7,HA	+6.90,+3.2,+20.2,GB	+2.27,+268.8,+20.9,AB	+6.89,+4.7,+20.1,NB	
1701150166.8289814	+6.59,+13.4,+21.7,AA	+6.24,+38.3,+21.7,EA	+6.56,+21.9,+21.6,CA	+6.90,+3.3,+20.2,FB	+2.27,+268.9,+20.9,@B	+6.89,+4.6,+20.1,OB	
1701150228.838919	+6.59,+13.4,+21.7,AA	+6.24,+38.4,+21.7,BA	+6.56,+21.9,+21.7,BA	+6.90,+3.2,+20.2,GB	+2.27,+268.8,+20.9,AB	+6.89,+4.5,+20.2,OB	
1701150290.848761	+6.59,+13.4,+21.7,AA	+6.24,+38.4,+21.7,BA	+6.56,+21.9,+21.6,CA	+6.90,+3.2,+20.2,GB	+2.27,+268.9,+20.9,@B	+6.89,+4.7,+20.2,MB	
1701150352.8578568	+6.59,+13.5,+21.7,@A	+6.24,+38.4,+21.7,BA	+6.56,+21.9,+21.7,BA	+6.90,+3.2,+20.2,GB	+2.27,+268.8,+20.9,AB	+6.89,+4.5,+20.2,OB	
1701150414.866866	+6.59,+13.4,+21.7,AA	+6.24,+38.4,+21.7,BA	+6.56,+21.9,+21.6,CA	+6.90,+3.2,+20.2,GB	+2.27,+268.8,+20.9,AB	+6.89,+4.5,+20.2,OB	
1701150476.8750534	+6.59,+13.4,+21.7,AA	+6.24,+38.5,+21.7,CA	+6.56,+21.9,+21.7,BA	+6.90,+3.3,+20.2,FB	+2.27,+268.8,+20.9,AB	+6.89,+4.6,+20.1,OB	
1701150538.8816383	+6.59,+13.4,+21.7,AA	+6.24,+38.4,+21.7,BA	+6.56,+21.8,+21.7,CA	+6.90,+3.3,+20.2,FB	+2.27,+268.9,+20.9,@B	+6.89,+4.6,+20.2,LB	
1701150600.8926508	+6.59,+13.4,+21.7,AA	+6.24,+38.4,+21.7,BA	+6.56,+21.9,+21.6,CA	+6.90,+3.2,+20.2,GB	+2.27,+268.8,+20.9,AB	+6.89,+4.5,+20.1,LB	
1701150662.9024453	+6.59,+13.5,+21.7,@A	+6.24,+38.4,+21.7,BA	+6.56,+21.9,+21.7,BA	+6.90,+3.2,+20.2,GB	+2.27,+268.9,+20.9,@B	+6.89,+4.6,+20.1,OB	
1701150724.9119217	+6.59,+13.4,+21.7,AA	+6.24,+38.4,+21.7,BA	+6.56,+21.9,+21.7,BA	+6.90,+3.2,+20.2,GB	+2.28,+268.5,+20.9,CB	+6.89,+4.6,+20.1,OB	
1701150786.92241	+6.59,+13.4,+21.7,AA	+6.24,+38.4,+21.7,BA	+6.56,+21.8,+21.6,BA	+6.90,+3.3,+20.2,FB	+2.27,+268.8,+20.9,AB	+6.89,+4.6,+20.1,OB	
1701150848.9329472	+6.59,+13.5,+21.7,@A	+6.24,+38.5,+21.7,CA	+6.56,+21.9,+21.6,CA	+6.90,+3.2,+20.2,GB	+2.27,+269.1,+20.9,IB	+6.89,+4.5,+20.1,LB	
1701150910.9433944	+6.59,+13.4,+21.7,AA	+6.24,+38.4,+21.7,BA	+6.56,+21.8,+21.6,BA	+6.90,+3.2,+20.2,GB	+2.27,+268.7,+20.9,NB	+6.89,+4.6,+20.1,OB	
1701150972.952708	+6.59,+13.5,+21.7,@A	+6.24,+38.4,+21.7,BA	+6.56,+21.8,+21.7,CA	+6.90,+3.2,+20.2,GB	+2.27,+268.7,+21.0,FB	+6.89,+4.6,+20.1,OB	
1701151034.9619257	+6.59,+13.5,+21.7,@A	+6.24,+38.4,+21.7,BA	+6.56,+21.8,+21.6,BA	+6.90,+3.3,+20.2,FB	+2.29,+267.9,+20.9,AB	+6.89,+4.5,+20.1,LB	
1701151096.970919	+6.59,+13.4,+21.7,AA	+6.24,+38.4,+21.7,BA	+6.56,+21.8,+21.6,BA	+6.90,+3.3,+20.2,FB	+2.27,+268.7,+20.9,NB	+6.89,+4.5,+20.1,LB	
1701151342.561862	+6.59,+13.5,+21.7,@A	+6.24,+38.5,+21.7,CA	+6.56,+21.7,+21.6,MA	+6.90,+3.3,+20.2,FB	+2.28,+268.3,+20.9,EB	+6.89,+4.5,+20.2,OB	
1701151404.5727375	+6.59,+13.5,+21.7,@A	+6.24,+38.4,+21.7,BA	+6.56,+21.8,+21.6,BA	+6.90,+3.2,+20.2,GB	+2.27,+268.7,+20.9,NB	+6.89,+4.6,+20.1,OB	
1701151466.580788	+6.59,+13.4,+21.7,AA	+6.24,+38.4,+21.7,BA	+6.56,+21.7,+21.6,MA	+6.90,+3.2,+20.2,GB	+2.27,+268.8,+20.9,AB	+6.89,+4.6,+20.1,OB	
1701151528.5899928	+6.59,+13.5,+21.7,@A	+6.24,+38.5,+21.7,CA	+6.56,+21.7,+21.6,MA	+6.90,+3.2,+20.2,GB	+2.29,+267.8,+20.9,@B	+6.89,+4.4,+20.1,MB	
1701151590.598881	+6.59,+13.5,+21.7,@A	+6.24,+38.6,+21.7,@A	+6.56,+21.7,+21.6,MA	+6.90,+3.2,+20.2,GB	+2.27,+268.7,+20.9,NB	+6.89,+4.6,+20.1,OB	
1701151652.605697	+6.59,+13.5,+21.7,@A	+6.24,+38.5,+21.7,CA	+6.56,+21.7,+21.6,MA	+6.90,+3.2,+20.2,GB	+2.27,+268.9,+20.9,@B	+6.89,+4.6,+20.1,OB	
1701151714.6142333	+6.59,+13.5,+21.7,@A	+6.24,+38.5,+21.7,CA	+6.56,+21.7,+21.6,MA	+6.90,+3.2,+20.2,GB	+2.27,+268.9,+20.9,@B	+6.89,+4.6,+20.1,OB	
1701151776.6216729	+6.59,+13.4,+21.7,AA	+6.24,+38.5,+21.7,CA	+6.56,+21.7,+21.6,MA	+6.90,+3.2,+20.2,GB	+2.27,+268.9,+20.9,@B	+6.89,+4.6,+20.1,OB	
1701151838.6304836	+6.59,+13.4,+21.7,AA	+6.24,+38.5,+21.7,CA	+6.56,+21.6,+21.6,LA	+6.90,+3.2,+20.2,GB	+2.28,+268.0,+20.9,FB	+6.89,+4.6,+20.1,OB	
1701151900.6389282	+6.59,+13.4,+21.7,AA	+6.24,+38.5,+21.7,CA	+6.56,+21.6,+21.6,LA	+6.90,+3.2,+20.2,GB	+2.27,+268.9,+20.9,@B	+6.89,+4.6,+20.1,OB	
1701151962.647028	+6.59,+13.5,+21.7,@A	+6.24,+38.5,+21.7,CA	+6.56,+21.6,+21.6,LA	+6.90,+3.2,+20.2,GB	+2.27,+269.0,+20.9,HB	+6.89,+4.5,+20.1,LB	
1701152024.656941	+6.59,+13.5,+21.7,@A	+6.24,+38.5,+21.7,CA	+6.56,+21.7,+21.6,MA	+6.90,+3.2,+20.2,GB	+2.27,+268.9,+20.9,@B	+6.89,+4.6,+20.1,OB	
1701152086.6654909	+6.59,+13.4,+21.7,AA	+6.24,+38.5,+21.7,CA	+6.56,+21.6,+21.6,LA	+6.90,+3.2,+20.2,GB	+2.27,+268.8,+20.9,AB	+6.89,+4.5,+20.1,LB	
1701152148.67367	+6.59,+13.5,+21.7,@A	+6.24,+38.5,+21.7,CA	+6.56,+21.6,+21.6,LA	+6.90,+3.2,+20.2,GB	+2.28,+268.1,+20.9,GB	+6.89,+4.6,+20.1,OB	
1701152210.6811006	+6.59,+13.4,+21.7,AA	+6.24,+38.5,+21.7,CA	+6.56,+21.6,+21.6,LA	+6.90,+3.2,+20.1,DB	+2.27,+268.8,+20.9,AB	+6.89,+4.5,+20.1,LB	
1701152272.6909924	+6.59,+13.4,+21.7,AA	+6.24,+38.6,+21.7,@A	+6.56,+21.6,+21.6,LA	+6.90,+3.2,+20.2,GB	+2.27,+269.0,+20.9,HB	+6.89,+4.5,+20.1,LB	
1701152334.6993103	+6.59,+13.5,+21.7,@A	+6.24,+38.5,+21.7,CA	+6.56,+21.6,+21.6,LA	+6.90,+3.3,+20.1,EB	+2.27,+269.0,+20.9,HB	+6.89,+4.5,+20.1,LB	
1701152396.7073905	+6.59,+13.4,+21.7,AA	+6.24,+38.5,+21.7,CA	+6.56,+21.5,+21.6,OA	+6.90,+3.2,+20.2,GB	+2.26,+269.3,+21.0,BB	+6.89,+4.5,+20.1,LB	
1701152458.71505	+6.59,+13.5,+21.7,@A	+6.24,+38.5,+21.7,CA	+6.56,+21.6,+21.6,LA	+6.90,+3.2,+20.2,GB	+2.26,+269.2,+20.9,KB	+6.89,+4.6,+20.1,OB	
1701152520.722661	+6.59,+13.4,+21.7,AA	+6.24,+38.6,+21.7,@A	+6.56,+21.5,+21.6,OA	+6.90,+3.2,+20.1,DB	+2.27,+269.0,+20.9,HB	+6.89,+4.5,+20.1,LB	
1701152582.7316089	+6.59,+13.4,+21.7,AA	+6.24,+38.5,+21.7,CA	+6.56,+21.5,+21.6,OA	+6.90,+3.2,+20.2,GB	+2.27,+269.0,+20.9,HB	+6.89,+4.6,+20.1,OB	
1701152644.741851	+6.59,+13.5,+21.7,@A	+6.24,+38.5,+21.7,CA	+6.56,+21.5,+21.6,OA	+6.90,+3.1,+20.2,DB	+2.27,+268.9,+20.9,@B	+6.89,+4.5,+20.1,LB	
1701152706.7509158	+6.59,+13.4,+21.7,AA	+6.24,+38.5,+21.7,CA	+6.56,+21.5,+21.6,OA	+6.90,+3.2,+20.2,GB	+2.26,+269.2,+20.9,KB	+6.89,+4.5,+20.1,LB	
1701152768.7611718	+6.59,+13.4,+21.7,AA	+6.24,+38.5,+21.7,CA	+6.56,+21.5,+21.6,OA	+6.90,+3.2,+20.1,DB	+2.26,+269.2,+20.9,KB	+6.89,+4.5,+20.1,LB	
1701152830.7678561	+6.59,+13.5,+21.7,@A	+6.24,+38.6,+21.7,@A	+6.56,+21.5,+21.6,OA	+6.90,+3.2,+20.1,DB	+2.26,+269.3,+20.9,JB	+6.89,+4.5,+20.1,LB	
1701152892.777448	+6.59,+13.4,+21.7,AA	+6.24,+38.5,+21.7,CA	+6.56,+21.6,+21.6,LA	+6.90,+3.2,+20.1,DB	+2.26,+269.4,+20.9,MB	+6.89,+4.5,+20.1,LB	
1701152954.7847142	+6.59,+13.4,+21.7,AA	+6.24,+38.5,+21.7,CA	+6.56,+21.5,+21.6,OA	+6.90,+3.2,+20.1,DB	+2.26,+269.3,+20.9,JB	+6.89,+4.5,+20.1,LB	
1701153016.7935858	+6.59,+13.4,+21.7,AA	+6.24,+38.5,+21.7,CA	+6.57,+21.4,+21.6,OA	+6.90,+3.2,+20.2,GB	+2.26,+269.5,+20.9,LB	+6.89,+4.4,+20.1,MB	
1701153078.8047082	+6.59,+13.5,+21.7,@A	+6.24,+38.6,+21.7,@A	+6.56,+21.5,+21.6,OA	+6.90,+3.2,+20.1,DB	+2.26,+269.5,+20.9,LB	+6.89,+4.5,+20.1,LB	
1701153140.814636	+6.59,+13.5,+21.7,@A	+6.24,+38.5,+21.7,CA	+6.57,+21.4,+21.6,OA	+6.90,+3.2,+20.1,DB	+2.26,+269.5,+20.9,LB	+6.89,+4.5,+20.1,LB	
1701153202.8234982	+6.59,+13.4,+21.7,AA	+6.24,+38.6,+21.7,@A	+6.56,+21.5,+21.6,OA	+6.90,+3.2,+20.1,DB	+2.26,+269.5,+20.9,LB	+6.89,+4.5,+20.1,LB	
1701153264.8315458	+6.59,+13.5,+21.7,@A	+6.24,+38.6,+21.7,@A	+6.57,+21.4,+21.6,OA	+6.90,+3.2,+20.1,DB	+2.26,+269.4,+20.9,MB	+6.89,+4.4,+20.1,MB	
1701153326.8393197	+6.59,+13.5,+21.7,@A	+6.24,+38.6,+21.7,@A	+6.57,+21.4,+21.6,OA	+6.90,+3.1,+20.1,GB	+2.26,+269.4,+20.9,MB	+6.89,+4.4,+20.1,MB	
1701153388.8483262	+6.59,+13.4,+21.6,@A	+6.24,+38.6,+21.7,@A	+6.57,+21.4,+21.6,OA	+6.90,+3.1,+20.1,GB	+2.26,+269.1,+20.9,HB	+6.89,+4.5,+20.1,LB	
1701153450.8574197	+6.59,+13.4,+21.6,@A	+6.24,+38.5,+21.7,CA	+6.57,+21.4,+21.6,OA	+6.90,+3.2,+20.1,DB	+2.27,+269.1,+20.9,IB	+6.89,+4.6,+20.1,OB	
1701153512.8651788	+6.59,+13.5,+21.7,@A	+6.24,+38.7,+21.7,AA	+6.57,+21.4,+21.6,OA	+6.90,+3.2,+20.1,DB	+2.26,+269.1,+20.9,HB	+6.89,+4.5,+20.1,LB	
1701153574.874815	+6.59,+13.5,+21.7,@A	+6.24,+38.7,+21.7,AA	+6.57,+21.3,+21.6,HA	+6.90,+3.2,+20.1,DB	+2.27,+269.1,+20.9,IB	+6.89,+4.5,+20.1,LB	
1701153636.884453	+6.59,+13.5,+21.6,AA	+6.24,+38.6,+21.7,@A	+6.57,+21.4,+21.6,OA	+6.90,+3.2,+20.1,DB	+2.26,+269.2,+20.9,KB	+6.89,+4.5,+20.1,LB	
1701153698.8944678	+6.59,+13.4,+21.7,AA	+6.24,+38.6,+21.7,@A	+6.57,+21.3,+21.6,HA	+6.90,+3.2,+20.1,DB	+2.28,+268.4,+20.9,BB	+6.89,+4.4,+20.1,MB	
1701153760.902549	+6.59,+13.4,+21.6,@A	+6.24,+38.6,+21.7,@A	+6.57,+21.3,+21.6,HA	+6.90,+3.2,+20.1,DB	+2.26,+269.3,+20.9,JB	+6.89,+4.5,+20.1,LB	
1701153822.9104774	+6.59,+13.5,+21.7,@A	+6.24,+38.6,+21.7,@A	+6.57,+21.4,+21.6,OA	+6.90,+3.2,+20.1,DB	+2.26,+269.5,+20.9,LB	+6.89,+4.6,+20.1,OB	
1701153884.9199119	+6.59,+13.5,+21.6,AA	+6.24,+38.6,+21.7,@A	+6.57,+21.3,+21.6,HA	+6.90,+3.2,+20.1,DB	+2.26,+269.2,+20.9,KB	+6.89,+4.5,+20.1,LB	
1701153946.929895	+6.59,+13.5,+21.7,@A	+6.24,+38.6,+21.7,@A	+6.57,+21.4,+21.6,OA	+6.90,+3.2,+20.1,DB	+2.26,+269.3,+20.9,JB	+6.89,+4.5,+20.1,LB	
1701154008.9372828	+6.59,+13.5,+21.6,AA	+6.24,+38.6,+21.7,@A	+6.57,+21.4,+21.6,OA	+6.90,+3.2,+20.1,DB	+2.28,+268.3,+20.9,EB	+6.89,+4.5,+20.1,LB	
1701154070.9464314	+6.59,+13.5,+21.7,@A	+6.24,+38.6,+21.7,@A	+6.57,+21.3,+21.6,HA	+6.90,+3.2,+20.1,DB	+2.26,+269.4,+20.9,MB	+6.89,+4.5,+20.1,LB	
1701154132.953136	+6.59,+13.5,+21.6,AA	+6.24,+38.7,+21.7,AA	+6.57,+21.3,+21.6,HA	+6.90,+3.2,+20.1,DB	+2.25,+269.7,+20.9,MB	+6.89,+4.4,+20.1,MB	
1701154194.961685	+6.59,+13.5,+21.6,AA	+6.24,+38.7,+21.7,AA	+6.57,+21.2,+21.6,IA	+6.90,+3.2,+20.1,DB	+2.26,+269.4,+20.9,MB	+6.89,+4.4,+20.1,MB	
1701154256.9698722	+6.59,+13.5,+21.6,AA	+6.24,+38.6,+21.6,AA	+6.57,+21.3,+21.6,HA	+6.90,+3.2,+20.1,DB	+2.26,+269.6,+20.9,OB	+6.89,+4.5,+20.1,LB	
1701154318.9779696	+6.59,+13.5,+21.6,AA	+6.24,+38.7,+21.7,AA	+6.57,+21.3,+21.6,HA	+6.90,+3.2,+20.1,DB	+2.25,+269.7,+20.9,MB	+6.89,+4.5,+20.1,LB	
1701154380.987597	+6.59,+13.4,+21.6,@A	+6.24,+38.7,+21.7,AA	+6.57,+21.3,+21.6,HA	+6.90,+3.2,+20.1,DB	+2.26,+269.7,+20.9,NB	+6.89,+4.5,+20.1,LB	
1701154442.9956555	+6.59,+13.4,+21.6,@A	+6.24,+38.6,+21.6,AA	+6.57,+21.3,+21.6,HA	+6.90,+3.2,+20.1,DB	+2.25,+269.9,+20.9,CB	+6.89,+4.5,+20.0,MB	
1701154505.0029383	+6.59,+13.4,+21.6,@A	+6.24,+38.6,+21.7,@A	+6.57,+21.3,+21.6,HA	+6.90,+3.2,+20.1,DB	+2.26,+269.7,+20.9,NB	+6.89,+4.4,+20.1,MB	
1701154567.0099149	+6.59,+13.5,+21.6,AA	+6.24,+38.7,+21.7,AA	+6.57,+21.3,+21.6,HA	+6.90,+3.2,+20.1,DB	+2.25,+269.9,+20.9,CB	+6.89,+4.4,+20.0,LB	
1701154629.019214	+6.59,+13.5,+21.6,AA	+6.24,+38.7,+21.6,@A	+6.57,+21.2,+21.6,IA	+6.90,+3.2,+20.1,DB	+2.25,+269.8,+20.9,BB	+6.89,+4.5,+20.1,LB	
1701154691.0265267	+6.59,+13.5,+21.6,AA	+6.24,+38.7,+21.6,@A	+6.57,+21.3,+21.6,HA	+6.90,+3.1,+20.1,GB	+2.27,+268.7,+20.9,NB	+6.89,+4.5,+20.0,MB	
1701154753.0335338	+6.59,+13.5,+21.6,AA	+6.24,+38.7,+21.6,@A	+6.57,+21.3,+21.6,HA	+6.90,+3.2,+20.1,DB	+2.31,+266.4,+20.9,DB	+6.89,+4.4,+20.1,MB	
1701154815.0427163	+6.59,+13.5,+21.6,AA	+6.24,+38.6,+21.6,AA	+6.57,+21.3,+21.6,HA	+6.90,+3.2,+20.1,DB	+2.30,+266.9,+20.9,HB	+6.89,+4.4,+20.0,LB	
1701154877.0513802	+6.59,+13.4,+21.6,@A	+6.24,+38.6,+21.7,@A	+6.57,+21.2,+21.6,IA	+6.90,+3.1,+20.1,GB	+2.30,+266.8,+20.9,IB	+6.89,+4.5,+20.0,MB	
1701154939.0597277	+6.59,+13.5,+21.6,AA	+6.24,+38.6,+21.6,AA	+6.57,+21.2,+21.5,JA	+6.90,+3.2,+20.1,DB	+2.31,+266.5,+20.9,EB	+6.89,+4.4,+20.0,LB	
1701155184.5985532	+6.59,+13.5,+21.6,AA	+6.24,+38.7,+21.6,@A	+6.57,+21.2,+21.5,JA	+6.90,+3.2,+20.1,DB	+2.32,+266.1,+20.9,BB	+6.89,+4.5,+20.0,MB	
1701155246.6062407	+6.59,+13.5,+21.6,AA	+6.24,+38.7,+21.6,@A	+6.57,+21.3,+21.5,KA	+6.90,+3.2,+20.1,DB	+2.33,+265.4,+20.9,EB	+6.89,+4.5,+20.0,MB	
1701155308.6144254	+6.59,+13.4,+21.6,@A	+6.24,+38.7,+21.6,@A	+6.57,+21.1,+21.5,IA	+6.90,+3.1,+20.1,GB	+2.31,+266.4,+20.9,DB	+6.89,+4.4,+20.0,LB	
1701155370.6240087	+6.59,+13.5,+21.6,AA	+6.24,+38.7,+21.6,@A	+6.57,+21.2,+21.5,JA	+6.90,+3.2,+20.1,DB	+2.32,+266.2,+20.9,AB	+6.89,+4.5,+20.0,MB	
1701155432.6330998	+6.59,+13.5,+21.6,AA	+6.24,+38.7,+21.6,@A	+6.57,+21.2,+21.5,JA	+6.90,+3.1,+20.0,FB	+2.32,+266.2,+20.9,AB	+6.89,+4.4,+20.0,LB	
1701155494.646849	+6.59,+13.4,+21.6,@A	+6.24,+38.7,+21.6,@A	+6.57,+21.1,+21.6,JA	+6.90,+3.2,+20.1,DB	+2.32,+266.2,+20.9,AB	+6.89,+4.4,+20.0,LB	
1701155556.656165	+6.59,+13.5,+21.6,AA	+6.24,+38.7,+21.6,@A	+6.57,+21.2,+21.5,JA	+6.90,+3.2,+20.0,EB	+2.32,+266.1,+20.9,BB	+6.89,+4.5,+20.0,MB	
1701155618.663251	+6.59,+13.4,+21.6,@A	+6.24,+38.7,+21.6,@A	+6.57,+21.2,+21.5,JA	+6.90,+3.2,+20.0,EB	+2.32,+266.1,+20.9,BB	+6.89,+4.4,+20.0,LB	
1701155680.6715906	+6.59,+13.5,+21.6,AA	+6.24,+38.6,+21.6,AA	+6.57,+21.2,+21.5,JA	+6.90,+3.2,+20.1,DB	+2.32,+266.2,+20.9,AB	+6.89,+4.4,+20.0,LB	
1701155742.6792004	+6.59,+13.5,+21.6,AA	+6.24,+38.7,+21.6,@A	+6.57,+21.2,+21.5,JA	+6.90,+3.2,+20.0,EB	+2.31,+266.2,+20.9,BB	+6.89,+4.5,+20.0,MB	
1701155804.6868763	+6.59,+13.5,+21.6,AA	+6.24,+38.8,+21.6,OA	+6.57,+21.2,+21.5,JA	+6.90,+3.1,+20.1,GB	+2.31,+266.4,+20.9,DB	+6.89,+4.5,+20.0,MB	
1701155866.6966813	+6.59,+13.5,+21.6,AA	+6.24,+38.8,+21.6,OA	+6.57,+21.2,+21.5,JA	+6.90,+3.2,+20.0,EB	+2.31,+266.6,+20.9,FB	+6.89,+4.4,+20.0,LB	
1701155928.7062273	+6.59,+13.5,+21.6,AA	+6.24,+38.8,+21.6,OA	+6.57,+21.2,+21.5,JA	+6.90,+3.2,+20.0,EB	+2.31,+266.7,+20.9,GB	+6.89,+4.5,+20.0,MB	
1701155990.7127774	+6.59,+13.5,+21.6,AA	+6.24,+38.7,+21.6,@A	+6.57,+21.1,+21.5,IA	+6.90,+3.2,+20.1,DB	+2.31,+266.6,+20.9,FB	+6.89,+4.5,+20.0,MB	
1701156052.7200143	+6.59,+13.5,+21.6,AA	+6.24,+38.8,+21.6,OA	+6.57,+21.1,+21.5,IA	+6.90,+3.2,+20.0,EB	+2.31,+266.6,+20.9,FB	+6.89,+4.5,+20.0,MB	
1701156114.7275033	+6.59,+13.5,+21.6,AA	+6.24,+38.8,+21.6,OA	+6.57,+21.1,+21.5,IA	+6.90,+3.1,+20.0,FB	+2.31,+266.6,+20.9,FB	+6.89,+4.5,+20.0,MB	
1701156176.7398894	+6.59,+13.5,+21.6,AA	+6.24,+38.8,+21.6,OA	+6.57,+21.2,+21.5,JA	+6.90,+3.2,+20.0,EB	+2.31,+266.5,+20.9,EB	+6.89,+4.4,+20.0,LB	
1701156238.7499938	+6.59,+13.4,+21.6,@A	+6.23,+38.9,+21.6,IA	+6.57,+21.1,+21.5,IA	+6.90,+3.2,+20.0,EB	+2.31,+266.4,+20.9,DB	+6.89,+4.5,+20.0,MB	
1701156300.7591228	+6.59,+13.5,+21.6,AA	+6.24,+38.8,+21.6,OA	+6.57,+21.1,+21.5,IA	+6.90,+3.2,+20.0,EB	+2.31,+266.4,+20.9,DB	+6.89,+4.4,+20.0,LB	
1701156362.7683835	+6.59,+13.5,+21.6,AA	+6.24,+38.8,+21.6,OA	+6.57,+21.1,+21.5,IA	+6.90,+3.2,+20.0,EB	+2.31,+266.5,+20.9,EB	+6.89,+4.5,+20.0,MB	
1701156424.777212	+6.59,+13.5,+21.6,AA	+6.24,+38.8,+21.6,OA	+6.57,+21.2,+21.5,JA	+6.90,+3.2,+20.0,EB	+2.31,+266.3,+20.9,CB	+6.89,+4.4,+20.0,LB	
1701156486.7862809	+6.59,+13.5,+21.6,AA	+6.23,+38.9,+21.6,IA	+6.57,+21.1,+21.5,IA	+6.90,+3.2,+20.0,EB	+2.31,+266.4,+20.9,DB	+6.89,+4.5,+20.0,MB	
1701156548.7958014	+6.59,+13.4,+21.6,@A	+6.24,+38.8,+21.6,OA	+6.57,+21.1,+21.5,IA	+6.90,+3.2,+20.0,EB	+2.33,+265.6,+20.9,GB	+6.89,+4.5,+20.0,MB	
1701156610.8035429	+6.59,+13.4,+21.6,@A	+6.23,+38.8,+21.6,HA	+6.57,+21.2,+21.5,JA	+6.90,+3.1,+20.0,FB	+2.31,+266.5,+20.9,EB	+6.89,+4.4,+20.0,LB	
1701156672.812577	+6.59,+13.5,+21.6,AA	+6.23,+38.8,+21.6,HA	+6.57,+21.1,+21.5,IA	+6.90,+3.1,+20.0,FB	+2.31,+266.7,+20.9,GB	+6.89,+4.3,+20.0,KB	
1701156734.821198	+6.59,+13.4,+21.6,@A	+6.23,+38.8,+21.6,HA	+6.57,+21.0,+21.5,HA	+6.90,+3.2,+20.0,EB	+2.30,+266.8,+20.9,IB	+6.89,+4.4,+20.0,LB	
1701156796.829149	+6.59,+13.5,+21.6,AA	+6.24,+38.8,+21.6,OA	+6.57,+21.1,+21.5,IA	+6.90,+3.2,+20.0,EB	+2.31,+266.6,+20.9,FB	+6.89,+4.5,+20.0,MB	
1701156858.836944	+6.59,+13.5,+21.6,AA	+6.23,+38.9,+21.6,IA	+6.57,+21.0,+21.5,HA	+6.90,+3.2,+20.0,EB	+2.30,+266.8,+20.9,IB	+6.89,+4.4,+20.0,LB	
1701156920.845044	+6.59,+13.5,+21.6,AA	+6.24,+38.8,+21.6,OA	+6.57,+21.0,+21.5,HA	+6.90,+3.2,+20.0,EB	+2.30,+266.8,+20.9,IB	+6.89,+4.4,+20.0,LB	
1701156982.853315	+6.59,+13.5,+21.6,AA	+6.23,+38.9,+21.6,IA	+6.57,+21.1,+21.5,IA	+6.90,+3.1,+20.0,FB	+2.31,+266.7,+20.9,GB	+6.89,+4.5,+20.0,MB	
1701157044.8592584	+6.59,+13.4,+21.6,@A	+6.23,+38.9,+21.6,IA	+6.57,+21.1,+21.5,IA	+6.90,+3.1,+20.0,FB	+2.30,+266.8,+20.9,IB	+6.89,+4.4,+20.0,LB	
1701157106.8689373	+6.59,+13.5,+21.6,AA	+6.23,+38.9,+21.6,IA	+6.57,+21.0,+21.5,HA	+6.90,+3.2,+20.0,EB	+2.30,+267.0,+20.9,@B	+6.89,+4.5,+19.9,NB	
1701157168.874195	+6.59,+13.5,+21.6,AA	+6.23,+38.8,+21.6,HA	+6.57,+21.1,+21.5,IA	+6.90,+3.1,+20.0,FB	+2.30,+266.8,+20.9,IB	+6.89,+4.4,+20.0,LB	
1701157230.8809175	+6.59,+13.5,+21.6,AA	+6.23,+38.9,+21.6,IA	+6.57,+21.0,+21.5,HA	+6.90,+3.2,+20.0,EB	+2.30,+266.9,+20.9,HB	+6.89,+4.4,+20.0,LB	
1701157292.8874688	+6.59,+13.4,+21.6,@A	+6.23,+38.9,+21.6,IA	+6.57,+21.1,+21.5,IA	+6.90,+3.2,+20.0,EB	+2.30,+267.0,+20.8,AB	+6.89,+4.5,+20.0,MB	
1701157354.8931406	+6.59,+13.4,+21.6,@A	+6.23,+38.8,+21.6,HA	+6.57,+21.0,+21.5,HA	+6.90,+3.1,+20.0,FB	+2.32,+265.9,+20.9,IB	+6.89,+4.4,+19.9,OB	
1701157416.8981798	+6.59,+13.5,+21.6,AA	+6.23,+38.9,+21.6,IA	+6.57,+21.0,+21.5,HA	+6.90,+3.2,+20.0,EB	+2.30,+266.8,+20.8,HB	+6.89,+4.4,+20.0,LB	
1701157478.9034998	+6.59,+13.5,+21.6,AA	+6.24,+38.8,+21.5,LA	+6.57,+21.0,+21.5,HA	+6.90,+3.1,+20.0,FB	+2.30,+266.8,+20.9,IB	+6.89,+4.5,+19.9,NB	
1701157540.912772	+6.59,+13.5,+21.6,AA	+6.23,+38.9,+21.6,IA	+6.57,+21.1,+21.5,IA	+6.90,+3.2,+20.0,EB	+2.30,+266.9,+20.8,IB	+6.89,+4.4,+20.0,LB	
1701157602.9178083	+6.59,+13.5,+21.6,AA	+6.23,+38.9,+21.6,IA	+6.57,+21.0,+21.5,HA	+6.90,+3.2,+20.0,EB	+2.30,+266.8,+20.8,HB	+6.89,+4.5,+19.9,NB	
1701157664.9247682	+6.59,+13.5,+21.5,BA	+6.23,+38.8,+21.6,HA	+6.57,+21.0,+21.5,HA	+6.90,+3.1,+20.0,FB	+2.30,+266.8,+20.8,HB	+6.89,+4.5,+19.9,NB	
1701157726.9320488	+6.59,+13.5,+21.5,BA	+6.23,+38.9,+21.6,IA	+6.57,+21.0,+21.5,HA	+6.90,+3.1,+20.0,FB	+2.30,+266.8,+20.9,IB	+6.89,+4.5,+19.9,NB	
1701157788.9410882	+6.59,+13.5,+21.5,BA	+6.23,+38.8,+21.6,HA	+6.57,+21.0,+21.5,HA	+6.90,+3.2,+20.0,EB	+2.30,+266.9,+20.8,IB	+6.89,+4.5,+19.9,NB	
1701157850.9506676	+6.59,+13.5,+21.6,AA	+6.23,+38.9,+21.6,IA	+6.57,+21.0,+21.5,HA	+6.90,+3.1,+20.0,FB	+2.30,+267.1,+20.8,@B	+6.89,+4.5,+19.9,NB	
1701157912.9585505	+6.59,+13.4,+21.5,CA	+6.23,+38.9,+21.6,IA	+6.57,+21.0,+21.5,HA	+6.90,+3.1,+20.0,FB	+2.30,+267.1,+20.8,@B	+6.89,+4.6,+19.9,MB	
1701157974.9665225	+6.59,+13.5,+21.5,BA	+6.23,+38.9,+21.6,IA	+6.57,+21.0,+21.5,HA	+6.90,+3.1,+20.0,FB	+2.31,+266.3,+20.8,BB	+6.89,+4.6,+19.9,MB	
1701158036.9738228	+6.59,+13.5,+21.5,BA	+6.23,+39.0,+21.6,AA	+6.57,+21.0,+21.5,HA	+6.90,+3.2,+20.0,EB	+2.30,+267.2,+20.8,CB	+6.89,+4.6,+19.9,MB	
1701158098.9811187	+6.59,+13.5,+21.5,BA	+6.23,+38.9,+21.6,IA	+6.57,+20.9,+21.4,AA	+6.90,+3.1,+20.0,FB	+2.30,+267.1,+20.8,@B	+6.89,+4.5,+19.9,NB	
1701158160.9929657	+6.59,+13.4,+21.5,CA	+6.23,+39.0,+21.6,AA	+6.57,+21.0,+21.5,HA	+6.90,+3.1,+20.0,FB	+2.29,+267.3,+20.8,JB	+6.89,+4.6,+19.9,MB	
1701158223.0007782	+6.59,+13.5,+21.5,BA	+6.23,+38.9,+21.6,IA	+6.57,+20.9,+21.5,@A	+6.90,+3.2,+20.0,EB	+2.30,+267.1,+20.8,@B	+6.89,+4.6,+19.9,MB	
1701158285.010401	+6.59,+13.5,+21.5,BA	+6.23,+38.9,+21.6,IA	+6.57,+21.0,+21.5,HA	+6.90,+3.1,+20.0,FB	+2.30,+267.2,+20.8,CB	+6.89,+4.6,+19.9,MB	
1701158347.0200658	+6.59,+13.4,+21.5,CA	+6.23,+39.1,+21.6,@A	+6.57,+21.0,+21.4,IA	+6.90,+3.1,+20.0,FB	+2.30,+267.2,+20.8,CB	+6.89,+4.6,+19.9,MB	
1701158409.0301695	+6.59,+13.5,+21.5,BA	+6.23,+39.0,+21.5,BA	+6.57,+21.0,+21.4,IA	+6.90,+3.2,+20.0,EB	+2.30,+267.0,+20.8,AB	+6.89,+4.6,+19.9,MB	
1701158471.0354357	+6.59,+13.5,+21.5,BA	+6.23,+39.1,+21.5,CA	+6.57,+21.0,+21.4,IA	+6.90,+3.1,+20.0,FB	+2.30,+267.2,+20.8,CB	+6.89,+4.6,+19.9,MB	
1701158533.0452921	+6.59,+13.5,+21.6,AA	+6.23,+39.1,+21.5,CA	+6.57,+21.0,+21.4,IA	+6.90,+3.1,+20.0,FB	+2.30,+267.3,+20.8,BB	+6.89,+4.6,+19.9,MB	
1701158595.053232	+6.59,+13.5,+21.5,BA	+6.23,+39.1,+21.6,@A	+6.57,+21.0,+21.5,HA	+6.90,+3.1,+20.0,FB	+2.32,+266.1,+20.8,CB	+6.89,+4.6,+19.9,MB	
1701158657.060614	+6.59,+13.5,+21.5,BA	+6.23,+39.0,+21.5,BA	+6.57,+20.9,+21.4,AA	+6.90,+3.2,+20.0,EB	+2.30,+267.2,+20.8,CB	+6.89,+4.5,+19.9,NB	
1701158719.07046	+6.59,+13.5,+21.5,BA	+6.23,+39.1,+21.5,CA	+6.57,+20.9,+21.4,AA	+6.90,+3.1,+20.0,FB	+2.30,+267.1,+20.8,@B	+6.89,+4.6,+19.9,MB	
1701158781.0796688	+6.59,+13.6,+21.5,AA	+6.23,+39.1,+21.5,CA	+6.57,+20.9,+21.4,AA	+6.90,+3.1,+20.0,FB	+2.29,+267.4,+20.8,MB	+6.89,+4.6,+19.9,MB	
1701159026.6710992	+6.59,+13.5,+21.5,BA	+6.23,+39.2,+21.5,@A	+6.57,+20.9,+21.4,AA	+6.90,+3.1,+19.9,EB	+2.29,+267.3,+20.8,JB	+6.89,+4.6,+19.9,MB	
1701159088.6793253	+6.59,+13.4,+21.5,CA	+6.23,+39.2,+21.5,@A	+6.57,+20.9,+21.4,AA	+6.90,+3.1,+20.0,FB	+2.29,+267.7,+20.8,NB	+6.89,+4.6,+19.9,MB	
1701159150.6848655	+6.59,+13.4,+21.5,CA	+6.23,+39.2,+21.5,@A	+6.57,+20.9,+21.4,AA	+6.90,+3.1,+19.9,EB	+2.29,+267.8,+20.8,AB	+6.89,+4.6,+19.9,MB	
1701159212.6964824	+6.59,+13.5,+21.5,BA	+6.23,+39.1,+21.5,CA	+6.57,+21.0,+21.4,IA	+6.90,+3.1,+20.0,FB	+2.30,+267.0,+20.8,AB	+6.89,+4.5,+19.9,NB	
1701159274.7049062	+6.59,+13.5,+21.5,BA	+6.23,+39.2,+21.5,@A	+6.57,+20.9,+21.4,AA	+6.90,+3.1,+19.9,EB	+2.28,+267.9,+20.8,AB	+6.89,+4.6,+19.9,MB	
1701159336.7133095	+6.59,+13.5,+21.5,BA	+6.23,+39.1,+21.5,CA	+6.57,+21.0,+21.4,IA	+6.90,+3.1,+19.9,EB	+2.28,+268.1,+20.8,FB	+6.89,+4.6,+19.9,MB	
1701159398.7201645	+6.59,+13.5,+21.5,BA	+6.23,+39.1,+21.5,CA	+6.57,+21.0,+21.4,IA	+6.90,+3.1,+20.0,FB	+2.28,+268.1,+20.8,FB	+6.89,+4.4,+19.9,OB	
1701159460.727535	+6.59,+13.5,+21.5,BA	+6.23,+39.2,+21.5,@A	+6.57,+21.0,+21.4,IA	+6.90,+3.2,+20.0,EB	+2.28,+268.2,+20.8,EB	+6.89,+4.5,+19.9,NB	
1701159522.7358203	+6.59,+13.5,+21.5,BA	+6.23,+39.2,+21.5,@A	+6.57,+21.0,+21.4,IA	+6.90,+3.1,+20.0,FB	+2.28,+268.4,+20.8,CB	+6.89,+4.5,+19.9,NB	
1701159584.7422187	+6.59,+13.5,+21.5,BA	+6.23,+39.2,+21.5,@A	+6.57,+21.0,+21.4,IA	+6.90,+3.1,+20.0,FB	+2.28,+268.1,+20.8,FB	+6.89,+4.5,+19.9,NB	
1701159646.7503912	+6.59,+13.5,+21.5,BA	+6.23,+39.1,+21.5,CA	+6.57,+21.0,+21.4,IA	+6.90,+3.1,+19.9,EB	+2.28,+268.2,+20.8,EB	+6.89,+4.5,+19.9,NB	
1701159708.75801	+6.59,+13.5,+21.5,BA	+6.23,+39.2,+21.5,@A	+6.57,+20.9,+21.4,AA	+6.90,+3.1,+19.9,EB	+2.28,+268.4,+20.8,CB	+6.89,+4.5,+19.8,OB	
1701159770.7676194	+6.59,+13.5,+21.5,BA	+6.23,+39.1,+21.5,CA	+6.57,+20.9,+21.4,AA	+6.90,+3.1,+19.9,EB	+2.28,+268.3,+20.8,DB	+6.89,+4.6,+19.9,MB	
1701159832.776248	+6.59,+13.5,+21.5,BA	+6.23,+39.1,+21.5,CA	+6.57,+20.9,+21.4,AA	+6.90,+3.1,+19.9,EB	+2.27,+268.5,+20.8,MB	+6.89,+4.5,+19.9,NB	
1701159894.7868178	+6.59,+13.5,+21.5,BA	+6.23,+39.1,+21.5,CA	+6.57,+20.9,+21.4,AA	+6.90,+3.1,+19.9,EB	+2.27,+268.6,+20.8,NB	+6.89,+4.6,+19.8,LB	
1701159956.7942061	+6.59,+13.4,+21.5,CA	+6.23,+39.1,+21.5,CA	+6.57,+20.9,+21.4,AA	+6.90,+3.1,+19.9,EB	+2.27,+268.8,+20.8,@B	+6.89,+4.5,+19.9,NB	
1701160018.8022535	+6.59,+13.5,+21.5,BA	+6.23,+39.1,+21.5,CA	+6.57,+20.9,+21.4,AA	+6.90,+3.2,+19.9,FB	+2.28,+267.9,+20.8,AB	+6.89,+4.6,+19.9,MB	
1701160080.811497	+6.59,+13.5,+21.5,BA	+6.23,+39.0,+21.5,BA	+6.57,+20.9,+21.4,AA	+6.90,+3.2,+19.9,FB	+2.27,+268.6,+20.8,NB	+6.89,+4.6,+19.8,LB	
1701160142.8196719	+6.59,+13.5,+21.5,BA	+6.23,+39.1,+21.5,CA	+6.57,+20.9,+21.4,AA	+6.90,+3.1,+19.9,EB	+2.27,+268.5,+20.8,MB	+6.89,+4.6,+19.9,MB	
1701160204.8274229	+6.59,+13.5,+21.5,BA	+6.23,+39.1,+21.5,CA	+6.57,+20.9,+21.4,AA	+6.90,+3.2,+19.9,FB	+2.29,+267.6,+20.8,OB	+6.89,+4.6,+19.8,LB	
1701160266.8331435	+6.59,+13.5,+21.5,BA	+6.23,+39.1,+21.5,CA	+6.57,+20.9,+21.4,AA	+6.90,+3.1,+19.9,EB	+2.27,+268.4,+20.8,LB	+6.89,+4.5,+19.8,OB	
1701160328.8408167	+6.59,+13.5,+21.5,BA	+6.23,+39.0,+21.5,BA	+6.57,+21.0,+21.4,IA	+6.90,+3.1,+19.9,EB	+2.27,+268.6,+20.8,NB	+6.89,+4.6,+19.8,LB	
1701160390.8502991	+6.59,+13.5,+21.5,BA	+6.23,+39.1,+21.5,CA	+6.58,+20.8,+21.4,OA	+6.90,+3.1,+19.9,EB	+2.29,+267.8,+20.8,AB	+6.89,+4.6,+19.8,LB	
1701160452.859301	+6.59,+13.5,+21.5,BA	+6.23,+39.0,+21.5,BA	+6.57,+20.9,+21.4,AA	+6.90,+3.1,+19.9,EB	+2.27,+268.6,+20.8,NB	+6.89,+4.6,+19.8,LB	
1701160514.8598795	+6.59,+13.5,+21.5,BA	+6.23,+39.1,+21.5,CA	+6.57,+20.9,+21.4,AA	+6.90,+3.1,+19.9,EB	+2.27,+268.8,+20.8,@B	+6.89,+4.5,+19.8,OB	
1701160576.8668487	+6.59,+13.5,+21.5,BA	+6.23,+39.0,+21.5,BA	+6.57,+20.9,+21.4,AA	+6.90,+3.1,+19.9,EB	+2.27,+268.7,+20.8,OB	+6.89,+4.6,+19.8,LB	
1701160638.868875	+6.59,+13.4,+21.5,CA	+6.23,+39.0,+21.5,BA	+6.57,+20.9,+21.4,AA	+6.90,+3.1,+19.9,EB	+2.27,+268.7,+20.8,OB	+6.89,+4.6,+19.8,LB	
1701160700.8743255	+6.59,+13.5,+21.5,BA	+6.23,+39.0,+21.5,BA	+6.57,+20.9,+21.4,AA	+6.90,+3.1,+19.9,EB	+2.27,+268.8,+20.8,@B	+6.89,+4.5,+19.8,OB	
1701160762.87791	+6.59,+13.4,+21.5,CA	+6.23,+39.1,+21.5,CA	+6.58,+20.9,+21.4,NA	+6.90,+3.1,+19.9,EB	+2.27,+268.7,+20.8,OB	+6.89,+4.6,+19.8,LB	
1701160824.8858757	+6.59,+13.4,+21.5,CA	+6.23,+39.1,+21.5,CA	+6.57,+20.9,+21.4,AA	+6.90,+3.1,+19.9,EB	+2.27,+268.6,+20.8,NB	+6.89,+4.6,+19.8,LB	
1701160886.894855	+6.59,+13.5,+21.5,BA	+6.23,+39.1,+21.5,CA	+6.57,+20.9,+21.4,AA	+6.90,+3.1,+19.9,EB	+2.27,+268.7,+20.8,OB	+6.89,+4.6,+19.8,LB	
1701160948.8996987	+6.59,+13.5,+21.5,BA	+6.23,+39.1,+21.5,CA	+6.57,+20.9,+21.4,AA	+6.90,+3.1,+19.9,EB	+2.27,+268.8,+20.8,@B	+6.89,+4.5,+19.8,OB	
1701161010.9037035	+6.59,+13.5,+21.5,BA	+6.23,+39.0,+21.5,BA	+6.58,+20.9,+21.4,NA	+6.90,+3.1,+19.9,EB	+2.27,+268.7,+20.8,OB	+6.89,+4.6,+19.8,LB	
1701161072.9131315	+6.59,+13.4,+21.4,BA	+6.23,+39.0,+21.5,BA	+6.57,+20.9,+21.4,AA	+6.90,+3.1,+19.9,EB	+2.27,+268.7,+20.8,OB	+6.89,+4.5,+19.8,OB	
1701161134.9195077	+6.59,+13.4,+21.4,BA	+6.23,+39.1,+21.5,CA	+6.57,+20.9,+21.4,AA	+6.90,+3.0,+19.9,DB	+2.27,+268.8,+20.8,@B	+6.89,+4.6,+19.8,LB	
1701161196.9291918	+6.59,+13.5,+21.5,BA	+6.23,+39.0,+21.5,BA	+6.58,+20.8,+21.3,HA	+6.90,+3.1,+19.9,EB	+2.27,+268.8,+20.8,@B	+6.89,+4.5,+19.8,OB	
1701161258.9383202	+6.59,+13.5,+21.5,BA	+6.23,+39.1,+21.5,CA	+6.58,+20.8,+21.4,OA	+6.90,+3.1,+19.9,EB	+2.27,+268.8,+20.7,OB	+6.89,+4.5,+19.8,OB	
1701161320.9463038	+6.59,+13.5,+21.5,BA	+6.23,+39.1,+21.5,CA	+6.58,+20.8,+21.3,HA	+6.90,+3.1,+19.9,EB	+2.27,+268.8,+20.8,@B	+6.89,+4.5,+19.8,OB	
1701161382.9568238	+6.59,+13.5,+21.5,BA	+6.23,+39.1,+21.5,CA	+6.58,+20.9,+21.4,NA	+6.90,+3.1,+19.9,EB	+2.27,+268.4,+20.8,LB	+6.89,+4.6,+19.8,LB	
1701161444.9664342	+6.59,+13.5,+21.5,BA	+6.23,+39.1,+21.5,CA	+6.57,+20.9,+21.4,AA	+6.90,+3.1,+19.9,EB	+2.27,+268.5,+20.8,MB	+6.89,+4.6,+19.8,LB	
1701161506.9759896	+6.59,+13.5,+21.4,CA	+6.23,+39.1,+21.5,CA	+6.58,+20.8,+21.4,OA	+6.90,+3.2,+19.9,FB	+2.27,+268.7,+20.8,OB	+6.89,+4.5,+19.8,OB	
1701161568.9846244	+6.59,+13.5,+21.4,CA	+6.23,+39.1,+21.5,CA	+6.58,+20.8,+21.3,HA	+6.90,+3.1,+19.9,EB	+2.27,+268.6,+20.8,NB	+6.89,+4.6,+19.8,LB	
1701161630.994365	+6.59,+13.4,+21.5,CA	+6.23,+39.0,+21.5,BA	+6.57,+20.9,+21.4,AA	+6.90,+3.1,+19.9,EB	+2.27,+268.7,+20.7,@B	+6.89,+4.6,+19.8,LB	
1701161693.0025043	+6.59,+13.5,+21.5,BA	+6.23,+39.1,+21.4,BA	+6.58,+20.9,+21.4,NA	+6.90,+3.1,+19.9,EB	+2.27,+268.8,+20.7,OB	+6.89,+4.5,+19.8,OB	
1701161755.0104818	+6.59,+13.5,+21.4,CA	+6.23,+39.0,+21.5,BA	+6.58,+20.8,+21.4,OA	+6.90,+3.1,+19.9,EB	+2.27,+268.5,+20.8,MB	+6.89,+4.5,+19.8,OB	
1701161817.0206497	+6.59,+13.5,+21.4,CA	+6.23,+39.0,+21.4,CA	+6.58,+20.8,+21.4,OA	+6.90,+3.1,+19.9,EB	+2.27,+268.5,+20.7,BB	+6.89,+4.6,+19.8,LB	
1701161879.0288122	+6.59,+13.5,+21.4,CA	+6.23,+39.1,+21.5,CA	+6.57,+20.9,+21.3,FA	+6.90,+3.1,+19.9,EB	+2.27,+268.5,+20.7,BB	+6.89,+4.5,+19.8,OB	
1701161941.037492	+6.59,+13.5,+21.4,CA	+6.23,+39.1,+21.4,BA	+6.58,+20.8,+21.4,OA	+6.90,+3.2,+19.9,FB	+2.27,+268.5,+20.8,MB	+6.89,+4.6,+19.8,LB	
1701162003.0459714	+6.59,+13.4,+21.4,BA	+6.23,+39.2,+21.5,@A	+6.58,+20.8,+21.4,OA	+6.90,+3.1,+19.9,EB	+2.27,+268.5,+20.7,BB	+6.89,+4.6,+19.8,LB	
1701162065.0557785	+6.59,+13.5,+21.4,CA	+6.23,+39.2,+21.5,@A	+6.58,+20.7,+21.3,GA	+6.90,+3.1,+19.9,EB	+2.29,+267.6,+20.8,OB	+6.89,+4.6,+19.8,LB	
1701162127.061656	+6.59,+13.5,+21.4,CA	+6.23,+39.1,+21.4,BA	+6.58,+20.8,+21.4,OA	+6.90,+3.1,+19.9,EB	+2.28,+268.4,+20.7,LB	+6.89,+4.6,+19.8,LB	
1701162189.0692759	+6.59,+13.5,+21.4,CA	+6.23,+39.1,+21.4,BA	+6.58,+20.8,+21.3,HA	+6.90,+3.1,+19.8,DB	+2.27,+268.6,+20.7,AB	+6.89,+4.5,+19.8,OB	
1701162251.0793426	+6.59,+13.5,+21.4,CA	+6.23,+39.2,+21.5,@A	+6.58,+20.9,+21.4,NA	+6.90,+3.1,+19.9,EB	+2.29,+267.6,+20.7,@B	+6.89,+4.5,+19.8,OB	
1701162313.08862	+6.59,+13.5,+21.4,CA	+6.23,+39.2,+21.4,AA	+6.58,+20.7,+21.4,@A	+6.90,+3.1,+19.9,EB	+2.27,+268.6,+20.7,AB	+6.89,+4.5,+19.8,OB	
1701162375.0987236	+6.59,+13.5,+21.4,CA	+6.23,+39.2,+21.4,AA	+6.58,+20.8,+21.3,HA	+6.90,+3.1,+19.9,EB	+2.27,+268.7,+20.7,@B	+6.89,+4.5,+19.8,OB	
1701162437.1075597	+6.59,+13.5,+21.4,CA	+6.23,+39.2,+21.4,AA	+6.58,+20.9,+21.3,IA	+6.90,+3.1,+19.9,EB	+2.29,+267.6,+20.7,@B	+6.89,+4.5,+19.8,OB	
1701162499.1168554	+6.59,+13.5,+21.4,CA	+6.23,+39.2,+21.4,AA	+6.57,+20.9,+21.3,FA	+6.90,+3.1,+19.9,EB	+2.27,+268.6,+20.7,AB	+6.89,+4.6,+19.8,LB	
1701162561.1254542	+6.59,+13.5,+21.4,CA	+6.23,+39.2,+21.4,AA	+6.58,+20.7,+21.3,GA	+6.90,+3.0,+19.9,DB	+2.27,+268.8,+20.7,OB	+6.89,+4.5,+19.8,OB	
1701162623.1334474	+6.59,+13.4,+21.4,BA	+6.23,+39.2,+21.4,AA	+6.58,+20.8,+21.3,HA	+6.90,+3.1,+19.9,EB	+2.27,+268.6,+20.7,AB	+6.89,+4.6,+19.8,LB	
1701162868.744593	+6.59,+13.4,+21.4,BA	+6.23,+39.1,+21.4,BA	+6.57,+20.9,+21.3,FA	+6.90,+3.1,+19.8,DB	+2.27,+268.8,+20.7,OB	+6.89,+4.5,+19.8,OB	
1701162930.7543716	+6.59,+13.5,+21.4,CA	+6.23,+39.1,+21.4,BA	+6.58,+20.8,+21.3,HA	+6.90,+3.1,+19.8,DB	+2.26,+269.1,+20.7,FB	+6.89,+4.5,+19.8,OB	
1701162992.7631648	+6.59,+13.5,+21.4,CA	+6.23,+39.1,+21.4,BA	+6.58,+20.8,+21.3,HA	+6.90,+3.1,+19.8,DB	+2.26,+269.2,+20.7,EB	+6.89,+4.5,+19.8,OB	
1701163054.772293	+6.59,+13.4,+21.4,BA	+6.23,+39.1,+21.4,BA	+6.58,+20.8,+21.3,HA	+6.90,+3.1,+19.9,EB	+2.26,+269.3,+20.7,DB	+6.89,+4.6,+19.8,LB	
1701163116.7819045	+6.59,+13.5,+21.4,CA	+6.23,+39.1,+21.4,BA	+6.57,+20.9,+21.3,FA	+6.90,+3.1,+19.8,DB	+2.26,+269.4,+20.7,CB	+6.89,+4.5,+19.8,OB	
1701163178.789789	+6.59,+13.5,+21.4,CA	+6.23,+39.1,+21.4,BA	+6.58,+20.8,+21.3,HA	+6.90,+3.1,+19.8,DB	+2.26,+269.2,+20.7,EB	+6.89,+4.5,+19.8,OB	
1701163240.7985942	+6.59,+13.5,+21.4,CA	+6.23,+39.1,+21.4,BA	+6.58,+20.8,+21.3,HA	+6.90,+3.1,+19.8,DB	+2.26,+269.3,+20.7,DB	+6.89,+4.5,+19.8,OB	
1701163302.8078828	+6.59,+13.5,+21.4,CA	+6.23,+39.1,+21.4,BA	+6.58,+20.8,+21.3,HA	+6.90,+3.1,+19.8,DB	+2.26,+269.4,+20.7,CB	+6.89,+4.5,+19.8,OB	
1701163364.8153687	+6.59,+13.5,+21.4,CA	+6.23,+39.1,+21.4,BA	+6.58,+20.8,+21.3,HA	+6.90,+3.1,+19.8,DB	+2.26,+269.2,+20.7,EB	+6.89,+4.4,+19.8,NB	
1701163426.8243742	+6.59,+13.4,+21.4,BA	+6.23,+39.1,+21.4,BA	+6.58,+20.8,+21.3,HA	+6.90,+3.1,+19.8,DB	+2.26,+269.4,+20.7,CB	+6.89,+4.5,+19.8,OB	
1701163488.8349953	+6.59,+13.5,+21.4,CA	+6.23,+39.1,+21.4,BA	+6.57,+20.9,+21.3,FA	+6.90,+3.0,+19.8,EB	+2.27,+268.6,+20.7,AB	+6.89,+4.5,+19.7,@B	
1701163550.8430343	+6.59,+13.4,+21.4,BA	+6.23,+39.0,+21.4,CA	+6.58,+20.8,+21.3,HA	+6.90,+3.1,+19.8,DB	+2.26,+269.4,+20.7,CB	+6.89,+4.5,+19.8,OB	
1701163612.8502152	+6.59,+13.5,+21.4,CA	+6.23,+39.1,+21.4,BA	+6.58,+20.8,+21.3,HA	+6.90,+3.0,+19.8,EB	+2.26,+269.4,+20.7,CB	+6.89,+4.5,+19.7,@B	
1701163674.859833	+6.59,+13.5,+21.4,CA	+6.23,+39.0,+21.4,CA	+6.58,+20.7,+21.3,GA	+6.90,+3.1,+19.8,DB	+2.27,+268.7,+20.7,@B	+6.89,+4.6,+19.8,LB	
1701163736.8685937	+6.59,+13.4,+21.4,BA	+6.23,+39.1,+21.4,BA	+6.58,+20.8,+21.3,HA	+6.90,+3.1,+19.8,DB	+2.25,+269.7,+20.7,CB	+6.89,+4.5,+19.8,OB	
1701163798.8768141	+6.59,+13.4,+21.4,BA	+6.23,+39.0,+21.4,CA	+6.58,+20.7,+21.3,GA	+6.90,+3.1,+19.8,DB	+2.25,+269.7,+20.7,CB	+6.89,+4.4,+19.7,AB	
1701163860.8863664	+6.59,+13.5,+21.4,CA	+6.23,+38.9,+21.4,KA	+6.58,+20.7,+21.3,GA	+6.90,+3.1,+19.8,DB	+2.25,+269.6,+20.7,BB	+6.89,+4.5,+19.7,@B	
1701163922.896451	+6.59,+13.5,+21.4,CA	+6.23,+38.9,+21.4,KA	+6.58,+20.7,+21.3,GA	+6.90,+3.1,+19.8,DB	+2.25,+269.7,+20.7,CB	+6.89,+4.4,+19.7,AB	
1701163984.906342	+6.59,+13.5,+21.4,CA	+6.23,+39.0,+21.4,CA	+6.58,+20.7,+21.3,GA	+6.90,+3.1,+19.8,DB	+2.25,+269.7,+20.7,CB	+6.89,+4.6,+19.7,CB	
1701164046.9131508	+6.59,+13.4,+21.4,BA	+6.23,+38.9,+21.4,KA	+6.58,+20.8,+21.3,HA	+6.90,+3.1,+19.8,DB	+2.25,+269.7,+20.7,CB	+6.89,+4.5,+19.7,@B	
1701164108.9225502	+6.59,+13.5,+21.4,CA	+6.23,+38.9,+21.4,KA	+6.58,+20.8,+21.3,HA	+6.90,+3.1,+19.8,DB	+2.25,+269.9,+20.7,MB	+6.89,+4.5,+19.7,@B	
1701164170.9319174	+6.59,+13.5,+21.4,CA	+6.23,+39.0,+21.4,CA	+6.58,+20.7,+21.3,GA	+6.90,+3.0,+19.8,EB	+2.25,+269.9,+20.7,MB	+6.89,+4.4,+19.8,NB	
1701164232.9428103	+6.59,+13.5,+21.4,CA	+6.23,+38.9,+21.4,KA	+6.58,+20.7,+21.3,GA	+6.90,+3.1,+19.8,DB	+2.25,+269.7,+20.7,CB	+6.89,+4.5,+19.8,OB	
1701164294.9521122	+6.59,+13.5,+21.4,CA	+6.23,+39.0,+21.4,CA	+6.58,+20.7,+21.3,GA	+6.90,+3.1,+19.8,DB	+2.25,+269.7,+20.7,CB	+6.89,+4.5,+19.7,@B	
1701164356.9585066	+6.59,+13.5,+21.4,CA	+6.23,+39.0,+21.4,CA	+6.58,+20.7,+21.3,GA	+6.90,+3.1,+19.8,DB	+2.26,+269.1,+20.7,FB	+6.89,+4.4,+19.7,AB	
1701164418.9688382	+6.59,+13.5,+21.4,CA	+6.23,+39.0,+21.4,CA	+6.58,+20.7,+21.3,GA	+6.90,+3.1,+19.8,DB	+2.25,+269.8,+20.7,LB	+6.89,+4.5,+19.7,@B	
1701164480.9783087	+6.59,+13.5,+21.4,CA	+6.23,+39.0,+21.4,CA	+6.58,+20.8,+21.3,HA	+6.90,+3.1,+19.8,DB	+2.25,+270.0,+20.7,LB	+6.89,+4.4,+19.7,AB	
1701164542.988679	+6.59,+13.5,+21.3,DA	+6.23,+38.9,+21.4,KA	+6.58,+20.7,+21.3,GA	+6.90,+3.1,+19.8,DB	+2.25,+269.7,+20.7,CB	+6.89,+4.4,+19.7,AB	
1701164604.9985914	+6.59,+13.5,+21.4,CA	+6.23,+38.9,+21.4,KA	+6.58,+20.7,+21.3,GA	+6.90,+3.1,+19.8,DB	+2.25,+269.8,+20.7,LB	+6.90,+4.2,+19.7,OB	
1701164667.008574	+6.59,+13.5,+21.4,CA	+6.23,+38.9,+21.4,KA	+6.58,+20.6,+21.3,FA	+6.90,+3.1,+19.8,DB	+2.25,+270.0,+20.7,LB	+6.89,+4.3,+19.7,FB	
1701164729.0184808	+6.59,+13.5,+21.4,CA	+6.23,+38.9,+21.4,KA	+6.58,+20.7,+21.3,GA	+6.90,+3.1,+19.8,DB	+2.25,+269.9,+20.7,MB	+6.89,+4.4,+19.7,AB	
1701164791.0258505	+6.59,+13.5,+21.4,CA	+6.23,+38.9,+21.4,KA	+6.58,+20.7,+21.3,GA	+6.90,+3.0,+19.8,EB	+2.24,+270.1,+20.7,LB	+6.89,+4.3,+19.7,FB	
1701164853.0348413	+6.59,+13.5,+21.4,CA	+6.23,+39.0,+21.4,CA	+6.58,+20.7,+21.2,FA	+6.90,+3.1,+19.8,DB	+2.25,+270.0,+20.7,LB	+6.89,+4.4,+19.7,AB	
1701164915.0438423	+6.59,+13.5,+21.3,DA	+6.23,+39.0,+21.4,CA	+6.58,+20.8,+21.3,HA	+6.90,+3.0,+19.8,EB	+2.25,+269.9,+20.7,MB	+6.89,+4.3,+19.7,FB	
1701164977.054202	+6.59,+13.5,+21.4,CA	+6.23,+38.9,+21.3,LA	+6.58,+20.7,+21.3,GA	+6.90,+3.0,+19.8,EB	+2.25,+270.0,+20.6,MB	+6.89,+4.4,+19.7,AB	
1701165039.0632544	+6.59,+13.5,+21.4,CA	+6.23,+38.9,+21.4,KA	+6.58,+20.7,+21.3,GA	+6.90,+3.0,+19.8,EB	+2.26,+269.1,+20.7,FB	+6.89,+4.3,+19.7,FB	
1701165101.0708683	+6.59,+13.5,+21.3,DA	+6.23,+38.9,+21.3,LA	+6.58,+20.6,+21.3,FA	+6.90,+3.0,+19.8,EB	+2.24,+270.1,+20.7,LB	+6.89,+4.3,+19.7,FB	
1701165163.0806158	+6.59,+13.5,+21.3,DA	+6.23,+38.9,+21.4,KA	+6.58,+20.6,+21.3,FA	+6.90,+3.0,+19.8,EB	+2.24,+270.1,+20.6,MB	+6.89,+4.4,+19.7,AB	
1701165225.090045	+6.59,+13.5,+21.3,DA	+6.23,+38.8,+21.3,MA	+6.58,+20.7,+21.2,FA	+6.90,+3.0,+19.8,EB	+2.24,+270.1,+20.7,LB	+6.89,+4.3,+19.7,FB	
1701165287.0981178	+6.59,+13.5,+21.4,CA	+6.23,+38.8,+21.4,JA	+6.58,+20.7,+21.2,FA	+6.90,+3.1,+19.8,DB	+2.24,+270.4,+20.7,IB	+6.89,+4.4,+19.7,AB	
1701165349.1062562	+6.59,+13.5,+21.4,CA	+6.23,+38.8,+21.3,MA	+6.58,+20.6,+21.3,FA	+6.90,+3.0,+19.8,EB	+2.24,+270.5,+20.7,HB	+6.89,+4.4,+19.7,AB	
1701165411.1144476	+6.59,+13.4,+21.3,EA	+6.23,+38.9,+21.4,KA	+6.58,+20.7,+21.2,FA	+6.90,+3.1,+19.8,DB	+2.24,+270.5,+20.6,IB	+6.89,+4.3,+19.7,FB	
1701165473.1245472	+6.59,+13.5,+21.3,DA	+6.24,+38.8,+21.4,MA	+6.58,+20.7,+21.3,GA	+6.90,+3.1,+19.8,DB	+2.24,+270.2,+20.6,NB	+6.89,+4.4,+19.7,AB	
1701165535.1330168	+6.59,+13.5,+21.3,DA	+6.23,+38.9,+21.3,LA	+6.58,+20.7,+21.2,FA	+6.90,+3.0,+19.8,EB	+2.26,+269.4,+20.6,BB	+6.89,+4.3,+19.7,FB	
1701165597.1400244	+6.59,+13.4,+21.4,BA	+6.23,+38.8,+21.3,MA	+6.58,+20.7,+21.2,FA	+6.90,+3.1,+19.8,DB	+2.24,+270.3,+20.6,OB	+6.89,+4.4,+19.7,AB	
1701165659.1468685	+6.59,+13.5,+21.3,DA	+6.23,+38.8,+21.3,MA	+6.58,+20.8,+21.3,HA	+6.90,+3.1,+19.8,DB	+2.24,+270.4,+20.6,HB	+6.89,+4.3,+19.7,FB	
1701165721.154424	+6.59,+13.5,+21.3,DA	+6.24,+38.8,+21.3,JA	+6.58,+20.7,+21.3,GA	+6.90,+3.0,+19.8,EB	+2.24,+270.1,+20.6,MB	+6.89,+4.3,+19.7,FB	
1701165783.1628513	+6.59,+13.5,+21.4,CA	+6.23,+38.8,+21.3,MA	+6.58,+20.7,+21.2,FA	+6.90,+3.0,+19.8,EB	+2.24,+270.5,+20.6,IB	+6.89,+4.4,+19.7,AB	
1701165845.1722047	+6.59,+13.5,+21.3,DA	+6.24,+38.8,+21.3,JA	+6.58,+20.6,+21.2,GA	+6.90,+3.1,+19.8,DB	+2.24,+270.3,+20.7,NB	+6.89,+4.3,+19.7,FB	
1701165907.182501	+6.59,+13.5,+21.3,DA	+6.23,+38.8,+21.3,MA	+6.58,+20.6,+21.2,GA	+6.90,+3.0,+19.8,EB	+2.24,+270.2,+20.6,NB	+6.89,+4.4,+19.7,AB	
1701165969.1913052	+6.59,+13.5,+21.3,DA	+6.24,+38.7,+21.3,EA	+6.58,+20.7,+21.3,GA	+6.90,+3.1,+19.8,DB	+2.24,+270.3,+20.7,NB	+6.89,+4.3,+19.7,FB	
1701166031.200859	+6.59,+13.4,+21.3,EA	+6.24,+38.8,+21.3,JA	+6.58,+20.7,+21.2,FA	+6.90,+3.1,+19.7,KB	+2.25,+269.5,+20.6,@B	+6.89,+4.4,+19.7,AB	
1701166093.209732	+6.59,+13.5,+21.3,DA	+6.24,+38.8,+21.3,JA	+6.58,+20.7,+21.2,FA	+6.90,+3.0,+19.8,EB	+2.24,+270.1,+20.6,MB	+6.89,+4.3,+19.7,FB	
1701166155.2176995	+6.59,+13.5,+21.3,DA	+6.24,+38.8,+21.3,JA	+6.58,+20.7,+21.2,FA	+6.90,+3.0,+19.8,EB	+2.24,+270.1,+20.6,MB	+6.89,+4.4,+19.7,AB	
1701166217.2270103	+6.59,+13.5,+21.3,DA	+6.24,+38.7,+21.3,EA	+6.58,+20.7,+21.2,FA	+6.90,+3.0,+19.8,EB	+2.25,+270.0,+20.6,MB	+6.89,+4.3,+19.7,FB	
1701166279.2343936	+6.59,+13.4,+21.3,EA	+6.24,+38.6,+21.3,DA	+6.58,+20.6,+21.2,GA	+6.90,+3.1,+19.8,DB	+2.24,+270.2,+20.6,NB	+6.89,+4.4,+19.7,AB	
1701166341.2427006	+6.59,+13.5,+21.3,DA	+6.24,+38.7,+21.3,EA	+6.58,+20.7,+21.2,FA	+6.90,+3.0,+19.7,JB	+2.24,+270.1,+20.6,MB	+6.89,+4.3,+19.7,FB	
1701166403.2490284	+6.59,+13.5,+21.3,DA	+6.24,+38.7,+21.3,EA	+6.58,+20.6,+21.2,GA	+6.90,+3.0,+19.8,EB	+2.24,+270.0,+20.6,LB	+6.89,+4.3,+19.7,FB	
1701166465.2576122	+6.59,+13.4,+21.3,EA	+6.24,+38.7,+21.3,EA	+6.58,+20.6,+21.2,GA	+6.90,+3.0,+19.8,EB	+2.24,+270.1,+20.7,LB	+6.89,+4.4,+19.7,AB	
1701166710.8477266	+6.59,+13.4,+21.3,EA	+6.24,+38.7,+21.3,EA	+6.58,+20.7,+21.2,FA	+6.90,+3.0,+19.7,JB	+2.26,+269.3,+20.6,EB	+6.89,+4.3,+19.7,FB	
1701166772.8575685	+6.59,+13.5,+21.3,DA	+6.24,+38.7,+21.3,EA	+6.58,+20.7,+21.2,FA	+6.90,+3.0,+19.7,JB	+2.24,+270.4,+20.6,HB	+6.89,+4.3,+19.7,FB	
1701166834.866585	+6.59,+13.4,+21.3,EA	+6.24,+38.8,+21.3,JA	+6.58,+20.6,+21.2,GA	+6.90,+3.0,+19.7,JB	+2.24,+270.4,+20.6,HB	+6.89,+4.3,+19.7,FB	
1701166896.8737037	+6.59,+13.5,+21.3,DA	+6.24,+38.7,+21.3,EA	+6.58,+20.7,+21.2,FA	+6.90,+3.0,+19.7,JB	+2.24,+270.2,+20.6,NB	+6.89,+4.3,+19.7,FB	
1701166958.883157	+6.59,+13.4,+21.3,EA	+6.24,+38.7,+21.3,EA	+6.58,+20.7,+21.2,FA	+6.90,+3.0,+19.7,JB	+2.24,+270.4,+20.6,HB	+6.89,+4.4,+19.7,AB	
1701167020.8907835	+6.59,+13.5,+21.3,DA	+6.24,+38.8,+21.3,JA	+6.58,+20.7,+21.2,FA	+6.90,+3.0,+19.7,JB	+2.24,+270.6,+20.6,JB	+6.89,+4.3,+19.7,FB	
1701167082.900943	+6.59,+13.5,+21.3,DA	+6.24,+38.6,+21.3,DA	+6.58,+20.5,+21.2,DA	+6.90,+3.0,+19.7,JB	+2.24,+270.3,+20.6,OB	+6.89,+4.3,+19.7,FB	
1701167144.910513	+6.59,+13.4,+21.3,EA	+6.24,+38.7,+21.3,EA	+6.58,+20.6,+21.2,GA	+6.90,+3.0,+19.7,JB	+2.24,+270.2,+20.6,NB	+6.90,+4.3,+19.7,NB	
1701167206.9199867	+6.59,+13.4,+21.3,EA	+6.24,+38.7,+21.3,EA	+6.58,+20.6,+21.2,GA	+6.90,+3.0,+19.7,JB	+2.24,+270.5,+20.6,IB	+6.89,+4.4,+19.7,AB	
1701167268.9299831	+6.59,+13.5,+21.3,DA	+6.24,+38.7,+21.3,EA	+6.58,+20.7,+21.2,FA	+6.90,+3.0,+19.7,JB	+2.24,+270.1,+20.6,MB	+6.89,+4.4,+19.6,@B	
1701167330.936331	+6.59,+13.5,+21.3,DA	+6.24,+38.7,+21.3,EA	+6.58,+20.6,+21.2,GA	+6.90,+3.0,+19.7,JB	+2.24,+270.1,+20.6,MB	+6.89,+4.4,+19.7,AB	
1701167392.9458823	+6.59,+13.5,+21.3,DA	+6.24,+38.7,+21.3,EA	+6.58,+20.7,+21.2,FA	+6.90,+3.0,+19.7,JB	+2.24,+270.3,+20.6,OB	+6.89,+4.3,+19.7,FB	
1701167454.9523103	+6.59,+13.5,+21.3,DA	+6.24,+38.7,+21.3,EA	+6.58,+20.7,+21.2,FA	+6.90,+3.0,+19.7,JB	+2.24,+270.3,+20.6,OB	+6.89,+4.4,+19.6,@B	
1701167516.9607685	+6.59,+13.5,+21.3,DA	+6.24,+38.6,+21.3,DA	+6.58,+20.6,+21.2,GA	+6.90,+3.0,+19.7,JB	+2.24,+270.3,+20.6,OB	+6.89,+4.5,+19.7,@B	
1701167578.9673402	+6.59,+13.4,+21.3,EA	+6.24,+38.6,+21.3,DA	+6.58,+20.6,+21.2,GA	+6.90,+3.0,+19.7,JB	+2.25,+269.7,+20.6,BB	+6.89,+4.4,+19.7,AB	
1701167640.977921	+6.59,+13.4,+21.3,EA	+6.24,+38.7,+21.3,EA	+6.58,+20.6,+21.2,GA	+6.90,+3.0,+19.7,JB	+2.24,+270.2,+20.6,NB	+6.89,+4.3,+19.6,GB	
1701167702.9870288	+6.59,+13.5,+21.3,DA	+6.24,+38.6,+21.3,DA	+6.58,+20.7,+21.2,FA	+6.90,+3.0,+19.7,JB	+2.24,+270.3,+20.6,OB	+6.89,+4.4,+19.7,AB	
1701167764.9958067	+6.59,+13.4,+21.3,EA	+6.24,+38.6,+21.3,DA	+6.58,+20.6,+21.2,GA	+6.90,+3.0,+19.7,JB	+2.25,+269.6,+20.6,CB	+6.89,+4.4,+19.7,AB	
1701167827.0059888	+6.59,+13.4,+21.3,EA	+6.24,+38.6,+21.3,DA	+6.58,+20.6,+21.2,GA	+6.90,+3.0,+19.7,JB	+2.23,+270.6,+20.6,MB	+6.89,+4.4,+19.7,AB	
1701167889.0100615	+6.59,+13.4,+21.3,EA	+6.24,+38.6,+21.3,DA	+6.58,+20.6,+21.2,GA	+6.90,+3.0,+19.7,JB	+2.24,+270.4,+20.6,HB	+6.89,+4.4,+19.7,AB	
1701167951.0198588	+6.59,+13.5,+21.3,DA	+6.24,+38.6,+21.3,DA	+6.58,+20.7,+21.2,FA	+6.90,+3.0,+19.7,JB	+2.24,+270.4,+20.6,HB	+6.89,+4.3,+19.7,FB	
1701168013.0276897	+6.59,+13.5,+21.3,DA	+6.24,+38.7,+21.3,EA	+6.58,+20.5,+21.2,DA	+6.90,+3.0,+19.7,JB	+2.24,+270.5,+20.6,IB	+6.89,+4.4,+19.7,AB	
1701168075.0361388	+6.59,+13.5,+21.3,DA	+6.24,+38.6,+21.3,DA	+6.58,+20.6,+21.2,GA	+6.90,+3.0,+19.7,JB	+2.24,+270.5,+20.6,IB	+6.89,+4.4,+19.7,AB	
1701168137.0460982	+6.59,+13.6,+21.3,GA	+6.24,+38.5,+21.3,GA	+6.58,+20.5,+21.2,DA	+6.90,+3.0,+19.7,JB	+2.23,+270.7,+20.6,LB	+6.89,+4.4,+19.7,AB	
1701168199.055646	+6.59,+13.6,+21.3,GA	+6.24,+38.6,+21.3,DA	+6.58,+20.6,+21.2,GA	+6.90,+3.0,+19.7,JB	+2.23,+270.6,+20.6,MB	+6.89,+4.4,+19.7,AB	
1701168261.0651176	+6.59,+13.6,+21.3,GA	+6.24,+38.5,+21.3,GA	+6.58,+20.6,+21.2,GA	+6.90,+3.0,+19.7,JB	+2.25,+269.8,+20.6,MB	+6.89,+4.4,+19.7,AB	
1701168323.0728266	+6.59,+13.6,+21.3,GA	+6.24,+38.5,+21.3,GA	+6.58,+20.6,+21.2,GA	+6.90,+3.0,+19.7,JB	+2.25,+270.0,+20.6,MB	+6.89,+4.4,+19.7,AB	
1701168385.0815015	+6.59,+13.6,+21.3,GA	+6.24,+38.5,+21.3,GA	+6.58,+20.6,+21.2,GA	+6.90,+3.0,+19.7,JB	+2.23,+270.8,+20.6,CB	+6.89,+4.4,+19.7,AB	
1701168447.0896056	+6.59,+13.6,+21.3,GA	+6.24,+38.5,+21.3,GA	+6.58,+20.5,+21.2,DA	+6.90,+3.0,+19.7,JB	+2.23,+270.7,+20.6,LB	+6.89,+4.4,+19.7,AB	
1701168509.100504	+6.59,+13.6,+21.3,GA	+6.24,+38.5,+21.3,GA	+6.58,+20.6,+21.2,GA	+6.90,+3.0,+19.7,JB	+2.24,+270.1,+20.6,MB	+6.89,+4.4,+19.7,AB	
1701168571.1104481	+6.59,+13.6,+21.3,GA	+6.24,+38.5,+21.3,GA	+6.58,+20.7,+21.2,FA	+6.90,+3.0,+19.7,JB	+2.24,+270.1,+20.6,MB	+6.89,+4.4,+19.7,AB	
1701168633.1172009	+6.59,+13.6,+21.3,GA	+6.24,+38.5,+21.3,GA	+6.58,+20.6,+21.2,GA	+6.90,+3.0,+19.7,JB	+2.24,+270.1,+20.6,MB	+6.89,+4.4,+19.7,AB	
1701168695.1271992	+6.59,+13.6,+21.3,GA	+6.24,+38.5,+21.3,GA	+6.58,+20.6,+21.2,GA	+6.90,+3.0,+19.7,JB	+2.24,+270.0,+20.6,LB	+6.89,+4.4,+19.7,AB	
1701168757.1341205	+6.59,+13.6,+21.3,GA	+6.24,+38.5,+21.3,GA	+6.58,+20.6,+21.2,GA	+6.90,+3.1,+19.7,KB	+2.24,+270.0,+20.6,LB	+6.89,+4.4,+19.7,AB	
1701168819.1443732	+6.59,+13.6,+21.3,GA	+6.24,+38.5,+21.3,GA	+6.58,+20.6,+21.2,GA	+6.90,+3.0,+19.7,JB	+2.25,+269.9,+20.6,LB	+6.89,+4.4,+19.7,AB	
1701168881.1536562	+6.59,+13.6,+21.3,GA	+6.24,+38.4,+21.3,FA	+6.58,+20.6,+21.2,GA	+6.90,+3.0,+19.7,JB	+2.25,+269.7,+20.6,BB	+6.89,+4.4,+19.7,AB	
1701168943.1621864	+6.59,+13.5,+21.3,DA	+6.24,+38.5,+21.3,GA	+6.58,+20.5,+21.2,DA	+6.90,+3.0,+19.7,JB	+2.25,+269.8,+20.6,MB	+6.89,+4.3,+19.7,FB	
1701169005.1709368	+6.59,+13.6,+21.3,GA	+6.24,+38.5,+21.3,GA	+6.58,+20.6,+21.2,GA	+6.90,+3.0,+19.7,JB	+2.25,+269.8,+20.6,MB	+6.89,+4.4,+19.7,AB	
1701169067.1803818	+6.59,+13.5,+21.3,DA	+6.24,+38.4,+21.3,FA	+6.58,+20.5,+21.2,DA	+6.90,+3.0,+19.7,JB	+2.25,+269.8,+20.6,MB	+6.89,+4.4,+19.7,AB	
1701169129.1896412	+6.59,+13.6,+21.3,GA	+6.24,+38.5,+21.3,GA	+6.58,+20.5,+21.2,DA	+6.90,+3.0,+19.7,JB	+2.25,+269.7,+20.6,BB	+6.89,+4.5,+19.7,@B	
1701169191.1969633	+6.59,+13.5,+21.3,DA	+6.24,+38.4,+21.3,FA	+6.58,+20.5,+21.2,DA	+6.90,+3.0,+19.7,JB	+2.25,+269.8,+20.6,MB	+6.89,+4.4,+19.7,AB	
1701169253.203262	+6.59,+13.5,+21.3,DA	+6.24,+38.4,+21.3,FA	+6.58,+20.5,+21.2,DA	+6.90,+3.0,+19.8,EB	+2.25,+269.6,+20.6,CB	+6.89,+4.4,+19.7,AB	
1701169315.213116	+6.59,+13.5,+21.3,DA	+6.24,+38.4,+21.3,FA	+6.58,+20.5,+21.2,DA	+6.90,+3.0,+19.7,JB	+2.25,+269.7,+20.6,BB	+6.89,+4.4,+19.7,AB	
1701169377.2203605	+6.59,+13.5,+21.3,DA	+6.24,+38.4,+21.3,FA	+6.58,+20.5,+21.2,DA	+6.90,+3.0,+19.7,JB	+2.25,+269.6,+20.6,CB	+6.89,+4.4,+19.7,AB	
1701169439.227624	+6.59,+13.5,+21.3,DA	+6.24,+38.5,+21.3,GA	+6.58,+20.5,+21.2,DA	+6.90,+3.0,+19.7,JB	+2.25,+269.9,+20.6,LB	+6.89,+4.4,+19.7,AB	
1701169501.235688	+6.59,+13.6,+21.3,GA	+6.24,+38.4,+21.3,FA	+6.58,+20.6,+21.2,GA	+6.90,+3.0,+19.7,JB	+2.24,+270.1,+20.6,MB	+6.89,+4.5,+19.7,@B	
1701169563.2440195	+6.59,+13.5,+21.3,DA	+6.24,+38.4,+21.3,FA	+6.58,+20.5,+21.2,DA	+6.90,+3.0,+19.7,JB	+2.24,+270.3,+20.6,OB	+6.89,+4.4,+19.7,AB	
1701169625.251108	+6.59,+13.5,+21.3,DA	+6.24,+38.4,+21.3,FA	+6.58,+20.6,+21.2,GA	+6.90,+3.0,+19.7,JB	+2.23,+270.6,+20.6,MB	+6.89,+4.4,+19.7,AB	
1701169687.2606103	+6.59,+13.5,+21.3,DA	+6.24,+38.5,+21.3,GA	+6.58,+20.5,+21.2,DA	+6.90,+3.0,+19.7,JB	+2.23,+270.6,+20.6,MB	+6.89,+4.4,+19.7,AB	
1701169749.2702453	+6.59,+13.5,+21.3,DA	+6.24,+38.5,+21.3,GA	+6.58,+20.5,+21.2,DA	+6.90,+3.0,+19.7,JB	+2.23,+271.0,+20.6,JB	+6.89,+4.5,+19.7,@B	
1701169811.279746	+6.59,+13.4,+21.3,EA	+6.24,+38.5,+21.3,GA	+6.58,+20.5,+21.3,EA	+6.90,+3.0,+19.7,JB	+2.22,+271.2,+20.6,IB	+6.89,+4.4,+19.7,AB	
1701169873.286688	+6.59,+13.5,+21.3,DA	+6.24,+38.5,+21.3,GA	+6.58,+20.5,+21.2,DA	+6.90,+3.0,+19.7,JB	+2.22,+271.3,+20.6,HB	+6.89,+4.5,+19.7,@B	
1701169935.2958705	+6.59,+13.4,+21.3,EA	+6.24,+38.5,+21.3,GA	+6.58,+20.5,+21.2,DA	+6.90,+3.0,+19.8,EB	+2.22,+271.6,+20.6,MB	+6.89,+4.5,+19.7,@B	
1701169997.3048677	+6.59,+13.5,+21.3,DA	+6.24,+38.5,+21.3,GA	+6.58,+20.5,+21.2,DA	+6.90,+2.9,+19.8,MB	+2.21,+271.7,+20.6,OB	+6.89,+4.5,+19.7,@B	
1701170059.3104358	+6.59,+13.4,+21.3,EA	+6.24,+38.5,+21.3,GA	+6.58,+20.6,+21.2,GA	+6.90,+3.0,+19.8,EB	+2.21,+271.9,+20.6,AB	+6.89,+4.4,+19.7,AB	
1701170121.3199327	+6.59,+13.5,+21.3,DA	+6.24,+38.5,+21.3,GA	+6.58,+20.4,+21.3,DA	+6.90,+3.0,+19.7,JB	+2.21,+271.8,+20.6,@B	+6.89,+4.4,+19.7,AB	
1701170183.328703	+6.59,+13.4,+21.3,EA	+6.24,+38.6,+21.3,DA	+6.58,+20.5,+21.2,DA	+6.90,+3.0,+19.8,EB	+2.21,+271.9,+20.6,AB	+6.89,+4.4,+19.7,AB	
1701170245.338248	+6.59,+13.4,+21.3,EA	+6.24,+38.5,+21.3,GA	+6.58,+20.6,+21.2,GA	+6.90,+2.9,+19.7,BB	+2.20,+272.4,+20.6,NB	+6.89,+4.4,+19.7,AB	
1701170307.3471663	+6.59,+13.5,+21.3,DA	+6.24,+38.5,+21.3,GA	+6.58,+20.5,+21.2,DA	+6.90,+3.0,+19.8,EB	+2.20,+272.5,+20.6,OB	+6.89,+4.3,+19.7,FB	
1701170552.8857787	+6.59,+13.5,+21.3,DA	+6.24,+38.6,+21.3,DA	+6.58,+20.6,+21.3,FA	+6.90,+3.0,+19.8,EB	+2.20,+272.6,+20.6,LB	+6.89,+4.4,+19.7,AB	
1701170614.8946416	+6.59,+13.5,+21.3,DA	+6.24,+38.6,+21.3,DA	+6.58,+20.5,+21.2,DA	+6.90,+3.0,+19.8,EB	+2.20,+272.7,+20.6,MB	+6.89,+4.4,+19.7,AB	
1701170676.8979917	+6.59,+13.5,+21.3,DA	+6.24,+38.6,+21.3,DA	+6.58,+20.5,+21.2,DA	+6.90,+2.9,+19.8,MB	+2.19,+272.9,+20.6,IB	+6.89,+4.4,+19.7,AB	
1701170738.9069834	+6.59,+13.5,+21.3,DA	+6.24,+38.6,+21.3,DA	+6.58,+20.5,+21.3,EA	+6.90,+3.0,+19.8,EB	+2.19,+273.0,+20.6,AB	+6.89,+4.4,+19.7,AB	
1701170800.9162803	+6.59,+13.5,+21.3,DA	+6.24,+38.6,+21.3,DA	+6.58,+20.6,+21.2,GA	+6.90,+3.0,+19.8,EB	+2.19,+273.1,+20.6,@B	+6.89,+4.4,+19.7,AB	
1701170862.9246821	+6.59,+13.4,+21.3,EA	+6.24,+38.6,+21.3,DA	+6.58,+20.5,+21.3,EA	+6.90,+3.0,+19.8,EB	+2.19,+273.0,+20.6,AB	+6.89,+4.4,+19.7,AB	
1701170924.9328294	+6.59,+13.4,+21.3,EA	+6.24,+38.6,+21.4,CA	+6.58,+20.5,+21.3,EA	+6.90,+3.0,+19.8,EB	+2.19,+273.0,+20.6,AB	+6.89,+4.4,+19.8,NB	
1701170986.9413135	+6.59,+13.4,+21.3,EA	+6.24,+38.6,+21.3,DA	+6.58,+20.5,+21.3,EA	+6.90,+3.0,+19.8,EB	+2.19,+273.0,+20.6,AB	+6.89,+4.4,+19.7,AB	
1701171048.9503736	+6.59,+13.4,+21.3,EA	+6.24,+38.5,+21.3,GA	+6.58,+20.5,+21.3,EA	+6.90,+2.9,+19.8,MB	+2.19,+272.9,+20.6,IB	+6.89,+4.4,+19.7,AB	
1701171110.9585004	+6.59,+13.5,+21.3,DA	+6.24,+38.6,+21.4,CA	+6.58,+20.5,+21.3,EA	+6.90,+2.9,+19.8,MB	+2.20,+272.8,+20.6,BB	+6.89,+4.4,+19.7,AB	
1701171172.9672034	+6.59,+13.4,+21.3,EA	+6.24,+38.6,+21.4,CA	+6.58,+20.5,+21.3,EA	+6.90,+3.0,+19.8,EB	+2.20,+272.7,+20.6,MB	+6.89,+4.4,+19.7,AB	
1701171234.9758735	+6.59,+13.5,+21.3,DA	+6.24,+38.6,+21.4,CA	+6.58,+20.5,+21.3,EA	+6.90,+3.0,+19.8,EB	+2.20,+272.7,+20.6,MB	+6.89,+4.5,+19.8,OB	
1701171296.9846473	+6.59,+13.5,+21.3,DA	+6.24,+38.7,+21.4,BA	+6.58,+20.6,+21.3,FA	+6.90,+2.9,+19.8,MB	+2.20,+272.5,+20.6,OB	+6.89,+4.3,+19.8,IB	
1701171358.9905498	+6.59,+13.4,+21.4,BA	+6.24,+38.6,+21.3,DA	+6.58,+20.5,+21.3,EA	+6.90,+3.0,+19.8,EB	+2.20,+272.6,+20.6,LB	+6.89,+4.5,+19.8,OB	
1701171421.0004632	+6.59,+13.4,+21.4,BA	+6.24,+38.6,+21.3,DA	+6.58,+20.5,+21.3,EA	+6.90,+3.0,+19.8,EB	+2.20,+272.5,+20.6,OB	+6.89,+4.4,+19.8,NB	
1701171483.008803	+6.59,+13.5,+21.4,CA	+6.24,+38.7,+21.4,BA	+6.58,+20.5,+21.3,EA	+6.90,+3.0,+19.8,EB	+2.20,+272.3,+20.6,IB	+6.89,+4.4,+19.8,NB	
1701171545.0169642	+6.59,+13.5,+21.4,CA	+6.24,+38.5,+21.4,@A	+6.58,+20.6,+21.3,FA	+6.90,+3.0,+19.8,EB	+2.20,+272.3,+20.6,IB	+6.89,+4.5,+19.8,OB	
1701171607.0238137	+6.59,+13.5,+21.3,DA	+6.24,+38.6,+21.4,CA	+6.58,+20.5,+21.3,EA	+6.90,+3.0,+19.8,EB	+2.20,+272.4,+20.6,NB	+6.89,+4.3,+19.8,IB	
1701171669.0329926	+6.59,+13.5,+21.3,DA	+6.24,+38.6,+21.4,CA	+6.58,+20.5,+21.3,EA	+6.90,+3.0,+19.8,EB	+2.21,+272.2,+20.6,IB	+6.89,+4.4,+19.8,NB	
1701171731.0428247	+6.59,+13.5,+21.4,CA	+6.24,+38.6,+21.4,CA	+6.58,+20.6,+21.3,FA	+6.90,+3.0,+19.8,EB	+2.20,+272.4,+20.6,NB	+6.89,+4.4,+19.8,NB	
1701171793.0518017	+6.59,+13.4,+21.4,BA	+6.24,+38.6,+21.4,CA	+6.58,+20.4,+21.3,DA	+6.90,+3.0,+19.8,EB	+2.21,+272.2,+20.6,IB	+6.89,+4.5,+19.8,OB	
1701171855.0607631	+6.59,+13.4,+21.3,EA	+6.24,+38.5,+21.4,@A	+6.58,+20.6,+21.3,FA	+6.90,+2.9,+19.8,MB	+2.21,+272.2,+20.6,IB	+6.89,+4.4,+19.8,NB	
1701171917.0665631	+6.59,+13.4,+21.4,BA	+6.24,+38.7,+21.4,BA	+6.58,+20.4,+21.3,DA	+6.90,+2.9,+19.8,MB	+2.21,+272.0,+20.6,KB	+6.89,+4.5,+19.8,OB	
1701171979.073827	+6.59,+13.4,+21.3,EA	+6.24,+38.6,+21.4,CA	+6.58,+20.5,+21.3,EA	+6.90,+2.9,+19.8,MB	+2.21,+271.9,+20.6,AB	+6.89,+4.4,+19.8,NB	
1701172041.0837855	+6.59,+13.5,+21.4,CA	+6.24,+38.7,+21.4,BA	+6.58,+20.5,+21.3,EA	+6.90,+3.0,+19.8,EB	+2.22,+271.5,+20.6,NB	+6.89,+4.4,+19.8,NB	
1701172103.0904684	+6.59,+13.4,+21.4,BA	+6.24,+38.8,+21.4,MA	+6.58,+20.5,+21.3,EA	+6.90,+3.0,+19.8,EB	+2.22,+271.4,+20.6,OB	+6.89,+4.4,+19.8,NB	
1701172165.097863	+6.59,+13.5,+21.4,CA	+6.24,+38.7,+21.4,BA	+6.58,+20.5,+21.4,BA	+6.90,+3.0,+19.9,DB	+2.22,+271.2,+20.6,IB	+6.89,+4.4,+19.8,NB	
1701172227.1079073	+6.59,+13.4,+21.4,BA	+6.24,+38.7,+21.4,BA	+6.58,+20.7,+21.3,GA	+6.90,+2.9,+19.8,MB	+2.23,+271.0,+20.6,JB	+6.89,+4.4,+19.8,NB	
1701172289.1178794	+6.59,+13.5,+21.4,CA	+6.24,+38.7,+21.4,BA	+6.58,+20.5,+21.3,EA	+6.90,+3.0,+19.9,DB	+2.23,+270.7,+20.6,LB	+6.90,+4.3,+19.8,AB	
1701172351.1274962	+6.59,+13.5,+21.4,CA	+6.24,+38.7,+21.4,BA	+6.58,+20.6,+21.3,FA	+6.90,+2.9,+19.8,MB	+2.24,+270.4,+20.6,HB	+6.89,+4.4,+19.8,NB	
1701172413.1365423	+6.59,+13.4,+21.4,BA	+6.24,+38.7,+21.4,BA	+6.58,+20.5,+21.3,EA	+6.90,+2.9,+19.9,LB	+2.24,+270.3,+20.6,OB	+6.89,+4.3,+19.8,IB	
1701172475.146411	+6.59,+13.5,+21.4,CA	+6.24,+38.7,+21.4,BA	+6.58,+20.6,+21.3,FA	+6.90,+2.9,+19.9,LB	+2.24,+270.0,+20.6,LB	+6.89,+4.4,+19.8,NB	
1701172537.1538398	+6.59,+13.4,+21.4,BA	+6.24,+38.7,+21.4,BA	+6.58,+20.5,+21.3,EA	+6.90,+3.0,+19.9,DB	+2.24,+270.1,+20.6,MB	+6.89,+4.4,+19.8,NB	
1701172599.1612246	+6.59,+13.5,+21.4,CA	+6.24,+38.7,+21.4,BA	+6.58,+20.6,+21.4,AA	+6.90,+3.0,+19.9,DB	+2.24,+270.0,+20.6,LB	+6.89,+4.3,+19.8,IB	
1701172661.168585	+6.59,+13.5,+21.4,CA	+6.24,+38.8,+21.4,MA	+6.58,+20.5,+21.4,BA	+6.90,+2.9,+19.9,LB	+2.25,+270.0,+20.6,MB	+6.89,+4.3,+19.8,IB	
1701172723.1772118	+6.59,+13.4,+21.4,BA	+6.24,+38.7,+21.4,BA	+6.58,+20.5,+21.4,BA	+6.90,+2.9,+19.9,LB	+2.25,+270.0,+20.6,MB	+6.89,+4.4,+19.8,NB	
1701172785.1862097	+6.59,+13.4,+21.4,BA	+6.24,+38.7,+21.4,BA	+6.58,+20.5,+21.4,BA	+6.90,+3.0,+19.9,DB	+2.25,+269.8,+20.6,MB	+6.89,+4.3,+19.9,HB	
1701172847.1938658	+6.59,+13.5,+21.4,CA	+6.24,+38.7,+21.5,CA	+6.58,+20.5,+21.3,EA	+6.90,+2.9,+19.9,LB	+2.25,+269.8,+20.7,LB	+6.89,+4.4,+19.9,OB	
1701172909.2042885	+6.59,+13.4,+21.4,BA	+6.24,+38.8,+21.4,MA	+6.58,+20.5,+21.4,BA	+6.90,+2.9,+19.9,LB	+2.25,+269.7,+20.6,BB	+6.89,+4.3,+19.9,HB	
1701172971.2136035	+6.59,+13.5,+21.4,CA	+6.24,+38.8,+21.4,MA	+6.58,+20.4,+21.4,CA	+6.90,+2.9,+19.9,LB	+2.25,+269.8,+20.6,MB	+6.89,+4.4,+19.9,OB	
1701173033.224076	+6.59,+13.4,+21.4,BA	+6.24,+38.8,+21.5,LA	+6.58,+20.5,+21.3,EA	+6.90,+3.0,+19.9,DB	+2.25,+269.7,+20.6,BB	+6.89,+4.4,+19.9,OB	
1701173095.2306993	+6.59,+13.4,+21.4,BA	+6.24,+38.7,+21.5,CA	+6.58,+20.6,+21.4,AA	+6.90,+2.9,+19.9,LB	+2.25,+269.6,+20.6,CB	+6.89,+4.4,+19.9,OB	
1701173157.2386487	+6.59,+13.4,+21.4,BA	+6.24,+38.7,+21.5,CA	+6.58,+20.6,+21.4,AA	+6.90,+2.9,+19.9,LB	+2.25,+269.9,+20.6,LB	+6.89,+4.4,+19.9,OB	
1701173219.243757	+6.59,+13.4,+21.4,BA	+6.24,+38.8,+21.5,LA	+6.58,+20.5,+21.4,BA	+6.90,+2.9,+19.9,LB	+2.25,+269.9,+20.6,LB	+6.89,+4.4,+19.9,OB	
1701173281.252877	+6.59,+13.5,+21.4,CA	+6.24,+38.7,+21.5,CA	+6.58,+20.6,+21.4,AA	+6.90,+2.9,+19.9,LB	+2.24,+270.0,+20.6,LB	+6.89,+4.4,+19.9,OB	
1701173343.2601063	+6.59,+13.5,+21.4,CA	+6.24,+38.7,+21.5,CA	+6.58,+20.6,+21.4,AA	+6.90,+3.0,+19.9,DB	+2.24,+270.1,+20.6,MB	+6.89,+4.5,+19.9,NB	
1701173405.2688904	+6.59,+13.5,+21.4,CA	+6.24,+38.7,+21.5,CA	+6.58,+20.4,+21.4,CA	+6.90,+3.0,+19.9,DB	+2.24,+270.1,+20.6,MB	+6.89,+4.4,+19.9,OB	
1701173467.2786067	+6.59,+13.5,+21.4,CA	+6.24,+38.8,+21.5,LA	+6.58,+20.5,+21.4,BA	+6.90,+2.9,+19.9,LB	+2.24,+270.1,+20.6,MB	+6.89,+4.4,+19.9,OB	
1701173529.2881098	+6.59,+13.5,+21.4,CA	+6.24,+38.8,+21.5,LA	+6.58,+20.5,+21.4,BA	+6.90,+2.9,+19.9,LB	+2.24,+270.2,+20.6,NB	+6.89,+4.5,+19.9,NB	
1701173591.296587	+6.59,+13.5,+21.4,CA	+6.23,+38.8,+21.5,KA	+6.58,+20.6,+21.4,AA	+6.90,+2.9,+19.9,LB	+2.25,+270.0,+20.6,MB	+6.89,+4.4,+19.9,OB	
1701173653.306526	+6.59,+13.5,+21.4,CA	+6.24,+38.8,+21.5,LA	+6.58,+20.6,+21.4,AA	+6.90,+2.9,+19.9,LB	+2.25,+269.7,+20.6,BB	+6.89,+4.4,+19.9,OB	
1701173715.314669	+6.59,+13.5,+21.4,CA	+6.24,+38.8,+21.5,LA	+6.58,+20.5,+21.4,BA	+6.90,+2.9,+19.9,LB	+2.25,+269.7,+20.6,BB	+6.89,+4.3,+19.9,HB	
1701173777.3241699	+6.59,+13.5,+21.4,CA	+6.23,+38.8,+21.5,KA	+6.58,+20.6,+21.4,AA	+6.90,+2.9,+19.9,LB	+2.25,+269.7,+20.6,BB	+6.89,+4.4,+19.9,OB	
1701173839.3323085	+6.59,+13.5,+21.4,CA	+6.23,+38.8,+21.5,KA	+6.58,+20.5,+21.4,BA	+6.90,+2.9,+19.9,LB	+2.25,+269.8,+20.7,LB	+6.89,+4.4,+19.9,OB	
1701173901.340666	+6.59,+13.5,+21.5,BA	+6.24,+38.8,+21.5,LA	+6.58,+20.6,+21.4,AA	+6.90,+2.9,+19.9,LB	+2.25,+269.7,+20.7,CB	+6.89,+4.4,+19.9,OB	
1701173963.3504303	+6.59,+13.5,+21.5,BA	+6.24,+38.7,+21.5,CA	+6.58,+20.6,+21.4,AA	+6.90,+2.9,+19.9,LB	+2.25,+269.7,+20.6,BB	+6.89,+4.4,+19.9,OB	
1701174025.3599765	+6.59,+13.5,+21.4,CA	+6.23,+38.8,+21.5,KA	+6.58,+20.5,+21.4,BA	+6.90,+2.9,+19.9,LB	+2.25,+269.8,+20.7,LB	+6.89,+4.3,+19.9,HB	
1701174087.3674104	+6.59,+13.5,+21.5,BA	+6.24,+38.7,+21.5,CA	+6.58,+20.6,+21.4,AA	+6.90,+3.0,+19.9,DB	+2.25,+269.8,+20.6,MB	+6.89,+4.3,+20.0,KB	
1701174149.3751602	+6.59,+13.5,+21.5,BA	+6.24,+38.8,+21.5,LA	+6.58,+20.5,+21.4,BA	+6.90,+2.8,+20.0,NB	+2.25,+269.7,+20.6,BB	+6.89,+4.4,+19.9,OB	
1701174394.9470732	+6.59,+13.5,+21.5,BA	+6.24,+38.8,+21.5,LA	+6.58,+20.5,+21.4,BA	+6.90,+2.9,+20.0,OB	+2.25,+269.6,+20.7,BB	+6.89,+4.4,+19.9,OB	
1701174456.9530761	+6.59,+13.5,+21.5,BA	+6.23,+38.8,+21.5,KA	+6.58,+20.6,+21.4,AA	+6.90,+2.9,+19.9,LB	+2.25,+270.0,+20.7,LB	+6.89,+4.4,+19.9,OB	
1701174518.9616356	+6.59,+13.5,+21.5,BA	+6.23,+38.9,+21.5,JA	+6.58,+20.5,+21.5,CA	+6.90,+2.9,+20.0,OB	+2.25,+270.0,+20.7,LB	+6.89,+4.4,+20.0,LB	
1701174580.9690964	+6.59,+13.5,+21.5,BA	+6.23,+38.8,+21.5,KA	+6.58,+20.4,+21.5,BA	+6.90,+2.9,+20.0,OB	+2.25,+270.0,+20.7,LB	+6.89,+4.4,+19.9,OB	
1701174642.9786384	+6.59,+13.4,+21.5,CA	+6.23,+38.9,+21.5,JA	+6.58,+20.5,+21.5,CA	+6.90,+2.9,+20.0,OB	+2.25,+270.0,+20.7,LB	+6.89,+4.4,+19.9,OB	
1701174704.9879882	+6.59,+13.4,+21.5,CA	+6.24,+38.8,+21.5,LA	+6.58,+20.6,+21.5,@A	+6.90,+2.9,+20.0,OB	+2.25,+270.0,+20.7,LB	+6.89,+4.4,+20.0,LB	
1701174766.9965706	+6.59,+13.5,+21.5,BA	+6.23,+38.9,+21.5,JA	+6.58,+20.5,+21.5,CA	+6.90,+2.9,+20.0,OB	+2.24,+270.1,+20.7,LB	+6.89,+4.4,+20.0,LB	
1701174829.0059335	+6.59,+13.5,+21.5,BA	+6.23,+38.8,+21.5,KA	+6.58,+20.5,+21.5,CA	+6.90,+2.9,+20.0,OB	+2.25,+270.1,+20.7,MB	+6.89,+4.4,+20.0,LB	
1701174891.0161257	+6.59,+13.5,+21.5,BA	+6.23,+38.8,+21.5,KA	+6.58,+20.5,+21.5,CA	+6.90,+2.9,+20.0,OB	+2.24,+270.1,+20.7,LB	+6.89,+4.4,+20.0,LB	
1701174953.0267408	+6.59,+13.5,+21.5,BA	+6.23,+38.8,+21.5,KA	+6.58,+20.5,+21.5,CA	+6.90,+2.9,+20.0,OB	+2.24,+270.1,+20.7,LB	+6.89,+4.4,+20.0,LB	
1701175015.0359287	+6.59,+13.5,+21.5,BA	+6.24,+38.8,+21.5,LA	+6.58,+20.5,+21.5,CA	+6.90,+2.9,+20.0,OB	+2.24,+270.1,+20.7,LB	+6.89,+4.4,+20.0,LB	
1701175077.045423	+6.59,+13.4,+21.5,CA	+6.24,+38.7,+21.5,CA	+6.58,+20.6,+21.5,@A	+6.90,+2.9,+20.0,OB	+2.25,+270.0,+20.7,LB	+6.89,+4.4,+20.0,LB	
1701175139.0534852	+6.59,+13.6,+21.5,AA	+6.24,+38.7,+21.5,CA	+6.58,+20.5,+21.5,CA	+6.90,+2.9,+20.0,OB	+2.24,+270.1,+20.7,LB	+6.89,+4.4,+20.0,LB	
1701175201.061083	+6.59,+13.5,+21.5,BA	+6.24,+38.7,+21.5,CA	+6.58,+20.5,+21.5,CA	+6.90,+2.9,+20.0,OB	+2.25,+270.1,+20.7,MB	+6.89,+4.4,+20.0,LB	
1701175263.069575	+6.59,+13.5,+21.5,BA	+6.24,+38.8,+21.6,OA	+6.58,+20.5,+21.5,CA	+6.90,+2.9,+20.0,OB	+2.24,+270.1,+20.7,LB	+6.89,+4.4,+20.0,LB	
1701175325.0781937	+6.59,+13.5,+21.5,BA	+6.23,+38.8,+21.5,KA	+6.58,+20.6,+21.5,@A	+6.90,+2.9,+20.0,OB	+2.24,+270.1,+20.7,LB	+6.89,+4.5,+20.0,MB	
1701175387.0877073	+6.59,+13.5,+21.5,BA	+6.24,+38.8,+21.6,OA	+6.58,+20.6,+21.5,@A	+6.90,+2.9,+20.0,OB	+2.24,+270.1,+20.7,LB	+6.89,+4.5,+20.0,MB	
1701175449.0967429	+6.59,+13.5,+21.5,BA	+6.24,+38.8,+21.5,LA	+6.58,+20.5,+21.5,CA	+6.90,+2.9,+20.0,OB	+2.24,+270.1,+20.7,LB	+6.89,+4.4,+20.0,LB	
1701175511.1041021	+6.59,+13.5,+21.5,BA	+6.24,+38.8,+21.6,OA	+6.58,+20.6,+21.5,@A	+6.90,+2.9,+20.0,OB	+2.24,+270.1,+20.7,LB	+6.90,+4.1,+20.0,AB	
1701175573.1090465	+6.59,+13.5,+21.5,BA	+6.24,+38.8,+21.6,OA	+6.58,+20.5,+21.5,CA	+6.90,+2.9,+20.0,OB	+2.24,+270.2,+20.7,OB	+6.90,+4.3,+20.0,CB	
1701175635.1183698	+6.59,+13.5,+21.5,BA	+6.24,+38.8,+21.6,OA	+6.58,+20.5,+21.5,CA	+6.90,+2.9,+20.0,OB	+2.24,+270.3,+20.7,NB	+6.89,+4.4,+20.0,LB	
1701175697.1265376	+6.59,+13.5,+21.5,BA	+6.23,+38.8,+21.6,HA	+6.58,+20.5,+21.5,CA	+6.90,+2.9,+20.0,OB	+2.24,+270.3,+20.7,NB	+6.89,+4.4,+20.0,LB	
1701175759.1326742	+6.59,+13.5,+21.5,BA	+6.24,+38.8,+21.6,OA	+6.58,+20.6,+21.5,@A	+6.90,+2.9,+20.0,OB	+2.24,+270.3,+20.7,NB	+6.89,+4.3,+20.0,KB	
1701175821.1406758	+6.59,+13.5,+21.5,BA	+6.24,+38.8,+21.6,OA	+6.58,+20.5,+21.5,CA	+6.90,+2.9,+20.0,OB	+2.24,+270.2,+20.7,OB	+6.89,+4.4,+20.0,LB	
1701175883.1493065	+6.59,+13.5,+21.5,BA	+6.24,+38.8,+21.6,OA	+6.58,+20.6,+21.5,@A	+6.90,+2.9,+20.0,OB	+2.24,+270.3,+20.7,NB	+6.89,+4.3,+20.0,KB	
1701175945.1563594	+6.59,+13.5,+21.5,BA	+6.23,+38.9,+21.6,IA	+6.58,+20.5,+21.5,CA	+6.90,+2.9,+20.0,OB	+2.24,+270.4,+20.7,IB	+6.89,+4.4,+20.0,LB	
1701176007.160871	+6.59,+13.5,+21.6,AA	+6.23,+39.0,+21.6,AA	+6.58,+20.4,+21.5,BA	+6.90,+2.9,+20.0,OB	+2.24,+270.4,+20.7,IB	+6.89,+4.3,+20.0,KB	
1701176069.1680708	+6.59,+13.5,+21.6,AA	+6.23,+38.8,+21.6,HA	+6.58,+20.5,+21.5,CA	+6.90,+2.9,+20.0,OB	+2.24,+270.3,+20.7,NB	+6.89,+4.3,+20.1,JB	
1701176131.1777952	+6.59,+13.5,+21.5,BA	+6.23,+38.9,+21.6,IA	+6.58,+20.6,+21.6,CA	+6.90,+2.9,+20.1,NB	+2.24,+270.2,+20.7,OB	+6.89,+4.3,+20.1,JB	
1701176193.1855402	+6.59,+13.5,+21.6,AA	+6.23,+38.9,+21.6,IA	+6.58,+20.6,+21.6,CA	+6.90,+2.9,+20.1,NB	+2.24,+270.3,+20.7,NB	+6.89,+4.4,+20.1,MB	
1701176255.1916928	+6.59,+13.5,+21.5,BA	+6.23,+38.8,+21.6,HA	+6.58,+20.5,+21.6,@A	+6.90,+2.9,+20.1,NB	+2.24,+270.3,+20.7,NB	+6.89,+4.3,+20.1,JB	
1701176317.2010572	+6.59,+13.5,+21.6,AA	+6.23,+38.9,+21.6,IA	+6.58,+20.5,+21.6,@A	+6.90,+2.8,+20.1,OB	+2.24,+270.5,+20.7,HB	+6.89,+4.3,+20.1,JB	
1701176379.2078433	+6.59,+13.5,+21.6,AA	+6.23,+38.9,+21.6,IA	+6.58,+20.6,+21.5,@A	+6.90,+2.9,+20.0,OB	+2.24,+270.4,+20.7,IB	+6.89,+4.4,+20.1,MB	
1701176441.2175796	+6.59,+13.5,+21.6,AA	+6.24,+38.8,+21.6,OA	+6.58,+20.5,+21.5,CA	+6.90,+2.8,+20.1,OB	+2.24,+270.5,+20.7,HB	+6.89,+4.4,+20.1,MB	
1701176503.2268353	+6.59,+13.5,+21.6,AA	+6.24,+38.8,+21.6,OA	+6.58,+20.5,+21.6,@A	+6.90,+2.8,+20.1,OB	+2.24,+270.6,+20.7,KB	+6.89,+4.4,+20.1,MB	
1701176565.2353332	+6.59,+13.5,+21.6,AA	+6.23,+38.8,+21.6,HA	+6.58,+20.5,+21.6,@A	+6.90,+2.9,+20.1,NB	+2.24,+270.6,+20.7,KB	+6.89,+4.4,+20.1,MB	
1701176627.2439294	+6.59,+13.5,+21.6,AA	+6.23,+38.9,+21.6,IA	+6.58,+20.5,+21.6,@A	+6.90,+2.8,+20.1,OB	+2.24,+270.6,+20.7,KB	+6.89,+4.3,+20.1,JB	
1701176689.251301	+6.59,+13.5,+21.6,AA	+6.23,+38.9,+21.6,IA	+6.58,+20.6,+21.6,CA	+6.90,+2.9,+20.1,NB	+2.24,+270.7,+20.8,EB	+6.89,+4.4,+20.1,MB	
1701176751.2599204	+6.59,+13.5,+21.6,AA	+6.23,+38.8,+21.6,HA	+6.58,+20.5,+21.6,@A	+6.90,+2.9,+20.1,NB	+2.24,+270.7,+20.7,JB	+6.89,+4.3,+20.1,JB	
1701176813.2649357	+6.59,+13.6,+21.6,BA	+6.23,+38.9,+21.6,IA	+6.58,+20.6,+21.5,@A	+6.90,+2.9,+20.1,NB	+2.23,+270.8,+20.8,MB	+6.89,+4.4,+20.1,MB	
1701176875.2735076	+6.59,+13.4,+21.6,@A	+6.24,+38.8,+21.6,OA	+6.58,+20.5,+21.6,@A	+6.90,+2.9,+20.1,NB	+2.23,+270.7,+20.7,MB	+6.89,+4.3,+20.1,JB	
1701176937.2823327	+6.59,+13.5,+21.6,AA	+6.23,+38.9,+21.6,IA	+6.58,+20.6,+21.6,CA	+6.90,+2.9,+20.1,NB	+2.24,+270.6,+20.7,KB	+6.89,+4.4,+20.1,MB	
1701176999.2896144	+6.59,+13.5,+21.6,AA	+6.23,+38.9,+21.6,IA	+6.58,+20.5,+21.6,@A	+6.90,+2.8,+20.1,OB	+2.23,+270.8,+20.7,BB	+6.89,+4.3,+20.1,JB	
1701177061.2985628	+6.59,+13.5,+21.6,AA	+6.23,+38.9,+21.6,IA	+6.58,+20.5,+21.6,@A	+6.90,+2.9,+20.1,NB	+2.23,+271.0,+20.8,DB	+6.89,+4.4,+20.1,MB	
1701177123.3090696	+6.59,+13.5,+21.6,AA	+6.23,+38.9,+21.7,HA	+6.58,+20.5,+21.6,@A	+6.90,+2.9,+20.1,NB	+2.23,+270.9,+20.8,LB	+6.89,+4.4,+20.1,MB	
1701177185.3189695	+6.59,+13.5,+21.6,AA	+6.23,+38.9,+21.6,IA	+6.58,+20.6,+21.6,CA	+6.90,+2.9,+20.1,NB	+2.23,+271.0,+20.8,DB	+6.89,+4.3,+20.1,JB	
1701177247.32744	+6.59,+13.5,+21.6,AA	+6.24,+38.8,+21.6,OA	+6.58,+20.5,+21.6,@A	+6.90,+2.8,+20.1,OB	+2.23,+271.0,+20.8,DB	+6.89,+4.4,+20.1,MB	
1701177309.338647	+6.59,+13.5,+21.6,AA	+6.23,+38.8,+21.6,HA	+6.58,+20.6,+21.6,CA	+6.90,+2.8,+20.1,OB	+2.23,+270.9,+20.8,LB	+6.89,+4.3,+20.1,JB	
1701177371.3452656	+6.59,+13.5,+21.6,AA	+6.24,+38.8,+21.6,OA	+6.58,+20.6,+21.6,CA	+6.90,+2.9,+20.1,NB	+2.23,+271.0,+20.8,DB	+6.90,+4.3,+20.1,BB	
1701177433.355131	+6.59,+13.5,+21.6,AA	+6.24,+38.8,+21.6,OA	+6.58,+20.6,+21.6,CA	+6.90,+2.8,+20.1,OB	+2.23,+271.0,+20.8,DB	+6.89,+4.3,+20.1,JB	
1701177495.3642359	+6.59,+13.5,+21.6,AA	+6.23,+38.9,+21.7,HA	+6.58,+20.5,+21.6,@A	+6.90,+2.9,+20.1,NB	+2.23,+270.7,+20.8,BB	+6.89,+4.4,+20.1,MB	
1701177557.3742251	+6.59,+13.5,+21.6,AA	+6.23,+38.9,+21.6,IA	+6.58,+20.5,+21.6,@A	+6.90,+2.9,+20.1,NB	+2.24,+270.6,+20.8,DB	+6.89,+4.4,+20.1,MB	
1701177619.3844314	+6.59,+13.5,+21.6,AA	+6.23,+38.9,+21.7,HA	+6.58,+20.6,+21.6,CA	+6.90,+2.9,+20.1,NB	+2.24,+270.6,+20.8,DB	+6.89,+4.3,+20.1,JB	
1701177681.3956542	+6.59,+13.5,+21.6,AA	+6.23,+38.9,+21.6,IA	+6.58,+20.5,+21.6,@A	+6.90,+2.9,+20.1,NB	+2.24,+270.7,+20.8,EB	+6.89,+4.3,+20.1,JB	
1701177743.405916	+6.59,+13.6,+21.6,BA	+6.23,+38.9,+21.6,IA	+6.58,+20.5,+21.6,@A	+6.90,+2.9,+20.1,NB	+2.23,+270.8,+20.8,MB	+6.90,+4.2,+20.1,CB	
1701177805.4154043	+6.59,+13.5,+21.6,AA	+6.23,+39.0,+21.7,@A	+6.58,+20.6,+21.6,CA	+6.90,+2.8,+20.1,OB	+2.23,+270.8,+20.8,MB	+6.90,+4.3,+20.1,BB	
1701177867.4247684	+6.59,+13.5,+21.6,AA	+6.23,+38.9,+21.7,HA	+6.58,+20.6,+21.6,CA	+6.90,+2.9,+20.1,NB	+2.23,+270.7,+20.8,BB	+6.89,+4.3,+20.1,JB	
1701177929.4345026	+6.59,+13.5,+21.6,AA	+6.23,+38.9,+21.7,HA	+6.58,+20.5,+21.6,@A	+6.90,+2.9,+20.1,NB	+2.23,+270.8,+20.8,MB	+6.89,+4.4,+20.1,MB	
1701177991.4423726	+6.59,+13.6,+21.6,BA	+6.23,+38.9,+21.7,HA	+6.58,+20.5,+21.6,@A	+6.90,+2.9,+20.1,NB	+2.23,+270.8,+20.8,MB	+6.89,+4.4,+20.1,MB	
1701178237.0031846	+6.59,+13.5,+21.6,AA	+6.23,+38.9,+21.7,HA	+6.58,+20.6,+21.6,CA	+6.90,+2.8,+20.2,LB	+2.24,+270.5,+20.8,GB	+6.89,+4.4,+20.1,MB	
1701178299.01292	+6.59,+13.5,+21.6,AA	+6.23,+38.8,+21.7,IA	+6.58,+20.6,+21.6,CA	+6.90,+2.9,+20.1,NB	+2.23,+271.1,+20.8,EB	+6.89,+4.3,+20.1,JB	
1701178361.0225246	+6.59,+13.5,+21.6,AA	+6.24,+38.8,+21.7,NA	+6.58,+20.5,+21.6,@A	+6.90,+2.8,+20.2,LB	+2.23,+271.0,+20.8,DB	+6.89,+4.3,+20.1,JB	
1701178423.029663	+6.59,+13.5,+21.6,AA	+6.23,+38.9,+21.7,HA	+6.58,+20.5,+21.6,@A	+6.90,+2.9,+20.2,MB	+2.23,+271.0,+20.8,DB	+6.89,+4.4,+20.2,NB	
1701178485.040605	+6.59,+13.5,+21.6,AA	+6.24,+38.7,+21.7,AA	+6.58,+20.6,+21.6,CA	+6.90,+2.8,+20.2,LB	+2.23,+271.0,+20.8,DB	+6.89,+4.3,+20.2,IB	
1701178547.0506613	+6.59,+13.5,+21.6,AA	+6.24,+38.8,+21.7,NA	+6.58,+20.6,+21.6,CA	+6.90,+2.9,+20.2,MB	+2.23,+271.0,+20.8,DB	+6.89,+4.3,+20.2,IB	
1701178609.0616503	+6.59,+13.5,+21.6,AA	+6.24,+38.8,+21.7,NA	+6.58,+20.6,+21.6,CA	+6.90,+2.9,+20.2,MB	+2.23,+271.0,+20.8,DB	+6.90,+4.3,+20.2,AB	
1701178671.0705576	+6.59,+13.5,+21.6,AA	+6.24,+38.8,+21.7,NA	+6.58,+20.6,+21.6,CA	+6.90,+2.8,+20.2,LB	+2.23,+271.0,+20.8,DB	+6.89,+4.3,+20.1,JB	
1701178733.0808737	+6.59,+13.5,+21.6,AA	+6.24,+38.8,+21.7,NA	+6.58,+20.5,+21.7,AA	+6.90,+2.8,+20.2,LB	+2.24,+270.7,+20.8,EB	+6.89,+4.4,+20.2,NB	
1701178795.089475	+6.59,+13.5,+21.6,AA	+6.24,+38.7,+21.7,AA	+6.58,+20.7,+21.6,BA	+6.90,+2.8,+20.2,LB	+2.23,+270.9,+20.8,LB	+6.89,+4.3,+20.2,IB	
1701178857.0991867	+6.59,+13.5,+21.6,AA	+6.24,+38.8,+21.7,NA	+6.58,+20.5,+21.7,AA	+6.90,+2.9,+20.1,NB	+2.23,+270.8,+20.8,MB	+6.89,+4.3,+20.2,IB	
1701178919.107017	+6.59,+13.5,+21.7,@A	+6.24,+38.8,+21.7,NA	+6.58,+20.6,+21.7,BA	+6.90,+2.9,+20.2,MB	+2.23,+270.9,+20.8,LB	+6.89,+4.3,+20.2,IB	
1701178981.115795	+6.59,+13.5,+21.6,AA	+6.24,+38.8,+21.7,NA	+6.58,+20.6,+21.7,BA	+6.90,+2.8,+20.2,LB	+2.23,+271.1,+20.8,EB	+6.89,+4.3,+20.2,IB	
1701179043.1252732	+6.59,+13.5,+21.7,@A	+6.24,+38.8,+21.7,NA	+6.58,+20.6,+21.7,BA	+6.90,+2.9,+20.2,MB	+2.23,+271.2,+20.8,FB	+6.89,+4.3,+20.2,IB	
1701179105.132893	+6.59,+13.6,+21.7,CA	+6.24,+38.7,+21.7,AA	+6.58,+20.6,+21.7,BA	+6.90,+2.8,+20.2,LB	+2.23,+271.1,+20.8,EB	+6.89,+4.4,+20.1,MB	
1701179167.1426015	+6.59,+13.6,+21.6,BA	+6.24,+38.8,+21.7,NA	+6.58,+20.5,+21.6,@A	+6.90,+2.8,+20.2,LB	+2.25,+269.7,+20.8,LB	+6.89,+4.3,+20.2,IB	
1701179229.1510649	+6.59,+13.5,+21.7,@A	+6.24,+38.7,+21.7,AA	+6.58,+20.5,+21.7,AA	+6.90,+2.9,+20.2,MB	+2.23,+271.0,+20.8,DB	+6.90,+4.3,+20.2,AB	
1701179291.1608875	+6.59,+13.5,+21.7,@A	+6.24,+38.8,+21.7,NA	+6.58,+20.5,+21.7,AA	+6.90,+2.8,+20.2,LB	+2.23,+270.8,+20.8,MB	+6.89,+4.3,+20.2,IB	
1701179353.1703207	+6.59,+13.5,+21.6,AA	+6.24,+38.8,+21.7,NA	+6.58,+20.5,+21.7,AA	+6.90,+2.8,+20.2,LB	+2.23,+271.0,+20.8,DB	+6.90,+4.3,+20.2,AB	
1701179415.1806219	+6.59,+13.6,+21.7,CA	+6.24,+38.8,+21.7,NA	+6.58,+20.5,+21.7,AA	+6.90,+2.8,+20.2,LB	+2.23,+270.9,+20.8,LB	+6.89,+4.4,+20.2,NB	
1701179477.1926143	+6.59,+13.5,+21.7,@A	+6.24,+38.8,+21.7,NA	+6.58,+20.5,+21.7,AA	+6.90,+2.8,+20.2,LB	+2.23,+271.1,+20.8,EB	+6.89,+4.3,+20.2,IB	
1701179539.2023857	+6.59,+13.6,+21.7,CA	+6.24,+38.8,+21.7,NA	+6.58,+20.6,+21.7,BA	+6.90,+2.8,+20.2,LB	+2.23,+271.2,+20.8,FB	+6.89,+4.3,+20.2,IB	
1701179601.2106283	+6.59,+13.5,+21.7,@A	+6.24,+38.8,+21.7,NA	+6.58,+20.6,+21.7,BA	+6.90,+2.8,+20.2,LB	+2.23,+271.0,+20.8,DB	+6.89,+4.4,+20.2,NB	
1701179663.2200606	+6.59,+13.6,+21.7,CA	+6.24,+38.7,+21.7,AA	+6.58,+20.5,+21.7,AA	+6.90,+2.9,+20.2,MB	+2.23,+271.0,+20.8,DB	+6.89,+4.3,+20.2,IB	
1701179725.2298687	+6.59,+13.5,+21.7,@A	+6.24,+38.7,+21.7,AA	+6.58,+20.5,+21.7,AA	+6.90,+2.8,+20.2,LB	+2.23,+270.8,+20.8,MB	+6.90,+4.3,+20.2,AB	
1701179787.23928	+6.59,+13.5,+21.7,@A	+6.24,+38.8,+21.7,NA	+6.58,+20.5,+21.7,AA	+6.90,+2.8,+20.2,LB	+2.23,+270.9,+20.8,LB	+6.90,+4.2,+20.2,@B	
1701179849.247846	+6.59,+13.5,+21.7,@A	+6.24,+38.6,+21.7,@A	+6.58,+20.5,+21.7,AA	+6.90,+2.8,+20.2,LB	+2.24,+270.7,+20.9,DB	+6.90,+4.3,+20.2,AB	
1701179911.2557027	+6.59,+13.6,+21.7,CA	+6.24,+38.7,+21.7,AA	+6.58,+20.5,+21.7,AA	+6.90,+2.8,+20.2,LB	+2.24,+270.7,+20.8,EB	+6.89,+4.4,+20.2,NB	
1701179973.2648292	+6.59,+13.5,+21.7,@A	+6.24,+38.8,+21.7,NA	+6.58,+20.5,+21.7,AA	+6.90,+2.8,+20.2,LB	+2.24,+270.7,+20.8,EB	+6.89,+4.4,+20.2,NB	
1701180035.275145	+6.59,+13.6,+21.7,CA	+6.24,+38.7,+21.7,AA	+6.58,+20.5,+21.7,AA	+6.90,+2.8,+20.2,LB	+2.24,+270.5,+20.9,FB	+6.89,+4.4,+20.2,NB	
1701180097.2826724	+6.59,+13.5,+21.7,@A	+6.24,+38.7,+21.7,AA	+6.58,+20.5,+21.7,AA	+6.90,+2.8,+20.2,LB	+2.24,+270.5,+20.8,GB	+6.89,+4.4,+20.2,NB	
1701180159.2914944	+6.59,+13.6,+21.7,CA	+6.24,+38.6,+21.7,@A	+6.58,+20.6,+21.7,BA	+6.90,+2.9,+20.2,MB	+2.24,+270.5,+20.9,FB	+6.89,+4.3,+20.2,IB	
1701180221.3021564	+6.59,+13.5,+21.7,@A	+6.24,+38.7,+21.7,AA	+6.58,+20.5,+21.7,AA	+6.90,+2.9,+20.2,MB	+2.24,+270.4,+20.9,GB	+6.89,+4.4,+20.2,NB	
1701180283.3108244	+6.59,+13.5,+21.7,@A	+6.24,+38.6,+21.7,@A	+6.58,+20.5,+21.7,AA	+6.90,+2.8,+20.2,LB	+2.24,+270.4,+20.9,GB	+6.89,+4.4,+20.2,NB	
1701180345.3196843	+6.59,+13.6,+21.7,CA	+6.24,+38.7,+21.7,AA	+6.58,+20.5,+21.6,@A	+6.90,+2.8,+20.2,LB	+2.24,+270.4,+20.8,FB	+6.89,+4.4,+20.2,NB	
1701180407.3288665	+6.59,+13.5,+21.7,@A	+6.24,+38.7,+21.7,AA	+6.58,+20.6,+21.7,BA	+6.90,+2.8,+20.2,LB	+2.24,+270.4,+20.9,GB	+6.90,+4.3,+20.2,AB	
1701180469.3388143	+6.59,+13.5,+21.7,@A	+6.24,+38.6,+21.7,@A	+6.58,+20.5,+21.7,AA	+6.90,+2.8,+20.2,LB	+2.24,+270.3,+20.8,AB	+6.89,+4.3,+20.2,IB	
1701180531.3486974	+6.59,+13.6,+21.7,CA	+6.24,+38.6,+21.7,@A	+6.58,+20.5,+21.7,AA	+6.90,+2.8,+20.2,LB	+2.24,+270.5,+20.9,FB	+6.89,+4.3,+20.2,IB	
1701180593.3582358	+6.59,+13.6,+21.7,CA	+6.24,+38.6,+21.7,@A	+6.58,+20.6,+21.7,BA	+6.90,+2.8,+20.2,LB	+2.25,+270.1,+20.8,BB	+6.89,+4.3,+20.2,IB	
1701180655.3680701	+6.59,+13.5,+21.7,@A	+6.24,+38.6,+21.7,@A	+6.58,+20.5,+21.7,AA	+6.90,+2.8,+20.2,LB	+2.24,+270.3,+20.9,@B	+6.90,+4.2,+20.2,@B	
1701180717.376492	+6.59,+13.5,+21.7,@A	+6.24,+38.6,+21.7,@A	+6.58,+20.4,+21.7,@A	+6.90,+2.8,+20.2,LB	+2.24,+270.5,+20.9,FB	+6.89,+4.4,+20.2,NB	
1701180779.384539	+6.59,+13.6,+21.7,CA	+6.24,+38.6,+21.7,@A	+6.58,+20.5,+21.7,AA	+6.90,+2.9,+20.2,MB	+2.24,+270.5,+20.9,FB	+6.89,+4.3,+20.2,IB	
1701180841.3944597	+6.59,+13.5,+21.7,@A	+6.24,+38.5,+21.7,CA	+6.58,+20.5,+21.7,AA	+6.90,+2.8,+20.2,LB	+2.24,+270.4,+20.9,GB	+6.89,+4.4,+20.2,NB	
1701180903.4042995	+6.59,+13.5,+21.7,@A	+6.24,+38.5,+21.7,CA	+6.58,+20.6,+21.7,BA	+6.90,+2.8,+20.2,LB	+2.24,+270.4,+20.9,GB	+6.89,+4.4,+20.2,NB	
1701180965.411999	+6.59,+13.5,+21.7,@A	+6.24,+38.6,+21.8,OA	+6.58,+20.6,+21.7,BA	+6.90,+2.8,+20.2,LB	+2.24,+270.6,+20.9,EB	+6.89,+4.3,+20.2,IB	
1701181027.421174	+6.59,+13.6,+21.7,CA	+6.24,+38.6,+21.7,@A	+6.58,+20.6,+21.7,BA	+6.90,+2.8,+20.2,LB	+2.24,+270.7,+20.9,DB	+6.89,+4.4,+20.2,NB	
1701181089.4307678	+6.59,+13.6,+21.7,CA	+6.24,+38.6,+21.7,@A	+6.58,+20.6,+21.7,BA	+6.90,+2.8,+20.2,LB	+2.23,+270.8,+20.9,LB	+6.89,+4.3,+20.2,IB	
1701181151.4374	+6.59,+13.5,+21.7,@A	+6.24,+38.6,+21.7,@A	+6.58,+20.5,+21.7,AA	+6.90,+2.8,+20.2,LB	+2.24,+270.7,+20.9,DB	+6.90,+4.3,+20.2,AB	
1701181213.444789	+6.59,+13.6,+21.7,CA	+6.24,+38.5,+21.7,CA	+6.58,+20.5,+21.7,AA	+6.90,+2.8,+20.2,LB	+2.24,+270.8,+20.9,KB	+6.90,+4.3,+20.2,AB	
1701181275.4532235	+6.59,+13.5,+21.7,@A	+6.24,+38.5,+21.7,CA	+6.58,+20.5,+21.7,AA	+6.90,+2.8,+20.2,LB	+2.23,+270.9,+20.9,MB	+6.90,+4.2,+20.2,@B	
1701181337.4631279	+6.59,+13.6,+21.7,CA	+6.24,+38.5,+21.7,CA	+6.58,+20.6,+21.7,BA	+6.90,+2.8,+20.2,LB	+2.23,+270.9,+20.9,MB	+6.89,+4.4,+20.2,NB	
1701181399.47269	+6.59,+13.5,+21.7,@A	+6.24,+38.4,+21.7,BA	+6.58,+20.6,+21.7,BA	+6.90,+2.8,+20.2,LB	+2.25,+269.9,+20.9,CB	+6.90,+4.3,+20.2,AB	
1701181461.4808815	+6.59,+13.6,+21.7,CA	+6.24,+38.5,+21.7,CA	+6.58,+20.6,+21.7,BA	+6.90,+2.8,+20.2,LB	+2.25,+269.9,+20.9,CB	+6.90,+4.2,+20.2,@B	
1701181523.4902978	+6.59,+13.6,+21.7,CA	+6.24,+38.5,+21.7,CA	+6.58,+20.6,+21.7,BA	+6.90,+2.8,+20.2,LB	+2.25,+270.0,+20.9,BB	+6.89,+4.3,+20.2,IB	
1701181585.5002978	+6.59,+13.5,+21.7,@A	+6.24,+38.5,+21.7,CA	+6.58,+20.6,+21.7,BA	+6.90,+2.8,+20.2,LB	+2.25,+270.0,+20.9,BB	+6.89,+4.5,+20.2,OB	
1701181647.5102108	+6.59,+13.6,+21.7,CA	+6.24,+38.5,+21.7,CA	+6.58,+20.6,+21.7,BA	+6.90,+2.8,+20.2,LB	+2.25,+269.8,+20.9,BB	+6.89,+4.3,+20.2,IB	
1701181709.5173209	+6.59,+13.6,+21.7,CA	+6.24,+38.5,+21.7,CA	+6.58,+20.5,+21.7,AA	+6.90,+2.9,+20.2,MB	+2.26,+269.5,+20.9,LB	+6.89,+4.3,+20.2,IB	
1701181771.5244286	+6.59,+13.5,+21.7,@A	+6.24,+38.4,+21.7,BA	+6.58,+20.5,+21.7,AA	+6.90,+2.8,+20.2,LB	+2.26,+269.5,+20.9,LB	+6.89,+4.3,+20.2,IB	
1701181833.5326977	+6.59,+13.6,+21.7,CA	+6.24,+38.5,+21.7,CA	+6.58,+20.5,+21.7,AA	+6.90,+2.8,+20.2,LB	+2.26,+269.3,+20.9,JB	+6.90,+4.2,+20.2,@B	
1701182080.2907057	+6.59,+13.6,+21.7,CA	+6.24,+38.4,+21.8,MA	+6.58,+20.5,+21.7,AA	+6.90,+2.8,+20.2,LB	+2.26,+269.7,+20.9,NB	+6.89,+4.3,+20.2,IB	
1701182142.2962468	+6.59,+13.5,+21.7,@A	+6.24,+38.5,+21.8,LA	+6.58,+20.7,+21.7,CA	+6.90,+2.8,+20.2,LB	+2.25,+270.0,+20.9,BB	+6.89,+4.5,+20.2,OB	
1701182204.3067067	+6.59,+13.6,+21.7,CA	+6.24,+38.5,+21.8,LA	+6.58,+20.5,+21.7,AA	+6.90,+2.8,+20.2,LB	+2.25,+270.1,+20.9,CB	+6.89,+4.4,+20.2,NB	
1701182266.313894	+6.59,+13.5,+21.7,@A	+6.24,+38.4,+21.8,MA	+6.58,+20.6,+21.7,BA	+6.90,+2.8,+20.2,LB	+2.25,+270.1,+20.9,CB	+6.89,+4.5,+20.2,OB	
1701182328.3232281	+6.59,+13.5,+21.7,@A	+6.24,+38.5,+21.8,LA	+6.58,+20.5,+21.7,AA	+6.90,+2.8,+20.2,LB	+2.25,+270.1,+20.9,CB	+6.89,+4.4,+20.2,NB	
1701182390.3328638	+6.59,+13.6,+21.7,CA	+6.24,+38.5,+21.8,LA	+6.58,+20.6,+21.7,BA	+6.90,+2.8,+20.2,LB	+2.25,+270.1,+20.9,CB	+6.89,+4.5,+20.2,OB	
1701182452.341607	+6.59,+13.6,+21.7,CA	+6.24,+38.5,+21.8,LA	+6.58,+20.6,+21.7,BA	+6.90,+2.8,+20.2,LB	+2.25,+270.2,+20.9,@B	+6.89,+4.5,+20.2,OB	
1701182514.3512678	+6.59,+13.6,+21.7,CA	+6.24,+38.5,+21.8,LA	+6.58,+20.6,+21.7,BA	+6.90,+2.8,+20.2,LB	+2.25,+270.2,+20.9,@B	+6.89,+4.5,+20.2,OB	
1701182576.3596303	+6.59,+13.6,+21.7,CA	+6.24,+38.4,+21.8,MA	+6.58,+20.6,+21.7,BA	+6.90,+2.8,+20.2,LB	+2.25,+270.2,+20.9,@B	+6.89,+4.5,+20.2,OB	
1701182638.3699434	+6.59,+13.6,+21.7,CA	+6.24,+38.4,+21.8,MA	+6.58,+20.6,+21.7,BA	+6.90,+2.8,+20.2,LB	+2.25,+270.3,+20.9,AB	+6.89,+4.6,+20.2,LB	
1701182700.376027	+6.59,+13.6,+21.7,CA	+6.24,+38.4,+21.8,MA	+6.58,+20.6,+21.7,BA	+6.90,+2.8,+20.2,LB	+2.25,+270.2,+20.9,@B	+6.89,+4.5,+20.2,OB	
1701182762.3864417	+6.59,+13.6,+21.7,CA	+6.24,+38.5,+21.7,CA	+6.58,+20.6,+21.7,BA	+6.90,+2.8,+20.2,LB	+2.25,+270.2,+20.9,@B	+6.89,+4.6,+20.2,LB	
1701182824.3947964	+6.59,+13.6,+21.7,CA	+6.24,+38.4,+21.7,BA	+6.58,+20.5,+21.7,AA	+6.90,+2.8,+20.2,LB	+2.25,+270.2,+20.9,@B	+6.89,+4.5,+20.2,OB	
1701182886.402847	+6.59,+13.6,+21.7,CA	+6.24,+38.4,+21.8,MA	+6.58,+20.6,+21.7,BA	+6.90,+2.8,+20.2,LB	+2.24,+270.4,+20.9,GB	+6.89,+4.6,+20.2,LB	
1701182948.4129195	+6.59,+13.6,+21.7,CA	+6.24,+38.4,+21.8,MA	+6.58,+20.6,+21.7,BA	+6.90,+2.8,+20.2,LB	+2.24,+270.3,+20.9,@B	+6.89,+4.5,+20.2,OB	
1701183010.4212067	+6.59,+13.6,+21.7,CA	+6.24,+38.3,+21.8,JA	+6.58,+20.5,+21.7,AA	+6.90,+2.8,+20.2,LB	+2.24,+270.3,+20.9,@B	+6.89,+4.5,+20.2,OB	
1701183072.430609	+6.59,+13.6,+21.7,CA	+6.24,+38.4,+21.7,BA	+6.58,+20.6,+21.7,BA	+6.90,+2.8,+20.2,LB	+2.25,+270.1,+20.9,CB	+6.89,+4.5,+20.2,OB	
1701183134.440716	+6.59,+13.6,+21.7,CA	+6.24,+38.4,+21.8,MA	+6.58,+20.6,+21.7,BA	+6.90,+2.8,+20.2,LB	+2.25,+270.1,+20.9,CB	+6.89,+4.5,+20.2,OB	
1701183196.450215	+6.59,+13.6,+21.7,CA	+6.24,+38.4,+21.7,BA	+6.58,+20.6,+21.7,BA	+6.90,+2.8,+20.2,LB	+2.25,+270.1,+20.9,CB	+6.89,+4.5,+20.2,OB	
1701183258.460691	+6.59,+13.6,+21.7,CA	+6.24,+38.4,+21.8,MA	+6.58,+20.5,+21.7,AA	+6.90,+2.8,+20.2,LB	+2.25,+270.1,+20.9,CB	+6.89,+4.5,+20.2,OB	
1701183320.4691155	+6.59,+13.6,+21.7,CA	+6.24,+38.4,+21.8,MA	+6.58,+20.6,+21.7,BA	+6.90,+2.8,+20.2,LB	+2.25,+270.2,+20.9,@B	+6.89,+4.5,+20.2,OB	
1701183382.4791646	+6.59,+13.6,+21.7,CA	+6.24,+38.4,+21.8,MA	+6.58,+20.6,+21.7,BA	+6.90,+2.9,+20.2,MB	+2.25,+270.2,+20.9,@B	+6.89,+4.5,+20.2,OB	
1701183444.4897482	+6.59,+13.6,+21.7,CA	+6.24,+38.4,+21.7,BA	+6.58,+20.6,+21.7,BA	+6.90,+2.8,+20.2,LB	+2.24,+270.3,+20.9,@B	+6.89,+4.4,+20.2,NB	
1701183506.4965007	+6.59,+13.6,+21.7,CA	+6.24,+38.5,+21.8,LA	+6.58,+20.6,+21.7,BA	+6.90,+2.8,+20.2,LB	+2.25,+270.2,+20.9,@B	+6.89,+4.5,+20.2,OB	
1701183568.5007637	+6.59,+13.6,+21.7,CA	+6.24,+38.4,+21.8,MA	+6.58,+20.6,+21.7,BA	+6.90,+2.8,+20.2,LB	+2.25,+270.2,+20.9,@B	+6.89,+4.5,+20.2,OB	
1701183630.5103745	+6.59,+13.6,+21.7,CA	+6.24,+38.4,+21.8,MA	+6.58,+20.7,+21.7,CA	+6.90,+2.8,+20.2,LB	+2.25,+270.2,+20.9,@B	+6.89,+4.5,+20.2,OB	
1701183692.5183	+6.59,+13.5,+21.7,@A	+6.24,+38.4,+21.8,MA	+6.58,+20.6,+21.7,BA	+6.90,+2.8,+20.2,LB	+2.24,+270.3,+20.9,@B	+6.89,+4.5,+20.2,OB	
1701183754.5272954	+6.59,+13.6,+21.7,CA	+6.24,+38.4,+21.7,BA	+6.58,+20.6,+21.7,BA	+6.90,+2.8,+20.2,LB	+2.25,+270.1,+20.9,CB	+6.89,+4.5,+20.2,OB	
1701183816.5369263	+6.59,+13.6,+21.7,CA	+6.24,+38.4,+21.8,MA	+6.58,+20.6,+21.7,BA	+6.90,+2.8,+20.2,LB	+2.25,+270.2,+20.9,@B	+6.89,+4.5,+20.2,OB	
1701183878.546918	+6.59,+13.6,+21.7,CA	+6.24,+38.5,+21.8,LA	+6.58,+20.5,+21.7,AA	+6.90,+2.8,+20.3,MB	+2.25,+270.2,+20.9,@B	+6.89,+4.4,+20.2,NB	
1701183940.5556269	+6.59,+13.6,+21.7,CA	+6.24,+38.4,+21.8,MA	+6.58,+20.6,+21.7,BA	+6.90,+2.8,+20.2,LB	+2.25,+270.1,+20.9,CB	+6.89,+4.6,+20.2,LB	
1701184002.5647624	+6.59,+13.6,+21.7,CA	+6.24,+38.4,+21.8,MA	+6.58,+20.5,+21.7,AA	+6.90,+2.8,+20.2,LB	+2.25,+270.1,+20.9,CB	+6.89,+4.5,+20.2,OB	
1701184064.5741467	+6.59,+13.6,+21.7,CA	+6.24,+38.4,+21.7,BA	+6.58,+20.6,+21.7,BA	+6.91,+2.7,+20.2,BB	+2.25,+270.2,+20.9,@B	+6.89,+4.4,+20.2,NB	
1701184126.5833564	+6.59,+13.5,+21.7,@A	+6.24,+38.3,+21.8,JA	+6.58,+20.5,+21.7,AA	+6.91,+2.7,+20.2,BB	+2.25,+270.2,+20.9,@B	+6.89,+4.5,+20.2,OB	
1701184188.592746	+6.59,+13.6,+21.7,CA	+6.24,+38.5,+21.7,CA	+6.58,+20.6,+21.7,BA	+6.91,+2.7,+20.2,BB	+2.25,+270.2,+20.9,@B	+6.89,+4.5,+20.2,OB	
1701184250.6020942	+6.59,+13.6,+21.7,CA	+6.24,+38.3,+21.8,JA	+6.58,+20.5,+21.7,AA	+6.91,+2.7,+20.2,BB	+2.25,+270.2,+20.9,@B	+6.89,+4.4,+20.2,NB	
1701184312.6136787	+6.59,+13.6,+21.7,CA	+6.24,+38.4,+21.8,MA	+6.58,+20.6,+21.7,BA	+6.90,+2.8,+20.2,LB	+2.25,+270.1,+20.9,CB	+6.89,+4.5,+20.2,OB	
1701184374.6224418	+6.59,+13.6,+21.7,CA	+6.24,+38.4,+21.8,MA	+6.58,+20.6,+21.7,BA	+6.90,+2.8,+20.2,LB	+2.25,+270.0,+20.9,BB	+6.89,+4.4,+20.2,NB	
1701184436.6311626	+6.59,+13.6,+21.7,CA	+6.24,+38.4,+21.8,MA	+6.58,+20.5,+21.7,AA	+6.90,+2.8,+20.2,LB	+2.25,+269.9,+20.9,CB	+6.89,+4.5,+20.2,OB	
1701184498.6388302	+6.59,+13.6,+21.7,CA	+6.24,+38.4,+21.7,BA	+6.58,+20.7,+21.7,CA	+6.90,+2.8,+20.2,LB	+2.25,+270.0,+20.9,BB	+6.89,+4.4,+20.2,NB	
1701184560.6473286	+6.59,+13.6,+21.7,CA	+6.24,+38.4,+21.8,MA	+6.58,+20.5,+21.7,AA	+6.90,+2.8,+20.2,LB	+2.25,+270.0,+20.9,BB	+6.89,+4.5,+20.2,OB	
1701184622.6577835	+6.59,+13.6,+21.7,CA	+6.24,+38.4,+21.8,MA	+6.58,+20.6,+21.7,BA	+6.90,+2.8,+20.2,LB	+2.25,+270.0,+20.9,BB	+6.89,+4.5,+20.2,OB	
1701184684.668443	+6.59,+13.6,+21.7,CA	+6.24,+38.3,+21.8,JA	+6.58,+20.7,+21.7,CA	+6.90,+2.8,+20.2,LB	+2.25,+269.9,+20.9,CB	+6.89,+4.5,+20.2,OB	
1701184746.6778822	+6.59,+13.6,+21.7,CA	+6.24,+38.5,+21.8,LA	+6.58,+20.6,+21.7,BA	+6.91,+2.7,+20.2,BB	+2.25,+269.8,+20.9,BB	+6.89,+4.5,+20.2,OB	
1701184808.6876347	+6.59,+13.6,+21.7,CA	+6.24,+38.4,+21.8,MA	+6.58,+20.6,+21.7,BA	+6.90,+2.8,+20.2,LB	+2.26,+269.7,+20.9,NB	+6.89,+4.4,+20.2,NB	
1701184870.6970499	+6.59,+13.6,+21.7,CA	+6.24,+38.4,+21.8,MA	+6.58,+20.6,+21.7,BA	+6.90,+2.8,+20.2,LB	+2.26,+269.6,+20.9,OB	+6.89,+4.5,+20.2,OB	
1701184932.7071996	+6.59,+13.6,+21.7,CA	+6.24,+38.4,+21.8,MA	+6.58,+20.6,+21.7,BA	+6.90,+2.8,+20.2,LB	+2.26,+269.6,+20.9,OB	+6.89,+4.6,+20.2,LB	
1701184994.7169728	+6.59,+13.6,+21.7,CA	+6.24,+38.5,+21.8,LA	+6.58,+20.6,+21.7,BA	+6.90,+2.8,+20.2,LB	+2.26,+269.7,+20.9,NB	+6.89,+4.6,+20.2,LB	
1701185056.7270093	+6.59,+13.6,+21.7,CA	+6.24,+38.4,+21.8,MA	+6.58,+20.5,+21.7,AA	+6.90,+2.8,+20.2,LB	+2.25,+269.7,+20.9,MB	+6.89,+4.6,+20.2,LB	
1701185118.7362742	+6.59,+13.6,+21.7,CA	+6.24,+38.3,+21.8,JA	+6.58,+20.6,+21.7,BA	+6.90,+2.8,+20.2,LB	+2.26,+269.6,+20.9,OB	+6.89,+4.5,+20.2,OB	
1701185180.7438576	+6.59,+13.6,+21.7,CA	+6.24,+38.4,+21.8,MA	+6.58,+20.6,+21.7,BA	+6.90,+2.8,+20.2,LB	+2.26,+269.6,+20.9,OB	+6.89,+4.5,+20.2,OB	
1701185242.7544293	+6.59,+13.5,+21.7,@A	+6.24,+38.3,+21.8,JA	+6.58,+20.6,+21.7,BA	+6.90,+2.8,+20.2,LB	+2.26,+269.5,+20.9,LB	+6.89,+4.6,+20.2,LB	
1701185304.763334	+6.59,+13.6,+21.7,CA	+6.24,+38.4,+21.8,MA	+6.58,+20.7,+21.7,CA	+6.90,+2.8,+20.2,LB	+2.27,+269.1,+20.9,IB	+6.89,+4.6,+20.2,LB	
1701185366.7741401	+6.59,+13.6,+21.7,CA	+6.24,+38.3,+21.8,JA	+6.58,+20.6,+21.7,BA	+6.90,+2.8,+20.2,LB	+2.27,+268.8,+20.9,AB	+6.89,+4.6,+20.2,LB	
1701185428.7822077	+6.59,+13.6,+21.7,CA	+6.24,+38.4,+21.7,BA	+6.58,+20.6,+21.7,BA	+6.90,+2.8,+20.2,LB	+2.27,+269.0,+20.9,HB	+6.89,+4.6,+20.2,LB	
1701185490.7900536	+6.59,+13.6,+21.7,CA	+6.24,+38.4,+21.7,BA	+6.58,+20.6,+21.7,BA	+6.90,+2.8,+20.2,LB	+2.27,+268.9,+20.9,@B	+6.89,+4.5,+20.2,OB	
1701185552.79959	+6.59,+13.6,+21.7,CA	+6.24,+38.3,+21.8,JA	+6.58,+20.5,+21.7,AA	+6.90,+2.8,+20.2,LB	+2.27,+268.7,+20.9,NB	+6.89,+4.5,+20.2,OB	
1701185614.8080664	+6.59,+13.6,+21.7,CA	+6.24,+38.3,+21.8,JA	+6.58,+20.6,+21.7,BA	+6.90,+2.8,+20.2,LB	+2.27,+268.7,+20.9,NB	+6.89,+4.4,+20.2,NB	
1701185676.817853	+6.59,+13.6,+21.7,CA	+6.24,+38.3,+21.8,JA	+6.58,+20.6,+21.7,BA	+6.91,+2.7,+20.2,BB	+2.28,+268.5,+20.9,CB	+6.89,+4.5,+20.2,OB	
1701185922.3938956	+6.59,+13.6,+21.7,CA	+6.24,+38.4,+21.8,MA	+6.58,+20.6,+21.7,BA	+6.90,+2.8,+20.2,LB	+2.29,+267.8,+20.9,@B	+6.89,+4.4,+20.2,NB	
1701185984.4039824	+6.59,+13.6,+21.7,CA	+6.25,+38.2,+21.8,JA	+6.58,+20.6,+21.7,BA	+6.91,+2.7,+20.2,BB	+2.28,+268.1,+21.0,OB	+6.89,+4.4,+20.2,NB	
1701186046.4138665	+6.59,+13.6,+21.7,CA	+6.24,+38.4,+21.8,MA	+6.58,+20.6,+21.7,BA	+6.90,+2.8,+20.2,LB	+2.28,+268.1,+20.9,GB	+6.89,+4.4,+20.2,NB	
1701186108.4247324	+6.59,+13.5,+21.7,@A	+6.24,+38.3,+21.8,JA	+6.58,+20.5,+21.7,AA	+6.90,+2.8,+20.2,LB	+2.28,+268.2,+20.9,DB	+6.89,+4.4,+20.2,NB	
1701186170.43333	+6.59,+13.6,+21.7,CA	+6.24,+38.3,+21.8,JA	+6.58,+20.7,+21.7,CA	+6.90,+2.8,+20.2,LB	+2.28,+268.4,+20.9,BB	+6.89,+4.5,+20.2,OB	
1701186232.4395695	+6.59,+13.5,+21.7,@A	+6.24,+38.3,+21.8,JA	+6.58,+20.6,+21.7,BA	+6.91,+2.7,+20.2,BB	+2.28,+268.3,+20.9,EB	+6.89,+4.4,+20.2,NB	
1701186294.4490397	+6.59,+13.6,+21.7,CA	+6.25,+38.3,+21.8,KA	+6.58,+20.7,+21.7,CA	+6.90,+2.8,+20.2,LB	+2.28,+268.5,+21.0,KB	+6.89,+4.5,+20.2,OB	
1701186356.459967	+6.59,+13.6,+21.7,CA	+6.25,+38.3,+21.8,KA	+6.58,+20.5,+21.7,AA	+6.91,+2.7,+20.2,BB	+2.28,+268.4,+20.9,BB	+6.89,+4.3,+20.2,IB	
1701186418.467382	+6.59,+13.6,+21.7,CA	+6.24,+38.3,+21.8,JA	+6.58,+20.5,+21.7,AA	+6.90,+2.8,+20.2,LB	+2.28,+268.2,+20.9,DB	+6.89,+4.4,+20.2,NB	
1701186480.4753637	+6.59,+13.6,+21.8,LA	+6.25,+38.2,+21.8,JA	+6.58,+20.5,+21.7,AA	+6.90,+2.7,+20.2,CB	+2.28,+268.2,+20.9,DB	+6.89,+4.4,+20.2,NB	
1701186542.484895	+6.59,+13.7,+21.7,BA	+6.24,+38.3,+21.8,JA	+6.58,+20.7,+21.7,CA	+6.91,+2.7,+20.2,BB	+2.28,+268.2,+20.9,DB	+6.89,+4.4,+20.2,NB	
1701186604.4945467	+6.59,+13.6,+21.7,CA	+6.25,+38.3,+21.8,KA	+6.58,+20.6,+21.7,BA	+6.90,+2.8,+20.2,LB	+2.28,+268.4,+20.9,BB	+6.89,+4.4,+20.2,NB	
1701186666.5007765	+6.59,+13.6,+21.7,CA	+6.24,+38.3,+21.8,JA	+6.58,+20.6,+21.7,BA	+6.91,+2.7,+20.2,BB	+2.28,+268.5,+21.0,KB	+6.89,+4.4,+20.2,NB	
1701186728.510207	+6.59,+13.6,+21.7,CA	+6.24,+38.3,+21.8,JA	+6.58,+20.6,+21.7,BA	+6.90,+2.8,+20.2,LB	+2.28,+268.4,+21.0,JB	+6.89,+4.4,+20.2,NB	
1701186790.5165524	+6.59,+13.6,+21.7,CA	+6.24,+38.3,+21.8,JA	+6.58,+20.6,+21.7,BA	+6.91,+2.7,+20.2,BB	+2.28,+268.4,+20.9,BB	+6.89,+4.4,+20.2,NB	
1701186852.525127	+6.59,+13.6,+21.7,CA	+6.25,+38.2,+21.8,JA	+6.58,+20.6,+21.7,BA	+6.91,+2.7,+20.2,BB	+2.28,+268.4,+20.9,BB	+6.89,+4.3,+20.2,IB	
1701186914.5346487	+6.59,+13.6,+21.7,CA	+6.24,+38.3,+21.8,JA	+6.58,+20.5,+21.7,AA	+6.90,+2.8,+20.2,LB	+2.28,+268.4,+21.0,JB	+6.89,+4.4,+20.2,NB	
1701186976.5448084	+6.59,+13.6,+21.7,CA	+6.24,+38.4,+21.8,MA	+6.58,+20.6,+21.7,BA	+6.91,+2.7,+20.2,BB	+2.28,+268.4,+20.9,BB	+6.89,+4.4,+20.2,NB	
1701187038.5543234	+6.59,+13.6,+21.7,CA	+6.24,+38.3,+21.8,JA	+6.58,+20.6,+21.7,BA	+6.90,+2.8,+20.2,LB	+2.28,+268.2,+20.9,DB	+6.89,+4.3,+20.2,IB	
1701187100.5643914	+6.59,+13.6,+21.7,CA	+6.24,+38.3,+21.8,JA	+6.58,+20.6,+21.7,BA	+6.91,+2.7,+20.2,BB	+2.28,+268.4,+20.9,BB	+6.89,+4.3,+20.2,IB	
1701187162.5742888	+6.59,+13.5,+21.7,@A	+6.24,+38.3,+21.7,EA	+6.58,+20.6,+21.7,BA	+6.90,+2.8,+20.2,LB	+2.28,+268.5,+20.9,CB	+6.89,+4.3,+20.2,IB	
1701187224.5849278	+6.59,+13.6,+21.7,CA	+6.24,+38.3,+21.8,JA	+6.58,+20.5,+21.7,AA	+6.90,+2.7,+20.2,CB	+2.28,+268.5,+20.9,CB	+6.89,+4.3,+20.2,IB	
1701187286.5942283	+6.59,+13.6,+21.7,CA	+6.24,+38.4,+21.8,MA	+6.58,+20.6,+21.7,BA	+6.91,+2.7,+20.2,BB	+2.28,+268.5,+20.9,CB	+6.89,+4.4,+20.2,NB	
1701187348.6006768	+6.59,+13.6,+21.7,CA	+6.24,+38.3,+21.8,JA	+6.58,+20.6,+21.7,BA	+6.90,+2.8,+20.2,LB	+2.27,+268.6,+20.9,OB	+6.89,+4.4,+20.2,NB	
1701187410.6064472	+6.59,+13.6,+21.7,CA	+6.24,+38.3,+21.7,EA	+6.58,+20.6,+21.7,BA	+6.90,+2.8,+20.2,LB	+2.28,+268.5,+20.9,CB	+6.89,+4.4,+20.2,NB	
1701187472.6142974	+6.59,+13.7,+21.7,BA	+6.24,+38.3,+21.7,EA	+6.58,+20.6,+21.7,BA	+6.90,+2.7,+20.2,CB	+2.28,+268.5,+20.9,CB	+6.89,+4.3,+20.2,IB	
1701187534.6210313	+6.59,+13.6,+21.7,CA	+6.24,+38.4,+21.7,BA	+6.58,+20.5,+21.7,AA	+6.91,+2.7,+20.2,BB	+2.27,+268.6,+20.9,OB	+6.89,+4.3,+20.2,IB	
1701187596.6273246	+6.59,+13.6,+21.7,CA	+6.24,+38.4,+21.7,BA	+6.58,+20.6,+21.7,BA	+6.91,+2.7,+20.2,BB	+2.27,+268.6,+20.9,OB	+6.89,+4.4,+20.2,NB	
1701187658.6335917	+6.59,+13.6,+21.7,CA	+6.24,+38.4,+21.7,BA	+6.58,+20.5,+21.7,AA	+6.91,+2.7,+20.2,BB	+2.28,+268.6,+20.9,@B	+6.89,+4.3,+20.2,IB	
1701187720.6412964	+6.59,+13.6,+21.7,CA	+6.24,+38.4,+21.7,BA	+6.58,+20.5,+21.7,AA	+6.91,+2.7,+20.2,BB	+2.27,+268.6,+20.9,OB	+6.89,+4.4,+20.2,NB	
1701187782.6498814	+6.59,+13.6,+21.7,CA	+6.24,+38.4,+21.7,BA	+6.58,+20.5,+21.7,AA	+6.91,+2.7,+20.2,BB	+2.28,+268.6,+20.9,@B	+6.89,+4.4,+20.2,NB	
1701187844.6548796	+6.59,+13.6,+21.7,CA	+6.24,+38.4,+21.7,BA	+6.58,+20.6,+21.7,BA	+6.90,+2.7,+20.2,CB	+2.28,+268.6,+21.0,HB	+6.89,+4.4,+20.2,NB	
1701187906.6617396	+6.59,+13.6,+21.7,CA	+6.24,+38.4,+21.8,MA	+6.58,+20.6,+21.7,BA	+6.90,+2.8,+20.2,LB	+2.28,+268.1,+20.9,GB	+6.89,+4.4,+20.2,NB	
1701187968.6684506	+6.59,+13.6,+21.7,CA	+6.24,+38.4,+21.7,BA	+6.58,+20.6,+21.7,BA	+6.91,+2.7,+20.2,BB	+2.28,+268.5,+20.9,CB	+6.89,+4.4,+20.2,NB	
1701188030.6753674	+6.59,+13.6,+21.7,CA	+6.24,+38.4,+21.7,BA	+6.58,+20.6,+21.7,BA	+6.90,+2.7,+20.2,CB	+2.28,+268.6,+20.9,@B	+6.89,+4.3,+20.2,IB	
1701188092.6832433	+6.59,+13.6,+21.7,CA	+6.24,+38.4,+21.7,BA	+6.58,+20.6,+21.7,BA	+6.91,+2.7,+20.2,BB	+2.28,+268.4,+21.0,JB	+6.89,+4.4,+20.2,NB	
1701188154.6915627	+6.59,+13.6,+21.7,CA	+6.24,+38.4,+21.8,MA	+6.58,+20.6,+21.7,BA	+6.90,+2.7,+20.2,CB	+2.28,+268.4,+21.0,JB	+6.89,+4.3,+20.2,IB	
1701188216.699091	+6.59,+13.6,+21.7,CA	+6.24,+38.3,+21.8,JA	+6.58,+20.6,+21.7,BA	+6.91,+2.7,+20.2,BB	+2.28,+268.4,+20.9,BB	+6.89,+4.4,+20.2,NB	
1701188278.7063284	+6.59,+13.6,+21.7,CA	+6.24,+38.4,+21.8,MA	+6.58,+20.5,+21.7,AA	+6.91,+2.7,+20.2,BB	+2.28,+268.4,+20.9,BB	+6.89,+4.4,+20.2,NB	
1701188340.71385	+6.59,+13.6,+21.7,CA	+6.24,+38.4,+21.8,MA	+6.58,+20.7,+21.7,CA	+6.91,+2.7,+20.2,BB	+2.28,+268.4,+20.9,BB	+6.89,+4.3,+20.2,IB	
1701188402.72012	+6.59,+13.6,+21.7,CA	+6.24,+38.4,+21.7,BA	+6.58,+20.6,+21.7,BA	+6.91,+2.7,+20.2,BB	+2.28,+268.4,+21.0,JB	+6.89,+4.3,+20.2,IB	
1701188464.7293925	+6.59,+13.7,+21.7,BA	+6.24,+38.4,+21.8,MA	+6.58,+20.5,+21.7,AA	+6.91,+2.7,+20.2,BB	+2.28,+268.5,+20.9,CB	+6.89,+4.4,+20.2,NB	
1701188526.7378907	+6.59,+13.6,+21.7,CA	+6.24,+38.4,+21.8,MA	+6.58,+20.6,+21.7,BA	+6.91,+2.7,+20.2,BB	+2.28,+268.0,+20.9,FB	+6.89,+4.4,+20.2,NB	
1701188588.746823	+6.59,+13.6,+21.7,CA	+6.24,+38.3,+21.7,EA	+6.58,+20.7,+21.7,CA	+6.91,+2.7,+20.2,BB	+2.28,+268.5,+20.9,CB	+6.89,+4.3,+20.2,IB	
1701188650.7535598	+6.59,+13.6,+21.7,CA	+6.24,+38.4,+21.8,MA	+6.58,+20.6,+21.7,BA	+6.91,+2.7,+20.2,BB	+2.27,+268.7,+20.9,NB	+6.89,+4.3,+20.2,IB	
1701188712.763509	+6.59,+13.6,+21.7,CA	+6.24,+38.4,+21.8,MA	+6.58,+20.7,+21.7,CA	+6.91,+2.7,+20.2,BB	+2.27,+268.8,+21.0,IB	+6.89,+4.3,+20.2,IB	
1701188774.7730765	+6.59,+13.6,+21.7,CA	+6.24,+38.4,+21.7,BA	+6.58,+20.7,+21.7,CA	+6.91,+2.7,+20.2,BB	+2.27,+268.8,+20.9,AB	+6.89,+4.3,+20.2,IB	
1701188836.7773278	+6.59,+13.6,+21.7,CA	+6.24,+38.4,+21.7,BA	+6.58,+20.6,+21.7,BA	+6.91,+2.7,+20.2,BB	+2.28,+268.6,+21.0,HB	+6.89,+4.3,+20.2,IB	
1701188898.7883637	+6.59,+13.6,+21.7,CA	+6.24,+38.4,+21.7,BA	+6.58,+20.6,+21.7,BA	+6.91,+2.7,+20.2,BB	+2.27,+268.7,+20.9,NB	+6.89,+4.3,+20.2,IB	
1701188960.7952683	+6.59,+13.6,+21.7,CA	+6.24,+38.5,+21.7,CA	+6.58,+20.6,+21.7,BA	+6.91,+2.7,+20.2,BB	+2.27,+268.7,+20.9,NB	+6.89,+4.4,+20.2,NB	
1701189022.805041	+6.59,+13.6,+21.7,CA	+6.24,+38.5,+21.8,LA	+6.58,+20.6,+21.7,BA	+6.91,+2.7,+20.2,BB	+2.27,+268.6,+21.0,GB	+6.89,+4.3,+20.2,IB	
1701189084.8126874	+6.59,+13.6,+21.7,CA	+6.24,+38.4,+21.7,BA	+6.58,+20.5,+21.7,AA	+6.91,+2.7,+20.2,BB	+2.27,+268.7,+20.9,NB	+6.89,+4.3,+20.2,IB	
1701189146.8221607	+6.59,+13.6,+21.7,CA	+6.24,+38.4,+21.7,BA	+6.58,+20.5,+21.7,AA	+6.91,+2.7,+20.2,BB	+2.27,+268.6,+20.9,OB	+6.90,+4.3,+20.2,AB	
1701189208.8327904	+6.59,+13.6,+21.7,CA	+6.24,+38.4,+21.7,BA	+6.58,+20.5,+21.7,AA	+6.91,+2.7,+20.2,BB	+2.27,+268.7,+21.0,FB	+6.89,+4.3,+20.2,IB	
1701189270.8376312	+6.59,+13.6,+21.7,CA	+6.24,+38.5,+21.8,LA	+6.58,+20.5,+21.7,AA	+6.91,+2.7,+20.2,BB	+2.27,+268.6,+21.0,GB	+6.89,+4.4,+20.2,NB	
1701189332.8450606	+6.59,+13.6,+21.7,CA	+6.24,+38.4,+21.7,BA	+6.58,+20.6,+21.7,BA	+6.91,+2.7,+20.2,BB	+2.27,+268.6,+20.9,OB	+6.89,+4.4,+20.2,NB	
1701189394.8523674	+6.59,+13.6,+21.7,CA	+6.24,+38.6,+21.7,@A	+6.58,+20.5,+21.7,AA	+6.91,+2.7,+20.2,BB	+2.27,+268.7,+21.0,FB	+6.90,+4.2,+20.1,CB	
1701189456.8615918	+6.59,+13.6,+21.7,CA	+6.24,+38.5,+21.7,CA	+6.58,+20.5,+21.7,AA	+6.91,+2.7,+20.2,BB	+2.27,+268.7,+20.9,NB	+6.89,+4.3,+20.2,IB	
1701189518.8674142	+6.59,+13.6,+21.7,CA	+6.24,+38.5,+21.8,LA	+6.58,+20.5,+21.7,AA	+6.91,+2.7,+20.2,BB	+2.27,+268.6,+20.9,OB	+6.89,+4.3,+20.2,IB	
1701189764.4752073	+6.59,+13.6,+21.7,CA	+6.24,+38.6,+21.7,@A	+6.58,+20.6,+21.7,BA	+6.91,+2.7,+20.2,BB	+2.28,+268.5,+21.0,KB	+6.89,+4.3,+20.2,IB	
1701189826.484015	+6.59,+13.6,+21.7,CA	+6.24,+38.6,+21.8,OA	+6.58,+20.6,+21.7,BA	+6.91,+2.7,+20.2,BB	+2.27,+268.6,+21.0,GB	+6.89,+4.3,+20.2,IB	
1701189888.4927762	+6.59,+13.6,+21.7,CA	+6.24,+38.5,+21.7,CA	+6.58,+20.6,+21.7,BA	+6.91,+2.7,+20.2,BB	+2.27,+268.8,+20.9,AB	+6.89,+4.3,+20.2,IB	
1701189950.5028648	+6.59,+13.6,+21.7,CA	+6.24,+38.7,+21.8,NA	+6.58,+20.6,+21.7,BA	+6.91,+2.7,+20.2,BB	+2.27,+268.7,+21.0,FB	+6.89,+4.4,+20.2,NB	
1701190012.5105453	+6.59,+13.6,+21.7,CA	+6.24,+38.7,+21.7,AA	+6.58,+20.5,+21.7,AA	+6.91,+2.7,+20.2,BB	+2.27,+268.8,+20.9,AB	+6.89,+4.4,+20.2,NB	
1701190074.520591	+6.59,+13.6,+21.7,CA	+6.24,+38.6,+21.7,@A	+6.58,+20.7,+21.7,CA	+6.91,+2.7,+20.2,BB	+2.27,+268.7,+21.0,FB	+6.89,+4.4,+20.1,MB	
1701190136.5312994	+6.59,+13.6,+21.7,CA	+6.24,+38.6,+21.7,@A	+6.58,+20.6,+21.7,BA	+6.91,+2.7,+20.2,BB	+2.27,+268.8,+20.9,AB	+6.89,+4.4,+20.2,NB	
1701190198.5344336	+6.59,+13.6,+21.7,CA	+6.24,+38.6,+21.7,@A	+6.58,+20.6,+21.7,BA	+6.91,+2.7,+20.2,BB	+2.27,+268.9,+21.0,HB	+6.89,+4.4,+20.2,NB	
1701190260.5386288	+6.59,+13.6,+21.7,CA	+6.24,+38.6,+21.7,@A	+6.58,+20.6,+21.7,BA	+6.90,+2.8,+20.2,LB	+2.27,+268.6,+20.9,OB	+6.89,+4.4,+20.2,NB	
1701190322.5424418	+6.59,+13.7,+21.7,BA	+6.24,+38.6,+21.7,@A	+6.58,+20.6,+21.7,BA	+6.91,+2.6,+20.2,CB	+2.27,+268.7,+20.9,NB	+6.89,+4.3,+20.2,IB	
1701190384.5463107	+6.59,+13.7,+21.7,BA	+6.24,+38.5,+21.7,CA	+6.58,+20.6,+21.7,BA	+6.91,+2.7,+20.2,BB	+2.27,+268.7,+20.9,NB	+6.89,+4.4,+20.2,NB	
1701190446.550487	+6.59,+13.6,+21.7,CA	+6.24,+38.6,+21.7,@A	+6.58,+20.5,+21.7,AA	+6.91,+2.6,+20.2,CB	+2.27,+268.7,+21.0,FB	+6.89,+4.4,+20.2,NB	
1701190508.5653815	+6.59,+13.6,+21.7,CA	+6.24,+38.6,+21.7,@A	+6.58,+20.5,+21.7,AA	+6.91,+2.7,+20.2,BB	+2.27,+268.9,+20.9,@B	+6.89,+4.3,+20.2,IB	
1701190570.5687814	+6.59,+13.6,+21.7,CA	+6.24,+38.7,+21.7,AA	+6.58,+20.5,+21.7,AA	+6.91,+2.7,+20.2,BB	+2.27,+268.8,+20.9,AB	+6.89,+4.3,+20.1,JB	
1701190632.5713956	+6.59,+13.6,+21.7,CA	+6.24,+38.7,+21.7,AA	+6.58,+20.5,+21.7,AA	+6.91,+2.7,+20.2,BB	+2.27,+268.7,+20.9,NB	+6.89,+4.3,+20.2,IB	
1701190694.5753229	+6.59,+13.6,+21.7,CA	+6.24,+38.6,+21.7,@A	+6.58,+20.5,+21.7,AA	+6.91,+2.7,+20.2,BB	+2.27,+268.7,+20.9,NB	+6.89,+4.4,+20.1,MB	
1701190756.578984	+6.59,+13.6,+21.7,CA	+6.24,+38.6,+21.7,@A	+6.58,+20.6,+21.7,BA	+6.91,+2.7,+20.2,BB	+2.27,+268.7,+20.9,NB	+6.90,+4.3,+20.2,AB	
1701190818.585178	+6.59,+13.6,+21.7,CA	+6.24,+38.7,+21.7,AA	+6.58,+20.5,+21.7,AA	+6.91,+2.7,+20.2,BB	+2.27,+268.6,+20.9,OB	+6.89,+4.3,+20.1,JB	
1701190880.5967546	+6.59,+13.6,+21.7,CA	+6.24,+38.6,+21.7,@A	+6.58,+20.6,+21.7,BA	+6.91,+2.7,+20.2,BB	+2.27,+268.7,+20.9,NB	+6.89,+4.3,+20.1,JB	
1701190942.6050482	+6.59,+13.6,+21.7,CA	+6.24,+38.7,+21.7,AA	+6.58,+20.5,+21.7,AA	+6.91,+2.7,+20.2,BB	+2.27,+268.9,+20.9,@B	+6.89,+4.4,+20.1,MB	
1701191004.6098073	+6.59,+13.6,+21.7,CA	+6.24,+38.7,+21.7,AA	+6.58,+20.6,+21.7,BA	+6.91,+2.7,+20.2,BB	+2.27,+268.8,+20.9,AB	+6.89,+4.4,+20.1,MB	
1701191066.6178567	+6.59,+13.6,+21.7,CA	+6.24,+38.6,+21.8,OA	+6.58,+20.6,+21.7,BA	+6.91,+2.7,+20.2,BB	+2.27,+268.9,+21.0,HB	+6.89,+4.3,+20.2,IB	
1701191128.624642	+6.59,+13.6,+21.7,CA	+6.24,+38.7,+21.7,AA	+6.58,+20.6,+21.7,BA	+6.91,+2.7,+20.2,BB	+2.27,+268.8,+21.0,IB	+6.89,+4.3,+20.1,JB	
1701191190.6336	+6.59,+13.6,+21.7,CA	+6.24,+38.6,+21.7,@A	+6.58,+20.5,+21.6,@A	+6.91,+2.7,+20.2,BB	+2.27,+268.7,+20.9,NB	+6.89,+4.4,+20.2,NB	
1701191252.6424184	+6.59,+13.6,+21.7,CA	+6.24,+38.6,+21.7,@A	+6.58,+20.5,+21.6,@A	+6.91,+2.7,+20.2,BB	+2.27,+268.7,+20.9,NB	+6.89,+4.4,+20.1,MB	
1701191314.6526647	+6.59,+13.6,+21.7,CA	+6.24,+38.6,+21.7,@A	+6.58,+20.5,+21.7,AA	+6.91,+2.7,+20.2,BB	+2.28,+268.6,+21.0,HB	+6.89,+4.4,+20.1,MB	
1701191376.6617298	+6.59,+13.6,+21.7,CA	+6.24,+38.6,+21.7,@A	+6.58,+20.6,+21.6,CA	+6.91,+2.7,+20.2,BB	+2.27,+268.6,+20.9,OB	+6.89,+4.3,+20.2,IB	
1701191438.6680386	+6.59,+13.7,+21.7,BA	+6.24,+38.6,+21.7,@A	+6.58,+20.5,+21.7,AA	+6.91,+2.7,+20.2,BB	+2.28,+268.5,+20.9,CB	+6.89,+4.4,+20.1,MB	
1701191500.6770558	+6.59,+13.7,+21.7,BA	+6.24,+38.6,+21.7,@A	+6.58,+20.5,+21.7,AA	+6.91,+2.7,+20.2,BB	+2.27,+268.7,+20.9,NB	+6.89,+4.4,+20.2,NB	
1701191562.6860983	+6.59,+13.6,+21.7,CA	+6.24,+38.7,+21.7,AA	+6.58,+20.6,+21.6,CA	+6.91,+2.7,+20.2,BB	+2.27,+268.7,+20.9,NB	+6.89,+4.4,+20.2,NB	
1701191624.6957347	+6.59,+13.6,+21.7,CA	+6.24,+38.6,+21.7,@A	+6.58,+20.5,+21.7,AA	+6.91,+2.7,+20.2,BB	+2.27,+268.8,+20.9,AB	+6.89,+4.4,+20.1,MB	
1701191686.704437	+6.59,+13.6,+21.7,CA	+6.24,+38.6,+21.7,@A	+6.58,+20.5,+21.7,AA	+6.91,+2.7,+20.2,BB	+2.27,+268.7,+20.9,NB	+6.89,+4.3,+20.2,IB	
1701191748.7120461	+6.59,+13.6,+21.7,CA	+6.24,+38.6,+21.7,@A	+6.58,+20.5,+21.7,AA	+6.91,+2.6,+20.2,CB	+2.27,+268.8,+20.9,AB	+6.90,+4.3,+20.1,BB	
1701191810.7182713	+6.59,+13.6,+21.7,CA	+6.24,+38.6,+21.7,@A	+6.58,+20.6,+21.7,BA	+6.91,+2.6,+20.2,CB	+2.27,+268.6,+20.9,OB	+6.89,+4.4,+20.2,NB	
1701191872.7224133	+6.59,+13.6,+21.7,CA	+6.24,+38.7,+21.7,AA	+6.58,+20.5,+21.7,AA	+6.91,+2.7,+20.2,BB	+2.27,+268.8,+20.9,AB	+6.90,+4.3,+20.2,AB	
1701191934.7325706	+6.59,+13.6,+21.7,CA	+6.24,+38.6,+21.7,@A	+6.58,+20.5,+21.6,@A	+6.91,+2.7,+20.2,BB	+2.27,+268.7,+20.9,NB	+6.89,+4.3,+20.1,JB	
1701191996.7418413	+6.59,+13.6,+21.7,CA	+6.24,+38.6,+21.7,@A	+6.58,+20.6,+21.7,BA	+6.91,+2.6,+20.2,CB	+2.27,+268.8,+20.9,AB	+6.89,+4.3,+20.1,JB	
1701192058.7484734	+6.59,+13.6,+21.7,CA	+6.24,+38.7,+21.7,AA	+6.58,+20.6,+21.7,BA	+6.91,+2.7,+20.2,BB	+2.27,+268.7,+20.9,NB	+6.89,+4.3,+20.2,IB	
1701192120.7577925	+6.59,+13.6,+21.7,CA	+6.24,+38.7,+21.7,AA	+6.58,+20.6,+21.7,BA	+6.91,+2.7,+20.2,BB	+2.27,+268.8,+21.0,IB	+6.89,+4.4,+20.2,NB	
1701192182.7640803	+6.59,+13.7,+21.7,BA	+6.24,+38.6,+21.7,@A	+6.58,+20.6,+21.7,BA	+6.91,+2.6,+20.2,CB	+2.27,+268.9,+20.9,@B	+6.90,+4.3,+20.1,BB	
1701192244.7722442	+6.59,+13.6,+21.7,CA	+6.24,+38.6,+21.7,@A	+6.58,+20.6,+21.7,BA	+6.91,+2.7,+20.2,BB	+2.27,+268.7,+20.9,NB	+6.90,+4.3,+20.2,AB	
1701192306.7812564	+6.59,+13.6,+21.7,CA	+6.24,+38.6,+21.7,@A	+6.58,+20.5,+21.7,AA	+6.91,+2.6,+20.2,CB	+2.27,+268.7,+20.9,NB	+6.90,+4.2,+20.2,@B	
1701192368.7879655	+6.59,+13.6,+21.7,CA	+6.24,+38.6,+21.7,@A	+6.58,+20.6,+21.7,BA	+6.91,+2.7,+20.2,BB	+2.28,+268.4,+21.0,JB	+6.90,+4.2,+20.1,CB	
1701192430.7969909	+6.59,+13.6,+21.7,CA	+6.24,+38.7,+21.7,AA	+6.58,+20.6,+21.6,CA	+6.91,+2.6,+20.2,CB	+2.28,+268.4,+20.9,BB	+6.89,+4.3,+20.2,IB	
1701192492.8061154	+6.59,+13.6,+21.7,CA	+6.24,+38.6,+21.7,@A	+6.58,+20.6,+21.7,BA	+6.91,+2.6,+20.2,CB	+2.27,+268.6,+20.9,OB	+6.89,+4.4,+20.2,NB	
1701192554.8150108	+6.59,+13.6,+21.7,CA	+6.24,+38.6,+21.7,@A	+6.58,+20.6,+21.6,CA	+6.91,+2.7,+20.2,BB	+2.27,+268.6,+20.9,OB	+6.89,+4.3,+20.2,IB	
