62309060476	62309060477	62309060478	62309060479	62309060481	62309060482	
1702186824.861522	+6.78,+2.4,+21.8,MB	+6.47,+25.4,+21.9,EA	+7.04,-6.1,+21.8,@B	+7.01,-3.4,+20.3,OB		+7.04,-3.8,+20.3,FB	
1702186886.8732018	+6.78,+2.4,+21.8,MB	+6.47,+25.5,+21.9,DA	+7.04,-6.1,+21.8,@B	+7.01,-3.6,+20.3,MB		+7.04,-3.7,+20.3,IB	
1702186948.8825467	+6.78,+2.3,+21.8,JB	+6.47,+25.5,+21.9,DA	+7.05,-6.2,+21.8,BB	+7.01,-3.4,+20.3,OB		+7.03,-3.4,+20.3,MB	
1702187010.8913922	+6.78,+2.3,+21.8,JB	+6.47,+25.2,+21.9,CA	+7.04,-6.1,+21.8,@B	+7.01,-3.3,+20.3,HB		+7.03,-3.2,+20.3,KB	
1702187072.9006371	+6.78,+2.3,+21.8,JB	+6.47,+25.4,+21.9,EA	+7.04,-6.1,+21.8,@B	+7.01,-3.4,+20.4,HB		+7.04,-3.8,+20.3,FB	
1702187134.9090374	+6.78,+2.3,+21.8,JB	+6.47,+25.3,+21.9,BA	+7.05,-6.2,+21.8,BB	+7.01,-3.4,+20.4,HB		+7.03,-3.2,+20.3,KB	
1702187196.9184847	+6.78,+2.3,+21.8,JB	+6.47,+25.3,+21.9,BA	+7.04,-6.1,+21.8,@B	+7.01,-3.3,+20.3,HB		+7.04,-3.8,+20.3,FB	
1702187258.9281878	+6.78,+2.3,+21.8,JB	+6.47,+25.4,+21.9,EA	+7.04,-6.0,+21.8,AB	+7.01,-3.5,+20.4,IB		+7.03,-3.2,+20.3,KB	
1702187320.9365737	+6.78,+2.2,+21.8,KB	+6.47,+25.3,+21.9,BA	+7.05,-6.1,+21.8,AB	+7.01,-3.5,+20.4,IB		+7.03,-3.5,+20.3,LB	
1702187382.945802	+6.78,+2.3,+21.8,JB	+6.47,+25.2,+21.9,CA	+7.05,-6.2,+21.8,BB	+7.01,-3.5,+20.3,NB		+7.03,-3.7,+20.3,NB	
1702187444.95497	+6.78,+2.3,+21.8,JB	+6.47,+25.2,+21.9,CA	+7.05,-6.2,+21.8,BB	+7.01,-3.4,+20.3,OB		+7.04,-3.8,+20.3,FB	
1702187506.9636345	+6.78,+2.3,+21.8,JB	+6.47,+25.3,+21.9,BA	+7.05,-6.1,+21.8,AB	+7.01,-3.5,+20.3,NB		+7.03,-3.6,+20.3,OB	
1702187568.9734335	+6.78,+2.3,+21.8,JB	+6.47,+25.3,+21.9,BA	+7.04,-6.0,+21.8,AB	+7.01,-3.2,+20.4,NB		+7.02,-3.1,+20.3,IB	
1702187630.9834402	+6.78,+2.3,+21.8,JB	+6.47,+25.2,+21.9,CA	+7.04,-6.1,+21.8,@B	+7.01,-3.2,+20.3,IB		+7.03,-3.2,+20.3,KB	
1702187692.9910178	+6.78,+2.2,+21.8,KB	+6.47,+25.2,+21.8,BA	+7.04,-6.1,+21.8,@B	+7.01,-3.3,+20.4,OB		+7.03,-3.2,+20.3,KB	
1702187755.0003414	+6.78,+2.2,+21.8,KB	+6.47,+25.2,+21.9,CA	+7.05,-6.5,+21.8,EB	+7.01,-3.3,+20.3,HB		+7.02,-3.1,+20.3,IB	
1702187817.0103292	+6.78,+2.2,+21.8,KB	+6.47,+25.3,+21.9,BA	+7.05,-6.3,+21.8,CB	+7.01,-3.3,+20.3,HB		+7.03,-3.4,+20.3,MB	
1702187879.0193923	+6.78,+2.2,+21.8,KB	+6.46,+25.9,+21.9,IA	+7.05,-6.3,+21.8,CB	+7.01,-3.4,+20.3,OB		+7.04,-3.7,+20.3,IB	
1702187941.0298321	+6.78,+2.3,+21.8,JB	+6.46,+25.8,+21.9,HA	+7.05,-6.2,+21.8,BB	+7.01,-3.3,+20.3,HB		+7.04,-3.8,+20.3,FB	
1702188003.0389361	+6.78,+2.2,+21.8,KB	+6.46,+25.8,+21.9,HA	+7.05,-6.2,+21.8,BB	+7.01,-3.5,+20.3,NB		+7.02,-3.1,+20.3,IB	
1702188065.0490327	+6.78,+2.2,+21.8,KB	+6.47,+25.4,+21.9,EA	+7.05,-6.2,+21.8,BB	+7.01,-3.4,+20.4,HB		+7.03,-3.1,+20.3,HB	
1702188127.0568147	+6.78,+2.2,+21.8,KB	+6.47,+25.2,+21.9,CA	+7.04,-6.0,+21.8,AB	+7.01,-3.2,+20.3,IB		+7.04,-3.8,+20.3,FB	
1702188189.0667899	+6.78,+2.2,+21.8,KB	+6.47,+25.4,+21.9,EA	+7.04,-6.1,+21.8,@B	+7.01,-3.5,+20.4,IB		+7.03,-3.4,+20.3,MB	
1702188251.0718381	+6.78,+2.2,+21.8,KB	+6.47,+25.4,+21.9,EA	+7.04,-6.0,+21.8,AB	+7.01,-3.5,+20.4,IB		+7.03,-3.7,+20.3,NB	
1702188313.0795856	+6.78,+2.2,+21.8,KB	+6.47,+25.4,+21.9,EA	+7.05,-6.1,+21.8,AB	+7.01,-3.2,+20.3,IB		+7.03,-3.2,+20.3,KB	
1702188375.0915613	+6.78,+2.2,+21.8,KB	+6.47,+25.3,+21.9,BA	+7.05,-6.1,+21.8,AB	+7.01,-3.2,+20.3,IB		+7.03,-3.3,+20.3,JB	
1702188437.1015396	+6.78,+2.3,+21.8,JB	+6.47,+25.3,+21.9,BA	+7.04,-6.0,+21.8,AB	+7.01,-3.4,+20.3,OB		+7.03,-3.3,+20.3,JB	
1702188499.1103354	+6.78,+2.2,+21.8,KB	+6.47,+25.4,+21.9,EA	+7.04,-6.1,+21.8,@B	+7.01,-3.4,+20.4,HB		+7.04,-3.8,+20.3,FB	
1702188561.119821	+6.78,+2.2,+21.8,KB	+6.47,+25.2,+21.9,CA	+7.04,-6.1,+21.8,@B	+7.01,-3.4,+20.4,HB		+7.03,-3.2,+20.3,KB	
1702188807.905542	+6.79,+2.2,+21.8,JB	+6.47,+25.4,+21.9,EA	+7.04,-6.0,+21.9,@B	+7.01,-3.2,+20.4,NB		+7.03,-3.2,+20.3,KB	
1702188869.9162035	+6.79,+2.2,+21.8,JB	+6.47,+25.4,+21.9,EA	+7.04,-6.1,+21.8,@B	+7.01,-3.2,+20.4,NB		+7.03,-3.6,+20.3,OB	
1702188931.9266376	+6.79,+2.2,+21.8,JB	+6.47,+25.3,+21.9,BA	+7.05,-6.2,+21.8,BB	+7.01,-3.4,+20.4,HB		+7.04,-3.8,+20.3,FB	
1702188993.936624	+6.79,+2.2,+21.8,JB	+6.47,+25.4,+21.9,EA	+7.04,-6.0,+21.8,AB	+7.01,-3.2,+20.4,NB		+7.03,-3.3,+20.3,JB	
1702189055.9477825	+6.78,+2.2,+21.8,KB	+6.47,+25.3,+21.9,BA	+7.04,-6.0,+21.8,AB	+7.01,-3.2,+20.3,IB		+7.02,-3.1,+20.3,IB	
1702189117.9573357	+6.78,+2.2,+21.8,KB	+6.47,+25.3,+21.9,BA	+7.04,-6.0,+21.8,AB	+7.01,-3.2,+20.4,NB		+7.02,-3.1,+20.3,IB	
1702189179.9664402	+6.79,+2.2,+21.8,JB	+6.47,+25.4,+21.9,EA	+7.04,-6.0,+21.8,AB	+7.01,-3.2,+20.3,IB		+7.03,-3.2,+20.3,KB	
1702189241.9731557	+6.79,+2.1,+21.8,IB	+6.47,+25.2,+21.9,CA	+7.05,-6.1,+21.8,AB	+7.01,-3.4,+20.4,HB		+7.03,-3.5,+20.3,LB	
1702189303.983289	+6.79,+2.1,+21.8,IB	+6.47,+25.4,+21.9,EA	+7.04,-6.0,+21.8,AB	+7.01,-3.2,+20.3,IB		+7.04,-3.8,+20.3,FB	
1702189365.9932334	+6.79,+2.2,+21.8,JB	+6.47,+25.2,+21.9,CA	+7.05,-6.1,+21.8,AB	+7.01,-3.3,+20.3,HB		+7.03,-3.5,+20.3,LB	
1702189428.0018942	+6.78,+2.2,+21.8,KB	+6.47,+25.3,+21.9,BA	+7.04,-6.0,+21.8,AB	+7.01,-3.3,+20.3,HB		+7.04,-3.7,+20.3,IB	
1702189490.0093017	+6.79,+2.2,+21.8,JB	+6.47,+25.2,+21.9,CA	+7.04,-6.1,+21.8,@B	+7.01,-3.4,+20.4,HB		+7.02,-3.1,+20.3,IB	
1702189552.0149393	+6.79,+2.1,+21.8,IB	+6.47,+25.3,+21.9,BA	+7.03,-5.1,+21.8,DB	+7.01,-3.5,+20.4,IB		+7.03,-3.7,+20.3,NB	
1702189614.0238712	+6.79,+2.1,+21.8,IB	+6.47,+25.2,+21.9,CA	+7.03,-5.1,+21.8,DB	+7.01,-3.4,+20.4,HB		+7.03,-3.4,+20.3,MB	
1702189676.0326786	+6.79,+2.1,+21.8,IB	+6.47,+25.3,+21.9,BA	+7.02,-4.8,+21.9,LB	+7.01,-3.5,+20.4,IB		+7.04,-3.9,+20.3,GB	
1702189738.0410979	+6.79,+2.1,+21.8,IB	+6.47,+25.4,+21.9,EA	+7.02,-4.9,+21.8,LB	+7.01,-3.3,+20.4,OB		+7.03,-3.4,+20.3,MB	
1702189800.050234	+6.79,+2.1,+21.8,IB	+6.47,+25.4,+21.9,EA	+7.02,-4.8,+21.8,MB	+7.01,-3.2,+20.4,NB		+7.03,-3.4,+20.3,MB	
1702189862.0607018	+6.79,+2.1,+21.8,IB	+6.47,+25.3,+21.9,BA	+7.02,-4.9,+21.9,MB	+7.01,-3.3,+20.4,OB		+7.02,-3.1,+20.3,IB	
1702189924.0702856	+6.79,+2.2,+21.8,JB	+6.47,+25.3,+21.9,BA	+7.02,-4.7,+21.9,CB	+7.01,-3.5,+20.4,IB		+7.03,-3.3,+20.3,JB	
1702189986.0802858	+6.79,+2.1,+21.8,IB	+6.47,+25.3,+21.9,BA	+7.02,-4.7,+21.9,CB	+7.01,-3.2,+20.4,NB		+7.04,-3.8,+20.3,FB	
1702190048.090225	+6.79,+2.1,+21.8,IB	+6.47,+25.2,+21.9,CA	+7.02,-4.6,+21.9,BB	+7.01,-3.4,+20.4,HB		+7.03,-3.2,+20.4,LB	
1702190110.0979507	+6.79,+2.1,+21.8,IB	+6.47,+25.3,+21.9,BA	+7.02,-4.8,+21.8,MB	+7.01,-3.2,+20.4,NB		+7.04,-3.8,+20.3,FB	
1702190172.1054583	+6.78,+2.2,+21.8,KB	+6.47,+25.3,+21.9,BA	+7.02,-4.8,+21.9,LB	+7.01,-3.4,+20.4,HB		+7.04,-3.7,+20.3,IB	
1702190234.1140318	+6.78,+2.2,+21.8,KB	+6.47,+25.2,+21.9,CA	+7.02,-4.8,+21.9,LB	+7.01,-3.5,+20.4,IB		+7.03,-3.5,+20.4,KB	
1702190296.1262515	+6.78,+2.2,+21.8,KB	+6.47,+25.2,+21.9,CA	+7.02,-4.8,+21.9,LB	+7.01,-3.4,+20.4,HB		+7.03,-3.5,+20.4,KB	
1702190358.1348007	+6.79,+2.2,+21.8,JB	+6.47,+25.2,+21.9,CA	+7.02,-4.9,+21.9,MB	+7.01,-3.4,+20.4,HB		+7.04,-3.9,+20.3,GB	
1702190420.1445217	+6.78,+2.3,+21.8,JB	+6.47,+25.3,+21.9,BA	+7.02,-4.6,+21.9,BB	+7.01,-3.2,+20.4,NB		+7.03,-3.2,+20.3,KB	
1702190482.1531637	+6.79,+2.2,+21.8,JB	+6.47,+25.3,+21.9,BA	+7.02,-4.8,+21.9,LB	+7.01,-3.3,+20.4,OB		+7.03,-3.2,+20.3,KB	
1702190544.1624892	+6.79,+2.2,+21.8,JB	+6.47,+25.2,+21.9,CA	+7.02,-4.7,+21.8,BB	+7.01,-3.2,+20.4,NB		+7.04,-3.9,+20.3,GB	
1702190606.1719518	+6.79,+2.2,+21.8,JB	+6.47,+25.2,+21.9,CA	+7.02,-4.7,+21.8,BB	+7.01,-3.5,+20.4,IB		+7.03,-3.2,+20.3,KB	
1702190668.181243	+6.79,+2.2,+21.8,JB	+6.47,+25.2,+21.9,CA	+7.02,-4.8,+21.8,MB	+7.01,-3.5,+20.4,IB		+7.03,-3.4,+20.3,MB	
1702190730.1893084	+6.79,+2.2,+21.8,JB	+6.47,+25.2,+21.9,CA	+7.02,-4.6,+21.8,CB	+7.01,-3.5,+20.4,IB		+7.03,-3.2,+20.3,KB	
1702190792.1968372	+6.79,+2.2,+21.8,JB	+6.47,+25.2,+21.9,CA	+7.02,-4.9,+21.8,LB	+7.01,-3.3,+20.4,OB		+7.03,-3.2,+20.4,LB	
1702190854.2062845	+6.78,+2.2,+21.8,KB	+6.47,+25.4,+21.9,EA	+7.02,-4.7,+21.9,CB	+7.01,-3.1,+20.4,MB		+7.03,-3.6,+20.3,OB	
1702190916.2143757	+6.79,+2.2,+21.8,JB	+6.47,+25.4,+21.9,EA	+7.02,-4.8,+21.9,LB	+7.01,-3.1,+20.4,MB		+7.03,-3.7,+20.4,IB	
1702190978.2220216	+6.78,+2.2,+21.8,KB	+6.47,+25.3,+21.9,BA	+7.02,-4.8,+21.8,MB	+7.01,-3.3,+20.4,OB		+7.04,-3.8,+20.4,AB	
1702191040.2322843	+6.79,+2.2,+21.8,JB	+6.47,+25.4,+21.9,EA	+7.02,-4.8,+21.8,MB	+7.01,-3.3,+20.4,OB		+7.03,-3.4,+20.4,JB	
1702191102.2420614	+6.79,+2.2,+21.8,JB	+6.47,+25.3,+21.9,BA	+7.02,-4.8,+21.8,MB	+7.01,-3.4,+20.4,HB		+7.03,-3.7,+20.4,IB	
1702191164.251804	+6.79,+2.1,+21.9,HB	+6.47,+25.3,+21.9,BA	+7.02,-4.8,+21.9,LB	+7.01,-3.1,+20.4,MB		+7.03,-3.4,+20.4,JB	
1702191226.2607815	+6.79,+2.1,+21.8,IB	+6.47,+25.4,+21.9,EA	+7.02,-4.9,+21.9,MB	+7.01,-3.2,+20.4,NB		+7.03,-3.2,+20.4,LB	
1702191288.2705243	+6.79,+2.1,+21.9,HB	+6.47,+25.4,+21.9,EA	+7.02,-4.8,+21.9,LB	+7.01,-3.1,+20.4,MB		+7.04,-3.8,+20.4,AB	
1702191350.2803266	+6.79,+2.2,+21.8,JB	+6.47,+25.3,+21.9,BA	+7.02,-4.7,+21.9,CB	+7.01,-3.2,+20.4,NB		+7.04,-3.8,+20.4,AB	
1702191412.2876813	+6.79,+2.1,+21.9,HB	+6.47,+25.3,+21.9,BA	+7.02,-4.9,+21.9,MB	+7.01,-3.3,+20.4,OB		+7.03,-3.4,+20.4,JB	
1702191474.2974455	+6.79,+2.1,+21.9,HB	+6.47,+25.3,+21.9,BA	+7.02,-4.6,+21.9,BB	+7.01,-3.2,+20.4,NB		+7.03,-3.5,+20.4,KB	
1702191536.3060148	+6.79,+2.1,+21.8,IB	+6.47,+25.3,+21.9,BA	+7.02,-4.7,+21.9,CB	+7.01,-3.1,+20.4,MB		+7.03,-3.5,+20.4,KB	
1702191598.3158615	+6.79,+2.2,+21.9,KB	+6.47,+25.1,+21.9,@A	+7.02,-4.9,+21.9,MB	+7.02,-3.6,+20.4,IB		+7.03,-3.6,+20.4,HB	
1702191660.3257298	+6.79,+2.0,+21.9,IB	+6.47,+25.2,+21.9,CA	+7.02,-4.7,+21.9,CB	+7.01,-3.2,+20.4,NB		+7.03,-3.2,+20.4,LB	
1702191722.3336756	+6.79,+2.1,+21.9,HB	+6.47,+25.1,+21.9,@A	+7.02,-4.8,+21.9,LB	+7.01,-3.3,+20.4,OB		+7.03,-3.5,+20.4,KB	
1702191784.343323	+6.79,+2.1,+21.9,HB	+6.47,+25.3,+21.9,BA	+7.02,-4.8,+21.9,LB	+7.01,-3.1,+20.4,MB		+7.02,-3.1,+20.4,NB	
1702191846.3521423	+6.79,+2.1,+21.9,HB	+6.47,+25.2,+21.9,CA	+7.02,-4.9,+21.9,MB	+7.01,-3.4,+20.4,HB		+7.03,-3.5,+20.4,KB	
1702191908.361875	+6.79,+2.1,+21.9,HB	+6.47,+25.2,+21.9,CA	+7.03,-5.0,+21.9,DB	+7.01,-3.3,+20.4,OB		+7.04,-3.8,+20.4,AB	
1702191970.3739119	+6.79,+2.1,+21.9,HB	+6.47,+25.3,+22.0,HA	+7.02,-5.0,+21.9,EB	+7.01,-3.1,+20.4,MB		+7.03,-3.6,+20.4,HB	
1702192032.3810341	+6.79,+2.1,+21.9,HB	+6.47,+25.3,+21.9,BA	+7.02,-5.0,+21.9,EB	+7.01,-3.1,+20.4,MB		+7.03,-3.6,+20.4,HB	
1702192094.391708	+6.79,+2.1,+21.9,HB	+6.47,+25.3,+21.9,BA	+7.02,-4.9,+21.9,MB	+7.01,-3.3,+20.4,OB		+7.03,-3.6,+20.4,HB	
1702192156.4010565	+6.79,+2.0,+21.9,IB	+6.47,+25.2,+21.9,CA	+7.02,-4.9,+21.9,MB	+7.01,-3.4,+20.4,HB		+7.03,-3.3,+20.4,MB	
1702192218.4107919	+6.79,+2.1,+21.8,IB	+6.47,+25.3,+21.9,BA	+7.03,-5.0,+21.9,DB	+7.01,-3.1,+20.4,MB		+7.04,-3.8,+20.4,AB	
1702192280.4194043	+6.79,+2.1,+21.9,HB	+6.47,+25.2,+21.9,CA	+7.03,-5.0,+21.9,DB	+7.01,-3.3,+20.4,OB		+7.04,-3.8,+20.4,AB	
1702192342.428747	+6.79,+2.1,+21.9,HB	+6.47,+25.1,+21.9,@A	+7.03,-5.0,+21.9,DB	+7.01,-3.5,+20.4,IB		+7.04,-3.9,+20.4,@B	
1702192404.43595	+6.79,+2.1,+21.9,HB	+6.47,+25.3,+22.0,HA	+7.03,-5.1,+21.9,EB	+7.01,-3.2,+20.4,NB		+7.03,-3.5,+20.4,KB	
1702192651.2030482	+6.79,+2.1,+21.9,HB	+6.47,+25.2,+21.9,CA	+7.02,-4.9,+21.9,MB	+7.01,-3.3,+20.4,OB		+7.03,-3.5,+20.4,KB	
1702192713.2126849	+6.78,+2.3,+21.9,KB	+6.47,+25.2,+21.9,CA	+7.03,-5.0,+21.9,DB	+7.01,-3.1,+20.4,MB		+7.04,-3.9,+20.4,@B	
1702192775.2221913	+6.78,+2.4,+21.9,LB	+6.47,+25.0,+21.9,AA	+7.03,-5.1,+21.9,EB	+7.01,-3.4,+20.4,HB		+7.03,-3.2,+20.4,LB	
1702192837.2313135	+6.78,+2.4,+21.9,LB	+6.47,+25.2,+21.9,CA	+7.02,-4.9,+21.9,MB	+7.01,-3.1,+20.5,LB		+7.03,-3.5,+20.4,KB	
1702192899.2406552	+6.78,+2.4,+21.9,LB	+6.47,+25.0,+22.0,KA	+7.02,-4.8,+21.9,LB	+7.01,-3.4,+20.5,IB		+7.03,-3.5,+20.4,KB	
1702192961.251121	+6.78,+2.4,+21.9,LB	+6.47,+25.1,+22.0,JA	+7.02,-4.9,+21.9,MB	+7.01,-3.3,+20.5,NB		+7.04,-3.9,+20.4,@B	
1702193023.2606273	+6.78,+2.5,+21.9,MB	+6.47,+25.1,+22.0,JA	+7.02,-4.9,+21.9,MB	+7.01,-3.4,+20.5,IB		+7.03,-3.4,+20.4,JB	
1702193085.2704859	+6.78,+2.5,+21.9,MB	+6.47,+25.2,+22.0,IA	+7.02,-4.6,+21.9,BB	+7.01,-3.1,+20.4,MB		+7.03,-3.3,+20.4,MB	
1702193147.2794616	+6.78,+2.5,+21.9,MB	+6.47,+25.1,+22.0,JA	+7.02,-4.8,+22.0,FB	+7.01,-3.1,+20.5,LB		+7.03,-3.4,+20.4,JB	
1702193209.2885718	+6.78,+2.5,+21.9,MB	+6.47,+25.1,+22.0,JA	+7.02,-4.9,+21.9,MB	+7.01,-3.3,+20.5,NB		+7.04,-3.9,+20.4,@B	
1702193271.2979712	+6.78,+2.4,+21.9,LB	+6.47,+25.1,+21.9,@A	+7.02,-4.8,+21.9,LB	+7.01,-3.4,+20.5,IB		+7.03,-3.5,+20.4,KB	
1702193333.3089066	+6.78,+2.4,+21.9,LB	+6.47,+25.2,+22.0,IA	+7.02,-4.7,+21.9,CB	+7.01,-3.3,+20.5,NB		+7.02,-3.1,+20.4,NB	
1702193395.3164933	+6.78,+2.5,+21.9,MB	+6.47,+25.2,+22.0,IA	+7.02,-5.0,+21.9,EB	+7.01,-3.0,+20.4,LB		+7.04,-3.8,+20.4,AB	
1702193457.3232727	+6.78,+2.5,+21.9,MB	+6.47,+25.1,+21.9,@A	+7.02,-4.7,+21.9,CB	+7.01,-3.1,+20.5,LB		+7.04,-3.8,+20.4,AB	
1702193519.332739	+6.78,+2.4,+21.9,LB	+6.47,+25.0,+22.0,KA	+7.02,-4.6,+21.9,BB	+7.01,-3.4,+20.5,IB		+7.03,-3.2,+20.4,LB	
1702193581.343803	+6.78,+2.4,+21.9,LB	+6.47,+25.0,+22.0,KA	+7.02,-4.7,+21.9,CB	+7.01,-3.3,+20.5,NB		+7.02,-3.1,+20.5,OB	
1702193643.3528602	+6.78,+2.4,+21.9,LB	+6.47,+25.0,+22.0,KA	+7.04,-5.6,+22.0,OB	+7.01,-3.4,+20.5,IB		+7.04,-3.7,+20.4,NB	
1702193705.3612096	+6.78,+2.5,+21.9,MB	+6.47,+25.0,+22.0,KA	+7.03,-5.2,+21.9,FB	+7.01,-3.3,+20.5,NB		+7.04,-3.7,+20.4,NB	
1702193767.3724782	+6.78,+2.4,+21.9,LB	+6.47,+25.1,+22.0,JA	+7.05,-6.3,+21.9,BB	+7.01,-3.1,+20.5,LB		+7.03,-3.5,+20.4,KB	
1702193829.3833325	+6.78,+2.4,+21.9,LB	+6.47,+25.2,+22.0,IA	+7.06,-7.0,+21.9,CB	+7.01,-3.0,+20.5,MB		+7.03,-3.3,+20.4,MB	
1702193891.3914897	+6.78,+2.4,+21.9,LB	+6.47,+25.2,+22.0,IA	+7.02,-4.7,+22.0,IB	+7.01,-3.1,+20.5,LB		+7.03,-3.4,+20.4,JB	
1702193953.3991055	+6.78,+2.4,+21.9,LB	+6.46,+25.7,+22.0,MA	+7.02,-4.4,+21.9,@B	+7.01,-3.1,+20.5,LB		+7.04,-3.8,+20.4,AB	
1702194015.4077358	+6.78,+2.4,+21.9,LB	+6.47,+25.5,+22.0,NA	+7.01,-4.2,+21.9,EB	+7.01,-3.4,+20.5,IB		+7.03,-3.4,+20.4,JB	
1702194077.4167693	+6.78,+2.4,+21.9,LB	+6.47,+25.5,+22.0,NA	+7.01,-4.1,+21.9,FB	+7.01,-3.2,+20.5,OB		+7.04,-3.7,+20.4,NB	
1702194139.425289	+6.78,+2.4,+21.9,LB	+6.47,+25.4,+22.0,OA	+7.01,-4.0,+21.9,GB	+7.01,-3.3,+20.5,NB		+7.03,-3.4,+20.4,JB	
1702194201.4333866	+6.78,+2.4,+21.9,LB	+6.47,+25.5,+22.0,NA	+7.00,-3.8,+21.9,IB	+7.01,-3.4,+20.5,IB		+7.03,-3.2,+20.4,LB	
1702194263.4426873	+6.78,+2.4,+21.9,LB	+6.46,+25.6,+22.0,LA	+7.00,-3.6,+21.9,GB	+7.00,-3.0,+20.5,LB		+7.04,-3.8,+20.4,AB	
1702194325.4523227	+6.78,+2.4,+21.9,LB	+6.47,+25.4,+22.0,OA	+7.00,-3.4,+21.9,EB	+7.01,-3.3,+20.5,NB		+7.03,-3.5,+20.4,KB	
1702194387.4613109	+6.78,+2.4,+21.9,LB	+6.46,+25.6,+22.0,LA	+6.99,-3.2,+22.0,HB	+7.01,-3.1,+20.4,MB		+7.03,-3.2,+20.4,LB	
1702194449.466358	+6.78,+2.4,+21.9,LB	+6.47,+25.5,+22.0,NA	+6.99,-3.1,+21.9,AB	+7.01,-3.1,+20.5,LB		+7.03,-3.4,+20.4,JB	
1702194511.4761546	+6.78,+2.4,+21.9,LB	+6.47,+25.5,+22.0,NA	+6.99,-3.0,+22.0,JB	+7.01,-3.1,+20.5,LB		+7.03,-3.4,+20.5,KB	
1702194573.484496	+6.78,+2.4,+21.9,LB	+6.47,+25.4,+22.0,OA	+6.99,-2.8,+21.9,IB	+7.01,-3.3,+20.5,NB		+7.04,-3.9,+20.4,@B	
1702194635.4936242	+6.78,+2.4,+21.9,LB	+6.47,+25.5,+22.0,NA	+6.98,-2.7,+22.0,MB	+7.01,-3.1,+20.5,LB		+7.04,-3.9,+20.5,AB	
1702194697.5034025	+6.78,+2.4,+21.9,LB	+6.47,+25.5,+22.0,NA	+6.98,-2.6,+22.0,LB	+7.01,-3.2,+20.5,OB		+7.04,-3.8,+20.5,@B	
1702194759.5103245	+6.78,+2.4,+21.9,LB	+6.46,+25.5,+22.0,OA	+6.99,-2.9,+22.0,BB	+7.01,-3.0,+20.5,MB		+7.03,-3.5,+20.5,JB	
1702194821.5179756	+6.78,+2.4,+21.9,LB	+6.46,+25.6,+22.0,LA	+6.99,-2.7,+22.0,LB	+7.01,-3.1,+20.5,LB		+7.03,-3.7,+20.5,HB	
1702194883.5270927	+6.78,+2.4,+22.0,FB	+6.47,+25.3,+22.0,HA	+6.99,-2.8,+21.9,IB	+7.01,-3.1,+20.5,LB		+7.04,-3.9,+20.5,AB	
1702194945.5354323	+6.78,+2.4,+21.9,LB	+6.47,+25.2,+22.0,IA	+6.99,-2.7,+22.0,LB	+7.01,-3.1,+20.5,LB		+7.04,-3.9,+20.5,AB	
1702195007.5421894	+6.78,+2.4,+21.9,LB	+6.47,+25.1,+22.0,JA	+6.98,-2.6,+22.0,LB	+7.01,-3.1,+20.5,LB		+7.04,-3.8,+20.5,@B	
1702195069.5516617	+6.78,+2.3,+21.9,KB	+6.47,+25.1,+22.0,JA	+6.98,-2.6,+22.0,LB	+7.01,-3.2,+20.5,OB		+7.03,-3.2,+20.5,MB	
1702195131.5613155	+6.78,+2.4,+21.9,LB	+6.47,+25.1,+22.0,JA	+6.98,-2.5,+22.0,OB	+7.01,-3.1,+20.5,LB		+7.03,-3.2,+20.5,MB	
1702195193.5679018	+6.78,+2.3,+21.9,KB	+6.47,+25.2,+22.0,IA	+6.98,-2.4,+22.0,NB	+7.00,-3.0,+20.5,LB		+7.03,-3.3,+20.5,LB	
1702195255.5772932	+6.78,+2.3,+21.9,KB	+6.47,+25.1,+22.0,JA	+6.98,-2.4,+22.0,NB	+7.01,-3.3,+20.5,NB		+7.04,-3.9,+20.5,AB	
1702195317.5871816	+6.78,+2.4,+21.9,LB	+6.47,+25.2,+22.0,IA	+6.98,-2.4,+22.0,NB	+7.01,-3.1,+20.5,LB		+7.04,-3.9,+20.5,AB	
1702195379.5967295	+6.78,+2.4,+21.9,LB	+6.47,+25.2,+22.0,IA	+6.98,-2.4,+22.0,NB	+7.01,-3.1,+20.5,LB		+7.04,-3.9,+20.5,AB	
1702195441.6068263	+6.78,+2.3,+21.9,KB	+6.47,+25.0,+22.0,KA	+6.98,-2.4,+22.0,NB	+7.01,-3.3,+20.5,NB		+7.03,-3.2,+20.5,MB	
1702195503.6150513	+6.78,+2.4,+21.9,LB	+6.47,+25.2,+22.0,IA	+6.98,-2.4,+22.0,NB	+7.01,-3.1,+20.5,LB		+7.03,-3.5,+20.5,JB	
1702195565.6260238	+6.78,+2.3,+21.9,KB	+6.47,+25.2,+22.0,IA	+6.98,-2.4,+22.0,NB	+7.01,-3.2,+20.5,OB		+7.03,-3.6,+20.5,IB	
1702195627.6346493	+6.78,+2.4,+22.0,FB	+6.47,+25.3,+22.0,HA	+6.98,-2.5,+22.0,OB	+7.01,-3.1,+20.5,LB		+7.04,-3.9,+20.5,AB	
1702195689.6435664	+6.78,+2.3,+21.9,KB	+6.47,+25.1,+22.0,JA	+6.98,-2.5,+22.0,OB	+7.01,-3.2,+20.5,OB		+7.02,-3.1,+20.5,OB	
1702195751.6500275	+6.78,+2.3,+21.9,KB	+6.47,+25.2,+22.0,IA	+6.98,-2.4,+22.0,NB	+7.00,-3.0,+20.5,LB		+7.03,-3.5,+20.5,JB	
1702195813.6561155	+6.78,+2.4,+21.9,LB	+6.47,+25.1,+22.0,JA	+6.98,-2.4,+22.0,NB	+7.01,-3.3,+20.5,NB		+7.04,-3.9,+20.5,AB	
1702195875.6671762	+6.78,+2.3,+21.9,KB	+6.47,+25.2,+22.0,IA	+6.98,-2.5,+22.0,OB	+7.01,-3.1,+20.5,LB		+7.03,-3.4,+20.5,KB	
1702195937.6767173	+6.78,+2.3,+21.9,KB	+6.47,+25.2,+22.0,IA	+6.98,-2.5,+22.0,OB	+7.01,-3.1,+20.5,LB		+7.03,-3.2,+20.5,MB	
1702195999.6849864	+6.78,+2.3,+21.9,KB	+6.47,+25.3,+22.0,HA	+6.98,-2.5,+22.0,OB	+7.00,-2.9,+20.5,DB		+7.03,-3.6,+20.5,IB	
1702196061.6954806	+6.78,+2.3,+21.9,KB	+6.47,+25.2,+22.0,IA	+6.98,-2.4,+22.0,NB	+7.01,-3.1,+20.5,LB		+7.04,-3.9,+20.5,AB	
1702196123.7051291	+6.78,+2.3,+21.9,KB	+6.47,+25.1,+22.0,JA	+6.98,-2.5,+22.0,OB	+7.01,-3.3,+20.5,NB		+7.03,-3.2,+20.5,MB	
1702196185.7127483	+6.78,+2.3,+22.0,AB	+6.47,+25.1,+22.0,JA	+6.98,-2.5,+22.0,OB	+7.01,-3.1,+20.5,LB		+7.03,-3.4,+20.5,KB	
1702196247.7219331	+6.78,+2.3,+21.9,KB	+6.47,+25.1,+22.0,JA	+6.98,-2.5,+22.0,OB	+7.01,-3.2,+20.5,OB		+7.03,-3.5,+20.5,JB	
1702196494.447148	+6.78,+2.3,+22.0,AB	+6.47,+25.2,+22.0,IA	+6.98,-2.5,+22.0,OB	+7.01,-3.0,+20.5,MB		+7.03,-3.4,+20.5,KB	
1702196556.4571664	+6.78,+2.3,+22.0,AB	+6.47,+25.1,+22.0,JA	+6.98,-2.6,+22.0,LB	+7.01,-3.3,+20.6,MB		+7.04,-3.9,+20.5,AB	
1702196618.4674885	+6.78,+2.2,+22.0,@B	+6.47,+25.1,+22.0,JA	+6.98,-2.6,+22.0,LB	+7.01,-3.4,+20.5,IB		+7.03,-3.6,+20.5,IB	
1702196680.4766731	+6.78,+2.2,+22.0,@B	+6.47,+25.2,+22.1,HA	+6.99,-2.9,+22.0,BB	+7.01,-3.2,+20.5,OB		+7.04,-3.9,+20.5,AB	
1702196742.4855456	+6.78,+2.3,+22.0,AB	+6.47,+25.4,+22.0,OA	+6.98,-2.6,+22.0,LB	+7.01,-3.1,+20.5,LB		+7.04,-3.9,+20.5,AB	
1702196804.4949732	+6.78,+2.3,+21.9,KB	+6.47,+25.2,+22.0,IA	+6.98,-2.6,+22.0,LB	+7.01,-3.2,+20.5,OB		+7.03,-3.6,+20.5,IB	
1702196866.503429	+6.78,+2.3,+22.0,AB	+6.47,+25.2,+22.0,IA	+6.98,-2.6,+22.0,LB	+7.01,-3.2,+20.5,OB		+7.03,-3.6,+20.5,IB	
1702196928.513681	+6.78,+2.3,+22.0,AB	+6.47,+25.3,+22.0,HA	+6.98,-2.6,+22.0,LB	+7.00,-3.0,+20.5,LB		+7.04,-3.9,+20.5,AB	
1702196990.5212216	+6.78,+2.3,+22.0,AB	+6.47,+25.3,+22.0,HA	+6.98,-2.7,+22.0,MB	+7.01,-3.0,+20.5,MB		+7.03,-3.6,+20.5,IB	
1702197052.532497	+6.78,+2.2,+22.0,@B	+6.47,+25.4,+22.0,OA	+6.99,-2.7,+22.0,LB	+7.01,-3.0,+20.5,MB		+7.03,-3.5,+20.5,JB	
1702197114.5423362	+6.78,+2.3,+22.0,AB	+6.47,+25.3,+22.0,HA	+6.99,-2.8,+22.0,CB	+7.01,-3.4,+20.5,IB		+7.03,-3.6,+20.5,IB	
1702197176.5524354	+6.78,+2.2,+22.0,@B	+6.47,+25.3,+22.1,IA	+6.99,-2.7,+22.0,LB	+7.01,-3.2,+20.5,OB		+7.03,-3.3,+20.5,LB	
1702197238.562229	+6.78,+2.3,+22.0,AB	+6.47,+25.3,+22.0,HA	+6.99,-2.7,+22.0,LB	+7.01,-3.0,+20.6,NB		+7.03,-3.2,+20.5,MB	
1702197300.570865	+6.78,+2.2,+22.0,@B	+6.47,+25.3,+22.0,HA	+6.99,-2.8,+22.0,CB	+7.01,-3.1,+20.5,LB		+7.03,-3.7,+20.5,HB	
1702197362.5808194	+6.78,+2.2,+22.0,@B	+6.47,+25.4,+22.0,OA	+6.99,-2.9,+22.0,BB	+7.01,-3.2,+20.5,OB		+7.04,-3.8,+20.5,@B	
1702197424.5903451	+6.78,+2.3,+22.0,AB	+6.47,+25.4,+22.0,OA	+6.99,-3.0,+22.0,JB	+7.01,-3.0,+20.5,MB		+7.03,-3.6,+20.5,IB	
1702197486.6024888	+6.78,+2.3,+22.0,AB	+6.47,+25.3,+22.0,HA	+6.99,-2.9,+22.0,BB	+7.01,-3.2,+20.5,OB		+7.04,-3.9,+20.5,AB	
1702197548.6127772	+6.78,+2.2,+22.0,@B	+6.47,+25.4,+22.0,OA	+6.99,-2.9,+22.0,BB	+7.01,-3.1,+20.5,LB		+7.04,-3.9,+20.5,AB	
1702197610.6222003	+6.78,+2.2,+22.0,@B	+6.47,+25.3,+22.0,HA	+6.99,-2.9,+22.0,BB	+7.01,-3.0,+20.5,MB		+7.04,-3.9,+20.5,AB	
1702197672.6304295	+6.78,+2.2,+22.0,@B	+6.47,+25.3,+22.0,HA	+6.99,-2.9,+22.0,BB	+7.01,-3.2,+20.5,OB		+7.03,-3.2,+20.5,MB	
1702197734.6413202	+6.78,+2.2,+22.0,@B	+6.47,+25.3,+22.0,HA	+6.99,-2.9,+22.0,BB	+7.01,-3.1,+20.5,LB		+7.03,-3.3,+20.5,LB	
1702197796.6508257	+6.78,+2.2,+22.0,@B	+6.47,+25.2,+22.0,IA	+6.99,-2.9,+22.0,BB	+7.01,-3.4,+20.5,IB		+7.03,-3.5,+20.5,JB	
1702197858.6597595	+6.78,+2.2,+22.0,@B	+6.47,+25.2,+22.0,IA	+6.99,-3.0,+22.0,JB	+7.01,-3.0,+20.5,MB		+7.03,-3.5,+20.5,JB	
1702197920.6680272	+6.79,+2.1,+22.0,BB	+6.47,+25.3,+22.0,HA	+6.99,-2.9,+22.0,BB	+7.01,-3.0,+20.5,MB		+7.03,-3.3,+20.5,LB	
1702197982.6794138	+6.79,+2.1,+22.0,BB	+6.47,+25.1,+22.0,JA	+6.99,-3.2,+22.0,HB	+7.01,-3.2,+20.6,LB		+7.03,-3.5,+20.5,JB	
1702198044.68656	+6.78,+2.2,+22.0,@B	+6.47,+25.2,+22.1,HA	+6.99,-2.9,+22.0,BB	+7.01,-3.3,+20.5,NB		+7.04,-3.7,+20.5,OB	
1702198106.6966724	+6.79,+2.2,+22.0,AB	+6.47,+25.1,+22.0,JA	+6.99,-3.0,+22.0,JB	+7.00,-3.0,+20.5,LB		+7.03,-3.6,+20.5,IB	
1702198168.7064877	+6.79,+2.2,+22.0,AB	+6.47,+25.1,+22.0,JA	+6.99,-3.1,+22.0,KB	+7.01,-3.2,+20.6,LB		+7.03,-3.7,+20.5,HB	
1702198230.7163618	+6.78,+2.2,+22.0,@B	+6.47,+25.1,+22.1,KA	+6.99,-2.9,+22.0,BB	+7.01,-3.0,+20.5,MB		+7.03,-3.6,+20.5,IB	
1702198292.7256215	+6.79,+2.2,+22.0,AB	+6.47,+25.1,+22.1,KA	+6.99,-3.1,+22.0,KB	+7.00,-3.0,+20.6,OB		+7.03,-3.6,+20.6,JB	
1702198354.7359233	+6.79,+2.1,+22.0,BB	+6.47,+25.2,+22.1,HA	+6.99,-2.9,+22.0,BB	+7.00,-2.9,+20.6,GB		+7.03,-3.6,+20.5,IB	
1702198416.7458627	+6.79,+2.1,+22.0,BB	+6.47,+25.1,+22.1,KA	+6.99,-2.8,+22.0,CB	+7.01,-3.0,+20.5,MB		+7.04,-3.9,+20.5,AB	
1702198478.7566135	+6.79,+2.2,+22.0,AB	+6.47,+25.2,+22.1,HA	+6.99,-2.7,+22.0,LB	+7.01,-3.1,+20.6,OB		+7.03,-3.2,+20.5,MB	
1702198540.7663574	+6.79,+2.2,+22.0,AB	+6.47,+25.1,+22.1,KA	+6.98,-2.6,+22.0,LB	+7.01,-3.2,+20.6,LB		+7.04,-3.9,+20.5,AB	
1702198602.7748127	+6.79,+2.2,+22.0,AB	+6.47,+25.3,+22.0,HA	+6.98,-2.6,+22.0,LB	+7.00,-2.9,+20.6,GB		+7.03,-3.2,+20.5,MB	
1702198664.782338	+6.79,+2.1,+22.0,BB	+6.47,+25.2,+22.0,IA	+6.98,-2.6,+22.0,LB	+7.01,-3.2,+20.6,LB		+7.04,-3.9,+20.5,AB	
1702198726.7927616	+6.79,+2.1,+22.0,BB	+6.47,+25.2,+22.0,IA	+6.98,-2.6,+22.0,LB	+7.01,-3.2,+20.6,LB		+7.04,-3.9,+20.5,AB	
1702198788.7980433	+6.79,+2.1,+22.0,BB	+6.47,+25.2,+22.0,IA	+6.98,-2.6,+22.0,LB	+7.00,-3.0,+20.5,LB		+7.03,-3.3,+20.5,LB	
1702198850.8057442	+6.79,+2.1,+22.0,BB	+6.47,+25.1,+22.1,KA	+6.99,-2.7,+22.0,LB	+7.00,-3.0,+20.6,OB		+7.03,-3.4,+20.5,KB	
1702198912.8122017	+6.79,+2.1,+22.0,BB	+6.47,+25.4,+22.1,NA	+6.98,-2.5,+22.0,OB	+7.01,-3.1,+20.6,OB		+7.04,-3.7,+20.5,OB	
1702198974.8214226	+6.79,+2.1,+22.0,BB	+6.47,+25.2,+22.0,IA	+6.99,-2.7,+22.0,LB	+7.01,-3.0,+20.6,NB		+7.04,-3.7,+20.5,OB	
1702199036.828987	+6.79,+2.1,+22.0,BB	+6.47,+25.1,+22.0,JA	+6.99,-2.7,+22.0,LB	+7.01,-3.1,+20.6,OB		+7.04,-3.7,+20.5,OB	
1702199098.838176	+6.79,+2.1,+22.0,BB	+6.47,+25.3,+22.1,IA	+6.98,-2.6,+22.0,LB	+7.01,-3.0,+20.6,NB		+7.03,-3.2,+20.5,MB	
1702199160.84863	+6.79,+2.1,+22.0,BB	+6.47,+25.0,+22.1,JA	+7.00,-3.5,+22.0,NB	+7.01,-3.2,+20.6,LB		+7.04,-3.9,+20.5,AB	
1702199222.857234	+6.79,+2.1,+22.0,BB	+6.47,+25.1,+22.1,KA	+6.99,-3.0,+22.0,JB	+7.01,-3.2,+20.6,LB		+7.04,-3.7,+20.5,OB	
1702199284.86739	+6.79,+2.1,+22.0,BB	+6.47,+25.1,+22.1,KA	+6.99,-2.9,+22.0,BB	+7.01,-3.2,+20.6,LB		+7.03,-3.6,+20.5,IB	
1702199346.8742118	+6.79,+2.1,+22.0,BB	+6.47,+25.2,+22.1,HA	+6.99,-2.8,+22.0,CB	+7.00,-2.9,+20.5,DB		+7.03,-3.2,+20.5,MB	
1702199408.8839157	+6.79,+2.1,+22.0,BB	+6.47,+25.1,+22.1,KA	+6.99,-2.8,+22.0,CB	+7.00,-2.9,+20.6,GB		+7.03,-3.2,+20.5,MB	
1702199470.8918362	+6.78,+2.2,+22.0,@B	+6.47,+25.2,+22.1,HA	+6.99,-2.8,+22.1,BB	+7.01,-3.2,+20.6,LB		+7.04,-3.7,+20.6,LB	
1702199532.8989348	+6.78,+2.2,+22.0,@B	+6.47,+25.3,+22.0,HA	+6.99,-2.7,+22.1,MB	+7.00,-2.9,+20.6,GB		+7.04,-4.0,+20.6,LB	
1702199594.9055586	+6.78,+2.2,+22.0,@B	+6.47,+25.1,+22.1,KA	+6.99,-2.8,+22.0,CB	+7.00,-3.0,+20.6,OB		+7.03,-3.6,+20.5,IB	
1702199656.9133093	+6.78,+2.2,+22.0,@B	+6.47,+25.3,+22.1,IA	+6.99,-2.9,+22.0,BB	+7.00,-2.9,+20.6,GB		+7.04,-3.9,+20.6,BB	
1702199718.9228072	+6.78,+2.2,+22.0,@B	+6.47,+25.1,+22.1,KA	+6.99,-2.7,+22.0,LB	+7.01,-3.0,+20.6,NB		+7.04,-3.9,+20.5,AB	
1702199780.9329352	+6.78,+2.2,+22.0,@B	+6.47,+25.2,+22.1,HA	+6.99,-2.8,+22.1,BB	+7.01,-3.2,+20.6,LB		+7.03,-3.5,+20.6,IB	
1702199842.9408243	+6.79,+2.2,+22.0,AB	+6.47,+25.2,+22.1,HA	+6.99,-3.0,+22.1,KB	+7.00,-2.9,+20.6,GB		+7.03,-3.3,+20.6,OB	
1702199904.9493217	+6.79,+2.2,+22.0,AB	+6.47,+25.2,+22.1,HA	+6.99,-3.0,+22.1,KB	+7.00,-2.9,+20.6,GB		+7.03,-3.2,+20.6,NB	
1702199966.9574327	+6.79,+2.2,+22.0,AB	+6.47,+25.3,+22.1,IA	+6.99,-2.8,+22.1,BB	+7.00,-3.0,+20.6,OB		+7.03,-3.6,+20.6,JB	
1702200028.9677756	+6.79,+2.2,+22.0,AB	+6.47,+25.2,+22.1,HA	+6.99,-2.9,+22.1,CB	+7.00,-3.0,+20.6,OB		+7.03,-3.2,+20.6,NB	
1702200090.9769015	+6.78,+2.2,+22.0,@B	+6.47,+25.2,+22.1,HA	+6.99,-3.0,+22.1,KB	+7.00,-2.8,+20.6,FB		+7.03,-3.2,+20.6,NB	
1702200337.7439053	+6.79,+2.1,+22.0,BB	+6.47,+25.2,+22.1,HA	+6.99,-2.9,+22.1,CB	+7.00,-2.8,+20.6,FB		+7.04,-4.0,+20.6,LB	
1702200399.7532704	+6.79,+2.1,+22.0,BB	+6.47,+25.3,+22.1,IA	+7.00,-3.6,+22.1,LB	+7.01,-3.1,+20.6,OB		+7.03,-3.2,+20.6,NB	
1702200461.76199	+6.79,+2.2,+22.0,AB	+6.47,+25.4,+22.1,NA	+7.00,-3.7,+22.1,MB	+7.00,-3.0,+20.6,OB		+7.04,-4.0,+20.6,LB	
1702200523.7696826	+6.79,+2.1,+22.0,BB	+6.47,+25.3,+22.1,IA	+7.00,-3.6,+22.1,LB	+7.00,-2.9,+20.6,GB		+7.03,-3.7,+20.6,KB	
1702200585.7799394	+6.79,+2.1,+22.0,BB	+6.47,+25.4,+22.1,NA	+7.00,-3.6,+22.0,MB	+7.01,-3.1,+20.6,OB		+7.04,-4.0,+20.6,LB	
1702200647.7900417	+6.79,+2.1,+22.0,BB	+6.47,+25.3,+22.1,IA	+7.00,-3.6,+22.1,LB	+7.00,-2.8,+20.6,FB		+7.03,-3.2,+20.6,NB	
1702200709.7987666	+6.79,+2.1,+22.0,BB	+6.47,+25.4,+22.1,NA	+7.00,-3.6,+22.0,MB	+7.00,-2.9,+20.6,GB		+7.03,-3.2,+20.6,NB	
1702200771.8050537	+6.79,+2.2,+22.0,AB	+6.47,+25.3,+22.1,IA	+7.00,-3.7,+22.1,MB	+7.01,-3.1,+20.6,OB		+7.04,-4.0,+20.5,OB	
1702200833.8136332	+6.79,+2.1,+22.0,BB	+6.47,+25.3,+22.1,IA	+7.00,-3.5,+22.0,NB	+7.00,-2.8,+20.6,FB		+7.03,-3.6,+20.6,JB	
1702200895.8206317	+6.79,+2.1,+22.0,BB	+6.46,+25.7,+22.1,LA	+7.00,-3.5,+22.0,NB	+7.00,-2.8,+20.6,FB		+7.04,-3.7,+20.6,LB	
1702200957.82946	+6.79,+2.1,+22.0,BB	+6.47,+25.4,+22.1,NA	+7.00,-3.5,+22.1,OB	+7.01,-3.2,+20.6,LB		+7.03,-3.4,+20.6,HB	
1702201019.8391576	+6.79,+2.1,+22.0,BB	+6.46,+25.6,+22.1,MA	+7.00,-3.4,+22.1,NB	+7.00,-2.9,+20.6,GB		+7.04,-3.8,+20.6,CB	
1702201081.8463113	+6.79,+2.1,+22.0,BB	+6.46,+25.6,+22.1,MA	+7.00,-3.4,+22.1,NB	+7.00,-2.8,+20.6,FB		+7.04,-3.9,+20.6,BB	
1702201143.8543854	+6.79,+2.1,+22.0,BB	+6.46,+25.7,+22.1,LA	+6.99,-3.2,+22.1,IB	+7.01,-3.2,+20.6,LB		+7.04,-3.7,+20.6,LB	
1702201205.8642197	+6.79,+2.1,+22.0,BB	+6.47,+25.3,+22.1,IA	+7.00,-3.3,+22.1,IB	+7.01,-3.0,+20.6,NB		+7.03,-3.3,+20.6,OB	
1702201267.8742847	+6.79,+2.1,+22.0,BB	+6.47,+25.2,+22.1,HA	+7.00,-3.4,+22.1,NB	+7.00,-2.8,+20.6,FB		+7.03,-3.2,+20.6,NB	
1702201329.881878	+6.79,+2.1,+22.0,BB	+6.47,+25.2,+22.1,HA	+7.00,-3.3,+22.1,IB	+7.00,-3.0,+20.6,OB		+7.03,-3.6,+20.6,JB	
1702201391.8894296	+6.79,+2.1,+22.0,BB	+6.47,+25.2,+22.1,HA	+7.00,-3.3,+22.1,IB	+7.01,-3.1,+20.6,OB		+7.04,-3.9,+20.6,BB	
1702201453.8991506	+6.79,+2.1,+22.0,BB	+6.47,+25.4,+22.1,NA	+6.99,-3.2,+22.1,IB	+7.01,-3.0,+20.6,NB		+7.03,-3.3,+20.6,OB	
1702201515.911846	+6.79,+2.2,+22.0,AB	+6.47,+25.2,+22.1,HA	+6.99,-3.2,+22.1,IB	+7.00,-2.9,+20.6,GB		+7.04,-3.9,+20.6,BB	
1702201577.9207532	+6.79,+2.1,+22.0,BB	+6.47,+25.2,+22.1,HA	+6.99,-3.1,+22.1,JB	+7.00,-2.9,+20.6,GB		+7.04,-4.0,+20.6,LB	
1702201639.927331	+6.79,+2.1,+22.0,BB	+6.47,+25.4,+22.1,NA	+6.99,-3.2,+22.1,IB	+7.01,-3.2,+20.6,LB		+7.03,-3.3,+20.6,OB	
1702201701.9382987	+6.79,+2.1,+22.1,CB	+6.47,+25.4,+22.1,NA	+7.00,-3.3,+22.1,IB	+7.00,-3.0,+20.6,OB		+7.03,-3.7,+20.6,KB	
1702201763.945008	+6.79,+2.0,+22.0,CB	+6.47,+25.4,+22.1,NA	+6.99,-3.2,+22.1,IB	+7.00,-2.9,+20.6,GB		+7.04,-3.9,+20.6,BB	
1702201825.9532492	+6.79,+2.1,+22.1,CB	+6.47,+25.3,+22.1,IA	+6.99,-3.1,+22.1,JB	+7.00,-2.9,+20.6,GB		+7.03,-3.4,+20.6,HB	
1702201887.9623933	+6.79,+2.1,+22.0,BB	+6.47,+25.4,+22.1,NA	+6.99,-3.2,+22.1,IB	+7.01,-3.0,+20.6,NB		+7.04,-4.0,+20.6,LB	
1702201949.972321	+6.79,+2.1,+22.1,CB	+6.47,+25.3,+22.1,IA	+6.99,-3.2,+22.1,IB	+7.00,-2.9,+20.6,GB		+7.03,-3.6,+20.6,JB	
1702202011.981888	+6.78,+2.4,+22.0,FB	+6.47,+25.2,+22.1,HA	+6.99,-3.2,+22.1,IB	+7.00,-2.9,+20.6,GB		+7.03,-3.4,+20.6,HB	
1702202073.9886067	+6.78,+2.5,+22.0,GB	+6.47,+25.3,+22.1,IA	+7.00,-3.3,+22.1,IB	+7.01,-3.3,+20.6,MB		+7.04,-3.9,+20.6,BB	
1702202135.9957974	+6.78,+2.5,+22.0,GB	+6.47,+25.4,+22.1,NA	+7.00,-3.3,+22.1,IB	+7.01,-3.2,+20.6,LB		+7.03,-3.6,+20.6,JB	
1702202198.0045528	+6.78,+2.5,+22.1,FB	+6.47,+25.2,+22.1,HA	+7.00,-3.3,+22.1,IB	+7.01,-3.0,+20.6,NB		+7.04,-3.9,+20.6,BB	
1702202260.0138712	+6.78,+2.5,+22.0,GB	+6.47,+25.3,+22.1,IA	+6.99,-3.2,+22.1,IB	+7.01,-3.0,+20.6,NB		+7.03,-3.3,+20.6,OB	
1702202322.0215015	+6.78,+2.5,+22.0,GB	+6.47,+25.3,+22.1,IA	+7.00,-3.3,+22.1,IB	+7.00,-2.9,+20.6,GB		+7.04,-3.9,+20.6,BB	
1702202384.0312161	+6.78,+2.5,+22.0,GB	+6.47,+25.3,+22.1,IA	+7.00,-3.3,+22.1,IB	+7.01,-3.2,+20.6,LB		+7.03,-3.3,+20.6,OB	
1702202446.0379972	+6.78,+2.5,+22.1,FB	+6.47,+25.1,+22.1,KA	+7.00,-3.3,+22.1,IB	+7.00,-2.9,+20.6,GB		+7.03,-3.4,+20.6,HB	
1702202508.046192	+6.78,+2.5,+22.0,GB	+6.47,+25.3,+22.1,IA	+7.00,-3.5,+22.0,NB	+7.00,-2.8,+20.6,FB		+7.04,-3.9,+20.6,BB	
1702202570.0557485	+6.78,+2.5,+22.1,FB	+6.47,+25.4,+22.1,NA	+6.99,-3.2,+22.1,IB	+7.00,-3.0,+20.6,OB		+7.04,-3.9,+20.6,BB	
1702202632.0621698	+6.78,+2.6,+22.0,DB	+6.47,+25.2,+22.1,HA	+7.00,-3.3,+22.1,IB	+7.00,-2.9,+20.6,GB		+7.03,-3.2,+20.6,NB	
1702202694.0727758	+6.78,+2.5,+22.0,GB	+6.47,+25.2,+22.1,HA	+6.99,-3.1,+22.1,JB	+7.01,-3.1,+20.6,OB		+7.04,-4.0,+20.6,LB	
1702202756.0829818	+6.78,+2.5,+22.0,GB	+6.47,+25.3,+22.1,IA	+7.00,-3.4,+22.1,NB	+7.00,-2.9,+20.6,GB		+7.03,-3.4,+20.6,HB	
1702202818.092977	+6.78,+2.5,+22.0,GB	+6.47,+25.3,+22.1,IA	+7.00,-3.4,+22.1,NB	+7.00,-2.8,+20.6,FB		+7.03,-3.2,+20.6,NB	
1702202880.1020644	+6.78,+2.5,+22.0,GB	+6.47,+25.1,+22.1,KA	+7.00,-3.3,+22.1,IB	+7.00,-2.7,+20.6,IB		+7.03,-3.7,+20.6,KB	
1702202942.1104932	+6.78,+2.5,+22.0,GB	+6.47,+25.2,+22.1,HA	+6.99,-3.2,+22.1,IB	+7.00,-2.8,+20.6,FB		+7.04,-4.0,+20.6,LB	
1702203004.1201694	+6.78,+2.6,+22.1,EB	+6.47,+25.2,+22.1,HA	+6.99,-3.2,+22.1,IB	+7.00,-2.8,+20.6,FB		+7.04,-3.9,+20.6,BB	
1702203066.129391	+6.78,+2.5,+22.0,GB	+6.47,+25.2,+22.1,HA	+6.99,-3.1,+22.1,JB	+7.00,-2.9,+20.6,GB		+7.03,-3.6,+20.6,JB	
1702203128.1384366	+6.78,+2.5,+22.0,GB	+6.47,+25.2,+22.1,HA	+6.99,-3.2,+22.1,IB	+7.01,-3.0,+20.6,NB		+7.03,-3.3,+20.6,OB	
1702203190.14435	+6.78,+2.6,+22.1,EB	+6.47,+25.3,+22.1,IA	+6.99,-3.2,+22.1,IB	+7.01,-3.0,+20.6,NB		+7.03,-3.1,+20.6,MB	
1702203252.1516159	+6.78,+2.6,+22.0,DB	+6.47,+25.4,+22.1,NA	+7.00,-3.3,+22.1,IB	+7.00,-2.9,+20.6,GB		+7.04,-4.0,+20.6,LB	
1702203314.1583745	+6.78,+2.5,+22.1,FB	+6.47,+25.3,+22.1,IA	+7.00,-3.3,+22.1,IB	+7.01,-3.1,+20.6,OB		+7.04,-3.9,+20.6,BB	
1702203376.1687908	+6.78,+2.5,+22.1,FB	+6.47,+25.2,+22.1,HA	+6.99,-3.2,+22.1,IB	+7.00,-2.7,+20.6,IB		+7.03,-3.2,+20.6,NB	
1702203438.178307	+6.78,+2.5,+22.1,FB	+6.47,+25.4,+22.1,NA	+6.99,-3.2,+22.1,IB	+7.00,-2.9,+20.6,GB		+7.03,-3.6,+20.6,JB	
1702203500.1852477	+6.78,+2.5,+22.1,FB	+6.47,+25.3,+22.2,JA	+6.99,-3.2,+22.1,IB	+7.01,-3.0,+20.6,NB		+7.03,-3.6,+20.6,JB	
1702203562.1937368	+6.78,+2.5,+22.1,FB	+6.47,+25.2,+22.1,HA	+7.00,-3.3,+22.1,IB	+7.01,-3.0,+20.6,NB		+7.04,-3.9,+20.6,BB	
1702203624.2006161	+6.78,+2.5,+22.1,FB	+6.47,+25.4,+22.1,NA	+6.99,-3.2,+22.1,IB	+7.00,-2.8,+20.6,FB		+7.03,-3.5,+20.6,IB	
1702203686.2091858	+6.78,+2.5,+22.1,FB	+6.47,+25.4,+22.1,NA	+6.99,-3.2,+22.1,IB	+7.00,-2.7,+20.6,IB		+7.04,-3.8,+20.6,CB	
1702203748.218885	+6.78,+2.5,+22.1,FB	+6.47,+25.2,+22.1,HA	+6.99,-3.2,+22.2,JB	+7.00,-2.8,+20.7,GB		+7.04,-3.7,+20.6,LB	
1702203810.2282722	+6.78,+2.5,+22.1,FB	+6.47,+25.4,+22.2,MA	+6.99,-3.2,+22.1,IB	+7.00,-2.8,+20.6,FB		+7.04,-4.0,+20.6,LB	
1702203872.2380173	+6.78,+2.5,+22.1,FB	+6.47,+25.3,+22.1,IA	+6.99,-3.2,+22.2,JB	+7.01,-3.0,+20.7,OB		+7.03,-3.3,+20.6,OB	
1702203934.2456758	+6.78,+2.5,+22.1,FB	+6.47,+25.4,+22.2,MA	+6.99,-3.3,+22.1,HB	+7.00,-2.7,+20.6,IB		+7.04,-3.9,+20.6,BB	
1702204180.9513369	+6.78,+2.5,+22.1,FB	+6.47,+25.2,+22.1,HA	+7.00,-3.3,+22.1,IB	+7.00,-2.9,+20.7,FB		+7.03,-3.4,+20.6,HB	
1702204242.9620628	+6.78,+2.5,+22.1,FB	+6.47,+25.4,+22.1,NA	+6.99,-3.1,+22.1,JB	+7.01,-3.0,+20.7,OB		+7.03,-3.4,+20.6,HB	
1702204304.9716141	+6.78,+2.5,+22.1,FB	+6.47,+25.2,+22.1,HA	+7.00,-3.3,+22.1,IB	+7.00,-2.8,+20.7,GB		+7.04,-4.0,+20.6,LB	
1702204366.9800625	+6.78,+2.5,+22.1,FB	+6.47,+25.3,+22.1,IA	+6.99,-3.1,+22.1,JB	+7.01,-3.0,+20.7,OB		+7.03,-3.2,+20.6,NB	
1702204428.9888208	+6.78,+2.5,+22.1,FB	+6.47,+25.3,+22.1,IA	+6.99,-3.2,+22.1,IB	+7.01,-3.0,+20.6,NB		+7.03,-3.4,+20.6,HB	
1702204490.9980233	+6.78,+2.4,+22.1,GB	+6.47,+25.4,+22.2,MA	+7.01,-4.3,+22.1,OB	+7.00,-2.8,+20.6,FB		+7.04,-3.9,+20.6,BB	
1702204553.0065	+6.78,+2.4,+22.1,GB	+6.47,+25.4,+22.1,NA	+7.01,-4.2,+22.1,NB	+7.01,-3.0,+20.6,NB		+7.03,-3.7,+20.6,KB	
1702204615.0164886	+6.78,+2.5,+22.1,FB	+6.47,+25.4,+22.1,NA	+7.01,-4.2,+22.1,NB	+7.00,-2.9,+20.6,GB		+7.04,-4.0,+20.6,LB	
1702204677.0260642	+6.78,+2.4,+22.1,GB	+6.47,+25.4,+22.1,NA	+7.01,-4.2,+22.1,NB	+7.00,-3.0,+20.6,OB		+7.04,-4.0,+20.6,LB	
1702204739.0358722	+6.78,+2.4,+22.1,GB	+6.47,+25.3,+22.1,IA	+7.01,-4.2,+22.1,NB	+7.00,-2.7,+20.6,IB		+7.03,-3.3,+20.6,OB	
1702204801.0452073	+6.78,+2.4,+22.1,GB	+6.47,+25.2,+22.1,HA	+7.01,-4.1,+22.1,MB	+7.00,-2.9,+20.6,GB		+7.04,-4.0,+20.6,LB	
1702204863.0540102	+6.78,+2.5,+22.1,FB	+6.47,+25.4,+22.2,MA	+7.01,-4.2,+22.1,NB	+7.00,-2.8,+20.6,FB		+7.03,-3.3,+20.6,OB	
1702204925.0635984	+6.78,+2.4,+22.1,GB	+6.47,+25.5,+22.2,LA	+7.01,-4.2,+22.2,MB	+7.00,-2.8,+20.6,FB		+7.03,-3.3,+20.6,OB	
1702204987.0730076	+6.78,+2.4,+22.1,GB	+6.47,+25.3,+22.1,IA	+7.01,-4.1,+22.1,MB	+7.00,-2.7,+20.6,IB		+7.04,-4.0,+20.6,LB	
1702205049.0820153	+6.78,+2.4,+22.1,GB	+6.47,+25.3,+22.2,JA	+7.01,-4.2,+22.1,NB	+7.01,-3.0,+20.6,NB		+7.03,-3.4,+20.6,HB	
1702205111.091115	+6.78,+2.4,+22.1,GB	+6.47,+25.3,+22.1,IA	+7.01,-3.9,+22.1,BB	+7.00,-2.6,+20.7,IB		+7.04,-4.0,+20.6,LB	
1702205173.0979617	+6.78,+2.4,+22.1,GB	+6.47,+25.3,+22.2,JA	+7.00,-3.6,+22.1,LB	+7.01,-3.0,+20.7,OB		+7.03,-3.3,+20.6,OB	
1702205235.1069164	+6.78,+2.4,+22.1,GB	+6.47,+25.5,+22.1,OA	+7.00,-3.4,+22.1,NB	+7.00,-2.7,+20.6,IB		+7.04,-4.1,+20.6,MB	
1702205297.1151233	+6.78,+2.4,+22.1,GB	+6.47,+25.3,+22.2,JA	+7.00,-3.4,+22.1,NB	+7.00,-2.6,+20.6,HB		+7.03,-3.6,+20.6,JB	
1702205359.1215324	+6.78,+2.4,+22.1,GB	+6.47,+25.3,+22.1,IA	+7.00,-3.5,+22.2,LB	+7.00,-3.0,+20.7,NB		+7.04,-4.1,+20.6,MB	
1702205421.132038	+6.78,+2.4,+22.1,GB	+6.47,+25.3,+22.2,JA	+7.00,-3.4,+22.2,MB	+7.00,-3.0,+20.7,NB		+7.04,-4.0,+20.6,LB	
1702205483.1423237	+6.78,+2.4,+22.1,GB	+6.47,+25.4,+22.2,MA	+7.00,-3.3,+22.2,JB	+7.00,-2.7,+20.6,IB		+7.03,-3.3,+20.6,OB	
1702205545.1525824	+6.78,+2.4,+22.1,GB	+6.47,+25.3,+22.1,IA	+7.00,-3.4,+22.2,MB	+7.00,-2.9,+20.7,FB		+7.04,-4.1,+20.6,MB	
1702205607.159459	+6.78,+2.4,+22.1,GB	+6.47,+25.2,+22.2,KA	+7.00,-3.5,+22.1,OB	+7.00,-2.8,+20.7,GB		+7.04,-4.0,+20.6,LB	
1702205669.1695178	+6.78,+2.4,+22.1,GB	+6.47,+25.3,+22.2,JA	+7.00,-3.4,+22.2,MB	+7.00,-2.6,+20.7,IB		+7.04,-3.9,+20.6,BB	
1702205731.178825	+6.78,+2.4,+22.1,GB	+6.47,+25.3,+22.2,JA	+7.00,-3.5,+22.2,LB	+7.00,-2.8,+20.7,GB		+7.04,-3.9,+20.7,CB	
1702205793.1874514	+6.78,+2.4,+22.1,GB	+6.47,+25.3,+22.2,JA	+7.00,-3.6,+22.2,OB	+7.00,-2.7,+20.7,HB		+7.04,-4.0,+20.6,LB	
1702205855.1949458	+6.78,+2.4,+22.1,GB	+6.47,+25.4,+22.2,MA	+7.00,-3.5,+22.2,LB	+7.00,-2.6,+20.7,IB		+7.04,-3.9,+20.7,CB	
1702205917.1997182	+6.78,+2.4,+22.1,GB	+6.47,+25.4,+22.2,MA	+7.00,-3.5,+22.2,LB	+7.00,-2.6,+20.7,IB		+7.04,-3.8,+20.7,BB	
1702205979.2097504	+6.78,+2.4,+22.1,GB	+6.47,+25.5,+22.2,LA	+7.00,-3.4,+22.2,MB	+7.00,-2.8,+20.7,GB		+7.04,-4.0,+20.7,MB	
1702206041.2185843	+6.78,+2.4,+22.1,GB	+6.47,+25.3,+22.2,JA	+7.00,-3.3,+22.2,JB	+7.00,-2.9,+20.7,FB		+7.03,-3.5,+20.7,HB	
1702206103.2280009	+6.78,+2.3,+22.1,@B	+6.47,+25.3,+22.2,JA	+7.00,-3.3,+22.2,JB	+7.00,-3.0,+20.7,NB		+7.04,-3.9,+20.7,CB	
1702206165.2377684	+6.78,+2.4,+22.1,GB	+6.47,+25.4,+22.1,NA	+7.00,-3.5,+22.2,LB	+7.01,-3.0,+20.7,OB		+7.04,-3.8,+20.7,BB	
1702206227.2437654	+6.78,+2.3,+22.1,@B	+6.47,+25.4,+22.2,MA	+7.00,-3.5,+22.1,OB	+7.00,-2.7,+20.7,HB		+7.03,-3.3,+20.7,NB	
1702206289.2532613	+6.78,+2.3,+22.1,@B	+6.47,+25.4,+22.2,MA	+7.00,-3.4,+22.2,MB	+7.00,-2.6,+20.7,IB		+7.03,-3.4,+20.6,HB	
1702206351.2613297	+6.78,+2.4,+22.1,GB	+6.47,+25.2,+22.2,KA	+7.00,-3.4,+22.1,NB	+7.00,-2.8,+20.7,GB		+7.04,-4.0,+20.7,MB	
1702206413.2717516	+6.78,+2.4,+22.1,GB	+6.47,+25.4,+22.2,MA	+7.00,-3.3,+22.2,JB	+7.00,-2.6,+20.7,IB		+7.04,-4.0,+20.6,LB	
1702206475.2802525	+6.78,+2.3,+22.1,@B	+6.47,+25.3,+22.1,IA	+7.00,-3.3,+22.1,IB	+7.00,-2.6,+20.7,IB		+7.04,-4.1,+20.6,MB	
1702206537.290058	+6.78,+2.3,+22.1,@B	+6.47,+25.3,+22.2,JA	+7.00,-3.3,+22.1,IB	+7.00,-2.7,+20.7,HB		+7.03,-3.6,+20.6,JB	
1702206599.3010929	+6.78,+2.3,+22.1,@B	+6.47,+25.3,+22.2,JA	+7.00,-3.3,+22.1,IB	+7.00,-2.8,+20.7,GB		+7.03,-3.3,+20.6,OB	
1702206661.308746	+6.78,+2.3,+22.1,@B	+6.47,+25.4,+22.2,MA	+7.00,-3.3,+22.1,IB	+7.00,-2.6,+20.7,IB		+7.03,-3.6,+20.6,JB	
1702206723.319311	+6.78,+2.3,+22.1,@B	+6.47,+25.3,+22.2,JA	+7.00,-3.5,+22.2,LB	+7.00,-2.9,+20.7,FB		+7.03,-3.4,+20.6,HB	
1702206785.329225	+6.78,+2.3,+22.1,@B	+6.47,+25.4,+22.2,MA	+7.00,-3.4,+22.2,MB	+7.00,-2.9,+20.7,FB		+7.04,-3.9,+20.6,BB	
1702206847.338466	+6.78,+2.3,+22.1,@B	+6.46,+26.0,+22.2,KA	+7.00,-3.4,+22.1,NB	+7.00,-2.7,+20.7,HB		+7.03,-3.6,+20.6,JB	
1702206909.3485801	+6.78,+2.3,+22.1,@B	+6.47,+25.4,+22.2,MA	+7.00,-3.6,+22.2,OB	+7.00,-2.6,+20.7,IB		+7.03,-3.6,+20.6,JB	
1702206971.3570797	+6.78,+2.3,+22.1,@B	+6.47,+25.3,+22.2,JA	+7.00,-3.5,+22.1,OB	+7.00,-2.9,+20.7,FB		+7.04,-3.9,+20.6,BB	
1702207033.364963	+6.78,+2.3,+22.1,@B	+6.47,+25.4,+22.2,MA	+7.00,-3.4,+22.2,MB	+7.00,-2.5,+20.7,JB		+7.04,-3.8,+20.6,CB	
1702207095.374109	+6.78,+2.3,+22.1,@B	+6.47,+25.3,+22.2,JA	+7.00,-3.5,+22.2,LB	+7.00,-2.6,+20.7,IB		+7.04,-4.0,+20.7,MB	
1702207157.381103	+6.78,+2.3,+22.1,@B	+6.47,+25.3,+22.2,JA	+7.00,-3.5,+22.2,LB	+7.00,-2.7,+20.7,HB		+7.04,-3.8,+20.6,CB	
1702207219.3911943	+6.78,+2.3,+22.1,@B	+6.47,+25.3,+22.2,JA	+7.00,-3.4,+22.2,MB	+7.00,-2.9,+20.7,FB		+7.03,-3.3,+20.7,NB	
1702207281.401286	+6.78,+2.2,+22.1,AB	+6.47,+25.5,+22.2,LA	+7.00,-3.5,+22.1,OB	+7.00,-2.6,+20.7,IB		+7.04,-4.0,+20.6,LB	
1702207343.4097638	+6.78,+2.3,+22.1,@B	+6.47,+25.3,+22.2,JA	+7.00,-3.4,+22.2,MB	+7.00,-2.9,+20.7,FB		+7.03,-3.6,+20.7,KB	
1702207405.4202857	+6.78,+2.2,+22.1,AB	+6.47,+25.4,+22.2,MA	+7.00,-3.5,+22.2,LB	+7.00,-2.8,+20.6,FB		+7.04,-4.0,+20.7,MB	
1702207467.4291973	+6.78,+2.2,+22.1,AB	+6.47,+25.4,+22.2,MA	+6.99,-3.2,+22.2,JB	+7.00,-2.6,+20.7,IB		+7.03,-3.3,+20.7,NB	
1702207529.436054	+6.78,+2.2,+22.1,AB	+6.47,+25.5,+22.2,LA	+7.00,-3.4,+22.1,NB	+7.00,-2.8,+20.7,GB		+7.03,-3.7,+20.7,JB	
1702207591.4446168	+6.78,+2.2,+22.1,AB	+6.47,+25.2,+22.2,KA	+7.00,-3.4,+22.2,MB	+7.00,-2.9,+20.7,FB		+7.04,-4.1,+20.6,MB	
1702207653.4528584	+6.78,+2.3,+22.1,@B	+6.47,+25.4,+22.2,MA	+7.00,-3.4,+22.2,MB	+7.00,-2.6,+20.7,IB		+7.03,-3.4,+20.7,IB	
1702207715.4625525	+6.79,+2.2,+22.1,@B	+6.47,+25.4,+22.2,MA	+7.02,-4.6,+22.2,JB	+7.00,-2.7,+20.7,HB		+7.03,-3.3,+20.7,NB	
1702207777.4722602	+6.78,+2.2,+22.1,AB	+6.47,+25.5,+22.2,LA	+7.02,-4.6,+22.2,JB	+7.00,-2.7,+20.7,HB		+7.03,-3.5,+20.7,HB	
1702208024.17621	+6.79,+2.2,+22.1,@B	+6.47,+25.4,+22.2,MA	+7.01,-4.4,+22.2,KB	+7.00,-2.6,+20.7,IB		+7.04,-4.0,+20.7,MB	
1702208086.1853788	+6.78,+2.2,+22.1,AB	+6.47,+25.4,+22.2,MA	+7.01,-4.3,+22.2,LB	+7.00,-2.5,+20.7,JB		+7.03,-3.4,+20.7,IB	
1702208148.1951017	+6.79,+2.2,+22.1,@B	+6.47,+25.3,+22.2,JA	+7.02,-4.7,+22.2,KB	+7.00,-2.9,+20.7,FB		+7.04,-4.1,+20.7,LB	
1702208210.2047212	+6.78,+2.2,+22.1,AB	+6.47,+25.3,+22.2,JA	+7.01,-4.4,+22.2,KB	+7.00,-2.9,+20.7,FB		+7.04,-4.1,+20.7,LB	
1702208272.21498	+6.79,+2.2,+22.2,CB	+6.47,+25.3,+22.2,JA	+7.01,-4.4,+22.2,KB	+7.00,-2.5,+20.7,JB		+7.03,-3.5,+20.7,HB	
1702208334.225238	+6.79,+2.2,+22.1,@B	+6.47,+25.3,+22.2,JA	+7.01,-4.3,+22.2,LB	+7.00,-2.6,+20.7,IB		+7.04,-3.8,+20.7,BB	
1702208396.2329624	+6.78,+2.2,+22.1,AB	+6.47,+25.2,+22.2,KA	+7.01,-4.2,+22.2,MB	+7.00,-2.7,+20.7,HB		+7.04,-4.1,+20.7,LB	
1702208458.2425594	+6.79,+2.1,+22.1,CB	+6.47,+25.2,+22.2,KA	+7.02,-4.9,+22.2,EB	+7.00,-3.0,+20.7,NB		+7.03,-3.4,+20.7,IB	
1702208520.2500408	+6.79,+2.2,+22.1,@B	+6.47,+25.3,+22.2,JA	+7.02,-4.9,+22.2,EB	+7.00,-2.9,+20.7,FB		+7.03,-3.4,+20.7,IB	
1702208582.2590873	+6.79,+2.2,+22.1,@B	+6.47,+25.2,+22.2,KA	+7.02,-4.9,+22.2,EB	+7.00,-2.8,+20.7,GB		+7.03,-3.4,+20.7,IB	
1702208644.2668085	+6.79,+2.1,+22.1,CB	+6.47,+25.3,+22.2,JA	+7.02,-5.0,+22.2,MB	+7.00,-2.9,+20.7,FB		+7.04,-3.7,+20.7,MB	
1702208706.2727218	+6.79,+2.2,+22.1,@B	+6.47,+25.3,+22.2,JA	+7.03,-5.0,+22.2,LB	+7.00,-2.9,+20.7,FB		+7.04,-3.9,+20.7,CB	
1702208768.276697	+6.79,+2.2,+22.1,@B	+6.47,+25.3,+22.2,JA	+7.03,-5.1,+22.2,MB	+7.01,-3.0,+20.7,OB		+7.04,-3.9,+20.7,CB	
1702208830.284544	+6.79,+2.2,+22.1,@B	+6.46,+25.6,+22.2,NA	+7.03,-5.1,+22.2,MB	+7.00,-2.8,+20.7,GB		+7.04,-4.0,+20.7,MB	
1702208892.2925396	+6.79,+2.2,+22.1,@B	+6.46,+25.6,+22.2,NA	+7.02,-4.9,+22.2,EB	+7.00,-2.5,+20.7,JB		+7.03,-3.3,+20.7,NB	
1702208954.3012202	+6.79,+2.2,+22.1,@B	+6.47,+25.5,+22.2,LA	+7.02,-4.9,+22.2,EB	+7.00,-2.7,+20.7,HB		+7.04,-3.8,+20.7,BB	
1702209016.3091464	+6.79,+2.1,+22.1,CB	+6.47,+25.4,+22.2,MA	+7.02,-5.0,+22.2,MB	+7.00,-2.8,+20.7,GB		+7.04,-4.1,+20.7,LB	
1702209078.316581	+6.79,+2.2,+22.1,@B	+6.47,+25.5,+22.2,LA	+7.02,-4.9,+22.2,EB	+7.00,-2.5,+20.7,JB		+7.04,-3.8,+20.7,BB	
1702209140.3255775	+6.79,+2.1,+22.2,@B	+6.47,+25.3,+22.2,JA	+7.02,-4.9,+22.2,EB	+7.00,-2.9,+20.7,FB		+7.03,-3.6,+20.7,KB	
1702209202.3346567	+6.79,+2.1,+22.1,CB	+6.47,+25.5,+22.2,LA	+7.02,-4.9,+22.2,EB	+7.00,-2.6,+20.7,IB		+7.04,-3.8,+20.7,BB	
1702209264.343879	+6.79,+2.2,+22.1,@B	+6.47,+25.3,+22.2,JA	+7.03,-5.0,+22.2,LB	+7.00,-2.8,+20.7,GB		+7.03,-3.3,+20.7,NB	
1702209326.3529212	+6.79,+2.1,+22.2,@B	+6.47,+25.2,+22.2,KA	+7.02,-5.0,+22.2,MB	+7.00,-2.8,+20.7,GB		+7.03,-3.3,+20.7,NB	
1702209388.361314	+6.79,+2.1,+22.1,CB	+6.47,+25.4,+22.2,MA	+7.02,-4.9,+22.2,EB	+7.00,-2.6,+20.7,IB		+7.03,-3.3,+20.7,NB	
1702209450.3700926	+6.79,+2.1,+22.1,CB	+6.47,+25.3,+22.2,JA	+7.02,-4.9,+22.2,EB	+7.00,-2.8,+20.7,GB		+7.03,-3.6,+20.7,KB	
1702209512.3787017	+6.79,+2.2,+22.1,@B	+6.47,+25.3,+22.2,JA	+7.02,-4.8,+22.2,DB	+7.00,-2.9,+20.7,FB		+7.04,-4.0,+20.7,MB	
1702209574.3876934	+6.79,+2.1,+22.2,@B	+6.47,+25.4,+22.2,MA	+7.02,-4.8,+22.2,DB	+7.00,-2.7,+20.7,HB		+7.03,-3.6,+20.7,KB	
1702209636.3954105	+6.79,+2.1,+22.1,CB	+6.47,+25.2,+22.2,KA	+7.02,-4.9,+22.2,EB	+7.00,-2.7,+20.7,HB		+7.04,-3.9,+20.7,CB	
1702209698.4014804	+6.79,+2.1,+22.2,@B	+6.47,+25.4,+22.2,MA	+7.02,-4.9,+22.2,EB	+7.00,-2.8,+20.7,GB		+7.03,-3.3,+20.7,NB	
1702209760.4108737	+6.79,+2.1,+22.2,@B	+6.47,+25.2,+22.2,KA	+7.02,-4.8,+22.2,DB	+7.00,-2.8,+20.7,GB		+7.04,-3.8,+20.7,BB	
1702209822.4202912	+6.79,+2.1,+22.2,@B	+6.47,+25.4,+22.3,LA	+7.02,-4.9,+22.2,EB	+6.99,-2.4,+20.7,JB		+7.04,-3.9,+20.7,CB	
1702209884.4295805	+6.79,+2.2,+22.2,CB	+6.47,+25.3,+22.2,JA	+7.02,-4.9,+22.2,EB	+7.00,-2.8,+20.7,GB		+7.03,-3.4,+20.7,IB	
1702209946.4371586	+6.79,+2.2,+22.1,@B	+6.47,+25.3,+22.2,JA	+7.02,-4.8,+22.2,DB	+7.00,-2.9,+20.7,FB		+7.03,-3.3,+20.7,NB	
1702210008.4465015	+6.78,+2.2,+22.1,AB	+6.47,+25.4,+22.2,MA	+7.02,-4.9,+22.2,EB	+7.00,-2.7,+20.7,HB		+7.04,-4.0,+20.7,MB	
1702210070.455111	+6.79,+2.1,+22.2,@B	+6.47,+25.4,+22.2,MA	+7.02,-4.9,+22.2,EB	+7.00,-2.4,+20.7,KB		+7.04,-3.7,+20.7,MB	
1702210132.464737	+6.79,+2.2,+22.2,CB	+6.47,+25.4,+22.2,MA	+7.02,-5.0,+22.2,MB	+7.00,-2.8,+20.7,GB		+7.04,-4.1,+20.7,LB	
1702210194.470901	+6.79,+2.1,+22.2,@B	+6.47,+25.4,+22.3,LA	+7.02,-4.9,+22.2,EB	+7.00,-2.7,+20.7,HB		+7.03,-3.6,+20.7,KB	
1702210256.4794312	+6.79,+2.1,+22.2,@B	+6.47,+25.4,+22.2,MA	+7.02,-4.8,+22.2,DB	+7.00,-2.5,+20.7,JB		+7.03,-3.5,+20.7,HB	
1702210318.488588	+6.79,+2.2,+22.2,CB	+6.47,+25.4,+22.3,LA	+7.02,-4.9,+22.2,EB	+7.00,-2.6,+20.7,IB		+7.03,-3.7,+20.7,JB	
1702210380.4977922	+6.79,+2.1,+22.2,@B	+6.46,+25.6,+22.2,NA	+7.02,-4.8,+22.2,DB	+7.00,-2.6,+20.7,IB		+7.04,-3.9,+20.7,CB	
1702210442.5066888	+6.79,+2.1,+22.2,@B	+6.46,+25.7,+22.3,NA	+7.02,-4.9,+22.2,EB	+7.00,-2.4,+20.7,KB		+7.04,-3.9,+20.7,CB	
1702210504.515253	+6.79,+2.2,+22.2,CB	+6.46,+25.7,+22.2,OA	+7.02,-4.9,+22.2,EB	+7.00,-2.5,+20.7,JB		+7.04,-4.1,+20.7,LB	
1702210566.520847	+6.79,+2.1,+22.2,@B	+6.46,+25.8,+22.3,AA	+7.02,-4.9,+22.2,EB	+7.00,-2.4,+20.7,KB		+7.04,-3.9,+20.7,CB	
1702210628.5289226	+6.79,+2.0,+22.1,BB	+6.46,+25.8,+22.2,@A	+7.02,-4.9,+22.2,EB	+7.00,-2.5,+20.7,JB		+7.04,-3.8,+20.7,BB	
1702210690.5344708	+6.79,+2.1,+22.1,CB	+6.46,+25.7,+22.2,OA	+7.02,-4.9,+22.2,EB	+7.00,-2.5,+20.7,JB		+7.04,-4.1,+20.7,LB	
1702210752.541122	+6.79,+2.1,+22.2,@B	+6.46,+25.7,+22.2,OA	+7.02,-4.9,+22.2,EB	+7.00,-2.7,+20.7,HB		+7.04,-4.1,+20.7,LB	
1702210814.5505295	+6.79,+2.1,+22.2,@B	+6.46,+25.6,+22.2,NA	+7.02,-4.9,+22.2,EB	+7.00,-2.9,+20.7,FB		+7.04,-3.8,+20.7,BB	
1702210876.5605743	+6.79,+2.1,+22.1,CB	+6.46,+26.0,+22.2,KA	+7.02,-4.9,+22.2,EB	+7.00,-2.5,+20.7,JB		+7.03,-3.6,+20.7,KB	
1702210938.5703268	+6.79,+2.2,+22.2,CB	+6.46,+26.0,+22.2,KA	+7.02,-5.0,+22.2,MB	+7.00,-2.6,+20.7,IB		+7.04,-3.7,+20.7,MB	
1702211000.5803792	+6.79,+2.1,+22.2,@B	+6.46,+26.0,+22.2,KA	+7.02,-5.0,+22.2,MB	+7.00,-2.6,+20.7,IB		+7.04,-3.8,+20.7,BB	
1702211062.5883303	+6.79,+2.1,+22.1,CB	+6.46,+26.0,+22.2,KA	+7.02,-4.9,+22.2,EB	+7.00,-2.6,+20.7,IB		+7.03,-3.3,+20.7,NB	
1702211124.5959332	+6.79,+2.1,+22.2,@B	+6.46,+26.1,+22.2,JA	+7.02,-5.0,+22.2,MB	+7.00,-2.5,+20.7,JB		+7.03,-3.4,+20.7,IB	
1702211186.6054504	+6.79,+2.0,+22.1,BB	+6.46,+25.9,+22.2,AA	+7.02,-4.9,+22.2,EB	+7.00,-2.6,+20.7,IB		+7.04,-4.0,+20.7,MB	
1702211248.614438	+6.79,+2.1,+22.2,@B	+6.46,+25.9,+22.2,AA	+7.02,-4.9,+22.2,EB	+7.00,-2.4,+20.7,KB		+7.04,-4.1,+20.7,LB	
1702211310.6226084	+6.79,+2.1,+22.2,@B	+6.46,+25.8,+22.2,@A	+7.02,-4.8,+22.2,DB	+7.00,-2.8,+20.7,GB		+7.03,-3.3,+20.7,NB	
1702211372.6304588	+6.79,+2.1,+22.2,@B	+6.46,+25.9,+22.2,AA	+7.02,-4.9,+22.2,EB	+6.99,-2.4,+20.7,JB		+7.04,-3.8,+20.7,BB	
1702211434.63818	+6.79,+2.1,+22.1,CB	+6.46,+25.9,+22.2,AA	+7.02,-5.0,+22.2,MB	+7.00,-2.6,+20.7,IB		+7.04,-4.1,+20.7,LB	
1702211496.647511	+6.79,+2.1,+22.2,@B	+6.46,+25.8,+22.2,@A	+7.02,-4.9,+22.2,EB	+7.00,-2.5,+20.7,JB		+7.03,-3.3,+20.7,NB	
1702211558.6554713	+6.79,+2.1,+22.2,@B	+6.46,+25.8,+22.3,AA	+7.02,-4.9,+22.2,EB	+7.00,-2.7,+20.7,HB		+7.03,-3.7,+20.7,JB	
1702211620.664141	+6.79,+2.1,+22.2,@B	+6.46,+25.9,+22.3,@A	+7.02,-5.0,+22.2,MB	+7.00,-2.6,+20.7,IB		+7.03,-3.7,+20.7,JB	
1702211867.4044669	+6.79,+2.1,+22.2,@B	+6.46,+25.9,+22.3,@A	+7.02,-4.9,+22.2,EB	+7.00,-2.6,+20.7,IB		+7.03,-3.5,+20.7,HB	
1702211929.413892	+6.79,+2.0,+22.2,AB	+6.46,+26.0,+22.3,JA	+7.03,-5.1,+22.2,MB	+7.00,-2.6,+20.7,IB		+7.04,-3.8,+20.7,BB	
1702211991.4222841	+6.78,+2.3,+22.2,CB	+6.46,+25.9,+22.3,@A	+7.02,-4.9,+22.2,EB	+7.00,-2.7,+20.7,HB		+7.03,-3.7,+20.7,JB	
1702212053.431329	+6.78,+2.4,+22.2,DB	+6.46,+26.0,+22.3,JA	+7.03,-5.0,+22.2,LB	+7.00,-2.7,+20.7,HB		+7.03,-3.3,+20.7,NB	
1702212115.4414172	+6.78,+2.5,+22.2,EB	+6.46,+25.9,+22.3,@A	+7.02,-4.8,+22.2,DB	+7.00,-2.7,+20.7,HB		+7.04,-3.9,+20.7,CB	
1702212177.4515686	+6.78,+2.5,+22.2,EB	+6.46,+25.9,+22.3,@A	+7.02,-4.9,+22.3,DB	+6.99,-2.4,+20.7,JB		+7.03,-3.7,+20.7,JB	
1702212239.4610436	+6.78,+2.5,+22.2,EB	+6.46,+25.7,+22.3,NA	+7.02,-4.9,+22.2,EB	+6.99,-2.4,+20.8,EB		+7.03,-3.5,+20.7,HB	
1702212301.470199	+6.78,+2.5,+22.2,EB	+6.46,+25.8,+22.3,AA	+7.03,-5.0,+22.2,LB	+6.99,-2.4,+20.7,JB		+7.03,-3.5,+20.7,HB	
1702212363.4815085	+6.78,+2.5,+22.2,EB	+6.46,+25.8,+22.3,AA	+7.02,-4.9,+22.3,DB	+7.00,-2.6,+20.7,IB		+7.03,-3.6,+20.7,KB	
1702212425.4902897	+6.78,+2.6,+22.2,FB	+6.46,+25.9,+22.3,@A	+7.02,-4.9,+22.2,EB	+7.00,-2.5,+20.8,EB		+7.04,-4.0,+20.8,BB	
1702212487.4997947	+6.78,+2.5,+22.2,EB	+6.46,+25.9,+22.3,@A	+7.02,-4.9,+22.2,EB	+7.00,-2.5,+20.8,EB		+7.04,-4.0,+20.7,MB	
1702212549.5096343	+6.78,+2.5,+22.2,EB	+6.46,+25.9,+22.3,@A	+7.02,-4.8,+22.3,EB	+7.00,-2.7,+20.8,GB		+7.03,-3.7,+20.7,JB	
1702212611.5159786	+6.78,+2.5,+22.2,EB	+6.46,+25.8,+22.3,AA	+7.02,-5.0,+22.2,MB	+6.99,-2.3,+20.8,BB		+7.04,-4.0,+20.7,MB	
1702212673.523136	+6.78,+2.5,+22.2,EB	+6.46,+25.7,+22.3,NA	+7.02,-4.9,+22.2,EB	+6.99,-2.4,+20.8,EB		+7.04,-3.9,+20.7,CB	
1702212735.533559	+6.78,+2.5,+22.2,EB	+6.46,+25.9,+22.3,@A	+7.02,-4.9,+22.2,EB	+7.00,-2.6,+20.8,FB		+7.04,-4.1,+20.7,LB	
1702212797.5424953	+6.78,+2.5,+22.2,EB	+6.45,+26.4,+22.3,MA	+7.02,-5.0,+22.2,MB	+7.00,-2.5,+20.8,EB		+7.04,-4.2,+20.7,OB	
1702212859.5496414	+6.78,+2.6,+22.2,FB	+6.45,+26.4,+22.2,LA	+7.03,-5.1,+22.2,MB	+7.00,-2.6,+20.7,IB		+7.04,-4.2,+20.7,OB	
1702212921.5596888	+6.78,+2.5,+22.2,EB	+6.45,+26.2,+22.3,KA	+7.02,-4.9,+22.3,DB	+7.00,-2.7,+20.7,HB		+7.04,-4.1,+20.7,LB	
1702212983.5688884	+6.78,+2.5,+22.2,EB	+6.46,+26.0,+22.3,JA	+7.02,-4.8,+22.2,DB	+6.99,-2.3,+20.7,MB		+7.03,-3.4,+20.7,IB	
1702213045.5793843	+6.78,+2.5,+22.2,EB	+6.46,+26.1,+22.3,KA	+7.03,-5.0,+22.2,LB	+7.00,-2.7,+20.7,HB		+7.04,-4.1,+20.7,LB	
1702213107.588623	+6.78,+2.5,+22.2,EB	+6.46,+26.0,+22.3,JA	+7.02,-4.9,+22.2,EB	+6.99,-2.2,+20.7,LB		+7.03,-3.7,+20.7,JB	
1702213169.5970635	+6.78,+2.5,+22.2,EB	+6.46,+26.0,+22.2,KA	+7.02,-4.9,+22.2,EB	+6.99,-2.3,+20.7,MB		+7.03,-3.5,+20.7,HB	
1702213231.6063032	+6.78,+2.5,+22.2,EB	+6.46,+26.0,+22.3,JA	+7.02,-4.9,+22.2,EB	+6.99,-2.3,+20.8,BB		+7.04,-3.7,+20.7,MB	
1702213293.6154897	+6.78,+2.5,+22.2,EB	+6.46,+26.1,+22.3,KA	+7.02,-4.8,+22.2,DB	+6.99,-2.4,+20.7,JB		+7.03,-3.7,+20.7,JB	
1702213355.6260562	+6.78,+2.5,+22.2,EB	+6.46,+26.1,+22.3,KA	+7.03,-5.0,+22.2,LB	+7.00,-2.6,+20.7,IB		+7.03,-3.7,+20.7,JB	
1702213417.6359844	+6.78,+2.4,+22.2,DB	+6.46,+25.8,+22.3,AA	+7.02,-4.9,+22.2,EB	+6.99,-2.3,+20.7,MB		+7.04,-4.1,+20.7,LB	
1702213479.6439974	+6.78,+2.5,+22.2,EB	+6.46,+25.8,+22.2,@A	+7.02,-4.9,+22.2,EB	+6.99,-2.3,+20.7,MB		+7.04,-4.0,+20.7,MB	
1702213541.653638	+6.78,+2.5,+22.2,EB	+6.46,+25.8,+22.2,@A	+7.02,-5.0,+22.2,MB	+6.99,-2.3,+20.8,BB		+7.04,-3.8,+20.7,BB	
1702213603.6612103	+6.78,+2.5,+22.2,EB	+6.46,+25.8,+22.2,@A	+7.03,-5.0,+22.2,LB	+6.99,-2.2,+20.7,LB		+7.03,-3.4,+20.7,IB	
1702213665.6699624	+6.78,+2.5,+22.2,EB	+6.46,+25.8,+22.3,AA	+7.03,-5.0,+22.2,LB	+6.99,-2.2,+20.7,LB		+7.03,-3.4,+20.7,IB	
1702213727.679516	+6.78,+2.5,+22.2,EB	+6.46,+26.1,+22.2,JA	+7.02,-4.9,+22.2,EB	+7.00,-2.7,+20.7,HB		+7.04,-4.0,+20.7,MB	
1702213789.686561	+6.78,+2.5,+22.2,EB	+6.46,+26.1,+22.3,KA	+7.02,-5.0,+22.2,MB	+7.00,-2.6,+20.7,IB		+7.04,-4.1,+20.7,LB	
1702213851.6951685	+6.78,+2.4,+22.2,DB	+6.46,+25.9,+22.2,AA	+7.03,-5.0,+22.2,LB	+7.00,-2.5,+20.7,JB		+7.03,-3.3,+20.7,NB	
1702213913.7036555	+6.78,+2.5,+22.2,EB	+6.46,+25.9,+22.3,@A	+7.02,-4.9,+22.2,EB	+6.99,-2.4,+20.8,EB		+7.03,-3.5,+20.7,HB	
1702213975.712345	+6.78,+2.5,+22.2,EB	+6.46,+26.0,+22.3,JA	+7.02,-4.9,+22.2,EB	+7.00,-2.6,+20.7,IB		+7.03,-3.6,+20.7,KB	
1702214037.7187352	+6.78,+2.5,+22.2,EB	+6.46,+26.0,+22.3,JA	+7.03,-5.1,+22.3,LB	+7.00,-2.7,+20.7,HB		+7.03,-3.4,+20.7,IB	
1702214099.7275434	+6.78,+2.5,+22.2,EB	+6.46,+25.9,+22.3,@A	+7.02,-4.8,+22.2,DB	+6.99,-2.4,+20.8,EB		+7.03,-3.6,+20.7,KB	
1702214161.7369993	+6.78,+2.5,+22.2,EB	+6.46,+26.0,+22.3,JA	+7.03,-5.1,+22.2,MB	+7.00,-2.7,+20.7,HB		+7.03,-3.6,+20.7,KB	
1702214223.7451084	+6.78,+2.5,+22.2,EB	+6.46,+25.9,+22.3,@A	+7.02,-5.0,+22.2,MB	+7.00,-2.5,+20.7,JB		+7.03,-3.4,+20.7,IB	
1702214285.7551281	+6.78,+2.4,+22.2,DB	+6.46,+25.9,+22.3,@A	+7.03,-5.0,+22.2,LB	+7.00,-2.5,+20.7,JB		+7.04,-4.1,+20.7,LB	
1702214347.7639499	+6.78,+2.5,+22.2,EB	+6.46,+25.8,+22.3,AA	+7.02,-5.0,+22.2,MB	+6.99,-2.2,+20.8,CB		+7.03,-3.4,+20.7,IB	
1702214409.7721276	+6.78,+2.5,+22.2,EB	+6.46,+25.9,+22.3,@A	+7.03,-5.0,+22.2,LB	+6.99,-2.3,+20.7,MB		+7.03,-3.6,+20.7,KB	
1702214471.7761633	+6.78,+2.5,+22.2,EB	+6.46,+25.9,+22.3,@A	+7.03,-5.0,+22.3,MB	+7.00,-2.6,+20.8,FB		+7.03,-3.6,+20.7,KB	
1702214533.7791214	+6.78,+2.5,+22.2,EB	+6.46,+25.9,+22.3,@A	+7.02,-4.9,+22.3,DB	+7.00,-2.4,+20.8,DB		+7.03,-3.3,+20.7,NB	
1702214595.7878594	+6.78,+2.5,+22.2,EB	+6.46,+26.0,+22.3,JA	+7.03,-5.1,+22.2,MB	+7.00,-2.6,+20.8,FB		+7.04,-3.9,+20.7,CB	
1702214657.7971768	+6.78,+2.5,+22.2,EB	+6.46,+25.9,+22.3,@A	+7.03,-5.0,+22.3,MB	+7.00,-2.4,+20.8,DB		+7.03,-3.6,+20.7,KB	
1702214719.8049114	+6.78,+2.4,+22.2,DB	+6.46,+25.9,+22.3,@A	+7.03,-5.1,+22.3,LB	+7.00,-2.5,+20.8,EB		+7.03,-3.6,+20.8,DB	
1702214781.812528	+6.78,+2.4,+22.2,DB	+6.46,+26.1,+22.3,KA	+7.02,-4.9,+22.3,DB	+7.00,-2.7,+20.8,GB		+7.03,-3.5,+20.7,HB	
1702214843.820979	+6.78,+2.4,+22.2,DB	+6.46,+25.9,+22.3,@A	+7.03,-5.0,+22.3,MB	+6.99,-2.3,+20.8,BB		+7.04,-4.0,+20.7,MB	
1702214905.8268182	+6.78,+2.4,+22.2,DB	+6.46,+25.9,+22.3,@A	+7.03,-5.1,+22.2,MB	+6.99,-2.3,+20.8,BB		+7.04,-4.0,+20.7,MB	
1702214967.8362699	+6.78,+2.4,+22.2,DB	+6.46,+26.0,+22.3,JA	+7.03,-5.0,+22.3,MB	+6.99,-2.4,+20.8,EB		+7.03,-3.4,+20.8,FB	
1702215029.8450675	+6.78,+2.4,+22.2,DB	+6.46,+26.0,+22.3,JA	+7.02,-5.0,+22.3,LB	+7.00,-2.5,+20.8,EB		+7.04,-4.0,+20.7,MB	
1702215091.8534288	+6.78,+2.4,+22.2,DB	+6.46,+25.9,+22.3,@A	+7.03,-5.0,+22.3,MB	+6.99,-2.2,+20.8,CB		+7.03,-3.3,+20.7,NB	
1702215153.862943	+6.78,+2.4,+22.2,DB	+6.46,+26.0,+22.3,JA	+7.03,-5.0,+22.3,MB	+7.00,-2.5,+20.8,EB		+7.03,-3.5,+20.7,HB	
1702215215.872587	+6.78,+2.4,+22.2,DB	+6.46,+25.9,+22.3,@A	+7.03,-5.0,+22.2,LB	+6.99,-2.2,+20.8,CB		+7.04,-3.9,+20.7,CB	
1702215277.8830354	+6.78,+2.4,+22.2,DB	+6.46,+26.0,+22.3,JA	+7.03,-5.1,+22.2,MB	+7.00,-2.6,+20.8,FB		+7.03,-3.4,+20.7,IB	
1702215339.8931668	+6.78,+2.4,+22.2,DB	+6.46,+25.9,+22.3,@A	+7.03,-5.1,+22.2,MB	+6.99,-2.4,+20.8,EB		+7.03,-3.7,+20.7,JB	
1702215401.903265	+6.78,+2.4,+22.2,DB	+6.46,+26.1,+22.3,KA	+7.03,-5.1,+22.3,LB	+7.00,-2.7,+20.7,HB		+7.03,-3.5,+20.7,HB	
1702215463.913504	+6.78,+2.4,+22.2,DB	+6.46,+25.9,+22.3,@A	+7.02,-4.9,+22.2,EB	+6.99,-2.3,+20.8,BB		+7.04,-3.7,+20.7,MB	
1702215710.6919634	+6.78,+2.3,+22.2,CB	+6.46,+26.0,+22.3,JA	+7.02,-4.9,+22.3,DB	+6.99,-2.2,+20.7,LB		+7.03,-3.5,+20.7,HB	
1702215772.6996434	+6.78,+2.4,+22.2,DB	+6.46,+26.0,+22.2,KA	+7.02,-4.9,+22.2,EB	+6.99,-2.2,+20.8,CB		+7.03,-3.5,+20.7,HB	
1702215834.709332	+6.78,+2.4,+22.2,DB	+6.45,+26.2,+22.3,KA	+7.02,-4.9,+22.2,EB	+7.00,-2.6,+20.7,IB		+7.04,-4.1,+20.7,LB	
1702215896.7177842	+6.78,+2.4,+22.2,DB	+6.46,+26.0,+22.3,JA	+7.02,-4.9,+22.2,EB	+6.99,-2.2,+20.8,CB		+7.04,-3.7,+20.7,MB	
1702215958.7304077	+6.78,+2.4,+22.2,DB	+6.46,+26.0,+22.2,KA	+7.02,-4.9,+22.2,EB	+6.99,-2.3,+20.8,BB		+7.03,-3.6,+20.7,KB	
1702216020.739027	+6.78,+2.3,+22.2,CB	+6.46,+26.0,+22.3,JA	+7.02,-4.8,+22.2,DB	+6.99,-2.3,+20.8,BB		+7.04,-3.8,+20.7,BB	
1702216082.7487566	+6.78,+2.4,+22.2,DB	+6.45,+26.2,+22.3,KA	+7.02,-4.9,+22.2,EB	+7.00,-2.7,+20.8,GB		+7.03,-3.4,+20.7,IB	
1702216144.757831	+6.78,+2.4,+22.2,DB	+6.46,+26.1,+22.3,KA	+7.02,-4.9,+22.2,EB	+7.00,-2.6,+20.8,FB		+7.04,-4.1,+20.7,LB	
1702216206.7641053	+6.78,+2.4,+22.2,DB	+6.46,+26.1,+22.3,KA	+7.02,-4.8,+22.2,DB	+6.99,-2.2,+20.8,CB		+7.03,-3.6,+20.7,KB	
1702216268.7743342	+6.78,+2.4,+22.2,DB	+6.46,+26.1,+22.3,KA	+7.02,-4.9,+22.2,EB	+6.99,-2.2,+20.7,LB		+7.03,-3.7,+20.7,JB	
1702216330.783295	+6.78,+2.4,+22.2,DB	+6.46,+26.1,+22.3,KA	+7.02,-4.8,+22.2,DB	+6.99,-2.2,+20.8,CB		+7.03,-3.4,+20.7,IB	
1702216392.791818	+6.78,+2.3,+22.2,CB	+6.45,+26.1,+22.3,HA	+7.02,-4.7,+22.3,JB	+7.00,-2.5,+20.8,EB		+7.04,-3.7,+20.7,MB	
1702216454.7989855	+6.78,+2.3,+22.2,CB	+6.45,+26.2,+22.3,KA	+7.02,-4.7,+22.2,KB	+7.00,-2.5,+20.8,EB		+7.04,-3.9,+20.7,CB	
1702216516.80785	+6.78,+2.3,+22.2,CB	+6.45,+26.2,+22.3,KA	+7.02,-4.8,+22.2,DB	+6.99,-2.2,+20.8,CB		+7.03,-3.4,+20.7,IB	
1702216578.8186533	+6.78,+2.3,+22.2,CB	+6.45,+26.3,+22.3,JA	+7.03,-5.1,+22.2,MB	+6.99,-2.2,+20.8,CB		+7.03,-3.5,+20.7,HB	
1702216640.826991	+6.78,+2.3,+22.2,CB	+6.45,+26.2,+22.3,KA	+7.03,-5.2,+22.2,NB	+6.99,-2.2,+20.8,CB		+7.04,-3.9,+20.7,CB	
1702216702.8356078	+6.78,+2.4,+22.2,DB	+6.45,+26.3,+22.3,JA	+7.03,-5.2,+22.2,NB	+6.99,-2.2,+20.8,CB		+7.04,-4.0,+20.7,MB	
1702216764.8422318	+6.78,+2.3,+22.2,CB	+6.45,+26.4,+22.3,MA	+7.03,-5.2,+22.3,OB	+7.00,-2.6,+20.8,FB		+7.03,-3.5,+20.7,HB	
1702216826.8526347	+6.78,+2.4,+22.2,DB	+6.45,+26.4,+22.3,MA	+7.02,-5.0,+22.2,MB	+7.00,-2.6,+20.8,FB		+7.03,-3.4,+20.7,IB	
1702216888.8592825	+6.78,+2.3,+22.2,CB	+6.45,+26.5,+22.3,LA	+7.02,-4.8,+22.3,EB	+7.00,-2.6,+20.8,FB		+7.03,-3.4,+20.7,IB	
1702216950.868704	+6.78,+2.3,+22.2,CB	+6.45,+26.3,+22.3,JA	+7.02,-4.7,+22.2,KB	+6.99,-2.2,+20.8,CB		+7.03,-3.5,+20.8,GB	
1702217012.878426	+6.78,+2.3,+22.2,CB	+6.45,+26.5,+22.3,LA	+7.02,-4.5,+22.3,HB	+7.00,-2.5,+20.8,EB		+7.04,-4.1,+20.8,CB	
1702217074.887906	+6.78,+2.2,+22.2,BB	+6.45,+26.4,+22.3,MA	+7.01,-4.4,+22.2,KB	+6.99,-2.2,+20.8,CB		+7.03,-3.6,+20.7,KB	
1702217136.8980598	+6.78,+2.3,+22.2,CB	+6.45,+26.3,+22.3,JA	+7.01,-4.2,+22.3,LB	+6.99,-2.2,+20.8,CB		+7.03,-3.4,+20.8,FB	
1702217198.9020398	+6.78,+2.3,+22.2,CB	+6.45,+26.4,+22.3,MA	+7.01,-4.1,+22.3,OB	+6.99,-2.4,+20.8,EB		+7.04,-4.0,+20.8,BB	
1702217260.9124503	+6.78,+2.3,+22.2,CB	+6.45,+26.6,+22.3,OA	+7.01,-3.9,+22.2,AB	+7.00,-2.6,+20.8,FB		+7.04,-3.8,+20.8,MB	
1702217322.922007	+6.78,+2.3,+22.2,CB	+6.45,+26.5,+22.3,LA	+7.01,-4.0,+22.3,NB	+7.00,-2.5,+20.8,EB		+7.04,-4.0,+20.8,BB	
1702217384.9326942	+6.78,+2.2,+22.2,BB	+6.45,+26.5,+22.3,LA	+7.01,-3.9,+22.3,@B	+6.99,-2.2,+20.8,CB		+7.04,-4.1,+20.8,CB	
1702217446.942835	+6.78,+2.2,+22.2,BB	+6.45,+26.6,+22.3,OA	+7.00,-3.8,+22.3,@B	+6.99,-2.4,+20.8,EB		+7.03,-3.7,+20.8,EB	
1702217508.9503038	+6.78,+2.2,+22.2,BB	+6.45,+26.6,+22.3,OA	+7.00,-3.8,+22.3,@B	+7.00,-2.5,+20.8,EB		+7.03,-3.4,+20.8,FB	
1702217570.9612057	+6.78,+2.3,+22.2,CB	+6.45,+26.6,+22.3,OA	+7.00,-3.8,+22.3,@B	+7.00,-2.6,+20.8,FB		+7.03,-3.6,+20.8,DB	
1702217632.9706275	+6.78,+2.2,+22.2,BB	+6.45,+26.7,+22.3,NA	+7.00,-3.7,+22.3,OB	+7.00,-2.6,+20.8,FB		+7.04,-4.0,+20.8,BB	
1702217694.98162	+6.78,+2.3,+22.2,CB	+6.45,+26.7,+22.3,NA	+7.00,-3.7,+22.3,OB	+7.00,-2.5,+20.8,EB		+7.04,-4.2,+20.8,@B	
1702217756.992177	+6.78,+2.3,+22.2,CB	+6.45,+26.6,+22.3,OA	+7.00,-3.8,+22.3,@B	+6.99,-2.2,+20.8,CB		+7.03,-3.7,+20.7,JB	
1702217819.000981	+6.78,+2.3,+22.2,CB	+6.45,+26.5,+22.3,LA	+7.00,-3.8,+22.3,@B	+6.99,-2.2,+20.8,CB		+7.03,-3.4,+20.7,IB	
1702217881.011328	+6.78,+2.2,+22.2,BB	+6.45,+26.6,+22.3,OA	+7.00,-3.8,+22.2,AB	+6.99,-2.4,+20.8,EB		+7.03,-3.5,+20.7,HB	
1702217943.0211117	+6.78,+2.2,+22.2,BB	+6.45,+26.7,+22.3,NA	+7.00,-3.8,+22.2,AB	+7.00,-2.5,+20.8,EB		+7.03,-3.6,+20.7,KB	
1702218005.031114	+6.78,+2.2,+22.2,BB	+6.45,+26.6,+22.3,OA	+7.00,-3.8,+22.2,AB	+7.00,-2.6,+20.8,FB		+7.03,-3.6,+20.7,KB	
1702218067.0407157	+6.78,+2.3,+22.2,CB	+6.45,+26.4,+22.3,MA	+7.00,-3.7,+22.2,NB	+6.99,-2.2,+20.8,CB		+7.04,-3.9,+20.7,CB	
1702218129.0513062	+6.78,+2.2,+22.2,BB	+6.45,+26.5,+22.3,LA	+7.00,-3.6,+22.3,NB	+6.99,-2.2,+20.8,CB		+7.04,-4.2,+20.7,OB	
1702218191.0607686	+6.79,+2.2,+22.2,CB	+6.45,+26.6,+22.3,OA	+7.00,-3.7,+22.2,NB	+7.00,-2.5,+20.8,EB		+7.03,-3.4,+20.7,IB	
1702218253.0687857	+6.78,+2.2,+22.2,BB	+6.45,+26.5,+22.3,LA	+7.00,-3.6,+22.2,OB	+6.99,-2.1,+20.8,@B		+7.04,-4.1,+20.7,LB	
1702218315.0788856	+6.78,+2.2,+22.2,BB	+6.44,+27.2,+22.3,KA	+7.00,-3.5,+22.2,LB	+6.99,-2.1,+20.8,@B		+7.04,-3.7,+20.7,MB	
1702218377.087758	+6.78,+2.2,+22.2,BB	+6.45,+26.6,+22.3,OA	+7.00,-3.6,+22.2,OB	+6.99,-2.3,+20.8,BB		+7.04,-4.0,+20.7,MB	
1702218439.0969257	+6.78,+2.2,+22.2,BB	+6.45,+26.6,+22.3,OA	+7.00,-3.6,+22.2,OB	+7.00,-2.6,+20.8,FB		+7.04,-4.1,+20.7,LB	
1702218501.105683	+6.78,+2.2,+22.2,BB	+6.45,+26.6,+22.3,OA	+7.00,-3.5,+22.3,MB	+7.00,-2.6,+20.8,FB		+7.04,-4.0,+20.7,MB	
1702218563.1156008	+6.78,+2.2,+22.2,BB	+6.45,+26.6,+22.3,OA	+7.00,-3.6,+22.3,NB	+7.00,-2.6,+20.8,FB		+7.04,-4.0,+20.7,MB	
1702218625.1221569	+6.79,+2.2,+22.2,CB	+6.45,+26.5,+22.3,LA	+7.00,-3.5,+22.3,MB	+6.99,-2.3,+20.8,BB		+7.04,-4.1,+20.7,LB	
1702218687.1328847	+6.78,+2.2,+22.2,BB	+6.45,+26.5,+22.3,LA	+7.00,-3.4,+22.3,LB	+6.99,-2.2,+20.8,CB		+7.03,-3.6,+20.7,KB	
1702218749.1428363	+6.79,+2.2,+22.2,CB	+6.45,+26.7,+22.3,NA	+7.00,-3.3,+22.3,KB	+7.00,-2.6,+20.8,FB		+7.03,-3.4,+20.7,IB	
1702218811.1532574	+6.78,+2.2,+22.2,BB	+6.45,+26.5,+22.3,LA	+7.00,-3.4,+22.3,LB	+6.99,-2.3,+20.8,BB		+7.04,-4.0,+20.7,MB	
1702218873.163278	+6.79,+2.2,+22.2,CB	+6.45,+26.6,+22.3,OA	+7.00,-3.4,+22.3,LB	+6.99,-2.4,+20.8,EB		+7.03,-3.5,+20.8,GB	
1702218935.1723025	+6.78,+2.2,+22.2,BB	+6.45,+26.7,+22.3,NA	+7.00,-3.4,+22.2,MB	+6.99,-2.3,+20.8,BB		+7.04,-4.1,+20.7,LB	
1702218997.1823783	+6.79,+2.2,+22.2,CB	+6.44,+26.8,+22.3,@A	+7.00,-3.3,+22.2,JB	+7.00,-2.6,+20.8,FB		+7.03,-3.7,+20.8,EB	
1702219059.190597	+6.78,+2.3,+22.2,CB	+6.45,+26.6,+22.3,OA	+7.00,-3.4,+22.3,LB	+6.99,-2.2,+20.8,CB		+7.04,-3.8,+20.8,MB	
1702219121.2005517	+6.78,+2.3,+22.2,CB	+6.45,+26.6,+22.3,OA	+6.99,-3.2,+22.3,KB	+7.00,-2.4,+20.8,DB		+7.04,-3.7,+20.7,MB	
1702219183.2102432	+6.78,+2.2,+22.2,BB	+6.45,+26.7,+22.3,NA	+7.00,-3.4,+22.3,LB	+6.99,-2.3,+20.8,BB		+7.03,-3.6,+20.7,KB	
1702219245.2184696	+6.78,+2.3,+22.2,CB	+6.44,+26.7,+22.3,OA	+7.00,-3.3,+22.3,KB	+6.99,-2.3,+20.8,BB		+7.03,-3.5,+20.8,GB	
1702219307.2270482	+6.78,+2.2,+22.2,BB	+6.44,+26.8,+22.3,@A	+7.00,-3.4,+22.3,LB	+7.00,-2.5,+20.8,EB		+7.03,-3.6,+20.8,DB	
1702219553.9781973	+6.78,+2.2,+22.2,BB	+6.44,+26.8,+22.3,@A	+6.99,-3.1,+22.3,HB	+6.99,-2.1,+20.8,@B		+7.04,-4.1,+20.8,CB	
1702219615.9873376	+6.78,+2.2,+22.2,BB	+6.44,+26.9,+22.3,AA	+7.00,-3.3,+22.3,KB	+6.99,-2.4,+20.8,EB		+7.04,-4.0,+20.8,BB	
1702219677.9982884	+6.78,+2.2,+22.2,BB	+6.44,+27.0,+22.3,IA	+7.00,-3.3,+22.3,KB	+7.00,-2.6,+20.8,FB		+7.04,-3.8,+20.8,MB	
1702219740.0089211	+6.78,+2.2,+22.2,BB	+6.44,+26.9,+22.3,AA	+7.00,-3.3,+22.3,KB	+6.99,-2.2,+20.8,CB		+7.04,-4.0,+20.8,BB	
1702219802.016888	+6.79,+2.2,+22.2,CB	+6.44,+27.0,+22.3,IA	+7.00,-3.4,+22.3,LB	+6.99,-2.2,+20.8,CB		+7.03,-3.6,+20.8,DB	
1702219864.0256264	+6.79,+2.2,+22.2,CB	+6.44,+26.9,+22.3,AA	+7.00,-3.5,+22.3,MB	+7.00,-2.4,+20.8,DB		+7.04,-4.0,+20.8,BB	
1702219926.033443	+6.79,+2.2,+22.2,CB	+6.44,+27.0,+22.3,IA	+7.00,-3.4,+22.3,LB	+7.00,-2.4,+20.8,DB		+7.03,-3.6,+20.8,DB	
1702219988.044298	+6.78,+2.2,+22.3,CB	+6.44,+27.0,+22.3,IA	+7.00,-3.5,+22.3,MB	+6.99,-2.4,+20.8,EB		+7.03,-3.6,+20.8,DB	
1702220050.0523865	+6.78,+2.2,+22.2,BB	+6.44,+26.8,+22.3,@A	+7.00,-3.5,+22.3,MB	+6.99,-2.2,+20.8,CB		+7.04,-4.1,+20.8,CB	
1702220112.0580368	+6.79,+2.2,+22.3,BB	+6.44,+26.9,+22.3,AA	+7.00,-3.5,+22.3,MB	+7.00,-2.6,+20.8,FB		+7.03,-3.6,+20.8,DB	
1702220174.066292	+6.79,+2.1,+22.2,@B	+6.44,+26.9,+22.3,AA	+7.00,-3.4,+22.3,LB	+7.00,-2.4,+20.8,DB		+7.03,-3.6,+20.8,DB	
1702220236.0786967	+6.79,+2.1,+22.2,@B	+6.44,+26.9,+22.3,AA	+7.00,-3.5,+22.3,MB	+7.00,-2.4,+20.8,DB		+7.03,-3.5,+20.8,GB	
1702220298.0893996	+6.79,+2.1,+22.2,@B	+6.44,+26.8,+22.3,@A	+7.00,-3.3,+22.3,KB	+6.99,-2.3,+20.8,BB		+7.03,-3.5,+20.8,GB	
1702220360.0981538	+6.79,+2.1,+22.2,@B	+6.44,+26.9,+22.3,AA	+7.00,-3.5,+22.3,MB	+6.99,-2.3,+20.8,BB		+7.04,-4.2,+20.8,@B	
1702220422.1066139	+6.79,+2.2,+22.2,CB	+6.44,+26.9,+22.3,AA	+7.00,-3.5,+22.3,MB	+6.99,-2.1,+20.8,@B		+7.04,-3.9,+20.8,LB	
1702220484.1130226	+6.79,+2.1,+22.2,@B	+6.44,+27.0,+22.3,IA	+7.00,-3.5,+22.3,MB	+6.99,-2.3,+20.8,BB		+7.04,-4.0,+20.8,BB	
1702220546.1227527	+6.79,+2.1,+22.2,@B	+6.44,+26.9,+22.3,AA	+7.00,-3.5,+22.3,MB	+7.00,-2.5,+20.8,EB		+7.04,-4.1,+20.8,CB	
1702220608.1309104	+6.79,+2.1,+22.2,@B	+6.44,+27.0,+22.3,IA	+7.00,-3.5,+22.3,MB	+6.99,-2.2,+20.8,CB		+7.03,-3.5,+20.8,GB	
1702220670.1361523	+6.79,+2.2,+22.2,CB	+6.44,+27.0,+22.3,IA	+7.00,-3.5,+22.3,MB	+6.99,-2.2,+20.8,CB		+7.03,-3.4,+20.7,IB	
1702220732.1470425	+6.79,+2.1,+22.2,@B	+6.44,+27.1,+22.3,HA	+7.00,-3.6,+22.3,NB	+6.99,-2.1,+20.8,@B		+7.03,-3.6,+20.8,DB	
1702220794.1566856	+6.79,+2.2,+22.2,CB	+6.44,+27.0,+22.3,IA	+7.00,-3.5,+22.3,MB	+6.99,-2.4,+20.8,EB		+7.03,-3.4,+20.7,IB	
1702220856.166337	+6.79,+2.1,+22.2,@B	+6.44,+26.8,+22.3,@A	+7.00,-3.7,+22.3,OB	+7.00,-2.4,+20.8,DB		+7.03,-3.7,+20.8,EB	
1702220918.1763573	+6.79,+2.1,+22.2,@B	+6.44,+26.8,+22.3,@A	+7.00,-3.7,+22.3,OB	+6.99,-2.3,+20.8,BB		+7.03,-3.6,+20.7,KB	
1702220980.185693	+6.79,+2.2,+22.2,CB	+6.44,+26.9,+22.3,AA	+7.00,-3.6,+22.2,OB	+6.99,-2.2,+20.8,CB		+7.04,-4.2,+20.8,@B	
1702221042.195612	+6.79,+2.2,+22.2,CB	+6.44,+26.8,+22.3,@A	+7.00,-3.6,+22.3,NB	+6.99,-2.1,+20.8,@B		+7.04,-3.9,+20.8,LB	
1702221104.20466	+6.79,+2.1,+22.2,@B	+6.44,+26.9,+22.3,AA	+7.00,-3.8,+22.3,@B	+7.00,-2.6,+20.8,FB		+7.04,-4.0,+20.7,MB	
1702221166.2142544	+6.79,+2.1,+22.2,@B	+6.45,+26.7,+22.3,NA	+7.00,-3.7,+22.3,OB	+6.99,-2.3,+20.8,BB		+7.03,-3.5,+20.7,HB	
1702221228.2240298	+6.79,+2.1,+22.2,@B	+6.44,+26.8,+22.3,@A	+7.00,-3.6,+22.3,NB	+6.99,-2.2,+20.8,CB		+7.03,-3.6,+20.8,DB	
1702221290.2319505	+6.79,+2.1,+22.2,@B	+6.45,+26.7,+22.3,NA	+7.00,-3.7,+22.3,OB	+6.99,-2.1,+20.8,@B		+7.03,-3.6,+20.7,KB	
1702221352.2419543	+6.78,+2.2,+22.2,BB	+6.44,+26.8,+22.3,@A	+7.00,-3.6,+22.3,NB	+7.00,-2.5,+20.8,EB		+7.04,-3.9,+20.8,LB	
1702221414.2521284	+6.78,+2.4,+22.2,DB	+6.44,+26.8,+22.3,@A	+7.01,-3.8,+22.3,AB	+7.00,-2.4,+20.8,DB		+7.03,-3.5,+20.8,GB	
1702221476.262134	+6.78,+2.5,+22.2,EB	+6.44,+26.8,+22.3,@A	+7.00,-3.7,+22.3,OB	+6.99,-2.2,+20.8,CB		+7.03,-3.6,+20.8,DB	
1702221538.2697787	+6.78,+2.6,+22.2,FB	+6.45,+26.7,+22.3,NA	+7.01,-3.9,+22.3,@B	+6.99,-2.0,+20.8,AB		+7.04,-4.2,+20.7,OB	
1702221600.2802358	+6.78,+2.6,+22.2,FB	+6.44,+26.9,+22.3,AA	+7.01,-3.8,+22.3,AB	+7.00,-2.4,+20.8,DB		+7.03,-3.7,+20.8,EB	
1702221662.2885787	+6.78,+2.6,+22.2,FB	+6.45,+26.7,+22.3,NA	+7.00,-3.6,+22.3,NB	+6.99,-2.4,+20.8,EB		+7.03,-3.4,+20.8,FB	
1702221724.2972	+6.78,+2.6,+22.2,FB	+6.44,+26.7,+22.3,OA	+7.01,-4.4,+22.3,JB	+6.99,-2.1,+20.8,@B		+7.04,-4.1,+20.7,LB	
1702221786.304821	+6.78,+2.5,+22.2,EB	+6.44,+26.7,+22.3,OA	+7.04,-6.1,+22.3,HB	+6.99,-2.3,+20.8,BB		+7.03,-3.5,+20.8,GB	
1702221848.3150723	+6.78,+2.6,+22.2,FB	+6.45,+26.7,+22.3,NA	+7.05,-6.2,+22.3,JB	+6.99,-2.1,+20.8,@B		+7.03,-3.5,+20.8,GB	
1702221910.324355	+6.78,+2.6,+22.2,FB	+6.44,+26.8,+22.3,@A	+7.07,-7.6,+22.3,MB	+6.99,-2.3,+20.8,BB		+7.04,-3.9,+20.8,LB	
1702221972.331801	+6.78,+2.6,+22.2,FB	+6.44,+26.8,+22.3,@A	+7.07,-7.7,+22.3,LB	+6.99,-2.1,+20.8,@B		+7.03,-3.5,+20.8,GB	
1702222034.3395393	+6.78,+2.6,+22.2,FB	+6.44,+26.8,+22.3,@A	+7.07,-7.6,+22.3,MB	+6.99,-2.1,+20.8,@B		+7.03,-3.5,+20.8,GB	
1702222096.3479142	+6.78,+2.6,+22.2,FB	+6.44,+26.8,+22.3,@A	+7.07,-7.6,+22.3,MB	+6.99,-2.1,+20.8,@B		+7.03,-3.5,+20.8,GB	
1702222158.3581893	+6.78,+2.6,+22.2,FB	+6.44,+26.8,+22.3,@A	+7.07,-7.6,+22.3,MB	+7.00,-2.5,+20.8,EB		+7.03,-3.7,+20.8,EB	
1702222220.3638802	+6.78,+2.6,+22.3,GB	+6.44,+26.8,+22.3,@A	+7.07,-7.9,+22.3,BB	+6.99,-2.3,+20.8,BB		+7.04,-3.8,+20.8,MB	
1702222282.3731449	+6.78,+2.6,+22.2,FB	+6.44,+26.8,+22.3,@A	+7.07,-7.6,+22.3,MB	+6.99,-2.1,+20.8,@B		+7.04,-4.2,+20.8,@B	
1702222344.3817203	+6.78,+2.6,+22.2,FB	+6.44,+26.8,+22.3,@A	+7.07,-7.5,+22.3,NB	+6.99,-2.2,+20.8,CB		+7.04,-4.2,+20.8,@B	
1702222406.3921196	+6.78,+2.7,+22.2,GB	+6.44,+26.8,+22.3,@A	+7.07,-7.5,+22.3,NB	+6.99,-2.3,+20.8,BB		+7.03,-3.5,+20.8,GB	
1702222468.400224	+6.78,+2.6,+22.2,FB	+6.44,+26.9,+22.3,AA	+7.07,-7.5,+22.3,NB	+6.99,-2.3,+20.8,BB		+7.05,-4.3,+20.8,@B	
1702222530.4077888	+6.78,+2.6,+22.2,FB	+6.44,+27.0,+22.3,IA	+7.07,-7.5,+22.3,NB	+7.00,-2.5,+20.8,EB		+7.04,-4.2,+20.8,@B	
1702222592.4170496	+6.78,+2.6,+22.2,FB	+6.44,+26.9,+22.3,AA	+7.07,-7.6,+22.3,MB	+7.00,-2.5,+20.8,EB		+7.04,-4.3,+20.8,AB	
1702222654.4269097	+6.78,+2.6,+22.2,FB	+6.45,+26.7,+22.3,NA	+7.07,-7.7,+22.3,LB	+6.99,-2.0,+20.8,AB		+7.03,-3.5,+20.8,GB	
1702222716.4368048	+6.78,+2.6,+22.3,GB	+6.44,+26.8,+22.3,@A	+7.07,-7.6,+22.3,MB	+7.00,-2.4,+20.8,DB		+7.04,-3.7,+20.8,BB	
1702222778.4432142	+6.78,+2.6,+22.2,FB	+6.44,+26.7,+22.3,OA	+7.07,-7.5,+22.3,NB	+6.99,-2.3,+20.8,BB		+7.04,-4.1,+20.8,CB	
1702222840.4515314	+6.78,+2.6,+22.2,FB	+6.44,+26.8,+22.3,@A	+7.07,-7.4,+22.3,OB	+7.00,-2.5,+20.8,EB		+7.03,-3.6,+20.8,DB	
1702222902.4594114	+6.78,+2.6,+22.2,FB	+6.45,+26.7,+22.3,NA	+7.07,-7.4,+22.3,OB	+6.99,-2.2,+20.8,CB		+7.04,-3.9,+20.8,LB	
1702222964.468285	+6.78,+2.6,+22.3,GB	+6.44,+26.7,+22.3,OA	+7.06,-7.3,+22.3,IB	+6.99,-2.2,+20.8,CB		+7.04,-3.9,+20.8,LB	
1702223026.477922	+6.78,+2.6,+22.3,GB	+6.44,+26.7,+22.3,OA	+7.06,-7.2,+22.2,IB	+6.99,-2.1,+20.8,@B		+7.04,-4.2,+20.8,@B	
1702223088.486048	+6.78,+2.6,+22.2,FB	+6.45,+26.7,+22.3,NA	+7.06,-7.1,+22.3,KB	+6.99,-2.2,+20.8,CB		+7.03,-3.5,+20.8,GB	
1702223150.495681	+6.78,+2.6,+22.2,FB	+6.44,+26.8,+22.3,@A	+7.06,-7.1,+22.3,KB	+7.00,-2.5,+20.8,EB		+7.04,-4.0,+20.7,MB	
1702223397.27928	+6.78,+2.6,+22.2,FB	+6.44,+26.7,+22.3,OA	+7.06,-6.8,+22.3,CB	+6.99,-2.0,+20.8,AB		+7.03,-3.6,+20.8,DB	
1702223459.2886274	+6.78,+2.6,+22.2,FB	+6.44,+26.8,+22.3,@A	+7.06,-6.8,+22.3,CB	+6.99,-2.3,+20.8,BB		+7.03,-3.4,+20.8,FB	
1702223521.2947788	+6.78,+2.5,+22.2,EB	+6.44,+26.9,+22.3,AA	+7.06,-6.8,+22.3,CB	+6.99,-2.4,+20.8,EB		+7.03,-3.5,+20.7,HB	
1702223583.3027196	+6.78,+2.5,+22.2,EB	+6.44,+26.9,+22.3,AA	+7.06,-6.9,+22.3,BB	+6.99,-2.3,+20.8,BB		+7.04,-3.7,+20.8,BB	
1702223645.3114092	+6.78,+2.6,+22.2,FB	+6.45,+26.7,+22.3,NA	+7.06,-6.9,+22.3,BB	+6.99,-2.1,+20.8,@B		+7.04,-3.9,+20.8,LB	
1702223707.320902	+6.78,+2.5,+22.2,EB	+6.44,+26.8,+22.3,@A	+7.06,-6.8,+22.3,CB	+7.00,-2.5,+20.8,EB		+7.03,-3.5,+20.8,GB	
1702223769.330949	+6.78,+2.6,+22.2,FB	+6.44,+26.8,+22.3,@A	+7.05,-6.7,+22.3,OB	+6.99,-2.3,+20.8,BB		+7.04,-4.1,+20.8,CB	
1702223831.3386486	+6.78,+2.5,+22.3,DB	+6.45,+26.7,+22.3,NA	+7.05,-6.6,+22.3,NB	+6.99,-2.1,+20.8,@B		+7.04,-4.0,+20.8,BB	
1702223893.3449757	+6.78,+2.5,+22.2,EB	+6.45,+26.7,+22.3,NA	+7.05,-6.7,+22.3,OB	+7.00,-2.5,+20.8,EB		+7.04,-4.1,+20.8,CB	
1702223955.3532245	+6.78,+2.5,+22.2,EB	+6.45,+26.7,+22.3,NA	+7.05,-6.6,+22.3,NB	+7.00,-2.4,+20.8,DB		+7.04,-4.1,+20.8,CB	
1702224017.3629813	+6.78,+2.5,+22.2,EB	+6.44,+26.8,+22.3,@A	+7.05,-6.7,+22.3,OB	+6.99,-2.2,+20.8,CB		+7.03,-3.6,+20.8,DB	
1702224079.3705542	+6.78,+2.5,+22.2,EB	+6.44,+26.7,+22.3,OA	+7.05,-6.7,+22.3,OB	+6.99,-2.4,+20.8,EB		+7.03,-3.7,+20.8,EB	
1702224141.3787098	+6.78,+2.5,+22.2,EB	+6.45,+26.6,+22.3,OA	+7.05,-6.6,+22.3,NB	+6.99,-2.2,+20.8,CB		+7.04,-4.2,+20.8,@B	
1702224203.388825	+6.78,+2.5,+22.2,EB	+6.45,+26.5,+22.3,LA	+7.05,-6.6,+22.3,NB	+6.99,-2.4,+20.8,EB		+7.04,-3.9,+20.8,LB	
1702224265.3992054	+6.78,+2.5,+22.2,EB	+6.45,+26.6,+22.3,OA	+7.05,-6.6,+22.3,NB	+6.99,-2.1,+20.8,@B		+7.04,-4.0,+20.8,BB	
1702224327.4089172	+6.78,+2.5,+22.2,EB	+6.45,+26.6,+22.3,OA	+7.05,-6.5,+22.3,MB	+6.99,-2.3,+20.8,BB		+7.03,-3.7,+20.8,EB	
1702224389.4180868	+6.78,+2.5,+22.2,EB	+6.44,+26.7,+22.3,OA	+7.05,-6.6,+22.3,NB	+6.99,-2.1,+20.8,@B		+7.04,-4.1,+20.8,CB	
1702224451.4268649	+6.78,+2.5,+22.2,EB	+6.45,+26.7,+22.3,NA	+7.05,-6.6,+22.3,NB	+6.99,-2.2,+20.8,CB		+7.04,-4.3,+20.8,AB	
1702224513.4350924	+6.78,+2.5,+22.3,DB	+6.45,+26.6,+22.3,OA	+7.05,-6.5,+22.3,MB	+6.99,-2.0,+20.8,AB		+7.03,-3.6,+20.8,DB	
1702224575.4443622	+6.78,+2.5,+22.3,DB	+6.44,+26.7,+22.3,OA	+7.05,-6.5,+22.3,MB	+6.99,-2.1,+20.8,@B		+7.04,-3.9,+20.8,LB	
1702224637.4530208	+6.78,+2.5,+22.2,EB	+6.45,+26.6,+22.3,OA	+7.05,-6.4,+22.3,LB	+6.99,-2.1,+20.8,@B		+7.03,-3.4,+20.8,FB	
1702224699.4625144	+6.78,+2.5,+22.2,EB	+6.44,+26.7,+22.3,OA	+7.05,-6.5,+22.3,MB	+7.00,-2.5,+20.8,EB		+7.04,-4.3,+20.8,AB	
1702224761.4720087	+6.78,+2.5,+22.2,EB	+6.45,+26.6,+22.3,OA	+7.05,-6.5,+22.3,MB	+6.99,-2.3,+20.8,BB		+7.04,-4.2,+20.8,@B	
1702224823.4800642	+6.78,+2.5,+22.3,DB	+6.45,+26.6,+22.3,OA	+7.05,-6.5,+22.3,MB	+6.99,-2.3,+20.8,BB		+7.04,-4.2,+20.8,@B	
1702224885.488201	+6.78,+2.5,+22.3,DB	+6.45,+26.7,+22.3,NA	+7.05,-6.5,+22.3,MB	+7.00,-2.4,+20.8,DB		+7.04,-3.8,+20.8,MB	
1702224947.4966533	+6.78,+2.4,+22.3,EB	+6.45,+26.6,+22.3,OA	+7.05,-6.4,+22.3,LB	+6.99,-2.2,+20.8,CB		+7.04,-4.0,+20.8,BB	
1702225009.5071654	+6.78,+2.5,+22.3,DB	+6.44,+26.7,+22.3,OA	+7.05,-6.4,+22.3,LB	+7.00,-2.5,+20.8,EB		+7.03,-3.5,+20.8,GB	
1702225071.5168185	+6.78,+2.5,+22.3,DB	+6.44,+26.8,+22.3,@A	+7.05,-6.3,+22.3,KB	+7.00,-2.5,+20.8,EB		+7.04,-3.8,+20.8,MB	
1702225133.5248718	+6.78,+2.5,+22.2,EB	+6.44,+26.9,+22.3,AA	+7.05,-6.2,+22.3,JB	+6.99,-2.4,+20.8,EB		+7.04,-3.9,+20.8,LB	
1702225195.533464	+6.78,+2.5,+22.3,DB	+6.45,+26.7,+22.3,NA	+7.05,-6.4,+22.3,LB	+6.99,-2.0,+20.8,AB		+7.03,-3.5,+20.8,GB	
1702225257.5419955	+6.78,+2.5,+22.3,DB	+6.45,+26.7,+22.3,NA	+7.05,-6.4,+22.3,LB	+6.99,-2.0,+20.8,AB		+7.03,-3.4,+20.8,FB	
1702225319.5497198	+6.78,+2.5,+22.2,EB	+6.45,+26.7,+22.3,NA	+7.05,-6.3,+22.3,KB	+7.00,-2.5,+20.8,EB		+7.04,-4.2,+20.8,@B	
1702225381.5585945	+6.78,+2.4,+22.2,DB	+6.45,+26.6,+22.3,OA	+7.05,-6.4,+22.3,LB	+6.99,-2.0,+20.8,AB		+7.03,-3.5,+20.8,GB	
1702225443.569074	+6.78,+2.5,+22.2,EB	+6.45,+26.6,+22.3,OA	+7.05,-6.2,+22.3,JB	+6.99,-2.4,+20.8,EB		+7.04,-3.8,+20.8,MB	
1702225505.5780125	+6.78,+2.4,+22.2,DB	+6.45,+26.7,+22.3,NA	+7.05,-6.3,+22.3,KB	+6.99,-2.3,+20.8,BB		+7.03,-3.6,+20.8,DB	
1702225567.5872023	+6.78,+2.5,+22.2,EB	+6.45,+26.5,+22.3,LA	+7.05,-6.2,+22.3,JB	+6.99,-2.4,+20.8,EB		+7.04,-3.9,+20.8,LB	
1702225629.597535	+6.78,+2.4,+22.2,DB	+6.45,+26.6,+22.3,OA	+7.05,-6.3,+22.3,KB	+6.99,-2.1,+20.8,@B		+7.04,-4.0,+20.8,BB	
1702225691.6057947	+6.78,+2.4,+22.2,DB	+6.45,+26.6,+22.3,OA	+7.05,-6.2,+22.3,JB	+7.00,-2.5,+20.8,EB		+7.03,-3.5,+20.8,GB	
1702225753.6121054	+6.78,+2.4,+22.2,DB	+6.45,+26.6,+22.3,OA	+7.05,-6.1,+22.3,IB	+6.99,-2.3,+20.8,BB		+7.03,-3.5,+20.8,GB	
1702225815.620704	+6.78,+2.4,+22.2,DB	+6.45,+26.5,+22.3,LA	+7.04,-6.1,+22.3,HB	+6.99,-2.2,+20.8,CB		+7.03,-3.5,+20.8,GB	
1702225877.6302803	+6.78,+2.5,+22.2,EB	+6.45,+26.5,+22.3,LA	+7.05,-6.3,+22.3,KB	+6.99,-2.3,+20.8,BB		+7.03,-3.5,+20.8,GB	
1702225939.6416063	+6.78,+2.4,+22.2,DB	+6.45,+26.7,+22.3,NA	+7.05,-6.2,+22.3,JB	+6.99,-2.0,+20.8,AB		+7.03,-3.7,+20.8,EB	
1702226001.648327	+6.78,+2.4,+22.2,DB	+6.45,+26.7,+22.3,NA	+7.05,-6.2,+22.3,JB	+6.99,-2.0,+20.8,AB		+7.03,-3.6,+20.8,DB	
1702226063.657515	+6.78,+2.4,+22.2,DB	+6.45,+26.7,+22.3,NA	+7.05,-6.3,+22.3,KB	+6.99,-2.2,+20.8,CB		+7.04,-3.8,+20.8,MB	
1702226125.6658688	+6.78,+2.3,+22.2,CB	+6.45,+26.5,+22.3,LA	+7.05,-6.3,+22.3,KB	+6.99,-2.2,+20.8,CB		+7.04,-4.1,+20.8,CB	
1702226187.6732802	+6.78,+2.4,+22.2,DB	+6.45,+26.5,+22.3,LA	+7.05,-6.3,+22.3,KB	+6.99,-2.2,+20.8,CB		+7.04,-4.2,+20.8,@B	
1702226249.6826546	+6.78,+2.4,+22.3,EB	+6.45,+26.6,+22.3,OA	+7.05,-6.2,+22.3,JB	+6.99,-2.0,+20.8,AB		+7.04,-4.1,+20.8,CB	
1702226311.6911368	+6.78,+2.4,+22.2,DB	+6.45,+26.6,+22.3,OA	+7.05,-6.2,+22.3,JB	+6.99,-2.0,+20.8,AB		+7.04,-4.0,+20.8,BB	
1702226373.6996267	+6.78,+2.4,+22.2,DB	+6.45,+26.7,+22.3,NA	+7.05,-6.2,+22.3,JB	+6.99,-2.2,+20.8,CB		+7.04,-4.0,+20.8,BB	
1702226435.7093258	+6.78,+2.3,+22.2,CB	+6.45,+26.6,+22.3,OA	+7.05,-6.3,+22.3,KB	+6.99,-2.2,+20.8,CB		+7.03,-3.6,+20.8,DB	
1702226497.718852	+6.78,+2.4,+22.2,DB	+6.45,+26.7,+22.3,NA	+7.05,-6.3,+22.3,KB	+6.99,-2.0,+20.8,AB		+7.04,-3.9,+20.8,LB	
1702226559.7294948	+6.78,+2.4,+22.3,EB	+6.45,+26.6,+22.3,OA	+7.05,-6.2,+22.3,JB	+6.99,-2.4,+20.8,EB		+7.03,-3.6,+20.8,DB	
1702226621.7389033	+6.78,+2.3,+22.2,CB	+6.45,+26.6,+22.3,OA	+7.05,-6.3,+22.3,KB	+6.99,-2.1,+20.8,@B		+7.03,-3.5,+20.8,GB	
1702226683.7485144	+6.78,+2.4,+22.3,EB	+6.45,+26.7,+22.3,NA	+7.05,-6.3,+22.3,KB	+6.99,-2.0,+20.8,AB		+7.03,-3.5,+20.8,GB	
1702226745.759873	+6.78,+2.3,+22.2,CB	+6.45,+26.6,+22.3,OA	+7.05,-6.2,+22.3,JB	+7.00,-2.5,+20.8,EB		+7.04,-4.2,+20.8,@B	
1702226807.7700977	+6.78,+2.3,+22.2,CB	+6.45,+26.6,+22.3,OA	+7.05,-6.2,+22.3,JB	+6.99,-2.2,+20.8,CB		+7.04,-4.1,+20.8,CB	
1702226869.777137	+6.78,+2.3,+22.3,BB	+6.45,+26.6,+22.3,OA	+7.05,-6.2,+22.3,JB	+6.99,-2.4,+20.8,EB		+7.04,-4.2,+20.8,@B	
1702226931.7877712	+6.78,+2.3,+22.2,CB	+6.45,+26.6,+22.3,OA	+7.05,-6.2,+22.3,JB	+7.00,-2.5,+20.8,EB		+7.04,-3.9,+20.8,LB	
1702226993.7968938	+6.78,+2.4,+22.3,EB	+6.45,+26.7,+22.3,NA	+7.05,-6.2,+22.3,JB	+6.99,-2.0,+20.8,AB		+7.04,-4.2,+20.8,@B	
1702227240.515726	+6.78,+2.3,+22.3,BB	+6.44,+26.8,+22.4,GA	+7.05,-6.2,+22.3,JB	+6.99,-2.2,+20.8,CB		+7.04,-3.9,+20.8,LB	
1702227302.5254016	+6.78,+2.4,+22.3,EB	+6.45,+26.7,+22.3,NA	+7.05,-6.2,+22.3,JB	+6.99,-2.3,+20.8,BB		+7.03,-3.6,+20.8,DB	
1702227364.5347059	+6.78,+2.3,+22.3,BB	+6.44,+26.7,+22.3,OA	+7.05,-6.4,+22.3,LB	+6.99,-2.1,+20.8,@B		+7.04,-3.9,+20.8,LB	
1702227426.5437877	+6.78,+2.3,+22.3,BB	+6.44,+26.8,+22.3,@A	+7.05,-6.3,+22.3,KB	+6.99,-2.3,+20.8,BB		+7.04,-3.8,+20.8,MB	
1702227488.5518036	+6.78,+2.3,+22.3,BB	+6.44,+26.8,+22.3,@A	+7.05,-6.3,+22.3,KB	+6.99,-1.9,+20.8,KB		+7.04,-4.0,+20.8,BB	
1702227550.5606844	+6.78,+2.3,+22.2,CB	+6.44,+27.0,+22.3,IA	+7.05,-6.2,+22.3,JB	+6.99,-2.0,+20.8,AB		+7.03,-3.6,+20.8,DB	
1702227612.5687716	+6.78,+2.3,+22.3,BB	+6.44,+26.8,+22.4,GA	+7.05,-6.3,+22.3,KB	+6.99,-2.0,+20.8,AB		+7.04,-3.9,+20.8,LB	
1702227674.575285	+6.78,+2.3,+22.3,BB	+6.44,+26.9,+22.3,AA	+7.05,-6.2,+22.3,JB	+6.99,-2.1,+20.8,@B		+7.03,-3.5,+20.8,GB	
1702227736.5851028	+6.78,+2.3,+22.2,CB	+6.44,+26.9,+22.3,AA	+7.05,-6.7,+22.3,OB	+6.99,-1.9,+20.8,KB		+7.03,-3.5,+20.8,GB	
1702227798.5934124	+6.78,+2.3,+22.2,CB	+6.44,+26.7,+22.3,OA	+7.05,-6.4,+22.3,LB	+6.99,-2.2,+20.8,CB		+7.03,-3.7,+20.8,EB	
1702227860.6002796	+6.78,+2.2,+22.3,CB	+6.44,+26.8,+22.3,@A	+7.05,-6.4,+22.3,LB	+7.00,-2.4,+20.8,DB		+7.04,-4.1,+20.8,CB	
1702227922.610676	+6.78,+2.3,+22.3,BB	+6.44,+26.9,+22.3,AA	+7.05,-6.4,+22.3,LB	+6.99,-2.0,+20.8,AB		+7.04,-4.2,+20.8,@B	
1702227984.6166058	+6.78,+2.2,+22.3,CB	+6.44,+26.9,+22.3,AA	+7.05,-6.4,+22.3,LB	+7.00,-2.4,+20.8,DB		+7.03,-3.6,+20.8,DB	
1702228046.6262276	+6.78,+2.3,+22.2,CB	+6.44,+27.2,+22.3,KA	+7.05,-6.3,+22.3,KB	+6.99,-1.9,+20.8,KB		+7.04,-4.2,+20.8,@B	
1702228108.6342537	+6.78,+2.2,+22.2,BB	+6.44,+27.2,+22.3,KA	+7.05,-6.4,+22.3,LB	+6.99,-2.4,+20.8,EB		+7.03,-3.5,+20.8,GB	
1702228170.6427352	+6.78,+2.2,+22.2,BB	+6.44,+27.1,+22.3,HA	+7.05,-6.4,+22.3,LB	+7.00,-2.5,+20.8,EB		+7.03,-3.6,+20.8,DB	
1702228232.6542048	+6.78,+2.2,+22.2,BB	+6.44,+27.2,+22.3,KA	+7.05,-6.3,+22.3,KB	+6.99,-2.4,+20.8,EB		+7.04,-4.1,+20.8,CB	
1702228294.6602917	+6.78,+2.2,+22.2,BB	+6.43,+27.3,+22.3,MA	+7.05,-6.4,+22.3,LB	+6.99,-2.3,+20.8,BB		+7.03,-3.6,+20.8,DB	
1702228356.6687353	+6.78,+2.2,+22.2,BB	+6.44,+27.1,+22.3,HA	+7.05,-6.4,+22.3,LB	+6.99,-2.0,+20.8,AB		+7.04,-3.7,+20.8,BB	
1702228418.6771917	+6.78,+2.2,+22.2,BB	+6.44,+27.3,+22.3,JA	+7.05,-6.3,+22.3,KB	+6.99,-2.4,+20.8,EB		+7.04,-4.2,+20.8,@B	
1702228480.6858785	+6.78,+2.2,+22.2,BB	+6.44,+27.3,+22.3,JA	+7.05,-6.3,+22.3,KB	+6.99,-2.3,+20.8,BB		+7.04,-4.2,+20.8,@B	
1702228542.6963058	+6.78,+2.2,+22.2,BB	+6.44,+27.3,+22.3,JA	+7.05,-6.4,+22.3,LB	+6.99,-2.4,+20.8,EB		+7.04,-4.1,+20.8,CB	
1702228604.7056868	+6.79,+2.2,+22.2,CB	+6.44,+27.2,+22.3,KA	+7.05,-6.4,+22.3,LB	+6.99,-2.3,+20.8,BB		+7.03,-3.6,+20.8,DB	
1702228666.7149408	+6.79,+2.2,+22.2,CB	+6.44,+27.1,+22.3,HA	+7.05,-6.4,+22.3,LB	+6.99,-1.9,+20.8,KB		+7.04,-3.8,+20.8,MB	
1702228728.7249694	+6.78,+2.2,+22.2,BB	+6.44,+27.3,+22.3,JA	+7.05,-6.4,+22.3,LB	+6.99,-1.9,+20.8,KB		+7.04,-4.2,+20.8,@B	
1702228790.7334325	+6.79,+2.2,+22.3,BB	+6.44,+27.2,+22.3,KA	+7.05,-6.4,+22.3,LB	+6.99,-1.9,+20.8,KB		+7.05,-4.3,+20.8,@B	
1702228852.7411423	+6.79,+2.2,+22.3,BB	+6.44,+27.2,+22.3,KA	+7.05,-6.4,+22.3,LB	+6.99,-2.0,+20.8,AB		+7.04,-4.3,+20.8,AB	
1702228914.750576	+6.79,+2.2,+22.2,CB	+6.44,+27.3,+22.3,JA	+7.05,-6.4,+22.3,LB	+6.99,-2.2,+20.8,CB		+7.04,-4.1,+20.8,CB	
1702228976.7598119	+6.79,+2.2,+22.2,CB	+6.44,+27.2,+22.3,KA	+7.05,-6.5,+22.3,MB	+6.99,-2.4,+20.8,EB		+7.04,-4.1,+20.8,CB	
1702229038.7700808	+6.79,+2.2,+22.3,BB	+6.44,+27.2,+22.3,KA	+7.05,-6.4,+22.3,LB	+6.99,-2.1,+20.8,@B		+7.04,-4.0,+20.8,BB	
1702229100.7787511	+6.79,+2.1,+22.3,AB	+6.43,+27.5,+22.3,KA	+7.05,-6.3,+22.3,KB	+6.99,-2.2,+20.8,CB		+7.04,-4.0,+20.8,BB	
1702229162.788799	+6.79,+2.2,+22.3,BB	+6.43,+27.5,+22.3,KA	+7.05,-6.4,+22.3,LB	+6.99,-2.2,+20.8,CB		+7.04,-4.1,+20.8,CB	
1702229224.7993348	+6.78,+2.2,+22.3,CB	+6.42,+27.9,+22.3,FA	+7.05,-6.4,+22.3,LB	+6.99,-2.0,+20.8,AB		+7.04,-3.9,+20.8,LB	
1702229286.809226	+6.78,+2.3,+22.3,BB	+6.42,+27.9,+22.3,FA	+7.05,-6.5,+22.3,MB	+6.99,-2.1,+20.8,@B		+7.04,-4.3,+20.8,AB	
1702229348.8184273	+6.79,+2.2,+22.3,BB	+6.43,+27.7,+22.3,IA	+7.05,-6.5,+22.3,MB	+6.99,-2.1,+20.8,@B		+7.04,-3.7,+20.8,BB	
1702229410.8270962	+6.78,+2.2,+22.3,CB	+6.43,+27.8,+22.3,FA	+7.05,-6.6,+22.3,NB	+6.99,-2.3,+20.8,BB		+7.03,-3.6,+20.8,DB	
1702229472.8342054	+6.78,+2.2,+22.2,BB	+6.43,+27.8,+22.3,FA	+7.05,-6.6,+22.3,NB	+7.00,-2.4,+20.8,DB		+7.03,-3.5,+20.8,GB	
1702229534.841916	+6.78,+2.3,+22.3,BB	+6.42,+27.9,+22.3,FA	+7.05,-6.6,+22.3,NB	+6.99,-2.0,+20.8,AB		+7.04,-3.8,+20.8,MB	
1702229596.8472445	+6.78,+2.2,+22.3,CB	+6.42,+28.0,+22.3,@A	+7.05,-6.7,+22.3,OB	+6.99,-1.9,+20.8,KB		+7.04,-3.8,+20.8,MB	
1702229658.8570843	+6.78,+2.2,+22.3,CB	+6.42,+27.9,+22.3,FA	+7.05,-6.7,+22.3,OB	+6.99,-1.9,+20.8,KB		+7.04,-3.8,+20.8,MB	
1702229720.8668962	+6.78,+2.2,+22.3,CB	+6.43,+27.8,+22.4,AA	+7.05,-6.7,+22.3,OB	+6.99,-2.0,+20.8,AB		+7.03,-3.4,+20.8,FB	
1702229782.8756127	+6.78,+2.2,+22.3,CB	+6.43,+27.6,+22.4,OA	+7.05,-6.5,+22.3,MB	+6.99,-2.1,+20.8,@B		+7.04,-3.8,+20.8,MB	
1702229844.8855271	+6.79,+2.2,+22.3,BB	+6.43,+27.7,+22.3,IA	+7.05,-6.6,+22.3,NB	+6.99,-2.1,+20.8,@B		+7.04,-4.0,+20.8,BB	
1702229906.8952603	+6.78,+2.2,+22.3,CB	+6.43,+27.4,+22.3,JA	+7.05,-6.6,+22.3,NB	+6.99,-2.1,+20.8,@B		+7.03,-3.5,+20.8,GB	
1702229968.9013226	+6.79,+2.2,+22.3,BB	+6.43,+27.4,+22.3,JA	+7.05,-6.5,+22.3,MB	+6.99,-2.3,+20.8,BB		+7.03,-3.6,+20.8,DB	
