62309060476	62309060477	62309060478	62309060479	62309060481	62309060482	
1700458156.98656	+6.52,+17.3,+21.5,KA	+6.36,+31.6,+21.4,IA	+6.49,+25.5,+21.5,FA	+6.79,+9.2,+19.9,KB	+2.45,+258.2,+20.6,CB	+7.05,-4.6,+19.8,OB	
1700458218.9970398	+6.52,+17.4,+21.4,MA	+6.36,+31.6,+21.4,IA	+6.49,+25.5,+21.5,FA	+6.79,+9.3,+19.9,JB	+2.45,+258.2,+20.6,CB	+7.05,-4.6,+19.8,OB	
1700458281.0074666	+6.52,+17.3,+21.4,JA	+6.36,+31.5,+21.4,JA	+6.49,+25.5,+21.5,FA	+6.79,+9.2,+19.8,JB	+2.45,+258.1,+20.7,AB	+7.05,-4.6,+19.8,OB	
1700458343.0161407	+6.52,+17.4,+21.5,LA	+6.36,+31.6,+21.4,IA	+6.49,+25.5,+21.5,FA	+6.79,+9.1,+19.8,IB	+2.45,+258.2,+20.6,CB	+7.05,-4.6,+19.8,OB	
1700458405.0249999	+6.52,+17.4,+21.5,LA	+6.36,+31.7,+21.4,HA	+6.49,+25.5,+21.5,FA	+6.79,+9.2,+19.9,KB	+2.45,+258.2,+20.6,CB	+7.05,-4.6,+19.8,OB	
1700458467.0344205	+6.52,+17.4,+21.5,LA	+6.36,+31.6,+21.4,IA	+6.49,+25.6,+21.5,EA	+6.79,+9.3,+19.9,JB	+2.45,+258.3,+20.6,BB	+7.05,-4.7,+19.8,NB	
1700458529.043518	+6.52,+17.4,+21.5,LA	+6.36,+31.6,+21.4,IA	+6.49,+25.5,+21.5,FA	+6.79,+9.4,+19.9,MB	+2.45,+258.4,+20.6,EB	+7.05,-4.7,+19.8,NB	
1700458591.0503836	+6.52,+17.3,+21.5,KA	+6.36,+31.6,+21.4,IA	+6.49,+25.5,+21.5,FA	+6.79,+9.4,+19.8,LB	+2.46,+257.7,+20.6,JB	+7.05,-4.8,+19.8,AB	
1700458653.058614	+6.52,+17.3,+21.5,KA	+6.36,+31.6,+21.4,IA	+6.50,+25.5,+21.5,NA	+6.79,+9.2,+19.9,KB	+2.45,+258.5,+20.6,DB	+7.05,-4.7,+19.8,NB	
1700458715.067316	+6.52,+17.3,+21.5,KA	+6.36,+31.6,+21.4,IA	+6.49,+25.5,+21.6,EA	+6.79,+9.3,+19.9,JB	+2.45,+258.3,+20.6,BB	+7.05,-4.7,+19.9,OB	
1700458777.0734718	+6.52,+17.4,+21.5,LA	+6.36,+31.6,+21.4,IA	+6.49,+25.6,+21.5,EA	+6.79,+9.3,+19.8,KB	+2.45,+258.3,+20.6,BB	+7.05,-4.8,+19.8,AB	
1700458839.0819597	+6.52,+17.3,+21.5,KA	+6.36,+31.6,+21.4,IA	+6.49,+25.5,+21.5,FA	+6.79,+9.1,+19.9,HB	+2.44,+258.5,+20.6,EB	+7.05,-4.8,+19.8,AB	
1700458901.0908446	+6.52,+17.3,+21.5,KA	+6.36,+31.7,+21.4,HA	+6.49,+25.5,+21.5,FA	+6.79,+9.1,+19.9,HB	+2.47,+257.1,+20.7,LB	+7.05,-4.8,+19.8,AB	
1700458963.1001868	+6.52,+17.3,+21.5,KA	+6.36,+31.6,+21.4,IA	+6.49,+25.5,+21.5,FA	+6.80,+8.9,+19.9,GB	+2.44,+258.8,+20.6,HB	+7.05,-4.6,+19.9,NB	
1700459025.108442	+6.52,+17.4,+21.5,LA	+6.36,+31.7,+21.4,HA	+6.49,+25.6,+21.5,EA	+6.79,+9.0,+19.9,IB	+2.44,+258.7,+20.6,GB	+7.05,-4.7,+19.8,NB	
1700459087.1155214	+6.52,+17.3,+21.5,KA	+6.36,+31.6,+21.4,IA	+6.50,+25.5,+21.5,NA	+6.79,+9.0,+19.8,HB	+2.44,+258.7,+20.6,GB	+7.06,-4.8,+19.9,CB	
1700459149.1228201	+6.52,+17.4,+21.5,LA	+6.36,+31.6,+21.4,IA	+6.49,+25.5,+21.5,FA	+6.79,+9.1,+19.9,HB	+2.44,+258.8,+20.6,HB	+7.05,-4.7,+19.8,NB	
1700459211.1307192	+6.52,+17.3,+21.5,KA	+6.36,+31.7,+21.4,HA	+6.49,+25.5,+21.5,FA	+6.79,+9.1,+19.9,HB	+2.46,+257.5,+20.6,HB	+7.05,-4.8,+19.8,AB	
1700459273.1407366	+6.52,+17.3,+21.5,KA	+6.36,+31.7,+21.4,HA	+6.49,+25.5,+21.5,FA	+6.79,+9.3,+19.9,JB	+2.44,+258.8,+20.7,IB	+7.05,-4.7,+19.9,OB	
1700459335.14949	+6.52,+17.3,+21.5,KA	+6.36,+31.7,+21.4,HA	+6.49,+25.5,+21.5,FA	+6.79,+9.1,+19.9,HB	+2.44,+258.9,+20.6,IB	+7.05,-4.8,+19.8,AB	
1700459397.1592631	+6.52,+17.3,+21.5,KA	+6.36,+31.7,+21.4,HA	+6.49,+25.6,+21.6,FA	+6.79,+9.2,+19.9,KB	+2.44,+259.0,+20.7,@B	+7.05,-4.8,+19.9,@B	
1700459459.1679022	+6.52,+17.3,+21.4,JA	+6.36,+31.6,+21.4,IA	+6.49,+25.5,+21.5,FA	+6.79,+9.2,+19.9,KB	+2.44,+259.0,+20.7,@B	+7.05,-4.7,+19.8,NB	
1700459521.1762784	+6.52,+17.4,+21.5,LA	+6.36,+31.7,+21.4,HA	+6.49,+25.5,+21.5,FA	+6.79,+9.1,+19.9,HB	+2.44,+259.1,+20.7,AB	+7.05,-4.7,+19.8,NB	
1700459766.769377	+6.52,+17.3,+21.5,KA	+6.36,+31.6,+21.4,IA	+6.49,+25.5,+21.5,FA	+6.79,+9.1,+19.9,HB	+2.45,+258.4,+20.6,EB	+7.05,-4.7,+19.8,NB	
1700459828.7798433	+6.52,+17.4,+21.4,MA	+6.36,+31.6,+21.4,IA	+6.50,+25.5,+21.5,NA	+6.80,+8.9,+19.9,GB	+2.44,+258.9,+20.6,IB	+7.05,-4.7,+19.8,NB	
1700459890.7884307	+6.52,+17.3,+21.5,KA	+6.36,+31.6,+21.4,IA	+6.49,+25.5,+21.5,FA	+6.80,+8.9,+19.9,GB	+2.44,+259.0,+20.6,AB	+7.05,-4.8,+19.8,AB	
1700459952.7967145	+6.52,+17.3,+21.5,KA	+6.36,+31.6,+21.4,IA	+6.49,+25.5,+21.5,FA	+6.80,+8.9,+19.9,GB	+2.43,+259.2,+20.6,DB	+7.05,-4.8,+19.8,AB	
1700460014.8061862	+6.52,+17.3,+21.5,KA	+6.36,+31.6,+21.4,IA	+6.50,+25.5,+21.5,NA	+6.80,+9.0,+19.9,OB	+2.44,+258.8,+20.6,HB	+7.06,-5.1,+19.8,JB	
1700460076.814022	+6.52,+17.3,+21.5,KA	+6.36,+31.7,+21.4,HA	+6.49,+25.5,+21.5,FA	+6.80,+8.9,+19.9,GB	+2.43,+259.4,+20.6,BB	+7.06,-5.0,+19.8,KB	
1700460138.8240092	+6.52,+17.4,+21.5,LA	+6.36,+31.6,+21.4,IA	+6.49,+25.5,+21.5,FA	+6.80,+8.9,+19.9,GB	+2.43,+259.5,+20.6,CB	+7.06,-5.0,+19.8,KB	
1700460200.831075	+6.52,+17.3,+21.5,KA	+6.36,+31.6,+21.4,IA	+6.50,+25.5,+21.5,NA	+6.80,+8.7,+19.9,IB	+2.43,+259.2,+20.6,DB	+7.06,-5.0,+19.8,KB	
1700460262.8409863	+6.52,+17.3,+21.5,KA	+6.36,+31.6,+21.4,IA	+6.49,+25.5,+21.5,FA	+6.80,+8.9,+19.9,GB	+2.43,+259.3,+20.7,DB	+7.06,-5.1,+19.9,KB	
1700460324.851066	+6.52,+17.3,+21.5,KA	+6.36,+31.7,+21.4,HA	+6.49,+25.6,+21.6,FA	+6.80,+8.8,+19.9,FB	+2.44,+258.9,+20.7,HB	+7.06,-5.0,+19.8,KB	
1700460386.8584054	+6.52,+17.4,+21.5,LA	+6.36,+31.6,+21.4,IA	+6.49,+25.5,+21.5,FA	+6.80,+8.8,+19.9,FB	+2.43,+259.3,+20.7,DB	+7.06,-5.0,+19.8,KB	
1700460448.868446	+6.52,+17.3,+21.4,JA	+6.36,+31.6,+21.4,IA	+6.49,+25.5,+21.5,FA	+6.80,+8.8,+19.9,FB	+2.44,+259.1,+20.6,@B	+7.06,-4.9,+19.8,CB	
1700460510.8783553	+6.52,+17.4,+21.5,LA	+6.36,+31.6,+21.4,IA	+6.49,+25.5,+21.5,FA	+6.80,+8.7,+19.9,IB	+2.43,+259.5,+20.6,CB	+7.06,-4.9,+19.8,CB	
1700460572.888314	+6.52,+17.3,+21.5,KA	+6.36,+31.6,+21.4,IA	+6.49,+25.5,+21.5,FA	+6.80,+8.7,+19.9,IB	+2.44,+259.0,+20.7,@B	+7.06,-4.9,+19.8,CB	
1700460634.897171	+6.52,+17.3,+21.5,KA	+6.36,+31.5,+21.4,JA	+6.49,+25.5,+21.5,FA	+6.80,+8.8,+19.9,FB	+2.43,+259.1,+20.6,GB	+7.06,-4.9,+19.9,BB	
1700460696.9069326	+6.52,+17.4,+21.5,LA	+6.36,+31.6,+21.4,IA	+6.49,+25.5,+21.5,FA	+6.80,+8.7,+19.9,IB	+2.43,+259.3,+20.6,EB	+7.06,-4.9,+19.9,BB	
1700460758.9168994	+6.52,+17.3,+21.5,KA	+6.36,+31.6,+21.4,IA	+6.49,+25.5,+21.5,FA	+6.80,+8.7,+19.8,HB	+2.46,+257.8,+20.7,DB	+7.06,-5.0,+19.8,KB	
1700460820.9253182	+6.52,+17.3,+21.5,KA	+6.36,+31.6,+21.4,IA	+6.49,+25.5,+21.5,FA	+6.80,+8.8,+19.9,FB	+2.43,+259.7,+20.7,@B	+7.06,-5.0,+19.8,KB	
1700460882.933257	+6.52,+17.3,+21.5,KA	+6.36,+31.5,+21.4,JA	+6.49,+25.5,+21.5,FA	+6.80,+8.7,+19.8,HB	+2.42,+259.9,+20.6,NB	+7.06,-5.0,+19.9,JB	
1700460944.941834	+6.52,+17.3,+21.5,KA	+6.36,+31.6,+21.4,IA	+6.49,+25.5,+21.5,FA	+6.80,+8.7,+19.9,IB	+2.42,+259.8,+20.6,OB	+7.06,-4.9,+19.9,BB	
1700461006.9492145	+6.52,+17.4,+21.5,LA	+6.36,+31.5,+21.4,JA	+6.49,+25.5,+21.5,FA	+6.80,+8.5,+19.9,KB	+2.42,+259.8,+20.6,OB	+7.06,-5.0,+19.9,JB	
1700461068.9570591	+6.52,+17.4,+21.5,LA	+6.36,+31.6,+21.4,IA	+6.49,+25.5,+21.5,FA	+6.80,+8.6,+19.9,HB	+2.43,+259.6,+20.6,@B	+7.06,-4.9,+19.9,BB	
1700461130.9696667	+6.52,+17.4,+21.5,LA	+6.36,+31.6,+21.4,IA	+6.49,+25.5,+21.5,FA	+6.81,+8.5,+19.9,JB	+2.42,+259.8,+20.6,OB	+7.06,-5.0,+19.9,JB	
1700461192.979115	+6.52,+17.3,+21.5,KA	+6.36,+31.6,+21.4,IA	+6.49,+25.5,+21.5,FA	+6.80,+8.5,+19.8,JB	+2.42,+260.0,+20.6,MB	+7.06,-5.0,+19.8,KB	
1700461254.9857228	+6.52,+17.3,+21.5,KA	+6.36,+31.6,+21.4,IA	+6.49,+25.5,+21.5,FA	+6.80,+8.5,+19.9,KB	+2.42,+260.0,+20.7,LB	+7.06,-4.9,+19.8,CB	
1700461316.9961944	+6.52,+17.3,+21.5,KA	+6.36,+31.5,+21.4,JA	+6.50,+25.5,+21.6,MA	+6.81,+8.4,+19.9,KB	+2.42,+259.7,+20.6,@B	+7.06,-4.9,+19.9,BB	
1700461379.0042791	+6.52,+17.3,+21.5,KA	+6.36,+31.5,+21.4,JA	+6.49,+25.5,+21.6,EA	+6.81,+8.4,+19.9,KB	+2.42,+259.7,+20.6,@B	+7.06,-5.0,+19.9,JB	
1700461441.010648	+6.52,+17.3,+21.5,KA	+6.36,+31.6,+21.4,IA	+6.49,+25.5,+21.5,FA	+6.81,+8.4,+19.9,KB	+2.42,+259.7,+20.6,@B	+7.06,-5.0,+19.9,JB	
1700461503.0243533	+6.52,+17.3,+21.5,KA	+6.36,+31.6,+21.4,IA	+6.49,+25.5,+21.6,EA	+6.81,+8.4,+19.9,KB	+2.42,+259.8,+20.6,OB	+7.06,-5.0,+19.8,KB	
1700461565.035106	+6.52,+17.4,+21.5,LA	+6.36,+31.5,+21.4,JA	+6.49,+25.5,+21.6,EA	+6.81,+8.4,+19.9,KB	+2.43,+259.6,+20.7,AB	+7.06,-5.0,+19.9,JB	
1700461627.0435028	+6.52,+17.3,+21.5,KA	+6.36,+31.5,+21.4,JA	+6.49,+25.5,+21.5,FA	+6.81,+8.4,+19.9,KB	+2.43,+259.5,+20.6,CB	+7.06,-5.0,+19.9,JB	
1700461689.048002	+6.52,+17.3,+21.5,KA	+6.36,+31.6,+21.4,IA	+6.49,+25.5,+21.6,EA	+6.81,+8.2,+19.9,MB	+2.43,+259.4,+20.7,CB	+7.06,-5.1,+19.9,KB	
1700461751.0566583	+6.52,+17.3,+21.5,KA	+6.36,+31.5,+21.4,JA	+6.49,+25.5,+21.5,FA	+6.81,+8.3,+19.9,LB	+2.43,+259.2,+20.7,EB	+7.06,-5.0,+19.8,KB	
1700461813.0653174	+6.52,+17.3,+21.5,KA	+6.36,+31.6,+21.4,IA	+6.49,+25.5,+21.6,EA	+6.81,+8.3,+19.9,LB	+2.43,+259.1,+20.6,GB	+7.06,-5.0,+19.8,KB	
1700461875.0733936	+6.52,+17.3,+21.5,KA	+6.36,+31.6,+21.4,IA	+6.49,+25.5,+21.6,EA	+6.81,+8.3,+19.9,LB	+2.43,+259.2,+20.7,EB	+7.06,-5.1,+19.9,KB	
1700461937.0833335	+6.52,+17.3,+21.5,KA	+6.36,+31.6,+21.4,IA	+6.49,+25.5,+21.5,FA	+6.81,+8.2,+19.9,MB	+2.43,+259.3,+20.6,EB	+7.06,-5.1,+19.9,KB	
1700461999.0899687	+6.52,+17.4,+21.5,LA	+6.36,+31.6,+21.4,IA	+6.49,+25.5,+21.6,EA	+6.81,+8.1,+19.9,NB	+2.43,+259.4,+20.6,BB	+7.06,-5.1,+19.9,KB	
1700462061.0995464	+6.52,+17.3,+21.5,KA	+6.36,+31.6,+21.4,IA	+6.49,+25.5,+21.6,EA	+6.81,+8.3,+19.9,LB	+2.44,+258.9,+20.7,HB	+7.06,-5.1,+19.9,KB	
1700462123.1086965	+6.52,+17.3,+21.5,KA	+6.36,+31.6,+21.4,IA	+6.49,+25.5,+21.5,FA	+6.81,+8.3,+19.9,LB	+2.42,+259.9,+20.7,OB	+7.06,-5.1,+19.9,KB	
1700462185.117126	+6.52,+17.3,+21.5,KA	+6.36,+31.6,+21.4,IA	+6.49,+25.5,+21.6,EA	+6.81,+8.2,+19.9,MB	+2.42,+260.0,+20.7,LB	+7.06,-5.1,+19.9,KB	
1700462247.1275303	+6.52,+17.3,+21.5,KA	+6.36,+31.6,+21.4,IA	+6.49,+25.5,+21.5,FA	+6.81,+8.2,+19.9,MB	+2.42,+260.0,+20.7,LB	+7.06,-5.1,+19.9,KB	
1700462309.1323164	+6.52,+17.3,+21.5,KA	+6.36,+31.6,+21.4,IA	+6.49,+25.6,+21.5,EA	+6.81,+8.3,+19.9,LB	+2.42,+260.0,+20.6,MB	+7.06,-5.0,+19.9,JB	
1700462371.1408725	+6.52,+17.3,+21.5,KA	+6.36,+31.5,+21.4,JA	+6.49,+25.5,+21.5,FA	+6.81,+8.3,+19.9,LB	+2.44,+259.0,+20.6,AB	+7.06,-5.0,+19.8,KB	
1700462433.1475189	+6.52,+17.3,+21.5,KA	+6.36,+31.5,+21.4,JA	+6.49,+25.6,+21.5,EA	+6.81,+8.2,+19.9,MB	+2.41,+260.3,+20.7,LB	+7.06,-5.0,+19.9,JB	
1700462495.157133	+6.52,+17.3,+21.5,KA	+6.36,+31.5,+21.4,JA	+6.49,+25.5,+21.6,EA	+6.81,+8.2,+19.9,MB	+2.41,+260.5,+20.7,JB	+7.06,-5.0,+19.9,JB	
1700462557.165895	+6.52,+17.3,+21.5,KA	+6.36,+31.4,+21.4,KA	+6.50,+25.5,+21.5,NA	+6.81,+8.3,+19.9,LB	+2.43,+259.3,+20.7,DB	+7.06,-5.0,+19.9,JB	
1700462619.1742709	+6.52,+17.3,+21.5,KA	+6.36,+31.5,+21.4,JA	+6.49,+25.6,+21.6,FA	+6.81,+8.1,+19.9,NB	+2.44,+259.1,+20.6,@B	+7.06,-5.0,+19.9,JB	
1700462681.1831417	+6.52,+17.3,+21.5,KA	+6.36,+31.5,+21.4,JA	+6.49,+25.5,+21.5,FA	+6.81,+8.3,+19.9,LB	+2.43,+259.3,+20.6,EB	+7.06,-5.0,+19.9,JB	
1700462743.188827	+6.52,+17.3,+21.5,KA	+6.36,+31.5,+21.4,JA	+6.49,+25.5,+21.5,FA	+6.81,+8.2,+19.8,LB	+2.43,+259.4,+20.7,CB	+7.06,-5.0,+19.9,JB	
1700462805.1954799	+6.52,+17.3,+21.5,KA	+6.36,+31.5,+21.4,JA	+6.49,+25.5,+21.5,FA	+6.81,+8.3,+19.9,LB	+2.47,+257.3,+20.7,NB	+7.06,-5.1,+19.8,JB	
1700462867.20065	+6.52,+17.3,+21.5,KA	+6.36,+31.5,+21.4,JA	+6.49,+25.5,+21.5,FA	+6.81,+8.2,+19.9,MB	+2.47,+256.8,+20.7,DB	+7.06,-5.1,+19.8,JB	
1700462929.2078207	+6.52,+17.4,+21.5,LA	+6.36,+31.5,+21.4,JA	+6.49,+25.5,+21.5,FA	+6.81,+8.2,+19.9,MB	+2.47,+256.9,+20.6,DB	+7.06,-5.1,+19.9,KB	
1700462991.2165635	+6.52,+17.3,+21.5,KA	+6.36,+31.5,+21.4,JA	+6.49,+25.5,+21.6,EA	+6.81,+8.0,+19.9,OB	+2.48,+256.3,+20.7,@B	+7.06,-5.1,+19.9,KB	
1700463053.2250495	+6.52,+17.3,+21.5,KA	+6.36,+31.5,+21.4,JA	+6.49,+25.5,+21.5,FA	+6.81,+8.2,+19.9,MB	+2.48,+256.3,+20.7,@B	+7.06,-5.1,+19.9,KB	
1700463115.2338858	+6.52,+17.3,+21.5,KA	+6.36,+31.5,+21.4,JA	+6.49,+25.5,+21.5,FA	+6.81,+8.1,+19.9,NB	+2.49,+256.2,+20.7,@B	+7.06,-5.2,+19.8,IB	
1700463177.2428565	+6.52,+17.3,+21.5,KA	+6.36,+31.5,+21.4,JA	+6.49,+25.5,+21.6,EA	+6.81,+8.2,+19.9,MB	+2.48,+256.3,+20.7,@B	+7.06,-5.1,+19.9,KB	
1700463239.250689	+6.52,+17.3,+21.5,KA	+6.36,+31.5,+21.4,JA	+6.49,+25.5,+21.5,FA	+6.81,+7.9,+19.9,IB	+2.49,+256.2,+20.7,@B	+7.06,-5.2,+19.9,HB	
1700463301.2571373	+6.52,+17.3,+21.5,KA	+6.36,+31.5,+21.4,JA	+6.49,+25.5,+21.6,EA	+6.81,+8.0,+19.9,OB	+2.48,+256.3,+20.7,@B	+7.06,-5.2,+19.9,HB	
1700463363.267085	+6.52,+17.3,+21.5,KA	+6.36,+31.5,+21.4,JA	+6.49,+25.5,+21.5,FA	+6.82,+7.9,+19.9,JB	+2.48,+256.4,+20.7,GB	+7.06,-5.1,+19.9,KB	
1700463608.8251736	+6.52,+17.3,+21.5,KA	+6.36,+31.4,+21.4,KA	+6.49,+25.5,+21.5,FA	+6.81,+8.0,+19.9,OB	+2.48,+256.4,+20.7,GB	+7.06,-5.2,+19.9,HB	
1700463670.8341804	+6.52,+17.3,+21.5,KA	+6.36,+31.4,+21.4,KA	+6.49,+25.5,+21.6,EA	+6.81,+8.0,+19.9,OB	+2.47,+257.2,+20.7,OB	+7.06,-5.2,+19.9,HB	
1700463732.842481	+6.52,+17.3,+21.5,KA	+6.36,+31.4,+21.5,JA	+6.49,+25.6,+21.6,FA	+6.81,+8.2,+19.9,MB	+2.47,+257.3,+20.7,NB	+7.06,-5.2,+19.9,HB	
1700463794.8481026	+6.52,+17.4,+21.5,LA	+6.36,+31.4,+21.4,KA	+6.49,+25.5,+21.6,EA	+6.81,+8.1,+19.9,NB	+2.47,+257.3,+20.7,NB	+7.06,-5.2,+19.9,HB	
1700463856.855584	+6.52,+17.3,+21.5,KA	+6.36,+31.4,+21.4,KA	+6.49,+25.5,+21.6,EA	+6.81,+8.2,+19.9,MB	+2.47,+257.1,+20.7,LB	+7.06,-5.2,+19.9,HB	
1700463918.8645473	+6.52,+17.3,+21.5,KA	+6.36,+31.4,+21.4,KA	+6.50,+25.5,+21.5,NA	+6.81,+8.0,+19.9,OB	+2.47,+257.2,+20.7,OB	+7.06,-5.2,+19.9,HB	
1700463980.8753393	+6.52,+17.4,+21.5,LA	+6.36,+31.4,+21.5,JA	+6.49,+25.5,+21.6,EA	+6.81,+8.0,+19.9,OB	+2.46,+257.5,+20.7,IB	+7.06,-5.1,+19.9,KB	
1700464042.8839622	+6.52,+17.3,+21.5,KA	+6.36,+31.4,+21.4,KA	+6.49,+25.5,+21.6,EA	+6.81,+8.1,+19.9,NB	+2.46,+257.4,+20.7,HB	+7.06,-5.2,+19.9,HB	
1700464104.8921654	+6.52,+17.3,+21.5,KA	+6.36,+31.5,+21.4,JA	+6.49,+25.5,+21.5,FA	+6.81,+8.1,+19.9,NB	+2.46,+257.6,+20.6,KB	+7.06,-5.2,+19.9,HB	
1700464166.9019835	+6.52,+17.3,+21.5,KA	+6.36,+31.6,+21.4,IA	+6.49,+25.5,+21.6,EA	+6.81,+8.1,+19.9,NB	+2.47,+257.3,+20.7,NB	+7.06,-5.2,+19.9,HB	
1700464228.9112687	+6.52,+17.3,+21.5,KA	+6.36,+31.5,+21.4,JA	+6.49,+25.5,+21.5,FA	+6.81,+8.0,+19.9,OB	+2.47,+257.1,+20.7,LB	+7.06,-5.3,+19.9,IB	
1700464290.9206855	+6.52,+17.3,+21.5,KA	+6.36,+31.4,+21.4,KA	+6.49,+25.5,+21.5,FA	+6.81,+8.2,+19.9,MB	+2.47,+257.2,+20.6,NB	+7.06,-5.2,+19.9,HB	
1700464352.9291604	+6.52,+17.3,+21.5,KA	+6.36,+31.5,+21.4,JA	+6.49,+25.5,+21.6,EA	+6.81,+8.1,+19.9,NB	+2.47,+257.4,+20.7,IB	+7.06,-5.2,+19.9,HB	
1700464414.9380507	+6.52,+17.3,+21.5,KA	+6.36,+31.4,+21.4,KA	+6.49,+25.5,+21.5,FA	+6.81,+8.0,+19.9,OB	+2.47,+257.4,+20.7,IB	+7.06,-5.2,+19.9,HB	
1700464476.9455776	+6.52,+17.3,+21.5,KA	+6.36,+31.3,+21.4,LA	+6.49,+25.5,+21.5,FA	+6.81,+8.0,+19.9,OB	+2.46,+257.7,+20.7,KB	+7.06,-5.2,+19.9,HB	
1700464538.9549787	+6.52,+17.3,+21.5,KA	+6.36,+31.5,+21.4,JA	+6.49,+25.5,+21.5,FA	+6.82,+7.8,+19.9,KB	+2.46,+257.7,+20.6,JB	+7.06,-5.2,+19.9,HB	
1700464600.9632964	+6.52,+17.3,+21.5,KA	+6.36,+31.4,+21.4,KA	+6.49,+25.5,+21.6,EA	+6.82,+7.7,+19.9,DB	+2.46,+257.8,+20.7,DB	+7.06,-5.2,+19.9,HB	
1700464662.9736984	+6.52,+17.3,+21.5,KA	+6.36,+31.4,+21.4,KA	+6.49,+25.5,+21.5,FA	+6.82,+7.9,+19.9,JB	+2.46,+257.9,+20.6,DB	+7.06,-5.2,+19.9,HB	
1700464724.9823987	+6.52,+17.3,+21.5,KA	+6.36,+31.4,+21.4,KA	+6.50,+25.5,+21.5,NA	+6.82,+7.7,+19.9,DB	+2.47,+256.9,+20.7,EB	+7.06,-5.2,+19.9,HB	
1700464786.990438	+6.52,+17.3,+21.5,KA	+6.36,+31.4,+21.4,KA	+6.49,+25.5,+21.5,FA	+6.82,+7.8,+19.9,KB	+2.46,+257.5,+20.7,IB	+7.06,-5.3,+19.9,IB	
1700464848.998094	+6.52,+17.3,+21.5,KA	+6.36,+31.4,+21.4,KA	+6.49,+25.5,+21.6,EA	+6.82,+7.7,+19.9,DB	+2.47,+257.3,+20.7,NB	+7.06,-5.3,+19.8,HB	
1700464911.00767	+6.52,+17.3,+21.5,KA	+6.36,+31.4,+21.4,KA	+6.49,+25.5,+21.6,EA	+6.82,+7.7,+19.9,DB	+2.46,+257.4,+20.7,HB	+7.06,-5.3,+19.9,IB	
1700464973.0168815	+6.52,+17.3,+21.5,KA	+6.36,+31.4,+21.4,KA	+6.49,+25.5,+21.5,FA	+6.82,+7.8,+19.9,KB	+2.47,+257.0,+20.7,MB	+7.06,-5.3,+19.9,IB	
1700465035.024199	+6.52,+17.3,+21.5,KA	+6.36,+31.4,+21.4,KA	+6.49,+25.5,+21.6,EA	+6.82,+7.7,+19.9,DB	+2.47,+257.0,+20.7,MB	+7.06,-5.3,+19.9,IB	
1700465097.0315447	+6.52,+17.4,+21.5,LA	+6.36,+31.4,+21.4,KA	+6.49,+25.5,+21.6,EA	+6.82,+7.5,+19.9,FB	+2.47,+257.1,+20.7,LB	+7.06,-5.3,+19.9,IB	
1700465159.0413089	+6.52,+17.3,+21.5,KA	+6.36,+31.4,+21.5,JA	+6.49,+25.5,+21.6,EA	+6.82,+7.7,+19.9,DB	+2.47,+257.1,+20.7,LB	+7.06,-5.3,+19.9,IB	
1700465221.0496812	+6.52,+17.4,+21.5,LA	+6.36,+31.4,+21.4,KA	+6.49,+25.5,+21.6,EA	+6.82,+7.7,+19.9,DB	+2.47,+257.2,+20.7,OB	+7.06,-5.2,+19.9,HB	
1700465283.0592947	+6.52,+17.3,+21.5,KA	+6.36,+31.4,+21.4,KA	+6.49,+25.5,+21.5,FA	+6.82,+7.7,+19.9,DB	+2.47,+257.1,+20.7,LB	+7.06,-5.2,+19.9,HB	
1700465345.0683877	+6.52,+17.3,+21.5,KA	+6.36,+31.4,+21.4,KA	+6.49,+25.5,+21.5,FA	+6.82,+7.8,+19.9,KB	+2.47,+257.2,+20.6,NB	+7.06,-5.3,+19.9,IB	
1700465407.0764027	+6.52,+17.4,+21.5,LA	+6.36,+31.4,+21.4,KA	+6.49,+25.6,+21.5,EA	+6.82,+7.9,+19.9,JB	+2.47,+257.1,+20.7,LB	+7.06,-5.3,+19.9,IB	
1700465469.0857444	+6.52,+17.3,+21.5,KA	+6.36,+31.4,+21.4,KA	+6.49,+25.5,+21.6,EA	+6.82,+7.9,+19.9,JB	+2.47,+257.3,+20.7,NB	+7.06,-5.2,+19.9,HB	
1700465531.0952005	+6.52,+17.3,+21.5,KA	+6.36,+31.4,+21.4,KA	+6.49,+25.5,+21.5,FA	+6.82,+7.7,+19.9,DB	+2.47,+257.4,+20.7,IB	+7.06,-5.3,+19.9,IB	
1700465593.104811	+6.52,+17.3,+21.5,KA	+6.36,+31.3,+21.4,LA	+6.49,+25.5,+21.6,EA	+6.82,+7.5,+19.9,FB	+2.47,+257.3,+20.7,NB	+7.06,-5.3,+19.9,IB	
1700465655.1134255	+6.52,+17.3,+21.5,KA	+6.36,+31.4,+21.4,KA	+6.49,+25.5,+21.6,EA	+6.82,+7.7,+19.9,DB	+2.47,+257.2,+20.7,OB	+7.06,-5.2,+19.9,HB	
1700465717.1218326	+6.52,+17.3,+21.5,KA	+6.36,+31.3,+21.4,LA	+6.49,+25.5,+21.5,FA	+6.82,+7.6,+19.9,EB	+2.47,+257.2,+20.7,OB	+7.06,-5.2,+19.9,HB	
1700465779.130427	+6.52,+17.3,+21.5,KA	+6.36,+31.4,+21.5,JA	+6.49,+25.5,+21.6,EA	+6.82,+7.7,+19.9,DB	+2.47,+257.2,+20.7,OB	+7.06,-5.3,+19.9,IB	
1700465841.1384737	+6.52,+17.3,+21.5,KA	+6.36,+31.4,+21.5,JA	+6.49,+25.5,+21.6,EA	+6.82,+7.4,+19.9,GB	+2.48,+256.6,+20.7,EB	+7.06,-5.3,+19.9,IB	
1700465903.1462255	+6.52,+17.3,+21.5,KA	+6.36,+31.3,+21.4,LA	+6.49,+25.5,+21.6,EA	+6.83,+7.0,+19.9,BB	+2.48,+256.5,+20.7,FB	+7.06,-5.3,+19.9,IB	
1700465965.1511896	+6.52,+17.3,+21.5,KA	+6.36,+31.4,+21.4,KA	+6.49,+25.5,+21.6,EA	+6.83,+6.9,+19.9,JB	+2.47,+257.4,+20.7,IB	+7.06,-5.3,+19.9,IB	
1700466027.1593735	+6.52,+17.3,+21.5,KA	+6.36,+31.4,+21.5,JA	+6.49,+25.5,+21.6,EA	+6.83,+6.9,+19.9,JB	+2.46,+257.4,+20.7,HB	+7.06,-5.3,+19.9,IB	
1700466089.1690452	+6.52,+17.3,+21.5,KA	+6.36,+31.4,+21.5,JA	+6.49,+25.5,+21.6,EA	+6.83,+7.0,+19.9,BB	+2.47,+257.4,+20.7,IB	+7.06,-5.3,+19.9,IB	
1700466151.1759055	+6.52,+17.3,+21.5,KA	+6.36,+31.3,+21.4,LA	+6.49,+25.5,+21.6,EA	+6.83,+7.1,+19.9,CB	+2.47,+256.8,+20.7,DB	+7.06,-5.4,+19.9,NB	
1700466213.1832688	+6.52,+17.3,+21.5,KA	+6.36,+31.3,+21.5,MA	+6.49,+25.5,+21.6,EA	+6.83,+7.2,+19.9,@B	+2.46,+257.6,+20.7,JB	+7.06,-5.4,+19.9,NB	
1700466275.1936347	+6.52,+17.3,+21.5,KA	+6.36,+31.3,+21.5,MA	+6.49,+25.5,+21.6,EA	+6.83,+7.0,+19.9,BB	+2.46,+257.6,+20.6,KB	+7.06,-5.4,+19.9,NB	
1700466337.2025583	+6.52,+17.4,+21.5,LA	+6.36,+31.3,+21.5,MA	+6.49,+25.5,+21.6,EA	+6.83,+7.1,+19.9,CB	+2.46,+257.8,+20.7,DB	+7.06,-5.3,+19.9,IB	
1700466399.210535	+6.52,+17.2,+21.5,JA	+6.36,+31.4,+21.5,JA	+6.49,+25.5,+21.6,EA	+6.83,+7.2,+19.9,@B	+2.46,+257.8,+20.7,DB	+7.06,-5.4,+19.9,NB	
1700466461.2184129	+6.52,+17.3,+21.5,KA	+6.36,+31.3,+21.4,LA	+6.50,+25.5,+21.6,MA	+6.83,+7.2,+19.9,@B	+2.45,+258.0,+20.7,@B	+7.06,-5.3,+19.9,IB	
1700466523.2263803	+6.52,+17.3,+21.5,KA	+6.36,+31.3,+21.5,MA	+6.49,+25.6,+21.6,FA	+6.83,+7.1,+19.9,CB	+2.46,+257.9,+20.7,EB	+7.06,-5.3,+19.9,IB	
1700466585.2354152	+6.52,+17.3,+21.5,KA	+6.36,+31.3,+21.5,MA	+6.49,+25.5,+21.6,EA	+6.83,+7.2,+19.9,@B	+2.45,+258.2,+20.7,BB	+7.06,-5.4,+19.9,NB	
1700466647.2424808	+6.52,+17.3,+21.5,KA	+6.36,+31.3,+21.5,MA	+6.49,+25.5,+21.5,FA	+6.83,+7.2,+19.9,@B	+2.45,+258.1,+20.7,AB	+7.06,-5.3,+19.9,IB	
1700466709.2529635	+6.52,+17.3,+21.5,KA	+6.36,+31.3,+21.5,MA	+6.49,+25.5,+21.6,EA	+6.83,+7.2,+19.9,@B	+2.46,+258.0,+20.7,CB	+7.06,-5.3,+19.9,IB	
1700466771.2621338	+6.52,+17.4,+21.5,LA	+6.36,+31.3,+21.4,LA	+6.49,+25.6,+21.6,FA	+6.82,+7.4,+19.9,GB	+2.46,+257.6,+20.7,JB	+7.06,-5.3,+19.9,IB	
1700466833.2715795	+6.52,+17.3,+21.5,KA	+6.37,+31.3,+21.5,LA	+6.49,+25.5,+21.6,EA	+6.82,+7.4,+19.9,GB	+2.46,+257.5,+20.7,IB	+7.06,-5.3,+19.9,IB	
1700466895.280508	+6.52,+17.3,+21.5,KA	+6.36,+31.3,+21.5,MA	+6.49,+25.5,+21.6,EA	+6.83,+7.2,+19.9,@B	+2.46,+257.6,+20.7,JB	+7.06,-5.3,+19.9,IB	
1700466957.2891846	+6.52,+17.3,+21.5,KA	+6.36,+31.3,+21.5,MA	+6.49,+25.5,+21.6,EA	+6.83,+7.1,+19.9,CB	+2.46,+257.7,+20.7,KB	+7.06,-5.4,+19.9,NB	
1700467019.2986052	+6.52,+17.3,+21.5,KA	+6.36,+31.3,+21.5,MA	+6.49,+25.5,+21.6,EA	+6.83,+7.0,+19.9,BB	+2.46,+257.5,+20.7,IB	+7.06,-5.3,+19.9,IB	
1700467081.3070567	+6.52,+17.3,+21.6,HA	+6.37,+31.3,+21.5,LA	+6.49,+25.5,+21.6,EA	+6.83,+7.3,+19.9,AB	+2.46,+257.6,+20.7,JB	+7.06,-5.4,+19.9,NB	
1700467143.3188853	+6.52,+17.2,+21.5,JA	+6.36,+31.3,+21.5,MA	+6.49,+25.5,+21.6,EA	+6.83,+7.2,+19.9,@B	+2.46,+257.5,+20.7,IB	+7.07,-5.5,+19.9,NB	
1700467205.3295429	+6.52,+17.3,+21.6,HA	+6.37,+31.3,+21.5,LA	+6.49,+25.5,+21.6,EA	+6.83,+7.3,+19.9,AB	+2.46,+257.5,+20.7,IB	+7.07,-5.5,+19.9,NB	
1700467450.893641	+6.52,+17.3,+21.5,KA	+6.36,+31.3,+21.5,MA	+6.49,+25.5,+21.6,EA	+6.83,+7.3,+19.9,AB	+2.48,+256.6,+20.7,EB	+7.07,-5.4,+19.9,OB	
1700467512.903724	+6.52,+17.3,+21.5,KA	+6.36,+31.3,+21.5,MA	+6.49,+25.5,+21.6,EA	+6.82,+7.4,+19.9,GB	+2.48,+256.7,+20.7,DB	+7.06,-5.0,+19.9,JB	
1700467574.9134674	+6.52,+17.4,+21.6,OA	+6.36,+31.3,+21.5,MA	+6.49,+25.5,+21.6,EA	+6.82,+7.4,+19.9,GB	+2.47,+256.9,+20.7,EB	+7.06,-5.1,+19.9,KB	
1700467636.9225135	+6.52,+17.3,+21.6,HA	+6.37,+31.2,+21.5,MA	+6.49,+25.5,+21.6,EA	+6.82,+7.4,+19.9,GB	+2.47,+256.9,+20.7,EB	+7.06,-5.0,+19.9,JB	
1700467698.9303727	+6.52,+17.3,+21.6,HA	+6.37,+31.2,+21.5,MA	+6.49,+25.5,+21.6,EA	+6.83,+7.0,+19.9,BB	+2.47,+256.9,+20.7,EB	+7.06,-5.1,+19.9,KB	
1700467760.9386957	+6.52,+17.4,+21.6,OA	+6.36,+31.3,+21.5,MA	+6.50,+25.5,+21.6,MA	+6.84,+6.7,+19.9,CB	+2.48,+256.7,+20.7,DB	+7.06,-5.0,+19.9,JB	
1700467822.9494047	+6.52,+17.3,+21.6,HA	+6.37,+31.2,+21.5,MA	+6.50,+25.4,+21.6,LA	+6.83,+6.8,+19.9,KB	+2.48,+256.8,+20.7,KB	+7.06,-5.1,+19.9,KB	
1700467884.9565518	+6.52,+17.3,+21.5,KA	+6.37,+31.3,+21.5,LA	+6.50,+25.5,+21.6,MA	+6.84,+6.6,+19.9,BB	+2.47,+256.9,+20.7,EB	+7.06,-5.1,+19.9,KB	
1700467946.966191	+6.52,+17.3,+21.6,HA	+6.37,+31.2,+21.5,MA	+6.49,+25.5,+21.6,EA	+6.83,+7.0,+19.9,BB	+2.47,+256.9,+20.7,EB	+7.06,-5.1,+19.9,KB	
1700468008.9747884	+6.52,+17.3,+21.6,HA	+6.37,+31.2,+21.5,MA	+6.50,+25.5,+21.6,MA	+6.83,+7.2,+19.9,@B	+2.47,+257.0,+20.7,MB	+7.06,-5.1,+19.9,KB	
1700468070.982871	+6.52,+17.3,+21.6,HA	+6.37,+31.2,+21.5,MA	+6.49,+25.6,+21.6,FA	+6.83,+7.0,+20.0,AB	+2.47,+256.9,+20.7,EB	+7.06,-5.1,+19.9,KB	
1700468132.9917467	+6.52,+17.2,+21.6,IA	+6.37,+31.2,+21.5,MA	+6.49,+25.5,+21.6,EA	+6.83,+6.8,+19.9,KB	+2.47,+257.0,+20.7,MB	+7.06,-5.1,+19.9,KB	
1700468194.9994347	+6.52,+17.3,+21.5,KA	+6.37,+31.2,+21.5,MA	+6.49,+25.5,+21.6,EA	+6.84,+6.7,+19.9,CB	+2.47,+257.0,+20.7,MB	+7.06,-5.2,+19.9,HB	
1700468257.0058389	+6.52,+17.3,+21.5,KA	+6.37,+31.1,+21.5,NA	+6.49,+25.5,+21.6,EA	+6.84,+6.6,+19.9,BB	+2.47,+257.3,+20.7,NB	+7.06,-5.2,+19.9,HB	
1700468319.0133874	+6.52,+17.4,+21.6,OA	+6.37,+31.2,+21.5,MA	+6.49,+25.5,+21.6,EA	+6.84,+6.6,+19.9,BB	+2.47,+257.3,+20.7,NB	+7.06,-5.2,+19.9,HB	
1700468381.021868	+6.52,+17.3,+21.6,HA	+6.37,+31.2,+21.5,MA	+6.50,+25.4,+21.6,LA	+6.84,+6.7,+19.9,CB	+2.46,+257.5,+20.7,IB	+7.06,-5.1,+19.9,KB	
1700468443.029008	+6.52,+17.3,+21.6,HA	+6.37,+31.2,+21.5,MA	+6.49,+25.5,+21.6,EA	+6.84,+6.5,+19.9,AB	+2.48,+256.4,+20.7,GB	+7.06,-5.2,+19.9,HB	
1700468505.0332544	+6.52,+17.3,+21.6,HA	+6.37,+31.2,+21.5,MA	+6.49,+25.5,+21.6,EA	+6.84,+6.6,+19.9,BB	+2.49,+255.7,+20.7,FB	+7.06,-5.2,+19.9,HB	
1700468567.0380895	+6.52,+17.3,+21.5,KA	+6.37,+31.2,+21.5,MA	+6.49,+25.5,+21.6,EA	+6.84,+6.5,+19.9,AB	+2.49,+255.7,+20.7,FB	+7.06,-5.2,+19.9,HB	
1700468629.0448177	+6.52,+17.3,+21.5,KA	+6.37,+31.2,+21.5,MA	+6.49,+25.5,+21.6,EA	+6.84,+6.7,+19.9,CB	+2.50,+255.3,+20.7,JB	+7.06,-5.2,+19.9,HB	
1700468691.0561464	+6.52,+17.3,+21.6,HA	+6.37,+31.2,+21.5,MA	+6.49,+25.6,+21.6,FA	+6.84,+6.6,+19.9,BB	+2.50,+255.4,+20.7,MB	+7.06,-5.2,+19.9,HB	
1700468753.0630372	+6.52,+17.3,+21.6,HA	+6.37,+31.2,+21.5,MA	+6.49,+25.5,+21.6,EA	+6.84,+6.6,+19.9,BB	+2.50,+255.4,+20.7,MB	+7.06,-5.2,+19.9,HB	
1700468815.0714903	+6.52,+17.3,+21.6,HA	+6.37,+31.2,+21.5,MA	+6.49,+25.5,+21.6,EA	+6.83,+6.8,+19.9,KB	+2.51,+254.9,+20.7,@B	+7.06,-5.2,+19.9,HB	
1700468877.0813262	+6.52,+17.3,+21.6,HA	+6.37,+31.1,+21.5,NA	+6.49,+25.5,+21.6,EA	+6.83,+6.8,+19.9,KB	+2.50,+255.6,+20.7,OB	+7.06,-5.3,+20.0,JB	
1700468939.089025	+6.52,+17.4,+21.6,OA	+6.37,+31.1,+21.5,NA	+6.49,+25.5,+21.6,EA	+6.83,+6.8,+20.0,HB	+2.49,+255.7,+20.7,FB	+7.06,-5.2,+19.9,HB	
1700469001.0977972	+6.52,+17.4,+21.6,OA	+6.37,+31.1,+21.5,NA	+6.49,+25.5,+21.6,EA	+6.83,+6.8,+19.9,KB	+2.50,+255.6,+20.7,OB	+7.06,-5.2,+19.9,HB	
1700469063.1059866	+6.52,+17.3,+21.6,HA	+6.37,+31.1,+21.5,NA	+6.49,+25.5,+21.6,EA	+6.83,+6.9,+19.9,JB	+2.50,+255.7,+20.7,NB	+7.06,-5.3,+20.0,JB	
1700469125.1148398	+6.52,+17.3,+21.6,HA	+6.37,+31.1,+21.5,NA	+6.49,+25.5,+21.6,EA	+6.83,+7.0,+20.0,AB	+2.49,+255.7,+20.7,FB	+7.06,-5.2,+19.9,HB	
1700469187.1222928	+6.52,+17.3,+21.6,HA	+6.37,+31.2,+21.5,MA	+6.50,+25.4,+21.6,LA	+6.83,+6.8,+19.9,KB	+2.49,+256.0,+20.7,BB	+7.06,-5.3,+19.9,IB	
1700469249.1290128	+6.52,+17.4,+21.6,OA	+6.37,+31.1,+21.5,NA	+6.49,+25.6,+21.6,FA	+6.83,+6.9,+20.0,IB	+2.49,+256.2,+20.7,@B	+7.06,-5.2,+20.0,KB	
1700469311.1379666	+6.52,+17.3,+21.6,HA	+6.37,+31.1,+21.5,NA	+6.49,+25.5,+21.6,EA	+6.83,+6.8,+20.0,HB	+2.49,+256.1,+20.7,CB	+7.06,-5.0,+19.9,JB	
1700469373.1464715	+6.52,+17.3,+21.6,HA	+6.37,+31.2,+21.5,MA	+6.49,+25.5,+21.6,EA	+6.84,+6.4,+19.9,@B	+2.48,+256.4,+20.7,GB	+7.06,-5.0,+19.9,JB	
1700469435.1557744	+6.52,+17.3,+21.6,HA	+6.37,+31.2,+21.5,MA	+6.49,+25.5,+21.6,EA	+6.84,+6.7,+20.0,@B	+2.48,+256.4,+20.7,GB	+7.06,-5.0,+19.9,JB	
1700469497.1643655	+6.52,+17.3,+21.6,HA	+6.37,+31.2,+21.5,MA	+6.49,+25.5,+21.6,EA	+6.84,+6.7,+20.0,@B	+2.48,+256.5,+20.7,FB	+7.06,-5.0,+19.9,JB	
1700469559.173059	+6.52,+17.3,+21.6,HA	+6.37,+31.1,+21.5,NA	+6.49,+25.5,+21.6,EA	+6.84,+6.6,+20.0,AB	+2.48,+256.6,+20.7,EB	+7.06,-5.1,+19.9,KB	
1700469621.1804156	+6.52,+17.3,+21.5,KA	+6.37,+31.1,+21.5,NA	+6.49,+25.5,+21.6,EA	+6.84,+6.6,+19.9,BB	+2.48,+256.5,+20.7,FB	+7.06,-5.2,+19.9,HB	
1700469683.1897902	+6.52,+17.3,+21.6,HA	+6.37,+31.1,+21.5,NA	+6.49,+25.5,+21.6,EA	+6.84,+6.5,+19.9,AB	+2.48,+256.5,+20.7,FB	+7.06,-5.2,+19.9,HB	
1700469745.1987836	+6.52,+17.3,+21.5,KA	+6.37,+31.1,+21.5,NA	+6.49,+25.6,+21.6,FA	+6.84,+6.6,+19.9,BB	+2.49,+255.7,+20.7,FB	+7.06,-5.2,+19.9,HB	
1700469807.2076447	+6.52,+17.3,+21.6,HA	+6.37,+31.0,+21.5,OA	+6.50,+25.5,+21.6,MA	+6.84,+6.6,+19.9,BB	+2.48,+256.6,+20.7,EB	+7.06,-5.2,+19.9,HB	
1700469869.2177753	+6.52,+17.3,+21.5,KA	+6.37,+31.0,+21.5,OA	+6.49,+25.5,+21.6,EA	+6.84,+6.5,+19.9,AB	+2.48,+256.6,+20.7,EB	+7.06,-5.2,+19.9,HB	
1700469931.225766	+6.52,+17.3,+21.5,KA	+6.37,+31.1,+21.5,NA	+6.49,+25.6,+21.6,FA	+6.85,+6.1,+20.0,GB	+2.48,+256.8,+20.7,KB	+7.06,-5.2,+19.9,HB	
1700469993.2351735	+6.52,+17.3,+21.5,KA	+6.37,+31.1,+21.5,NA	+6.49,+25.5,+21.6,EA	+6.84,+6.4,+19.9,@B	+2.47,+256.9,+20.7,EB	+7.06,-5.2,+19.9,HB	
1700470055.2421498	+6.52,+17.3,+21.5,KA	+6.37,+31.0,+21.5,OA	+6.49,+25.5,+21.6,EA	+6.84,+6.6,+20.0,AB	+2.47,+256.9,+20.7,EB	+7.06,-5.2,+19.9,HB	
1700470117.2502766	+6.52,+17.3,+21.5,KA	+6.37,+31.0,+21.5,OA	+6.49,+25.5,+21.6,EA	+6.84,+6.6,+19.9,BB	+2.48,+256.8,+20.7,KB	+7.06,-5.2,+19.9,HB	
1700470179.2593727	+6.52,+17.3,+21.6,HA	+6.37,+31.0,+21.5,OA	+6.50,+25.4,+21.6,LA	+6.83,+6.8,+19.9,KB	+2.47,+256.9,+20.7,EB	+7.06,-5.2,+19.9,HB	
1700470241.2678347	+6.52,+17.3,+21.5,KA	+6.37,+31.0,+21.5,OA	+6.49,+25.5,+21.6,EA	+6.83,+6.8,+19.9,KB	+2.48,+256.8,+20.7,KB	+7.06,-5.2,+19.9,HB	
1700470303.2774749	+6.52,+17.3,+21.5,KA	+6.37,+30.9,+21.5,GA	+6.49,+25.5,+21.6,EA	+6.83,+6.9,+19.9,JB	+2.48,+256.8,+20.7,KB	+7.06,-5.2,+19.9,HB	
1700470365.285974	+6.52,+17.3,+21.5,KA	+6.37,+31.0,+21.5,OA	+6.49,+25.6,+21.6,FA	+6.83,+6.9,+19.9,JB	+2.47,+257.0,+20.7,MB	+7.06,-5.2,+19.9,HB	
1700470427.2930048	+6.52,+17.3,+21.5,KA	+6.37,+30.9,+21.5,GA	+6.49,+25.5,+21.6,EA	+6.83,+7.1,+19.9,CB	+2.48,+256.7,+20.7,DB	+7.06,-5.2,+19.9,HB	
1700470489.2995868	+6.52,+17.3,+21.5,KA	+6.37,+30.9,+21.5,GA	+6.49,+25.5,+21.6,EA	+6.83,+7.0,+19.9,BB	+2.48,+256.6,+20.7,EB	+7.06,-5.2,+19.9,HB	
1700470551.3101628	+6.52,+17.3,+21.6,HA	+6.37,+30.9,+21.5,GA	+6.49,+25.5,+21.6,EA	+6.83,+7.1,+19.9,CB	+2.48,+256.6,+20.7,EB	+7.06,-5.3,+19.9,IB	
1700470613.3192725	+6.52,+17.3,+21.5,KA	+6.37,+30.9,+21.4,FA	+6.49,+25.5,+21.6,EA	+6.83,+7.1,+19.9,CB	+2.47,+256.9,+20.7,EB	+7.06,-5.2,+19.9,HB	
1700470675.3294847	+6.52,+17.3,+21.5,KA	+6.37,+30.9,+21.5,GA	+6.49,+25.5,+21.6,EA	+6.83,+7.2,+19.9,@B	+2.47,+257.0,+20.7,MB	+7.06,-5.3,+19.9,IB	
1700470737.3380558	+6.52,+17.3,+21.5,KA	+6.37,+30.9,+21.5,GA	+6.49,+25.5,+21.6,EA	+6.83,+7.2,+19.9,@B	+2.47,+257.1,+20.7,LB	+7.06,-5.2,+19.9,HB	
1700470799.347406	+6.52,+17.3,+21.5,KA	+6.37,+30.9,+21.5,GA	+6.49,+25.5,+21.6,EA	+6.82,+7.3,+19.9,@B	+2.47,+257.2,+20.7,OB	+7.06,-5.3,+19.9,IB	
1700470861.3561795	+6.52,+17.3,+21.5,KA	+6.37,+30.9,+21.5,GA	+6.49,+25.5,+21.6,EA	+6.84,+6.3,+19.9,GB	+2.47,+257.3,+20.7,NB	+7.06,-5.3,+19.9,IB	
1700470923.3645844	+6.52,+17.3,+21.5,KA	+6.37,+30.9,+21.4,FA	+6.49,+25.5,+21.6,EA	+6.84,+6.3,+19.9,GB	+2.47,+257.2,+20.7,OB	+7.06,-5.3,+19.9,IB	
1700470985.3735282	+6.52,+17.3,+21.5,KA	+6.37,+30.9,+21.5,GA	+6.49,+25.5,+21.6,EA	+6.84,+6.2,+19.9,FB	+2.47,+257.2,+20.7,OB	+7.06,-5.3,+19.9,IB	
1700471047.3817625	+6.52,+17.3,+21.5,KA	+6.37,+30.8,+21.5,FA	+6.49,+25.5,+21.6,EA	+6.84,+6.3,+19.9,GB	+2.47,+257.3,+20.7,NB	+7.06,-5.3,+19.9,IB	
1700471293.0155149	+6.52,+17.3,+21.5,KA	+6.37,+30.9,+21.5,GA	+6.49,+25.5,+21.6,EA	+6.84,+6.2,+19.9,FB	+2.46,+257.7,+20.7,KB	+7.06,-5.3,+19.9,IB	
1700471355.0275643	+6.52,+17.3,+21.5,KA	+6.37,+30.9,+21.5,GA	+6.49,+25.6,+21.6,FA	+6.84,+6.3,+19.9,GB	+2.45,+258.0,+20.7,@B	+7.06,-5.4,+19.9,NB	
1700471417.0373197	+6.52,+17.3,+21.5,KA	+6.37,+30.9,+21.5,GA	+6.49,+25.5,+21.6,EA	+6.84,+6.3,+19.9,GB	+2.45,+258.1,+20.7,AB	+7.06,-5.4,+19.9,NB	
1700471479.0458565	+6.52,+17.3,+21.5,KA	+6.37,+30.8,+21.5,FA	+6.49,+25.5,+21.6,EA	+6.84,+6.3,+19.9,GB	+2.45,+258.1,+20.7,AB	+7.06,-5.4,+19.9,NB	
1700471541.0566142	+6.52,+17.3,+21.5,KA	+6.37,+30.8,+21.4,GA	+6.49,+25.5,+21.6,EA	+6.84,+6.4,+19.9,@B	+2.45,+258.2,+20.7,BB	+7.06,-5.3,+19.9,IB	
1700471603.0651336	+6.52,+17.3,+21.5,KA	+6.37,+30.9,+21.5,GA	+6.49,+25.5,+21.6,EA	+6.84,+6.6,+19.9,BB	+2.45,+258.2,+20.7,BB	+7.06,-5.3,+19.9,IB	
1700471665.0756986	+6.52,+17.3,+21.5,KA	+6.37,+30.8,+21.5,FA	+6.49,+25.5,+21.6,EA	+6.83,+6.8,+19.9,KB	+2.45,+258.3,+20.7,CB	+7.06,-5.3,+19.9,IB	
1700471727.0841231	+6.52,+17.3,+21.5,KA	+6.37,+30.8,+21.5,FA	+6.49,+25.5,+21.6,EA	+6.83,+6.7,+19.9,DB	+2.45,+258.2,+20.7,BB	+7.06,-5.4,+19.9,NB	
1700471789.0925791	+6.52,+17.3,+21.5,KA	+6.37,+30.8,+21.5,FA	+6.49,+25.5,+21.6,EA	+6.84,+6.7,+19.9,CB	+2.45,+258.3,+20.7,CB	+7.06,-5.4,+19.9,NB	
1700471851.1018462	+6.52,+17.3,+21.5,KA	+6.37,+30.8,+21.5,FA	+6.49,+25.5,+21.6,EA	+6.84,+6.7,+19.9,CB	+2.45,+258.3,+20.7,CB	+7.06,-5.3,+19.9,IB	
1700471913.1114197	+6.52,+17.3,+21.5,KA	+6.37,+30.8,+21.5,FA	+6.49,+25.5,+21.6,EA	+6.84,+6.7,+19.9,CB	+2.45,+258.3,+20.7,CB	+7.06,-5.3,+19.9,IB	
1700471975.1216843	+6.52,+17.3,+21.5,KA	+6.37,+30.8,+21.5,FA	+6.49,+25.6,+21.6,FA	+6.83,+6.9,+19.9,JB	+2.45,+258.4,+20.7,DB	+7.06,-5.3,+19.9,IB	
1700472037.1317904	+6.52,+17.3,+21.5,KA	+6.37,+30.8,+21.5,FA	+6.49,+25.5,+21.6,EA	+6.83,+7.1,+19.9,CB	+2.45,+258.4,+20.7,DB	+7.06,-5.3,+19.9,IB	
1700472099.142272	+6.52,+17.3,+21.5,KA	+6.37,+30.7,+21.4,HA	+6.49,+25.5,+21.6,EA	+6.83,+7.0,+19.9,BB	+2.45,+258.1,+20.7,AB	+7.06,-5.3,+19.9,IB	
1700472161.150676	+6.52,+17.3,+21.5,KA	+6.37,+30.8,+21.5,FA	+6.49,+25.5,+21.6,EA	+6.83,+7.1,+19.9,CB	+2.45,+258.3,+20.7,CB	+7.06,-5.3,+19.9,IB	
1700472223.1610656	+6.52,+17.3,+21.5,KA	+6.37,+30.7,+21.5,IA	+6.49,+25.5,+21.6,EA	+6.83,+7.1,+19.9,CB	+2.46,+258.0,+20.7,CB	+7.06,-5.3,+19.9,IB	
1700472285.1712396	+6.52,+17.3,+21.5,KA	+6.37,+30.8,+21.5,FA	+6.49,+25.5,+21.6,EA	+6.83,+7.0,+19.9,BB	+2.46,+257.6,+20.7,JB	+7.06,-5.4,+19.9,NB	
1700472347.1800725	+6.52,+17.3,+21.5,KA	+6.37,+30.8,+21.5,FA	+6.49,+25.5,+21.6,EA	+6.84,+6.7,+19.9,CB	+2.46,+257.9,+20.7,EB	+7.06,-5.3,+19.9,IB	
1700472409.1869788	+6.52,+17.3,+21.5,KA	+6.37,+30.7,+21.5,IA	+6.50,+25.4,+21.6,LA	+6.83,+6.9,+19.9,JB	+2.46,+257.8,+20.7,DB	+7.06,-5.4,+19.9,NB	
1700472471.196791	+6.52,+17.3,+21.5,KA	+6.37,+30.7,+21.5,IA	+6.49,+25.6,+21.6,FA	+6.83,+7.0,+19.9,BB	+2.45,+258.0,+20.7,@B	+7.06,-5.4,+19.9,NB	
1700472533.2075481	+6.52,+17.3,+21.5,KA	+6.38,+30.7,+21.5,FA	+6.49,+25.6,+21.6,FA	+6.83,+7.0,+19.9,BB	+2.46,+257.9,+20.7,EB	+7.06,-5.4,+19.9,NB	
1700472595.2145386	+6.52,+17.3,+21.5,KA	+6.37,+30.7,+21.5,IA	+6.49,+25.6,+21.6,FA	+6.83,+6.9,+19.9,JB	+2.45,+258.0,+20.7,@B	+7.07,-5.4,+19.9,OB	
1700472657.2215223	+6.52,+17.3,+21.5,KA	+6.38,+30.7,+21.5,FA	+6.49,+25.5,+21.6,EA	+6.83,+7.0,+19.9,BB	+2.46,+258.0,+20.7,CB	+7.06,-5.4,+19.9,NB	
1700472719.229565	+6.52,+17.3,+21.5,KA	+6.38,+30.7,+21.5,FA	+6.49,+25.5,+21.6,EA	+6.83,+6.9,+19.9,JB	+2.45,+258.1,+20.7,AB	+7.07,-5.4,+19.9,OB	
1700472781.2405457	+6.52,+17.2,+21.5,JA	+6.37,+30.7,+21.5,IA	+6.49,+25.5,+21.6,EA	+6.83,+6.8,+19.9,KB	+2.45,+258.1,+20.7,AB	+7.06,-5.4,+19.9,NB	
1700472843.2499382	+6.52,+17.3,+21.6,HA	+6.38,+30.7,+21.5,FA	+6.49,+25.5,+21.6,EA	+6.83,+7.0,+19.9,BB	+2.46,+257.9,+20.7,EB	+7.07,-5.4,+19.9,OB	
1700472905.2590487	+6.52,+17.3,+21.5,KA	+6.37,+30.7,+21.4,HA	+6.49,+25.5,+21.6,EA	+6.83,+7.0,+19.9,BB	+2.46,+257.5,+20.7,IB	+7.06,-5.4,+19.9,NB	
1700472967.2684278	+6.52,+17.3,+21.5,KA	+6.37,+30.7,+21.5,IA	+6.49,+25.5,+21.5,FA	+6.83,+7.0,+19.9,BB	+2.47,+257.3,+20.7,NB	+7.07,-5.5,+19.9,NB	
1700473029.277159	+6.52,+17.3,+21.5,KA	+6.38,+30.7,+21.5,FA	+6.49,+25.5,+21.6,EA	+6.83,+6.9,+19.9,JB	+2.46,+257.7,+20.7,KB	+7.07,-5.5,+19.9,NB	
1700473091.2850382	+6.52,+17.3,+21.5,KA	+6.38,+30.7,+21.5,FA	+6.49,+25.5,+21.6,EA	+6.84,+6.7,+19.9,CB	+2.46,+257.5,+20.7,IB	+7.06,-5.4,+19.9,NB	
1700473153.2935917	+6.52,+17.3,+21.5,KA	+6.38,+30.7,+21.5,FA	+6.49,+25.5,+21.6,EA	+6.84,+6.6,+19.9,BB	+2.45,+258.1,+20.7,AB	+7.07,-5.5,+19.9,NB	
1700473215.3015506	+6.52,+17.4,+21.5,LA	+6.37,+30.7,+21.5,IA	+6.49,+25.5,+21.6,EA	+6.84,+6.7,+19.9,CB	+2.45,+258.4,+20.7,DB	+7.07,-5.4,+19.9,OB	
1700473277.3111236	+6.52,+17.3,+21.5,KA	+6.38,+30.7,+21.4,GA	+6.49,+25.5,+21.5,FA	+6.83,+6.8,+19.9,KB	+2.45,+258.4,+20.7,DB	+7.06,-5.4,+19.9,NB	
1700473339.3200767	+6.52,+17.3,+21.5,KA	+6.38,+30.7,+21.5,FA	+6.49,+25.5,+21.6,EA	+6.84,+6.7,+19.9,CB	+2.45,+258.4,+20.7,DB	+7.06,-5.4,+19.9,NB	
1700473401.32732	+6.52,+17.3,+21.5,KA	+6.38,+30.6,+21.4,FA	+6.50,+25.4,+21.6,LA	+6.84,+6.7,+19.9,CB	+2.45,+258.5,+20.7,EB	+7.07,-5.4,+19.9,OB	
1700473463.3353558	+6.52,+17.3,+21.5,KA	+6.38,+30.6,+21.5,GA	+6.50,+25.5,+21.5,NA	+6.84,+6.6,+19.9,BB	+2.44,+258.9,+20.7,HB	+7.07,-5.5,+19.9,NB	
1700473525.3444126	+6.52,+17.3,+21.5,KA	+6.38,+30.7,+21.5,FA	+6.49,+25.5,+21.6,EA	+6.84,+6.5,+19.9,AB	+2.45,+258.1,+20.7,AB	+7.07,-5.5,+19.9,NB	
1700473587.353304	+6.52,+17.3,+21.5,KA	+6.38,+30.6,+21.5,GA	+6.49,+25.5,+21.6,EA	+6.84,+6.6,+19.9,BB	+2.44,+258.8,+20.7,IB	+7.06,-5.4,+19.9,NB	
1700473649.362412	+6.52,+17.3,+21.5,KA	+6.38,+30.6,+21.5,GA	+6.49,+25.5,+21.6,EA	+6.84,+6.5,+19.9,AB	+2.44,+258.8,+20.7,IB	+7.07,-5.5,+19.9,NB	
1700473711.3715353	+6.52,+17.3,+21.5,KA	+6.38,+30.6,+21.5,GA	+6.49,+25.6,+21.5,EA	+6.84,+6.4,+19.9,@B	+2.44,+258.7,+20.7,FB	+7.07,-5.5,+19.9,NB	
1700473773.3810353	+6.52,+17.3,+21.5,KA	+6.38,+30.7,+21.5,FA	+6.49,+25.5,+21.6,EA	+6.84,+6.6,+19.9,BB	+2.44,+258.9,+20.7,HB	+7.07,-5.5,+19.9,NB	
1700473835.389254	+6.52,+17.3,+21.5,KA	+6.38,+30.6,+21.4,FA	+6.49,+25.5,+21.6,EA	+6.84,+6.6,+19.9,BB	+2.44,+258.7,+20.7,FB	+7.07,-5.5,+19.9,NB	
1700473897.3992445	+6.52,+17.3,+21.5,KA	+6.38,+30.6,+21.4,FA	+6.49,+25.5,+21.6,EA	+6.84,+6.5,+19.9,AB	+2.44,+258.8,+20.7,IB	+7.07,-5.5,+19.9,NB	
1700473959.4086034	+6.52,+17.3,+21.5,KA	+6.38,+30.6,+21.5,GA	+6.49,+25.5,+21.6,EA	+6.84,+6.4,+19.9,@B	+2.44,+258.8,+20.7,IB	+7.07,-5.5,+19.9,NB	
1700474021.4179733	+6.52,+17.3,+21.5,KA	+6.38,+30.6,+21.5,GA	+6.49,+25.5,+21.6,EA	+6.84,+6.5,+19.9,AB	+2.44,+258.7,+20.7,FB	+7.07,-5.5,+19.9,NB	
1700474083.4273357	+6.52,+17.3,+21.5,KA	+6.38,+30.6,+21.4,FA	+6.49,+25.5,+21.6,EA	+6.84,+6.6,+19.9,BB	+2.44,+258.8,+20.7,IB	+7.07,-5.6,+19.9,MB	
1700474145.4362981	+6.52,+17.3,+21.5,KA	+6.38,+30.6,+21.5,GA	+6.50,+25.4,+21.6,LA	+6.85,+5.9,+19.9,OB	+2.45,+258.4,+20.7,DB	+7.07,-5.5,+19.9,NB	
1700474207.4431202	+6.52,+17.3,+21.5,KA	+6.38,+30.6,+21.5,GA	+6.49,+25.5,+21.6,EA	+6.84,+6.3,+19.9,GB	+2.44,+258.6,+20.7,GB	+7.07,-5.6,+19.9,MB	
1700474269.4508197	+6.52,+17.3,+21.5,KA	+6.38,+30.6,+21.4,FA	+6.49,+25.5,+21.6,EA	+6.84,+6.6,+19.9,BB	+2.44,+258.6,+20.7,GB	+7.07,-5.6,+19.9,MB	
1700474331.4580486	+6.52,+17.3,+21.5,KA	+6.38,+30.6,+21.4,FA	+6.49,+25.5,+21.6,EA	+6.84,+6.5,+19.9,AB	+2.44,+258.7,+20.7,FB	+7.07,-5.5,+19.9,NB	
1700474393.4643886	+6.52,+17.3,+21.5,KA	+6.38,+30.5,+21.5,DA	+6.49,+25.5,+21.6,EA	+6.84,+6.3,+19.9,GB	+2.44,+258.7,+20.7,FB	+7.07,-5.6,+19.9,MB	
1700474455.4738734	+6.52,+17.3,+21.5,KA	+6.38,+30.5,+21.5,DA	+6.49,+25.5,+21.6,EA	+6.84,+6.3,+19.9,GB	+2.44,+258.6,+20.7,GB	+7.07,-5.7,+19.9,LB	
1700474517.4809566	+6.52,+17.3,+21.5,KA	+6.38,+30.6,+21.4,FA	+6.49,+25.5,+21.6,EA	+6.85,+6.0,+19.9,EB	+2.44,+258.7,+20.7,FB	+7.07,-5.6,+19.9,MB	
1700474579.4894297	+6.52,+17.3,+21.5,KA	+6.38,+30.6,+21.4,FA	+6.49,+25.5,+21.6,EA	+6.85,+6.2,+19.9,GB	+2.45,+258.6,+20.7,FB	+7.07,-5.6,+19.9,MB	
1700474641.4985447	+6.52,+17.3,+21.5,KA	+6.38,+30.6,+21.5,GA	+6.49,+25.5,+21.6,EA	+6.84,+6.2,+19.9,FB	+2.45,+258.4,+20.7,DB	+7.07,-5.7,+19.9,LB	
1700474703.5078666	+6.52,+17.3,+21.5,KA	+6.38,+30.5,+21.5,DA	+6.49,+25.5,+21.6,EA	+6.85,+6.1,+19.9,DB	+2.44,+258.6,+20.7,GB	+7.07,-5.4,+19.9,OB	
1700474765.5133996	+6.52,+17.3,+21.5,KA	+6.38,+30.6,+21.5,GA	+6.49,+25.5,+21.6,EA	+6.84,+6.2,+19.9,FB	+2.44,+258.8,+20.7,IB	+7.07,-5.6,+19.9,MB	
1700474827.5225065	+6.52,+17.3,+21.5,KA	+6.38,+30.6,+21.4,FA	+6.49,+25.5,+21.6,EA	+6.85,+6.2,+19.9,GB	+2.44,+259.0,+20.7,@B	+7.07,-5.5,+19.9,NB	
1700474889.531807	+6.52,+17.3,+21.5,KA	+6.38,+30.6,+21.5,GA	+6.49,+25.5,+21.6,EA	+6.85,+6.1,+19.9,DB	+2.43,+259.2,+20.7,EB	+7.07,-5.5,+19.9,NB	
1700475135.099235	+6.52,+17.3,+21.5,KA	+6.38,+30.5,+21.4,EA	+6.50,+25.4,+21.6,LA	+6.85,+6.1,+19.9,DB	+2.44,+259.1,+20.7,AB	+7.07,-5.8,+19.9,CB	
1700475197.1076596	+6.52,+17.3,+21.5,KA	+6.38,+30.5,+21.5,DA	+6.49,+25.5,+21.5,FA	+6.85,+6.0,+19.9,EB	+2.44,+259.0,+20.7,@B	+7.07,-5.8,+19.9,CB	
1700475259.11737	+6.52,+17.3,+21.5,KA	+6.38,+30.6,+21.5,GA	+6.49,+25.5,+21.6,EA	+6.84,+6.2,+19.9,FB	+2.48,+256.5,+20.7,FB	+7.07,-5.7,+19.9,LB	
1700475321.126875	+6.52,+17.3,+21.5,KA	+6.38,+30.6,+21.4,FA	+6.49,+25.5,+21.6,EA	+6.85,+5.9,+19.9,OB	+2.48,+256.7,+20.7,DB	+7.07,-5.8,+19.9,CB	
1700475383.13525	+6.52,+17.4,+21.5,LA	+6.38,+30.6,+21.4,FA	+6.49,+25.5,+21.5,FA	+6.85,+6.0,+19.9,EB	+2.48,+256.5,+20.7,FB	+7.07,-5.8,+19.9,CB	
1700475445.1437542	+6.52,+17.3,+21.5,KA	+6.38,+30.6,+21.5,GA	+6.49,+25.5,+21.5,FA	+6.85,+6.0,+19.9,EB	+2.48,+256.6,+20.7,EB	+7.07,-5.9,+19.9,BB	
1700475507.1538088	+6.52,+17.3,+21.5,KA	+6.38,+30.6,+21.5,GA	+6.49,+25.5,+21.6,EA	+6.84,+6.2,+19.9,FB	+2.48,+256.4,+20.7,GB	+7.07,-5.8,+19.9,CB	
1700475569.1631265	+6.52,+17.3,+21.5,KA	+6.38,+30.5,+21.5,DA	+6.49,+25.5,+21.6,EA	+6.85,+6.2,+19.9,GB	+2.49,+256.2,+20.7,@B	+7.07,-5.9,+19.9,BB	
1700475631.1720715	+6.52,+17.3,+21.5,KA	+6.38,+30.5,+21.4,EA	+6.49,+25.5,+21.6,EA	+6.85,+6.1,+19.9,DB	+2.48,+256.5,+20.7,FB	+7.07,-5.9,+19.9,BB	
1700475693.1817067	+6.52,+17.3,+21.5,KA	+6.38,+30.5,+21.5,DA	+6.49,+25.6,+21.6,FA	+6.85,+5.9,+19.9,OB	+2.48,+256.5,+20.7,FB	+7.07,-5.9,+19.9,BB	
1700475755.1894865	+6.52,+17.3,+21.5,KA	+6.38,+30.5,+21.4,EA	+6.49,+25.5,+21.6,EA	+6.85,+6.1,+19.9,DB	+2.49,+256.1,+20.7,CB	+7.07,-5.9,+19.9,BB	
1700475817.195057	+6.52,+17.3,+21.5,KA	+6.38,+30.5,+21.4,EA	+6.49,+25.5,+21.6,EA	+6.85,+6.1,+19.9,DB	+2.49,+256.3,+20.7,AB	+7.07,-5.9,+19.9,BB	
1700475879.2049487	+6.52,+17.3,+21.5,KA	+6.38,+30.5,+21.5,DA	+6.49,+25.5,+21.6,EA	+6.85,+5.9,+19.9,OB	+2.48,+256.6,+20.7,EB	+7.07,-5.8,+19.9,CB	
1700475941.2148554	+6.52,+17.3,+21.5,KA	+6.38,+30.5,+21.4,EA	+6.49,+25.5,+21.6,EA	+6.85,+6.0,+19.9,EB	+2.48,+256.7,+20.7,DB	+7.07,-5.9,+19.9,BB	
1700476003.225129	+6.52,+17.3,+21.5,KA	+6.38,+30.5,+21.4,EA	+6.49,+25.5,+21.6,EA	+6.85,+5.6,+19.9,@B	+2.48,+256.7,+20.7,DB	+7.07,-5.9,+19.9,BB	
1700476065.2352777	+6.52,+17.3,+21.5,KA	+6.38,+30.5,+21.5,DA	+6.49,+25.6,+21.5,EA	+6.85,+5.7,+19.9,AB	+2.48,+256.8,+20.7,KB	+7.07,-5.9,+19.9,BB	
1700476127.242438	+6.52,+17.3,+21.5,KA	+6.38,+30.5,+21.4,EA	+6.49,+25.5,+21.6,EA	+6.86,+5.6,+19.9,CB	+2.47,+256.9,+20.7,EB	+7.07,-5.9,+19.9,BB	
1700476189.250713	+6.52,+17.3,+21.5,KA	+6.38,+30.5,+21.4,EA	+6.49,+25.5,+21.6,EA	+6.85,+5.7,+19.9,AB	+2.48,+256.3,+20.7,@B	+7.07,-6.0,+19.9,HB	
1700476251.2568257	+6.52,+17.3,+21.5,KA	+6.38,+30.4,+21.4,DA	+6.49,+25.6,+21.6,FA	+6.85,+5.7,+19.9,AB	+2.49,+256.2,+20.7,@B	+7.07,-5.9,+19.9,BB	
1700476313.2664049	+6.52,+17.3,+21.5,KA	+6.38,+30.5,+21.4,EA	+6.49,+25.5,+21.6,EA	+6.86,+5.5,+19.9,@B	+2.49,+256.1,+20.7,CB	+7.07,-5.9,+19.9,BB	
1700476375.276521	+6.52,+17.3,+21.5,KA	+6.38,+30.4,+21.4,DA	+6.49,+25.5,+21.5,FA	+6.86,+5.5,+19.9,@B	+2.49,+256.2,+20.7,@B	+7.07,-5.9,+19.9,BB	
1700476437.2863255	+6.52,+17.3,+21.5,KA	+6.38,+30.4,+21.5,EA	+6.49,+25.5,+21.6,EA	+6.86,+5.6,+19.9,CB	+2.49,+255.9,+20.7,HB	+7.07,-5.8,+19.9,CB	
1700476499.2963	+6.52,+17.3,+21.5,KA	+6.38,+30.4,+21.5,EA	+6.49,+25.5,+21.6,EA	+6.86,+5.6,+19.9,CB	+2.49,+255.9,+20.7,HB	+7.07,-5.9,+19.9,BB	
1700476561.305673	+6.52,+17.3,+21.5,KA	+6.38,+30.4,+21.4,DA	+6.49,+25.5,+21.6,EA	+6.86,+5.5,+19.9,@B	+2.50,+255.7,+20.7,NB	+7.07,-6.0,+19.9,HB	
1700476623.315625	+6.52,+17.3,+21.5,KA	+6.38,+30.4,+21.5,EA	+6.49,+25.5,+21.5,FA	+6.86,+5.5,+19.9,@B	+2.49,+255.8,+20.7,IB	+7.07,-5.9,+19.9,BB	
1700476685.3248112	+6.52,+17.3,+21.5,KA	+6.38,+30.4,+21.4,DA	+6.49,+25.5,+21.6,EA	+6.86,+5.4,+19.9,AB	+2.49,+255.9,+20.7,HB	+7.07,-6.0,+19.9,HB	
1700476747.3353522	+6.52,+17.3,+21.5,KA	+6.38,+30.4,+21.4,DA	+6.49,+25.5,+21.6,EA	+6.86,+5.5,+19.9,@B	+2.49,+255.9,+20.7,HB	+7.07,-5.9,+19.9,BB	
1700476809.345098	+6.52,+17.3,+21.5,KA	+6.38,+30.4,+21.4,DA	+6.49,+25.6,+21.5,EA	+6.86,+5.5,+19.9,@B	+2.49,+255.9,+20.7,HB	+7.08,-6.0,+19.9,GB	
1700476871.3539603	+6.52,+17.3,+21.5,KA	+6.38,+30.4,+21.5,EA	+6.49,+25.5,+21.6,EA	+6.85,+5.8,+19.9,NB	+2.49,+255.7,+20.7,FB	+7.08,-6.0,+19.9,GB	
1700476933.3636496	+6.52,+17.3,+21.5,KA	+6.38,+30.4,+21.4,DA	+6.49,+25.5,+21.6,EA	+6.85,+5.7,+19.9,AB	+2.49,+256.2,+20.7,@B	+7.08,-6.0,+19.9,GB	
1700476995.3680084	+6.52,+17.3,+21.5,KA	+6.38,+30.4,+21.4,DA	+6.49,+25.5,+21.6,EA	+6.85,+5.8,+19.9,NB	+2.49,+255.9,+20.7,HB	+7.08,-6.0,+19.9,GB	
1700477057.3782444	+6.52,+17.3,+21.5,KA	+6.38,+30.4,+21.4,DA	+6.49,+25.5,+21.6,EA	+6.85,+5.7,+19.9,AB	+2.49,+255.9,+20.7,HB	+7.08,-6.0,+19.9,GB	
1700477119.3885357	+6.52,+17.3,+21.5,KA	+6.38,+30.3,+21.4,CA	+6.49,+25.5,+21.5,FA	+6.86,+5.6,+19.9,CB	+2.49,+255.9,+20.7,HB	+7.07,-6.0,+19.9,HB	
1700477181.3982472	+6.52,+17.3,+21.5,KA	+6.38,+30.3,+21.4,CA	+6.49,+25.5,+21.5,FA	+6.86,+5.6,+19.9,CB	+2.49,+256.0,+20.7,BB	+7.07,-6.0,+19.9,HB	
1700477243.408375	+6.52,+17.3,+21.5,KA	+6.38,+30.4,+21.4,DA	+6.49,+25.5,+21.5,FA	+6.85,+5.6,+19.9,@B	+2.50,+255.6,+20.7,OB	+7.08,-6.1,+19.9,FB	
1700477305.4162579	+6.52,+17.3,+21.5,KA	+6.38,+30.4,+21.4,DA	+6.49,+25.5,+21.5,FA	+6.86,+5.5,+19.9,@B	+2.50,+255.4,+20.7,MB	+7.08,-6.0,+19.9,GB	
1700477367.4257777	+6.52,+17.3,+21.5,KA	+6.38,+30.4,+21.4,DA	+6.49,+25.5,+21.5,FA	+6.86,+5.6,+19.9,CB	+2.50,+255.3,+20.7,JB	+7.07,-5.9,+19.9,BB	
1700477429.4353025	+6.52,+17.3,+21.5,KA	+6.38,+30.3,+21.4,CA	+6.49,+25.5,+21.5,FA	+6.85,+5.6,+19.9,@B	+2.50,+255.1,+20.7,HB	+7.07,-5.8,+19.9,CB	
1700477491.4442294	+6.52,+17.3,+21.5,KA	+6.38,+30.3,+21.4,CA	+6.49,+25.5,+21.5,FA	+6.85,+5.7,+19.9,AB	+2.50,+255.3,+20.7,JB	+7.07,-5.8,+19.9,CB	
1700477553.4543705	+6.52,+17.3,+21.5,KA	+6.38,+30.3,+21.4,CA	+6.49,+25.5,+21.5,FA	+6.86,+5.3,+19.9,FB	+2.50,+255.2,+20.7,KB	+7.07,-5.8,+19.9,CB	
1700477615.4636486	+6.52,+17.3,+21.5,KA	+6.38,+30.3,+21.4,CA	+6.49,+25.5,+21.6,EA	+6.86,+5.4,+19.9,AB	+2.50,+255.4,+20.7,MB	+7.07,-5.8,+19.9,CB	
1700477677.472437	+6.52,+17.3,+21.5,KA	+6.38,+30.3,+21.4,CA	+6.49,+25.5,+21.5,FA	+6.86,+5.5,+19.9,@B	+2.50,+255.6,+20.7,OB	+7.07,-5.7,+19.9,LB	
1700477739.4814117	+6.52,+17.3,+21.5,KA	+6.38,+30.3,+21.4,CA	+6.49,+25.5,+21.5,FA	+6.86,+5.5,+19.9,@B	+2.49,+255.8,+20.7,IB	+7.07,-5.8,+19.9,CB	
1700477801.48888	+6.52,+17.3,+21.5,KA	+6.38,+30.3,+21.4,CA	+6.49,+25.5,+21.5,FA	+6.86,+5.4,+19.9,AB	+2.49,+255.8,+20.7,IB	+7.07,-5.9,+19.9,BB	
1700477863.4981532	+6.52,+17.3,+21.5,KA	+6.38,+30.3,+21.4,CA	+6.49,+25.5,+21.5,FA	+6.86,+5.3,+19.9,FB	+2.49,+256.1,+20.7,CB	+7.07,-5.9,+19.9,BB	
1700477925.5085204	+6.52,+17.3,+21.5,KA	+6.38,+30.3,+21.4,CA	+6.49,+25.5,+21.5,FA	+6.86,+5.1,+19.9,DB	+2.48,+256.4,+20.7,GB	+7.07,-6.0,+19.9,HB	
1700477987.5155306	+6.52,+17.3,+21.5,KA	+6.38,+30.3,+21.4,CA	+6.49,+25.5,+21.5,FA	+6.87,+4.8,+19.9,MB	+2.48,+256.4,+20.7,GB	+7.07,-5.9,+19.9,BB	
1700478049.523211	+6.52,+17.3,+21.5,KA	+6.38,+30.2,+21.4,BA	+6.49,+25.5,+21.5,FA	+6.87,+4.8,+19.9,MB	+2.48,+256.4,+20.7,GB	+7.08,-6.1,+19.9,FB	
1700478111.5339167	+6.52,+17.3,+21.5,KA	+6.38,+30.2,+21.4,BA	+6.49,+25.5,+21.5,FA	+6.87,+4.7,+19.9,BB	+2.48,+256.5,+20.7,FB	+7.07,-6.0,+19.9,HB	
1700478173.5439847	+6.52,+17.3,+21.5,KA	+6.38,+30.3,+21.4,CA	+6.49,+25.5,+21.5,FA	+6.87,+4.8,+19.9,MB	+2.48,+256.8,+20.7,KB	+7.07,-6.0,+19.9,HB	
1700478235.553308	+6.52,+17.3,+21.5,KA	+6.38,+30.2,+21.4,BA	+6.49,+25.5,+21.5,FA	+6.87,+4.6,+19.9,CB	+2.48,+256.6,+20.7,EB	+7.08,-6.0,+19.9,GB	
1700478297.5620573	+6.52,+17.3,+21.5,KA	+6.38,+30.2,+21.4,BA	+6.49,+25.5,+21.5,FA	+6.87,+4.7,+19.9,BB	+2.48,+256.6,+20.7,EB	+7.08,-6.1,+19.9,FB	
1700478359.5719821	+6.52,+17.3,+21.5,KA	+6.38,+30.2,+21.4,BA	+6.49,+25.5,+21.5,FA	+6.87,+4.7,+19.9,BB	+2.48,+256.6,+20.7,EB	+7.08,-6.1,+19.9,FB	
1700478421.5834758	+6.52,+17.3,+21.5,KA	+6.38,+30.2,+21.4,BA	+6.49,+25.5,+21.5,FA	+6.87,+4.7,+19.9,BB	+2.48,+256.7,+20.7,DB	+7.07,-5.9,+19.9,BB	
1700478483.5932176	+6.52,+17.3,+21.5,KA	+6.38,+30.2,+21.4,BA	+6.49,+25.5,+21.5,FA	+6.87,+4.7,+19.9,BB	+2.48,+256.8,+20.7,KB	+7.07,-5.9,+19.9,BB	
1700478545.6037061	+6.52,+17.3,+21.5,KA	+6.38,+30.2,+21.4,BA	+6.49,+25.5,+21.5,FA	+6.87,+4.8,+19.9,MB	+2.48,+256.8,+20.7,KB	+7.08,-6.0,+19.9,GB	
1700478607.6100712	+6.52,+17.3,+21.5,KA	+6.38,+30.2,+21.4,BA	+6.49,+25.5,+21.5,FA	+6.87,+4.9,+19.9,LB	+2.47,+257.1,+20.7,LB	+7.08,-6.0,+19.9,GB	
1700478669.6194777	+6.52,+17.3,+21.5,KA	+6.38,+30.2,+21.4,BA	+6.49,+25.5,+21.5,FA	+6.87,+4.7,+19.9,BB	+2.47,+257.1,+20.7,LB	+7.08,-6.1,+19.9,FB	
1700478731.6269174	+6.52,+17.3,+21.5,KA	+6.38,+30.2,+21.4,BA	+6.50,+25.5,+21.5,NA	+6.87,+4.7,+19.9,BB	+2.47,+257.3,+20.7,NB	+7.07,-6.0,+19.9,HB	
1700478977.2004566	+6.52,+17.3,+21.5,KA	+6.38,+30.2,+21.4,BA	+6.49,+25.5,+21.5,FA	+6.87,+4.5,+19.9,@B	+2.48,+256.7,+20.7,DB	+7.08,-6.1,+19.9,FB	
1700479039.2094288	+6.52,+17.3,+21.5,KA	+6.38,+30.2,+21.4,BA	+6.49,+25.5,+21.5,FA	+6.87,+4.5,+19.9,@B	+2.48,+256.7,+20.7,DB	+7.08,-6.2,+19.9,EB	
1700479101.2178786	+6.52,+17.3,+21.5,KA	+6.38,+30.2,+21.4,BA	+6.49,+25.5,+21.5,FA	+6.87,+4.6,+19.9,CB	+2.48,+256.7,+20.7,DB	+7.08,-6.1,+19.9,FB	
1700479163.2273684	+6.52,+17.3,+21.5,KA	+6.38,+30.1,+21.4,AA	+6.50,+25.4,+21.5,OA	+6.88,+4.4,+19.9,NB	+2.47,+257.0,+20.7,MB	+7.08,-6.1,+19.9,FB	
1700479225.2355475	+6.52,+17.3,+21.5,KA	+6.38,+30.1,+21.4,AA	+6.49,+25.5,+21.6,EA	+6.87,+4.6,+19.9,CB	+2.47,+256.9,+20.7,EB	+7.08,-6.2,+19.9,EB	
1700479287.244155	+6.52,+17.3,+21.5,KA	+6.38,+30.2,+21.4,BA	+6.49,+25.5,+21.6,EA	+6.87,+4.5,+19.9,@B	+2.47,+257.0,+20.7,MB	+7.08,-6.3,+19.9,DB	
1700479349.251952	+6.52,+17.4,+21.5,LA	+6.38,+30.1,+21.4,AA	+6.49,+25.5,+21.6,EA	+6.88,+4.4,+19.9,NB	+2.47,+257.2,+20.7,OB	+7.08,-6.1,+19.9,FB	
1700479411.261813	+6.52,+17.3,+21.5,KA	+6.38,+30.2,+21.4,BA	+6.49,+25.5,+21.6,EA	+6.88,+4.4,+19.9,NB	+2.47,+257.2,+20.7,OB	+7.08,-6.3,+19.9,DB	
1700479473.270044	+6.52,+17.3,+21.5,KA	+6.38,+30.1,+21.5,@A	+6.49,+25.5,+21.6,EA	+6.88,+4.4,+19.9,NB	+2.47,+257.3,+20.7,NB	+7.08,-6.2,+19.9,EB	
1700479535.2771678	+6.52,+17.3,+21.5,KA	+6.38,+30.2,+21.4,BA	+6.49,+25.5,+21.5,FA	+6.88,+4.3,+19.9,IB	+2.47,+257.3,+20.7,NB	+7.08,-6.3,+19.9,DB	
1700479597.2838771	+6.52,+17.3,+21.5,KA	+6.39,+30.1,+21.4,@A	+6.49,+25.5,+21.5,FA	+6.88,+4.2,+19.9,HB	+2.47,+257.3,+20.7,NB	+7.08,-6.2,+19.9,EB	
1700479659.2894402	+6.52,+17.3,+21.5,KA	+6.38,+30.2,+21.4,BA	+6.49,+25.5,+21.5,FA	+6.88,+4.2,+19.9,HB	+2.46,+257.5,+20.7,IB	+7.08,-6.2,+19.9,EB	
1700479721.2984107	+6.52,+17.3,+21.5,KA	+6.39,+30.1,+21.4,@A	+6.49,+25.5,+21.6,EA	+6.88,+4.4,+19.9,NB	+2.46,+257.5,+20.7,IB	+7.08,-6.2,+19.9,EB	
1700479783.3096313	+6.52,+17.3,+21.5,KA	+6.38,+30.1,+21.4,AA	+6.49,+25.5,+21.5,FA	+6.88,+4.4,+19.9,NB	+2.46,+257.6,+20.7,JB	+7.08,-6.2,+19.9,EB	
1700479845.3184643	+6.52,+17.3,+21.5,KA	+6.39,+30.1,+21.4,@A	+6.49,+25.5,+21.5,FA	+6.88,+4.3,+19.9,IB	+2.46,+257.8,+20.7,DB	+7.08,-6.3,+19.9,DB	
1700479907.3210166	+6.52,+17.3,+21.5,KA	+6.39,+30.1,+21.4,@A	+6.50,+25.4,+21.5,OA	+6.88,+4.3,+19.9,IB	+2.46,+257.9,+20.7,EB	+7.08,-6.1,+19.9,FB	
1700479969.3286872	+6.52,+17.3,+21.5,KA	+6.38,+30.1,+21.4,AA	+6.49,+25.6,+21.5,EA	+6.88,+4.2,+19.9,HB	+2.46,+257.9,+20.7,EB	+7.08,-6.1,+19.9,FB	
1700480031.3356013	+6.52,+17.3,+21.5,KA	+6.39,+30.1,+21.4,@A	+6.49,+25.5,+21.5,FA	+6.88,+4.2,+19.9,HB	+2.46,+257.8,+20.7,DB	+7.08,-6.2,+19.9,EB	
1700480093.34504	+6.52,+17.3,+21.5,KA	+6.39,+30.1,+21.4,@A	+6.49,+25.5,+21.6,EA	+6.88,+4.0,+19.9,JB	+2.49,+255.9,+20.7,HB	+7.08,-6.3,+19.9,DB	
1700480155.3534238	+6.52,+17.3,+21.5,KA	+6.38,+30.1,+21.4,AA	+6.49,+25.5,+21.5,FA	+6.88,+4.2,+19.9,HB	+2.50,+255.6,+20.7,OB	+7.08,-6.3,+19.9,DB	
1700480217.3625407	+6.52,+17.3,+21.5,KA	+6.39,+30.1,+21.4,@A	+6.49,+25.5,+21.6,EA	+6.88,+4.1,+19.9,KB	+2.50,+255.4,+20.7,MB	+7.08,-6.3,+19.9,DB	
1700480279.3726296	+6.52,+17.3,+21.5,KA	+6.39,+30.0,+21.5,@A	+6.49,+25.5,+21.6,EA	+6.88,+4.1,+19.9,KB	+2.51,+255.0,+20.7,HB	+7.08,-6.3,+19.9,DB	
1700480341.3820574	+6.52,+17.3,+21.5,KA	+6.39,+30.0,+21.5,@A	+6.50,+25.5,+21.6,MA	+6.88,+3.9,+19.9,DB	+2.51,+254.9,+20.7,@B	+7.08,-6.4,+19.9,CB	
1700480403.3899984	+6.52,+17.3,+21.5,KA	+6.39,+30.0,+21.5,@A	+6.49,+25.6,+21.6,FA	+6.89,+3.9,+19.9,EB	+2.51,+255.0,+20.7,HB	+7.08,-6.4,+19.9,CB	
1700480465.4003248	+6.52,+17.2,+21.5,JA	+6.39,+30.0,+21.4,AA	+6.50,+25.5,+21.6,MA	+6.89,+3.9,+19.9,EB	+2.51,+255.0,+20.7,HB	+7.08,-6.4,+19.9,CB	
1700480527.408737	+6.52,+17.3,+21.5,KA	+6.39,+30.1,+21.5,AA	+6.49,+25.5,+21.6,EA	+6.89,+3.8,+19.9,DB	+2.51,+255.1,+20.7,IB	+7.08,-6.4,+19.9,CB	
1700480589.4171624	+6.52,+17.3,+21.5,KA	+6.39,+30.0,+21.5,@A	+6.50,+25.4,+21.6,LA	+6.89,+3.9,+19.9,EB	+2.50,+255.3,+20.7,JB	+7.08,-6.5,+19.9,BB	
1700480651.426487	+6.52,+17.3,+21.5,KA	+6.39,+30.1,+21.4,@A	+6.50,+25.4,+21.6,LA	+6.89,+3.8,+19.9,DB	+2.50,+255.3,+20.7,JB	+7.08,-6.5,+19.9,BB	
1700480713.4355524	+6.52,+17.3,+21.5,KA	+6.39,+30.0,+21.5,@A	+6.50,+25.5,+21.6,MA	+6.89,+3.7,+19.9,KB	+2.50,+255.4,+20.7,MB	+7.08,-6.5,+19.9,BB	
1700480775.4435418	+6.52,+17.3,+21.5,KA	+6.39,+30.0,+21.5,@A	+6.49,+25.5,+21.6,EA	+6.89,+3.8,+19.9,DB	+2.50,+255.4,+20.7,MB	+7.08,-6.4,+19.9,CB	
1700480837.4533167	+6.52,+17.3,+21.5,KA	+6.39,+30.1,+21.4,@A	+6.49,+25.5,+21.6,EA	+6.89,+3.8,+19.9,DB	+2.51,+255.1,+20.7,IB	+7.08,-6.4,+19.9,CB	
1700480899.4637911	+6.52,+17.3,+21.5,KA	+6.39,+30.0,+21.5,@A	+6.49,+25.5,+21.6,EA	+6.89,+3.8,+19.9,DB	+2.50,+255.1,+20.7,HB	+7.08,-6.4,+19.9,CB	
1700480961.4727929	+6.52,+17.3,+21.5,KA	+6.39,+30.0,+21.4,AA	+6.49,+25.5,+21.6,EA	+6.89,+3.8,+19.9,DB	+2.50,+255.5,+20.7,LB	+7.08,-6.3,+19.9,DB	
1700481023.4835908	+6.52,+17.3,+21.5,KA	+6.39,+30.0,+21.4,AA	+6.50,+25.5,+21.6,MA	+6.89,+3.6,+19.9,JB	+2.50,+255.5,+20.7,LB	+7.08,-6.4,+19.9,CB	
1700481085.4927943	+6.52,+17.4,+21.5,LA	+6.39,+30.0,+21.4,AA	+6.50,+25.4,+21.6,LA	+6.89,+3.8,+19.9,DB	+2.50,+255.4,+20.7,MB	+7.08,-6.4,+19.9,CB	
1700481147.50262	+6.52,+17.3,+21.5,KA	+6.39,+30.0,+21.5,@A	+6.49,+25.5,+21.6,EA	+6.89,+3.6,+19.9,JB	+2.50,+255.3,+20.7,JB	+7.08,-6.4,+19.9,CB	
1700481209.510346	+6.52,+17.3,+21.5,KA	+6.39,+30.0,+21.5,@A	+6.49,+25.5,+21.6,EA	+6.89,+3.6,+19.9,JB	+2.51,+254.6,+20.7,OB	+7.08,-6.4,+19.9,CB	
1700481271.5174923	+6.52,+17.3,+21.5,KA	+6.39,+30.1,+21.5,AA	+6.49,+25.5,+21.6,EA	+6.89,+3.5,+19.9,IB	+2.51,+255.1,+20.7,IB	+7.08,-6.4,+19.9,CB	
1700481333.5269117	+6.52,+17.2,+21.5,JA	+6.39,+30.0,+21.5,@A	+6.49,+25.5,+21.6,EA	+6.89,+3.6,+19.9,JB	+2.51,+255.1,+20.7,IB	+7.09,-6.6,+19.9,@B	
1700481395.5337787	+6.52,+17.3,+21.5,KA	+6.39,+30.0,+21.5,@A	+6.49,+25.5,+21.6,EA	+6.89,+3.5,+19.9,IB	+2.51,+254.6,+20.7,OB	+7.08,-6.5,+19.9,BB	
1700481457.542228	+6.52,+17.3,+21.5,KA	+6.39,+30.0,+21.5,@A	+6.49,+25.5,+21.6,EA	+6.89,+3.5,+19.9,IB	+2.51,+254.6,+20.7,OB	+7.08,-6.5,+19.9,BB	
1700481519.5515552	+6.52,+17.3,+21.5,KA	+6.39,+30.0,+21.5,@A	+6.49,+25.5,+21.6,EA	+6.89,+3.4,+19.9,HB	+2.52,+254.3,+20.7,IB	+7.09,-6.6,+19.9,@B	
1700481581.560205	+6.52,+17.3,+21.5,KA	+6.39,+30.0,+21.5,@A	+6.49,+25.5,+21.6,EA	+6.89,+3.4,+19.9,HB	+2.51,+254.6,+20.7,OB	+7.09,-6.6,+19.9,@B	
1700481643.5709703	+6.52,+17.3,+21.5,KA	+6.39,+30.0,+21.5,@A	+6.50,+25.5,+21.6,MA	+6.89,+3.4,+19.9,HB	+2.51,+254.6,+20.7,OB	+7.09,-6.7,+19.9,AB	
1700481705.577583	+6.52,+17.3,+21.6,HA	+6.39,+30.1,+21.5,AA	+6.49,+25.5,+21.6,EA	+6.90,+3.3,+19.9,GB	+2.51,+254.6,+20.7,OB	+7.08,-6.5,+19.9,BB	
1700481767.585314	+6.52,+17.3,+21.5,KA	+6.39,+30.0,+21.5,@A	+6.49,+25.5,+21.6,EA	+6.89,+3.5,+19.9,IB	+2.51,+254.6,+20.7,OB	+7.09,-6.8,+19.9,NB	
1700481829.593109	+6.52,+17.3,+21.6,HA	+6.39,+30.0,+21.5,@A	+6.50,+25.4,+21.6,LA	+6.89,+3.4,+19.9,HB	+2.51,+254.8,+20.7,AB	+7.09,-6.7,+19.9,AB	
1700481891.6027386	+6.52,+17.3,+21.5,KA	+6.39,+30.0,+21.5,@A	+6.49,+25.5,+21.6,EA	+6.89,+3.4,+20.0,KB	+2.51,+254.9,+20.7,@B	+7.09,-6.6,+19.9,@B	
1700481953.6130474	+6.52,+17.3,+21.5,KA	+6.39,+30.0,+21.5,@A	+6.50,+25.5,+21.6,MA	+6.90,+3.3,+19.9,GB	+2.51,+255.0,+20.7,HB	+7.09,-6.6,+19.9,@B	
1700482015.6218758	+6.52,+17.3,+21.5,KA	+6.39,+30.0,+21.5,@A	+6.49,+25.5,+21.6,EA	+6.89,+3.4,+19.9,HB	+2.50,+255.2,+20.7,KB	+7.09,-6.6,+19.9,@B	
1700482077.6292284	+6.52,+17.2,+21.5,JA	+6.39,+30.1,+21.5,AA	+6.49,+25.5,+21.6,EA	+6.90,+3.1,+19.9,EB	+2.50,+255.3,+20.7,JB	+7.09,-6.6,+19.9,@B	
1700482139.6359737	+6.52,+17.3,+21.5,KA	+6.39,+29.9,+21.5,AA	+6.49,+25.5,+21.6,EA	+6.89,+3.3,+19.9,OB	+2.50,+255.5,+20.7,LB	+7.08,-6.5,+19.9,BB	
1700482201.6462364	+6.52,+17.3,+21.5,KA	+6.39,+29.9,+21.5,AA	+6.49,+25.5,+21.6,EA	+6.90,+3.1,+19.9,EB	+2.50,+255.5,+20.7,LB	+7.09,-6.6,+19.9,@B	
1700482263.655887	+6.52,+17.3,+21.5,KA	+6.39,+29.9,+21.5,AA	+6.50,+25.5,+21.6,MA	+6.90,+3.3,+19.9,GB	+2.50,+255.5,+20.7,LB	+7.09,-6.6,+19.9,@B	
1700482325.6637714	+6.52,+17.3,+21.5,KA	+6.39,+30.0,+21.5,@A	+6.49,+25.5,+21.6,EA	+6.90,+3.2,+19.9,FB	+2.49,+255.7,+20.7,FB	+7.08,-6.5,+19.9,BB	
1700482387.6719804	+6.52,+17.3,+21.5,KA	+6.39,+29.9,+21.5,AA	+6.50,+25.5,+21.6,MA	+6.89,+3.3,+19.9,OB	+2.49,+255.9,+20.7,HB	+7.08,-6.5,+19.9,BB	
1700482449.6784384	+6.52,+17.3,+21.5,KA	+6.39,+29.9,+21.5,AA	+6.49,+25.5,+21.6,EA	+6.90,+3.3,+19.9,GB	+2.49,+256.0,+20.7,BB	+7.09,-6.6,+19.9,@B	
1700482511.687688	+6.52,+17.3,+21.5,KA	+6.39,+29.9,+21.5,AA	+6.49,+25.5,+21.6,EA	+6.90,+3.3,+19.9,GB	+2.49,+255.9,+20.7,HB	+7.09,-6.6,+19.9,@B	
1700482573.6913915	+6.52,+17.3,+21.5,KA	+6.39,+29.9,+21.5,AA	+6.49,+25.5,+21.6,EA	+6.90,+3.2,+19.9,FB	+2.48,+256.3,+20.7,@B	+7.08,-6.5,+19.9,BB	
1700482819.2583983	+6.52,+17.3,+21.6,HA	+6.39,+29.9,+21.5,AA	+6.49,+25.5,+21.6,EA	+6.89,+3.4,+19.9,HB	+2.49,+255.8,+20.7,IB	+7.09,-6.6,+19.9,@B	
1700482881.2687066	+6.52,+17.3,+21.6,HA	+6.39,+29.9,+21.5,AA	+6.50,+25.4,+21.6,LA	+6.90,+3.2,+19.9,FB	+2.49,+256.0,+20.7,BB	+7.09,-6.7,+19.9,AB	
1700482943.2757094	+6.52,+17.3,+21.6,HA	+6.39,+29.9,+21.5,AA	+6.50,+25.5,+21.6,MA	+6.90,+3.2,+20.0,EB	+2.49,+256.2,+20.7,@B	+7.09,-6.7,+19.9,AB	
1700483005.2856123	+6.52,+17.2,+21.6,IA	+6.39,+29.9,+21.5,AA	+6.49,+25.5,+21.6,EA	+6.90,+3.0,+19.9,DB	+2.49,+256.1,+20.7,CB	+7.09,-6.8,+19.9,NB	
1700483067.2948706	+6.52,+17.3,+21.5,KA	+6.39,+29.8,+21.5,@A	+6.50,+25.5,+21.6,MA	+6.90,+3.3,+19.9,GB	+2.48,+256.3,+20.7,@B	+7.09,-6.7,+19.9,AB	
1700483129.3050048	+6.52,+17.3,+21.5,KA	+6.39,+29.9,+21.5,AA	+6.49,+25.5,+21.6,EA	+6.90,+3.0,+19.9,DB	+2.48,+256.4,+20.7,GB	+7.09,-6.6,+20.0,CB	
1700483191.3155138	+6.52,+17.3,+21.5,KA	+6.39,+29.9,+21.5,AA	+6.49,+25.5,+21.6,EA	+6.90,+3.2,+19.9,FB	+2.49,+256.3,+20.7,AB	+7.09,-6.6,+19.9,@B	
1700483253.3256955	+6.52,+17.3,+21.6,HA	+6.39,+29.8,+21.5,@A	+6.49,+25.5,+21.6,EA	+6.90,+3.1,+19.9,EB	+2.48,+256.6,+20.7,EB	+7.09,-6.7,+19.9,AB	
1700483315.335482	+6.52,+17.3,+21.5,KA	+6.39,+29.8,+21.5,@A	+6.49,+25.5,+21.6,EA	+6.90,+3.1,+19.9,EB	+2.48,+256.7,+20.7,DB	+7.09,-6.6,+20.0,CB	
1700483377.3467057	+6.52,+17.3,+21.6,HA	+6.39,+29.9,+21.5,AA	+6.49,+25.5,+21.6,EA	+6.90,+2.9,+19.9,LB	+2.48,+256.7,+20.7,DB	+7.09,-6.6,+19.9,@B	
1700483439.3567743	+6.52,+17.3,+21.5,KA	+6.39,+29.9,+21.5,AA	+6.49,+25.5,+21.6,EA	+6.90,+3.0,+19.9,DB	+2.47,+256.9,+20.7,EB	+7.09,-6.6,+19.9,@B	
1700483501.3671188	+6.52,+17.3,+21.5,KA	+6.39,+29.8,+21.5,@A	+6.50,+25.5,+21.6,MA	+6.90,+2.9,+19.9,LB	+2.47,+257.1,+20.7,LB	+7.09,-6.6,+19.9,@B	
1700483563.3757033	+6.52,+17.3,+21.5,KA	+6.39,+29.8,+21.5,@A	+6.50,+25.5,+21.6,MA	+6.90,+2.8,+19.9,MB	+2.47,+257.1,+20.7,LB	+7.09,-6.6,+19.9,@B	
1700483625.3845468	+6.52,+17.3,+21.5,KA	+6.39,+29.8,+21.5,@A	+6.50,+25.4,+21.6,LA	+6.90,+2.9,+19.9,LB	+2.47,+257.3,+20.7,NB	+7.09,-6.7,+19.9,AB	
1700483687.393131	+6.52,+17.3,+21.6,HA	+6.39,+29.9,+21.5,AA	+6.49,+25.5,+21.6,EA	+6.90,+2.9,+19.9,LB	+2.47,+257.4,+20.7,IB	+7.09,-6.7,+19.9,AB	
1700483749.4014962	+6.52,+17.3,+21.5,KA	+6.39,+29.8,+21.5,@A	+6.50,+25.5,+21.6,MA	+6.90,+3.1,+19.9,EB	+2.46,+257.6,+20.7,JB	+7.09,-6.8,+19.9,NB	
1700483811.4115057	+6.52,+17.3,+21.5,KA	+6.39,+29.8,+21.5,@A	+6.50,+25.5,+21.6,MA	+6.90,+3.2,+19.9,FB	+2.46,+257.7,+20.7,KB	+7.09,-6.7,+19.9,AB	
1700483873.4195058	+6.52,+17.4,+21.6,OA	+6.39,+29.8,+21.5,@A	+6.49,+25.5,+21.6,EA	+6.90,+3.1,+19.9,EB	+2.47,+257.3,+20.7,NB	+7.09,-6.8,+19.9,NB	
1700483935.42988	+6.52,+17.3,+21.5,KA	+6.39,+29.8,+21.5,@A	+6.50,+25.5,+21.6,MA	+6.91,+2.3,+19.9,GB	+2.47,+257.4,+20.7,IB	+7.09,-6.8,+19.9,NB	
1700483997.4392364	+6.52,+17.3,+21.6,HA	+6.39,+29.8,+21.5,@A	+6.49,+25.5,+21.6,EA	+6.91,+2.2,+19.9,FB	+2.47,+257.1,+20.7,LB	+7.09,-6.8,+19.9,NB	
1700484059.4483573	+6.52,+17.2,+21.6,IA	+6.39,+29.8,+21.5,@A	+6.49,+25.5,+21.6,EA	+6.91,+2.5,+19.9,AB	+2.47,+257.0,+20.7,MB	+7.09,-6.8,+20.0,MB	
1700484121.458068	+6.52,+17.3,+21.5,KA	+6.39,+29.8,+21.5,@A	+6.49,+25.5,+21.6,EA	+6.91,+2.7,+19.9,CB	+2.47,+257.3,+20.7,NB	+7.09,-6.8,+19.9,NB	
1700484183.4672105	+6.52,+17.3,+21.5,KA	+6.39,+29.8,+21.5,@A	+6.49,+25.5,+21.6,EA	+6.91,+2.6,+19.9,BB	+2.47,+257.4,+20.7,IB	+7.09,-6.7,+19.9,AB	
1700484245.4780009	+6.52,+17.3,+21.5,KA	+6.39,+29.8,+21.5,@A	+6.49,+25.5,+21.6,EA	+6.91,+2.7,+19.9,CB	+2.47,+257.4,+20.7,IB	+7.09,-6.7,+19.9,AB	
1700484307.4869783	+6.52,+17.3,+21.5,KA	+6.39,+29.8,+21.5,@A	+6.49,+25.5,+21.6,EA	+6.90,+2.8,+20.0,NB	+2.47,+257.1,+20.7,LB	+7.09,-6.7,+19.9,AB	
1700484369.494445	+6.52,+17.3,+21.5,KA	+6.39,+29.8,+21.5,@A	+6.49,+25.5,+21.6,EA	+6.91,+2.7,+20.0,@B	+2.47,+256.9,+20.7,EB	+7.09,-6.7,+19.9,AB	
1700484431.5040827	+6.52,+17.3,+21.5,KA	+6.39,+29.8,+21.4,AA	+6.49,+25.5,+21.6,EA	+6.91,+2.7,+19.9,CB	+2.48,+256.3,+20.7,@B	+7.09,-6.6,+19.9,@B	
1700484493.5137055	+6.52,+17.3,+21.5,KA	+6.39,+29.8,+21.5,@A	+6.49,+25.5,+21.6,EA	+6.90,+2.9,+19.9,LB	+2.48,+256.8,+20.7,KB	+7.09,-6.7,+19.9,AB	
1700484555.5210192	+6.52,+17.3,+21.5,KA	+6.39,+29.8,+21.5,@A	+6.49,+25.5,+21.6,EA	+6.91,+2.7,+19.9,CB	+2.48,+256.8,+20.7,KB	+7.09,-6.7,+19.9,AB	
1700484617.5294917	+6.52,+17.3,+21.5,KA	+6.39,+29.8,+21.5,@A	+6.49,+25.5,+21.6,EA	+6.90,+2.8,+19.9,MB	+2.48,+256.7,+20.7,DB	+7.09,-6.6,+19.9,@B	
1700484679.5385375	+6.52,+17.3,+21.5,KA	+6.39,+29.8,+21.5,@A	+6.49,+25.6,+21.6,FA	+6.91,+2.3,+19.9,GB	+2.48,+256.5,+20.7,FB	+7.09,-6.7,+19.9,AB	
1700484741.5465539	+6.52,+17.3,+21.5,KA	+6.39,+29.8,+21.5,@A	+6.49,+25.5,+21.6,EA	+6.91,+2.3,+19.9,GB	+2.48,+256.8,+20.7,KB	+7.09,-6.7,+19.9,AB	
1700484803.553491	+6.52,+17.3,+21.5,KA	+6.39,+29.8,+21.5,@A	+6.50,+25.5,+21.6,MA	+6.91,+2.3,+19.9,GB	+2.47,+256.9,+20.7,EB	+7.09,-6.8,+19.9,NB	
1700484865.5612566	+6.52,+17.3,+21.6,HA	+6.39,+29.8,+21.5,@A	+6.50,+25.5,+21.6,MA	+6.91,+2.4,+20.0,CB	+2.48,+256.8,+20.7,KB	+7.09,-6.8,+19.9,NB	
1700484927.5703514	+6.52,+17.3,+21.5,KA	+6.39,+29.7,+21.5,OA	+6.50,+25.4,+21.6,LA	+6.91,+2.2,+19.9,FB	+2.48,+256.4,+20.7,GB	+7.09,-6.8,+19.9,NB	
1700484989.5803933	+6.52,+17.3,+21.5,KA	+6.39,+29.8,+21.5,@A	+6.49,+25.5,+21.6,EA	+6.91,+2.3,+19.9,GB	+2.47,+256.9,+20.7,EB	+7.09,-6.8,+19.9,NB	
1700485051.5891123	+6.52,+17.3,+21.6,HA	+6.39,+29.8,+21.5,@A	+6.49,+25.5,+21.6,EA	+6.91,+2.4,+19.9,@B	+2.47,+256.9,+20.7,EB	+7.09,-6.9,+19.9,OB	
1700485113.5997741	+6.52,+17.2,+21.5,JA	+6.39,+29.7,+21.5,OA	+6.49,+25.5,+21.6,EA	+6.91,+2.5,+19.9,AB	+2.47,+257.0,+20.7,MB	+7.09,-6.9,+19.9,OB	
1700485175.608303	+6.52,+17.3,+21.5,KA	+6.39,+29.8,+21.5,@A	+6.49,+25.5,+21.6,EA	+6.91,+2.5,+19.9,AB	+2.47,+257.3,+20.7,NB	+7.09,-7.0,+19.9,GB	
1700485237.6153617	+6.52,+17.2,+21.5,JA	+6.39,+29.8,+21.5,@A	+6.49,+25.5,+21.6,EA	+6.91,+2.6,+19.9,BB	+2.47,+257.2,+20.7,OB	+7.09,-6.9,+19.9,OB	
1700485299.6226277	+6.52,+17.2,+21.5,JA	+6.39,+29.8,+21.5,@A	+6.49,+25.5,+21.6,EA	+6.91,+2.5,+19.9,AB	+2.47,+257.4,+20.7,IB	+7.09,-6.8,+19.9,NB	
1700485361.632754	+6.52,+17.3,+21.5,KA	+6.39,+29.8,+21.4,AA	+6.50,+25.4,+21.6,LA	+6.91,+2.6,+19.9,BB	+2.47,+257.2,+20.7,OB	+7.09,-6.8,+19.9,NB	
1700485423.6424713	+6.52,+17.3,+21.5,KA	+6.39,+29.7,+21.5,OA	+6.49,+25.5,+21.6,EA	+6.91,+2.6,+19.9,BB	+2.46,+257.6,+20.7,JB	+7.09,-6.7,+19.9,AB	
1700485485.65345	+6.52,+17.3,+21.5,KA	+6.39,+29.7,+21.5,OA	+6.49,+25.5,+21.6,EA	+6.91,+2.7,+19.9,CB	+2.46,+257.7,+20.7,KB	+7.09,-6.6,+19.9,@B	
1700485547.6641743	+6.52,+17.3,+21.5,KA	+6.39,+29.7,+21.5,OA	+6.49,+25.5,+21.6,EA	+6.90,+2.7,+19.9,BB	+2.46,+257.6,+20.7,JB	+7.09,-6.6,+19.9,@B	
1700485609.6716247	+6.52,+17.3,+21.5,KA	+6.39,+29.7,+21.5,OA	+6.49,+25.5,+21.6,EA	+6.91,+2.6,+19.9,BB	+2.46,+257.6,+20.7,JB	+7.09,-6.7,+19.9,AB	
1700485671.6834831	+6.52,+17.2,+21.5,JA	+6.39,+29.8,+21.5,@A	+6.49,+25.6,+21.5,EA	+6.91,+2.7,+19.9,CB	+2.47,+257.2,+20.7,OB	+7.09,-6.7,+19.9,AB	
1700485733.694608	+6.52,+17.3,+21.5,KA	+6.39,+29.7,+21.5,OA	+6.49,+25.5,+21.6,EA	+6.90,+2.8,+19.9,MB	+2.46,+257.9,+20.7,EB	+7.09,-6.6,+19.9,@B	
1700485795.703372	+6.52,+17.3,+21.5,KA	+6.39,+29.7,+21.4,NA	+6.49,+25.5,+21.6,EA	+6.91,+2.4,+19.9,@B	+2.48,+256.8,+20.7,KB	+7.09,-6.7,+19.9,AB	
1700485857.7142894	+6.52,+17.3,+21.5,KA	+6.39,+29.7,+21.5,OA	+6.49,+25.5,+21.6,EA	+6.92,+2.1,+19.9,FB	+2.47,+257.0,+20.7,MB	+7.09,-6.8,+19.9,NB	
1700485919.723635	+6.52,+17.3,+21.5,KA	+6.39,+29.7,+21.5,OA	+6.49,+25.5,+21.6,EA	+6.91,+2.3,+19.9,GB	+2.46,+257.4,+20.7,HB	+7.09,-6.8,+19.9,NB	
1700485981.7334566	+6.52,+17.3,+21.5,KA	+6.39,+29.7,+21.5,OA	+6.49,+25.5,+21.6,EA	+6.91,+2.2,+19.9,FB	+2.45,+258.0,+20.7,@B	+7.09,-6.8,+19.9,NB	
1700486043.7437735	+6.52,+17.3,+21.5,KA	+6.39,+29.7,+21.5,OA	+6.49,+25.5,+21.6,EA	+6.91,+2.4,+19.9,@B	+2.45,+258.2,+20.7,BB	+7.09,-6.8,+19.9,NB	
1700486105.7543592	+6.52,+17.3,+21.5,KA	+6.39,+29.8,+21.5,@A	+6.49,+25.5,+21.6,EA	+6.91,+2.3,+19.9,GB	+2.45,+258.1,+20.7,AB	+7.09,-6.8,+19.9,NB	
1700486167.7650623	+6.52,+17.3,+21.5,KA	+6.39,+29.7,+21.5,OA	+6.49,+25.5,+21.6,EA	+6.91,+2.5,+19.9,AB	+2.45,+258.3,+20.7,CB	+7.09,-6.9,+19.9,OB	
1700486229.772873	+6.52,+17.3,+21.5,KA	+6.39,+29.7,+21.5,OA	+6.49,+25.5,+21.6,EA	+6.91,+2.3,+19.9,GB	+2.45,+258.4,+20.7,DB	+7.09,-6.9,+19.9,OB	
1700486291.7824676	+6.52,+17.3,+21.5,KA	+6.39,+29.7,+21.4,NA	+6.49,+25.5,+21.6,EA	+6.91,+2.4,+19.9,@B	+2.45,+258.4,+20.7,DB	+7.09,-6.7,+19.9,AB	
1700486353.7933903	+6.52,+17.3,+21.5,KA	+6.39,+29.7,+21.4,NA	+6.50,+25.5,+21.6,MA	+6.91,+2.4,+19.9,@B	+2.45,+258.2,+20.7,BB	+7.09,-6.8,+19.9,NB	
1700486415.8038445	+6.52,+17.3,+21.5,KA	+6.39,+29.7,+21.4,NA	+6.49,+25.5,+21.6,EA	+6.91,+2.5,+19.9,AB	+2.45,+258.2,+20.7,BB	+7.09,-6.7,+19.9,AB	
1700486661.3883927	+6.52,+17.2,+21.5,JA	+6.39,+29.7,+21.4,NA	+6.49,+25.5,+21.5,FA	+6.91,+2.2,+19.9,FB	+2.45,+258.4,+20.7,DB	+7.09,-6.7,+19.9,AB	
1700486723.3983657	+6.52,+17.3,+21.5,KA	+6.39,+29.7,+21.4,NA	+6.49,+25.5,+21.5,FA	+6.91,+2.3,+19.9,GB	+2.44,+258.7,+20.7,FB	+7.09,-6.7,+19.9,AB	
1700486785.406291	+6.52,+17.3,+21.5,KA	+6.39,+29.6,+21.4,OA	+6.49,+25.5,+21.5,FA	+6.91,+2.3,+19.9,GB	+2.45,+258.2,+20.7,BB	+7.09,-6.8,+19.9,NB	
1700486847.4127355	+6.52,+17.3,+21.5,KA	+6.39,+29.7,+21.4,NA	+6.49,+25.5,+21.5,FA	+6.91,+2.4,+19.9,@B	+2.45,+258.5,+20.7,EB	+7.09,-6.8,+19.9,NB	
1700486909.4202044	+6.52,+17.3,+21.5,KA	+6.39,+29.7,+21.5,OA	+6.49,+25.5,+21.5,FA	+6.91,+2.3,+19.9,GB	+2.44,+258.7,+20.7,FB	+7.09,-6.8,+19.9,NB	
1700486971.429599	+6.52,+17.3,+21.5,KA	+6.39,+29.7,+21.5,OA	+6.49,+25.5,+21.5,FA	+6.91,+2.6,+19.9,BB	+2.44,+258.6,+20.7,GB	+7.09,-6.8,+19.9,NB	
1700487033.438396	+6.52,+17.3,+21.5,KA	+6.39,+29.7,+21.4,NA	+6.49,+25.5,+21.5,FA	+6.91,+2.5,+19.9,AB	+2.44,+258.7,+20.7,FB	+7.09,-6.9,+19.9,OB	
1700487095.445981	+6.52,+17.3,+21.5,KA	+6.39,+29.7,+21.4,NA	+6.50,+25.4,+21.5,OA	+6.91,+2.5,+19.9,AB	+2.45,+258.2,+20.7,BB	+7.09,-6.8,+19.9,NB	
1700487157.4550333	+6.52,+17.3,+21.5,KA	+6.39,+29.7,+21.4,NA	+6.49,+25.5,+21.5,FA	+6.91,+2.6,+19.9,BB	+2.45,+258.6,+20.7,FB	+7.09,-6.7,+19.9,AB	
1700487219.4646566	+6.52,+17.3,+21.5,KA	+6.39,+29.7,+21.4,NA	+6.50,+25.4,+21.5,OA	+6.91,+2.5,+19.9,AB	+2.45,+258.5,+20.7,EB	+7.09,-6.8,+19.9,NB	
1700487281.4750392	+6.52,+17.3,+21.5,KA	+6.39,+29.7,+21.4,NA	+6.49,+25.5,+21.5,FA	+6.91,+2.4,+19.9,@B	+2.45,+258.4,+20.7,DB	+7.09,-6.8,+19.9,NB	
1700487343.484343	+6.52,+17.3,+21.5,KA	+6.39,+29.6,+21.4,OA	+6.49,+25.5,+21.5,FA	+6.91,+2.5,+19.9,AB	+2.45,+258.5,+20.7,EB	+7.09,-6.9,+19.9,OB	
1700487405.4936328	+6.52,+17.3,+21.5,KA	+6.39,+29.7,+21.4,NA	+6.49,+25.5,+21.6,EA	+6.91,+2.4,+19.9,@B	+2.44,+258.6,+20.7,GB	+7.09,-6.8,+19.9,NB	
1700487467.5020502	+6.52,+17.2,+21.5,JA	+6.39,+29.7,+21.4,NA	+6.49,+25.5,+21.5,FA	+6.91,+2.3,+19.9,GB	+2.44,+258.9,+20.7,HB	+7.09,-6.8,+19.9,NB	
1700487529.5096686	+6.52,+17.3,+21.5,KA	+6.39,+29.7,+21.4,NA	+6.50,+25.5,+21.5,NA	+6.91,+2.2,+19.9,FB	+2.44,+259.0,+20.7,@B	+7.09,-6.9,+19.9,OB	
1700487591.5199993	+6.52,+17.2,+21.5,JA	+6.39,+29.7,+21.4,NA	+6.49,+25.5,+21.5,FA	+6.91,+2.4,+19.9,@B	+2.44,+258.9,+20.7,HB	+7.09,-6.9,+19.9,OB	
1700487653.5297928	+6.52,+17.3,+21.5,KA	+6.39,+29.6,+21.4,OA	+6.49,+25.5,+21.5,FA	+6.91,+2.2,+19.9,FB	+2.44,+258.7,+20.7,FB	+7.09,-6.8,+19.9,NB	
1700487715.539667	+6.52,+17.3,+21.4,JA	+6.39,+29.7,+21.4,NA	+6.49,+25.5,+21.5,FA	+6.91,+2.3,+19.9,GB	+2.44,+258.9,+20.7,HB	+7.09,-6.7,+19.9,AB	
1700487777.5487216	+6.52,+17.3,+21.4,JA	+6.39,+29.6,+21.4,OA	+6.49,+25.5,+21.5,FA	+6.92,+2.1,+19.9,FB	+2.44,+258.8,+20.7,IB	+7.09,-6.7,+19.8,@B	
1700487839.5595195	+6.52,+17.2,+21.4,KA	+6.39,+29.6,+21.4,OA	+6.49,+25.5,+21.5,FA	+6.91,+2.4,+19.9,@B	+2.43,+259.1,+20.7,FB	+7.09,-6.7,+19.9,AB	
1700487901.5691288	+6.52,+17.2,+21.4,KA	+6.39,+29.6,+21.4,OA	+6.49,+25.5,+21.5,FA	+6.91,+2.2,+19.9,FB	+2.43,+259.2,+20.7,EB	+7.09,-6.7,+19.9,AB	
1700487963.5789077	+6.52,+17.2,+21.4,KA	+6.39,+29.6,+21.4,OA	+6.49,+25.5,+21.5,FA	+6.91,+2.3,+19.9,GB	+2.44,+258.9,+20.7,HB	+7.09,-6.7,+19.8,@B	
1700488025.589518	+6.52,+17.3,+21.4,JA	+6.39,+29.6,+21.4,OA	+6.49,+25.5,+21.5,FA	+6.91,+2.4,+19.9,@B	+2.44,+258.9,+20.7,HB	+7.09,-6.6,+19.9,@B	
1700488087.5996313	+6.52,+17.3,+21.4,JA	+6.39,+29.6,+21.4,OA	+6.49,+25.5,+21.5,FA	+6.91,+2.5,+19.9,AB	+2.45,+258.3,+20.7,CB	+7.09,-6.8,+19.8,OB	
1700488149.6090462	+6.52,+17.2,+21.4,KA	+6.39,+29.6,+21.4,OA	+6.49,+25.5,+21.5,FA	+6.91,+2.4,+19.9,@B	+2.45,+258.4,+20.7,DB	+7.09,-6.7,+19.8,@B	
1700488211.6188622	+6.52,+17.3,+21.4,JA	+6.39,+29.6,+21.4,OA	+6.49,+25.5,+21.5,FA	+6.91,+2.5,+19.9,AB	+2.45,+258.1,+20.7,AB	+7.09,-6.8,+19.8,OB	
1700488273.6291358	+6.52,+17.3,+21.4,JA	+6.39,+29.6,+21.4,OA	+6.49,+25.5,+21.5,FA	+6.91,+2.5,+19.9,AB	+2.45,+258.3,+20.7,CB	+7.09,-6.8,+19.8,OB	
1700488335.6392424	+6.52,+17.3,+21.5,KA	+6.39,+29.6,+21.4,OA	+6.49,+25.5,+21.5,FA	+6.91,+2.7,+19.9,CB	+2.46,+258.0,+20.7,CB	+7.09,-6.8,+19.8,OB	
1700488397.65003	+6.52,+17.3,+21.4,JA	+6.39,+29.6,+21.4,OA	+6.49,+25.5,+21.5,FA	+6.91,+2.7,+19.9,CB	+2.46,+257.7,+20.7,KB	+7.09,-6.8,+19.8,OB	
1700488459.6596029	+6.52,+17.3,+21.5,KA	+6.39,+29.6,+21.4,OA	+6.49,+25.5,+21.5,FA	+6.90,+2.8,+19.9,MB	+2.45,+258.3,+20.7,CB	+7.09,-6.9,+19.8,NB	
1700488521.6697137	+6.52,+17.2,+21.4,KA	+6.39,+29.6,+21.4,OA	+6.49,+25.5,+21.5,FA	+6.90,+2.8,+19.9,MB	+2.45,+258.4,+20.7,DB	+7.09,-6.8,+19.9,NB	
1700488583.6792862	+6.52,+17.3,+21.4,JA	+6.43,+27.8,+21.4,BA	+6.49,+25.5,+21.5,FA	+6.90,+2.8,+19.9,MB	+2.45,+258.4,+20.7,DB	+7.09,-6.9,+19.8,NB	
1700488645.688498	+6.52,+17.3,+21.4,JA	+6.43,+27.3,+21.3,NA	+6.49,+25.5,+21.5,FA	+6.90,+3.0,+19.9,DB	+2.44,+258.6,+20.7,GB	+7.09,-6.9,+19.9,OB	
1700488707.6997879	+6.52,+17.3,+21.5,KA	+6.44,+27.0,+21.4,MA	+6.49,+25.5,+21.5,FA	+6.90,+3.0,+19.9,DB	+2.45,+258.5,+20.7,EB	+7.09,-6.8,+19.8,OB	
1700488769.7088804	+6.52,+17.3,+21.4,JA	+6.44,+27.0,+21.3,JA	+6.49,+25.5,+21.5,FA	+6.90,+3.0,+19.9,DB	+2.45,+258.1,+20.7,AB	+7.09,-6.8,+19.8,OB	
1700488831.7181256	+6.52,+17.2,+21.4,KA	+6.44,+27.0,+21.3,JA	+6.49,+25.6,+21.5,EA	+6.90,+3.0,+19.9,DB	+2.45,+258.5,+20.7,EB	+7.09,-6.7,+19.8,@B	
1700488893.7273645	+6.52,+17.3,+21.4,JA	+6.44,+27.1,+21.3,KA	+6.49,+25.5,+21.5,FA	+6.90,+3.1,+19.9,EB	+2.44,+259.1,+20.7,AB	+7.09,-6.7,+19.8,@B	
1700488955.7363594	+6.52,+17.2,+21.4,KA	+6.44,+27.1,+21.3,KA	+6.49,+25.5,+21.5,FA	+6.90,+3.0,+19.9,DB	+2.43,+259.1,+20.7,FB	+7.09,-6.7,+19.8,@B	
1700489017.7444105	+6.52,+17.3,+21.4,JA	+6.44,+27.1,+21.3,KA	+6.49,+25.5,+21.5,FA	+6.90,+3.3,+19.9,GB	+2.44,+258.7,+20.7,FB	+7.09,-6.7,+19.8,@B	
1700489079.7518888	+6.52,+17.2,+21.4,KA	+6.44,+27.1,+21.3,KA	+6.49,+25.5,+21.5,FA	+6.90,+3.1,+19.9,EB	+2.44,+258.8,+20.7,IB	+7.09,-6.6,+19.8,AB	
1700489141.7599075	+6.52,+17.3,+21.4,JA	+6.44,+27.1,+21.3,KA	+6.49,+25.5,+21.5,FA	+6.90,+3.1,+19.9,EB	+2.44,+259.1,+20.7,AB	+7.09,-6.7,+19.8,@B	
1700489203.7700431	+6.52,+17.3,+21.4,JA	+6.44,+27.0,+21.3,JA	+6.49,+25.5,+21.5,FA	+6.90,+3.1,+19.9,EB	+2.43,+259.1,+20.6,GB	+7.09,-6.7,+19.8,@B	
1700489265.779426	+6.52,+17.3,+21.4,JA	+6.44,+27.0,+21.3,JA	+6.49,+25.5,+21.5,FA	+6.90,+2.9,+19.9,LB	+2.43,+259.3,+20.7,DB	+7.09,-6.8,+19.8,OB	
1700489327.7859783	+6.52,+17.3,+21.4,JA	+6.44,+27.0,+21.3,JA	+6.50,+25.4,+21.5,OA	+6.90,+3.1,+19.9,EB	+2.43,+259.7,+20.6,AB	+7.09,-6.8,+19.8,OB	
1700489389.7940016	+6.52,+17.3,+21.4,JA	+6.44,+26.9,+21.3,BA	+6.49,+25.5,+21.5,FA	+6.90,+3.1,+19.8,DB	+2.42,+259.7,+20.6,@B	+7.09,-6.7,+19.8,@B	
1700489451.8008575	+6.52,+17.3,+21.4,JA	+6.44,+26.9,+21.3,BA	+6.49,+25.5,+21.5,FA	+6.90,+3.0,+19.9,DB	+2.42,+260.1,+20.6,LB	+7.09,-6.7,+19.8,@B	
1700489513.8090878	+6.52,+17.3,+21.4,JA	+6.44,+26.9,+21.3,BA	+6.50,+25.4,+21.5,OA	+6.90,+3.1,+19.9,EB	+2.41,+260.3,+20.6,MB	+7.09,-6.7,+19.8,@B	
1700489575.8180583	+6.52,+17.3,+21.4,JA	+6.44,+26.9,+21.3,BA	+6.49,+25.5,+21.4,GA	+6.90,+3.1,+19.9,EB	+2.42,+259.9,+20.7,OB	+7.09,-6.8,+19.8,OB	
1700489637.8258054	+6.52,+17.3,+21.4,JA	+6.44,+26.9,+21.3,BA	+6.49,+25.5,+21.5,FA	+6.90,+3.1,+19.9,EB	+2.42,+259.8,+20.7,NB	+7.09,-6.8,+19.8,OB	
1700489699.8345747	+6.52,+17.3,+21.4,JA	+6.44,+26.9,+21.3,BA	+6.49,+25.5,+21.5,FA	+6.90,+3.0,+19.9,DB	+2.43,+259.4,+20.6,BB	+7.09,-6.8,+19.8,OB	
1700489761.844396	+6.52,+17.2,+21.4,KA	+6.44,+26.9,+21.3,BA	+6.49,+25.5,+21.5,FA	+6.90,+3.3,+19.9,GB	+2.42,+260.1,+20.6,LB	+7.09,-6.9,+19.8,NB	
1700489823.851664	+6.52,+17.3,+21.4,JA	+6.44,+26.9,+21.3,BA	+6.49,+25.5,+21.5,FA	+6.90,+3.1,+19.8,DB	+2.42,+260.2,+20.6,OB	+7.09,-6.9,+19.8,NB	
1700489885.8579895	+6.52,+17.2,+21.4,KA	+6.44,+26.9,+21.3,BA	+6.49,+25.5,+21.5,FA	+6.90,+3.2,+19.9,FB	+2.42,+260.2,+20.6,OB	+7.09,-6.9,+19.8,NB	
1700489947.8669512	+6.52,+17.3,+21.4,JA	+6.44,+26.9,+21.3,BA	+6.49,+25.5,+21.5,FA	+6.90,+2.9,+19.8,MB	+2.41,+260.4,+20.6,JB	+7.09,-6.8,+19.8,OB	
1700490009.8756344	+6.52,+17.2,+21.4,KA	+6.44,+26.9,+21.3,BA	+6.49,+25.5,+21.4,GA	+6.90,+3.2,+19.8,GB	+2.41,+260.6,+20.6,HB	+7.09,-6.7,+19.8,@B	
1700490071.8848	+6.52,+17.3,+21.4,JA	+6.44,+26.8,+21.3,CA	+6.49,+25.5,+21.4,GA	+6.90,+2.9,+19.9,LB	+2.41,+260.7,+20.6,IB	+7.09,-6.7,+19.8,@B	
1700490133.893799	+6.52,+17.3,+21.4,JA	+6.44,+26.9,+21.3,BA	+6.49,+25.6,+21.4,DA	+6.90,+2.9,+19.8,MB	+2.42,+260.2,+20.6,OB	+7.09,-6.6,+19.8,AB	
1700490195.903567	+6.52,+17.3,+21.4,JA	+6.44,+26.8,+21.3,CA	+6.49,+25.5,+21.4,GA	+6.90,+2.9,+19.9,LB	+2.42,+259.9,+20.7,OB	+7.09,-6.6,+19.8,AB	
1700490257.9131243	+6.52,+17.2,+21.4,KA	+6.44,+26.8,+21.3,CA	+6.49,+25.5,+21.5,FA	+6.90,+3.0,+19.8,EB	+2.42,+260.1,+20.7,MB	+7.09,-6.6,+19.8,AB	
1700490503.5098336	+6.52,+17.3,+21.4,JA	+6.44,+26.7,+21.3,LA	+6.49,+25.5,+21.4,GA	+6.90,+2.9,+19.8,MB	+2.40,+260.8,+20.6,GB	+7.09,-6.7,+19.8,@B	
1700490565.519911	+6.52,+17.3,+21.4,JA	+6.44,+26.7,+21.3,LA	+6.49,+25.5,+21.4,GA	+6.91,+2.7,+19.8,BB	+2.40,+261.3,+20.6,MB	+7.09,-6.8,+19.8,OB	
1700490627.5293288	+6.52,+17.3,+21.4,JA	+6.44,+26.7,+21.3,LA	+6.49,+25.5,+21.4,GA	+6.90,+2.8,+19.8,LB	+2.40,+261.1,+20.6,OB	+7.09,-6.8,+19.8,OB	
1700490689.5388188	+6.52,+17.3,+21.4,JA	+6.44,+26.7,+21.3,LA	+6.49,+25.5,+21.5,FA	+6.91,+2.7,+19.8,BB	+2.40,+261.0,+20.6,NB	+7.09,-6.9,+19.8,NB	
1700490751.549299	+6.52,+17.3,+21.4,JA	+6.44,+26.7,+21.3,LA	+6.50,+25.5,+21.4,OA	+6.90,+2.8,+19.8,LB	+2.39,+261.4,+20.6,DB	+7.09,-6.9,+19.8,NB	
1700490813.5585098	+6.52,+17.2,+21.4,KA	+6.44,+26.7,+21.3,LA	+6.49,+25.5,+21.5,FA	+6.91,+2.7,+19.8,BB	+2.39,+261.4,+20.6,DB	+7.09,-6.9,+19.8,NB	
1700490875.5673997	+6.52,+17.2,+21.4,KA	+6.44,+26.7,+21.3,LA	+6.49,+25.5,+21.4,GA	+6.92,+1.9,+19.8,LB	+2.39,+261.5,+20.6,EB	+7.09,-7.0,+19.8,FB	
1700490937.57477	+6.52,+17.3,+21.4,JA	+6.44,+26.7,+21.3,LA	+6.49,+25.5,+21.4,GA	+6.91,+2.7,+19.8,BB	+2.42,+260.2,+20.6,OB	+7.09,-7.0,+19.8,FB	
1700490999.5841858	+6.52,+17.2,+21.4,KA	+6.44,+26.7,+21.3,LA	+6.49,+25.5,+21.4,GA	+6.91,+2.7,+19.8,BB	+2.41,+260.3,+20.6,MB	+7.09,-7.0,+19.8,FB	
1700491061.5914283	+6.52,+17.2,+21.4,KA	+6.44,+26.7,+21.3,LA	+6.49,+25.6,+21.4,DA	+6.91,+2.7,+19.8,BB	+2.42,+260.2,+20.6,OB	+7.09,-6.8,+19.8,OB	
1700491123.6005614	+6.52,+17.3,+21.4,JA	+6.44,+26.7,+21.3,LA	+6.49,+25.5,+21.4,GA	+6.91,+2.5,+19.8,@B	+2.42,+260.0,+20.6,MB	+7.09,-6.9,+19.8,NB	
1700491185.609119	+6.52,+17.2,+21.4,KA	+6.44,+26.7,+21.3,LA	+6.49,+25.5,+21.4,GA	+6.91,+2.6,+19.8,CB	+2.42,+259.9,+20.6,NB	+7.09,-6.8,+19.8,OB	
1700491247.6162455	+6.52,+17.2,+21.4,KA	+6.44,+26.6,+21.3,MA	+6.49,+25.6,+21.4,DA	+6.91,+2.5,+19.8,@B	+2.43,+259.6,+20.6,@B	+7.09,-6.8,+19.8,OB	
1700491309.624672	+6.52,+17.3,+21.4,JA	+6.44,+26.7,+21.3,LA	+6.49,+25.5,+21.4,GA	+6.91,+2.5,+19.8,@B	+2.43,+259.6,+20.6,@B	+7.09,-6.9,+19.8,NB	
1700491371.6304035	+6.52,+17.3,+21.4,JA	+6.44,+26.6,+21.3,MA	+6.49,+25.5,+21.4,GA	+6.91,+2.3,+19.8,FB	+2.42,+259.7,+20.6,@B	+7.09,-6.7,+19.8,@B	
1700491433.6419134	+6.52,+17.2,+21.4,KA	+6.44,+26.6,+21.3,MA	+6.49,+25.5,+21.5,FA	+6.91,+2.5,+19.8,@B	+2.42,+259.7,+20.6,@B	+7.09,-6.7,+19.8,@B	
1700491495.6512558	+6.52,+17.2,+21.4,KA	+6.44,+26.7,+21.3,LA	+6.49,+25.5,+21.5,FA	+6.91,+2.4,+19.8,AB	+2.43,+259.6,+20.6,@B	+7.09,-6.9,+19.8,NB	
1700491557.6595027	+6.52,+17.3,+21.4,JA	+6.45,+26.6,+21.3,LA	+6.49,+25.5,+21.4,GA	+6.91,+2.6,+19.8,CB	+2.43,+259.3,+20.6,EB	+7.09,-6.9,+19.8,NB	
1700491619.6692073	+6.52,+17.2,+21.4,KA	+6.44,+26.6,+21.3,MA	+6.49,+25.5,+21.4,GA	+6.91,+2.4,+19.8,AB	+2.43,+259.2,+20.6,DB	+7.09,-7.0,+19.8,FB	
1700491681.6791139	+6.52,+17.3,+21.4,JA	+6.45,+26.6,+21.3,LA	+6.50,+25.4,+21.5,OA	+6.91,+2.5,+19.8,@B	+2.44,+259.0,+20.6,AB	+7.09,-7.0,+19.8,FB	
1700491743.6879523	+6.52,+17.2,+21.4,KA	+6.44,+26.7,+21.3,LA	+6.49,+25.5,+21.5,FA	+6.91,+2.2,+19.8,GB	+2.45,+258.5,+20.6,DB	+7.09,-7.1,+19.8,GB	
1700491805.6975842	+6.52,+17.2,+21.4,KA	+6.45,+26.6,+21.3,LA	+6.49,+25.5,+21.5,FA	+6.91,+2.3,+19.8,FB	+2.44,+258.7,+20.6,GB	+7.09,-7.1,+19.8,GB	
1700491867.7077632	+6.52,+17.2,+21.4,KA	+6.45,+26.6,+21.3,LA	+6.49,+25.5,+21.5,FA	+6.92,+2.1,+19.8,GB	+2.44,+258.6,+20.6,FB	+7.09,-7.0,+19.8,FB	
1700491929.7175	+6.52,+17.2,+21.4,KA	+6.44,+26.6,+21.3,MA	+6.49,+25.5,+21.5,FA	+6.92,+2.1,+19.8,GB	+2.44,+258.7,+20.6,GB	+7.09,-7.1,+19.8,GB	
1700491991.7275696	+6.52,+17.2,+21.4,KA	+6.44,+26.6,+21.3,MA	+6.49,+25.5,+21.5,FA	+6.92,+2.1,+19.8,GB	+2.44,+258.5,+20.6,EB	+7.10,-7.1,+19.8,OB	
1700492053.7365913	+6.52,+17.2,+21.4,KA	+6.44,+26.7,+21.3,LA	+6.49,+25.5,+21.5,FA	+6.91,+2.2,+19.8,GB	+2.44,+258.8,+20.6,HB	+7.10,-7.1,+19.8,OB	
1700492115.7463002	+6.52,+17.2,+21.4,KA	+6.44,+26.7,+21.3,LA	+6.49,+25.6,+21.5,EA	+6.92,+2.0,+19.8,FB	+2.44,+258.8,+20.6,HB	+7.10,-7.2,+19.8,LB	
1700492177.7573345	+6.52,+17.2,+21.4,KA	+6.44,+26.7,+21.3,LA	+6.49,+25.5,+21.4,GA	+6.92,+2.1,+19.8,GB	+2.44,+258.6,+20.6,FB	+7.09,-7.0,+19.8,FB	
1700492239.7653022	+6.52,+17.2,+21.4,KA	+6.44,+26.7,+21.3,LA	+6.49,+25.5,+21.4,GA	+6.92,+2.0,+19.8,FB	+2.44,+258.6,+20.6,FB	+7.09,-7.0,+19.8,FB	
1700492301.7744672	+6.52,+17.3,+21.4,JA	+6.44,+26.7,+21.3,LA	+6.49,+25.5,+21.5,FA	+6.92,+2.0,+19.8,FB	+2.44,+258.7,+20.6,GB	+7.09,-7.0,+19.8,FB	
1700492363.7854257	+6.52,+17.2,+21.4,KA	+6.44,+26.7,+21.3,LA	+6.49,+25.6,+21.4,DA	+6.92,+2.1,+19.8,GB	+2.45,+258.3,+20.6,BB	+7.09,-7.0,+19.8,FB	
1700492425.795404	+6.52,+17.3,+21.4,JA	+6.44,+26.7,+21.3,LA	+6.49,+25.5,+21.4,GA	+6.92,+2.0,+19.8,FB	+2.45,+258.1,+20.6,@B	+7.09,-7.1,+19.8,GB	
1700492487.8056407	+6.52,+17.3,+21.4,JA	+6.44,+26.7,+21.3,LA	+6.50,+25.5,+21.4,OA	+6.92,+1.9,+19.8,LB	+2.45,+258.2,+20.6,CB	+7.09,-7.1,+19.8,GB	
1700492549.8157923	+6.52,+17.2,+21.4,KA	+6.44,+26.7,+21.3,LA	+6.49,+25.5,+21.5,FA	+6.92,+1.8,+19.8,MB	+2.45,+258.2,+20.6,CB	+7.09,-7.0,+19.8,FB	
1700492611.8260272	+6.52,+17.3,+21.4,JA	+6.44,+26.7,+21.3,LA	+6.49,+25.5,+21.5,FA	+6.92,+1.8,+19.8,MB	+2.45,+258.4,+20.6,EB	+7.09,-7.0,+19.8,FB	
1700492673.836527	+6.52,+17.2,+21.4,KA	+6.44,+26.7,+21.3,LA	+6.49,+25.5,+21.5,FA	+6.92,+1.9,+19.8,LB	+2.45,+258.4,+20.6,EB	+7.09,-7.1,+19.8,GB	
1700492735.8451798	+6.52,+17.2,+21.4,KA	+6.44,+26.7,+21.3,LA	+6.49,+25.5,+21.5,FA	+6.92,+1.7,+19.8,BB	+2.45,+258.3,+20.6,BB	+7.10,-7.1,+19.8,OB	
1700492797.8554401	+6.52,+17.2,+21.4,KA	+6.44,+26.7,+21.3,LA	+6.49,+25.5,+21.5,FA	+6.92,+1.8,+19.8,MB	+2.45,+258.4,+20.6,EB	+7.10,-7.2,+19.8,LB	
1700492859.8644574	+6.52,+17.3,+21.4,JA	+6.44,+26.7,+21.3,LA	+6.49,+25.5,+21.5,FA	+6.93,+1.3,+19.8,GB	+2.45,+258.0,+20.6,AB	+7.10,-7.2,+19.8,LB	
1700492921.8735952	+6.52,+17.2,+21.4,KA	+6.44,+26.7,+21.3,LA	+6.49,+25.5,+21.5,FA	+6.93,+1.3,+19.8,GB	+2.45,+258.2,+20.6,CB	+7.10,-7.3,+19.8,MB	
1700492983.884868	+6.52,+17.2,+21.4,KA	+6.44,+26.7,+21.3,LA	+6.49,+25.5,+21.5,FA	+6.93,+1.5,+19.8,AB	+2.45,+258.2,+20.6,CB	+7.10,-7.2,+19.8,LB	
1700493045.895608	+6.52,+17.2,+21.4,KA	+6.44,+26.7,+21.3,LA	+6.49,+25.5,+21.5,FA	+6.93,+1.2,+19.8,FB	+2.45,+258.4,+20.6,EB	+7.10,-7.3,+19.8,MB	
1700493107.903234	+6.52,+17.2,+21.4,KA	+6.44,+26.7,+21.3,LA	+6.49,+25.5,+21.5,FA	+6.93,+1.3,+19.8,GB	+2.45,+258.5,+20.6,DB	+7.10,-7.3,+19.8,MB	
1700493169.9087315	+6.52,+17.2,+21.4,KA	+6.44,+26.7,+21.3,LA	+6.49,+25.5,+21.5,FA	+6.93,+1.3,+19.8,GB	+2.45,+258.3,+20.6,BB	+7.10,-7.2,+19.8,LB	
1700493231.9193008	+6.52,+17.3,+21.4,JA	+6.44,+26.8,+21.3,CA	+6.50,+25.5,+21.5,NA	+6.93,+1.5,+19.8,AB	+2.44,+258.7,+20.6,GB	+7.10,-7.2,+19.8,LB	
1700493293.926446	+6.52,+17.2,+21.4,KA	+6.44,+26.7,+21.3,LA	+6.49,+25.5,+21.5,FA	+6.93,+1.3,+19.8,GB	+2.44,+258.8,+20.6,HB	+7.10,-7.2,+19.8,LB	
1700493355.9355786	+6.52,+17.3,+21.4,JA	+6.44,+26.8,+21.3,CA	+6.49,+25.5,+21.5,FA	+6.93,+1.4,+19.8,@B	+2.44,+258.9,+20.6,IB	+7.10,-7.2,+19.8,LB	
1700493417.943742	+6.52,+17.2,+21.4,KA	+6.44,+26.8,+21.3,CA	+6.49,+25.5,+21.5,FA	+6.93,+1.3,+19.8,GB	+2.44,+258.9,+20.6,IB	+7.10,-7.2,+19.8,LB	
1700493479.9540603	+6.52,+17.3,+21.4,JA	+6.44,+26.8,+21.3,CA	+6.49,+25.5,+21.5,FA	+6.93,+1.3,+19.8,GB	+2.44,+258.9,+20.7,HB	+7.10,-7.1,+19.8,OB	
1700493541.9643056	+6.52,+17.3,+21.4,JA	+6.44,+26.8,+21.3,CA	+6.49,+25.5,+21.5,FA	+6.93,+1.2,+19.8,FB	+2.44,+258.8,+20.6,HB	+7.09,-7.0,+19.8,FB	
1700493603.9714668	+6.52,+17.3,+21.4,JA	+6.44,+26.8,+21.3,CA	+6.49,+25.6,+21.5,EA	+6.93,+1.2,+19.8,FB	+2.44,+258.7,+20.6,GB	+7.10,-7.1,+19.8,OB	
1700493665.9803052	+6.52,+17.3,+21.4,JA	+6.44,+26.8,+21.3,CA	+6.49,+25.5,+21.5,FA	+6.93,+1.1,+19.8,EB	+2.44,+258.8,+20.6,HB	+7.10,-7.1,+19.8,OB	
1700493727.988946	+6.52,+17.3,+21.4,JA	+6.44,+26.9,+21.3,BA	+6.49,+25.5,+21.5,FA	+6.93,+1.1,+19.8,EB	+2.44,+258.8,+20.6,HB	+7.10,-7.2,+19.8,LB	
1700493789.997419	+6.52,+17.2,+21.4,KA	+6.44,+26.9,+21.3,BA	+6.49,+25.5,+21.5,FA	+6.94,+1.0,+19.8,CB	+2.44,+258.8,+20.6,HB	+7.10,-7.2,+19.8,LB	
1700493852.0072517	+6.52,+17.2,+21.4,KA	+6.44,+26.8,+21.3,CA	+6.49,+25.5,+21.5,FA	+6.93,+1.1,+19.8,EB	+2.44,+258.8,+20.6,HB	+7.10,-7.3,+19.8,MB	
1700493914.0126092	+6.52,+17.3,+21.4,JA	+6.44,+26.9,+21.3,BA	+6.49,+25.5,+21.5,FA	+6.93,+1.0,+19.8,DB	+2.44,+258.8,+20.6,HB	+7.10,-7.3,+19.8,MB	
1700493976.0223267	+6.52,+17.2,+21.4,KA	+6.44,+26.9,+21.3,BA	+6.49,+25.5,+21.5,FA	+6.93,+1.1,+19.8,EB	+2.44,+258.8,+20.6,HB	+7.10,-7.3,+19.8,MB	
1700494038.0320373	+6.52,+17.3,+21.4,JA	+6.44,+26.8,+21.4,DA	+6.49,+25.5,+21.5,FA	+6.93,+1.1,+19.8,EB	+2.44,+258.8,+20.6,HB	+7.10,-7.3,+19.8,MB	
1700494100.0405197	+6.52,+17.3,+21.4,JA	+6.44,+26.9,+21.4,EA	+6.49,+25.5,+21.5,FA	+6.94,+0.9,+19.8,KB	+2.44,+258.7,+20.6,GB	+7.10,-7.3,+19.8,MB	
1700494345.6502676	+6.52,+17.3,+21.4,JA	+6.44,+27.2,+21.4,OA	+6.49,+25.5,+21.5,FA	+6.94,+0.8,+19.8,JB	+2.45,+258.1,+20.6,@B	+7.10,-7.3,+19.8,MB	
1700494407.6607516	+6.52,+17.3,+21.4,JA	+6.44,+27.2,+21.4,OA	+6.49,+25.5,+21.5,FA	+6.94,+0.8,+19.8,JB	+2.45,+258.0,+20.6,AB	+7.10,-7.4,+19.8,JB	
1700494469.6528351	+6.52,+17.2,+21.4,KA	+6.44,+27.2,+21.3,HA	+6.49,+25.5,+21.5,FA	+6.94,+0.8,+19.9,KB	+2.45,+258.2,+20.6,CB	+7.10,-7.3,+19.8,MB	
1700494531.6524596	+6.52,+17.2,+21.4,KA	+6.44,+27.1,+21.3,KA	+6.49,+25.5,+21.5,FA	+6.94,+0.9,+19.8,KB	+2.48,+256.2,+20.6,@B	+7.10,-7.2,+19.8,LB	
1700494593.6574492	+6.52,+17.3,+21.4,JA	+6.43,+27.2,+21.3,OA	+6.49,+25.5,+21.5,FA	+6.94,+0.9,+19.8,KB	+2.49,+256.1,+20.6,BB	+7.10,-7.3,+19.8,MB	
1700494655.6603978	+6.52,+17.3,+21.4,JA	+6.44,+27.2,+21.3,HA	+6.49,+25.5,+21.5,FA	+6.94,+0.9,+19.8,KB	+2.49,+255.8,+20.6,HB	+7.10,-7.2,+19.8,LB	
1700494717.6660132	+6.52,+17.3,+21.4,JA	+6.43,+27.2,+21.3,OA	+6.49,+25.5,+21.5,FA	+6.94,+0.7,+19.8,EB	+2.50,+255.5,+20.6,MB	+7.10,-7.3,+19.8,MB	
1700494779.6755352	+6.52,+17.2,+21.4,KA	+6.43,+27.3,+21.4,IA	+6.49,+25.5,+21.5,FA	+6.94,+0.7,+19.8,EB	+2.50,+255.6,+20.6,NB	+7.10,-7.3,+19.8,MB	
1700494841.6836488	+6.52,+17.3,+21.4,JA	+6.43,+27.3,+21.3,NA	+6.49,+25.5,+21.5,FA	+6.94,+0.5,+19.8,GB	+2.50,+255.5,+20.6,MB	+7.10,-7.3,+19.8,MB	
1700494903.6940916	+6.52,+17.2,+21.4,KA	+6.43,+27.3,+21.4,IA	+6.49,+25.5,+21.5,FA	+6.94,+0.6,+19.8,DB	+2.50,+255.6,+20.6,NB	+7.10,-7.4,+19.8,JB	
1700494965.6975212	+6.52,+17.3,+21.4,JA	+6.43,+27.3,+21.3,NA	+6.49,+25.5,+21.5,FA	+6.94,+0.5,+19.8,GB	+2.50,+255.6,+20.6,NB	+7.10,-7.4,+19.8,JB	
1700495027.6966224	+6.52,+17.3,+21.5,KA	+6.43,+27.3,+21.4,IA	+6.49,+25.6,+21.5,EA	+6.94,+0.5,+19.8,GB	+2.50,+255.6,+20.6,NB	+7.10,-7.3,+19.8,MB	
1700495089.702129	+6.52,+17.3,+21.4,JA	+6.43,+27.3,+21.4,IA	+6.49,+25.5,+21.5,FA	+6.94,+0.5,+19.8,GB	+2.50,+255.6,+20.6,NB	+7.10,-7.4,+19.8,JB	
1700495151.7082663	+6.52,+17.3,+21.4,JA	+6.43,+27.3,+21.3,NA	+6.49,+25.6,+21.5,EA	+6.94,+0.6,+19.8,DB	+2.49,+255.6,+20.6,FB	+7.10,-7.4,+19.8,JB	
1700495213.716027	+6.52,+17.2,+21.4,KA	+6.43,+27.3,+21.4,IA	+6.49,+25.5,+21.5,FA	+6.95,+0.4,+19.8,GB	+2.50,+255.5,+20.6,MB	+7.10,-7.5,+19.8,KB	
1700495275.7205641	+6.52,+17.2,+21.4,KA	+6.43,+27.4,+21.4,NA	+6.49,+25.5,+21.5,FA	+6.94,+0.6,+19.8,DB	+2.49,+255.9,+20.6,IB	+7.10,-7.5,+19.8,KB	
1700495337.7301943	+6.52,+17.3,+21.4,JA	+6.43,+27.4,+21.4,NA	+6.50,+25.4,+21.5,OA	+6.94,+0.5,+19.8,GB	+2.49,+255.8,+20.6,HB	+7.10,-7.5,+19.8,KB	
1700495399.739011	+6.52,+17.3,+21.4,JA	+6.43,+27.4,+21.3,IA	+6.49,+25.5,+21.5,FA	+6.95,+0.4,+19.8,GB	+2.49,+256.0,+20.6,CB	+7.10,-7.5,+19.8,KB	
1700495461.7486706	+6.52,+17.2,+21.4,KA	+6.43,+27.4,+21.4,NA	+6.49,+25.5,+21.5,FA	+6.94,+0.6,+19.8,DB	+2.49,+256.0,+20.6,CB	+7.10,-7.5,+19.8,KB	
1700495523.7554092	+6.52,+17.2,+21.4,KA	+6.43,+27.5,+21.4,OA	+6.49,+25.5,+21.5,FA	+6.94,+0.5,+19.8,GB	+2.48,+256.3,+20.6,AB	+7.10,-7.5,+19.8,KB	
1700495585.7688131	+6.52,+17.3,+21.4,JA	+6.43,+27.6,+21.4,LA	+6.49,+25.5,+21.5,FA	+6.94,+0.5,+19.8,GB	+2.48,+256.5,+20.6,GB	+7.10,-7.4,+19.8,JB	
1700495647.7784135	+6.52,+17.2,+21.4,KA	+6.43,+27.6,+21.3,KA	+6.49,+25.5,+21.5,FA	+6.94,+0.5,+19.8,GB	+2.48,+256.5,+20.6,GB	+7.10,-7.4,+19.8,JB	
1700495709.7876334	+6.52,+17.3,+21.4,JA	+6.43,+27.6,+21.3,KA	+6.49,+25.5,+21.5,FA	+6.94,+0.6,+19.8,DB	+2.48,+256.8,+20.6,JB	+7.10,-7.4,+19.8,JB	
1700495771.7975261	+6.52,+17.2,+21.4,KA	+6.43,+27.7,+21.3,JA	+6.49,+25.5,+21.5,FA	+6.94,+0.5,+19.8,GB	+2.47,+256.9,+20.6,DB	+7.10,-7.4,+19.8,JB	
1700495833.805503	+6.52,+17.2,+21.4,KA	+6.43,+27.6,+21.4,LA	+6.49,+25.5,+21.5,FA	+6.94,+0.5,+19.8,GB	+2.47,+257.1,+20.6,MB	+7.10,-7.4,+19.8,JB	
1700495895.8123639	+6.52,+17.3,+21.4,JA	+6.43,+27.7,+21.4,MA	+6.49,+25.5,+21.5,FA	+6.95,+0.3,+19.8,@B	+2.47,+257.2,+20.6,NB	+7.10,-7.4,+19.8,JB	
1700495957.822008	+6.52,+17.3,+21.4,JA	+6.43,+27.7,+21.3,JA	+6.49,+25.5,+21.5,FA	+6.94,+0.5,+19.8,GB	+2.47,+257.3,+20.6,OB	+7.10,-7.4,+19.8,JB	
1700496019.830573	+6.52,+17.3,+21.4,JA	+6.43,+27.7,+21.4,MA	+6.49,+25.6,+21.5,EA	+6.95,+0.4,+19.8,GB	+2.46,+257.5,+20.6,HB	+7.10,-7.4,+19.8,JB	
1700496081.8402467	+6.52,+17.3,+21.4,JA	+6.43,+27.7,+21.4,MA	+6.49,+25.5,+21.5,FA	+6.95,+0.4,+19.8,GB	+2.46,+257.6,+20.6,KB	+7.10,-7.4,+19.8,JB	
1700496143.8495286	+6.52,+17.3,+21.4,JA	+6.43,+27.7,+21.4,MA	+6.49,+25.5,+21.5,FA	+6.95,+0.4,+19.8,GB	+2.46,+257.7,+20.6,JB	+7.10,-7.5,+19.8,KB	
1700496205.857502	+6.52,+17.3,+21.5,KA	+6.43,+27.7,+21.4,MA	+6.49,+25.5,+21.5,FA	+6.94,+0.5,+19.8,GB	+2.46,+257.7,+20.6,JB	+7.10,-7.5,+19.8,KB	
1700496267.8657937	+6.52,+17.2,+21.4,KA	+6.43,+27.7,+21.4,MA	+6.49,+25.5,+21.5,FA	+6.94,+0.9,+19.8,KB	+2.45,+258.1,+20.6,@B	+7.10,-7.5,+19.8,KB	
1700496329.8711991	+6.52,+17.2,+21.5,JA	+6.43,+27.7,+21.4,MA	+6.49,+25.5,+21.5,FA	+6.94,+0.5,+19.8,GB	+2.45,+258.3,+20.6,BB	+7.10,-7.5,+19.8,KB	
1700496391.8797793	+6.52,+17.2,+21.5,JA	+6.43,+27.7,+21.4,MA	+6.49,+25.5,+21.5,FA	+6.95,+0.3,+19.8,@B	+2.45,+258.5,+20.6,DB	+7.10,-7.6,+19.8,HB	
1700496453.889183	+6.52,+17.2,+21.4,KA	+6.43,+27.7,+21.4,MA	+6.49,+25.5,+21.5,FA	+6.94,+0.5,+19.8,GB	+2.44,+258.6,+20.6,FB	+7.10,-7.5,+19.8,KB	
1700496515.897818	+6.52,+17.2,+21.5,JA	+6.43,+27.8,+21.4,BA	+6.49,+25.5,+21.5,FA	+6.95,+0.2,+19.8,AB	+2.44,+258.6,+20.6,FB	+7.10,-7.5,+19.8,KB	
1700496577.906296	+6.52,+17.3,+21.4,JA	+6.43,+27.8,+21.4,BA	+6.49,+25.5,+21.5,FA	+6.95,+0.4,+19.8,GB	+2.44,+258.6,+20.6,FB	+7.10,-7.5,+19.8,KB	
1700496639.9164233	+6.52,+17.2,+21.4,KA	+6.43,+27.8,+21.4,BA	+6.49,+25.5,+21.5,FA	+6.95,+0.3,+19.8,@B	+2.44,+258.8,+20.6,HB	+7.10,-7.4,+19.8,JB	
1700496701.923747	+6.52,+17.3,+21.4,JA	+6.43,+27.8,+21.4,BA	+6.49,+25.5,+21.5,FA	+6.95,+0.4,+19.8,GB	+2.44,+258.6,+20.6,FB	+7.10,-7.5,+19.8,KB	
1700496763.9332066	+6.52,+17.3,+21.5,KA	+6.43,+27.7,+21.4,MA	+6.49,+25.5,+21.5,FA	+6.95,+0.3,+19.9,AB	+2.44,+258.8,+20.6,HB	+7.10,-7.5,+19.8,KB	
1700496825.941748	+6.52,+17.3,+21.4,JA	+6.43,+27.8,+21.4,BA	+6.50,+25.4,+21.5,OA	+6.95,+0.1,+19.8,BB	+2.44,+259.0,+20.6,AB	+7.10,-7.4,+19.8,JB	
1700496887.9482608	+6.52,+17.2,+21.4,KA	+6.43,+27.7,+21.4,MA	+6.49,+25.5,+21.5,FA	+6.95,+0.1,+19.8,BB	+2.44,+259.0,+20.6,AB	+7.10,-7.5,+19.8,KB	
1700496949.9555163	+6.52,+17.3,+21.4,JA	+6.43,+27.8,+21.4,BA	+6.49,+25.5,+21.5,FA	+6.95,-0.1,+19.8,DB	+2.44,+258.9,+20.6,IB	+7.10,-7.4,+19.8,JB	
1700497011.9659083	+6.52,+17.3,+21.4,JA	+6.43,+27.7,+21.4,MA	+6.49,+25.5,+21.5,FA	+6.95,+0.1,+19.9,CB	+2.43,+259.1,+20.6,GB	+7.10,-7.4,+19.8,JB	
1700497073.9727738	+6.52,+17.3,+21.4,JA	+6.43,+27.7,+21.4,MA	+6.49,+25.5,+21.5,FA	+6.95,-0.1,+19.8,DB	+2.43,+259.1,+20.6,GB	+7.10,-7.5,+19.8,KB	
1700497135.9816618	+6.52,+17.2,+21.4,KA	+6.43,+27.8,+21.4,BA	+6.50,+25.4,+21.5,OA	+6.95,+0.1,+19.8,BB	+2.43,+259.2,+20.6,DB	+7.10,-7.5,+19.8,KB	
1700497197.989611	+6.52,+17.2,+21.4,KA	+6.43,+27.8,+21.4,BA	+6.49,+25.5,+21.5,FA	+6.95,-0.1,+19.8,DB	+2.43,+259.2,+20.6,DB	+7.10,-7.5,+19.8,KB	
1700497259.9982507	+6.52,+17.2,+21.5,JA	+6.43,+27.8,+21.4,BA	+6.49,+25.5,+21.5,FA	+6.95,-0.0,+19.8,EB	+2.44,+258.9,+20.6,IB	+7.10,-7.7,+19.8,IB	
1700497322.0076032	+6.52,+17.3,+21.4,JA	+6.43,+27.8,+21.4,BA	+6.49,+25.5,+21.5,FA	+6.95,-0.0,+19.9,DB	+2.44,+258.9,+20.6,IB	+7.10,-7.6,+19.8,HB	
1700497384.0145252	+6.52,+17.3,+21.4,JA	+6.42,+27.8,+21.4,CA	+6.49,+25.5,+21.5,FA	+6.95,+0.0,+19.8,CB	+2.43,+259.2,+20.6,DB	+7.10,-7.6,+19.8,HB	
1700497446.0237212	+6.52,+17.3,+21.4,JA	+6.43,+27.8,+21.4,BA	+6.50,+25.4,+21.5,OA	+6.95,+0.0,+19.8,CB	+2.43,+259.2,+20.6,DB	+7.10,-7.6,+19.8,HB	
1700497508.0333958	+6.52,+17.2,+21.4,KA	+6.43,+27.8,+21.4,BA	+6.49,+25.5,+21.5,FA	+6.95,+0.1,+19.8,BB	+2.43,+259.4,+20.6,BB	+7.10,-7.6,+19.8,HB	
1700497570.0428424	+6.52,+17.3,+21.4,JA	+6.43,+27.8,+21.3,EA	+6.49,+25.5,+21.5,FA	+6.96,-0.2,+19.8,DB	+2.43,+259.1,+20.6,GB	+7.10,-7.6,+19.8,HB	
1700497632.04996	+6.52,+17.2,+21.4,KA	+6.43,+27.8,+21.4,BA	+6.49,+25.5,+21.5,FA	+6.95,+0.1,+19.8,BB	+2.43,+259.4,+20.6,BB	+7.10,-7.6,+19.8,HB	
1700497694.0559578	+6.52,+17.3,+21.4,JA	+6.43,+27.8,+21.3,EA	+6.49,+25.5,+21.5,FA	+6.96,-0.1,+19.8,GB	+2.43,+259.4,+20.6,BB	+7.10,-7.6,+19.8,HB	
1700497756.0635612	+6.52,+17.2,+21.4,KA	+6.42,+27.8,+21.3,DA	+6.49,+25.5,+21.4,GA	+6.95,+0.0,+19.8,CB	+2.43,+259.5,+20.6,CB	+7.10,-7.5,+19.8,KB	
1700497818.0720756	+6.52,+17.2,+21.4,KA	+6.43,+27.8,+21.3,EA	+6.49,+25.5,+21.5,FA	+6.96,-0.2,+19.8,DB	+2.42,+259.7,+20.6,@B	+7.10,-7.5,+19.8,KB	
1700497880.080739	+6.52,+17.2,+21.4,KA	+6.43,+27.8,+21.3,EA	+6.50,+25.5,+21.4,OA	+6.95,-0.0,+19.8,EB	+2.43,+259.5,+20.6,CB	+7.10,-7.5,+19.8,KB	
1700497942.0889356	+6.52,+17.2,+21.4,KA	+6.43,+27.8,+21.3,EA	+6.49,+25.5,+21.5,FA	+6.96,-0.2,+19.8,DB	+2.43,+259.1,+20.6,GB	+7.10,-7.5,+19.8,KB	
1700498187.6618793	+6.52,+17.3,+21.4,JA	+6.43,+27.8,+21.3,EA	+6.49,+25.5,+21.5,FA	+6.97,-1.0,+19.8,FB	+2.45,+258.4,+20.6,EB	+7.10,-7.5,+19.8,KB	
1700498249.6669736	+6.52,+17.2,+21.4,KA	+6.42,+27.8,+21.3,DA	+6.49,+25.5,+21.5,FA	+6.98,-1.5,+19.8,LB	+2.45,+258.4,+20.6,EB	+7.10,-7.6,+19.8,HB	
1700498311.6718385	+6.52,+17.2,+21.4,KA	+6.42,+27.8,+21.4,CA	+6.49,+25.5,+21.5,FA	+6.98,-1.8,+19.8,AB	+2.45,+258.5,+20.6,DB	+7.10,-7.7,+19.8,IB	
1700498373.6771572	+6.52,+17.3,+21.4,JA	+6.42,+27.8,+21.3,DA	+6.49,+25.5,+21.5,FA	+6.99,-2.1,+19.8,JB	+2.44,+258.8,+20.6,HB	+7.10,-7.6,+19.8,HB	
1700498435.681934	+6.52,+17.3,+21.4,JA	+6.42,+27.8,+21.3,DA	+6.49,+25.5,+21.5,FA	+6.99,-2.2,+19.8,IB	+2.45,+258.5,+20.6,DB	+7.10,-7.5,+19.8,KB	
1700498497.6868129	+6.52,+17.2,+21.4,KA	+6.42,+27.8,+21.4,CA	+6.49,+25.5,+21.5,FA	+6.99,-2.3,+19.8,HB	+2.45,+258.1,+20.6,@B	+7.10,-7.6,+19.8,HB	
1700498559.6949534	+6.52,+17.2,+21.4,KA	+6.42,+27.8,+21.4,CA	+6.49,+25.5,+21.5,FA	+6.99,-2.4,+19.8,OB	+2.45,+258.3,+20.6,BB	+7.11,-7.7,+19.8,HB	
1700498621.6965945	+6.52,+17.2,+21.4,KA	+6.42,+27.8,+21.4,CA	+6.50,+25.5,+21.5,NA	+6.99,-2.3,+19.8,HB	+2.45,+258.4,+20.6,EB	+7.10,-7.6,+19.8,HB	
1700498683.7060962	+6.52,+17.2,+21.4,KA	+6.42,+27.8,+21.3,DA	+6.49,+25.5,+21.5,FA	+6.99,-2.3,+19.8,HB	+2.44,+258.5,+20.6,EB	+7.11,-7.7,+19.8,HB	
1700498745.713235	+6.52,+17.3,+21.4,JA	+6.42,+27.8,+21.4,CA	+6.49,+25.5,+21.4,GA	+6.99,-2.2,+19.8,IB	+2.44,+258.5,+20.6,EB	+7.10,-7.6,+19.8,HB	
1700498807.7203782	+6.52,+17.2,+21.4,KA	+6.42,+27.8,+21.3,DA	+6.49,+25.5,+21.5,FA	+6.99,-2.3,+19.8,HB	+2.44,+258.7,+20.6,GB	+7.10,-7.5,+19.8,KB	
1700498869.7212584	+6.52,+17.2,+21.4,KA	+6.42,+27.8,+21.3,DA	+6.49,+25.5,+21.5,FA	+6.99,-2.2,+19.8,IB	+2.44,+258.8,+20.6,HB	+7.10,-7.6,+19.8,HB	
1700498931.7265944	+6.52,+17.2,+21.4,KA	+6.43,+27.8,+21.3,EA	+6.49,+25.5,+21.5,FA	+6.99,-1.9,+19.8,AB	+2.44,+258.8,+20.6,HB	+7.10,-7.6,+19.8,HB	
1700498993.7348862	+6.52,+17.2,+21.4,KA	+6.42,+27.8,+21.3,DA	+6.49,+25.5,+21.5,FA	+6.98,-1.8,+19.8,AB	+2.44,+258.9,+20.6,IB	+7.10,-7.6,+19.8,HB	
1700499055.7423456	+6.52,+17.3,+21.4,JA	+6.42,+27.8,+21.3,DA	+6.49,+25.5,+21.5,FA	+6.99,-1.9,+19.8,AB	+2.44,+258.9,+20.6,IB	+7.10,-7.5,+19.8,KB	
1700499117.7526617	+6.52,+17.2,+21.4,KA	+6.42,+27.8,+21.3,DA	+6.49,+25.5,+21.5,FA	+6.99,-1.9,+19.8,AB	+2.44,+258.9,+20.6,IB	+7.10,-7.5,+19.8,KB	
1700499179.759187	+6.52,+17.2,+21.4,KA	+6.42,+27.8,+21.4,CA	+6.50,+25.5,+21.5,NA	+6.98,-1.8,+19.8,AB	+2.44,+259.0,+20.6,AB	+7.10,-7.5,+19.8,KB	
1700499241.7673705	+6.52,+17.2,+21.4,KA	+6.42,+27.8,+21.3,DA	+6.49,+25.5,+21.5,FA	+6.99,-1.9,+19.8,AB	+2.44,+259.0,+20.6,AB	+7.10,-7.6,+19.8,HB	
1700499303.7758288	+6.52,+17.3,+21.4,JA	+6.42,+27.8,+21.3,DA	+6.50,+25.4,+21.5,OA	+6.99,-1.9,+19.8,AB	+2.44,+259.0,+20.6,AB	+7.10,-7.6,+19.8,HB	
1700499365.7841136	+6.52,+17.3,+21.4,JA	+6.43,+27.7,+21.3,JA	+6.49,+25.5,+21.5,FA	+6.99,-1.9,+19.8,AB	+2.44,+258.9,+20.6,IB	+7.10,-7.6,+19.8,HB	
1700499427.7917435	+6.52,+17.2,+21.4,KA	+6.42,+27.8,+21.3,DA	+6.49,+25.5,+21.5,FA	+6.98,-1.8,+19.8,AB	+2.45,+258.3,+20.6,BB	+7.10,-7.7,+19.8,IB	
1700499489.797831	+6.52,+17.3,+21.4,JA	+6.43,+27.7,+21.4,MA	+6.49,+25.5,+21.5,FA	+6.98,-1.8,+19.8,AB	+2.45,+258.4,+20.6,EB	+7.11,-7.7,+19.8,HB	
1700499551.8057125	+6.52,+17.2,+21.4,KA	+6.43,+27.8,+21.3,EA	+6.49,+25.5,+21.5,FA	+7.00,-2.4,+19.8,NB	+2.44,+258.8,+20.6,HB	+7.10,-7.6,+19.8,HB	
1700499613.8143926	+6.52,+17.2,+21.4,KA	+6.43,+27.7,+21.4,MA	+6.49,+25.5,+21.5,FA	+6.99,-2.2,+19.8,IB	+2.43,+259.4,+20.6,BB	+7.11,-7.7,+19.8,HB	
1700499675.8235548	+6.52,+17.3,+21.5,KA	+6.43,+27.8,+21.4,BA	+6.49,+25.5,+21.5,FA	+6.99,-2.1,+19.8,JB	+2.43,+259.6,+20.6,@B	+7.11,-7.8,+19.8,GB	
1700499737.833242	+6.52,+17.2,+21.4,KA	+6.43,+27.8,+21.4,BA	+6.49,+25.5,+21.5,FA	+6.99,-2.1,+19.8,JB	+2.43,+259.5,+20.6,CB	+7.11,-7.8,+19.8,GB	
1700499799.843747	+6.52,+17.2,+21.4,KA	+6.42,+27.8,+21.4,CA	+6.49,+25.6,+21.5,EA	+6.99,-2.1,+19.8,JB	+2.44,+259.0,+20.6,AB	+7.11,-7.8,+19.8,GB	
1700499861.8536863	+6.52,+17.3,+21.4,JA	+6.43,+27.8,+21.3,EA	+6.49,+25.5,+21.5,FA	+6.99,-1.9,+19.9,@B	+2.44,+258.7,+20.6,GB	+7.11,-7.7,+19.8,HB	
1700499923.863716	+6.52,+17.2,+21.4,KA	+6.42,+27.8,+21.3,DA	+6.49,+25.5,+21.5,FA	+6.98,-1.8,+19.8,AB	+2.44,+258.6,+20.6,FB	+7.11,-7.7,+19.8,HB	
1700499985.8726664	+6.52,+17.3,+21.4,JA	+6.42,+27.8,+21.3,DA	+6.49,+25.5,+21.5,FA	+6.98,-1.8,+19.9,@B	+2.44,+258.6,+20.6,FB	+7.11,-7.7,+19.8,HB	
1700500047.8825958	+6.52,+17.2,+21.4,KA	+6.42,+27.8,+21.3,DA	+6.49,+25.6,+21.5,EA	+6.99,-1.9,+19.8,AB	+2.44,+258.6,+20.6,FB	+7.10,-7.6,+19.8,HB	
1700500109.890995	+6.52,+17.2,+21.4,KA	+6.43,+27.7,+21.3,JA	+6.49,+25.5,+21.5,FA	+6.99,-2.1,+19.8,JB	+2.44,+258.6,+20.6,FB	+7.10,-7.7,+19.8,IB	
1700500171.8998487	+6.52,+17.2,+21.4,KA	+6.43,+27.8,+21.3,EA	+6.49,+25.5,+21.5,FA	+6.99,-2.3,+19.9,IB	+2.44,+258.8,+20.6,HB	+7.11,-7.7,+19.8,HB	
1700500233.9107368	+6.52,+17.2,+21.4,KA	+6.43,+27.8,+21.3,EA	+6.49,+25.5,+21.5,FA	+6.99,-2.3,+19.8,HB	+2.44,+258.7,+20.6,GB	+7.10,-7.6,+19.8,HB	
1700500295.9192312	+6.52,+17.2,+21.4,KA	+6.43,+27.8,+21.4,BA	+6.49,+25.5,+21.5,FA	+6.99,-2.4,+19.8,OB	+2.44,+258.7,+20.6,GB	+7.10,-7.6,+19.8,HB	
1700500357.92878	+6.52,+17.2,+21.4,KA	+6.42,+27.8,+21.3,DA	+6.49,+25.5,+21.5,FA	+6.99,-2.4,+19.8,OB	+2.44,+259.0,+20.6,AB	+7.10,-7.6,+19.8,HB	
1700500419.9394848	+6.53,+17.2,+21.4,JA	+6.43,+27.8,+21.3,EA	+6.49,+25.5,+21.5,FA	+7.00,-2.4,+19.8,NB	+2.43,+259.1,+20.6,GB	+7.11,-7.7,+19.8,HB	
1700500481.951435	+6.52,+17.2,+21.4,KA	+6.42,+27.9,+21.4,BA	+6.49,+25.5,+21.5,FA	+7.00,-2.5,+19.8,OB	+2.44,+259.0,+20.6,AB	+7.10,-7.6,+19.8,HB	
1700500543.9617915	+6.52,+17.2,+21.4,KA	+6.42,+27.8,+21.3,DA	+6.49,+25.5,+21.5,FA	+6.99,-2.4,+19.8,OB	+2.43,+259.1,+20.6,GB	+7.11,-7.8,+19.8,GB	
1700500605.9708843	+6.52,+17.3,+21.4,JA	+6.42,+27.8,+21.4,CA	+6.49,+25.5,+21.5,FA	+7.00,-2.5,+19.8,OB	+2.44,+258.9,+20.6,IB	+7.11,-7.8,+19.8,GB	
1700500667.9786541	+6.52,+17.3,+21.4,JA	+6.43,+27.7,+21.4,MA	+6.49,+25.5,+21.5,FA	+7.00,-2.5,+19.8,OB	+2.43,+259.2,+20.6,DB	+7.11,-7.8,+19.8,GB	
1700500729.9844198	+6.52,+17.2,+21.4,KA	+6.42,+27.8,+21.4,CA	+6.49,+25.5,+21.5,FA	+7.00,-2.5,+19.8,OB	+2.43,+259.4,+20.6,BB	+7.10,-7.5,+19.8,KB	
1700500791.993487	+6.52,+17.3,+21.4,JA	+6.43,+27.8,+21.4,BA	+6.49,+25.5,+21.5,FA	+7.00,-2.4,+19.8,NB	+2.43,+259.5,+20.6,CB	+7.10,-7.4,+19.8,JB	
1700500854.0014153	+6.52,+17.2,+21.4,KA	+6.43,+27.8,+21.4,BA	+6.49,+25.5,+21.5,FA	+7.00,-2.5,+19.8,OB	+2.43,+259.3,+20.6,EB	+7.10,-7.5,+19.8,KB	
1700500916.0110126	+6.52,+17.3,+21.4,JA	+6.42,+27.8,+21.4,CA	+6.50,+25.5,+21.5,NA	+7.00,-2.5,+19.8,OB	+2.43,+259.5,+20.6,CB	+7.10,-7.5,+19.8,KB	
1700500978.0172474	+6.52,+17.3,+21.4,JA	+6.42,+27.9,+21.4,BA	+6.49,+25.5,+21.5,FA	+7.00,-2.4,+19.9,OB	+2.43,+259.5,+20.6,CB	+7.10,-7.6,+19.8,HB	
1700501040.0224311	+6.52,+17.3,+21.4,JA	+6.42,+27.9,+21.4,BA	+6.49,+25.5,+21.5,FA	+7.00,-2.5,+19.8,OB	+2.42,+259.7,+20.6,@B	+7.10,-7.6,+19.8,HB	
1700501102.0274541	+6.52,+17.3,+21.4,JA	+6.43,+27.8,+21.3,EA	+6.49,+25.5,+21.5,FA	+7.00,-2.6,+19.8,LB	+2.42,+259.7,+20.6,@B	+7.10,-7.4,+19.8,JB	
1700501164.0368216	+6.52,+17.3,+21.4,JA	+6.43,+27.8,+21.4,BA	+6.49,+25.5,+21.5,FA	+7.00,-2.6,+19.8,LB	+2.43,+259.4,+20.6,BB	+7.10,-7.4,+19.8,JB	
1700501226.0450797	+6.52,+17.3,+21.4,JA	+6.42,+27.8,+21.3,DA	+6.49,+25.5,+21.5,FA	+7.00,-2.6,+19.8,LB	+2.43,+259.5,+20.6,CB	+7.10,-7.4,+19.8,JB	
1700501288.0530813	+6.52,+17.2,+21.4,KA	+6.43,+27.7,+21.4,MA	+6.49,+25.6,+21.5,EA	+7.00,-2.6,+19.8,LB	+2.43,+259.6,+20.6,@B	+7.10,-7.5,+19.8,KB	
