62309060476	62309060477	62309060478	62309060479	62309060481	62309060482	
1701668103.8309255	+6.65,+10.1,+22.0,LA	+6.41,+29.0,+22.0,AA	+6.77,+9.8,+21.9,DB	+7.02,-3.7,+20.5,IB	+2.39,+262.3,+21.2,EB	+6.98,-0.6,+20.4,HB	
1701668165.8383992	+6.65,+10.1,+21.9,FA	+6.40,+29.1,+22.0,AA	+6.77,+9.8,+21.9,DB	+7.02,-3.7,+20.5,IB	+2.30,+267.5,+21.2,OB	+6.98,-0.6,+20.4,HB	
1701668227.8496134	+6.65,+10.1,+21.9,FA	+6.40,+29.0,+22.0,@A	+6.77,+10.0,+22.0,NA	+7.02,-3.7,+20.5,IB	+2.31,+267.0,+21.2,KB	+6.98,-0.5,+20.4,KB	
1701668289.859095	+6.65,+10.1,+21.9,FA	+6.40,+29.1,+22.0,AA	+6.77,+9.8,+22.0,NB	+7.02,-3.8,+20.5,FB	+2.32,+266.0,+21.2,IB	+6.98,-0.6,+20.4,HB	
1701668351.8690324	+6.65,+10.1,+21.9,FA	+6.41,+29.0,+22.0,AA	+6.77,+9.8,+21.9,DB	+7.02,-3.7,+20.5,IB	+2.29,+267.8,+21.2,JB	+6.98,-0.6,+20.4,HB	
1701668413.8769443	+6.65,+10.1,+21.9,FA	+6.40,+29.1,+22.0,AA	+6.77,+9.8,+21.9,DB	+7.02,-3.8,+20.4,GB	+2.30,+267.1,+21.2,KB	+6.98,-0.5,+20.4,KB	
1701668475.8867722	+6.65,+10.0,+21.9,GA	+6.40,+29.1,+22.0,AA	+6.77,+9.9,+21.9,EB	+7.02,-3.7,+20.5,IB	+2.32,+266.4,+21.2,MB	+6.98,-0.5,+20.4,KB	
1701668537.8977735	+6.65,+10.1,+21.9,FA	+6.41,+29.0,+22.0,AA	+6.77,+9.8,+21.9,DB	+7.02,-3.8,+20.5,FB	+2.38,+262.7,+21.1,CB	+6.98,-0.5,+20.4,KB	
1701668599.9076405	+6.65,+10.0,+21.9,GA	+6.40,+29.2,+22.0,BA	+6.77,+9.7,+22.0,AB	+7.02,-3.8,+20.5,FB	+2.30,+267.4,+21.2,NB	+6.98,-0.5,+20.4,KB	
1701668661.916928	+6.65,+10.1,+21.9,FA	+6.40,+29.1,+22.0,AA	+6.77,+9.9,+21.9,EB	+7.02,-3.7,+20.5,IB	+2.31,+266.7,+21.2,MB	+6.98,-0.5,+20.4,KB	
1701668723.9274392	+6.65,+10.1,+21.9,FA	+6.40,+29.0,+22.0,@A	+6.77,+9.8,+22.0,NB	+7.02,-3.8,+20.5,FB	+2.36,+264.0,+21.1,LB	+6.98,-0.5,+20.4,KB	
1701668785.9374268	+6.65,+10.1,+21.9,FA	+6.41,+29.0,+22.0,AA	+6.77,+9.9,+21.9,EB	+7.02,-3.8,+20.5,FB	+2.30,+267.6,+21.2,LB	+6.98,-0.6,+20.4,HB	
1701668847.9465435	+6.65,+10.0,+21.9,GA	+6.40,+29.1,+22.0,AA	+6.77,+9.9,+21.9,EB	+7.02,-3.7,+20.5,IB	+2.30,+267.1,+21.2,KB	+6.98,-0.5,+20.5,JB	
1701668909.954814	+6.65,+10.1,+22.0,LA	+6.40,+29.0,+22.0,@A	+6.77,+9.8,+22.0,NB	+7.02,-3.7,+20.5,IB	+2.32,+266.2,+21.2,KB	+6.98,-0.5,+20.5,JB	
1701668971.9609923	+6.65,+10.1,+21.9,FA	+6.40,+29.2,+22.0,BA	+6.77,+9.8,+22.0,NB	+7.02,-3.7,+20.5,IB	+2.37,+263.4,+21.2,MB	+6.98,-0.5,+20.5,JB	
1701669033.9711597	+6.65,+10.0,+21.9,GA	+6.40,+29.2,+22.0,BA	+6.77,+9.8,+22.0,NB	+7.02,-3.7,+20.5,IB	+2.30,+267.5,+21.2,OB	+6.98,-0.5,+20.5,JB	
1701669095.9802463	+6.65,+10.1,+21.9,FA	+6.40,+29.3,+22.0,CA	+6.77,+9.9,+22.0,OB	+7.02,-3.8,+20.5,FB	+2.31,+267.0,+21.2,KB	+6.98,-0.5,+20.5,JB	
1701669157.9887252	+6.65,+10.1,+21.9,FA	+6.40,+29.3,+22.0,CA	+6.77,+9.9,+22.0,OB	+7.02,-3.8,+20.5,FB	+2.32,+266.0,+21.2,IB	+6.98,-0.6,+20.5,IB	
1701669219.9968998	+6.65,+10.1,+21.9,FA	+6.40,+29.3,+22.0,CA	+6.77,+9.7,+22.0,AB	+7.02,-3.8,+20.5,FB	+2.29,+267.8,+21.2,JB	+6.98,-0.5,+20.5,JB	
1701669282.00679	+6.65,+10.1,+21.9,FA	+6.40,+29.3,+22.0,CA	+6.77,+9.7,+22.0,AB	+7.02,-3.8,+20.5,FB	+2.30,+267.2,+21.2,HB	+6.98,-0.5,+20.5,JB	
1701669344.0149117	+6.65,+10.1,+22.0,LA	+6.40,+29.2,+22.0,BA	+6.77,+9.8,+22.0,NB	+7.02,-3.8,+20.5,FB	+2.31,+266.5,+21.2,OB	+6.98,-0.5,+20.4,KB	
1701669406.0244188	+6.65,+10.1,+21.9,FA	+6.40,+29.1,+22.0,AA	+6.77,+9.9,+22.0,OB	+7.02,-3.8,+20.5,FB	+2.39,+262.3,+21.2,EB	+6.98,-0.5,+20.4,KB	
1701669468.0332606	+6.65,+10.1,+21.9,FA	+6.40,+29.2,+22.0,BA	+6.77,+9.9,+22.0,OB	+7.02,-3.8,+20.5,FB	+2.30,+267.5,+21.2,OB	+6.98,-0.5,+20.4,KB	
1701669530.0419965	+6.65,+10.1,+21.9,FA	+6.40,+29.2,+22.0,BA	+6.77,+9.8,+21.9,DB	+7.02,-3.8,+20.5,FB	+2.30,+267.1,+21.2,KB	+6.98,-0.5,+20.4,KB	
1701669592.0524178	+6.65,+10.0,+21.9,GA	+6.40,+29.1,+22.0,AA	+6.77,+9.8,+22.0,NB	+7.02,-3.8,+20.5,FB	+2.31,+266.6,+21.2,LB	+6.98,-0.5,+20.4,KB	
1701669654.059542	+6.65,+10.1,+21.9,FA	+6.40,+29.2,+22.0,BA	+6.77,+9.9,+22.0,OB	+7.02,-3.7,+20.5,IB	+2.39,+262.4,+21.1,AB	+6.98,-0.5,+20.4,KB	
1701669716.0701566	+6.65,+10.1,+21.9,FA	+6.40,+29.2,+22.0,BA	+6.77,+9.8,+21.9,DB	+7.02,-3.8,+20.5,FB	+2.30,+267.6,+21.2,LB	+6.98,-0.5,+20.4,KB	
1701669778.0794504	+6.65,+10.2,+21.9,EA	+6.40,+29.1,+22.0,AA	+6.77,+9.8,+22.0,NB	+7.02,-3.8,+20.5,FB	+2.30,+267.1,+21.2,KB	+6.98,-0.5,+20.4,KB	
1701670023.6420088	+6.65,+10.2,+22.0,OA	+6.41,+28.7,+22.0,GA	+6.77,+9.8,+22.0,NB	+7.02,-3.8,+20.5,FB	+2.31,+266.8,+21.2,BB	+6.98,-0.6,+20.5,IB	
1701670085.6503375	+6.65,+10.2,+21.9,EA	+6.42,+28.3,+22.0,@A	+6.77,+9.8,+22.0,NB	+7.02,-3.8,+20.5,FB	+2.32,+266.4,+21.2,MB	+6.98,-0.5,+20.4,KB	
1701670147.6595268	+6.65,+10.1,+21.9,FA	+6.41,+28.6,+22.0,FA	+6.77,+9.7,+22.0,AB	+7.02,-3.8,+20.5,FB	+2.39,+262.4,+21.2,BB	+6.98,-0.6,+20.4,HB	
1701670209.6691558	+6.65,+10.2,+22.0,OA	+6.41,+28.7,+22.0,GA	+6.77,+9.9,+22.0,OB	+7.02,-3.8,+20.5,FB	+2.30,+267.6,+21.2,LB	+6.98,-0.6,+20.4,HB	
1701670271.6790552	+6.65,+10.2,+21.9,EA	+6.41,+29.0,+22.0,AA	+6.77,+9.9,+21.9,EB	+7.02,-3.9,+20.5,GB	+2.30,+267.4,+21.2,NB	+6.98,-0.6,+20.5,IB	
1701670333.6883104	+6.65,+10.2,+22.0,OA	+6.41,+29.0,+22.0,AA	+6.77,+9.9,+22.0,OB	+7.02,-3.8,+20.5,FB	+2.31,+266.8,+21.2,BB	+6.98,-0.5,+20.5,JB	
1701670395.6980004	+6.65,+10.2,+21.9,EA	+6.41,+28.7,+22.0,GA	+6.77,+9.7,+22.0,AB	+7.02,-3.8,+20.5,FB	+2.32,+265.9,+21.2,CB	+6.98,-0.5,+20.5,JB	
1701670457.7063272	+6.65,+10.2,+21.9,EA	+6.41,+28.5,+22.0,EA	+6.77,+9.8,+22.0,NB	+7.02,-3.8,+20.5,FB	+2.29,+267.9,+21.2,KB	+6.98,-0.6,+20.5,IB	
1701670519.7170596	+6.65,+10.2,+22.0,OA	+6.42,+28.3,+22.0,@A	+6.77,+9.8,+22.0,NB	+7.02,-3.8,+20.5,FB	+2.30,+267.5,+21.2,OB	+6.98,-0.5,+20.5,JB	
1701670581.7275612	+6.65,+10.2,+22.0,OA	+6.42,+28.3,+22.0,@A	+6.77,+9.7,+22.0,AB	+7.02,-3.8,+20.5,FB	+2.30,+267.1,+21.2,KB	+6.98,-0.5,+20.5,JB	
1701670643.737179	+6.65,+10.3,+22.0,NA	+6.42,+28.4,+22.0,GA	+6.77,+9.9,+22.0,OB	+7.02,-3.8,+20.5,FB	+2.32,+266.4,+21.2,MB	+6.98,-0.6,+20.5,IB	
1701670705.7465506	+6.65,+10.2,+22.0,OA	+6.42,+28.3,+22.0,@A	+6.77,+9.8,+22.0,NB	+7.02,-3.8,+20.5,FB	+2.38,+262.7,+21.2,@B	+6.98,-0.6,+20.5,IB	
1701670767.7534873	+6.65,+10.2,+21.9,EA	+6.42,+28.3,+22.0,@A	+6.77,+9.8,+22.0,NB	+7.02,-3.8,+20.5,FB	+2.29,+267.7,+21.2,EB	+6.98,-0.6,+20.4,HB	
1701670829.7640412	+6.65,+10.2,+21.9,EA	+6.42,+28.2,+22.0,AA	+6.77,+9.7,+22.0,AB	+7.02,-3.8,+20.5,FB	+2.30,+267.1,+21.2,KB	+6.98,-0.6,+20.5,IB	
1701670891.7729857	+6.65,+10.2,+21.9,EA	+6.42,+28.3,+22.0,@A	+6.77,+9.8,+22.0,NB	+7.02,-3.8,+20.5,FB	+2.31,+266.6,+21.2,LB	+6.98,-0.5,+20.5,JB	
1701670953.781701	+6.65,+10.2,+22.0,OA	+6.42,+28.3,+22.0,@A	+6.77,+9.8,+22.0,NB	+7.02,-3.8,+20.5,FB	+2.39,+262.5,+21.2,CB	+6.98,-0.6,+20.5,IB	
1701671015.7901921	+6.65,+10.2,+21.9,EA	+6.42,+28.3,+22.0,@A	+6.77,+9.7,+22.0,AB	+7.02,-3.8,+20.5,FB	+2.29,+267.7,+21.2,EB	+6.98,-0.6,+20.4,HB	
1701671077.798754	+6.65,+10.2,+21.9,EA	+6.42,+28.2,+22.0,AA	+6.77,+9.7,+22.0,AB	+7.02,-3.8,+20.5,FB	+2.30,+267.3,+21.2,IB	+6.98,-0.5,+20.4,KB	
1701671139.8079011	+6.65,+10.2,+21.9,EA	+6.42,+28.3,+22.0,@A	+6.77,+9.8,+22.0,NB	+7.02,-3.8,+20.5,FB	+2.31,+266.8,+21.2,BB	+6.98,-0.6,+20.5,IB	
1701671201.8138602	+6.65,+10.3,+21.9,DA	+6.42,+28.2,+22.0,AA	+6.77,+9.7,+21.9,KB	+7.02,-3.8,+20.5,FB	+2.32,+266.3,+21.2,JB	+6.98,-0.5,+20.4,KB	
1701671263.823309	+6.65,+10.3,+21.9,DA	+6.42,+28.3,+22.0,@A	+6.77,+9.8,+22.0,NB	+7.02,-3.8,+20.5,FB	+2.38,+262.7,+21.2,@B	+6.98,-0.5,+20.4,KB	
1701671325.8331134	+6.65,+10.2,+21.9,EA	+6.42,+28.3,+22.0,@A	+6.77,+9.8,+22.0,NB	+7.02,-3.8,+20.5,FB	+2.29,+267.9,+21.2,KB	+6.98,-0.5,+20.4,KB	
1701671387.842658	+6.65,+10.3,+22.0,NA	+6.42,+28.4,+22.0,GA	+6.77,+9.7,+22.0,AB	+7.02,-3.8,+20.5,FB	+2.30,+267.3,+21.2,IB	+6.98,-0.6,+20.4,HB	
1701671449.8521585	+6.65,+10.3,+21.9,DA	+6.42,+28.2,+22.0,AA	+6.77,+9.8,+22.0,NB	+7.02,-3.8,+20.5,FB	+2.31,+266.8,+21.2,BB	+6.98,-0.5,+20.4,KB	
1701671511.8603303	+6.65,+10.2,+21.9,EA	+6.42,+28.4,+22.0,GA	+6.77,+9.8,+22.0,NB	+7.02,-3.8,+20.5,FB	+2.32,+266.4,+21.2,MB	+6.98,-0.5,+20.5,JB	
1701671573.8691554	+6.65,+10.3,+22.0,NA	+6.42,+28.3,+22.0,@A	+6.77,+9.7,+22.0,AB	+7.02,-3.9,+20.5,GB	+2.38,+262.5,+21.2,BB	+6.98,-0.5,+20.4,KB	
1701671635.8782337	+6.65,+10.3,+22.0,NA	+6.42,+28.3,+22.0,@A	+6.77,+9.7,+22.0,AB	+7.02,-3.8,+20.5,FB	+2.29,+267.9,+21.2,KB	+6.98,-0.6,+20.5,IB	
1701671697.8882992	+6.65,+10.2,+22.0,OA	+6.42,+28.3,+22.0,@A	+6.77,+9.7,+22.0,AB	+7.02,-3.8,+20.5,FB	+2.30,+267.6,+21.2,LB	+6.98,-0.6,+20.5,IB	
1701671759.8970292	+6.65,+10.3,+22.0,NA	+6.42,+28.3,+22.0,@A	+6.77,+9.8,+22.0,NB	+7.02,-3.8,+20.5,FB	+2.30,+267.5,+21.2,OB	+6.98,-0.6,+20.5,IB	
1701671821.906793	+6.65,+10.3,+22.0,NA	+6.42,+28.4,+22.0,GA	+6.77,+9.7,+22.0,AB	+7.02,-3.8,+20.5,FB	+2.31,+267.0,+21.2,KB	+6.98,-0.6,+20.5,IB	
1701671883.9148514	+6.65,+10.3,+22.0,NA	+6.42,+28.3,+22.0,@A	+6.77,+9.8,+22.0,NB	+7.02,-3.8,+20.5,FB	+2.31,+266.9,+21.2,CB	+6.98,-0.6,+20.5,IB	
1701671945.9219804	+6.65,+10.2,+21.9,EA	+6.42,+28.3,+22.0,@A	+6.77,+9.7,+22.0,AB	+7.02,-3.8,+20.5,FB	+2.32,+266.2,+21.2,KB	+6.98,-0.5,+20.5,JB	
1701672007.931137	+6.65,+10.2,+22.0,OA	+6.42,+28.3,+22.0,@A	+6.77,+9.7,+22.0,AB	+7.02,-3.9,+20.5,GB	+2.32,+266.1,+21.2,HB	+6.98,-0.5,+20.5,JB	
1701672069.9375174	+6.65,+10.2,+22.0,OA	+6.42,+28.4,+22.0,GA	+6.77,+9.8,+22.0,NB	+7.02,-3.9,+20.5,GB	+2.38,+262.6,+21.2,AB	+6.98,-0.5,+20.5,JB	
1701672131.947092	+6.65,+10.2,+22.0,OA	+6.42,+28.3,+22.0,@A	+6.77,+9.8,+22.0,NB	+7.02,-3.8,+20.5,FB	+2.29,+267.8,+21.2,JB	+6.98,-0.5,+20.5,JB	
1701672193.9586163	+6.65,+10.3,+22.0,NA	+6.42,+28.2,+22.0,AA	+6.77,+9.7,+22.0,AB	+7.02,-3.8,+20.5,FB	+2.29,+267.7,+21.2,EB	+6.98,-0.5,+20.5,JB	
1701672255.9681156	+6.65,+10.2,+22.0,OA	+6.42,+28.2,+22.0,AA	+6.77,+9.6,+21.9,JB	+7.02,-3.8,+20.5,FB	+2.30,+267.6,+21.2,LB	+6.98,-0.5,+20.5,JB	
1701672317.97743	+6.65,+10.3,+21.9,DA	+6.42,+28.2,+22.0,AA	+6.77,+9.7,+22.0,AB	+7.02,-3.8,+20.5,FB	+2.30,+267.5,+21.2,OB	+6.98,-0.5,+20.5,JB	
1701672379.9870327	+6.65,+10.2,+22.0,OA	+6.42,+28.2,+22.0,AA	+6.77,+9.7,+22.0,AB	+7.02,-3.9,+20.5,GB	+2.30,+267.3,+21.2,IB	+6.98,-0.6,+20.5,IB	
1701672441.997541	+6.65,+10.1,+21.9,FA	+6.42,+28.2,+22.0,AA	+6.77,+9.7,+22.0,AB	+7.02,-3.8,+20.5,FB	+2.31,+267.0,+21.2,KB	+6.98,-0.5,+20.5,JB	
1701672504.0066364	+6.65,+10.1,+22.0,LA	+6.42,+28.2,+22.0,AA	+6.77,+9.7,+22.0,AB	+7.02,-3.9,+20.5,GB	+2.31,+266.6,+21.2,LB	+6.98,-0.5,+20.5,JB	
1701672566.0160546	+6.65,+10.0,+22.0,MA	+6.42,+28.2,+22.0,AA	+6.77,+9.8,+22.0,NB	+7.02,-3.8,+20.5,FB	+2.32,+266.4,+21.2,MB	+6.98,-0.5,+20.5,JB	
1701672628.0248084	+6.65,+10.1,+21.9,FA	+6.42,+28.3,+22.0,@A	+6.77,+9.7,+22.0,AB	+7.02,-3.9,+20.5,GB	+2.33,+265.4,+21.2,OB	+6.98,-0.5,+20.4,KB	
1701672690.0344388	+6.65,+10.0,+21.9,GA	+6.42,+28.1,+22.0,BA	+6.77,+9.8,+22.0,NB	+7.02,-3.8,+20.5,FB	+2.29,+268.0,+21.2,MB	+6.98,-0.6,+20.5,IB	
1701672752.043258	+6.65,+10.0,+22.0,MA	+6.42,+28.1,+22.0,BA	+6.77,+9.8,+21.9,DB	+7.02,-3.9,+20.5,GB	+2.29,+267.7,+21.2,EB	+6.98,-0.6,+20.5,IB	
1701672814.0530305	+6.65,+10.0,+22.0,MA	+6.42,+28.3,+22.0,@A	+6.77,+9.7,+22.0,AB	+7.02,-3.9,+20.5,GB	+2.30,+267.6,+21.2,LB	+6.98,-0.5,+20.5,JB	
1701672876.0636475	+6.65,+10.1,+21.9,FA	+6.42,+28.3,+22.0,@A	+6.77,+9.7,+22.0,AB	+7.02,-3.9,+20.5,GB	+2.30,+267.5,+21.2,OB	+6.98,-0.6,+20.5,IB	
1701672938.073939	+6.65,+10.0,+21.9,GA	+6.42,+28.3,+22.0,@A	+6.77,+9.8,+22.0,NB	+7.02,-3.9,+20.5,GB	+2.30,+267.5,+21.2,OB	+6.98,-0.5,+20.5,JB	
1701673000.0830786	+6.65,+10.0,+22.0,MA	+6.42,+28.3,+22.0,@A	+6.77,+9.7,+22.0,AB	+7.02,-3.9,+20.5,GB	+2.30,+267.2,+21.2,HB	+6.98,-0.6,+20.5,IB	
1701673062.093688	+6.65,+10.0,+22.0,MA	+6.42,+28.3,+22.0,@A	+6.77,+9.7,+22.0,AB	+7.02,-3.9,+20.5,GB	+2.31,+267.1,+21.2,JB	+6.98,-0.5,+20.5,JB	
1701673124.1030095	+6.65,+10.0,+22.0,MA	+6.42,+28.2,+22.0,AA	+6.77,+9.6,+22.0,@B	+7.02,-3.9,+20.5,GB	+2.31,+266.6,+21.2,LB	+6.98,-0.6,+20.5,IB	
1701673186.1131058	+6.65,+10.0,+22.0,MA	+6.42,+28.3,+22.0,@A	+6.77,+9.8,+22.0,NB	+7.02,-3.9,+20.5,GB	+2.32,+266.4,+21.2,MB	+6.98,-0.6,+20.5,IB	
1701673248.1212645	+6.65,+10.0,+22.0,MA	+6.42,+28.2,+22.0,AA	+6.77,+9.7,+22.0,AB	+7.02,-3.9,+20.5,GB	+2.38,+262.5,+21.2,BB	+6.98,-0.6,+20.5,IB	
1701673310.1322923	+6.65,+10.0,+22.0,MA	+6.42,+28.3,+22.1,AA	+6.77,+9.8,+22.0,NB	+7.02,-3.9,+20.5,GB	+2.35,+264.3,+21.2,OB	+6.98,-0.6,+20.5,IB	
1701673372.140421	+6.65,+10.1,+21.9,FA	+6.42,+28.2,+22.0,AA	+6.77,+9.7,+22.0,AB	+7.02,-3.9,+20.5,GB	+2.30,+267.6,+21.2,LB	+6.98,-0.5,+20.5,JB	
1701673434.1485167	+6.65,+10.0,+22.0,MA	+6.42,+28.2,+22.1,@A	+6.77,+9.7,+22.0,AB	+7.02,-3.9,+20.5,GB	+2.30,+267.5,+21.2,OB	+6.98,-0.6,+20.5,IB	
1701673496.1580935	+6.65,+10.0,+22.0,MA	+6.42,+28.2,+22.0,AA	+6.77,+9.7,+22.0,AB	+7.02,-3.8,+20.5,FB	+2.30,+267.7,+21.2,MB	+6.98,-0.6,+20.5,IB	
1701673558.1680343	+6.65,+10.0,+22.0,MA	+6.42,+28.2,+22.1,@A	+6.77,+9.7,+22.0,AB	+7.02,-3.8,+20.5,FB	+2.30,+267.5,+21.2,OB	+6.98,-0.6,+20.5,IB	
1701673620.1777828	+6.65,+10.0,+22.0,MA	+6.42,+28.2,+22.0,AA	+6.77,+9.7,+22.0,AB	+7.02,-3.8,+20.5,FB	+2.30,+267.5,+21.2,OB	+6.98,-0.5,+20.5,JB	
1701673865.7226367	+6.65,+10.1,+22.0,LA	+6.42,+28.1,+22.0,BA	+6.77,+9.7,+22.0,AB	+7.02,-3.9,+20.5,GB	+2.39,+262.2,+21.2,DB	+6.98,-0.6,+20.5,IB	
1701673927.7340007	+6.65,+10.0,+22.0,MA	+6.42,+28.2,+22.0,AA	+6.77,+9.8,+22.0,NB	+7.02,-3.9,+20.5,GB	+2.29,+268.1,+21.2,LB	+6.98,-0.6,+20.5,IB	
1701673989.7419894	+6.65,+10.1,+22.0,LA	+6.42,+28.2,+22.0,AA	+6.77,+9.7,+22.0,AB	+7.02,-3.8,+20.5,FB	+2.29,+267.7,+21.2,EB	+6.98,-0.6,+20.5,IB	
1701674051.7510755	+6.65,+10.0,+22.0,MA	+6.42,+28.2,+22.0,AA	+6.77,+9.6,+22.0,@B	+7.02,-3.8,+20.5,FB	+2.30,+267.4,+21.2,NB	+6.98,-0.6,+20.5,IB	
1701674113.760617	+6.65,+10.1,+22.0,LA	+6.42,+28.2,+22.0,AA	+6.77,+9.7,+22.0,AB	+7.02,-3.9,+20.5,GB	+2.30,+267.2,+21.2,HB	+6.98,-0.6,+20.5,IB	
1701674175.7717113	+6.65,+10.1,+22.0,LA	+6.42,+28.3,+22.0,@A	+6.77,+9.6,+22.0,@B	+7.02,-3.9,+20.5,GB	+2.31,+266.8,+21.2,BB	+6.98,-0.6,+20.5,IB	
1701674237.7809417	+6.65,+10.1,+22.0,LA	+6.42,+28.1,+22.0,BA	+6.77,+9.7,+22.0,AB	+7.02,-3.8,+20.5,FB	+2.31,+266.5,+21.2,OB	+6.98,-0.6,+20.5,IB	
1701674299.7893248	+6.65,+10.2,+22.0,OA	+6.42,+28.1,+22.0,BA	+6.77,+9.7,+22.0,AB	+7.02,-3.9,+20.5,GB	+2.36,+264.0,+21.2,OB	+6.98,-0.6,+20.5,IB	
1701674361.7997491	+6.65,+10.1,+22.0,LA	+6.42,+28.2,+22.0,AA	+6.77,+9.6,+22.0,@B	+7.02,-3.9,+20.5,GB	+2.29,+267.9,+21.2,KB	+6.98,-0.5,+20.5,JB	
1701674423.8061137	+6.65,+10.1,+22.0,LA	+6.42,+28.1,+22.0,BA	+6.77,+9.7,+22.0,AB	+7.02,-3.9,+20.5,GB	+2.30,+267.6,+21.2,LB	+6.98,-0.6,+20.5,IB	
1701674485.8138058	+6.65,+10.2,+22.0,OA	+6.42,+28.1,+22.0,BA	+6.77,+9.6,+22.0,@B	+7.02,-3.9,+20.5,GB	+2.30,+267.4,+21.2,NB	+6.98,-0.6,+20.5,IB	
1701674547.8216822	+6.65,+10.2,+22.0,OA	+6.42,+28.0,+22.0,CA	+6.77,+9.6,+22.0,@B	+7.02,-3.9,+20.5,GB	+2.31,+266.9,+21.2,CB	+6.98,-0.6,+20.5,IB	
1701674609.8303163	+6.65,+10.2,+22.0,OA	+6.42,+28.1,+22.1,CA	+6.77,+9.7,+22.0,AB	+7.02,-3.9,+20.5,GB	+2.31,+266.6,+21.2,LB	+6.98,-0.6,+20.5,IB	
1701674671.8189433	+6.65,+10.2,+22.0,OA	+6.42,+28.0,+22.0,CA	+6.77,+9.6,+22.0,@B	+7.02,-3.9,+20.5,GB	+2.32,+266.0,+21.2,IB	+6.98,-0.6,+20.5,IB	
1701674733.827605	+6.65,+10.1,+22.0,LA	+6.42,+28.1,+22.0,BA	+6.77,+9.8,+22.0,NB	+7.02,-3.9,+20.5,GB	+2.29,+268.0,+21.2,MB	+6.98,-0.6,+20.5,IB	
1701674795.83784	+6.65,+10.2,+22.0,OA	+6.42,+28.0,+22.1,BA	+6.77,+9.6,+22.0,@B	+7.02,-3.9,+20.5,GB	+2.29,+267.9,+21.2,KB	+6.98,-0.6,+20.5,IB	
1701674857.8474815	+6.65,+10.2,+22.0,OA	+6.42,+28.1,+22.0,BA	+6.77,+9.6,+22.0,@B	+7.02,-3.9,+20.5,GB	+2.29,+267.7,+21.2,EB	+6.98,-0.7,+20.5,HB	
1701674919.8568912	+6.65,+10.2,+22.0,OA	+6.42,+28.0,+22.0,CA	+6.77,+9.7,+22.0,AB	+7.02,-3.9,+20.5,GB	+2.30,+267.1,+21.2,KB	+6.98,-0.5,+20.5,JB	
1701674981.8650827	+6.65,+10.2,+22.0,OA	+6.42,+28.1,+22.0,BA	+6.77,+9.7,+22.0,AB	+7.02,-4.0,+20.5,IB	+2.31,+266.7,+21.2,MB	+6.98,-0.6,+20.5,IB	
1701675043.8739545	+6.65,+10.2,+22.0,OA	+6.42,+28.1,+22.1,CA	+6.77,+9.5,+22.0,CB	+7.02,-3.9,+20.5,GB	+2.38,+262.9,+21.2,NB	+6.98,-0.6,+20.5,IB	
1701675105.882438	+6.65,+10.1,+21.9,FA	+6.42,+28.1,+22.0,BA	+6.77,+9.7,+22.0,AB	+7.02,-3.9,+20.5,GB	+2.29,+268.2,+21.2,OB	+6.98,-0.6,+20.5,IB	
1701675167.8909328	+6.65,+10.2,+22.0,OA	+6.42,+28.0,+22.0,CA	+6.77,+9.7,+22.0,AB	+7.02,-3.9,+20.5,GB	+2.30,+267.7,+21.2,MB	+6.98,-0.6,+20.5,IB	
1701675229.9010725	+6.65,+10.2,+22.0,OA	+6.42,+28.1,+22.0,BA	+6.77,+9.7,+22.0,AB	+7.02,-3.9,+20.5,GB	+2.30,+267.2,+21.2,HB	+6.98,-0.6,+20.5,IB	
1701675291.9083757	+6.65,+10.2,+22.0,OA	+6.42,+28.0,+22.0,CA	+6.77,+9.7,+22.0,AB	+7.02,-3.9,+20.5,GB	+2.31,+266.5,+21.2,OB	+6.98,-0.6,+20.5,IB	
1701675353.9172873	+6.65,+10.2,+22.0,OA	+6.42,+28.1,+22.1,CA	+6.77,+9.6,+22.0,@B	+7.02,-3.9,+20.5,GB	+2.29,+268.0,+21.2,MB	+6.98,-0.6,+20.5,IB	
1701675415.9250534	+6.65,+10.2,+22.0,OA	+6.42,+28.0,+22.0,CA	+6.77,+9.5,+22.0,CB	+7.02,-3.9,+20.5,GB	+2.30,+267.6,+21.2,LB	+6.98,-0.6,+20.5,IB	
1701675477.93528	+6.65,+10.2,+22.0,OA	+6.42,+28.0,+22.0,CA	+6.77,+9.7,+22.0,AB	+7.02,-3.9,+20.5,GB	+2.30,+267.4,+21.2,NB	+6.98,-0.6,+20.5,IB	
1701675539.9448738	+6.65,+10.2,+22.0,OA	+6.43,+27.8,+22.0,EA	+6.77,+9.6,+22.0,@B	+7.02,-4.0,+20.5,IB	+2.30,+267.1,+21.2,KB	+6.98,-0.5,+20.4,KB	
1701675601.9530416	+6.65,+10.2,+22.0,OA	+6.42,+27.9,+22.0,EA	+6.77,+9.6,+22.0,@B	+7.02,-4.0,+20.5,IB	+2.32,+266.5,+21.3,MB	+6.98,-0.6,+20.5,IB	
1701675663.9615119	+6.65,+10.1,+22.0,LA	+6.42,+27.9,+22.1,DA	+6.77,+9.6,+22.0,@B	+7.02,-4.1,+20.5,HB	+2.29,+268.2,+21.2,OB	+6.98,-0.6,+20.5,IB	
1701675725.9656198	+6.65,+10.2,+22.0,OA	+6.42,+27.9,+22.0,EA	+6.77,+9.6,+22.0,@B	+7.03,-4.2,+20.5,JB	+2.29,+268.1,+21.2,LB	+6.98,-0.6,+20.5,IB	
1701675787.976365	+6.65,+10.2,+22.0,OA	+6.42,+28.2,+22.1,@A	+6.77,+9.7,+22.0,AB	+7.02,-4.1,+20.5,HB	+2.29,+267.8,+21.3,KB	+6.98,-0.6,+20.5,IB	
1701675849.983204	+6.65,+10.2,+22.0,OA	+6.42,+28.1,+22.0,BA	+6.77,+9.7,+22.0,AB	+7.02,-4.1,+20.5,HB	+2.30,+267.4,+21.2,NB	+6.98,-0.6,+20.5,IB	
1701675911.9930668	+6.65,+10.2,+22.0,OA	+6.42,+28.0,+22.0,CA	+6.77,+9.6,+22.0,@B	+7.02,-4.0,+20.5,IB	+2.31,+267.0,+21.2,KB	+6.98,-0.6,+20.5,IB	
1701675974.002207	+6.65,+10.2,+22.0,OA	+6.42,+28.1,+22.1,CA	+6.77,+9.5,+22.0,CB	+7.02,-4.0,+20.5,IB	+2.32,+266.4,+21.2,MB	+6.98,-0.7,+20.5,HB	
1701676036.011758	+6.65,+10.2,+22.0,OA	+6.42,+28.1,+22.0,BA	+6.77,+9.6,+22.0,@B	+7.02,-4.0,+20.5,IB	+2.38,+262.9,+21.2,NB	+6.98,-0.6,+20.5,IB	
1701676098.0192711	+6.65,+10.2,+22.0,OA	+6.42,+28.1,+22.0,BA	+6.77,+9.7,+22.0,AB	+7.02,-4.1,+20.5,HB	+2.29,+267.8,+21.2,JB	+6.98,-0.6,+20.5,IB	
1701676160.024309	+6.65,+10.2,+22.0,OA	+6.42,+28.0,+22.0,CA	+6.77,+9.7,+22.0,AB	+7.02,-4.0,+20.5,IB	+2.30,+267.7,+21.2,MB	+6.98,-0.6,+20.5,IB	
1701676222.0325873	+6.65,+10.2,+22.0,OA	+6.42,+28.0,+22.1,BA	+6.77,+9.7,+22.0,AB	+7.02,-4.1,+20.5,HB	+2.31,+266.9,+21.2,CB	+6.98,-0.6,+20.5,IB	
1701676284.0415256	+6.65,+10.2,+22.0,OA	+6.42,+28.0,+22.1,BA	+6.77,+9.7,+22.0,AB	+7.02,-4.0,+20.5,IB	+2.31,+266.8,+21.2,BB	+6.98,-0.6,+20.5,IB	
1701676346.051241	+6.65,+10.2,+22.0,OA	+6.42,+28.0,+22.1,BA	+6.77,+9.7,+22.0,AB	+7.02,-4.0,+20.5,IB	+2.31,+266.7,+21.2,MB	+6.98,-0.6,+20.5,IB	
1701676408.0611312	+6.65,+10.2,+22.0,OA	+6.42,+28.0,+22.0,CA	+6.77,+9.7,+22.0,AB	+7.02,-4.0,+20.5,IB	+2.32,+266.5,+21.2,LB	+6.98,-0.6,+20.5,IB	
1701676470.0701625	+6.65,+10.2,+22.0,OA	+6.42,+28.0,+22.1,BA	+6.77,+9.6,+22.0,@B	+7.02,-4.0,+20.5,IB	+2.32,+266.4,+21.2,MB	+6.98,-0.6,+20.5,IB	
1701676532.0802877	+6.65,+10.2,+22.0,OA	+6.42,+28.0,+22.0,CA	+6.77,+9.5,+22.0,CB	+7.02,-3.9,+20.5,GB	+2.32,+266.3,+21.2,JB	+6.98,-0.6,+20.5,IB	
1701676594.0841653	+6.65,+10.2,+22.0,OA	+6.42,+28.0,+22.0,CA	+6.77,+9.6,+22.0,@B	+7.02,-4.0,+20.5,IB	+2.32,+266.5,+21.2,LB	+6.98,-0.6,+20.5,IB	
1701676656.0925624	+6.65,+10.2,+22.0,OA	+6.42,+28.1,+22.0,BA	+6.77,+9.5,+22.0,CB	+7.02,-4.0,+20.5,IB	+2.32,+266.4,+21.2,MB	+6.98,-0.5,+20.5,JB	
1701676718.102331	+6.65,+10.2,+22.0,OA	+6.42,+28.0,+22.1,BA	+6.77,+9.7,+22.0,AB	+7.02,-4.0,+20.5,IB	+2.32,+266.3,+21.2,JB	+6.98,-0.6,+20.5,IB	
1701676780.111238	+6.65,+10.2,+22.0,OA	+6.42,+27.9,+22.0,EA	+6.77,+9.7,+22.0,AB	+7.02,-4.0,+20.5,IB	+2.32,+266.3,+21.2,JB	+6.98,-0.6,+20.5,IB	
1701676842.1175067	+6.65,+10.3,+22.0,NA	+6.42,+28.1,+22.0,BA	+6.77,+9.7,+22.0,AB	+7.02,-3.9,+20.5,GB	+2.31,+266.7,+21.2,MB	+6.98,-0.6,+20.5,IB	
1701676904.1230438	+6.65,+10.1,+22.0,LA	+6.42,+27.9,+22.0,EA	+6.77,+9.6,+22.0,@B	+7.02,-4.0,+20.5,IB	+2.31,+266.8,+21.2,BB	+6.98,-0.6,+20.5,IB	
1701676966.1314452	+6.65,+10.0,+22.0,MA	+6.42,+27.9,+22.1,DA	+6.77,+9.5,+22.0,CB	+7.02,-4.0,+20.5,IB	+2.31,+266.8,+21.2,BB	+6.98,-0.6,+20.5,IB	
1701677028.13895	+6.65,+10.0,+22.0,MA	+6.42,+28.0,+22.1,BA	+6.77,+9.7,+22.0,AB	+7.02,-4.0,+20.5,IB	+2.31,+266.9,+21.2,CB	+6.98,-0.6,+20.5,IB	
1701677090.1482267	+6.65,+10.0,+22.0,MA	+6.42,+27.9,+22.0,EA	+6.77,+9.5,+22.0,CB	+7.02,-4.1,+20.5,HB	+2.31,+267.0,+21.2,KB	+6.98,-0.6,+20.5,IB	
1701677152.15878	+6.65,+10.0,+22.0,MA	+6.42,+28.0,+22.0,CA	+6.77,+9.5,+22.0,CB	+7.02,-4.0,+20.5,IB	+2.31,+267.0,+21.2,KB	+6.98,-0.6,+20.5,IB	
1701677214.1670423	+6.65,+10.0,+22.0,MA	+6.42,+28.0,+22.1,BA	+6.77,+9.6,+22.0,@B	+7.02,-3.9,+20.5,GB	+2.31,+267.0,+21.2,KB	+6.98,-0.6,+20.5,IB	
1701677276.1766405	+6.65,+10.0,+22.0,MA	+6.42,+27.9,+22.1,DA	+6.77,+9.6,+22.0,@B	+7.02,-4.0,+20.5,IB	+2.31,+267.1,+21.2,JB	+6.98,-0.6,+20.5,IB	
1701677338.1844237	+6.65,+10.0,+22.0,MA	+6.43,+27.9,+22.1,EA	+6.77,+9.5,+22.0,CB	+7.02,-4.0,+20.5,IB	+2.30,+267.2,+21.2,HB	+6.98,-0.6,+20.5,IB	
1701677400.1918979	+6.65,+10.0,+22.0,MA	+6.42,+27.9,+22.0,EA	+6.77,+9.7,+22.0,AB	+7.02,-4.0,+20.5,IB	+2.30,+267.2,+21.2,HB	+6.98,-0.6,+20.5,IB	
1701677462.1993496	+6.65,+10.0,+22.0,MA	+6.42,+28.2,+22.1,@A	+6.77,+9.7,+22.0,AB	+7.02,-4.0,+20.5,IB	+2.30,+267.3,+21.2,IB	+6.98,-0.6,+20.5,IB	
1701677707.7382498	+6.65,+10.0,+22.0,MA	+6.42,+28.0,+22.1,BA	+6.77,+9.7,+22.0,AB	+7.02,-4.0,+20.5,IB	+2.31,+266.7,+21.2,MB	+6.98,-0.7,+20.5,HB	
1701677769.7478368	+6.65,+10.0,+22.0,MA	+6.42,+27.9,+22.1,DA	+6.77,+9.6,+22.0,@B	+7.02,-4.0,+20.5,IB	+2.30,+267.3,+21.2,IB	+6.98,-0.6,+20.5,IB	
1701677831.7565963	+6.65,+10.0,+22.0,MA	+6.42,+28.0,+22.1,BA	+6.77,+9.5,+22.0,CB	+7.02,-4.0,+20.5,IB	+2.30,+267.5,+21.2,OB	+6.98,-0.6,+20.5,IB	
1701677893.763282	+6.65,+10.0,+22.0,MA	+6.42,+28.0,+22.1,BA	+6.77,+9.6,+22.0,@B	+7.02,-4.1,+20.5,HB	+2.38,+262.6,+21.2,AB	+6.98,-0.7,+20.5,HB	
1701677955.7722507	+6.65,+10.0,+22.0,MA	+6.42,+28.0,+22.1,BA	+6.77,+9.6,+22.0,@B	+7.02,-4.1,+20.5,HB	+2.32,+266.4,+21.3,LB	+6.98,-0.7,+20.5,HB	
1701678017.7807794	+6.65,+10.0,+22.0,MA	+6.42,+28.2,+22.0,AA	+6.77,+9.7,+22.0,AB	+7.02,-4.0,+20.5,IB	+2.31,+266.8,+21.2,BB	+6.98,-0.6,+20.5,IB	
1701678079.7894933	+6.65,+10.0,+22.0,MA	+6.42,+28.1,+22.1,CA	+6.77,+9.6,+22.0,@B	+7.02,-4.1,+20.5,HB	+2.31,+266.8,+21.2,BB	+6.98,-0.7,+20.5,HB	
1701678141.798581	+6.65,+10.0,+22.0,MA	+6.42,+28.1,+22.1,CA	+6.77,+9.6,+22.0,@B	+7.02,-4.1,+20.5,HB	+2.31,+267.0,+21.3,JB	+6.98,-0.6,+20.4,HB	
1701678203.808307	+6.65,+10.0,+22.0,MA	+6.42,+28.1,+22.1,CA	+6.77,+9.4,+22.0,BB	+7.02,-4.1,+20.5,HB	+2.30,+267.1,+21.2,KB	+6.98,-0.6,+20.5,IB	
1701678265.8170922	+6.65,+10.0,+22.0,MA	+6.42,+28.2,+22.1,@A	+6.77,+9.6,+22.0,@B	+7.02,-4.0,+20.5,IB	+2.30,+267.4,+21.2,NB	+6.98,-0.6,+20.5,IB	
1701678327.8239973	+6.65,+10.0,+22.0,MA	+6.42,+28.1,+22.1,CA	+6.77,+9.6,+22.0,@B	+7.02,-4.0,+20.5,IB	+2.39,+262.5,+21.2,CB	+6.98,-0.6,+20.5,IB	
1701678389.833604	+6.65,+10.0,+22.0,MA	+6.42,+28.1,+22.0,BA	+6.77,+9.4,+22.0,BB	+7.02,-4.0,+20.5,IB	+2.32,+266.3,+21.2,JB	+6.98,-0.6,+20.5,IB	
1701678451.8402216	+6.65,+10.0,+22.0,MA	+6.42,+28.1,+22.1,CA	+6.77,+9.6,+22.0,@B	+7.02,-4.1,+20.5,HB	+2.32,+266.5,+21.2,LB	+6.98,-0.6,+20.4,HB	
1701678513.850483	+6.65,+10.0,+22.0,MA	+6.42,+28.1,+22.1,CA	+6.77,+9.6,+22.0,@B	+7.02,-4.0,+20.5,IB	+2.31,+266.6,+21.3,MB	+6.98,-0.7,+20.4,IB	
1701678575.8566763	+6.65,+10.1,+22.0,LA	+6.42,+28.1,+22.0,BA	+6.77,+9.6,+22.0,@B	+7.02,-4.1,+20.5,HB	+2.31,+266.8,+21.2,BB	+6.98,-0.6,+20.5,IB	
1701678637.8661861	+6.65,+10.1,+22.0,LA	+6.42,+28.2,+22.1,@A	+6.77,+9.7,+22.0,AB	+7.02,-4.0,+20.5,IB	+2.30,+267.3,+21.2,IB	+6.98,-0.6,+20.5,IB	
1701678699.8749459	+6.65,+10.1,+22.0,LA	+6.42,+28.2,+22.1,@A	+6.77,+9.6,+22.0,@B	+7.02,-4.0,+20.5,IB	+2.32,+266.3,+21.2,JB	+6.98,-0.6,+20.4,HB	
1701678761.8838372	+6.65,+10.1,+22.0,LA	+6.42,+28.3,+22.1,AA	+6.77,+9.5,+22.0,CB	+7.02,-4.0,+20.5,IB	+2.33,+265.9,+21.2,BB	+6.98,-0.6,+20.4,HB	
1701678823.893464	+6.65,+10.1,+22.0,LA	+6.42,+28.1,+22.1,CA	+6.77,+9.6,+22.0,@B	+7.02,-4.1,+20.5,HB	+2.31,+266.7,+21.3,LB	+6.98,-0.6,+20.5,IB	
1701678885.9032333	+6.65,+10.1,+22.0,LA	+6.42,+28.1,+22.1,CA	+6.77,+9.6,+22.0,@B	+7.02,-4.0,+20.5,IB	+2.31,+267.0,+21.2,KB	+6.98,-0.6,+20.5,IB	
1701678947.912835	+6.65,+10.1,+22.0,LA	+6.42,+28.2,+22.1,@A	+6.77,+9.4,+22.0,BB	+7.02,-4.0,+20.5,IB	+2.39,+262.3,+21.2,EB	+6.98,-0.6,+20.5,IB	
1701679009.9210207	+6.65,+10.1,+22.0,LA	+6.42,+28.2,+22.1,@A	+6.77,+9.6,+22.0,@B	+7.02,-4.0,+20.5,IB	+2.32,+266.0,+21.2,IB	+6.98,-0.6,+20.5,IB	
1701679071.9302933	+6.65,+10.1,+22.0,LA	+6.42,+28.3,+22.1,AA	+6.77,+9.5,+22.0,CB	+7.02,-4.0,+20.5,IB	+2.32,+266.4,+21.3,LB	+6.98,-0.7,+20.5,HB	
1701679133.9383874	+6.65,+10.1,+22.0,LA	+6.42,+28.2,+22.1,@A	+6.77,+9.6,+22.0,@B	+7.02,-4.0,+20.5,IB	+2.31,+266.9,+21.3,BB	+6.98,-0.6,+20.5,IB	
1701679195.9475765	+6.65,+10.1,+22.0,LA	+6.42,+28.2,+22.1,@A	+6.77,+9.6,+22.0,@B	+7.02,-4.0,+20.5,IB	+2.30,+267.1,+21.2,KB	+6.98,-0.6,+20.5,IB	
1701679257.9540792	+6.65,+10.1,+22.0,LA	+6.42,+28.2,+22.1,@A	+6.77,+9.5,+22.0,CB	+7.02,-4.0,+20.5,IB	+2.32,+266.2,+21.3,JB	+6.98,-0.6,+20.5,IB	
1701679319.9642315	+6.65,+10.1,+22.0,LA	+6.42,+28.2,+22.1,@A	+6.77,+9.6,+22.1,AB	+7.02,-4.1,+20.5,HB	+2.31,+266.6,+21.2,LB	+6.98,-0.7,+20.5,HB	
1701679381.973319	+6.65,+10.2,+22.0,OA	+6.42,+28.2,+22.1,@A	+6.77,+9.6,+22.0,@B	+7.02,-4.0,+20.5,IB	+2.30,+267.1,+21.3,JB	+6.98,-0.7,+20.5,HB	
1701679443.980669	+6.65,+10.1,+22.0,LA	+6.42,+28.2,+22.1,@A	+6.77,+9.6,+22.0,@B	+7.02,-4.0,+20.5,IB	+2.32,+266.0,+21.3,HB	+6.98,-0.6,+20.5,IB	
1701679505.9896977	+6.65,+10.1,+22.0,LA	+6.42,+28.1,+22.1,CA	+6.77,+9.5,+22.0,CB	+7.02,-4.1,+20.5,HB	+2.32,+266.5,+21.3,MB	+6.98,-0.6,+20.5,IB	
1701679567.998519	+6.65,+10.2,+22.0,OA	+6.42,+28.3,+22.1,AA	+6.77,+9.6,+22.0,@B	+7.02,-4.1,+20.6,KB	+2.31,+267.0,+21.2,KB	+6.98,-0.6,+20.5,IB	
1701679630.0047393	+6.65,+10.1,+22.0,LA	+6.42,+28.2,+22.1,@A	+6.77,+9.6,+22.0,@B	+7.02,-4.1,+20.5,HB	+2.30,+267.4,+21.3,OB	+6.98,-0.7,+20.5,HB	
1701679692.0143492	+6.65,+10.2,+22.0,OA	+6.42,+28.2,+22.1,@A	+6.77,+9.6,+22.0,@B	+7.02,-4.1,+20.5,HB	+2.32,+266.2,+21.2,KB	+6.98,-0.6,+20.5,IB	
1701679754.0232537	+6.65,+10.2,+22.0,OA	+6.42,+28.2,+22.1,@A	+6.77,+9.4,+22.0,BB	+7.02,-4.1,+20.5,HB	+2.31,+266.6,+21.3,MB	+6.98,-0.7,+20.5,HB	
1701679816.0340986	+6.65,+10.1,+22.0,LA	+6.42,+28.2,+22.1,@A	+6.77,+9.4,+22.0,BB	+7.02,-4.1,+20.5,HB	+2.31,+267.0,+21.3,JB	+6.98,-0.6,+20.5,IB	
1701679878.0393584	+6.65,+10.2,+22.0,OA	+6.42,+28.1,+22.1,CA	+6.77,+9.5,+22.0,CB	+7.02,-4.1,+20.5,HB	+2.35,+264.5,+21.3,HB	+6.98,-0.6,+20.5,IB	
1701679940.0480583	+6.65,+10.2,+22.0,OA	+6.42,+28.2,+22.1,@A	+6.77,+9.6,+22.0,@B	+7.02,-4.1,+20.5,HB	+2.31,+266.7,+21.2,MB	+6.98,-0.6,+20.5,IB	
1701680002.0566382	+6.65,+10.2,+22.0,OA	+6.42,+28.2,+22.1,@A	+6.77,+9.6,+22.0,@B	+7.02,-4.0,+20.5,IB	+2.30,+267.4,+21.2,NB	+6.98,-0.6,+20.5,IB	
1701680064.0651395	+6.65,+10.2,+22.0,OA	+6.42,+28.2,+22.1,@A	+6.77,+9.4,+22.0,BB	+7.02,-4.1,+20.5,HB	+2.32,+266.3,+21.2,JB	+6.98,-0.7,+20.5,HB	
1701680126.0744069	+6.65,+10.2,+22.0,OA	+6.42,+28.1,+22.1,CA	+6.77,+9.5,+22.0,CB	+7.02,-4.1,+20.5,HB	+2.31,+266.7,+21.3,LB	+6.98,-0.6,+20.5,IB	
1701680188.083332	+6.65,+10.2,+22.0,OA	+6.42,+28.2,+22.1,@A	+6.77,+9.4,+22.0,BB	+7.02,-4.1,+20.5,HB	+2.31,+267.1,+21.2,JB	+6.98,-0.6,+20.5,IB	
1701680250.09236	+6.65,+10.1,+22.0,LA	+6.42,+28.2,+22.1,@A	+6.77,+9.5,+22.0,CB	+7.02,-4.1,+20.5,HB	+2.32,+266.3,+21.3,KB	+6.98,-0.6,+20.5,IB	
1701680312.0994353	+6.65,+10.2,+22.0,OA	+6.42,+28.2,+22.1,@A	+6.77,+9.5,+22.0,CB	+7.02,-4.1,+20.5,HB	+2.31,+266.8,+21.3,CB	+6.98,-0.6,+20.5,IB	
1701680374.1077788	+6.65,+10.1,+22.0,LA	+6.42,+28.3,+22.1,AA	+6.77,+9.5,+22.0,CB	+7.02,-4.1,+20.5,HB	+2.30,+267.2,+21.3,IB	+6.98,-0.6,+20.5,IB	
1701680436.1165352	+6.65,+10.2,+22.0,OA	+6.42,+28.3,+22.1,AA	+6.77,+9.5,+22.0,CB	+7.02,-4.1,+20.5,HB	+2.38,+262.9,+21.2,NB	+6.98,-0.6,+20.5,IB	
1701680498.125771	+6.65,+10.2,+22.0,OA	+6.42,+28.2,+22.1,@A	+6.77,+9.5,+22.0,CB	+7.02,-4.1,+20.5,HB	+2.31,+266.9,+21.2,CB	+6.98,-0.6,+20.5,IB	
1701680560.1326928	+6.65,+10.2,+22.0,OA	+6.42,+28.3,+22.1,AA	+6.77,+9.5,+22.0,CB	+7.02,-4.0,+20.5,IB	+2.30,+267.5,+21.2,OB	+6.98,-0.6,+20.5,IB	
1701680622.1404676	+6.65,+10.1,+22.0,LA	+6.42,+28.2,+22.1,@A	+6.77,+9.4,+22.0,BB	+7.02,-4.1,+20.5,HB	+2.37,+263.2,+21.3,JB	+6.98,-0.7,+20.5,HB	
1701680684.1508958	+6.65,+10.2,+22.0,OA	+6.42,+28.3,+22.1,AA	+6.77,+9.5,+22.0,CB	+7.02,-4.0,+20.6,JB	+2.31,+267.1,+21.3,KB	+6.98,-0.6,+20.5,IB	
1701680746.158433	+6.65,+10.2,+22.0,OA	+6.42,+28.3,+22.1,AA	+6.78,+9.4,+22.0,MB	+7.02,-4.1,+20.6,KB	+2.30,+267.5,+21.2,OB	+6.98,-0.6,+20.5,IB	
1701680808.1648011	+6.65,+10.2,+22.0,OA	+6.42,+28.2,+22.1,@A	+6.77,+9.5,+22.0,CB	+7.02,-4.0,+20.5,IB	+2.37,+263.1,+21.3,IB	+6.98,-0.6,+20.5,IB	
1701680870.1694586	+6.65,+10.1,+22.0,LA	+6.42,+28.2,+22.1,@A	+6.78,+9.4,+22.0,MB	+7.02,-4.1,+20.6,KB	+2.31,+267.1,+21.3,KB	+6.98,-0.6,+20.5,IB	
1701680932.1784317	+6.65,+10.2,+22.0,OA	+6.42,+28.3,+22.1,AA	+6.77,+9.5,+22.0,CB	+7.02,-4.0,+20.6,JB	+2.30,+267.6,+21.3,MB	+6.98,-0.6,+20.5,IB	
1701680994.186051	+6.65,+10.2,+22.0,OA	+6.42,+28.2,+22.1,@A	+6.77,+9.5,+22.0,CB	+7.03,-4.2,+20.6,IB	+2.29,+268.0,+21.3,LB	+6.98,-0.6,+20.5,IB	
1701681056.1932817	+6.65,+10.1,+22.0,LA	+6.42,+28.2,+22.1,@A	+6.77,+9.4,+22.0,BB	+7.03,-4.1,+20.6,JB	+2.31,+267.0,+21.3,JB	+6.98,-0.6,+20.5,IB	
1701681118.2022653	+6.65,+10.2,+22.0,OA	+6.42,+28.3,+22.1,AA	+6.77,+9.4,+22.0,BB	+7.03,-4.2,+20.5,JB	+2.30,+267.4,+21.3,OB	+6.98,-0.6,+20.5,IB	
1701681180.209001	+6.65,+10.2,+22.0,OA	+6.42,+28.3,+22.1,AA	+6.77,+9.5,+22.0,CB	+7.02,-4.1,+20.5,HB	+2.29,+267.9,+21.3,JB	+6.98,-0.6,+20.5,IB	
1701681242.2174728	+6.65,+10.2,+22.0,OA	+6.42,+28.2,+22.1,@A	+6.77,+9.5,+22.0,CB	+7.02,-4.1,+20.5,HB	+2.37,+263.3,+21.3,KB	+6.98,-0.7,+20.5,HB	
1701681304.2262602	+6.65,+10.2,+22.0,OA	+6.42,+28.3,+22.1,AA	+6.77,+9.5,+22.0,CB	+7.02,-4.1,+20.5,HB	+2.31,+266.9,+21.3,BB	+6.98,-0.6,+20.5,IB	
1701681549.826386	+6.65,+10.0,+22.0,MA	+6.42,+28.2,+22.1,@A	+6.78,+9.3,+22.0,JB	+7.02,-4.1,+20.5,HB	+2.29,+267.7,+21.3,DB	+6.98,-0.6,+20.5,IB	
1701681611.8361712	+6.65,+9.9,+22.0,LB	+6.42,+28.2,+22.1,@A	+6.78,+9.3,+22.0,JB	+7.02,-4.0,+20.6,JB	+2.31,+266.8,+21.3,CB	+6.98,-0.7,+20.5,HB	
1701681673.8468435	+6.65,+10.0,+22.0,MA	+6.42,+28.0,+22.1,BA	+6.77,+9.5,+22.0,CB	+7.03,-4.2,+20.5,JB	+2.30,+267.5,+21.3,NB	+6.98,-0.6,+20.5,IB	
1701681735.8554864	+6.65,+9.9,+22.0,LB	+6.42,+28.1,+22.1,CA	+6.77,+9.5,+22.0,CB	+7.03,-4.2,+20.5,JB	+2.29,+268.0,+21.2,MB	+6.98,-0.6,+20.5,IB	
1701681797.8650262	+6.65,+10.0,+22.0,MA	+6.42,+28.2,+22.1,@A	+6.77,+9.5,+22.0,CB	+7.02,-4.1,+20.5,HB	+2.37,+263.4,+21.3,LB	+6.98,-0.6,+20.5,IB	
1701681859.8754458	+6.65,+9.9,+22.0,LB	+6.42,+28.2,+22.1,@A	+6.78,+9.4,+22.0,MB	+7.02,-4.1,+20.6,KB	+2.30,+267.5,+21.2,OB	+6.98,-0.6,+20.5,IB	
1701681921.8825054	+6.65,+10.0,+22.0,MA	+6.42,+28.0,+22.1,BA	+6.78,+9.4,+22.0,MB	+7.02,-4.1,+20.6,KB	+2.29,+268.0,+21.2,MB	+6.98,-0.6,+20.5,IB	
1701681983.8936284	+6.65,+10.0,+22.0,MA	+6.42,+28.2,+22.1,@A	+6.78,+9.3,+22.0,JB	+7.03,-4.1,+20.6,JB	+2.31,+267.1,+21.3,KB	+6.98,-0.6,+20.5,IB	
1701682045.9016933	+6.65,+10.0,+22.0,MA	+6.42,+28.4,+22.1,FA	+6.77,+9.4,+22.0,BB	+7.03,-4.1,+20.5,IB	+2.29,+267.8,+21.3,KB	+6.98,-0.6,+20.5,IB	
1701682107.9111135	+6.65,+10.0,+22.0,MA	+6.42,+28.3,+22.1,AA	+6.77,+9.4,+22.0,BB	+7.02,-4.1,+20.5,HB	+2.30,+267.3,+21.3,HB	+6.98,-0.6,+20.5,IB	
1701682169.9206598	+6.65,+9.9,+22.0,LB	+6.42,+28.1,+22.1,CA	+6.78,+9.4,+22.0,MB	+7.03,-4.2,+20.5,JB	+2.30,+267.6,+21.3,MB	+6.98,-0.6,+20.5,IB	
1701682231.9270117	+6.65,+10.0,+22.0,MA	+6.42,+28.3,+22.1,AA	+6.77,+9.5,+22.0,CB	+7.02,-4.1,+20.6,KB	+2.30,+267.3,+21.3,HB	+6.98,-0.6,+20.5,IB	
1701682293.936308	+6.65,+10.0,+22.0,MA	+6.42,+28.1,+22.1,CA	+6.78,+9.3,+22.1,KB	+7.03,-4.2,+20.6,IB	+2.29,+268.0,+21.3,LB	+6.98,-0.6,+20.5,IB	
1701682355.9456694	+6.65,+10.0,+22.0,MA	+6.42,+28.3,+22.1,AA	+6.77,+9.5,+22.0,CB	+7.02,-4.1,+20.6,KB	+2.30,+267.4,+21.3,OB	+6.98,-0.6,+20.5,IB	
1701682417.954737	+6.65,+9.9,+22.0,LB	+6.42,+28.2,+22.1,@A	+6.78,+9.3,+22.0,JB	+7.02,-4.1,+20.6,KB	+2.29,+268.1,+21.3,MB	+6.98,-0.6,+20.5,IB	
1701682479.9640281	+6.65,+10.0,+22.0,MA	+6.42,+28.2,+22.1,@A	+6.77,+9.4,+22.0,BB	+7.03,-4.2,+20.5,JB	+2.30,+267.4,+21.3,OB	+6.98,-0.6,+20.6,JB	
1701682541.9727864	+6.65,+10.0,+22.0,MA	+6.42,+28.2,+22.1,@A	+6.77,+9.4,+22.1,CB	+7.03,-4.2,+20.6,IB	+2.29,+268.1,+21.3,MB	+6.98,-0.6,+20.5,IB	
1701682603.9823475	+6.65,+9.9,+22.0,LB	+6.42,+28.2,+22.1,@A	+6.77,+9.4,+22.0,BB	+7.03,-4.2,+20.6,IB	+2.30,+267.4,+21.3,OB	+6.98,-0.7,+20.5,HB	
1701682665.9889524	+6.65,+10.0,+22.0,MA	+6.42,+28.3,+22.1,AA	+6.77,+9.5,+22.0,CB	+7.03,-4.2,+20.6,IB	+2.29,+268.1,+21.3,MB	+6.98,-0.6,+20.5,IB	
1701682727.997519	+6.65,+10.0,+22.0,MA	+6.42,+28.3,+22.1,AA	+6.77,+9.5,+22.1,BB	+7.03,-4.2,+20.6,IB	+2.30,+267.4,+21.3,OB	+6.98,-0.6,+20.5,IB	
1701682790.0063949	+6.65,+10.0,+22.0,MA	+6.42,+28.4,+22.1,FA	+6.77,+9.5,+22.0,CB	+7.03,-4.2,+20.6,IB	+2.29,+267.9,+21.3,JB	+6.98,-0.7,+20.5,HB	
1701682852.0144339	+6.65,+10.0,+22.0,MA	+6.42,+28.4,+22.1,FA	+6.78,+9.3,+22.0,JB	+7.03,-4.2,+20.6,IB	+2.28,+268.4,+21.3,IB	+6.98,-0.6,+20.5,IB	
1701682914.0229156	+6.65,+10.0,+22.0,MA	+6.42,+28.3,+22.1,AA	+6.77,+9.4,+22.0,BB	+7.03,-4.2,+20.5,JB	+2.31,+267.1,+21.3,KB	+6.98,-0.6,+20.5,IB	
1701682976.0304463	+6.65,+10.0,+22.0,MA	+6.41,+28.5,+22.1,DA	+6.78,+9.4,+22.0,MB	+7.02,-4.1,+20.6,KB	+2.29,+268.0,+21.3,LB	+6.98,-0.6,+20.5,IB	
1701683038.0381672	+6.65,+10.0,+22.0,MA	+6.42,+28.4,+22.1,FA	+6.78,+9.4,+22.0,MB	+7.02,-4.1,+20.6,KB	+2.36,+263.7,+21.3,NB	+6.98,-0.6,+20.5,IB	
1701683100.0448449	+6.65,+10.0,+22.0,MA	+6.42,+28.4,+22.1,FA	+6.77,+9.4,+22.0,BB	+7.02,-4.1,+20.6,KB	+2.29,+267.7,+21.3,DB	+6.98,-0.7,+20.5,HB	
1701683162.0544214	+6.65,+10.0,+22.0,MA	+6.42,+28.4,+22.1,FA	+6.78,+9.4,+22.0,MB	+7.02,-4.1,+20.6,KB	+2.28,+268.3,+21.3,NB	+6.98,-0.7,+20.5,HB	
1701683224.0610657	+6.65,+10.1,+22.0,LA	+6.42,+28.4,+22.1,FA	+6.77,+9.4,+22.0,BB	+7.02,-4.1,+20.5,HB	+2.30,+267.5,+21.3,NB	+6.98,-0.6,+20.5,IB	
1701683286.06849	+6.65,+10.0,+22.0,MA	+6.42,+28.4,+22.1,FA	+6.77,+9.5,+22.0,CB	+7.02,-4.1,+20.6,KB	+2.29,+268.0,+21.3,LB	+6.98,-0.7,+20.5,HB	
1701683348.0783417	+6.65,+10.1,+22.0,LA	+6.42,+28.3,+22.1,AA	+6.78,+9.3,+22.0,JB	+7.03,-4.2,+20.6,IB	+2.28,+268.5,+21.3,HB	+6.98,-0.6,+20.5,IB	
1701683410.0856266	+6.65,+10.1,+22.0,LA	+6.42,+28.3,+22.1,AA	+6.78,+9.3,+22.0,JB	+7.03,-4.1,+20.6,JB	+2.30,+267.6,+21.3,MB	+6.98,-0.7,+20.5,HB	
1701683472.0928597	+6.65,+10.1,+22.0,LA	+6.41,+28.5,+22.1,DA	+6.77,+9.4,+22.0,BB	+7.02,-4.1,+20.6,KB	+2.30,+267.5,+21.3,NB	+6.98,-0.7,+20.5,HB	
1701683534.1018896	+6.65,+10.1,+22.0,LA	+6.42,+28.3,+22.1,AA	+6.77,+9.4,+22.1,CB	+7.02,-4.1,+20.6,KB	+2.31,+266.9,+21.3,BB	+6.98,-0.6,+20.5,IB	
1701683596.111899	+6.65,+10.1,+22.0,LA	+6.42,+28.2,+22.1,@A	+6.78,+9.3,+22.0,JB	+7.03,-4.2,+20.6,IB	+2.31,+267.0,+21.3,JB	+6.98,-0.6,+20.5,IB	
1701683658.1190832	+6.65,+10.0,+22.0,MA	+6.42,+28.2,+22.1,@A	+6.78,+9.4,+22.0,MB	+7.03,-4.3,+20.6,HB	+2.30,+267.6,+21.3,MB	+6.98,-0.7,+20.5,HB	
1701683720.1291895	+6.65,+10.0,+22.0,MA	+6.42,+28.3,+22.1,AA	+6.78,+9.4,+22.0,MB	+7.03,-4.2,+20.6,IB	+2.31,+266.7,+21.3,LB	+6.98,-0.7,+20.5,HB	
1701683782.1396205	+6.65,+10.1,+22.0,LA	+6.42,+28.3,+22.1,AA	+6.77,+9.5,+22.0,CB	+7.02,-4.1,+20.6,KB	+2.30,+267.3,+21.3,HB	+6.98,-0.7,+20.5,HB	
1701683844.1439526	+6.65,+10.1,+22.0,LA	+6.42,+28.4,+22.1,FA	+6.78,+9.4,+22.1,LB	+7.02,-4.1,+20.6,KB	+2.29,+268.0,+21.3,LB	+6.98,-0.6,+20.5,IB	
1701683906.1534762	+6.65,+10.1,+22.0,LA	+6.42,+28.3,+22.1,AA	+6.78,+9.4,+22.1,LB	+7.03,-4.2,+20.6,IB	+2.31,+266.9,+21.3,BB	+6.98,-0.7,+20.5,HB	
1701683968.161098	+6.65,+10.1,+22.0,LA	+6.42,+28.4,+22.1,FA	+6.78,+9.3,+22.1,KB	+7.03,-4.2,+20.6,IB	+2.30,+267.4,+21.3,OB	+6.98,-0.6,+20.6,JB	
1701684030.1708827	+6.65,+10.1,+22.1,MA	+6.42,+28.4,+22.1,FA	+6.78,+9.3,+22.0,JB	+7.02,-4.1,+20.6,KB	+2.29,+268.0,+21.3,LB	+6.98,-0.7,+20.6,KB	
1701684092.1810994	+6.65,+10.1,+22.0,LA	+6.42,+28.4,+22.1,FA	+6.77,+9.4,+22.1,CB	+7.03,-4.2,+20.6,IB	+2.34,+265.3,+21.3,NB	+6.98,-0.7,+20.6,KB	
1701684154.1898787	+6.65,+10.1,+22.1,MA	+6.42,+28.4,+22.1,FA	+6.78,+9.4,+22.1,LB	+7.03,-4.2,+20.6,IB	+2.30,+267.4,+21.3,OB	+6.98,-0.7,+20.6,KB	
1701684216.2006006	+6.65,+10.1,+22.0,LA	+6.42,+28.3,+22.1,AA	+6.77,+9.4,+22.1,CB	+7.03,-4.2,+20.6,IB	+2.29,+268.0,+21.3,LB	+6.98,-0.6,+20.6,JB	
1701684278.2060273	+6.65,+10.1,+22.0,LA	+6.42,+28.4,+22.1,FA	+6.77,+9.4,+22.1,CB	+7.03,-4.3,+20.6,HB	+2.36,+263.8,+21.3,AB	+6.98,-0.7,+20.6,KB	
1701684340.214319	+6.65,+10.1,+22.1,MA	+6.42,+28.4,+22.1,FA	+6.78,+9.4,+22.1,LB	+7.03,-4.1,+20.6,JB	+2.30,+267.5,+21.3,NB	+6.98,-0.7,+20.6,KB	
1701684402.222289	+6.65,+10.1,+22.1,MA	+6.42,+28.3,+22.1,AA	+6.78,+9.3,+22.1,KB	+7.03,-4.2,+20.6,IB	+2.29,+268.1,+21.3,MB	+6.98,-0.7,+20.6,KB	
1701684464.2313578	+6.65,+10.2,+22.1,NA	+6.42,+28.4,+22.1,FA	+6.78,+9.4,+22.1,LB	+7.03,-4.2,+20.6,IB	+2.30,+267.3,+21.3,HB	+6.98,-0.7,+20.6,KB	
1701684526.2407382	+6.65,+10.2,+22.1,NA	+6.42,+28.4,+22.1,FA	+6.78,+9.4,+22.1,LB	+7.03,-4.2,+20.6,IB	+2.29,+268.0,+21.3,LB	+6.98,-0.6,+20.6,JB	
1701684588.2494078	+6.65,+10.1,+22.0,LA	+6.42,+28.3,+22.1,AA	+6.78,+9.2,+22.1,JB	+7.03,-4.2,+20.6,IB	+2.31,+267.1,+21.3,KB	+6.98,-0.7,+20.5,HB	
1701684650.260185	+6.65,+10.1,+22.0,LA	+6.42,+28.4,+22.1,FA	+6.78,+9.3,+22.1,KB	+7.03,-4.2,+20.6,IB	+2.29,+267.8,+21.3,KB	+6.98,-0.6,+20.6,JB	
1701684712.2690926	+6.65,+10.1,+22.1,MA	+6.42,+28.4,+22.1,FA	+6.78,+9.3,+22.1,KB	+7.03,-4.2,+20.6,IB	+2.35,+264.8,+21.3,EB	+6.98,-0.7,+20.6,KB	
1701684774.2793639	+6.65,+10.1,+22.0,LA	+6.41,+28.5,+22.1,DA	+6.77,+9.4,+22.1,CB	+7.02,-4.1,+20.6,KB	+2.30,+267.7,+21.3,LB	+6.98,-0.6,+20.6,JB	
1701684836.287144	+6.65,+10.1,+22.0,LA	+6.41,+28.5,+22.1,DA	+6.78,+9.3,+22.1,KB	+7.03,-4.2,+20.6,IB	+2.29,+267.9,+21.3,JB	+6.98,-0.7,+20.6,KB	
1701684898.2975316	+6.65,+10.1,+22.1,MA	+6.42,+28.3,+22.1,AA	+6.78,+9.4,+22.0,MB	+7.03,-4.2,+20.6,IB	+2.30,+267.2,+21.3,IB	+6.98,-0.7,+20.6,KB	
1701684960.3050191	+6.65,+10.1,+22.0,LA	+6.42,+28.4,+22.1,FA	+6.78,+9.3,+22.0,JB	+7.03,-4.1,+20.6,JB	+2.29,+267.9,+21.3,JB	+6.98,-0.7,+20.6,KB	
1701685022.3150616	+6.65,+10.1,+22.0,LA	+6.42,+28.3,+22.1,AA	+6.78,+9.3,+22.0,JB	+7.03,-4.2,+20.6,IB	+2.31,+267.1,+21.3,KB	+6.98,-0.6,+20.5,IB	
1701685084.325193	+6.65,+10.2,+22.0,OA	+6.41,+28.5,+22.1,DA	+6.78,+9.3,+22.0,JB	+7.03,-4.2,+20.6,IB	+2.29,+267.9,+21.3,JB	+6.98,-0.7,+20.5,HB	
1701685146.3314176	+6.65,+10.2,+22.0,OA	+6.41,+28.5,+22.1,DA	+6.78,+9.3,+22.1,KB	+7.03,-4.2,+20.6,IB	+2.30,+267.2,+21.3,IB	+6.98,-0.6,+20.5,IB	
1701685391.9056184	+6.65,+10.1,+22.0,LA	+6.42,+28.3,+22.1,AA	+6.78,+9.3,+22.0,JB	+7.03,-4.2,+20.6,IB	+2.31,+266.8,+21.3,CB	+6.98,-0.7,+20.6,KB	
1701685453.912834	+6.65,+10.2,+22.1,NA	+6.42,+28.4,+22.1,FA	+6.78,+9.4,+22.0,MB	+7.03,-4.2,+20.6,IB	+2.30,+267.7,+21.3,LB	+6.98,-0.7,+20.6,KB	
1701685515.921809	+6.65,+10.2,+22.0,OA	+6.41,+28.6,+22.1,GA	+6.78,+9.3,+22.1,KB	+7.03,-4.2,+20.6,IB	+2.31,+267.0,+21.3,JB	+6.98,-0.7,+20.5,HB	
1701685577.9308114	+6.65,+10.2,+22.0,OA	+6.41,+28.4,+22.1,EA	+6.77,+9.4,+22.1,CB	+7.03,-4.3,+20.6,HB	+2.31,+267.0,+21.3,JB	+6.98,-0.7,+20.6,KB	
1701685639.9413898	+6.65,+10.2,+22.1,NA	+6.42,+28.4,+22.1,FA	+6.78,+9.3,+22.1,KB	+7.03,-4.2,+20.6,IB	+2.32,+266.0,+21.3,HB	+6.98,-0.7,+20.6,KB	
1701685701.950425	+6.65,+10.2,+22.1,NA	+6.41,+28.5,+22.1,DA	+6.78,+9.2,+22.1,JB	+7.03,-4.2,+20.6,IB	+2.30,+267.2,+21.3,IB	+6.98,-0.7,+20.6,KB	
1701685763.9591646	+6.65,+10.2,+22.1,NA	+6.42,+28.4,+22.1,FA	+6.78,+9.4,+22.1,LB	+7.03,-4.1,+20.6,JB	+2.30,+267.7,+21.3,LB	+6.98,-0.7,+20.6,KB	
1701685825.9696703	+6.65,+10.0,+22.0,MA	+6.41,+28.5,+22.1,DA	+6.78,+9.4,+22.1,LB	+7.03,-4.2,+20.6,IB	+2.31,+267.2,+21.3,HB	+6.98,-0.7,+20.6,KB	
1701685887.9795632	+6.65,+10.0,+22.1,LA	+6.41,+28.6,+22.1,GA	+6.78,+9.3,+22.1,KB	+7.03,-4.2,+20.6,IB	+2.29,+268.0,+21.3,LB	+6.98,-0.7,+20.6,KB	
1701685949.9897485	+6.65,+10.0,+22.0,MA	+6.41,+28.6,+22.1,GA	+6.78,+9.3,+22.1,KB	+7.03,-4.2,+20.6,IB	+2.31,+266.6,+21.3,MB	+6.98,-0.7,+20.6,KB	
1701686011.9987743	+6.65,+10.0,+22.1,LA	+6.41,+28.5,+22.1,DA	+6.78,+9.4,+22.1,LB	+7.03,-4.2,+20.6,IB	+2.30,+267.6,+21.3,MB	+6.98,-0.7,+20.6,KB	
1701686074.0066981	+6.65,+9.9,+22.1,MB	+6.41,+28.5,+22.1,DA	+6.78,+9.3,+22.1,KB	+7.03,-4.3,+20.6,HB	+2.31,+267.2,+21.3,HB	+6.98,-0.7,+20.6,KB	
1701686136.0165977	+6.65,+10.0,+22.1,LA	+6.42,+28.4,+22.1,FA	+6.78,+9.3,+22.1,KB	+7.03,-4.3,+20.6,HB	+2.29,+267.8,+21.3,KB	+6.98,-0.6,+20.6,JB	
1701686198.0177808	+6.65,+9.9,+22.1,MB	+6.42,+28.4,+22.1,FA	+6.78,+9.3,+22.1,KB	+7.03,-4.2,+20.6,IB	+2.31,+266.9,+21.3,BB	+6.98,-0.7,+20.6,KB	
1701686260.026731	+6.65,+10.0,+22.1,LA	+6.42,+28.4,+22.1,FA	+6.77,+9.4,+22.1,CB	+7.03,-4.2,+20.6,IB	+2.30,+267.5,+21.3,NB	+6.98,-0.7,+20.6,KB	
1701686322.0351493	+6.65,+9.9,+22.1,MB	+6.41,+28.5,+22.1,DA	+6.78,+9.3,+22.1,KB	+7.03,-4.2,+20.6,IB	+2.33,+265.7,+21.3,MB	+6.98,-0.6,+20.6,JB	
1701686384.0424082	+6.65,+9.9,+22.0,LB	+6.41,+28.5,+22.1,DA	+6.78,+9.3,+22.1,KB	+7.03,-4.3,+20.6,HB	+2.30,+267.4,+21.3,OB	+6.98,-0.7,+20.6,KB	
1701686446.0519915	+6.65,+9.9,+22.1,MB	+6.41,+28.6,+22.1,GA	+6.77,+9.5,+22.1,BB	+7.03,-4.3,+20.6,HB	+2.29,+268.1,+21.3,MB	+6.98,-0.7,+20.6,KB	
1701686508.0596237	+6.65,+9.9,+22.1,MB	+6.42,+28.4,+22.1,FA	+6.78,+9.3,+22.1,KB	+7.03,-4.3,+20.6,HB	+2.30,+267.2,+21.3,IB	+6.98,-0.7,+20.6,KB	
1701686570.0624819	+6.65,+9.9,+22.1,MB	+6.41,+28.5,+22.1,DA	+6.78,+9.4,+22.1,LB	+7.03,-4.3,+20.6,HB	+2.30,+267.7,+21.3,LB	+6.98,-0.7,+20.6,KB	
1701686632.068762	+6.65,+9.9,+22.1,MB	+6.41,+28.6,+22.1,GA	+6.77,+9.4,+22.1,CB	+7.03,-4.3,+20.6,HB	+2.29,+268.3,+21.3,OB	+6.98,-0.7,+20.6,KB	
1701686694.0782623	+6.65,+10.0,+22.1,LA	+6.41,+28.5,+22.1,DA	+6.78,+9.3,+22.1,KB	+7.03,-4.3,+20.6,HB	+2.30,+267.4,+21.3,OB	+6.98,-0.7,+20.6,KB	
1701686756.0863142	+6.65,+10.0,+22.1,LA	+6.41,+28.6,+22.1,GA	+6.78,+9.3,+22.1,KB	+7.03,-4.2,+20.6,IB	+2.30,+267.7,+21.3,LB	+6.98,-0.7,+20.6,KB	
1701686818.09474	+6.65,+9.9,+22.1,MB	+6.41,+28.6,+22.1,GA	+6.77,+9.4,+22.1,CB	+7.03,-4.3,+20.6,HB	+2.29,+268.1,+21.3,MB	+6.98,-0.7,+20.6,KB	
1701686880.1039076	+6.65,+10.0,+22.1,LA	+6.41,+28.6,+22.1,GA	+6.78,+9.2,+22.1,JB	+7.03,-4.2,+20.6,IB	+2.30,+267.2,+21.3,IB	+6.98,-0.7,+20.6,KB	
1701686942.11377	+6.65,+9.9,+22.1,MB	+6.41,+28.5,+22.1,DA	+6.78,+9.3,+22.1,KB	+7.03,-4.2,+20.6,IB	+2.30,+267.5,+21.3,NB	+6.98,-0.7,+20.6,KB	
1701687004.121781	+6.65,+10.0,+22.1,LA	+6.41,+28.5,+22.1,DA	+6.78,+9.3,+22.1,KB	+7.03,-4.3,+20.6,HB	+2.29,+268.0,+21.3,LB	+6.98,-0.7,+20.6,KB	
1701687066.128126	+6.65,+9.9,+22.1,MB	+6.41,+28.5,+22.1,DA	+6.78,+9.3,+22.1,KB	+7.03,-4.3,+20.6,HB	+2.31,+267.1,+21.3,KB	+6.98,-0.6,+20.6,JB	
1701687128.137941	+6.65,+9.9,+22.1,MB	+6.41,+28.5,+22.1,DA	+6.78,+9.3,+22.1,KB	+7.03,-4.3,+20.6,HB	+2.29,+267.9,+21.3,JB	+6.98,-0.7,+20.6,KB	
1701687190.1464283	+6.65,+9.9,+22.1,MB	+6.41,+28.5,+22.1,DA	+6.78,+9.2,+22.1,JB	+7.03,-4.3,+20.6,HB	+2.36,+263.9,+21.3,@B	+6.98,-0.7,+20.6,KB	
1701687252.1563623	+6.65,+10.0,+22.1,LA	+6.41,+28.5,+22.1,DA	+6.78,+9.3,+22.1,KB	+7.03,-4.2,+20.6,IB	+2.30,+267.6,+21.3,MB	+6.98,-0.7,+20.6,KB	
1701687314.167182	+6.65,+9.9,+22.1,MB	+6.41,+28.6,+22.1,GA	+6.78,+9.2,+22.1,JB	+7.03,-4.3,+20.6,HB	+2.29,+268.2,+21.3,NB	+6.98,-0.7,+20.6,KB	
1701687376.1766982	+6.65,+9.9,+22.1,MB	+6.41,+28.5,+22.1,DA	+6.78,+9.3,+22.1,KB	+7.03,-4.2,+20.6,IB	+2.30,+267.3,+21.3,HB	+6.98,-0.7,+20.6,KB	
1701687438.1860156	+6.65,+10.0,+22.1,LA	+6.42,+28.3,+22.1,AA	+6.77,+9.4,+22.1,CB	+7.03,-4.2,+20.6,IB	+2.29,+268.0,+21.3,LB	+6.98,-0.7,+20.6,KB	
1701687500.194598	+6.65,+10.0,+22.1,LA	+6.41,+28.4,+22.2,FA	+6.77,+9.4,+22.2,@B	+7.03,-4.2,+20.6,IB	+2.35,+264.4,+21.3,IB	+6.98,-0.7,+20.6,KB	
1701687562.2031517	+6.65,+9.9,+22.1,MB	+6.41,+28.6,+22.2,DA	+6.78,+9.2,+22.1,JB	+7.03,-4.3,+20.6,HB	+2.30,+267.7,+21.4,KB	+6.98,-0.7,+20.6,KB	
1701687624.1933222	+6.65,+9.9,+22.1,MB	+6.41,+28.6,+22.1,GA	+6.78,+9.3,+22.1,KB	+7.03,-4.3,+20.6,HB	+2.29,+268.2,+21.3,NB	+6.98,-0.7,+20.6,KB	
1701687686.2025394	+6.65,+10.0,+22.1,LA	+6.41,+28.6,+22.1,GA	+6.78,+9.4,+22.1,LB	+7.03,-4.3,+20.6,HB	+2.37,+263.4,+21.3,LB	+6.98,-0.7,+20.6,KB	
1701687748.2098417	+6.65,+10.0,+22.1,LA	+6.41,+28.6,+22.1,GA	+6.78,+9.2,+22.1,JB	+7.03,-4.3,+20.6,HB	+2.30,+267.5,+21.3,NB	+6.98,-0.7,+20.6,KB	
1701687810.219173	+6.65,+10.0,+22.1,LA	+6.42,+28.4,+22.1,FA	+6.78,+9.3,+22.1,KB	+7.03,-4.3,+20.6,HB	+2.29,+268.2,+21.3,NB	+6.98,-0.7,+20.6,KB	
1701687872.227214	+6.65,+10.0,+22.1,LA	+6.42,+28.4,+22.1,FA	+6.78,+9.2,+22.1,JB	+7.03,-4.3,+20.6,HB	+2.36,+263.9,+21.3,@B	+6.98,-0.7,+20.6,KB	
1701687934.2363586	+6.65,+10.1,+22.1,MA	+6.42,+28.4,+22.1,FA	+6.78,+9.3,+22.1,KB	+7.03,-4.2,+20.6,IB	+2.30,+267.7,+21.3,LB	+6.98,-0.7,+20.6,KB	
1701687996.242384	+6.65,+10.1,+22.1,MA	+6.42,+28.4,+22.1,FA	+6.78,+9.4,+22.1,LB	+7.03,-4.3,+20.6,HB	+2.29,+268.2,+21.3,NB	+6.98,-0.7,+20.6,KB	
1701688058.245967	+6.65,+10.0,+22.1,LA	+6.42,+28.3,+22.1,AA	+6.78,+9.4,+22.1,LB	+7.03,-4.3,+20.6,HB	+2.28,+268.6,+21.3,KB	+6.98,-0.7,+20.6,KB	
1701688120.2531111	+6.65,+10.1,+22.1,MA	+6.42,+28.4,+22.1,FA	+6.78,+9.4,+22.1,LB	+7.03,-4.3,+20.6,HB	+2.30,+267.6,+21.3,MB	+6.98,-0.7,+20.6,KB	
1701688182.2610497	+6.65,+10.1,+22.1,MA	+6.42,+28.3,+22.1,AA	+6.78,+9.2,+22.1,JB	+7.03,-4.3,+20.6,HB	+2.29,+268.3,+21.3,OB	+6.98,-0.7,+20.6,KB	
1701688244.2691696	+6.65,+10.1,+22.1,MA	+6.42,+28.3,+22.1,AA	+6.78,+9.2,+22.1,JB	+7.03,-4.3,+20.6,HB	+2.34,+265.5,+21.3,HB	+6.98,-0.7,+20.6,KB	
1701688306.2776933	+6.65,+10.1,+22.1,MA	+6.42,+28.3,+22.1,AA	+6.78,+9.3,+22.1,KB	+7.03,-4.3,+20.6,HB	+2.30,+267.6,+21.3,MB	+6.98,-0.7,+20.6,KB	
1701688368.2861795	+6.65,+10.0,+22.1,LA	+6.42,+28.2,+22.1,@A	+6.78,+9.3,+22.1,KB	+7.03,-4.5,+20.6,NB	+2.29,+268.2,+21.3,NB	+6.98,-0.7,+20.6,KB	
1701688430.2961712	+6.65,+10.1,+22.1,MA	+6.42,+28.2,+22.1,@A	+6.78,+9.4,+22.1,LB	+7.03,-4.4,+20.6,OB	+2.36,+263.8,+21.3,AB	+6.98,-0.7,+20.6,KB	
1701688492.3018744	+6.65,+10.0,+22.1,LA	+6.42,+28.3,+22.1,AA	+6.77,+9.4,+22.1,CB	+7.03,-4.4,+20.6,OB	+2.30,+267.5,+21.3,NB	+6.98,-0.7,+20.6,KB	
1701688554.308247	+6.65,+10.1,+22.1,MA	+6.42,+28.2,+22.1,@A	+6.78,+9.3,+22.1,KB	+7.03,-4.4,+20.6,OB	+2.29,+268.2,+21.3,NB	+6.98,-0.7,+20.6,KB	
1701688616.3184433	+6.65,+10.0,+22.1,LA	+6.42,+28.2,+22.1,@A	+6.78,+9.4,+22.1,LB	+7.03,-4.4,+20.6,OB	+2.28,+268.6,+21.3,KB	+6.98,-0.7,+20.6,KB	
1701688678.3283787	+6.65,+10.1,+22.1,MA	+6.42,+28.1,+22.1,CA	+6.78,+9.4,+22.1,LB	+7.03,-4.4,+20.6,OB	+2.31,+267.2,+21.3,HB	+6.98,-0.7,+20.6,KB	
1701688740.3374612	+6.65,+10.1,+22.1,MA	+6.42,+28.2,+22.1,@A	+6.78,+9.4,+22.1,LB	+7.03,-4.4,+20.6,OB	+2.29,+267.9,+21.3,JB	+6.98,-0.7,+20.6,KB	
1701688802.3468978	+6.65,+10.1,+22.1,MA	+6.42,+28.3,+22.1,AA	+6.78,+9.4,+22.1,LB	+7.03,-4.3,+20.6,HB	+2.31,+267.1,+21.3,KB	+6.98,-0.7,+20.6,KB	
1701688864.350757	+6.65,+10.1,+22.1,MA	+6.42,+28.2,+22.1,@A	+6.78,+9.2,+22.1,JB	+7.03,-4.4,+20.6,OB	+2.29,+267.8,+21.3,KB	+6.98,-0.8,+20.6,DB	
1701688926.3582604	+6.65,+10.1,+22.1,MA	+6.42,+28.3,+22.1,AA	+6.78,+9.3,+22.1,KB	+7.03,-4.4,+20.6,OB	+2.29,+268.3,+21.3,OB	+6.98,-0.8,+20.6,DB	
1701688988.3575335	+6.65,+10.1,+22.1,MA	+6.42,+28.2,+22.1,@A	+6.78,+9.3,+22.1,KB	+7.03,-4.4,+20.6,OB	+2.37,+263.6,+21.3,NB	+6.98,-0.7,+20.6,KB	
1701689233.9346657	+6.65,+10.1,+22.1,MA	+6.42,+28.1,+22.1,CA	+6.78,+9.3,+22.1,KB	+7.03,-4.4,+20.6,OB	+2.36,+263.8,+21.3,AB	+6.98,-0.7,+20.6,KB	
1701689295.9428992	+6.65,+10.1,+22.1,MA	+6.42,+28.1,+22.1,CA	+6.78,+9.3,+22.1,KB	+7.03,-4.3,+20.6,HB	+2.30,+267.5,+21.3,NB	+6.98,-0.7,+20.6,KB	
1701689357.9526944	+6.65,+10.1,+22.1,MA	+6.42,+28.2,+22.1,@A	+6.78,+9.3,+22.1,KB	+7.03,-4.3,+20.6,HB	+2.29,+268.1,+21.3,MB	+6.98,-0.7,+20.6,KB	
1701689419.9615235	+6.65,+10.2,+22.1,NA	+6.42,+28.1,+22.1,CA	+6.78,+9.4,+22.1,LB	+7.03,-4.5,+20.6,NB	+2.29,+268.1,+21.3,MB	+6.98,-0.7,+20.6,KB	
1701689481.9691653	+6.65,+10.1,+22.1,MA	+6.42,+28.1,+22.1,CA	+6.78,+9.3,+22.1,KB	+7.03,-4.4,+20.6,OB	+2.36,+263.8,+21.3,AB	+6.98,-0.7,+20.5,HB	
1701689543.9785607	+6.65,+10.1,+22.1,MA	+6.42,+28.0,+22.1,BA	+6.78,+9.3,+22.1,KB	+7.03,-4.3,+20.6,HB	+2.29,+267.9,+21.3,JB	+6.98,-0.7,+20.6,KB	
1701689605.9887788	+6.65,+10.1,+22.0,LA	+6.42,+28.1,+22.1,CA	+6.78,+9.2,+22.1,JB	+7.03,-4.4,+20.6,OB	+2.29,+267.9,+21.3,JB	+6.98,-0.7,+20.6,KB	
1701689667.9933784	+6.65,+10.1,+22.1,MA	+6.42,+28.0,+22.1,BA	+6.78,+9.3,+22.1,KB	+7.03,-4.4,+20.6,OB	+2.28,+268.8,+21.3,EB	+6.98,-0.7,+20.6,KB	
1701689730.0014675	+6.65,+10.1,+22.1,MA	+6.42,+28.0,+22.1,BA	+6.78,+9.2,+22.1,JB	+7.03,-4.4,+20.6,OB	+2.29,+268.0,+21.3,LB	+6.98,-0.7,+20.6,KB	
1701689792.009421	+6.65,+10.1,+22.1,MA	+6.42,+28.0,+22.1,BA	+6.78,+9.2,+22.1,JB	+7.03,-4.4,+20.6,OB	+2.28,+268.6,+21.3,KB	+6.98,-0.7,+20.5,HB	
1701689854.018161	+6.65,+10.1,+22.1,MA	+6.42,+28.0,+22.1,BA	+6.78,+9.3,+22.1,KB	+7.03,-4.3,+20.6,HB	+2.36,+264.0,+21.3,NB	+6.98,-0.7,+20.6,KB	
1701689916.0263119	+6.65,+10.1,+22.1,MA	+6.42,+28.1,+22.1,CA	+6.78,+9.2,+22.1,JB	+7.03,-4.3,+20.6,HB	+2.29,+268.1,+21.3,MB	+6.98,-0.7,+20.6,KB	
1701689978.0329475	+6.65,+10.1,+22.0,LA	+6.42,+28.0,+22.1,BA	+6.78,+9.3,+22.1,KB	+7.03,-4.3,+20.6,HB	+2.28,+268.8,+21.3,EB	+6.98,-0.7,+20.6,KB	
1701690040.0417807	+6.65,+10.1,+22.0,LA	+6.42,+28.0,+22.1,BA	+6.78,+9.3,+22.0,JB	+7.03,-4.3,+20.6,HB	+2.36,+264.2,+21.3,LB	+6.98,-0.8,+20.6,DB	
1701690102.049628	+6.65,+10.2,+22.1,NA	+6.42,+28.1,+22.1,CA	+6.78,+9.2,+22.0,KB	+7.03,-4.4,+20.6,OB	+2.29,+268.3,+21.3,OB	+6.98,-0.7,+20.6,KB	
1701690164.0579417	+6.65,+10.1,+22.0,LA	+6.42,+28.0,+22.1,BA	+6.78,+9.2,+22.1,JB	+7.03,-4.4,+20.6,OB	+2.29,+268.0,+21.3,LB	+6.98,-0.7,+20.6,KB	
1701690226.0665185	+6.65,+10.2,+22.0,OA	+6.42,+28.1,+22.1,CA	+6.78,+9.3,+22.0,JB	+7.03,-4.4,+20.6,OB	+2.37,+263.2,+21.3,JB	+6.98,-0.7,+20.5,HB	
1701690288.0763655	+6.65,+10.1,+22.0,LA	+6.42,+28.0,+22.1,BA	+6.78,+9.3,+22.0,JB	+7.03,-4.4,+20.6,OB	+2.30,+267.3,+21.3,HB	+6.98,-0.7,+20.5,HB	
1701690350.083281	+6.65,+9.9,+22.0,LB	+6.42,+28.0,+22.1,BA	+6.78,+9.3,+22.0,JB	+7.03,-4.4,+20.6,OB	+2.29,+267.9,+21.3,JB	+6.98,-0.7,+20.5,HB	
1701690412.0912914	+6.65,+10.0,+22.0,MA	+6.42,+28.0,+22.1,BA	+6.78,+9.4,+22.0,MB	+7.03,-4.4,+20.6,OB	+2.36,+263.7,+21.3,NB	+6.98,-0.7,+20.5,HB	
1701690474.1007946	+6.65,+9.9,+22.0,LB	+6.42,+28.2,+22.1,@A	+6.78,+9.4,+22.0,MB	+7.03,-4.4,+20.6,OB	+2.30,+267.6,+21.3,MB	+6.98,-0.7,+20.5,HB	
1701690536.1100152	+6.65,+9.9,+22.0,LB	+6.42,+28.1,+22.1,CA	+6.78,+9.4,+22.0,MB	+7.03,-4.4,+20.6,OB	+2.29,+268.3,+21.3,OB	+6.98,-0.7,+20.5,HB	
1701690598.1254265	+6.65,+9.9,+22.0,LB	+6.42,+28.1,+22.1,CA	+6.78,+9.3,+22.0,JB	+7.03,-4.4,+20.5,LB	+2.28,+268.8,+21.3,EB	+6.98,-0.7,+20.5,HB	
1701690660.1345608	+6.65,+9.9,+22.0,LB	+6.42,+28.0,+22.1,BA	+6.78,+9.2,+22.0,KB	+7.03,-4.3,+20.6,HB	+2.29,+267.9,+21.3,JB	+6.98,-0.8,+20.5,GB	
1701690722.1439779	+6.65,+9.9,+22.0,LB	+6.42,+28.0,+22.1,BA	+6.78,+9.3,+22.0,JB	+7.03,-4.4,+20.5,LB	+2.28,+268.6,+21.3,KB	+6.98,-0.7,+20.5,HB	
1701690784.1544676	+6.65,+9.9,+22.0,LB	+6.42,+28.1,+22.1,CA	+6.78,+9.2,+22.0,KB	+7.03,-4.3,+20.6,HB	+2.34,+265.4,+21.3,IB	+6.98,-0.7,+20.5,HB	
1701690846.1620746	+6.65,+9.9,+22.0,LB	+6.42,+28.1,+22.1,CA	+6.78,+9.3,+22.0,JB	+7.03,-4.4,+20.5,LB	+2.29,+268.2,+21.3,NB	+6.98,-0.7,+20.5,HB	
1701690908.1716673	+6.65,+9.9,+22.0,LB	+6.42,+28.0,+22.1,BA	+6.78,+9.3,+22.0,JB	+7.03,-4.4,+20.5,LB	+2.28,+268.8,+21.3,EB	+6.98,-0.7,+20.5,HB	
1701690970.179112	+6.65,+9.9,+22.0,LB	+6.42,+28.0,+22.1,BA	+6.78,+9.2,+22.0,KB	+7.03,-4.3,+20.6,HB	+2.32,+266.2,+21.3,JB	+6.98,-0.7,+20.5,HB	
1701691032.1897845	+6.65,+9.9,+22.0,LB	+6.42,+28.1,+22.1,CA	+6.78,+9.2,+22.0,KB	+7.03,-4.3,+20.6,HB	+2.28,+268.4,+21.3,IB	+6.98,-0.7,+20.5,HB	
1701691094.1981218	+6.65,+9.9,+22.0,LB	+6.42,+28.0,+22.1,BA	+6.78,+9.2,+22.0,KB	+7.03,-4.4,+20.5,LB	+2.27,+269.1,+21.3,BB	+6.98,-0.8,+20.5,GB	
1701691156.2072756	+6.65,+9.9,+22.0,LB	+6.42,+28.2,+22.1,@A	+6.78,+9.3,+22.0,JB	+7.03,-4.4,+20.5,LB	+2.28,+268.4,+21.3,IB	+6.98,-0.7,+20.5,HB	
1701691218.2162018	+6.65,+9.8,+22.0,MB	+6.42,+28.2,+22.1,@A	+6.78,+9.3,+22.0,JB	+7.03,-4.3,+20.5,KB	+2.28,+268.9,+21.3,DB	+6.98,-0.7,+20.5,HB	
1701691280.2224963	+6.65,+9.9,+22.0,LB	+6.42,+28.1,+22.1,CA	+6.78,+9.2,+22.0,KB	+7.03,-4.4,+20.5,LB	+2.27,+269.4,+21.3,GB	+6.98,-0.7,+20.5,HB	
1701691342.2319982	+6.65,+9.9,+22.0,LB	+6.42,+28.2,+22.1,@A	+6.78,+9.4,+22.0,MB	+7.03,-4.4,+20.5,LB	+2.29,+268.3,+21.3,OB	+6.98,-0.8,+20.5,GB	
1701691404.2416875	+6.65,+9.9,+22.0,LB	+6.42,+28.1,+22.1,CA	+6.78,+9.3,+22.0,JB	+7.03,-4.3,+20.5,KB	+2.27,+268.9,+21.3,KB	+6.98,-0.7,+20.5,HB	
1701691466.25124	+6.65,+9.8,+22.0,MB	+6.42,+28.1,+22.1,CA	+6.78,+9.3,+22.0,JB	+7.03,-4.4,+20.5,LB	+2.26,+269.5,+21.3,GB	+6.98,-0.7,+20.5,HB	
1701691528.2609763	+6.65,+9.9,+22.0,LB	+6.42,+28.2,+22.1,@A	+6.78,+9.4,+22.0,MB	+7.03,-4.4,+20.5,LB	+2.28,+268.5,+21.3,HB	+6.98,-0.7,+20.5,HB	
1701691590.2696588	+6.65,+9.9,+22.0,LB	+6.42,+28.1,+22.1,CA	+6.78,+9.3,+22.0,JB	+7.03,-4.3,+20.5,KB	+2.27,+269.0,+21.3,CB	+6.98,-0.7,+20.5,HB	
1701691652.2786472	+6.65,+9.9,+22.0,LB	+6.42,+28.0,+22.0,CA	+6.78,+9.2,+22.0,KB	+7.03,-4.3,+20.5,KB	+2.26,+269.6,+21.3,DB	+6.98,-0.7,+20.5,HB	
1701691714.2870963	+6.65,+9.9,+22.0,LB	+6.42,+27.9,+22.0,EA	+6.78,+9.2,+22.0,KB	+7.03,-4.3,+20.5,KB	+2.28,+268.8,+21.3,EB	+6.98,-0.7,+20.4,IB	
1701691776.296765	+6.65,+9.9,+22.0,LB	+6.42,+28.0,+22.0,CA	+6.78,+9.3,+22.0,JB	+7.03,-4.3,+20.5,KB	+2.27,+269.3,+21.3,@B	+6.98,-0.7,+20.4,IB	
1701691838.3061934	+6.65,+10.0,+22.0,MA	+6.42,+27.9,+22.0,EA	+6.78,+9.3,+22.0,JB	+7.03,-4.4,+20.5,LB	+2.26,+269.8,+21.3,JB	+6.98,-0.7,+20.5,HB	
1701691900.318003	+6.65,+10.0,+22.0,MA	+6.42,+27.9,+22.0,EA	+6.78,+9.2,+22.0,KB	+7.03,-4.3,+20.5,KB	+2.27,+269.0,+21.3,CB	+6.98,-0.7,+20.4,IB	
1701691962.3248365	+6.65,+10.0,+22.0,MA	+6.43,+27.8,+22.0,EA	+6.78,+9.3,+22.0,JB	+7.03,-4.3,+20.5,KB	+2.26,+269.5,+21.3,GB	+6.98,-0.7,+20.4,IB	
1701692024.330499	+6.65,+9.9,+22.0,LB	+6.42,+28.0,+22.0,CA	+6.78,+9.4,+22.0,MB	+7.03,-4.3,+20.5,KB	+2.28,+268.3,+21.3,NB	+6.98,-0.7,+20.4,IB	
1701692086.3398156	+6.65,+10.0,+22.0,MA	+6.43,+27.9,+22.0,DA	+6.77,+9.4,+22.0,BB	+7.03,-4.3,+20.5,KB	+2.27,+269.2,+21.3,AB	+6.98,-0.7,+20.4,IB	
1701692148.3519619	+6.65,+10.0,+22.0,MA	+6.43,+27.8,+22.0,EA	+6.78,+9.4,+22.0,MB	+7.03,-4.4,+20.5,LB	+2.26,+269.8,+21.3,JB	+6.98,-0.7,+20.4,IB	
1701692210.360287	+6.65,+10.0,+21.9,GA	+6.42,+27.9,+22.0,EA	+6.78,+9.3,+22.0,JB	+7.03,-4.3,+20.5,KB	+2.27,+268.9,+21.3,KB	+6.98,-0.7,+20.4,IB	
1701692272.3704054	+6.65,+9.9,+22.0,LB	+6.42,+27.9,+22.0,EA	+6.78,+9.4,+22.0,MB	+7.03,-4.4,+20.5,LB	+2.26,+269.5,+21.3,GB	+6.98,-0.7,+20.4,IB	
1701692334.3808055	+6.65,+10.0,+22.0,MA	+6.42,+28.0,+22.0,CA	+6.78,+9.2,+22.0,KB	+7.03,-4.3,+20.5,KB	+2.33,+266.0,+21.3,IB	+6.98,-0.7,+20.4,IB	
1701692396.388448	+6.65,+10.0,+22.0,MA	+6.42,+28.0,+22.0,CA	+6.78,+9.4,+22.0,MB	+7.03,-4.3,+20.5,KB	+2.27,+269.2,+21.3,AB	+6.98,-0.7,+20.4,IB	
1701692458.395435	+6.65,+10.0,+21.9,GA	+6.42,+28.1,+22.0,BA	+6.78,+9.3,+22.0,JB	+7.03,-4.3,+20.5,KB	+2.26,+269.7,+21.3,EB	+6.98,-0.7,+20.4,IB	
1701692520.4056087	+6.65,+10.0,+21.9,GA	+6.42,+28.0,+22.0,CA	+6.77,+9.4,+22.0,BB	+7.03,-4.3,+20.5,KB	+2.27,+268.9,+21.3,KB	+6.98,-0.7,+20.4,IB	
1701692582.4145749	+6.65,+10.0,+21.9,GA	+6.42,+28.0,+22.0,CA	+6.78,+9.3,+21.9,@B	+7.03,-4.2,+20.5,JB	+2.27,+269.4,+21.3,GB	+6.98,-0.8,+20.4,FB	
1701692644.4196005	+6.65,+10.0,+21.9,GA	+6.42,+28.0,+22.0,CA	+6.78,+9.3,+22.0,JB	+7.03,-4.3,+20.5,KB	+2.26,+269.7,+21.3,EB	+6.98,-0.7,+20.4,IB	
1701692706.4268215	+6.65,+10.1,+22.0,LA	+6.42,+28.0,+22.0,CA	+6.78,+9.4,+22.0,MB	+7.03,-4.3,+20.5,KB	+2.28,+268.4,+21.3,IB	+6.98,-0.8,+20.4,FB	
1701692768.4368255	+6.65,+10.0,+21.9,GA	+6.42,+28.0,+22.0,CA	+6.78,+9.3,+21.9,@B	+7.03,-4.4,+20.5,LB	+2.27,+269.2,+21.3,AB	+6.98,-0.7,+20.4,IB	
1701692830.4440105	+6.65,+10.0,+21.9,GA	+6.42,+28.1,+22.0,BA	+6.78,+9.4,+21.9,GB	+7.03,-4.3,+20.5,KB	+2.26,+269.8,+21.3,JB	+6.98,-0.7,+20.4,IB	
1701693076.0106556	+6.65,+10.0,+21.9,GA	+6.42,+28.1,+22.0,BA	+6.78,+9.2,+21.9,AB	+7.03,-4.3,+20.5,KB	+2.28,+268.7,+21.3,JB	+6.98,-0.7,+20.4,IB	
1701693138.0218766	+6.65,+10.0,+21.9,GA	+6.42,+28.0,+22.0,CA	+6.78,+9.3,+21.9,@B	+7.03,-4.3,+20.4,JB	+2.26,+269.5,+21.3,GB	+6.98,-0.7,+20.4,IB	
1701693200.030063	+6.65,+10.0,+21.9,GA	+6.42,+28.0,+22.0,CA	+6.78,+9.2,+21.9,AB	+7.03,-4.3,+20.4,JB	+2.28,+268.6,+21.2,JB	+6.98,-0.7,+20.4,IB	
1701693262.0395918	+6.65,+10.1,+21.9,FA	+6.42,+28.0,+22.0,CA	+6.78,+9.3,+21.9,@B	+7.03,-4.3,+20.4,JB	+2.27,+269.3,+21.2,AB	+6.98,-0.7,+20.4,IB	
1701693324.05015	+6.65,+10.0,+21.9,GA	+6.42,+27.9,+22.0,EA	+6.78,+9.3,+21.9,@B	+7.03,-4.3,+20.4,JB	+2.28,+268.5,+21.3,HB	+6.98,-0.7,+20.4,IB	
1701693386.060019	+6.65,+10.0,+21.9,GA	+6.42,+28.0,+22.0,CA	+6.78,+9.2,+21.9,AB	+7.03,-4.3,+20.4,JB	+2.27,+269.1,+21.3,BB	+6.98,-0.7,+20.4,IB	
1701693448.0694404	+6.65,+10.0,+21.9,GA	+6.42,+27.9,+22.0,EA	+6.78,+9.3,+21.9,@B	+7.03,-4.3,+20.4,JB	+2.35,+264.8,+21.2,DB	+6.98,-0.8,+20.4,FB	
1701693510.0795326	+6.65,+10.0,+21.9,GA	+6.42,+28.0,+22.0,CA	+6.78,+9.3,+21.9,@B	+7.03,-4.3,+20.4,JB	+2.27,+268.9,+21.2,JB	+6.98,-0.7,+20.4,IB	
1701693572.0891	+6.65,+10.0,+21.9,GA	+6.42,+27.9,+22.0,EA	+6.78,+9.4,+21.9,GB	+7.03,-4.4,+20.4,MB	+2.26,+269.5,+21.2,FB	+6.98,-0.7,+20.3,NB	
1701693634.0969074	+6.65,+10.0,+21.9,GA	+6.42,+27.9,+22.0,EA	+6.78,+9.4,+21.9,GB	+7.03,-4.3,+20.4,JB	+2.27,+268.8,+21.2,KB	+6.98,-0.8,+20.4,FB	
1701693696.1037126	+6.65,+10.0,+21.9,GA	+6.42,+28.0,+22.0,CA	+6.78,+9.2,+21.9,AB	+7.03,-4.3,+20.4,JB	+2.27,+269.4,+21.2,FB	+6.98,-0.7,+20.4,IB	
1701693758.1096303	+6.65,+10.0,+21.9,GA	+6.42,+28.0,+22.0,CA	+6.78,+9.2,+21.9,AB	+7.03,-4.3,+20.4,JB	+2.28,+268.6,+21.2,JB	+6.98,-0.7,+20.4,IB	
1701693820.1239986	+6.65,+10.0,+21.9,GA	+6.42,+28.1,+22.0,BA	+6.78,+9.3,+21.9,@B	+7.03,-4.3,+20.4,JB	+2.27,+269.2,+21.2,@B	+6.98,-0.7,+20.3,NB	
1701693882.134069	+6.65,+10.0,+21.9,GA	+6.42,+28.2,+22.0,AA	+6.78,+9.3,+21.9,@B	+7.03,-4.3,+20.4,JB	+2.28,+268.5,+21.2,IB	+6.98,-0.7,+20.4,IB	
1701693944.1450608	+6.65,+10.0,+21.9,GA	+6.42,+28.2,+22.0,AA	+6.77,+9.4,+21.9,HB	+7.03,-4.3,+20.4,JB	+2.27,+269.0,+21.2,BB	+6.98,-0.7,+20.3,NB	
1701694006.1545017	+6.65,+10.0,+21.9,GA	+6.42,+28.2,+22.0,AA	+6.78,+9.3,+21.9,@B	+7.03,-4.3,+20.4,JB	+2.26,+269.6,+21.2,EB	+6.98,-0.7,+20.4,IB	
1701694068.1636508	+6.65,+10.1,+21.9,FA	+6.42,+28.2,+21.9,KA	+6.78,+9.3,+21.9,@B	+7.03,-4.3,+20.4,JB	+2.27,+268.9,+21.2,JB	+6.98,-0.7,+20.4,IB	
1701694130.174412	+6.65,+10.0,+21.9,GA	+6.42,+28.2,+21.9,KA	+6.78,+9.3,+21.9,@B	+7.03,-4.4,+20.4,MB	+2.26,+269.4,+21.2,GB	+6.98,-0.7,+20.3,NB	
1701694192.1835418	+6.65,+10.0,+21.9,GA	+6.42,+28.3,+21.9,JA	+6.78,+9.4,+21.9,GB	+7.03,-4.3,+20.4,JB	+2.28,+268.6,+21.2,JB	+6.98,-0.8,+20.3,AB	
1701694254.1926742	+6.65,+9.9,+21.9,FB	+6.42,+28.2,+22.0,AA	+6.78,+9.2,+21.9,AB	+7.03,-4.3,+20.4,JB	+2.27,+269.1,+21.2,CB	+6.98,-0.6,+20.3,OB	
1701694316.2015986	+6.65,+9.9,+21.9,FB	+6.42,+28.2,+22.0,AA	+6.78,+9.2,+21.8,@B	+7.03,-4.3,+20.4,JB	+2.26,+269.6,+21.2,EB	+6.98,-0.7,+20.3,NB	
1701694378.209746	+6.65,+9.9,+21.8,GB	+6.42,+28.3,+21.9,JA	+6.78,+9.2,+21.9,AB	+7.03,-4.3,+20.4,JB	+2.28,+268.5,+21.2,IB	+6.98,-0.7,+20.3,NB	
1701694440.2192879	+6.65,+9.8,+21.8,FB	+6.42,+28.3,+21.9,JA	+6.78,+9.3,+21.9,@B	+7.03,-4.3,+20.3,MB	+2.27,+268.9,+21.2,JB	+6.98,-0.7,+20.3,NB	
1701694502.230383	+6.65,+9.8,+21.9,GB	+6.42,+28.2,+21.9,KA	+6.78,+9.2,+21.8,@B	+7.03,-4.3,+20.4,JB	+2.27,+269.2,+21.2,@B	+6.98,-0.7,+20.3,NB	
1701694564.244805	+6.65,+9.8,+21.9,GB	+6.42,+28.2,+21.9,KA	+6.78,+9.4,+21.9,GB	+7.03,-4.3,+20.3,MB	+2.26,+269.5,+21.2,FB	+6.98,-0.7,+20.3,NB	
1701694626.2503843	+6.65,+9.8,+21.8,FB	+6.42,+28.3,+21.9,JA	+6.78,+9.3,+21.8,AB	+7.03,-4.3,+20.4,JB	+2.28,+268.5,+21.2,IB	+6.98,-0.8,+20.3,AB	
1701694688.2589397	+6.65,+9.9,+21.9,FB	+6.42,+28.2,+21.9,KA	+6.78,+9.3,+21.8,AB	+7.03,-4.3,+20.4,JB	+2.28,+268.6,+21.2,JB	+6.98,-0.8,+20.3,AB	
1701694750.2694805	+6.65,+9.8,+21.8,FB	+6.42,+28.2,+21.9,KA	+6.78,+9.2,+21.8,@B	+7.03,-4.3,+20.4,JB	+2.27,+269.1,+21.2,CB	+6.98,-0.8,+20.3,AB	
1701694812.2797117	+6.65,+9.8,+21.8,FB	+6.42,+28.1,+21.9,HA	+6.77,+9.4,+21.8,IB	+7.03,-4.3,+20.3,MB	+2.26,+269.5,+21.2,FB	+6.98,-0.7,+20.3,NB	
1701694874.289059	+6.65,+9.9,+21.8,GB	+6.42,+28.2,+21.9,KA	+6.78,+9.3,+21.9,@B	+7.03,-4.3,+20.4,JB	+2.30,+267.4,+21.2,NB	+6.98,-0.8,+20.3,AB	
1701694936.2954097	+6.65,+9.8,+21.8,FB	+6.42,+28.3,+21.9,JA	+6.78,+9.2,+21.9,AB	+7.03,-4.2,+20.4,KB	+2.27,+268.9,+21.2,JB	+6.98,-0.8,+20.3,AB	
1701694998.3056977	+6.65,+9.9,+21.8,GB	+6.42,+28.2,+21.9,KA	+6.78,+9.3,+21.8,AB	+7.03,-4.3,+20.3,MB	+2.26,+269.4,+21.2,GB	+6.98,-0.7,+20.3,NB	
1701695060.3156235	+6.65,+9.8,+21.8,FB	+6.42,+28.3,+21.9,JA	+6.78,+9.2,+21.8,@B	+7.03,-4.4,+20.3,JB	+2.26,+269.6,+21.2,EB	+6.98,-0.7,+20.3,NB	
1701695122.3254855	+6.65,+9.9,+21.8,GB	+6.42,+28.4,+21.9,MA	+6.78,+9.3,+21.8,AB	+7.03,-4.3,+20.3,MB	+2.25,+270.1,+21.2,IB	+6.98,-0.7,+20.3,NB	
1701695184.3348293	+6.65,+9.8,+21.8,FB	+6.42,+28.4,+21.9,MA	+6.77,+9.4,+21.8,IB	+7.03,-4.3,+20.3,MB	+2.27,+268.9,+21.2,JB	+6.98,-0.7,+20.3,NB	
1701695246.3450868	+6.65,+9.8,+21.8,FB	+6.42,+28.4,+21.9,MA	+6.77,+9.4,+21.8,IB	+7.03,-4.3,+20.3,MB	+2.27,+269.2,+21.2,@B	+6.98,-0.7,+20.3,NB	
1701695308.3553984	+6.65,+9.8,+21.8,FB	+6.42,+28.3,+21.9,JA	+6.78,+9.2,+21.8,@B	+7.03,-4.4,+20.3,JB	+2.27,+269.1,+21.2,CB	+6.98,-0.7,+20.3,NB	
1701695370.365001	+6.65,+9.9,+21.8,GB	+6.41,+28.5,+21.9,OA	+6.78,+9.3,+21.8,AB	+7.03,-4.4,+20.3,JB	+2.26,+269.5,+21.2,FB	+6.98,-0.7,+20.3,NB	
1701695432.374826	+6.65,+9.8,+21.8,FB	+6.42,+28.3,+21.9,JA	+6.78,+9.2,+21.8,@B	+7.03,-4.3,+20.3,MB	+2.28,+268.5,+21.2,IB	+6.98,-0.7,+20.3,NB	
1701695494.3814774	+6.65,+9.8,+21.8,FB	+6.41,+28.5,+21.9,OA	+6.78,+9.3,+21.8,AB	+7.03,-4.3,+20.3,MB	+2.27,+269.1,+21.2,CB	+6.98,-0.7,+20.3,NB	
1701695556.3920648	+6.65,+9.9,+21.8,GB	+6.41,+28.6,+21.9,LA	+6.78,+9.3,+21.8,AB	+7.03,-4.5,+20.3,KB	+2.26,+269.5,+21.2,FB	+6.98,-0.7,+20.2,OB	
1701695618.4019945	+6.65,+9.9,+21.8,GB	+6.41,+28.5,+21.9,OA	+6.78,+9.3,+21.8,AB	+7.03,-4.6,+20.3,HB	+2.28,+268.6,+21.2,JB	+6.98,-0.8,+20.3,AB	
1701695680.41002	+6.65,+9.8,+21.8,FB	+6.41,+28.5,+21.9,OA	+6.78,+9.4,+21.8,FB	+7.03,-4.5,+20.3,KB	+2.27,+269.0,+21.2,BB	+6.98,-0.8,+20.3,AB	
1701695742.416635	+6.65,+9.9,+21.8,GB	+6.41,+28.5,+21.9,OA	+6.78,+9.3,+21.8,AB	+7.03,-4.5,+20.3,KB	+2.26,+269.5,+21.2,FB	+6.98,-0.8,+20.2,@B	
1701695804.425001	+6.65,+9.9,+21.8,GB	+6.41,+28.5,+21.9,OA	+6.78,+9.3,+21.8,AB	+7.03,-4.4,+20.3,JB	+2.30,+267.5,+21.1,LB	+6.98,-0.7,+20.2,OB	
1701695866.433369	+6.65,+9.9,+21.8,GB	+6.41,+28.5,+21.9,OA	+6.78,+9.3,+21.8,AB	+7.03,-4.4,+20.3,JB	+2.27,+268.8,+21.2,KB	+6.98,-0.7,+20.2,OB	
1701695928.4430482	+6.65,+9.9,+21.8,GB	+6.41,+28.5,+21.9,OA	+6.78,+9.2,+21.8,@B	+7.03,-4.4,+20.3,JB	+2.26,+269.4,+21.2,GB	+6.98,-0.7,+20.2,OB	
1701695990.4520273	+6.65,+10.0,+21.7,IA	+6.41,+28.5,+21.8,NA	+6.78,+9.2,+21.8,@B	+7.03,-4.4,+20.3,JB	+2.25,+270.0,+21.2,HB	+6.98,-0.7,+20.2,OB	
1701696052.461095	+6.65,+10.0,+21.8,FA	+6.41,+28.5,+21.8,NA	+6.78,+9.3,+21.7,NB	+7.03,-4.4,+20.3,JB	+2.27,+269.0,+21.1,AB	+6.98,-0.8,+20.2,@B	
1701696114.4671786	+6.65,+9.9,+21.7,HB	+6.42,+28.4,+21.9,MA	+6.78,+9.4,+21.8,FB	+7.03,-4.4,+20.3,JB	+2.26,+269.5,+21.2,FB	+6.98,-0.7,+20.2,OB	
1701696176.4750566	+6.65,+9.9,+21.7,HB	+6.41,+28.4,+21.8,OA	+6.78,+9.3,+21.8,AB	+7.03,-4.3,+20.3,MB	+2.26,+269.9,+21.2,JB	+6.98,-0.8,+20.2,@B	
1701696238.484909	+6.65,+9.9,+21.7,HB	+6.42,+28.4,+21.8,LA	+6.78,+9.4,+21.8,FB	+7.03,-4.3,+20.3,MB	+2.27,+268.9,+21.1,IB	+6.98,-0.7,+20.2,OB	
1701696300.4943564	+6.65,+9.9,+21.7,HB	+6.42,+28.4,+21.8,LA	+6.78,+9.2,+21.8,@B	+7.03,-4.4,+20.3,JB	+2.26,+269.5,+21.1,EB	+6.98,-0.7,+20.2,OB	
1701696362.503647	+6.65,+9.9,+21.7,HB	+6.42,+28.4,+21.8,LA	+6.78,+9.3,+21.8,AB	+7.03,-4.4,+20.3,JB	+2.25,+270.0,+21.1,KB	+6.98,-0.8,+20.2,@B	
1701696424.5109277	+6.65,+10.0,+21.7,IA	+6.41,+28.5,+21.9,OA	+6.77,+9.4,+21.7,FB	+7.03,-4.3,+20.3,MB	+2.27,+269.0,+21.1,AB	+6.98,-0.8,+20.2,@B	
1701696486.5195792	+6.65,+9.9,+21.7,HB	+6.41,+28.5,+21.8,NA	+6.77,+9.4,+21.8,IB	+7.03,-4.3,+20.3,MB	+2.26,+269.5,+21.1,EB	+6.98,-0.8,+20.2,@B	
1701696548.5276372	+6.65,+10.0,+21.7,IA	+6.42,+28.4,+21.8,LA	+6.78,+9.3,+21.7,NB	+7.03,-4.4,+20.3,JB	+2.27,+268.8,+21.1,HB	+6.98,-0.8,+20.2,@B	
1701696610.536788	+6.65,+10.0,+21.7,IA	+6.41,+28.5,+21.8,NA	+6.78,+9.4,+21.8,FB	+7.03,-4.3,+20.3,MB	+2.26,+269.3,+21.1,CB	+6.98,-0.8,+20.2,@B	
1701696672.5462735	+6.65,+10.0,+21.7,IA	+6.41,+28.5,+21.8,NA	+6.77,+9.4,+21.8,IB	+7.03,-4.3,+20.3,MB	+2.25,+269.9,+21.1,JB	+6.98,-0.7,+20.2,OB	
1701696918.149375	+6.65,+10.0,+21.7,IA	+6.41,+28.6,+21.8,MA	+6.77,+9.4,+21.7,FB	+7.03,-4.3,+20.3,MB	+2.28,+268.7,+21.1,HB	+6.98,-0.7,+20.2,OB	
1701696980.1587665	+6.65,+10.0,+21.7,IA	+6.42,+28.4,+21.8,LA	+6.78,+9.3,+21.7,NB	+7.03,-4.3,+20.3,MB	+2.29,+268.0,+21.1,NB	+6.98,-0.8,+20.2,@B	
1701697042.1690488	+6.65,+10.0,+21.7,IA	+6.41,+28.6,+21.8,MA	+6.78,+9.3,+21.7,NB	+7.03,-4.3,+20.2,LB	+2.27,+268.8,+21.1,HB	+6.98,-0.8,+20.2,@B	
1701697104.1768582	+6.65,+10.0,+21.7,IA	+6.41,+28.6,+21.8,MA	+6.78,+9.4,+21.7,IB	+7.03,-4.3,+20.2,LB	+2.26,+269.4,+21.1,DB	+6.98,-0.7,+20.2,OB	
1701697166.1867578	+6.65,+10.0,+21.7,IA	+6.41,+28.5,+21.8,NA	+6.78,+9.3,+21.7,NB	+7.03,-4.3,+20.2,LB	+2.28,+268.7,+21.1,HB	+6.98,-0.8,+20.1,CB	
1701697228.1962821	+6.65,+10.0,+21.7,IA	+6.41,+28.7,+21.8,LA	+6.78,+9.3,+21.7,NB	+7.03,-4.3,+20.2,LB	+2.26,+269.3,+21.1,CB	+6.98,-0.8,+20.2,@B	
1701697290.2103245	+6.65,+9.9,+21.7,HB	+6.41,+28.6,+21.8,MA	+6.77,+9.4,+21.7,FB	+7.03,-4.3,+20.2,LB	+2.28,+268.7,+21.1,HB	+6.98,-0.7,+20.1,LB	
1701697352.2199173	+6.65,+10.0,+21.7,IA	+6.41,+28.7,+21.8,LA	+6.78,+9.3,+21.7,NB	+7.03,-4.2,+20.2,MB	+2.26,+269.4,+21.1,DB	+6.98,-0.8,+20.1,CB	
1701697414.2291467	+6.65,+10.0,+21.7,IA	+6.41,+28.6,+21.8,MA	+6.77,+9.5,+21.7,GB	+7.03,-4.3,+20.2,LB	+2.28,+268.7,+21.1,HB	+6.98,-0.7,+20.1,LB	
1701697476.2366695	+6.65,+10.0,+21.7,IA	+6.41,+28.6,+21.8,MA	+6.77,+9.4,+21.7,FB	+7.03,-4.3,+20.2,LB	+2.26,+269.5,+21.1,EB	+6.98,-0.8,+20.1,CB	
1701697538.2458093	+6.65,+10.0,+21.7,IA	+6.41,+28.7,+21.8,LA	+6.78,+9.3,+21.7,NB	+7.03,-4.2,+20.2,MB	+2.27,+268.8,+21.1,HB	+6.98,-0.8,+20.1,CB	
1701697600.252841	+6.65,+10.0,+21.7,IA	+6.41,+28.5,+21.8,NA	+6.78,+9.3,+21.7,NB	+7.03,-4.3,+20.2,LB	+2.26,+269.4,+21.1,DB	+6.98,-0.7,+20.1,LB	
1701697662.2623878	+6.65,+10.0,+21.7,IA	+6.41,+28.7,+21.8,LA	+6.78,+9.3,+21.7,NB	+7.03,-4.3,+20.2,LB	+2.27,+268.9,+21.1,IB	+6.98,-0.8,+20.1,CB	
1701697724.2720773	+6.65,+10.0,+21.7,IA	+6.41,+28.6,+21.8,MA	+6.77,+9.4,+21.7,FB	+7.03,-4.3,+20.2,LB	+2.33,+265.3,+21.1,KB	+6.98,-0.7,+20.1,LB	
1701697786.2791865	+6.65,+10.0,+21.7,IA	+6.41,+28.6,+21.8,MA	+6.78,+9.3,+21.7,NB	+7.03,-4.4,+20.2,KB	+2.27,+269.0,+21.1,AB	+6.98,-0.7,+20.1,LB	
1701697848.2872536	+6.65,+10.0,+21.7,IA	+6.41,+28.7,+21.8,LA	+6.77,+9.4,+21.7,FB	+7.03,-4.2,+20.2,MB	+2.28,+268.4,+21.1,KB	+6.98,-0.7,+20.1,LB	
1701697910.2936401	+6.65,+9.9,+21.7,HB	+6.41,+28.7,+21.8,LA	+6.77,+9.5,+21.7,GB	+7.03,-4.3,+20.2,LB	+2.27,+269.1,+21.1,@B	+6.98,-0.8,+20.1,CB	
1701697972.3022015	+6.65,+9.8,+21.7,IB	+6.41,+28.6,+21.8,MA	+6.78,+9.4,+21.7,IB	+7.03,-4.3,+20.2,LB	+2.28,+268.5,+21.1,JB	+6.98,-0.8,+20.1,CB	
1701698034.3066204	+6.65,+9.8,+21.7,IB	+6.41,+28.9,+21.8,BA	+6.78,+9.3,+21.7,NB	+7.03,-4.3,+20.2,LB	+2.26,+269.3,+21.1,CB	+6.98,-0.8,+20.1,CB	
1701698096.2990108	+6.65,+9.8,+21.7,IB	+6.41,+28.6,+21.7,BA	+6.78,+9.3,+21.7,NB	+7.03,-4.3,+20.2,LB	+2.27,+268.9,+21.1,IB	+6.98,-0.7,+20.1,LB	
1701698158.306271	+6.65,+9.8,+21.7,IB	+6.41,+28.7,+21.8,LA	+6.78,+9.3,+21.7,NB	+7.03,-4.3,+20.2,LB	+2.28,+268.6,+21.1,IB	+6.98,-0.8,+20.1,CB	
1701698220.3130174	+6.65,+9.8,+21.6,HB	+6.41,+28.7,+21.8,LA	+6.77,+9.4,+21.7,FB	+7.03,-4.3,+20.2,LB	+2.26,+269.3,+21.1,CB	+6.98,-0.7,+20.1,LB	
1701698282.32321	+6.65,+9.8,+21.6,HB	+6.41,+28.6,+21.8,MA	+6.77,+9.5,+21.7,GB	+7.03,-4.3,+20.2,LB	+2.28,+268.7,+21.1,HB	+6.98,-0.7,+20.1,LB	
1701698344.3310635	+6.65,+9.8,+21.6,HB	+6.41,+28.7,+21.7,CA	+6.77,+9.5,+21.7,GB	+7.03,-4.3,+20.2,LB	+2.26,+269.4,+21.1,DB	+6.98,-0.8,+20.1,CB	
1701698406.3392413	+6.65,+9.8,+21.6,HB	+6.41,+28.8,+21.7,LA	+6.78,+9.3,+21.7,NB	+7.03,-4.3,+20.2,LB	+2.27,+268.9,+21.1,IB	+6.98,-0.7,+20.1,LB	
1701698468.3452272	+6.65,+9.8,+21.7,IB	+6.41,+28.7,+21.7,CA	+6.77,+9.4,+21.7,FB	+7.03,-4.3,+20.2,LB	+2.28,+268.6,+21.1,IB	+6.98,-0.8,+20.1,CB	
1701698530.3551605	+6.65,+9.8,+21.6,HB	+6.41,+28.6,+21.8,MA	+6.77,+9.4,+21.7,FB	+7.03,-4.4,+20.2,KB	+2.26,+269.3,+21.0,BB	+6.98,-0.7,+20.1,LB	
1701698592.3617356	+6.65,+9.8,+21.7,IB	+6.41,+28.8,+21.7,LA	+6.78,+9.3,+21.6,OB	+7.03,-4.3,+20.2,LB	+2.27,+268.9,+21.1,IB	+6.98,-0.7,+20.1,LB	
1701698654.3702862	+6.65,+9.8,+21.6,HB	+6.41,+28.8,+21.7,LA	+6.78,+9.4,+21.6,HB	+7.03,-4.3,+20.2,LB	+2.28,+268.5,+21.1,JB	+6.98,-0.8,+20.1,CB	
1701698716.380735	+6.65,+9.8,+21.6,HB	+6.41,+28.7,+21.7,CA	+6.77,+9.4,+21.6,GB	+7.03,-4.3,+20.2,LB	+2.27,+269.2,+21.1,CB	+6.98,-0.7,+20.1,LB	
1701698778.3889828	+6.65,+9.8,+21.6,HB	+6.41,+28.9,+21.7,MA	+6.78,+9.4,+21.6,HB	+7.03,-4.3,+20.1,OB	+2.27,+268.8,+21.0,IB	+6.98,-0.8,+20.1,CB	
1701698840.398673	+6.65,+9.8,+21.6,HB	+6.40,+29.0,+21.7,DA	+6.77,+9.4,+21.6,GB	+7.03,-4.3,+20.1,OB	+2.33,+265.2,+21.0,KB	+6.98,-0.8,+20.1,CB	
1701698902.4071045	+6.65,+9.7,+21.6,GB	+6.40,+29.1,+21.7,EA	+6.77,+9.4,+21.6,GB	+7.03,-4.3,+20.1,OB	+2.27,+269.0,+21.0,@B	+6.98,-0.8,+20.1,CB	
1701698964.4170427	+6.65,+9.8,+21.6,HB	+6.41,+28.9,+21.7,MA	+6.78,+9.4,+21.6,HB	+7.03,-4.3,+20.1,OB	+2.28,+268.6,+21.0,HB	+6.98,-0.8,+20.1,CB	
1701699026.4261293	+6.65,+9.8,+21.6,HB	+6.40,+29.0,+21.7,DA	+6.77,+9.4,+21.6,GB	+7.03,-4.2,+20.1,NB	+2.26,+269.3,+21.1,CB	+6.98,-0.8,+20.1,CB	
1701699088.4361165	+6.65,+9.8,+21.6,HB	+6.41,+28.8,+21.7,LA	+6.78,+9.4,+21.6,HB	+7.03,-4.3,+20.1,OB	+2.27,+269.0,+21.0,@B	+6.98,-0.8,+20.0,BB	
1701699150.444761	+6.65,+9.8,+21.6,HB	+6.41,+28.9,+21.7,MA	+6.78,+9.4,+21.6,HB	+7.03,-4.3,+20.1,OB	+2.28,+268.4,+21.0,JB	+6.98,-0.7,+20.0,MB	
1701699212.4528823	+6.65,+9.8,+21.6,HB	+6.41,+28.9,+21.7,MA	+6.77,+9.5,+21.6,FB	+7.03,-4.2,+20.1,NB	+2.27,+269.2,+21.0,BB	+6.98,-0.7,+20.0,MB	
1701699274.4621973	+6.65,+9.8,+21.6,HB	+6.41,+28.8,+21.7,LA	+6.77,+9.4,+21.6,GB	+7.03,-4.3,+20.1,OB	+2.27,+268.7,+21.0,FB	+6.98,-0.8,+20.0,BB	
1701699336.4733267	+6.65,+9.8,+21.6,HB	+6.41,+28.8,+21.7,LA	+6.77,+9.4,+21.6,GB	+7.03,-4.2,+20.1,NB	+2.26,+269.4,+21.0,EB	+6.98,-0.8,+20.0,BB	
1701699398.480813	+6.65,+9.8,+21.6,HB	+6.41,+28.8,+21.7,LA	+6.77,+9.5,+21.6,FB	+7.03,-4.2,+20.1,NB	+2.27,+268.8,+21.0,IB	+6.98,-0.8,+20.0,BB	
1701699460.490081	+6.65,+9.8,+21.6,HB	+6.41,+28.7,+21.7,CA	+6.77,+9.5,+21.6,FB	+7.03,-4.3,+20.1,OB	+2.26,+269.5,+21.0,DB	+6.98,-0.8,+20.0,BB	
1701699522.499772	+6.65,+9.8,+21.6,HB	+6.41,+28.7,+21.7,CA	+6.77,+9.4,+21.6,GB	+7.03,-4.2,+20.1,NB	+2.27,+269.0,+21.0,@B	+6.98,-0.8,+20.0,BB	
1701699584.50836	+6.65,+9.9,+21.6,IB	+6.41,+28.8,+21.7,LA	+6.78,+9.3,+21.6,OB	+7.03,-4.2,+20.1,NB	+2.34,+265.1,+21.0,OB	+6.98,-0.8,+20.0,BB	
1701699646.5173852	+6.65,+9.9,+21.5,JB	+6.41,+28.6,+21.7,BA	+6.77,+9.4,+21.6,GB	+7.03,-4.3,+20.1,OB	+2.27,+269.1,+21.0,AB	+6.98,-0.7,+20.0,MB	
1701699708.5274265	+6.65,+9.9,+21.6,IB	+6.41,+28.7,+21.7,CA	+6.78,+9.3,+21.6,OB	+7.03,-4.2,+20.1,NB	+2.27,+268.7,+21.0,FB	+6.98,-0.8,+20.0,BB	
1701699770.5368242	+6.65,+9.8,+21.6,HB	+6.41,+28.7,+21.7,CA	+6.77,+9.4,+21.6,GB	+7.03,-4.2,+20.1,NB	+2.26,+269.5,+21.0,DB	+6.98,-0.7,+20.0,MB	
1701699832.5457578	+6.65,+9.9,+21.6,IB	+6.41,+28.7,+21.7,CA	+6.78,+9.3,+21.6,OB	+7.03,-4.2,+20.1,NB	+2.27,+268.9,+21.0,HB	+6.98,-0.8,+20.0,BB	
1701699894.554293	+6.65,+9.9,+21.6,IB	+6.41,+28.7,+21.7,CA	+6.77,+9.4,+21.6,GB	+7.03,-4.2,+20.1,NB	+2.26,+269.7,+21.0,FB	+6.98,-0.7,+20.0,MB	
1701699956.563037	+6.65,+9.8,+21.6,HB	+6.41,+28.7,+21.7,CA	+6.77,+9.5,+21.6,FB	+7.03,-4.2,+20.1,NB	+2.26,+269.2,+21.0,CB	+6.98,-0.8,+20.0,BB	
1701700018.5716321	+6.65,+9.9,+21.6,IB	+6.41,+28.7,+21.6,BA	+6.77,+9.5,+21.6,FB	+7.03,-4.3,+20.1,OB	+2.28,+268.5,+21.0,KB	+6.98,-0.7,+20.0,MB	
1701700080.580804	+6.65,+9.9,+21.6,IB	+6.41,+28.7,+21.7,CA	+6.78,+9.3,+21.6,OB	+7.03,-4.2,+20.1,NB	+2.27,+269.2,+21.0,BB	+6.98,-0.7,+20.0,MB	
1701700142.5949826	+6.65,+9.9,+21.6,IB	+6.41,+28.6,+21.7,BA	+6.77,+9.5,+21.6,FB	+7.03,-4.3,+20.1,OB	+2.27,+268.9,+21.0,HB	+6.98,-0.8,+20.0,BB	
1701700204.6024249	+6.65,+9.9,+21.6,IB	+6.41,+28.6,+21.7,BA	+6.77,+9.4,+21.6,GB	+7.03,-4.3,+20.1,OB	+2.28,+268.6,+21.0,HB	+6.98,-0.7,+20.0,MB	
1701700266.6094747	+6.65,+9.9,+21.6,IB	+6.41,+28.7,+21.7,CA	+6.77,+9.5,+21.5,EB	+7.03,-4.3,+20.1,OB	+2.26,+269.2,+21.0,CB	+6.98,-0.8,+20.0,BB	
1701700328.617446	+6.65,+9.9,+21.6,IB	+6.41,+28.7,+21.7,CA	+6.77,+9.4,+21.6,GB	+7.03,-4.3,+20.1,OB	+2.27,+269.0,+21.0,@B	+6.98,-0.7,+20.0,MB	
1701700390.6275687	+6.65,+9.9,+21.6,IB	+6.41,+28.7,+21.7,CA	+6.77,+9.4,+21.6,GB	+7.03,-4.2,+20.1,NB	+2.27,+268.6,+21.0,GB	+6.98,-0.7,+20.0,MB	
1701700452.6361778	+6.65,+9.9,+21.5,JB	+6.41,+28.6,+21.7,BA	+6.77,+9.4,+21.6,GB	+7.03,-4.2,+20.1,NB	+2.26,+269.3,+21.0,BB	+6.98,-0.8,+20.0,BB	
1701700514.646504	+6.65,+9.9,+21.5,JB	+6.41,+28.6,+21.6,CA	+6.77,+9.4,+21.6,GB	+7.03,-4.3,+20.1,OB	+2.27,+268.9,+21.0,HB	+6.98,-0.8,+20.0,BB	
1701700760.2014852	+6.65,+9.9,+21.5,JB	+6.41,+28.6,+21.6,CA	+6.78,+9.3,+21.5,LB	+7.03,-4.2,+20.1,NB	+2.27,+269.1,+21.0,AB	+6.98,-0.7,+20.0,MB	
1701700822.210499	+6.65,+9.9,+21.5,JB	+6.41,+28.7,+21.6,BA	+6.78,+9.3,+21.6,OB	+7.03,-4.3,+20.0,NB	+2.27,+268.9,+21.0,HB	+6.98,-0.7,+20.0,MB	
1701700884.2188725	+6.65,+9.9,+21.5,JB	+6.41,+28.7,+21.6,BA	+6.78,+9.3,+21.5,LB	+7.03,-4.2,+20.0,OB	+2.27,+268.6,+20.9,OB	+6.98,-0.8,+20.0,BB	
1701700946.2286675	+6.65,+9.9,+21.5,JB	+6.41,+28.7,+21.6,BA	+6.77,+9.5,+21.5,EB	+7.03,-4.2,+20.0,OB	+2.26,+269.3,+21.0,BB	+6.98,-0.8,+20.0,BB	
1701701008.2375126	+6.65,+9.9,+21.5,JB	+6.41,+28.6,+21.6,CA	+6.77,+9.5,+21.5,EB	+7.03,-4.3,+20.0,NB	+2.27,+268.9,+21.0,HB	+6.98,-0.7,+20.0,MB	
1701701070.2464368	+6.65,+9.9,+21.5,JB	+6.41,+28.7,+21.6,BA	+6.77,+9.5,+21.5,EB	+7.03,-4.2,+20.0,OB	+2.27,+268.6,+20.9,OB	+6.98,-0.8,+19.9,AB	
1701701132.2556534	+6.65,+9.9,+21.5,JB	+6.41,+28.6,+21.6,CA	+6.77,+9.5,+21.5,EB	+7.03,-4.2,+20.0,OB	+2.26,+269.4,+21.0,EB	+6.98,-0.7,+20.0,MB	
1701701194.2654238	+6.65,+9.9,+21.5,JB	+6.41,+28.6,+21.6,CA	+6.78,+9.3,+21.5,LB	+7.03,-4.2,+20.0,OB	+2.27,+269.0,+21.0,@B	+6.98,-0.7,+19.9,NB	
1701701256.2782514	+6.65,+9.9,+21.5,JB	+6.41,+28.6,+21.6,CA	+6.78,+9.4,+21.5,KB	+7.03,-4.2,+20.0,OB	+2.27,+268.6,+20.9,OB	+6.98,-0.8,+19.9,AB	
1701701318.2863088	+6.65,+9.9,+21.5,JB	+6.41,+28.6,+21.6,CA	+6.77,+9.5,+21.5,EB	+7.03,-4.2,+20.0,OB	+2.26,+269.2,+20.9,KB	+6.98,-0.7,+19.9,NB	
1701701380.2958968	+6.65,+9.9,+21.5,JB	+6.41,+28.5,+21.6,@A	+6.77,+9.5,+21.5,EB	+7.03,-4.2,+20.0,OB	+2.27,+268.9,+20.9,@B	+6.98,-0.8,+19.9,AB	
1701701442.3031993	+6.65,+9.9,+21.5,JB	+6.41,+28.5,+21.6,@A	+6.78,+9.3,+21.5,LB	+7.03,-4.2,+20.0,OB	+2.28,+268.2,+21.0,LB	+6.98,-0.8,+19.9,AB	
1701701504.312844	+6.65,+9.9,+21.5,JB	+6.41,+28.5,+21.6,@A	+6.77,+9.4,+21.5,DB	+7.03,-4.2,+20.0,OB	+2.27,+269.1,+20.9,IB	+6.98,-0.8,+19.9,AB	
1701701566.322831	+6.65,+9.9,+21.5,JB	+6.41,+28.5,+21.6,@A	+6.77,+9.4,+21.5,DB	+7.03,-4.3,+20.0,NB	+2.27,+268.7,+20.9,NB	+6.98,-0.7,+19.9,NB	
1701701628.3324885	+6.65,+9.8,+21.5,KB	+6.41,+28.4,+21.6,AA	+6.78,+9.4,+21.5,KB	+7.03,-4.3,+20.0,NB	+2.26,+269.4,+20.9,MB	+6.98,-0.7,+19.9,NB	
1701701690.3410978	+6.65,+9.8,+21.5,KB	+6.41,+28.5,+21.6,@A	+6.77,+9.5,+21.5,EB	+7.03,-4.2,+20.0,OB	+2.27,+268.8,+20.9,AB	+6.98,-0.8,+19.9,AB	
1701701752.3499331	+6.65,+9.7,+21.5,DB	+6.41,+28.4,+21.6,AA	+6.77,+9.4,+21.5,DB	+7.03,-4.3,+20.0,NB	+2.26,+269.6,+20.9,OB	+6.98,-0.7,+19.9,NB	
1701701814.3581574	+6.65,+9.8,+21.5,KB	+6.41,+28.6,+21.6,CA	+6.77,+9.5,+21.5,EB	+7.03,-4.4,+20.0,IB	+2.27,+269.0,+20.9,HB	+6.98,-0.7,+19.9,NB	
1701701876.37021	+6.65,+9.7,+21.5,DB	+6.42,+28.4,+21.6,BA	+6.77,+9.4,+21.5,DB	+7.03,-4.4,+20.0,IB	+2.27,+268.6,+20.9,OB	+6.98,-0.8,+19.9,AB	
1701701938.3807466	+6.65,+9.8,+21.5,KB	+6.41,+28.5,+21.6,@A	+6.77,+9.5,+21.5,EB	+7.03,-4.3,+20.0,NB	+2.26,+269.3,+20.9,JB	+6.98,-0.7,+19.9,NB	
1701702000.3891625	+6.65,+9.7,+21.5,DB	+6.41,+28.5,+21.6,@A	+6.78,+9.4,+21.5,KB	+7.03,-4.4,+20.0,IB	+2.27,+268.8,+20.9,AB	+6.98,-0.7,+19.9,NB	
1701702062.3960707	+6.65,+9.7,+21.4,EB	+6.41,+28.4,+21.6,AA	+6.77,+9.6,+21.5,FB	+7.03,-4.4,+20.0,IB	+2.32,+265.9,+20.9,IB	+6.98,-0.7,+19.9,NB	
1701702124.4042344	+6.65,+9.8,+21.5,KB	+6.41,+28.5,+21.6,@A	+6.77,+9.6,+21.5,FB	+7.03,-4.4,+20.0,IB	+2.26,+269.2,+20.9,KB	+6.98,-0.7,+19.9,NB	
1701702186.4077454	+6.65,+9.7,+21.5,DB	+6.41,+28.6,+21.6,CA	+6.77,+9.4,+21.5,DB	+7.03,-4.4,+20.0,IB	+2.27,+268.9,+20.9,@B	+6.98,-0.8,+19.9,AB	
1701702248.4161165	+6.65,+9.7,+21.5,DB	+6.41,+28.4,+21.6,AA	+6.77,+9.6,+21.5,FB	+7.03,-4.4,+20.0,IB	+2.33,+265.1,+20.9,@B	+6.98,-0.7,+19.9,NB	
1701702310.4258723	+6.65,+9.8,+21.5,KB	+6.41,+28.6,+21.6,CA	+6.77,+9.4,+21.5,DB	+7.03,-4.3,+20.0,NB	+2.28,+268.2,+20.9,DB	+6.98,-0.7,+19.9,NB	
1701702372.4358582	+6.65,+9.7,+21.5,DB	+6.41,+28.5,+21.6,@A	+6.77,+9.4,+21.5,DB	+7.03,-4.3,+20.0,NB	+2.29,+267.7,+20.9,OB	+6.98,-0.8,+19.9,AB	
1701702434.4446433	+6.65,+9.7,+21.4,EB	+6.41,+28.5,+21.6,@A	+6.77,+9.5,+21.4,DB	+7.03,-4.4,+20.0,IB	+2.32,+265.9,+20.9,IB	+6.98,-0.7,+19.9,NB	
1701702496.4532232	+6.65,+9.8,+21.4,JB	+6.41,+28.4,+21.6,AA	+6.78,+9.4,+21.5,KB	+7.03,-4.3,+20.0,NB	+2.28,+268.1,+20.9,GB	+6.98,-0.7,+19.9,NB	
1701702558.4622402	+6.65,+9.7,+21.5,DB	+6.41,+28.5,+21.6,@A	+6.77,+9.5,+21.4,DB	+7.03,-4.4,+20.0,IB	+2.29,+267.6,+20.9,NB	+6.98,-0.8,+19.9,AB	
1701702620.468249	+6.65,+9.7,+21.5,DB	+6.41,+28.6,+21.5,@A	+6.77,+9.5,+21.5,EB	+7.03,-4.3,+20.0,NB	+2.35,+264.1,+20.9,GB	+6.98,-0.8,+19.9,AB	
1701702682.4774127	+6.65,+9.7,+21.4,EB	+6.41,+28.6,+21.6,CA	+6.77,+9.4,+21.5,DB	+7.03,-4.4,+20.0,IB	+2.28,+268.0,+20.9,FB	+6.98,-0.7,+19.9,NB	
1701702744.486313	+6.65,+9.7,+21.5,DB	+6.41,+28.7,+21.6,BA	+6.77,+9.6,+21.4,GB	+7.03,-4.3,+20.0,NB	+2.29,+267.6,+20.9,NB	+6.98,-0.7,+19.9,NB	
1701702806.496012	+6.65,+9.8,+21.4,JB	+6.41,+28.7,+21.5,AA	+6.77,+9.6,+21.5,FB	+7.03,-4.3,+19.9,MB	+2.29,+267.9,+20.9,AB	+6.98,-0.7,+19.9,NB	
1701702868.5048015	+6.65,+9.7,+21.4,EB	+6.41,+28.7,+21.5,AA	+6.77,+9.5,+21.5,EB	+7.03,-4.3,+19.9,MB	+2.28,+267.9,+20.9,@B	+6.98,-0.8,+19.8,@B	
1701702930.512441	+6.65,+9.7,+21.4,EB	+6.41,+28.6,+21.5,@A	+6.77,+9.5,+21.4,DB	+7.03,-4.3,+19.9,MB	+2.29,+267.5,+20.9,MB	+6.98,-0.7,+19.8,OB	
1701702992.522234	+6.65,+9.7,+21.4,EB	+6.41,+28.5,+21.5,CA	+6.78,+9.4,+21.4,JB	+7.03,-4.3,+19.9,MB	+2.28,+268.2,+20.9,DB	+6.98,-0.7,+19.8,OB	
1701703054.5307853	+6.65,+9.7,+21.4,EB	+6.41,+28.5,+21.5,CA	+6.77,+9.5,+21.4,DB	+7.03,-4.4,+19.9,JB	+2.29,+267.7,+20.8,NB	+6.98,-0.8,+19.8,@B	
1701703116.5397904	+6.65,+9.8,+21.4,JB	+6.41,+28.5,+21.5,CA	+6.77,+9.6,+21.4,GB	+7.03,-4.2,+19.9,LB	+2.28,+268.4,+20.9,BB	+6.98,-0.8,+19.8,@B	
1701703178.5492694	+6.65,+9.8,+21.4,JB	+6.41,+28.4,+21.5,BA	+6.77,+9.6,+21.4,GB	+7.03,-4.2,+19.9,LB	+2.29,+267.9,+20.9,AB	+6.98,-0.8,+19.8,@B	
1701703240.5579505	+6.65,+9.8,+21.4,JB	+6.42,+28.4,+21.5,AA	+6.77,+9.5,+21.4,DB	+7.03,-4.3,+19.9,MB	+2.29,+267.4,+20.8,MB	+6.98,-0.8,+19.8,@B	
1701703302.5664713	+6.65,+9.9,+21.4,KB	+6.42,+28.4,+21.5,AA	+6.77,+9.6,+21.4,GB	+7.03,-4.3,+19.9,MB	+2.28,+268.2,+20.9,DB	+6.98,-0.7,+19.8,OB	
1701703364.5753586	+6.65,+9.8,+21.4,JB	+6.42,+28.3,+21.5,FA	+6.77,+9.5,+21.4,DB	+7.03,-4.3,+19.9,MB	+2.29,+267.8,+20.8,AB	+6.98,-0.8,+19.8,@B	
1701703426.585505	+6.65,+9.9,+21.4,KB	+6.42,+28.3,+21.5,FA	+6.77,+9.5,+21.4,DB	+7.03,-4.2,+19.9,LB	+2.28,+268.4,+20.9,BB	+6.98,-0.8,+19.8,@B	
1701703488.5954876	+6.65,+9.8,+21.4,JB	+6.41,+28.4,+21.5,BA	+6.77,+9.5,+21.4,DB	+7.03,-4.3,+19.9,MB	+2.28,+267.9,+20.9,@B	+6.98,-0.8,+19.8,@B	
1701703550.6061523	+6.65,+9.8,+21.4,JB	+6.42,+28.3,+21.5,FA	+6.77,+9.6,+21.4,GB	+7.03,-4.3,+19.9,MB	+2.34,+264.5,+20.8,CB	+6.98,-0.8,+19.8,@B	
1701703612.6152847	+6.65,+9.8,+21.4,JB	+6.41,+28.6,+21.5,@A	+6.77,+9.5,+21.4,DB	+7.03,-4.2,+19.9,LB	+2.28,+268.2,+20.8,EB	+6.98,-0.7,+19.8,OB	
1701703674.623801	+6.65,+9.8,+21.4,JB	+6.41,+28.5,+21.5,CA	+6.77,+9.6,+21.4,GB	+7.03,-4.3,+19.9,MB	+2.29,+267.9,+20.8,@B	+6.98,-0.8,+19.8,@B	
1701703736.6352713	+6.65,+9.8,+21.4,JB	+6.41,+28.5,+21.5,CA	+6.77,+9.5,+21.4,DB	+7.03,-4.2,+19.9,LB	+2.31,+266.5,+20.8,DB	+6.98,-0.8,+19.8,@B	
1701703798.644544	+6.65,+9.8,+21.4,JB	+6.41,+28.4,+21.5,BA	+6.77,+9.5,+21.4,DB	+7.03,-4.3,+19.9,MB	+2.28,+268.2,+20.8,EB	+6.98,-0.8,+19.8,@B	
1701703860.6539185	+6.65,+9.8,+21.4,JB	+6.41,+28.5,+21.5,CA	+6.77,+9.5,+21.4,DB	+7.03,-4.2,+19.9,LB	+2.28,+267.9,+20.8,AB	+6.98,-0.8,+19.8,@B	
1701703922.6646972	+6.65,+9.8,+21.4,JB	+6.42,+28.4,+21.5,AA	+6.77,+9.5,+21.4,DB	+7.03,-4.3,+19.9,MB	+2.29,+267.6,+20.8,OB	+6.98,-0.8,+19.8,@B	
1701703984.673442	+6.65,+9.8,+21.4,JB	+6.42,+28.3,+21.5,FA	+6.77,+9.6,+21.4,GB	+7.03,-4.3,+19.9,MB	+2.28,+268.4,+20.8,CB	+6.98,-0.8,+19.8,@B	
1701704046.6814404	+6.65,+9.8,+21.4,JB	+6.41,+28.5,+21.5,CA	+6.77,+9.5,+21.4,DB	+7.03,-4.2,+19.9,LB	+2.28,+268.0,+20.8,GB	+6.98,-0.7,+19.8,OB	
1701704108.6890438	+6.65,+9.9,+21.4,KB	+6.42,+28.4,+21.5,AA	+6.77,+9.6,+21.4,GB	+7.03,-4.2,+19.9,LB	+2.29,+267.7,+20.8,NB	+6.98,-0.8,+19.8,@B	
1701704170.698364	+6.65,+9.8,+21.4,JB	+6.41,+28.5,+21.5,CA	+6.77,+9.7,+21.4,FB	+7.03,-4.2,+19.9,LB	+2.30,+266.8,+20.8,HB	+6.98,-0.8,+19.8,@B	
1701704232.7065563	+6.65,+9.8,+21.4,JB	+6.42,+28.3,+21.5,FA	+6.77,+9.5,+21.4,DB	+7.03,-4.3,+19.9,MB	+2.28,+268.2,+20.8,EB	+6.98,-0.7,+19.8,OB	
1701704294.716397	+6.65,+9.9,+21.4,KB	+6.42,+28.3,+21.5,FA	+6.77,+9.6,+21.4,GB	+7.03,-4.2,+19.9,LB	+2.28,+268.0,+20.8,GB	+6.98,-0.8,+19.8,@B	
1701704356.7265654	+6.65,+9.8,+21.4,JB	+6.41,+28.4,+21.5,BA	+6.77,+9.6,+21.4,GB	+7.03,-4.2,+19.9,LB	+2.29,+267.7,+20.8,NB	+6.98,-0.8,+19.8,@B	
1701704602.3132064	+6.65,+9.9,+21.4,KB	+6.42,+28.3,+21.5,FA	+6.77,+9.6,+21.4,GB	+7.03,-4.2,+19.9,LB	+2.29,+267.3,+20.8,JB	+6.98,-0.7,+19.8,OB	
1701704664.322386	+6.65,+9.8,+21.4,JB	+6.42,+28.4,+21.5,AA	+6.77,+9.6,+21.4,GB	+7.03,-4.2,+19.8,MB	+2.29,+267.6,+20.8,OB	+6.98,-0.7,+19.8,OB	
1701704726.332011	+6.65,+9.9,+21.4,KB	+6.42,+28.3,+21.4,GA	+6.77,+9.5,+21.4,DB	+7.03,-4.2,+19.9,LB	+2.28,+268.1,+20.8,FB	+6.98,-0.7,+19.8,OB	
1701704788.3417375	+6.65,+9.9,+21.3,LB	+6.42,+28.3,+21.4,GA	+6.77,+9.4,+21.4,EB	+7.03,-4.2,+19.8,MB	+2.28,+268.1,+20.8,FB	+6.98,-0.8,+19.8,@B	
1701704850.348364	+6.65,+9.8,+21.3,MB	+6.41,+28.4,+21.5,BA	+6.77,+9.6,+21.4,GB	+7.03,-4.3,+19.8,LB	+2.29,+267.8,+20.8,AB	+6.98,-0.8,+19.8,@B	
1701704912.3567197	+6.65,+9.9,+21.3,LB	+6.42,+28.4,+21.5,AA	+6.77,+9.5,+21.3,CB	+7.03,-4.2,+19.9,LB	+2.29,+267.5,+20.8,LB	+6.98,-0.8,+19.8,@B	
1701704974.3634312	+6.65,+9.8,+21.4,JB	+6.42,+28.4,+21.5,AA	+6.77,+9.4,+21.3,BB	+7.03,-4.2,+19.8,MB	+2.28,+268.2,+20.8,EB	+6.98,-0.8,+19.8,@B	
1701705036.3707917	+6.65,+9.9,+21.3,LB	+6.42,+28.3,+21.5,FA	+6.77,+9.5,+21.3,CB	+7.03,-4.2,+19.8,MB	+2.28,+268.0,+20.8,GB	+6.98,-0.8,+19.8,@B	
1701705098.3793356	+6.65,+9.8,+21.3,MB	+6.42,+28.3,+21.4,GA	+6.77,+9.5,+21.4,DB	+7.03,-4.2,+19.8,MB	+2.29,+267.6,+20.8,OB	+6.98,-0.7,+19.8,OB	
1701705160.3914495	+6.65,+9.9,+21.3,LB	+6.41,+28.4,+21.4,CA	+6.77,+9.5,+21.3,CB	+7.03,-4.2,+19.9,LB	+2.28,+268.4,+20.8,CB	+6.98,-0.8,+19.8,@B	
1701705222.4018912	+6.65,+9.8,+21.3,MB	+6.42,+28.4,+21.4,@A	+6.77,+9.6,+21.3,@B	+7.03,-4.3,+19.8,LB	+2.28,+268.1,+20.8,FB	+6.98,-0.8,+19.7,OB	
1701705284.4086678	+6.65,+9.9,+21.3,LB	+6.42,+28.3,+21.4,GA	+6.77,+9.6,+21.3,@B	+7.03,-4.3,+19.8,LB	+2.29,+267.7,+20.8,NB	+6.98,-0.7,+19.8,OB	
1701705346.4179316	+6.65,+9.9,+21.3,LB	+6.42,+28.2,+21.4,FA	+6.77,+9.6,+21.3,@B	+7.03,-4.3,+19.8,LB	+2.27,+268.4,+20.8,LB	+6.98,-0.7,+19.7,@B	
1701705408.4268103	+6.65,+9.8,+21.3,MB	+6.42,+28.3,+21.4,GA	+6.77,+9.5,+21.3,CB	+7.03,-4.2,+19.8,MB	+2.28,+268.1,+20.8,FB	+6.98,-0.8,+19.7,OB	
1701705470.436252	+6.65,+9.9,+21.3,LB	+6.42,+28.3,+21.4,GA	+6.77,+9.4,+21.3,BB	+7.03,-4.2,+19.8,MB	+2.29,+267.7,+20.8,NB	+6.98,-0.8,+19.8,@B	
1701705532.4467735	+6.65,+9.9,+21.3,LB	+6.42,+28.3,+21.4,GA	+6.77,+9.4,+21.3,BB	+7.03,-4.3,+19.8,LB	+2.27,+268.5,+20.8,MB	+6.98,-0.7,+19.8,OB	
1701705594.4535365	+6.65,+9.8,+21.3,MB	+6.42,+28.3,+21.4,GA	+6.77,+9.6,+21.3,@B	+7.03,-4.2,+19.8,MB	+2.28,+268.1,+20.8,FB	+6.98,-0.8,+19.8,@B	
1701705656.4627838	+6.65,+9.7,+21.3,BB	+6.42,+28.1,+21.4,EA	+6.77,+9.6,+21.3,@B	+7.03,-4.1,+19.8,NB	+2.29,+267.3,+20.8,JB	+6.98,-0.7,+19.7,@B	
1701705718.4709628	+6.66,+9.7,+21.4,FB	+6.42,+28.2,+21.4,FA	+6.77,+9.5,+21.4,DB	+7.03,-4.3,+19.8,LB	+2.29,+267.8,+20.8,AB	+6.98,-0.8,+19.7,OB	
1701705780.4803183	+6.66,+9.7,+21.3,AB	+6.42,+28.3,+21.4,GA	+6.77,+9.5,+21.3,CB	+7.03,-4.2,+19.8,MB	+2.29,+267.4,+20.8,MB	+6.98,-0.7,+19.8,OB	
1701705842.4879582	+6.66,+9.7,+21.3,AB	+6.41,+28.4,+21.4,CA	+6.77,+9.5,+21.3,CB	+7.03,-4.3,+19.8,LB	+2.28,+268.0,+20.8,GB	+6.98,-0.7,+19.8,OB	
1701705904.4966533	+6.66,+9.7,+21.3,AB	+6.42,+28.3,+21.4,GA	+6.77,+9.6,+21.3,@B	+7.03,-4.2,+19.8,MB	+2.29,+267.7,+20.8,NB	+6.98,-0.8,+19.7,OB	
1701705966.5029852	+6.65,+9.7,+21.3,BB	+6.41,+28.5,+21.5,CA	+6.77,+9.5,+21.3,CB	+7.03,-4.3,+19.8,LB	+2.29,+267.4,+20.7,BB	+6.98,-0.8,+19.7,OB	
1701706028.5111032	+6.66,+9.6,+21.3,@B	+6.41,+28.5,+21.4,BA	+6.77,+9.5,+21.3,CB	+7.03,-4.2,+19.8,MB	+2.28,+268.3,+20.8,DB	+6.98,-0.7,+19.8,OB	
1701706090.5217037	+6.66,+9.7,+21.3,AB	+6.41,+28.5,+21.4,BA	+6.77,+9.5,+21.4,DB	+7.03,-4.3,+19.8,LB	+2.28,+267.9,+20.7,NB	+6.98,-0.8,+19.8,@B	
1701706152.5313692	+6.66,+9.6,+21.3,@B	+6.41,+28.4,+21.4,CA	+6.77,+9.6,+21.3,@B	+7.03,-4.3,+19.8,LB	+2.29,+267.6,+20.8,OB	+6.98,-0.8,+19.8,@B	
1701706214.5414965	+6.66,+9.7,+21.3,AB	+6.41,+28.5,+21.4,BA	+6.77,+9.6,+21.3,@B	+7.03,-4.3,+19.8,LB	+2.28,+268.3,+20.7,KB	+6.98,-0.8,+19.8,@B	
1701706276.548046	+6.66,+9.6,+21.3,@B	+6.41,+28.5,+21.4,BA	+6.77,+9.7,+21.3,AB	+7.03,-4.3,+19.8,LB	+2.28,+267.8,+20.7,OB	+6.98,-0.8,+19.7,OB	
1701706338.5582874	+6.65,+9.7,+21.3,BB	+6.41,+28.4,+21.4,CA	+6.77,+9.5,+21.3,CB	+7.03,-4.2,+19.8,MB	+2.27,+268.5,+20.8,MB	+6.98,-0.8,+19.7,OB	
1701706400.5696974	+6.65,+9.7,+21.3,BB	+6.41,+28.5,+21.4,BA	+6.77,+9.5,+21.3,CB	+7.03,-4.2,+19.8,MB	+2.28,+268.2,+20.7,JB	+6.98,-0.8,+19.7,OB	
1701706462.5771751	+6.65,+9.7,+21.3,BB	+6.41,+28.4,+21.4,CA	+6.77,+9.4,+21.3,BB	+7.03,-4.2,+19.8,MB	+2.28,+267.8,+20.7,OB	+6.98,-0.8,+19.7,OB	
1701706524.5850232	+6.66,+9.7,+21.3,AB	+6.42,+28.4,+21.4,@A	+6.77,+9.6,+21.3,@B	+7.03,-4.3,+19.8,LB	+2.27,+268.5,+20.7,BB	+6.98,-0.8,+19.7,OB	
1701706586.5943003	+6.66,+9.7,+21.3,AB	+6.41,+28.4,+21.4,CA	+6.77,+9.5,+21.3,CB	+7.03,-4.2,+19.8,MB	+2.28,+268.0,+20.7,HB	+6.98,-0.7,+19.7,@B	
1701706648.6066122	+6.65,+9.7,+21.3,BB	+6.41,+28.4,+21.4,CA	+6.77,+9.5,+21.3,CB	+7.03,-4.3,+19.8,LB	+2.29,+267.3,+20.7,EB	+6.98,-0.7,+19.7,@B	
1701706710.6139462	+6.66,+9.7,+21.3,AB	+6.41,+28.4,+21.4,CA	+6.77,+9.5,+21.3,CB	+7.03,-4.3,+19.8,LB	+2.28,+268.2,+20.7,JB	+6.98,-0.8,+19.7,OB	
1701706772.6228733	+6.66,+9.7,+21.3,AB	+6.41,+28.4,+21.4,CA	+6.77,+9.5,+21.3,CB	+7.03,-4.3,+19.8,LB	+2.29,+267.8,+20.7,NB	+6.98,-0.7,+19.7,@B	
1701706834.6339154	+6.66,+9.6,+21.3,@B	+6.42,+28.4,+21.4,@A	+6.77,+9.5,+21.3,CB	+7.03,-4.3,+19.8,LB	+2.27,+268.4,+20.7,CB	+6.98,-0.8,+19.7,OB	
1701706896.6445346	+6.66,+9.7,+21.3,AB	+6.42,+28.3,+21.4,GA	+6.77,+9.7,+21.3,AB	+7.03,-4.2,+19.8,MB	+2.28,+267.8,+20.7,OB	+6.98,-0.7,+19.7,@B	
1701706958.654911	+6.65,+9.7,+21.3,BB	+6.42,+28.3,+21.4,GA	+6.77,+9.5,+21.3,CB	+7.03,-4.3,+19.8,LB	+2.27,+268.5,+20.7,BB	+6.98,-0.8,+19.7,OB	
1701707020.6643105	+6.65,+9.7,+21.3,BB	+6.42,+28.2,+21.4,FA	+6.77,+9.7,+21.3,AB	+7.03,-4.2,+19.8,MB	+2.28,+267.9,+20.7,NB	+6.98,-0.8,+19.7,OB	
1701707082.6743543	+6.66,+9.6,+21.3,@B	+6.42,+28.2,+21.4,FA	+6.77,+9.6,+21.3,@B	+7.03,-4.2,+19.8,MB	+2.27,+268.5,+20.7,BB	+6.98,-0.8,+19.7,OB	
1701707144.6829698	+6.65,+9.7,+21.3,BB	+6.42,+28.1,+21.3,BA	+6.77,+9.5,+21.3,CB	+7.03,-4.3,+19.8,LB	+2.28,+268.0,+20.7,HB	+6.98,-0.7,+19.7,@B	
1701707206.692864	+6.65,+9.7,+21.3,BB	+6.42,+28.1,+21.4,EA	+6.77,+9.6,+21.3,@B	+7.03,-4.2,+19.8,MB	+2.27,+268.6,+20.7,AB	+6.98,-0.8,+19.7,OB	
1701707268.7023466	+6.65,+9.8,+21.3,MB	+6.42,+28.2,+21.4,FA	+6.77,+9.5,+21.3,CB	+7.03,-4.3,+19.8,LB	+2.28,+268.1,+20.7,IB	+6.98,-0.7,+19.7,@B	
1701707330.7106688	+6.65,+9.8,+21.3,MB	+6.42,+28.1,+21.3,BA	+6.77,+9.5,+21.3,CB	+7.03,-4.4,+19.8,KB	+2.29,+267.4,+20.7,BB	+6.98,-0.8,+19.7,OB	
1701707392.721011	+6.65,+9.7,+21.3,BB	+6.42,+28.2,+21.4,FA	+6.77,+9.6,+21.3,@B	+7.03,-4.5,+19.8,JB	+2.28,+268.3,+20.7,KB	+6.98,-0.8,+19.7,OB	
1701707454.7283785	+6.65,+9.7,+21.3,BB	+6.42,+28.3,+21.4,GA	+6.77,+9.7,+21.3,AB	+7.03,-4.5,+19.8,JB	+2.28,+267.8,+20.7,OB	+6.98,-0.8,+19.7,OB	
1701707516.73877	+6.65,+9.8,+21.3,MB	+6.42,+28.1,+21.4,EA	+6.77,+9.5,+21.3,CB	+7.03,-4.4,+19.8,KB	+2.27,+268.4,+20.7,CB	+6.98,-0.8,+19.7,OB	
1701707578.7473586	+6.65,+9.8,+21.3,MB	+6.42,+28.1,+21.4,EA	+6.77,+9.5,+21.3,CB	+7.03,-4.4,+19.8,KB	+2.28,+267.8,+20.7,OB	+6.98,-0.8,+19.7,OB	
1701707640.7573133	+6.65,+9.8,+21.3,MB	+6.42,+28.2,+21.4,FA	+6.77,+9.5,+21.3,CB	+7.03,-4.4,+19.8,KB	+2.27,+268.5,+20.7,BB	+6.98,-0.8,+19.7,OB	
1701707702.766495	+6.65,+9.8,+21.3,MB	+6.42,+28.1,+21.4,EA	+6.77,+9.5,+21.3,CB	+7.03,-4.4,+19.8,KB	+2.28,+268.0,+20.7,HB	+6.98,-0.8,+19.7,OB	
1701707764.7742026	+6.65,+9.7,+21.3,BB	+6.42,+28.2,+21.4,FA	+6.77,+9.5,+21.3,CB	+7.03,-4.4,+19.8,KB	+2.30,+266.7,+20.7,HB	+6.98,-0.8,+19.7,OB	
1701707826.7813354	+6.65,+9.8,+21.3,MB	+6.42,+28.1,+21.4,EA	+6.77,+9.6,+21.3,@B	+7.03,-4.5,+19.8,JB	+2.28,+268.0,+20.7,HB	+6.98,-0.7,+19.7,@B	
1701707888.7889018	+6.65,+9.7,+21.3,BB	+6.42,+28.1,+21.4,EA	+6.77,+9.6,+21.3,@B	+7.03,-4.5,+19.8,JB	+2.29,+267.6,+20.7,@B	+6.98,-0.8,+19.7,OB	
1701707950.797608	+6.65,+9.8,+21.3,MB	+6.42,+28.2,+21.4,FA	+6.77,+9.5,+21.3,CB	+7.03,-4.4,+19.8,KB	+2.28,+268.2,+20.7,JB	+6.98,-0.7,+19.7,@B	
1701708012.8065236	+6.65,+9.8,+21.3,MB	+6.42,+28.2,+21.4,FA	+6.77,+9.6,+21.3,@B	+7.03,-4.3,+19.8,LB	+2.28,+267.8,+20.7,OB	+6.98,-0.8,+19.7,OB	
1701708074.814453	+6.65,+9.8,+21.3,MB	+6.42,+28.2,+21.4,FA	+6.77,+9.6,+21.3,@B	+7.03,-4.4,+19.8,KB	+2.30,+266.9,+20.7,FB	+6.98,-0.8,+19.7,OB	
1701708136.8227992	+6.65,+9.8,+21.2,LB	+6.42,+28.2,+21.4,FA	+6.77,+9.6,+21.3,@B	+7.03,-4.4,+19.8,KB	+2.28,+268.1,+20.7,IB	+6.98,-0.7,+19.7,@B	
1701708198.832636	+6.65,+9.8,+21.3,MB	+6.42,+28.2,+21.4,FA	+6.77,+9.6,+21.3,@B	+7.03,-4.5,+19.8,JB	+2.28,+267.8,+20.7,OB	+6.98,-0.8,+19.7,OB	
1701708444.4005568	+6.65,+9.7,+21.3,BB	+6.42,+28.4,+21.4,@A	+6.77,+9.5,+21.3,CB	+7.03,-4.4,+19.8,KB	+2.32,+265.8,+20.7,FB	+6.98,-0.8,+19.7,OB	
1701708506.41085	+6.65,+9.8,+21.3,MB	+6.42,+28.2,+21.3,AA	+6.77,+9.5,+21.3,CB	+7.03,-4.4,+19.8,KB	+2.28,+268.2,+20.7,JB	+6.98,-0.8,+19.7,OB	
1701708568.4195652	+6.65,+9.8,+21.3,MB	+6.42,+28.2,+21.3,AA	+6.77,+9.5,+21.3,CB	+7.03,-4.4,+19.8,KB	+2.28,+267.9,+20.7,NB	+6.98,-0.7,+19.7,@B	
1701708630.4268277	+6.65,+9.9,+21.3,LB	+6.42,+28.2,+21.3,AA	+6.77,+9.6,+21.3,@B	+7.03,-4.3,+19.8,LB	+2.29,+267.7,+20.7,AB	+6.98,-0.7,+19.7,@B	
1701708692.4356866	+6.65,+9.8,+21.3,MB	+6.42,+28.3,+21.3,@A	+6.77,+9.5,+21.3,CB	+7.03,-4.3,+19.8,LB	+2.27,+268.4,+20.7,CB	+6.98,-0.8,+19.7,OB	
1701708754.44352	+6.65,+9.8,+21.3,MB	+6.42,+28.2,+21.4,FA	+6.77,+9.6,+21.3,@B	+7.03,-4.4,+19.8,KB	+2.28,+268.1,+20.7,IB	+6.98,-0.8,+19.7,OB	
1701708816.4517558	+6.65,+9.8,+21.2,LB	+6.42,+28.3,+21.3,@A	+6.77,+9.5,+21.3,CB	+7.03,-4.4,+19.8,KB	+2.28,+267.9,+20.7,NB	+6.98,-0.8,+19.7,OB	
1701708878.460171	+6.65,+9.8,+21.2,LB	+6.41,+28.4,+21.3,DA	+6.77,+9.5,+21.2,BB	+7.03,-4.4,+19.7,DB	+2.29,+267.7,+20.7,AB	+6.98,-0.7,+19.7,@B	
1701708940.47068	+6.65,+9.8,+21.2,LB	+6.42,+28.2,+21.3,AA	+6.77,+9.5,+21.3,CB	+7.03,-4.3,+19.8,LB	+2.29,+267.5,+20.7,CB	+6.98,-0.7,+19.7,@B	
1701709002.4799652	+6.65,+9.8,+21.2,LB	+6.42,+28.2,+21.3,AA	+6.77,+9.5,+21.3,CB	+7.03,-4.3,+19.8,LB	+2.27,+268.3,+20.7,DB	+6.98,-0.8,+19.7,OB	
1701709064.4883964	+6.65,+9.8,+21.2,LB	+6.42,+28.3,+21.3,@A	+6.77,+9.5,+21.3,CB	+7.03,-4.3,+19.7,CB	+2.28,+268.0,+20.6,IB	+6.98,-0.8,+19.7,OB	
1701709126.4983304	+6.65,+9.8,+21.3,MB	+6.42,+28.2,+21.3,AA	+6.77,+9.5,+21.3,CB	+7.03,-4.3,+19.7,CB	+2.28,+267.9,+20.7,NB	+6.98,-0.7,+19.7,@B	
1701709188.5064836	+6.65,+9.8,+21.2,LB	+6.42,+28.2,+21.3,AA	+6.77,+9.5,+21.2,BB	+7.03,-4.3,+19.7,CB	+2.27,+268.6,+20.7,AB	+6.98,-0.8,+19.7,OB	
1701709250.5128016	+6.65,+9.8,+21.2,LB	+6.42,+28.2,+21.3,AA	+6.77,+9.6,+21.3,@B	+7.03,-4.3,+19.7,CB	+2.27,+268.3,+20.6,EB	+6.98,-0.8,+19.7,OB	
1701709312.521966	+6.65,+9.8,+21.2,LB	+6.42,+28.3,+21.3,@A	+6.77,+9.6,+21.3,@B	+7.03,-4.3,+19.7,CB	+2.28,+268.1,+20.6,HB	+6.98,-0.8,+19.7,OB	
1701709374.5301144	+6.65,+9.8,+21.2,LB	+6.42,+28.2,+21.3,AA	+6.77,+9.5,+21.3,CB	+7.03,-4.3,+19.7,CB	+2.28,+267.9,+20.7,NB	+6.98,-0.8,+19.7,OB	
1701709436.5391695	+6.65,+9.8,+21.2,LB	+6.42,+28.3,+21.3,@A	+6.77,+9.5,+21.3,CB	+7.03,-4.3,+19.7,CB	+2.29,+267.3,+20.6,DB	+6.98,-0.7,+19.7,@B	
1701709498.5426142	+6.65,+9.8,+21.2,LB	+6.42,+28.3,+21.4,GA	+6.77,+9.5,+21.3,CB	+7.03,-4.3,+19.7,CB	+2.27,+268.5,+20.6,CB	+6.98,-0.8,+19.7,OB	
1701709560.5533755	+6.65,+9.8,+21.2,LB	+6.42,+28.4,+21.3,GA	+6.77,+9.4,+21.3,BB	+7.03,-4.4,+19.7,DB	+2.28,+268.3,+20.7,KB	+6.98,-0.7,+19.7,@B	
1701709622.5627675	+6.65,+9.8,+21.2,LB	+6.42,+28.3,+21.3,@A	+6.77,+9.6,+21.3,@B	+7.03,-4.3,+19.7,CB	+2.28,+268.1,+20.7,IB	+6.98,-0.8,+19.7,OB	
1701709684.5683174	+6.65,+9.8,+21.2,LB	+6.42,+28.3,+21.3,@A	+6.77,+9.4,+21.3,BB	+7.03,-4.4,+19.7,DB	+2.28,+268.1,+20.6,HB	+6.98,-0.8,+19.7,OB	
1701709746.574553	+6.65,+9.8,+21.2,LB	+6.42,+28.4,+21.3,GA	+6.77,+9.6,+21.2,AB	+7.03,-4.2,+19.7,BB	+2.28,+267.9,+20.6,OB	+6.98,-0.8,+19.7,OB	
1701709808.5838625	+6.65,+9.8,+21.3,MB	+6.42,+28.3,+21.4,GA	+6.77,+9.6,+21.3,@B	+7.03,-4.3,+19.8,LB	+2.28,+267.9,+20.6,OB	+6.98,-0.7,+19.7,@B	
1701709870.59302	+6.65,+9.8,+21.3,MB	+6.41,+28.4,+21.3,DA	+6.77,+9.5,+21.3,CB	+7.03,-4.3,+19.8,LB	+2.29,+267.4,+20.6,CB	+6.98,-0.8,+19.7,OB	
1701709932.601796	+6.65,+9.9,+21.2,MB	+6.42,+28.3,+21.3,@A	+6.77,+9.6,+21.3,@B	+7.03,-4.4,+19.8,KB	+2.27,+268.4,+20.6,BB	+6.98,-0.7,+19.7,@B	
1701709994.611908	+6.65,+9.8,+21.3,MB	+6.42,+28.3,+21.3,@A	+6.77,+9.6,+21.3,@B	+7.03,-4.3,+19.8,LB	+2.28,+268.3,+20.6,JB	+6.98,-0.8,+19.7,OB	
1701710056.6177256	+6.65,+9.8,+21.3,MB	+6.42,+28.4,+21.4,@A	+6.77,+9.6,+21.3,@B	+7.03,-4.3,+19.7,CB	+2.28,+268.0,+20.7,HB	+6.98,-0.8,+19.7,OB	
1701710118.627029	+6.65,+9.9,+21.2,MB	+6.41,+28.4,+21.3,DA	+6.77,+9.6,+21.3,@B	+7.03,-4.3,+19.8,LB	+2.28,+268.0,+20.6,IB	+6.98,-0.7,+19.7,@B	
1701710180.6352458	+6.65,+9.8,+21.3,MB	+6.41,+28.4,+21.3,DA	+6.77,+9.5,+21.3,CB	+7.03,-4.3,+19.8,LB	+2.28,+267.8,+20.6,NB	+6.98,-0.8,+19.7,OB	
1701710242.6419227	+6.65,+9.8,+21.2,LB	+6.42,+28.3,+21.4,GA	+6.77,+9.5,+21.3,CB	+7.03,-4.3,+19.8,LB	+2.30,+266.9,+20.6,GB	+6.98,-0.7,+19.7,@B	
1701710304.6506798	+6.66,+9.6,+21.2,AB	+6.42,+28.3,+21.3,@A	+6.77,+9.5,+21.3,CB	+7.03,-4.3,+19.7,CB	+2.27,+268.4,+20.6,BB	+6.98,-0.8,+19.7,OB	
1701710366.6582375	+6.66,+9.6,+21.2,AB	+6.41,+28.4,+21.3,DA	+6.77,+9.5,+21.3,CB	+7.03,-4.3,+19.8,LB	+2.27,+268.3,+20.6,EB	+6.98,-0.8,+19.7,OB	
1701710428.6674223	+6.66,+9.6,+21.2,AB	+6.41,+28.4,+21.4,CA	+6.77,+9.6,+21.3,@B	+7.03,-4.4,+19.7,DB	+2.28,+268.1,+20.6,HB	+6.98,-0.8,+19.7,OB	
1701710490.6762676	+6.66,+9.6,+21.2,AB	+6.41,+28.4,+21.3,DA	+6.77,+9.4,+21.3,BB	+7.03,-4.3,+19.7,CB	+2.28,+268.0,+20.6,IB	+6.98,-0.7,+19.7,@B	
1701710552.6841612	+6.66,+9.6,+21.2,AB	+6.41,+28.4,+21.3,DA	+6.77,+9.4,+21.3,BB	+7.03,-4.3,+19.8,LB	+2.34,+264.4,+20.6,LB	+6.98,-0.7,+19.7,@B	
1701710614.693541	+6.66,+9.7,+21.3,AB	+6.41,+28.5,+21.3,EA	+6.77,+9.5,+21.3,CB	+7.03,-4.4,+19.7,DB	+2.27,+268.4,+20.6,BB	+6.98,-0.7,+19.7,@B	
1701710676.7028553	+6.66,+9.6,+21.2,AB	+6.41,+28.6,+21.3,FA	+6.77,+9.6,+21.3,@B	+7.03,-4.3,+19.8,LB	+2.27,+268.3,+20.6,EB	+6.98,-0.8,+19.7,OB	
1701710738.7121866	+6.66,+9.7,+21.2,@B	+6.41,+28.5,+21.3,EA	+6.77,+9.6,+21.3,@B	+7.03,-4.3,+19.8,LB	+2.28,+268.0,+20.6,IB	+6.98,-0.8,+19.7,OB	
1701710800.7193453	+6.66,+9.6,+21.2,AB	+6.41,+28.5,+21.3,EA	+6.77,+9.6,+21.2,AB	+7.03,-4.3,+19.8,LB	+2.28,+267.9,+20.6,OB	+6.98,-0.7,+19.7,@B	
1701710862.7290082	+6.66,+9.6,+21.2,AB	+6.41,+28.5,+21.3,EA	+6.77,+9.6,+21.3,@B	+7.03,-4.3,+19.8,LB	+2.27,+268.6,+20.6,@B	+6.98,-0.7,+19.7,@B	
1701710924.737875	+6.66,+9.6,+21.2,AB	+6.41,+28.6,+21.3,FA	+6.77,+9.6,+21.2,AB	+7.03,-4.4,+19.8,KB	+2.28,+268.2,+20.6,KB	+6.98,-0.8,+19.7,OB	
1701710986.7468045	+6.66,+9.6,+21.2,AB	+6.41,+28.5,+21.3,EA	+6.77,+9.6,+21.2,AB	+7.03,-4.3,+19.7,CB	+2.28,+267.8,+20.6,NB	+6.98,-0.7,+19.7,@B	
1701711048.755512	+6.66,+9.6,+21.2,AB	+6.41,+28.6,+21.3,FA	+6.77,+9.4,+21.3,BB	+7.03,-4.4,+19.7,DB	+2.27,+268.5,+20.6,CB	+6.98,-0.8,+19.7,OB	
1701711110.7644615	+6.66,+9.6,+21.2,AB	+6.41,+28.6,+21.3,FA	+6.77,+9.5,+21.2,BB	+7.03,-4.3,+19.7,CB	+2.28,+268.1,+20.6,HB	+6.98,-0.8,+19.7,OB	
1701711172.7737124	+6.66,+9.6,+21.2,AB	+6.41,+28.6,+21.3,FA	+6.77,+9.4,+21.3,BB	+7.03,-4.3,+19.7,CB	+2.27,+268.7,+20.6,AB	+6.98,-0.8,+19.7,OB	
1701711234.7808557	+6.66,+9.6,+21.2,AB	+6.41,+28.6,+21.3,FA	+6.77,+9.6,+21.2,AB	+7.03,-4.4,+19.7,DB	+2.28,+268.2,+20.6,KB	+6.98,-0.7,+19.7,@B	
