62309060476	62309060477	62309060478	62309060479	62309060481	62309060482	
1701797804.3397195	+6.67,+9.0,+21.0,DB	+6.37,+31.1,+21.1,JA	+6.81,+7.3,+21.0,AB	+7.06,-6.1,+19.5,DB	+2.40,+261.0,+20.4,LB	+6.99,-1.1,+19.5,DB	
1701797866.3471813	+6.67,+9.0,+21.0,DB	+6.37,+31.0,+21.1,KA	+6.81,+7.4,+21.1,GB	+7.06,-6.2,+19.5,GB	+2.40,+261.1,+20.5,LB	+6.99,-0.9,+19.5,MB	
1701797928.3559167	+6.67,+9.0,+21.0,DB	+6.37,+31.0,+21.1,KA	+6.81,+7.3,+21.0,AB	+7.06,-6.1,+19.5,DB	+2.40,+261.0,+20.4,LB	+6.99,-1.0,+19.5,EB	
1701797990.3656988	+6.67,+9.0,+21.0,DB	+6.37,+31.1,+21.1,JA	+6.81,+7.5,+21.1,FB	+7.06,-6.2,+19.5,GB	+2.40,+261.0,+20.4,LB	+6.99,-1.0,+19.5,EB	
1701798052.3743892	+6.67,+9.0,+21.0,DB	+6.37,+30.9,+21.1,CA	+6.81,+7.3,+21.1,@B	+7.06,-6.1,+19.6,GB	+2.40,+261.0,+20.4,LB	+6.99,-1.0,+19.5,EB	
1701798114.3810132	+6.67,+9.0,+21.0,DB	+6.37,+31.0,+21.1,KA	+6.81,+7.3,+21.1,@B	+7.06,-6.2,+19.5,GB	+2.40,+261.0,+20.4,LB	+6.99,-1.0,+19.5,EB	
1701798176.389038	+6.67,+9.0,+21.1,EB	+6.37,+31.0,+21.1,KA	+6.81,+7.3,+21.1,@B	+7.06,-6.1,+19.6,GB	+2.40,+261.0,+20.4,LB	+6.99,-1.0,+19.5,EB	
1701798238.3994143	+6.67,+9.0,+21.0,DB	+6.37,+31.1,+21.1,JA	+6.81,+7.5,+21.1,FB	+7.06,-6.2,+19.6,DB	+2.40,+260.9,+20.4,DB	+6.99,-1.0,+19.5,EB	
1701798300.407643	+6.67,+9.0,+21.1,EB	+6.37,+30.9,+21.2,@A	+6.81,+7.3,+21.1,@B	+7.06,-6.2,+19.6,DB	+2.40,+261.0,+20.4,LB	+6.99,-1.0,+19.5,EB	
1701798362.4148655	+6.67,+9.0,+21.0,DB	+6.37,+31.1,+21.1,JA	+6.81,+7.4,+21.1,GB	+7.06,-6.2,+19.6,DB	+2.40,+260.7,+20.4,JB	+6.99,-1.1,+19.5,DB	
1701798424.4246175	+6.67,+9.0,+21.0,DB	+6.37,+31.0,+21.1,KA	+6.81,+7.3,+21.1,@B	+7.06,-6.2,+19.6,DB	+2.40,+261.0,+20.4,LB	+6.99,-1.0,+19.5,EB	
1701798486.4319828	+6.67,+9.0,+21.0,DB	+6.37,+31.0,+21.2,HA	+6.81,+7.4,+21.1,GB	+7.06,-6.2,+19.6,DB	+2.40,+261.0,+20.4,LB	+6.99,-1.0,+19.5,EB	
1701798548.4400322	+6.67,+9.0,+21.0,DB	+6.37,+31.1,+21.2,IA	+6.81,+7.3,+21.1,@B	+7.06,-6.2,+19.6,DB	+2.40,+261.0,+20.4,LB	+6.99,-1.0,+19.5,EB	
1701798610.4505103	+6.67,+9.0,+21.1,EB	+6.37,+31.0,+21.2,HA	+6.81,+7.3,+21.1,@B	+7.06,-6.2,+19.6,DB	+2.40,+261.0,+20.4,LB	+6.99,-1.0,+19.5,EB	
1701798672.4546852	+6.67,+9.0,+21.1,EB	+6.37,+31.0,+21.2,HA	+6.81,+7.3,+21.1,@B	+7.06,-6.3,+19.6,EB	+2.40,+261.1,+20.4,MB	+6.99,-1.0,+19.5,EB	
1701798734.4628158	+6.67,+9.0,+21.0,DB	+6.37,+30.9,+21.2,@A	+6.81,+7.4,+21.1,GB	+7.06,-6.2,+19.6,DB	+2.40,+261.1,+20.4,MB	+6.99,-1.0,+19.5,EB	
1701798796.471048	+6.67,+9.0,+21.0,DB	+6.37,+30.9,+21.2,@A	+6.81,+7.3,+21.1,@B	+7.06,-6.2,+19.6,DB	+2.40,+261.1,+20.4,MB	+6.99,-1.1,+19.5,DB	
1701798858.4808974	+6.67,+9.0,+21.1,EB	+6.37,+31.1,+21.2,IA	+6.81,+7.3,+21.1,@B	+7.06,-6.2,+19.6,DB	+2.40,+261.0,+20.4,LB	+6.99,-1.0,+19.5,EB	
1701798920.4886715	+6.67,+9.0,+21.1,EB	+6.37,+31.0,+21.2,HA	+6.81,+7.3,+21.1,@B	+7.06,-6.1,+19.6,GB	+2.40,+261.0,+20.4,LB	+6.99,-1.0,+19.5,EB	
1701798982.4939651	+6.67,+9.0,+21.1,EB	+6.37,+31.0,+21.2,HA	+6.81,+7.2,+21.1,AB	+7.06,-6.2,+19.6,DB	+2.40,+261.0,+20.4,LB	+6.99,-1.0,+19.5,EB	
1701799044.5019264	+6.67,+9.0,+21.1,EB	+6.37,+30.9,+21.2,@A	+6.81,+7.4,+21.1,GB	+7.06,-6.2,+19.6,DB	+2.40,+261.0,+20.4,LB	+6.99,-1.0,+19.5,EB	
1701799106.510819	+6.67,+9.0,+21.0,DB	+6.37,+30.8,+21.2,AA	+6.81,+7.3,+21.1,@B	+7.06,-6.1,+19.6,GB	+2.40,+260.9,+20.4,DB	+6.99,-1.0,+19.5,EB	
1701799168.5206397	+6.67,+9.0,+21.0,DB	+6.37,+30.8,+21.2,AA	+6.81,+7.3,+21.1,@B	+7.06,-6.2,+19.6,DB	+2.40,+261.0,+20.4,LB	+6.99,-1.1,+19.5,DB	
1701799230.5303462	+6.67,+9.0,+21.0,DB	+6.37,+30.8,+21.2,AA	+6.81,+7.3,+21.1,@B	+7.06,-6.2,+19.6,DB	+2.40,+261.0,+20.4,LB	+6.99,-1.0,+19.5,EB	
1701799292.5377877	+6.67,+9.0,+21.0,DB	+6.37,+30.8,+21.2,AA	+6.81,+7.4,+21.1,GB	+7.06,-6.3,+19.6,EB	+2.40,+261.0,+20.4,LB	+6.99,-1.0,+19.5,EB	
1701799354.543152	+6.67,+9.0,+21.0,DB	+6.38,+30.6,+21.1,CA	+6.81,+7.2,+21.1,AB	+7.06,-6.1,+19.6,GB	+2.40,+261.0,+20.4,LB	+6.99,-1.0,+19.5,EB	
1701799416.5518296	+6.67,+9.0,+21.1,EB	+6.38,+30.6,+21.1,CA	+6.81,+7.3,+21.1,@B	+7.06,-6.2,+19.6,DB	+2.40,+261.0,+20.4,LB	+6.99,-1.0,+19.5,EB	
1701799478.5602472	+6.67,+9.0,+21.0,DB	+6.38,+30.5,+21.2,CA	+6.81,+7.2,+21.1,AB	+7.06,-6.1,+19.6,GB	+2.40,+261.0,+20.4,LB	+6.99,-1.0,+19.5,EB	
1701799540.5700324	+6.67,+9.0,+21.0,DB	+6.38,+30.6,+21.1,CA	+6.81,+7.3,+21.1,@B	+7.06,-6.2,+19.6,DB	+2.40,+261.0,+20.4,LB	+6.99,-1.0,+19.5,EB	
1701799602.5790234	+6.67,+9.0,+21.0,DB	+6.37,+30.7,+21.1,MA	+6.81,+7.4,+21.1,GB	+7.06,-6.2,+19.6,DB	+2.40,+261.0,+20.4,LB	+6.99,-1.0,+19.5,EB	
1701799664.589029	+6.67,+9.0,+21.0,DB	+6.37,+30.9,+21.2,@A	+6.81,+7.3,+21.1,@B	+7.06,-6.2,+19.5,GB	+2.40,+261.0,+20.4,LB	+6.99,-1.0,+19.5,EB	
1701799726.5985749	+6.67,+9.0,+21.1,EB	+6.37,+30.9,+21.1,CA	+6.81,+7.3,+21.1,@B	+7.06,-6.2,+19.6,DB	+2.40,+260.9,+20.4,DB	+6.99,-1.0,+19.5,EB	
1701799788.6093886	+6.67,+9.0,+21.0,DB	+6.37,+30.8,+21.1,BA	+6.81,+7.4,+21.1,GB	+7.06,-6.2,+19.6,DB	+2.40,+261.0,+20.4,LB	+6.99,-1.0,+19.5,EB	
1701799850.6198316	+6.67,+9.0,+21.0,DB	+6.37,+30.9,+21.1,CA	+6.81,+7.3,+21.1,@B	+7.06,-6.2,+19.6,DB	+2.40,+260.9,+20.4,DB	+6.99,-1.0,+19.5,EB	
1701799912.6287029	+6.67,+8.9,+21.1,MB	+6.37,+30.8,+21.2,AA	+6.81,+7.4,+21.1,GB	+7.06,-6.2,+19.5,GB	+2.40,+261.0,+20.4,LB	+6.99,-1.0,+19.5,EB	
1701799974.636743	+6.67,+8.9,+21.0,LB	+6.37,+30.8,+21.1,BA	+6.81,+7.2,+21.0,@B	+7.06,-6.2,+19.6,DB	+2.40,+261.0,+20.4,LB	+6.99,-1.0,+19.5,EB	
1701800036.6462321	+6.67,+8.9,+21.0,LB	+6.37,+30.8,+21.1,BA	+6.81,+7.3,+21.0,AB	+7.06,-6.1,+19.6,GB	+2.40,+261.0,+20.4,LB	+6.99,-1.0,+19.5,EB	
1701800098.6561751	+6.67,+8.9,+21.1,MB	+6.37,+30.9,+21.2,@A	+6.81,+7.2,+21.1,AB	+7.06,-6.2,+19.6,DB	+2.40,+261.0,+20.4,LB	+6.99,-1.0,+19.5,EB	
1701800160.6657083	+6.67,+8.9,+21.0,LB	+6.37,+30.9,+21.1,CA	+6.81,+7.2,+21.1,AB	+7.06,-6.2,+19.5,GB	+2.40,+261.0,+20.4,LB	+6.99,-1.0,+19.5,EB	
1701800222.675636	+6.67,+8.8,+21.0,MB	+6.37,+30.7,+21.2,NA	+6.81,+7.2,+21.0,@B	+7.06,-6.1,+19.6,GB	+2.40,+261.0,+20.4,LB	+6.99,-1.0,+19.5,EB	
1701800284.6860404	+6.67,+8.9,+21.0,LB	+6.37,+30.7,+21.1,MA	+6.81,+7.3,+21.1,@B	+7.06,-6.2,+19.6,DB	+2.40,+261.1,+20.4,MB	+6.99,-1.0,+19.5,EB	
1701800346.694344	+6.67,+8.9,+21.0,LB	+6.37,+30.7,+21.1,MA	+6.81,+7.3,+21.1,@B	+7.06,-6.1,+19.5,DB	+2.40,+261.0,+20.4,LB	+6.99,-1.0,+19.5,EB	
1701800408.699384	+6.67,+8.8,+21.0,MB	+6.37,+30.8,+21.1,BA	+6.81,+7.3,+21.0,AB	+7.06,-6.2,+19.5,GB	+2.40,+261.1,+20.4,MB	+6.99,-1.0,+19.5,EB	
1701800654.2493696	+6.67,+8.8,+21.0,MB	+6.37,+30.8,+21.1,BA	+6.81,+7.2,+21.1,AB	+7.06,-6.2,+19.5,GB	+2.42,+260.0,+20.4,OB	+6.99,-1.0,+19.5,EB	
1701800716.2582748	+6.67,+8.9,+21.0,LB	+6.37,+30.9,+21.1,CA	+6.81,+7.4,+21.1,GB	+7.06,-6.2,+19.6,DB	+2.40,+260.6,+20.4,KB	+6.99,-1.0,+19.5,EB	
1701800778.2654567	+6.67,+8.9,+21.0,LB	+6.37,+30.8,+21.1,BA	+6.81,+7.4,+21.1,GB	+7.06,-6.2,+19.6,DB	+2.41,+260.6,+20.4,JB	+6.99,-1.0,+19.5,EB	
1701800840.2704847	+6.67,+8.8,+21.0,MB	+6.37,+30.9,+21.1,CA	+6.81,+7.2,+21.1,AB	+7.06,-6.2,+19.6,DB	+2.40,+260.6,+20.4,KB	+6.99,-1.0,+19.5,EB	
1701800902.2766452	+6.67,+8.8,+21.1,LB	+6.37,+30.9,+21.1,CA	+6.81,+7.3,+21.1,@B	+7.06,-6.2,+19.5,GB	+2.41,+260.3,+20.4,OB	+6.99,-1.0,+19.5,EB	
1701800964.2820296	+6.67,+8.9,+21.0,LB	+6.37,+30.8,+21.1,BA	+6.81,+7.3,+21.1,@B	+7.06,-6.1,+19.6,GB	+2.41,+260.4,+20.4,HB	+6.99,-1.0,+19.5,EB	
1701801026.2872577	+6.67,+8.8,+21.0,MB	+6.37,+30.9,+21.2,@A	+6.81,+7.2,+21.1,AB	+7.06,-6.2,+19.6,DB	+2.41,+260.5,+20.4,IB	+6.99,-1.1,+19.5,DB	
1701801088.2969415	+6.67,+8.8,+21.0,MB	+6.37,+31.0,+21.1,KA	+6.81,+7.2,+21.1,AB	+7.06,-6.2,+19.6,DB	+2.41,+260.4,+20.4,HB	+6.99,-1.0,+19.5,EB	
1701801150.3069577	+6.67,+8.9,+21.0,LB	+6.37,+30.9,+21.1,CA	+6.81,+7.3,+21.1,@B	+7.06,-6.2,+19.6,DB	+2.41,+260.6,+20.4,JB	+6.99,-1.0,+19.5,EB	
1701801212.316529	+6.67,+8.8,+21.0,MB	+6.37,+30.7,+21.2,NA	+6.81,+7.3,+21.1,@B	+7.06,-6.2,+19.6,DB	+2.41,+260.5,+20.4,IB	+6.99,-1.0,+19.5,EB	
1701801274.325197	+6.67,+8.8,+21.0,MB	+6.37,+30.8,+21.1,BA	+6.81,+7.3,+21.1,@B	+7.06,-6.3,+19.6,EB	+2.41,+260.6,+20.4,JB	+6.99,-1.0,+19.5,EB	
1701801336.3346016	+6.67,+8.8,+21.1,LB	+6.37,+30.8,+21.2,AA	+6.81,+7.2,+21.1,AB	+7.06,-6.3,+19.6,EB	+2.41,+260.4,+20.4,HB	+6.99,-1.0,+19.5,EB	
1701801398.344938	+6.67,+8.8,+21.0,MB	+6.37,+30.7,+21.1,MA	+6.81,+7.3,+21.1,@B	+7.06,-6.3,+19.6,EB	+2.40,+260.7,+20.4,JB	+6.99,-1.1,+19.5,DB	
1701801460.3530266	+6.67,+8.8,+21.1,LB	+6.37,+30.7,+21.2,NA	+6.81,+7.3,+21.1,@B	+7.06,-6.2,+19.6,DB	+2.40,+260.7,+20.4,JB	+6.99,-1.0,+19.5,EB	
1701801522.3625836	+6.67,+8.8,+21.0,MB	+6.37,+30.8,+21.2,AA	+6.81,+7.2,+21.1,AB	+7.06,-6.2,+19.6,DB	+2.40,+260.9,+20.4,DB	+6.99,-1.0,+19.5,EB	
1701801584.373186	+6.67,+8.8,+21.1,LB	+6.37,+30.7,+21.2,NA	+6.81,+7.3,+21.1,@B	+7.06,-6.2,+19.6,DB	+2.40,+260.7,+20.4,JB	+6.99,-1.0,+19.5,EB	
1701801646.3812	+6.67,+8.8,+21.0,MB	+6.37,+30.8,+21.1,BA	+6.81,+7.2,+21.1,AB	+7.06,-6.2,+19.6,DB	+2.40,+260.8,+20.4,EB	+6.99,-1.0,+19.5,EB	
1701801708.3917797	+6.67,+8.9,+21.0,LB	+6.37,+30.9,+21.2,@A	+6.81,+7.2,+21.1,AB	+7.06,-6.2,+19.6,DB	+2.40,+260.9,+20.4,DB	+6.99,-1.0,+19.5,EB	
1701801770.3969247	+6.67,+8.9,+21.0,LB	+6.37,+30.8,+21.1,BA	+6.81,+7.2,+21.1,AB	+7.06,-6.2,+19.6,DB	+2.40,+260.8,+20.4,EB	+6.99,-1.0,+19.5,EB	
1701801832.405407	+6.67,+8.9,+21.0,LB	+6.37,+30.8,+21.2,AA	+6.81,+7.2,+21.1,AB	+7.06,-6.2,+19.6,DB	+2.40,+260.8,+20.4,EB	+6.99,-1.0,+19.5,EB	
1701801894.4151318	+6.67,+8.9,+21.1,MB	+6.37,+30.8,+21.1,BA	+6.81,+7.4,+21.1,GB	+7.06,-6.3,+19.5,FB	+2.40,+260.9,+20.4,DB	+6.99,-1.0,+19.5,EB	
1701801956.4226184	+6.67,+8.9,+21.0,LB	+6.37,+30.9,+21.1,CA	+6.81,+7.2,+21.0,@B	+7.06,-6.2,+19.6,DB	+2.40,+260.8,+20.4,EB	+6.99,-1.0,+19.5,EB	
1701802018.4317832	+6.67,+8.9,+21.1,MB	+6.37,+30.7,+21.1,MA	+6.81,+7.3,+21.1,@B	+7.06,-6.2,+19.6,DB	+2.40,+260.9,+20.4,DB	+6.99,-1.0,+19.5,EB	
1701802080.4409964	+6.67,+8.9,+21.0,LB	+6.37,+30.7,+21.2,NA	+6.81,+7.2,+21.1,AB	+7.06,-6.2,+19.6,DB	+2.40,+261.1,+20.4,MB	+6.99,-1.0,+19.5,EB	
1701802142.4515495	+6.67,+9.0,+21.0,DB	+6.37,+30.9,+21.2,@A	+6.81,+7.2,+21.1,AB	+7.06,-6.2,+19.6,DB	+2.40,+261.1,+20.4,MB	+6.99,-1.0,+19.5,EB	
1701802204.4626896	+6.67,+8.9,+21.1,MB	+6.37,+30.7,+21.1,MA	+6.81,+7.3,+21.1,@B	+7.06,-6.2,+19.6,DB	+2.40,+261.1,+20.4,MB	+6.99,-1.0,+19.5,EB	
1701802266.4709423	+6.67,+8.9,+21.0,LB	+6.37,+30.8,+21.1,BA	+6.81,+7.2,+21.1,AB	+7.06,-6.2,+19.6,DB	+2.39,+261.2,+20.4,@B	+6.99,-1.0,+19.5,EB	
1701802328.4767234	+6.67,+8.9,+21.0,LB	+6.37,+30.9,+21.1,CA	+6.81,+7.2,+21.1,AB	+7.06,-6.2,+19.6,DB	+2.39,+261.2,+20.4,@B	+6.99,-1.0,+19.5,EB	
1701802390.4892645	+6.67,+8.9,+21.0,LB	+6.37,+30.9,+21.2,@A	+6.81,+7.2,+21.1,AB	+7.06,-6.3,+19.6,EB	+2.40,+261.1,+20.4,MB	+6.99,-1.0,+19.5,EB	
1701802452.4987397	+6.67,+8.9,+21.0,LB	+6.37,+30.8,+21.1,BA	+6.81,+7.2,+21.1,AB	+7.06,-6.3,+19.6,EB	+2.39,+261.2,+20.4,@B	+6.99,-1.0,+19.5,EB	
1701802514.5068057	+6.67,+8.9,+21.0,LB	+6.37,+30.9,+21.1,CA	+6.81,+7.3,+21.1,@B	+7.06,-6.2,+19.6,DB	+2.40,+261.0,+20.4,LB	+6.99,-1.0,+19.5,EB	
1701802576.5153716	+6.67,+8.9,+21.0,LB	+6.37,+31.0,+21.1,KA	+6.81,+7.2,+21.1,AB	+7.06,-6.2,+19.6,DB	+2.39,+261.2,+20.4,@B	+6.99,-1.0,+19.5,EB	
1701802638.5224564	+6.67,+8.9,+21.0,LB	+6.37,+30.9,+21.1,CA	+6.81,+7.3,+21.1,@B	+7.06,-6.2,+19.5,GB	+2.39,+261.3,+20.4,AB	+6.99,-1.1,+19.5,DB	
1701802700.5304887	+6.67,+8.9,+21.0,LB	+6.37,+31.0,+21.1,KA	+6.81,+7.3,+21.1,@B	+7.06,-6.2,+19.6,DB	+2.39,+261.4,+20.4,FB	+6.99,-1.0,+19.5,EB	
1701802762.5387626	+6.67,+9.0,+21.0,DB	+6.37,+30.9,+21.1,CA	+6.81,+7.2,+21.1,AB	+7.06,-6.1,+19.5,DB	+2.39,+261.3,+20.4,AB	+6.99,-1.0,+19.5,EB	
1701802824.5479698	+6.67,+8.9,+21.0,LB	+6.37,+30.8,+21.1,BA	+6.81,+7.3,+21.0,AB	+7.06,-6.2,+19.6,DB	+2.39,+261.4,+20.4,FB	+6.99,-1.1,+19.5,DB	
1701802886.5562675	+6.67,+8.9,+21.0,LB	+6.37,+30.9,+21.1,CA	+6.81,+7.3,+21.1,@B	+7.06,-6.2,+19.5,GB	+2.39,+261.4,+20.4,FB	+6.99,-1.0,+19.5,EB	
1701802948.5649643	+6.67,+9.0,+21.0,DB	+6.37,+30.8,+21.1,BA	+6.81,+7.2,+21.1,AB	+7.06,-6.2,+19.5,GB	+2.39,+261.4,+20.4,FB	+6.99,-1.0,+19.5,EB	
1701803010.5741289	+6.67,+9.0,+21.1,EB	+6.37,+30.9,+21.1,CA	+6.81,+7.3,+21.0,AB	+7.06,-6.2,+19.5,GB	+2.39,+261.4,+20.4,FB	+6.99,-1.0,+19.5,EB	
1701803072.5822554	+6.67,+9.0,+21.0,DB	+6.37,+30.7,+21.1,MA	+6.81,+7.1,+21.1,BB	+7.06,-6.2,+19.6,DB	+2.40,+261.2,+20.4,NB	+6.99,-1.0,+19.5,EB	
1701803134.5911558	+6.67,+8.9,+21.0,LB	+6.37,+30.8,+21.1,BA	+6.81,+7.2,+21.1,AB	+7.06,-6.1,+19.6,GB	+2.39,+261.5,+20.4,GB	+6.99,-1.0,+19.5,EB	
1701803196.5995095	+6.67,+9.0,+21.0,DB	+6.37,+30.9,+21.1,CA	+6.81,+7.3,+21.1,@B	+7.06,-6.2,+19.6,DB	+2.39,+261.6,+20.4,DB	+6.99,-1.0,+19.5,EB	
1701803258.6068938	+6.67,+9.0,+21.0,DB	+6.37,+30.8,+21.1,BA	+6.81,+7.2,+21.1,AB	+7.06,-6.3,+19.6,EB	+2.38,+261.8,+20.4,KB	+6.99,-1.0,+19.5,EB	
1701803320.6152976	+6.67,+9.0,+21.0,DB	+6.37,+30.9,+21.1,CA	+6.81,+7.2,+21.1,AB	+7.06,-6.3,+19.6,EB	+2.39,+261.6,+20.4,DB	+6.99,-1.0,+19.5,EB	
1701803382.6231859	+6.67,+8.9,+21.0,LB	+6.38,+30.6,+21.1,CA	+6.81,+7.3,+21.1,@B	+7.06,-6.2,+19.6,DB	+2.39,+261.7,+20.4,EB	+6.99,-1.0,+19.5,EB	
1701803444.6317558	+6.67,+8.9,+21.0,LB	+6.37,+30.7,+21.1,MA	+6.81,+7.3,+21.1,@B	+7.06,-6.2,+19.6,DB	+2.45,+257.8,+20.4,DB	+6.99,-0.9,+19.5,MB	
1701803506.637853	+6.67,+9.0,+21.1,EB	+6.38,+30.6,+21.2,@A	+6.81,+7.1,+21.1,BB	+7.06,-6.2,+19.6,DB	+2.46,+257.5,+20.4,JB	+6.99,-1.0,+19.5,EB	
1701803568.650391	+6.67,+8.9,+21.0,LB	+6.38,+30.5,+21.2,CA	+6.81,+7.3,+21.1,@B	+7.06,-6.3,+19.6,EB	+2.46,+257.4,+20.4,KB	+6.99,-1.0,+19.5,EB	
1701803630.6603806	+6.67,+8.9,+21.0,LB	+6.38,+30.6,+21.1,CA	+6.81,+7.3,+21.1,@B	+7.06,-6.2,+19.6,DB	+2.46,+257.4,+20.4,KB	+6.99,-1.0,+19.5,EB	
1701803692.6699169	+6.67,+9.0,+21.0,DB	+6.38,+30.5,+21.1,@A	+6.81,+7.2,+21.1,AB	+7.06,-6.2,+19.6,DB	+2.46,+257.5,+20.4,JB	+6.99,-1.0,+19.5,EB	
1701803754.6783874	+6.67,+8.9,+21.1,MB	+6.38,+30.5,+21.2,CA	+6.81,+7.2,+21.1,AB	+7.06,-6.3,+19.6,EB	+2.46,+257.5,+20.4,JB	+6.99,-1.0,+19.5,EB	
1701803816.6876082	+6.67,+8.9,+21.0,LB	+6.38,+30.5,+21.1,@A	+6.81,+7.2,+21.1,AB	+7.06,-6.2,+19.6,DB	+2.46,+257.6,+20.4,IB	+6.99,-1.0,+19.5,EB	
1701803878.69729	+6.67,+9.0,+21.0,DB	+6.37,+30.7,+21.1,MA	+6.81,+7.1,+21.1,BB	+7.06,-6.2,+19.6,DB	+2.45,+257.8,+20.4,DB	+6.99,-1.0,+19.5,EB	
1701803940.7066047	+6.67,+9.0,+21.0,DB	+6.38,+30.4,+21.2,BA	+6.81,+7.3,+21.1,@B	+7.06,-6.2,+19.6,DB	+2.45,+257.7,+20.4,KB	+6.99,-1.0,+19.5,EB	
1701804002.7163494	+6.67,+9.0,+21.1,EB	+6.38,+30.6,+21.1,CA	+6.81,+7.2,+21.1,AB	+7.06,-6.2,+19.6,DB	+2.45,+257.8,+20.4,DB	+6.99,-1.1,+19.6,GB	
1701804064.7253923	+6.67,+9.0,+21.0,DB	+6.38,+30.6,+21.2,@A	+6.81,+7.2,+21.1,AB	+7.06,-6.3,+19.6,EB	+2.45,+257.8,+20.4,DB	+6.99,-1.0,+19.5,EB	
1701804126.732311	+6.67,+8.9,+21.1,MB	+6.38,+30.6,+21.1,CA	+6.81,+7.1,+21.1,BB	+7.06,-6.2,+19.6,DB	+2.45,+257.9,+20.4,EB	+6.99,-1.0,+19.5,EB	
1701804188.737391	+6.67,+9.0,+21.0,DB	+6.38,+30.6,+21.2,@A	+6.81,+7.1,+21.1,BB	+7.06,-6.2,+19.6,DB	+2.45,+258.0,+20.4,CB	+6.99,-1.0,+19.6,FB	
1701804250.7471576	+6.67,+9.0,+21.1,EB	+6.37,+30.7,+21.1,MA	+6.81,+7.2,+21.1,AB	+7.06,-6.2,+19.6,DB	+2.45,+258.1,+20.4,BB	+6.99,-1.0,+19.5,EB	
1701804496.31426	+6.67,+9.0,+21.1,EB	+6.38,+30.5,+21.1,@A	+6.81,+7.2,+21.1,AB	+7.06,-6.2,+19.6,DB	+2.45,+258.0,+20.4,CB	+6.99,-1.0,+19.5,EB	
1701804558.3238037	+6.67,+9.0,+21.0,DB	+6.38,+30.5,+21.1,@A	+6.81,+7.1,+21.1,BB	+7.06,-6.2,+19.6,DB	+2.44,+258.4,+20.4,FB	+6.99,-1.0,+19.5,EB	
1701804620.334002	+6.67,+9.0,+21.0,DB	+6.38,+30.4,+21.1,AA	+6.81,+7.2,+21.1,AB	+7.06,-6.2,+19.6,DB	+2.44,+258.5,+20.4,GB	+6.99,-1.0,+19.5,EB	
1701804682.342457	+6.67,+8.9,+21.0,LB	+6.38,+30.6,+21.2,@A	+6.81,+7.1,+21.1,BB	+7.06,-6.2,+19.6,DB	+2.45,+258.3,+20.4,@B	+6.99,-1.0,+19.5,EB	
1701804744.3507674	+6.67,+8.8,+21.1,LB	+6.38,+30.5,+21.1,@A	+6.81,+7.1,+21.1,BB	+7.06,-6.2,+19.6,DB	+2.44,+258.4,+20.4,FB	+6.99,-1.0,+19.5,EB	
1701804806.3601134	+6.67,+8.8,+21.0,MB	+6.38,+30.3,+21.1,FA	+6.81,+7.2,+21.1,AB	+7.06,-6.2,+19.6,DB	+2.44,+258.6,+20.4,DB	+6.99,-1.0,+19.5,EB	
1701804868.3702781	+6.67,+8.8,+21.0,MB	+6.38,+30.4,+21.1,AA	+6.81,+7.2,+21.1,AB	+7.06,-6.2,+19.6,DB	+2.44,+258.7,+20.4,EB	+6.99,-1.0,+19.5,EB	
1701804930.380351	+6.67,+8.8,+21.0,MB	+6.38,+30.4,+21.1,AA	+6.81,+7.2,+21.1,AB	+7.06,-6.2,+19.6,DB	+2.43,+258.9,+20.4,LB	+6.99,-1.0,+19.5,EB	
1701804992.3894284	+6.67,+8.8,+21.0,MB	+6.38,+30.4,+21.1,AA	+6.81,+7.2,+21.1,AB	+7.06,-6.2,+19.6,DB	+2.44,+258.4,+20.3,AB	+6.99,-1.0,+19.5,EB	
1701805054.3979886	+6.67,+8.8,+21.0,MB	+6.38,+30.5,+21.1,@A	+6.81,+7.2,+21.1,AB	+7.06,-6.2,+19.6,DB	+2.44,+258.5,+20.4,GB	+6.99,-1.0,+19.5,EB	
1701805116.408028	+6.67,+8.8,+21.0,MB	+6.38,+30.6,+21.1,CA	+6.82,+7.1,+21.1,AB	+7.06,-6.2,+19.6,DB	+2.44,+258.6,+20.4,DB	+6.99,-1.0,+19.5,EB	
1701805178.4178388	+6.67,+8.8,+21.0,MB	+6.38,+30.6,+21.2,@A	+6.81,+7.2,+21.1,AB	+7.06,-6.3,+19.6,EB	+2.44,+258.6,+20.4,DB	+6.99,-1.0,+19.5,EB	
1701805240.4279573	+6.67,+8.8,+21.0,MB	+6.38,+30.5,+21.1,@A	+6.81,+7.2,+21.1,AB	+7.06,-6.2,+19.6,DB	+2.44,+258.7,+20.4,EB	+6.99,-1.1,+19.5,DB	
1701805302.437801	+6.67,+8.8,+21.0,MB	+6.37,+30.9,+21.2,@A	+6.81,+7.1,+21.1,BB	+7.06,-6.3,+19.5,FB	+2.44,+258.8,+20.4,JB	+6.99,-1.0,+19.5,EB	
1701805364.443652	+6.67,+8.8,+21.0,MB	+6.38,+30.6,+21.1,CA	+6.81,+7.2,+21.1,AB	+7.06,-6.2,+19.6,DB	+2.44,+258.8,+20.4,JB	+6.99,-1.1,+19.5,DB	
1701805426.4532788	+6.67,+8.8,+21.0,MB	+6.38,+30.6,+21.1,CA	+6.81,+7.2,+21.0,@B	+7.06,-6.2,+19.6,DB	+2.43,+258.9,+20.4,LB	+6.99,-1.0,+19.5,EB	
1701805488.4592597	+6.67,+8.8,+21.0,MB	+6.38,+30.6,+21.1,CA	+6.81,+7.1,+21.1,BB	+7.06,-6.2,+19.6,DB	+2.44,+258.8,+20.4,JB	+6.99,-1.1,+19.5,DB	
1701805550.4680245	+6.67,+8.8,+21.0,MB	+6.38,+30.7,+21.1,BA	+6.81,+7.1,+21.1,BB	+7.06,-6.2,+19.6,DB	+2.43,+258.9,+20.4,LB	+6.99,-1.0,+19.5,EB	
1701805612.4753711	+6.67,+8.8,+21.0,MB	+6.38,+30.6,+21.1,CA	+6.81,+7.2,+21.1,AB	+7.06,-6.2,+19.6,DB	+2.43,+258.9,+20.4,LB	+6.99,-1.0,+19.5,EB	
1701805674.4845998	+6.67,+8.8,+21.0,MB	+6.38,+30.6,+21.1,CA	+6.81,+7.2,+21.1,AB	+7.06,-6.2,+19.6,DB	+2.44,+258.8,+20.4,JB	+6.99,-1.0,+19.5,EB	
1701805736.4933896	+6.67,+8.8,+21.0,MB	+6.37,+30.7,+21.1,MA	+6.81,+7.2,+21.1,AB	+7.06,-6.3,+19.6,EB	+2.43,+258.9,+20.4,LB	+6.99,-1.0,+19.5,EB	
1701805798.502678	+6.67,+8.8,+21.0,MB	+6.38,+30.7,+21.1,BA	+6.81,+7.2,+21.1,AB	+7.06,-6.2,+19.6,DB	+2.44,+258.8,+20.4,JB	+6.99,-1.0,+19.5,EB	
1701805860.5122921	+6.67,+8.8,+21.0,MB	+6.38,+30.6,+21.2,@A	+6.81,+7.1,+21.1,BB	+7.06,-6.3,+19.6,EB	+2.44,+258.8,+20.4,JB	+6.99,-1.0,+19.5,EB	
1701805922.519707	+6.67,+8.7,+21.1,CB	+6.38,+30.4,+21.2,BA	+6.81,+7.2,+21.1,AB	+7.06,-6.2,+19.6,DB	+2.44,+258.7,+20.4,EB	+6.99,-1.0,+19.6,FB	
1701805984.5318322	+6.67,+8.8,+21.0,MB	+6.38,+30.5,+21.2,CA	+6.82,+7.0,+21.1,@B	+7.06,-6.2,+19.6,DB	+2.44,+258.7,+20.4,EB	+6.99,-1.0,+19.5,EB	
1701806046.5394857	+6.67,+8.7,+21.0,BB	+6.38,+30.5,+21.2,CA	+6.81,+7.1,+21.1,BB	+7.06,-6.2,+19.6,DB	+2.44,+258.7,+20.4,EB	+6.99,-1.0,+19.6,FB	
1701806108.5473413	+6.67,+8.8,+21.0,MB	+6.38,+30.5,+21.2,CA	+6.81,+7.3,+21.1,@B	+7.06,-6.2,+19.6,DB	+2.44,+258.8,+20.4,JB	+6.99,-1.0,+19.6,FB	
1701806170.558	+6.67,+8.7,+21.1,CB	+6.38,+30.6,+21.2,@A	+6.82,+7.0,+21.1,@B	+7.06,-6.2,+19.6,DB	+2.44,+258.6,+20.4,DB	+6.99,-1.0,+19.6,FB	
1701806232.566349	+6.67,+8.8,+21.1,LB	+6.38,+30.5,+21.2,CA	+6.81,+7.1,+21.1,BB	+7.06,-6.3,+19.6,EB	+2.44,+258.7,+20.4,EB	+6.99,-1.0,+19.6,FB	
1701806294.5744464	+6.67,+8.7,+21.1,CB	+6.38,+30.5,+21.2,CA	+6.81,+7.1,+21.1,BB	+7.06,-6.3,+19.6,EB	+2.44,+258.8,+20.4,JB	+6.99,-1.0,+19.6,FB	
1701806356.581605	+6.67,+8.8,+21.1,LB	+6.38,+30.5,+21.2,CA	+6.81,+7.1,+21.1,BB	+7.06,-6.2,+19.6,DB	+2.44,+258.6,+20.4,DB	+6.99,-1.0,+19.6,FB	
1701806418.590362	+6.67,+8.8,+21.1,LB	+6.38,+30.5,+21.2,CA	+6.81,+7.1,+21.1,BB	+7.06,-6.2,+19.6,DB	+2.44,+258.8,+20.4,JB	+6.99,-1.0,+19.6,FB	
1701806480.5995562	+6.67,+8.8,+21.1,LB	+6.38,+30.4,+21.2,BA	+6.81,+7.3,+21.1,@B	+7.06,-6.2,+19.6,DB	+2.44,+258.8,+20.4,JB	+6.99,-1.0,+19.6,FB	
1701806542.6089592	+6.67,+8.8,+21.1,LB	+6.38,+30.6,+21.2,@A	+6.81,+7.1,+21.1,BB	+7.06,-6.3,+19.6,EB	+2.44,+258.8,+20.4,JB	+6.99,-1.0,+19.6,FB	
1701806604.618673	+6.67,+8.9,+21.1,MB	+6.38,+30.6,+21.2,@A	+6.81,+7.2,+21.2,BB	+7.06,-6.3,+19.6,EB	+2.44,+258.7,+20.4,EB	+6.99,-1.0,+19.6,FB	
1701806666.6287236	+6.67,+8.8,+21.1,LB	+6.38,+30.6,+21.2,@A	+6.81,+7.1,+21.1,BB	+7.06,-6.3,+19.6,EB	+2.43,+258.9,+20.4,LB	+6.99,-1.0,+19.6,FB	
1701806728.6391203	+6.67,+8.9,+21.1,MB	+6.38,+30.4,+21.2,BA	+6.82,+7.0,+21.1,@B	+7.06,-6.2,+19.6,DB	+2.44,+258.7,+20.4,EB	+6.99,-1.0,+19.6,FB	
1701806790.647837	+6.67,+8.8,+21.1,LB	+6.38,+30.5,+21.2,CA	+6.82,+7.1,+21.1,AB	+7.06,-6.3,+19.6,EB	+2.44,+258.8,+20.4,JB	+6.99,-1.0,+19.6,FB	
1701806852.6574228	+6.67,+8.9,+21.1,MB	+6.38,+30.5,+21.2,CA	+6.81,+7.1,+21.2,AB	+7.06,-6.2,+19.6,DB	+2.44,+258.8,+20.4,JB	+6.99,-1.0,+19.6,FB	
1701806914.6674368	+6.67,+8.9,+21.1,MB	+6.38,+30.4,+21.2,BA	+6.82,+7.0,+21.1,@B	+7.06,-6.2,+19.6,DB	+2.44,+258.7,+20.4,EB	+6.99,-1.0,+19.6,FB	
1701806976.6768847	+6.67,+8.9,+21.1,MB	+6.38,+30.3,+21.2,EA	+6.81,+7.2,+21.1,AB	+7.06,-6.3,+19.6,EB	+2.44,+258.4,+20.4,FB	+6.99,-1.0,+19.6,FB	
1701807038.686628	+6.67,+8.9,+21.1,MB	+6.38,+30.5,+21.2,CA	+6.81,+7.2,+21.1,AB	+7.06,-6.3,+19.6,EB	+2.44,+258.4,+20.4,FB	+6.99,-1.1,+19.6,GB	
1701807100.6959515	+6.67,+8.9,+21.1,MB	+6.38,+30.3,+21.2,EA	+6.81,+7.1,+21.1,BB	+7.06,-6.3,+19.6,EB	+2.44,+258.6,+20.4,DB	+6.99,-1.0,+19.6,FB	
1701807162.70454	+6.67,+8.8,+21.1,LB	+6.38,+30.4,+21.2,BA	+6.82,+7.1,+21.1,AB	+7.06,-6.2,+19.6,DB	+2.44,+258.6,+20.4,DB	+6.99,-1.0,+19.6,FB	
1701807224.7140498	+6.67,+8.8,+21.1,LB	+6.38,+30.5,+21.2,CA	+6.82,+7.1,+21.1,AB	+7.06,-6.2,+19.6,DB	+2.44,+258.6,+20.4,DB	+6.99,-1.1,+19.6,GB	
1701807286.7240705	+6.67,+8.9,+21.1,MB	+6.38,+30.6,+21.2,@A	+6.81,+7.1,+21.1,BB	+7.06,-6.2,+19.6,DB	+2.44,+258.6,+20.4,DB	+6.99,-1.0,+19.6,FB	
1701807348.734368	+6.67,+8.8,+21.1,LB	+6.38,+30.5,+21.2,CA	+6.81,+7.1,+21.1,BB	+7.06,-6.2,+19.6,DB	+2.44,+258.6,+20.4,DB	+6.99,-1.1,+19.6,GB	
1701807410.7422814	+6.67,+8.9,+21.1,MB	+6.38,+30.5,+21.2,CA	+6.81,+7.1,+21.1,BB	+7.06,-6.2,+19.6,DB	+2.44,+258.5,+20.4,GB	+6.99,-1.0,+19.6,FB	
1701807472.7512877	+6.67,+8.9,+21.1,MB	+6.38,+30.4,+21.2,BA	+6.81,+7.2,+21.2,BB	+7.06,-6.2,+19.6,DB	+2.44,+258.5,+20.4,GB	+6.99,-1.0,+19.6,FB	
1701807534.7585306	+6.67,+8.8,+21.1,LB	+6.38,+30.3,+21.2,EA	+6.81,+7.1,+21.1,BB	+7.06,-6.2,+19.6,DB	+2.44,+258.6,+20.4,DB	+6.99,-1.0,+19.6,FB	
1701807596.7679267	+6.67,+8.8,+21.1,LB	+6.38,+30.5,+21.2,CA	+6.82,+7.0,+21.1,@B	+7.06,-6.3,+19.6,EB	+2.44,+258.8,+20.4,JB	+6.99,-1.0,+19.6,FB	
1701807658.7708395	+6.67,+8.9,+21.1,MB	+6.38,+30.4,+21.2,BA	+6.82,+7.0,+21.1,@B	+7.06,-6.2,+19.6,DB	+2.44,+258.7,+20.4,EB	+6.99,-1.0,+19.6,FB	
1701807720.7789137	+6.67,+8.9,+21.1,MB	+6.38,+30.6,+21.2,@A	+6.82,+7.0,+21.1,@B	+7.06,-6.2,+19.6,DB	+2.44,+258.7,+20.4,EB	+6.99,-1.0,+19.6,FB	
1701807782.7890463	+6.67,+8.9,+21.1,MB	+6.38,+30.6,+21.2,@A	+6.81,+7.1,+21.1,BB	+7.06,-6.2,+19.6,DB	+2.44,+258.5,+20.4,GB	+6.99,-1.0,+19.6,FB	
1701807844.8001454	+6.67,+8.9,+21.1,MB	+6.38,+30.7,+21.2,AA	+6.82,+7.0,+21.1,@B	+7.06,-6.3,+19.6,EB	+2.44,+258.8,+20.4,JB	+6.99,-1.1,+19.6,GB	
1701807906.8074403	+6.67,+8.8,+21.1,LB	+6.38,+30.4,+21.2,BA	+6.82,+7.1,+21.1,AB	+7.06,-6.2,+19.6,DB	+2.44,+258.7,+20.4,EB	+6.99,-1.0,+19.6,FB	
1701807968.8144987	+6.67,+8.9,+21.1,MB	+6.38,+30.4,+21.2,BA	+6.82,+7.0,+21.1,@B	+7.06,-6.2,+19.6,DB	+2.44,+258.7,+20.4,EB	+6.99,-1.0,+19.6,FB	
1701808030.824072	+6.67,+8.9,+21.1,MB	+6.38,+30.6,+21.2,@A	+6.82,+7.0,+21.1,@B	+7.06,-6.2,+19.6,DB	+2.44,+258.7,+20.4,EB	+6.99,-1.0,+19.6,FB	
1701808092.8311894	+6.67,+8.9,+21.1,MB	+6.38,+30.7,+21.2,AA	+6.82,+7.0,+21.1,@B	+7.06,-6.3,+19.6,EB	+2.44,+258.6,+20.4,DB	+6.99,-1.0,+19.6,FB	
1701808338.3955586	+6.67,+8.9,+21.1,MB	+6.37,+30.8,+21.2,AA	+6.81,+7.1,+21.1,BB	+7.06,-6.3,+19.6,EB	+2.44,+258.3,+20.4,AB	+6.99,-1.0,+19.6,FB	
1701808400.40508	+6.67,+8.9,+21.1,MB	+6.38,+30.5,+21.2,CA	+6.82,+7.1,+21.1,AB	+7.06,-6.2,+19.6,DB	+2.43,+258.9,+20.4,LB	+6.99,-1.0,+19.6,FB	
1701808462.4144511	+6.67,+8.9,+21.1,MB	+6.37,+30.8,+21.2,AA	+6.82,+7.1,+21.1,AB	+7.06,-6.2,+19.6,DB	+2.43,+258.9,+20.4,LB	+6.99,-1.0,+19.6,FB	
1701808524.4257193	+6.67,+8.9,+21.1,MB	+6.38,+30.7,+21.2,AA	+6.82,+7.0,+21.1,@B	+7.06,-6.2,+19.6,DB	+2.43,+258.9,+20.4,LB	+6.99,-1.0,+19.6,FB	
1701808586.4358528	+6.67,+8.9,+21.1,MB	+6.37,+30.8,+21.2,AA	+6.82,+7.0,+21.1,@B	+7.06,-6.3,+19.6,EB	+2.44,+258.8,+20.4,JB	+6.99,-1.0,+19.5,EB	
1701808648.4456453	+6.67,+9.0,+21.0,DB	+6.37,+30.7,+21.1,MA	+6.82,+7.1,+21.1,AB	+7.06,-6.2,+19.6,DB	+2.44,+258.8,+20.4,JB	+6.99,-1.0,+19.6,FB	
1701808710.4558792	+6.67,+8.9,+21.1,MB	+6.37,+30.8,+21.2,AA	+6.82,+7.0,+21.1,@B	+7.06,-6.3,+19.6,EB	+2.44,+258.8,+20.4,JB	+6.99,-1.0,+19.6,FB	
1701808772.467007	+6.67,+8.9,+21.1,MB	+6.37,+30.7,+21.2,NA	+6.81,+7.1,+21.1,BB	+7.06,-6.3,+19.6,EB	+2.44,+258.8,+20.4,JB	+6.99,-1.1,+19.6,GB	
1701808834.4784608	+6.67,+8.9,+21.1,MB	+6.37,+31.1,+21.1,JA	+6.81,+7.1,+21.1,BB	+7.06,-6.3,+19.6,EB	+2.44,+258.9,+20.4,KB	+6.99,-1.1,+19.6,GB	
1701808896.4870396	+6.67,+9.0,+21.1,EB	+6.37,+31.0,+21.2,HA	+6.82,+7.0,+21.1,@B	+7.06,-6.3,+19.6,EB	+2.43,+258.9,+20.4,LB	+6.99,-1.0,+19.6,FB	
1701808958.4970675	+6.67,+8.9,+21.1,MB	+6.37,+30.9,+21.1,CA	+6.82,+7.0,+21.1,@B	+7.06,-6.3,+19.6,EB	+2.43,+258.9,+20.4,LB	+6.99,-1.0,+19.5,EB	
1701809020.5051746	+6.67,+9.0,+21.1,EB	+6.38,+30.5,+21.1,@A	+6.81,+7.2,+21.1,AB	+7.06,-6.2,+19.6,DB	+2.43,+258.9,+20.4,LB	+6.99,-1.0,+19.5,EB	
1701809082.514956	+6.67,+9.0,+21.1,EB	+6.38,+30.4,+21.1,AA	+6.82,+7.0,+21.1,@B	+7.06,-6.3,+19.6,EB	+2.43,+259.1,+20.4,EB	+6.99,-1.0,+19.5,EB	
1701809144.5253282	+6.67,+8.9,+21.0,LB	+6.38,+30.3,+21.1,FA	+6.82,+7.1,+21.1,AB	+7.06,-6.2,+19.6,DB	+2.43,+259.1,+20.4,EB	+6.99,-1.0,+19.5,EB	
1701809206.5345595	+6.67,+9.0,+21.0,DB	+6.38,+30.3,+21.2,EA	+6.82,+7.0,+21.0,AB	+7.06,-6.2,+19.6,DB	+2.43,+259.0,+20.4,DB	+6.99,-1.0,+19.5,EB	
1701809268.5435019	+6.67,+8.9,+21.0,LB	+6.38,+30.2,+21.2,DA	+6.82,+7.0,+21.1,@B	+7.06,-6.2,+19.6,DB	+2.43,+259.0,+20.4,DB	+6.99,-1.0,+19.5,EB	
1701809330.5540133	+6.67,+8.9,+21.0,LB	+6.38,+30.2,+21.1,GA	+6.81,+7.1,+21.1,BB	+7.06,-6.3,+19.6,EB	+2.43,+259.1,+20.4,EB	+6.99,-1.0,+19.5,EB	
1701809392.5636282	+6.67,+8.9,+21.0,LB	+6.39,+30.0,+21.1,DA	+6.81,+7.1,+21.1,BB	+7.06,-6.2,+19.6,DB	+2.43,+259.1,+20.4,EB	+6.99,-1.0,+19.5,EB	
1701809454.573919	+6.67,+8.9,+21.0,LB	+6.39,+29.9,+21.1,EA	+6.82,+7.1,+21.1,AB	+7.06,-6.3,+19.6,EB	+2.43,+259.2,+20.4,FB	+6.99,-1.0,+19.5,EB	
1701809516.584292	+6.67,+8.9,+21.1,MB	+6.39,+29.9,+21.2,FA	+6.82,+7.0,+21.1,@B	+7.06,-6.2,+19.6,DB	+2.43,+259.1,+20.4,EB	+6.99,-1.0,+19.5,EB	
1701809578.5929887	+6.67,+8.9,+21.0,LB	+6.38,+30.5,+21.1,@A	+6.82,+7.1,+21.1,AB	+7.06,-6.3,+19.6,EB	+2.43,+259.1,+20.4,EB	+6.99,-1.0,+19.5,EB	
1701809640.6033332	+6.67,+8.8,+21.0,MB	+6.38,+30.2,+21.1,GA	+6.81,+7.1,+21.1,BB	+7.06,-6.2,+19.6,DB	+2.43,+259.2,+20.4,FB	+6.99,-1.0,+19.5,EB	
1701809702.6137772	+6.67,+8.9,+21.0,LB	+6.38,+30.3,+21.1,FA	+6.82,+7.1,+21.1,AB	+7.06,-6.3,+19.6,EB	+2.43,+259.1,+20.4,EB	+6.99,-1.0,+19.5,EB	
1701809764.625085	+6.67,+8.8,+21.0,MB	+6.38,+30.5,+21.1,@A	+6.81,+7.1,+21.1,BB	+7.06,-6.3,+19.6,EB	+2.43,+259.2,+20.4,FB	+6.99,-1.0,+19.5,EB	
1701809826.6328318	+6.67,+8.8,+21.0,MB	+6.38,+30.3,+21.1,FA	+6.82,+7.0,+21.1,@B	+7.06,-6.2,+19.6,DB	+2.43,+259.2,+20.4,FB	+6.99,-1.0,+19.5,EB	
1701809888.6423836	+6.67,+8.8,+21.0,MB	+6.38,+30.4,+21.2,BA	+6.82,+6.9,+21.1,HB	+7.06,-6.2,+19.6,DB	+2.43,+259.3,+20.4,GB	+6.99,-1.0,+19.5,EB	
1701809950.6518981	+6.67,+8.7,+21.0,BB	+6.38,+30.5,+21.1,@A	+6.82,+7.0,+21.1,@B	+7.06,-6.2,+19.6,DB	+2.43,+259.2,+20.4,FB	+6.99,-1.0,+19.5,EB	
1701810012.660099	+6.67,+8.7,+21.0,BB	+6.38,+30.3,+21.1,FA	+6.81,+7.1,+21.1,BB	+7.06,-6.2,+19.6,DB	+2.43,+259.3,+20.4,GB	+6.99,-1.0,+19.5,EB	
1701810074.6708415	+6.67,+8.7,+21.0,BB	+6.38,+30.4,+21.1,AA	+6.81,+7.1,+21.1,BB	+7.06,-6.2,+19.6,DB	+2.43,+259.2,+20.4,FB	+6.99,-1.0,+19.5,EB	
1701810136.6809409	+6.67,+8.7,+21.1,CB	+6.38,+30.5,+21.1,@A	+6.81,+7.1,+21.1,BB	+7.06,-6.2,+19.6,DB	+2.43,+259.3,+20.3,@B	+6.99,-1.0,+19.5,EB	
1701810198.6919634	+6.67,+8.7,+21.1,CB	+6.38,+30.5,+21.2,CA	+6.82,+7.1,+21.1,AB	+7.06,-6.2,+19.6,DB	+2.43,+259.2,+20.4,FB	+6.99,-1.1,+19.5,DB	
1701810260.701961	+6.67,+8.7,+21.1,CB	+6.38,+30.6,+21.2,@A	+6.82,+7.1,+21.1,AB	+7.06,-6.2,+19.6,DB	+2.43,+259.2,+20.3,AB	+6.99,-1.0,+19.5,EB	
1701810322.7088401	+6.67,+8.7,+21.1,CB	+6.38,+30.6,+21.1,CA	+6.82,+7.1,+21.1,AB	+7.06,-6.2,+19.6,DB	+2.43,+259.2,+20.4,FB	+6.99,-1.1,+19.5,DB	
1701810384.7192318	+6.67,+8.7,+21.0,BB	+6.38,+30.5,+21.2,CA	+6.81,+7.1,+21.1,BB	+7.06,-6.2,+19.6,DB	+2.43,+259.1,+20.4,EB	+6.99,-1.1,+19.5,DB	
1701810446.7259061	+6.67,+8.7,+21.1,CB	+6.38,+30.6,+21.2,@A	+6.82,+7.0,+21.1,@B	+7.06,-6.3,+19.6,EB	+2.43,+259.0,+20.4,DB	+6.99,-1.0,+19.5,EB	
1701810508.7351952	+6.67,+8.7,+21.1,CB	+6.38,+30.5,+21.2,CA	+6.82,+7.0,+21.1,@B	+7.06,-6.2,+19.6,DB	+2.43,+259.1,+20.4,EB	+6.99,-1.0,+19.6,FB	
1701810570.7453947	+6.67,+8.7,+21.1,CB	+6.38,+30.7,+21.2,AA	+6.81,+7.1,+21.1,BB	+7.06,-6.2,+19.6,DB	+2.43,+259.1,+20.3,BB	+6.99,-1.0,+19.6,FB	
1701810632.7542315	+6.67,+8.7,+21.1,CB	+6.38,+30.5,+21.2,CA	+6.81,+7.1,+21.1,BB	+7.06,-6.3,+19.6,EB	+2.43,+259.0,+20.4,DB	+6.99,-1.0,+19.6,FB	
1701810694.7652388	+6.67,+8.7,+21.1,CB	+6.38,+30.6,+21.2,@A	+6.82,+7.0,+21.1,@B	+7.06,-6.3,+19.6,EB	+2.43,+259.0,+20.4,DB	+6.99,-1.0,+19.6,FB	
1701810756.7747755	+6.67,+8.8,+21.1,LB	+6.38,+30.6,+21.2,@A	+6.82,+7.0,+21.1,@B	+7.06,-6.3,+19.6,EB	+2.43,+258.9,+20.4,LB	+6.99,-1.0,+19.6,FB	
1701810818.7854118	+6.67,+8.7,+21.1,CB	+6.37,+30.7,+21.2,NA	+6.82,+7.1,+21.1,AB	+7.06,-6.2,+19.6,DB	+2.43,+258.9,+20.4,LB	+6.99,-1.1,+19.6,GB	
1701810880.7934117	+6.67,+8.7,+21.1,CB	+6.38,+30.6,+21.1,CA	+6.82,+6.9,+21.1,HB	+7.06,-6.2,+19.6,DB	+2.43,+258.9,+20.4,LB	+6.99,-1.0,+19.6,FB	
1701810942.8019958	+6.67,+8.7,+21.1,CB	+6.38,+30.4,+21.2,BA	+6.82,+7.0,+21.1,@B	+7.06,-6.2,+19.6,DB	+2.43,+258.9,+20.4,LB	+6.99,-1.0,+19.6,FB	
1701811004.8109188	+6.67,+8.7,+21.1,CB	+6.38,+30.6,+21.2,@A	+6.82,+6.9,+21.1,HB	+7.06,-6.2,+19.6,DB	+2.43,+258.9,+20.4,LB	+6.99,-1.0,+19.6,FB	
1701811066.8199308	+6.67,+8.7,+21.1,CB	+6.38,+30.6,+21.2,@A	+6.82,+6.9,+21.2,KB	+7.06,-6.3,+19.6,EB	+2.44,+258.9,+20.4,KB	+6.99,-1.0,+19.6,FB	
1701811128.8290567	+6.67,+8.8,+21.1,LB	+6.38,+30.5,+21.2,CA	+6.82,+7.0,+21.1,@B	+7.06,-6.2,+19.6,DB	+2.43,+259.0,+20.4,DB	+6.99,-1.0,+19.6,FB	
1701811190.8382301	+6.67,+8.7,+21.1,CB	+6.38,+30.4,+21.2,BA	+6.82,+7.0,+21.2,CB	+7.06,-6.2,+19.6,DB	+2.43,+258.9,+20.4,LB	+6.99,-1.0,+19.6,FB	
1701811252.8467855	+6.67,+8.7,+21.1,CB	+6.38,+30.6,+21.2,@A	+6.82,+7.0,+21.1,@B	+7.06,-6.3,+19.6,EB	+2.43,+258.9,+20.4,LB	+6.99,-1.1,+19.6,GB	
1701811314.8529763	+6.67,+8.6,+21.1,BB	+6.38,+30.5,+21.2,CA	+6.82,+7.0,+21.1,@B	+7.06,-6.2,+19.6,DB	+2.43,+258.9,+20.4,LB	+6.99,-1.1,+19.6,GB	
1701811376.8631175	+6.67,+8.7,+21.1,CB	+6.38,+30.5,+21.2,CA	+6.82,+7.0,+21.1,@B	+7.06,-6.2,+19.6,DB	+2.43,+258.9,+20.4,LB	+6.99,-1.0,+19.6,FB	
1701811438.871073	+6.67,+8.8,+21.1,LB	+6.38,+30.6,+21.2,@A	+6.82,+6.9,+21.1,HB	+7.06,-6.3,+19.6,EB	+2.43,+258.9,+20.4,LB	+6.99,-1.0,+19.6,FB	
1701811500.8781152	+6.67,+8.8,+21.1,LB	+6.38,+30.5,+21.2,CA	+6.82,+7.0,+21.1,@B	+7.06,-6.2,+19.6,DB	+2.43,+258.9,+20.4,LB	+6.99,-1.1,+19.6,GB	
1701811562.889073	+6.67,+8.8,+21.1,LB	+6.38,+30.6,+21.2,@A	+6.82,+6.9,+21.2,KB	+7.06,-6.3,+19.6,EB	+2.43,+259.0,+20.4,DB	+6.99,-1.0,+19.6,FB	
1701811624.900231	+6.67,+8.8,+21.1,LB	+6.38,+30.5,+21.2,CA	+6.82,+7.0,+21.1,@B	+7.06,-6.3,+19.6,EB	+2.45,+258.1,+20.4,BB	+6.99,-1.1,+19.6,GB	
1701811686.9068182	+6.67,+8.8,+21.1,LB	+6.37,+30.7,+21.2,NA	+6.82,+6.9,+21.1,HB	+7.06,-6.3,+19.6,EB	+2.45,+258.2,+20.4,AB	+6.99,-1.0,+19.6,FB	
1701811748.9175262	+6.67,+8.8,+21.1,LB	+6.38,+30.5,+21.2,CA	+6.82,+6.9,+21.1,HB	+7.06,-6.3,+19.6,EB	+2.45,+258.3,+20.4,@B	+6.99,-1.1,+19.6,GB	
1701811810.926421	+6.67,+8.8,+21.1,LB	+6.38,+30.4,+21.2,BA	+6.82,+7.0,+21.1,@B	+7.06,-6.2,+19.6,DB	+2.45,+258.3,+20.4,@B	+6.99,-1.0,+19.6,FB	
1701811872.9351885	+6.67,+8.8,+21.1,LB	+6.37,+30.7,+21.2,NA	+6.82,+7.0,+21.1,@B	+7.06,-6.2,+19.6,DB	+2.45,+258.2,+20.4,AB	+6.99,-1.0,+19.6,FB	
1701811934.9445212	+6.67,+8.8,+21.1,LB	+6.37,+30.7,+21.2,NA	+6.82,+6.9,+21.1,HB	+7.06,-6.2,+19.6,DB	+2.44,+258.3,+20.4,AB	+6.99,-1.0,+19.6,FB	
1701812180.4953701	+6.67,+8.8,+21.1,LB	+6.38,+30.3,+21.2,EA	+6.82,+6.9,+21.1,HB	+7.06,-6.3,+19.6,EB	+2.45,+258.0,+20.4,CB	+6.99,-1.1,+19.6,GB	
1701812242.5024989	+6.67,+8.9,+21.1,MB	+6.38,+30.4,+21.2,BA	+6.82,+6.9,+21.1,HB	+7.06,-6.3,+19.6,EB	+2.44,+258.3,+20.4,AB	+6.99,-1.0,+19.6,FB	
1701812304.5126803	+6.67,+8.8,+21.1,LB	+6.38,+30.3,+21.1,FA	+6.82,+6.9,+21.1,HB	+7.06,-6.3,+19.6,EB	+2.44,+258.3,+20.4,AB	+6.99,-1.0,+19.6,FB	
1701812366.521815	+6.67,+8.8,+21.1,LB	+6.39,+30.1,+21.2,FA	+6.82,+6.9,+21.1,HB	+7.06,-6.2,+19.6,DB	+2.44,+258.3,+20.4,AB	+6.99,-1.0,+19.6,FB	
1701812428.5323315	+6.67,+8.8,+21.0,MB	+6.38,+30.2,+21.2,DA	+6.82,+6.9,+21.1,HB	+7.06,-6.2,+19.6,DB	+2.44,+258.3,+20.4,AB	+6.99,-1.0,+19.6,FB	
1701812490.5408616	+6.67,+8.8,+21.1,LB	+6.38,+30.2,+21.2,DA	+6.82,+6.9,+21.1,HB	+7.06,-6.2,+19.6,DB	+2.44,+258.3,+20.4,AB	+6.99,-0.9,+19.6,NB	
1701812552.5502822	+6.67,+8.9,+21.1,MB	+6.38,+30.3,+21.2,EA	+6.82,+6.9,+21.1,HB	+7.06,-6.2,+19.6,DB	+2.44,+258.3,+20.4,AB	+6.99,-1.0,+19.6,FB	
1701812614.5607061	+6.67,+8.8,+21.1,LB	+6.38,+30.3,+21.2,EA	+6.82,+6.9,+21.1,HB	+7.06,-6.3,+19.6,EB	+2.44,+258.4,+20.4,FB	+6.99,-1.1,+19.6,GB	
1701812676.570487	+6.67,+8.9,+21.1,MB	+6.38,+30.2,+21.2,DA	+6.82,+7.0,+21.1,@B	+7.06,-6.2,+19.6,DB	+2.44,+258.4,+20.4,FB	+6.99,-1.0,+19.6,FB	
1701812738.582797	+6.67,+8.9,+21.0,LB	+6.38,+30.2,+21.2,DA	+6.82,+7.0,+21.1,@B	+7.06,-6.3,+19.6,EB	+2.44,+258.3,+20.4,AB	+6.99,-1.0,+19.6,FB	
1701812800.5908895	+6.67,+8.9,+21.0,LB	+6.38,+30.2,+21.2,DA	+6.82,+6.9,+21.1,HB	+7.06,-6.3,+19.6,EB	+2.44,+258.4,+20.4,FB	+6.99,-1.1,+19.5,DB	
1701812862.6006868	+6.67,+8.8,+21.1,LB	+6.38,+30.3,+21.1,FA	+6.82,+6.8,+21.1,IB	+7.06,-6.3,+19.6,EB	+2.44,+258.4,+20.4,FB	+6.99,-1.0,+19.6,FB	
1701812924.6061199	+6.67,+8.8,+21.1,LB	+6.38,+30.3,+21.2,EA	+6.82,+6.9,+21.1,HB	+7.06,-6.3,+19.6,EB	+2.44,+258.3,+20.4,AB	+6.99,-1.0,+19.5,EB	
1701812986.6151962	+6.67,+8.9,+21.0,LB	+6.38,+30.4,+21.2,BA	+6.82,+6.9,+21.1,HB	+7.06,-6.3,+19.6,EB	+2.44,+258.4,+20.4,FB	+6.99,-1.0,+19.5,EB	
1701813048.624948	+6.67,+8.8,+21.0,MB	+6.38,+30.3,+21.2,EA	+6.82,+6.8,+21.1,IB	+7.06,-6.3,+19.6,EB	+2.44,+258.4,+20.4,FB	+6.99,-1.0,+19.5,EB	
1701813110.6332219	+6.67,+8.8,+21.1,LB	+6.38,+30.3,+21.1,FA	+6.82,+6.8,+21.1,IB	+7.06,-6.3,+19.6,EB	+2.44,+258.4,+20.4,FB	+6.99,-1.0,+19.5,EB	
1701813172.6427603	+6.67,+8.8,+21.0,MB	+6.38,+30.2,+21.2,DA	+6.82,+7.0,+21.1,@B	+7.06,-6.3,+19.6,EB	+2.44,+258.4,+20.4,FB	+6.99,-1.1,+19.5,DB	
1701813234.6500065	+6.67,+8.8,+21.0,MB	+6.38,+30.2,+21.2,DA	+6.82,+6.8,+21.1,IB	+7.06,-6.2,+19.6,DB	+2.44,+258.4,+20.3,AB	+6.99,-1.0,+19.5,EB	
1701813296.6585698	+6.67,+8.9,+21.1,MB	+6.38,+30.3,+21.1,FA	+6.82,+6.8,+21.0,HB	+7.06,-6.2,+19.6,DB	+2.44,+258.4,+20.4,FB	+6.99,-1.0,+19.5,EB	
1701813358.6674783	+6.67,+8.9,+21.0,LB	+6.38,+30.2,+21.1,GA	+6.82,+6.9,+21.1,HB	+7.06,-6.3,+19.6,EB	+2.44,+258.4,+20.4,FB	+6.99,-1.0,+19.5,EB	
1701813420.6755552	+6.67,+8.9,+21.0,LB	+6.38,+30.2,+21.2,DA	+6.82,+6.8,+21.1,IB	+7.06,-6.3,+19.6,EB	+2.44,+258.4,+20.3,AB	+6.99,-1.0,+19.5,EB	
1701813482.6854186	+6.67,+8.9,+21.0,LB	+6.38,+30.1,+21.1,DA	+6.82,+6.8,+21.1,IB	+7.06,-6.2,+19.6,DB	+2.44,+258.4,+20.4,FB	+6.99,-1.1,+19.5,DB	
1701813544.696233	+6.67,+8.9,+21.0,LB	+6.39,+30.0,+21.2,GA	+6.82,+7.0,+21.1,@B	+7.06,-6.2,+19.6,DB	+2.44,+258.4,+20.4,FB	+6.99,-1.0,+19.5,EB	
1701813606.7057467	+6.67,+8.9,+21.0,LB	+6.39,+30.0,+21.1,DA	+6.82,+7.0,+21.1,@B	+7.06,-6.3,+19.6,EB	+2.44,+258.4,+20.3,AB	+6.99,-1.0,+19.5,EB	
1701813668.712856	+6.67,+8.9,+21.0,LB	+6.39,+30.1,+21.1,EA	+6.82,+6.8,+21.1,IB	+7.06,-6.3,+19.6,EB	+2.44,+258.4,+20.4,FB	+6.99,-1.1,+19.5,DB	
1701813730.7221453	+6.67,+8.8,+21.0,MB	+6.39,+30.0,+21.1,DA	+6.82,+6.8,+21.1,IB	+7.06,-6.3,+19.6,EB	+2.44,+258.4,+20.3,AB	+6.99,-1.1,+19.5,DB	
1701813792.7294798	+6.67,+8.8,+21.0,MB	+6.39,+29.8,+21.1,DA	+6.82,+7.0,+21.1,@B	+7.06,-6.2,+19.6,DB	+2.44,+258.4,+20.4,FB	+6.99,-1.0,+19.5,EB	
1701813854.7362287	+6.67,+8.9,+21.1,MB	+6.39,+29.9,+21.1,EA	+6.82,+6.9,+21.1,HB	+7.06,-6.3,+19.6,EB	+2.44,+258.4,+20.4,FB	+6.99,-1.0,+19.5,EB	
1701813916.7436352	+6.67,+8.9,+21.1,MB	+6.39,+29.8,+21.2,GA	+6.82,+6.9,+21.1,HB	+7.06,-6.2,+19.6,DB	+2.44,+258.4,+20.4,FB	+6.99,-0.9,+19.5,MB	
1701813978.7520635	+6.67,+8.8,+21.0,MB	+6.39,+29.9,+21.2,FA	+6.82,+6.8,+21.1,IB	+7.06,-6.2,+19.6,DB	+2.44,+258.4,+20.3,AB	+6.99,-1.0,+19.5,EB	
1701814040.760247	+6.67,+8.9,+21.0,LB	+6.39,+29.8,+21.2,GA	+6.82,+6.9,+21.1,HB	+7.06,-6.3,+19.6,EB	+2.44,+258.4,+20.4,FB	+6.99,-1.1,+19.5,DB	
1701814102.7677732	+6.67,+8.9,+21.0,LB	+6.39,+29.9,+21.2,FA	+6.82,+6.8,+21.1,IB	+7.06,-6.3,+19.6,EB	+2.44,+258.3,+20.4,AB	+6.99,-1.1,+19.5,DB	
1701814164.7762632	+6.67,+8.9,+21.1,MB	+6.39,+29.9,+21.1,EA	+6.82,+6.8,+21.1,IB	+7.06,-6.3,+19.6,EB	+2.44,+258.4,+20.4,FB	+6.99,-1.0,+19.6,FB	
1701814226.7832153	+6.67,+8.8,+21.0,MB	+6.39,+30.0,+21.2,GA	+6.82,+6.8,+21.1,IB	+7.06,-6.3,+19.6,EB	+2.44,+258.4,+20.4,FB	+6.99,-1.0,+19.6,FB	
1701814288.790437	+6.67,+8.8,+21.1,LB	+6.39,+29.7,+21.2,HA	+6.82,+6.9,+21.1,HB	+7.06,-6.3,+19.6,EB	+2.44,+258.4,+20.4,FB	+6.99,-1.0,+19.6,FB	
1701814350.7967615	+6.67,+8.8,+21.1,LB	+6.39,+29.6,+21.2,IA	+6.82,+6.9,+21.1,HB	+7.06,-6.2,+19.6,DB	+2.44,+258.4,+20.4,FB	+6.99,-1.0,+19.5,EB	
1701814412.8004608	+6.67,+8.7,+21.1,CB	+6.39,+29.7,+21.1,KA	+6.82,+7.0,+21.1,@B	+7.06,-6.3,+19.6,EB	+2.44,+258.5,+20.3,@B	+6.99,-1.1,+19.6,GB	
1701814474.8075278	+6.67,+8.7,+21.1,CB	+6.39,+29.6,+21.1,JA	+6.82,+7.0,+21.1,@B	+7.06,-6.3,+19.6,EB	+2.44,+258.5,+20.4,GB	+6.99,-1.0,+19.6,FB	
1701814536.8165586	+6.67,+8.7,+21.1,CB	+6.40,+29.5,+21.2,DA	+6.82,+6.9,+21.1,HB	+7.06,-6.3,+19.6,EB	+2.44,+258.4,+20.4,FB	+6.99,-1.0,+19.6,FB	
1701814598.821314	+6.67,+8.7,+21.0,BB	+6.39,+29.6,+21.2,IA	+6.82,+7.1,+21.1,AB	+7.06,-6.3,+19.6,EB	+2.44,+258.4,+20.4,FB	+6.99,-1.0,+19.6,FB	
1701814660.8279066	+6.67,+8.7,+21.1,CB	+6.40,+29.5,+21.2,DA	+6.82,+6.9,+21.1,HB	+7.06,-6.3,+19.6,EB	+2.44,+258.4,+20.4,FB	+6.99,-1.0,+19.5,EB	
1701814722.8367124	+6.67,+8.6,+21.1,BB	+6.40,+29.5,+21.2,DA	+6.82,+7.0,+21.1,@B	+7.06,-6.4,+19.6,BB	+2.44,+258.5,+20.4,GB	+6.99,-1.0,+19.6,FB	
1701814784.8433557	+6.67,+8.7,+21.0,BB	+6.40,+29.4,+21.2,EA	+6.82,+6.9,+21.1,HB	+7.06,-6.3,+19.6,EB	+2.44,+258.5,+20.4,GB	+6.99,-1.1,+19.6,GB	
1701814846.8508394	+6.67,+8.7,+21.1,CB	+6.40,+29.5,+21.2,DA	+6.82,+6.9,+21.1,HB	+7.06,-6.3,+19.6,EB	+2.44,+258.5,+20.4,GB	+6.99,-1.1,+19.6,GB	
1701814908.8573	+6.67,+8.7,+21.1,CB	+6.40,+29.5,+21.2,DA	+6.82,+6.9,+21.1,HB	+7.06,-6.2,+19.6,DB	+2.44,+258.4,+20.3,AB	+6.99,-1.1,+19.5,DB	
1701814970.866401	+6.67,+8.7,+21.1,CB	+6.40,+29.4,+21.2,EA	+6.82,+6.9,+21.1,HB	+7.06,-6.3,+19.6,EB	+2.44,+258.5,+20.3,@B	+6.99,-1.0,+19.6,FB	
1701815032.8708203	+6.67,+8.6,+21.0,CB	+6.39,+29.6,+21.2,IA	+6.82,+6.9,+21.1,HB	+7.06,-6.3,+19.6,EB	+2.44,+258.5,+20.4,GB	+6.99,-1.0,+19.5,EB	
1701815094.8789482	+6.67,+8.7,+21.0,BB	+6.39,+29.5,+21.1,IA	+6.82,+6.9,+21.1,HB	+7.06,-6.2,+19.6,DB	+2.44,+258.5,+20.4,GB	+6.99,-1.0,+19.5,EB	
1701815156.8886104	+6.67,+8.7,+21.0,BB	+6.39,+29.5,+21.2,JA	+6.82,+7.0,+21.1,@B	+7.06,-6.3,+19.6,EB	+2.44,+258.5,+20.4,GB	+6.99,-1.0,+19.5,EB	
1701815218.8918808	+6.67,+8.6,+21.0,CB	+6.40,+29.5,+21.1,GA	+6.82,+6.8,+21.1,IB	+7.06,-6.3,+19.6,EB	+2.44,+258.5,+20.4,GB	+6.99,-1.1,+19.6,GB	
1701815280.9022794	+6.67,+8.7,+21.0,BB	+6.40,+29.5,+21.2,DA	+6.82,+7.0,+21.1,@B	+7.06,-6.3,+19.6,EB	+2.44,+258.5,+20.4,GB	+6.99,-1.0,+19.5,EB	
1701815342.9069252	+6.67,+8.7,+21.0,BB	+6.39,+29.5,+21.1,IA	+6.82,+7.0,+21.1,@B	+7.06,-6.2,+19.6,DB	+2.44,+258.5,+20.4,GB	+6.99,-1.0,+19.5,EB	
1701815404.9169302	+6.67,+8.7,+21.0,BB	+6.40,+29.5,+21.1,GA	+6.82,+6.9,+21.1,HB	+7.06,-6.2,+19.6,DB	+2.44,+258.5,+20.3,@B	+6.99,-1.0,+19.5,EB	
1701815466.9216826	+6.67,+8.7,+21.0,BB	+6.40,+29.4,+21.1,FA	+6.82,+6.9,+21.1,HB	+7.06,-6.3,+19.6,EB	+2.44,+258.5,+20.4,GB	+6.99,-1.1,+19.5,DB	
1701815528.9279475	+6.67,+8.6,+21.0,CB	+6.39,+29.6,+21.1,JA	+6.82,+7.0,+21.0,AB	+7.06,-6.3,+19.6,EB	+2.44,+258.5,+20.4,GB	+6.99,-1.0,+19.5,EB	
1701815590.9347508	+6.67,+8.6,+21.0,CB	+6.39,+29.5,+21.1,IA	+6.82,+6.8,+21.1,IB	+7.06,-6.3,+19.6,EB	+2.44,+258.6,+20.3,CB	+6.99,-1.0,+19.5,EB	
1701815652.9371624	+6.67,+8.7,+21.0,BB	+6.39,+29.5,+21.1,IA	+6.82,+6.9,+21.1,HB	+7.06,-6.3,+19.6,EB	+2.44,+258.6,+20.4,DB	+6.99,-1.0,+19.5,EB	
1701815714.9477649	+6.67,+8.7,+21.0,BB	+6.39,+29.5,+21.1,IA	+6.82,+7.0,+21.1,@B	+7.06,-6.2,+19.6,DB	+2.44,+258.6,+20.3,CB	+6.99,-1.1,+19.5,DB	
1701815776.9572475	+6.67,+8.7,+21.0,BB	+6.39,+29.5,+21.1,IA	+6.82,+7.0,+21.0,AB	+7.06,-6.2,+19.6,DB	+2.44,+258.6,+20.3,CB	+6.99,-1.1,+19.5,DB	
1701816022.5242145	+6.67,+8.7,+21.0,BB	+6.40,+29.3,+21.1,AA	+6.82,+6.8,+21.1,IB	+7.06,-6.3,+19.6,EB	+2.44,+258.3,+20.3,FB	+6.99,-1.0,+19.5,EB	
1701816084.5325067	+6.67,+8.7,+21.0,BB	+6.40,+29.4,+21.1,FA	+6.82,+6.9,+21.1,HB	+7.06,-6.2,+19.6,DB	+2.44,+258.6,+20.3,CB	+6.99,-1.1,+19.5,DB	
1701816146.5419402	+6.67,+8.8,+21.0,MB	+6.40,+29.3,+21.1,AA	+6.82,+6.9,+21.1,HB	+7.06,-6.3,+19.6,EB	+2.44,+258.6,+20.3,CB	+6.99,-1.1,+19.5,DB	
1701816208.5508783	+6.67,+8.8,+21.0,MB	+6.39,+29.6,+21.1,JA	+6.82,+6.8,+21.1,IB	+7.06,-6.2,+19.6,DB	+2.44,+258.6,+20.4,DB	+6.99,-1.0,+19.5,EB	
1701816270.5593696	+6.67,+8.8,+21.0,MB	+6.40,+29.4,+21.1,FA	+6.82,+7.0,+21.1,@B	+7.06,-6.3,+19.6,EB	+2.44,+258.6,+20.3,CB	+6.99,-1.0,+19.5,EB	
1701816332.5696998	+6.67,+8.7,+21.1,CB	+6.40,+29.4,+21.1,FA	+6.82,+7.0,+21.1,@B	+7.06,-6.3,+19.6,EB	+2.44,+258.6,+20.4,DB	+6.99,-1.0,+19.5,EB	
1701816394.5779045	+6.67,+8.8,+21.0,MB	+6.39,+29.5,+21.1,IA	+6.82,+6.9,+21.1,HB	+7.06,-6.3,+19.6,EB	+2.44,+258.5,+20.3,@B	+6.99,-1.1,+19.5,DB	
1701816456.5853243	+6.67,+8.7,+21.0,BB	+6.39,+29.6,+21.2,IA	+6.82,+6.8,+21.1,IB	+7.06,-6.2,+19.6,DB	+2.44,+258.5,+20.3,@B	+6.99,-1.1,+19.5,DB	
1701816518.595078	+6.67,+8.8,+21.0,MB	+6.39,+29.5,+21.1,IA	+6.82,+6.9,+21.1,HB	+7.06,-6.4,+19.6,BB	+2.44,+258.6,+20.4,DB	+6.99,-1.0,+19.5,EB	
1701816580.6029694	+6.67,+8.8,+21.0,MB	+6.40,+29.5,+21.1,GA	+6.82,+6.9,+21.1,HB	+7.06,-6.3,+19.6,EB	+2.44,+258.6,+20.3,CB	+6.99,-1.0,+19.5,EB	
1701816642.613242	+6.67,+8.7,+21.0,BB	+6.40,+29.4,+21.2,EA	+6.82,+7.0,+21.1,@B	+7.06,-6.2,+19.6,DB	+2.44,+258.5,+20.3,@B	+6.99,-1.1,+19.5,DB	
1701816704.6226685	+6.67,+8.7,+21.0,BB	+6.39,+29.6,+21.1,JA	+6.82,+7.0,+21.1,@B	+7.06,-6.2,+19.6,DB	+2.44,+258.5,+20.3,@B	+6.99,-1.0,+19.5,EB	
1701816766.6315424	+6.67,+8.8,+21.0,MB	+6.39,+29.6,+21.1,JA	+6.82,+7.0,+21.1,@B	+7.06,-6.2,+19.6,DB	+2.44,+258.5,+20.4,GB	+6.99,-1.0,+19.5,EB	
1701816828.6387415	+6.67,+8.7,+21.0,BB	+6.40,+29.5,+21.1,GA	+6.82,+6.9,+21.1,HB	+7.06,-6.3,+19.6,EB	+2.44,+258.5,+20.3,@B	+6.99,-1.0,+19.5,EB	
1701816890.6468303	+6.67,+8.7,+21.1,CB	+6.40,+29.5,+21.1,GA	+6.82,+6.9,+21.1,HB	+7.06,-6.3,+19.6,EB	+2.44,+258.6,+20.3,CB	+6.99,-1.1,+19.5,DB	
1701816952.654374	+6.67,+8.8,+21.0,MB	+6.40,+29.5,+21.1,GA	+6.82,+6.9,+21.1,HB	+7.06,-6.3,+19.6,EB	+2.44,+258.5,+20.4,GB	+6.99,-1.1,+19.5,DB	
1701817014.662279	+6.67,+8.8,+21.0,MB	+6.40,+29.4,+21.2,EA	+6.82,+6.9,+21.1,HB	+7.06,-6.3,+19.6,EB	+2.44,+258.5,+20.3,@B	+6.99,-1.0,+19.5,EB	
1701817076.6709166	+6.67,+8.8,+21.0,MB	+6.39,+29.5,+21.1,IA	+6.82,+7.0,+21.1,@B	+7.06,-6.3,+19.6,EB	+2.44,+258.5,+20.3,@B	+6.99,-1.1,+19.6,GB	
1701817138.6796396	+6.67,+8.8,+21.0,MB	+6.40,+29.4,+21.2,EA	+6.82,+6.8,+21.1,IB	+7.06,-6.3,+19.6,EB	+2.44,+258.5,+20.4,GB	+6.99,-1.0,+19.5,EB	
1701817200.689769	+6.67,+8.8,+21.0,MB	+6.39,+29.6,+21.2,IA	+6.82,+6.8,+21.1,IB	+7.06,-6.2,+19.6,DB	+2.44,+258.5,+20.3,@B	+6.99,-1.0,+19.5,EB	
1701817262.6989183	+6.67,+8.8,+21.0,MB	+6.40,+29.5,+21.1,GA	+6.82,+6.8,+21.0,HB	+7.06,-6.2,+19.6,DB	+2.44,+258.5,+20.4,GB	+6.99,-1.0,+19.5,EB	
1701817324.706265	+6.67,+8.7,+21.0,BB	+6.40,+29.5,+21.1,GA	+6.82,+6.8,+21.1,IB	+7.06,-6.2,+19.6,DB	+2.44,+258.5,+20.3,@B	+6.99,-1.0,+19.5,EB	
1701817386.7129314	+6.67,+8.8,+21.0,MB	+6.40,+29.4,+21.1,FA	+6.82,+6.9,+21.0,IB	+7.06,-6.3,+19.6,EB	+2.44,+258.5,+20.4,GB	+6.99,-1.1,+19.5,DB	
1701817448.7252626	+6.67,+8.8,+21.0,MB	+6.40,+29.4,+21.1,FA	+6.82,+7.0,+21.1,@B	+7.06,-6.3,+19.6,EB	+2.44,+258.5,+20.3,@B	+6.99,-1.0,+19.5,EB	
1701817510.7355242	+6.67,+8.8,+21.0,MB	+6.40,+29.5,+21.1,GA	+6.82,+6.8,+21.1,IB	+7.06,-6.2,+19.6,DB	+2.44,+258.5,+20.3,@B	+6.99,-1.1,+19.5,DB	
1701817572.7457588	+6.67,+8.8,+21.0,MB	+6.39,+29.5,+21.1,IA	+6.82,+6.8,+21.1,IB	+7.06,-6.3,+19.5,FB	+2.44,+258.6,+20.3,CB	+6.99,-1.0,+19.5,EB	
1701817634.7555215	+6.67,+8.7,+21.0,BB	+6.40,+29.4,+21.1,FA	+6.82,+7.0,+21.0,AB	+7.06,-6.3,+19.6,EB	+2.44,+258.5,+20.3,@B	+6.99,-1.0,+19.5,EB	
1701817696.7641218	+6.67,+8.8,+21.0,MB	+6.40,+29.5,+21.1,GA	+6.82,+6.8,+21.0,HB	+7.06,-6.3,+19.6,EB	+2.44,+258.6,+20.4,DB	+6.99,-1.1,+19.5,DB	
1701817758.7725873	+6.67,+8.8,+21.0,MB	+6.40,+29.4,+21.1,FA	+6.82,+6.8,+21.1,IB	+7.06,-6.3,+19.6,EB	+2.44,+258.5,+20.3,@B	+6.99,-1.1,+19.5,DB	
1701817820.7792473	+6.67,+8.8,+21.0,MB	+6.40,+29.4,+21.1,FA	+6.82,+6.9,+21.0,IB	+7.06,-6.3,+19.6,EB	+2.44,+258.6,+20.3,CB	+6.99,-1.0,+19.5,EB	
1701817882.788699	+6.67,+8.8,+21.0,MB	+6.40,+29.4,+21.1,FA	+6.82,+6.9,+21.1,HB	+7.06,-6.3,+19.6,EB	+2.44,+258.6,+20.3,CB	+6.99,-1.1,+19.5,DB	
1701817944.7962277	+6.67,+8.8,+21.0,MB	+6.40,+29.4,+21.1,FA	+6.82,+6.9,+21.1,HB	+7.06,-6.3,+19.6,EB	+2.44,+258.5,+20.3,@B	+6.99,-1.0,+19.5,EB	
1701818006.8045132	+6.67,+8.8,+21.0,MB	+6.39,+29.5,+21.1,IA	+6.82,+7.0,+21.1,@B	+7.06,-6.2,+19.6,DB	+2.44,+258.5,+20.3,@B	+6.99,-1.0,+19.5,EB	
1701818068.8134942	+6.67,+8.8,+21.0,MB	+6.40,+29.5,+21.1,GA	+6.82,+6.9,+21.1,HB	+7.06,-6.3,+19.6,EB	+2.44,+258.5,+20.3,@B	+6.99,-1.0,+19.5,EB	
1701818130.820068	+6.67,+8.8,+21.0,MB	+6.40,+29.4,+21.1,FA	+6.82,+6.9,+21.0,IB	+7.06,-6.2,+19.6,DB	+2.44,+258.6,+20.3,CB	+6.99,-1.0,+19.5,EB	
1701818192.831644	+6.67,+8.8,+21.0,MB	+6.40,+29.4,+21.1,FA	+6.82,+6.7,+21.1,FB	+7.06,-6.3,+19.6,EB	+2.44,+258.5,+20.4,GB	+6.99,-1.0,+19.5,EB	
1701818254.840061	+6.67,+8.8,+21.0,MB	+6.40,+29.4,+21.1,FA	+6.81,+7.3,+21.1,@B	+7.06,-6.2,+19.6,DB	+2.44,+258.5,+20.3,@B	+6.99,-1.0,+19.5,EB	
1701818316.847685	+6.67,+8.8,+21.0,MB	+6.40,+29.4,+21.1,FA	+6.81,+7.3,+21.1,@B	+7.06,-6.3,+19.6,EB	+2.44,+258.5,+20.3,@B	+6.99,-1.0,+19.5,EB	
1701818378.8570998	+6.67,+8.8,+21.0,MB	+6.40,+29.3,+21.1,AA	+6.81,+7.5,+21.1,FB	+7.06,-6.2,+19.6,DB	+2.44,+258.5,+20.3,@B	+6.99,-1.0,+19.5,EB	
1701818440.8662791	+6.67,+8.8,+21.0,MB	+6.40,+29.3,+21.1,AA	+6.81,+7.6,+21.1,EB	+7.06,-6.4,+19.6,BB	+2.44,+258.6,+20.3,CB	+6.99,-1.0,+19.5,EB	
1701818502.8749502	+6.67,+8.8,+21.0,MB	+6.40,+29.3,+21.1,AA	+6.81,+7.6,+21.1,EB	+7.06,-6.3,+19.6,EB	+2.44,+258.6,+20.3,CB	+6.99,-1.1,+19.5,DB	
1701818564.883653	+6.67,+8.8,+21.0,MB	+6.40,+29.3,+21.2,BA	+6.81,+7.5,+21.1,FB	+7.06,-6.3,+19.6,EB	+2.44,+258.6,+20.3,CB	+6.99,-1.0,+19.5,EB	
1701818626.8922327	+6.67,+8.8,+21.0,MB	+6.40,+29.4,+21.1,FA	+6.81,+7.6,+21.1,EB	+7.06,-6.3,+19.6,EB	+2.44,+258.6,+20.3,CB	+6.99,-1.0,+19.5,EB	
1701818688.9006977	+6.67,+8.8,+21.0,MB	+6.40,+29.4,+21.1,FA	+6.81,+7.6,+21.1,EB	+7.06,-6.2,+19.6,DB	+2.44,+258.6,+20.4,DB	+6.99,-1.1,+19.5,DB	
1701818750.909983	+6.67,+8.8,+21.0,MB	+6.40,+29.4,+21.2,EA	+6.81,+7.6,+21.1,EB	+7.06,-6.3,+19.6,EB	+2.44,+258.6,+20.4,DB	+6.99,-1.0,+19.5,EB	
1701818812.9183931	+6.67,+8.8,+21.1,LB	+6.40,+29.4,+21.2,EA	+6.81,+7.6,+21.1,EB	+7.06,-6.3,+19.6,EB	+2.44,+258.6,+20.3,CB	+6.99,-1.0,+19.5,EB	
1701818874.9286313	+6.67,+8.8,+21.0,MB	+6.40,+29.5,+21.2,DA	+6.81,+7.6,+21.1,EB	+7.06,-6.3,+19.6,EB	+2.44,+258.6,+20.4,DB	+6.99,-1.0,+19.5,EB	
1701818936.9363027	+6.67,+8.8,+21.0,MB	+6.40,+29.4,+21.1,FA	+6.81,+7.6,+21.1,EB	+7.06,-6.3,+19.6,EB	+2.44,+258.6,+20.3,CB	+6.99,-1.0,+19.5,EB	
1701818998.942948	+6.67,+8.8,+21.0,MB	+6.39,+29.6,+21.1,JA	+6.80,+7.7,+21.1,EB	+7.06,-6.3,+19.6,EB	+2.44,+258.7,+20.4,EB	+6.99,-1.0,+19.6,FB	
1701819060.9508417	+6.67,+8.8,+21.0,MB	+6.39,+29.6,+21.1,JA	+6.80,+7.8,+21.1,JB	+7.06,-6.2,+19.6,DB	+2.44,+258.6,+20.3,CB	+6.99,-1.1,+19.5,DB	
1701819122.957905	+6.67,+8.7,+21.0,BB	+6.39,+29.6,+21.1,JA	+6.80,+7.8,+21.1,JB	+7.06,-6.3,+19.6,EB	+2.44,+258.7,+20.3,BB	+6.99,-1.0,+19.5,EB	
1701819184.9674776	+6.67,+8.7,+21.0,BB	+6.40,+29.5,+21.1,GA	+6.80,+7.8,+21.1,JB	+7.06,-6.2,+19.6,DB	+2.44,+258.6,+20.3,CB	+6.99,-1.0,+19.5,EB	
1701819246.9750905	+6.67,+8.6,+21.0,CB	+6.39,+29.7,+21.1,KA	+6.80,+7.7,+21.1,EB	+7.06,-6.3,+19.6,EB	+2.44,+258.6,+20.4,DB	+6.99,-1.1,+19.5,DB	
1701819308.9828076	+6.67,+8.6,+21.0,CB	+6.39,+29.6,+21.2,IA	+6.80,+7.7,+21.1,EB	+7.06,-6.3,+19.6,EB	+2.44,+258.6,+20.3,CB	+6.99,-1.0,+19.5,EB	
1701819370.9948497	+6.67,+8.6,+21.0,CB	+6.39,+29.7,+21.2,HA	+6.80,+7.8,+21.1,JB	+7.06,-6.2,+19.6,DB	+2.44,+258.6,+20.3,CB	+6.99,-1.1,+19.5,DB	
1701819433.0050862	+6.67,+8.7,+21.0,BB	+6.39,+29.7,+21.1,KA	+6.80,+7.8,+21.1,JB	+7.06,-6.3,+19.6,EB	+2.44,+258.6,+20.3,CB	+6.99,-1.0,+19.5,EB	
1701819495.0149963	+6.67,+8.6,+21.0,CB	+6.39,+29.6,+21.2,IA	+6.80,+7.8,+21.1,JB	+7.06,-6.3,+19.6,EB	+2.44,+258.6,+20.3,CB	+6.99,-1.1,+19.5,DB	
1701819557.024344	+6.67,+8.6,+21.0,CB	+6.39,+29.6,+21.1,JA	+6.80,+7.8,+21.1,JB	+7.06,-6.3,+19.6,EB	+2.44,+258.6,+20.4,DB	+6.99,-1.0,+19.5,EB	
1701819619.0338724	+6.67,+8.6,+21.1,BB	+6.39,+29.6,+21.1,JA	+6.80,+7.9,+21.1,KB	+7.06,-6.3,+19.6,EB	+2.44,+258.7,+20.3,BB	+6.99,-1.0,+19.5,EB	
1701819864.6091144	+6.67,+8.6,+21.0,CB	+6.39,+29.6,+21.1,JA	+6.80,+7.8,+21.0,KB	+7.06,-6.3,+19.6,EB	+2.44,+258.4,+20.4,FB	+6.99,-1.1,+19.5,DB	
1701819926.6208377	+6.67,+8.6,+21.0,CB	+6.39,+29.8,+21.1,DA	+6.80,+7.8,+21.1,JB	+7.06,-6.3,+19.6,EB	+2.44,+258.7,+20.3,BB	+6.99,-1.0,+19.5,EB	
1701819988.629772	+6.67,+8.6,+21.0,CB	+6.39,+29.7,+21.1,KA	+6.80,+7.8,+21.1,JB	+7.06,-6.2,+19.6,DB	+2.44,+258.7,+20.3,BB	+6.99,-1.1,+19.5,DB	
1701820050.6397104	+6.67,+8.6,+21.0,CB	+6.39,+29.6,+21.1,JA	+6.80,+7.8,+21.1,JB	+7.06,-6.3,+19.6,EB	+2.44,+258.7,+20.3,BB	+6.99,-1.1,+19.5,DB	
1701820112.6499174	+6.67,+8.6,+21.0,CB	+6.39,+29.7,+21.1,KA	+6.80,+7.8,+21.1,JB	+7.06,-6.3,+19.6,EB	+2.44,+258.7,+20.3,BB	+6.99,-1.1,+19.5,DB	
1701820174.6556027	+6.67,+8.6,+21.0,CB	+6.39,+29.8,+21.1,DA	+6.80,+7.8,+21.0,KB	+7.06,-6.2,+19.6,DB	+2.44,+258.7,+20.4,EB	+6.99,-1.1,+19.5,DB	
1701820236.666153	+6.67,+8.7,+21.1,CB	+6.39,+29.8,+21.1,DA	+6.80,+7.9,+21.1,KB	+7.06,-6.3,+19.6,EB	+2.44,+258.7,+20.3,BB	+6.99,-1.1,+19.5,DB	
1701820298.675649	+6.67,+8.6,+21.0,CB	+6.39,+29.9,+21.1,EA	+6.80,+7.8,+21.1,JB	+7.06,-6.2,+19.6,DB	+2.44,+258.7,+20.3,BB	+6.99,-1.1,+19.5,DB	
1701820360.6846247	+6.67,+8.5,+21.0,@B	+6.39,+29.6,+21.1,JA	+6.80,+7.9,+21.1,KB	+7.06,-6.3,+19.6,EB	+2.44,+258.7,+20.4,EB	+6.99,-1.0,+19.5,EB	
1701820422.6945248	+6.67,+8.6,+21.0,CB	+6.39,+29.7,+21.2,HA	+6.80,+7.8,+21.1,JB	+7.06,-6.3,+19.6,EB	+2.44,+258.7,+20.3,BB	+6.99,-1.1,+19.5,DB	
1701820484.7042034	+6.67,+8.6,+21.0,CB	+6.39,+29.7,+21.1,KA	+6.80,+7.9,+21.1,KB	+7.06,-6.3,+19.6,EB	+2.44,+258.7,+20.3,BB	+6.99,-1.0,+19.5,EB	
1701820546.7130568	+6.67,+8.6,+21.0,CB	+6.39,+29.8,+21.2,GA	+6.80,+7.9,+21.1,KB	+7.06,-6.2,+19.6,DB	+2.44,+258.7,+20.3,BB	+6.99,-1.1,+19.5,DB	
1701820608.7210774	+6.67,+8.7,+21.1,CB	+6.39,+29.7,+21.1,KA	+6.80,+7.9,+21.1,KB	+7.06,-6.3,+19.6,EB	+2.44,+258.6,+20.3,CB	+6.99,-1.1,+19.5,DB	
1701820670.731926	+6.67,+8.6,+21.0,CB	+6.39,+29.7,+21.2,HA	+6.80,+8.0,+21.1,MB	+7.06,-6.2,+19.6,DB	+2.44,+258.7,+20.3,BB	+6.99,-1.0,+19.5,EB	
1701820732.7404697	+6.67,+8.6,+21.0,CB	+6.39,+29.8,+21.2,GA	+6.80,+8.0,+21.1,MB	+7.06,-6.3,+19.6,EB	+2.44,+258.7,+20.3,BB	+6.99,-1.0,+19.5,EB	
1701820794.7511086	+6.67,+8.6,+21.0,CB	+6.39,+29.6,+21.2,IA	+6.80,+7.9,+21.1,KB	+7.06,-6.3,+19.6,EB	+2.43,+258.8,+20.3,JB	+6.99,-1.1,+19.5,DB	
1701820856.761597	+6.67,+8.6,+21.1,BB	+6.39,+29.7,+21.2,HA	+6.80,+8.0,+21.1,MB	+7.06,-6.3,+19.6,EB	+2.44,+258.7,+20.3,BB	+6.99,-1.0,+19.5,EB	
1701820918.7704258	+6.67,+8.6,+21.1,BB	+6.39,+29.7,+21.1,KA	+6.80,+7.9,+21.1,KB	+7.06,-6.3,+19.6,EB	+2.44,+258.7,+20.4,EB	+6.99,-1.0,+19.5,EB	
1701820980.781939	+6.67,+8.7,+21.0,BB	+6.39,+29.7,+21.1,KA	+6.80,+8.0,+21.1,MB	+7.06,-6.3,+19.6,EB	+2.44,+258.8,+20.4,JB	+6.99,-1.1,+19.6,GB	
1701821042.7903724	+6.67,+8.7,+21.0,BB	+6.39,+29.7,+21.1,KA	+6.80,+7.9,+21.1,KB	+7.06,-6.3,+19.6,EB	+2.44,+258.7,+20.3,BB	+6.99,-1.0,+19.6,FB	
1701821104.8011515	+6.67,+8.7,+21.1,CB	+6.39,+29.5,+21.2,JA	+6.80,+7.8,+21.1,JB	+7.06,-6.3,+19.6,EB	+2.44,+258.8,+20.3,MB	+6.99,-1.1,+19.6,GB	
1701821166.8085887	+6.67,+8.7,+21.0,BB	+6.39,+29.7,+21.1,KA	+6.80,+8.0,+21.1,MB	+7.06,-6.3,+19.6,EB	+2.44,+258.8,+20.4,JB	+6.99,-1.1,+19.5,DB	
1701821228.8159597	+6.67,+8.7,+21.1,CB	+6.39,+29.6,+21.1,JA	+6.80,+7.8,+21.1,JB	+7.06,-6.3,+19.6,EB	+2.44,+258.8,+20.3,MB	+6.99,-1.1,+19.5,DB	
1701821290.8252883	+6.67,+8.7,+21.0,BB	+6.40,+29.5,+21.1,GA	+6.80,+7.9,+21.1,KB	+7.06,-6.3,+19.6,EB	+2.43,+258.8,+20.3,JB	+6.99,-1.1,+19.5,DB	
1701821352.833568	+6.67,+8.7,+21.0,BB	+6.39,+29.7,+21.1,KA	+6.80,+7.9,+21.1,KB	+7.06,-6.3,+19.6,EB	+2.44,+258.8,+20.4,JB	+6.99,-1.1,+19.5,DB	
1701821414.8434052	+6.67,+8.7,+21.0,BB	+6.40,+29.5,+21.1,GA	+6.80,+7.8,+21.1,JB	+7.06,-6.2,+19.6,DB	+2.44,+258.8,+20.3,MB	+6.99,-1.0,+19.5,EB	
1701821476.8524072	+6.67,+8.7,+21.0,BB	+6.40,+29.4,+21.1,FA	+6.80,+7.9,+21.1,KB	+7.06,-6.4,+19.6,BB	+2.44,+258.8,+20.3,MB	+6.99,-1.1,+19.5,DB	
1701821538.8626785	+6.67,+8.8,+21.0,MB	+6.40,+29.4,+21.1,FA	+6.80,+7.9,+21.1,KB	+7.06,-6.2,+19.6,DB	+2.43,+258.9,+20.3,KB	+6.99,-1.1,+19.5,DB	
1701821600.8727522	+6.67,+8.7,+21.0,BB	+6.40,+29.4,+21.1,FA	+6.80,+8.0,+21.1,MB	+7.06,-6.3,+19.6,EB	+2.43,+258.9,+20.3,KB	+6.99,-1.1,+19.5,DB	
1701821662.8818831	+6.67,+8.7,+21.0,BB	+6.39,+29.5,+21.1,IA	+6.80,+7.9,+21.1,KB	+7.06,-6.3,+19.6,EB	+2.43,+259.0,+20.3,CB	+6.99,-1.1,+19.5,DB	
1701821724.8907363	+6.67,+8.7,+21.0,BB	+6.40,+29.5,+21.1,GA	+6.80,+8.0,+21.1,MB	+7.06,-6.3,+19.6,EB	+2.43,+259.0,+20.4,DB	+6.99,-1.1,+19.5,DB	
1701821786.8988233	+6.67,+8.7,+21.0,BB	+6.39,+29.5,+21.1,IA	+6.80,+8.0,+21.1,MB	+7.06,-6.3,+19.6,EB	+2.43,+259.0,+20.3,CB	+6.99,-1.1,+19.5,DB	
1701821848.90931	+6.67,+8.7,+21.1,CB	+6.40,+29.5,+21.1,GA	+6.80,+7.9,+21.1,KB	+7.06,-6.2,+19.6,DB	+2.43,+259.0,+20.3,CB	+6.99,-1.1,+19.5,DB	
1701821910.9191952	+6.67,+8.7,+21.1,CB	+6.40,+29.3,+21.1,AA	+6.80,+7.9,+21.1,KB	+7.06,-6.3,+19.6,EB	+2.43,+258.9,+20.3,KB	+6.99,-1.0,+19.5,EB	
1701821972.9296043	+6.67,+8.7,+21.1,CB	+6.40,+29.3,+21.1,AA	+6.80,+7.9,+21.1,KB	+7.06,-6.3,+19.6,EB	+2.43,+259.0,+20.4,DB	+6.99,-1.1,+19.5,DB	
1701822034.938603	+6.67,+8.7,+21.0,BB	+6.40,+29.3,+21.2,BA	+6.80,+7.9,+21.1,KB	+7.06,-6.4,+19.6,BB	+2.43,+259.0,+20.4,DB	+6.99,-1.0,+19.6,FB	
1701822096.9489837	+6.67,+8.7,+21.1,CB	+6.40,+29.2,+21.1,@A	+6.80,+8.0,+21.1,MB	+7.06,-6.3,+19.6,EB	+2.43,+259.0,+20.3,CB	+6.99,-1.1,+19.6,GB	
1701822158.9593933	+6.67,+8.7,+21.1,CB	+6.40,+29.2,+21.1,@A	+6.80,+7.9,+21.1,KB	+7.06,-6.3,+19.6,EB	+2.43,+259.0,+20.3,CB	+6.99,-1.1,+19.5,DB	
1701822220.9656582	+6.67,+8.7,+21.0,BB	+6.40,+29.3,+21.1,AA	+6.80,+7.9,+21.1,KB	+7.06,-6.3,+19.6,EB	+2.43,+259.0,+20.4,DB	+6.99,-1.0,+19.6,FB	
1701822282.9751887	+6.67,+8.7,+21.0,BB	+6.40,+29.3,+21.2,BA	+6.80,+7.8,+21.1,JB	+7.06,-6.3,+19.6,EB	+2.43,+258.9,+20.4,LB	+6.99,-1.1,+19.6,GB	
1701822344.9848638	+6.67,+8.7,+21.0,BB	+6.40,+29.4,+21.2,EA	+6.80,+7.9,+21.1,KB	+7.06,-6.3,+19.6,EB	+2.43,+259.0,+20.3,CB	+6.99,-1.1,+19.6,GB	
1701822406.9957073	+6.67,+8.7,+21.1,CB	+6.40,+29.5,+21.2,DA	+6.80,+8.0,+21.1,MB	+7.06,-6.3,+19.6,EB	+2.43,+259.0,+20.3,CB	+6.99,-1.0,+19.5,EB	
1701822469.0043757	+6.67,+8.7,+21.1,CB	+6.39,+29.5,+21.2,JA	+6.80,+7.9,+21.1,KB	+7.06,-6.3,+19.6,EB	+2.43,+259.0,+20.3,CB	+6.99,-1.1,+19.6,GB	
1701822531.0127397	+6.67,+8.8,+21.1,LB	+6.39,+29.6,+21.1,JA	+6.80,+7.9,+21.1,KB	+7.06,-6.3,+19.6,EB	+2.43,+259.0,+20.4,DB	+6.99,-1.1,+19.6,GB	
1701822593.0231233	+6.67,+8.7,+21.1,CB	+6.40,+29.4,+21.2,EA	+6.80,+7.9,+21.1,KB	+7.06,-6.3,+19.6,EB	+2.43,+259.1,+20.4,EB	+6.99,-1.0,+19.6,FB	
1701822655.0337057	+6.67,+8.8,+21.1,LB	+6.39,+29.6,+21.2,IA	+6.80,+7.9,+21.1,KB	+7.06,-6.3,+19.6,EB	+2.43,+259.0,+20.3,CB	+6.99,-1.1,+19.6,GB	
1701822717.0416145	+6.67,+8.8,+21.1,LB	+6.39,+29.7,+21.1,KA	+6.80,+7.9,+21.1,KB	+7.06,-6.2,+19.6,DB	+2.43,+259.0,+20.4,DB	+6.99,-1.1,+19.5,DB	
1701822779.0499063	+6.67,+8.7,+21.0,BB	+6.39,+29.7,+21.1,KA	+6.80,+7.9,+21.1,KB	+7.06,-6.3,+19.6,EB	+2.43,+259.1,+20.4,EB	+6.99,-1.1,+19.6,GB	
1701822841.0594268	+6.67,+8.7,+21.1,CB	+6.39,+29.7,+21.2,HA	+6.80,+8.1,+21.1,LB	+7.06,-6.3,+19.6,EB	+2.43,+259.1,+20.3,BB	+6.99,-1.1,+19.6,GB	
1701822903.0662527	+6.67,+8.7,+21.1,CB	+6.39,+29.9,+21.2,FA	+6.80,+7.9,+21.1,KB	+7.06,-6.3,+19.6,EB	+2.44,+258.8,+20.3,MB	+6.99,-1.0,+19.6,FB	
1701822965.0777457	+6.67,+8.8,+21.1,LB	+6.39,+29.7,+21.2,HA	+6.80,+8.0,+21.1,MB	+7.06,-6.3,+19.6,EB	+2.43,+259.2,+20.3,AB	+6.99,-1.0,+19.5,EB	
1701823027.0852683	+6.67,+8.7,+21.1,CB	+6.39,+29.6,+21.2,IA	+6.80,+7.8,+21.1,JB	+7.06,-6.3,+19.6,EB	+2.43,+259.2,+20.4,FB	+6.99,-1.0,+19.6,FB	
1701823089.0915234	+6.67,+8.7,+21.1,CB	+6.39,+29.8,+21.2,GA	+6.80,+7.9,+21.1,KB	+7.06,-6.3,+19.6,EB	+2.43,+259.0,+20.4,DB	+6.99,-1.1,+19.6,GB	
1701823151.1040008	+6.67,+8.7,+21.1,CB	+6.39,+29.8,+21.2,GA	+6.80,+8.0,+21.1,MB	+7.06,-6.3,+19.6,EB	+2.43,+259.1,+20.4,EB	+6.99,-1.1,+19.6,GB	
1701823213.1074915	+6.67,+8.7,+21.1,CB	+6.39,+29.7,+21.2,HA	+6.80,+7.9,+21.1,KB	+7.06,-6.3,+19.6,EB	+2.43,+259.3,+20.4,GB	+6.99,-1.1,+19.6,GB	
1701823275.1158428	+6.67,+8.7,+21.1,CB	+6.39,+29.7,+21.2,HA	+6.80,+7.9,+21.1,KB	+7.06,-6.3,+19.6,EB	+2.43,+259.3,+20.4,GB	+6.99,-1.1,+19.6,GB	
1701823337.124789	+6.67,+8.8,+21.1,LB	+6.39,+29.7,+21.2,HA	+6.80,+7.8,+21.1,JB	+7.06,-6.3,+19.6,EB	+2.43,+259.3,+20.3,@B	+6.99,-1.0,+19.6,FB	
1701823399.132011	+6.67,+8.8,+21.1,LB	+6.39,+29.6,+21.2,IA	+6.80,+7.9,+21.1,KB	+7.06,-6.3,+19.6,EB	+2.43,+259.3,+20.4,GB	+6.99,-1.0,+19.6,FB	
1701823461.139058	+6.67,+8.8,+21.1,LB	+6.39,+29.6,+21.2,IA	+6.80,+7.9,+21.2,HB	+7.06,-6.3,+19.6,EB	+2.43,+259.0,+20.4,DB	+6.99,-1.1,+19.6,GB	
1701823706.6961198	+6.67,+8.8,+21.1,LB	+6.39,+29.6,+21.2,IA	+6.80,+7.8,+21.2,IB	+7.06,-6.3,+19.6,EB	+2.44,+258.8,+20.3,MB	+6.99,-1.1,+19.6,GB	
1701823768.7062154	+6.67,+8.8,+21.1,LB	+6.39,+29.9,+21.2,FA	+6.80,+7.9,+21.2,HB	+7.06,-6.3,+19.7,DB	+2.43,+259.3,+20.4,GB	+6.99,-1.0,+19.6,FB	
1701823830.7118435	+6.67,+8.8,+21.1,LB	+6.39,+30.0,+21.2,GA	+6.80,+7.9,+21.1,KB	+7.06,-6.4,+19.6,BB	+2.43,+259.2,+20.4,FB	+6.99,-1.1,+19.6,GB	
1701823892.71858	+6.67,+8.8,+21.1,LB	+6.39,+30.1,+21.2,FA	+6.80,+7.8,+21.1,JB	+7.06,-6.3,+19.6,EB	+2.43,+259.3,+20.4,GB	+6.99,-1.1,+19.6,GB	
1701823954.7261145	+6.67,+8.8,+21.1,LB	+6.39,+30.0,+21.2,GA	+6.80,+7.9,+21.1,KB	+7.06,-6.3,+19.6,EB	+2.43,+259.2,+20.4,FB	+6.99,-1.1,+19.6,GB	
1701824016.7326038	+6.67,+8.8,+21.1,LB	+6.38,+30.1,+21.2,GA	+6.80,+7.8,+21.2,IB	+7.06,-6.3,+19.7,DB	+2.43,+259.2,+20.4,FB	+6.99,-1.1,+19.6,GB	
1701824078.7428951	+6.67,+8.7,+21.1,CB	+6.39,+29.9,+21.2,FA	+6.80,+7.9,+21.1,KB	+7.06,-6.4,+19.6,BB	+2.43,+259.2,+20.4,FB	+6.99,-1.1,+19.6,GB	
1701824140.7519689	+6.67,+8.6,+21.1,BB	+6.39,+29.9,+21.2,FA	+6.80,+7.8,+21.1,JB	+7.06,-6.3,+19.6,EB	+2.44,+258.8,+20.4,JB	+6.99,-1.1,+19.6,GB	
1701824202.762874	+6.67,+8.6,+21.1,BB	+6.39,+29.8,+21.2,GA	+6.80,+7.9,+21.2,HB	+7.06,-6.3,+19.7,DB	+2.44,+258.8,+20.4,JB	+6.99,-1.1,+19.6,GB	
1701824264.77035	+6.67,+8.6,+21.1,BB	+6.39,+29.7,+21.2,HA	+6.80,+7.9,+21.2,HB	+7.06,-6.3,+19.7,DB	+2.44,+258.7,+20.4,EB	+6.99,-1.1,+19.6,GB	
1701824326.7792232	+6.67,+8.6,+21.1,BB	+6.39,+29.8,+21.2,GA	+6.80,+7.9,+21.1,KB	+7.06,-6.3,+19.7,DB	+2.44,+258.8,+20.4,JB	+6.99,-1.0,+19.6,FB	
1701824388.7889028	+6.67,+8.6,+21.1,BB	+6.39,+29.9,+21.2,FA	+6.80,+7.9,+21.2,HB	+7.06,-6.3,+19.7,DB	+2.44,+258.8,+20.4,JB	+6.99,-1.0,+19.6,FB	
1701824450.7977057	+6.67,+8.6,+21.1,BB	+6.39,+29.7,+21.2,HA	+6.80,+7.8,+21.2,IB	+7.06,-6.4,+19.6,BB	+2.44,+258.8,+20.4,JB	+6.99,-1.0,+19.6,FB	
1701824512.802126	+6.67,+8.6,+21.1,BB	+6.39,+29.5,+21.2,JA	+6.80,+7.9,+21.2,HB	+7.06,-6.3,+19.7,DB	+2.43,+258.9,+20.4,LB	+6.99,-1.1,+19.6,GB	
1701824574.8103814	+6.67,+8.6,+21.1,BB	+6.39,+29.7,+21.2,HA	+6.80,+8.0,+21.2,NB	+7.06,-6.3,+19.6,EB	+2.43,+258.9,+20.4,LB	+6.99,-1.1,+19.6,GB	
1701824636.8198159	+6.67,+8.6,+21.1,BB	+6.39,+29.6,+21.2,IA	+6.80,+7.9,+21.2,HB	+7.06,-6.3,+19.7,DB	+2.43,+258.9,+20.4,LB	+6.99,-1.1,+19.6,GB	
1701824698.8280234	+6.67,+8.6,+21.1,BB	+6.39,+29.6,+21.2,IA	+6.80,+7.8,+21.2,IB	+7.06,-6.3,+19.7,DB	+2.44,+258.9,+20.4,KB	+6.99,-1.0,+19.7,GB	
1701824760.8366568	+6.67,+8.6,+21.1,BB	+6.39,+29.6,+21.2,IA	+6.80,+7.9,+21.2,HB	+7.06,-6.4,+19.7,CB	+2.43,+258.9,+20.4,LB	+6.99,-1.0,+19.6,FB	
1701824822.847779	+6.67,+8.6,+21.1,BB	+6.39,+29.6,+21.2,IA	+6.80,+7.9,+21.2,HB	+7.06,-6.3,+19.7,DB	+2.43,+258.9,+20.4,LB	+6.99,-1.1,+19.6,GB	
1701824884.8579857	+6.67,+8.6,+21.1,BB	+6.39,+29.6,+21.2,IA	+6.80,+7.9,+21.2,HB	+7.06,-6.3,+19.7,DB	+2.43,+258.9,+20.4,LB	+6.99,-1.0,+19.7,GB	
1701824946.8646088	+6.67,+8.6,+21.1,BB	+6.39,+29.6,+21.2,IA	+6.80,+7.8,+21.2,IB	+7.06,-6.3,+19.7,DB	+2.43,+258.9,+20.4,LB	+6.99,-1.1,+19.7,FB	
1701825008.8700686	+6.67,+8.6,+21.1,BB	+6.39,+29.6,+21.2,IA	+6.80,+7.7,+21.2,FB	+7.06,-6.3,+19.7,DB	+2.44,+258.9,+20.4,KB	+6.99,-1.1,+19.7,FB	
1701825070.8800924	+6.67,+8.6,+21.1,BB	+6.40,+29.5,+21.2,DA	+6.80,+7.8,+21.2,IB	+7.06,-6.3,+19.7,DB	+2.43,+258.9,+20.4,LB	+6.99,-1.1,+19.7,FB	
1701825132.8881934	+6.67,+8.5,+21.1,AB	+6.39,+29.6,+21.2,IA	+6.80,+7.8,+21.2,IB	+7.06,-6.3,+19.7,DB	+2.43,+258.9,+20.4,LB	+6.99,-1.1,+19.7,FB	
1701825194.897116	+6.67,+8.5,+21.2,BB	+6.40,+29.4,+21.2,EA	+6.80,+8.0,+21.2,NB	+7.07,-6.4,+19.7,BB	+2.44,+258.8,+20.4,JB	+6.99,-1.1,+19.7,FB	
1701825256.906413	+6.67,+8.6,+21.1,BB	+6.40,+29.4,+21.2,EA	+6.80,+7.9,+21.2,HB	+7.07,-6.4,+19.7,BB	+2.43,+258.9,+20.4,LB	+6.99,-1.1,+19.6,GB	
1701825318.916082	+6.67,+8.5,+21.1,AB	+6.40,+29.5,+21.2,DA	+6.80,+8.0,+21.2,NB	+7.06,-6.4,+19.7,CB	+2.43,+258.9,+20.4,LB	+6.99,-1.1,+19.6,GB	
1701825380.9252827	+6.67,+8.6,+21.1,BB	+6.39,+29.5,+21.2,JA	+6.80,+7.9,+21.2,HB	+7.06,-6.3,+19.7,DB	+2.44,+258.7,+20.4,EB	+6.99,-1.1,+19.7,FB	
1701825442.9343355	+6.67,+8.6,+21.1,BB	+6.39,+29.6,+21.2,IA	+6.80,+7.8,+21.2,IB	+7.06,-6.3,+19.7,DB	+2.44,+258.8,+20.4,JB	+6.99,-1.1,+19.7,FB	
1701825504.9439754	+6.67,+8.5,+21.2,BB	+6.40,+29.5,+21.2,DA	+6.80,+7.8,+21.2,IB	+7.06,-6.4,+19.7,CB	+2.44,+258.8,+20.4,JB	+6.99,-1.1,+19.7,FB	
1701825566.950429	+6.67,+8.5,+21.2,BB	+6.39,+29.6,+21.2,IA	+6.80,+7.8,+21.2,IB	+7.06,-6.4,+19.7,CB	+2.44,+258.8,+20.4,JB	+6.99,-1.1,+19.7,FB	
1701825628.9587235	+6.67,+8.5,+21.2,BB	+6.40,+29.5,+21.3,EA	+6.80,+7.8,+21.2,IB	+7.06,-6.3,+19.7,DB	+2.44,+258.7,+20.4,EB	+6.99,-1.1,+19.7,FB	
1701825690.965856	+6.67,+8.6,+21.2,AB	+6.39,+29.6,+21.2,IA	+6.80,+7.9,+21.2,HB	+7.06,-6.3,+19.7,DB	+2.44,+258.7,+20.4,EB	+6.99,-1.1,+19.7,FB	
1701825752.974781	+6.67,+8.6,+21.2,AB	+6.40,+29.4,+21.3,DA	+6.80,+7.8,+21.2,IB	+7.06,-6.4,+19.7,CB	+2.44,+258.7,+20.4,EB	+6.99,-1.1,+19.7,FB	
1701825814.9832315	+6.67,+8.6,+21.2,AB	+6.40,+29.5,+21.3,EA	+6.80,+7.9,+21.2,HB	+7.06,-6.3,+19.7,DB	+2.44,+258.7,+20.4,EB	+6.99,-1.1,+19.7,FB	
1701825876.9936602	+6.67,+8.6,+21.2,AB	+6.40,+29.5,+21.2,DA	+6.80,+7.9,+21.2,HB	+7.06,-6.3,+19.7,DB	+2.44,+258.6,+20.4,DB	+6.99,-1.1,+19.7,FB	
1701825939.0018072	+6.67,+8.5,+21.2,BB	+6.40,+29.4,+21.3,DA	+6.80,+7.8,+21.2,IB	+7.06,-6.4,+19.7,CB	+2.44,+258.6,+20.4,DB	+6.99,-1.1,+19.7,FB	
1701826001.004158	+6.67,+8.6,+21.2,AB	+6.40,+29.5,+21.3,EA	+6.80,+7.7,+21.2,FB	+7.06,-6.3,+19.7,DB	+2.44,+258.7,+20.4,EB	+6.99,-1.1,+19.7,FB	
1701826063.0101132	+6.67,+8.7,+21.2,@B	+6.40,+29.3,+21.3,CA	+6.80,+7.8,+21.2,IB	+7.06,-6.4,+19.7,CB	+2.44,+258.5,+20.4,GB	+6.99,-1.1,+19.7,FB	
1701826125.0159125	+6.67,+8.6,+21.2,AB	+6.40,+29.3,+21.3,CA	+6.80,+7.8,+21.3,HB	+7.06,-6.4,+19.7,CB	+2.44,+258.7,+20.4,EB	+6.99,-1.1,+19.7,FB	
1701826187.0259538	+6.67,+8.6,+21.2,AB	+6.40,+29.4,+21.3,DA	+6.80,+7.8,+21.2,IB	+7.06,-6.4,+19.7,CB	+2.44,+258.7,+20.4,EB	+6.99,-1.1,+19.7,FB	
1701826249.0352526	+6.67,+8.6,+21.2,AB	+6.40,+29.3,+21.3,CA	+6.80,+7.8,+21.3,HB	+7.06,-6.4,+19.7,CB	+2.44,+258.7,+20.4,EB	+6.99,-1.1,+19.7,FB	
1701826311.043285	+6.67,+8.6,+21.2,AB	+6.40,+29.4,+21.3,DA	+6.80,+7.8,+21.3,HB	+7.06,-6.4,+19.7,CB	+2.44,+258.7,+20.4,EB	+6.99,-1.1,+19.7,FB	
1701826373.0514114	+6.67,+8.7,+21.2,@B	+6.40,+29.3,+21.3,CA	+6.80,+7.9,+21.2,HB	+7.07,-6.5,+19.7,CB	+2.44,+258.7,+20.4,EB	+6.99,-1.1,+19.7,FB	
1701826435.0604386	+6.67,+8.7,+21.2,@B	+6.40,+29.4,+21.3,DA	+6.80,+7.8,+21.3,HB	+7.06,-6.4,+19.8,LB	+2.44,+258.7,+20.4,EB	+6.99,-1.0,+19.7,GB	
1701826497.0671997	+6.67,+8.7,+21.2,@B	+6.40,+29.3,+21.3,CA	+6.80,+7.8,+21.3,HB	+7.07,-6.4,+19.7,BB	+2.44,+258.8,+20.4,JB	+6.99,-1.0,+19.7,GB	
1701826559.0739813	+6.67,+8.7,+21.2,@B	+6.40,+29.3,+21.3,CA	+6.80,+7.8,+21.3,HB	+7.07,-6.4,+19.7,BB	+2.44,+258.9,+20.4,KB	+6.99,-1.0,+19.7,GB	
1701826621.0829012	+6.67,+8.7,+21.2,@B	+6.40,+29.3,+21.3,CA	+6.80,+7.9,+21.3,IB	+7.06,-6.4,+19.8,LB	+2.44,+258.9,+20.4,KB	+6.99,-1.1,+19.7,FB	
1701826683.0925019	+6.67,+8.7,+21.2,@B	+6.40,+29.3,+21.3,CA	+6.80,+7.8,+21.2,IB	+7.06,-6.3,+19.8,KB	+2.44,+258.7,+20.4,EB	+6.99,-1.1,+19.7,FB	
1701826745.101508	+6.67,+8.7,+21.2,@B	+6.40,+29.2,+21.3,BA	+6.80,+7.8,+21.2,IB	+7.06,-6.4,+19.8,LB	+2.44,+258.8,+20.4,JB	+6.99,-1.1,+19.7,FB	
1701826807.1072922	+6.67,+8.6,+21.2,AB	+6.40,+29.2,+21.3,BA	+6.80,+7.8,+21.2,IB	+7.07,-6.4,+19.8,MB	+2.44,+258.9,+20.4,KB	+6.99,-1.1,+19.7,FB	
1701826869.1143835	+6.67,+8.7,+21.2,@B	+6.40,+29.4,+21.3,DA	+6.80,+7.9,+21.3,IB	+7.06,-6.3,+19.8,KB	+2.44,+258.9,+20.4,KB	+6.99,-1.1,+19.7,FB	
1701826931.1255295	+6.67,+8.7,+21.2,@B	+6.40,+29.5,+21.3,EA	+6.80,+7.8,+21.3,HB	+7.06,-6.3,+19.8,KB	+2.44,+258.9,+20.5,JB	+6.99,-1.1,+19.7,FB	
1701826993.132378	+6.67,+8.7,+21.2,@B	+6.40,+29.4,+21.3,DA	+6.80,+7.7,+21.3,GB	+7.07,-6.5,+19.8,LB	+2.44,+258.8,+20.4,JB	+6.99,-1.1,+19.8,IB	
1701827055.1366963	+6.67,+8.7,+21.2,@B	+6.39,+29.6,+21.3,HA	+6.80,+7.7,+21.3,GB	+7.06,-6.4,+19.8,LB	+2.44,+258.8,+20.5,KB	+6.99,-1.1,+19.8,IB	
1701827117.1463926	+6.67,+8.7,+21.2,@B	+6.39,+29.5,+21.3,KA	+6.80,+7.7,+21.3,GB	+7.06,-6.3,+19.8,KB	+2.44,+258.9,+20.4,KB	+6.99,-1.1,+19.8,IB	
1701827179.1557987	+6.67,+8.7,+21.2,@B	+6.39,+29.6,+21.3,HA	+6.80,+7.7,+21.3,GB	+7.06,-6.4,+19.8,LB	+2.44,+258.6,+20.4,DB	+6.99,-1.1,+19.8,IB	
1701827241.1653757	+6.67,+8.7,+21.3,AB	+6.39,+29.6,+21.3,HA	+6.81,+7.7,+21.3,FB	+7.06,-6.4,+19.8,LB	+2.44,+258.7,+20.4,EB	+6.99,-1.1,+19.8,IB	
1701827303.174908	+6.67,+8.7,+21.2,@B	+6.40,+29.5,+21.3,EA	+6.80,+7.7,+21.3,GB	+7.07,-6.4,+19.8,MB	+2.44,+258.8,+20.4,JB	+6.99,-1.1,+19.8,IB	
1701827548.7483084	+6.67,+8.7,+21.2,@B	+6.40,+29.5,+21.3,EA	+6.80,+7.8,+21.3,HB	+7.06,-6.4,+19.8,LB	+2.44,+258.5,+20.5,FB	+6.99,-1.1,+19.8,IB	
1701827610.7560792	+6.67,+8.7,+21.3,AB	+6.40,+29.3,+21.3,CA	+6.80,+7.8,+21.3,HB	+7.07,-6.5,+19.8,LB	+2.43,+259.0,+20.5,EB	+6.99,-1.1,+19.8,IB	
1701827672.7640717	+6.67,+8.7,+21.2,@B	+6.40,+29.3,+21.3,CA	+6.80,+7.8,+21.3,HB	+7.07,-6.5,+19.8,LB	+2.43,+259.0,+20.5,EB	+6.99,-1.1,+19.8,IB	
1701827734.772681	+6.67,+8.7,+21.3,AB	+6.39,+29.5,+21.3,KA	+6.80,+7.7,+21.3,GB	+7.06,-6.4,+19.8,LB	+2.43,+259.1,+20.5,DB	+6.99,-1.1,+19.8,IB	
1701827796.7823997	+6.67,+8.7,+21.3,AB	+6.40,+29.4,+21.3,DA	+6.80,+7.7,+21.3,GB	+7.07,-6.5,+19.8,LB	+2.43,+259.2,+20.5,GB	+6.99,-1.1,+19.8,IB	
1701827858.7926753	+6.67,+8.7,+21.3,AB	+6.40,+29.4,+21.3,DA	+6.81,+7.6,+21.3,GB	+7.06,-6.3,+19.8,KB	+2.43,+259.1,+20.5,DB	+6.99,-1.1,+19.8,IB	
1701827920.8016138	+6.67,+8.7,+21.3,AB	+6.40,+29.3,+21.3,CA	+6.80,+7.7,+21.3,GB	+7.06,-6.4,+19.8,LB	+2.43,+259.2,+20.5,GB	+6.99,-1.1,+19.8,IB	
1701827982.8089547	+6.67,+8.7,+21.3,AB	+6.40,+29.4,+21.3,DA	+6.81,+7.7,+21.3,FB	+7.06,-6.4,+19.8,LB	+2.43,+259.1,+20.5,DB	+6.99,-1.1,+19.8,IB	
1701828044.8156152	+6.67,+8.7,+21.3,AB	+6.40,+29.5,+21.4,BA	+6.81,+7.7,+21.3,FB	+7.06,-6.4,+19.8,LB	+2.43,+259.1,+20.5,DB	+6.99,-1.1,+19.8,IB	
1701828106.8237853	+6.67,+8.7,+21.3,AB	+6.40,+29.4,+21.3,DA	+6.81,+7.6,+21.3,GB	+7.06,-6.3,+19.8,KB	+2.43,+259.2,+20.5,GB	+6.99,-1.1,+19.8,IB	
1701828168.8276246	+6.67,+8.7,+21.3,AB	+6.40,+29.5,+21.3,EA	+6.80,+7.7,+21.3,GB	+7.06,-6.3,+19.8,KB	+2.43,+259.4,+20.5,AB	+6.99,-1.1,+19.8,IB	
1701828230.8327742	+6.67,+8.7,+21.3,AB	+6.40,+29.3,+21.3,CA	+6.81,+7.6,+21.3,GB	+7.06,-6.4,+19.8,LB	+2.43,+259.5,+20.5,@B	+6.99,-1.2,+19.8,JB	
1701828292.8431587	+6.67,+8.7,+21.3,AB	+6.40,+29.4,+21.4,CA	+6.80,+7.8,+21.3,HB	+7.06,-6.3,+19.8,KB	+2.43,+259.4,+20.5,AB	+6.99,-1.1,+19.8,IB	
1701828354.8521717	+6.67,+8.7,+21.3,AB	+6.40,+29.5,+21.4,BA	+6.80,+7.8,+21.3,HB	+7.06,-6.4,+19.8,LB	+2.43,+259.4,+20.5,AB	+6.99,-1.1,+19.8,IB	
1701828416.8608267	+6.67,+8.7,+21.3,AB	+6.40,+29.4,+21.4,CA	+6.80,+7.7,+21.3,GB	+7.06,-6.4,+19.8,LB	+2.42,+259.6,+20.5,BB	+6.99,-1.1,+19.8,IB	
1701828478.8726614	+6.67,+8.7,+21.3,AB	+6.40,+29.5,+21.4,BA	+6.81,+7.6,+21.4,@B	+7.06,-6.4,+19.8,LB	+2.42,+259.6,+20.5,BB	+6.99,-1.2,+19.8,JB	
1701828540.8835325	+6.67,+8.7,+21.3,AB	+6.40,+29.5,+21.4,BA	+6.80,+7.8,+21.4,OB	+7.06,-6.3,+19.8,KB	+2.42,+259.6,+20.5,BB	+6.99,-1.1,+19.8,IB	
1701828602.888273	+6.67,+8.7,+21.3,AB	+6.40,+29.5,+21.4,BA	+6.80,+7.7,+21.4,@B	+7.06,-6.3,+19.9,JB	+2.43,+259.4,+20.5,AB	+6.99,-1.1,+19.8,IB	
1701828664.8984323	+6.67,+8.7,+21.3,AB	+6.40,+29.4,+21.4,CA	+6.81,+7.7,+21.4,AB	+7.07,-6.5,+19.9,MB	+2.43,+259.3,+20.5,FB	+6.99,-1.1,+19.9,HB	
1701828726.9042873	+6.67,+8.7,+21.3,AB	+6.40,+29.4,+21.4,CA	+6.81,+7.6,+21.4,@B	+7.07,-6.4,+19.9,LB	+2.43,+259.1,+20.5,DB	+6.99,-1.1,+19.9,HB	
1701828788.911628	+6.67,+8.8,+21.3,NB	+6.40,+29.5,+21.4,BA	+6.80,+7.7,+21.4,@B	+7.06,-6.4,+19.9,MB	+2.43,+259.4,+20.5,AB	+6.99,-1.1,+19.8,IB	
1701828850.9229524	+6.67,+8.7,+21.3,AB	+6.40,+29.4,+21.4,CA	+6.80,+7.7,+21.4,@B	+7.07,-6.4,+19.9,LB	+2.43,+259.4,+20.5,AB	+6.99,-1.1,+19.9,HB	
1701828912.9294665	+6.67,+8.7,+21.3,AB	+6.40,+29.4,+21.4,CA	+6.81,+7.6,+21.4,@B	+7.06,-6.3,+19.9,JB	+2.43,+259.4,+20.5,AB	+6.99,-1.1,+19.9,HB	
1701828974.9389105	+6.67,+8.7,+21.3,AB	+6.40,+29.4,+21.4,CA	+6.81,+7.6,+21.4,@B	+7.07,-6.4,+19.9,LB	+2.43,+259.4,+20.5,AB	+6.99,-1.1,+19.9,HB	
1701829036.9477994	+6.67,+8.7,+21.3,AB	+6.40,+29.4,+21.4,CA	+6.80,+7.7,+21.4,@B	+7.07,-6.5,+19.9,MB	+2.43,+259.5,+20.5,@B	+6.99,-1.1,+19.9,HB	
1701829098.9579272	+6.67,+8.7,+21.3,AB	+6.40,+29.4,+21.4,CA	+6.80,+7.7,+21.4,@B	+7.07,-6.4,+19.9,LB	+2.43,+259.5,+20.5,@B	+6.99,-1.1,+19.9,HB	
1701829160.9660728	+6.67,+8.7,+21.3,AB	+6.40,+29.3,+21.4,DA	+6.80,+7.7,+21.4,@B	+7.07,-6.5,+19.9,MB	+2.43,+259.6,+20.5,CB	+6.99,-1.1,+19.9,HB	
1701829222.9748213	+6.67,+8.7,+21.3,AB	+6.40,+29.3,+21.4,DA	+6.81,+7.5,+21.4,CB	+7.06,-6.4,+19.9,MB	+2.43,+259.5,+20.5,@B	+6.99,-1.1,+19.9,HB	
1701829284.9853015	+6.67,+8.7,+21.3,AB	+6.40,+29.2,+21.4,EA	+6.81,+7.6,+21.4,@B	+7.06,-6.4,+19.9,MB	+2.42,+259.6,+20.5,BB	+6.99,-1.1,+19.9,HB	
1701829346.992386	+6.67,+8.7,+21.4,FB	+6.40,+29.3,+21.4,DA	+6.81,+7.5,+21.4,CB	+7.06,-6.4,+19.9,MB	+2.42,+259.6,+20.5,BB	+6.99,-1.1,+19.9,HB	
1701829409.00105	+6.67,+8.7,+21.3,AB	+6.40,+29.3,+21.4,DA	+6.80,+7.7,+21.4,@B	+7.06,-6.4,+19.9,MB	+2.42,+259.7,+20.5,CB	+6.99,-1.1,+19.9,HB	
1701829471.0090756	+6.67,+8.7,+21.3,AB	+6.40,+29.4,+21.4,CA	+6.81,+7.7,+21.4,AB	+7.06,-6.3,+19.9,JB	+2.43,+259.1,+20.6,GB	+6.99,-1.2,+19.9,KB	
1701829533.0185614	+6.67,+8.7,+21.4,FB	+6.40,+29.3,+21.4,DA	+6.81,+7.6,+21.4,@B	+7.06,-6.4,+19.9,MB	+2.43,+259.1,+20.5,DB	+6.99,-1.1,+19.9,HB	
1701829595.0266562	+6.67,+8.7,+21.3,AB	+6.40,+29.4,+21.4,CA	+6.81,+7.7,+21.4,AB	+7.06,-6.4,+19.9,MB	+2.44,+258.7,+20.5,DB	+6.99,-1.1,+19.9,HB	
1701829657.0355427	+6.67,+8.7,+21.3,AB	+6.40,+29.4,+21.4,CA	+6.81,+7.6,+21.4,@B	+7.06,-6.4,+19.9,MB	+2.44,+258.6,+20.5,EB	+6.99,-1.1,+19.9,HB	
1701829719.0439222	+6.67,+8.8,+21.4,IB	+6.40,+29.5,+21.4,BA	+6.81,+7.6,+21.4,@B	+7.06,-6.4,+19.9,MB	+2.44,+258.6,+20.5,EB	+6.99,-1.1,+19.9,HB	
1701829781.0505326	+6.67,+8.7,+21.4,FB	+6.40,+29.3,+21.5,EA	+6.81,+7.6,+21.4,@B	+7.07,-6.5,+19.9,MB	+2.44,+258.6,+20.5,EB	+6.99,-1.0,+19.9,IB	
1701829843.059344	+6.67,+8.8,+21.4,IB	+6.40,+29.3,+21.5,EA	+6.81,+7.5,+21.4,CB	+7.07,-6.5,+19.9,MB	+2.44,+258.6,+20.5,EB	+6.99,-1.1,+19.9,HB	
1701829905.0692902	+6.67,+8.7,+21.4,FB	+6.40,+29.4,+21.5,BA	+6.81,+7.6,+21.4,@B	+7.06,-6.4,+19.9,MB	+2.44,+258.5,+20.5,FB	+6.99,-1.1,+19.9,HB	
1701829967.0775616	+6.67,+8.7,+21.4,FB	+6.40,+29.3,+21.5,EA	+6.81,+7.5,+21.4,CB	+7.07,-6.5,+20.0,NB	+2.44,+258.5,+20.5,FB	+6.99,-1.1,+19.9,HB	
1701830029.0871923	+6.67,+8.7,+21.4,FB	+6.40,+29.3,+21.5,EA	+6.81,+7.6,+21.4,@B	+7.07,-6.5,+19.9,MB	+2.44,+258.5,+20.5,FB	+6.99,-1.1,+19.9,HB	
1701830091.0964746	+6.67,+8.7,+21.4,FB	+6.40,+29.4,+21.5,BA	+6.81,+7.5,+21.5,BB	+7.07,-6.4,+20.0,OB	+2.44,+258.5,+20.5,FB	+6.99,-1.1,+19.9,HB	
1701830153.1061847	+6.67,+8.7,+21.4,FB	+6.40,+29.3,+21.5,EA	+6.81,+7.5,+21.4,CB	+7.07,-6.5,+20.0,NB	+2.44,+258.5,+20.6,EB	+6.99,-1.1,+19.9,HB	
1701830215.1156442	+6.67,+8.7,+21.4,FB	+6.40,+29.5,+21.5,CA	+6.81,+7.5,+21.4,CB	+7.06,-6.4,+19.9,MB	+2.44,+258.5,+20.5,FB	+6.99,-1.1,+19.9,HB	
1701830277.125164	+6.67,+8.7,+21.4,FB	+6.40,+29.2,+21.5,DA	+6.81,+7.6,+21.4,@B	+7.07,-6.5,+20.0,NB	+2.44,+258.5,+20.6,EB	+6.99,-1.1,+19.9,HB	
1701830339.1344633	+6.67,+8.6,+21.4,GB	+6.40,+29.3,+21.5,EA	+6.81,+7.5,+21.4,CB	+7.07,-6.4,+20.0,OB	+2.44,+258.5,+20.6,EB	+6.99,-1.2,+20.0,HB	
1701830401.1442423	+6.68,+8.5,+21.4,KB	+6.40,+29.2,+21.5,DA	+6.81,+7.5,+21.5,BB	+7.07,-6.4,+20.0,OB	+2.44,+258.5,+20.6,EB	+6.99,-1.1,+20.0,KB	
1701830463.153677	+6.68,+8.5,+21.4,KB	+6.40,+29.2,+21.5,DA	+6.81,+7.5,+21.5,BB	+7.06,-6.4,+20.0,NB	+2.44,+258.5,+20.6,EB	+6.99,-1.1,+20.0,KB	
1701830525.1640801	+6.67,+8.5,+21.4,DB	+6.40,+29.1,+21.5,GA	+6.81,+7.6,+21.5,AB	+7.07,-6.4,+20.0,OB	+2.44,+258.5,+20.6,EB	+6.99,-1.1,+20.0,KB	
1701830587.1705606	+6.68,+8.5,+21.4,KB	+6.40,+29.2,+21.5,DA	+6.81,+7.6,+21.4,@B	+7.07,-6.5,+20.0,NB	+2.44,+258.5,+20.6,EB	+6.99,-1.2,+20.0,HB	
1701830649.1784952	+6.67,+8.6,+21.4,GB	+6.40,+29.3,+21.5,EA	+6.81,+7.6,+21.4,@B	+7.06,-6.4,+20.0,NB	+2.44,+258.5,+20.6,EB	+6.99,-1.2,+20.0,HB	
1701830711.190543	+6.67,+8.6,+21.4,GB	+6.40,+29.1,+21.5,GA	+6.81,+7.5,+21.5,BB	+7.07,-6.5,+20.0,NB	+2.45,+258.4,+20.6,EB	+6.99,-1.1,+20.0,KB	
1701830773.2003515	+6.67,+8.5,+21.4,DB	+6.40,+29.3,+21.5,EA	+6.81,+7.5,+21.5,BB	+7.07,-6.5,+20.0,NB	+2.45,+258.4,+20.6,EB	+6.99,-1.1,+20.0,KB	
1701830835.2090378	+6.68,+8.5,+21.4,KB	+6.40,+29.2,+21.5,DA	+6.81,+7.5,+21.5,BB	+7.06,-6.4,+20.0,NB	+2.45,+258.5,+20.6,DB	+6.99,-1.1,+20.0,KB	
1701830897.218903	+6.67,+8.6,+21.4,GB	+6.40,+29.0,+21.5,FA	+6.81,+7.5,+21.5,BB	+7.06,-6.4,+20.0,NB	+2.44,+258.5,+20.6,EB	+6.99,-1.2,+20.0,HB	
1701830959.2280512	+6.67,+8.6,+21.4,GB	+6.40,+29.0,+21.5,FA	+6.81,+7.4,+21.5,CB	+7.06,-6.4,+20.0,NB	+2.45,+258.5,+20.6,DB	+6.99,-1.1,+20.0,KB	
1701831021.2368214	+6.68,+8.5,+21.4,KB	+6.40,+29.1,+21.5,GA	+6.81,+7.6,+21.5,AB	+7.06,-6.4,+20.0,NB	+2.45,+258.4,+20.6,EB	+6.99,-1.1,+20.0,KB	
1701831083.2467573	+6.68,+8.5,+21.4,KB	+6.40,+29.0,+21.5,FA	+6.81,+7.5,+21.5,BB	+7.06,-6.4,+20.0,NB	+2.45,+258.5,+20.6,DB	+6.99,-1.1,+20.0,KB	
1701831145.2568088	+6.67,+8.5,+21.4,DB	+6.41,+28.9,+21.5,OA	+6.81,+7.5,+21.5,BB	+7.06,-6.4,+20.0,NB	+3.33,+207.7,+20.6,LB	+6.99,-1.1,+20.0,KB	
1701831390.8883362	+6.68,+8.5,+21.4,KB	+6.41,+28.9,+21.5,OA	+6.81,+7.5,+21.5,BB	+7.07,-6.5,+20.0,NB	+7.81,-50.0,+20.6,@A	+6.99,-1.1,+20.0,KB	
1701831452.8966603	+6.67,+8.6,+21.4,GB	+6.41,+28.9,+21.5,OA	+6.81,+7.5,+21.5,BB	+7.07,-6.4,+20.0,OB	+7.12,-10.1,+20.6,OA	+6.99,-1.2,+20.0,HB	
1701831514.9066663	+6.68,+8.5,+21.4,KB	+6.41,+28.8,+21.5,NA	+6.81,+7.6,+21.5,AB	+7.07,-6.5,+20.0,NB	+6.72,+12.8,+20.6,EA	+6.99,-1.1,+20.0,KB	
1701831576.916364	+6.67,+8.5,+21.5,EB	+6.41,+28.9,+21.6,LA	+6.81,+7.5,+21.5,BB	+7.07,-6.5,+20.0,NB	+6.71,+13.5,+20.6,JA	+6.99,-1.1,+20.0,KB	
1701831638.9261315	+6.67,+8.6,+21.5,FB	+6.41,+28.9,+21.6,LA	+6.81,+7.5,+21.5,BB	+7.07,-6.5,+20.0,NB	+6.70,+13.7,+20.6,IA	+6.99,-1.2,+20.0,HB	
1701831700.936012	+6.67,+8.5,+21.5,EB	+6.41,+28.9,+21.5,OA	+6.81,+7.5,+21.5,BB	+7.07,-6.4,+20.0,OB	+6.70,+14.0,+20.6,IA	+6.99,-1.1,+20.1,JB	
1701831762.9460526	+6.67,+8.6,+21.5,FB	+6.41,+29.0,+21.6,DA	+6.81,+7.4,+21.6,@B	+7.06,-6.4,+20.0,NB	+6.69,+14.2,+20.6,CA	+6.99,-1.1,+20.0,KB	
1701831824.9564288	+6.68,+8.5,+21.5,JB	+6.40,+29.0,+21.6,EA	+6.81,+7.4,+21.5,CB	+7.06,-6.4,+20.0,NB	+6.69,+14.2,+20.6,CA	+6.99,-1.1,+20.0,KB	
1701831886.9653225	+6.67,+8.5,+21.5,EB	+6.41,+28.9,+21.6,LA	+6.81,+7.5,+21.5,BB	+7.07,-6.6,+20.1,LB	+6.69,+14.2,+20.6,CA	+6.99,-1.2,+20.1,IB	
1701831948.9749866	+6.68,+8.5,+21.5,JB	+6.40,+29.0,+21.6,EA	+6.81,+7.5,+21.5,BB	+7.07,-6.5,+20.1,OB	+6.69,+14.4,+20.7,DA	+6.99,-1.2,+20.1,IB	
1701832010.9825888	+6.68,+8.5,+21.5,JB	+6.41,+29.0,+21.6,DA	+6.81,+7.5,+21.5,BB	+7.07,-6.4,+20.0,OB	+6.69,+14.3,+20.6,BA	+6.99,-1.1,+20.1,JB	
1701832072.9907243	+6.67,+8.6,+21.5,FB	+6.41,+29.0,+21.6,DA	+6.81,+7.5,+21.6,AB	+7.07,-6.5,+20.1,OB	+6.69,+14.4,+20.6,EA	+6.99,-1.2,+20.1,IB	
1701832134.9995928	+6.67,+8.5,+21.5,EB	+6.41,+29.0,+21.6,DA	+6.81,+7.5,+21.6,AB	+7.06,-6.4,+20.1,OB	+6.69,+14.2,+20.6,CA	+6.99,-1.2,+20.1,IB	
1701832197.0093122	+6.67,+8.7,+21.5,GB	+6.40,+29.0,+21.6,EA	+6.81,+7.5,+21.6,AB	+7.07,-6.5,+20.1,OB	+6.69,+14.2,+20.7,BA	+6.99,-1.2,+20.1,IB	
1701832259.0188243	+6.67,+8.7,+21.5,GB	+6.40,+29.0,+21.6,EA	+6.81,+7.5,+21.6,AB	+7.07,-6.4,+20.0,OB	+6.69,+14.1,+20.6,@A	+6.99,-1.1,+20.1,JB	
1701832321.0252066	+6.67,+8.6,+21.5,FB	+6.41,+28.9,+21.6,LA	+6.81,+7.3,+21.5,DB	+7.07,-6.5,+20.1,OB	+6.69,+14.1,+20.7,AA	+6.99,-1.2,+20.1,IB	
1701832383.0332816	+6.67,+8.6,+21.5,FB	+6.40,+29.1,+21.6,DA	+6.81,+7.4,+21.6,@B	+7.07,-6.5,+20.1,OB	+6.70,+14.0,+20.7,HA	+6.99,-1.2,+20.1,IB	
1701832445.0411136	+6.67,+8.6,+21.5,FB	+6.40,+29.0,+21.6,EA	+6.81,+7.4,+21.6,@B	+7.07,-6.5,+20.1,OB	+6.70,+13.8,+20.7,GA	+6.99,-1.2,+20.1,IB	
1701832507.0485132	+6.67,+8.6,+21.5,FB	+6.40,+29.1,+21.6,DA	+6.81,+7.5,+21.6,AB	+7.06,-6.4,+20.1,OB	+6.71,+13.3,+20.6,LA	+6.99,-1.1,+20.0,KB	
1701832569.0565012	+6.67,+8.6,+21.5,FB	+6.40,+29.1,+21.6,DA	+6.81,+7.5,+21.5,BB	+7.06,-6.4,+20.1,OB	+6.72,+12.9,+20.7,EA	+6.99,-1.1,+20.1,JB	
1701832631.0666876	+6.67,+8.6,+21.5,FB	+6.40,+29.2,+21.6,GA	+6.81,+7.3,+21.6,GB	+7.07,-6.4,+20.1,NB	+6.73,+12.3,+20.7,NA	+6.99,-1.1,+20.1,JB	
1701832693.076691	+6.67,+8.6,+21.5,FB	+6.40,+29.1,+21.6,DA	+6.81,+7.5,+21.6,AB	+7.07,-6.5,+20.1,OB	+6.74,+11.7,+20.7,NA	+6.99,-1.2,+20.1,IB	
1701832755.085586	+6.67,+8.6,+21.5,FB	+6.40,+29.1,+21.6,DA	+6.81,+7.4,+21.6,@B	+7.06,-6.4,+20.1,OB	+6.76,+10.6,+20.7,LA	+6.99,-1.1,+20.1,JB	
1701832817.0943758	+6.67,+8.7,+21.5,GB	+6.40,+29.1,+21.6,DA	+6.81,+7.4,+21.6,@B	+7.07,-6.5,+20.1,OB	+6.78,+9.5,+20.7,IB	+6.99,-1.1,+20.1,JB	
1701832879.09987	+6.67,+8.6,+21.5,FB	+6.40,+29.1,+21.6,DA	+6.81,+7.4,+21.6,@B	+7.07,-6.5,+20.1,OB	+6.80,+8.0,+20.7,JB	+6.99,-1.1,+20.1,JB	
1701832941.10905	+6.67,+8.6,+21.5,FB	+6.40,+29.1,+21.6,DA	+6.81,+7.3,+21.6,GB	+7.06,-6.4,+20.1,OB	+6.82,+6.9,+20.7,OB	+6.99,-1.2,+20.1,IB	
1701833003.1174583	+6.67,+8.6,+21.5,FB	+6.40,+29.1,+21.6,DA	+6.81,+7.3,+21.6,GB	+7.07,-6.5,+20.1,OB	+6.84,+5.5,+20.7,FB	+6.99,-1.2,+20.1,IB	
1701833065.127612	+6.67,+8.6,+21.5,FB	+6.40,+29.1,+21.6,DA	+6.81,+7.5,+21.6,AB	+7.07,-6.5,+20.1,OB	+6.88,+3.7,+20.7,NB	+6.99,-1.2,+20.1,IB	
1701833127.1368933	+6.67,+8.7,+21.6,DB	+6.40,+29.3,+21.6,FA	+6.81,+7.4,+21.6,@B	+7.07,-6.6,+20.1,LB	+6.90,+2.2,+20.7,CB	+6.99,-1.2,+20.1,IB	
1701833189.145458	+6.67,+8.6,+21.5,FB	+6.40,+29.3,+21.6,FA	+6.81,+7.4,+21.6,@B	+7.07,-6.5,+20.1,OB	+6.93,+0.7,+20.7,GB	+6.99,-1.2,+20.1,IB	
1701833251.1542823	+6.67,+8.6,+21.5,FB	+6.40,+29.2,+21.6,GA	+6.81,+7.4,+21.6,@B	+7.07,-6.5,+20.1,OB	+6.95,-0.8,+20.7,HB	+6.99,-1.2,+20.1,IB	
1701833313.1633554	+6.67,+8.6,+21.5,FB	+6.40,+29.2,+21.6,GA	+6.81,+7.3,+21.6,GB	+7.07,-6.5,+20.1,OB	+6.98,-2.2,+20.7,MB	+6.99,-1.2,+20.1,IB	
1701833375.1731253	+6.67,+8.6,+21.5,FB	+6.40,+29.2,+21.6,GA	+6.81,+7.4,+21.6,@B	+7.07,-6.5,+20.1,OB	+7.00,-3.7,+20.7,IB	+6.99,-1.1,+20.1,JB	
1701833437.1817179	+6.67,+8.6,+21.6,EB	+6.40,+29.4,+21.6,AA	+6.81,+7.4,+21.6,@B	+7.07,-6.5,+20.1,OB	+7.02,-4.5,+20.7,NB	+6.99,-1.2,+20.1,IB	
1701833499.1914434	+6.67,+8.7,+21.5,GB	+6.40,+29.2,+21.6,GA	+6.81,+7.3,+21.6,GB	+7.07,-6.5,+20.1,OB	+7.04,-5.6,+20.7,JB	+6.99,-1.1,+20.1,JB	
1701833561.2009609	+6.67,+8.7,+21.6,DB	+6.40,+29.3,+21.6,FA	+6.81,+7.3,+21.6,GB	+7.07,-6.5,+20.1,OB	+7.05,-6.6,+20.7,HB	+6.99,-1.1,+20.1,JB	
1701833623.2086217	+6.67,+8.7,+21.6,DB	+6.40,+29.2,+21.6,GA	+6.81,+7.4,+21.6,@B	+7.07,-6.5,+20.1,OB	+7.08,-8.0,+20.7,MB	+6.99,-1.1,+20.1,JB	
1701833685.2172673	+6.67,+8.7,+21.6,DB	+6.40,+29.2,+21.6,GA	+6.81,+7.4,+21.6,@B	+7.07,-6.5,+20.1,OB	+7.10,-9.0,+20.7,EB	+6.99,-1.2,+20.1,IB	
1701833747.2260654	+6.67,+8.7,+21.6,DB	+6.40,+29.2,+21.7,FA	+6.81,+7.4,+21.6,@B	+7.07,-6.4,+20.1,NB	+7.12,-10.2,+20.7,MA	+6.99,-1.2,+20.1,IB	
1701833809.2338192	+6.67,+8.6,+21.5,FB	+6.40,+29.2,+21.7,FA	+6.81,+7.3,+21.6,GB	+7.07,-6.5,+20.1,OB	+7.14,-11.4,+20.7,LA	+6.99,-1.2,+20.1,IB	
1701833871.2431526	+6.67,+8.7,+21.6,DB	+6.40,+29.2,+21.7,FA	+6.81,+7.4,+21.7,AB	+7.07,-6.5,+20.2,LB	+7.16,-12.5,+20.7,LA	+6.99,-1.1,+20.2,IB	
1701833933.2534962	+6.67,+8.7,+21.6,DB	+6.40,+29.2,+21.6,GA	+6.81,+7.4,+21.6,@B	+7.07,-6.6,+20.2,OB	+7.17,-13.3,+20.7,JA	+6.99,-1.2,+20.1,IB	
1701833995.2634952	+6.67,+8.8,+21.6,KB	+6.40,+29.1,+21.7,EA	+6.81,+7.4,+21.6,@B	+7.07,-6.5,+20.2,LB	+7.19,-14.5,+20.7,EA	+6.99,-1.2,+20.1,IB	
1701834057.2729437	+6.67,+8.7,+21.6,DB	+6.40,+29.1,+21.6,DA	+6.81,+7.3,+21.6,GB	+7.07,-6.4,+20.2,MB	+7.21,-15.5,+20.7,OA	+6.99,-1.2,+20.1,IB	
1701834119.282039	+6.67,+8.7,+21.6,DB	+6.40,+29.2,+21.6,GA	+6.81,+7.4,+21.6,@B	+7.07,-6.5,+20.2,LB	+7.22,-16.3,+20.8,FA	+6.99,-1.2,+20.1,IB	
1701834181.2882628	+6.67,+8.7,+21.6,DB	+6.40,+29.2,+21.7,FA	+6.81,+7.3,+21.6,GB	+7.07,-6.5,+20.2,LB	+7.25,-17.9,+20.7,EA	+6.99,-1.2,+20.2,JB	
1701834243.2981148	+6.67,+8.7,+21.6,DB	+6.40,+29.2,+21.7,FA	+6.81,+7.3,+21.7,FB	+7.07,-6.5,+20.2,LB	+7.27,-19.1,+20.7,AA	+6.99,-1.1,+20.1,JB	
1701834305.3074903	+6.67,+8.7,+21.6,DB	+6.40,+29.2,+21.7,FA	+6.81,+7.3,+21.6,GB	+7.07,-6.5,+20.2,LB	+7.29,-20.0,+20.7,DA	+6.99,-1.1,+20.1,JB	
1701834367.3149002	+6.67,+8.7,+21.6,DB	+6.40,+29.2,+21.7,FA	+6.81,+7.3,+21.6,GB	+7.06,-6.4,+20.2,LB	+7.30,-20.6,+20.8,EA	+6.99,-1.1,+20.2,IB	
1701834429.3212976	+6.67,+8.6,+21.6,EB	+6.40,+29.2,+21.7,FA	+6.81,+7.4,+21.6,@B	+7.07,-6.5,+20.2,LB	+7.30,-20.8,+20.7,DA	+6.99,-1.2,+20.1,IB	
1701834491.3321247	+6.67,+8.7,+21.6,DB	+6.40,+29.2,+21.7,FA	+6.81,+7.3,+21.7,FB	+7.07,-6.5,+20.2,LB	+7.31,-21.4,+20.7,HA	+6.99,-1.1,+20.1,JB	
1701834553.3395154	+6.67,+8.7,+21.6,DB	+6.40,+29.2,+21.7,FA	+6.81,+7.4,+21.6,@B	+7.07,-6.5,+20.2,LB	+7.32,-21.9,+20.8,IA	+6.99,-1.2,+20.2,JB	
1701834615.3462481	+6.67,+8.7,+21.6,DB	+6.40,+29.2,+21.7,FA	+6.81,+7.4,+21.6,@B	+7.07,-6.5,+20.2,LB	+7.33,-22.6,+20.8,DA	+6.99,-1.2,+20.2,JB	
1701834677.3557055	+6.67,+8.7,+21.6,DB	+6.40,+29.3,+21.7,GA	+6.81,+7.3,+21.7,FB	+7.07,-6.5,+20.2,LB	+7.34,-23.0,+20.8,DA	+6.99,-1.2,+20.2,JB	
1701834739.3620296	+6.67,+8.7,+21.6,DB	+6.40,+29.2,+21.7,FA	+6.81,+7.3,+21.7,FB	+7.07,-6.5,+20.2,LB	+7.34,-23.1,+20.7,JA	+6.99,-1.1,+20.2,IB	
1701834801.371726	+6.67,+8.7,+21.6,DB	+6.40,+29.3,+21.7,GA	+6.81,+7.4,+21.7,AB	+7.07,-6.5,+20.2,LB	+7.34,-23.1,+20.7,JA	+6.99,-1.2,+20.2,JB	
1701834863.3774161	+6.67,+8.7,+21.6,DB	+6.40,+29.3,+21.7,GA	+6.81,+7.3,+21.7,FB	+7.07,-6.5,+20.2,LB	+7.33,-22.5,+20.7,HA	+6.99,-1.2,+20.2,JB	
1701834925.388752	+6.67,+8.7,+21.6,DB	+6.40,+29.3,+21.7,GA	+6.81,+7.2,+21.6,FB	+7.07,-6.5,+20.2,LB	+7.33,-22.5,+20.8,GA	+6.99,-1.2,+20.2,JB	
1701834987.3970509	+6.67,+8.7,+21.6,DB	+6.40,+29.2,+21.7,FA	+6.81,+7.4,+21.7,AB	+7.07,-6.5,+20.2,LB	+7.32,-22.0,+20.8,CA	+6.99,-1.2,+20.2,JB	
1701835233.0348914	+6.67,+8.7,+21.6,DB	+6.40,+29.4,+21.7,@A	+6.81,+7.3,+21.7,FB	+7.07,-6.4,+20.2,MB	+7.30,-20.6,+20.8,EA	+6.99,-1.2,+20.2,JB	
1701835295.0443468	+6.67,+8.7,+21.6,DB	+6.40,+29.3,+21.7,GA	+6.81,+7.2,+21.7,GB	+7.07,-6.5,+20.2,LB	+7.29,-20.4,+20.8,OA	+6.99,-1.1,+20.2,IB	
1701835357.0537167	+6.67,+8.7,+21.6,DB	+6.40,+29.2,+21.7,FA	+6.81,+7.2,+21.7,GB	+7.07,-6.5,+20.2,LB	+7.29,-20.3,+20.8,HA	+6.99,-1.2,+20.2,JB	
1701835419.0626817	+6.67,+8.7,+21.6,DB	+6.40,+29.1,+21.7,EA	+6.81,+7.3,+21.7,FB	+7.07,-6.5,+20.2,LB	+7.29,-20.1,+20.8,JA	+6.99,-1.2,+20.2,JB	
1701835481.0716572	+6.67,+8.7,+21.7,EB	+6.40,+29.2,+21.7,FA	+6.81,+7.2,+21.7,GB	+7.07,-6.5,+20.2,LB	+7.29,-19.9,+20.8,HA	+6.99,-1.2,+20.2,JB	
1701835543.0778592	+6.67,+8.7,+21.6,DB	+6.40,+29.0,+21.7,DA	+6.81,+7.3,+21.7,FB	+7.07,-6.5,+20.2,LB	+7.28,-19.4,+20.8,DA	+6.99,-1.1,+20.2,IB	
1701835605.0868177	+6.67,+8.7,+21.7,EB	+6.41,+29.0,+21.7,EA	+6.81,+7.3,+21.7,FB	+7.07,-6.5,+20.2,LB	+7.28,-19.5,+20.8,EA	+6.99,-1.2,+20.2,JB	
1701835667.0957255	+6.67,+8.7,+21.7,EB	+6.40,+29.2,+21.7,FA	+6.81,+7.3,+21.7,FB	+7.07,-6.5,+20.2,LB	+7.27,-19.0,+20.8,OA	+6.99,-1.2,+20.2,JB	
1701835729.1028755	+6.67,+8.7,+21.7,EB	+6.40,+29.2,+21.7,FA	+6.81,+7.3,+21.7,FB	+7.07,-6.5,+20.2,LB	+7.27,-18.8,+20.8,FA	+6.99,-1.2,+20.2,JB	
1701835791.1118257	+6.67,+8.7,+21.7,EB	+6.41,+29.0,+21.7,EA	+6.81,+7.2,+21.7,GB	+7.07,-6.5,+20.2,LB	+7.26,-18.7,+20.8,HA	+6.99,-1.2,+20.2,JB	
1701835853.1214583	+6.68,+8.5,+21.6,IB	+6.40,+29.0,+21.7,DA	+6.81,+7.2,+21.7,GB	+7.07,-6.5,+20.2,LB	+7.26,-18.5,+20.8,JA	+6.99,-1.2,+20.2,JB	
1701835915.1315448	+6.67,+8.6,+21.7,DB	+6.40,+29.1,+21.7,EA	+6.81,+7.3,+21.7,FB	+7.07,-6.5,+20.2,LB	+7.26,-18.6,+20.8,IA	+6.99,-1.2,+20.2,JB	
1701835977.1371613	+6.67,+8.6,+21.6,EB	+6.40,+29.2,+21.7,FA	+6.81,+7.3,+21.7,FB	+7.07,-6.5,+20.2,LB	+7.26,-18.6,+20.8,IA	+6.99,-1.2,+20.2,JB	
1701836039.1501522	+6.68,+8.5,+21.6,IB	+6.40,+29.1,+21.7,EA	+6.81,+7.3,+21.7,FB	+7.07,-6.5,+20.2,LB	+7.27,-19.0,+20.8,OA	+6.99,-1.2,+20.2,JB	
1701836101.161036	+6.68,+8.5,+21.7,HB	+6.40,+29.1,+21.7,EA	+6.81,+7.3,+21.7,FB	+7.07,-6.5,+20.2,LB	+7.27,-18.7,+20.8,IA	+6.99,-1.2,+20.2,JB	
1701836163.1718209	+6.67,+8.5,+21.7,GB	+6.40,+29.1,+21.7,EA	+6.81,+7.2,+21.7,GB	+7.07,-6.5,+20.3,MB	+7.26,-18.7,+20.8,HA	+6.99,-1.2,+20.2,JB	
1701836225.18259	+6.68,+8.5,+21.6,IB	+6.40,+29.1,+21.7,EA	+6.81,+7.3,+21.7,FB	+7.07,-6.5,+20.2,LB	+7.27,-19.1,+20.8,NA	+6.99,-1.2,+20.2,JB	
1701836287.1906896	+6.68,+8.5,+21.6,IB	+6.40,+29.0,+21.7,DA	+6.81,+7.2,+21.7,GB	+7.07,-6.5,+20.2,LB	+7.28,-19.5,+20.8,EA	+6.99,-1.2,+20.2,JB	
1701836349.1986747	+6.68,+8.5,+21.6,IB	+6.40,+29.2,+21.8,IA	+6.81,+7.3,+21.7,FB	+7.07,-6.5,+20.3,MB	+7.27,-19.2,+20.8,MA	+6.99,-1.2,+20.2,JB	
1701836411.2078302	+6.68,+8.5,+21.7,HB	+6.40,+29.3,+21.7,GA	+6.81,+7.3,+21.7,FB	+7.07,-6.5,+20.2,LB	+7.28,-19.4,+20.8,DA	+6.99,-1.2,+20.2,JB	
1701836473.2176979	+6.68,+8.5,+21.7,HB	+6.40,+29.2,+21.7,FA	+6.81,+7.3,+21.7,FB	+7.07,-6.5,+20.2,LB	+7.27,-19.3,+20.8,LA	+6.99,-1.2,+20.2,JB	
1701836535.2266674	+6.68,+8.5,+21.7,HB	+6.40,+29.2,+21.7,FA	+6.81,+7.2,+21.7,GB	+7.07,-6.5,+20.3,MB	+7.25,-18.0,+20.8,LA	+6.99,-1.1,+20.2,IB	
1701836597.2369854	+6.68,+8.5,+21.7,HB	+6.40,+29.2,+21.8,IA	+6.81,+7.3,+21.7,FB	+7.07,-6.5,+20.3,MB	+7.25,-17.8,+20.8,KA	+6.99,-1.2,+20.3,KB	
1701836659.2470863	+6.68,+8.5,+21.7,HB	+6.40,+29.2,+21.8,IA	+6.81,+7.3,+21.7,FB	+7.07,-6.6,+20.2,OB	+7.26,-18.2,+20.8,MA	+6.99,-1.2,+20.2,JB	
1701836721.2558315	+6.68,+8.5,+21.7,HB	+6.40,+29.2,+21.8,IA	+6.81,+7.2,+21.7,GB	+7.07,-6.5,+20.3,MB	+7.26,-18.7,+20.8,HA	+6.99,-1.2,+20.3,KB	
1701836783.2641163	+6.68,+8.5,+21.7,HB	+6.40,+29.2,+21.8,IA	+6.81,+7.2,+21.7,GB	+7.07,-6.5,+20.3,MB	+7.27,-19.3,+20.8,LA	+6.99,-1.2,+20.3,KB	
1701836845.269992	+6.68,+8.5,+21.7,HB	+6.40,+29.1,+21.8,JA	+6.81,+7.2,+21.7,GB	+7.07,-6.5,+20.3,MB	+7.28,-19.7,+20.8,GA	+6.99,-1.2,+20.3,KB	
1701836907.277635	+6.68,+8.5,+21.7,HB	+6.40,+29.3,+21.8,HA	+6.81,+7.3,+21.7,FB	+7.07,-6.6,+20.3,NB	+7.29,-20.2,+20.8,IA	+6.99,-1.2,+20.3,KB	
1701836969.2864842	+6.68,+8.5,+21.7,HB	+6.40,+29.2,+21.8,IA	+6.81,+7.1,+21.8,KB	+7.07,-6.5,+20.3,MB	+7.30,-20.5,+20.8,FA	+6.99,-1.3,+20.3,JB	
1701837031.2952423	+6.68,+8.5,+21.7,HB	+6.40,+29.2,+21.8,IA	+6.81,+7.2,+21.8,HB	+7.07,-6.6,+20.3,NB	+7.31,-21.2,+20.8,AA	+6.99,-1.2,+20.3,KB	
1701837093.3050113	+6.68,+8.5,+21.7,HB	+6.40,+29.2,+21.8,IA	+6.81,+7.2,+21.7,GB	+7.07,-6.4,+20.3,LB	+7.31,-21.1,+20.9,CA	+6.99,-1.3,+20.3,JB	
1701837155.3138177	+6.68,+8.5,+21.7,HB	+6.40,+29.2,+21.8,IA	+6.81,+7.1,+21.8,KB	+7.07,-6.5,+20.3,MB	+7.31,-21.2,+20.8,AA	+6.99,-1.2,+20.3,KB	
1701837217.3227472	+6.68,+8.5,+21.7,HB	+6.40,+29.1,+21.8,JA	+6.81,+7.2,+21.8,HB	+7.07,-6.5,+20.3,MB	+7.31,-21.1,+20.9,CA	+6.99,-1.2,+20.3,KB	
1701837279.328782	+6.68,+8.5,+21.7,HB	+6.40,+29.3,+21.8,HA	+6.81,+7.2,+21.8,HB	+7.07,-6.5,+20.3,MB	+7.31,-21.4,+20.9,FA	+6.99,-1.2,+20.3,KB	
1701837341.337198	+6.68,+8.5,+21.7,HB	+6.40,+29.3,+21.8,HA	+6.81,+7.2,+21.8,HB	+7.06,-6.4,+20.3,MB	+7.31,-21.6,+20.9,DA	+6.99,-1.2,+20.3,KB	
1701837403.345991	+6.68,+8.5,+21.7,HB	+6.40,+29.3,+21.8,HA	+6.81,+7.1,+21.8,KB	+7.07,-6.6,+20.3,NB	+7.32,-22.0,+20.9,BA	+6.99,-1.1,+20.3,HB	
1701837465.355429	+6.68,+8.5,+21.7,HB	+6.40,+29.3,+21.8,HA	+6.81,+7.2,+21.8,HB	+7.07,-6.5,+20.3,MB	+7.32,-22.1,+20.9,CA	+6.99,-1.2,+20.3,KB	
1701837527.3626337	+6.68,+8.5,+21.7,HB	+6.40,+29.3,+21.8,HA	+6.81,+7.2,+21.8,HB	+7.07,-6.5,+20.3,MB	+7.32,-22.1,+20.9,CA	+6.99,-1.2,+20.3,KB	
1701837589.3718987	+6.67,+8.5,+21.7,GB	+6.40,+29.2,+21.8,IA	+6.81,+7.2,+21.8,HB	+7.07,-6.5,+20.3,MB	+7.33,-22.4,+20.9,GA	+6.99,-1.2,+20.3,KB	
1701837651.3777726	+6.68,+8.5,+21.7,HB	+6.40,+29.1,+21.8,JA	+6.81,+7.2,+21.8,HB	+7.07,-6.5,+20.3,MB	+6.96,-1.0,+20.9,LB	+6.99,-1.2,+20.3,KB	
1701837713.3850505	+6.68,+8.5,+21.7,HB	+6.41,+29.0,+21.8,JA	+6.81,+7.2,+21.8,HB	+7.07,-6.5,+20.3,MB	+6.93,+0.4,+20.9,JB	+6.99,-1.2,+20.3,KB	
1701837775.3931327	+6.68,+8.5,+21.7,HB	+6.41,+29.0,+21.8,JA	+6.81,+7.2,+21.8,HB	+7.07,-6.5,+20.3,MB	+6.92,+1.0,+20.9,NB	+6.99,-1.2,+20.3,KB	
1701837837.400992	+6.68,+8.5,+21.7,HB	+6.40,+29.0,+21.8,KA	+6.81,+7.1,+21.8,KB	+7.07,-6.6,+20.3,NB	+6.92,+1.4,+20.9,JB	+6.99,-1.2,+20.3,KB	
1701837899.4102514	+6.68,+8.5,+21.8,GB	+6.41,+28.9,+21.8,BA	+6.81,+7.2,+21.8,HB	+7.07,-6.5,+20.3,MB	+6.92,+1.2,+20.9,LB	+6.99,-1.2,+20.3,KB	
1701837961.4185233	+6.68,+8.5,+21.7,HB	+6.40,+29.0,+21.8,KA	+6.81,+7.1,+21.8,KB	+7.06,-6.4,+20.3,MB	+6.92,+1.4,+20.9,JB	+6.99,-1.2,+20.3,KB	
1701838023.428631	+6.68,+8.5,+21.8,GB	+6.40,+29.1,+21.8,JA	+6.81,+7.2,+21.8,HB	+7.07,-6.6,+20.3,NB	+6.89,+2.9,+20.9,NB	+6.99,-1.3,+20.3,JB	
1701838085.4368556	+6.68,+8.5,+21.7,HB	+6.40,+29.0,+21.8,KA	+6.81,+7.1,+21.8,KB	+7.07,-6.4,+20.4,KB	+6.88,+3.4,+20.9,CB	+6.99,-1.2,+20.3,KB	
1701838147.4417381	+6.68,+8.5,+21.7,HB	+6.40,+29.1,+21.8,JA	+6.82,+7.1,+21.8,HB	+7.07,-6.5,+20.3,MB	+6.88,+3.3,+20.9,DB	+6.99,-1.2,+20.3,KB	
1701838209.4511576	+6.67,+8.6,+21.7,DB	+6.40,+29.2,+21.8,IA	+6.81,+7.2,+21.8,HB	+7.07,-6.5,+20.3,MB	+6.89,+3.1,+20.9,GB	+6.99,-1.2,+20.4,LB	
1701838271.4588645	+6.67,+8.6,+21.8,KB	+6.40,+29.2,+21.8,IA	+6.82,+7.1,+21.8,HB	+7.07,-6.5,+20.3,MB	+6.89,+2.7,+20.9,@B	+6.99,-1.2,+20.4,LB	
1701838333.467012	+6.67,+8.6,+21.8,KB	+6.40,+29.2,+21.9,HA	+6.81,+7.1,+21.8,KB	+7.07,-6.5,+20.3,MB	+6.90,+2.1,+20.9,NB	+6.99,-1.2,+20.3,KB	
1701838395.4769974	+6.67,+8.6,+21.8,KB	+6.40,+29.2,+21.8,IA	+6.81,+7.1,+21.8,KB	+7.07,-6.6,+20.3,NB	+6.92,+1.4,+20.9,JB	+6.99,-1.2,+20.3,KB	
1701838457.4863791	+6.67,+8.6,+21.8,KB	+6.40,+29.2,+21.8,IA	+6.82,+7.0,+21.8,IB	+7.07,-6.5,+20.3,MB	+6.92,+1.0,+20.9,NB	+6.99,-1.2,+20.3,KB	
1701838519.4928575	+6.67,+8.6,+21.8,KB	+6.40,+29.1,+21.8,JA	+6.81,+7.1,+21.8,KB	+7.07,-6.5,+20.4,JB	+6.94,+0.1,+20.9,HB	+6.99,-1.2,+20.3,KB	
1701838581.501	+6.67,+8.6,+21.7,DB	+6.40,+29.1,+21.8,JA	+6.81,+7.1,+21.8,KB	+7.07,-6.5,+20.4,JB	+6.95,-0.5,+20.9,KB	+6.99,-1.2,+20.3,KB	
1701838643.5103116	+6.67,+8.6,+21.8,KB	+6.40,+29.2,+21.9,HA	+6.81,+7.1,+21.8,KB	+7.07,-6.5,+20.4,JB	+6.96,-1.1,+20.9,MB	+6.99,-1.2,+20.3,KB	
1701838705.5194812	+6.67,+8.6,+21.8,KB	+6.40,+29.3,+21.9,IA	+6.81,+7.1,+21.8,KB	+7.07,-6.5,+20.3,MB	+6.97,-1.5,+20.9,HB	+6.99,-1.2,+20.3,KB	
1701838767.5291784	+6.67,+8.7,+21.8,JB	+6.40,+29.1,+21.8,JA	+6.81,+7.1,+21.8,KB	+7.07,-6.5,+20.4,JB	+6.97,-1.8,+20.9,EB	+6.99,-1.2,+20.3,KB	
1701838829.5378466	+6.67,+8.6,+21.8,KB	+6.40,+29.2,+21.9,HA	+6.82,+7.1,+21.8,HB	+7.07,-6.5,+20.3,MB	+6.97,-1.9,+20.9,DB	+6.99,-1.2,+20.3,KB	
1701839075.1396077	+6.67,+8.6,+21.8,KB	+6.41,+29.0,+21.8,JA	+6.81,+7.2,+21.8,HB	+7.07,-6.5,+20.4,JB	+6.99,-3.0,+20.9,AB	+6.99,-1.2,+20.4,LB	
1701839137.1504781	+6.67,+8.6,+21.8,KB	+6.40,+29.0,+21.9,JA	+6.82,+7.1,+21.8,HB	+7.07,-6.4,+20.4,KB	+6.99,-3.0,+20.9,AB	+6.99,-1.1,+20.4,OB	
1701839199.160728	+6.67,+8.6,+21.8,KB	+6.40,+29.2,+21.9,HA	+6.82,+7.0,+21.8,IB	+7.07,-6.5,+20.4,JB	+6.99,-3.2,+20.9,CB	+6.99,-1.2,+20.4,LB	
1701839261.170212	+6.67,+8.6,+21.8,KB	+6.40,+29.3,+21.9,IA	+6.82,+7.0,+21.8,IB	+7.07,-6.5,+20.4,JB	+7.00,-3.3,+20.9,CB	+6.99,-1.2,+20.4,LB	
1701839323.1788836	+6.67,+8.6,+21.8,KB	+6.40,+29.2,+21.9,HA	+6.82,+7.0,+21.8,IB	+7.07,-6.5,+20.4,JB	+7.00,-3.3,+20.9,CB	+6.99,-1.2,+20.4,LB	
1701839385.1886036	+6.67,+8.6,+21.8,KB	+6.40,+29.1,+21.9,KA	+6.82,+6.9,+21.8,AB	+7.07,-6.5,+20.4,JB	+7.00,-3.4,+20.9,DB	+6.99,-1.2,+20.4,LB	
1701839447.1961298	+6.67,+8.6,+21.8,KB	+6.40,+29.3,+21.9,IA	+6.82,+7.1,+21.8,HB	+7.07,-6.6,+20.3,NB	+7.00,-3.2,+20.9,BB	+6.99,-1.2,+20.4,LB	
1701839509.2025893	+6.67,+8.6,+21.8,KB	+6.40,+29.2,+21.9,HA	+6.82,+7.0,+21.8,IB	+7.07,-6.6,+20.4,IB	+7.00,-3.3,+20.9,CB	+6.99,-1.2,+20.4,LB	
1701839571.2107239	+6.67,+8.6,+21.8,KB	+6.40,+29.2,+21.9,HA	+6.82,+7.1,+21.8,HB	+7.07,-6.5,+20.4,JB	+7.00,-3.4,+21.0,LB	+6.99,-1.2,+20.4,LB	
1701839633.2202718	+6.67,+8.6,+21.8,KB	+6.40,+29.2,+21.9,HA	+6.82,+7.1,+21.8,HB	+7.07,-6.6,+20.4,IB	+7.00,-3.4,+21.0,LB	+6.99,-1.2,+20.4,LB	
1701839695.227361	+6.67,+8.6,+21.8,KB	+6.40,+29.1,+21.9,KA	+6.82,+7.1,+21.8,HB	+7.07,-6.5,+20.4,JB	+7.00,-3.6,+20.9,FB	+6.99,-1.2,+20.4,LB	
1701839757.2345154	+6.67,+8.6,+21.8,KB	+6.40,+29.0,+21.9,JA	+6.82,+7.0,+21.8,IB	+7.07,-6.5,+20.4,JB	+7.00,-3.7,+20.9,GB	+6.99,-1.2,+20.4,LB	
1701839819.2421384	+6.67,+8.6,+21.8,KB	+6.40,+29.0,+21.9,JA	+6.82,+7.1,+21.9,IB	+7.07,-6.5,+20.4,JB	+7.01,-3.8,+21.0,AB	+6.99,-1.2,+20.4,LB	
1701839881.2519104	+6.67,+8.6,+21.8,KB	+6.41,+29.0,+21.9,KA	+6.82,+7.1,+21.9,IB	+7.07,-6.5,+20.4,JB	+7.00,-3.7,+20.9,GB	+6.99,-1.3,+20.4,MB	
1701839943.2623467	+6.67,+8.7,+21.8,JB	+6.40,+29.1,+21.9,KA	+6.81,+7.1,+21.9,JB	+7.07,-6.5,+20.4,JB	+7.01,-3.8,+21.0,AB	+6.99,-1.2,+20.4,LB	
1701840005.2708952	+6.67,+8.6,+21.8,KB	+6.40,+29.1,+21.9,KA	+6.81,+7.1,+21.9,JB	+7.07,-6.6,+20.4,IB	+7.00,-3.7,+21.0,OB	+6.99,-1.2,+20.4,LB	
1701840067.2766378	+6.67,+8.7,+21.8,JB	+6.40,+29.1,+21.9,KA	+6.82,+7.1,+21.9,IB	+7.07,-6.5,+20.4,JB	+7.01,-3.8,+21.0,AB	+6.99,-1.2,+20.4,LB	
1701840129.2847488	+6.67,+8.6,+21.8,KB	+6.40,+29.0,+21.9,JA	+6.82,+7.0,+21.9,HB	+7.07,-6.5,+20.4,JB	+7.01,-3.9,+21.0,@B	+6.99,-1.2,+20.4,LB	
1701840191.293708	+6.67,+8.7,+21.8,JB	+6.40,+29.2,+21.9,HA	+6.82,+7.0,+21.9,HB	+7.07,-6.5,+20.4,JB	+7.02,-4.3,+21.0,NB	+6.99,-1.3,+20.4,MB	
1701840253.3032136	+6.67,+8.6,+21.9,JB	+6.40,+29.3,+21.9,IA	+6.82,+6.9,+21.9,@B	+7.07,-6.6,+20.4,IB	+7.01,-4.3,+21.0,MB	+6.99,-1.2,+20.4,LB	
1701840315.309985	+6.67,+8.7,+21.9,KB	+6.40,+29.3,+21.9,IA	+6.82,+7.0,+21.9,HB	+7.07,-6.5,+20.4,JB	+7.01,-4.2,+21.0,LB	+6.99,-1.2,+20.4,LB	
1701840377.3186972	+6.67,+8.6,+21.9,JB	+6.40,+29.3,+21.9,IA	+6.82,+7.0,+21.9,HB	+7.07,-6.6,+20.4,IB	+7.02,-4.4,+21.0,IB	+6.99,-1.2,+20.4,LB	
1701840439.3280928	+6.67,+8.7,+21.9,KB	+6.40,+29.5,+21.9,OA	+6.82,+6.9,+21.9,@B	+7.07,-6.5,+20.4,JB	+7.02,-4.4,+21.0,IB	+6.99,-1.2,+20.4,LB	
1701840501.3375685	+6.67,+8.6,+21.9,JB	+6.40,+29.3,+21.9,IA	+6.81,+7.1,+21.9,JB	+7.07,-6.5,+20.5,KB	+7.02,-4.5,+21.0,HB	+6.99,-1.3,+20.4,MB	
1701840563.3452907	+6.67,+8.7,+21.9,KB	+6.40,+29.3,+21.9,IA	+6.82,+7.0,+21.9,HB	+7.07,-6.5,+20.4,JB	+7.02,-4.8,+21.0,EB	+6.99,-1.3,+20.4,MB	
1701840625.351719	+6.67,+8.7,+21.9,KB	+6.40,+29.3,+21.9,IA	+6.82,+7.0,+21.9,HB	+7.07,-6.6,+20.4,IB	+7.02,-4.8,+21.0,EB	+6.99,-1.2,+20.4,LB	
1701840687.361562	+6.67,+8.7,+21.9,KB	+6.40,+29.3,+21.9,IA	+6.82,+6.9,+21.9,@B	+7.07,-6.5,+20.4,JB	+7.02,-4.8,+21.0,EB	+6.99,-1.2,+20.4,LB	
1701840749.3720682	+6.67,+8.7,+21.9,KB	+6.40,+29.3,+21.9,IA	+6.82,+7.0,+21.9,HB	+7.07,-6.5,+20.4,JB	+7.03,-5.1,+21.0,LB	+6.99,-1.3,+20.4,MB	
1701840811.381113	+6.67,+8.6,+21.9,JB	+6.40,+29.4,+21.9,NA	+6.82,+7.0,+21.9,HB	+7.07,-6.6,+20.4,IB	+7.03,-5.2,+21.0,OB	+6.99,-1.3,+20.4,MB	
1701840873.390949	+6.67,+8.6,+21.9,JB	+6.40,+29.3,+22.0,CA	+6.82,+6.9,+21.9,@B	+7.07,-6.5,+20.4,JB	+7.03,-5.2,+21.0,OB	+6.99,-1.3,+20.4,MB	
1701840935.3991008	+6.67,+8.6,+21.9,JB	+6.40,+29.4,+21.9,NA	+6.82,+7.0,+21.9,HB	+7.07,-6.6,+20.4,IB	+7.03,-5.4,+21.0,IB	+6.99,-1.2,+20.4,LB	
