62309060476	62309060477	62309060478	62309060479	62309060481	62309060482	
1700803759.0243049	+6.55,+15.8,+21.8,HA	+6.33,+33.5,+21.8,AA	+6.53,+23.7,+21.8,DA	+6.83,+7.2,+20.3,@B	+2.26,+269.6,+20.9,OB	+6.87,+5.9,+20.2,LB	
1700803821.032178	+6.55,+15.8,+21.8,HA	+6.33,+33.5,+21.7,NA	+6.53,+23.7,+21.8,DA	+6.83,+7.2,+20.3,@B	+2.26,+269.5,+20.9,LB	+6.87,+5.9,+20.2,LB	
1700803883.0422215	+6.55,+15.9,+21.8,IA	+6.33,+33.6,+21.8,BA	+6.53,+23.7,+21.8,DA	+6.83,+7.2,+20.3,@B	+2.26,+269.6,+20.9,OB	+6.87,+5.9,+20.2,LB	
1700803945.0541124	+6.55,+15.9,+21.8,IA	+6.33,+33.6,+21.8,BA	+6.53,+23.7,+21.9,EA	+6.83,+7.2,+20.3,@B	+2.26,+269.6,+20.9,OB	+6.87,+5.8,+20.2,MB	
1700804007.0629046	+6.55,+15.9,+21.8,IA	+6.33,+33.6,+21.8,BA	+6.53,+23.7,+21.8,DA	+6.83,+7.2,+20.3,@B	+2.25,+269.9,+20.9,CB	+6.87,+5.9,+20.2,LB	
1700804069.0730197	+6.55,+15.9,+21.8,IA	+6.33,+33.6,+21.8,BA	+6.53,+23.7,+21.8,DA	+6.83,+7.2,+20.3,@B	+2.25,+269.9,+20.9,CB	+6.87,+5.9,+20.2,LB	
1700804131.0820255	+6.55,+15.9,+21.8,IA	+6.33,+33.5,+21.8,AA	+6.53,+23.7,+21.9,EA	+6.83,+7.2,+20.3,@B	+2.25,+269.8,+20.9,BB	+6.87,+5.9,+20.2,LB	
1700804193.09102	+6.55,+15.9,+21.8,IA	+6.33,+33.6,+21.8,BA	+6.53,+23.7,+21.9,EA	+6.83,+7.2,+20.3,@B	+2.25,+269.9,+20.9,CB	+6.87,+5.9,+20.2,LB	
1700804255.0996835	+6.55,+15.9,+21.8,IA	+6.33,+33.6,+21.8,BA	+6.53,+23.6,+21.9,DA	+6.83,+7.2,+20.3,@B	+2.25,+270.0,+20.9,BB	+6.87,+5.9,+20.2,LB	
1700804317.1092782	+6.55,+15.9,+21.8,IA	+6.33,+33.6,+21.8,BA	+6.53,+23.6,+21.8,EA	+6.83,+7.2,+20.3,@B	+2.25,+269.8,+20.9,BB	+6.87,+5.9,+20.2,LB	
1700804379.1167078	+6.55,+15.8,+21.8,HA	+6.33,+33.6,+21.7,MA	+6.53,+23.7,+21.9,EA	+6.83,+7.3,+20.3,AB	+2.25,+269.8,+20.9,BB	+6.87,+5.9,+20.2,LB	
1700804441.1250238	+6.55,+15.9,+21.8,IA	+6.33,+33.6,+21.8,BA	+6.53,+23.7,+21.9,EA	+6.83,+7.2,+20.3,@B	+2.25,+269.7,+20.9,MB	+6.87,+5.8,+20.2,MB	
1700804503.1351793	+6.55,+15.9,+21.8,IA	+6.32,+33.7,+21.8,BA	+6.53,+23.7,+21.9,EA	+6.83,+7.2,+20.3,@B	+2.26,+269.5,+20.9,LB	+6.87,+5.9,+20.2,LB	
1700804565.1445026	+6.55,+15.9,+21.8,IA	+6.32,+33.6,+21.8,CA	+6.53,+23.6,+21.9,DA	+6.83,+7.2,+20.3,@B	+2.26,+269.6,+20.9,OB	+6.87,+5.9,+20.2,LB	
1700804627.1543734	+6.55,+15.9,+21.8,IA	+6.32,+33.7,+21.8,BA	+6.53,+23.6,+21.8,EA	+6.83,+7.2,+20.3,@B	+2.26,+269.6,+20.9,OB	+6.87,+5.9,+20.2,LB	
1700804689.1623883	+6.55,+15.9,+21.8,IA	+6.32,+33.7,+21.8,BA	+6.53,+23.8,+21.9,JA	+6.83,+7.2,+20.3,@B	+2.26,+269.6,+20.9,OB	+6.87,+5.9,+20.2,LB	
1700804751.1732006	+6.55,+15.8,+21.9,IA	+6.32,+33.7,+21.8,BA	+6.53,+23.7,+21.9,EA	+6.83,+7.2,+20.3,@B	+2.26,+269.6,+20.9,OB	+6.87,+5.9,+20.2,LB	
1700804813.178598	+6.55,+15.9,+21.8,IA	+6.32,+33.7,+21.8,BA	+6.53,+23.7,+21.9,EA	+6.83,+7.2,+20.3,@B	+2.26,+269.5,+20.9,LB	+6.87,+5.8,+20.2,MB	
1700804875.185451	+6.55,+15.9,+21.8,IA	+6.32,+33.6,+21.8,CA	+6.53,+23.7,+21.9,EA	+6.83,+7.2,+20.3,@B	+2.25,+269.7,+20.9,MB	+6.87,+5.9,+20.2,LB	
1700804937.1963158	+6.55,+15.9,+21.8,IA	+6.32,+33.7,+21.8,BA	+6.53,+23.7,+21.9,EA	+6.83,+7.3,+20.3,AB	+2.26,+269.3,+20.9,JB	+6.87,+5.9,+20.2,LB	
1700804999.2055056	+6.55,+15.9,+21.8,IA	+6.32,+33.7,+21.8,BA	+6.53,+23.7,+21.9,EA	+6.83,+7.2,+20.3,@B	+2.25,+269.8,+20.9,BB	+6.87,+5.9,+20.2,LB	
1700805061.2148974	+6.55,+15.8,+21.8,HA	+6.32,+33.8,+21.8,MA	+6.53,+23.7,+21.9,EA	+6.83,+7.2,+20.3,@B	+2.26,+269.7,+20.9,NB	+6.87,+5.8,+20.2,MB	
1700805123.2218318	+6.55,+15.9,+21.8,IA	+6.32,+33.7,+21.8,BA	+6.53,+23.8,+21.9,JA	+6.83,+7.2,+20.3,@B	+2.25,+269.7,+20.9,MB	+6.87,+5.9,+20.2,LB	
1700805185.230693	+6.55,+15.8,+21.8,HA	+6.32,+33.7,+21.8,BA	+6.53,+23.7,+21.9,EA	+6.83,+7.2,+20.3,@B	+2.25,+269.8,+20.9,BB	+6.87,+5.9,+20.2,LB	
1700805247.237122	+6.55,+15.8,+21.8,HA	+6.32,+33.7,+21.8,BA	+6.53,+23.7,+21.9,EA	+6.83,+7.2,+20.3,@B	+2.25,+270.0,+20.9,BB	+6.87,+5.9,+20.2,LB	
1700805309.2476966	+6.55,+15.9,+21.9,HA	+6.32,+33.7,+21.8,BA	+6.53,+23.7,+21.9,EA	+6.83,+7.2,+20.3,@B	+2.25,+269.8,+20.9,BB	+6.87,+5.9,+20.2,LB	
1700805554.8208427	+6.55,+15.8,+21.8,HA	+6.32,+33.7,+21.8,BA	+6.53,+23.7,+21.9,EA	+6.83,+7.2,+20.3,@B	+2.33,+265.2,+20.9,CB	+6.87,+5.9,+20.2,LB	
1700805616.830843	+6.55,+15.9,+21.9,HA	+6.32,+33.7,+21.8,BA	+6.53,+23.7,+21.9,EA	+6.83,+7.2,+20.3,@B	+2.33,+265.5,+20.9,DB	+6.87,+5.8,+20.2,MB	
1700805678.8373826	+6.55,+15.8,+21.9,IA	+6.33,+33.6,+21.8,BA	+6.53,+23.7,+21.8,DA	+6.83,+7.2,+20.3,@B	+2.28,+268.5,+20.9,CB	+6.87,+5.9,+20.2,LB	
1700805740.8468263	+6.55,+15.8,+21.8,HA	+6.32,+33.7,+21.8,BA	+6.53,+23.7,+21.9,EA	+6.83,+7.3,+20.3,AB	+2.27,+268.9,+20.9,@B	+6.87,+5.9,+20.3,MB	
1700805802.855951	+6.55,+15.8,+21.8,HA	+6.32,+33.8,+21.8,MA	+6.52,+23.8,+21.9,KA	+6.83,+7.2,+20.3,@B	+2.27,+269.0,+20.9,HB	+6.87,+5.9,+20.2,LB	
1700805864.8630044	+6.55,+15.8,+21.9,IA	+6.32,+33.6,+21.8,CA	+6.53,+23.7,+21.9,EA	+6.83,+7.2,+20.3,@B	+2.26,+269.2,+21.0,CB	+6.87,+5.9,+20.2,LB	
1700805926.8698227	+6.55,+15.8,+21.9,IA	+6.32,+33.7,+21.8,BA	+6.53,+23.7,+21.9,EA	+6.83,+7.2,+20.3,@B	+2.26,+269.2,+20.9,KB	+6.87,+5.9,+20.3,MB	
1700805988.8788164	+6.55,+15.8,+21.9,IA	+6.32,+33.7,+21.8,BA	+6.53,+23.7,+21.9,EA	+6.83,+7.2,+20.3,@B	+2.26,+269.3,+20.9,JB	+6.87,+5.9,+20.2,LB	
1700806050.8864255	+6.55,+15.9,+21.9,HA	+6.32,+33.8,+21.8,MA	+6.53,+23.6,+21.9,DA	+6.83,+7.3,+20.3,AB	+2.26,+269.7,+20.9,NB	+6.87,+5.9,+20.3,MB	
1700806112.8943186	+6.55,+15.9,+21.9,HA	+6.32,+33.8,+21.8,MA	+6.53,+23.7,+21.9,EA	+6.83,+7.2,+20.3,@B	+2.26,+269.6,+21.0,GB	+6.87,+5.8,+20.2,MB	
1700806174.903295	+6.55,+15.9,+21.9,HA	+6.32,+33.8,+21.8,MA	+6.53,+23.7,+21.9,EA	+6.83,+7.2,+20.3,@B	+2.26,+269.5,+21.0,DB	+6.87,+5.9,+20.3,MB	
1700806236.9114041	+6.55,+15.9,+21.9,HA	+6.32,+33.7,+21.8,BA	+6.53,+23.7,+21.9,EA	+6.83,+7.2,+20.3,@B	+2.26,+269.6,+21.0,GB	+6.87,+5.9,+20.2,LB	
1700806298.9151776	+6.55,+15.9,+21.9,HA	+6.32,+33.7,+21.8,BA	+6.53,+23.6,+21.9,DA	+6.83,+7.2,+20.3,@B	+2.26,+269.5,+20.9,LB	+6.87,+5.9,+20.2,LB	
1700806360.9236138	+6.55,+15.9,+21.9,HA	+6.32,+33.8,+21.8,MA	+6.53,+23.7,+21.9,EA	+6.83,+7.2,+20.3,@B	+2.26,+269.3,+21.0,BB	+6.87,+5.9,+20.2,LB	
1700806422.9330235	+6.55,+15.8,+21.9,IA	+6.32,+33.8,+21.8,MA	+6.53,+23.7,+21.9,EA	+6.83,+7.2,+20.3,@B	+2.26,+269.4,+21.0,EB	+6.87,+5.9,+20.3,MB	
1700806484.941802	+6.55,+15.9,+21.9,HA	+6.32,+33.8,+21.8,MA	+6.53,+23.7,+21.9,EA	+6.83,+7.2,+20.3,@B	+2.26,+269.5,+20.9,LB	+6.87,+5.9,+20.3,MB	
1700806546.9549735	+6.55,+15.8,+21.9,IA	+6.32,+33.8,+21.8,MA	+6.53,+23.6,+21.9,DA	+6.83,+7.2,+20.3,@B	+2.26,+269.3,+21.0,BB	+6.87,+5.9,+20.2,LB	
1700806608.9652267	+6.55,+15.9,+21.9,HA	+6.32,+33.8,+21.8,MA	+6.53,+23.7,+21.9,EA	+6.83,+7.2,+20.3,@B	+2.26,+269.4,+21.0,EB	+6.87,+5.9,+20.2,LB	
1700806670.975122	+6.55,+15.9,+21.9,HA	+6.32,+33.8,+21.8,MA	+6.53,+23.7,+21.9,EA	+6.83,+7.2,+20.3,@B	+2.23,+271.1,+21.0,LB	+6.87,+5.9,+20.3,MB	
1700806732.9832275	+6.55,+15.9,+21.9,HA	+6.32,+33.8,+21.8,MA	+6.53,+23.7,+21.9,EA	+6.83,+7.2,+20.3,@B	+2.23,+271.1,+21.0,LB	+6.87,+5.9,+20.3,MB	
1700806794.9900508	+6.55,+15.8,+21.9,IA	+6.32,+33.8,+21.8,MA	+6.53,+23.7,+21.9,EA	+6.83,+7.2,+20.3,@B	+2.23,+271.1,+21.0,LB	+6.87,+5.9,+20.3,MB	
1700806856.9870853	+6.55,+15.9,+21.9,HA	+6.32,+33.8,+21.8,MA	+6.53,+23.7,+21.9,EA	+6.83,+7.2,+20.3,@B	+2.23,+271.3,+21.0,NB	+6.87,+5.9,+20.2,LB	
1700806918.994991	+6.55,+15.8,+21.9,IA	+6.32,+33.8,+21.8,MA	+6.52,+23.8,+21.9,KA	+6.83,+7.2,+20.3,@B	+2.23,+271.2,+21.0,OB	+6.87,+5.9,+20.2,LB	
1700806981.0049138	+6.55,+15.9,+21.9,HA	+6.32,+33.9,+21.8,LA	+6.53,+23.7,+21.9,EA	+6.83,+7.2,+20.3,@B	+2.23,+271.1,+21.0,LB	+6.87,+5.9,+20.3,MB	
1700807043.0151777	+6.55,+15.8,+21.9,IA	+6.32,+33.8,+21.8,MA	+6.53,+23.8,+21.9,JA	+6.83,+7.2,+20.3,@B	+2.23,+271.1,+21.0,LB	+6.87,+5.9,+20.2,LB	
1700807105.0223603	+6.55,+15.9,+21.9,HA	+6.32,+33.9,+21.8,LA	+6.53,+23.7,+21.9,EA	+6.83,+7.2,+20.3,@B	+2.23,+271.1,+21.0,LB	+6.87,+6.0,+20.3,GB	
1700807167.0287101	+6.55,+15.9,+21.9,HA	+6.32,+33.9,+21.8,LA	+6.53,+23.7,+21.9,EA	+6.83,+7.3,+20.4,FB	+2.24,+270.7,+21.0,LB	+6.87,+5.9,+20.3,MB	
1700807229.0375164	+6.55,+15.9,+21.9,HA	+6.32,+33.9,+21.8,LA	+6.53,+23.7,+21.9,EA	+6.83,+7.2,+20.3,@B	+2.24,+270.5,+21.0,NB	+6.87,+5.9,+20.3,MB	
1700807291.0446377	+6.55,+15.9,+21.9,HA	+6.32,+33.9,+21.8,LA	+6.53,+23.7,+21.9,EA	+6.83,+7.2,+20.3,@B	+2.24,+270.5,+21.0,NB	+6.87,+5.9,+20.3,MB	
1700807353.0539198	+6.55,+15.8,+21.9,IA	+6.32,+33.8,+21.8,MA	+6.53,+23.7,+21.9,EA	+6.83,+7.3,+20.3,AB	+2.25,+270.1,+21.0,KB	+6.87,+5.9,+20.3,MB	
1700807415.061173	+6.55,+15.9,+21.9,HA	+6.32,+33.9,+21.8,LA	+6.53,+23.7,+21.9,EA	+6.83,+7.3,+20.3,AB	+2.25,+270.0,+21.0,JB	+6.87,+5.9,+20.3,MB	
1700807477.0710685	+6.55,+15.8,+21.9,IA	+6.32,+34.0,+21.8,BA	+6.53,+23.7,+21.9,EA	+6.83,+7.2,+20.3,@B	+2.25,+269.9,+21.0,KB	+6.87,+5.9,+20.3,MB	
1700807539.0811565	+6.55,+15.9,+21.9,HA	+6.32,+34.0,+21.8,BA	+6.53,+23.7,+21.9,EA	+6.83,+7.2,+20.3,@B	+2.26,+269.7,+21.0,FB	+6.87,+5.9,+20.3,MB	
1700807601.088479	+6.55,+15.9,+21.9,HA	+6.32,+33.9,+21.8,LA	+6.53,+23.7,+21.9,EA	+6.83,+7.2,+20.3,@B	+2.25,+269.8,+21.0,JB	+6.87,+5.9,+20.3,MB	
1700807663.098543	+6.55,+15.9,+21.9,HA	+6.32,+34.0,+21.9,CA	+6.53,+23.8,+21.9,JA	+6.83,+7.3,+20.4,FB	+2.26,+269.3,+21.0,BB	+6.87,+5.9,+20.3,MB	
1700807725.107989	+6.55,+15.9,+21.9,HA	+6.32,+33.9,+21.8,LA	+6.53,+23.8,+21.9,JA	+6.83,+7.2,+20.3,@B	+2.26,+269.5,+21.0,DB	+6.87,+5.9,+20.3,MB	
1700807787.116929	+6.55,+15.8,+21.9,IA	+6.32,+34.0,+21.8,BA	+6.53,+23.7,+21.9,EA	+6.83,+7.2,+20.3,@B	+2.26,+269.5,+21.0,DB	+6.87,+5.9,+20.3,MB	
1700807849.12584	+6.55,+15.9,+21.9,HA	+6.32,+33.9,+21.8,LA	+6.53,+23.7,+21.9,EA	+6.83,+7.2,+20.3,@B	+2.26,+269.6,+21.0,GB	+6.87,+5.9,+20.3,MB	
1700807911.134519	+6.55,+15.9,+21.9,HA	+6.32,+34.0,+21.8,BA	+6.53,+23.7,+21.9,EA	+6.83,+7.2,+20.4,GB	+2.26,+269.6,+21.0,GB	+6.87,+5.9,+20.3,MB	
1700807973.1438332	+6.55,+15.8,+21.9,IA	+6.32,+34.0,+21.8,BA	+6.53,+23.7,+21.9,EA	+6.83,+7.2,+20.3,@B	+2.26,+269.6,+21.0,GB	+6.87,+5.9,+20.3,MB	
1700808035.1507435	+6.55,+15.9,+21.9,HA	+6.32,+34.0,+21.9,CA	+6.53,+23.7,+21.9,EA	+6.83,+7.2,+20.3,@B	+2.26,+269.6,+21.0,GB	+6.87,+5.9,+20.3,MB	
1700808097.1594076	+6.55,+15.8,+21.9,IA	+6.32,+34.0,+21.9,CA	+6.53,+23.7,+21.9,EA	+6.83,+7.2,+20.3,@B	+2.26,+269.6,+21.0,GB	+6.87,+6.0,+20.3,GB	
1700808159.1394985	+6.55,+15.9,+21.9,HA	+6.32,+33.9,+21.9,MA	+6.53,+23.8,+21.9,JA	+6.83,+7.2,+20.4,GB	+2.26,+269.6,+21.0,GB	+6.87,+5.9,+20.3,MB	
1700808221.1401284	+6.55,+15.9,+21.9,HA	+6.32,+34.0,+21.8,BA	+6.53,+23.7,+21.9,EA	+6.83,+7.3,+20.3,AB	+2.26,+269.7,+21.0,FB	+6.87,+5.9,+20.3,MB	
1700808283.1484156	+6.55,+15.9,+21.9,HA	+6.32,+34.0,+21.9,CA	+6.53,+23.7,+21.9,EA	+6.83,+7.2,+20.4,GB	+2.25,+269.9,+21.0,KB	+6.87,+5.9,+20.3,MB	
1700808345.1584246	+6.55,+15.9,+21.9,HA	+6.32,+33.9,+21.8,LA	+6.53,+23.7,+21.9,EA	+6.83,+7.3,+20.4,FB	+2.25,+270.0,+21.0,JB	+6.87,+5.9,+20.3,MB	
1700808407.1694846	+6.55,+15.8,+21.9,IA	+6.32,+34.0,+21.9,CA	+6.53,+23.8,+21.9,JA	+6.83,+7.2,+20.3,@B	+2.25,+270.0,+21.0,JB	+6.87,+5.9,+20.3,MB	
1700808469.179153	+6.55,+15.9,+21.9,HA	+6.32,+34.0,+21.8,BA	+6.53,+23.7,+21.9,EA	+6.83,+7.3,+20.4,FB	+2.26,+269.6,+21.0,GB	+6.87,+5.9,+20.3,MB	
1700808531.190807	+6.55,+15.9,+21.9,HA	+6.32,+34.0,+21.9,CA	+6.53,+23.7,+21.9,EA	+6.83,+7.2,+20.4,GB	+2.26,+269.5,+21.0,DB	+6.87,+6.0,+20.3,GB	
1700808593.1987247	+6.55,+15.8,+21.9,IA	+6.32,+34.0,+21.9,CA	+6.53,+23.7,+21.9,EA	+6.83,+7.2,+20.4,GB	+2.26,+269.3,+21.0,BB	+6.87,+5.9,+20.3,MB	
1700808655.2058413	+6.55,+15.8,+21.9,IA	+6.32,+34.1,+21.9,BA	+6.53,+23.8,+21.9,JA	+6.83,+7.3,+20.4,FB	+2.26,+269.2,+21.0,CB	+6.87,+5.9,+20.3,MB	
1700808717.2128773	+6.55,+15.8,+21.9,IA	+6.32,+34.0,+21.9,CA	+6.53,+23.7,+21.9,EA	+6.83,+7.2,+20.4,GB	+2.26,+269.3,+21.0,BB	+6.87,+5.9,+20.3,MB	
1700808779.220969	+6.55,+15.8,+21.9,IA	+6.32,+34.0,+21.8,BA	+6.53,+23.8,+21.9,JA	+6.83,+7.2,+20.4,GB	+2.27,+268.9,+21.0,HB	+6.87,+5.9,+20.3,MB	
1700808841.227156	+6.55,+15.9,+21.9,HA	+6.32,+34.0,+21.8,BA	+6.53,+23.7,+22.0,OA	+6.83,+7.2,+20.4,GB	+2.27,+269.0,+21.0,@B	+6.87,+5.9,+20.3,MB	
1700808903.237018	+6.55,+15.8,+21.9,IA	+6.32,+34.0,+21.9,CA	+6.53,+23.7,+21.9,EA	+6.83,+7.3,+20.3,AB	+2.33,+265.4,+21.0,MB	+6.87,+5.9,+20.3,MB	
1700808965.2448924	+6.55,+15.9,+21.9,HA	+6.32,+34.1,+21.9,BA	+6.53,+23.7,+21.9,EA	+6.83,+7.3,+20.4,FB	+2.33,+265.6,+21.0,OB	+6.87,+5.9,+20.3,MB	
1700809027.2546132	+6.55,+15.9,+21.9,HA	+6.32,+34.1,+21.9,BA	+6.52,+23.8,+21.9,KA	+6.83,+7.3,+20.4,FB	+2.33,+265.4,+21.0,MB	+6.87,+5.9,+20.3,MB	
1700809089.2634513	+6.55,+15.8,+21.9,IA	+6.32,+34.1,+21.9,BA	+6.53,+23.7,+21.9,EA	+6.83,+7.2,+20.4,GB	+2.28,+268.4,+21.0,JB	+6.87,+5.9,+20.3,MB	
1700809151.273177	+6.55,+15.9,+21.9,HA	+6.32,+34.1,+21.9,BA	+6.53,+23.7,+21.9,EA	+6.83,+7.3,+20.4,FB	+2.27,+268.6,+21.0,GB	+6.87,+5.9,+20.3,MB	
1700809396.8711455	+6.55,+15.9,+21.9,HA	+6.32,+34.1,+21.9,BA	+6.53,+23.7,+21.9,EA	+6.83,+7.3,+20.4,FB	+2.27,+268.7,+21.0,FB	+6.87,+5.9,+20.3,MB	
1700809458.8768692	+6.55,+15.9,+21.9,HA	+6.32,+34.1,+21.9,BA	+6.53,+23.7,+22.0,OA	+6.83,+7.2,+20.4,GB	+2.27,+269.0,+21.0,@B	+6.87,+6.0,+20.3,GB	
1700809520.8834572	+6.55,+15.8,+21.9,IA	+6.32,+34.2,+21.9,AA	+6.53,+23.7,+21.9,EA	+6.83,+7.2,+20.4,GB	+2.27,+269.0,+21.0,@B	+6.87,+6.0,+20.3,GB	
1700809582.8938315	+6.55,+15.9,+21.9,HA	+6.32,+34.2,+21.9,AA	+6.53,+23.7,+22.0,OA	+6.83,+7.3,+20.4,FB	+2.26,+269.4,+21.0,EB	+6.87,+5.9,+20.3,MB	
1700809644.9043145	+6.55,+15.8,+21.9,IA	+6.32,+34.1,+21.9,BA	+6.53,+23.7,+21.9,EA	+6.83,+7.2,+20.4,GB	+2.26,+269.5,+21.0,DB	+6.87,+5.9,+20.3,MB	
1700809706.913625	+6.55,+15.9,+21.9,HA	+6.32,+34.2,+21.9,AA	+6.52,+23.8,+21.9,KA	+6.83,+7.2,+20.4,GB	+2.26,+269.6,+21.0,GB	+6.87,+6.0,+20.3,GB	
1700809768.9210012	+6.55,+15.8,+21.9,IA	+6.32,+34.1,+21.9,BA	+6.53,+23.7,+21.9,EA	+6.83,+7.3,+20.3,AB	+2.26,+269.5,+21.0,DB	+6.87,+5.9,+20.3,MB	
1700809830.9298215	+6.55,+15.8,+21.9,IA	+6.32,+34.1,+21.9,BA	+6.53,+23.7,+21.9,EA	+6.83,+7.2,+20.4,GB	+2.26,+269.6,+21.0,GB	+6.87,+5.9,+20.3,MB	
1700809892.9384038	+6.55,+15.8,+21.9,IA	+6.32,+34.2,+21.9,AA	+6.53,+23.7,+21.9,EA	+6.83,+7.2,+20.4,GB	+2.26,+269.7,+21.0,FB	+6.87,+5.9,+20.3,MB	
1700809954.9450965	+6.55,+15.8,+21.9,IA	+6.32,+34.2,+21.9,AA	+6.53,+23.7,+22.0,OA	+6.83,+7.3,+20.4,FB	+2.26,+269.7,+21.0,FB	+6.87,+5.9,+20.3,MB	
1700810016.9567857	+6.55,+15.9,+21.9,HA	+6.32,+34.2,+21.9,AA	+6.53,+23.7,+21.9,EA	+6.83,+7.2,+20.4,GB	+2.23,+271.1,+21.1,MB	+6.87,+5.9,+20.3,MB	
1700810078.9642844	+6.55,+15.8,+21.9,IA	+6.32,+34.2,+21.9,AA	+6.53,+23.7,+22.0,OA	+6.83,+7.2,+20.4,GB	+2.23,+271.4,+21.0,IB	+6.87,+5.9,+20.3,MB	
1700810140.9740422	+6.55,+15.9,+21.9,HA	+6.32,+34.2,+21.9,AA	+6.52,+23.8,+21.9,KA	+6.83,+7.2,+20.4,GB	+2.26,+269.3,+21.0,BB	+6.87,+5.9,+20.3,MB	
1700810202.9801564	+6.55,+15.8,+21.9,IA	+6.31,+34.2,+21.9,BA	+6.53,+23.7,+21.9,EA	+6.83,+7.2,+20.4,GB	+2.26,+269.5,+21.0,DB	+6.87,+6.0,+20.3,GB	
1700810264.9874105	+6.55,+15.8,+21.9,IA	+6.32,+34.1,+21.9,BA	+6.53,+23.8,+21.9,JA	+6.83,+7.3,+20.4,FB	+2.27,+269.1,+21.1,@B	+6.87,+5.9,+20.3,MB	
1700810326.9945908	+6.55,+15.9,+22.0,BA	+6.31,+34.3,+21.9,CA	+6.53,+23.7,+21.9,EA	+6.83,+7.2,+20.4,GB	+2.27,+269.0,+21.0,@B	+6.87,+5.9,+20.3,MB	
1700810389.004759	+6.55,+15.9,+21.9,HA	+6.31,+34.2,+21.9,BA	+6.53,+23.7,+21.9,EA	+6.83,+7.2,+20.4,GB	+2.27,+268.9,+21.1,IB	+6.87,+5.9,+20.3,MB	
1700810451.016265	+6.55,+15.9,+21.9,HA	+6.32,+34.2,+21.9,AA	+6.53,+23.7,+22.0,OA	+6.83,+7.3,+20.4,FB	+2.27,+268.9,+21.1,IB	+6.87,+6.0,+20.3,GB	
1700810513.0241263	+6.55,+15.8,+21.9,IA	+6.31,+34.3,+21.9,CA	+6.53,+23.7,+22.0,OA	+6.83,+7.3,+20.4,FB	+2.27,+268.8,+21.1,HB	+6.87,+5.9,+20.3,MB	
1700810575.0322394	+6.55,+15.9,+21.9,HA	+6.31,+34.3,+21.9,CA	+6.53,+23.7,+21.9,EA	+6.83,+7.2,+20.4,GB	+2.28,+268.6,+21.0,HB	+6.87,+5.9,+20.3,MB	
1700810637.0447352	+6.55,+15.9,+21.9,HA	+6.31,+34.3,+21.9,CA	+6.53,+23.7,+22.0,OA	+6.83,+7.3,+20.4,FB	+2.27,+268.8,+21.0,IB	+6.87,+6.0,+20.3,GB	
1700810699.0534558	+6.55,+15.8,+21.9,IA	+6.32,+34.2,+21.9,AA	+6.53,+23.7,+22.0,OA	+6.83,+7.3,+20.4,FB	+2.27,+268.7,+21.1,GB	+6.87,+6.0,+20.3,GB	
1700810761.0645304	+6.55,+15.8,+22.0,CA	+6.31,+34.3,+21.9,CA	+6.53,+23.7,+22.0,OA	+6.83,+7.2,+20.4,GB	+2.28,+268.5,+21.1,JB	+6.87,+6.0,+20.3,GB	
1700810823.0730376	+6.55,+15.9,+22.0,BA	+6.31,+34.3,+21.9,CA	+6.53,+23.7,+22.0,OA	+6.83,+7.3,+20.4,FB	+2.28,+268.5,+21.0,KB	+6.87,+5.9,+20.3,MB	
1700810885.082952	+6.55,+15.8,+21.9,IA	+6.31,+34.2,+21.9,BA	+6.53,+23.7,+22.0,OA	+6.83,+7.2,+20.4,GB	+2.28,+268.4,+21.1,KB	+6.87,+5.9,+20.3,MB	
1700810947.091762	+6.55,+15.8,+22.0,CA	+6.31,+34.3,+21.9,CA	+6.53,+23.7,+22.0,OA	+6.83,+7.2,+20.4,GB	+2.28,+268.1,+21.1,NB	+6.87,+5.9,+20.3,MB	
1700811009.1006875	+6.55,+15.9,+22.0,BA	+6.31,+34.3,+21.9,CA	+6.53,+23.7,+22.0,OA	+6.83,+7.3,+20.4,FB	+2.28,+268.3,+21.1,LB	+6.87,+6.0,+20.3,GB	
1700811071.1103263	+6.55,+15.9,+21.9,HA	+6.31,+34.3,+21.9,CA	+6.53,+23.8,+22.0,@A	+6.83,+7.2,+20.4,GB	+2.28,+268.3,+21.1,LB	+6.87,+5.9,+20.3,MB	
1700811133.1200678	+6.55,+15.8,+22.0,CA	+6.31,+34.4,+21.9,DA	+6.53,+23.7,+21.9,EA	+6.83,+7.3,+20.4,FB	+2.28,+268.2,+21.1,MB	+6.87,+5.9,+20.3,MB	
1700811195.1320329	+6.55,+15.8,+22.0,CA	+6.31,+34.4,+21.9,DA	+6.53,+23.6,+22.0,NA	+6.83,+7.3,+20.4,FB	+2.31,+266.9,+21.1,@B	+6.87,+6.0,+20.3,GB	
1700811257.1394904	+6.55,+15.8,+22.0,CA	+6.31,+34.3,+21.9,CA	+6.53,+23.7,+22.0,OA	+6.83,+7.3,+20.4,FB	+2.31,+266.7,+21.1,NB	+6.87,+6.0,+20.3,GB	
1700811319.1462379	+6.55,+15.8,+21.9,IA	+6.31,+34.4,+21.9,DA	+6.53,+23.7,+21.9,EA	+6.83,+7.3,+20.4,FB	+2.30,+267.0,+21.1,IB	+6.87,+5.9,+20.3,MB	
1700811381.156368	+6.55,+15.8,+21.9,IA	+6.31,+34.3,+21.9,CA	+6.53,+23.7,+22.0,OA	+6.83,+7.2,+20.4,GB	+2.30,+267.0,+21.1,IB	+6.87,+5.9,+20.3,MB	
1700811443.1645446	+6.55,+15.8,+21.9,IA	+6.31,+34.4,+21.9,DA	+6.53,+23.8,+22.0,@A	+6.83,+7.2,+20.4,GB	+2.30,+267.0,+21.0,HB	+6.87,+5.9,+20.3,MB	
1700811505.173719	+6.55,+15.9,+22.0,BA	+6.31,+34.4,+21.9,DA	+6.53,+23.7,+22.0,OA	+6.83,+7.2,+20.4,GB	+2.30,+267.0,+21.1,IB	+6.87,+6.0,+20.3,GB	
1700811567.1815827	+6.55,+15.8,+22.0,CA	+6.31,+34.4,+21.9,DA	+6.53,+23.7,+22.0,OA	+6.83,+7.2,+20.4,GB	+2.30,+267.0,+21.1,IB	+6.87,+5.9,+20.3,MB	
1700811629.1879554	+6.55,+15.9,+21.9,HA	+6.31,+34.4,+21.9,DA	+6.53,+23.7,+21.9,EA	+6.83,+7.3,+20.4,FB	+2.31,+266.9,+21.1,@B	+6.87,+5.9,+20.3,MB	
1700811691.1954393	+6.55,+15.9,+22.0,BA	+6.31,+34.4,+21.9,DA	+6.53,+23.7,+21.9,EA	+6.83,+7.3,+20.4,FB	+2.31,+266.8,+21.1,AB	+6.87,+5.9,+20.3,MB	
1700811753.2026782	+6.55,+15.9,+22.0,BA	+6.31,+34.4,+21.9,DA	+6.53,+23.7,+22.0,OA	+6.83,+7.3,+20.4,FB	+2.31,+266.9,+21.1,@B	+6.87,+5.9,+20.3,MB	
1700811815.2127452	+6.55,+15.8,+22.0,CA	+6.31,+34.4,+21.9,DA	+6.53,+23.7,+22.0,OA	+6.83,+7.2,+20.4,GB	+2.31,+266.6,+21.1,OB	+6.87,+5.9,+20.3,MB	
1700811877.2204285	+6.55,+15.9,+21.9,HA	+6.31,+34.4,+21.9,DA	+6.53,+23.7,+22.0,OA	+6.83,+7.2,+20.4,GB	+2.32,+266.0,+21.1,JB	+6.87,+6.0,+20.3,GB	
1700811939.2290652	+6.55,+15.9,+22.0,BA	+6.31,+34.4,+21.9,DA	+6.53,+23.7,+22.0,OA	+6.83,+7.3,+20.4,FB	+2.32,+266.2,+21.1,HB	+6.87,+5.9,+20.3,MB	
1700812001.2365556	+6.55,+15.8,+22.0,CA	+6.31,+34.4,+21.9,DA	+6.53,+23.7,+22.0,OA	+6.83,+7.3,+20.4,FB	+2.32,+266.1,+21.1,KB	+6.87,+5.9,+20.3,MB	
1700812063.2437265	+6.55,+15.9,+21.9,HA	+6.31,+34.4,+21.9,DA	+6.53,+23.7,+22.0,OA	+6.83,+7.3,+20.4,FB	+2.32,+266.3,+21.1,IB	+6.87,+6.0,+20.3,GB	
1700812125.2527742	+6.55,+15.9,+22.0,BA	+6.31,+34.5,+21.9,EA	+6.53,+23.7,+22.0,OA	+6.83,+7.2,+20.4,GB	+2.32,+266.1,+21.1,KB	+6.87,+6.0,+20.3,GB	
1700812187.2606664	+6.55,+15.9,+21.9,HA	+6.31,+34.4,+21.9,DA	+6.53,+23.7,+22.0,OA	+6.83,+7.3,+20.4,FB	+2.31,+266.4,+21.1,MB	+6.87,+6.0,+20.3,GB	
1700812249.270415	+6.55,+15.9,+22.0,BA	+6.31,+34.4,+21.9,DA	+6.53,+23.7,+22.0,OA	+6.83,+7.3,+20.4,FB	+2.31,+266.8,+21.1,AB	+6.87,+6.0,+20.3,GB	
1700812311.2794714	+6.55,+15.9,+22.0,BA	+6.31,+34.5,+21.9,EA	+6.53,+23.7,+22.0,OA	+6.83,+7.3,+20.4,FB	+2.31,+266.9,+21.1,@B	+6.87,+5.9,+20.3,MB	
1700812373.2832263	+6.55,+15.8,+22.0,CA	+6.31,+34.4,+21.9,DA	+6.53,+23.7,+22.0,OA	+6.83,+7.2,+20.4,GB	+2.30,+267.1,+21.1,HB	+6.87,+5.9,+20.3,MB	
1700812435.2914934	+6.55,+15.9,+22.0,BA	+6.31,+34.4,+21.9,DA	+6.52,+23.8,+22.0,AA	+6.83,+7.2,+20.4,GB	+2.30,+267.0,+21.1,IB	+6.87,+5.9,+20.3,MB	
1700812497.3019588	+6.55,+15.8,+21.9,IA	+6.31,+34.4,+21.9,DA	+6.53,+23.7,+22.0,OA	+6.82,+7.3,+20.4,GB	+2.36,+263.7,+21.1,LB	+6.87,+5.9,+20.3,MB	
1700812559.3101125	+6.55,+15.8,+21.9,IA	+6.31,+34.4,+21.9,DA	+6.53,+23.7,+22.0,OA	+6.83,+7.3,+20.4,FB	+2.36,+263.5,+21.1,NB	+6.87,+6.0,+20.3,GB	
1700812621.3195648	+6.55,+15.9,+22.0,BA	+6.31,+34.4,+21.9,DA	+6.53,+23.7,+22.0,OA	+6.83,+7.3,+20.4,FB	+2.33,+265.5,+21.1,MB	+6.87,+6.0,+20.4,@B	
1700812683.326777	+6.55,+15.9,+22.0,BA	+6.31,+34.5,+21.9,EA	+6.53,+23.7,+22.0,OA	+6.83,+7.3,+20.4,FB	+2.33,+265.7,+21.1,OB	+6.87,+6.0,+20.3,GB	
1700812745.3358326	+6.55,+15.8,+22.0,CA	+6.31,+34.5,+21.9,EA	+6.53,+23.7,+22.0,OA	+6.83,+7.3,+20.4,FB	+2.33,+265.6,+21.1,NB	+6.87,+6.0,+20.4,@B	
1700812807.3421154	+6.55,+15.8,+22.0,CA	+6.31,+34.5,+21.9,EA	+6.53,+23.7,+22.0,OA	+6.83,+7.3,+20.4,FB	+2.33,+265.7,+21.1,OB	+6.87,+6.0,+20.3,GB	
1700812869.3488204	+6.55,+15.8,+22.0,CA	+6.31,+34.4,+21.9,DA	+6.53,+23.7,+22.0,OA	+6.83,+7.3,+20.4,FB	+2.33,+265.8,+21.1,@B	+6.87,+6.0,+20.3,GB	
1700812931.3589485	+6.55,+15.9,+22.0,BA	+6.31,+34.5,+21.9,EA	+6.53,+23.7,+22.0,OA	+6.83,+7.3,+20.4,FB	+2.32,+265.9,+21.1,@B	+6.87,+6.0,+20.3,GB	
1700812993.3699641	+6.55,+15.8,+22.0,CA	+6.31,+34.5,+21.9,EA	+6.53,+23.7,+22.0,OA	+6.83,+7.2,+20.4,GB	+2.33,+265.8,+21.1,@B	+6.87,+5.9,+20.4,JB	
1700813238.9207308	+6.55,+15.9,+22.0,BA	+6.31,+34.5,+21.9,EA	+6.53,+23.7,+22.0,OA	+6.83,+7.2,+20.4,GB	+2.30,+267.0,+21.1,IB	+6.87,+6.0,+20.4,@B	
1700813300.9295535	+6.55,+15.9,+22.0,BA	+6.31,+34.5,+21.9,EA	+6.53,+23.7,+22.0,OA	+6.83,+7.3,+20.4,FB	+2.31,+266.9,+21.1,@B	+6.87,+6.0,+20.4,@B	
1700813362.9385717	+6.55,+15.8,+22.0,CA	+6.31,+34.5,+21.9,EA	+6.53,+23.7,+22.0,OA	+6.83,+7.3,+20.4,FB	+2.30,+267.4,+21.1,MB	+6.87,+5.9,+20.4,JB	
1700813424.9479175	+6.55,+15.8,+22.0,CA	+6.31,+34.5,+21.9,EA	+6.53,+23.7,+22.0,OA	+6.83,+7.3,+20.4,FB	+2.30,+267.2,+21.1,KB	+6.87,+6.0,+20.4,@B	
1700813486.9590766	+6.55,+15.9,+22.0,BA	+6.31,+34.6,+21.9,FA	+6.53,+23.7,+22.0,OA	+6.83,+7.3,+20.4,FB	+2.30,+267.0,+21.1,IB	+6.87,+5.9,+20.3,MB	
1700813548.9694088	+6.55,+15.8,+22.0,CA	+6.31,+34.6,+21.9,FA	+6.53,+23.7,+22.0,OA	+6.83,+7.2,+20.4,GB	+2.30,+267.1,+21.1,HB	+6.87,+6.0,+20.4,@B	
1700813610.9776285	+6.55,+15.8,+22.0,CA	+6.31,+34.6,+21.9,FA	+6.53,+23.7,+22.0,OA	+6.83,+7.2,+20.4,GB	+2.30,+267.1,+21.1,HB	+6.87,+6.0,+20.3,GB	
1700813672.9873815	+6.55,+15.8,+22.0,CA	+6.31,+34.6,+21.9,FA	+6.52,+23.8,+22.0,AA	+6.83,+7.3,+20.4,FB	+2.30,+267.0,+21.1,IB	+6.87,+5.9,+20.4,JB	
1700813734.9970539	+6.55,+15.8,+22.0,CA	+6.31,+34.6,+21.9,FA	+6.53,+23.7,+22.0,OA	+6.83,+7.2,+20.4,GB	+2.30,+267.1,+21.1,HB	+6.87,+5.9,+20.4,JB	
1700813797.0095804	+6.55,+15.8,+22.0,CA	+6.31,+34.5,+21.9,EA	+6.53,+23.8,+22.0,@A	+6.83,+7.3,+20.4,FB	+2.30,+267.3,+21.1,JB	+6.87,+6.0,+20.4,@B	
1700813859.0199964	+6.55,+15.8,+22.0,CA	+6.31,+34.5,+21.9,EA	+6.53,+23.7,+22.0,OA	+6.83,+7.3,+20.4,FB	+2.30,+267.0,+21.1,IB	+6.87,+6.0,+20.4,@B	
1700813921.0292017	+6.55,+15.9,+22.0,BA	+6.31,+34.6,+21.9,FA	+6.53,+23.7,+22.0,OA	+6.83,+7.3,+20.4,FB	+2.30,+267.1,+21.1,HB	+6.87,+6.0,+20.4,@B	
1700813983.0411944	+6.55,+15.9,+22.0,BA	+6.31,+34.6,+21.9,FA	+6.53,+23.7,+22.0,OA	+6.83,+7.3,+20.4,FB	+2.30,+267.4,+21.1,MB	+6.87,+6.0,+20.3,GB	
1700814045.0514	+6.55,+15.8,+22.0,CA	+6.31,+34.6,+21.9,FA	+6.53,+23.7,+22.0,OA	+6.83,+7.2,+20.4,GB	+2.30,+267.4,+21.1,MB	+6.87,+6.0,+20.3,GB	
1700814107.062405	+6.55,+15.9,+22.0,BA	+6.31,+34.7,+21.9,GA	+6.53,+23.7,+22.0,OA	+6.83,+7.3,+20.4,FB	+2.30,+267.1,+21.1,HB	+6.87,+6.0,+20.4,@B	
1700814169.07221	+6.55,+15.8,+22.0,CA	+6.31,+34.7,+21.9,GA	+6.53,+23.7,+22.0,OA	+6.83,+7.3,+20.4,FB	+2.30,+267.2,+21.1,KB	+6.87,+6.0,+20.4,@B	
1700814231.0809803	+6.55,+15.9,+22.0,BA	+6.31,+34.7,+21.9,GA	+6.53,+23.7,+22.0,OA	+6.83,+7.3,+20.5,GB	+2.30,+267.3,+21.1,JB	+6.87,+6.0,+20.4,@B	
1700814293.0853982	+6.55,+15.9,+22.0,BA	+6.31,+34.6,+21.9,FA	+6.53,+23.7,+22.0,OA	+6.83,+7.2,+20.4,GB	+2.30,+267.1,+21.1,HB	+6.87,+6.0,+20.3,GB	
1700814355.0920744	+6.55,+15.8,+22.0,CA	+6.31,+34.7,+21.9,GA	+6.53,+23.7,+22.0,OA	+6.83,+7.2,+20.4,GB	+2.31,+266.9,+21.1,@B	+6.87,+6.0,+20.3,GB	
1700814417.1011167	+6.55,+15.9,+22.0,BA	+6.31,+34.6,+21.9,FA	+6.53,+23.7,+22.0,OA	+6.83,+7.3,+20.4,FB	+2.31,+266.9,+21.1,@B	+6.87,+5.9,+20.4,JB	
1700814479.1105602	+6.55,+15.8,+22.0,CA	+6.31,+34.6,+21.9,FA	+6.53,+23.7,+22.0,OA	+6.83,+7.3,+20.4,FB	+2.30,+267.1,+21.1,HB	+6.86,+6.0,+20.4,AB	
1700814541.1191015	+6.55,+15.8,+22.0,CA	+6.31,+34.7,+21.9,GA	+6.53,+23.7,+22.0,OA	+6.83,+7.3,+20.4,FB	+2.30,+267.1,+21.1,HB	+6.87,+6.0,+20.4,@B	
1700814603.128129	+6.55,+15.8,+22.0,CA	+6.31,+34.6,+21.9,FA	+6.53,+23.8,+22.0,@A	+6.83,+7.3,+20.5,GB	+2.30,+267.0,+21.1,IB	+6.87,+5.9,+20.4,JB	
1700814665.13847	+6.55,+15.9,+22.0,BA	+6.31,+34.7,+21.9,GA	+6.53,+23.7,+22.0,OA	+6.83,+7.3,+20.5,GB	+2.30,+267.0,+21.1,IB	+6.87,+6.0,+20.4,@B	
1700814727.1437142	+6.55,+15.8,+22.0,CA	+6.31,+34.6,+21.9,FA	+6.53,+23.8,+22.0,@A	+6.83,+7.3,+20.4,FB	+2.31,+267.0,+21.1,HB	+6.87,+6.0,+20.4,@B	
1700814789.1522527	+6.55,+15.8,+22.0,CA	+6.31,+34.7,+21.9,GA	+6.52,+23.8,+22.0,AA	+6.83,+7.3,+20.5,GB	+2.31,+266.9,+21.1,@B	+6.87,+5.9,+20.4,JB	
1700814851.161734	+6.55,+15.8,+22.0,CA	+6.31,+34.6,+21.9,FA	+6.53,+23.7,+22.0,OA	+6.83,+7.3,+20.4,FB	+2.31,+266.8,+21.1,AB	+6.86,+6.0,+20.4,AB	
1700814913.1717026	+6.55,+15.8,+22.0,CA	+6.31,+34.7,+21.9,GA	+6.53,+23.7,+22.0,OA	+6.83,+7.2,+20.5,FB	+2.31,+266.9,+21.1,@B	+6.87,+6.0,+20.4,@B	
1700814975.1828396	+6.55,+15.8,+22.0,CA	+6.31,+34.7,+21.9,GA	+6.53,+23.7,+22.0,OA	+6.83,+7.3,+20.4,FB	+2.31,+266.8,+21.1,AB	+6.87,+5.9,+20.3,MB	
1700815037.1916578	+6.55,+15.9,+22.0,BA	+6.31,+34.7,+21.9,GA	+6.53,+23.7,+22.0,OA	+6.83,+7.2,+20.4,GB	+2.30,+267.2,+21.1,KB	+6.87,+5.9,+20.4,JB	
1700815099.2017229	+6.55,+15.9,+22.0,BA	+6.31,+34.7,+21.9,GA	+6.53,+23.7,+22.0,OA	+6.83,+7.3,+20.4,FB	+2.30,+267.0,+21.1,IB	+6.87,+6.0,+20.4,@B	
1700815161.2115273	+6.55,+15.8,+22.0,CA	+6.31,+34.8,+21.9,HA	+6.53,+23.7,+22.0,OA	+6.83,+7.3,+20.4,FB	+2.30,+267.3,+21.1,JB	+6.87,+6.0,+20.4,@B	
1700815223.2210996	+6.55,+15.9,+22.0,BA	+6.31,+34.7,+21.9,GA	+6.53,+23.7,+22.0,OA	+6.83,+7.2,+20.5,FB	+2.30,+267.1,+21.1,HB	+6.87,+6.0,+20.4,@B	
1700815285.230869	+6.55,+15.8,+22.0,CA	+6.31,+34.7,+21.9,GA	+6.53,+23.7,+22.0,OA	+6.83,+7.2,+20.4,GB	+2.31,+266.8,+21.1,AB	+6.87,+6.0,+20.4,@B	
1700815347.238212	+6.55,+15.8,+22.0,CA	+6.31,+34.7,+22.0,MA	+6.53,+23.7,+22.0,OA	+6.83,+7.3,+20.5,GB	+2.30,+267.1,+21.1,HB	+6.87,+6.0,+20.4,@B	
1700815409.2470164	+6.55,+15.9,+22.0,BA	+6.31,+34.7,+21.9,GA	+6.53,+23.7,+22.0,OA	+6.83,+7.2,+20.5,FB	+2.31,+266.9,+21.1,@B	+6.86,+6.0,+20.4,AB	
1700815471.2535608	+6.55,+15.9,+22.0,BA	+6.31,+34.8,+21.9,HA	+6.53,+23.7,+22.0,OA	+6.83,+7.2,+20.5,FB	+2.31,+266.9,+21.1,@B	+6.87,+6.0,+20.4,@B	
1700815533.2615929	+6.55,+15.9,+22.0,BA	+6.31,+34.7,+21.9,GA	+6.53,+23.8,+22.0,@A	+6.83,+7.3,+20.4,FB	+2.31,+266.5,+21.1,LB	+6.87,+6.0,+20.4,@B	
1700815595.2691567	+6.55,+15.8,+22.0,CA	+6.31,+34.8,+21.9,HA	+6.53,+23.7,+22.0,OA	+6.83,+7.3,+20.4,FB	+2.32,+265.9,+21.1,@B	+6.86,+6.0,+20.4,AB	
1700815657.2771795	+6.55,+15.8,+22.0,CA	+6.31,+34.8,+22.0,BA	+6.53,+23.7,+22.0,OA	+6.83,+7.2,+20.5,FB	+2.32,+265.9,+21.1,@B	+6.87,+6.0,+20.4,@B	
1700815719.2876172	+6.55,+15.9,+22.0,BA	+6.31,+34.8,+21.9,HA	+6.53,+23.7,+22.0,OA	+6.83,+7.3,+20.5,GB	+2.33,+265.6,+21.1,NB	+6.87,+6.0,+20.4,@B	
1700815781.2974014	+6.55,+15.8,+22.0,CA	+6.31,+34.8,+22.0,BA	+6.53,+23.7,+22.0,OA	+6.83,+7.2,+20.5,FB	+2.33,+265.5,+21.1,MB	+6.87,+6.0,+20.4,@B	
1700815843.3058236	+6.55,+15.9,+22.0,BA	+6.31,+34.8,+21.9,HA	+6.53,+23.7,+22.0,OA	+6.83,+7.3,+20.5,GB	+2.38,+262.6,+21.1,BB	+6.87,+6.0,+20.4,@B	
1700815905.316024	+6.55,+15.9,+22.0,BA	+6.31,+34.8,+21.9,HA	+6.53,+23.8,+22.0,@A	+6.83,+7.3,+20.5,GB	+2.38,+262.8,+21.1,LB	+6.87,+6.0,+20.4,@B	
1700815967.3241618	+6.55,+15.8,+22.0,CA	+6.31,+34.8,+21.9,HA	+6.53,+23.8,+22.0,@A	+6.83,+7.2,+20.5,FB	+2.33,+265.5,+21.1,MB	+6.86,+6.0,+20.4,AB	
1700816029.3343787	+6.55,+15.9,+22.0,BA	+6.31,+34.7,+21.9,GA	+6.53,+23.8,+22.0,@A	+6.83,+7.3,+20.5,GB	+2.34,+264.8,+21.1,FB	+6.87,+6.0,+20.4,@B	
1700816091.3451078	+6.55,+15.9,+22.0,BA	+6.31,+34.7,+22.0,MA	+6.53,+23.8,+22.0,@A	+6.83,+7.2,+20.5,FB	+2.35,+264.4,+21.1,KB	+6.87,+6.0,+20.4,@B	
1700816153.3517094	+6.55,+15.9,+22.0,BA	+6.30,+34.8,+22.0,CA	+6.53,+23.7,+22.0,OA	+6.83,+7.3,+20.5,GB	+2.34,+265.2,+21.1,MB	+6.87,+6.0,+20.4,@B	
1700816215.360692	+6.55,+15.8,+22.0,CA	+6.30,+34.8,+22.0,CA	+6.53,+23.6,+22.0,NA	+6.83,+7.3,+20.5,GB	+2.34,+264.9,+21.1,GB	+6.87,+6.0,+20.4,@B	
1700816277.3694768	+6.55,+15.8,+22.0,CA	+6.31,+34.8,+22.0,BA	+6.53,+23.7,+22.0,OA	+6.83,+7.3,+20.5,GB	+2.34,+265.1,+21.2,MB	+6.87,+6.0,+20.4,@B	
1700816339.37913	+6.55,+15.8,+22.0,CA	+6.31,+34.8,+21.9,HA	+6.53,+23.7,+22.0,OA	+6.83,+7.3,+20.5,GB	+2.33,+265.6,+21.1,NB	+6.87,+6.0,+20.4,@B	
1700816401.3866475	+6.55,+15.9,+22.0,BA	+6.30,+34.8,+22.0,CA	+6.53,+23.6,+22.0,NA	+6.82,+7.3,+20.5,FB	+2.33,+265.9,+21.1,AB	+6.87,+6.0,+20.4,@B	
1700816463.396151	+6.55,+15.9,+22.0,BA	+6.30,+34.9,+22.0,BA	+6.53,+23.8,+22.0,@A	+6.83,+7.3,+20.5,GB	+2.33,+265.8,+21.1,@B	+6.87,+5.9,+20.4,JB	
1700816525.405625	+6.55,+15.9,+22.0,BA	+6.31,+34.8,+22.0,BA	+6.53,+23.7,+22.0,OA	+6.83,+7.3,+20.5,GB	+2.32,+265.9,+21.1,@B	+6.87,+5.9,+20.4,JB	
1700816587.415599	+6.55,+15.9,+22.0,BA	+6.31,+34.8,+22.0,BA	+6.53,+23.7,+22.0,OA	+6.83,+7.3,+20.5,GB	+2.33,+265.7,+21.1,OB	+6.87,+6.0,+20.4,@B	
1700816649.4252243	+6.55,+15.8,+22.0,CA	+6.30,+34.8,+22.0,CA	+6.53,+23.7,+22.1,NA	+6.83,+7.3,+20.5,GB	+2.33,+265.7,+21.1,OB	+6.87,+5.9,+20.4,JB	
1700816711.4350688	+6.55,+15.8,+22.0,CA	+6.31,+34.8,+22.0,BA	+6.53,+23.7,+22.1,NA	+6.83,+7.3,+20.5,GB	+2.32,+266.0,+21.1,JB	+6.87,+5.9,+20.4,JB	
1700816773.4447823	+6.55,+15.8,+22.0,CA	+6.31,+34.7,+22.0,MA	+6.53,+23.7,+22.0,OA	+6.83,+7.3,+20.5,GB	+2.33,+265.4,+21.1,LB	+6.87,+6.0,+20.4,@B	
1700816835.4550376	+6.55,+15.9,+22.1,CA	+6.31,+34.8,+22.0,BA	+6.53,+23.6,+22.0,NA	+6.83,+7.3,+20.5,GB	+2.32,+266.0,+21.1,JB	+6.86,+6.0,+20.4,AB	
1700817081.0463371	+6.55,+15.8,+22.0,CA	+6.30,+34.8,+22.0,CA	+6.53,+23.7,+22.0,OA	+6.83,+7.2,+20.5,FB	+2.33,+265.6,+21.2,MB	+6.87,+6.0,+20.4,@B	
1700817143.056199	+6.55,+15.9,+22.0,BA	+6.30,+34.9,+22.0,BA	+6.53,+23.7,+22.0,OA	+6.83,+7.3,+20.5,GB	+2.33,+265.9,+21.2,BB	+6.87,+6.0,+20.4,@B	
1700817205.0660775	+6.55,+15.8,+22.0,CA	+6.30,+35.0,+22.0,JA	+6.53,+23.7,+22.0,OA	+6.83,+7.3,+20.5,GB	+2.33,+265.6,+21.2,MB	+6.86,+6.0,+20.4,AB	
1700817267.0763838	+6.55,+15.8,+22.0,CA	+6.30,+35.0,+22.0,JA	+6.53,+23.7,+22.0,OA	+6.83,+7.3,+20.5,GB	+2.33,+265.8,+21.2,CB	+6.86,+6.0,+20.4,AB	
1700817329.0850017	+6.55,+15.9,+22.0,BA	+6.30,+34.9,+22.0,BA	+6.53,+23.7,+22.1,NA	+6.83,+7.3,+20.5,GB	+2.33,+265.9,+21.1,AB	+6.87,+6.0,+20.4,@B	
1700817391.094975	+6.55,+15.8,+22.0,CA	+6.30,+34.9,+22.0,BA	+6.53,+23.7,+22.0,OA	+6.83,+7.3,+20.5,GB	+2.33,+265.7,+21.2,LB	+6.87,+5.9,+20.4,JB	
1700817453.105846	+6.55,+15.8,+22.0,CA	+6.30,+34.9,+22.0,BA	+6.53,+23.8,+22.0,@A	+6.83,+7.3,+20.5,GB	+2.33,+265.9,+21.1,AB	+6.86,+6.0,+20.4,AB	
1700817515.1159587	+6.55,+15.8,+22.0,CA	+6.30,+34.8,+22.0,CA	+6.53,+23.7,+22.1,NA	+6.83,+7.3,+20.5,GB	+2.33,+265.7,+21.2,LB	+6.86,+6.0,+20.4,AB	
1700817577.1214163	+6.55,+15.8,+22.0,CA	+6.30,+34.9,+22.0,BA	+6.53,+23.7,+22.1,NA	+6.83,+7.3,+20.5,GB	+2.32,+266.0,+21.1,JB	+6.87,+6.0,+20.4,@B	
1700817639.1295443	+6.55,+15.9,+22.0,BA	+6.30,+34.9,+22.0,BA	+6.53,+23.7,+22.1,NA	+6.83,+7.3,+20.5,GB	+2.30,+267.4,+21.1,MB	+6.87,+6.0,+20.4,@B	
1700817701.139014	+6.55,+15.8,+22.1,BA	+6.30,+34.8,+22.0,CA	+6.53,+23.7,+22.1,NA	+6.83,+7.3,+20.5,GB	+2.30,+267.5,+21.1,LB	+6.87,+6.0,+20.4,@B	
1700817763.1486971	+6.55,+15.8,+22.0,CA	+6.30,+34.9,+22.0,BA	+6.53,+23.7,+22.1,NA	+6.83,+7.3,+20.5,GB	+2.29,+267.8,+21.1,IB	+6.87,+6.0,+20.4,@B	
1700817825.1583061	+6.55,+15.8,+22.1,BA	+6.30,+35.0,+22.0,JA	+6.53,+23.7,+22.1,NA	+6.83,+7.3,+20.5,GB	+2.30,+267.6,+21.2,LB	+6.87,+6.0,+20.4,@B	
1700817887.1682813	+6.55,+15.8,+22.0,CA	+6.30,+34.9,+22.0,BA	+6.53,+23.7,+22.1,NA	+6.83,+7.3,+20.5,GB	+2.29,+267.7,+21.2,EB	+6.87,+6.0,+20.4,@B	
1700817949.1782594	+6.55,+15.8,+22.1,BA	+6.30,+34.9,+22.0,BA	+6.53,+23.7,+22.0,OA	+6.83,+7.3,+20.5,GB	+2.30,+267.6,+21.2,LB	+6.87,+6.0,+20.4,@B	
1700818011.185844	+6.55,+15.8,+22.1,BA	+6.30,+34.9,+22.0,BA	+6.53,+23.7,+22.1,NA	+6.83,+7.3,+20.5,GB	+2.29,+267.8,+21.2,JB	+6.86,+6.1,+20.4,@B	
1700818073.1936662	+6.55,+15.9,+22.0,BA	+6.30,+34.9,+22.0,BA	+6.53,+23.7,+22.0,OA	+6.83,+7.3,+20.5,GB	+2.29,+267.9,+21.2,KB	+6.87,+6.0,+20.4,@B	
1700818135.2006838	+6.55,+15.8,+22.1,BA	+6.30,+34.9,+22.0,BA	+6.53,+23.7,+22.1,NA	+6.83,+7.2,+20.5,FB	+2.29,+267.8,+21.1,IB	+6.87,+6.0,+20.4,@B	
1700818197.2111845	+6.55,+15.8,+22.1,BA	+6.30,+35.0,+22.0,JA	+6.53,+23.7,+22.1,NA	+6.83,+7.3,+20.5,GB	+2.30,+267.5,+21.2,OB	+6.87,+6.0,+20.4,@B	
1700818259.2201838	+6.55,+15.8,+22.1,BA	+6.30,+34.9,+22.0,BA	+6.53,+23.7,+22.1,NA	+6.83,+7.3,+20.5,GB	+2.30,+267.6,+21.2,LB	+6.87,+6.0,+20.4,@B	
1700818321.22942	+6.55,+15.8,+22.0,CA	+6.30,+35.0,+22.0,JA	+6.53,+23.7,+22.1,NA	+6.83,+7.3,+20.5,GB	+2.29,+267.8,+21.2,JB	+6.86,+6.0,+20.4,AB	
1700818383.2375348	+6.55,+15.9,+22.1,CA	+6.30,+34.9,+22.0,BA	+6.53,+23.7,+22.1,NA	+6.83,+7.2,+20.5,FB	+2.29,+268.0,+21.2,MB	+6.87,+6.0,+20.4,@B	
1700818445.2427146	+6.55,+15.9,+22.1,CA	+6.30,+35.0,+22.0,JA	+6.53,+23.7,+22.1,NA	+6.83,+7.2,+20.5,FB	+2.30,+267.5,+21.2,OB	+6.86,+6.0,+20.4,AB	
1700818507.2522473	+6.55,+15.8,+22.1,BA	+6.30,+34.9,+22.0,BA	+6.53,+23.7,+22.1,NA	+6.83,+7.3,+20.5,GB	+2.28,+268.5,+21.2,IB	+6.86,+6.0,+20.4,AB	
1700818569.2618084	+6.55,+15.8,+22.1,BA	+6.30,+35.0,+22.0,JA	+6.53,+23.7,+22.1,NA	+6.83,+7.3,+20.5,GB	+2.28,+268.5,+21.2,IB	+6.87,+6.0,+20.4,@B	
1700818631.2701862	+6.55,+15.9,+22.1,CA	+6.30,+35.0,+22.0,JA	+6.53,+23.7,+22.1,NA	+6.83,+7.3,+20.5,GB	+2.29,+268.2,+21.1,LB	+6.87,+6.0,+20.4,@B	
1700818693.2806582	+6.55,+15.8,+22.1,BA	+6.30,+34.9,+22.0,BA	+6.53,+23.7,+22.1,NA	+6.83,+7.2,+20.5,FB	+2.27,+269.0,+21.2,BB	+6.86,+6.0,+20.4,AB	
1700818755.2904239	+6.55,+15.9,+22.1,CA	+6.30,+35.0,+22.0,JA	+6.53,+23.7,+22.1,NA	+6.83,+7.3,+20.5,GB	+2.27,+268.9,+21.2,JB	+6.86,+6.0,+20.4,AB	
1700818817.2986546	+6.55,+15.8,+22.0,CA	+6.30,+35.0,+22.0,JA	+6.53,+23.7,+22.1,NA	+6.83,+7.3,+20.5,GB	+2.27,+268.9,+21.2,JB	+6.87,+6.0,+20.4,@B	
1700818879.3057296	+6.55,+15.8,+22.1,BA	+6.30,+35.1,+22.0,KA	+6.53,+23.7,+22.1,NA	+6.83,+7.2,+20.5,FB	+2.28,+268.7,+21.2,KB	+6.86,+6.0,+20.4,AB	
1700818941.3158689	+6.55,+15.8,+22.1,BA	+6.30,+35.0,+22.0,JA	+6.53,+23.7,+22.1,NA	+6.83,+7.2,+20.5,FB	+2.29,+267.9,+21.2,KB	+6.86,+6.0,+20.4,AB	
1700819003.3241193	+6.55,+15.8,+22.1,BA	+6.30,+34.9,+22.0,BA	+6.53,+23.7,+22.1,NA	+6.83,+7.2,+20.5,FB	+2.30,+267.2,+21.2,HB	+6.87,+6.0,+20.5,AB	
1700819065.3329368	+6.55,+15.9,+22.1,CA	+6.30,+35.0,+22.0,JA	+6.53,+23.7,+22.1,NA	+6.83,+7.3,+20.5,GB	+2.31,+266.8,+21.2,BB	+6.86,+6.0,+20.5,@B	
1700819127.330416	+6.55,+15.8,+22.1,BA	+6.30,+35.0,+22.0,JA	+6.53,+23.7,+22.1,NA	+6.83,+7.3,+20.5,GB	+2.31,+267.0,+21.2,KB	+6.86,+6.0,+20.4,AB	
1700819189.339215	+6.55,+15.8,+22.1,BA	+6.30,+35.0,+22.0,JA	+6.53,+23.7,+22.1,NA	+6.83,+7.3,+20.5,GB	+2.32,+266.4,+21.2,MB	+6.87,+6.0,+20.4,@B	
1700819251.3458767	+6.55,+15.8,+22.0,CA	+6.30,+35.0,+22.0,JA	+6.53,+23.7,+22.1,NA	+6.83,+7.3,+20.5,GB	+2.31,+266.5,+21.2,OB	+6.87,+5.9,+20.4,JB	
1700819313.3556182	+6.55,+15.9,+22.1,CA	+6.30,+35.0,+22.0,JA	+6.53,+23.7,+22.1,NA	+6.83,+7.3,+20.5,GB	+2.32,+266.0,+21.2,IB	+6.86,+6.0,+20.4,AB	
1700819375.3655653	+6.55,+15.8,+22.1,BA	+6.30,+35.1,+22.0,KA	+6.53,+23.8,+22.1,AA	+6.83,+7.3,+20.5,GB	+2.31,+266.8,+21.2,BB	+6.86,+6.0,+20.4,AB	
1700819437.374551	+6.55,+15.8,+22.1,BA	+6.30,+35.1,+22.0,KA	+6.53,+23.7,+22.1,NA	+6.83,+7.3,+20.5,GB	+2.31,+267.0,+21.2,KB	+6.86,+6.0,+20.4,AB	
1700819499.3834145	+6.55,+15.8,+22.1,BA	+6.30,+35.1,+22.0,KA	+6.53,+23.7,+22.1,NA	+6.83,+7.3,+20.5,GB	+2.30,+267.2,+21.2,HB	+6.87,+6.0,+20.5,AB	
1700819561.393204	+6.55,+15.9,+22.1,CA	+6.30,+35.0,+22.0,JA	+6.53,+23.7,+22.1,NA	+6.83,+7.3,+20.5,GB	+2.33,+265.7,+21.2,LB	+6.86,+6.0,+20.4,AB	
1700819623.403584	+6.55,+15.9,+22.1,CA	+6.30,+35.0,+22.0,JA	+6.53,+23.7,+22.1,NA	+6.83,+7.3,+20.5,GB	+2.34,+265.0,+21.2,LB	+6.86,+6.0,+20.4,AB	
1700819685.4128106	+6.55,+15.9,+22.1,CA	+6.30,+35.1,+22.0,KA	+6.53,+23.7,+22.1,NA	+6.83,+7.3,+20.5,GB	+2.34,+265.3,+21.2,OB	+6.87,+6.0,+20.4,@B	
1700819747.4209275	+6.55,+15.8,+22.1,BA	+6.30,+35.0,+22.0,JA	+6.53,+23.7,+22.1,NA	+6.83,+7.2,+20.5,FB	+2.33,+265.6,+21.2,MB	+6.86,+6.0,+20.5,@B	
1700819809.4305499	+6.55,+15.8,+22.1,BA	+6.30,+35.1,+22.0,KA	+6.53,+23.7,+22.1,NA	+6.83,+7.3,+20.5,GB	+2.32,+266.2,+21.2,KB	+6.86,+6.0,+20.5,@B	
1700819871.4386911	+6.55,+15.8,+22.1,BA	+6.30,+35.1,+22.0,KA	+6.53,+23.7,+22.1,NA	+6.83,+7.3,+20.5,GB	+2.37,+263.3,+21.2,JB	+6.87,+6.0,+20.4,@B	
1700819933.446449	+6.55,+15.8,+22.1,BA	+6.30,+35.1,+22.0,KA	+6.53,+23.7,+22.1,NA	+6.83,+7.3,+20.5,GB	+2.37,+263.1,+21.2,HB	+6.87,+6.0,+20.4,@B	
1700819995.4522583	+6.55,+15.8,+22.1,BA	+6.30,+35.1,+22.0,KA	+6.53,+23.7,+22.1,NA	+6.83,+7.3,+20.5,GB	+2.38,+262.9,+21.2,NB	+6.86,+6.0,+20.4,AB	
1700820057.466356	+6.55,+15.9,+22.1,CA	+6.30,+35.1,+22.0,KA	+6.53,+23.7,+22.1,NA	+6.83,+7.3,+20.5,GB	+2.39,+262.0,+21.2,FB	+6.87,+6.0,+20.4,@B	
1700820119.476278	+6.55,+15.9,+22.1,CA	+6.30,+35.1,+22.0,KA	+6.53,+23.7,+22.1,NA	+6.83,+7.3,+20.5,GB	+2.39,+261.9,+21.2,LB	+6.86,+6.0,+20.4,AB	
1700820181.486134	+6.55,+15.8,+22.1,BA	+6.30,+35.0,+22.0,JA	+6.53,+23.7,+22.1,NA	+6.83,+7.3,+20.5,GB	+2.40,+261.9,+21.2,BB	+6.86,+6.0,+20.4,AB	
1700820243.4955707	+6.55,+15.9,+22.1,CA	+6.30,+35.1,+22.0,KA	+6.53,+23.7,+22.0,OA	+6.83,+7.3,+20.5,GB	+2.38,+262.9,+21.2,NB	+6.86,+6.0,+20.4,AB	
1700820305.5023782	+6.55,+15.8,+22.1,BA	+6.30,+35.0,+22.0,JA	+6.53,+23.7,+22.1,NA	+6.83,+7.3,+20.5,GB	+2.38,+263.0,+21.2,FB	+6.86,+6.0,+20.4,AB	
1700820367.5093064	+6.55,+15.8,+22.1,BA	+6.30,+35.1,+22.0,KA	+6.53,+23.7,+22.0,OA	+6.83,+7.3,+20.5,GB	+2.38,+262.9,+21.2,NB	+6.87,+6.0,+20.5,AB	
1700820429.5190117	+6.55,+15.8,+22.1,BA	+6.30,+35.1,+22.0,KA	+6.53,+23.7,+22.1,NA	+6.83,+7.3,+20.5,GB	+2.38,+262.8,+21.2,OB	+6.87,+6.0,+20.4,@B	
1700820491.528917	+6.55,+15.9,+22.1,CA	+6.30,+35.1,+22.0,KA	+6.53,+23.7,+22.1,NA	+6.83,+7.3,+20.5,GB	+2.38,+262.5,+21.2,BB	+6.87,+6.0,+20.4,@B	
1700820553.5386124	+6.55,+15.8,+22.1,BA	+6.30,+35.1,+22.0,KA	+6.53,+23.7,+22.0,OA	+6.83,+7.3,+20.5,GB	+2.38,+262.7,+21.2,@B	+6.87,+6.0,+20.4,@B	
1700820615.5487602	+6.55,+15.9,+22.1,CA	+6.30,+35.0,+22.0,JA	+6.53,+23.7,+22.1,NA	+6.83,+7.3,+20.5,GB	+2.38,+262.6,+21.2,AB	+6.87,+6.0,+20.4,@B	
1700820677.5564036	+6.55,+15.9,+22.1,CA	+6.30,+35.1,+22.0,KA	+6.53,+23.7,+22.1,NA	+6.83,+7.3,+20.5,GB	+2.38,+262.6,+21.2,AB	+6.86,+6.0,+20.4,AB	
1700820923.1246448	+6.55,+15.8,+22.1,BA	+6.30,+35.0,+22.0,JA	+6.53,+23.7,+22.1,NA	+6.83,+7.3,+20.5,GB	+2.39,+262.1,+21.2,GB	+6.86,+6.0,+20.4,AB	
1700820985.1332104	+6.55,+15.8,+22.1,BA	+6.30,+35.2,+22.0,HA	+6.53,+23.7,+22.1,NA	+6.82,+7.3,+20.5,FB	+2.39,+262.5,+21.2,CB	+6.86,+6.0,+20.4,AB	
1700821047.1429572	+6.55,+15.8,+22.1,BA	+6.30,+35.1,+22.0,KA	+6.53,+23.7,+22.1,NA	+6.83,+7.3,+20.5,GB	+2.38,+262.6,+21.2,AB	+6.86,+6.0,+20.4,AB	
1700821109.1524282	+6.55,+15.9,+22.1,CA	+6.30,+35.1,+22.0,KA	+6.53,+23.7,+22.1,NA	+6.83,+7.2,+20.5,FB	+2.38,+262.5,+21.2,BB	+6.87,+6.0,+20.4,@B	
1700821171.1618578	+6.55,+15.8,+22.1,BA	+6.30,+35.1,+22.0,KA	+6.53,+23.7,+22.1,NA	+6.83,+7.3,+20.5,GB	+2.38,+262.5,+21.2,BB	+6.86,+6.0,+20.5,@B	
1700821233.1703162	+6.55,+15.8,+22.1,BA	+6.30,+35.1,+22.0,KA	+6.53,+23.8,+22.1,AA	+6.83,+7.3,+20.5,GB	+2.38,+262.6,+21.2,AB	+6.86,+6.0,+20.4,AB	
1700821295.1799953	+6.55,+15.8,+22.1,BA	+6.30,+35.1,+22.0,KA	+6.53,+23.7,+22.1,NA	+6.83,+7.3,+20.5,GB	+2.38,+262.6,+21.2,AB	+6.86,+6.0,+20.4,AB	
1700821357.1893995	+6.55,+15.9,+22.1,CA	+6.30,+35.1,+22.0,KA	+6.53,+23.7,+22.1,NA	+6.83,+7.3,+20.5,GB	+2.38,+262.5,+21.2,BB	+6.87,+6.0,+20.4,@B	
1700821419.199539	+6.55,+15.8,+22.1,BA	+6.30,+35.1,+22.0,KA	+6.53,+23.7,+22.1,NA	+6.82,+7.4,+20.5,AB	+2.38,+262.6,+21.2,AB	+6.86,+6.0,+20.4,AB	
1700821481.2049825	+6.55,+15.9,+22.1,CA	+6.30,+35.1,+22.0,KA	+6.53,+23.7,+22.1,NA	+6.83,+7.3,+20.5,GB	+2.38,+262.6,+21.2,AB	+6.86,+6.0,+20.4,AB	
1700821543.2146726	+6.55,+15.8,+22.1,BA	+6.30,+35.2,+22.0,HA	+6.53,+23.7,+22.1,NA	+6.83,+7.3,+20.5,GB	+2.38,+262.7,+21.2,@B	+6.86,+6.0,+20.4,AB	
1700821605.2232323	+6.55,+15.9,+22.1,CA	+6.30,+35.2,+22.0,HA	+6.53,+23.7,+22.1,NA	+6.83,+7.3,+20.5,GB	+2.38,+262.8,+21.2,OB	+6.86,+6.0,+20.4,AB	
1700821667.233109	+6.55,+15.8,+22.1,BA	+6.30,+35.1,+22.0,KA	+6.53,+23.7,+22.1,NA	+6.83,+7.3,+20.5,GB	+2.37,+263.3,+21.2,JB	+6.86,+6.0,+20.4,AB	
1700821729.245406	+6.55,+15.8,+22.1,BA	+6.30,+35.1,+22.0,KA	+6.53,+23.7,+22.1,NA	+6.83,+7.3,+20.5,GB	+2.37,+263.4,+21.2,MB	+6.86,+6.0,+20.4,AB	
1700821791.2562501	+6.55,+15.8,+22.1,BA	+6.30,+35.2,+22.0,HA	+6.53,+23.7,+22.1,NA	+6.83,+7.3,+20.5,GB	+2.37,+263.4,+21.2,MB	+6.86,+6.0,+20.4,AB	
1700821853.2639737	+6.55,+15.8,+22.1,BA	+6.30,+35.2,+22.0,HA	+6.53,+23.6,+22.1,OA	+6.83,+7.3,+20.5,GB	+2.37,+263.4,+21.2,MB	+6.86,+6.0,+20.4,AB	
1700821915.270936	+6.55,+15.9,+22.1,CA	+6.30,+35.2,+22.0,HA	+6.53,+23.7,+22.1,NA	+6.82,+7.3,+20.5,FB	+2.36,+263.7,+21.2,OB	+6.86,+6.0,+20.4,AB	
1700821977.2831247	+6.55,+15.8,+22.1,BA	+6.30,+35.3,+22.0,IA	+6.53,+23.7,+22.1,NA	+6.83,+7.3,+20.5,GB	+2.36,+263.7,+21.2,OB	+6.86,+6.0,+20.5,@B	
1700822039.2930584	+6.55,+15.8,+22.1,BA	+6.30,+35.2,+22.0,HA	+6.53,+23.7,+22.1,NA	+6.83,+7.3,+20.5,GB	+2.30,+267.5,+21.2,OB	+6.86,+6.1,+20.5,AB	
1700822101.3037663	+6.55,+15.9,+22.1,CA	+6.30,+35.2,+22.0,HA	+6.53,+23.7,+22.1,NA	+6.83,+7.3,+20.5,GB	+2.30,+267.6,+21.2,LB	+6.87,+6.0,+20.5,AB	
1700822163.314465	+6.55,+15.8,+22.1,BA	+6.30,+35.2,+22.0,HA	+6.53,+23.6,+22.1,OA	+6.83,+7.3,+20.5,GB	+2.29,+267.7,+21.2,EB	+6.87,+6.0,+20.4,@B	
1700822225.3231847	+6.55,+15.8,+22.1,BA	+6.30,+35.2,+22.0,HA	+6.53,+23.6,+22.1,OA	+6.82,+7.4,+20.5,AB	+2.29,+267.8,+21.2,JB	+6.86,+6.0,+20.5,@B	
1700822287.3321505	+6.55,+15.9,+22.1,CA	+6.30,+35.3,+22.0,IA	+6.53,+23.7,+22.1,NA	+6.82,+7.4,+20.5,AB	+2.30,+267.5,+21.2,OB	+6.86,+6.0,+20.4,AB	
1700822349.338104	+6.55,+15.8,+22.1,BA	+6.30,+35.2,+22.0,HA	+6.53,+23.7,+22.1,NA	+6.82,+7.4,+20.5,AB	+2.29,+267.7,+21.2,EB	+6.86,+6.1,+20.5,AB	
1700822411.347161	+6.55,+15.9,+22.1,CA	+6.30,+35.2,+22.0,HA	+6.53,+23.8,+22.1,AA	+6.83,+7.3,+20.5,GB	+2.30,+267.6,+21.2,LB	+6.86,+6.0,+20.5,@B	
1700822473.3584504	+6.55,+15.9,+22.1,CA	+6.30,+35.3,+22.0,IA	+6.53,+23.7,+22.1,NA	+6.83,+7.3,+20.5,GB	+2.34,+265.0,+21.2,LB	+6.86,+6.0,+20.5,@B	
1700822535.3671684	+6.55,+15.8,+22.1,BA	+6.30,+35.2,+22.0,HA	+6.53,+23.7,+22.1,NA	+6.83,+7.3,+20.5,GB	+2.34,+265.0,+21.2,LB	+6.86,+6.0,+20.5,@B	
1700822597.374917	+6.55,+15.8,+22.1,BA	+6.30,+35.3,+22.0,IA	+6.53,+23.7,+22.1,NA	+6.83,+7.3,+20.5,GB	+2.34,+265.2,+21.2,NB	+6.87,+6.0,+20.5,AB	
1700822659.384396	+6.55,+15.8,+22.1,BA	+6.30,+35.2,+22.0,HA	+6.53,+23.7,+22.1,NA	+6.83,+7.3,+20.6,DB	+2.35,+264.7,+21.2,KB	+6.86,+6.1,+20.5,AB	
1700822721.3944592	+6.55,+15.8,+22.1,BA	+6.30,+35.3,+22.0,IA	+6.53,+23.7,+22.1,NA	+6.83,+7.3,+20.5,GB	+2.37,+263.5,+21.2,LB	+6.86,+6.1,+20.5,AB	
1700822783.4021308	+6.55,+15.8,+22.1,BA	+6.30,+35.3,+22.0,IA	+6.53,+23.6,+22.1,OA	+6.82,+7.4,+20.5,AB	+2.37,+263.5,+21.2,LB	+6.86,+6.0,+20.5,@B	
1700822845.4101684	+6.55,+15.8,+22.1,BA	+6.30,+35.3,+22.1,HA	+6.53,+23.7,+22.1,NA	+6.82,+7.3,+20.5,FB	+2.36,+263.7,+21.2,OB	+6.86,+6.1,+20.5,AB	
1700822907.4177265	+6.55,+15.8,+22.1,BA	+6.30,+35.3,+22.1,HA	+6.53,+23.7,+22.2,MA	+6.82,+7.3,+20.5,FB	+2.36,+263.8,+21.2,@B	+6.86,+6.0,+20.5,@B	
1700822969.4277544	+6.55,+15.8,+22.1,BA	+6.30,+35.3,+22.1,HA	+6.53,+23.7,+22.1,NA	+6.82,+7.4,+20.6,BB	+2.36,+264.2,+21.2,MB	+6.86,+6.0,+20.5,@B	
1700823031.4366052	+6.55,+15.8,+22.1,BA	+6.30,+35.3,+22.1,HA	+6.53,+23.8,+22.1,AA	+6.83,+7.3,+20.5,GB	+2.35,+264.4,+21.2,HB	+6.86,+6.1,+20.5,AB	
1700823093.4463456	+6.55,+15.9,+22.1,CA	+6.30,+35.3,+22.1,HA	+6.53,+23.7,+22.2,MA	+6.83,+7.3,+20.6,DB	+2.35,+264.5,+21.2,IB	+6.86,+6.0,+20.5,@B	
1700823155.455998	+6.55,+15.8,+22.1,BA	+6.30,+35.3,+22.1,HA	+6.53,+23.7,+22.2,MA	+6.83,+7.3,+20.6,DB	+2.34,+265.1,+21.2,MB	+6.86,+6.0,+20.5,@B	
1700823217.4652245	+6.55,+15.8,+22.1,BA	+6.29,+35.4,+22.1,GA	+6.53,+23.7,+22.2,MA	+6.82,+7.3,+20.5,FB	+2.34,+265.3,+21.3,NB	+6.86,+6.1,+20.5,AB	
1700823279.4754314	+6.55,+15.8,+22.1,BA	+6.30,+35.4,+22.1,OA	+6.53,+23.7,+22.1,NA	+6.83,+7.3,+20.6,DB	+2.33,+265.4,+21.2,OB	+6.86,+6.0,+20.5,@B	
1700823341.4844027	+6.55,+15.8,+22.1,BA	+6.30,+35.3,+22.1,HA	+6.53,+23.7,+22.2,MA	+6.83,+7.3,+20.6,DB	+2.34,+265.3,+21.2,OB	+6.86,+6.1,+20.5,AB	
1700823403.4946227	+6.55,+15.9,+22.1,CA	+6.30,+35.4,+22.1,OA	+6.53,+23.6,+22.2,LA	+6.82,+7.4,+20.6,BB	+2.33,+265.4,+21.2,OB	+6.86,+6.1,+20.5,AB	
1700823465.5021167	+6.55,+15.8,+22.1,BA	+6.30,+35.4,+22.1,OA	+6.53,+23.7,+22.1,NA	+6.83,+7.3,+20.6,DB	+2.34,+265.3,+21.2,OB	+6.86,+6.1,+20.5,AB	
1700823527.5129275	+6.55,+15.8,+22.1,BA	+6.29,+35.4,+22.1,GA	+6.53,+23.7,+22.1,NA	+6.83,+7.3,+20.6,DB	+2.33,+265.5,+21.2,NB	+6.86,+6.1,+20.5,AB	
1700823589.5217867	+6.55,+15.8,+22.1,BA	+6.30,+35.3,+22.1,HA	+6.53,+23.7,+22.1,NA	+6.83,+7.3,+20.6,DB	+2.33,+265.7,+21.2,LB	+6.86,+6.0,+20.5,@B	
1700823651.5326447	+6.55,+15.8,+22.1,BA	+6.29,+35.4,+22.1,GA	+6.53,+23.7,+22.2,MA	+6.83,+7.3,+20.6,DB	+2.33,+265.9,+21.3,CB	+6.86,+6.1,+20.5,AB	
1700823713.538677	+6.55,+15.8,+22.1,BA	+6.29,+35.4,+22.0,FA	+6.53,+23.8,+22.1,AA	+6.83,+7.3,+20.6,DB	+2.33,+265.8,+21.2,CB	+6.86,+6.0,+20.5,@B	
1700823775.549119	+6.55,+15.8,+22.1,BA	+6.29,+35.5,+22.1,FA	+6.53,+23.7,+22.1,NA	+6.83,+7.3,+20.6,DB	+2.33,+265.9,+21.2,BB	+6.86,+6.1,+20.5,AB	
1700823837.5592594	+6.55,+15.8,+22.1,BA	+6.29,+35.5,+22.1,FA	+6.53,+23.7,+22.1,NA	+6.83,+7.3,+20.6,DB	+2.33,+265.9,+21.3,CB	+6.86,+6.1,+20.5,AB	
1700823899.5683515	+6.55,+15.8,+22.1,BA	+6.29,+35.5,+22.1,FA	+6.53,+23.7,+22.1,NA	+6.83,+7.3,+20.6,DB	+2.32,+266.3,+21.2,JB	+6.86,+6.0,+20.5,@B	
1700823961.5779963	+6.55,+15.8,+22.1,BA	+6.29,+35.4,+22.1,GA	+6.53,+23.7,+22.1,NA	+6.83,+7.3,+20.6,DB	+2.32,+266.4,+21.2,MB	+6.86,+6.0,+20.5,@B	
1700824023.586787	+6.55,+15.9,+22.1,CA	+6.29,+35.5,+22.1,FA	+6.53,+23.7,+22.1,NA	+6.83,+7.3,+20.6,DB	+2.32,+266.4,+21.3,LB	+6.86,+6.1,+20.5,AB	
1700824085.5956352	+6.55,+15.8,+22.1,BA	+6.29,+35.5,+22.0,GA	+6.53,+23.7,+22.2,MA	+6.83,+7.3,+20.6,DB	+2.32,+266.2,+21.2,KB	+6.86,+6.1,+20.5,AB	
1700824147.6057384	+6.55,+15.9,+22.1,CA	+6.29,+35.5,+22.0,GA	+6.53,+23.7,+22.2,MA	+6.83,+7.3,+20.6,DB	+2.32,+266.0,+21.2,IB	+6.87,+6.0,+20.5,AB	
1700824209.6144524	+6.55,+15.8,+22.1,BA	+6.29,+35.5,+22.1,FA	+6.53,+23.7,+22.1,NA	+6.82,+7.3,+20.6,EB	+2.33,+265.7,+21.3,MB	+6.86,+6.0,+20.5,@B	
1700824271.6231155	+6.55,+15.8,+22.1,BA	+6.29,+35.5,+22.1,FA	+6.53,+23.7,+22.2,MA	+6.83,+7.3,+20.6,DB	+2.33,+265.8,+21.3,BB	+6.86,+6.1,+20.5,AB	
1700824333.631972	+6.55,+15.9,+22.1,CA	+6.29,+35.6,+22.1,EA	+6.53,+23.7,+22.2,MA	+6.83,+7.3,+20.6,DB	+2.33,+265.8,+21.2,CB	+6.86,+6.1,+20.5,AB	
1700824395.6404364	+6.55,+15.8,+22.1,BA	+6.29,+35.5,+22.1,FA	+6.53,+23.7,+22.1,NA	+6.83,+7.3,+20.6,DB	+2.33,+265.7,+21.2,LB	+6.86,+6.0,+20.5,@B	
1700824457.6504452	+6.55,+15.8,+22.1,BA	+6.29,+35.5,+22.1,FA	+6.53,+23.7,+22.2,MA	+6.83,+7.3,+20.6,DB	+2.34,+265.4,+21.3,IB	+6.86,+6.1,+20.5,AB	
1700824519.6593657	+6.55,+15.8,+22.1,BA	+6.29,+35.6,+22.1,EA	+6.53,+23.7,+22.2,MA	+6.83,+7.3,+20.6,DB	+2.33,+265.5,+21.3,OB	+6.86,+6.0,+20.5,@B	
1700824765.2628367	+6.55,+15.8,+22.1,BA	+6.29,+35.7,+22.1,DA	+6.53,+23.7,+22.1,NA	+6.83,+7.3,+20.6,DB	+2.33,+265.5,+21.2,NB	+6.86,+6.1,+20.5,AB	
1700824827.273185	+6.55,+15.8,+22.1,BA	+6.29,+35.6,+22.1,EA	+6.53,+23.7,+22.2,MA	+6.83,+7.3,+20.6,DB	+2.31,+266.7,+21.2,MB	+6.86,+6.1,+20.5,AB	
1700824889.2835953	+6.55,+15.8,+22.1,BA	+6.29,+35.5,+22.1,FA	+6.53,+23.7,+22.2,MA	+6.83,+7.3,+20.6,DB	+2.32,+266.5,+21.3,MB	+6.86,+6.1,+20.5,AB	
1700824951.2937481	+6.55,+15.8,+22.1,BA	+6.29,+35.5,+22.1,FA	+6.53,+23.7,+22.2,MA	+6.83,+7.3,+20.6,DB	+2.30,+267.7,+21.3,LB	+6.86,+6.0,+20.5,@B	
1700825013.3040135	+6.55,+15.7,+22.1,MA	+6.29,+35.5,+22.1,FA	+6.53,+23.7,+22.2,MA	+6.83,+7.3,+20.6,DB	+2.29,+267.8,+21.3,KB	+6.86,+6.0,+20.5,@B	
1700825075.315288	+6.55,+15.8,+22.1,BA	+6.29,+35.6,+22.1,EA	+6.53,+23.7,+22.2,MA	+6.82,+7.4,+20.6,BB	+2.29,+268.1,+21.3,MB	+6.86,+6.0,+20.5,@B	
1700825137.3255336	+6.55,+15.8,+22.1,BA	+6.29,+35.5,+22.1,FA	+6.53,+23.7,+22.1,NA	+6.82,+7.3,+20.6,EB	+2.29,+268.2,+21.3,NB	+6.86,+6.1,+20.5,AB	
1700825199.334459	+6.55,+15.8,+22.1,BA	+6.29,+35.6,+22.1,EA	+6.53,+23.6,+22.2,LA	+6.83,+7.3,+20.6,DB	+2.28,+268.8,+21.3,EB	+6.86,+6.1,+20.5,AB	
1700825261.3433037	+6.55,+15.8,+22.1,BA	+6.29,+35.6,+22.1,EA	+6.53,+23.6,+22.2,LA	+6.83,+7.3,+20.6,DB	+2.28,+268.6,+21.3,KB	+6.86,+6.0,+20.5,@B	
1700825323.35353	+6.55,+15.8,+22.1,BA	+6.29,+35.6,+22.1,EA	+6.53,+23.7,+22.1,NA	+6.82,+7.3,+20.6,EB	+2.28,+268.4,+21.3,IB	+6.86,+6.0,+20.5,@B	
1700825385.3626714	+6.55,+15.9,+22.1,CA	+6.29,+35.6,+22.1,EA	+6.53,+23.7,+22.2,MA	+6.82,+7.4,+20.6,BB	+2.28,+268.4,+21.3,IB	+6.86,+6.1,+20.5,AB	
1700825447.370699	+6.55,+15.8,+22.1,BA	+6.29,+35.6,+22.1,EA	+6.53,+23.7,+22.2,MA	+6.82,+7.4,+20.6,BB	+2.28,+268.4,+21.3,IB	+6.86,+6.0,+20.5,@B	
1700825509.381168	+6.55,+15.8,+22.1,BA	+6.29,+35.5,+22.1,FA	+6.53,+23.7,+22.2,MA	+6.83,+7.3,+20.6,DB	+2.28,+268.5,+21.3,HB	+6.86,+6.1,+20.5,AB	
1700825571.3904943	+6.55,+15.9,+22.1,CA	+6.29,+35.5,+22.1,FA	+6.53,+23.8,+22.2,BA	+6.83,+7.3,+20.6,DB	+2.29,+268.3,+21.3,OB	+6.86,+6.1,+20.5,AB	
1700825633.3961332	+6.55,+15.8,+22.1,BA	+6.29,+35.5,+22.1,FA	+6.53,+23.7,+22.2,MA	+6.82,+7.3,+20.6,EB	+2.28,+268.3,+21.3,NB	+6.86,+6.0,+20.5,@B	
1700825695.4046817	+6.55,+15.8,+22.1,BA	+6.29,+35.5,+22.1,FA	+6.53,+23.8,+22.2,BA	+6.82,+7.4,+20.6,BB	+2.28,+268.5,+21.3,HB	+6.86,+6.0,+20.5,@B	
1700825757.417046	+6.55,+15.8,+22.1,BA	+6.29,+35.6,+22.1,EA	+6.53,+23.8,+22.2,BA	+6.83,+7.3,+20.6,DB	+2.28,+268.5,+21.3,HB	+6.86,+6.1,+20.5,AB	
1700825819.4273698	+6.55,+15.8,+22.1,BA	+6.29,+35.5,+22.1,FA	+6.53,+23.8,+22.2,BA	+6.82,+7.4,+20.6,BB	+2.28,+268.5,+21.3,HB	+6.86,+6.1,+20.5,AB	
1700825881.4351966	+6.55,+15.8,+22.2,AA	+6.29,+35.6,+22.1,EA	+6.53,+23.8,+22.2,BA	+6.82,+7.4,+20.6,BB	+2.28,+268.5,+21.3,HB	+6.86,+6.1,+20.5,AB	
1700825943.4431145	+6.55,+15.7,+22.1,MA	+6.29,+35.5,+22.1,FA	+6.52,+23.8,+22.2,CA	+6.82,+7.4,+20.6,BB	+2.28,+268.7,+21.3,JB	+6.86,+6.1,+20.5,AB	
1700826005.4536252	+6.55,+15.8,+22.1,BA	+6.29,+35.6,+22.1,EA	+6.53,+23.8,+22.1,AA	+6.82,+7.3,+20.6,EB	+2.28,+268.5,+21.3,HB	+6.86,+6.1,+20.5,AB	
1700826067.4588876	+6.55,+15.8,+22.1,BA	+6.29,+35.5,+22.1,FA	+6.53,+23.8,+22.2,BA	+6.82,+7.4,+20.6,BB	+2.29,+268.3,+21.3,OB	+6.86,+6.0,+20.5,@B	
1700826129.4700963	+6.55,+15.8,+22.1,BA	+6.29,+35.5,+22.1,FA	+6.53,+23.7,+22.2,MA	+6.83,+7.3,+20.6,DB	+2.30,+267.6,+21.3,MB	+6.86,+6.1,+20.5,AB	
1700826191.4777443	+6.55,+15.8,+22.1,BA	+6.29,+35.5,+22.1,FA	+6.53,+23.8,+22.2,BA	+6.82,+7.4,+20.6,BB	+2.30,+267.5,+21.3,NB	+6.87,+6.0,+20.5,AB	
1700826253.485937	+6.55,+15.9,+22.1,CA	+6.29,+35.6,+22.1,EA	+6.53,+23.8,+22.2,BA	+6.82,+7.4,+20.6,BB	+2.30,+267.3,+21.2,IB	+6.86,+6.1,+20.5,AB	
1700826315.4934077	+6.55,+15.8,+22.2,AA	+6.29,+35.6,+22.1,EA	+6.53,+23.8,+22.2,BA	+6.82,+7.4,+20.6,BB	+2.30,+267.2,+21.3,IB	+6.87,+6.0,+20.5,AB	
1700826377.501044	+6.55,+15.8,+22.1,BA	+6.29,+35.6,+22.1,EA	+6.52,+23.8,+22.2,CA	+6.82,+7.4,+20.6,BB	+2.31,+267.0,+21.3,JB	+6.86,+6.0,+20.5,@B	
1700826439.5092494	+6.55,+15.8,+22.1,BA	+6.29,+35.6,+22.1,EA	+6.53,+23.7,+22.2,MA	+6.83,+7.3,+20.6,DB	+2.30,+267.2,+21.3,IB	+6.86,+6.1,+20.5,AB	
1700826501.517116	+6.55,+15.9,+22.1,CA	+6.29,+35.6,+22.1,EA	+6.53,+23.7,+22.1,NA	+6.82,+7.4,+20.6,BB	+2.31,+266.8,+21.3,CB	+6.86,+6.1,+20.5,AB	
1700826563.5245268	+6.55,+15.8,+22.1,BA	+6.29,+35.6,+22.1,EA	+6.53,+23.8,+22.2,BA	+6.82,+7.4,+20.6,BB	+2.31,+267.0,+21.3,JB	+6.86,+6.1,+20.5,AB	
1700826625.5289538	+6.55,+15.8,+22.1,BA	+6.29,+35.7,+22.1,DA	+6.53,+23.7,+22.2,MA	+6.82,+7.4,+20.6,BB	+2.31,+267.1,+21.3,KB	+6.86,+6.1,+20.5,AB	
1700826687.5392468	+6.55,+15.8,+22.1,BA	+6.29,+35.6,+22.1,EA	+6.53,+23.7,+22.2,MA	+6.82,+7.3,+20.6,EB	+2.31,+267.0,+21.3,JB	+6.86,+6.1,+20.5,AB	
1700826749.5488417	+6.55,+15.8,+22.1,BA	+6.29,+35.6,+22.1,EA	+6.53,+23.7,+22.2,MA	+6.82,+7.4,+20.6,BB	+2.31,+266.8,+21.3,CB	+6.86,+6.0,+20.5,@B	
1700826811.5576482	+6.55,+15.8,+22.1,BA	+6.29,+35.6,+22.1,EA	+6.53,+23.7,+22.2,MA	+6.82,+7.4,+20.6,BB	+2.31,+266.8,+21.3,CB	+6.86,+6.0,+20.5,@B	
1700826873.5669417	+6.55,+15.8,+22.1,BA	+6.29,+35.6,+22.1,EA	+6.53,+23.7,+22.2,MA	+6.82,+7.4,+20.6,BB	+2.31,+267.1,+21.3,KB	+6.86,+6.0,+20.5,@B	
1700826935.5757215	+6.55,+15.8,+22.1,BA	+6.29,+35.7,+22.1,DA	+6.53,+23.7,+22.2,MA	+6.82,+7.4,+20.6,BB	+2.31,+267.1,+21.3,KB	+6.86,+6.0,+20.5,@B	
1700826997.5882714	+6.55,+15.8,+22.1,BA	+6.29,+35.7,+22.1,DA	+6.53,+23.7,+22.2,MA	+6.82,+7.4,+20.6,BB	+2.31,+267.1,+21.3,KB	+6.86,+6.0,+20.5,@B	
1700827059.5977232	+6.55,+15.8,+22.1,BA	+6.29,+35.7,+22.1,DA	+6.53,+23.8,+22.2,BA	+6.82,+7.4,+20.6,BB	+2.31,+266.9,+21.3,BB	+6.86,+6.1,+20.5,AB	
1700827121.6069841	+6.55,+15.8,+22.1,BA	+6.29,+35.7,+22.1,DA	+6.53,+23.7,+22.2,MA	+6.82,+7.4,+20.6,BB	+2.31,+266.7,+21.3,LB	+6.86,+6.1,+20.5,AB	
1700827183.6160266	+6.55,+15.8,+22.1,BA	+6.29,+35.7,+22.1,DA	+6.53,+23.7,+22.2,MA	+6.83,+7.3,+20.6,DB	+2.31,+266.7,+21.3,LB	+6.86,+6.1,+20.5,AB	
1700827245.622367	+6.55,+15.8,+22.1,BA	+6.29,+35.6,+22.1,EA	+6.53,+23.8,+22.2,BA	+6.82,+7.4,+20.6,BB	+2.31,+266.6,+21.3,MB	+6.86,+6.1,+20.5,AB	
1700827307.6329434	+6.55,+15.8,+22.1,BA	+6.29,+35.7,+22.1,DA	+6.53,+23.7,+22.2,MA	+6.82,+7.4,+20.6,BB	+2.32,+266.4,+21.3,LB	+6.86,+6.1,+20.5,AB	
1700827369.643365	+6.55,+15.8,+22.1,BA	+6.29,+35.9,+22.1,JA	+6.53,+23.7,+22.2,MA	+6.82,+7.4,+20.6,BB	+2.31,+266.7,+21.3,LB	+6.86,+6.1,+20.5,AB	
1700827431.6513329	+6.55,+15.8,+22.1,BA	+6.29,+35.8,+22.1,KA	+6.53,+23.6,+22.1,OA	+6.82,+7.4,+20.6,BB	+2.32,+266.5,+21.3,MB	+6.86,+6.0,+20.5,@B	
1700827493.658349	+6.55,+15.8,+22.1,BA	+6.29,+35.8,+22.1,KA	+6.53,+23.7,+22.2,MA	+6.82,+7.4,+20.6,BB	+2.32,+266.5,+21.3,MB	+6.86,+6.1,+20.5,AB	
1700827555.668113	+6.55,+15.8,+22.1,BA	+6.29,+35.8,+22.1,KA	+6.53,+23.7,+22.2,MA	+6.82,+7.4,+20.6,BB	+2.31,+266.7,+21.3,LB	+6.86,+6.0,+20.5,@B	
1700827617.6780992	+6.55,+15.8,+22.1,BA	+6.29,+35.9,+22.1,JA	+6.53,+23.7,+22.2,MA	+6.83,+7.3,+20.6,DB	+2.31,+266.7,+21.3,LB	+6.86,+6.0,+20.5,@B	
1700827679.6850066	+6.55,+15.8,+22.1,BA	+6.29,+35.9,+22.1,JA	+6.53,+23.7,+22.2,MA	+6.82,+7.4,+20.6,BB	+2.31,+266.6,+21.3,MB	+6.86,+6.0,+20.5,@B	
1700827741.6941586	+6.55,+15.8,+22.1,BA	+6.29,+36.0,+22.1,@A	+6.53,+23.7,+22.2,MA	+6.82,+7.4,+20.6,BB	+2.31,+266.8,+21.3,CB	+6.86,+6.1,+20.5,AB	
1700827803.7002966	+6.55,+15.8,+22.1,BA	+6.29,+35.9,+22.1,JA	+6.53,+23.7,+22.1,NA	+6.82,+7.4,+20.5,AB	+2.31,+266.9,+21.3,BB	+6.86,+6.1,+20.5,AB	
1700827865.7107584	+6.55,+15.8,+22.1,BA	+6.29,+35.9,+22.1,JA	+6.53,+23.7,+22.2,MA	+6.83,+7.3,+20.6,DB	+2.31,+266.6,+21.3,MB	+6.86,+6.1,+20.5,AB	
1700827927.7208123	+6.55,+15.8,+22.1,BA	+6.29,+35.9,+22.1,JA	+6.53,+23.7,+22.2,MA	+6.82,+7.4,+20.6,BB	+2.31,+266.7,+21.3,LB	+6.86,+6.1,+20.5,AB	
1700827989.7312443	+6.55,+15.8,+22.1,BA	+6.29,+36.0,+22.1,@A	+6.53,+23.7,+22.1,NA	+6.82,+7.4,+20.6,BB	+2.30,+267.4,+21.3,OB	+6.86,+6.0,+20.5,@B	
1700828051.74096	+6.55,+15.8,+22.1,BA	+6.28,+36.1,+22.1,@A	+6.53,+23.6,+22.2,LA	+6.82,+7.4,+20.6,BB	+2.30,+267.4,+21.3,OB	+6.86,+6.1,+20.5,AB	
1700828113.7475078	+6.55,+15.9,+22.1,CA	+6.28,+36.0,+22.1,AA	+6.53,+23.7,+22.1,NA	+6.82,+7.4,+20.6,BB	+2.30,+267.4,+21.3,OB	+6.86,+6.1,+20.5,AB	
1700828175.756275	+6.55,+15.8,+22.1,BA	+6.28,+36.0,+22.1,AA	+6.53,+23.7,+22.1,NA	+6.82,+7.4,+20.6,BB	+2.30,+267.3,+21.3,HB	+6.86,+6.1,+20.5,AB	
1700828237.7640197	+6.55,+15.8,+22.1,BA	+6.29,+36.0,+22.1,@A	+6.53,+23.7,+22.2,MA	+6.82,+7.4,+20.6,BB	+2.30,+267.2,+21.3,IB	+6.86,+6.1,+20.5,AB	
1700828299.7746153	+6.55,+15.8,+22.1,BA	+6.28,+36.1,+22.1,@A	+6.53,+23.7,+22.2,MA	+6.82,+7.4,+20.6,BB	+2.31,+266.9,+21.3,BB	+6.86,+6.1,+20.5,AB	
1700828361.7839234	+6.55,+15.8,+22.1,BA	+6.28,+36.0,+22.1,AA	+6.53,+23.7,+22.2,MA	+6.82,+7.4,+20.5,AB	+2.31,+267.0,+21.3,JB	+6.86,+6.1,+20.5,AB	
1700828607.3213353	+6.55,+15.8,+22.1,BA	+6.28,+36.1,+22.1,@A	+6.53,+23.7,+22.1,NA	+6.82,+7.4,+20.5,AB	+2.31,+267.0,+21.3,JB	+6.86,+6.1,+20.5,AB	
1700828669.330607	+6.55,+15.9,+22.1,CA	+6.28,+36.1,+22.1,@A	+6.53,+23.6,+22.1,OA	+6.82,+7.4,+20.5,AB	+2.38,+263.0,+21.3,GB	+6.86,+6.1,+20.5,AB	
1700828731.3398125	+6.55,+15.8,+22.1,BA	+6.28,+36.0,+22.1,AA	+6.53,+23.7,+22.1,NA	+6.82,+7.4,+20.5,AB	+2.38,+262.7,+21.3,AB	+6.86,+6.1,+20.5,AB	
1700828793.3500607	+6.55,+15.8,+22.1,BA	+6.28,+36.1,+22.0,AA	+6.53,+23.7,+22.1,NA	+6.82,+7.4,+20.5,AB	+2.39,+262.4,+21.3,CB	+6.86,+6.0,+20.5,@B	
1700828855.3572283	+6.55,+15.8,+22.1,BA	+6.28,+36.0,+22.1,AA	+6.53,+23.7,+22.1,NA	+6.82,+7.4,+20.5,AB	+2.39,+262.2,+21.3,EB	+6.86,+6.1,+20.5,AB	
1700828917.366034	+6.55,+15.8,+22.1,BA	+6.29,+36.0,+22.1,@A	+6.53,+23.7,+22.1,NA	+6.82,+7.4,+20.5,AB	+2.39,+262.4,+21.3,CB	+6.86,+6.1,+20.5,AB	
1700828979.3757722	+6.55,+15.8,+22.1,BA	+6.28,+36.0,+22.0,@A	+6.53,+23.7,+22.1,NA	+6.82,+7.4,+20.6,BB	+2.39,+262.5,+21.3,BB	+6.86,+6.1,+20.5,AB	
1700829041.3842185	+6.55,+15.8,+22.1,BA	+6.28,+36.1,+22.1,@A	+6.53,+23.6,+22.1,OA	+6.82,+7.4,+20.5,AB	+2.40,+261.7,+21.3,MB	+6.86,+6.1,+20.5,AB	
1700829103.3833144	+6.55,+15.8,+22.1,BA	+6.28,+36.1,+22.0,AA	+6.53,+23.7,+22.1,NA	+6.82,+7.4,+20.6,BB	+2.40,+261.8,+21.3,BB	+6.86,+6.1,+20.5,AB	
1700829165.3854449	+6.55,+15.8,+22.1,BA	+6.28,+36.1,+22.1,@A	+6.53,+23.7,+22.1,NA	+6.82,+7.4,+20.5,AB	+2.40,+261.8,+21.3,BB	+6.86,+6.0,+20.5,@B	
1700829227.3938825	+6.55,+15.8,+22.1,BA	+6.28,+36.1,+22.1,@A	+6.53,+23.6,+22.1,OA	+6.82,+7.4,+20.5,AB	+2.40,+261.8,+21.3,BB	+6.86,+6.0,+20.5,@B	
1700829289.4025285	+6.55,+15.8,+22.1,BA	+6.28,+36.2,+22.0,BA	+6.53,+23.6,+22.1,OA	+6.82,+7.4,+20.5,AB	+2.39,+262.0,+21.3,GB	+6.86,+6.1,+20.5,AB	
1700829351.4119227	+6.55,+15.8,+22.1,BA	+6.28,+36.1,+22.0,AA	+6.53,+23.7,+22.1,NA	+6.82,+7.4,+20.5,AB	+2.39,+262.2,+21.3,EB	+6.86,+6.1,+20.5,AB	
1700829413.4188783	+6.55,+15.8,+22.1,BA	+6.28,+36.1,+22.0,AA	+6.53,+23.7,+22.1,NA	+6.82,+7.4,+20.5,AB	+2.39,+262.4,+21.3,CB	+6.86,+6.0,+20.5,@B	
1700829475.4170961	+6.55,+15.8,+22.1,BA	+6.28,+36.1,+22.0,AA	+6.53,+23.7,+22.1,NA	+6.82,+7.4,+20.5,AB	+2.38,+262.7,+21.3,AB	+6.86,+6.1,+20.5,AB	
1700829537.42863	+6.55,+15.8,+22.1,BA	+6.28,+36.1,+22.0,AA	+6.53,+23.7,+22.1,NA	+6.82,+7.5,+20.5,@B	+2.37,+263.3,+21.3,KB	+6.86,+6.1,+20.4,@B	
1700829599.4359632	+6.55,+15.8,+22.1,BA	+6.28,+36.1,+22.0,AA	+6.53,+23.6,+22.1,OA	+6.82,+7.4,+20.6,BB	+2.37,+263.4,+21.3,LB	+6.86,+6.0,+20.4,AB	
1700829661.445054	+6.55,+15.8,+22.1,BA	+6.28,+36.2,+22.0,BA	+6.53,+23.7,+22.1,NA	+6.82,+7.4,+20.5,AB	+2.37,+263.5,+21.3,MB	+6.86,+6.1,+20.5,AB	
1700829723.4548056	+6.55,+15.8,+22.1,BA	+6.28,+36.4,+22.1,EA	+6.53,+23.6,+22.1,OA	+6.82,+7.4,+20.5,AB	+2.37,+263.5,+21.3,MB	+6.86,+6.1,+20.4,@B	
1700829785.462399	+6.55,+15.8,+22.1,BA	+6.28,+36.3,+22.0,CA	+6.53,+23.6,+22.1,OA	+6.82,+7.4,+20.5,AB	+2.37,+263.6,+21.3,NB	+6.86,+6.1,+20.5,AB	
1700829847.4692187	+6.55,+15.8,+22.1,BA	+6.28,+36.3,+22.0,CA	+6.53,+23.7,+22.1,NA	+6.82,+7.4,+20.5,AB	+2.37,+263.7,+21.3,OB	+6.86,+6.1,+20.4,@B	
1700829909.4786518	+6.55,+15.8,+22.1,BA	+6.28,+36.3,+22.0,CA	+6.53,+23.7,+22.1,NA	+6.82,+7.4,+20.5,AB	+2.37,+263.6,+21.3,NB	+6.86,+6.1,+20.5,AB	
1700829971.487319	+6.55,+15.7,+22.1,MA	+6.28,+36.5,+22.0,EA	+6.53,+23.7,+22.1,NA	+6.82,+7.4,+20.5,AB	+2.37,+263.7,+21.3,OB	+6.86,+6.1,+20.4,@B	
1700830033.4972959	+6.55,+15.8,+22.1,BA	+6.28,+36.5,+22.1,DA	+6.53,+23.6,+22.1,OA	+6.82,+7.4,+20.5,AB	+2.37,+263.6,+21.3,NB	+6.86,+6.1,+20.5,AB	
1700830095.5062397	+6.55,+15.7,+22.1,MA	+6.28,+36.5,+22.1,DA	+6.53,+23.7,+22.1,NA	+6.82,+7.4,+20.5,AB	+2.37,+263.6,+21.3,NB	+6.86,+6.1,+20.4,@B	
1700830157.515157	+6.55,+15.7,+22.1,MA	+6.28,+36.4,+22.1,EA	+6.53,+23.7,+22.1,NA	+6.82,+7.4,+20.5,AB	+2.37,+263.6,+21.2,OB	+6.86,+6.0,+20.5,@B	
1700830219.5240912	+6.55,+15.8,+22.1,BA	+6.28,+36.4,+22.0,DA	+6.53,+23.7,+22.1,NA	+6.82,+7.4,+20.5,AB	+2.36,+263.7,+21.3,NB	+6.86,+6.1,+20.4,@B	
1700830281.5293102	+6.55,+15.8,+22.1,BA	+6.28,+36.5,+22.0,EA	+6.53,+23.7,+22.1,NA	+6.82,+7.4,+20.5,AB	+2.36,+263.7,+21.2,OB	+6.86,+6.1,+20.4,@B	
1700830343.515427	+6.55,+15.8,+22.1,BA	+6.28,+36.4,+22.0,DA	+6.53,+23.7,+22.1,NA	+6.82,+7.4,+20.5,AB	+2.36,+263.7,+21.3,NB	+6.86,+6.0,+20.4,AB	
1700830405.5208888	+6.55,+15.8,+22.1,BA	+6.28,+36.4,+22.0,DA	+6.53,+23.6,+22.0,NA	+6.82,+7.4,+20.5,AB	+2.36,+263.7,+21.3,NB	+6.86,+6.1,+20.4,@B	
1700830467.5300677	+6.55,+15.8,+22.1,BA	+6.28,+36.5,+22.0,EA	+6.53,+23.6,+22.0,NA	+6.82,+7.4,+20.5,AB	+2.37,+263.6,+21.3,NB	+6.86,+6.1,+20.4,@B	
1700830529.5365329	+6.55,+15.8,+22.1,BA	+6.28,+36.4,+22.0,DA	+6.53,+23.6,+22.1,OA	+6.82,+7.4,+20.5,AB	+2.37,+263.6,+21.3,NB	+6.86,+6.0,+20.4,AB	
1700830591.5463867	+6.55,+15.8,+22.1,BA	+6.28,+36.5,+22.0,EA	+6.53,+23.6,+22.1,OA	+6.82,+7.4,+20.5,AB	+2.37,+263.5,+21.3,MB	+6.86,+6.0,+20.4,AB	
1700830653.5554466	+6.55,+15.8,+22.1,BA	+6.28,+36.5,+22.0,EA	+6.53,+23.8,+22.1,AA	+6.82,+7.4,+20.5,AB	+2.30,+267.3,+21.3,HB	+6.86,+6.1,+20.4,@B	
1700830715.5664802	+6.55,+15.8,+22.1,BA	+6.28,+36.5,+22.0,EA	+6.53,+23.7,+22.1,NA	+6.82,+7.4,+20.5,AB	+2.31,+267.0,+21.3,JB	+6.86,+6.1,+20.4,@B	
1700830777.5755837	+6.55,+15.7,+22.1,MA	+6.28,+36.5,+22.0,EA	+6.53,+23.7,+22.0,OA	+6.82,+7.5,+20.5,@B	+2.31,+267.0,+21.3,JB	+6.86,+6.1,+20.4,@B	
1700830839.5823367	+6.55,+15.8,+22.1,BA	+6.28,+36.5,+22.0,EA	+6.53,+23.6,+22.1,OA	+6.82,+7.4,+20.5,AB	+2.31,+266.9,+21.3,BB	+6.86,+6.1,+20.4,@B	
1700830901.5733285	+6.55,+15.8,+22.1,BA	+6.28,+36.5,+22.0,EA	+6.53,+23.7,+22.0,OA	+6.82,+7.4,+20.5,AB	+2.30,+267.2,+21.3,IB	+6.86,+6.1,+20.4,@B	
1700830963.5795789	+6.55,+15.8,+22.1,BA	+6.28,+36.5,+22.0,EA	+6.53,+23.6,+22.1,OA	+6.82,+7.4,+20.5,AB	+2.31,+267.1,+21.2,JB	+6.86,+6.1,+20.4,@B	
1700831025.5882478	+6.55,+15.7,+22.1,MA	+6.28,+36.5,+22.0,EA	+6.53,+23.7,+22.0,OA	+6.82,+7.4,+20.5,AB	+2.32,+266.5,+21.3,MB	+6.86,+6.1,+20.4,@B	
1700831087.595774	+6.55,+15.8,+22.1,BA	+6.28,+36.5,+22.0,EA	+6.53,+23.6,+22.0,NA	+6.82,+7.4,+20.5,AB	+2.32,+266.5,+21.3,MB	+6.86,+6.1,+20.4,@B	
1700831149.6001732	+6.55,+15.8,+22.1,BA	+6.27,+36.7,+22.0,HA	+6.53,+23.7,+22.1,NA	+6.82,+7.4,+20.5,AB	+2.31,+266.7,+21.3,LB	+6.86,+6.1,+20.4,@B	
1700831211.6098554	+6.55,+15.8,+22.0,CA	+6.27,+36.8,+22.0,GA	+6.53,+23.6,+22.0,NA	+6.82,+7.4,+20.5,AB	+2.31,+267.1,+21.2,JB	+6.86,+6.1,+20.4,@B	
1700831273.616552	+6.55,+15.7,+22.0,LA	+6.27,+36.8,+22.0,GA	+6.53,+23.7,+22.0,OA	+6.82,+7.4,+20.5,AB	+2.30,+267.3,+21.3,HB	+6.86,+6.1,+20.4,@B	
1700831335.6227303	+6.55,+15.7,+22.0,LA	+6.27,+36.7,+22.0,HA	+6.53,+23.6,+22.0,NA	+6.82,+7.4,+20.5,AB	+2.30,+267.4,+21.2,NB	+6.86,+6.1,+20.4,@B	
1700831397.63229	+6.55,+15.8,+22.1,BA	+6.27,+36.7,+22.0,HA	+6.53,+23.6,+22.0,NA	+6.82,+7.4,+20.5,AB	+2.31,+266.9,+21.2,CB	+6.86,+6.1,+20.4,@B	
1700831459.6402357	+6.55,+15.8,+22.0,CA	+6.27,+36.8,+22.0,GA	+6.53,+23.7,+22.0,OA	+6.82,+7.4,+20.5,AB	+2.31,+266.6,+21.3,MB	+6.86,+6.1,+20.4,@B	
1700831521.6469104	+6.55,+15.8,+22.1,BA	+6.27,+36.7,+22.0,HA	+6.53,+23.6,+22.0,NA	+6.82,+7.4,+20.5,AB	+2.32,+266.4,+21.3,LB	+6.86,+6.0,+20.4,AB	
1700831583.6542518	+6.55,+15.8,+22.0,CA	+6.27,+36.7,+22.0,HA	+6.53,+23.6,+22.0,NA	+6.82,+7.4,+20.5,AB	+2.32,+266.5,+21.2,LB	+6.86,+6.0,+20.4,AB	
1700831645.6640246	+6.55,+15.7,+22.1,MA	+6.27,+36.7,+22.0,HA	+6.53,+23.6,+22.0,NA	+6.82,+7.4,+20.5,AB	+2.31,+266.6,+21.2,LB	+6.86,+6.1,+20.4,@B	
1700831707.6708229	+6.55,+15.8,+22.0,CA	+6.27,+36.7,+22.0,HA	+6.53,+23.7,+22.0,OA	+6.82,+7.4,+20.5,AB	+2.31,+266.6,+21.2,LB	+6.86,+6.1,+20.4,@B	
1700831769.6796238	+6.55,+15.8,+22.0,CA	+6.27,+36.8,+22.0,GA	+6.53,+23.7,+22.0,OA	+6.82,+7.5,+20.4,AB	+2.31,+266.7,+21.2,MB	+6.86,+6.1,+20.4,@B	
1700831831.688779	+6.55,+15.8,+22.0,CA	+6.27,+36.8,+22.0,GA	+6.53,+23.7,+22.0,OA	+6.82,+7.4,+20.4,@B	+2.31,+266.6,+21.2,LB	+6.86,+6.1,+20.4,@B	
1700831893.6967437	+6.55,+15.8,+22.0,CA	+6.27,+36.8,+22.0,GA	+6.53,+23.7,+22.0,OA	+6.82,+7.4,+20.5,AB	+2.31,+266.9,+21.2,CB	+6.86,+6.1,+20.4,@B	
1700831955.7031195	+6.55,+15.8,+22.0,CA	+6.27,+36.8,+22.0,GA	+6.53,+23.7,+22.0,OA	+6.82,+7.4,+20.5,AB	+2.31,+267.0,+21.2,KB	+6.86,+6.0,+20.4,AB	
1700832017.7132092	+6.55,+15.7,+22.0,LA	+6.27,+36.9,+22.0,FA	+6.53,+23.6,+22.0,NA	+6.82,+7.4,+20.4,@B	+2.31,+267.0,+21.2,KB	+6.86,+6.1,+20.4,@B	
1700832079.7215998	+6.55,+15.7,+22.0,LA	+6.27,+36.9,+22.0,FA	+6.53,+23.6,+22.0,NA	+6.82,+7.4,+20.4,@B	+2.31,+267.0,+21.2,KB	+6.86,+6.1,+20.4,@B	
1700832141.7314985	+6.55,+15.7,+22.0,LA	+6.27,+36.8,+22.0,GA	+6.53,+23.7,+22.0,OA	+6.82,+7.4,+20.4,@B	+2.31,+267.0,+21.3,JB	+6.86,+6.1,+20.4,@B	
1700832203.7429466	+6.55,+15.7,+22.0,LA	+6.27,+36.8,+22.0,GA	+6.53,+23.6,+22.0,NA	+6.82,+7.5,+20.4,AB	+2.30,+267.2,+21.2,HB	+6.86,+6.1,+20.4,@B	
1700832449.2909288	+6.55,+15.7,+22.0,LA	+6.27,+37.0,+22.0,NA	+6.53,+23.6,+22.0,NA	+6.82,+7.4,+20.4,@B	+2.31,+266.6,+21.2,LB	+6.86,+6.0,+20.4,AB	
1700832511.2991526	+6.55,+15.8,+22.0,CA	+6.27,+36.9,+21.9,LA	+6.53,+23.7,+22.0,OA	+6.82,+7.4,+20.4,@B	+2.31,+266.9,+21.2,CB	+6.86,+6.1,+20.4,@B	
1700832573.306999	+6.55,+15.7,+22.0,LA	+6.27,+37.0,+21.9,DA	+6.53,+23.6,+22.0,NA	+6.82,+7.4,+20.4,@B	+2.31,+266.9,+21.2,CB	+6.86,+6.1,+20.3,GB	
1700832635.3174756	+6.55,+15.7,+22.0,LA	+6.27,+36.9,+21.9,LA	+6.53,+23.7,+22.0,OA	+6.82,+7.5,+20.4,AB	+2.31,+266.8,+21.2,BB	+6.86,+6.1,+20.3,GB	
1700832697.3251002	+6.55,+15.7,+22.0,LA	+6.27,+37.0,+21.9,DA	+6.53,+23.6,+22.0,NA	+6.82,+7.4,+20.4,@B	+2.31,+266.8,+21.2,BB	+6.86,+6.0,+20.3,FB	
1700832759.3349016	+6.55,+15.8,+22.0,CA	+6.27,+37.0,+21.9,DA	+6.53,+23.6,+22.0,NA	+6.82,+7.5,+20.4,AB	+2.31,+266.7,+21.2,MB	+6.86,+6.1,+20.3,GB	
1700832821.3441727	+6.55,+15.8,+22.0,CA	+6.27,+37.0,+21.9,DA	+6.53,+23.6,+22.0,NA	+6.82,+7.4,+20.4,@B	+2.32,+266.4,+21.2,MB	+6.86,+6.1,+20.3,GB	
1700832883.353436	+6.55,+15.7,+22.0,LA	+6.27,+37.0,+21.9,DA	+6.53,+23.6,+22.0,NA	+6.82,+7.4,+20.4,@B	+2.31,+266.5,+21.2,OB	+6.86,+6.1,+20.3,GB	
1700832945.3630319	+6.55,+15.7,+22.0,LA	+6.27,+37.1,+21.9,EA	+6.53,+23.6,+22.0,NA	+6.82,+7.4,+20.4,@B	+2.31,+266.7,+21.2,MB	+6.86,+6.0,+20.3,FB	
1700833007.3730175	+6.55,+15.8,+22.0,CA	+6.27,+37.0,+21.9,DA	+6.53,+23.6,+22.0,NA	+6.82,+7.4,+20.4,@B	+2.31,+267.1,+21.2,JB	+6.86,+6.1,+20.3,GB	
1700833069.382922	+6.55,+15.7,+22.0,LA	+6.27,+37.0,+21.9,DA	+6.53,+23.6,+22.0,NA	+6.82,+7.4,+20.4,@B	+2.30,+267.1,+21.2,KB	+6.86,+6.1,+20.3,GB	
1700833131.3928776	+6.55,+15.7,+22.0,LA	+6.27,+37.0,+21.9,DA	+6.53,+23.6,+22.0,NA	+6.82,+7.4,+20.4,@B	+2.30,+267.2,+21.2,HB	+6.86,+6.1,+20.3,GB	
1700833193.3996553	+6.55,+15.7,+22.0,LA	+6.27,+37.0,+21.9,DA	+6.53,+23.6,+22.0,NA	+6.82,+7.4,+20.4,@B	+2.30,+267.1,+21.2,KB	+6.86,+6.1,+20.3,GB	
1700833255.41002	+6.55,+15.7,+22.0,LA	+6.27,+37.1,+21.9,EA	+6.53,+23.6,+22.0,NA	+6.82,+7.4,+20.4,@B	+2.30,+267.1,+21.2,KB	+6.86,+6.1,+20.3,GB	
1700833317.416643	+6.55,+15.7,+22.0,LA	+6.27,+37.1,+21.9,EA	+6.53,+23.6,+22.0,NA	+6.82,+7.4,+20.4,@B	+2.31,+266.9,+21.2,CB	+6.86,+6.0,+20.3,FB	
1700833379.4245532	+6.55,+15.8,+22.0,CA	+6.27,+37.1,+21.9,EA	+6.53,+23.6,+22.0,NA	+6.82,+7.4,+20.4,@B	+2.31,+266.8,+21.2,BB	+6.86,+6.1,+20.3,GB	
1700833441.4347868	+6.55,+15.7,+22.0,LA	+6.27,+37.1,+21.9,EA	+6.53,+23.7,+22.0,OA	+6.82,+7.4,+20.4,@B	+2.31,+266.8,+21.2,BB	+6.86,+6.1,+20.3,GB	
1700833503.444363	+6.55,+15.7,+22.0,LA	+6.27,+37.1,+21.9,EA	+6.53,+23.6,+22.0,NA	+6.82,+7.4,+20.4,@B	+2.31,+266.9,+21.2,CB	+6.86,+6.0,+20.3,FB	
1700833565.455094	+6.55,+15.7,+22.0,LA	+6.26,+37.1,+21.9,DA	+6.53,+23.6,+22.0,NA	+6.82,+7.4,+20.4,@B	+2.31,+266.9,+21.2,CB	+6.86,+6.0,+20.3,FB	
1700833627.4643414	+6.55,+15.7,+22.0,LA	+6.26,+37.2,+21.9,GA	+6.53,+23.6,+22.0,NA	+6.82,+7.5,+20.4,AB	+2.31,+266.9,+21.2,CB	+6.86,+6.1,+20.3,GB	
1700833689.4743881	+6.55,+15.8,+22.0,CA	+6.27,+37.1,+21.9,EA	+6.53,+23.6,+21.9,DA	+6.82,+7.4,+20.4,@B	+2.31,+266.7,+21.2,MB	+6.86,+6.1,+20.3,GB	
1700833751.482141	+6.55,+15.7,+22.0,LA	+6.26,+37.2,+21.9,GA	+6.53,+23.6,+22.0,NA	+6.82,+7.4,+20.4,@B	+2.31,+266.8,+21.2,BB	+6.86,+6.1,+20.3,GB	
1700833813.4903471	+6.55,+15.8,+22.0,CA	+6.26,+37.2,+21.9,GA	+6.53,+23.6,+21.9,DA	+6.82,+7.4,+20.4,@B	+2.31,+266.7,+21.2,MB	+6.86,+6.1,+20.3,GB	
1700833875.498837	+6.55,+15.7,+22.0,LA	+6.26,+37.2,+21.9,GA	+6.53,+23.6,+22.0,NA	+6.82,+7.5,+20.4,AB	+2.31,+266.8,+21.2,BB	+6.86,+6.1,+20.3,GB	
1700833937.5079906	+6.55,+15.7,+22.0,LA	+6.26,+37.2,+21.9,GA	+6.53,+23.6,+22.0,NA	+6.82,+7.5,+20.4,AB	+2.31,+266.8,+21.2,BB	+6.86,+6.1,+20.3,GB	
1700833999.5155635	+6.55,+15.7,+22.0,LA	+6.26,+37.2,+21.9,GA	+6.53,+23.6,+22.0,NA	+6.82,+7.5,+20.4,AB	+2.31,+267.0,+21.2,KB	+6.86,+6.1,+20.3,GB	
1700834061.5248435	+6.55,+15.8,+22.0,CA	+6.26,+37.2,+21.9,GA	+6.53,+23.6,+21.9,DA	+6.82,+7.5,+20.4,AB	+2.30,+267.1,+21.2,KB	+6.86,+6.2,+20.3,DB	
1700834123.5343795	+6.55,+15.7,+22.0,LA	+6.26,+37.2,+21.9,GA	+6.53,+23.6,+21.9,DA	+6.82,+7.5,+20.4,AB	+2.30,+267.1,+21.2,KB	+6.86,+6.1,+20.3,GB	
1700834185.5447516	+6.55,+15.7,+22.0,LA	+6.26,+37.2,+21.9,GA	+6.53,+23.7,+21.9,EA	+6.82,+7.4,+20.4,@B	+2.30,+267.3,+21.2,IB	+6.86,+6.1,+20.3,GB	
1700834247.5510156	+6.55,+15.7,+22.0,LA	+6.26,+37.2,+21.9,GA	+6.53,+23.6,+21.9,DA	+6.82,+7.4,+20.4,@B	+2.30,+267.4,+21.2,NB	+6.86,+6.1,+20.3,GB	
1700834309.5610204	+6.55,+15.7,+22.0,LA	+6.26,+37.2,+21.9,GA	+6.53,+23.7,+21.9,EA	+6.82,+7.5,+20.4,AB	+2.30,+267.5,+21.2,OB	+6.86,+6.1,+20.3,GB	
1700834371.5702014	+6.55,+15.8,+22.0,CA	+6.26,+37.2,+21.9,GA	+6.53,+23.6,+21.9,DA	+6.82,+7.4,+20.4,@B	+2.30,+267.4,+21.2,NB	+6.86,+6.1,+20.3,GB	
1700834433.5801196	+6.55,+15.8,+21.9,IA	+6.26,+37.1,+21.9,DA	+6.53,+23.6,+21.9,DA	+6.82,+7.4,+20.3,GB	+2.29,+267.8,+21.2,JB	+6.86,+6.1,+20.3,GB	
1700834495.5897892	+6.55,+15.7,+22.0,LA	+6.26,+37.2,+21.9,GA	+6.53,+23.7,+21.9,EA	+6.82,+7.5,+20.3,FB	+2.29,+267.9,+21.2,KB	+6.86,+6.0,+20.3,FB	
1700834557.5995884	+6.55,+15.7,+21.9,FA	+6.26,+37.2,+21.9,GA	+6.53,+23.6,+21.9,DA	+6.82,+7.4,+20.3,GB	+2.29,+267.7,+21.2,EB	+6.86,+6.1,+20.3,GB	
1700834619.6067846	+6.55,+15.7,+21.9,FA	+6.26,+37.2,+21.9,GA	+6.53,+23.6,+21.9,DA	+6.82,+7.5,+20.3,FB	+2.29,+267.9,+21.2,KB	+6.86,+6.0,+20.3,FB	
1700834681.6152186	+6.55,+15.7,+21.9,FA	+6.26,+37.3,+21.9,FA	+6.53,+23.6,+21.9,DA	+6.82,+7.4,+20.3,GB	+2.29,+268.0,+21.2,MB	+6.86,+6.0,+20.3,FB	
1700834743.6241698	+6.55,+15.8,+21.9,IA	+6.26,+37.3,+21.9,FA	+6.53,+23.6,+21.9,DA	+6.82,+7.5,+20.4,AB	+2.29,+267.9,+21.2,KB	+6.86,+6.1,+20.3,GB	
1700834805.634696	+6.55,+15.7,+21.9,FA	+6.26,+37.2,+21.9,GA	+6.53,+23.6,+21.9,DA	+6.82,+7.4,+20.3,GB	+2.29,+268.0,+21.2,MB	+6.86,+6.1,+20.3,GB	
1700834867.6447806	+6.55,+15.8,+21.9,IA	+6.26,+37.2,+21.9,GA	+6.53,+23.6,+21.9,DA	+6.82,+7.5,+20.3,FB	+2.28,+268.3,+21.2,OB	+6.86,+6.1,+20.3,GB	
1700834929.6548343	+6.55,+15.7,+21.9,FA	+6.26,+37.3,+21.9,FA	+6.53,+23.7,+21.9,EA	+6.82,+7.4,+20.3,GB	+2.28,+268.2,+21.2,NB	+6.86,+6.0,+20.3,FB	
1700834991.66436	+6.55,+15.7,+21.9,FA	+6.26,+37.3,+21.9,FA	+6.53,+23.6,+21.9,DA	+6.82,+7.5,+20.3,FB	+2.29,+267.8,+21.2,JB	+6.86,+6.1,+20.3,GB	
1700835053.6692197	+6.55,+15.7,+21.9,FA	+6.26,+37.3,+21.9,FA	+6.53,+23.6,+21.9,DA	+6.82,+7.5,+20.3,FB	+2.30,+267.6,+21.2,LB	+6.86,+6.1,+20.3,GB	
1700835115.6754754	+6.55,+15.7,+22.0,LA	+6.26,+37.3,+21.9,FA	+6.53,+23.5,+21.9,GA	+6.82,+7.4,+20.3,GB	+2.29,+268.2,+21.1,LB	+6.86,+6.1,+20.3,GB	
1700835177.6824865	+6.55,+15.8,+21.9,IA	+6.26,+37.3,+21.9,FA	+6.53,+23.6,+21.9,DA	+6.82,+7.5,+20.3,FB	+2.29,+268.1,+21.2,LB	+6.86,+6.1,+20.2,FB	
1700835239.6918385	+6.55,+15.7,+21.9,FA	+6.26,+37.3,+21.9,FA	+6.53,+23.6,+21.9,DA	+6.82,+7.5,+20.3,FB	+2.29,+267.6,+21.1,GB	+6.86,+6.1,+20.3,GB	
1700835301.7011113	+6.55,+15.7,+21.9,FA	+6.26,+37.3,+21.9,FA	+6.53,+23.6,+21.9,DA	+6.82,+7.5,+20.3,FB	+2.30,+267.3,+21.2,IB	+6.86,+6.1,+20.2,FB	
1700835363.7097356	+6.55,+15.7,+21.9,FA	+6.26,+37.3,+21.9,FA	+6.53,+23.6,+21.9,DA	+6.82,+7.4,+20.3,GB	+2.30,+267.2,+21.1,KB	+6.86,+6.1,+20.2,FB	
1700835425.7191768	+6.55,+15.7,+21.9,FA	+6.26,+37.3,+21.9,FA	+6.53,+23.6,+21.9,DA	+6.82,+7.4,+20.3,GB	+2.29,+267.7,+21.2,EB	+6.86,+6.1,+20.3,GB	
1700835487.7288077	+6.55,+15.7,+21.9,FA	+6.26,+37.3,+21.9,FA	+6.53,+23.6,+21.9,DA	+6.82,+7.5,+20.3,FB	+2.29,+267.7,+21.2,EB	+6.86,+6.1,+20.2,FB	
1700835549.7380486	+6.55,+15.7,+21.9,FA	+6.26,+37.4,+21.9,AA	+6.53,+23.5,+21.9,GA	+6.82,+7.5,+20.4,AB	+2.29,+267.8,+21.2,JB	+6.86,+6.0,+20.2,GB	
1700835611.7461922	+6.55,+15.8,+21.9,IA	+6.26,+37.4,+21.9,AA	+6.53,+23.6,+21.9,DA	+6.82,+7.5,+20.3,FB	+2.29,+267.9,+21.2,KB	+6.86,+6.1,+20.2,FB	
1700835673.7545753	+6.55,+15.7,+21.9,FA	+6.26,+37.4,+21.9,AA	+6.53,+23.6,+21.9,DA	+6.82,+7.4,+20.3,GB	+2.29,+268.0,+21.2,MB	+6.86,+6.1,+20.2,FB	
1700835735.7652533	+6.55,+15.7,+21.9,FA	+6.26,+37.4,+21.9,AA	+6.53,+23.7,+21.9,EA	+6.82,+7.5,+20.3,FB	+2.29,+268.0,+21.1,NB	+6.86,+6.1,+20.2,FB	
1700835797.7754886	+6.55,+15.7,+21.9,FA	+6.26,+37.3,+21.9,FA	+6.53,+23.7,+21.9,EA	+6.82,+7.5,+20.3,FB	+2.30,+267.6,+21.1,OB	+6.86,+6.1,+20.2,FB	
1700835859.7866013	+6.55,+15.7,+21.9,FA	+6.26,+37.4,+21.9,AA	+6.53,+23.6,+21.9,DA	+6.82,+7.5,+20.3,FB	+2.30,+267.1,+21.1,HB	+6.86,+6.0,+20.2,GB	
1700835921.7895072	+6.55,+15.7,+21.9,FA	+6.26,+37.4,+21.8,@A	+6.53,+23.6,+21.9,DA	+6.82,+7.4,+20.3,GB	+2.29,+267.7,+21.1,FB	+6.86,+6.1,+20.3,GB	
1700835983.7972138	+6.55,+15.7,+21.9,FA	+6.26,+37.5,+21.8,AA	+6.53,+23.5,+21.9,GA	+6.82,+7.5,+20.3,FB	+2.29,+268.1,+21.1,OB	+6.86,+6.1,+20.2,FB	
1700836045.8073983	+6.55,+15.7,+21.9,FA	+6.26,+37.5,+21.9,@A	+6.53,+23.6,+21.9,DA	+6.82,+7.4,+20.3,GB	+2.29,+268.1,+21.2,LB	+6.86,+6.1,+20.2,FB	
1700836291.4065309	+6.55,+15.7,+21.9,FA	+6.26,+37.5,+21.8,AA	+6.53,+23.6,+21.9,DA	+6.82,+7.4,+20.3,GB	+2.30,+267.3,+21.1,JB	+6.86,+6.1,+20.2,FB	
1700836353.4162636	+6.55,+15.7,+21.9,FA	+6.26,+37.4,+21.8,@A	+6.53,+23.6,+21.9,DA	+6.82,+7.4,+20.3,GB	+2.29,+267.7,+21.1,FB	+6.86,+6.1,+20.2,FB	
1700836415.4238362	+6.55,+15.7,+21.9,FA	+6.26,+37.4,+21.8,@A	+6.53,+23.6,+21.9,DA	+6.82,+7.5,+20.3,FB	+2.29,+268.0,+21.2,MB	+6.86,+6.1,+20.2,FB	
1700836477.4341109	+6.55,+15.7,+21.9,FA	+6.26,+37.4,+21.8,@A	+6.53,+23.6,+21.9,DA	+6.82,+7.5,+20.3,FB	+2.29,+267.9,+21.1,HB	+6.86,+6.0,+20.2,GB	
1700836539.443031	+6.55,+15.7,+21.9,FA	+6.26,+37.5,+21.9,@A	+6.53,+23.6,+21.9,DA	+6.82,+7.5,+20.3,FB	+2.29,+268.1,+21.1,OB	+6.86,+6.1,+20.2,FB	
1700836601.453886	+6.55,+15.7,+21.9,FA	+6.26,+37.5,+21.9,@A	+6.53,+23.6,+21.9,DA	+6.82,+7.5,+20.3,FB	+2.29,+267.9,+21.2,KB	+6.86,+6.1,+20.2,FB	
1700836663.465298	+6.55,+15.7,+21.9,FA	+6.26,+37.5,+21.8,AA	+6.53,+23.6,+21.9,DA	+6.82,+7.5,+20.3,FB	+2.29,+268.0,+21.1,NB	+6.86,+6.1,+20.2,FB	
1700836725.4762433	+6.55,+15.8,+21.9,IA	+6.26,+37.5,+21.9,@A	+6.53,+23.6,+21.9,DA	+6.82,+7.4,+20.3,GB	+2.29,+268.0,+21.1,NB	+6.86,+6.1,+20.2,FB	
1700836787.486192	+6.55,+15.7,+21.9,FA	+6.26,+37.5,+21.8,AA	+6.53,+23.5,+21.9,GA	+6.82,+7.5,+20.3,FB	+2.29,+267.7,+21.1,FB	+6.86,+6.0,+20.2,GB	
1700836849.4952788	+6.55,+15.7,+21.9,FA	+6.26,+37.5,+21.8,AA	+6.53,+23.7,+21.9,EA	+6.82,+7.5,+20.3,FB	+2.28,+268.2,+21.1,MB	+6.86,+6.1,+20.2,FB	
1700836911.5048	+6.55,+15.7,+21.9,FA	+6.26,+37.5,+21.8,AA	+6.53,+23.6,+21.9,DA	+6.82,+7.5,+20.3,FB	+2.29,+267.7,+21.1,FB	+6.86,+6.0,+20.2,GB	
1700836973.50953	+6.55,+15.7,+21.9,FA	+6.26,+37.5,+21.8,AA	+6.53,+23.7,+21.9,EA	+6.82,+7.5,+20.3,FB	+2.28,+268.2,+21.1,MB	+6.86,+6.1,+20.2,FB	
1700837035.5170567	+6.55,+15.6,+21.9,GA	+6.26,+37.5,+21.8,AA	+6.53,+23.7,+21.9,EA	+6.82,+7.5,+20.3,FB	+2.29,+267.8,+21.1,IB	+6.86,+6.1,+20.2,FB	
1700837097.5242362	+6.55,+15.7,+21.9,FA	+6.26,+37.5,+21.8,AA	+6.53,+23.6,+21.9,DA	+6.82,+7.5,+20.3,FB	+2.28,+268.3,+21.1,LB	+6.86,+6.1,+20.2,FB	
1700837159.5332644	+6.55,+15.7,+21.9,FA	+6.26,+37.6,+21.8,BA	+6.53,+23.6,+21.9,DA	+6.82,+7.5,+20.3,FB	+2.28,+268.3,+21.1,LB	+6.86,+6.1,+20.2,FB	
1700837221.5436363	+6.55,+15.7,+21.9,FA	+6.26,+37.6,+21.8,BA	+6.53,+23.6,+21.9,DA	+6.82,+7.5,+20.3,FB	+2.29,+268.1,+21.1,OB	+6.86,+6.1,+20.2,FB	
1700837283.5516925	+6.55,+15.7,+21.9,FA	+6.26,+37.5,+21.8,AA	+6.53,+23.6,+21.9,DA	+6.82,+7.4,+20.3,GB	+2.29,+267.8,+21.1,IB	+6.86,+6.1,+20.2,FB	
1700837345.5614808	+6.55,+15.7,+21.9,FA	+6.26,+37.6,+21.8,BA	+6.53,+23.6,+21.9,DA	+6.82,+7.4,+20.3,GB	+2.28,+268.2,+21.1,MB	+6.86,+6.1,+20.2,FB	
1700837407.5700417	+6.55,+15.7,+21.9,FA	+6.26,+37.6,+21.9,CA	+6.53,+23.6,+21.9,DA	+6.82,+7.4,+20.3,GB	+2.29,+267.8,+21.1,IB	+6.86,+6.1,+20.2,FB	
1700837469.5798714	+6.55,+15.7,+21.9,FA	+6.26,+37.6,+21.8,BA	+6.53,+23.6,+21.9,DA	+6.82,+7.5,+20.3,FB	+2.29,+268.0,+21.1,NB	+6.86,+6.1,+20.2,FB	
1700837531.5889635	+6.55,+15.7,+21.9,FA	+6.26,+37.6,+21.8,BA	+6.53,+23.6,+21.9,DA	+6.82,+7.5,+20.3,FB	+2.34,+265.2,+21.1,MB	+6.87,+6.0,+20.2,FB	
1700837593.5972464	+6.55,+15.7,+21.9,FA	+6.26,+37.6,+21.8,BA	+6.53,+23.6,+21.9,DA	+6.82,+7.5,+20.3,FB	+2.33,+265.4,+21.1,LB	+6.86,+6.0,+20.2,GB	
1700837655.6077867	+6.55,+15.7,+21.9,FA	+6.26,+37.6,+21.8,BA	+6.53,+23.6,+21.9,DA	+6.82,+7.5,+20.3,FB	+2.35,+264.7,+21.1,HB	+6.86,+6.1,+20.2,FB	
1700837717.6185331	+6.55,+15.7,+21.9,FA	+6.26,+37.7,+21.8,CA	+6.53,+23.6,+21.9,DA	+6.82,+7.5,+20.3,FB	+2.34,+265.0,+21.1,OB	+6.86,+6.0,+20.2,GB	
1700837779.6254897	+6.55,+15.7,+21.9,FA	+6.26,+37.6,+21.9,CA	+6.53,+23.6,+21.9,DA	+6.82,+7.5,+20.3,FB	+2.34,+265.2,+21.1,MB	+6.86,+6.0,+20.2,GB	
1700837841.631742	+6.55,+15.7,+21.9,FA	+6.26,+37.6,+21.9,CA	+6.53,+23.6,+21.9,DA	+6.82,+7.5,+20.3,FB	+2.35,+264.2,+21.1,MB	+6.86,+6.1,+20.2,FB	
1700837903.6407356	+6.55,+15.6,+21.9,GA	+6.26,+37.6,+21.8,BA	+6.53,+23.6,+21.9,DA	+6.82,+7.5,+20.3,FB	+2.35,+264.5,+21.1,JB	+6.86,+6.1,+20.2,FB	
1700837965.650075	+6.55,+15.7,+21.9,FA	+6.26,+37.6,+21.8,BA	+6.53,+23.5,+21.9,GA	+6.82,+7.5,+20.3,FB	+2.34,+264.8,+21.1,FB	+6.86,+6.0,+20.2,GB	
1700838027.6617267	+6.55,+15.7,+21.9,FA	+6.26,+37.7,+21.9,BA	+6.53,+23.6,+21.9,DA	+6.82,+7.5,+20.3,FB	+2.34,+265.0,+21.1,OB	+6.86,+6.0,+20.2,GB	
1700838089.6708825	+6.55,+15.6,+21.9,GA	+6.26,+37.6,+21.8,BA	+6.53,+23.5,+21.9,GA	+6.82,+7.5,+20.3,FB	+2.34,+264.8,+21.1,FB	+6.86,+6.0,+20.2,GB	
1700838151.6795597	+6.55,+15.6,+21.9,GA	+6.26,+37.6,+21.9,CA	+6.53,+23.6,+21.9,DA	+6.82,+7.4,+20.3,GB	+2.35,+264.6,+21.1,IB	+6.86,+6.1,+20.2,FB	
1700838213.6896105	+6.55,+15.7,+21.9,FA	+6.26,+37.6,+21.8,BA	+6.53,+23.6,+21.9,DA	+6.82,+7.5,+20.3,FB	+2.35,+264.7,+21.1,HB	+6.86,+6.0,+20.2,GB	
1700838275.6969144	+6.55,+15.7,+21.9,FA	+6.26,+37.7,+21.8,CA	+6.53,+23.5,+21.9,GA	+6.82,+7.5,+20.3,FB	+2.34,+264.8,+21.1,FB	+6.86,+6.1,+20.2,FB	
1700838337.7067673	+6.55,+15.7,+21.9,FA	+6.26,+37.6,+21.8,BA	+6.53,+23.6,+21.9,DA	+6.82,+7.4,+20.3,GB	+2.34,+264.9,+21.1,GB	+6.86,+6.1,+20.2,FB	
1700838399.7163382	+6.55,+15.7,+21.9,FA	+6.26,+37.6,+21.8,BA	+6.53,+23.6,+21.8,EA	+6.82,+7.5,+20.3,FB	+2.34,+265.0,+21.1,OB	+6.86,+6.1,+20.2,FB	
1700838461.7233937	+6.55,+15.7,+21.9,FA	+6.26,+37.6,+21.8,BA	+6.53,+23.6,+21.9,DA	+6.82,+7.5,+20.3,FB	+2.34,+265.1,+21.1,NB	+6.86,+6.1,+20.3,GB	
1700838523.7327986	+6.55,+15.7,+21.9,FA	+6.26,+37.7,+21.8,CA	+6.53,+23.6,+21.9,DA	+6.82,+7.5,+20.3,FB	+2.27,+269.0,+21.1,AB	+6.86,+6.1,+20.2,FB	
1700838585.738445	+6.55,+15.8,+21.9,IA	+6.26,+37.6,+21.9,CA	+6.53,+23.6,+21.9,DA	+6.82,+7.5,+20.3,FB	+2.25,+269.9,+21.1,JB	+6.86,+6.1,+20.2,FB	
1700838647.7490304	+6.55,+15.7,+21.9,FA	+6.26,+37.6,+21.8,BA	+6.53,+23.7,+21.9,EA	+6.82,+7.5,+20.3,FB	+2.25,+270.2,+21.1,IB	+6.86,+6.0,+20.2,GB	
1700838709.7562225	+6.55,+15.7,+21.9,FA	+6.26,+37.7,+21.8,CA	+6.53,+23.7,+21.9,EA	+6.82,+7.5,+20.3,FB	+2.24,+270.5,+21.1,OB	+6.86,+6.1,+20.2,FB	
1700838771.7631717	+6.55,+15.6,+21.9,GA	+6.26,+37.7,+21.9,BA	+6.53,+23.6,+21.9,DA	+6.82,+7.5,+20.3,FB	+2.26,+269.7,+21.1,GB	+6.86,+6.1,+20.2,FB	
1700838833.7722619	+6.55,+15.7,+21.9,FA	+6.26,+37.6,+21.8,BA	+6.53,+23.6,+21.9,DA	+6.82,+7.4,+20.3,GB	+2.25,+270.0,+21.1,KB	+6.86,+6.1,+20.2,FB	
1700838895.7802446	+6.55,+15.6,+21.9,GA	+6.26,+37.7,+21.8,CA	+6.53,+23.6,+21.9,DA	+6.82,+7.5,+20.3,FB	+2.25,+269.9,+21.1,JB	+6.86,+6.1,+20.2,FB	
1700838957.7901812	+6.55,+15.6,+21.9,GA	+6.26,+37.7,+21.8,CA	+6.53,+23.5,+21.9,GA	+6.82,+7.5,+20.3,FB	+2.25,+270.1,+21.1,JB	+6.86,+6.1,+20.2,FB	
1700839019.8012762	+6.55,+15.7,+21.9,FA	+6.26,+37.7,+21.8,CA	+6.53,+23.6,+21.9,DA	+6.82,+7.5,+20.3,FB	+2.25,+270.1,+21.1,JB	+6.86,+6.1,+20.2,FB	
1700839081.8104208	+6.55,+15.6,+21.9,GA	+6.26,+37.7,+21.8,CA	+6.53,+23.6,+21.9,DA	+6.82,+7.5,+20.3,FB	+2.25,+270.3,+21.1,HB	+6.86,+6.1,+20.3,GB	
1700839143.8169384	+6.55,+15.7,+21.9,FA	+6.26,+37.7,+21.8,CA	+6.53,+23.6,+21.9,DA	+6.82,+7.5,+20.3,FB	+2.24,+270.7,+21.1,MB	+6.86,+6.1,+20.2,FB	
1700839205.826606	+6.55,+15.7,+21.9,FA	+6.25,+37.7,+21.8,@A	+6.53,+23.6,+21.9,DA	+6.82,+7.5,+20.3,FB	+2.24,+270.6,+21.1,LB	+6.86,+6.0,+20.2,GB	
1700839267.837584	+6.55,+15.7,+21.9,FA	+6.25,+37.8,+21.8,OA	+6.53,+23.5,+21.9,GA	+6.82,+7.5,+20.3,FB	+2.25,+270.0,+21.1,KB	+6.86,+6.0,+20.2,GB	
1700839329.8465154	+6.55,+15.7,+21.9,FA	+6.25,+37.7,+21.8,@A	+6.53,+23.6,+21.9,DA	+6.82,+7.5,+20.3,FB	+2.25,+270.2,+21.1,IB	+6.86,+6.1,+20.2,FB	
1700839391.8552632	+6.55,+15.6,+21.9,GA	+6.25,+37.7,+21.8,@A	+6.53,+23.6,+21.9,DA	+6.82,+7.5,+20.3,FB	+2.24,+270.4,+21.1,NB	+6.86,+6.1,+20.2,FB	
1700839453.8628173	+6.55,+15.6,+21.9,GA	+6.25,+37.7,+21.8,@A	+6.53,+23.6,+21.9,DA	+6.82,+7.5,+20.3,FB	+2.25,+270.4,+21.1,OB	+6.86,+6.0,+20.3,FB	
1700839515.8722038	+6.55,+15.7,+21.9,FA	+6.25,+37.7,+21.8,@A	+6.53,+23.6,+21.9,DA	+6.82,+7.5,+20.3,FB	+2.27,+269.0,+21.1,AB	+6.86,+6.1,+20.3,GB	
1700839577.881739	+6.55,+15.7,+21.9,FA	+6.25,+37.8,+21.8,OA	+6.53,+23.6,+21.9,DA	+6.82,+7.5,+20.3,FB	+2.27,+268.8,+21.1,HB	+6.86,+6.1,+20.2,FB	
1700839639.8905401	+6.55,+15.7,+21.9,FA	+6.25,+37.8,+21.9,NA	+6.53,+23.6,+21.9,DA	+6.82,+7.5,+20.3,FB	+2.27,+269.1,+21.1,@B	+6.86,+6.0,+20.2,GB	
1700839701.897211	+6.55,+15.6,+21.9,GA	+6.25,+37.8,+21.8,OA	+6.53,+23.5,+21.9,GA	+6.82,+7.5,+20.3,FB	+2.26,+269.5,+21.1,EB	+6.86,+6.1,+20.2,FB	
1700839763.9044774	+6.55,+15.6,+21.9,GA	+6.25,+37.8,+21.8,OA	+6.53,+23.6,+21.9,DA	+6.82,+7.5,+20.3,FB	+2.26,+269.7,+21.1,GB	+6.86,+6.1,+20.2,FB	
1700839825.914053	+6.55,+15.7,+21.9,FA	+6.25,+37.7,+21.8,@A	+6.53,+23.6,+21.9,DA	+6.82,+7.5,+20.3,FB	+2.25,+270.1,+21.1,JB	+6.86,+6.1,+20.2,FB	
1700839887.9232867	+6.55,+15.7,+21.9,FA	+6.25,+37.8,+21.8,OA	+6.53,+23.7,+21.9,EA	+6.82,+7.4,+20.3,GB	+2.24,+270.5,+21.1,OB	+6.86,+6.0,+20.2,GB	
1700840133.5024931	+6.55,+15.7,+21.9,FA	+6.25,+37.8,+21.8,OA	+6.53,+23.6,+21.9,DA	+6.82,+7.5,+20.3,FB	+2.26,+269.7,+21.1,GB	+6.86,+6.1,+20.3,GB	
1700840195.509068	+6.55,+15.7,+21.9,FA	+6.25,+37.7,+21.9,AA	+6.53,+23.6,+21.9,DA	+6.82,+7.5,+20.3,FB	+2.25,+270.4,+21.1,OB	+6.86,+6.1,+20.3,GB	
1700840257.5187323	+6.55,+15.7,+21.9,FA	+6.25,+37.8,+21.9,NA	+6.53,+23.6,+21.9,DA	+6.82,+7.5,+20.3,FB	+2.23,+271.0,+21.1,LB	+6.86,+6.1,+20.3,GB	
1700840319.5290475	+6.55,+15.7,+21.9,FA	+6.25,+37.9,+21.9,OA	+6.53,+23.6,+21.9,DA	+6.82,+7.5,+20.3,FB	+2.22,+271.7,+21.1,JB	+6.86,+6.1,+20.3,GB	
1700840381.5384579	+6.55,+15.7,+21.9,FA	+6.25,+37.8,+21.8,OA	+6.53,+23.6,+21.9,DA	+6.82,+7.6,+20.3,EB	+2.23,+271.6,+21.1,JB	+6.86,+6.1,+20.2,FB	
1700840443.5449328	+6.55,+15.7,+21.9,FA	+6.25,+37.8,+21.9,NA	+6.53,+23.6,+21.9,DA	+6.82,+7.5,+20.3,FB	+2.22,+271.7,+21.1,JB	+6.86,+6.1,+20.3,GB	
1700840505.552357	+6.55,+15.7,+21.9,FA	+6.25,+37.8,+21.8,OA	+6.53,+23.6,+21.9,DA	+6.82,+7.5,+20.3,FB	+2.23,+271.5,+21.1,IB	+6.86,+6.1,+20.3,GB	
1700840567.5619862	+6.55,+15.7,+21.9,FA	+6.25,+37.8,+21.9,NA	+6.53,+23.6,+21.9,DA	+6.82,+7.5,+20.3,FB	+2.23,+271.4,+21.1,HB	+6.86,+6.0,+20.3,FB	
1700840629.572738	+6.55,+15.6,+21.9,GA	+6.25,+37.8,+21.8,OA	+6.53,+23.7,+21.9,EA	+6.82,+7.5,+20.3,FB	+2.27,+269.3,+21.1,BB	+6.86,+6.0,+20.2,GB	
1700840691.584986	+6.55,+15.7,+21.9,FA	+6.25,+37.8,+21.9,NA	+6.53,+23.6,+21.9,DA	+6.82,+7.5,+20.3,FB	+2.27,+268.8,+21.1,HB	+6.86,+6.1,+20.3,GB	
1700840753.5923495	+6.55,+15.7,+21.9,FA	+6.25,+37.8,+21.9,NA	+6.53,+23.6,+21.9,DA	+6.82,+7.4,+20.3,GB	+2.29,+267.8,+21.1,IB	+6.86,+6.1,+20.3,GB	
1700840815.5997393	+6.55,+15.6,+21.9,GA	+6.25,+37.8,+21.8,OA	+6.53,+23.6,+21.9,DA	+6.82,+7.5,+20.3,FB	+2.28,+268.4,+21.1,KB	+6.86,+6.0,+20.3,FB	
1700840877.6090825	+6.55,+15.7,+21.9,FA	+6.25,+37.8,+21.9,NA	+6.53,+23.6,+21.9,DA	+6.82,+7.5,+20.3,FB	+2.30,+267.1,+21.1,HB	+6.86,+6.1,+20.3,GB	
1700840939.615412	+6.55,+15.7,+21.9,FA	+6.25,+37.8,+21.9,NA	+6.53,+23.5,+21.9,GA	+6.82,+7.4,+20.3,GB	+2.30,+267.5,+21.1,LB	+6.86,+6.1,+20.3,GB	
1700841001.6231468	+6.55,+15.7,+21.9,FA	+6.25,+37.8,+21.9,NA	+6.53,+23.6,+21.9,DA	+6.82,+7.5,+20.3,FB	+2.29,+267.7,+21.1,FB	+6.86,+6.1,+20.3,GB	
1700841063.6256123	+6.55,+15.7,+21.9,FA	+6.25,+37.8,+21.9,NA	+6.53,+23.6,+21.9,DA	+6.82,+7.5,+20.3,FB	+2.28,+268.4,+21.1,KB	+6.86,+6.0,+20.3,FB	
1700841125.6360066	+6.55,+15.7,+21.9,FA	+6.25,+37.8,+21.9,NA	+6.53,+23.6,+21.9,DA	+6.82,+7.5,+20.3,FB	+2.27,+268.8,+21.1,HB	+6.86,+6.0,+20.3,FB	
1700841187.6427271	+6.55,+15.6,+21.9,GA	+6.25,+37.8,+21.9,NA	+6.53,+23.6,+21.9,DA	+6.82,+7.5,+20.3,FB	+2.27,+269.3,+21.1,BB	+6.86,+6.1,+20.3,GB	
1700841249.6518507	+6.55,+15.7,+21.9,FA	+6.25,+37.8,+21.8,OA	+6.53,+23.6,+21.9,DA	+6.82,+7.5,+20.3,FB	+2.29,+267.8,+21.1,IB	+6.86,+6.1,+20.3,GB	
1700841311.6601045	+6.55,+15.7,+21.9,FA	+6.25,+37.8,+21.9,NA	+6.53,+23.6,+21.9,DA	+6.82,+7.5,+20.3,FB	+2.29,+267.6,+21.1,GB	+6.86,+6.1,+20.3,GB	
1700841373.6656702	+6.55,+15.7,+21.9,FA	+6.25,+37.8,+21.9,NA	+6.53,+23.6,+21.9,DA	+6.82,+7.5,+20.3,FB	+2.29,+267.8,+21.1,IB	+6.86,+6.0,+20.3,FB	
1700841435.6680584	+6.55,+15.7,+21.9,FA	+6.25,+37.8,+21.9,NA	+6.53,+23.6,+21.9,DA	+6.82,+7.5,+20.3,FB	+2.29,+267.8,+21.1,IB	+6.86,+6.1,+20.3,GB	
1700841497.6762645	+6.55,+15.7,+21.9,FA	+6.25,+37.9,+21.9,OA	+6.53,+23.6,+21.9,DA	+6.82,+7.5,+20.3,FB	+2.29,+267.9,+21.1,HB	+6.86,+6.0,+20.3,FB	
1700841559.6840746	+6.55,+15.7,+21.9,FA	+6.25,+37.9,+21.9,OA	+6.53,+23.6,+22.0,NA	+6.82,+7.5,+20.4,AB	+2.28,+268.2,+21.1,MB	+6.86,+6.1,+20.3,GB	
1700841621.693526	+6.55,+15.6,+21.9,GA	+6.25,+37.9,+21.8,NA	+6.53,+23.6,+21.9,DA	+6.82,+7.5,+20.3,FB	+2.29,+268.0,+21.1,NB	+6.86,+6.0,+20.3,FB	
1700841683.7021024	+6.55,+15.6,+21.9,GA	+6.25,+37.8,+21.9,NA	+6.53,+23.6,+21.9,DA	+6.82,+7.5,+20.3,FB	+2.29,+267.9,+21.1,HB	+6.86,+6.0,+20.3,FB	
1700841745.7104065	+6.55,+15.7,+21.9,FA	+6.25,+37.8,+21.9,NA	+6.53,+23.6,+21.9,DA	+6.82,+7.5,+20.3,FB	+2.29,+268.1,+21.1,OB	+6.86,+6.0,+20.3,FB	
1700841807.719775	+6.55,+15.6,+21.9,GA	+6.25,+37.8,+21.8,OA	+6.53,+23.6,+21.9,DA	+6.82,+7.5,+20.4,AB	+2.28,+268.2,+21.1,MB	+6.86,+6.1,+20.3,GB	
1700841869.726476	+6.55,+15.7,+21.9,FA	+6.25,+37.9,+21.9,OA	+6.53,+23.6,+21.9,DA	+6.82,+7.5,+20.3,FB	+2.29,+267.7,+21.1,FB	+6.86,+6.0,+20.3,FB	
1700841931.7327108	+6.55,+15.6,+21.9,GA	+6.25,+37.8,+21.9,NA	+6.53,+23.6,+21.9,DA	+6.82,+7.5,+20.3,FB	+2.29,+268.1,+21.1,OB	+6.86,+6.0,+20.3,FB	
1700841993.7424653	+6.55,+15.7,+21.9,FA	+6.25,+37.8,+21.9,NA	+6.53,+23.6,+21.9,DA	+6.82,+7.5,+20.4,AB	+2.28,+268.2,+21.1,MB	+6.86,+6.1,+20.3,GB	
1700842055.7519817	+6.55,+15.6,+21.9,GA	+6.25,+37.9,+21.9,OA	+6.53,+23.5,+21.9,GA	+6.82,+7.5,+20.3,FB	+2.28,+268.4,+21.1,KB	+6.86,+6.1,+20.3,GB	
1700842117.7610056	+6.55,+15.6,+21.9,GA	+6.25,+37.9,+21.9,OA	+6.53,+23.6,+21.9,DA	+6.82,+7.5,+20.3,FB	+2.28,+268.5,+21.1,JB	+6.86,+6.1,+20.3,GB	
1700842179.7704136	+6.55,+15.7,+21.9,FA	+6.25,+37.9,+21.9,OA	+6.53,+23.6,+21.9,DA	+6.82,+7.5,+20.4,AB	+2.27,+269.0,+21.1,AB	+6.86,+6.1,+20.3,GB	
1700842241.780427	+6.55,+15.7,+21.9,FA	+6.25,+37.9,+21.9,OA	+6.53,+23.6,+21.9,DA	+6.82,+7.5,+20.3,FB	+2.27,+269.2,+21.1,CB	+6.86,+6.0,+20.3,FB	
1700842303.7880664	+6.55,+15.7,+21.9,FA	+6.25,+37.9,+21.9,OA	+6.53,+23.6,+21.9,DA	+6.82,+7.4,+20.4,@B	+2.27,+269.3,+21.1,BB	+6.86,+6.1,+20.3,GB	
1700842365.7956724	+6.55,+15.6,+21.9,GA	+6.25,+37.8,+21.9,NA	+6.53,+23.6,+21.9,DA	+6.82,+7.5,+20.4,AB	+2.26,+269.4,+21.1,DB	+6.86,+6.1,+20.3,GB	
1700842427.8054245	+6.55,+15.7,+21.9,FA	+6.25,+37.9,+21.9,OA	+6.53,+23.6,+21.9,DA	+6.82,+7.4,+20.4,@B	+2.26,+269.5,+21.1,EB	+6.86,+6.1,+20.3,GB	
1700842489.8133771	+6.55,+15.6,+21.9,GA	+6.25,+37.9,+21.9,OA	+6.53,+23.6,+21.9,DA	+6.82,+7.5,+20.3,FB	+2.25,+270.1,+21.1,JB	+6.86,+6.0,+20.3,FB	
1700842551.8218362	+6.55,+15.7,+21.9,FA	+6.25,+37.9,+21.9,OA	+6.53,+23.6,+21.9,DA	+6.82,+7.5,+20.4,AB	+2.25,+270.0,+21.1,KB	+6.86,+6.1,+20.3,GB	
1700842613.8275745	+6.55,+15.7,+21.9,FA	+6.25,+37.9,+21.9,OA	+6.53,+23.6,+21.9,DA	+6.82,+7.5,+20.4,AB	+2.24,+270.5,+21.1,OB	+6.86,+6.0,+20.3,FB	
1700842675.8317482	+6.55,+15.6,+21.9,GA	+6.25,+37.9,+21.9,OA	+6.53,+23.6,+22.0,NA	+6.82,+7.5,+20.4,AB	+2.24,+270.5,+21.1,OB	+6.86,+6.1,+20.3,GB	
1700842737.8407166	+6.55,+15.7,+21.9,FA	+6.25,+37.9,+21.9,OA	+6.53,+23.6,+21.9,DA	+6.82,+7.5,+20.4,AB	+2.26,+269.8,+21.1,HB	+6.86,+6.0,+20.3,FB	
1700842799.8468723	+6.55,+15.7,+21.9,FA	+6.25,+37.8,+21.9,NA	+6.53,+23.5,+21.9,GA	+6.82,+7.5,+20.4,AB	+2.26,+269.5,+21.1,EB	+6.86,+6.0,+20.3,FB	
1700842861.8551893	+6.55,+15.6,+21.9,GA	+6.25,+37.9,+21.9,OA	+6.53,+23.5,+21.9,GA	+6.82,+7.5,+20.4,AB	+2.27,+269.2,+21.1,CB	+6.86,+6.1,+20.3,GB	
1700842923.8637464	+6.55,+15.7,+21.9,FA	+6.25,+37.9,+21.9,OA	+6.53,+23.6,+21.9,DA	+6.82,+7.5,+20.4,AB	+2.26,+269.5,+21.1,EB	+6.86,+6.1,+20.3,GB	
1700842985.8729455	+6.55,+15.6,+21.9,GA	+6.25,+37.9,+21.9,OA	+6.53,+23.6,+21.9,DA	+6.82,+7.5,+20.4,AB	+2.26,+269.4,+21.1,DB	+6.86,+6.1,+20.3,GB	
1700843047.8815432	+6.55,+15.7,+21.9,FA	+6.25,+38.0,+21.9,IA	+6.53,+23.6,+21.9,DA	+6.82,+7.5,+20.4,AB	+2.29,+267.9,+21.1,HB	+6.86,+6.0,+20.3,FB	
1700843109.881541	+6.55,+15.7,+22.0,LA	+6.25,+37.9,+21.9,OA	+6.53,+23.6,+21.9,DA	+6.82,+7.4,+20.4,@B	+2.30,+267.1,+21.1,HB	+6.86,+6.1,+20.3,GB	
1700843171.8914664	+6.55,+15.6,+22.0,MA	+6.25,+38.0,+21.9,IA	+6.53,+23.5,+21.9,GA	+6.82,+7.5,+20.4,AB	+2.36,+264.1,+21.1,MB	+6.86,+6.0,+20.3,FB	
1700843233.8999922	+6.55,+15.7,+21.9,FA	+6.25,+38.0,+21.9,IA	+6.53,+23.6,+21.9,DA	+6.82,+7.5,+20.4,AB	+2.36,+264.1,+21.1,MB	+6.86,+6.0,+20.3,FB	
1700843295.9072285	+6.55,+15.7,+21.9,FA	+6.25,+38.0,+21.9,IA	+6.53,+23.6,+22.0,NA	+6.82,+7.5,+20.3,FB	+2.36,+264.1,+21.1,MB	+6.86,+6.0,+20.3,FB	
1700843357.9166698	+6.55,+15.6,+21.9,GA	+6.25,+38.0,+21.9,IA	+6.53,+23.5,+21.9,GA	+6.82,+7.5,+20.4,AB	+2.35,+264.4,+21.1,KB	+6.86,+6.0,+20.3,FB	
1700843419.923566	+6.55,+15.7,+21.9,FA	+6.25,+38.0,+21.9,IA	+6.53,+23.6,+21.9,DA	+6.82,+7.5,+20.4,AB	+2.35,+264.6,+21.1,IB	+6.86,+6.1,+20.3,GB	
1700843481.933301	+6.55,+15.7,+21.9,FA	+6.25,+38.0,+21.9,IA	+6.53,+23.6,+21.9,DA	+6.82,+7.5,+20.4,AB	+2.34,+265.0,+21.1,OB	+6.86,+6.0,+20.3,FB	
1700843543.9417338	+6.55,+15.7,+22.0,LA	+6.25,+38.0,+21.9,IA	+6.53,+23.6,+21.9,DA	+6.82,+7.5,+20.4,AB	+2.34,+265.2,+21.1,MB	+6.86,+6.0,+20.3,FB	
1700843605.9491038	+6.55,+15.7,+21.9,FA	+6.25,+38.0,+21.9,IA	+6.53,+23.6,+21.9,DA	+6.82,+7.5,+20.4,AB	+2.33,+265.5,+21.1,MB	+6.86,+6.1,+20.3,GB	
1700843667.9561634	+6.55,+15.7,+22.0,LA	+6.25,+38.0,+21.9,IA	+6.53,+23.6,+22.0,NA	+6.82,+7.5,+20.4,AB	+2.33,+265.8,+21.1,@B	+6.86,+6.1,+20.3,GB	
1700843729.9667695	+6.55,+15.7,+21.9,FA	+6.25,+38.1,+21.9,HA	+6.53,+23.6,+21.9,DA	+6.82,+7.5,+20.4,AB	+2.34,+265.1,+21.1,NB	+6.86,+6.0,+20.3,FB	
1700843975.5389674	+6.55,+15.7,+21.9,FA	+6.25,+38.1,+21.9,HA	+6.53,+23.5,+22.0,MA	+6.82,+7.5,+20.4,AB	+2.32,+265.9,+21.1,@B	+6.86,+6.0,+20.3,FB	
1700844037.5478003	+6.55,+15.7,+22.0,LA	+6.25,+38.1,+21.9,HA	+6.53,+23.6,+22.0,NA	+6.82,+7.6,+20.4,BB	+2.32,+266.0,+21.1,JB	+6.86,+6.1,+20.4,@B	
1700844099.5567904	+6.55,+15.7,+22.0,LA	+6.25,+38.0,+21.9,IA	+6.53,+23.6,+22.0,NA	+6.82,+7.5,+20.3,FB	+2.32,+265.9,+21.1,@B	+6.86,+6.1,+20.3,GB	
1700844161.5634549	+6.55,+15.7,+21.9,FA	+6.25,+38.1,+21.9,HA	+6.53,+23.5,+22.0,MA	+6.82,+7.5,+20.4,AB	+2.32,+265.9,+21.1,@B	+6.86,+6.0,+20.3,FB	
1700844223.5740047	+6.55,+15.6,+22.0,MA	+6.25,+38.0,+21.9,IA	+6.53,+23.6,+21.9,DA	+6.82,+7.5,+20.4,AB	+2.31,+266.5,+21.1,LB	+6.86,+6.0,+20.3,FB	
1700844285.5813723	+6.55,+15.6,+22.0,MA	+6.25,+38.1,+21.9,HA	+6.53,+23.5,+22.0,MA	+6.82,+7.5,+20.4,AB	+2.30,+267.3,+21.1,JB	+6.86,+6.0,+20.3,FB	
1700844347.5898275	+6.55,+15.6,+21.9,GA	+6.25,+38.1,+21.9,HA	+6.53,+23.5,+22.0,MA	+6.82,+7.5,+20.4,AB	+2.30,+267.1,+21.1,HB	+6.86,+6.0,+20.4,AB	
1700844409.5963917	+6.55,+15.7,+21.9,FA	+6.25,+38.0,+21.9,IA	+6.53,+23.6,+22.0,NA	+6.82,+7.5,+20.4,AB	+2.31,+266.8,+21.1,AB	+6.86,+6.1,+20.3,GB	
1700844471.6083133	+6.55,+15.6,+22.0,MA	+6.25,+38.1,+21.9,HA	+6.53,+23.6,+21.9,DA	+6.82,+7.5,+20.4,AB	+2.30,+267.3,+21.1,JB	+6.86,+6.0,+20.3,FB	
1700844533.6168885	+6.55,+15.6,+22.0,MA	+6.25,+38.2,+21.9,KA	+6.53,+23.6,+22.0,NA	+6.82,+7.5,+20.4,AB	+2.31,+266.7,+21.1,NB	+6.86,+6.1,+20.4,@B	
1700844595.6247332	+6.55,+15.7,+22.0,LA	+6.25,+38.1,+21.9,HA	+6.53,+23.6,+22.0,NA	+6.82,+7.5,+20.4,AB	+2.30,+267.5,+21.1,LB	+6.86,+6.0,+20.3,FB	
1700844657.6366785	+6.55,+15.7,+22.0,LA	+6.25,+38.1,+21.9,HA	+6.53,+23.6,+22.0,NA	+6.82,+7.5,+20.4,AB	+2.29,+267.6,+21.1,GB	+6.86,+6.1,+20.4,@B	
1700844719.6465511	+6.55,+15.7,+22.0,LA	+6.25,+38.1,+21.9,HA	+6.53,+23.7,+22.0,OA	+6.82,+7.5,+20.4,AB	+2.31,+266.7,+21.1,NB	+6.86,+6.0,+20.4,AB	
1700844781.654673	+6.55,+15.7,+22.0,LA	+6.25,+38.0,+21.9,IA	+6.53,+23.7,+22.0,OA	+6.82,+7.5,+20.4,AB	+2.31,+266.5,+21.1,LB	+6.86,+6.1,+20.3,GB	
1700844843.6615412	+6.55,+15.6,+22.0,MA	+6.25,+38.1,+21.9,HA	+6.53,+23.6,+22.0,NA	+6.82,+7.5,+20.4,AB	+2.30,+267.3,+21.1,JB	+6.86,+6.1,+20.3,GB	
1700844905.6695774	+6.55,+15.6,+22.0,MA	+6.25,+38.1,+21.9,HA	+6.53,+23.6,+22.0,NA	+6.82,+7.5,+20.4,AB	+2.32,+266.3,+21.1,IB	+6.86,+6.0,+20.3,FB	
1700844967.6765704	+6.55,+15.6,+22.0,MA	+6.25,+38.1,+21.9,HA	+6.53,+23.6,+22.0,NA	+6.82,+7.5,+20.4,AB	+2.31,+266.5,+21.1,LB	+6.86,+6.1,+20.3,GB	
1700845029.6857646	+6.55,+15.7,+22.0,LA	+6.25,+38.1,+21.9,HA	+6.53,+23.5,+22.0,MA	+6.82,+7.5,+20.4,AB	+2.31,+266.7,+21.1,NB	+6.86,+6.0,+20.3,FB	
1700845091.6935537	+6.55,+15.7,+22.0,LA	+6.25,+38.2,+21.9,KA	+6.53,+23.5,+22.0,MA	+6.82,+7.5,+20.4,AB	+2.31,+266.9,+21.1,@B	+6.86,+6.0,+20.3,FB	
1700845153.703116	+6.55,+15.7,+22.0,LA	+6.25,+38.1,+21.9,HA	+6.53,+23.6,+22.0,NA	+6.82,+7.5,+20.4,AB	+2.30,+267.5,+21.1,LB	+6.86,+6.1,+20.4,@B	
1700845215.711627	+6.55,+15.6,+22.0,MA	+6.25,+38.1,+21.9,HA	+6.53,+23.6,+22.0,NA	+6.82,+7.5,+20.4,AB	+2.30,+267.1,+21.1,HB	+6.86,+6.1,+20.3,GB	
1700845277.7185583	+6.55,+15.6,+22.0,MA	+6.25,+38.1,+21.9,HA	+6.53,+23.5,+22.0,MA	+6.82,+7.5,+20.4,AB	+2.31,+266.5,+21.1,LB	+6.86,+6.0,+20.4,AB	
1700845339.728046	+6.55,+15.7,+22.0,LA	+6.25,+38.1,+21.9,HA	+6.53,+23.6,+22.0,NA	+6.82,+7.5,+20.4,AB	+2.31,+266.6,+21.1,OB	+6.86,+6.1,+20.4,@B	
1700845401.7365108	+6.55,+15.7,+22.0,LA	+6.25,+38.0,+21.9,IA	+6.53,+23.5,+22.0,MA	+6.82,+7.5,+20.4,AB	+2.32,+266.3,+21.1,IB	+6.86,+6.0,+20.3,FB	
1700845463.7462626	+6.55,+15.6,+22.0,MA	+6.25,+38.0,+21.9,IA	+6.53,+23.5,+22.0,MA	+6.82,+7.5,+20.4,AB	+2.32,+266.2,+21.1,HB	+6.86,+6.0,+20.3,FB	
1700845525.755456	+6.55,+15.6,+22.0,MA	+6.25,+38.0,+21.9,IA	+6.53,+23.6,+22.0,NA	+6.82,+7.5,+20.4,AB	+2.32,+266.3,+21.1,IB	+6.86,+6.1,+20.4,@B	
1700845587.761589	+6.55,+15.6,+22.0,MA	+6.25,+38.0,+21.9,IA	+6.53,+23.6,+22.0,NA	+6.82,+7.5,+20.4,AB	+2.32,+266.4,+21.1,NB	+6.86,+6.0,+20.4,AB	
1700845649.7705293	+6.55,+15.6,+22.0,MA	+6.25,+38.0,+21.9,IA	+6.53,+23.6,+22.0,NA	+6.82,+7.5,+20.4,AB	+2.32,+266.4,+21.1,NB	+6.86,+6.1,+20.4,@B	
1700845711.779233	+6.55,+15.7,+22.0,LA	+6.25,+38.1,+21.9,HA	+6.53,+23.6,+22.0,NA	+6.82,+7.5,+20.4,AB	+2.32,+266.3,+21.1,IB	+6.86,+6.1,+20.4,@B	
1700845773.788359	+6.55,+15.6,+22.0,MA	+6.25,+38.1,+21.9,HA	+6.53,+23.6,+22.0,NA	+6.82,+7.5,+20.4,AB	+2.31,+266.5,+21.1,LB	+6.86,+6.0,+20.4,AB	
1700845835.798034	+6.55,+15.6,+22.0,MA	+6.25,+38.2,+21.9,KA	+6.53,+23.7,+22.0,OA	+6.82,+7.5,+20.4,AB	+2.31,+266.7,+21.1,NB	+6.86,+6.0,+20.4,AB	
1700845897.8074994	+6.55,+15.6,+22.0,MA	+6.25,+38.1,+21.9,HA	+6.53,+23.6,+22.0,NA	+6.82,+7.5,+20.4,AB	+2.31,+266.7,+21.1,NB	+6.86,+6.0,+20.4,AB	
1700845959.817677	+6.55,+15.6,+22.0,MA	+6.25,+38.2,+21.9,KA	+6.53,+23.5,+22.0,MA	+6.82,+7.5,+20.4,AB	+2.31,+266.8,+21.1,AB	+6.86,+6.1,+20.4,@B	
1700846021.8265254	+6.55,+15.6,+22.0,MA	+6.25,+38.1,+21.9,HA	+6.53,+23.6,+22.0,NA	+6.82,+7.5,+20.4,AB	+2.32,+266.2,+21.1,HB	+6.86,+6.1,+20.4,@B	
1700846083.8366814	+6.55,+15.7,+22.0,LA	+6.25,+38.1,+21.9,HA	+6.53,+23.6,+22.0,NA	+6.82,+7.5,+20.4,AB	+2.32,+266.1,+21.1,KB	+6.86,+6.0,+20.4,AB	
1700846145.844258	+6.55,+15.6,+22.0,MA	+6.25,+38.2,+21.9,KA	+6.53,+23.6,+22.0,NA	+6.82,+7.5,+20.4,AB	+2.32,+266.1,+21.1,KB	+6.86,+6.0,+20.4,AB	
1700846207.854132	+6.55,+15.7,+22.0,LA	+6.25,+38.2,+21.9,KA	+6.53,+23.6,+22.0,NA	+6.82,+7.6,+20.4,BB	+2.32,+266.0,+21.1,JB	+6.86,+6.1,+20.4,@B	
1700846269.8609135	+6.55,+15.7,+22.0,LA	+6.25,+38.1,+21.9,HA	+6.53,+23.6,+22.0,NA	+6.82,+7.4,+20.4,@B	+2.32,+266.0,+21.1,JB	+6.86,+6.1,+20.4,@B	
1700846331.8689566	+6.55,+15.7,+22.0,LA	+6.25,+38.1,+22.0,BA	+6.53,+23.5,+22.0,MA	+6.82,+7.5,+20.4,AB	+2.33,+265.9,+21.1,AB	+6.86,+6.0,+20.4,AB	
1700846393.8761995	+6.55,+15.6,+22.0,MA	+6.25,+38.2,+21.9,KA	+6.53,+23.6,+22.0,NA	+6.82,+7.5,+20.4,AB	+2.33,+265.8,+21.1,@B	+6.86,+6.1,+20.4,@B	
1700846455.8845866	+6.55,+15.7,+22.0,LA	+6.25,+38.2,+21.9,KA	+6.53,+23.6,+22.0,NA	+6.82,+7.4,+20.4,@B	+2.33,+265.7,+21.1,OB	+6.86,+6.0,+20.4,AB	
1700846517.8947532	+6.55,+15.7,+22.0,LA	+6.25,+38.2,+21.9,KA	+6.53,+23.6,+22.0,NA	+6.82,+7.5,+20.4,AB	+2.33,+265.6,+21.1,NB	+6.87,+6.0,+20.4,@B	
1700846579.902435	+6.55,+15.6,+22.0,MA	+6.25,+38.2,+22.0,AA	+6.53,+23.6,+22.0,NA	+6.82,+7.5,+20.4,AB	+2.33,+265.6,+21.1,NB	+6.86,+6.0,+20.4,AB	
1700846641.9102023	+6.55,+15.7,+22.0,LA	+6.25,+38.3,+21.9,JA	+6.53,+23.5,+22.0,MA	+6.82,+7.5,+20.4,AB	+2.33,+265.5,+21.1,MB	+6.86,+6.1,+20.4,@B	
1700846703.9170783	+6.55,+15.6,+22.0,MA	+6.25,+38.3,+21.9,JA	+6.53,+23.6,+22.0,NA	+6.82,+7.5,+20.5,@B	+2.33,+265.5,+21.1,MB	+6.86,+6.1,+20.4,@B	
1700846765.9254935	+6.55,+15.7,+22.0,LA	+6.24,+38.3,+21.9,KA	+6.53,+23.6,+22.0,NA	+6.82,+7.5,+20.4,AB	+2.33,+265.6,+21.1,NB	+6.86,+6.0,+20.4,AB	
1700846827.9351695	+6.55,+15.6,+22.0,MA	+6.25,+38.2,+22.0,AA	+6.53,+23.5,+22.0,MA	+6.82,+7.5,+20.4,AB	+2.33,+265.6,+21.1,NB	+6.87,+6.0,+20.4,@B	
1700846889.9455845	+6.55,+15.6,+22.0,MA	+6.25,+38.3,+22.0,@A	+6.53,+23.5,+22.0,MA	+6.82,+7.5,+20.4,AB	+2.33,+265.6,+21.1,NB	+6.86,+6.0,+20.4,AB	
