62309060476	62309060477	62309060478	62309060479	62309060481	62309060482	
1700069358.3946834	+6.66,+9.5,+21.3,CB	+6.68,+12.9,+21.4,LA	+2.92,+230.5,+21.4,CB	+2.71,+242.7,+19.8,NB	+2.36,+263.1,+20.5,OB	+2.86,+234.0,+19.7,OB	
1700069420.4058893	+6.66,+9.5,+21.3,CB	+6.68,+12.9,+21.4,LA	+2.92,+230.5,+21.4,CB	+2.71,+242.6,+19.8,OB	+2.36,+263.5,+20.5,KB	+2.86,+233.9,+19.8,NB	
1700069482.4155853	+6.66,+9.5,+21.3,CB	+6.68,+12.9,+21.4,LA	+2.92,+230.5,+21.4,CB	+2.71,+242.6,+19.8,OB	+2.36,+263.3,+20.5,MB	+2.86,+234.0,+19.8,@B	
1700069544.4265368	+6.66,+9.4,+21.3,BB	+6.68,+12.9,+21.4,LA	+2.92,+230.5,+21.4,CB	+2.71,+242.6,+19.8,OB	+2.37,+262.8,+20.5,FB	+2.86,+233.9,+19.7,AB	
1700069606.4348977	+6.66,+9.3,+21.3,EB	+6.68,+12.8,+21.4,MA	+2.92,+230.6,+21.4,@B	+2.71,+242.6,+19.8,OB	+2.39,+261.9,+20.6,IB	+2.86,+234.0,+19.8,@B	
1700069668.4421625	+6.66,+9.3,+21.3,EB	+6.68,+12.9,+21.4,LA	+2.92,+230.5,+21.4,CB	+2.71,+242.6,+19.8,OB	+2.40,+261.2,+20.5,OB	+2.86,+233.9,+19.7,AB	
1700069730.4510276	+6.66,+9.3,+21.3,EB	+6.68,+12.9,+21.4,LA	+2.92,+230.5,+21.4,CB	+2.71,+242.7,+19.8,NB	+2.39,+261.3,+20.5,@B	+2.86,+234.0,+19.7,OB	
1700069792.4599833	+6.66,+9.2,+21.3,DB	+6.68,+12.8,+21.3,JA	+2.92,+230.5,+21.4,CB	+2.71,+242.8,+19.8,AB	+2.39,+261.4,+20.5,GB	+2.86,+234.0,+19.8,@B	
1700069854.4711192	+6.66,+9.2,+21.3,DB	+6.68,+12.8,+21.4,MA	+2.92,+230.5,+21.4,CB	+2.71,+242.8,+19.8,AB	+2.39,+261.8,+20.6,HB	+2.86,+234.1,+19.8,AB	
1700069916.4809666	+6.66,+9.2,+21.3,DB	+6.68,+12.8,+21.4,MA	+2.92,+230.6,+21.4,@B	+2.71,+242.9,+19.8,@B	+2.38,+261.9,+20.5,KB	+2.86,+234.0,+19.8,@B	
1700069978.4868348	+6.66,+9.2,+21.3,DB	+6.68,+12.9,+21.4,LA	+2.92,+230.5,+21.4,CB	+2.71,+242.8,+19.8,AB	+2.38,+262.0,+20.5,AB	+2.86,+234.0,+19.8,@B	
1700070040.4950247	+6.66,+9.3,+21.3,EB	+6.68,+12.9,+21.4,LA	+2.92,+230.5,+21.4,CB	+2.71,+242.8,+19.8,AB	+2.39,+261.8,+20.6,HB	+2.86,+234.0,+19.8,@B	
1700070102.5003383	+6.65,+9.8,+21.3,MB	+6.68,+12.9,+21.4,LA	+2.92,+230.5,+21.4,CB	+2.71,+242.8,+19.8,AB	+2.38,+262.1,+20.6,CB	+2.86,+234.0,+19.8,@B	
1700070164.5102534	+6.65,+9.9,+21.3,LB	+6.68,+12.9,+21.4,LA	+2.92,+230.5,+21.4,CB	+2.71,+242.7,+19.8,NB	+2.38,+262.4,+20.6,FB	+2.86,+233.9,+19.8,NB	
1700070226.5170693	+6.65,+10.0,+21.3,MA	+6.68,+12.9,+21.4,LA	+2.92,+230.6,+21.4,@B	+2.71,+242.8,+19.8,AB	+2.37,+262.7,+20.6,JB	+2.86,+234.0,+19.7,OB	
1700070288.525227	+6.65,+9.9,+21.3,LB	+6.68,+12.9,+21.4,LA	+2.92,+230.5,+21.4,CB	+2.71,+242.9,+19.8,@B	+2.37,+262.7,+20.6,JB	+2.86,+234.0,+19.8,@B	
1700070350.534628	+6.65,+9.9,+21.4,KB	+6.68,+12.9,+21.4,LA	+2.92,+230.6,+21.4,@B	+2.71,+242.9,+19.8,@B	+2.36,+263.2,+20.6,OB	+2.86,+234.0,+19.8,@B	
1700070412.543675	+6.65,+9.9,+21.3,LB	+6.68,+12.9,+21.4,LA	+2.92,+230.6,+21.4,@B	+2.71,+243.0,+19.8,HB	+2.36,+263.2,+20.6,OB	+2.86,+233.9,+19.8,NB	
1700070474.5502324	+6.65,+9.8,+21.3,MB	+6.68,+12.9,+21.4,LA	+2.92,+230.6,+21.4,@B	+2.71,+243.0,+19.8,HB	+2.37,+263.0,+20.6,LB	+2.86,+234.0,+19.8,@B	
1700070536.5575938	+6.66,+9.6,+21.3,@B	+6.68,+12.9,+21.4,LA	+2.92,+230.5,+21.4,CB	+2.71,+243.0,+19.8,HB	+2.36,+263.4,+20.6,IB	+2.86,+234.0,+19.8,@B	
1700070598.5659113	+6.66,+9.5,+21.3,CB	+6.68,+12.9,+21.4,LA	+2.92,+230.6,+21.4,@B	+2.71,+242.9,+19.8,@B	+2.36,+263.3,+20.6,NB	+2.86,+234.0,+19.7,OB	
1700070660.571764	+6.66,+9.5,+21.3,CB	+6.68,+12.9,+21.4,LA	+2.92,+230.6,+21.4,@B	+2.71,+242.9,+19.8,@B	+2.38,+262.4,+20.5,EB	+2.86,+234.0,+19.8,@B	
1700070722.5800543	+6.66,+9.5,+21.3,CB	+6.68,+12.8,+21.4,MA	+2.92,+230.5,+21.4,CB	+2.71,+243.1,+19.8,IB	+2.38,+262.1,+20.6,CB	+2.86,+234.0,+19.8,@B	
1700070784.5885537	+6.66,+9.4,+21.3,BB	+6.68,+12.9,+21.4,LA	+2.92,+230.5,+21.4,CB	+2.70,+243.1,+19.8,HB	+2.40,+261.1,+20.6,OB	+2.86,+234.0,+19.8,@B	
1700070846.5985887	+6.66,+9.4,+21.3,BB	+6.68,+12.8,+21.4,MA	+2.92,+230.5,+21.4,CB	+2.70,+243.1,+19.8,HB	+2.40,+260.9,+20.6,FB	+2.86,+234.0,+19.8,@B	
1700070908.6076396	+6.66,+9.4,+21.3,BB	+6.68,+12.9,+21.4,LA	+2.92,+230.5,+21.4,CB	+2.70,+243.2,+19.8,KB	+2.40,+261.0,+20.6,NB	+2.86,+233.9,+19.8,NB	
1700070970.6163056	+6.66,+9.3,+21.3,EB	+6.68,+12.9,+21.4,LA	+2.92,+230.6,+21.4,@B	+2.71,+243.0,+19.8,HB	+2.40,+261.1,+20.6,OB	+2.86,+234.0,+19.8,@B	
1700071032.625822	+6.66,+9.4,+21.3,BB	+6.68,+12.9,+21.4,LA	+2.92,+230.5,+21.4,CB	+2.70,+243.2,+19.8,KB	+2.39,+261.8,+20.6,HB	+2.86,+234.0,+19.8,@B	
1700071094.635179	+6.66,+9.4,+21.3,BB	+6.68,+12.9,+21.4,LA	+2.92,+230.5,+21.4,CB	+2.70,+243.1,+19.8,HB	+2.38,+262.4,+20.6,FB	+2.86,+234.0,+19.8,@B	
1700071156.6457338	+6.66,+9.4,+21.3,BB	+6.68,+12.9,+21.4,LA	+2.92,+230.6,+21.4,@B	+2.70,+243.2,+19.8,KB	+2.38,+262.4,+20.6,FB	+2.86,+234.0,+19.8,@B	
1700071218.6556175	+6.66,+9.4,+21.3,BB	+6.68,+12.9,+21.4,LA	+2.92,+230.6,+21.4,@B	+2.70,+243.2,+19.8,KB	+2.37,+263.0,+20.6,LB	+2.86,+234.0,+19.8,@B	
1700071280.6625795	+6.66,+9.3,+21.4,BB	+6.68,+12.8,+21.4,MA	+2.92,+230.5,+21.4,CB	+2.70,+243.2,+19.8,KB	+2.36,+263.4,+20.6,IB	+2.86,+234.0,+19.8,@B	
1700071342.672413	+6.66,+9.4,+21.3,BB	+6.68,+12.8,+21.4,MA	+2.92,+230.7,+21.4,AB	+2.70,+243.1,+19.8,HB	+2.35,+263.7,+20.6,IB	+2.86,+234.0,+19.8,@B	
1700071404.6815941	+6.66,+9.4,+21.3,BB	+6.68,+12.8,+21.4,MA	+2.92,+230.5,+21.4,CB	+2.70,+243.1,+19.8,HB	+2.40,+260.8,+20.6,GB	+2.86,+233.9,+19.8,NB	
1700071466.691653	+6.66,+9.3,+21.4,BB	+6.68,+12.9,+21.4,LA	+2.92,+230.6,+21.4,@B	+2.70,+243.1,+19.8,HB	+2.41,+260.3,+20.6,MB	+2.86,+234.0,+19.8,@B	
1700071712.2552998	+6.67,+9.1,+21.3,FB	+6.68,+12.8,+21.4,MA	+2.92,+230.5,+21.4,CB	+2.70,+243.2,+19.8,KB	+2.40,+260.8,+20.6,GB	+2.87,+233.7,+19.8,AB	
1700071774.2664263	+6.67,+9.1,+21.3,FB	+6.68,+12.8,+21.4,MA	+2.92,+230.4,+21.4,BB	+2.70,+243.2,+19.8,KB	+2.40,+261.3,+20.6,MB	+2.86,+234.0,+19.8,@B	
1700071836.2767005	+6.67,+9.1,+21.4,AB	+6.68,+12.8,+21.4,MA	+2.92,+230.5,+21.4,CB	+2.70,+243.3,+19.8,JB	+2.40,+261.2,+20.6,LB	+2.86,+234.0,+19.8,@B	
1700071898.286894	+6.67,+9.1,+21.3,FB	+6.68,+12.8,+21.4,MA	+2.92,+230.6,+21.4,@B	+2.70,+243.4,+19.8,MB	+2.41,+260.7,+20.6,IB	+2.86,+234.0,+19.8,@B	
1700071960.2953506	+6.66,+9.1,+21.3,GB	+6.68,+12.8,+21.4,MA	+2.92,+230.5,+21.4,CB	+2.70,+243.3,+19.8,JB	+2.40,+261.2,+20.6,LB	+2.86,+233.9,+19.8,NB	
1700072022.3016138	+6.66,+9.1,+21.3,GB	+6.68,+12.8,+21.4,MA	+2.92,+230.6,+21.4,@B	+2.70,+243.2,+19.8,KB	+2.40,+261.1,+20.6,OB	+2.86,+234.0,+19.8,@B	
1700072084.309747	+6.66,+9.2,+21.3,DB	+6.68,+12.8,+21.4,MA	+2.92,+230.6,+21.4,@B	+2.70,+243.3,+19.8,JB	+2.39,+261.5,+20.6,EB	+2.86,+233.9,+19.8,NB	
1700072146.319823	+6.66,+9.3,+21.4,BB	+6.68,+12.8,+21.4,MA	+2.92,+230.6,+21.4,@B	+2.70,+243.3,+19.8,JB	+2.40,+260.9,+20.6,FB	+2.86,+234.0,+19.8,@B	
1700072208.3301983	+6.66,+9.3,+21.3,EB	+6.68,+12.9,+21.4,LA	+2.92,+230.6,+21.4,@B	+2.70,+243.4,+19.8,MB	+2.39,+261.4,+20.6,DB	+2.86,+234.0,+19.8,@B	
1700072270.3402221	+6.66,+9.3,+21.3,EB	+6.68,+12.8,+21.4,MA	+2.92,+230.6,+21.4,@B	+2.70,+243.4,+19.8,MB	+2.38,+262.4,+20.6,FB	+2.86,+234.0,+19.8,@B	
1700072332.3499126	+6.66,+9.3,+21.4,BB	+6.68,+12.9,+21.4,LA	+2.92,+230.7,+21.4,AB	+2.70,+243.5,+19.8,LB	+2.34,+264.6,+20.6,NB	+2.86,+234.0,+19.8,@B	
1700072394.3608544	+6.66,+9.4,+21.4,EB	+6.68,+12.9,+21.4,LA	+2.92,+230.6,+21.4,@B	+2.70,+243.2,+19.8,KB	+2.33,+264.8,+20.6,GB	+2.86,+234.0,+19.8,@B	
1700072456.369947	+6.66,+9.3,+21.3,EB	+6.68,+12.9,+21.4,LA	+2.92,+230.6,+21.4,@B	+2.70,+243.1,+19.8,HB	+2.33,+264.9,+20.6,FB	+2.86,+234.0,+19.8,@B	
1700072518.379348	+6.66,+9.2,+21.3,DB	+6.68,+12.9,+21.4,LA	+2.92,+230.6,+21.4,@B	+2.70,+243.2,+19.8,KB	+2.33,+265.1,+20.6,OB	+2.86,+234.0,+19.8,@B	
1700072580.3882184	+6.66,+9.2,+21.3,DB	+6.68,+12.9,+21.4,LA	+2.92,+230.6,+21.4,@B	+2.70,+243.1,+19.8,HB	+2.32,+265.6,+20.6,IB	+2.86,+234.0,+19.8,@B	
1700072642.3991992	+6.67,+9.1,+21.3,FB	+6.68,+12.8,+21.4,MA	+2.92,+230.6,+21.4,@B	+2.70,+243.3,+19.8,JB	+2.35,+264.1,+20.6,HB	+2.86,+234.0,+19.8,@B	
1700072704.4099405	+6.67,+9.1,+21.3,FB	+6.68,+12.8,+21.4,MA	+2.92,+230.5,+21.4,CB	+2.70,+243.5,+19.8,LB	+2.32,+265.5,+20.6,JB	+2.86,+234.0,+19.8,@B	
1700072766.4188163	+6.67,+9.0,+21.3,GB	+6.69,+12.7,+21.4,CA	+2.92,+230.6,+21.4,@B	+2.70,+243.5,+19.8,LB	+2.32,+265.4,+20.6,KB	+2.86,+234.0,+19.8,@B	
1700072828.4280095	+6.66,+9.2,+21.4,CB	+6.68,+12.9,+21.4,LA	+2.92,+230.6,+21.4,@B	+2.70,+243.6,+19.8,OB	+2.32,+265.5,+20.6,JB	+2.86,+234.0,+19.8,@B	
1700072890.4371467	+6.66,+9.6,+21.3,@B	+6.68,+13.0,+21.4,DA	+2.92,+230.6,+21.4,@B	+2.70,+243.5,+19.8,LB	+2.32,+265.9,+20.6,FB	+2.86,+234.0,+19.8,@B	
1700072952.446923	+6.65,+9.9,+21.3,LB	+6.68,+13.0,+21.4,DA	+2.92,+230.6,+21.4,@B	+2.70,+243.5,+19.8,LB	+2.31,+266.0,+20.6,OB	+2.86,+234.0,+19.8,@B	
1700073014.4569516	+6.65,+9.8,+21.3,MB	+6.68,+12.9,+21.4,LA	+2.92,+230.5,+21.4,CB	+2.70,+243.5,+19.8,LB	+2.34,+264.4,+20.6,LB	+2.86,+234.0,+19.8,@B	
1700073076.4662554	+6.65,+9.9,+21.4,KB	+6.68,+13.0,+21.5,EA	+2.92,+230.6,+21.4,@B	+2.70,+243.3,+19.8,JB	+2.34,+264.4,+20.6,LB	+2.86,+234.0,+19.8,@B	
1700073138.4770393	+6.65,+9.8,+21.3,MB	+6.68,+13.1,+21.4,EA	+2.92,+230.6,+21.4,@B	+2.70,+243.5,+19.8,LB	+2.37,+262.7,+20.6,JB	+2.86,+234.0,+19.8,@B	
1700073200.4860747	+6.65,+9.8,+21.4,JB	+6.68,+13.1,+21.4,EA	+2.92,+230.6,+21.4,@B	+2.70,+243.5,+19.8,LB	+2.37,+262.5,+20.6,HB	+2.86,+234.1,+19.8,AB	
1700073262.4951105	+6.65,+9.9,+21.4,KB	+6.68,+13.1,+21.4,EA	+2.92,+230.6,+21.4,@B	+2.70,+243.6,+19.8,OB	+2.38,+262.4,+20.6,FB	+2.86,+234.0,+19.8,@B	
1700073324.5022786	+6.65,+9.7,+21.3,BB	+6.68,+13.1,+21.4,EA	+2.92,+230.5,+21.4,CB	+2.69,+243.8,+19.8,IB	+2.37,+262.7,+20.6,JB	+2.86,+234.0,+19.8,@B	
1700073386.5122	+6.65,+9.7,+21.3,BB	+6.68,+13.1,+21.4,EA	+2.92,+230.6,+21.4,@B	+2.69,+243.7,+19.8,FB	+2.36,+263.3,+20.6,NB	+2.86,+234.0,+19.8,@B	
1700073448.5233095	+6.66,+9.6,+21.4,GB	+6.68,+13.1,+21.4,EA	+2.92,+230.6,+21.4,@B	+2.69,+243.7,+19.8,FB	+2.36,+263.4,+20.6,IB	+2.86,+233.9,+19.8,NB	
1700073510.533748	+6.66,+9.6,+21.3,@B	+6.68,+13.1,+21.4,EA	+2.92,+230.6,+21.4,@B	+2.69,+243.8,+19.8,IB	+2.36,+263.6,+20.6,KB	+2.86,+234.0,+19.8,@B	
1700073572.5425115	+6.66,+9.5,+21.3,CB	+6.68,+13.1,+21.4,EA	+2.92,+230.6,+21.4,@B	+2.69,+243.7,+19.8,FB	+2.35,+263.9,+20.6,GB	+2.86,+234.0,+19.8,@B	
1700073634.5526264	+6.66,+9.4,+21.3,BB	+6.68,+13.0,+21.4,DA	+2.92,+230.6,+21.4,@B	+2.69,+243.9,+19.8,HB	+2.35,+264.2,+20.6,KB	+2.86,+234.1,+19.8,AB	
1700073696.5624993	+6.66,+9.3,+21.4,BB	+6.68,+13.0,+21.4,DA	+2.92,+230.6,+21.4,@B	+2.69,+243.9,+19.8,HB	+2.34,+264.4,+20.6,LB	+2.86,+234.0,+19.8,@B	
1700073758.5692098	+6.66,+9.2,+21.4,CB	+6.68,+13.0,+21.4,DA	+2.92,+230.6,+21.4,@B	+2.69,+244.0,+19.8,FB	+2.34,+264.4,+20.6,LB	+2.86,+234.0,+19.8,@B	
1700073820.5769916	+6.66,+9.3,+21.4,BB	+6.68,+13.0,+21.4,DA	+2.92,+230.6,+21.4,@B	+2.69,+243.9,+19.8,HB	+2.34,+264.4,+20.6,LB	+2.86,+234.0,+19.8,@B	
1700073882.58469	+6.66,+9.1,+21.3,GB	+6.68,+13.0,+21.4,DA	+2.92,+230.6,+21.4,@B	+2.69,+244.1,+19.8,GB	+2.34,+264.4,+20.6,LB	+2.86,+234.1,+19.8,AB	
1700073944.5940845	+6.66,+9.1,+21.4,@B	+6.68,+13.0,+21.4,DA	+2.92,+230.6,+21.4,@B	+2.69,+244.0,+19.8,FB	+2.34,+264.6,+20.6,NB	+2.86,+234.0,+19.8,@B	
1700074006.6058555	+6.66,+9.2,+21.4,CB	+6.68,+12.9,+21.4,LA	+2.92,+230.5,+21.4,CB	+2.69,+244.0,+19.8,FB	+2.36,+263.1,+20.6,LB	+2.86,+234.0,+19.8,@B	
1700074068.6162267	+6.66,+9.1,+21.4,@B	+6.68,+12.9,+21.4,LA	+2.92,+230.6,+21.4,@B	+2.70,+243.5,+19.8,LB	+2.38,+262.3,+20.6,AB	+2.86,+234.0,+19.8,@B	
1700074130.6263127	+6.66,+9.2,+21.4,CB	+6.68,+12.9,+21.4,LA	+2.92,+230.6,+21.4,@B	+2.70,+243.3,+19.8,JB	+2.37,+262.7,+20.6,JB	+2.86,+234.0,+19.8,@B	
1700074192.6345162	+6.66,+9.2,+21.4,CB	+6.68,+12.9,+21.4,LA	+2.92,+230.6,+21.4,@B	+2.70,+243.4,+19.8,MB	+2.37,+263.0,+20.6,LB	+2.86,+234.0,+19.8,@B	
1700074254.6432645	+6.66,+9.2,+21.4,CB	+6.68,+13.0,+21.4,DA	+2.92,+230.6,+21.4,@B	+2.70,+243.4,+19.8,MB	+2.37,+263.0,+20.6,LB	+2.86,+234.0,+19.8,@B	
1700074316.6549017	+6.66,+9.2,+21.4,CB	+6.68,+12.9,+21.4,LA	+2.92,+230.6,+21.4,@B	+2.70,+243.5,+19.8,LB	+2.38,+262.3,+20.6,AB	+2.86,+234.0,+19.8,@B	
1700074378.6681812	+6.66,+9.2,+21.4,CB	+6.68,+12.9,+21.4,LA	+2.92,+230.6,+21.4,@B	+2.70,+243.5,+19.8,LB	+2.37,+262.8,+20.6,EB	+2.86,+234.0,+19.8,@B	
1700074440.6778252	+6.66,+9.2,+21.4,CB	+6.68,+12.9,+21.4,LA	+2.92,+230.6,+21.4,@B	+2.70,+243.5,+19.8,LB	+2.35,+264.1,+20.6,HB	+2.86,+234.1,+19.8,AB	
1700074502.6844559	+6.67,+9.1,+21.4,AB	+6.68,+12.9,+21.4,LA	+2.92,+230.7,+21.4,AB	+2.69,+243.9,+19.8,HB	+2.35,+264.0,+20.6,IB	+2.86,+234.0,+19.8,@B	
1700074564.6942594	+6.67,+9.1,+21.4,AB	+6.68,+12.9,+21.4,LA	+2.92,+230.6,+21.4,@B	+2.69,+244.0,+19.8,FB	+2.35,+263.9,+20.6,GB	+2.86,+234.0,+19.8,@B	
1700074626.7043614	+6.67,+9.0,+21.4,@B	+6.68,+12.9,+21.4,LA	+2.92,+230.6,+21.4,@B	+2.69,+244.1,+19.8,GB	+2.34,+264.2,+20.6,JB	+2.86,+234.0,+19.8,@B	
1700074688.7142215	+6.67,+8.8,+21.4,IB	+6.68,+12.9,+21.4,LA	+2.92,+230.6,+21.4,@B	+2.69,+244.0,+19.8,FB	+2.34,+264.4,+20.6,LB	+2.86,+234.0,+19.8,@B	
1700074750.7236965	+6.67,+8.9,+21.4,HB	+6.68,+12.8,+21.4,MA	+2.92,+230.6,+21.4,@B	+2.69,+243.9,+19.8,HB	+2.34,+264.5,+20.6,MB	+2.86,+234.0,+19.8,@B	
1700074812.732705	+6.67,+8.8,+21.4,IB	+6.68,+12.9,+21.4,LA	+2.92,+230.8,+21.4,NB	+2.69,+243.9,+19.8,HB	+2.31,+266.4,+20.6,KB	+2.86,+234.1,+19.8,AB	
1700074874.741308	+6.67,+8.8,+21.4,IB	+6.68,+12.9,+21.4,LA	+2.92,+230.6,+21.4,@B	+2.69,+244.1,+19.8,GB	+2.32,+265.6,+20.6,IB	+2.86,+234.0,+19.8,@B	
1700074936.7480478	+6.67,+8.9,+21.4,HB	+6.68,+12.8,+21.4,MA	+2.92,+230.6,+21.4,@B	+2.69,+244.2,+19.8,DB	+2.34,+264.4,+20.6,LB	+2.86,+234.1,+19.8,AB	
1700074998.758579	+6.67,+8.8,+21.4,IB	+6.68,+12.8,+21.4,MA	+2.92,+230.6,+21.4,@B	+2.69,+244.1,+19.8,GB	+2.34,+264.8,+20.6,@B	+2.86,+234.1,+19.8,AB	
1700075060.7664394	+6.67,+8.9,+21.4,HB	+6.68,+12.8,+21.4,MA	+2.92,+230.6,+21.4,@B	+2.69,+244.0,+19.8,FB	+2.34,+264.2,+20.6,JB	+2.86,+234.0,+19.8,@B	
1700075122.7763362	+6.67,+8.9,+21.4,HB	+6.69,+12.7,+21.4,CA	+2.92,+230.7,+21.4,AB	+2.69,+244.0,+19.8,FB	+2.35,+264.1,+20.6,HB	+2.86,+234.1,+19.8,AB	
1700075184.7863858	+6.67,+8.8,+21.4,IB	+6.68,+12.8,+21.4,MA	+2.92,+230.5,+21.4,CB	+2.69,+244.1,+19.8,GB	+2.34,+264.3,+20.6,KB	+2.86,+234.0,+19.8,@B	
1700075246.7939255	+6.67,+8.9,+21.4,HB	+6.68,+12.8,+21.4,MA	+2.92,+230.7,+21.4,AB	+2.69,+244.2,+19.8,DB	+2.35,+264.2,+20.6,KB	+2.86,+234.1,+19.8,AB	
1700075308.8029342	?0.0,+2999.9,+999.9,O@	+6.68,+12.7,+21.4,BA	+2.92,+230.6,+21.4,@B	+2.68,+244.3,+19.8,DB	+2.35,+264.1,+20.6,HB	+2.86,+234.0,+19.8,@B	
1700075554.3409028	+6.43,+22.4,+22.3,OA	?0.0,+2999.9,+999.9,O@	+2.92,+230.6,+21.4,@B	+2.70,+243.5,+19.8,LB	+2.35,+264.2,+20.6,KB	+2.87,+233.8,+19.8,NB	
1700075616.3506649	+6.42,+23.0,+22.2,JA	?0.0,+2999.9,+999.9,O@	+2.92,+230.6,+21.4,@B	+2.69,+243.7,+19.8,FB	+2.34,+264.4,+20.6,LB	+2.86,+233.9,+19.8,NB	
1700075678.3582306	+6.43,+22.7,+22.0,OA	?0.0,+2999.9,+999.9,O@	+2.92,+230.6,+21.4,@B	+2.69,+244.0,+19.8,FB	+2.35,+264.2,+20.6,KB	+2.86,+234.0,+19.8,@B	
1700075740.3680007	+6.45,+21.8,+21.9,OA	?0.0,+2999.9,+999.9,O@	+2.92,+230.6,+21.4,@B	+2.69,+244.2,+19.8,DB	+2.34,+264.3,+20.6,KB	+2.86,+234.0,+19.8,@B	
1700075802.3765588	+6.46,+21.0,+21.7,JA	+6.30,+35.0,+22.9,CA	+2.92,+230.6,+21.4,@B	+2.69,+244.1,+19.8,GB	+2.34,+264.4,+20.6,LB	+2.86,+234.0,+19.8,@B	
1700075864.386756	+6.47,+20.4,+21.5,LA	+6.33,+33.4,+22.9,BA	+2.92,+230.7,+21.4,AB	+2.68,+244.5,+19.8,BB	+2.34,+264.7,+20.6,OB	+2.86,+234.0,+19.8,@B	
1700075926.3972292	+6.48,+19.9,+21.4,EA	+6.36,+31.6,+22.8,FA	+2.92,+230.7,+21.4,AB	+2.68,+244.4,+19.8,CB	+2.34,+264.8,+20.6,@B	+2.86,+234.0,+19.8,@B	
1700075988.4062824	+6.49,+19.4,+21.3,NA	+6.39,+30.0,+22.7,AA	+2.92,+230.6,+21.4,@B	+2.68,+244.6,+19.8,AB	+2.35,+263.9,+20.6,GB	+2.86,+234.0,+19.8,@B	
1700076050.4164782	+6.49,+19.2,+21.2,IA	+6.41,+28.6,+22.6,@A	+2.92,+230.6,+21.4,@B	+2.68,+244.6,+19.8,AB	+2.36,+263.6,+20.6,KB	+2.86,+234.0,+19.8,@B	
1700076112.4249237	+6.49,+19.0,+21.1,HA	+6.43,+27.5,+22.5,MA	+2.92,+230.6,+21.4,@B	+2.68,+244.6,+19.8,AB	+2.35,+264.2,+20.6,KB	+2.86,+234.0,+19.8,@B	
1700076174.4346135	+6.50,+18.8,+21.1,IA	+6.45,+26.6,+22.4,HA	+2.92,+230.6,+21.4,@B	+2.68,+244.6,+19.8,AB	+2.35,+264.1,+20.6,HB	+2.86,+234.0,+19.8,@B	
1700076236.4455981	+6.50,+18.6,+21.0,FA	+6.46,+25.9,+22.3,@A	+2.92,+230.6,+21.4,@B	+2.68,+244.7,+19.8,@B	+2.36,+263.3,+20.6,NB	+2.86,+234.1,+19.8,AB	
1700076298.4560459	+6.50,+18.5,+21.0,EA	+6.47,+25.4,+22.3,LA	+2.92,+230.6,+21.4,@B	+2.68,+244.6,+19.8,AB	+2.35,+264.1,+20.6,HB	+2.86,+234.0,+19.8,@B	
1700076360.4663095	+6.50,+18.4,+20.9,LA	+6.47,+25.1,+22.2,HA	+2.92,+230.6,+21.4,@B	+2.68,+244.4,+19.8,CB	+2.38,+262.4,+20.6,FB	+2.86,+234.1,+19.9,@B	
1700076422.4747941	+6.50,+18.3,+20.9,KA	+6.48,+24.8,+22.1,LA	+2.92,+230.6,+21.4,@B	+2.68,+244.3,+19.8,DB	+2.41,+260.4,+20.6,JB	+2.86,+234.0,+19.9,AB	
1700076484.4850695	+6.51,+18.3,+20.9,JA	+6.48,+24.5,+22.1,AA	+2.92,+230.6,+21.5,AB	+2.68,+244.2,+19.8,EB	+2.43,+259.5,+20.6,CB	+2.86,+234.1,+19.9,@B	
1700076546.4945781	+6.51,+18.2,+20.9,KA	+6.49,+24.3,+22.0,GA	+2.92,+230.7,+21.5,@B	+2.69,+243.9,+19.8,HB	+2.43,+259.5,+20.6,CB	+2.86,+234.1,+19.9,@B	
1700076608.5056267	+6.51,+18.2,+20.9,KA	+6.49,+24.2,+21.9,LA	+2.92,+230.6,+21.5,AB	+2.70,+243.5,+19.8,LB	+2.42,+259.9,+20.6,NB	+2.86,+234.0,+19.9,AB	
1700076670.515097	+6.51,+18.2,+20.8,JA	+6.49,+24.1,+21.9,OA	+2.92,+230.7,+21.4,AB	+2.70,+243.5,+19.8,LB	+2.42,+259.8,+20.6,OB	+2.86,+234.0,+19.9,AB	
1700076732.5261002	+6.51,+18.2,+20.8,JA	+6.49,+24.0,+21.9,NA	+2.92,+230.7,+21.5,@B	+2.70,+243.4,+19.8,MB	+2.42,+259.8,+20.6,OB	+2.86,+234.0,+19.8,@B	
1700076794.5364215	+6.51,+18.2,+20.8,JA	+6.49,+23.8,+21.8,@A	+2.92,+230.7,+21.4,AB	+2.69,+243.7,+19.8,FB	+2.42,+259.7,+20.6,@B	+2.86,+234.1,+19.8,AB	
1700076856.543376	+6.51,+18.2,+20.8,JA	+6.49,+23.8,+21.8,@A	+2.92,+230.7,+21.4,AB	+2.70,+243.6,+19.8,OB	+2.42,+260.2,+20.6,OB	+2.86,+234.1,+19.8,AB	
1700076918.5525198	+6.51,+18.2,+20.8,JA	+6.50,+23.7,+21.8,GA	+2.92,+230.6,+21.4,@B	+2.70,+243.6,+19.8,OB	+2.41,+260.4,+20.6,JB	+2.86,+234.1,+19.8,AB	
1700076980.562856	+6.51,+18.3,+20.8,KA	+6.50,+23.7,+21.7,HA	+2.92,+230.6,+21.4,@B	+2.69,+243.7,+19.8,FB	+2.41,+260.4,+20.6,JB	+2.86,+234.1,+19.8,AB	
1700077042.5742393	+6.51,+18.2,+20.8,JA	+6.50,+23.6,+21.7,IA	+2.92,+230.7,+21.4,AB	+2.69,+243.8,+19.8,IB	+2.41,+260.3,+20.6,MB	+2.86,+234.1,+19.8,AB	
1700077104.5832486	+6.51,+18.2,+20.8,JA	+6.50,+23.6,+21.7,IA	+2.92,+230.7,+21.4,AB	+2.69,+243.8,+19.8,IB	+2.40,+260.9,+20.6,FB	+2.86,+234.1,+19.8,AB	
1700077166.5936453	+6.51,+18.2,+20.8,JA	+6.50,+23.6,+21.7,IA	+2.92,+230.6,+21.4,@B	+2.69,+243.8,+19.8,IB	+2.40,+261.2,+20.6,LB	+2.86,+234.2,+19.8,BB	
1700077228.60138	+6.51,+18.2,+20.8,JA	+6.50,+23.5,+21.6,KA	+2.92,+230.7,+21.4,AB	+2.69,+244.1,+19.8,GB	+2.40,+261.0,+20.6,NB	+2.86,+234.1,+19.8,AB	
1700077290.6104634	+6.51,+18.3,+20.8,KA	+6.50,+23.4,+21.6,JA	+2.92,+230.6,+21.4,@B	+2.69,+244.1,+19.8,GB	+2.40,+261.1,+20.6,OB	+2.86,+234.1,+19.8,AB	
1700077352.6202633	+6.51,+18.2,+20.8,JA	+6.50,+23.3,+21.5,NA	+2.92,+230.7,+21.4,AB	+2.68,+244.3,+19.8,DB	+2.40,+261.0,+20.6,NB	+2.86,+234.1,+19.8,AB	
1700077414.6296382	+6.50,+18.3,+20.8,JA	+6.50,+23.3,+21.5,NA	+2.92,+230.6,+21.4,@B	+2.68,+244.4,+19.8,CB	+2.40,+261.3,+20.6,MB	+2.86,+234.1,+19.8,AB	
1700077476.6407478	+6.51,+18.3,+20.8,KA	+6.50,+23.3,+21.5,NA	+2.92,+230.7,+21.4,AB	+2.68,+244.4,+19.8,CB	+2.41,+260.6,+20.6,HB	+2.86,+234.1,+19.8,AB	
1700077538.65197	+6.51,+18.2,+20.8,JA	+6.50,+23.3,+21.5,NA	+2.92,+230.7,+21.4,AB	+2.68,+244.5,+19.8,BB	+2.44,+258.7,+20.6,GB	+2.86,+234.0,+19.8,@B	
1700077600.6612957	+6.51,+18.3,+20.8,KA	+6.50,+23.3,+21.5,NA	+2.92,+230.7,+21.4,AB	+2.68,+244.7,+19.8,@B	+2.43,+259.3,+20.6,EB	+2.86,+234.1,+19.8,AB	
1700077662.669405	+6.51,+18.3,+20.8,KA	+6.50,+23.3,+21.5,NA	+2.92,+230.6,+21.4,@B	+2.68,+244.7,+19.8,@B	+2.42,+259.7,+20.6,@B	+2.86,+234.1,+19.8,AB	
1700077724.6800458	+6.51,+18.3,+20.8,KA	+6.50,+23.2,+21.4,NA	+2.92,+230.6,+21.4,@B	+2.67,+244.8,+19.7,OB	+2.43,+259.5,+20.6,CB	+2.86,+234.0,+19.8,@B	
1700077786.6901598	+6.51,+18.3,+20.8,KA	+6.50,+23.2,+21.4,NA	+2.92,+230.7,+21.4,AB	+2.68,+244.5,+19.8,BB	+2.45,+258.0,+20.6,AB	+2.86,+234.1,+19.8,AB	
1700077848.6981835	+6.50,+18.3,+20.8,JA	+6.50,+23.2,+21.4,NA	+2.92,+230.7,+21.4,AB	+2.68,+244.5,+19.8,BB	+2.44,+258.7,+20.6,GB	+2.86,+234.1,+19.8,AB	
1700077910.7083027	+6.51,+18.2,+20.8,JA	+6.50,+23.2,+21.4,NA	+2.92,+230.7,+21.4,AB	+2.68,+244.7,+19.8,@B	+2.43,+259.3,+20.5,FB	+2.86,+234.1,+19.7,NB	
1700077972.7183867	+6.51,+18.3,+20.8,KA	+6.50,+23.2,+21.3,IA	+2.92,+230.6,+21.4,@B	+2.68,+244.6,+19.8,AB	+2.42,+260.1,+20.6,LB	+2.86,+234.1,+19.7,NB	
1700078034.724622	+6.51,+18.2,+20.8,JA	+6.51,+23.1,+21.3,KA	+2.92,+230.6,+21.4,@B	+2.68,+244.7,+19.7,OB	+2.40,+260.7,+20.5,KB	+2.86,+234.1,+19.7,NB	
1700078096.73258	+6.51,+18.3,+20.8,KA	+6.51,+23.0,+21.3,JA	+2.92,+230.6,+21.4,@B	+2.67,+244.8,+19.7,OB	+2.41,+260.7,+20.5,JB	+2.86,+234.1,+19.7,NB	
1700078158.7413247	+6.51,+18.2,+20.8,JA	+6.51,+23.1,+21.3,KA	+2.92,+230.6,+21.3,GB	+2.68,+244.7,+19.7,OB	+2.39,+261.7,+20.6,GB	+2.86,+234.0,+19.7,OB	
1700078220.7520168	+6.51,+18.3,+20.8,KA	+6.51,+23.0,+21.3,JA	+2.92,+230.6,+21.3,GB	+2.68,+244.6,+19.7,NB	+2.37,+262.6,+20.5,HB	+2.86,+234.1,+19.7,NB	
1700078282.761561	+6.51,+18.2,+20.8,JA	+6.51,+23.0,+21.3,JA	+2.92,+230.7,+21.3,FB	+2.67,+244.8,+19.7,OB	+2.37,+262.4,+20.5,JB	+2.86,+234.1,+19.7,NB	
1700078344.772356	+6.51,+18.1,+20.8,IA	+6.51,+22.9,+21.2,CA	+2.92,+230.6,+21.3,GB	+2.67,+244.9,+19.7,NB	+2.38,+262.2,+20.5,CB	+2.86,+234.1,+19.7,NB	
1700078406.782482	+6.51,+18.3,+20.8,KA	+6.51,+22.9,+21.2,CA	+2.92,+230.7,+21.4,AB	+2.67,+244.8,+19.7,OB	+2.37,+262.9,+20.5,GB	+2.86,+234.1,+19.7,NB	
1700078468.7898378	+6.51,+18.2,+20.8,JA	+6.51,+22.9,+21.2,CA	+2.92,+230.6,+21.3,GB	+2.67,+244.8,+19.7,OB	+2.36,+263.0,+20.5,NB	+2.86,+234.1,+19.7,NB	
1700078530.798888	+6.51,+18.2,+20.8,JA	+6.51,+22.9,+21.2,CA	+2.92,+230.6,+21.3,GB	+2.68,+244.6,+19.7,NB	+2.36,+263.3,+20.5,MB	+2.86,+234.2,+19.6,LB	
1700078592.8089662	+6.51,+18.2,+20.8,JA	+6.51,+22.9,+21.1,@A	+2.92,+230.7,+21.3,FB	+2.68,+244.7,+19.7,OB	+2.35,+263.7,+20.5,JB	+2.86,+234.1,+19.6,OB	
1700078654.8182101	+6.51,+18.2,+20.8,JA	+6.51,+22.9,+21.1,@A	+2.92,+230.6,+21.3,GB	+2.67,+244.7,+19.7,@B	+2.35,+263.8,+20.5,EB	+2.86,+234.1,+19.6,OB	
1700078716.8293245	+6.51,+18.2,+20.8,JA	+6.51,+22.9,+21.1,@A	+2.92,+230.6,+21.3,GB	+2.67,+244.8,+19.7,OB	+2.35,+264.0,+20.5,JB	+2.86,+234.1,+19.6,OB	
1700078778.8394587	+6.51,+18.2,+20.8,JA	+6.51,+23.0,+21.1,HA	+2.92,+230.6,+21.3,GB	+2.67,+244.9,+19.7,NB	+2.34,+264.3,+20.5,HB	+2.86,+234.1,+19.6,OB	
1700078840.8485773	+6.51,+18.2,+20.8,JA	+6.51,+22.9,+21.1,@A	+2.92,+230.6,+21.3,GB	+2.67,+245.1,+19.7,GB	+2.37,+262.6,+20.5,HB	+2.86,+234.1,+19.6,OB	
1700078902.857832	+6.51,+18.2,+20.8,JA	+6.51,+22.9,+21.1,@A	+2.92,+230.6,+21.3,GB	+2.67,+245.2,+19.6,EB	+2.37,+262.9,+20.4,FB	+2.86,+234.2,+19.6,LB	
1700078964.8673701	+6.51,+18.2,+20.8,JA	+6.51,+22.9,+21.1,@A	+2.92,+230.6,+21.3,GB	+2.66,+245.3,+19.6,EB	+2.35,+263.6,+20.4,JB	+2.86,+234.1,+19.6,OB	
1700079026.8790011	+6.51,+18.1,+20.7,FA	+6.51,+22.9,+21.1,@A	+2.92,+230.6,+21.2,FB	+2.66,+245.4,+19.6,BB	+2.34,+264.1,+20.4,KB	+2.86,+234.1,+19.6,OB	
1700079088.8874955	+6.51,+18.2,+20.7,EA	+6.51,+22.9,+21.0,AA	+2.92,+230.6,+21.2,FB	+2.66,+245.5,+19.6,CB	+2.35,+263.6,+20.4,JB	+2.86,+234.1,+19.5,LB	
1700079150.8949401	+6.51,+18.1,+20.7,FA	+6.51,+22.9,+21.0,AA	+2.92,+230.5,+21.2,EB	+2.66,+245.6,+19.6,@B	+2.36,+263.4,+20.4,KB	+2.86,+234.1,+19.5,LB	
1700079396.4762697	+6.51,+18.1,+20.7,FA	+6.51,+22.9,+21.0,AA	+2.92,+230.5,+21.2,EB	+2.65,+246.0,+19.6,FB	+2.36,+262.9,+20.4,GB	+2.86,+233.8,+19.5,BB	
1700079458.4860404	+6.51,+18.2,+20.7,EA	+6.51,+23.0,+21.0,IA	+2.92,+230.6,+21.2,FB	+2.65,+246.2,+19.6,DB	+2.36,+263.4,+20.4,KB	+2.86,+234.1,+19.5,LB	
1700079520.4920132	+6.51,+18.1,+20.7,FA	+6.51,+23.0,+21.0,IA	+2.92,+230.6,+21.2,FB	+2.65,+246.3,+19.6,EB	+2.35,+263.6,+20.4,JB	+2.86,+234.1,+19.5,LB	
1700079582.4993188	+6.51,+18.1,+20.7,FA	+6.51,+23.0,+21.0,IA	+2.92,+230.6,+21.2,FB	+2.64,+246.4,+19.6,CB	+2.34,+264.0,+20.3,MB	+2.86,+234.0,+19.5,MB	
1700079644.5080414	+6.51,+18.1,+20.7,FA	+6.51,+23.0,+21.0,IA	+2.92,+230.5,+21.2,EB	+2.64,+246.4,+19.6,CB	+2.34,+264.6,+20.4,LB	+2.86,+234.0,+19.5,MB	
1700079706.517692	+6.51,+18.1,+20.7,FA	+6.51,+23.0,+21.0,IA	+2.92,+230.6,+21.2,FB	+2.65,+246.2,+19.6,DB	+2.33,+264.8,+20.3,BB	+2.86,+233.9,+19.5,CB	
1700079768.52702	+6.51,+18.1,+20.7,FA	+6.51,+23.1,+21.0,HA	+2.92,+230.6,+21.2,FB	+2.65,+246.3,+19.6,EB	+2.35,+264.0,+20.4,KB	+2.86,+233.9,+19.5,CB	
1700079830.536412	+6.51,+18.1,+20.8,IA	+6.51,+23.1,+21.0,HA	+2.92,+230.4,+21.1,GB	+2.64,+246.3,+19.5,GB	+2.35,+264.0,+20.4,KB	+2.86,+233.8,+19.5,BB	
1700079892.5437558	+6.51,+18.1,+20.8,IA	+6.51,+23.1,+21.0,HA	+2.92,+230.5,+21.2,EB	+2.64,+246.4,+19.6,CB	+2.35,+263.8,+20.3,CB	+2.86,+233.9,+19.5,CB	
1700079954.5526557	+6.51,+18.1,+20.7,FA	+6.51,+23.1,+20.9,@A	+2.92,+230.5,+21.2,EB	+2.65,+246.3,+19.5,FB	+2.39,+261.4,+20.3,AB	+2.86,+233.9,+19.4,BB	
1700080016.56258	+6.51,+18.1,+20.7,FA	+6.51,+23.1,+21.0,HA	+2.92,+230.5,+21.2,EB	+2.64,+246.4,+19.5,@B	+2.39,+261.6,+20.3,CB	+2.86,+233.8,+19.5,BB	
1700080078.5730772	+6.51,+18.1,+20.7,FA	+6.51,+23.1,+20.9,@A	+2.92,+230.5,+21.1,FB	+2.64,+246.3,+19.5,GB	+2.38,+261.9,+20.3,MB	+2.86,+233.9,+19.4,BB	
1700080140.5832472	+6.51,+18.1,+20.7,FA	+6.51,+23.0,+20.9,AA	+2.92,+230.5,+21.1,FB	+2.64,+246.3,+19.5,GB	+2.38,+261.9,+20.3,MB	+2.86,+233.9,+19.4,BB	
1700080202.5902047	+6.51,+18.1,+20.7,FA	+6.51,+23.0,+20.9,AA	+2.92,+230.5,+21.1,FB	+2.64,+246.4,+19.5,@B	+2.38,+261.8,+20.3,LB	+2.86,+234.0,+19.4,LB	
1700080264.6003597	+6.51,+18.1,+20.7,FA	+6.51,+23.0,+20.9,AA	+2.92,+230.5,+21.2,EB	+2.64,+246.4,+19.5,@B	+2.37,+262.5,+20.3,MB	+2.86,+234.0,+19.4,LB	
1700080326.6103027	+6.51,+18.0,+20.7,GA	+6.51,+23.1,+20.9,@A	+2.92,+230.5,+21.1,FB	+2.64,+246.4,+19.5,@B	+2.37,+262.6,+20.3,NB	+2.86,+234.0,+19.4,LB	
1700080388.6201005	+6.51,+18.0,+20.7,GA	+6.51,+23.1,+20.9,@A	+2.92,+230.5,+21.1,FB	+2.64,+246.3,+19.5,GB	+2.36,+262.9,+20.3,@B	+2.86,+234.0,+19.4,LB	
1700080450.6294563	+6.51,+18.0,+20.7,GA	+6.51,+23.1,+20.9,@A	+2.92,+230.5,+21.1,FB	+2.64,+246.4,+19.5,@B	+2.36,+263.4,+20.3,LB	+2.86,+234.0,+19.4,LB	
1700080512.6395082	+6.51,+18.0,+20.7,GA	+6.51,+23.0,+20.9,AA	+2.92,+230.5,+21.1,FB	+2.64,+246.4,+19.5,@B	+2.34,+264.1,+20.3,LB	+2.86,+233.9,+19.4,BB	
1700080574.6494308	+6.51,+18.0,+20.7,GA	+6.51,+23.1,+20.9,@A	+2.92,+230.4,+21.1,GB	+2.64,+246.3,+19.5,GB	+2.34,+264.2,+20.3,OB	+2.86,+233.8,+19.4,CB	
1700080636.6595116	+6.51,+18.0,+20.7,GA	+6.50,+23.1,+20.9,AA	+2.92,+230.4,+21.1,GB	+2.65,+246.2,+19.5,GB	+2.33,+264.6,+20.3,LB	+2.86,+233.9,+19.4,BB	
1700080698.6656954	+6.51,+18.0,+20.7,GA	+6.51,+23.1,+20.9,@A	+2.92,+230.5,+21.1,FB	+2.64,+246.3,+19.5,GB	+2.34,+264.4,+20.3,IB	+2.86,+233.9,+19.4,BB	
1700080760.6754644	+6.51,+18.0,+20.7,GA	+6.51,+23.1,+20.9,@A	+2.92,+230.4,+21.1,GB	+2.64,+246.3,+19.5,GB	+2.34,+264.1,+20.2,MB	+2.86,+233.9,+19.4,BB	
1700080822.6847956	+6.51,+18.0,+20.7,GA	+6.50,+23.2,+20.9,BA	+2.92,+230.3,+21.1,@B	+2.64,+246.6,+19.5,BB	+2.34,+264.4,+20.3,IB	+2.86,+233.9,+19.4,BB	
1700080884.6955712	+6.51,+18.1,+20.7,FA	+6.51,+23.1,+20.9,@A	+2.92,+230.4,+21.1,GB	+2.64,+246.6,+19.4,CB	+2.38,+262.0,+20.3,GB	+2.86,+233.9,+19.4,BB	
1700080946.7048943	+6.51,+18.0,+20.7,GA	+6.51,+23.1,+20.9,@A	+2.92,+230.4,+21.0,FB	+2.64,+246.7,+19.5,CB	+2.40,+260.7,+20.3,MB	+2.86,+233.9,+19.4,BB	
1700081008.71309	+6.51,+18.0,+20.7,GA	+6.50,+23.2,+20.9,BA	+2.92,+230.3,+21.1,@B	+2.64,+246.7,+19.5,CB	+2.39,+261.1,+20.2,EB	+2.86,+233.9,+19.4,BB	
1700081070.722549	+6.51,+18.1,+20.7,FA	+6.51,+23.1,+20.9,@A	+2.92,+230.4,+21.1,GB	+2.65,+246.2,+19.4,FB	+2.39,+261.3,+20.3,FB	+2.86,+233.9,+19.4,BB	
1700081132.7283933	+6.51,+18.1,+20.7,FA	+6.51,+23.1,+20.9,@A	+2.92,+230.4,+21.0,FB	+2.64,+246.3,+19.5,GB	+2.39,+261.3,+20.2,GB	+2.86,+233.9,+19.4,BB	
1700081194.73824	+6.51,+18.1,+20.7,FA	+6.51,+23.1,+20.8,AA	+2.92,+230.4,+21.0,FB	+2.65,+246.2,+19.4,FB	+2.39,+261.1,+20.2,EB	+2.86,+234.0,+19.4,LB	
1700081256.74706	+6.51,+18.0,+20.7,GA	+6.50,+23.2,+20.9,BA	+2.92,+230.4,+21.0,FB	+2.64,+246.2,+19.4,GB	+2.38,+261.9,+20.3,MB	+2.86,+233.9,+19.4,BB	
1700081318.757485	+6.51,+18.0,+20.7,GA	+6.50,+23.1,+20.9,AA	+2.92,+230.4,+21.0,FB	+2.64,+246.2,+19.4,GB	+2.37,+262.2,+20.2,KB	+2.86,+233.9,+19.4,BB	
1700081380.7666798	+6.51,+18.0,+20.7,GA	+6.51,+23.1,+20.8,AA	+2.92,+230.4,+21.0,FB	+2.64,+246.4,+19.4,AB	+2.37,+262.8,+20.2,AB	+2.86,+233.9,+19.4,BB	
1700081442.774209	+6.51,+18.0,+20.7,GA	+6.50,+23.2,+20.9,BA	+2.92,+230.4,+21.0,FB	+2.64,+246.3,+19.4,FB	+2.36,+263.0,+20.2,IB	+2.86,+233.9,+19.4,BB	
1700081504.7842433	+6.51,+18.0,+20.7,GA	+6.51,+23.1,+20.8,AA	+2.92,+230.4,+21.0,FB	+2.64,+246.2,+19.4,GB	+2.36,+262.9,+20.2,AB	+2.86,+233.9,+19.3,EB	
1700081566.7911477	+6.51,+18.1,+20.7,FA	+6.50,+23.1,+20.9,AA	+2.92,+230.3,+21.0,AB	+2.65,+246.1,+19.4,EB	+2.36,+263.1,+20.2,HB	+2.86,+233.8,+19.3,DB	
1700081628.8014565	+6.51,+18.0,+20.7,GA	+6.50,+23.2,+20.9,BA	+2.92,+230.2,+21.0,@B	+2.64,+246.3,+19.4,FB	+2.36,+262.9,+20.2,AB	+2.86,+233.8,+19.3,DB	
1700081690.8072727	+6.51,+18.1,+20.7,FA	+6.50,+23.2,+20.8,CA	+2.92,+230.3,+21.0,AB	+2.64,+246.4,+19.4,AB	+2.38,+261.9,+20.2,LB	+2.86,+233.9,+19.3,EB	
1700081752.8175168	+6.51,+18.0,+20.7,GA	+6.50,+23.1,+20.8,@A	+2.92,+230.3,+21.0,AB	+2.64,+246.3,+19.4,FB	+2.38,+261.7,+20.2,BB	+2.86,+233.8,+19.3,DB	
1700081814.8254023	+6.51,+18.0,+20.7,GA	+6.50,+23.2,+20.9,BA	+2.92,+230.2,+21.0,@B	+2.65,+245.9,+19.4,NB	+2.38,+261.5,+20.2,@B	+2.86,+233.8,+19.3,DB	
1700081876.8334553	+6.51,+18.0,+20.7,GA	+6.50,+23.1,+20.8,@A	+2.92,+230.3,+21.0,AB	+2.65,+245.7,+19.4,@B	+2.38,+261.7,+20.2,BB	+2.86,+233.8,+19.3,DB	
1700081938.8441448	+6.51,+18.0,+20.7,GA	+6.50,+23.1,+20.9,AA	+2.92,+230.3,+21.0,AB	+2.65,+245.7,+19.4,@B	+2.40,+260.9,+20.2,BB	+2.86,+233.8,+19.3,DB	
1700082000.8535335	+6.51,+18.0,+20.7,GA	+6.50,+23.2,+20.8,CA	+2.92,+230.3,+21.0,AB	+2.65,+245.8,+19.4,OB	+2.40,+260.8,+20.2,CB	+2.86,+233.9,+19.3,EB	
1700082062.8627808	+6.51,+18.0,+20.7,GA	+6.50,+23.1,+20.8,@A	+2.92,+230.3,+21.0,AB	+2.65,+245.7,+19.4,@B	+2.39,+261.4,+20.2,@B	+2.86,+233.9,+19.3,EB	
1700082124.8722446	+6.51,+18.0,+20.7,GA	+6.50,+23.1,+20.8,@A	+2.92,+230.3,+21.0,AB	+2.65,+245.8,+19.4,OB	+2.38,+262.0,+20.2,FB	+2.86,+233.9,+19.3,EB	
1700082186.88209	+6.51,+18.0,+20.7,GA	+6.50,+23.1,+20.8,@A	+2.92,+230.3,+21.0,AB	+2.65,+245.7,+19.4,@B	+2.38,+262.1,+20.2,GB	+2.86,+233.9,+19.3,EB	
1700082248.8916268	+6.51,+18.0,+20.7,GA	+6.51,+23.1,+20.8,AA	+2.92,+230.3,+21.0,AB	+2.65,+245.7,+19.4,@B	+2.38,+261.9,+20.2,LB	+2.86,+233.9,+19.3,EB	
1700082310.9014318	+6.51,+18.0,+20.7,GA	+6.50,+23.2,+20.8,CA	+2.92,+230.2,+21.0,@B	+2.66,+245.6,+19.4,BB	+2.37,+262.2,+20.2,KB	+2.86,+233.9,+19.3,EB	
1700082372.910598	+6.51,+18.0,+20.7,GA	+6.51,+23.1,+20.8,AA	+2.92,+230.3,+21.0,AB	+2.66,+245.5,+19.4,AB	+2.38,+261.9,+20.2,LB	+2.86,+233.8,+19.3,DB	
1700082434.9207573	+6.51,+18.0,+20.7,GA	+6.51,+23.1,+20.8,AA	+2.92,+230.2,+20.9,HB	+2.66,+245.4,+19.4,@B	+2.40,+260.9,+20.2,BB	+2.86,+233.8,+19.3,DB	
1700082496.930281	+6.51,+18.0,+20.7,GA	+6.51,+23.1,+20.8,AA	+2.92,+230.3,+21.0,AB	+2.66,+245.4,+19.4,@B	+2.42,+259.5,+20.1,EB	+2.86,+233.8,+19.3,DB	
1700082558.9397516	+6.51,+18.0,+20.7,GA	+6.51,+23.1,+20.8,AA	+2.92,+230.2,+20.9,HB	+2.66,+245.4,+19.4,@B	+2.41,+259.9,+20.1,JB	+2.86,+233.7,+19.3,KB	
1700082620.9490626	+6.51,+18.0,+20.7,GA	+6.51,+23.1,+20.8,AA	+2.92,+230.2,+21.0,@B	+2.66,+245.4,+19.4,@B	+2.41,+260.0,+20.1,IB	+2.86,+233.7,+19.3,KB	
1700082682.958228	+6.51,+18.0,+20.7,GA	+6.50,+23.1,+20.8,@A	+2.92,+230.2,+21.0,@B	+2.65,+245.5,+19.3,EB	+2.41,+260.0,+20.2,JB	+2.86,+233.7,+19.3,KB	
1700082744.9670794	+6.51,+18.0,+20.7,GA	+6.51,+23.1,+20.8,AA	+2.92,+230.2,+20.9,HB	+2.65,+245.6,+19.4,AB	+2.41,+260.3,+20.1,JB	+2.86,+233.8,+19.3,DB	
1700082806.9777367	+6.51,+18.0,+20.7,GA	+6.50,+23.1,+20.8,@A	+2.92,+230.2,+21.0,@B	+2.66,+245.5,+19.4,AB	+2.40,+260.6,+20.1,NB	+2.86,+233.7,+19.3,KB	
1700082868.9872196	+6.51,+18.1,+20.7,FA	+6.50,+23.1,+20.8,@A	+2.92,+230.3,+21.0,AB	+2.66,+245.5,+19.4,AB	+2.40,+260.9,+20.2,BB	+2.86,+233.7,+19.3,KB	
1700082930.9969847	+6.51,+18.0,+20.7,GA	+6.51,+23.1,+20.8,AA	+2.92,+230.2,+20.9,HB	+2.65,+245.6,+19.4,AB	+2.40,+260.6,+20.2,MB	+2.86,+233.8,+19.3,DB	
1700082993.006916	+6.51,+18.0,+20.7,GA	+6.51,+23.1,+20.8,AA	+2.92,+230.2,+20.9,HB	+2.65,+245.7,+19.3,GB	+2.40,+260.6,+20.1,NB	+2.86,+233.8,+19.2,EB	
1700083238.6048243	+6.51,+18.0,+20.7,GA	+6.51,+23.1,+20.8,AA	+2.92,+230.2,+20.9,HB	+2.65,+245.7,+19.3,GB	+2.41,+259.8,+20.1,KB	+2.86,+233.6,+19.2,KB	
1700083300.6134164	+6.51,+18.0,+20.7,GA	+6.51,+23.1,+20.8,AA	+2.92,+230.2,+20.9,HB	+2.65,+245.8,+19.4,OB	+2.42,+259.5,+20.1,EB	+2.86,+233.7,+19.2,JB	
1700083362.6201503	+6.51,+18.0,+20.7,GA	+6.51,+23.1,+20.8,AA	+2.92,+230.2,+20.9,HB	+2.65,+245.9,+19.3,IB	+2.41,+260.1,+20.1,HB	+2.86,+233.7,+19.2,JB	
1700083424.6289687	+6.51,+18.1,+20.7,FA	+6.50,+23.2,+20.8,CA	+2.92,+230.1,+20.9,KB	+2.65,+246.1,+19.3,BB	+2.41,+260.2,+20.1,KB	+2.86,+233.7,+19.2,JB	
1700083486.6386373	+6.51,+18.0,+20.7,GA	+6.51,+23.1,+20.8,AA	+2.92,+230.2,+20.9,HB	+2.65,+246.0,+19.3,CB	+2.39,+260.9,+20.1,OB	+2.86,+233.7,+19.2,JB	
1700083548.649469	+6.51,+18.0,+20.7,GA	+6.51,+23.1,+20.8,AA	+2.92,+230.1,+20.9,KB	+2.65,+246.0,+19.3,CB	+2.39,+261.3,+20.1,DB	+2.86,+233.7,+19.2,JB	
1700083610.6593356	+6.51,+18.0,+20.7,GA	+6.50,+23.1,+20.8,@A	+2.92,+230.2,+20.9,HB	+2.65,+246.0,+19.3,CB	+2.38,+261.6,+20.1,@B	+2.86,+233.7,+19.2,JB	
1700083672.6695995	+6.51,+18.0,+20.7,GA	+6.51,+23.1,+20.8,AA	+2.92,+230.2,+20.9,HB	+2.65,+246.0,+19.3,CB	+2.38,+261.6,+20.1,@B	+2.86,+233.6,+19.2,KB	
1700083734.679818	+6.51,+18.0,+20.7,GA	+6.51,+23.1,+20.8,AA	+2.92,+230.2,+20.9,HB	+2.65,+246.0,+19.3,CB	+2.37,+262.1,+20.1,KB	+2.86,+233.6,+19.2,KB	
1700083796.6895146	+6.51,+18.0,+20.7,GA	+6.51,+23.1,+20.8,AA	+2.92,+230.2,+20.9,HB	+2.65,+246.0,+19.3,CB	+2.37,+262.2,+20.1,HB	+2.86,+233.7,+19.2,JB	
1700083858.699617	+6.51,+18.0,+20.7,GA	+6.51,+23.1,+20.8,AA	+2.92,+230.2,+20.9,HB	+2.65,+245.9,+19.3,IB	+2.40,+260.5,+20.1,MB	+2.86,+233.7,+19.2,JB	
1700083920.7079227	+6.51,+18.0,+20.7,GA	+6.50,+23.1,+20.8,@A	+2.92,+230.2,+20.9,HB	+2.65,+245.9,+19.3,IB	+2.40,+260.4,+20.1,LB	+2.86,+233.7,+19.2,JB	
1700083982.7182264	+6.51,+18.0,+20.7,GA	+6.51,+23.1,+20.8,AA	+2.92,+230.3,+20.9,IB	+2.65,+245.8,+19.3,HB	+2.39,+260.9,+20.1,OB	+2.86,+233.6,+19.2,KB	
1700084044.7277405	+6.51,+18.0,+20.7,GA	+6.51,+23.1,+20.8,AA	+2.92,+230.3,+20.9,IB	+2.65,+245.8,+19.3,HB	+2.39,+261.0,+20.1,GB	+2.86,+233.6,+19.2,KB	
1700084106.7369404	+6.51,+18.0,+20.7,GA	+6.51,+23.1,+20.8,AA	+2.92,+230.2,+20.9,HB	+2.65,+245.8,+19.3,HB	+2.38,+261.6,+20.1,@B	+2.86,+233.6,+19.2,KB	
1700084168.7473602	+6.51,+18.0,+20.7,GA	+6.50,+23.1,+20.8,@A	+2.92,+230.2,+20.9,HB	+2.65,+245.7,+19.3,GB	+2.37,+262.4,+20.1,NB	+2.86,+233.5,+19.2,HB	
1700084230.7566595	+6.51,+18.0,+20.7,GA	+6.51,+23.1,+20.8,AA	+2.92,+230.2,+20.9,HB	+2.65,+245.8,+19.3,HB	+2.33,+264.6,+20.1,NB	+2.86,+233.6,+19.2,KB	
1700084292.7663217	+6.51,+18.0,+20.7,GA	+6.51,+23.0,+20.7,OA	+2.92,+230.1,+20.9,KB	+2.65,+245.8,+19.3,HB	+2.34,+264.2,+20.1,MB	+2.86,+233.6,+19.2,KB	
1700084354.776235	+6.51,+18.0,+20.7,GA	+6.51,+23.0,+20.8,@A	+2.92,+230.1,+20.9,KB	+2.65,+245.7,+19.3,GB	+2.33,+264.5,+20.1,MB	+2.86,+233.6,+19.2,KB	
1700084416.785031	+6.51,+18.0,+20.7,GA	+6.51,+23.1,+20.8,AA	+2.92,+230.1,+20.9,KB	+2.65,+245.6,+19.3,FB	+2.32,+265.1,+20.1,IB	+2.86,+233.6,+19.2,KB	
1700084478.793502	+6.51,+17.9,+20.7,AA	+6.51,+23.0,+20.8,@A	+2.92,+230.1,+20.9,KB	+2.65,+245.6,+19.3,FB	+2.32,+265.3,+20.1,KB	+2.86,+233.5,+19.2,HB	
1700084540.802514	+6.51,+18.0,+20.7,GA	+6.51,+23.1,+20.8,AA	+2.92,+230.1,+20.9,KB	+2.66,+245.2,+19.3,AB	+2.32,+265.3,+20.1,KB	+2.86,+233.6,+19.2,KB	
1700084602.813178	+6.51,+18.0,+20.7,GA	+6.51,+23.0,+20.8,@A	+2.92,+230.2,+20.9,HB	+2.66,+244.9,+19.3,KB	+2.32,+265.4,+20.1,LB	+2.86,+233.6,+19.2,KB	
1700084664.8233886	+6.51,+17.9,+20.7,AA	+6.51,+23.1,+20.8,AA	+2.92,+230.1,+20.9,KB	+2.66,+244.9,+19.3,KB	+2.32,+265.3,+20.1,KB	+2.86,+233.6,+19.2,KB	
1700084726.8333333	+6.51,+17.9,+20.7,AA	+6.50,+23.1,+20.8,@A	+2.92,+230.1,+20.9,KB	+2.66,+244.9,+19.3,KB	+2.31,+265.5,+20.1,NB	+2.86,+233.6,+19.2,KB	
1700084788.8415236	+6.51,+18.0,+20.7,GA	+6.50,+23.1,+20.8,@A	+2.92,+230.1,+20.9,KB	+2.66,+245.0,+19.2,BB	+2.37,+262.6,+20.1,LB	+2.86,+233.5,+19.2,HB	
1700084850.8502195	+6.51,+18.0,+20.7,GA	+6.50,+23.1,+20.8,@A	+2.92,+230.1,+20.9,KB	+2.66,+245.0,+19.3,CB	+2.38,+261.7,+20.1,AB	+2.86,+233.5,+19.2,HB	
1700084912.8599105	+6.51,+18.0,+20.7,GA	+6.50,+23.2,+20.8,CA	+2.92,+230.1,+20.9,KB	+2.67,+244.8,+19.3,KB	+2.37,+262.4,+20.0,OB	+2.86,+233.5,+19.2,HB	
1700084974.870876	+6.51,+18.0,+20.7,GA	+6.51,+23.1,+20.8,AA	+2.92,+230.1,+20.9,KB	+2.67,+244.8,+19.3,KB	+2.36,+263.0,+20.1,JB	+2.86,+233.5,+19.2,HB	
1700085036.8800254	+6.51,+18.0,+20.7,GA	+6.51,+23.1,+20.8,AA	+2.92,+230.0,+20.9,JB	+2.66,+244.9,+19.3,KB	+2.35,+263.7,+20.1,NB	+2.86,+233.5,+19.2,HB	
1700085098.889934	+6.51,+18.0,+20.7,GA	+6.51,+23.1,+20.8,AA	+2.92,+230.1,+20.9,KB	+2.66,+244.9,+19.3,KB	+2.34,+264.3,+20.1,LB	+2.86,+233.4,+19.2,IB	
1700085160.8974993	+6.51,+18.0,+20.7,GA	+6.51,+23.1,+20.8,AA	+2.92,+230.1,+20.9,KB	+2.66,+245.0,+19.3,CB	+2.36,+263.1,+20.1,KB	+2.86,+233.5,+19.2,HB	
1700085222.905118	+6.51,+18.0,+20.8,HA	+6.50,+23.2,+20.8,CA	+2.92,+230.1,+20.9,KB	+2.66,+245.0,+19.2,BB	+2.35,+263.5,+20.0,MB	+2.86,+233.5,+19.2,HB	
1700085284.9157636	+6.51,+18.0,+20.8,HA	+6.50,+23.2,+20.9,BA	+2.92,+230.2,+20.9,HB	+2.66,+244.9,+19.3,KB	+2.34,+263.9,+20.1,AB	+2.86,+233.5,+19.2,HB	
1700085346.9231644	+6.51,+17.9,+20.8,NA	+6.51,+23.1,+20.8,AA	+2.92,+230.1,+20.9,KB	+2.66,+245.0,+19.3,CB	+2.34,+263.9,+20.1,AB	+2.86,+233.5,+19.2,HB	
1700085408.9338498	+6.51,+18.0,+20.8,HA	+6.50,+23.2,+20.9,BA	+2.92,+230.1,+20.9,KB	+2.66,+245.0,+19.3,CB	+2.34,+263.8,+20.1,@B	+2.86,+233.4,+19.2,IB	
1700085470.9438672	+6.51,+18.0,+20.8,HA	+6.51,+23.1,+20.9,@A	+2.92,+230.2,+20.9,HB	+2.66,+245.0,+19.3,CB	+2.34,+264.1,+20.1,NB	+2.86,+233.5,+19.2,HB	
1700085532.9534082	+6.51,+17.9,+20.8,NA	+6.50,+23.1,+20.9,AA	+2.92,+230.1,+20.9,KB	+2.66,+245.0,+19.3,CB	+2.34,+264.1,+20.1,NB	+2.86,+233.5,+19.2,HB	
1700085594.9608483	+6.51,+17.9,+20.8,NA	+6.50,+23.1,+20.9,AA	+2.92,+230.1,+20.9,KB	+2.66,+245.0,+19.3,CB	+2.33,+264.6,+20.1,NB	+2.86,+233.5,+19.2,HB	
1700085656.968803	+6.51,+18.0,+20.8,HA	+6.51,+23.1,+20.9,@A	+2.92,+230.1,+20.9,KB	+2.67,+244.8,+19.2,JB	+2.33,+264.7,+20.1,OB	+2.86,+233.4,+19.2,IB	
1700085718.9776824	+6.51,+17.9,+20.8,NA	+6.50,+23.2,+20.9,BA	+2.92,+230.1,+20.9,KB	+2.67,+244.8,+19.3,KB	+2.33,+264.7,+20.1,OB	+2.86,+233.4,+19.2,IB	
1700085780.9868557	+6.51,+18.0,+20.8,HA	+6.50,+23.1,+20.9,AA	+2.92,+230.1,+20.9,KB	+2.68,+244.3,+19.3,OB	+2.34,+264.3,+20.1,LB	+2.86,+233.5,+19.2,HB	
1700085842.9976888	+6.51,+17.9,+20.8,NA	+6.50,+23.2,+20.9,BA	+2.92,+230.1,+20.9,KB	+2.68,+244.2,+19.3,NB	+2.33,+264.5,+20.1,MB	+2.86,+233.4,+19.2,IB	
1700085905.0021243	+6.51,+18.0,+20.9,IA	+6.50,+23.1,+20.9,AA	+2.92,+230.2,+20.9,HB	+2.68,+244.1,+19.3,MB	+2.34,+264.3,+20.1,LB	+2.86,+233.5,+19.2,HB	
1700085967.0117543	+6.51,+18.0,+20.9,IA	+6.50,+23.2,+20.9,BA	+2.92,+230.2,+20.9,HB	+2.68,+244.0,+19.3,LB	+2.35,+263.7,+20.1,NB	+2.86,+233.5,+19.2,HB	
1700086029.0201259	+6.51,+17.9,+20.9,OA	+6.50,+23.2,+20.9,BA	+2.92,+230.1,+20.9,KB	+2.68,+244.0,+19.3,LB	+2.35,+263.7,+20.1,NB	+2.86,+233.5,+19.2,HB	
1700086091.0266623	+6.51,+18.0,+20.9,IA	+6.50,+23.1,+20.9,AA	+2.92,+230.1,+20.9,KB	+2.68,+244.0,+19.3,LB	+2.35,+263.3,+20.1,JB	+2.87,+233.4,+19.3,IB	
1700086153.036032	+6.51,+18.0,+20.9,IA	+6.50,+23.2,+20.9,BA	+2.92,+230.1,+20.9,KB	+2.69,+243.8,+19.3,BB	+2.36,+262.9,+20.1,BB	+2.87,+233.4,+19.3,IB	
1700086215.0405173	+6.51,+17.9,+20.9,OA	+6.51,+23.1,+21.0,HA	+2.92,+230.1,+20.9,KB	+2.68,+243.8,+19.3,CB	+2.36,+263.2,+20.1,HB	+2.87,+233.5,+19.3,HB	
1700086277.047702	+6.51,+17.9,+20.9,OA	+6.50,+23.2,+21.0,JA	+2.92,+230.1,+20.9,KB	+2.68,+243.9,+19.3,BB	+2.38,+262.0,+20.1,EB	+2.87,+233.4,+19.2,HB	
1700086339.0541985	+6.51,+17.9,+20.9,OA	+6.50,+23.2,+21.0,JA	+2.92,+230.1,+21.0,CB	+2.69,+243.8,+19.3,BB	+2.38,+261.9,+20.1,OB	+2.86,+233.5,+19.3,IB	
1700086401.0641034	+6.51,+17.9,+20.9,OA	+6.51,+23.1,+20.9,@A	+2.92,+230.2,+20.9,HB	+2.69,+243.4,+19.3,NB	+2.37,+262.5,+20.1,OB	+2.86,+233.5,+19.3,IB	
1700086463.0737264	+6.51,+18.0,+20.9,IA	+6.50,+23.2,+21.0,JA	+2.92,+230.2,+20.9,HB	+2.69,+243.4,+19.3,NB	+2.39,+261.2,+20.1,EB	+2.87,+233.4,+19.3,IB	
1700086525.082921	+6.51,+18.0,+20.9,IA	+6.51,+23.1,+21.0,HA	+2.92,+230.1,+20.9,KB	+2.69,+243.3,+19.3,IB	+2.39,+261.2,+20.1,EB	+2.86,+233.5,+19.3,IB	
1700086587.094287	+6.51,+17.9,+20.9,OA	+6.50,+23.2,+21.0,JA	+2.92,+230.1,+20.9,KB	+2.69,+243.3,+19.3,IB	+2.38,+261.5,+20.1,CB	+2.86,+233.5,+19.3,IB	
1700086649.102528	+6.51,+18.0,+20.9,IA	+6.50,+23.2,+21.0,JA	+2.92,+230.1,+20.9,KB	+2.69,+243.3,+19.3,IB	+2.38,+262.1,+20.1,DB	+2.86,+233.5,+19.3,IB	
1700086711.0858102	+6.51,+18.0,+20.9,IA	+6.50,+23.2,+21.0,JA	+2.92,+230.1,+20.9,KB	+2.70,+243.2,+19.3,@B	+2.37,+262.3,+20.1,IB	+2.86,+233.5,+19.3,IB	
1700086773.0943546	+6.51,+17.9,+20.9,OA	+6.50,+23.2,+21.0,JA	+2.92,+230.1,+21.0,CB	+2.70,+243.1,+19.3,CB	+2.37,+262.6,+20.1,LB	+2.86,+233.5,+19.3,IB	
1700086835.1045022	+6.51,+18.0,+21.0,AA	+6.50,+23.2,+21.0,JA	+2.92,+230.2,+21.0,@B	+2.70,+243.0,+19.3,BB	+2.36,+263.1,+20.1,KB	+2.87,+233.4,+19.3,IB	
1700087080.692109	+6.51,+18.0,+20.9,IA	+6.50,+23.2,+21.0,JA	+2.92,+230.1,+21.0,CB	+2.70,+242.7,+19.4,CB	+2.33,+264.8,+20.1,@B	+2.87,+233.2,+19.4,HB	
1700087142.7003512	+6.51,+18.0,+21.0,AA	+6.50,+23.2,+21.0,JA	+2.92,+230.1,+20.9,KB	+2.70,+242.8,+19.4,LB	+2.33,+264.8,+20.1,@B	+2.87,+233.4,+19.3,IB	
1700087204.710655	+6.51,+18.0,+21.0,AA	+6.50,+23.2,+21.0,JA	+2.92,+230.2,+21.0,@B	+2.70,+242.9,+19.4,MB	+2.34,+264.0,+20.1,OB	+2.87,+233.5,+19.3,HB	
1700087266.720305	+6.51,+18.0,+21.0,AA	+6.50,+23.2,+21.0,JA	+2.92,+230.1,+21.0,CB	+2.70,+242.9,+19.3,JB	+2.34,+264.2,+20.1,MB	+2.87,+233.5,+19.4,OB	
1700087328.7299778	+6.51,+18.0,+21.0,AA	+6.50,+23.2,+21.0,JA	+2.92,+230.1,+20.9,KB	+2.70,+243.1,+19.3,CB	+2.34,+264.3,+20.1,LB	+2.87,+233.4,+19.3,IB	
1700087390.7400532	+6.51,+18.0,+21.0,AA	+6.50,+23.2,+21.0,JA	+2.92,+230.2,+21.0,@B	+2.70,+243.0,+19.4,EB	+2.32,+265.3,+20.1,KB	+2.87,+233.5,+19.3,HB	
1700087452.7510295	+6.51,+18.0,+21.0,AA	+6.50,+23.2,+21.0,JA	+2.92,+230.2,+21.0,@B	+2.70,+243.1,+19.4,DB	+2.30,+266.2,+20.1,KB	+2.87,+233.5,+19.3,HB	
1700087514.7588656	+6.51,+18.0,+21.0,AA	+6.50,+23.2,+21.1,KA	+2.92,+230.2,+21.0,@B	+2.70,+243.1,+19.3,CB	+2.29,+266.9,+20.1,HB	+2.86,+233.5,+19.3,IB	
1700087576.7692513	+6.51,+18.0,+21.0,AA	+6.50,+23.2,+21.1,KA	+2.92,+230.2,+21.0,@B	+2.70,+243.1,+19.4,DB	+2.29,+267.3,+20.1,CB	+2.87,+233.5,+19.4,OB	
1700087638.7792246	+6.51,+18.0,+21.0,AA	+6.50,+23.2,+21.1,KA	+2.92,+230.2,+21.0,@B	+2.69,+243.3,+19.4,NB	+2.28,+267.5,+20.1,DB	+2.87,+233.5,+19.3,HB	
1700087700.7886565	+6.51,+18.0,+21.0,AA	+6.50,+23.2,+21.1,KA	+2.92,+230.1,+21.0,CB	+2.69,+243.3,+19.4,NB	+2.28,+267.6,+20.1,GB	+2.87,+233.5,+19.4,OB	
1700087762.7979257	+6.51,+18.0,+21.0,AA	+6.50,+23.3,+21.1,JA	+2.92,+230.1,+21.0,CB	+2.69,+243.3,+19.4,NB	+2.28,+267.4,+20.1,EB	+2.87,+233.5,+19.4,OB	
1700087824.8060038	+6.51,+18.0,+21.0,AA	+6.50,+23.2,+21.1,KA	+2.92,+230.2,+21.0,@B	+2.69,+243.4,+19.4,IB	+2.28,+267.3,+20.2,AB	+2.87,+233.4,+19.4,NB	
1700087886.8151984	+6.51,+18.0,+21.1,@A	+6.50,+23.2,+21.1,KA	+2.92,+230.2,+21.0,@B	+2.69,+243.3,+19.4,NB	+2.29,+267.1,+20.2,BB	+2.87,+233.4,+19.4,NB	
1700087948.821641	+6.51,+18.0,+21.1,@A	+6.50,+23.3,+21.1,JA	+2.92,+230.1,+21.0,CB	+2.69,+243.4,+19.4,IB	+2.29,+267.3,+20.2,@B	+2.87,+233.5,+19.4,OB	
1700088010.831977	+6.51,+18.1,+21.1,AA	+6.50,+23.2,+21.1,KA	+2.92,+230.1,+21.0,CB	+2.70,+243.3,+19.4,FB	+2.29,+267.2,+20.2,AB	+2.87,+233.5,+19.4,OB	
1700088072.8422	+6.51,+18.0,+21.0,AA	+6.50,+23.2,+21.1,KA	+2.92,+230.2,+21.0,@B	+2.69,+243.4,+19.4,IB	+2.29,+267.2,+20.2,AB	+2.87,+233.5,+19.4,OB	
1700088134.850902	+6.51,+18.0,+21.1,@A	+6.50,+23.2,+21.1,KA	+2.92,+230.2,+21.0,@B	+2.70,+243.0,+19.4,EB	+2.29,+266.7,+20.2,EB	+2.87,+233.5,+19.4,OB	
1700088196.8622777	+6.51,+18.0,+21.1,@A	+6.50,+23.3,+21.1,JA	+2.92,+230.2,+21.0,@B	+2.70,+243.1,+19.4,DB	+2.30,+266.6,+20.2,LB	+2.87,+233.5,+19.4,OB	
1700088258.8720417	+6.51,+18.0,+21.1,@A	+6.50,+23.2,+21.1,KA	+2.92,+230.2,+21.0,@B	+2.70,+243.3,+19.4,FB	+2.29,+266.9,+20.2,KB	+2.87,+233.5,+19.4,OB	
1700088320.881745	+6.51,+18.0,+21.1,@A	+6.50,+23.2,+21.1,KA	+2.92,+230.2,+21.0,@B	+2.70,+243.3,+19.4,FB	+2.30,+266.4,+20.2,NB	+2.87,+233.5,+19.4,OB	
1700088382.891889	+6.51,+18.0,+21.1,@A	+6.50,+23.2,+21.1,KA	+2.92,+230.2,+21.0,@B	+2.70,+243.3,+19.4,FB	+2.30,+266.4,+20.2,NB	+2.87,+233.5,+19.4,OB	
1700088444.8990934	+6.51,+18.0,+21.1,@A	+6.50,+23.3,+21.1,JA	+2.92,+230.1,+21.0,CB	+2.70,+243.3,+19.4,FB	+2.31,+266.0,+20.2,KB	+2.87,+233.4,+19.4,NB	
1700088506.909183	+6.51,+18.0,+21.1,@A	+6.50,+23.3,+21.1,JA	+2.92,+230.2,+21.0,@B	+2.70,+243.2,+19.4,GB	+2.30,+266.5,+20.2,OB	+2.87,+233.5,+19.4,OB	
1700088568.9150429	+6.51,+18.0,+21.1,@A	+6.50,+23.2,+21.1,KA	+2.92,+230.2,+21.0,@B	+2.70,+243.3,+19.4,FB	+2.31,+265.7,+20.2,OB	+2.87,+233.5,+19.4,OB	
1700088630.92245	+6.51,+18.0,+21.1,@A	+6.50,+23.2,+21.1,KA	+2.92,+230.2,+21.0,@B	+2.69,+243.3,+19.4,NB	+2.34,+264.3,+20.2,OB	+2.87,+233.5,+19.4,OB	
1700088692.9327013	+6.51,+18.0,+21.1,@A	+6.50,+23.3,+21.1,JA	+2.92,+230.2,+21.0,@B	+2.69,+243.4,+19.4,IB	+2.35,+263.7,+20.2,MB	+2.87,+233.5,+19.4,OB	
1700088754.9426434	+6.51,+18.0,+21.1,@A	+6.50,+23.2,+21.1,KA	+2.92,+230.2,+21.0,@B	+2.69,+243.4,+19.4,IB	+2.35,+263.7,+20.2,MB	+2.87,+233.5,+19.4,OB	
1700088816.9524076	+6.51,+18.0,+21.1,@A	+6.50,+23.3,+21.2,IA	+2.92,+230.3,+21.1,@B	+2.69,+243.5,+19.4,HB	+2.35,+263.9,+20.2,CB	+2.87,+233.5,+19.4,OB	
1700088878.9597626	+6.51,+18.0,+21.1,@A	+6.50,+23.3,+21.2,IA	+2.92,+230.2,+21.0,@B	+2.69,+243.7,+19.4,JB	+2.36,+263.3,+20.2,JB	+2.87,+233.5,+19.4,OB	
1700088940.9680657	+6.51,+18.2,+21.1,BA	+6.50,+23.2,+21.2,HA	+2.92,+230.2,+21.0,@B	+2.69,+243.6,+19.4,KB	+2.35,+263.7,+20.2,MB	+2.87,+233.5,+19.4,OB	
1700089002.975345	+6.51,+18.1,+21.1,AA	+6.50,+23.3,+21.1,JA	+2.92,+230.2,+21.0,@B	+2.69,+243.7,+19.4,JB	+2.36,+262.9,+20.2,AB	+2.87,+233.6,+19.4,LB	
1700089064.9850996	+6.51,+18.0,+21.1,@A	+6.50,+23.3,+21.1,JA	+2.92,+230.3,+21.0,AB	+2.69,+243.6,+19.4,KB	+2.39,+261.4,+20.2,@B	+2.87,+233.5,+19.4,OB	
1700089126.994446	+6.51,+18.0,+21.1,@A	+6.50,+23.2,+21.1,KA	+2.92,+230.3,+21.1,@B	+2.70,+243.3,+19.4,FB	+2.37,+262.3,+20.2,JB	+2.87,+233.5,+19.4,OB	
1700089189.002581	+6.51,+18.0,+21.1,@A	+6.50,+23.3,+21.1,JA	+2.92,+230.2,+21.0,@B	+2.69,+243.4,+19.4,IB	+2.37,+262.3,+20.2,JB	+2.87,+233.5,+19.5,NB	
1700089251.0105875	+6.51,+18.1,+21.2,BA	+6.50,+23.3,+21.2,IA	+2.92,+230.1,+21.0,CB	+2.69,+243.4,+19.4,IB	+2.37,+262.6,+20.2,OB	+2.87,+233.6,+19.5,MB	
1700089313.01928	+6.51,+18.1,+21.1,AA	+6.50,+23.3,+21.2,IA	+2.92,+230.2,+21.1,AB	+2.69,+243.4,+19.5,HB	+2.36,+262.9,+20.2,AB	+2.86,+233.6,+19.4,MB	
1700089375.0290933	+6.51,+18.1,+21.2,BA	+6.50,+23.3,+21.2,IA	+2.92,+230.2,+21.1,AB	+2.70,+243.3,+19.4,FB	+2.37,+262.6,+20.2,OB	+2.87,+233.5,+19.4,OB	
1700089437.0385866	+6.51,+18.0,+21.1,@A	+6.50,+23.3,+21.2,IA	+2.92,+230.2,+21.1,AB	+2.69,+243.4,+19.4,IB	+2.37,+262.7,+20.2,NB	+2.87,+233.5,+19.4,OB	
1700089499.0489016	+6.51,+18.1,+21.1,AA	+6.50,+23.3,+21.2,IA	+2.92,+230.2,+21.1,AB	+2.69,+243.4,+19.4,IB	+2.37,+262.5,+20.2,LB	+2.87,+233.5,+19.4,OB	
1700089561.0590017	+6.51,+18.1,+21.2,BA	+6.50,+23.2,+21.2,HA	+2.92,+230.2,+21.1,AB	+2.69,+243.4,+19.5,HB	+2.37,+262.7,+20.2,NB	+2.87,+233.5,+19.4,OB	
1700089623.0694144	+6.51,+18.0,+21.2,CA	+6.50,+23.3,+21.2,IA	+2.92,+230.3,+21.1,@B	+2.69,+243.4,+19.5,HB	+2.36,+263.2,+20.2,KB	+2.87,+233.5,+19.4,OB	
1700089685.080227	+6.51,+18.0,+21.2,CA	+6.50,+23.3,+21.2,IA	+2.92,+230.3,+21.1,@B	+2.69,+243.5,+19.5,IB	+2.36,+263.3,+20.3,KB	+2.87,+233.5,+19.4,OB	
1700089747.0885105	+6.51,+18.1,+21.1,AA	+6.50,+23.3,+21.2,IA	+2.92,+230.2,+21.1,AB	+2.69,+243.6,+19.5,JB	+2.35,+263.6,+20.2,LB	+2.87,+233.5,+19.5,NB	
1700089809.098682	+6.51,+18.1,+21.2,BA	+6.50,+23.3,+21.2,IA	+2.92,+230.2,+21.1,AB	+2.69,+243.7,+19.4,JB	+2.36,+262.8,+20.3,AB	+2.87,+233.5,+19.5,NB	
1700089871.1072445	+6.51,+18.0,+21.2,CA	+6.50,+23.3,+21.2,IA	+2.92,+230.2,+21.1,AB	+2.69,+243.9,+19.5,EB	+2.35,+263.6,+20.3,MB	+2.87,+233.5,+19.5,NB	
1700089933.1167254	+6.51,+18.1,+21.2,BA	+6.50,+23.3,+21.2,IA	+2.92,+230.3,+21.1,@B	+2.68,+243.9,+19.5,DB	+2.34,+264.0,+20.3,MB	+2.87,+233.5,+19.5,NB	
1700089995.1260834	+6.51,+18.1,+21.2,BA	+6.50,+23.3,+21.2,IA	+2.92,+230.2,+21.1,AB	+2.68,+244.1,+19.5,KB	+2.33,+264.6,+20.2,MB	+2.87,+233.5,+19.5,NB	
1700090057.1350763	+6.51,+18.1,+21.2,BA	+6.50,+23.3,+21.2,IA	+2.92,+230.2,+21.1,AB	+2.68,+243.9,+19.4,EB	+2.33,+265.0,+20.3,KB	+2.87,+233.5,+19.5,NB	
1700090119.1449406	+6.51,+18.1,+21.2,BA	+6.50,+23.3,+21.2,IA	+2.92,+230.2,+21.1,AB	+2.68,+244.1,+19.5,KB	+2.32,+265.4,+20.3,NB	+2.87,+233.5,+19.4,OB	
1700090181.1531935	+6.51,+18.1,+21.2,BA	+6.50,+23.3,+21.2,IA	+2.92,+230.3,+21.1,@B	+2.68,+244.1,+19.5,KB	+2.31,+266.1,+20.3,KB	+2.87,+233.5,+19.5,NB	
1700090243.162903	+6.51,+18.0,+21.2,CA	+6.50,+23.3,+21.2,IA	+2.92,+230.2,+21.1,AB	+2.68,+244.1,+19.5,KB	+2.31,+266.0,+20.3,JB	+2.87,+233.5,+19.5,NB	
1700090305.1701002	+6.51,+18.0,+21.2,CA	+6.50,+23.3,+21.2,IA	+2.92,+230.3,+21.1,@B	+2.68,+244.2,+19.5,HB	+2.31,+265.9,+20.3,@B	+2.87,+233.5,+19.5,NB	
1700090367.180907	+6.51,+18.0,+21.2,CA	+6.50,+23.4,+21.2,NA	+2.92,+230.2,+21.1,AB	+2.68,+244.2,+19.5,HB	+2.30,+266.3,+20.3,HB	+2.87,+233.6,+19.5,MB	
1700090429.189103	+6.51,+18.0,+21.2,CA	+6.50,+23.3,+21.2,IA	+2.92,+230.2,+21.1,AB	+2.68,+244.1,+19.5,KB	+2.30,+266.4,+20.3,OB	+2.87,+233.6,+19.5,MB	
1700090491.1996784	+6.51,+18.1,+21.2,BA	+6.50,+23.3,+21.2,IA	+2.92,+230.3,+21.1,@B	+2.68,+244.1,+19.5,KB	+2.30,+266.6,+20.2,LB	+2.87,+233.5,+19.5,NB	
1700090553.2095752	+6.51,+18.1,+21.2,BA	+6.50,+23.4,+21.2,NA	+2.92,+230.3,+21.1,@B	+2.68,+244.2,+19.5,HB	+2.29,+267.0,+20.3,BB	+2.87,+233.6,+19.5,MB	
1700090615.2197237	+6.51,+18.0,+21.2,CA	+6.50,+23.3,+21.2,IA	+2.92,+230.3,+21.1,@B	+2.68,+244.2,+19.5,HB	+2.29,+267.4,+20.3,FB	+2.87,+233.6,+19.5,MB	
1700090677.2305703	+6.51,+18.0,+21.2,CA	+6.50,+23.4,+21.2,NA	+2.92,+230.2,+21.1,AB	+2.68,+244.2,+19.5,HB	+2.29,+267.1,+20.3,CB	+2.87,+233.5,+19.5,NB	
1700090922.7981725	+6.51,+18.0,+21.2,CA	+6.50,+23.4,+21.2,NA	+2.92,+230.3,+21.1,@B	+2.69,+243.9,+19.5,EB	+2.34,+264.2,+20.3,OB	+2.87,+233.3,+19.5,HB	
1700090984.8084373	+6.51,+18.1,+21.2,BA	+6.50,+23.4,+21.2,NA	+2.92,+230.3,+21.1,@B	+2.69,+243.8,+19.5,DB	+2.33,+264.9,+20.3,CB	+2.87,+233.6,+19.5,MB	
1700091046.8187838	+6.51,+18.1,+21.2,BA	+6.50,+23.4,+21.2,NA	+2.92,+230.3,+21.1,@B	+2.68,+244.0,+19.5,JB	+2.32,+265.2,+20.3,HB	+2.87,+233.5,+19.5,NB	
1700091108.8298542	+6.51,+18.0,+21.2,CA	+6.50,+23.4,+21.2,NA	+2.92,+230.3,+21.1,@B	+2.68,+244.0,+19.5,JB	+2.32,+265.2,+20.3,HB	+2.87,+233.6,+19.5,MB	
1700091170.8394144	+6.51,+18.1,+21.2,BA	+6.50,+23.4,+21.2,NA	+2.92,+230.3,+21.1,@B	+2.68,+244.2,+19.5,HB	+2.31,+265.7,+20.3,NB	+2.87,+233.6,+19.5,MB	
1700091232.8459969	+6.51,+18.0,+21.2,CA	+6.50,+23.4,+21.2,NA	+2.92,+230.2,+21.1,AB	+2.68,+244.2,+19.5,HB	+2.31,+265.7,+20.3,NB	+2.87,+233.6,+19.5,MB	
1700091294.8561103	+6.51,+18.0,+21.2,CA	+6.50,+23.4,+21.2,NA	+2.92,+230.3,+21.1,@B	+2.68,+244.3,+19.5,IB	+2.31,+266.2,+20.3,HB	+2.87,+233.6,+19.5,MB	
1700091356.8645751	+6.51,+18.1,+21.2,BA	+6.50,+23.4,+21.2,NA	+2.92,+230.3,+21.1,@B	+2.68,+244.3,+19.5,IB	+2.30,+266.5,+20.3,NB	+2.87,+233.6,+19.5,MB	
1700091418.8745751	+6.51,+18.0,+21.2,CA	+6.50,+23.3,+21.2,IA	+2.92,+230.3,+21.1,@B	+2.68,+244.2,+19.5,HB	+2.31,+265.9,+20.3,@B	+2.86,+233.7,+19.5,MB	
1700091480.8831468	+6.51,+18.1,+21.2,BA	+6.50,+23.4,+21.2,NA	+2.92,+230.3,+21.1,@B	+2.69,+243.5,+19.5,IB	+2.33,+265.0,+20.3,KB	+2.86,+233.6,+19.5,LB	
1700091542.8925755	+6.51,+18.0,+21.2,CA	+6.50,+23.4,+21.2,NA	+2.92,+230.3,+21.1,@B	+2.69,+243.4,+19.5,HB	+2.33,+264.7,+20.3,MB	+2.87,+233.6,+19.5,MB	
1700091604.902319	+6.51,+18.1,+21.2,BA	+6.50,+23.4,+21.2,NA	+2.92,+230.3,+21.1,@B	+2.69,+243.6,+19.5,JB	+2.34,+264.4,+20.3,IB	+2.87,+233.6,+19.5,MB	
1700091666.9105482	+6.51,+18.1,+21.2,BA	+6.50,+23.4,+21.2,NA	+2.92,+230.3,+21.1,@B	+2.69,+243.7,+19.5,KB	+2.33,+264.9,+20.3,CB	+2.86,+233.7,+19.5,MB	
1700091728.9192421	+6.51,+18.0,+21.2,CA	+6.50,+23.4,+21.2,NA	+2.92,+230.3,+21.1,@B	+2.69,+243.5,+19.5,IB	+2.33,+265.1,+20.3,JB	+2.87,+233.6,+19.5,MB	
1700091790.929459	+6.51,+18.1,+21.2,BA	+6.50,+23.4,+21.2,NA	+2.92,+230.3,+21.1,@B	+2.69,+243.7,+19.5,KB	+2.31,+266.0,+20.3,JB	+2.87,+233.6,+19.5,MB	
1700091852.9370964	+6.51,+18.1,+21.2,BA	+6.50,+23.4,+21.2,NA	+2.92,+230.3,+21.1,@B	+2.69,+243.5,+19.5,IB	+2.33,+264.9,+20.3,CB	+2.86,+233.7,+19.5,MB	
1700091914.9463594	+6.51,+18.1,+21.2,BA	+6.50,+23.5,+21.2,OA	+2.92,+230.3,+21.1,@B	+2.69,+244.0,+19.5,KB	+2.33,+265.0,+20.3,KB	+2.87,+233.6,+19.5,MB	
1700091976.9538217	+6.51,+18.1,+21.2,BA	+6.50,+23.4,+21.2,NA	+2.92,+230.3,+21.1,@B	+2.68,+244.2,+19.5,HB	+2.35,+263.7,+20.3,LB	+2.87,+233.6,+19.5,MB	
1700092038.9624505	+6.51,+18.1,+21.2,BA	+6.50,+23.4,+21.2,NA	+2.92,+230.3,+21.1,@B	+2.68,+244.1,+19.5,KB	+2.36,+263.4,+20.3,LB	+2.86,+233.7,+19.5,MB	
1700092100.9718008	+6.51,+18.1,+21.2,BA	+6.50,+23.4,+21.2,NA	+2.92,+230.2,+21.1,AB	+2.68,+244.3,+19.5,IB	+2.35,+263.8,+20.3,CB	+2.87,+233.6,+19.5,MB	
1700092162.981534	+6.51,+18.1,+21.2,BA	+6.50,+23.4,+21.2,NA	+2.92,+230.3,+21.1,@B	+2.68,+244.3,+19.5,IB	+2.34,+264.0,+20.3,MB	+2.86,+233.6,+19.5,LB	
1700092224.9902074	+6.51,+18.1,+21.2,BA	+6.50,+23.4,+21.2,NA	+2.92,+230.2,+21.1,AB	+2.68,+244.4,+19.5,NB	+2.33,+264.8,+20.3,BB	+2.87,+233.6,+19.5,MB	
1700092287.000816	+6.51,+18.1,+21.2,BA	+6.50,+23.5,+21.2,OA	+2.92,+230.3,+21.1,@B	+2.68,+244.4,+19.5,NB	+2.32,+265.6,+20.3,LB	+2.86,+233.7,+19.5,MB	
1700092349.0108697	+6.51,+18.0,+21.2,CA	+6.50,+23.4,+21.2,NA	+2.92,+230.2,+21.1,AB	+2.68,+244.4,+19.5,NB	+2.30,+266.3,+20.3,HB	+2.86,+233.7,+19.5,MB	
1700092411.0192297	+6.51,+18.1,+21.2,BA	+6.50,+23.4,+21.2,NA	+2.92,+230.3,+21.1,@B	+2.68,+244.4,+19.5,NB	+2.33,+264.8,+20.3,BB	+2.86,+233.7,+19.5,MB	
1700092473.0276792	+6.51,+18.1,+21.2,BA	+6.50,+23.4,+21.2,NA	+2.92,+230.3,+21.1,@B	+2.68,+244.5,+19.5,OB	+2.36,+262.9,+20.3,@B	+2.86,+233.7,+19.5,MB	
1700092535.0357897	+6.51,+18.1,+21.2,BA	+6.50,+23.4,+21.2,NA	+2.92,+230.3,+21.1,@B	+2.68,+244.5,+19.5,OB	+2.36,+262.8,+20.3,AB	+2.86,+233.7,+19.5,MB	
1700092597.0446932	+6.51,+18.1,+21.2,BA	+6.50,+23.4,+21.2,NA	+2.92,+230.3,+21.1,@B	+2.67,+244.6,+19.5,CB	+2.36,+263.1,+20.3,IB	+2.86,+233.8,+19.5,BB	
1700092659.055893	+6.51,+18.1,+21.2,BA	+6.50,+23.4,+21.2,NA	+2.92,+230.4,+21.1,GB	+2.67,+244.8,+19.5,MB	+2.34,+264.3,+20.3,NB	+2.86,+233.7,+19.5,MB	
1700092721.063765	+6.51,+18.1,+21.2,BA	+6.50,+23.4,+21.2,NA	+2.92,+230.3,+21.1,@B	+2.67,+244.9,+19.5,LB	+2.34,+264.0,+20.3,MB	+2.86,+233.7,+19.5,MB	
1700092783.0721128	+6.51,+18.0,+21.2,CA	+6.50,+23.5,+21.2,OA	+2.92,+230.3,+21.2,CB	+2.67,+244.8,+19.5,MB	+2.35,+263.8,+20.3,CB	+2.86,+233.7,+19.5,MB	
1700092845.0778146	+6.51,+18.1,+21.2,BA	+6.50,+23.4,+21.2,NA	+2.92,+230.3,+21.1,@B	+2.67,+244.7,+19.5,BB	+2.35,+264.0,+20.3,LB	+2.86,+233.7,+19.5,MB	
1700092907.086704	+6.51,+18.0,+21.2,CA	+6.50,+23.4,+21.2,NA	+2.92,+230.3,+21.1,@B	+2.67,+244.9,+19.5,LB	+2.34,+264.1,+20.3,LB	+2.86,+233.7,+19.5,MB	
1700092969.0966659	+6.51,+18.1,+21.2,BA	+6.50,+23.5,+21.2,OA	+2.92,+230.3,+21.1,@B	+2.67,+244.8,+19.5,MB	+2.35,+263.7,+20.3,LB	+2.86,+233.9,+19.5,CB	
1700093031.1054802	+6.51,+18.1,+21.2,BA	+6.50,+23.4,+21.2,NA	+2.92,+230.3,+21.1,@B	+2.67,+244.6,+19.5,CB	+2.34,+264.2,+20.3,OB	+2.86,+233.8,+19.5,BB	
1700093093.1144173	+6.51,+18.1,+21.2,BA	+6.50,+23.4,+21.2,NA	+2.92,+230.3,+21.1,@B	+2.67,+244.7,+19.5,BB	+2.36,+263.2,+20.3,JB	+2.86,+233.7,+19.5,MB	
1700093155.1209557	+6.51,+18.0,+21.2,CA	+6.50,+23.5,+21.2,OA	+2.92,+230.3,+21.1,@B	+2.67,+244.8,+19.5,MB	+2.36,+262.9,+20.3,@B	+2.86,+233.6,+19.5,LB	
1700093217.1308503	+6.51,+18.1,+21.2,BA	+6.50,+23.4,+21.2,NA	+2.92,+230.4,+21.1,GB	+2.67,+244.9,+19.5,LB	+2.35,+263.9,+20.3,BB	+2.86,+233.7,+19.5,MB	
1700093279.1355212	+6.51,+18.0,+21.2,CA	+6.50,+23.5,+21.2,OA	+2.92,+230.3,+21.1,@B	+2.67,+244.9,+19.5,LB	+2.33,+264.8,+20.3,BB	+2.87,+233.6,+19.5,MB	
1700093341.1458623	+6.51,+18.1,+21.2,BA	+6.50,+23.5,+21.2,OA	+2.92,+230.3,+21.1,@B	+2.67,+244.9,+19.5,LB	+2.33,+264.8,+20.3,BB	+2.87,+233.7,+19.5,LB	
1700093403.1553395	+6.51,+18.1,+21.2,BA	+6.50,+23.5,+21.2,OA	+2.92,+230.4,+21.1,GB	+2.67,+245.0,+19.5,DB	+2.32,+265.4,+20.3,NB	+2.86,+233.7,+19.5,MB	
1700093465.1652822	+6.51,+18.1,+21.2,BA	+6.50,+23.5,+21.2,OA	+2.92,+230.3,+21.1,@B	+2.67,+244.9,+19.5,LB	+2.32,+265.5,+20.3,OB	+2.86,+233.7,+19.5,MB	
1700093527.1759772	+6.51,+18.1,+21.2,BA	+6.50,+23.5,+21.2,OA	+2.92,+230.4,+21.1,GB	+2.67,+244.9,+19.5,LB	+2.31,+266.0,+20.3,JB	+2.86,+233.7,+19.5,MB	
1700093589.1861117	+6.51,+18.0,+21.2,CA	+6.50,+23.5,+21.2,OA	+2.92,+230.4,+21.2,DB	+2.67,+244.8,+19.5,MB	+2.30,+266.5,+20.3,NB	+2.86,+233.7,+19.5,MB	
1700093651.1961868	+6.51,+18.1,+21.2,BA	+6.50,+23.5,+21.2,OA	+2.92,+230.4,+21.1,GB	+2.67,+244.9,+19.5,LB	+2.28,+267.5,+20.3,FB	+2.86,+233.7,+19.5,MB	
1700093713.2073338	+6.51,+18.1,+21.2,BA	+6.50,+23.4,+21.2,NA	+2.92,+230.3,+21.2,CB	+2.67,+244.7,+19.5,BB	+2.27,+268.3,+20.3,@B	+2.87,+233.6,+19.5,MB	
1700093775.2158217	+6.51,+18.1,+21.2,BA	+6.50,+23.5,+21.2,OA	+2.92,+230.3,+21.1,@B	+2.67,+244.7,+19.5,BB	+2.26,+268.9,+20.3,KB	+2.86,+233.7,+19.5,MB	
1700093837.2260325	+6.51,+18.1,+21.2,BA	+6.50,+23.5,+21.2,OA	+2.92,+230.3,+21.1,@B	+2.67,+244.7,+19.5,BB	+2.25,+269.5,+20.3,EB	+2.86,+233.7,+19.5,MB	
1700093899.2329292	+6.51,+18.1,+21.2,BA	+6.50,+23.5,+21.2,OA	+2.92,+230.3,+21.1,@B	+2.67,+244.7,+19.5,BB	+2.22,+271.2,+20.3,LB	+2.86,+233.7,+19.5,MB	
1700093961.2430596	+6.51,+18.1,+21.2,BA	+6.50,+23.5,+21.2,OA	+2.92,+230.3,+21.1,@B	+2.67,+244.8,+19.5,MB	+2.27,+268.4,+20.3,GB	+2.86,+233.7,+19.5,MB	
1700094023.2518637	+6.51,+18.1,+21.2,BA	+6.50,+23.5,+21.2,OA	+2.92,+230.4,+21.1,GB	+2.67,+244.8,+19.5,MB	+2.27,+268.3,+20.3,@B	+2.86,+233.7,+19.5,MB	
1700094085.2597914	+6.51,+18.1,+21.2,BA	+6.50,+23.5,+21.2,OA	+2.92,+230.4,+21.2,DB	+2.67,+244.8,+19.5,MB	+2.26,+269.1,+20.3,BB	+2.87,+233.6,+19.5,MB	
1700094147.2701914	+6.51,+18.0,+21.2,CA	+6.50,+23.5,+21.2,OA	+2.92,+230.3,+21.1,@B	+2.67,+244.8,+19.5,MB	+2.27,+268.5,+20.3,FB	+2.86,+233.7,+19.5,MB	
1700094209.2782528	+6.51,+18.1,+21.2,BA	+6.50,+23.5,+21.2,OA	+2.92,+230.3,+21.1,@B	+2.67,+244.8,+19.5,MB	+2.27,+268.4,+20.3,GB	+2.86,+233.7,+19.5,MB	
1700094271.2874038	+6.51,+18.1,+21.2,BA	+6.50,+23.5,+21.2,OA	+2.92,+230.4,+21.2,DB	+2.67,+244.8,+19.5,MB	+2.26,+268.7,+20.3,EB	+2.86,+233.7,+19.5,MB	
1700094333.297188	+6.51,+18.1,+21.2,BA	+6.50,+23.5,+21.2,OA	+2.92,+230.4,+21.2,DB	+2.67,+244.9,+19.5,LB	+2.26,+268.8,+20.3,JB	+2.86,+233.7,+19.5,MB	
1700094395.3082848	+6.51,+18.1,+21.2,BA	+6.50,+23.5,+21.2,OA	+2.92,+230.4,+21.2,DB	+2.67,+244.9,+19.5,LB	+2.26,+268.9,+20.3,KB	+2.86,+233.7,+19.5,MB	
1700094457.313161	+6.51,+18.1,+21.2,BA	+6.50,+23.5,+21.2,OA	+2.92,+230.4,+21.1,GB	+2.67,+244.8,+19.5,MB	+2.27,+268.2,+20.3,AB	+2.86,+233.8,+19.5,BB	
1700094519.324155	+6.51,+18.0,+21.2,CA	+6.50,+23.5,+21.2,OA	+2.92,+230.4,+21.2,DB	+2.67,+244.7,+19.5,BB	+2.28,+268.0,+20.3,LB	+2.86,+233.8,+19.5,BB	
1700094764.8865614	+6.51,+18.1,+21.2,BA	+6.50,+23.6,+21.2,LA	+2.92,+230.3,+21.1,@B	+2.66,+245.2,+19.5,GB	+2.32,+265.5,+20.3,OB	+2.87,+233.5,+19.5,NB	
1700094826.8981037	+6.51,+18.1,+21.2,BA	+6.50,+23.5,+21.2,OA	+2.92,+230.3,+21.1,@B	+2.66,+245.2,+19.5,GB	+2.30,+266.3,+20.3,HB	+2.86,+233.7,+19.5,MB	
1700094888.9068859	+6.51,+18.1,+21.2,BA	+6.50,+23.5,+21.2,OA	+2.92,+230.4,+21.2,DB	+2.66,+245.3,+19.5,FB	+2.30,+266.6,+20.3,MB	+2.86,+233.7,+19.5,MB	
1700094950.916563	+6.51,+18.0,+21.2,CA	+6.50,+23.5,+21.2,OA	+2.92,+230.4,+21.2,DB	+2.66,+245.4,+19.5,AB	+2.29,+266.9,+20.3,JB	+2.86,+233.7,+19.5,MB	
1700095012.9273982	+6.51,+18.1,+21.2,BA	+6.50,+23.5,+21.2,OA	+2.92,+230.3,+21.2,CB	+2.66,+245.4,+19.5,AB	+2.32,+265.7,+20.4,JB	+2.86,+233.7,+19.5,MB	
1700095074.9352527	+6.51,+18.1,+21.2,BA	+6.50,+23.6,+21.2,LA	+2.92,+230.3,+21.1,@B	+2.66,+245.5,+19.5,@B	+2.32,+265.6,+20.3,LB	+2.86,+233.7,+19.5,MB	
1700095136.9466617	+6.51,+18.1,+21.2,BA	+6.50,+23.5,+21.2,OA	+2.92,+230.4,+21.2,DB	+2.66,+245.6,+19.5,CB	+2.31,+265.7,+20.3,NB	+2.86,+233.8,+19.5,BB	
1700095198.9545858	+6.51,+18.1,+21.2,BA	+6.50,+23.6,+21.2,LA	+2.92,+230.4,+21.2,DB	+2.66,+245.6,+19.5,CB	+2.31,+266.0,+20.3,JB	+2.86,+233.7,+19.5,MB	
1700095260.9649298	+6.51,+18.0,+21.2,CA	+6.50,+23.5,+21.2,OA	+2.92,+230.4,+21.1,GB	+2.66,+245.6,+19.5,CB	+2.32,+265.4,+20.3,NB	+2.86,+233.7,+19.5,MB	
1700095322.9748733	+6.51,+18.1,+21.2,BA	+6.50,+23.6,+21.2,LA	+2.92,+230.4,+21.1,GB	+2.66,+245.6,+19.5,CB	+2.33,+265.1,+20.3,JB	+2.86,+233.7,+19.5,MB	
1700095384.9808722	+6.51,+18.1,+21.2,BA	+6.50,+23.6,+21.2,LA	+2.92,+230.3,+21.1,@B	+2.66,+245.5,+19.5,@B	+2.34,+264.3,+20.4,IB	+2.86,+233.7,+19.5,MB	
1700095446.9904292	+6.51,+18.1,+21.2,BA	+6.50,+23.6,+21.2,LA	+2.92,+230.4,+21.1,GB	+2.66,+245.5,+19.5,@B	+2.35,+263.7,+20.3,LB	+2.86,+233.8,+19.5,BB	
1700095508.9983373	+6.51,+18.1,+21.2,BA	+6.50,+23.6,+21.2,LA	+2.92,+230.4,+21.1,GB	+2.66,+245.6,+19.5,CB	+2.36,+263.2,+20.3,JB	+2.86,+233.8,+19.5,BB	
1700095571.009256	+6.51,+18.1,+21.2,BA	+6.50,+23.5,+21.2,OA	+2.92,+230.3,+21.2,CB	+2.66,+245.5,+19.5,@B	+2.35,+263.5,+20.3,NB	+2.86,+233.8,+19.5,BB	
1700095633.0191774	+6.51,+18.1,+21.2,BA	+6.50,+23.5,+21.2,OA	+2.92,+230.5,+21.2,EB	+2.66,+245.6,+19.5,CB	+2.36,+263.3,+20.3,KB	+2.86,+233.8,+19.5,BB	
1700095695.028852	+6.51,+18.1,+21.2,BA	+6.50,+23.6,+21.2,LA	+2.92,+230.4,+21.1,GB	+2.65,+245.8,+19.5,NB	+2.33,+264.7,+20.3,MB	+2.86,+233.8,+19.5,BB	
1700095757.0391717	+6.51,+18.1,+21.2,BA	+6.50,+23.7,+21.2,MA	+2.92,+230.3,+21.1,@B	+2.65,+245.8,+19.5,NB	+2.32,+265.3,+20.3,IB	+2.86,+233.7,+19.5,MB	
1700095819.0468607	+6.51,+18.1,+21.2,BA	+6.50,+23.6,+21.2,LA	+2.92,+230.4,+21.1,GB	+2.65,+245.9,+19.5,OB	+2.32,+265.5,+20.3,OB	+2.86,+233.7,+19.5,MB	
1700095881.056176	+6.51,+18.1,+21.2,BA	+6.50,+23.6,+21.2,LA	+2.92,+230.4,+21.1,GB	+2.65,+245.9,+19.5,OB	+2.31,+265.9,+20.3,@B	+2.86,+233.7,+19.5,MB	
1700095943.0663862	+6.51,+18.1,+21.2,BA	+6.50,+23.6,+21.2,LA	+2.92,+230.4,+21.1,GB	+2.65,+245.8,+19.5,NB	+2.31,+265.9,+20.3,@B	+2.86,+233.7,+19.5,MB	
1700096005.0771027	+6.51,+18.1,+21.2,BA	+6.50,+23.6,+21.2,LA	+2.92,+230.4,+21.1,GB	+2.65,+245.8,+19.5,NB	+2.32,+265.6,+20.4,KB	+2.86,+233.7,+19.5,MB	
1700096067.0875275	+6.51,+18.0,+21.2,CA	+6.50,+23.6,+21.2,LA	+2.92,+230.4,+21.1,GB	+2.65,+245.9,+19.5,OB	+2.31,+265.9,+20.3,@B	+2.87,+233.6,+19.5,MB	
1700096129.0969508	+6.51,+18.1,+21.2,BA	+6.50,+23.6,+21.2,LA	+2.92,+230.4,+21.1,GB	+2.65,+246.0,+19.5,EB	+2.31,+265.9,+20.3,@B	+2.86,+233.8,+19.5,BB	
1700096191.106132	+6.51,+18.1,+21.2,BA	+6.50,+23.6,+21.2,LA	+2.92,+230.4,+21.2,DB	+2.65,+246.0,+19.5,EB	+2.32,+265.4,+20.3,NB	+2.86,+233.7,+19.5,MB	
1700096253.1153398	+6.51,+18.1,+21.2,BA	+6.50,+23.6,+21.2,LA	+2.92,+230.4,+21.2,DB	+2.65,+246.0,+19.5,EB	+2.34,+264.2,+20.4,HB	+2.86,+233.8,+19.5,BB	
1700096315.1242812	+6.51,+18.1,+21.2,BA	+6.50,+23.6,+21.2,LA	+2.92,+230.4,+21.1,GB	+2.65,+245.9,+19.6,LB	+2.37,+262.6,+20.3,NB	+2.86,+233.8,+19.5,BB	
1700096377.1337411	+6.51,+18.1,+21.2,BA	+6.50,+23.6,+21.2,LA	+2.92,+230.4,+21.1,GB	+2.65,+246.0,+19.5,EB	+2.38,+261.7,+20.3,CB	+2.86,+233.7,+19.5,MB	
1700096439.1428885	+6.51,+18.1,+21.2,BA	+6.50,+23.6,+21.2,LA	+2.92,+230.4,+21.2,DB	+2.65,+246.0,+19.5,EB	+2.39,+261.3,+20.3,FB	+2.86,+233.7,+19.5,MB	
1700096501.1500843	+6.51,+18.1,+21.2,BA	+6.50,+23.6,+21.2,LA	+2.92,+230.4,+21.2,DB	+2.65,+245.8,+19.5,NB	+2.39,+261.2,+20.3,GB	+2.86,+233.7,+19.5,MB	
1700096563.1582866	+6.51,+18.1,+21.2,BA	+6.50,+23.6,+21.2,LA	+2.92,+230.4,+21.1,GB	+2.65,+245.8,+19.5,NB	+2.39,+261.5,+20.3,@B	+2.86,+233.7,+19.5,MB	
1700096625.1662176	+6.51,+18.1,+21.2,BA	+6.50,+23.6,+21.2,LA	+2.92,+230.3,+21.2,CB	+2.65,+245.9,+19.5,OB	+2.37,+262.5,+20.3,MB	+2.86,+233.8,+19.5,BB	
1700096687.1731963	+6.51,+18.0,+21.2,CA	+6.50,+23.6,+21.2,LA	+2.92,+230.4,+21.2,DB	+2.65,+245.9,+19.6,LB	+2.38,+262.1,+20.3,FB	+2.86,+233.8,+19.5,BB	
1700096749.1793435	+6.51,+18.1,+21.2,BA	+6.50,+23.6,+21.2,LA	+2.92,+230.4,+21.1,GB	+2.65,+246.0,+19.6,FB	+2.38,+262.2,+20.3,EB	+2.86,+233.8,+19.5,BB	
1700096811.1902883	+6.51,+18.1,+21.2,BA	+6.50,+23.6,+21.2,LA	+2.92,+230.4,+21.1,GB	+2.65,+246.0,+19.5,EB	+2.37,+262.5,+20.3,MB	+2.86,+233.7,+19.5,MB	
1700096873.199081	+6.51,+18.3,+21.2,@A	+6.50,+23.6,+21.2,LA	+2.92,+230.4,+21.1,GB	+2.65,+246.1,+19.5,DB	+2.38,+262.2,+20.3,EB	+2.86,+233.7,+19.5,MB	
1700096935.208331	+6.51,+18.2,+21.2,AA	+6.50,+23.6,+21.2,LA	+2.92,+230.4,+21.1,GB	+2.65,+245.8,+19.5,NB	+2.38,+262.1,+20.3,FB	+2.86,+233.7,+19.5,MB	
1700096997.2174325	+6.51,+18.1,+21.2,BA	+6.50,+23.6,+21.2,LA	+2.92,+230.4,+21.1,GB	+2.66,+245.6,+19.5,CB	+2.38,+262.3,+20.3,DB	+2.86,+233.8,+19.5,BB	
1700097059.225684	+6.51,+18.1,+21.2,BA	+6.50,+23.6,+21.2,LA	+2.92,+230.4,+21.2,DB	+2.66,+245.6,+19.5,CB	+2.37,+262.4,+20.4,KB	+2.86,+233.8,+19.5,BB	
1700097121.2331555	+6.51,+18.1,+21.2,BA	+6.50,+23.7,+21.2,MA	+2.92,+230.4,+21.1,GB	+2.66,+245.7,+19.5,BB	+2.37,+262.5,+20.3,MB	+2.86,+233.8,+19.5,BB	
1700097183.2423296	+6.51,+18.1,+21.2,BA	+6.50,+23.7,+21.2,MA	+2.92,+230.4,+21.1,GB	+2.66,+245.7,+19.5,BB	+2.37,+262.5,+20.3,MB	+2.86,+233.8,+19.5,BB	
1700097245.2523348	+6.51,+18.1,+21.2,BA	+6.50,+23.6,+21.2,LA	+2.92,+230.4,+21.2,DB	+2.65,+245.8,+19.5,NB	+2.37,+262.6,+20.3,NB	+2.86,+233.8,+19.5,BB	
1700097307.2627528	+6.51,+18.2,+21.2,AA	+6.50,+23.6,+21.2,LA	+2.92,+230.4,+21.1,GB	+2.66,+245.5,+19.5,@B	+2.39,+261.1,+20.3,DB	+2.86,+233.7,+19.5,MB	
1700097369.2708912	+6.51,+18.1,+21.2,BA	+6.50,+23.7,+21.2,MA	+2.92,+230.4,+21.1,GB	+2.66,+245.6,+19.5,CB	+2.39,+261.2,+20.3,GB	+2.86,+233.7,+19.5,MB	
1700097431.2777271	+6.51,+18.1,+21.2,BA	+6.50,+23.6,+21.2,LA	+2.92,+230.4,+21.2,DB	+2.66,+245.4,+19.5,AB	+2.39,+261.3,+20.3,FB	+2.86,+233.8,+19.5,BB	
1700097493.285044	+6.51,+18.0,+21.2,CA	+6.50,+23.6,+21.2,LA	+2.92,+230.4,+21.1,GB	+2.67,+245.0,+19.5,DB	+2.39,+261.6,+20.3,CB	+2.86,+233.8,+19.5,BB	
1700097555.2926779	+6.51,+18.1,+21.2,BA	+6.50,+23.6,+21.2,LA	+2.92,+230.4,+21.1,GB	+2.67,+245.1,+19.5,EB	+2.38,+261.8,+20.3,LB	+2.86,+233.7,+19.5,MB	
1700097617.300079	+6.51,+18.1,+21.2,BA	+6.50,+23.7,+21.2,MA	+2.92,+230.4,+21.1,GB	+2.67,+245.1,+19.5,EB	+2.39,+261.7,+20.4,EB	+2.86,+233.8,+19.5,BB	
1700097679.3087122	+6.51,+18.0,+21.2,CA	+6.50,+23.7,+21.2,MA	+2.92,+230.4,+21.2,DB	+2.67,+245.1,+19.5,EB	+2.38,+261.8,+20.3,LB	+2.86,+233.7,+19.5,MB	
1700097741.3166914	+6.51,+18.1,+21.2,BA	+6.50,+23.6,+21.2,LA	+2.92,+230.5,+21.1,FB	+2.67,+245.1,+19.6,FB	+2.38,+261.9,+20.3,MB	+2.86,+233.7,+19.5,MB	
1700097803.3245437	+6.51,+18.1,+21.2,BA	+6.50,+23.6,+21.2,LA	+2.92,+230.4,+21.2,DB	+2.66,+245.4,+19.5,AB	+2.38,+261.9,+20.4,JB	+2.86,+233.7,+19.5,MB	
1700097865.3316095	+6.51,+18.1,+21.2,BA	+6.50,+23.7,+21.2,MA	+2.92,+230.5,+21.2,EB	+2.66,+245.4,+19.6,BB	+2.38,+262.0,+20.4,@B	+2.86,+233.7,+19.5,MB	
1700097927.3408184	+6.51,+18.1,+21.2,BA	+6.50,+23.7,+21.2,MA	+2.92,+230.4,+21.2,DB	+2.66,+245.5,+19.5,@B	+2.38,+262.1,+20.4,AB	+2.86,+233.7,+19.5,MB	
1700097989.349544	+6.51,+18.1,+21.2,BA	+6.50,+23.7,+21.2,MA	+2.92,+230.4,+21.2,DB	+2.66,+245.5,+19.6,CB	+2.39,+261.6,+20.4,DB	+2.86,+233.7,+19.5,MB	
1700098051.3573	+6.51,+18.0,+21.2,CA	+6.50,+23.6,+21.2,LA	+2.92,+230.4,+21.2,DB	+2.66,+245.5,+19.6,CB	+2.38,+261.8,+20.3,LB	+2.86,+233.7,+19.5,MB	
1700098113.3628688	+6.51,+18.1,+21.2,BA	+6.50,+23.7,+21.2,MA	+2.92,+230.4,+21.2,DB	+2.66,+245.5,+19.6,CB	+2.37,+262.4,+20.3,LB	+2.86,+233.8,+19.5,BB	
1700098175.3704267	+6.51,+18.1,+21.2,BA	+6.50,+23.7,+21.2,MA	+2.92,+230.4,+21.2,DB	+2.66,+245.7,+19.5,BB	+2.37,+262.7,+20.3,OB	+2.86,+233.7,+19.5,MB	
1700098237.378991	+6.51,+18.1,+21.2,BA	+6.50,+23.7,+21.2,MA	+2.92,+230.4,+21.2,DB	+2.66,+245.6,+19.5,CB	+2.37,+262.8,+20.3,@B	+2.86,+233.7,+19.5,MB	
1700098299.3855407	+6.51,+18.0,+21.2,CA	+6.50,+23.7,+21.2,MA	+2.92,+230.4,+21.2,DB	+2.65,+245.7,+19.5,AB	+2.36,+263.0,+20.3,HB	+2.86,+233.7,+19.5,MB	
1700098361.3906898	+6.51,+18.0,+21.2,CA	+6.50,+23.6,+21.2,LA	+2.92,+230.4,+21.2,DB	+2.65,+245.8,+19.5,NB	+2.37,+262.5,+20.3,MB	+2.86,+233.8,+19.5,BB	
1700098607.0595505	+6.51,+18.1,+21.2,BA	+6.49,+23.7,+21.2,EA	+2.92,+230.4,+21.2,DB	+2.66,+245.4,+19.5,AB	+2.37,+262.6,+20.3,NB	+2.87,+233.6,+19.5,MB	
1700098669.0687482	+6.51,+18.1,+21.2,BA	+6.50,+23.7,+21.2,MA	+2.92,+230.5,+21.2,EB	+2.66,+245.5,+19.5,@B	+2.36,+263.2,+20.4,MB	+2.86,+233.8,+19.5,BB	
1700098731.0791087	+6.51,+18.1,+21.2,BA	+6.50,+23.7,+21.2,MA	+2.92,+230.4,+21.2,DB	+2.66,+245.4,+19.5,AB	+2.35,+263.5,+20.4,IB	+2.86,+233.8,+19.5,BB	
1700098793.088773	+6.51,+18.1,+21.2,BA	+6.50,+23.7,+21.2,MA	+2.92,+230.4,+21.2,DB	+2.66,+245.4,+19.5,AB	+2.35,+263.4,+20.3,OB	+2.86,+233.8,+19.5,BB	
1700098855.097721	+6.51,+18.1,+21.2,BA	+6.50,+23.7,+21.2,MA	+2.92,+230.4,+21.1,GB	+2.66,+245.3,+19.6,EB	+2.35,+263.6,+20.3,MB	+2.86,+233.8,+19.5,BB	
1700098917.1071072	+6.51,+18.1,+21.2,BA	+6.50,+23.7,+21.2,MA	+2.92,+230.4,+21.2,DB	+2.66,+245.4,+19.6,BB	+2.35,+263.5,+20.4,IB	+2.86,+233.8,+19.5,BB	
1700098979.115029	+6.51,+18.1,+21.2,BA	+6.49,+23.7,+21.2,EA	+2.92,+230.4,+21.2,DB	+2.66,+245.2,+19.6,DB	+2.35,+263.5,+20.3,NB	+2.86,+233.7,+19.5,MB	
1700099041.1252203	+6.51,+18.1,+21.2,BA	+6.50,+23.7,+21.2,MA	+2.92,+230.4,+21.2,DB	+2.66,+245.3,+19.5,FB	+2.36,+263.1,+20.4,NB	+2.86,+233.8,+19.5,BB	
1700099103.1322412	+6.51,+18.1,+21.2,BA	+6.49,+23.7,+21.2,EA	+2.92,+230.4,+21.1,GB	+2.66,+245.2,+19.5,GB	+2.36,+263.2,+20.3,JB	+2.86,+233.8,+19.5,BB	
1700099165.1413786	+6.51,+18.1,+21.2,BA	+6.50,+23.7,+21.2,MA	+2.92,+230.4,+21.2,DB	+2.67,+245.1,+19.5,EB	+2.35,+263.6,+20.4,JB	+2.86,+233.7,+19.5,MB	
1700099227.1508508	+6.51,+18.0,+21.2,CA	+6.50,+23.7,+21.2,MA	+2.92,+230.5,+21.2,EB	+2.67,+245.1,+19.5,EB	+2.34,+264.2,+20.3,OB	+2.86,+233.8,+19.5,BB	
1700099289.15997	+6.51,+18.1,+21.2,BA	+6.50,+23.7,+21.2,MA	+2.92,+230.4,+21.2,DB	+2.66,+245.2,+19.6,DB	+2.35,+263.6,+20.4,JB	+2.86,+233.8,+19.5,BB	
1700099351.16915	+6.51,+18.1,+21.2,BA	+6.50,+23.7,+21.2,MA	+2.92,+230.5,+21.2,EB	+2.66,+245.2,+19.5,GB	+2.35,+263.8,+20.3,CB	+2.86,+233.7,+19.5,MB	
1700099413.179204	+6.51,+18.1,+21.2,BA	+6.49,+23.7,+21.2,EA	+2.92,+230.4,+21.2,DB	+2.66,+245.3,+19.5,FB	+2.35,+264.0,+20.3,LB	+2.86,+233.8,+19.5,BB	
1700099475.1898258	+6.51,+18.1,+21.2,BA	+6.50,+23.7,+21.2,MA	+2.92,+230.4,+21.1,GB	+2.66,+245.3,+19.5,FB	+2.35,+264.0,+20.4,KB	+2.86,+233.8,+19.5,BB	
1700099537.1977766	+6.51,+18.1,+21.2,BA	+6.50,+23.7,+21.2,MA	+2.92,+230.5,+21.2,EB	+2.66,+245.3,+19.6,EB	+2.35,+263.8,+20.3,CB	+2.86,+233.8,+19.5,BB	
1700099599.2072551	+6.51,+18.1,+21.2,BA	+6.50,+23.7,+21.2,MA	+2.92,+230.5,+21.2,EB	+2.66,+245.4,+19.6,BB	+2.36,+263.0,+20.3,HB	+2.86,+233.8,+19.5,BB	
1700099661.2159429	+6.51,+18.1,+21.2,BA	+6.49,+23.7,+21.2,EA	+2.92,+230.5,+21.2,EB	+2.66,+245.4,+19.6,BB	+2.36,+263.0,+20.4,OB	+2.86,+233.8,+19.5,BB	
1700099723.225662	+6.51,+18.1,+21.2,BA	+6.50,+23.7,+21.2,MA	+2.92,+230.4,+21.2,DB	+2.66,+245.4,+19.5,AB	+2.36,+263.1,+20.3,IB	+2.86,+233.8,+19.6,AB	
1700099785.2364433	+6.51,+18.1,+21.2,BA	+6.49,+23.7,+21.2,EA	+2.92,+230.4,+21.2,DB	+2.66,+245.5,+19.5,@B	+2.36,+263.2,+20.4,MB	+2.86,+233.8,+19.5,BB	
1700099847.2421393	+6.51,+18.1,+21.2,BA	+6.50,+23.7,+21.2,MA	+2.92,+230.5,+21.2,EB	+2.66,+245.4,+19.5,AB	+2.36,+263.3,+20.3,KB	+2.86,+233.8,+19.5,BB	
1700099909.251468	+6.51,+18.1,+21.2,BA	+6.49,+23.7,+21.2,EA	+2.92,+230.5,+21.2,EB	+2.66,+245.4,+19.5,AB	+2.36,+263.3,+20.4,LB	+2.86,+233.8,+19.5,BB	
1700099971.2605872	+6.51,+18.1,+21.2,BA	+6.49,+23.8,+21.2,JA	+2.92,+230.5,+21.2,EB	+2.66,+245.4,+19.5,AB	+2.36,+263.4,+20.3,LB	+2.86,+233.8,+19.5,BB	
1700100033.2717779	+6.51,+18.1,+21.2,BA	+6.50,+23.7,+21.2,MA	+2.92,+230.4,+21.2,DB	+2.67,+244.8,+19.6,NB	+2.35,+263.6,+20.3,MB	+2.86,+233.8,+19.5,BB	
1700100095.2846005	+6.51,+18.1,+21.2,BA	+6.49,+23.7,+21.2,EA	+2.92,+230.4,+21.2,DB	+2.67,+244.8,+19.5,MB	+2.35,+263.7,+20.3,LB	+2.86,+233.7,+19.5,MB	
1700100157.2943277	+6.51,+18.1,+21.2,BA	+6.49,+23.7,+21.2,EA	+2.92,+230.4,+21.2,DB	+2.67,+244.7,+19.6,AB	+2.35,+264.0,+20.4,KB	+2.86,+233.8,+19.5,BB	
1700100219.3052053	+6.51,+18.1,+21.2,BA	+6.50,+23.7,+21.2,MA	+2.92,+230.5,+21.2,EB	+2.67,+244.8,+19.6,NB	+2.35,+264.0,+20.4,KB	+2.86,+233.7,+19.6,NB	
1700100281.3113885	+6.51,+18.0,+21.2,CA	+6.50,+23.7,+21.2,MA	+2.92,+230.5,+21.2,EB	+2.67,+244.9,+19.6,OB	+2.34,+264.1,+20.4,KB	+2.86,+233.7,+19.5,MB	
1700100343.320057	+6.51,+18.1,+21.2,BA	+6.49,+23.8,+21.2,JA	+2.92,+230.5,+21.2,EB	+2.67,+245.0,+19.6,GB	+2.35,+263.7,+20.4,KB	+2.86,+233.7,+19.5,MB	
1700100405.3288434	+6.51,+18.1,+21.2,BA	+6.50,+23.7,+21.2,MA	+2.92,+230.5,+21.2,EB	+2.67,+245.0,+19.6,GB	+2.35,+263.6,+20.4,JB	+2.86,+233.7,+19.5,MB	
1700100467.3377764	+6.51,+18.1,+21.2,BA	+6.49,+23.7,+21.2,EA	+2.92,+230.5,+21.2,EB	+2.66,+245.2,+19.5,GB	+2.36,+263.4,+20.4,KB	+2.86,+233.8,+19.5,BB	
1700100529.349495	+6.51,+18.1,+21.2,BA	+6.49,+23.7,+21.2,EA	+2.92,+230.5,+21.1,FB	+2.67,+245.1,+19.5,EB	+2.35,+263.8,+20.4,DB	+2.86,+233.8,+19.5,BB	
1700100591.3574734	+6.51,+18.1,+21.2,BA	+6.49,+23.8,+21.2,JA	+2.92,+230.4,+21.2,DB	+2.66,+245.3,+19.6,EB	+2.34,+264.1,+20.4,KB	+2.86,+233.8,+19.5,BB	
1700100653.367345	+6.51,+18.1,+21.2,BA	+6.49,+23.7,+21.2,EA	+2.92,+230.4,+21.2,DB	+2.66,+245.4,+19.6,BB	+2.34,+264.2,+20.4,HB	+2.86,+233.8,+19.6,AB	
1700100715.377874	+6.51,+18.1,+21.2,BA	+6.49,+23.8,+21.2,JA	+2.92,+230.4,+21.2,DB	+2.66,+245.4,+19.6,BB	+2.34,+264.2,+20.4,HB	+2.86,+233.8,+19.5,BB	
1700100777.3855882	+6.51,+18.1,+21.2,BA	+6.50,+23.7,+21.2,MA	+2.92,+230.4,+21.2,DB	+2.66,+245.4,+19.5,AB	+2.34,+264.2,+20.4,HB	+2.86,+233.8,+19.6,AB	
1700100839.3937876	+6.51,+18.0,+21.2,CA	+6.49,+23.8,+21.2,JA	+2.92,+230.4,+21.2,DB	+2.66,+245.5,+19.5,@B	+2.34,+264.3,+20.4,IB	+2.86,+233.8,+19.5,BB	
1700100901.4047425	+6.51,+18.1,+21.2,BA	+6.50,+23.7,+21.2,MA	+2.92,+230.4,+21.2,DB	+2.66,+245.4,+19.6,BB	+2.34,+264.4,+20.4,NB	+2.86,+233.8,+19.5,BB	
1700100963.414605	+6.51,+18.1,+21.2,BA	+6.49,+23.8,+21.2,JA	+2.92,+230.5,+21.2,EB	+2.66,+245.4,+19.6,BB	+2.35,+263.9,+20.4,EB	+2.86,+233.8,+19.5,BB	
1700101025.4232223	+6.51,+18.1,+21.2,BA	+6.49,+23.8,+21.3,KA	+2.92,+230.5,+21.2,EB	+2.66,+245.4,+19.6,BB	+2.37,+262.6,+20.4,IB	+2.86,+233.8,+19.6,AB	
1700101087.4337616	+6.51,+18.0,+21.2,CA	+6.49,+23.7,+21.2,EA	+2.92,+230.4,+21.2,DB	+2.66,+245.3,+19.6,EB	+2.36,+263.0,+20.4,OB	+2.86,+233.8,+19.5,BB	
1700101149.4434261	+6.51,+18.1,+21.2,BA	+6.49,+23.8,+21.2,JA	+2.92,+230.4,+21.2,DB	+2.66,+245.4,+19.6,BB	+2.36,+263.1,+20.4,NB	+2.86,+233.7,+19.6,NB	
1700101211.4528859	+6.51,+18.1,+21.2,BA	+6.50,+23.7,+21.2,MA	+2.92,+230.5,+21.2,EB	+2.66,+245.4,+19.5,AB	+2.35,+263.7,+20.4,KB	+2.86,+233.8,+19.5,BB	
1700101273.4617913	+6.51,+18.0,+21.2,CA	+6.49,+23.8,+21.2,JA	+2.92,+230.5,+21.2,EB	+2.66,+245.4,+19.6,BB	+2.35,+263.6,+20.4,JB	+2.86,+233.7,+19.5,MB	
1700101335.4722538	+6.51,+18.1,+21.2,BA	+6.49,+23.8,+21.2,JA	+2.92,+230.5,+21.2,EB	+2.66,+245.5,+19.6,CB	+2.35,+263.9,+20.4,EB	+2.86,+233.8,+19.5,BB	
1700101397.482194	+6.51,+18.0,+21.2,CA	+6.49,+23.7,+21.2,EA	+2.92,+230.4,+21.2,DB	+2.66,+245.6,+19.6,@B	+2.34,+264.2,+20.4,HB	+2.86,+233.8,+19.5,BB	
1700101459.4919124	+6.51,+18.1,+21.2,BA	+6.50,+23.7,+21.2,MA	+2.92,+230.5,+21.1,FB	+2.66,+245.5,+19.6,CB	+2.33,+264.7,+20.4,JB	+2.86,+233.8,+19.5,BB	
1700101521.5004158	+6.51,+18.1,+21.2,BA	+6.49,+23.7,+21.2,EA	+2.92,+230.4,+21.2,DB	+2.66,+245.6,+19.6,@B	+2.33,+265.1,+20.4,MB	+2.86,+233.8,+19.6,AB	
1700101583.5094237	+6.51,+18.1,+21.2,BA	+6.49,+23.8,+21.2,JA	+2.92,+230.5,+21.2,EB	+2.66,+245.7,+19.6,AB	+2.33,+265.2,+20.4,NB	+2.86,+233.8,+19.6,AB	
1700101645.5193725	+6.51,+18.1,+21.2,BA	+6.49,+23.7,+21.2,EA	+2.92,+230.5,+21.2,EB	+2.66,+245.7,+19.5,BB	+2.33,+264.8,+20.4,EB	+2.86,+233.8,+19.5,BB	
1700101707.5272026	+6.51,+18.1,+21.2,BA	+6.50,+23.7,+21.2,MA	+2.92,+230.4,+21.2,DB	+2.66,+245.6,+19.6,@B	+2.33,+264.7,+20.4,JB	+2.86,+233.8,+19.6,AB	
1700101769.5333319	+6.51,+18.1,+21.2,BA	+6.49,+23.8,+21.2,JA	+2.92,+230.4,+21.2,DB	+2.66,+245.7,+19.6,AB	+2.33,+264.8,+20.4,EB	+2.86,+233.8,+19.5,BB	
1700101831.5412297	+6.51,+18.1,+21.2,BA	+6.49,+23.8,+21.3,KA	+2.92,+230.5,+21.2,EB	+2.65,+245.7,+19.6,BB	+2.33,+264.9,+20.4,DB	+2.86,+233.8,+19.6,AB	
1700101893.5518632	+6.51,+18.1,+21.2,BA	+6.49,+23.8,+21.3,KA	+2.92,+230.5,+21.2,EB	+2.65,+245.8,+19.6,MB	+2.33,+264.7,+20.3,MB	+2.86,+233.8,+19.6,AB	
1700101955.5623295	+6.51,+18.1,+21.2,BA	+6.50,+23.7,+21.2,MA	+2.92,+230.4,+21.2,DB	+2.66,+245.5,+19.6,CB	+2.34,+264.1,+20.4,KB	+2.86,+233.8,+19.6,AB	
1700102017.5730155	+6.51,+18.0,+21.2,CA	+6.49,+23.8,+21.2,JA	+2.92,+230.5,+21.2,EB	+2.66,+245.6,+19.6,@B	+2.34,+264.0,+20.4,JB	+2.86,+233.8,+19.6,AB	
1700102079.5850258	+6.51,+18.1,+21.2,BA	+6.50,+23.7,+21.2,MA	+2.92,+230.5,+21.2,EB	+2.66,+245.7,+19.6,AB	+2.34,+264.4,+20.4,NB	+2.86,+233.8,+19.6,AB	
1700102141.593483	+6.51,+18.1,+21.2,BA	+6.49,+23.8,+21.3,KA	+2.92,+230.5,+21.2,EB	+2.66,+245.7,+19.6,AB	+2.33,+264.8,+20.4,EB	+2.86,+233.8,+19.5,BB	
1700102203.5976946	+6.51,+18.1,+21.2,BA	+6.49,+23.8,+21.2,JA	+2.92,+230.5,+21.2,EB	+2.66,+245.6,+19.6,@B	+2.33,+264.9,+20.4,DB	+2.86,+233.8,+19.6,AB	
1700102449.157403	+6.51,+18.1,+21.2,BA	+6.49,+23.7,+21.2,EA	+2.92,+230.4,+21.2,DB	+2.66,+245.6,+19.6,@B	+2.36,+263.3,+20.4,LB	+2.87,+233.6,+19.5,MB	
1700102511.1682947	+6.51,+18.1,+21.2,BA	+6.49,+23.8,+21.3,KA	+2.92,+230.5,+21.2,EB	+2.66,+245.4,+19.6,BB	+2.35,+264.0,+20.4,KB	+2.86,+233.8,+19.5,BB	
1700102573.1775079	+6.51,+18.1,+21.2,BA	+6.49,+23.8,+21.2,JA	+2.92,+230.5,+21.2,EB	+2.66,+245.3,+19.6,EB	+2.35,+263.5,+20.4,IB	+2.86,+233.8,+19.6,AB	
1700102635.1874187	+6.51,+18.1,+21.2,BA	+6.49,+23.8,+21.3,KA	+2.92,+230.5,+21.2,EB	+2.66,+245.4,+19.6,BB	+2.34,+264.1,+20.4,KB	+2.86,+233.8,+19.6,AB	
1700102697.1968055	+6.51,+18.0,+21.2,CA	+6.50,+23.7,+21.3,LA	+2.92,+230.5,+21.2,EB	+2.66,+245.5,+19.6,CB	+2.33,+264.8,+20.4,EB	+2.86,+233.7,+19.6,NB	
1700102759.2064557	+6.51,+18.2,+21.2,AA	+6.49,+23.7,+21.3,DA	+2.92,+230.5,+21.2,EB	+2.66,+245.4,+19.6,BB	+2.35,+263.9,+20.4,EB	+2.86,+233.8,+19.5,BB	
1700102821.2138033	+6.51,+18.1,+21.2,BA	+6.50,+23.7,+21.3,LA	+2.92,+230.5,+21.2,EB	+2.66,+245.6,+19.6,@B	+2.36,+263.0,+20.4,OB	+2.86,+233.8,+19.6,AB	
1700102883.2236757	+6.51,+18.1,+21.2,BA	+6.49,+23.8,+21.3,KA	+2.92,+230.5,+21.2,EB	+2.66,+245.6,+19.6,@B	+2.36,+263.0,+20.4,OB	+2.86,+233.8,+19.6,AB	
1700102945.234303	+6.51,+18.1,+21.2,BA	+6.49,+23.7,+21.2,EA	+2.92,+230.5,+21.2,EB	+2.65,+245.8,+19.6,MB	+2.36,+263.1,+20.4,NB	+2.86,+233.8,+19.6,AB	
1700103007.2433686	+6.51,+18.1,+21.2,BA	+6.49,+23.8,+21.2,JA	+2.92,+230.5,+21.2,EB	+2.65,+245.8,+19.6,MB	+2.36,+262.9,+20.4,GB	+2.86,+233.7,+19.6,NB	
1700103069.25256	+6.51,+18.1,+21.2,BA	+6.50,+23.7,+21.2,MA	+2.92,+230.5,+21.2,EB	+2.66,+245.7,+19.6,AB	+2.36,+263.3,+20.4,LB	+2.86,+233.8,+19.6,AB	
1700103131.2591712	+6.51,+18.1,+21.2,BA	+6.49,+23.8,+21.3,KA	+2.92,+230.5,+21.2,EB	+2.65,+245.8,+19.6,MB	+2.35,+263.5,+20.4,IB	+2.86,+233.8,+19.6,AB	
1700103193.2676508	+6.51,+18.1,+21.2,BA	+6.49,+23.7,+21.2,EA	+2.92,+230.6,+21.2,FB	+2.66,+245.5,+19.6,CB	+2.36,+263.4,+20.4,KB	+2.86,+233.8,+19.6,AB	
1700103255.2778618	+6.51,+18.1,+21.2,BA	+6.50,+23.7,+21.3,LA	+2.92,+230.5,+21.2,EB	+2.66,+245.5,+19.6,CB	+2.35,+263.6,+20.4,JB	+2.86,+233.8,+19.6,AB	
1700103317.2867064	+6.51,+18.1,+21.2,BA	+6.49,+23.8,+21.2,JA	+2.92,+230.4,+21.2,DB	+2.66,+245.5,+19.6,CB	+2.35,+263.9,+20.4,EB	+2.86,+233.8,+19.6,AB	
1700103379.2948177	+6.51,+18.1,+21.2,BA	+6.49,+23.7,+21.3,DA	+2.92,+230.5,+21.2,EB	+2.66,+245.5,+19.6,CB	+2.34,+264.1,+20.4,KB	+2.86,+233.8,+19.6,AB	
1700103441.3039718	+6.51,+18.0,+21.2,CA	+6.49,+23.8,+21.2,JA	+2.92,+230.5,+21.2,EB	+2.66,+245.4,+19.5,AB	+2.35,+263.6,+20.4,JB	+2.86,+233.8,+19.6,AB	
1700103503.3142097	+6.51,+18.1,+21.2,BA	+6.49,+23.7,+21.2,EA	+2.92,+230.5,+21.2,EB	+2.66,+245.4,+19.6,BB	+2.36,+263.2,+20.4,MB	+2.86,+233.8,+19.6,AB	
1700103565.3230548	+6.51,+18.1,+21.2,BA	+6.49,+23.7,+21.2,EA	+2.92,+230.5,+21.2,EB	+2.66,+245.5,+19.6,CB	+2.39,+261.7,+20.4,EB	+2.86,+233.8,+19.6,AB	
1700103627.3333805	+6.51,+18.1,+21.2,BA	+6.49,+23.8,+21.3,KA	+2.92,+230.4,+21.2,DB	+2.66,+245.4,+19.6,BB	+2.39,+261.5,+20.4,GB	+2.86,+233.8,+19.6,AB	
1700103689.3416922	+6.51,+18.1,+21.2,BA	+6.49,+23.7,+21.3,DA	+2.92,+230.5,+21.2,EB	+2.66,+245.3,+19.6,EB	+2.39,+261.6,+20.4,DB	+2.86,+233.8,+19.6,AB	
1700103751.3521204	+6.51,+18.1,+21.2,BA	+6.49,+23.8,+21.2,JA	+2.92,+230.4,+21.2,DB	+2.66,+245.4,+19.6,BB	+2.39,+261.7,+20.4,EB	+2.86,+233.8,+19.6,AB	
1700103813.360046	+6.51,+18.1,+21.3,CA	+6.49,+23.8,+21.3,KA	+2.92,+230.5,+21.2,EB	+2.66,+245.6,+19.6,@B	+2.39,+261.7,+20.4,EB	+2.86,+233.8,+19.6,AB	
1700103875.367588	+6.51,+18.1,+21.2,BA	+6.49,+23.8,+21.3,KA	+2.92,+230.5,+21.2,EB	+2.66,+245.6,+19.6,@B	+2.38,+261.9,+20.4,JB	+2.86,+233.8,+19.6,AB	
1700103937.377439	+6.51,+18.1,+21.2,BA	+6.49,+23.8,+21.3,KA	+2.92,+230.5,+21.2,EB	+2.65,+245.8,+19.6,MB	+2.38,+262.1,+20.4,AB	+2.86,+233.8,+19.6,AB	
1700103999.3847036	+6.51,+18.0,+21.3,BA	+6.49,+23.8,+21.2,JA	+2.92,+230.5,+21.2,EB	+2.65,+245.8,+19.6,MB	+2.37,+262.7,+20.4,HB	+2.86,+233.9,+19.6,@B	
1700104061.3935273	+6.51,+18.1,+21.2,BA	+6.49,+23.8,+21.2,JA	+2.92,+230.6,+21.2,FB	+2.65,+245.8,+19.6,MB	+2.36,+263.3,+20.4,LB	+2.86,+233.8,+19.6,AB	
1700104123.399546	+6.51,+18.1,+21.2,BA	+6.49,+23.8,+21.2,JA	+2.92,+230.5,+21.2,EB	+2.65,+245.9,+19.6,LB	+2.35,+263.6,+20.4,JB	+2.86,+233.8,+19.6,AB	
1700104185.4103186	+6.51,+18.0,+21.2,CA	+6.49,+23.8,+21.3,KA	+2.92,+230.5,+21.2,EB	+2.65,+245.8,+19.6,MB	+2.36,+263.3,+20.4,LB	+2.86,+233.8,+19.6,AB	
1700104247.4193058	+6.51,+18.1,+21.2,BA	+6.49,+23.8,+21.3,KA	+2.92,+230.5,+21.2,EB	+2.65,+245.8,+19.6,MB	+2.35,+263.5,+20.4,IB	+2.86,+233.8,+19.6,AB	
1700104309.4290843	+6.51,+18.0,+21.3,BA	+6.49,+23.8,+21.3,KA	+2.92,+230.6,+21.2,FB	+2.65,+246.1,+19.6,GB	+2.35,+263.6,+20.4,JB	+2.86,+233.8,+19.6,AB	
1700104371.4374948	+6.51,+18.1,+21.2,BA	+6.49,+23.8,+21.3,KA	+2.92,+230.5,+21.2,EB	+2.65,+246.2,+19.6,DB	+2.35,+263.5,+20.4,IB	+2.86,+233.8,+19.6,AB	
1700104433.4472713	+6.51,+18.1,+21.2,BA	+6.49,+23.8,+21.3,KA	+2.92,+230.5,+21.2,EB	+2.65,+246.1,+19.6,GB	+2.35,+263.7,+20.4,KB	+2.86,+233.8,+19.6,AB	
1700104495.4568458	+6.51,+18.0,+21.3,BA	+6.49,+23.8,+21.3,KA	+2.92,+230.5,+21.2,EB	+2.65,+246.1,+19.6,GB	+2.38,+262.2,+20.4,BB	+2.86,+233.8,+19.6,AB	
1700104557.466634	+6.51,+18.1,+21.3,CA	+6.49,+23.8,+21.2,JA	+2.92,+230.5,+21.2,EB	+2.65,+246.1,+19.6,GB	+2.38,+262.2,+20.4,BB	+2.86,+233.9,+19.6,@B	
1700104619.477141	+6.51,+18.1,+21.3,CA	+6.49,+23.8,+21.3,KA	+2.92,+230.5,+21.2,EB	+2.65,+246.2,+19.6,DB	+2.37,+262.7,+20.4,HB	+2.86,+233.8,+19.6,AB	
1700104681.4867003	+6.51,+18.1,+21.3,CA	+6.49,+23.8,+21.3,KA	+2.92,+230.5,+21.2,EB	+2.65,+246.1,+19.6,GB	+2.37,+262.4,+20.4,KB	+2.86,+233.8,+19.6,AB	
1700104743.494771	+6.51,+18.1,+21.3,CA	+6.50,+23.7,+21.3,LA	+2.92,+230.5,+21.2,EB	+2.65,+246.3,+19.6,EB	+2.36,+263.0,+20.4,OB	+2.86,+233.8,+19.6,AB	
1700104805.5043318	+6.51,+18.1,+21.3,CA	+6.49,+23.8,+21.3,KA	+2.92,+230.5,+21.2,EB	+2.65,+246.2,+19.6,DB	+2.37,+262.8,+20.4,GB	+2.86,+233.8,+19.6,AB	
1700104867.510668	+6.51,+18.1,+21.3,CA	+6.49,+23.8,+21.3,KA	+2.92,+230.5,+21.2,EB	+2.65,+246.1,+19.6,GB	+2.37,+262.4,+20.4,KB	+2.86,+233.8,+19.6,AB	
1700104929.5186067	+6.51,+18.1,+21.3,CA	+6.50,+23.7,+21.3,LA	+2.92,+230.5,+21.2,EB	+2.65,+246.1,+19.6,GB	+2.37,+262.4,+20.4,KB	+2.86,+233.8,+19.6,AB	
1700104991.5259562	+6.51,+18.1,+21.3,CA	+6.49,+23.8,+21.3,KA	+2.92,+230.5,+21.2,EB	+2.65,+246.3,+19.6,EB	+2.37,+262.5,+20.4,JB	+2.86,+233.8,+19.6,AB	
1700105053.5353417	+6.51,+18.1,+21.2,BA	+6.49,+23.8,+21.3,KA	+2.92,+230.6,+21.2,FB	+2.65,+246.3,+19.6,EB	+2.37,+262.7,+20.4,HB	+2.86,+233.8,+19.6,AB	
1700105115.5430858	+6.51,+18.1,+21.2,BA	+6.50,+23.7,+21.3,LA	+2.92,+230.5,+21.2,EB	+2.65,+246.2,+19.6,DB	+2.37,+262.8,+20.4,GB	+2.86,+233.8,+19.6,AB	
1700105177.5509527	+6.51,+18.1,+21.3,CA	+6.49,+23.7,+21.3,DA	+2.92,+230.5,+21.2,EB	+2.64,+246.3,+19.6,DB	+2.37,+262.7,+20.4,HB	+2.86,+233.8,+19.6,AB	
1700105239.561049	+6.51,+18.0,+21.3,BA	+6.49,+23.8,+21.3,KA	+2.92,+230.5,+21.2,EB	+2.64,+246.3,+19.6,DB	+2.37,+262.5,+20.4,JB	+2.86,+233.8,+19.6,AB	
1700105301.5711942	+6.51,+18.1,+21.3,CA	+6.49,+23.8,+21.3,KA	+2.92,+230.5,+21.2,EB	+2.64,+246.4,+19.6,CB	+2.36,+263.0,+20.4,OB	+2.86,+233.8,+19.6,AB	
1700105363.5818448	+6.51,+18.1,+21.2,BA	+6.49,+23.8,+21.3,KA	+2.92,+230.5,+21.2,EB	+2.65,+246.3,+19.6,EB	+2.36,+263.2,+20.4,MB	+2.86,+233.8,+19.6,AB	
1700105425.5915854	+6.51,+18.0,+21.3,BA	+6.49,+23.7,+21.3,DA	+2.92,+230.5,+21.2,EB	+2.65,+246.2,+19.6,DB	+2.35,+263.9,+20.4,EB	+2.86,+233.8,+19.6,AB	
1700105487.6018705	+6.51,+18.1,+21.3,CA	+6.49,+23.8,+21.3,KA	+2.92,+230.5,+21.2,EB	+2.65,+246.2,+19.6,DB	+2.35,+263.6,+20.4,JB	+2.86,+233.8,+19.6,AB	
1700105549.6117737	+6.51,+18.0,+21.3,BA	+6.49,+23.8,+21.3,KA	+2.92,+230.5,+21.2,EB	+2.65,+246.2,+19.6,DB	+2.37,+262.9,+20.4,FB	+2.87,+233.7,+19.6,OB	
1700105611.6193638	+6.51,+18.1,+21.3,CA	+6.49,+23.8,+21.3,KA	+2.92,+230.6,+21.2,FB	+2.64,+246.4,+19.6,CB	+2.35,+263.5,+20.4,IB	+2.86,+233.8,+19.6,AB	
1700105673.6302693	+6.51,+18.1,+21.3,CA	+6.49,+23.8,+21.3,KA	+2.92,+230.5,+21.2,EB	+2.65,+246.3,+19.6,EB	+2.36,+263.0,+20.4,OB	+2.86,+233.7,+19.6,NB	
1700105735.640712	+6.51,+18.1,+21.2,BA	+6.49,+23.8,+21.3,KA	+2.92,+230.5,+21.2,EB	+2.64,+246.4,+19.6,CB	+2.37,+262.9,+20.4,FB	+2.86,+233.8,+19.6,AB	
1700105797.6503766	+6.51,+18.1,+21.3,CA	+6.49,+23.8,+21.3,KA	+2.92,+230.6,+21.2,FB	+2.64,+246.5,+19.6,BB	+2.36,+263.1,+20.4,NB	+2.86,+233.8,+19.6,AB	
1700105859.6589177	+6.51,+18.1,+21.3,CA	+6.49,+23.8,+21.3,KA	+2.92,+230.6,+21.2,FB	+2.64,+246.5,+19.6,BB	+2.35,+263.5,+20.4,IB	+2.86,+233.8,+19.6,AB	
1700105921.6670625	+6.51,+18.1,+21.3,CA	+6.49,+23.8,+21.3,KA	+2.92,+230.5,+21.2,EB	+2.64,+246.5,+19.6,BB	+2.35,+263.7,+20.4,KB	+2.86,+233.8,+19.6,AB	
1700105983.6749744	+6.51,+18.0,+21.3,BA	+6.49,+23.8,+21.3,KA	+2.92,+230.5,+21.2,EB	+2.64,+246.5,+19.6,BB	+2.35,+263.5,+20.4,IB	+2.86,+233.8,+19.6,AB	
1700106045.6825278	+6.51,+18.1,+21.3,CA	+6.49,+23.8,+21.3,KA	+2.92,+230.5,+21.2,EB	+2.65,+246.1,+19.6,GB	+2.35,+263.7,+20.4,KB	+2.86,+233.8,+19.6,AB	
1700106291.2343235	+6.51,+18.1,+21.3,CA	+6.49,+23.8,+21.3,KA	+2.92,+230.5,+21.2,EB	+2.65,+245.9,+19.6,LB	+2.37,+262.8,+20.4,GB	+2.87,+233.6,+19.6,NB	
1700106353.2438853	+6.51,+18.1,+21.3,CA	+6.50,+23.7,+21.3,LA	+2.92,+230.5,+21.2,EB	+2.65,+246.0,+19.6,FB	+2.37,+262.9,+20.4,FB	+2.86,+233.8,+19.6,AB	
1700106415.2537904	+6.51,+18.1,+21.3,CA	+6.49,+23.8,+21.3,KA	+2.92,+230.5,+21.2,EB	+2.65,+246.0,+19.6,FB	+2.38,+262.1,+20.4,AB	+2.86,+233.8,+19.6,AB	
1700106477.2634413	+6.51,+18.0,+21.3,BA	+6.49,+23.8,+21.3,KA	+2.92,+230.5,+21.2,EB	+2.65,+246.0,+19.6,FB	+2.37,+262.4,+20.4,KB	+2.87,+233.7,+19.6,OB	
1700106539.2737968	+6.51,+18.1,+21.3,CA	+6.49,+23.8,+21.3,KA	+2.92,+230.5,+21.2,EB	+2.65,+246.0,+19.6,FB	+2.38,+262.2,+20.4,BB	+2.86,+233.8,+19.6,AB	
1700106601.28099	+6.51,+18.1,+21.3,CA	+6.49,+23.8,+21.3,KA	+2.92,+230.6,+21.2,FB	+2.65,+246.0,+19.6,FB	+2.37,+262.5,+20.4,JB	+2.86,+233.8,+19.6,AB	
1700106663.2890806	+6.51,+18.0,+21.3,BA	+6.49,+23.8,+21.3,KA	+2.92,+230.5,+21.2,EB	+2.65,+245.8,+19.6,MB	+2.37,+262.5,+20.4,JB	+2.87,+233.7,+19.6,OB	
1700106725.2974033	+6.51,+18.1,+21.3,CA	+6.49,+23.8,+21.3,KA	+2.92,+230.6,+21.2,FB	+2.65,+246.0,+19.6,FB	+2.39,+261.6,+20.4,DB	+2.86,+233.8,+19.6,AB	
1700106787.3064082	+6.51,+18.1,+21.3,CA	+6.49,+23.8,+21.3,KA	+2.92,+230.6,+21.2,FB	+2.65,+246.0,+19.6,FB	+2.39,+261.4,+20.4,FB	+2.86,+233.8,+19.6,AB	
1700106849.3141494	+6.51,+18.1,+21.3,CA	+6.49,+23.8,+21.3,KA	+2.92,+230.5,+21.2,EB	+2.65,+246.1,+19.6,GB	+2.39,+261.4,+20.4,FB	+2.86,+233.8,+19.6,AB	
1700106911.3232756	+6.51,+18.1,+21.3,CA	+6.49,+23.7,+21.3,DA	+2.92,+230.5,+21.2,EB	+2.65,+246.0,+19.6,FB	+2.40,+260.9,+20.4,DB	+2.86,+233.8,+19.6,AB	
1700106973.3316157	+6.51,+18.1,+21.3,CA	+6.49,+23.8,+21.3,KA	+2.92,+230.5,+21.2,EB	+2.65,+245.9,+19.6,LB	+2.40,+261.2,+20.4,NB	+2.86,+233.8,+19.6,AB	
1700107035.339996	+6.51,+18.1,+21.3,CA	+6.49,+23.8,+21.3,KA	+2.92,+230.5,+21.2,EB	+2.65,+245.9,+19.6,LB	+2.41,+260.2,+20.4,NB	+2.86,+233.8,+19.6,AB	
1700107097.349715	+6.51,+18.1,+21.3,CA	+6.49,+23.8,+21.3,KA	+2.92,+230.5,+21.2,EB	+2.65,+245.9,+19.7,MB	+2.40,+260.9,+20.4,DB	+2.86,+233.8,+19.6,AB	
1700107159.3571224	+6.51,+18.0,+21.3,BA	+6.49,+23.8,+21.3,KA	+2.92,+230.6,+21.2,FB	+2.65,+246.0,+19.6,FB	+2.40,+261.1,+20.4,MB	+2.86,+233.8,+19.6,AB	
1700107221.366894	+6.51,+18.1,+21.3,CA	+6.49,+23.8,+21.3,KA	+2.92,+230.5,+21.2,EB	+2.65,+245.9,+19.6,LB	+2.39,+261.3,+20.4,AB	+2.86,+233.7,+19.6,NB	
1700107283.3755777	+6.51,+18.1,+21.3,CA	+6.49,+23.8,+21.3,KA	+2.92,+230.6,+21.2,FB	+2.65,+246.1,+19.6,GB	+2.39,+261.7,+20.4,EB	+2.86,+233.8,+19.6,AB	
1700107345.3854027	+6.51,+18.1,+21.3,CA	+6.49,+23.8,+21.3,KA	+2.92,+230.5,+21.2,EB	+2.65,+246.0,+19.6,FB	+2.42,+259.9,+20.4,LB	+2.86,+233.8,+19.6,AB	
1700107407.3922868	+6.51,+18.1,+21.3,CA	+6.49,+23.8,+21.3,KA	+2.92,+230.5,+21.2,EB	+2.65,+246.1,+19.6,GB	+2.45,+258.0,+20.4,CB	+2.86,+233.8,+19.6,AB	
1700107469.4009452	+6.51,+18.1,+21.3,CA	+6.49,+23.8,+21.3,KA	+2.92,+230.6,+21.2,FB	+2.65,+246.2,+19.6,DB	+2.45,+258.1,+20.4,BB	+2.86,+233.8,+19.6,AB	
1700107531.4106839	+6.51,+18.1,+21.3,CA	+6.49,+23.8,+21.3,KA	+2.92,+230.6,+21.2,FB	+2.65,+246.0,+19.6,FB	+2.46,+257.7,+20.4,HB	+2.86,+233.8,+19.6,AB	
1700107593.4209871	+6.51,+18.1,+21.3,CA	+6.49,+23.8,+21.3,KA	+2.92,+230.6,+21.3,GB	+2.65,+245.8,+19.6,MB	+2.45,+257.9,+20.4,EB	+2.86,+233.8,+19.6,AB	
1700107655.4308424	+6.51,+18.1,+21.3,CA	+6.49,+23.8,+21.3,KA	+2.92,+230.5,+21.3,DB	+2.65,+245.9,+19.6,LB	+2.45,+257.9,+20.4,EB	+2.86,+233.8,+19.6,AB	
1700107717.4392369	+6.51,+18.1,+21.3,CA	+6.49,+23.8,+21.3,KA	+2.92,+230.6,+21.2,FB	+2.65,+245.9,+19.6,LB	+2.44,+258.3,+20.4,AB	+2.86,+233.9,+19.6,@B	
1700107779.4506948	+6.51,+18.1,+21.3,CA	+6.49,+23.8,+21.3,KA	+2.92,+230.6,+21.2,FB	+2.65,+246.0,+19.6,FB	+2.45,+257.9,+20.4,EB	+2.86,+233.8,+19.6,AB	
1700107841.4572046	+6.51,+18.0,+21.3,BA	+6.49,+23.8,+21.3,KA	+2.92,+230.5,+21.2,EB	+2.65,+246.2,+19.6,DB	+2.45,+258.2,+20.4,AB	+2.86,+233.8,+19.6,AB	
1700107903.4640007	+6.51,+18.0,+21.3,BA	+6.49,+23.7,+21.3,DA	+2.92,+230.6,+21.2,FB	+2.65,+246.2,+19.6,DB	+2.45,+258.3,+20.4,@B	+2.86,+233.8,+19.6,AB	
1700107965.4712167	+6.51,+18.0,+21.3,BA	+6.49,+23.8,+21.3,KA	+2.92,+230.6,+21.2,FB	+2.65,+246.2,+19.6,DB	+2.45,+257.8,+20.4,DB	+2.86,+233.8,+19.6,AB	
1700108027.480935	+6.51,+18.1,+21.3,CA	+6.49,+23.8,+21.3,KA	+2.92,+230.6,+21.2,FB	+2.65,+246.3,+19.6,EB	+2.46,+257.2,+20.4,MB	+2.86,+233.8,+19.6,AB	
1700108089.4857037	+6.51,+18.1,+21.3,CA	+6.49,+23.8,+21.3,KA	+2.92,+230.5,+21.2,EB	+2.65,+246.2,+19.6,DB	+2.46,+257.6,+20.4,IB	+2.86,+233.8,+19.6,AB	
1700108151.4916158	+6.51,+18.1,+21.3,CA	+6.49,+23.9,+21.3,JA	+2.92,+230.6,+21.2,FB	+2.64,+246.4,+19.7,BB	+2.45,+257.9,+20.4,EB	+2.86,+233.9,+19.6,@B	
1700108213.498225	+6.51,+18.0,+21.3,BA	+6.49,+23.8,+21.3,KA	+2.92,+230.5,+21.2,EB	+2.65,+246.4,+19.6,BB	+2.45,+258.2,+20.4,AB	+2.86,+233.9,+19.6,@B	
1700108275.507712	+6.51,+18.1,+21.3,CA	+6.49,+23.8,+21.3,KA	+2.92,+230.5,+21.3,DB	+2.65,+246.2,+19.7,EB	+2.46,+257.4,+20.4,KB	+2.86,+233.8,+19.7,@B	
1700108337.5168211	+6.51,+18.0,+21.3,BA	+6.49,+23.8,+21.3,KA	+2.92,+230.6,+21.2,FB	+2.65,+246.3,+19.6,EB	+2.46,+257.3,+20.5,MB	+2.86,+233.8,+19.6,AB	
1700108399.5237699	+6.51,+18.0,+21.3,BA	+6.49,+23.8,+21.3,KA	+2.92,+230.6,+21.3,GB	+2.64,+246.4,+19.7,BB	+2.46,+257.5,+20.4,JB	+2.86,+233.8,+19.7,@B	
1700108461.5320199	+6.51,+18.1,+21.3,CA	+6.49,+23.9,+21.3,JA	+2.92,+230.6,+21.2,FB	+2.64,+246.5,+19.6,BB	+2.46,+257.7,+20.4,HB	+2.86,+233.8,+19.6,AB	
1700108523.5418248	+6.51,+18.1,+21.3,CA	+6.49,+23.8,+21.3,KA	+2.92,+230.6,+21.3,GB	+2.64,+246.5,+19.6,BB	+2.46,+257.3,+20.4,LB	+2.86,+233.8,+19.6,AB	
1700108585.5480144	+6.51,+18.1,+21.3,CA	+6.49,+23.9,+21.3,JA	+2.92,+230.6,+21.3,GB	+2.64,+246.6,+19.7,@B	+2.46,+257.7,+20.4,HB	+2.86,+233.8,+19.6,AB	
1700108647.556995	+6.51,+18.1,+21.3,CA	+6.49,+23.8,+21.3,KA	+2.92,+230.6,+21.2,FB	+2.64,+246.4,+19.7,BB	+2.46,+257.4,+20.4,KB	+2.86,+233.8,+19.6,AB	
1700108709.5657017	+6.51,+18.0,+21.3,BA	+6.49,+23.8,+21.3,KA	+2.92,+230.6,+21.2,FB	+2.64,+246.5,+19.6,BB	+2.48,+256.5,+20.4,EB	+2.86,+233.8,+19.6,AB	
1700108771.5739198	+6.51,+18.0,+21.3,BA	+6.49,+23.8,+21.3,KA	+2.92,+230.6,+21.3,GB	+2.65,+246.2,+19.7,EB	+2.47,+256.7,+20.4,HB	+2.86,+233.8,+19.6,AB	
1700108833.5826333	+6.51,+18.1,+21.3,CA	+6.49,+23.8,+21.3,KA	+2.92,+230.6,+21.3,GB	+2.65,+245.9,+19.7,MB	+2.47,+256.8,+20.5,FB	+2.86,+233.8,+19.6,AB	
1700108895.5898354	+6.51,+18.0,+21.3,BA	+6.49,+23.8,+21.3,KA	+2.92,+230.6,+21.3,GB	+2.65,+246.0,+19.6,FB	+2.47,+256.7,+20.4,HB	+2.86,+233.8,+19.6,AB	
1700108957.6008875	+6.51,+18.0,+21.3,BA	+6.49,+23.8,+21.3,KA	+2.92,+230.6,+21.3,GB	+2.65,+245.9,+19.7,MB	+2.48,+256.4,+20.4,DB	+2.86,+233.8,+19.6,AB	
1700109019.6109915	+6.51,+18.1,+21.3,CA	+6.49,+23.8,+21.3,KA	+2.92,+230.6,+21.2,FB	+2.65,+245.8,+19.6,MB	+2.47,+256.7,+20.5,IB	+2.86,+233.9,+19.6,@B	
1700109081.620852	+6.51,+18.1,+21.3,CA	+6.49,+23.8,+21.3,KA	+2.92,+230.6,+21.3,GB	+2.65,+246.0,+19.7,GB	+2.48,+256.3,+20.4,CB	+2.86,+233.9,+19.6,@B	
1700109143.6301367	+6.51,+18.1,+21.3,CA	+6.49,+23.8,+21.3,KA	+2.92,+230.6,+21.2,FB	+2.65,+245.9,+19.7,MB	+2.52,+254.2,+20.4,KB	+2.86,+233.8,+19.6,AB	
1700109205.640503	+6.51,+18.1,+21.3,CA	+6.49,+23.8,+21.3,KA	+2.92,+230.6,+21.3,GB	+2.65,+246.0,+19.7,GB	+2.52,+253.8,+20.4,FB	+2.86,+233.8,+19.6,AB	
1700109267.6504183	+6.51,+18.2,+21.3,@A	+6.49,+23.8,+21.3,KA	+2.92,+230.6,+21.2,FB	+2.65,+245.9,+19.7,MB	+2.53,+253.5,+20.5,KB	+2.86,+233.8,+19.7,@B	
1700109329.6594026	+6.51,+18.1,+21.3,CA	+6.49,+23.8,+21.3,KA	+2.92,+230.6,+21.3,GB	+2.65,+246.0,+19.6,FB	+2.53,+253.3,+20.5,MB	+2.86,+233.8,+19.6,AB	
1700109391.67011	+6.51,+18.1,+21.3,CA	+6.49,+23.8,+21.3,KA	+2.92,+230.6,+21.2,FB	+2.65,+246.1,+19.7,FB	+2.53,+253.6,+20.4,IB	+2.86,+233.8,+19.7,@B	
1700109453.679638	+6.51,+18.1,+21.3,CA	+6.49,+23.8,+21.3,KA	+2.92,+230.5,+21.2,EB	+2.65,+246.1,+19.7,FB	+2.52,+253.8,+20.4,FB	+2.86,+233.8,+19.6,AB	
1700109515.6898882	+6.51,+18.1,+21.3,CA	+6.49,+23.8,+21.3,KA	+2.92,+230.6,+21.2,FB	+2.65,+245.9,+19.7,MB	+2.52,+254.0,+20.5,HB	+2.86,+233.8,+19.7,@B	
1700109577.7010565	+6.51,+18.0,+21.3,BA	+6.49,+23.8,+21.3,KA	+2.92,+230.6,+21.3,GB	+2.66,+245.8,+19.7,OB	+2.52,+254.1,+20.4,HB	+2.86,+233.9,+19.6,@B	
1700109639.7114797	+6.51,+18.1,+21.3,CA	+6.49,+23.8,+21.3,KA	+2.92,+230.6,+21.2,FB	+2.65,+245.8,+19.6,MB	+2.52,+254.1,+20.5,IB	+2.86,+233.9,+19.7,AB	
1700109701.7201803	+6.51,+18.0,+21.3,BA	+6.49,+23.8,+21.3,KA	+2.92,+230.6,+21.2,FB	+2.66,+245.7,+19.7,@B	+2.51,+254.6,+20.4,LB	+2.86,+233.9,+19.7,AB	
1700109763.7279398	+6.51,+18.0,+21.3,BA	+6.49,+23.8,+21.3,KA	+2.92,+230.7,+21.3,FB	+2.65,+245.9,+19.7,MB	+2.52,+254.0,+20.5,HB	+2.86,+233.9,+19.6,@B	
1700109825.7381256	+6.51,+18.0,+21.3,BA	+6.49,+23.8,+21.3,KA	+2.92,+230.6,+21.3,GB	+2.65,+246.0,+19.7,GB	+2.53,+253.2,+20.4,MB	+2.86,+233.9,+19.6,@B	
1700109887.748775	+6.51,+18.1,+21.3,CA	+6.49,+23.8,+21.3,KA	+2.92,+230.6,+21.3,GB	+2.65,+246.0,+19.7,GB	+2.55,+252.4,+20.4,LB	+2.86,+233.9,+19.7,AB	
1700110133.3409092	+6.51,+18.1,+21.3,CA	+6.49,+23.8,+21.3,KA	+2.92,+230.6,+21.3,GB	+2.66,+245.7,+19.7,@B	+2.56,+251.7,+20.4,OB	+2.87,+233.6,+19.6,NB	
1700110195.3520653	+6.51,+18.0,+21.3,BA	+6.49,+23.8,+21.4,LA	+2.92,+230.6,+21.3,GB	+2.65,+245.8,+19.7,LB	+2.56,+251.9,+20.5,@B	+2.86,+233.9,+19.6,@B	
1700110257.3616416	+6.51,+18.0,+21.3,BA	+6.49,+23.8,+21.3,KA	+2.92,+230.6,+21.3,GB	+2.65,+245.8,+19.7,LB	+2.55,+252.4,+20.5,MB	+2.86,+233.9,+19.7,AB	
1700110319.3728304	+6.51,+18.1,+21.3,CA	+6.49,+23.8,+21.3,KA	+2.92,+230.5,+21.3,DB	+2.65,+245.9,+19.7,MB	+2.54,+253.1,+20.5,HB	+2.86,+233.9,+19.7,AB	
1700110381.3824618	+6.51,+18.0,+21.3,BA	+6.49,+23.8,+21.3,KA	+2.92,+230.6,+21.3,GB	+2.65,+245.9,+19.7,MB	+2.53,+253.6,+20.4,IB	+2.86,+233.8,+19.7,@B	
1700110443.3916874	+6.51,+18.1,+21.3,CA	+6.49,+23.9,+21.3,JA	+2.92,+230.5,+21.3,DB	+2.65,+246.0,+19.7,GB	+2.52,+253.8,+20.5,GB	+2.86,+233.8,+19.7,@B	
1700110505.4017336	+6.51,+18.1,+21.3,CA	+6.49,+23.8,+21.3,KA	+2.92,+230.6,+21.3,GB	+2.65,+246.0,+19.7,GB	+2.54,+253.1,+20.5,HB	+2.86,+233.9,+19.7,AB	
1700110567.4116836	+6.51,+18.1,+21.3,CA	+6.49,+23.8,+21.3,KA	+2.92,+230.7,+21.3,FB	+2.65,+245.8,+19.7,LB	+2.54,+252.7,+20.5,OB	+2.86,+233.9,+19.7,AB	
1700110629.4225972	+6.51,+18.1,+21.3,CA	+6.49,+23.8,+21.3,KA	+2.92,+230.6,+21.3,GB	+2.65,+246.0,+19.6,FB	+2.54,+253.2,+20.5,KB	+2.86,+233.9,+19.7,AB	
1700110691.4336588	+6.51,+18.1,+21.3,CA	+6.49,+23.8,+21.3,KA	+2.92,+230.6,+21.3,GB	+2.66,+245.7,+19.7,@B	+2.52,+253.8,+20.5,GB	+2.86,+234.0,+19.7,OB	
1700110753.4448998	+6.51,+18.0,+21.3,BA	+6.49,+23.8,+21.3,KA	+2.92,+230.6,+21.3,GB	+2.66,+245.7,+19.7,@B	+2.51,+254.5,+20.5,NB	+2.86,+233.9,+19.7,AB	
1700110815.4543061	+6.51,+18.1,+21.3,CA	+6.49,+23.8,+21.3,KA	+2.92,+230.6,+21.3,GB	+2.66,+245.6,+19.7,AB	+2.51,+254.6,+20.5,MB	+2.86,+233.8,+19.7,@B	
1700110877.4629033	+6.51,+18.0,+21.3,BA	+6.49,+23.8,+21.3,KA	+2.92,+230.7,+21.3,FB	+2.66,+245.7,+19.7,@B	+2.51,+254.7,+20.5,LB	+2.86,+233.9,+19.7,AB	
1700110939.4707944	+6.51,+18.0,+21.3,BA	+6.50,+23.7,+21.4,KA	+2.92,+230.6,+21.3,GB	+2.66,+245.7,+19.7,@B	+2.50,+255.0,+20.5,KB	+2.86,+233.9,+19.7,AB	
1700111001.4802964	+6.51,+18.1,+21.3,CA	+6.49,+23.8,+21.3,KA	+2.92,+230.6,+21.2,FB	+2.66,+245.5,+19.7,BB	+2.50,+255.1,+20.5,JB	+2.86,+233.9,+19.7,AB	
1700111063.4895227	+6.51,+18.0,+21.3,BA	+6.49,+23.8,+21.3,KA	+2.92,+230.6,+21.3,GB	+2.66,+245.4,+19.7,CB	+2.51,+254.5,+20.5,NB	+2.86,+233.9,+19.7,AB	
1700111125.4972377	+6.51,+18.1,+21.3,CA	+6.49,+23.7,+21.4,CA	+2.92,+230.6,+21.3,GB	+2.66,+245.4,+19.7,CB	+2.51,+254.8,+20.5,CB	+2.86,+234.1,+19.7,NB	
1700111187.5043163	+6.51,+18.1,+21.3,CA	+6.49,+23.8,+21.4,LA	+2.92,+230.6,+21.3,GB	+2.66,+245.4,+19.7,CB	+2.50,+255.0,+20.5,KB	+2.86,+233.9,+19.7,AB	
1700111249.512319	+6.51,+18.1,+21.3,CA	+6.49,+23.8,+21.4,LA	+2.92,+230.7,+21.3,FB	+2.67,+245.1,+19.7,GB	+2.51,+254.6,+20.5,MB	+2.86,+233.9,+19.7,AB	
1700111311.5223339	+6.51,+18.1,+21.3,CA	+6.49,+23.9,+21.3,JA	+2.92,+230.6,+21.3,GB	+2.67,+245.1,+19.7,GB	+2.51,+254.9,+20.5,BB	+2.86,+233.9,+19.7,AB	
1700111373.530836	+6.51,+18.1,+21.3,CA	+6.49,+23.8,+21.3,KA	+2.92,+230.6,+21.3,GB	+2.67,+245.2,+19.7,DB	+2.51,+254.7,+20.5,LB	+2.86,+233.8,+19.7,@B	
1700111435.5371351	+6.51,+18.0,+21.3,BA	+6.49,+23.8,+21.3,KA	+2.92,+230.6,+21.3,GB	+2.67,+245.1,+19.7,GB	+2.51,+254.6,+20.5,MB	+2.86,+233.9,+19.7,AB	
1700111497.5451746	+6.51,+18.1,+21.4,DA	+6.49,+23.8,+21.4,LA	+2.92,+230.6,+21.3,GB	+2.67,+245.2,+19.7,DB	+2.51,+254.7,+20.5,LB	+2.86,+233.8,+19.7,@B	
1700111559.553518	+6.51,+18.0,+21.3,BA	+6.49,+23.8,+21.3,KA	+2.92,+230.7,+21.3,FB	+2.66,+245.3,+19.7,DB	+2.50,+255.0,+20.5,KB	+2.86,+233.9,+19.7,AB	
1700111621.5624304	+6.51,+18.1,+21.3,CA	+6.49,+23.8,+21.3,KA	+2.92,+230.6,+21.3,GB	+2.66,+245.5,+19.7,BB	+2.50,+255.1,+20.5,JB	+2.86,+233.9,+19.7,AB	
1700111683.5702703	+6.51,+18.1,+21.3,CA	+6.49,+23.8,+21.4,LA	+2.92,+230.6,+21.3,GB	+2.66,+245.5,+19.7,BB	+2.50,+255.3,+20.5,HB	+2.86,+233.8,+19.7,@B	
1700111745.577018	+6.51,+18.1,+21.3,CA	+6.49,+23.9,+21.3,JA	+2.92,+230.7,+21.3,FB	+2.66,+245.5,+19.7,BB	+2.51,+254.9,+20.5,BB	+2.86,+233.8,+19.7,@B	
1700111807.5881681	+6.51,+18.1,+21.3,CA	+6.49,+23.8,+21.3,KA	+2.92,+230.6,+21.3,GB	+2.66,+245.6,+19.7,AB	+2.51,+254.7,+20.5,LB	+2.86,+233.9,+19.7,AB	
1700111869.596339	+6.51,+18.0,+21.3,BA	+6.49,+23.8,+21.3,KA	+2.92,+230.7,+21.3,FB	+2.66,+245.6,+19.7,AB	+2.51,+254.8,+20.5,CB	+2.86,+233.9,+19.7,AB	
1700111931.6061895	+6.51,+18.1,+21.3,CA	+6.49,+23.8,+21.3,KA	+2.92,+230.7,+21.3,FB	+2.66,+245.6,+19.7,AB	+2.51,+254.6,+20.5,MB	+2.86,+233.9,+19.7,AB	
1700111993.612446	+6.51,+18.0,+21.4,EA	+6.49,+23.8,+21.4,LA	+2.92,+230.7,+21.3,FB	+2.66,+245.6,+19.7,AB	+2.50,+254.9,+20.5,CB	+2.86,+233.9,+19.7,AB	
1700112055.622275	+6.51,+18.0,+21.3,BA	+6.49,+23.8,+21.3,KA	+2.92,+230.7,+21.3,FB	+2.66,+245.7,+19.7,@B	+2.50,+255.1,+20.5,JB	+2.86,+233.9,+19.7,AB	
1700112117.6327195	+6.51,+18.0,+21.3,BA	+6.49,+23.8,+21.3,KA	+2.92,+230.6,+21.3,GB	+2.66,+245.6,+19.7,AB	+2.50,+255.3,+20.5,HB	+2.86,+233.9,+19.7,AB	
1700112179.6386328	+6.51,+18.0,+21.3,BA	+6.49,+23.8,+21.4,LA	+2.92,+230.7,+21.3,FB	+2.66,+245.7,+19.7,@B	+2.50,+255.2,+20.5,IB	+2.86,+233.9,+19.7,AB	
1700112241.6488204	+6.51,+18.0,+21.3,BA	+6.49,+23.8,+21.4,LA	+2.92,+230.6,+21.3,GB	+2.66,+245.8,+19.7,OB	+2.50,+255.3,+20.5,HB	+2.86,+233.9,+19.7,AB	
1700112303.6577199	+6.51,+18.1,+21.4,DA	+6.49,+23.8,+21.4,LA	+2.92,+230.7,+21.3,FB	+2.66,+245.8,+19.7,OB	+2.50,+255.5,+20.5,NB	+2.86,+233.9,+19.7,AB	
1700112365.666332	+6.51,+18.0,+21.4,EA	+6.49,+23.8,+21.4,LA	+2.92,+230.7,+21.3,FB	+2.66,+245.8,+19.7,OB	+2.50,+255.4,+20.5,OB	+2.86,+233.9,+19.7,AB	
1700112427.6752992	+6.51,+18.1,+21.3,CA	+6.49,+23.8,+21.4,LA	+2.92,+230.7,+21.3,FB	+2.66,+245.4,+19.7,CB	+2.49,+255.7,+20.5,DB	+2.86,+233.9,+19.7,AB	
1700112489.6850686	+6.51,+18.1,+21.3,CA	+6.49,+23.8,+21.4,LA	+2.92,+230.7,+21.3,FB	+2.66,+245.5,+19.7,BB	+2.49,+255.7,+20.5,DB	+2.86,+233.9,+19.7,AB	
