62309060476	62309060477	62309060478	62309060479	62309060481	62309060482	
1702057082.626057	+6.73,+5.4,+21.3,JB	+6.56,+20.2,+21.4,KA	+6.90,+2.0,+21.3,DB	+7.05,-5.4,+19.8,LB		+7.02,-2.6,+19.8,NB	
1702057144.644527	+6.73,+5.4,+21.3,JB	+6.56,+20.1,+21.3,OA	+6.90,+1.9,+21.3,NB	+7.05,-5.4,+19.8,LB		+7.01,-2.3,+19.8,HB	
1702057206.6649277	+6.73,+5.4,+21.3,JB	+6.56,+20.2,+21.4,KA	+6.90,+2.1,+21.3,EB	+7.05,-5.7,+19.8,OB		+7.02,-2.8,+19.8,@B	
1702057268.678402	+6.73,+5.4,+21.3,JB	+6.56,+20.2,+21.3,LA	+6.90,+2.0,+21.3,DB	+7.05,-5.4,+19.8,LB		+7.01,-2.3,+19.8,HB	
1702057330.6846533	+6.73,+5.3,+21.3,MB	+6.55,+20.3,+21.3,NA	+6.90,+2.0,+21.3,DB	+7.05,-5.7,+19.8,OB		+7.02,-2.6,+19.8,NB	
1702057392.6974623	+6.73,+5.4,+21.3,JB	+6.56,+20.2,+21.4,KA	+6.90,+2.0,+21.3,DB	+7.05,-5.7,+19.8,OB		+7.01,-2.5,+19.8,NB	
1702057454.7159636	+6.73,+5.3,+21.3,MB	+6.56,+20.1,+21.4,HA	+6.90,+2.0,+21.3,DB	+7.05,-5.4,+19.8,LB		+7.01,-2.5,+19.8,NB	
1702057516.7267582	+6.73,+5.3,+21.3,MB	+6.56,+20.3,+21.3,MA	+6.90,+2.0,+21.3,DB	+7.05,-5.6,+19.8,NB		+7.01,-2.3,+19.8,HB	
1702057578.737504	+6.73,+5.4,+21.3,JB	+6.56,+20.1,+21.3,OA	+6.90,+2.1,+21.3,EB	+7.05,-5.4,+19.8,LB		+7.02,-2.7,+19.8,OB	
1702057640.7488642	+6.73,+5.4,+21.3,JB	+6.56,+20.1,+21.3,OA	+6.90,+2.0,+21.3,DB	+7.05,-5.5,+19.8,MB		+7.01,-2.4,+19.8,OB	
1702057702.7540243	+6.73,+5.3,+21.3,MB	+6.56,+20.1,+21.4,HA	+6.90,+2.0,+21.3,DB	+7.05,-5.4,+19.8,LB		+7.01,-2.4,+19.8,OB	
1702057764.7780235	+6.73,+5.3,+21.3,MB	+6.55,+20.3,+21.3,NA	+6.90,+2.0,+21.3,DB	+7.05,-5.6,+19.8,NB		+7.02,-2.7,+19.8,OB	
1702057826.7952046	+6.73,+5.4,+21.3,JB	+6.55,+20.3,+21.4,IA	+6.90,+2.0,+21.3,DB	+7.05,-5.5,+19.8,MB		+7.02,-2.8,+19.8,@B	
1702057888.8068085	+6.73,+5.4,+21.3,JB	+6.56,+20.1,+21.4,HA	+6.90,+1.9,+21.3,NB	+7.05,-5.7,+19.8,OB		+7.01,-2.5,+19.8,NB	
1702058135.5879557	+6.73,+5.3,+21.3,MB	+6.56,+20.1,+21.3,OA	+6.90,+2.0,+21.3,DB	+7.05,-5.5,+19.8,MB		+7.01,-2.5,+19.8,NB	
1702058197.6091888	+6.73,+5.3,+21.3,MB	+6.56,+20.1,+21.4,HA	+6.90,+2.0,+21.3,DB	+7.05,-5.4,+19.8,LB		+7.01,-2.5,+19.8,NB	
1702058259.6222398	+6.73,+5.3,+21.3,MB	+6.56,+20.2,+21.3,LA	+6.90,+2.0,+21.4,CB	+7.05,-5.5,+19.8,MB		+7.01,-2.5,+19.8,NB	
1702058321.6433618	+6.73,+5.3,+21.3,MB	+6.55,+20.3,+21.4,IA	+6.91,+1.9,+21.3,OB	+7.05,-5.3,+19.8,KB		+7.02,-2.6,+19.8,NB	
1702058383.656084	+6.73,+5.3,+21.3,MB	+6.55,+20.3,+21.3,NA	+6.91,+1.9,+21.3,OB	+7.05,-5.4,+19.8,LB		+7.01,-2.5,+19.8,NB	
1702058445.6712477	+6.73,+5.3,+21.3,MB	+6.55,+20.3,+21.3,NA	+6.90,+1.9,+21.3,NB	+7.05,-5.4,+19.8,LB		+7.01,-2.3,+19.8,HB	
1702058507.6919122	+6.73,+5.4,+21.3,JB	+6.56,+20.1,+21.3,OA	+6.90,+1.9,+21.3,NB	+7.05,-5.4,+19.8,LB		+7.02,-2.6,+19.8,NB	
1702058569.7078984	+6.73,+5.3,+21.2,LB	+6.56,+20.0,+21.4,IA	+6.91,+1.9,+21.3,OB	+7.05,-5.6,+19.8,NB		+7.02,-2.6,+19.8,NB	
1702058631.7203522	+6.73,+5.3,+21.3,MB	+6.56,+20.0,+21.4,IA	+6.91,+1.9,+21.3,OB	+7.05,-5.5,+19.8,MB		+7.01,-2.5,+19.8,NB	
1702058693.7291005	+6.73,+5.3,+21.3,MB	+6.56,+20.0,+21.4,IA	+6.90,+1.9,+21.3,NB	+7.05,-5.5,+19.8,MB		+7.01,-2.4,+19.8,OB	
1702058755.739573	+6.73,+5.4,+21.3,JB	+6.56,+20.2,+21.3,LA	+6.90,+2.0,+21.3,DB	+7.05,-5.4,+19.8,LB		+7.02,-2.7,+19.8,OB	
1702058817.747723	+6.73,+5.3,+21.3,MB	+6.56,+20.1,+21.3,OA	+6.90,+2.0,+21.3,DB	+7.05,-5.3,+19.8,KB		+7.02,-2.6,+19.8,NB	
1702058879.7608464	+6.73,+5.3,+21.3,MB	+6.56,+20.1,+21.4,HA	+6.90,+2.0,+21.3,DB	+7.05,-5.6,+19.8,NB		+7.01,-2.5,+19.8,NB	
1702058941.7711146	+6.73,+5.3,+21.2,LB	+6.56,+20.0,+21.3,NA	+6.90,+2.0,+21.3,DB	+7.05,-5.4,+19.8,LB		+7.01,-2.5,+19.8,NB	
1702059003.7802598	+6.73,+5.3,+21.3,MB	+6.56,+20.0,+21.3,NA	+6.91,+1.9,+21.3,OB	+7.05,-5.6,+19.8,NB		+7.01,-2.5,+19.8,NB	
1702059065.790783	+6.73,+5.3,+21.3,MB	+6.56,+20.0,+21.3,NA	+6.90,+2.0,+21.3,DB	+7.05,-5.5,+19.8,MB		+7.02,-2.7,+19.8,OB	
1702059127.8124554	+6.73,+5.3,+21.3,MB	+6.56,+20.2,+21.3,LA	+6.90,+2.0,+21.3,DB	+7.05,-5.4,+19.8,LB		+7.01,-2.4,+19.8,OB	
1702059189.8303492	+6.73,+5.3,+21.2,LB	+6.56,+20.1,+21.3,OA	+6.91,+1.9,+21.3,OB	+7.05,-5.6,+19.8,NB		+7.01,-2.5,+19.8,NB	
1702059251.8380702	+6.73,+5.3,+21.2,LB	+6.56,+20.0,+21.3,NA	+6.90,+1.9,+21.3,NB	+7.05,-5.6,+19.8,NB		+7.02,-2.7,+19.7,@B	
1702059313.8597822	+6.73,+5.4,+21.3,JB	+6.56,+19.9,+21.4,JA	+6.90,+2.0,+21.3,DB	+7.05,-5.5,+19.8,MB		+7.02,-2.6,+19.7,AB	
1702059375.8794894	+6.73,+5.3,+21.2,LB	+6.56,+20.1,+21.3,OA	+6.90,+1.9,+21.3,NB	+7.05,-5.3,+19.8,KB		+7.01,-2.4,+19.7,@B	
1702059437.9000735	+6.73,+5.3,+21.2,LB	+6.56,+20.0,+21.3,NA	+6.90,+2.1,+21.3,EB	+7.05,-5.5,+19.8,MB		+7.01,-2.4,+19.7,@B	
1702059499.9097915	+6.73,+5.3,+21.3,MB	+6.56,+20.1,+21.3,OA	+6.91,+1.9,+21.3,OB	+7.05,-5.5,+19.8,MB		+7.02,-2.7,+19.7,@B	
1702059561.929863	+6.73,+5.3,+21.3,MB	+6.56,+20.0,+21.3,NA	+6.90,+2.1,+21.3,EB	+7.05,-5.6,+19.8,NB		+7.01,-2.3,+19.7,GB	
1702059623.9512913	+6.73,+5.2,+21.3,LB	+6.56,+20.1,+21.3,OA	+6.91,+1.9,+21.3,OB	+7.05,-5.3,+19.8,KB		+7.02,-2.8,+19.7,OB	
1702059685.9685464	+6.73,+5.3,+21.3,MB	+6.56,+20.1,+21.3,OA	+6.90,+2.0,+21.3,DB	+7.05,-5.6,+19.7,AB		+7.01,-2.3,+19.7,GB	
1702059747.9766634	+6.73,+5.2,+21.3,LB	+6.56,+20.0,+21.3,NA	+6.90,+2.0,+21.3,DB	+7.05,-5.7,+19.8,OB		+7.02,-2.6,+19.7,AB	
1702059809.986544	+6.73,+5.3,+21.3,MB	+6.56,+20.0,+21.3,NA	+6.90,+2.0,+21.3,DB	+7.05,-5.7,+19.8,OB		+7.01,-2.5,+19.7,AB	
1702059872.007807	+6.73,+5.2,+21.2,MB	+6.56,+20.0,+21.3,NA	+6.90,+2.0,+21.3,DB	+7.05,-5.6,+19.8,NB		+7.02,-2.7,+19.7,@B	
1702059934.0262449	+6.73,+5.2,+21.3,LB	+6.56,+20.1,+21.3,OA	+6.90,+2.0,+21.3,DB	+7.05,-5.3,+19.8,KB		+7.01,-2.3,+19.7,GB	
1702059996.048968	+6.73,+5.3,+21.2,LB	+6.56,+20.0,+21.3,NA	+6.90,+2.0,+21.3,DB	+7.05,-5.6,+19.8,NB		+7.02,-2.7,+19.7,@B	
1702060058.0655417	+6.73,+5.2,+21.3,LB	+6.56,+20.1,+21.4,HA	+6.90,+2.0,+21.3,DB	+7.05,-5.6,+19.8,NB		+7.02,-2.8,+19.7,OB	
1702060120.0795836	+6.73,+5.2,+21.2,MB	+6.56,+20.1,+21.3,OA	+6.90,+2.0,+21.3,DB	+7.05,-5.3,+19.8,KB		+7.01,-2.4,+19.7,@B	
1702060182.1008012	+6.73,+5.2,+21.2,MB	+6.56,+20.0,+21.3,NA	+6.90,+2.0,+21.3,DB	+7.05,-5.3,+19.8,KB		+7.01,-2.4,+19.8,OB	
1702060244.11774	+6.73,+5.2,+21.3,LB	+6.56,+19.9,+21.3,MA	+6.91,+1.9,+21.3,OB	+7.05,-5.5,+19.8,MB		+7.01,-2.4,+19.7,@B	
1702060306.13302	+6.73,+5.2,+21.2,MB	+6.56,+20.0,+21.3,NA	+6.90,+2.1,+21.3,EB	+7.05,-5.3,+19.8,KB		+7.02,-2.8,+19.7,OB	
1702060368.156506	+6.73,+5.3,+21.2,LB	+6.56,+20.0,+21.3,NA	+6.90,+1.9,+21.3,NB	+7.05,-5.6,+19.8,NB		+7.01,-2.3,+19.7,GB	
1702060430.177637	+6.73,+5.2,+21.2,MB	+6.56,+19.9,+21.3,MA	+6.90,+2.0,+21.3,DB	+7.05,-5.6,+19.8,NB		+7.02,-2.6,+19.7,AB	
1702060492.1973262	+6.73,+5.2,+21.2,MB	+6.56,+20.0,+21.3,NA	+6.90,+1.9,+21.3,NB	+7.05,-5.6,+19.8,NB		+7.01,-2.5,+19.7,AB	
1702060554.2139006	+6.73,+5.2,+21.2,MB	+6.56,+20.1,+21.4,HA	+6.90,+2.0,+21.3,DB	+7.05,-5.6,+19.8,NB		+7.01,-2.4,+19.7,@B	
1702060616.2325752	+6.73,+5.2,+21.2,MB	+6.56,+19.9,+21.3,MA	+6.90,+2.1,+21.3,EB	+7.05,-5.5,+19.8,MB		+7.02,-2.6,+19.7,AB	
1702060678.2465992	+6.73,+5.2,+21.2,MB	+6.56,+19.9,+21.3,MA	+6.90,+2.1,+21.3,EB	+7.05,-5.6,+19.8,NB		+7.02,-2.7,+19.7,@B	
1702060740.2626042	+6.73,+5.2,+21.2,MB	+6.56,+20.0,+21.3,NA	+6.90,+2.0,+21.3,DB	+7.05,-5.4,+19.8,LB		+7.01,-2.3,+19.7,GB	
1702060802.2803671	+6.73,+5.2,+21.3,LB	+6.56,+19.9,+21.3,MA	+6.90,+2.1,+21.3,EB	+7.05,-5.5,+19.8,MB		+7.01,-2.4,+19.7,@B	
1702060864.2983685	+6.73,+5.2,+21.2,MB	+6.56,+20.0,+21.3,NA	+6.90,+2.0,+21.3,DB	+7.05,-5.6,+19.8,NB		+7.01,-2.4,+19.7,@B	
1702060926.3155522	+6.73,+5.2,+21.2,MB	+6.56,+20.0,+21.3,NA	+6.91,+1.9,+21.3,OB	+7.05,-5.4,+19.8,LB		+7.01,-2.4,+19.7,@B	
1702060988.320736	+6.73,+5.2,+21.2,MB	+6.56,+19.9,+21.3,MA	+6.91,+1.9,+21.3,OB	+7.05,-5.4,+19.8,LB		+7.02,-2.6,+19.7,AB	
1702061050.327204	+6.73,+5.1,+21.2,NB	+6.56,+20.0,+21.3,NA	+6.91,+1.9,+21.3,OB	+7.05,-5.3,+19.8,KB		+7.02,-2.7,+19.7,@B	
1702061112.3367364	+6.73,+5.2,+21.2,MB	+6.56,+19.9,+21.3,MA	+6.91,+1.9,+21.3,OB	+7.05,-5.5,+19.8,MB		+7.02,-2.8,+19.7,OB	
1702061174.358651	+6.73,+5.2,+21.3,LB	+6.56,+19.9,+21.3,MA	+6.90,+1.9,+21.3,NB	+7.05,-5.6,+19.8,NB		+7.02,-2.7,+19.7,@B	
1702061236.3806107	+6.73,+5.1,+21.3,OB	+6.56,+20.1,+21.3,OA	+6.91,+1.9,+21.3,OB	+7.05,-5.3,+19.8,KB		+7.01,-2.4,+19.7,@B	
1702061298.399312	+6.73,+5.1,+21.2,NB	+6.56,+19.9,+21.3,MA	+6.91,+1.9,+21.3,OB	+7.05,-5.4,+19.8,LB		+7.01,-2.5,+19.7,AB	
1702061360.41309	+6.73,+5.2,+21.2,MB	+6.56,+20.1,+21.3,OA	+6.90,+2.0,+21.3,DB	+7.05,-5.5,+19.8,MB		+7.02,-2.6,+19.7,AB	
1702061422.4260745	+6.73,+5.1,+21.2,NB	+6.56,+20.1,+21.3,OA	+6.90,+2.0,+21.3,DB	+7.05,-5.6,+19.8,NB		+7.02,-2.8,+19.7,OB	
1702061484.4482424	+6.73,+5.2,+21.2,MB	+6.56,+19.8,+21.3,LA	+6.90,+2.0,+21.3,DB	+7.05,-5.5,+19.8,MB		+7.01,-2.3,+19.7,GB	
1702061546.4736886	+6.73,+5.1,+21.2,NB	+6.56,+19.9,+21.3,MA	+6.90,+2.0,+21.3,DB	+7.05,-5.6,+19.8,NB		+7.01,-2.3,+19.7,GB	
1702061608.48789	+6.73,+5.2,+21.2,MB	+6.56,+20.0,+21.3,NA	+6.90,+2.1,+21.3,EB	+7.05,-5.3,+19.8,KB		+7.02,-2.6,+19.7,AB	
1702061670.5042825	+6.73,+5.2,+21.2,MB	+6.56,+20.1,+21.3,OA	+6.91,+1.9,+21.3,OB	+7.05,-5.6,+19.8,NB		+7.01,-2.4,+19.7,@B	
1702061732.5222473	+6.73,+5.2,+21.2,MB	+6.56,+19.9,+21.3,MA	+6.90,+2.0,+21.3,DB	+7.05,-5.6,+19.8,NB		+7.01,-2.5,+19.7,AB	
1702061979.2524376	+6.73,+5.1,+21.3,OB	+6.56,+20.1,+21.3,OA	+6.90,+2.0,+21.3,DB	+7.05,-5.4,+19.8,LB		+7.01,-2.3,+19.7,GB	
1702062041.2705219	+6.73,+5.2,+21.2,MB	+6.56,+20.0,+21.3,NA	+6.90,+2.0,+21.3,DB	+7.05,-5.5,+19.8,MB		+7.01,-2.5,+19.7,AB	
1702062103.2861304	+6.73,+5.2,+21.2,MB	+6.56,+20.0,+21.3,NA	+6.90,+2.0,+21.3,DB	+7.05,-5.6,+19.8,NB		+7.02,-2.6,+19.7,AB	
1702062165.3022707	+6.73,+5.1,+21.2,NB	+6.56,+20.1,+21.3,OA	+6.90,+2.0,+21.3,DB	+7.05,-5.7,+19.8,OB		+7.02,-2.6,+19.7,AB	
1702062227.322326	+6.73,+5.1,+21.3,OB	+6.56,+19.9,+21.3,MA	+6.90,+2.0,+21.3,DB	+7.05,-5.6,+19.8,NB		+7.01,-2.4,+19.7,@B	
1702062289.3418133	+6.73,+5.1,+21.2,NB	+6.56,+19.9,+21.3,MA	+6.90,+2.0,+21.3,DB	+7.05,-5.7,+19.8,OB		+7.01,-2.3,+19.7,GB	
1702062351.3607845	+6.73,+5.1,+21.2,NB	+6.56,+20.0,+21.3,NA	+6.90,+2.0,+21.3,DB	+7.05,-5.6,+19.8,NB		+7.01,-2.5,+19.7,AB	
1702062413.3736022	+6.73,+5.2,+21.2,MB	+6.56,+19.8,+21.3,LA	+6.91,+1.8,+21.3,NB	+7.05,-5.5,+19.8,MB		+7.02,-2.7,+19.7,@B	
1702062475.3884475	+6.73,+5.1,+21.2,NB	+6.56,+19.9,+21.3,MA	+6.91,+1.9,+21.3,OB	+7.05,-5.4,+19.7,CB		+7.02,-2.8,+19.7,OB	
1702062537.4040487	+6.73,+5.1,+21.2,NB	+6.56,+19.9,+21.3,MA	+6.90,+1.9,+21.3,NB	+7.05,-5.4,+19.8,LB		+7.01,-2.5,+19.7,AB	
1702062599.4197655	+6.73,+5.1,+21.2,NB	+6.56,+19.8,+21.3,LA	+6.91,+1.8,+21.3,NB	+7.05,-5.7,+19.8,OB		+7.02,-2.7,+19.7,@B	
1702062661.4411106	+6.73,+5.1,+21.2,NB	+6.56,+19.8,+21.3,LA	+6.90,+1.9,+21.3,NB	+7.05,-5.7,+19.8,OB		+7.02,-2.8,+19.7,OB	
1702062723.4563043	+6.73,+5.1,+21.2,NB	+6.56,+19.9,+21.3,MA	+6.90,+2.0,+21.3,DB	+7.05,-5.4,+19.8,LB		+7.01,-2.4,+19.7,@B	
1702062785.4727824	+6.73,+5.1,+21.2,NB	+6.56,+19.9,+21.3,MA	+6.90,+2.0,+21.3,DB	+7.05,-5.4,+19.8,LB		+7.01,-2.5,+19.7,AB	
1702062847.4899385	+6.73,+5.1,+21.2,NB	+6.56,+20.0,+21.3,NA	+6.90,+2.0,+21.3,DB	+7.05,-5.5,+19.8,MB		+7.02,-2.7,+19.7,@B	
1702062909.496705	+6.73,+5.1,+21.2,NB	+6.56,+19.8,+21.3,LA	+6.91,+1.9,+21.3,OB	+7.05,-5.7,+19.8,OB		+7.01,-2.5,+19.7,AB	
1702062971.5024188	+6.73,+5.1,+21.2,NB	+6.56,+19.8,+21.3,LA	+6.91,+1.8,+21.3,NB	+7.05,-5.7,+19.8,OB		+7.01,-2.4,+19.7,@B	
1702063033.522268	+6.74,+5.1,+21.2,IB	+6.56,+20.0,+21.3,NA	+6.91,+1.9,+21.3,OB	+7.05,-5.5,+19.8,MB		+7.02,-2.6,+19.7,AB	
1702063095.5355098	+6.73,+5.1,+21.2,NB	+6.56,+19.7,+21.3,CA	+6.91,+1.9,+21.3,OB	+7.05,-5.5,+19.8,MB		+7.01,-2.5,+19.7,AB	
1702063157.5486913	+6.73,+5.1,+21.2,NB	+6.56,+19.8,+21.3,LA	+6.91,+1.9,+21.3,OB	+7.05,-5.7,+19.8,OB		+7.01,-2.5,+19.7,AB	
1702063219.5612915	+6.74,+5.1,+21.2,IB	+6.56,+19.9,+21.3,MA	+6.91,+1.9,+21.3,OB	+7.05,-5.7,+19.7,@B		+7.01,-2.3,+19.7,GB	
1702063281.572672	+6.73,+5.1,+21.2,NB	+6.56,+20.0,+21.3,NA	+6.91,+1.8,+21.3,NB	+7.05,-5.5,+19.8,MB		+7.01,-2.3,+19.7,GB	
1702063343.5905836	+6.73,+5.1,+21.2,NB	+6.56,+19.8,+21.3,LA	+6.90,+2.0,+21.3,DB	+7.05,-5.4,+19.8,LB		+7.01,-2.5,+19.7,AB	
1702063405.6142366	+6.73,+5.1,+21.2,NB	+6.56,+19.9,+21.3,MA	+6.91,+1.9,+21.3,OB	+7.05,-5.3,+19.8,KB		+7.01,-2.4,+19.7,@B	
1702063467.6263504	+6.73,+5.1,+21.2,NB	+6.56,+19.9,+21.3,MA	+6.90,+1.9,+21.3,NB	+7.05,-5.5,+19.8,MB		+7.02,-2.6,+19.7,AB	
1702063529.6385083	+6.73,+5.1,+21.2,NB	+6.56,+19.8,+21.3,LA	+6.91,+1.8,+21.3,NB	+7.05,-5.4,+19.7,CB		+7.01,-2.3,+19.7,GB	
1702063591.6533122	+6.73,+5.1,+21.2,NB	+6.56,+19.8,+21.3,LA	+6.91,+1.9,+21.3,OB	+7.05,-5.4,+19.7,CB		+7.02,-2.7,+19.7,@B	
1702063653.6736262	+6.73,+5.1,+21.2,NB	+6.56,+19.7,+21.3,CA	+6.90,+1.9,+21.3,NB	+7.05,-5.6,+19.8,NB		+7.01,-2.3,+19.7,GB	
1702063715.6807675	+6.73,+5.1,+21.2,NB	+6.56,+20.0,+21.3,NA	+6.90,+1.9,+21.3,NB	+7.05,-5.7,+19.8,OB		+7.01,-2.4,+19.7,@B	
1702063777.6994972	+6.73,+5.1,+21.2,NB	+6.56,+20.0,+21.3,NA	+6.90,+2.0,+21.3,DB	+7.05,-5.5,+19.8,MB		+7.02,-2.6,+19.7,AB	
1702063839.7108123	+6.73,+5.1,+21.2,NB	+6.56,+19.8,+21.3,LA	+6.91,+1.9,+21.3,OB	+7.05,-5.4,+19.7,CB		+7.02,-2.8,+19.7,OB	
1702063901.7196174	+6.73,+5.1,+21.2,NB	+6.56,+19.9,+21.3,MA	+6.90,+1.9,+21.3,NB	+7.05,-5.7,+19.8,OB		+7.01,-2.5,+19.7,AB	
1702063963.7377098	+6.74,+5.1,+21.2,IB	+6.56,+19.9,+21.3,MA	+6.90,+1.9,+21.3,NB	+7.05,-5.5,+19.8,MB		+7.01,-2.3,+19.7,GB	
1702064025.7578218	+6.73,+5.1,+21.2,NB	+6.56,+19.9,+21.3,MA	+6.91,+1.9,+21.3,OB	+7.05,-5.7,+19.8,OB		+7.02,-2.6,+19.7,AB	
1702064087.7750602	+6.74,+5.0,+21.2,HB	+6.56,+19.9,+21.3,MA	+6.90,+2.0,+21.3,DB	+7.05,-5.5,+19.8,MB		+7.01,-2.4,+19.7,@B	
1702064149.784644	+6.74,+5.1,+21.2,IB	+6.56,+19.8,+21.3,LA	+6.90,+1.9,+21.3,NB	+7.05,-5.7,+19.8,OB		+7.02,-2.6,+19.7,AB	
1702064211.79617	+6.74,+5.0,+21.2,HB	+6.56,+19.9,+21.3,MA	+6.90,+1.9,+21.3,NB	+7.05,-5.5,+19.8,MB		+7.02,-2.7,+19.7,@B	
1702064273.8077424	+6.73,+5.1,+21.2,NB	+6.56,+19.7,+21.3,CA	+6.90,+2.0,+21.3,DB	+7.05,-5.4,+19.8,LB		+7.01,-2.4,+19.7,@B	
1702064335.8189378	+6.74,+5.1,+21.2,IB	+6.57,+19.7,+21.3,BA	+6.91,+1.9,+21.3,OB	+7.05,-5.4,+19.8,LB		+7.01,-2.5,+19.7,AB	
1702064397.8316581	+6.74,+5.1,+21.2,IB	+6.56,+19.8,+21.3,LA	+6.91,+1.9,+21.3,OB	+7.05,-5.3,+19.8,KB		+7.02,-2.8,+19.7,OB	
1702064459.84189	+6.74,+5.0,+21.3,IB	+6.56,+19.7,+21.3,CA	+6.91,+1.9,+21.3,OB	+7.05,-5.6,+19.7,AB		+7.01,-2.3,+19.7,GB	
1702064521.8624244	+6.74,+5.0,+21.2,HB	+6.56,+19.7,+21.3,CA	+6.91,+1.9,+21.3,OB	+7.05,-5.3,+19.8,KB		+7.02,-2.8,+19.7,OB	
1702064583.8726797	+6.74,+5.1,+21.2,IB	+6.56,+19.8,+21.3,LA	+6.90,+2.0,+21.3,DB	+7.05,-5.4,+19.8,LB		+7.02,-2.8,+19.7,OB	
1702064645.8816617	+6.74,+5.1,+21.2,IB	+6.56,+19.9,+21.3,MA	+6.91,+1.8,+21.3,NB	+7.05,-5.4,+19.8,LB		+7.01,-2.4,+19.7,@B	
1702064707.8903553	+6.74,+5.0,+21.2,HB	+6.56,+19.8,+21.3,LA	+6.91,+1.9,+21.3,OB	+7.05,-5.3,+19.8,KB		+7.01,-2.3,+19.7,GB	
1702064769.8982272	+6.74,+5.0,+21.2,HB	+6.56,+19.8,+21.3,LA	+6.91,+1.8,+21.3,NB	+7.05,-5.5,+19.8,MB		+7.01,-2.3,+19.7,GB	
1702064831.906775	+6.74,+5.0,+21.2,HB	+6.56,+19.8,+21.3,LA	+6.90,+2.0,+21.3,DB	+7.05,-5.6,+19.8,NB		+7.02,-2.8,+19.7,OB	
1702064893.9189618	+6.74,+5.0,+21.3,IB	+6.56,+19.7,+21.3,CA	+6.91,+1.8,+21.3,NB	+7.05,-5.4,+19.8,LB		+7.01,-2.3,+19.7,GB	
1702064955.926127	+6.74,+5.0,+21.2,HB	+6.57,+19.7,+21.3,BA	+6.91,+1.8,+21.3,NB	+7.05,-5.4,+19.8,LB		+7.01,-2.3,+19.7,GB	
1702065017.9346504	+6.74,+5.0,+21.2,HB	+6.57,+19.7,+21.3,BA	+6.91,+1.9,+21.3,OB	+7.05,-5.5,+19.8,MB		+7.01,-2.3,+19.7,GB	
1702065079.9571223	+6.74,+5.0,+21.2,HB	+6.56,+19.9,+21.3,MA	+6.90,+2.0,+21.3,DB	+7.05,-5.6,+19.8,NB		+7.01,-2.5,+19.7,AB	
1702065141.9655263	+6.74,+5.1,+21.2,IB	+6.57,+19.7,+21.3,BA	+6.91,+1.9,+21.3,OB	+7.05,-5.6,+19.8,NB		+7.01,-2.5,+19.7,AB	
1702065203.9727771	+6.74,+5.0,+21.2,HB	+6.56,+19.8,+21.3,LA	+6.91,+1.9,+21.3,OB	+7.05,-5.6,+19.8,NB		+7.01,-2.3,+19.7,GB	
1702065265.99085	+6.74,+5.1,+21.3,HB	+6.56,+19.7,+21.3,CA	+6.91,+1.8,+21.3,NB	+7.05,-5.3,+19.8,KB		+7.02,-2.7,+19.7,@B	
1702065328.0103621	+6.74,+5.1,+21.2,IB	+6.56,+19.7,+21.3,CA	+6.90,+2.0,+21.3,DB	+7.05,-5.3,+19.8,KB		+7.01,-2.4,+19.7,@B	
1702065390.0298698	+6.74,+5.0,+21.2,HB	+6.56,+19.8,+21.3,LA	+6.91,+1.8,+21.3,NB	+7.05,-5.7,+19.8,OB		+7.02,-2.6,+19.7,AB	
1702065452.0458035	+6.74,+5.1,+21.2,IB	+6.56,+19.9,+21.3,MA	+6.91,+1.9,+21.3,OB	+7.05,-5.6,+19.8,NB		+7.02,-2.6,+19.7,AB	
1702065514.0702677	+6.74,+5.0,+21.2,HB	+6.56,+19.7,+21.3,CA	+6.91,+1.9,+21.3,OB	+7.05,-5.3,+19.8,KB		+7.01,-2.3,+19.7,GB	
1702065576.0877066	+6.74,+5.0,+21.2,HB	+6.56,+19.8,+21.3,LA	+6.90,+2.0,+21.3,DB	+7.05,-5.3,+19.8,KB		+7.01,-2.4,+19.7,@B	
1702065822.8098524	+6.74,+5.1,+21.2,IB	+6.57,+19.6,+21.3,CA	+6.91,+1.9,+21.3,OB	+7.05,-5.4,+19.8,LB		+7.02,-2.6,+19.7,AB	
1702065884.821734	+6.74,+5.0,+21.2,HB	+6.56,+19.8,+21.3,LA	+6.91,+1.9,+21.3,OB	+7.05,-5.5,+19.8,MB		+7.01,-2.4,+19.7,@B	
1702065946.8328338	+6.73,+5.1,+21.2,NB	+6.56,+19.8,+21.3,LA	+6.91,+1.8,+21.3,NB	+7.05,-5.4,+19.8,LB		+7.01,-2.3,+19.7,GB	
1702066008.8419483	+6.74,+5.0,+21.2,HB	+6.56,+19.7,+21.3,CA	+6.91,+1.8,+21.3,NB	+7.05,-5.3,+19.8,KB		+7.02,-2.7,+19.7,@B	
1702066070.8609025	+6.73,+5.1,+21.2,NB	+6.56,+19.7,+21.3,CA	+6.91,+1.9,+21.3,OB	+7.05,-5.4,+19.7,CB		+7.02,-2.6,+19.7,AB	
1702066132.8805609	+6.73,+5.1,+21.2,NB	+6.57,+19.6,+21.3,CA	+6.91,+1.8,+21.3,NB	+7.05,-5.5,+19.8,MB		+7.01,-2.6,+19.7,BB	
1702066194.8900666	+6.73,+5.1,+21.2,NB	+6.57,+19.6,+21.3,CA	+6.91,+1.8,+21.3,NB	+7.05,-5.6,+19.8,NB		+7.01,-2.3,+19.7,GB	
1702066256.8991013	+6.73,+5.1,+21.2,NB	+6.57,+19.6,+21.3,CA	+6.91,+1.7,+21.3,AB	+7.05,-5.6,+19.8,NB		+7.01,-2.5,+19.7,AB	
1702066318.908375	+6.73,+5.1,+21.2,NB	+6.57,+19.5,+21.3,@A	+6.91,+1.9,+21.3,OB	+7.05,-5.5,+19.8,MB		+7.01,-2.4,+19.7,@B	
1702066380.9165037	+6.73,+5.1,+21.3,OB	+6.56,+19.7,+21.3,CA	+6.91,+1.8,+21.3,NB	+7.05,-5.5,+19.7,BB		+7.02,-2.8,+19.7,OB	
1702066442.9395695	+6.73,+5.1,+21.2,NB	+6.57,+19.4,+21.3,AA	+6.91,+1.8,+21.3,NB	+7.05,-5.4,+19.8,LB		+7.01,-2.4,+19.7,@B	
1702066504.9467924	+6.73,+5.1,+21.2,NB	+6.57,+19.5,+21.3,@A	+6.91,+1.9,+21.3,OB	+7.05,-5.4,+19.8,LB		+7.01,-2.5,+19.7,AB	
1702066566.9683795	+6.73,+5.1,+21.2,NB	+6.56,+19.7,+21.3,CA	+6.91,+1.8,+21.3,NB	+7.05,-5.4,+19.8,LB		+7.01,-2.4,+19.7,@B	
1702066628.975113	+6.73,+5.1,+21.2,NB	+6.57,+19.7,+21.3,BA	+6.91,+1.9,+21.3,OB	+7.05,-5.4,+19.8,LB		+7.01,-2.4,+19.7,@B	
1702066690.9825659	+6.73,+5.1,+21.2,NB	+6.57,+19.6,+21.3,CA	+6.90,+1.9,+21.3,NB	+7.05,-5.6,+19.7,AB		+7.01,-2.4,+19.7,@B	
1702066752.9956083	+6.73,+5.1,+21.2,NB	+6.56,+19.7,+21.3,CA	+6.91,+1.8,+21.3,NB	+7.05,-5.4,+19.8,LB		+7.02,-2.6,+19.7,AB	
1702066815.015784	+6.73,+5.1,+21.2,NB	+6.57,+19.6,+21.3,CA	+6.91,+1.9,+21.3,OB	+7.05,-5.6,+19.7,AB		+7.01,-2.4,+19.7,@B	
1702066877.030343	+6.74,+5.0,+21.2,HB	+6.57,+19.7,+21.3,BA	+6.91,+1.8,+21.3,NB	+7.05,-5.6,+19.8,NB		+7.01,-2.5,+19.7,AB	
1702066939.0518558	+6.74,+5.0,+21.2,HB	+6.57,+19.7,+21.3,BA	+6.91,+1.7,+21.3,AB	+7.05,-5.3,+19.8,KB		+7.02,-2.7,+19.7,@B	
1702067001.066962	+6.74,+5.0,+21.2,HB	+6.56,+19.7,+21.3,CA	+6.91,+1.7,+21.3,AB	+7.05,-5.4,+19.8,LB		+7.02,-2.8,+19.8,@B	
1702067063.0809186	+6.73,+5.1,+21.2,NB	+6.57,+19.5,+21.3,@A	+6.90,+1.9,+21.3,NB	+7.05,-5.6,+19.8,NB		+7.01,-2.4,+19.7,@B	
1702067125.0987318	+6.73,+5.1,+21.3,OB	+6.57,+19.7,+21.3,BA	+6.91,+1.8,+21.3,NB	+7.05,-5.3,+19.8,KB		+7.01,-2.4,+19.7,@B	
1702067187.1172817	+6.73,+5.1,+21.2,NB	+6.56,+19.7,+21.3,CA	+6.91,+1.7,+21.3,AB	+7.05,-5.4,+19.8,LB		+7.01,-2.4,+19.7,@B	
1702067249.1341596	+6.74,+5.0,+21.3,IB	+6.56,+19.7,+21.3,CA	+6.91,+1.8,+21.3,NB	+7.05,-5.3,+19.8,KB		+7.01,-2.4,+19.7,@B	
1702067311.1508746	+6.73,+5.1,+21.2,NB	+6.56,+19.7,+21.3,CA	+6.91,+1.8,+21.3,NB	+7.05,-5.3,+19.8,KB		+7.01,-2.4,+19.7,@B	
1702067373.1584365	+6.74,+5.1,+21.2,IB	+6.56,+19.7,+21.3,CA	+6.91,+1.8,+21.3,NB	+7.05,-5.4,+19.8,LB		+7.01,-2.4,+19.7,@B	
1702067435.178113	+6.74,+5.1,+21.2,IB	+6.57,+19.6,+21.3,CA	+6.91,+1.8,+21.3,NB	+7.05,-5.5,+19.8,MB		+7.02,-2.7,+19.7,@B	
1702067497.1981328	+6.73,+5.1,+21.2,NB	+6.57,+19.5,+21.3,@A	+6.91,+1.8,+21.3,NB	+7.05,-5.7,+19.8,OB		+7.01,-2.4,+19.7,@B	
1702067559.2205112	+6.73,+5.1,+21.2,NB	+6.57,+19.6,+21.3,CA	+6.91,+1.8,+21.3,NB	+7.05,-5.3,+19.8,KB		+7.02,-2.7,+19.7,@B	
1702067621.2399263	+6.74,+5.0,+21.2,HB	+6.57,+19.6,+21.3,CA	+6.91,+1.9,+21.3,OB	+7.05,-5.3,+19.8,KB		+7.02,-2.7,+19.7,@B	
1702067683.2600904	+6.74,+5.1,+21.2,IB	+6.57,+19.7,+21.3,BA	+6.91,+1.8,+21.3,NB	+7.05,-5.3,+19.8,KB		+7.02,-2.6,+19.7,AB	
1702067745.2810934	+6.73,+5.1,+21.2,NB	+6.56,+19.8,+21.3,LA	+6.91,+1.9,+21.3,OB	+7.05,-5.4,+19.8,LB		+7.02,-2.7,+19.7,@B	
1702067807.2964904	+6.73,+5.1,+21.2,NB	+6.56,+19.7,+21.3,CA	+6.91,+1.9,+21.3,OB	+7.05,-5.6,+19.8,NB		+7.02,-2.6,+19.7,AB	
1702067869.313316	+6.74,+5.1,+21.3,HB	+6.56,+19.7,+21.3,CA	+6.91,+1.8,+21.3,NB	+7.05,-5.6,+19.8,NB		+7.02,-2.6,+19.7,AB	
1702067931.3301067	+6.74,+5.0,+21.2,HB	+6.57,+19.7,+21.3,BA	+6.91,+1.9,+21.3,OB	+7.05,-5.6,+19.8,NB		+7.01,-2.5,+19.8,NB	
1702067993.3484862	+6.74,+5.0,+21.2,HB	+6.57,+19.6,+21.3,CA	+6.91,+1.8,+21.3,NB	+7.05,-5.6,+19.8,NB		+7.01,-2.5,+19.7,AB	
1702068055.3679438	+6.74,+5.0,+21.2,HB	+6.56,+19.8,+21.3,LA	+6.91,+1.8,+21.3,NB	+7.05,-5.3,+19.8,KB		+7.01,-2.4,+19.8,OB	
1702068117.3870027	+6.74,+5.0,+21.3,IB	+6.57,+19.6,+21.3,CA	+6.91,+1.8,+21.3,NB	+7.05,-5.5,+19.8,MB		+7.02,-2.7,+19.7,@B	
1702068179.3965893	+6.74,+5.0,+21.2,HB	+6.56,+19.7,+21.3,CA	+6.91,+1.7,+21.3,AB	+7.05,-5.3,+19.8,KB		+7.02,-2.7,+19.8,OB	
1702068241.4159765	+6.74,+5.0,+21.2,HB	+6.57,+19.6,+21.3,CA	+6.91,+1.7,+21.3,AB	+7.05,-5.5,+19.8,MB		+7.02,-2.6,+19.7,AB	
1702068303.4350913	+6.74,+5.0,+21.2,HB	+6.57,+19.7,+21.3,BA	+6.91,+1.7,+21.3,AB	+7.05,-5.5,+19.8,MB		+7.02,-2.7,+19.7,@B	
1702068365.464093	+6.74,+5.0,+21.2,HB	+6.57,+19.6,+21.3,CA	+6.91,+1.8,+21.3,NB	+7.05,-5.5,+19.8,MB		+7.01,-2.3,+19.7,GB	
1702068427.4798856	+6.74,+5.0,+21.2,HB	+6.57,+19.6,+21.3,CA	+6.91,+1.8,+21.3,NB	+7.05,-5.6,+19.8,NB		+7.02,-2.6,+19.7,AB	
1702068489.486135	+6.74,+5.0,+21.2,HB	+6.56,+19.7,+21.3,CA	+6.91,+1.7,+21.3,AB	+7.05,-5.4,+19.8,LB		+7.02,-2.7,+19.7,@B	
1702068551.4924886	+6.74,+5.0,+21.3,IB	+6.56,+19.7,+21.3,CA	+6.91,+1.8,+21.3,NB	+7.05,-5.4,+19.8,LB		+7.01,-2.3,+19.7,GB	
1702068613.5129383	+6.74,+5.0,+21.2,HB	+6.56,+19.7,+21.3,CA	+6.91,+1.8,+21.3,NB	+7.05,-5.3,+19.8,KB		+7.01,-2.4,+19.8,OB	
1702068675.5304465	+6.74,+5.0,+21.3,IB	+6.57,+19.5,+21.3,@A	+6.91,+1.7,+21.3,AB	+7.05,-5.7,+19.8,OB		+7.02,-2.6,+19.7,AB	
1702068737.5444396	+6.74,+5.0,+21.3,IB	+6.57,+19.5,+21.3,@A	+6.91,+1.8,+21.3,NB	+7.05,-5.6,+19.8,NB		+7.01,-2.5,+19.7,AB	
1702068799.555368	+6.74,+5.0,+21.2,HB	+6.56,+19.7,+21.3,CA	+6.91,+1.8,+21.3,NB	+7.05,-5.3,+19.8,KB		+7.02,-2.7,+19.8,OB	
1702068861.5761275	+6.74,+5.0,+21.2,HB	+6.57,+19.7,+21.3,BA	+6.91,+1.9,+21.3,OB	+7.05,-5.4,+19.8,LB		+7.02,-2.6,+19.8,NB	
1702068923.596686	+6.74,+4.9,+21.2,@B	+6.57,+19.6,+21.4,DA	+6.91,+1.8,+21.3,NB	+7.05,-5.5,+19.8,MB		+7.02,-2.6,+19.7,AB	
1702068985.6093273	+6.74,+4.9,+21.2,@B	+6.57,+19.6,+21.3,CA	+6.91,+1.8,+21.3,NB	+7.05,-5.3,+19.8,KB		+7.02,-2.6,+19.8,NB	
1702069047.6231248	+6.74,+4.9,+21.2,@B	+6.56,+19.7,+21.3,CA	+6.91,+1.8,+21.3,NB	+7.05,-5.4,+19.8,LB		+7.02,-2.8,+19.7,OB	
1702069109.6351244	+6.74,+5.0,+21.2,HB	+6.56,+19.7,+21.3,CA	+6.91,+1.7,+21.3,AB	+7.05,-5.4,+19.8,LB		+7.02,-2.7,+19.7,@B	
1702069171.649227	+6.74,+4.9,+21.2,@B	+6.57,+19.7,+21.3,BA	+6.91,+1.8,+21.3,NB	+7.05,-5.6,+19.8,NB		+7.02,-2.8,+19.8,@B	
1702069233.6703444	+6.74,+4.9,+21.2,@B	+6.56,+19.8,+21.3,LA	+6.91,+1.8,+21.3,NB	+7.05,-5.4,+19.8,LB		+7.01,-2.4,+19.7,@B	
1702069295.6877835	+6.74,+5.0,+21.2,HB	+6.57,+19.7,+21.3,BA	+6.91,+1.8,+21.3,NB	+7.05,-5.3,+19.8,KB		+7.01,-2.3,+19.7,GB	
1702069357.6997874	+6.74,+4.9,+21.2,@B	+6.57,+19.5,+21.3,@A	+6.91,+1.7,+21.3,AB	+7.05,-5.4,+19.8,LB		+7.02,-2.7,+19.7,@B	
1702069419.708613	+6.74,+4.9,+21.2,@B	+6.57,+19.5,+21.3,@A	+6.91,+1.8,+21.3,NB	+7.05,-5.7,+19.8,OB		+7.01,-2.5,+19.7,AB	
1702069666.4704018	+6.74,+4.9,+21.2,@B	+6.57,+19.5,+21.3,@A	+6.91,+1.8,+21.3,NB	+7.05,-5.4,+19.8,LB		+7.01,-2.4,+19.7,@B	
1702069728.4920673	+6.74,+4.9,+21.2,@B	+6.57,+19.5,+21.3,@A	+6.91,+1.7,+21.3,AB	+7.05,-5.7,+19.8,OB		+7.01,-2.5,+19.7,AB	
1702069790.5165374	+6.74,+4.9,+21.2,@B	+6.57,+19.7,+21.3,BA	+6.91,+1.9,+21.3,OB	+7.05,-5.5,+19.8,MB		+7.01,-2.3,+19.7,GB	
1702069852.5290465	+6.74,+5.0,+21.2,HB	+6.56,+19.7,+21.3,CA	+6.91,+1.8,+21.3,NB	+7.05,-5.6,+19.8,NB		+7.02,-2.6,+19.7,AB	
1702069914.5415282	+6.74,+5.0,+21.2,HB	+6.57,+19.6,+21.3,CA	+6.91,+1.6,+21.3,@B	+7.05,-5.6,+19.8,NB		+7.02,-2.8,+19.7,OB	
1702069976.555276	+6.74,+4.9,+21.2,@B	+6.57,+19.5,+21.3,@A	+6.91,+1.7,+21.3,AB	+7.05,-5.5,+19.8,MB		+7.01,-2.4,+19.7,@B	
1702070038.576275	+6.74,+4.9,+21.2,@B	+6.57,+19.5,+21.3,@A	+6.91,+1.7,+21.3,AB	+7.05,-5.5,+19.8,MB		+7.01,-2.3,+19.7,GB	
1702070100.5936234	+6.74,+4.9,+21.2,@B	+6.57,+19.6,+21.3,CA	+6.91,+1.7,+21.3,AB	+7.05,-5.5,+19.8,MB		+7.01,-2.4,+19.7,@B	
1702070162.6075122	+6.74,+4.9,+21.2,@B	+6.56,+19.7,+21.3,CA	+6.91,+1.7,+21.3,AB	+7.05,-5.6,+19.8,NB		+7.02,-2.6,+19.7,AB	
1702070224.6261044	+6.74,+4.9,+21.3,AB	+6.57,+19.6,+21.3,CA	+6.91,+1.8,+21.3,NB	+7.05,-5.4,+19.8,LB		+7.01,-2.6,+19.7,BB	
1702070286.647622	+6.74,+4.9,+21.2,@B	+6.56,+19.7,+21.3,CA	+6.91,+1.7,+21.2,@B	+7.05,-5.6,+19.8,NB		+7.01,-2.4,+19.7,@B	
1702070348.6608944	+6.74,+4.9,+21.2,@B	+6.56,+19.7,+21.3,CA	+6.91,+1.7,+21.3,AB	+7.05,-5.7,+19.8,OB		+7.01,-2.3,+19.7,GB	
1702070410.6673057	+6.74,+4.9,+21.2,@B	+6.56,+19.7,+21.3,CA	+6.91,+1.8,+21.3,NB	+7.05,-5.7,+19.8,OB		+7.01,-2.5,+19.7,AB	
1702070472.6800885	+6.74,+4.9,+21.2,@B	+6.56,+19.7,+21.3,CA	+6.91,+1.7,+21.3,AB	+7.05,-5.6,+19.8,NB		+7.01,-2.3,+19.7,GB	
1702070534.6993296	+6.74,+4.9,+21.2,@B	+6.56,+19.8,+21.3,LA	+6.91,+1.7,+21.3,AB	+7.05,-5.6,+19.8,NB		+7.02,-2.7,+19.7,@B	
1702070596.7204852	+6.74,+4.9,+21.2,@B	+6.57,+19.7,+21.3,BA	+6.91,+1.8,+21.3,NB	+7.05,-5.4,+19.8,LB		+7.01,-2.5,+19.7,AB	
1702070658.7317486	+6.74,+4.9,+21.2,@B	+6.56,+19.7,+21.3,CA	+6.91,+1.7,+21.3,AB	+7.05,-5.6,+19.8,NB		+7.02,-2.8,+19.7,OB	
1702070720.751688	+6.74,+4.9,+21.2,@B	+6.57,+19.6,+21.3,CA	+6.91,+1.7,+21.3,AB	+7.05,-5.4,+19.8,LB		+7.01,-2.3,+19.7,GB	
1702070782.7711642	+6.74,+4.8,+21.2,AB	+6.56,+19.8,+21.3,LA	+6.91,+1.8,+21.3,NB	+7.05,-5.5,+19.8,MB		+7.02,-2.7,+19.7,@B	
1702070844.7828705	+6.74,+4.9,+21.2,@B	+6.56,+19.7,+21.3,CA	+6.91,+1.8,+21.3,NB	+7.05,-5.6,+19.8,NB		+7.01,-2.5,+19.7,AB	
1702070906.7879698	+6.74,+4.9,+21.2,@B	+6.56,+19.8,+21.3,LA	+6.91,+1.8,+21.3,NB	+7.05,-5.4,+19.8,LB		+7.02,-2.8,+19.7,OB	
1702070968.8084857	+6.74,+4.8,+21.2,AB	+6.56,+19.8,+21.3,LA	+6.91,+1.8,+21.3,NB	+7.05,-5.6,+19.8,NB		+7.01,-2.3,+19.7,GB	
1702071030.820813	+6.74,+4.9,+21.3,AB	+6.56,+19.8,+21.3,LA	+6.91,+1.8,+21.3,NB	+7.05,-5.3,+19.8,KB		+7.02,-2.6,+19.7,AB	
1702071092.840849	+6.74,+4.8,+21.3,@B	+6.56,+19.9,+21.3,MA	+6.91,+1.8,+21.3,NB	+7.05,-5.6,+19.8,NB		+7.01,-2.3,+19.8,HB	
1702071154.8692687	+6.74,+4.8,+21.2,AB	+6.56,+19.7,+21.3,CA	+6.91,+1.6,+21.3,@B	+7.05,-5.6,+19.8,NB		+7.02,-2.8,+19.8,@B	
1702071216.8783731	+6.74,+4.9,+21.2,@B	+6.56,+19.7,+21.3,CA	+6.91,+1.7,+21.3,AB	+7.05,-5.6,+19.8,NB		+7.02,-2.8,+19.8,@B	
1702071278.8952434	+6.74,+4.8,+21.3,@B	+6.56,+19.8,+21.3,LA	+6.91,+1.8,+21.3,NB	+7.05,-5.4,+19.8,LB		+7.01,-2.3,+19.8,HB	
1702071340.9148295	+6.74,+4.9,+21.3,AB	+6.56,+20.0,+21.3,NA	+6.91,+1.7,+21.3,AB	+7.05,-5.6,+19.8,NB		+7.02,-2.8,+19.8,@B	
1702071402.926243	+6.74,+4.9,+21.2,@B	+6.56,+19.8,+21.3,LA	+6.91,+1.7,+21.3,AB	+7.05,-5.4,+19.8,LB		+7.01,-2.4,+19.8,OB	
1702071464.9370565	+6.74,+4.8,+21.3,@B	+6.56,+19.8,+21.3,LA	+6.91,+1.8,+21.3,NB	+7.05,-5.4,+19.8,LB		+7.01,-2.3,+19.8,HB	
1702071526.9592462	+6.74,+4.9,+21.3,AB	+6.56,+19.9,+21.3,MA	+6.91,+1.7,+21.3,AB	+7.05,-5.6,+19.8,NB		+7.01,-2.3,+19.8,HB	
1702071588.96874	+6.74,+4.8,+21.3,@B	+6.56,+20.0,+21.4,IA	+6.91,+1.7,+21.3,AB	+7.05,-5.6,+19.8,NB		+7.02,-2.8,+19.8,@B	
1702071650.9777102	+6.74,+4.9,+21.2,@B	+6.56,+19.8,+21.3,LA	+6.91,+1.7,+21.3,AB	+7.05,-5.4,+19.8,LB		+7.02,-2.8,+19.8,@B	
1702071712.9983363	+6.74,+4.9,+21.2,@B	+6.56,+19.8,+21.3,LA	+6.91,+1.7,+21.3,AB	+7.05,-5.3,+19.8,KB		+7.02,-2.8,+19.8,@B	
1702071775.0173035	+6.74,+4.8,+21.2,AB	+6.56,+19.7,+21.3,CA	+6.91,+1.7,+21.3,AB	+7.05,-5.3,+19.8,KB		+7.02,-2.6,+19.8,NB	
1702071837.0323305	+6.74,+4.9,+21.3,AB	+6.56,+19.8,+21.3,LA	+6.91,+1.8,+21.3,NB	+7.05,-5.5,+19.8,MB		+7.02,-2.7,+19.8,OB	
1702071899.0482411	+6.74,+4.8,+21.3,@B	+6.56,+20.0,+21.3,NA	+6.91,+1.7,+21.3,AB	+7.05,-5.6,+19.8,NB		+7.02,-2.6,+19.8,NB	
1702071961.063648	+6.74,+4.9,+21.2,@B	+6.56,+20.0,+21.3,NA	+6.91,+1.7,+21.3,AB	+7.05,-5.6,+19.8,NB		+7.02,-2.7,+19.8,OB	
1702072023.0812323	+6.74,+4.8,+21.3,@B	+6.56,+20.0,+21.4,IA	+6.91,+1.8,+21.3,NB	+7.05,-5.7,+19.8,OB		+7.02,-2.8,+19.8,@B	
1702072085.1037478	+6.74,+4.9,+21.3,AB	+6.56,+20.0,+21.4,IA	+6.91,+1.7,+21.3,AB	+7.05,-5.6,+19.8,NB		+7.01,-2.5,+19.8,NB	
1702072147.1191108	+6.74,+4.8,+21.3,@B	+6.56,+20.1,+21.4,HA	+6.91,+1.8,+21.3,NB	+7.05,-5.7,+19.8,OB		+7.02,-2.8,+19.8,@B	
1702072209.1262414	+6.74,+4.8,+21.3,@B	+6.56,+19.9,+21.4,JA	+6.91,+1.7,+21.4,FB	+7.05,-5.5,+19.8,MB		+7.02,-2.8,+19.8,@B	
1702072271.1305518	+6.74,+4.9,+21.3,AB	+6.56,+20.1,+21.4,HA	+6.91,+1.7,+21.4,FB	+7.05,-5.7,+19.8,OB		+7.01,-2.3,+19.8,HB	
1702072333.1420496	+6.74,+4.9,+21.3,AB	+6.56,+20.0,+21.4,IA	+6.91,+1.6,+21.3,@B	+7.05,-5.4,+19.9,MB		+7.02,-2.7,+19.8,OB	
1702072395.1555903	+6.74,+4.8,+21.3,@B	+6.56,+19.9,+21.4,JA	+6.91,+1.6,+21.4,GB	+7.05,-5.4,+19.8,LB		+7.02,-2.9,+19.8,AB	
1702072457.1758537	+6.74,+4.9,+21.3,AB	+6.56,+20.0,+21.4,IA	+6.91,+1.6,+21.4,GB	+7.05,-5.4,+19.9,MB		+7.02,-2.8,+19.8,@B	
1702072519.190112	+6.74,+4.8,+21.3,@B	+6.56,+20.1,+21.4,HA	+6.91,+1.7,+21.4,FB	+7.05,-5.5,+19.8,MB		+7.01,-2.3,+19.8,HB	
1702072581.2040915	+6.74,+4.8,+21.3,@B	+6.56,+20.1,+21.4,HA	+6.91,+1.6,+21.4,GB	+7.05,-5.4,+19.9,MB		+7.02,-2.8,+19.9,AB	
1702072643.2142577	+6.74,+4.8,+21.3,@B	+6.56,+20.1,+21.4,HA	+6.91,+1.6,+21.4,GB	+7.05,-5.6,+19.9,OB		+7.02,-2.8,+19.8,@B	
1702072705.229669	+6.74,+4.8,+21.3,@B	+6.56,+20.0,+21.4,IA	+6.91,+1.7,+21.4,FB	+7.05,-5.5,+19.9,LB		+7.01,-2.5,+19.8,NB	
1702072767.243564	+6.74,+4.8,+21.3,@B	+6.56,+20.1,+21.4,HA	+6.91,+1.6,+21.4,GB	+7.05,-5.6,+19.9,OB		+7.02,-2.8,+19.8,@B	
1702072829.2556407	+6.74,+4.8,+21.3,@B	+6.56,+19.9,+21.4,JA	+6.91,+1.6,+21.4,GB	+7.05,-5.4,+19.9,MB		+7.02,-2.8,+19.8,@B	
1702072891.2711864	+6.74,+4.8,+21.3,@B	+6.56,+20.0,+21.4,IA	+6.91,+1.6,+21.4,GB	+7.05,-5.4,+19.9,MB		+7.02,-2.8,+19.8,@B	
1702072953.2871513	+6.74,+4.8,+21.3,@B	+6.56,+20.1,+21.4,HA	+6.91,+1.5,+21.4,DB	+7.05,-5.6,+19.9,OB		+7.02,-2.6,+19.8,NB	
1702073015.3069975	+6.74,+4.8,+21.3,@B	+6.56,+20.1,+21.4,HA	+6.91,+1.7,+21.4,FB	+7.05,-5.4,+19.9,MB		+7.02,-2.7,+19.9,NB	
1702073077.3283932	+6.74,+4.8,+21.3,@B	+6.56,+20.1,+21.4,HA	+6.91,+1.7,+21.4,FB	+7.05,-5.6,+19.9,OB		+7.02,-2.6,+19.8,NB	
1702073139.3455234	+6.74,+4.8,+21.3,@B	+6.56,+20.0,+21.4,IA	+6.91,+1.6,+21.4,GB	+7.05,-5.4,+19.9,MB		+7.02,-2.8,+19.8,@B	
1702073201.3650224	+6.74,+4.8,+21.3,@B	+6.56,+20.0,+21.4,IA	+6.91,+1.6,+21.4,GB	+7.05,-5.4,+19.9,MB		+7.01,-2.4,+19.8,OB	
1702073263.3787978	+6.74,+4.8,+21.3,@B	+6.56,+20.1,+21.4,HA	+6.91,+1.7,+21.4,FB	+7.05,-5.6,+19.9,OB		+7.01,-2.5,+19.9,OB	
1702073510.1541572	+6.74,+4.8,+21.3,@B	+6.56,+20.2,+21.4,KA	+6.91,+1.7,+21.4,FB	+7.05,-5.7,+19.9,NB		+7.02,-2.6,+19.8,NB	
1702073572.1828165	+6.74,+4.9,+21.3,AB	+6.56,+20.1,+21.4,HA	+6.91,+1.5,+21.4,DB	+7.05,-5.5,+19.9,LB		+7.01,-2.3,+19.9,IB	
1702073634.1998534	+6.74,+4.9,+21.3,AB	+6.56,+20.0,+21.4,IA	+6.91,+1.7,+21.4,FB	+7.05,-5.5,+19.9,LB		+7.02,-2.7,+19.8,OB	
1702073696.2202199	+6.74,+4.9,+21.3,AB	+6.56,+20.1,+21.4,HA	+6.91,+1.5,+21.4,DB	+7.05,-5.5,+19.9,LB		+7.01,-2.5,+19.8,NB	
1702073758.2392368	+6.74,+4.9,+21.3,AB	+6.56,+20.1,+21.4,HA	+6.91,+1.5,+21.4,DB	+7.05,-5.5,+19.9,LB		+7.02,-2.6,+19.8,NB	
1702073820.2552834	+6.74,+4.9,+21.3,AB	+6.56,+20.1,+21.4,HA	+6.91,+1.7,+21.4,FB	+7.05,-5.5,+19.9,LB		+7.01,-2.4,+19.8,OB	
1702073882.27236	+6.74,+4.9,+21.3,AB	+6.56,+20.0,+21.4,IA	+6.91,+1.6,+21.4,GB	+7.05,-5.4,+19.9,MB		+7.02,-2.7,+19.8,OB	
1702073944.2879293	+6.74,+5.0,+21.3,IB	+6.56,+20.1,+21.4,HA	+6.91,+1.7,+21.4,FB	+7.05,-5.4,+19.9,MB		+7.01,-2.4,+19.8,OB	
1702074006.3053105	+6.74,+4.9,+21.3,AB	+6.56,+20.2,+21.4,KA	+6.91,+1.6,+21.4,GB	+7.05,-5.6,+19.9,OB		+7.02,-2.8,+19.8,@B	
1702074068.3137321	+6.74,+4.9,+21.3,AB	+6.56,+20.1,+21.4,HA	+6.91,+1.7,+21.4,FB	+7.05,-5.4,+19.8,LB		+7.01,-2.4,+19.8,OB	
1702074130.3212109	+6.74,+4.9,+21.3,AB	+6.56,+20.2,+21.4,KA	+6.91,+1.5,+21.4,DB	+7.05,-5.7,+19.9,NB		+7.02,-2.8,+19.8,@B	
1702074192.3339093	+6.74,+4.9,+21.3,AB	+6.56,+20.0,+21.4,IA	+6.91,+1.7,+21.4,FB	+7.05,-5.3,+19.9,JB		+7.01,-2.4,+19.8,OB	
1702074254.3447573	+6.74,+4.9,+21.3,AB	+6.56,+20.2,+21.4,KA	+6.91,+1.7,+21.4,FB	+7.05,-5.6,+19.9,OB		+7.01,-2.4,+19.8,OB	
1702074316.348798	+6.74,+4.9,+21.3,AB	+6.56,+20.1,+21.4,HA	+6.91,+1.6,+21.4,GB	+7.05,-5.4,+19.9,MB		+7.02,-2.7,+19.8,OB	
1702074378.350423	+6.74,+4.9,+21.3,AB	+6.56,+20.1,+21.4,HA	+6.91,+1.6,+21.4,GB	+7.05,-5.6,+19.9,OB		+7.01,-2.5,+19.8,NB	
1702074440.3602302	+6.74,+4.9,+21.3,AB	+6.56,+20.2,+21.4,KA	+6.91,+1.7,+21.4,FB	+7.05,-5.6,+19.8,NB		+7.01,-2.5,+19.8,NB	
1702074502.3697574	+6.74,+4.9,+21.3,AB	+6.56,+20.1,+21.4,HA	+6.91,+1.5,+21.4,DB	+7.05,-5.4,+19.8,LB		+7.01,-2.5,+19.8,NB	
1702074564.378325	+6.74,+4.9,+21.3,AB	+6.56,+20.1,+21.4,HA	+6.91,+1.5,+21.3,CB	+7.05,-5.4,+19.9,MB		+7.01,-2.5,+19.8,NB	
1702074626.3886082	+6.74,+4.9,+21.3,AB	+6.56,+20.1,+21.4,HA	+6.91,+1.5,+21.4,DB	+7.05,-5.4,+19.9,MB		+7.01,-2.5,+19.8,NB	
1702074688.3982928	+6.74,+4.9,+21.3,AB	+6.56,+20.3,+21.4,JA	+6.91,+1.7,+21.4,FB	+7.05,-5.7,+19.9,NB		+7.02,-2.7,+19.8,OB	
1702074750.4065256	+6.74,+4.9,+21.3,AB	+6.56,+20.1,+21.4,HA	+6.91,+1.5,+21.4,DB	+7.05,-5.4,+19.8,LB		+7.01,-2.5,+19.8,NB	
1702074812.4171479	+6.74,+4.9,+21.3,AB	+6.56,+20.2,+21.4,KA	+6.91,+1.5,+21.4,DB	+7.05,-5.4,+19.9,MB		+7.01,-2.4,+19.8,OB	
1702074874.4262695	+6.74,+4.8,+21.3,@B	+6.56,+20.3,+21.4,JA	+6.91,+1.6,+21.4,GB	+7.05,-5.5,+19.9,LB		+7.01,-2.3,+19.8,HB	
1702074936.4356518	+6.74,+4.9,+21.3,AB	+6.56,+20.2,+21.4,KA	+6.91,+1.7,+21.4,FB	+7.05,-5.5,+19.8,MB		+7.02,-2.8,+19.8,@B	
1702074998.4409335	+6.74,+4.9,+21.3,AB	+6.56,+20.2,+21.4,KA	+6.91,+1.7,+21.4,FB	+7.05,-5.5,+19.8,MB		+7.02,-2.8,+19.8,@B	
1702075060.4514856	+6.74,+4.9,+21.3,AB	+6.55,+20.3,+21.4,IA	+6.91,+1.6,+21.4,GB	+7.05,-5.6,+19.8,NB		+7.01,-2.4,+19.8,OB	
1702075122.4608784	+6.74,+4.8,+21.3,@B	+6.56,+20.3,+21.4,JA	+6.91,+1.5,+21.4,DB	+7.05,-5.5,+19.9,LB		+7.02,-2.6,+19.8,NB	
1702075184.4711857	+6.74,+4.9,+21.3,AB	+6.55,+20.3,+21.4,IA	+6.91,+1.5,+21.4,DB	+7.05,-5.6,+19.9,OB		+7.02,-2.7,+19.8,OB	
1702075246.481025	+6.74,+4.9,+21.3,AB	+6.56,+20.2,+21.4,KA	+6.91,+1.6,+21.4,GB	+7.05,-5.5,+19.8,MB		+7.01,-2.4,+19.8,OB	
1702075308.4898274	+6.74,+4.8,+21.3,@B	+6.56,+20.3,+21.4,JA	+6.91,+1.6,+21.4,GB	+7.05,-5.6,+19.8,NB		+7.01,-2.6,+19.8,MB	
1702075370.4991016	+6.74,+4.9,+21.3,AB	+6.56,+20.1,+21.4,HA	+6.91,+1.7,+21.3,AB	+7.05,-5.3,+19.8,KB		+7.01,-2.4,+19.8,OB	
1702075432.5082097	+6.74,+4.9,+21.3,AB	+6.55,+20.3,+21.4,IA	+6.91,+1.6,+21.3,@B	+7.05,-5.5,+19.8,MB		+7.02,-2.7,+19.8,OB	
1702075494.5180066	+6.74,+4.9,+21.3,AB	+6.56,+20.2,+21.4,KA	+6.91,+1.7,+21.3,AB	+7.05,-5.5,+19.8,MB		+7.01,-2.4,+19.8,OB	
1702075556.527412	+6.74,+4.9,+21.3,AB	+6.55,+20.3,+21.4,IA	+6.91,+1.6,+21.3,@B	+7.05,-5.6,+19.8,NB		+7.02,-2.8,+19.8,@B	
1702075618.5370812	+6.74,+4.9,+21.3,AB	+6.55,+20.3,+21.4,IA	+6.91,+1.6,+21.3,@B	+7.05,-5.6,+19.8,NB		+7.02,-2.8,+19.8,@B	
1702075680.5464864	+6.74,+4.9,+21.3,AB	+6.56,+20.2,+21.4,KA	+6.91,+1.5,+21.3,CB	+7.05,-5.6,+19.8,NB		+7.02,-2.7,+19.8,OB	
1702075742.560845	+6.74,+4.9,+21.3,AB	+6.56,+20.2,+21.4,KA	+6.91,+1.6,+21.3,@B	+7.05,-5.3,+19.8,KB		+7.02,-2.8,+19.8,@B	
1702075804.5701396	+6.74,+4.8,+21.3,@B	+6.56,+20.1,+21.4,HA	+6.91,+1.6,+21.3,@B	+7.04,-5.2,+19.8,KB		+7.02,-2.8,+19.8,@B	
1702075866.5785854	+6.74,+4.8,+21.3,@B	+6.55,+20.4,+21.4,NA	+6.91,+1.7,+21.3,AB	+7.05,-5.7,+19.8,OB		+7.01,-2.5,+19.8,NB	
1702075928.5881374	+6.74,+4.8,+21.3,@B	+6.56,+20.2,+21.4,KA	+6.91,+1.6,+21.3,@B	+7.05,-5.4,+19.8,LB		+7.01,-2.3,+19.8,HB	
1702075990.5951047	+6.74,+4.8,+21.3,@B	+6.56,+20.2,+21.4,KA	+6.91,+1.6,+21.3,@B	+7.05,-5.4,+19.8,LB		+7.01,-2.4,+19.8,OB	
1702076052.6030986	+6.74,+4.8,+21.3,@B	+6.55,+20.5,+21.4,OA	+6.91,+1.7,+21.3,AB	+7.05,-5.7,+19.8,OB		+7.02,-2.9,+19.8,AB	
1702076114.6132019	+6.74,+4.8,+21.3,@B	+6.55,+20.3,+21.4,IA	+6.91,+1.6,+21.3,@B	+7.05,-5.3,+19.8,KB		+7.01,-2.4,+19.8,OB	
1702076176.622165	+6.74,+4.8,+21.3,@B	+6.55,+20.4,+21.3,IA	+6.91,+1.7,+21.3,AB	+7.05,-5.6,+19.8,NB		+7.02,-2.8,+19.8,@B	
1702076238.6304212	+6.74,+4.8,+21.2,AB	+6.55,+20.4,+21.3,IA	+6.91,+1.6,+21.3,@B	+7.05,-5.6,+19.8,NB		+7.02,-2.7,+19.8,OB	
1702076300.637822	+6.74,+4.8,+21.3,@B	+6.55,+20.4,+21.3,IA	+6.91,+1.6,+21.3,@B	+7.05,-5.6,+19.8,NB		+7.02,-2.7,+19.7,@B	
1702076362.6463473	+6.74,+4.8,+21.3,@B	+6.55,+20.3,+21.4,IA	+6.91,+1.6,+21.3,@B	+7.05,-5.4,+19.8,LB		+7.02,-2.6,+19.7,AB	
1702076424.6548727	+6.74,+4.8,+21.3,@B	+6.55,+20.4,+21.3,IA	+6.91,+1.6,+21.3,@B	+7.05,-5.6,+19.8,NB		+7.01,-2.4,+19.7,@B	
1702076486.6637695	+6.74,+4.8,+21.3,@B	+6.55,+20.3,+21.3,NA	+6.91,+1.7,+21.3,AB	+7.05,-5.3,+19.8,KB		+7.02,-2.7,+19.7,@B	
1702076548.672239	+6.74,+4.8,+21.3,@B	+6.55,+20.3,+21.4,IA	+6.91,+1.7,+21.3,AB	+7.05,-5.3,+19.8,KB		+7.02,-2.8,+19.7,OB	
1702076610.67894	+6.74,+4.8,+21.3,@B	+6.55,+20.3,+21.3,NA	+6.91,+1.7,+21.3,AB	+7.05,-5.4,+19.8,LB		+7.01,-2.5,+19.7,AB	
1702076672.6912656	+6.74,+4.8,+21.3,@B	+6.55,+20.3,+21.4,IA	+6.91,+1.7,+21.3,AB	+7.05,-5.3,+19.8,KB		+7.01,-2.5,+19.7,AB	
1702076734.6989458	+6.74,+4.8,+21.3,@B	+6.55,+20.4,+21.3,IA	+6.91,+1.7,+21.3,AB	+7.05,-5.4,+19.8,LB		+7.02,-2.6,+19.8,NB	
1702076796.7076638	+6.74,+4.8,+21.2,AB	+6.55,+20.3,+21.3,NA	+6.91,+1.6,+21.3,@B	+7.05,-5.5,+19.8,MB		+7.02,-2.6,+19.7,AB	
1702076858.716178	+6.74,+4.8,+21.3,@B	+6.55,+20.5,+21.4,OA	+6.91,+1.7,+21.3,AB	+7.05,-5.4,+19.8,LB		+7.01,-2.4,+19.8,OB	
1702076920.7246253	+6.74,+4.8,+21.2,AB	+6.55,+20.4,+21.4,NA	+6.91,+1.7,+21.3,AB	+7.05,-5.6,+19.8,NB		+7.02,-2.8,+19.8,@B	
1702076982.7346303	+6.74,+4.7,+21.2,NB	+6.55,+20.4,+21.3,IA	+6.91,+1.6,+21.3,@B	+7.05,-5.4,+19.8,LB		+7.02,-2.8,+19.7,OB	
1702077044.743022	+6.74,+4.8,+21.3,@B	+6.55,+20.5,+21.3,HA	+6.91,+1.7,+21.3,AB	+7.05,-5.6,+19.8,NB		+7.01,-2.6,+19.8,MB	
1702077106.750551	+6.74,+4.8,+21.3,@B	+6.55,+20.4,+21.3,IA	+6.91,+1.6,+21.3,@B	+7.05,-5.3,+19.8,KB		+7.02,-2.8,+19.7,OB	
1702077353.4662452	+6.74,+4.8,+21.2,AB	+6.55,+20.4,+21.4,NA	+6.91,+1.7,+21.3,AB	+7.05,-5.4,+19.8,LB		+7.02,-2.6,+19.7,AB	
1702077415.476751	+6.74,+4.7,+21.2,NB	+6.55,+20.3,+21.3,NA	+6.91,+1.6,+21.3,@B	+7.05,-5.6,+19.8,NB		+7.01,-2.4,+19.7,@B	
1702077477.4864504	+6.74,+4.8,+21.2,AB	+6.56,+20.3,+21.3,MA	+6.91,+1.7,+21.3,AB	+7.05,-5.6,+19.8,NB		+7.01,-2.3,+19.7,GB	
1702077539.4940453	+6.74,+4.7,+21.2,NB	+6.55,+20.4,+21.3,IA	+6.91,+1.6,+21.3,@B	+7.05,-5.4,+19.8,LB		+7.02,-2.7,+19.7,@B	
1702077601.4999928	+6.74,+4.8,+21.2,AB	+6.55,+20.4,+21.3,IA	+6.91,+1.7,+21.3,AB	+7.05,-5.3,+19.8,KB		+7.02,-2.8,+19.7,OB	
1702077663.5091088	+6.74,+4.7,+21.2,NB	+6.55,+20.4,+21.3,IA	+6.91,+1.8,+21.3,NB	+7.05,-5.3,+19.8,KB		+7.02,-2.8,+19.7,OB	
1702077725.5179524	+6.74,+4.8,+21.2,AB	+6.55,+20.4,+21.3,IA	+6.91,+1.6,+21.3,@B	+7.05,-5.6,+19.8,NB		+7.02,-2.6,+19.7,AB	
1702077787.5265143	+6.74,+4.7,+21.2,NB	+6.55,+20.6,+21.3,KA	+6.91,+1.6,+21.3,@B	+7.04,-5.3,+19.8,JB		+7.01,-2.4,+19.7,@B	
1702077849.5313065	+6.74,+4.7,+21.2,NB	+6.55,+20.5,+21.3,HA	+6.91,+1.6,+21.3,@B	+7.05,-5.4,+19.7,CB		+7.01,-2.4,+19.7,@B	
1702077911.5368655	+6.74,+4.7,+21.2,NB	+6.55,+20.4,+21.3,IA	+6.91,+1.6,+21.3,@B	+7.05,-5.4,+19.7,CB		+7.01,-2.4,+19.7,@B	
1702077973.5443306	+6.74,+4.7,+21.2,NB	+6.55,+20.4,+21.3,IA	+6.91,+1.6,+21.3,@B	+7.05,-5.4,+19.8,LB		+7.01,-2.4,+19.7,@B	
1702078035.550835	+6.74,+4.7,+21.2,NB	+6.55,+20.4,+21.3,IA	+6.91,+1.6,+21.3,@B	+7.05,-5.4,+19.8,LB		+7.01,-2.5,+19.7,AB	
1702078097.5595286	+6.74,+4.7,+21.2,NB	+6.55,+20.6,+21.3,KA	+6.91,+1.8,+21.3,NB	+7.05,-5.6,+19.8,NB		+7.01,-2.5,+19.7,AB	
1702078159.5675697	+6.74,+4.8,+21.2,AB	+6.55,+20.6,+21.3,KA	+6.91,+1.6,+21.3,@B	+7.05,-5.3,+19.7,DB		+7.02,-2.8,+19.7,OB	
1702078221.5748534	+6.74,+4.7,+21.2,NB	+6.55,+20.6,+21.3,KA	+6.91,+1.6,+21.2,AB	+7.05,-5.6,+19.7,AB		+7.01,-2.5,+19.7,AB	
1702078283.582711	+6.74,+4.7,+21.2,NB	+6.55,+20.7,+21.3,JA	+6.91,+1.7,+21.3,AB	+7.05,-5.4,+19.7,CB		+7.01,-2.4,+19.7,@B	
1702078345.5917656	+6.74,+4.8,+21.2,AB	+6.55,+20.7,+21.3,JA	+6.91,+1.6,+21.3,@B	+7.05,-5.4,+19.7,CB		+7.02,-2.8,+19.7,OB	
1702078407.6034133	+6.74,+4.7,+21.2,NB	+6.54,+20.9,+21.3,EA	+6.91,+1.8,+21.2,OB	+7.05,-5.3,+19.7,DB		+7.01,-2.4,+19.7,@B	
1702078469.6132221	+6.74,+4.8,+21.2,AB	+6.54,+20.9,+21.3,EA	+6.91,+1.7,+21.2,@B	+7.05,-5.3,+19.7,DB		+7.01,-2.3,+19.7,GB	
1702078531.6219985	+6.74,+4.8,+21.2,AB	+6.55,+20.7,+21.3,JA	+6.91,+1.6,+21.2,AB	+7.05,-5.6,+19.7,AB		+7.02,-2.8,+19.7,OB	
1702078593.6311345	+6.74,+4.7,+21.2,NB	+6.54,+21.0,+21.3,MA	+6.91,+1.6,+21.3,@B	+7.05,-5.4,+19.7,CB		+7.02,-2.6,+19.7,AB	
1702078655.6415246	+6.74,+4.7,+21.2,NB	+6.55,+20.7,+21.3,JA	+6.91,+1.6,+21.2,AB	+7.05,-5.6,+19.7,AB		+7.02,-2.6,+19.7,AB	
1702078717.6504803	+6.74,+4.7,+21.2,NB	+6.55,+20.8,+21.3,EA	+6.91,+1.6,+21.3,@B	+7.05,-5.7,+19.7,@B		+7.02,-2.6,+19.7,AB	
1702078779.6584857	+6.74,+4.7,+21.2,NB	+6.54,+20.9,+21.3,EA	+6.91,+1.6,+21.2,AB	+7.04,-5.2,+19.7,DB		+7.02,-2.7,+19.7,@B	
1702078841.6687467	+6.74,+4.7,+21.2,NB	+6.55,+20.7,+21.3,JA	+6.91,+1.7,+21.3,AB	+7.05,-5.5,+19.7,BB		+7.01,-2.5,+19.7,AB	
1702078903.6784801	+6.74,+4.7,+21.2,NB	+6.54,+20.9,+21.3,EA	+6.91,+1.7,+21.3,AB	+7.04,-5.2,+19.7,DB		+7.02,-2.8,+19.7,OB	
1702078965.6882305	+6.74,+4.7,+21.2,NB	+6.54,+20.9,+21.3,EA	+6.91,+1.6,+21.3,@B	+7.05,-5.5,+19.7,BB		+7.01,-2.4,+19.7,@B	
1702079027.6935425	+6.74,+4.8,+21.2,AB	+6.55,+20.8,+21.3,EA	+6.91,+1.7,+21.3,AB	+7.05,-5.5,+19.7,BB		+7.02,-2.8,+19.7,OB	
1702079089.703675	+6.74,+4.7,+21.2,NB	+6.55,+20.7,+21.3,JA	+6.91,+1.8,+21.2,OB	+7.05,-5.6,+19.7,AB		+7.02,-2.8,+19.7,OB	
1702079151.7123132	+6.74,+4.6,+21.2,OB	+6.55,+20.8,+21.3,EA	+6.91,+1.6,+21.2,AB	+7.05,-5.4,+19.7,CB		+7.02,-2.7,+19.7,@B	
1702079213.723372	+6.74,+4.7,+21.2,NB	+6.55,+20.8,+21.3,EA	+6.91,+1.6,+21.2,AB	+7.05,-5.6,+19.7,AB		+7.02,-2.8,+19.7,OB	
1702079275.732704	+6.74,+4.7,+21.2,NB	+6.54,+20.9,+21.3,EA	+6.91,+1.7,+21.2,@B	+7.05,-5.6,+19.7,AB		+7.02,-2.7,+19.7,@B	
1702079337.7412755	+6.74,+4.7,+21.2,NB	+6.54,+21.0,+21.3,MA	+6.91,+1.5,+21.2,BB	+7.04,-5.2,+19.7,DB		+7.01,-2.5,+19.7,AB	
1702079399.7522085	+6.74,+4.7,+21.2,NB	+6.54,+20.9,+21.3,EA	+6.91,+1.6,+21.2,AB	+7.05,-5.6,+19.7,AB		+7.02,-2.6,+19.7,AB	
1702079461.762347	+6.74,+4.7,+21.2,NB	+6.55,+20.8,+21.3,EA	+6.91,+1.6,+21.2,AB	+7.05,-5.6,+19.7,AB		+7.01,-2.4,+19.7,@B	
1702079523.7722065	+6.74,+4.7,+21.2,NB	+6.54,+20.8,+21.3,DA	+6.91,+1.6,+21.2,AB	+7.05,-5.3,+19.7,DB		+7.02,-2.6,+19.7,AB	
1702079585.7838926	+6.74,+4.7,+21.2,NB	+6.54,+20.9,+21.3,EA	+6.91,+1.7,+21.2,@B	+7.05,-5.4,+19.7,CB		+7.01,-2.5,+19.6,@B	
1702079647.7944906	+6.74,+4.7,+21.2,NB	+6.55,+20.8,+21.3,EA	+6.91,+1.5,+21.2,BB	+7.05,-5.5,+19.7,BB		+7.01,-2.5,+19.7,AB	
1702079709.8021204	+6.74,+4.7,+21.2,NB	+6.55,+20.8,+21.3,EA	+6.91,+1.5,+21.2,BB	+7.05,-5.6,+19.7,AB		+7.02,-2.6,+19.6,@B	
1702079771.8094726	+6.74,+4.7,+21.2,NB	+6.54,+20.9,+21.3,EA	+6.91,+1.6,+21.2,AB	+7.05,-5.5,+19.7,BB		+7.01,-2.5,+19.7,AB	
1702079833.818094	+6.74,+4.6,+21.2,OB	+6.54,+21.0,+21.3,MA	+6.91,+1.7,+21.2,@B	+7.04,-5.2,+19.7,DB		+7.01,-2.3,+19.7,GB	
1702079895.828316	+6.74,+4.6,+21.2,OB	+6.55,+20.7,+21.3,JA	+6.91,+1.6,+21.2,AB	+7.05,-5.5,+19.7,BB		+7.02,-2.7,+19.7,@B	
1702079957.8370538	+6.74,+4.7,+21.2,NB	+6.55,+20.8,+21.3,EA	+6.91,+1.5,+21.2,BB	+7.05,-5.6,+19.7,AB		+7.02,-2.7,+19.7,@B	
1702080019.846509	+6.74,+4.7,+21.2,NB	+6.55,+20.8,+21.3,EA	+6.91,+1.6,+21.2,AB	+7.05,-5.5,+19.7,BB		+7.01,-2.5,+19.7,AB	
1702080081.8559926	+6.74,+4.7,+21.2,NB	+6.54,+20.9,+21.3,EA	+6.91,+1.5,+21.2,BB	+7.05,-5.5,+19.7,BB		+7.02,-2.7,+19.7,@B	
1702080143.864358	+6.74,+4.6,+21.2,OB	+6.54,+20.9,+21.3,EA	+6.91,+1.6,+21.2,AB	+7.05,-5.3,+19.7,DB		+7.02,-2.8,+19.7,OB	
1702080205.8754811	+6.74,+4.7,+21.2,NB	+6.55,+20.7,+21.3,JA	+6.91,+1.7,+21.3,AB	+7.05,-5.6,+19.7,AB		+7.01,-2.3,+19.7,GB	
1702080267.8836331	+6.74,+4.6,+21.2,OB	+6.55,+20.8,+21.3,EA	+6.91,+1.6,+21.2,AB	+7.05,-5.6,+19.7,AB		+7.01,-2.4,+19.7,@B	
1702080329.8889823	+6.74,+4.6,+21.2,OB	+6.55,+20.8,+21.3,EA	+6.91,+1.6,+21.2,AB	+7.05,-5.5,+19.7,BB		+7.02,-2.6,+19.7,AB	
1702080391.8996532	+6.74,+4.6,+21.2,OB	+6.54,+21.0,+21.3,MA	+6.91,+1.4,+21.2,CB	+7.05,-5.3,+19.7,DB		+7.01,-2.4,+19.7,@B	
1702080453.9087968	+6.74,+4.6,+21.2,OB	+6.55,+20.8,+21.3,EA	+6.91,+1.5,+21.2,BB	+7.05,-5.4,+19.7,CB		+7.02,-2.9,+19.6,OB	
1702080515.9180682	+6.74,+4.7,+21.2,NB	+6.54,+20.9,+21.3,EA	+6.91,+1.6,+21.2,AB	+7.05,-5.4,+19.7,CB		+7.01,-2.5,+19.7,AB	
1702080577.9291759	+6.74,+4.7,+21.2,NB	+6.55,+20.7,+21.2,KA	+6.91,+1.6,+21.2,AB	+7.05,-5.4,+19.7,CB		+7.02,-2.6,+19.6,@B	
1702080639.939627	+6.74,+4.7,+21.2,NB	+6.55,+20.6,+21.2,JA	+6.91,+1.4,+21.2,CB	+7.05,-5.4,+19.7,CB		+7.01,-2.4,+19.6,AB	
1702080701.9500186	+6.74,+4.7,+21.2,NB	+6.55,+20.7,+21.2,KA	+6.91,+1.4,+21.2,CB	+7.05,-5.3,+19.7,DB		+7.01,-2.4,+19.6,AB	
1702080763.956476	+6.74,+4.7,+21.2,NB	+6.55,+20.6,+21.3,KA	+6.91,+1.4,+21.2,CB	+7.05,-5.4,+19.7,CB		+7.01,-2.4,+19.6,AB	
1702080825.966359	+6.74,+4.8,+21.2,AB	+6.55,+20.8,+21.2,DA	+6.91,+1.6,+21.2,AB	+7.05,-5.6,+19.7,AB		+7.01,-2.5,+19.6,@B	
1702080887.974853	+6.74,+4.7,+21.2,NB	+6.55,+20.8,+21.2,DA	+6.91,+1.5,+21.2,BB	+7.05,-5.5,+19.7,BB		+7.02,-2.8,+19.6,NB	
1702080949.9845486	+6.74,+4.7,+21.2,NB	+6.55,+20.7,+21.3,JA	+6.91,+1.5,+21.2,BB	+7.05,-5.4,+19.7,CB		+7.02,-2.7,+19.6,AB	
1702081196.7813737	+6.74,+4.7,+21.2,NB	+6.55,+20.8,+21.3,EA	+6.91,+1.6,+21.2,AB	+7.05,-5.4,+19.7,CB		+7.02,-2.6,+19.7,AB	
1702081258.790238	+6.74,+4.7,+21.2,NB	+6.55,+20.7,+21.3,JA	+6.91,+1.4,+21.2,CB	+7.05,-5.6,+19.7,AB		+7.02,-2.8,+19.6,NB	
1702081320.7984722	+6.74,+4.7,+21.2,NB	+6.55,+20.8,+21.3,EA	+6.91,+1.5,+21.2,BB	+7.05,-5.3,+19.7,DB		+7.01,-2.5,+19.6,@B	
1702081382.8071887	+6.74,+4.8,+21.2,AB	+6.55,+20.6,+21.3,KA	+6.91,+1.6,+21.2,AB	+7.05,-5.3,+19.7,DB		+7.01,-2.4,+19.7,@B	
1702081444.8153756	+6.74,+4.7,+21.2,NB	+6.55,+20.6,+21.3,KA	+6.91,+1.6,+21.2,AB	+7.05,-5.3,+19.7,DB		+7.01,-2.4,+19.7,@B	
1702081506.8228173	+6.74,+4.7,+21.2,NB	+6.55,+20.8,+21.3,EA	+6.91,+1.4,+21.2,CB	+7.05,-5.3,+19.7,DB		+7.02,-2.9,+19.7,NB	
1702081568.8320322	+6.74,+4.7,+21.2,NB	+6.55,+20.6,+21.3,KA	+6.91,+1.5,+21.2,BB	+7.05,-5.6,+19.7,AB		+7.01,-2.4,+19.7,@B	
1702081630.8379061	+6.74,+4.7,+21.2,NB	+6.55,+20.7,+21.2,KA	+6.91,+1.4,+21.2,CB	+7.04,-5.3,+19.7,EB		+7.02,-2.8,+19.7,OB	
1702081692.8472123	+6.74,+4.8,+21.2,AB	+6.55,+20.5,+21.2,IA	+6.91,+1.6,+21.2,AB	+7.05,-5.4,+19.7,CB		+7.02,-2.7,+19.7,@B	
1702081754.8555627	+6.74,+4.7,+21.2,NB	+6.55,+20.8,+21.3,EA	+6.91,+1.5,+21.2,BB	+7.05,-5.5,+19.7,BB		+7.01,-2.3,+19.7,GB	
1702081816.8647773	+6.74,+4.7,+21.2,NB	+6.55,+20.7,+21.2,KA	+6.91,+1.4,+21.2,CB	+7.05,-5.3,+19.7,DB		+7.01,-2.5,+19.6,@B	
1702081878.8746893	+6.74,+4.7,+21.2,NB	+6.55,+20.6,+21.3,KA	+6.91,+1.5,+21.2,BB	+7.05,-5.6,+19.7,AB		+7.02,-2.8,+19.7,OB	
1702081940.8837543	+6.74,+4.7,+21.2,NB	+6.55,+20.7,+21.3,JA	+6.91,+1.4,+21.2,CB	+7.04,-5.3,+19.7,EB		+7.01,-2.4,+19.6,AB	
1702082002.8928952	+6.74,+4.8,+21.2,AB	+6.55,+20.6,+21.3,KA	+6.91,+1.4,+21.2,CB	+7.05,-5.4,+19.7,CB		+7.01,-2.4,+19.6,AB	
1702082064.9000695	+6.74,+4.8,+21.2,AB	+6.55,+20.8,+21.2,DA	+6.91,+1.5,+21.2,BB	+7.05,-5.6,+19.7,AB		+7.02,-2.7,+19.7,@B	
1702082126.9072492	+6.74,+4.7,+21.2,NB	+6.54,+20.9,+21.3,EA	+6.91,+1.5,+21.2,BB	+7.05,-5.4,+19.7,CB		+7.02,-2.8,+19.7,OB	
1702082188.9162936	+6.74,+4.7,+21.2,NB	+6.55,+20.8,+21.3,EA	+6.91,+1.6,+21.2,AB	+7.05,-5.5,+19.7,BB		+7.02,-2.7,+19.6,AB	
1702082250.9264507	+6.74,+4.7,+21.2,NB	+6.54,+20.8,+21.3,DA	+6.91,+1.5,+21.2,BB	+7.05,-5.4,+19.7,CB		+7.02,-2.7,+19.7,@B	
1702082312.9369454	+6.74,+4.7,+21.2,NB	+6.55,+20.8,+21.3,EA	+6.91,+1.5,+21.2,BB	+7.04,-5.2,+19.7,DB		+7.02,-2.8,+19.7,OB	
1702082374.9452024	+6.74,+4.7,+21.2,NB	+6.54,+20.8,+21.3,DA	+6.91,+1.4,+21.2,CB	+7.05,-5.5,+19.7,BB		+7.01,-2.4,+19.7,@B	
1702082436.9535677	+6.74,+4.7,+21.2,NB	+6.55,+20.8,+21.3,EA	+6.92,+1.3,+21.3,FB	+7.05,-5.6,+19.7,AB		+7.01,-2.4,+19.7,@B	
1702082498.9595592	+6.74,+4.7,+21.2,NB	+6.55,+20.7,+21.3,JA	+6.91,+1.5,+21.2,BB	+7.04,-5.2,+19.7,DB		+7.01,-2.5,+19.7,AB	
1702082560.96574	+6.74,+4.7,+21.2,NB	+6.55,+20.7,+21.3,JA	+6.91,+1.4,+21.2,CB	+7.05,-5.4,+19.7,CB		+7.02,-2.8,+19.7,OB	
1702082622.9725418	+6.74,+4.7,+21.2,NB	+6.55,+20.7,+21.3,JA	+6.91,+1.4,+21.2,CB	+7.04,-5.2,+19.7,DB		+7.01,-2.3,+19.7,GB	
1702082684.982398	+6.74,+4.6,+21.2,OB	+6.55,+20.6,+21.3,KA	+6.91,+1.5,+21.2,BB	+7.04,-5.3,+19.7,EB		+7.01,-2.4,+19.7,@B	
1702082746.9902568	+6.74,+4.7,+21.2,NB	+6.55,+20.7,+21.3,JA	+6.91,+1.4,+21.2,CB	+7.05,-5.6,+19.7,AB		+7.02,-2.6,+19.7,AB	
1702082808.999588	+6.74,+4.6,+21.2,OB	+6.55,+20.8,+21.3,EA	+6.91,+1.4,+21.2,CB	+7.05,-5.5,+19.7,BB		+7.02,-2.8,+19.7,OB	
1702082871.009105	+6.74,+4.6,+21.2,OB	+6.55,+20.8,+21.3,EA	+6.92,+1.3,+21.2,GB	+7.05,-5.5,+19.7,BB		+7.02,-2.8,+19.7,OB	
1702082933.0158138	+6.74,+4.7,+21.2,NB	+6.55,+20.8,+21.3,EA	+6.91,+1.4,+21.2,CB	+7.05,-5.4,+19.7,CB		+7.02,-2.7,+19.7,@B	
1702082995.0248406	+6.74,+4.7,+21.2,NB	+6.55,+20.7,+21.3,JA	+6.91,+1.4,+21.2,CB	+7.04,-5.2,+19.7,DB		+7.02,-2.9,+19.7,NB	
1702083057.0341232	+6.74,+4.6,+21.2,OB	+6.55,+20.6,+21.3,KA	+6.91,+1.4,+21.2,CB	+7.05,-5.4,+19.7,CB		+7.02,-2.8,+19.7,OB	
1702083119.0430403	+6.74,+4.6,+21.2,OB	+6.55,+20.7,+21.3,JA	+6.91,+1.5,+21.2,BB	+7.05,-5.5,+19.7,BB		+7.02,-2.7,+19.7,@B	
1702083181.0527647	+6.74,+4.6,+21.2,OB	+6.55,+20.6,+21.3,KA	+6.91,+1.4,+21.2,CB	+7.05,-5.3,+19.7,DB		+7.02,-2.8,+19.7,OB	
1702083243.0622466	+6.74,+4.7,+21.2,NB	+6.55,+20.8,+21.3,EA	+6.91,+1.4,+21.2,CB	+7.04,-5.2,+19.7,DB		+7.01,-2.4,+19.7,@B	
1702083305.072066	+6.74,+4.6,+21.2,OB	+6.54,+20.8,+21.3,DA	+6.91,+1.4,+21.2,CB	+7.04,-5.2,+19.7,DB		+7.01,-2.4,+19.7,@B	
1702083367.0778775	+6.74,+4.6,+21.2,OB	+6.55,+20.6,+21.3,KA	+6.91,+1.4,+21.2,CB	+7.05,-5.4,+19.7,CB		+7.02,-2.6,+19.7,AB	
1702083429.0866375	+6.74,+4.6,+21.2,OB	+6.55,+20.8,+21.3,EA	+6.91,+1.5,+21.2,BB	+7.05,-5.5,+19.7,BB		+7.02,-2.9,+19.7,NB	
1702083491.0932486	+6.74,+4.7,+21.2,NB	+6.54,+20.9,+21.3,EA	+6.91,+1.5,+21.2,BB	+7.05,-5.4,+19.7,CB		+7.02,-2.8,+19.7,OB	
1702083553.1027691	+6.74,+4.6,+21.2,OB	+6.55,+20.8,+21.3,EA	+6.91,+1.5,+21.3,CB	+7.05,-5.3,+19.7,DB		+7.02,-2.6,+19.7,AB	
1702083615.1125681	+6.74,+4.6,+21.2,OB	+6.55,+20.7,+21.3,JA	+6.91,+1.4,+21.3,BB	+7.05,-5.6,+19.7,AB		+7.01,-2.3,+19.7,GB	
1702083677.1230278	+6.74,+4.6,+21.2,OB	+6.54,+20.9,+21.3,EA	+6.91,+1.5,+21.2,BB	+7.05,-5.4,+19.7,CB		+7.02,-2.7,+19.7,@B	
1702083739.1334796	+6.74,+4.6,+21.2,OB	+6.54,+20.9,+21.3,EA	+6.91,+1.5,+21.2,BB	+7.05,-5.3,+19.7,DB		+7.02,-2.7,+19.7,@B	
1702083801.1400294	+6.74,+4.6,+21.2,OB	+6.55,+20.7,+21.3,JA	+6.91,+1.6,+21.2,AB	+7.05,-5.3,+19.7,DB		+7.02,-2.8,+19.7,OB	
1702083863.154361	+6.74,+4.7,+21.2,NB	+6.55,+20.7,+21.3,JA	+6.91,+1.4,+21.2,CB	+7.05,-5.5,+19.7,BB		+7.02,-2.9,+19.7,NB	
1702083925.1630652	+6.74,+4.6,+21.2,OB	+6.54,+20.9,+21.3,EA	+6.91,+1.5,+21.3,CB	+7.05,-5.4,+19.7,CB		+7.01,-2.4,+19.7,@B	
1702083987.1723747	+6.74,+4.6,+21.2,OB	+6.54,+20.9,+21.3,EA	+6.91,+1.4,+21.3,BB	+7.05,-5.4,+19.7,CB		+7.01,-2.5,+19.7,AB	
1702084049.1836588	+6.74,+4.6,+21.2,OB	+6.55,+20.7,+21.3,JA	+6.91,+1.6,+21.2,AB	+7.05,-5.5,+19.7,BB		+7.02,-2.8,+19.7,OB	
1702084111.19308	+6.74,+4.6,+21.2,OB	+6.55,+20.8,+21.3,EA	+6.91,+1.4,+21.2,CB	+7.04,-5.2,+19.7,DB		+7.01,-2.4,+19.7,@B	
1702084173.2032506	+6.74,+4.6,+21.2,OB	+6.54,+20.9,+21.3,EA	+6.92,+1.3,+21.2,GB	+7.05,-5.3,+19.7,DB		+7.02,-2.8,+19.7,OB	
1702084235.2111373	+6.74,+4.6,+21.2,OB	+6.55,+20.8,+21.3,EA	+6.91,+1.4,+21.3,BB	+7.04,-5.2,+19.7,DB		+7.02,-2.7,+19.7,@B	
1702084297.2198863	+6.74,+4.6,+21.2,OB	+6.54,+20.9,+21.3,EA	+6.91,+1.4,+21.3,BB	+7.04,-5.2,+19.7,DB		+7.02,-2.8,+19.7,OB	
1702084359.229984	+6.74,+4.6,+21.2,OB	+6.54,+20.9,+21.3,EA	+6.91,+1.6,+21.2,AB	+7.05,-5.5,+19.7,BB		+7.01,-2.4,+19.7,@B	
1702084421.239182	+6.74,+4.6,+21.2,OB	+6.55,+20.8,+21.3,EA	+6.91,+1.5,+21.2,BB	+7.05,-5.4,+19.7,CB		+7.02,-2.7,+19.7,@B	
1702084483.2480788	+6.74,+4.6,+21.2,OB	+6.55,+20.8,+21.3,EA	+6.91,+1.4,+21.2,CB	+7.05,-5.3,+19.7,DB		+7.02,-2.9,+19.7,NB	
1702084545.2554405	+6.74,+4.5,+21.2,LB	+6.54,+20.9,+21.3,EA	+6.92,+1.3,+21.2,GB	+7.04,-5.2,+19.7,DB		+7.02,-2.6,+19.7,AB	
1702084607.2658021	+6.74,+4.6,+21.2,OB	+6.55,+20.8,+21.3,EA	+6.91,+1.4,+21.2,CB	+7.05,-5.3,+19.7,DB		+7.02,-2.8,+19.7,OB	
1702084669.2753844	+6.74,+4.6,+21.2,OB	+6.55,+20.8,+21.3,EA	+6.91,+1.4,+21.2,CB	+7.04,-5.3,+19.7,EB		+7.01,-2.5,+19.7,AB	
1702084731.284987	+6.74,+4.6,+21.2,OB	+6.55,+20.8,+21.3,EA	+6.91,+1.4,+21.3,BB	+7.05,-5.3,+19.7,DB		+7.01,-2.4,+19.7,@B	
1702084793.2930245	+6.74,+4.5,+21.2,LB	+6.54,+21.0,+21.3,MA	+6.91,+1.5,+21.2,BB	+7.05,-5.5,+19.7,BB		+7.02,-2.9,+19.7,NB	
1702085040.002251	+6.74,+4.5,+21.2,LB	+6.54,+21.0,+21.3,MA	+6.91,+1.4,+21.2,CB	+7.05,-5.5,+19.7,BB		+7.02,-2.6,+19.7,AB	
1702085102.0147085	+6.74,+4.6,+21.2,OB	+6.54,+21.0,+21.3,MA	+6.91,+1.5,+21.2,BB	+7.05,-5.3,+19.7,DB		+7.02,-2.6,+19.7,AB	
1702085164.0254827	+6.74,+4.5,+21.2,LB	+6.54,+21.0,+21.3,MA	+6.91,+1.5,+21.2,BB	+7.04,-5.2,+19.7,DB		+7.02,-2.6,+19.7,AB	
1702085226.034513	+6.74,+4.6,+21.2,OB	+6.55,+20.8,+21.3,EA	+6.91,+1.5,+21.3,CB	+7.05,-5.4,+19.7,CB		+7.02,-2.9,+19.7,NB	
1702085288.046687	+6.74,+4.5,+21.2,LB	+6.55,+20.8,+21.3,EA	+6.91,+1.5,+21.2,BB	+7.04,-5.2,+19.7,DB		+7.01,-2.5,+19.7,AB	
1702085350.0545409	+6.74,+4.5,+21.2,LB	+6.54,+20.9,+21.3,EA	+6.91,+1.3,+21.2,DB	+7.04,-5.3,+19.7,EB		+7.01,-2.5,+19.7,AB	
1702085412.0620842	+6.74,+4.5,+21.2,LB	+6.54,+20.8,+21.3,DA	+6.91,+1.4,+21.2,CB	+7.04,-5.2,+19.7,DB		+7.01,-2.4,+19.7,@B	
1702085474.0670376	+6.74,+4.5,+21.2,LB	+6.54,+20.9,+21.3,EA	+6.91,+1.4,+21.2,CB	+7.05,-5.3,+19.7,DB		+7.02,-2.8,+19.7,OB	
1702085536.0747924	+6.74,+4.5,+21.2,LB	+6.54,+21.0,+21.3,MA	+6.91,+1.6,+21.2,AB	+7.05,-5.5,+19.7,BB		+7.01,-2.5,+19.6,@B	
1702085598.082825	+6.74,+4.5,+21.2,LB	+6.54,+21.1,+21.3,LA	+6.91,+1.4,+21.2,CB	+7.05,-5.4,+19.7,CB		+7.02,-2.8,+19.7,OB	
1702085660.0912225	+6.74,+4.6,+21.2,OB	+6.54,+21.0,+21.3,MA	+6.91,+1.5,+21.2,BB	+7.05,-5.5,+19.7,BB		+7.01,-2.4,+19.7,@B	
1702085722.1011004	+6.74,+4.6,+21.2,OB	+6.54,+21.0,+21.3,MA	+6.91,+1.5,+21.2,BB	+7.05,-5.4,+19.7,CB		+7.01,-2.6,+19.7,BB	
1702085784.1088939	+6.74,+4.5,+21.2,LB	+6.54,+21.0,+21.3,MA	+6.91,+1.5,+21.2,BB	+7.05,-5.4,+19.7,CB		+7.02,-2.7,+19.6,AB	
1702085846.1188252	+6.74,+4.5,+21.2,LB	+6.54,+21.1,+21.3,LA	+6.91,+1.6,+21.2,AB	+7.05,-5.5,+19.7,BB		+7.01,-2.4,+19.7,@B	
1702085908.1262348	+6.74,+4.6,+21.2,OB	+6.54,+21.0,+21.3,MA	+6.91,+1.4,+21.2,CB	+7.05,-5.4,+19.7,CB		+7.02,-2.9,+19.7,NB	
1702085970.1367369	+6.74,+4.5,+21.2,LB	+6.54,+21.0,+21.3,MA	+6.91,+1.4,+21.2,CB	+7.04,-5.1,+19.7,GB		+7.01,-2.5,+19.7,AB	
1702086032.1443305	+6.74,+4.5,+21.2,LB	+6.54,+20.9,+21.3,EA	+6.91,+1.4,+21.2,CB	+7.04,-5.2,+19.7,DB		+7.01,-2.5,+19.7,AB	
1702086094.1538846	+6.74,+4.5,+21.2,LB	+6.54,+21.0,+21.2,LA	+6.91,+1.4,+21.2,CB	+7.04,-5.2,+19.7,DB		+7.01,-2.5,+19.7,AB	
1702086156.1608613	+6.74,+4.6,+21.2,OB	+6.54,+21.1,+21.3,LA	+6.91,+1.5,+21.2,BB	+7.05,-5.4,+19.7,CB		+7.02,-2.9,+19.6,OB	
1702086218.1690924	+6.74,+4.5,+21.2,LB	+6.54,+21.1,+21.2,MA	+6.91,+1.5,+21.2,BB	+7.04,-5.2,+19.7,DB		+7.02,-2.7,+19.7,@B	
1702086280.179215	+6.74,+4.5,+21.2,LB	+6.54,+21.0,+21.2,LA	+6.91,+1.4,+21.2,CB	+7.05,-5.4,+19.7,CB		+7.01,-2.4,+19.7,@B	
1702086342.1856039	+6.74,+4.5,+21.2,LB	+6.54,+21.2,+21.3,OA	+6.91,+1.4,+21.2,CB	+7.04,-5.2,+19.7,DB		+7.02,-2.6,+19.7,AB	
1702086404.1971018	+6.74,+4.5,+21.2,LB	+6.54,+21.2,+21.3,OA	+6.92,+1.3,+21.2,GB	+7.04,-5.2,+19.7,DB		+7.01,-2.4,+19.7,@B	
1702086466.2051046	+6.74,+4.5,+21.2,LB	+6.54,+21.2,+21.3,OA	+6.91,+1.5,+21.2,BB	+7.05,-5.5,+19.7,BB		+7.02,-2.9,+19.6,OB	
1702086528.2140713	+6.74,+4.5,+21.2,LB	+6.54,+21.2,+21.3,OA	+6.91,+1.5,+21.2,BB	+7.05,-5.5,+19.7,BB		+7.02,-2.8,+19.7,OB	
1702086590.2246566	+6.74,+4.5,+21.2,LB	+6.54,+21.4,+21.3,IA	+6.92,+1.3,+21.2,GB	+7.04,-5.2,+19.7,DB		+7.01,-2.5,+19.7,AB	
1702086652.233102	+6.74,+4.5,+21.2,LB	+6.54,+21.3,+21.2,OA	+6.91,+1.5,+21.2,BB	+7.04,-5.2,+19.7,DB		+7.02,-2.9,+19.7,NB	
1702086714.2420526	+6.74,+4.6,+21.2,OB	+6.54,+21.3,+21.2,OA	+6.91,+1.4,+21.2,CB	+7.04,-5.2,+19.7,DB		+7.02,-2.9,+19.6,OB	
1702086776.2500887	+6.74,+4.5,+21.2,LB	+6.54,+21.3,+21.3,NA	+6.91,+1.5,+21.2,BB	+7.04,-5.1,+19.7,GB		+7.02,-2.8,+19.7,OB	
1702086838.2581487	+6.75,+4.5,+21.2,MB	+6.54,+21.2,+21.3,OA	+6.92,+1.3,+21.2,GB	+7.05,-5.5,+19.7,BB		+7.01,-2.5,+19.7,AB	
1702086900.2685015	+6.74,+4.6,+21.2,OB	+6.54,+21.2,+21.3,OA	+6.92,+1.3,+21.2,GB	+7.05,-5.5,+19.7,BB		+7.02,-2.6,+19.7,AB	
1702086962.278337	+6.74,+4.5,+21.2,LB	+6.54,+21.3,+21.2,OA	+6.91,+1.4,+21.2,CB	+7.05,-5.4,+19.7,CB		+7.01,-2.4,+19.7,@B	
1702087024.286332	+6.74,+4.5,+21.2,LB	+6.54,+21.3,+21.3,NA	+6.91,+1.4,+21.2,CB	+7.05,-5.4,+19.7,CB		+7.02,-2.9,+19.7,NB	
1702087086.2972052	+6.75,+4.5,+21.2,MB	+6.54,+21.2,+21.2,NA	+6.91,+1.4,+21.2,CB	+7.05,-5.4,+19.7,CB		+7.02,-2.6,+19.7,AB	
1702087148.3061397	+6.75,+4.5,+21.2,MB	+6.54,+21.4,+21.3,IA	+6.91,+1.5,+21.2,BB	+7.04,-5.2,+19.7,DB		+7.01,-2.4,+19.6,AB	
1702087210.3126502	+6.74,+4.5,+21.1,OB	+6.54,+21.4,+21.2,HA	+6.91,+1.5,+21.2,BB	+7.05,-5.4,+19.7,CB		+7.01,-2.6,+19.6,CB	
1702087272.3200178	+6.75,+4.5,+21.1,NB	+6.54,+21.3,+21.3,NA	+6.91,+1.4,+21.2,CB	+7.05,-5.4,+19.7,CB		+7.01,-2.4,+19.6,AB	
1702087334.3315175	+6.74,+4.5,+21.2,LB	+6.54,+21.2,+21.2,NA	+6.91,+1.5,+21.2,BB	+7.05,-5.5,+19.7,BB		+7.01,-2.4,+19.6,AB	
1702087396.3421707	+6.75,+4.5,+21.2,MB	+6.54,+21.4,+21.2,HA	+6.91,+1.4,+21.2,CB	+7.04,-5.2,+19.7,DB		+7.02,-2.8,+19.6,NB	
1702087458.3523514	+6.75,+4.5,+21.2,MB	+6.54,+21.3,+21.2,OA	+6.91,+1.4,+21.2,CB	+7.05,-5.5,+19.7,BB		+7.01,-2.4,+19.6,AB	
1702087520.3593278	+6.75,+4.5,+21.2,MB	+6.54,+21.3,+21.3,NA	+6.91,+1.5,+21.2,BB	+7.05,-5.5,+19.7,BB		+7.01,-2.4,+19.6,AB	
1702087582.3697133	+6.74,+4.5,+21.1,OB	+6.54,+21.3,+21.2,OA	+6.92,+1.3,+21.2,GB	+7.04,-5.2,+19.7,DB		+7.01,-2.4,+19.6,AB	
1702087644.3764803	+6.75,+4.5,+21.2,MB	+6.54,+21.3,+21.2,OA	+6.92,+1.3,+21.2,GB	+7.04,-5.1,+19.7,GB		+7.01,-2.5,+19.6,@B	
1702087706.3867898	+6.75,+4.5,+21.2,MB	+6.54,+21.3,+21.2,OA	+6.92,+1.3,+21.2,GB	+7.04,-5.2,+19.7,DB		+7.01,-2.4,+19.6,AB	
1702087768.3961582	+6.75,+4.5,+21.1,NB	+6.54,+21.2,+21.2,NA	+6.91,+1.4,+21.2,CB	+7.05,-5.5,+19.7,BB		+7.02,-2.9,+19.6,OB	
1702087830.4038408	+6.74,+4.5,+21.1,OB	+6.54,+21.2,+21.2,NA	+6.91,+1.5,+21.2,BB	+7.05,-5.4,+19.7,CB		+7.02,-2.9,+19.6,OB	
1702087892.413936	+6.75,+4.5,+21.2,MB	+6.54,+21.4,+21.2,HA	+6.92,+1.3,+21.2,GB	+7.04,-5.1,+19.7,GB		+7.01,-2.4,+19.6,AB	
1702087954.4254003	+6.74,+4.5,+21.1,OB	+6.54,+21.3,+21.2,OA	+6.91,+1.4,+21.2,CB	+7.04,-5.1,+19.7,GB		+7.02,-2.6,+19.6,@B	
1702088016.4320922	+6.75,+4.5,+21.1,NB	+6.54,+21.2,+21.2,NA	+6.91,+1.5,+21.2,BB	+7.05,-5.3,+19.7,DB		+7.02,-2.9,+19.6,OB	
1702088078.441887	+6.75,+4.5,+21.1,NB	+6.54,+21.2,+21.2,NA	+6.91,+1.4,+21.2,CB	+7.05,-5.4,+19.7,CB		+7.01,-2.6,+19.6,CB	
1702088140.4508202	+6.75,+4.5,+21.2,MB	+6.54,+21.3,+21.2,OA	+6.91,+1.4,+21.2,CB	+7.05,-5.4,+19.7,CB		+7.01,-2.4,+19.6,AB	
1702088202.461197	+6.75,+4.5,+21.1,NB	+6.54,+21.4,+21.2,HA	+6.91,+1.4,+21.2,CB	+7.05,-5.3,+19.7,DB		+7.02,-2.7,+19.6,AB	
1702088264.4709651	+6.75,+4.4,+21.1,OB	+6.54,+21.4,+21.2,HA	+6.91,+1.5,+21.2,BB	+7.04,-5.1,+19.7,GB		+7.01,-2.5,+19.6,@B	
1702088326.4810376	+6.75,+4.5,+21.1,NB	+6.54,+21.2,+21.2,NA	+6.92,+1.3,+21.2,GB	+7.05,-5.4,+19.7,CB		+7.02,-2.6,+19.6,@B	
1702088388.4907973	+6.75,+4.4,+21.1,OB	+6.54,+21.2,+21.2,NA	+6.91,+1.4,+21.2,CB	+7.05,-5.4,+19.7,CB		+7.02,-2.9,+19.6,OB	
1702088450.4981706	+6.75,+4.5,+21.1,NB	+6.54,+21.1,+21.2,MA	+6.91,+1.4,+21.2,CB	+7.05,-5.5,+19.6,CB		+7.02,-2.9,+19.6,OB	
1702088512.5069501	+6.75,+4.5,+21.1,NB	+6.54,+21.2,+21.2,NA	+6.91,+1.4,+21.2,CB	+7.05,-5.4,+19.6,BB		+7.02,-2.8,+19.6,NB	
1702088574.5147283	+6.75,+4.5,+21.1,NB	+6.54,+21.1,+21.2,MA	+6.91,+1.4,+21.2,CB	+7.05,-5.4,+19.6,BB		+7.02,-2.8,+19.6,NB	
1702088636.523016	+6.75,+4.5,+21.2,MB	+6.54,+21.3,+21.2,OA	+6.91,+1.4,+21.2,CB	+7.04,-5.2,+19.7,DB		+7.01,-2.4,+19.6,AB	
1702088883.231498	+6.75,+4.5,+21.1,NB	+6.54,+21.3,+21.2,OA	+6.91,+1.4,+21.2,CB	+7.05,-5.4,+19.6,BB		+7.01,-2.5,+19.6,@B	
1702088945.2388136	+6.75,+4.4,+21.1,OB	+6.54,+21.3,+21.2,OA	+6.91,+1.5,+21.2,BB	+7.04,-5.2,+19.7,DB		+7.02,-2.7,+19.6,AB	
1702089007.2474885	+6.75,+4.4,+21.1,OB	+6.54,+21.2,+21.2,NA	+6.91,+1.4,+21.2,CB	+7.05,-5.4,+19.7,CB		+7.01,-2.4,+19.6,AB	
1702089069.254431	+6.75,+4.5,+21.1,NB	+6.54,+21.2,+21.2,NA	+6.91,+1.5,+21.2,BB	+7.04,-5.1,+19.6,FB		+7.02,-2.8,+19.6,NB	
1702089131.2601635	+6.74,+4.5,+21.1,OB	+6.54,+21.3,+21.3,NA	+6.91,+1.4,+21.2,CB	+7.05,-5.4,+19.7,CB		+7.01,-2.4,+19.6,AB	
1702089193.2663736	+6.74,+4.5,+21.1,OB	+6.54,+21.2,+21.2,NA	+6.91,+1.5,+21.2,BB	+7.05,-5.3,+19.7,DB		+7.02,-2.7,+19.6,AB	
1702089255.273019	+6.74,+4.5,+21.2,LB	+6.54,+21.3,+21.2,OA	+6.91,+1.5,+21.2,BB	+7.05,-5.4,+19.7,CB		+7.02,-2.8,+19.6,NB	
1702089317.2824447	+6.74,+4.5,+21.1,OB	+6.53,+21.4,+21.2,OA	+6.91,+1.4,+21.2,CB	+7.05,-5.5,+19.7,BB		+7.01,-2.5,+19.6,@B	
1702089379.2905104	+6.75,+4.5,+21.1,NB	+6.54,+21.3,+21.2,OA	+6.92,+1.3,+21.2,GB	+7.04,-5.2,+19.7,DB		+7.01,-2.4,+19.6,AB	
1702089441.2974346	+6.75,+4.5,+21.1,NB	+6.53,+21.4,+21.2,OA	+6.91,+1.4,+21.2,CB	+7.05,-5.5,+19.7,BB		+7.02,-2.7,+19.6,AB	
1702089503.3047523	+6.74,+4.5,+21.2,LB	+6.54,+21.2,+21.2,NA	+6.92,+1.3,+21.2,GB	+7.04,-5.1,+19.7,GB		+7.01,-2.5,+19.6,@B	
1702089565.3126462	+6.74,+4.5,+21.2,LB	+6.54,+21.4,+21.3,IA	+6.91,+1.4,+21.2,CB	+7.05,-5.4,+19.7,CB		+7.02,-2.7,+19.6,AB	
1702089627.3184743	+6.74,+4.5,+21.2,LB	+6.54,+21.3,+21.2,OA	+6.92,+1.3,+21.2,GB	+7.04,-5.2,+19.7,DB		+7.02,-2.7,+19.6,AB	
1702089689.3279405	+6.75,+4.5,+21.1,NB	+6.54,+21.3,+21.2,OA	+6.91,+1.4,+21.2,CB	+7.04,-5.2,+19.7,DB		+7.02,-2.6,+19.6,@B	
1702089751.3376482	+6.74,+4.6,+21.1,LB	+6.54,+21.3,+21.2,OA	+6.92,+1.3,+21.2,GB	+7.04,-5.1,+19.7,GB		+7.02,-2.9,+19.6,OB	
1702089813.3455853	+6.74,+4.6,+21.2,OB	+6.53,+21.4,+21.2,OA	+6.91,+1.5,+21.2,BB	+7.05,-5.4,+19.7,CB		+7.01,-2.5,+19.7,AB	
1702089875.3553452	+6.75,+4.5,+21.2,MB	+6.54,+21.3,+21.3,NA	+6.92,+1.3,+21.2,GB	+7.04,-5.1,+19.7,GB		+7.02,-2.8,+19.6,NB	
1702089937.3644042	+6.75,+4.5,+21.1,NB	+6.54,+21.4,+21.2,HA	+6.91,+1.4,+21.2,CB	+7.04,-5.2,+19.7,DB		+7.01,-2.6,+19.7,BB	
1702089999.3739157	+6.75,+4.5,+21.2,MB	+6.54,+21.4,+21.2,HA	+6.91,+1.5,+21.2,BB	+7.04,-5.2,+19.7,DB		+7.01,-2.4,+19.6,AB	
1702090061.3842604	+6.74,+4.5,+21.2,LB	+6.54,+21.3,+21.2,OA	+6.91,+1.4,+21.2,CB	+7.04,-5.0,+19.7,FB		+7.02,-2.6,+19.6,@B	
1702090123.3939774	+6.74,+4.5,+21.2,LB	+6.53,+21.5,+21.2,NA	+6.92,+1.3,+21.2,GB	+7.05,-5.4,+19.7,CB		+7.02,-2.8,+19.6,NB	
1702090185.403466	+6.75,+4.5,+21.1,NB	+6.54,+21.4,+21.2,HA	+6.91,+1.4,+21.2,CB	+7.04,-5.1,+19.7,GB		+7.01,-2.4,+19.6,AB	
1702090247.4139147	+6.74,+4.5,+21.2,LB	+6.54,+21.4,+21.2,HA	+6.92,+1.3,+21.2,GB	+7.05,-5.4,+19.7,CB		+7.02,-2.6,+19.6,@B	
1702090309.4255424	+6.74,+4.5,+21.1,OB	+6.53,+21.5,+21.2,NA	+6.92,+1.3,+21.2,GB	+7.05,-5.4,+19.7,CB		+7.02,-2.8,+19.7,OB	
1702090371.4350774	+6.74,+4.5,+21.1,OB	+6.54,+21.4,+21.2,HA	+6.92,+1.3,+21.2,GB	+7.04,-5.2,+19.7,DB		+7.02,-2.9,+19.6,OB	
1702090433.4442942	+6.74,+4.6,+21.1,LB	+6.53,+21.4,+21.2,OA	+6.91,+1.4,+21.2,CB	+7.05,-5.4,+19.7,CB		+7.01,-2.4,+19.6,AB	
1702090495.4513493	+6.74,+4.6,+21.1,LB	+6.54,+21.3,+21.2,OA	+6.91,+1.4,+21.2,CB	+7.04,-5.1,+19.7,GB		+7.02,-2.8,+19.6,NB	
1702090557.4611378	+6.74,+4.6,+21.2,OB	+6.53,+21.4,+21.2,OA	+6.92,+1.3,+21.2,GB	+7.04,-5.2,+19.7,DB		+7.02,-2.6,+19.6,@B	
1702090619.4690242	+6.74,+4.5,+21.1,OB	+6.53,+21.5,+21.2,NA	+6.91,+1.4,+21.2,CB	+7.05,-5.4,+19.7,CB		+7.01,-2.5,+19.6,@B	
1702090681.4810302	+6.74,+4.6,+21.1,LB	+6.54,+21.4,+21.2,HA	+6.92,+1.2,+21.2,FB	+7.04,-5.1,+19.7,GB		+7.02,-2.6,+19.6,@B	
1702090743.4897485	+6.74,+4.5,+21.1,OB	+6.53,+21.4,+21.2,OA	+6.91,+1.4,+21.2,CB	+7.05,-5.4,+19.7,CB		+7.02,-2.9,+19.6,OB	
1702090805.4971304	+6.75,+4.5,+21.1,NB	+6.54,+21.3,+21.2,OA	+6.92,+1.3,+21.2,GB	+7.04,-5.2,+19.7,DB		+7.02,-2.8,+19.6,NB	
1702090867.5077305	+6.74,+4.5,+21.2,LB	+6.54,+21.3,+21.2,OA	+6.92,+1.3,+21.2,GB	+7.04,-5.2,+19.7,DB		+7.02,-2.6,+19.6,@B	
1702090929.5133255	+6.74,+4.6,+21.1,LB	+6.54,+21.4,+21.2,HA	+6.92,+1.3,+21.2,GB	+7.04,-5.2,+19.7,DB		+7.02,-2.8,+19.6,NB	
1702090991.5213296	+6.75,+4.5,+21.1,NB	+6.54,+21.3,+21.2,OA	+6.92,+1.3,+21.2,GB	+7.04,-5.0,+19.7,FB		+7.02,-2.7,+19.6,AB	
1702091053.5298204	+6.74,+4.5,+21.1,OB	+6.53,+21.4,+21.2,OA	+6.91,+1.3,+21.2,DB	+7.05,-5.5,+19.7,BB		+7.01,-2.5,+19.6,@B	
1702091115.5389316	+6.75,+4.5,+21.1,NB	+6.54,+21.3,+21.2,OA	+6.91,+1.4,+21.2,CB	+7.04,-5.1,+19.7,GB		+7.02,-2.9,+19.6,OB	
1702091177.5472775	+6.74,+4.5,+21.1,OB	+6.53,+21.4,+21.2,OA	+6.92,+1.3,+21.2,GB	+7.05,-5.3,+19.7,DB		+7.01,-2.4,+19.6,AB	
1702091239.5562322	+6.74,+4.5,+21.1,OB	+6.53,+21.5,+21.2,NA	+6.92,+1.3,+21.2,GB	+7.05,-5.4,+19.7,CB		+7.01,-2.5,+19.6,@B	
1702091301.5661302	+6.74,+4.5,+21.2,LB	+6.53,+21.4,+21.2,OA	+6.91,+1.5,+21.2,BB	+7.04,-5.2,+19.7,DB		+7.01,-2.5,+19.6,@B	
1702091363.5747557	+6.75,+4.5,+21.2,MB	+6.54,+21.3,+21.2,OA	+6.91,+1.4,+21.2,CB	+7.04,-5.0,+19.7,FB		+7.02,-2.6,+19.6,@B	
1702091425.584634	+6.75,+4.5,+21.2,MB	+6.54,+21.3,+21.3,NA	+6.92,+1.3,+21.2,GB	+7.05,-5.3,+19.7,DB		+7.01,-2.5,+19.6,@B	
1702091487.593317	+6.74,+4.5,+21.1,OB	+6.53,+21.5,+21.2,NA	+6.92,+1.3,+21.2,GB	+7.04,-5.3,+19.7,EB		+7.02,-2.7,+19.6,AB	
1702091549.6022809	+6.75,+4.5,+21.2,MB	+6.54,+21.4,+21.3,IA	+6.92,+1.3,+21.2,GB	+7.04,-5.2,+19.7,DB		+7.02,-2.7,+19.7,@B	
1702091611.61038	+6.75,+4.5,+21.1,NB	+6.54,+21.4,+21.2,HA	+6.91,+1.4,+21.2,CB	+7.04,-5.1,+19.7,GB		+7.01,-2.4,+19.7,@B	
1702091673.6181996	+6.75,+4.5,+21.2,MB	+6.53,+21.4,+21.3,NA	+6.91,+1.3,+21.2,DB	+7.04,-5.2,+19.7,DB		+7.01,-2.5,+19.7,AB	
1702091735.6273556	+6.75,+4.5,+21.2,MB	+6.53,+21.5,+21.3,OA	+6.92,+1.3,+21.2,GB	+7.05,-5.3,+19.7,DB		+7.01,-2.5,+19.7,AB	
1702091797.6354637	+6.75,+4.5,+21.2,MB	+6.53,+21.5,+21.3,OA	+6.92,+1.3,+21.2,GB	+7.05,-5.3,+19.7,DB		+7.01,-2.4,+19.7,@B	
1702091859.6441584	+6.75,+4.4,+21.2,LB	+6.54,+21.3,+21.2,OA	+6.92,+1.2,+21.2,FB	+7.04,-5.1,+19.7,GB		+7.02,-2.9,+19.7,NB	
1702091921.6545763	+6.75,+4.5,+21.2,MB	+6.54,+21.3,+21.3,NA	+6.92,+1.3,+21.2,GB	+7.04,-5.0,+19.7,FB		+7.02,-2.9,+19.7,NB	
1702091983.664761	+6.75,+4.5,+21.2,MB	+6.54,+21.4,+21.3,IA	+6.91,+1.3,+21.2,DB	+7.04,-5.1,+19.7,GB		+7.02,-2.8,+19.7,OB	
1702092045.6743004	+6.75,+4.5,+21.2,MB	+6.53,+21.4,+21.3,NA	+6.92,+1.3,+21.2,GB	+7.04,-5.1,+19.7,GB		+7.02,-2.9,+19.7,NB	
1702092107.6811354	+6.74,+4.5,+21.2,LB	+6.54,+21.4,+21.3,IA	+6.92,+1.3,+21.2,GB	+7.04,-5.2,+19.7,DB		+7.02,-2.8,+19.7,OB	
1702092169.6896558	+6.75,+4.5,+21.2,MB	+6.53,+21.5,+21.3,OA	+6.92,+1.3,+21.2,GB	+7.05,-5.4,+19.7,CB		+7.02,-3.0,+19.7,FB	
1702092231.6987298	+6.74,+4.6,+21.2,OB	+6.53,+21.5,+21.3,OA	+6.92,+1.2,+21.2,FB	+7.04,-5.2,+19.7,DB		+7.02,-2.6,+19.7,AB	
1702092293.7083	+6.75,+4.5,+21.2,MB	+6.53,+21.5,+21.3,OA	+6.92,+1.3,+21.2,GB	+7.05,-5.3,+19.7,DB		+7.02,-2.8,+19.7,OB	
1702092355.7175634	+6.75,+4.5,+21.2,MB	+6.53,+21.4,+21.3,NA	+6.92,+1.2,+21.2,FB	+7.04,-5.1,+19.7,GB		+7.01,-2.5,+19.7,AB	
1702092417.7271576	+6.75,+4.4,+21.2,LB	+6.53,+21.6,+21.3,LA	+6.92,+1.2,+21.2,FB	+7.05,-5.3,+19.7,DB		+7.01,-2.5,+19.7,AB	
1702092479.735368	+6.75,+4.5,+21.2,MB	+6.54,+21.4,+21.3,IA	+6.92,+1.3,+21.2,GB	+7.04,-5.1,+19.7,GB		+7.02,-2.8,+19.7,OB	
1702092726.4504256	+6.75,+4.4,+21.2,LB	+6.53,+21.6,+21.3,LA	+6.92,+1.1,+21.2,EB	+7.05,-5.3,+19.7,DB		+7.02,-2.6,+19.7,AB	
1702092788.4610822	+6.75,+4.4,+21.2,LB	+6.53,+21.5,+21.3,OA	+6.92,+1.3,+21.2,GB	+7.04,-5.2,+19.7,DB		+7.02,-2.9,+19.7,NB	
1702092850.4681063	+6.75,+4.4,+21.2,LB	+6.53,+21.6,+21.3,LA	+6.92,+1.2,+21.2,FB	+7.05,-5.4,+19.7,CB		+7.02,-2.9,+19.7,NB	
1702092912.4736974	+6.75,+4.4,+21.2,LB	+6.53,+21.6,+21.2,MA	+6.92,+1.3,+21.3,FB	+7.04,-5.2,+19.7,DB		+7.02,-2.6,+19.7,AB	
1702092974.4839923	+6.75,+4.4,+21.2,LB	+6.53,+21.6,+21.3,LA	+6.92,+1.2,+21.2,FB	+7.05,-5.3,+19.7,DB		+7.02,-2.7,+19.7,@B	
1702093036.493666	+6.75,+4.4,+21.2,LB	+6.53,+21.4,+21.3,NA	+6.92,+1.3,+21.2,GB	+7.04,-5.1,+19.7,GB		+7.01,-2.5,+19.7,AB	
1702093098.501208	+6.75,+4.4,+21.2,LB	+6.53,+21.6,+21.3,LA	+6.92,+1.2,+21.2,FB	+7.04,-5.1,+19.7,GB		+7.02,-2.6,+19.7,AB	
1702093160.5105557	+6.75,+4.4,+21.2,LB	+6.53,+21.5,+21.3,OA	+6.92,+1.2,+21.2,FB	+7.05,-5.3,+19.7,DB		+7.02,-2.8,+19.7,OB	
1702093222.5194724	+6.75,+4.4,+21.2,LB	+6.53,+21.4,+21.3,NA	+6.92,+1.2,+21.2,FB	+7.04,-5.1,+19.8,HB		+7.02,-2.9,+19.7,NB	
1702093284.5255141	+6.75,+4.4,+21.2,LB	+6.53,+21.4,+21.3,NA	+6.92,+1.2,+21.2,FB	+7.04,-5.0,+19.7,FB		+7.02,-2.9,+19.7,NB	
1702093346.5346622	+6.75,+4.3,+21.2,KB	+6.53,+21.4,+21.3,NA	+6.92,+1.3,+21.3,FB	+7.04,-5.0,+19.7,FB		+7.02,-2.9,+19.7,NB	
1702093408.5436225	+6.75,+4.4,+21.2,LB	+6.53,+21.6,+21.3,LA	+6.92,+1.3,+21.3,FB	+7.05,-5.4,+19.7,CB		+7.01,-2.5,+19.7,AB	
1702093470.5519845	+6.75,+4.4,+21.2,LB	+6.53,+21.6,+21.3,LA	+6.92,+1.3,+21.3,FB	+7.05,-5.4,+19.7,CB		+7.02,-2.9,+19.7,NB	
1702093532.558291	+6.75,+4.3,+21.2,KB	+6.53,+21.6,+21.3,LA	+6.92,+1.3,+21.3,FB	+7.05,-5.3,+19.7,DB		+7.02,-2.6,+19.7,AB	
1702093594.5652788	+6.75,+4.4,+21.2,LB	+6.53,+21.6,+21.3,LA	+6.92,+1.3,+21.3,FB	+7.05,-5.3,+19.7,DB		+7.02,-2.9,+19.7,NB	
1702093656.570746	+6.75,+4.4,+21.2,LB	+6.53,+21.6,+21.3,LA	+6.92,+1.3,+21.3,FB	+7.05,-5.4,+19.7,CB		+7.02,-2.9,+19.7,NB	
1702093718.577404	+6.75,+4.4,+21.2,LB	+6.53,+21.5,+21.3,OA	+6.92,+1.2,+21.3,GB	+7.04,-5.2,+19.8,KB		+7.02,-2.6,+19.7,AB	
1702093780.584784	+6.75,+4.3,+21.2,KB	+6.53,+21.6,+21.3,LA	+6.92,+1.1,+21.3,DB	+7.05,-5.3,+19.7,DB		+7.01,-2.5,+19.7,AB	
1702093842.593578	+6.75,+4.3,+21.2,KB	+6.53,+21.6,+21.3,LA	+6.92,+1.2,+21.3,GB	+7.04,-5.2,+19.8,KB		+7.01,-2.4,+19.7,@B	
1702093904.6013944	+6.75,+4.4,+21.2,LB	+6.53,+21.7,+21.3,MA	+6.92,+1.1,+21.3,DB	+7.05,-5.3,+19.8,KB		+7.01,-2.4,+19.7,@B	
1702093966.609519	+6.75,+4.4,+21.2,LB	+6.53,+21.5,+21.3,OA	+6.92,+1.2,+21.3,GB	+7.04,-5.2,+19.8,KB		+7.02,-2.8,+19.7,OB	
1702094028.61719	+6.75,+4.3,+21.2,KB	+6.53,+21.7,+21.3,MA	+6.92,+1.2,+21.3,GB	+7.05,-5.4,+19.8,LB		+7.01,-2.4,+19.7,@B	
1702094090.6244514	+6.75,+4.4,+21.2,LB	+6.53,+21.6,+21.3,LA	+6.92,+1.2,+21.3,GB	+7.04,-5.1,+19.8,HB		+7.02,-2.9,+19.7,NB	
1702094152.6340098	+6.75,+4.3,+21.2,KB	+6.53,+21.5,+21.3,OA	+6.92,+1.2,+21.3,GB	+7.04,-5.2,+19.8,KB		+7.01,-2.4,+19.7,@B	
1702094214.641945	+6.75,+4.3,+21.2,KB	+6.53,+21.5,+21.3,OA	+6.92,+1.3,+21.3,FB	+7.04,-5.1,+19.8,HB		+7.02,-2.7,+19.8,OB	
1702094276.6469476	+6.75,+4.3,+21.2,KB	+6.53,+21.7,+21.3,MA	+6.92,+1.1,+21.3,DB	+7.05,-5.4,+19.8,LB		+7.02,-2.9,+19.7,NB	
1702094338.6555007	+6.75,+4.4,+21.2,LB	+6.53,+21.7,+21.3,MA	+6.92,+1.1,+21.3,DB	+7.05,-5.4,+19.8,LB		+7.02,-3.0,+19.8,IB	
1702094400.6639109	+6.75,+4.3,+21.2,KB	+6.53,+21.5,+21.3,OA	+6.92,+1.2,+21.3,GB	+7.04,-5.1,+19.8,HB		+7.02,-2.7,+19.7,@B	
1702094462.6717405	+6.75,+4.4,+21.2,LB	+6.53,+21.5,+21.3,OA	+6.92,+1.3,+21.3,FB	+7.04,-5.1,+19.8,HB		+7.01,-2.5,+19.7,AB	
1702094524.6807935	+6.75,+4.4,+21.2,LB	+6.53,+21.6,+21.3,LA	+6.92,+1.1,+21.3,DB	+7.04,-5.2,+19.8,KB		+7.02,-2.9,+19.8,AB	
1702094586.6892452	+6.75,+4.3,+21.2,KB	+6.53,+21.6,+21.3,LA	+6.92,+1.1,+21.3,DB	+7.04,-5.2,+19.8,KB		+7.02,-2.9,+19.7,NB	
1702094648.6984615	+6.75,+4.3,+21.2,KB	+6.53,+21.7,+21.3,MA	+6.92,+1.3,+21.3,FB	+7.04,-5.2,+19.8,KB		+7.01,-2.6,+19.7,BB	
1702094710.7062418	+6.75,+4.3,+21.2,KB	+6.53,+21.6,+21.3,LA	+6.92,+1.2,+21.3,GB	+7.04,-5.1,+19.8,HB		+7.02,-2.9,+19.7,NB	
1702094772.7154446	+6.75,+4.3,+21.2,KB	+6.53,+21.5,+21.3,OA	+6.92,+1.2,+21.3,GB	+7.04,-5.1,+19.8,HB		+7.01,-2.6,+19.8,MB	
1702094834.7245243	+6.75,+4.4,+21.3,MB	+6.53,+21.6,+21.3,LA	+6.92,+1.2,+21.3,GB	+7.04,-5.2,+19.8,KB		+7.01,-2.5,+19.7,AB	
1702094896.734369	+6.75,+4.3,+21.2,KB	+6.53,+21.5,+21.3,OA	+6.92,+1.1,+21.3,DB	+7.04,-5.0,+19.8,IB		+7.01,-2.6,+19.7,BB	
1702094958.743126	+6.75,+4.3,+21.2,KB	+6.53,+21.7,+21.3,MA	+6.92,+1.3,+21.3,FB	+7.05,-5.4,+19.8,LB		+7.02,-2.9,+19.8,AB	
1702095020.752603	+6.75,+4.3,+21.2,KB	+6.53,+21.7,+21.3,MA	+6.92,+1.2,+21.3,GB	+7.05,-5.4,+19.8,LB		+7.02,-2.8,+19.7,OB	
1702095082.760843	+6.75,+4.3,+21.3,JB	+6.53,+21.7,+21.3,MA	+6.92,+1.1,+21.3,DB	+7.04,-5.2,+19.8,KB		+7.01,-2.5,+19.7,AB	
1702095144.7698855	+6.75,+4.3,+21.2,KB	+6.53,+21.6,+21.3,LA	+6.92,+1.2,+21.3,GB	+7.04,-5.0,+19.8,IB		+7.02,-2.7,+19.7,@B	
1702095206.7793252	+6.75,+4.2,+21.2,JB	+6.53,+21.7,+21.3,MA	+6.92,+1.1,+21.3,DB	+7.05,-5.4,+19.8,LB		+7.02,-2.7,+19.8,OB	
1702095268.7893226	+6.75,+4.3,+21.2,KB	+6.53,+21.6,+21.3,LA	+6.92,+1.3,+21.3,FB	+7.04,-5.1,+19.8,HB		+7.02,-2.9,+19.8,AB	
1702095330.7990906	+6.75,+4.3,+21.2,KB	+6.53,+21.5,+21.3,OA	+6.92,+1.3,+21.3,FB	+7.04,-5.0,+19.8,IB		+7.02,-2.9,+19.8,AB	
1702095392.8069613	+6.75,+4.3,+21.2,KB	+6.53,+21.6,+21.3,LA	+6.92,+1.3,+21.3,FB	+7.04,-5.0,+19.8,IB		+7.02,-2.9,+19.8,AB	
1702095454.8170688	+6.75,+4.3,+21.2,KB	+6.53,+21.7,+21.3,MA	+6.92,+1.2,+21.3,GB	+7.04,-5.1,+19.8,HB		+7.02,-2.9,+19.7,NB	
1702095516.8268101	+6.75,+4.3,+21.3,JB	+6.53,+21.7,+21.3,MA	+6.92,+1.2,+21.3,GB	+7.04,-5.1,+19.8,HB		+7.02,-2.9,+19.8,AB	
1702095578.8360553	+6.75,+4.3,+21.3,JB	+6.53,+21.6,+21.3,LA	+6.92,+1.2,+21.3,GB	+7.04,-5.0,+19.8,IB		+7.01,-2.5,+19.8,NB	
1702095640.845299	+6.75,+4.3,+21.3,JB	+6.53,+21.6,+21.3,LA	+6.92,+1.2,+21.3,GB	+7.04,-5.1,+19.8,HB		+7.02,-2.7,+19.8,OB	
1702095702.8552678	+6.75,+4.3,+21.3,JB	+6.53,+21.6,+21.3,LA	+6.92,+1.1,+21.3,DB	+7.05,-5.3,+19.8,KB		+7.02,-2.9,+19.8,AB	
1702095764.8654625	+6.75,+4.3,+21.3,JB	+6.53,+21.6,+21.3,LA	+6.92,+1.2,+21.3,GB	+7.04,-5.1,+19.8,HB		+7.01,-2.5,+19.8,NB	
1702095826.8743854	+6.75,+4.3,+21.3,JB	+6.53,+21.5,+21.3,OA	+6.92,+1.0,+21.3,EB	+7.04,-5.1,+19.8,HB		+7.02,-2.9,+19.8,AB	
1702095888.884198	+6.75,+4.3,+21.3,JB	+6.53,+21.7,+21.3,MA	+6.92,+1.2,+21.4,@B	+7.05,-5.4,+19.8,LB		+7.01,-2.5,+19.8,NB	
1702095950.8942668	+6.75,+4.2,+21.3,KB	+6.53,+21.5,+21.4,HA	+6.92,+0.9,+21.3,MB	+7.04,-5.1,+19.8,HB		+7.02,-3.0,+19.8,IB	
1702096012.904398	+6.75,+4.3,+21.3,JB	+6.53,+21.5,+21.4,HA	+6.92,+1.0,+21.3,EB	+7.04,-5.1,+19.8,HB		+7.02,-2.9,+19.8,AB	
1702096074.9132452	+6.75,+4.3,+21.3,JB	+6.53,+21.8,+21.3,BA	+6.92,+1.1,+21.3,DB	+7.05,-5.4,+19.8,LB		+7.01,-2.5,+19.8,NB	
1702096136.9212914	+6.75,+4.3,+21.3,JB	+6.53,+21.6,+21.4,KA	+6.92,+1.0,+21.3,EB	+7.04,-5.0,+19.8,IB		+7.02,-2.8,+19.8,@B	
1702096198.930964	+6.75,+4.3,+21.3,JB	+6.53,+21.8,+21.4,EA	+6.92,+1.0,+21.4,BB	+7.04,-5.2,+19.8,KB		+7.02,-3.0,+19.8,IB	
1702096260.9396577	+6.75,+4.3,+21.3,JB	+6.53,+21.7,+21.4,JA	+6.92,+1.1,+21.3,DB	+7.05,-5.4,+19.8,LB		+7.02,-2.8,+19.8,@B	
1702096322.9495904	+6.75,+4.3,+21.3,JB	+6.53,+21.6,+21.4,KA	+6.92,+1.0,+21.3,EB	+7.04,-5.0,+19.8,IB		+7.02,-2.6,+19.8,NB	
1702096569.6676576	+6.75,+4.2,+21.3,KB	+6.53,+21.7,+21.4,JA	+6.92,+0.9,+21.3,MB	+7.04,-5.2,+19.8,KB		+7.02,-2.7,+19.8,OB	
1702096631.6750424	+6.75,+4.2,+21.3,KB	+6.53,+21.7,+21.4,JA	+6.92,+0.9,+21.3,MB	+7.05,-5.4,+19.8,LB		+7.02,-2.8,+19.8,@B	
1702096693.683979	+6.75,+4.2,+21.3,KB	+6.53,+21.9,+21.4,DA	+6.92,+1.1,+21.3,DB	+7.04,-5.0,+19.8,IB		+7.01,-2.5,+19.8,NB	
1702096755.6922474	+6.75,+4.3,+21.3,JB	+6.53,+21.8,+21.3,BA	+6.92,+1.0,+21.4,BB	+7.04,-5.1,+19.8,HB		+7.02,-2.7,+19.8,OB	
1702096817.7002459	+6.75,+4.3,+21.3,JB	+6.53,+21.7,+21.4,JA	+6.92,+0.9,+21.4,JB	+7.05,-5.4,+19.8,LB		+7.02,-2.8,+19.8,@B	
1702096879.7076378	+6.75,+4.2,+21.3,KB	+6.53,+21.7,+21.3,MA	+6.92,+1.1,+21.3,DB	+7.04,-5.1,+19.8,HB		+7.02,-2.6,+19.8,NB	
1702096941.7181063	+6.75,+4.3,+21.3,JB	+6.53,+21.6,+21.4,KA	+6.92,+0.9,+21.3,MB	+7.05,-5.3,+19.8,KB		+7.01,-2.5,+19.8,NB	
1702097003.7265205	+6.75,+4.3,+21.3,JB	+6.53,+21.8,+21.4,EA	+6.92,+1.0,+21.4,BB	+7.04,-5.3,+19.8,JB		+7.02,-2.6,+19.8,NB	
1702097065.7357407	+6.75,+4.2,+21.3,KB	+6.53,+21.7,+21.4,JA	+6.92,+1.0,+21.3,EB	+7.05,-5.4,+19.8,LB		+7.01,-2.5,+19.8,NB	
1702097127.7452016	+6.75,+4.2,+21.3,KB	+6.53,+21.8,+21.4,EA	+6.92,+1.0,+21.3,EB	+7.04,-5.0,+19.8,IB		+7.02,-2.9,+19.8,AB	
1702097189.7529378	+6.75,+4.2,+21.3,KB	+6.53,+21.9,+21.4,DA	+6.92,+0.9,+21.4,JB	+7.04,-5.1,+19.8,HB		+7.02,-2.6,+19.8,NB	
1702097251.76288	+6.75,+4.2,+21.3,KB	+6.53,+21.7,+21.4,JA	+6.92,+1.0,+21.4,BB	+7.05,-5.3,+19.9,JB		+7.02,-2.9,+19.8,AB	
1702097313.7723837	+6.75,+4.2,+21.3,KB	+6.53,+21.7,+21.4,JA	+6.92,+0.9,+21.4,JB	+7.04,-5.2,+19.8,KB		+7.02,-2.9,+19.8,AB	
1702097375.7807846	+6.75,+4.3,+21.3,JB	+6.53,+21.7,+21.4,JA	+6.92,+1.1,+21.4,CB	+7.05,-5.3,+19.9,JB		+7.02,-2.9,+19.8,AB	
1702097437.7863436	+6.75,+4.2,+21.3,KB	+6.53,+21.8,+21.4,EA	+6.92,+1.0,+21.4,BB	+7.04,-5.2,+19.9,JB		+7.02,-2.9,+19.8,AB	
1702097499.7942405	+6.75,+4.2,+21.3,KB	+6.53,+21.9,+21.4,DA	+6.92,+0.9,+21.4,JB	+7.04,-5.0,+19.9,HB		+7.02,-2.6,+19.9,OB	
1702097561.8039138	+6.75,+4.2,+21.3,KB	+6.53,+21.8,+21.4,EA	+6.92,+1.0,+21.4,BB	+7.04,-5.2,+19.9,JB		+7.02,-3.0,+19.8,IB	
1702097623.811748	+6.75,+4.2,+21.3,KB	+6.53,+21.9,+21.4,DA	+6.92,+1.0,+21.4,BB	+7.04,-5.1,+19.9,IB		+7.02,-3.0,+19.8,IB	
1702097685.8209321	+6.75,+4.2,+21.3,KB	+6.53,+21.7,+21.4,JA	+6.92,+1.0,+21.4,BB	+7.05,-5.4,+19.9,MB		+7.01,-2.5,+19.9,OB	
1702097747.8308065	+6.75,+4.2,+21.3,KB	+6.53,+21.9,+21.4,DA	+6.92,+1.0,+21.4,BB	+7.04,-5.1,+19.9,IB		+7.02,-2.9,+19.9,@B	
1702097809.8394246	+6.75,+4.2,+21.3,KB	+6.53,+21.9,+21.4,DA	+6.92,+1.1,+21.4,CB	+7.04,-5.1,+19.9,IB		+7.02,-2.6,+19.8,NB	
1702097871.8483434	+6.75,+4.2,+21.3,KB	+6.53,+21.9,+21.4,DA	+6.92,+1.1,+21.4,CB	+7.05,-5.3,+19.9,JB		+7.01,-2.5,+19.9,OB	
1702097933.8574464	+6.75,+4.2,+21.3,KB	+6.53,+21.9,+21.4,DA	+6.92,+1.0,+21.4,BB	+7.04,-4.9,+19.9,@B		+7.01,-2.6,+19.9,LB	
1702097995.8649838	+6.75,+4.2,+21.3,KB	+6.53,+21.9,+21.4,DA	+6.92,+1.0,+21.4,BB	+7.04,-5.0,+19.9,HB		+7.02,-2.7,+19.8,OB	
1702098057.8731978	+6.75,+4.3,+21.3,JB	+6.53,+21.9,+21.4,DA	+6.92,+0.9,+21.4,JB	+7.05,-5.3,+19.9,JB		+7.02,-2.8,+19.9,AB	
1702098119.8851852	+6.75,+4.2,+21.3,KB	+6.53,+21.7,+21.4,JA	+6.92,+0.9,+21.4,JB	+7.05,-5.3,+19.9,JB		+7.02,-2.9,+19.8,AB	
1702098181.8942885	+6.75,+4.2,+21.3,KB	+6.53,+21.9,+21.4,DA	+6.92,+1.0,+21.4,BB	+7.04,-5.0,+19.9,HB		+7.02,-2.8,+19.9,AB	
1702098243.9049401	+6.75,+4.2,+21.3,KB	+6.53,+21.7,+21.4,JA	+6.92,+1.1,+21.4,CB	+7.05,-5.3,+19.9,JB		+7.02,-2.6,+19.9,OB	
1702098305.9141896	+6.75,+4.2,+21.3,KB	+6.53,+21.9,+21.4,DA	+6.92,+0.9,+21.4,JB	+7.04,-5.2,+19.9,JB		+7.02,-2.9,+19.8,AB	
1702098367.9249947	+6.75,+4.2,+21.3,KB	+6.53,+21.8,+21.4,EA	+6.92,+0.9,+21.3,MB	+7.05,-5.3,+19.9,JB		+7.02,-2.8,+19.8,@B	
1702098429.933409	+6.75,+4.2,+21.3,KB	+6.53,+21.9,+21.4,DA	+6.92,+0.9,+21.4,JB	+7.04,-5.1,+19.9,IB		+7.02,-2.7,+19.9,NB	
1702098491.9406297	+6.75,+4.1,+21.3,HB	+6.53,+21.9,+21.4,DA	+6.92,+1.0,+21.4,BB	+7.04,-5.0,+19.9,HB		+7.02,-2.9,+19.9,@B	
1702098553.952155	+6.75,+4.1,+21.3,HB	+6.53,+21.9,+21.5,EA	+6.92,+1.0,+21.4,BB	+7.04,-5.0,+19.9,HB		+7.02,-2.8,+19.9,AB	
1702098615.960991	+6.75,+4.2,+21.3,KB	+6.53,+21.9,+21.4,DA	+6.92,+1.0,+21.4,BB	+7.04,-5.2,+19.9,JB		+7.01,-2.5,+19.9,OB	
1702098677.9692087	+6.75,+4.2,+21.3,KB	+6.53,+21.9,+21.4,DA	+6.92,+1.0,+21.4,BB	+7.04,-5.2,+19.9,JB		+7.02,-2.6,+19.8,NB	
1702098739.9791572	+6.75,+4.1,+21.3,HB	+6.53,+21.8,+21.4,EA	+6.92,+1.0,+21.4,BB	+7.04,-5.1,+19.9,IB		+7.02,-2.6,+19.8,NB	
1702098801.986746	+6.75,+4.2,+21.3,KB	+6.53,+21.8,+21.4,EA	+6.92,+1.1,+21.4,CB	+7.04,-5.3,+19.9,KB		+7.02,-3.0,+19.9,HB	
1702098863.9944444	+6.75,+4.1,+21.4,OB	+6.53,+21.9,+21.4,DA	+6.92,+0.9,+21.4,JB	+7.04,-5.0,+19.9,HB		+7.01,-2.5,+19.9,OB	
1702098926.0024743	+6.75,+4.2,+21.4,LB	+6.53,+21.8,+21.4,EA	+6.92,+1.0,+21.4,BB	+7.05,-5.3,+19.9,JB		+7.02,-2.6,+19.9,OB	
1702098988.0115755	+6.75,+4.1,+21.3,HB	+6.53,+21.7,+21.4,JA	+6.92,+1.0,+21.4,BB	+7.04,-5.1,+19.9,IB		+7.01,-2.5,+19.9,OB	
1702099050.0211139	+6.75,+4.2,+21.3,KB	+6.53,+21.9,+21.4,DA	+6.92,+1.1,+21.4,CB	+7.04,-5.1,+19.9,IB		+7.02,-3.0,+19.9,HB	
1702099112.0302455	+6.75,+4.1,+21.4,OB	+6.53,+21.9,+21.4,DA	+6.92,+1.1,+21.4,CB	+7.04,-5.2,+19.9,JB		+7.02,-2.6,+19.9,OB	
1702099174.0384974	+6.75,+4.1,+21.3,HB	+6.53,+21.9,+21.4,DA	+6.92,+1.1,+21.4,CB	+7.04,-4.9,+19.9,@B		+7.02,-3.0,+19.9,HB	
1702099236.0483873	+6.75,+4.1,+21.4,OB	+6.53,+21.8,+21.4,EA	+6.92,+0.9,+21.4,JB	+7.04,-5.2,+19.9,JB		+7.02,-2.8,+19.9,AB	
1702099298.055866	+6.75,+4.1,+21.4,OB	+6.53,+21.8,+21.5,DA	+6.92,+0.9,+21.4,JB	+7.05,-5.4,+19.9,MB		+7.02,-2.9,+19.9,@B	
1702099360.0656843	+6.75,+4.1,+21.4,OB	+6.53,+21.8,+21.4,EA	+6.92,+1.1,+21.4,CB	+7.04,-5.1,+19.9,IB		+7.02,-2.8,+19.9,AB	
1702099422.075879	+6.75,+4.1,+21.4,OB	+6.53,+22.0,+21.4,NA	+6.92,+1.1,+21.4,CB	+7.04,-5.0,+19.9,HB		+7.01,-2.5,+19.9,OB	
1702099484.0824387	+6.75,+4.1,+21.4,OB	+6.53,+21.8,+21.4,EA	+6.92,+1.0,+21.4,BB	+7.04,-5.1,+19.9,IB		+7.02,-2.6,+19.9,OB	
1702099546.0919883	+6.75,+4.1,+21.4,OB	+6.53,+21.7,+21.4,JA	+6.92,+1.0,+21.4,BB	+7.05,-5.3,+19.9,JB		+7.02,-2.8,+19.9,AB	
1702099608.1006978	+6.75,+4.1,+21.4,OB	+6.53,+21.9,+21.4,DA	+6.92,+1.0,+21.4,BB	+7.04,-5.0,+19.9,HB		+7.02,-2.7,+19.9,NB	
1702099670.108323	+6.75,+4.1,+21.4,OB	+6.53,+21.9,+21.5,EA	+6.92,+1.1,+21.5,BB	+7.04,-5.0,+19.9,HB		+7.02,-2.8,+19.9,AB	
1702099732.117313	+6.75,+4.1,+21.4,OB	+6.53,+21.7,+21.5,KA	+6.92,+1.1,+21.4,CB	+7.04,-5.3,+19.9,KB		+7.01,-2.6,+19.9,LB	
1702099794.1259286	+6.75,+4.1,+21.4,OB	+6.52,+22.0,+21.5,NA	+6.92,+0.9,+21.4,JB	+7.04,-5.1,+19.9,IB		+7.02,-2.8,+19.9,AB	
1702099856.1356037	+6.75,+4.1,+21.4,OB	+6.53,+22.0,+21.5,OA	+6.92,+1.0,+21.4,BB	+7.04,-5.3,+19.9,KB		+7.01,-2.5,+19.9,OB	
1702099918.1448019	+6.75,+4.2,+21.4,LB	+6.53,+21.9,+21.5,EA	+6.92,+1.0,+21.4,BB	+7.05,-5.3,+19.9,JB		+7.01,-2.5,+19.9,OB	
1702099980.1553001	+6.75,+4.1,+21.3,HB	+6.53,+21.9,+21.5,EA	+6.92,+1.0,+21.4,BB	+7.05,-5.4,+19.9,MB		+7.02,-2.8,+19.9,AB	
1702100042.1625369	+6.75,+4.1,+21.4,OB	+6.53,+21.9,+21.5,EA	+6.92,+1.0,+21.4,BB	+7.04,-5.2,+19.9,JB		+7.02,-2.6,+19.9,OB	
1702100104.1726558	+6.75,+4.1,+21.4,OB	+6.53,+21.9,+21.5,EA	+6.92,+0.9,+21.4,JB	+7.04,-5.0,+19.9,HB		+7.01,-2.5,+19.9,OB	
1702100166.1814983	+6.75,+4.1,+21.4,OB	+6.52,+22.1,+21.5,OA	+6.92,+0.9,+21.4,JB	+7.04,-5.0,+19.9,HB		+7.01,-2.5,+19.9,OB	
1702100412.9214005	+6.75,+4.2,+21.4,LB	+6.52,+22.2,+21.5,LA	+6.92,+1.0,+21.4,BB	+7.04,-5.0,+19.9,HB		+7.02,-2.8,+19.9,AB	
