62309060476	62309060477	62309060478	62309060479	62309060481	62309060482	
1702143618.8800633	+6.77,+2.9,+21.8,OB	+6.51,+22.9,+21.8,IA	+6.93,+0.5,+21.8,KB	+7.03,-4.3,+20.3,MB		+7.03,-3.2,+20.3,KB	
1702143680.8902848	+6.77,+2.9,+21.7,@B	+6.51,+22.9,+21.8,IA	+6.93,+0.6,+21.8,HB	+7.03,-4.6,+20.3,HB		+7.03,-3.4,+20.3,MB	
1702143742.9003174	+6.77,+2.9,+21.8,OB	+6.51,+22.9,+21.9,HA	+6.93,+0.6,+21.8,HB	+7.03,-4.2,+20.3,LB		+7.02,-2.9,+20.3,@B	
1702143804.9096308	+6.77,+2.9,+21.8,OB	+6.51,+23.1,+21.8,@A	+6.93,+0.7,+21.8,IB	+7.03,-4.4,+20.3,JB		+7.03,-3.3,+20.3,JB	
1702143866.919311	+6.77,+2.9,+21.8,OB	+6.51,+23.1,+21.8,@A	+6.93,+0.7,+21.8,IB	+7.03,-4.4,+20.3,JB		+7.03,-3.4,+20.3,MB	
1702143928.9299262	+6.77,+2.9,+21.8,OB	+6.51,+23.0,+21.9,@A	+6.93,+0.7,+21.8,IB	+7.03,-4.3,+20.3,MB		+7.03,-3.4,+20.3,MB	
1702143990.9398205	+6.77,+2.8,+21.8,NB	+6.51,+22.9,+21.9,HA	+6.93,+0.5,+21.8,KB	+7.03,-4.3,+20.3,MB		+7.03,-3.2,+20.3,KB	
1702144052.949934	+6.77,+2.8,+21.8,NB	+6.51,+23.0,+21.9,@A	+6.93,+0.5,+21.8,KB	+7.03,-4.5,+20.3,KB		+7.02,-3.1,+20.3,IB	
1702144114.9590964	+6.77,+2.9,+21.8,OB	+6.51,+23.0,+21.9,@A	+6.93,+0.5,+21.8,KB	+7.03,-4.6,+20.3,HB		+7.02,-3.1,+20.3,IB	
1702144176.966373	+6.77,+2.9,+21.8,OB	+6.51,+23.1,+21.8,@A	+6.93,+0.5,+21.8,KB	+7.03,-4.5,+20.3,KB		+7.02,-2.9,+20.3,@B	
1702144238.9763308	+6.77,+2.9,+21.8,OB	+6.51,+23.0,+21.9,@A	+6.93,+0.5,+21.8,KB	+7.03,-4.6,+20.3,HB		+7.03,-3.3,+20.3,JB	
1702144300.983008	+6.77,+2.8,+21.8,NB	+6.51,+22.9,+21.9,HA	+6.93,+0.6,+21.8,HB	+7.03,-4.4,+20.3,JB		+7.03,-3.3,+20.3,JB	
1702144362.9931998	+6.77,+2.8,+21.8,NB	+6.51,+22.9,+21.9,HA	+6.93,+0.6,+21.8,HB	+7.03,-4.5,+20.3,KB		+7.03,-3.3,+20.3,JB	
1702144425.002597	+6.77,+2.8,+21.8,NB	+6.51,+23.1,+21.9,AA	+6.93,+0.6,+21.8,HB	+7.03,-4.4,+20.3,JB		+7.02,-3.1,+20.3,IB	
1702144487.0121028	+6.77,+2.8,+21.8,NB	+6.51,+22.6,+21.9,GA	+6.93,+0.7,+21.8,IB	+7.03,-4.4,+20.4,MB		+7.02,-3.0,+20.3,HB	
1702144549.0220275	+6.77,+2.8,+21.7,AB	+6.51,+22.7,+21.9,FA	+6.93,+0.6,+21.8,HB	+7.03,-4.7,+20.3,IB		+7.02,-3.1,+20.3,IB	
1702144611.0305767	+6.77,+2.8,+21.8,NB	+6.51,+22.7,+21.9,FA	+6.93,+0.6,+21.8,HB	+7.03,-4.4,+20.3,JB		+7.02,-2.9,+20.3,@B	
1702144673.0399103	+6.77,+2.8,+21.7,AB	+6.51,+22.7,+21.8,GA	+6.93,+0.6,+21.8,HB	+7.03,-4.4,+20.3,JB		+7.02,-3.0,+20.3,HB	
1702144735.0473447	+6.77,+2.8,+21.8,NB	+6.51,+22.9,+21.9,HA	+6.93,+0.6,+21.8,HB	+7.03,-4.5,+20.3,KB		+7.02,-3.0,+20.3,HB	
1702144797.056143	+6.77,+2.9,+21.8,OB	+6.51,+22.8,+21.9,IA	+6.93,+0.6,+21.8,HB	+7.03,-4.6,+20.3,HB		+7.02,-2.9,+20.3,@B	
1702144859.0652173	+6.77,+2.9,+21.8,OB	+6.51,+22.9,+21.9,HA	+6.93,+0.7,+21.8,IB	+7.03,-4.6,+20.3,HB		+7.02,-2.9,+20.3,@B	
1702144921.0730677	+6.77,+2.9,+21.8,OB	+6.51,+22.8,+21.8,HA	+6.93,+0.6,+21.8,HB	+7.03,-4.4,+20.3,JB		+7.03,-3.4,+20.3,MB	
1702144983.0822601	+6.77,+2.8,+21.8,NB	+6.51,+22.8,+21.9,IA	+6.93,+0.6,+21.8,HB	+7.03,-4.5,+20.3,KB		+7.03,-3.4,+20.3,MB	
1702145045.0877893	+6.77,+2.8,+21.8,NB	+6.51,+22.9,+21.9,HA	+6.93,+0.6,+21.8,HB	+7.03,-4.4,+20.3,JB		+7.02,-3.0,+20.3,HB	
1702145107.099723	+6.77,+2.9,+21.8,OB	+6.51,+22.8,+21.9,IA	+6.93,+0.6,+21.8,HB	+7.03,-4.7,+20.3,IB		+7.03,-3.4,+20.3,MB	
1702145169.1110759	+6.77,+2.8,+21.8,NB	+6.51,+22.9,+21.9,HA	+6.93,+0.6,+21.8,HB	+7.03,-4.4,+20.3,JB		+7.03,-3.3,+20.3,JB	
1702145231.1173012	+6.77,+2.8,+21.8,NB	+6.51,+22.7,+21.9,FA	+6.93,+0.3,+21.8,MB	+7.03,-4.3,+20.3,MB		+7.02,-2.9,+20.3,@B	
1702145293.124514	+6.77,+2.8,+21.8,NB	+6.51,+22.8,+21.9,IA	+6.93,+0.6,+21.8,HB	+7.03,-4.2,+20.3,LB		+7.03,-3.3,+20.3,JB	
1702145355.13512	+6.77,+2.8,+21.8,NB	+6.51,+22.6,+21.9,GA	+6.93,+0.4,+21.8,JB	+7.03,-4.5,+20.3,KB		+7.02,-3.0,+20.3,HB	
1702145417.1439118	+6.77,+2.8,+21.8,NB	+6.52,+22.6,+21.9,DA	+6.93,+0.5,+21.9,JB	+7.03,-4.2,+20.4,KB		+7.03,-3.5,+20.3,LB	
1702145479.153582	+6.77,+2.9,+21.8,OB	+6.52,+22.5,+21.9,GA	+6.93,+0.4,+21.8,JB	+7.03,-4.4,+20.4,MB		+7.03,-3.3,+20.3,JB	
1702145541.162508	+6.77,+2.9,+21.8,OB	+6.52,+22.6,+21.9,DA	+6.93,+0.5,+21.8,KB	+7.03,-4.4,+20.3,JB		+7.03,-3.4,+20.3,MB	
1702145603.170405	+6.77,+2.9,+21.8,OB	+6.51,+22.7,+21.9,FA	+6.93,+0.5,+21.8,KB	+7.03,-4.7,+20.4,NB		+7.02,-3.1,+20.3,IB	
1702145665.179363	+6.77,+2.9,+21.8,OB	+6.52,+22.5,+21.9,GA	+6.93,+0.5,+21.8,KB	+7.03,-4.5,+20.3,KB		+7.02,-2.9,+20.3,@B	
1702145727.1890018	+6.77,+2.9,+21.8,OB	+6.52,+22.4,+21.9,FA	+6.93,+0.4,+21.8,JB	+7.03,-4.2,+20.3,LB		+7.02,-2.9,+20.3,@B	
1702145789.19707	+6.77,+2.9,+21.8,OB	+6.52,+22.3,+21.9,AA	+6.93,+0.4,+21.8,JB	+7.03,-4.3,+20.3,MB		+7.02,-3.0,+20.3,HB	
1702145851.206405	+6.77,+2.9,+21.8,OB	+6.52,+22.4,+21.8,GA	+6.93,+0.3,+21.8,MB	+7.03,-4.6,+20.3,HB		+7.03,-3.4,+20.3,MB	
1702145913.213583	+6.77,+2.9,+21.8,OB	+6.52,+22.4,+21.9,FA	+6.93,+0.2,+21.8,LB	+7.03,-4.3,+20.4,JB		+7.03,-3.3,+20.3,JB	
1702145975.2236934	+6.77,+2.9,+21.8,OB	+6.52,+22.4,+21.9,FA	+6.93,+0.3,+21.8,MB	+7.03,-4.7,+20.3,IB		+7.03,-3.2,+20.3,KB	
1702146037.232944	+6.77,+2.9,+21.8,OB	+6.52,+22.3,+21.8,@A	+6.93,+0.4,+21.8,JB	+7.03,-4.5,+20.3,KB		+7.02,-2.9,+20.3,@B	
1702146099.2419379	+6.77,+2.9,+21.8,OB	+6.52,+22.3,+21.9,AA	+6.93,+0.2,+21.8,LB	+7.03,-4.2,+20.3,LB		+7.03,-3.5,+20.3,LB	
1702146161.2513456	+6.77,+2.8,+21.8,NB	+6.52,+22.4,+21.9,FA	+6.93,+0.3,+21.8,MB	+7.03,-4.6,+20.4,OB		+7.02,-3.0,+20.3,HB	
1702146223.2580607	+6.77,+2.8,+21.8,NB	+6.52,+22.5,+21.9,GA	+6.93,+0.3,+21.8,MB	+7.03,-4.6,+20.3,HB		+7.02,-2.9,+20.3,@B	
1702146285.2649388	+6.77,+2.8,+21.8,NB	+6.52,+22.5,+21.9,GA	+6.93,+0.3,+21.8,MB	+7.03,-4.6,+20.3,HB		+7.02,-3.0,+20.3,HB	
1702146532.033457	+6.77,+2.9,+21.8,OB	+6.52,+22.3,+21.9,AA	+6.94,+0.0,+21.8,IB	+7.03,-4.2,+20.3,LB		+7.03,-3.3,+20.3,JB	
1702146594.045334	+6.77,+2.8,+21.8,NB	+6.52,+22.3,+21.9,AA	+6.94,+0.0,+21.8,IB	+7.03,-4.6,+20.3,HB		+7.02,-3.1,+20.3,IB	
1702146656.0540977	+6.77,+2.8,+21.8,NB	+6.52,+22.3,+21.9,AA	+6.94,+0.1,+21.8,HB	+7.03,-4.2,+20.4,KB		+7.02,-3.1,+20.3,IB	
1702146718.062179	+6.77,+2.8,+21.8,NB	+6.52,+22.4,+21.9,FA	+6.94,+0.1,+21.8,HB	+7.03,-4.6,+20.4,OB		+7.03,-3.2,+20.3,KB	
1702146780.0717924	+6.77,+2.8,+21.8,NB	+6.52,+22.2,+21.9,@A	+6.94,+0.1,+21.8,HB	+7.03,-4.3,+20.4,JB		+7.03,-3.2,+20.3,KB	
1702146842.0809476	+6.77,+2.8,+21.8,NB	+6.52,+22.4,+21.9,FA	+6.94,+0.1,+21.8,HB	+7.03,-4.5,+20.4,LB		+7.02,-3.0,+20.3,HB	
1702146904.0909922	+6.77,+2.8,+21.8,NB	+6.52,+22.4,+21.9,FA	+6.94,+0.0,+21.8,IB	+7.03,-4.6,+20.4,OB		+7.02,-2.9,+20.3,@B	
1702146966.1006215	+6.78,+2.8,+21.8,AB	+6.52,+22.2,+21.9,@A	+6.94,+0.2,+21.8,KB	+7.03,-4.2,+20.3,LB		+7.03,-3.2,+20.3,KB	
1702147028.112038	+6.78,+2.8,+21.8,AB	+6.52,+22.4,+21.9,FA	+6.94,+0.1,+21.8,HB	+7.03,-4.3,+20.3,MB		+7.02,-2.9,+20.3,@B	
1702147090.116959	+6.78,+2.8,+21.8,AB	+6.52,+22.2,+21.9,@A	+6.94,+0.1,+21.8,HB	+7.03,-4.2,+20.3,LB		+7.02,-3.0,+20.3,HB	
1702147152.1245966	+6.78,+2.7,+21.8,NB	+6.52,+22.2,+21.8,AA	+6.94,+0.1,+21.8,HB	+7.03,-4.4,+20.3,JB		+7.03,-3.2,+20.3,KB	
1702147214.1308134	+6.78,+2.8,+21.8,AB	+6.52,+22.2,+21.9,@A	+6.94,+0.2,+21.8,KB	+7.03,-4.4,+20.3,JB		+7.02,-2.9,+20.3,@B	
1702147276.1392548	+6.78,+2.8,+21.8,AB	+6.52,+22.2,+21.9,@A	+6.94,+0.0,+21.8,IB	+7.03,-4.2,+20.3,LB		+7.02,-3.1,+20.3,IB	
1702147338.1496081	+6.78,+2.8,+21.8,AB	+6.52,+22.3,+21.9,AA	+6.94,-0.1,+21.8,NB	+7.03,-4.3,+20.3,MB		+7.03,-3.5,+20.3,LB	
1702147400.1592672	+6.78,+2.7,+21.8,NB	+6.52,+22.3,+21.9,AA	+6.94,-0.1,+21.8,NB	+7.03,-4.1,+20.3,OB		+7.03,-3.4,+20.3,MB	
1702147462.1687086	+6.78,+2.7,+21.8,NB	+6.52,+22.3,+21.8,@A	+6.94,+0.2,+21.8,KB	+7.03,-4.6,+20.3,HB		+7.02,-2.8,+20.3,AB	
1702147524.1786416	+6.78,+2.7,+21.7,AB	+6.52,+22.3,+21.9,AA	+6.94,-0.0,+21.8,OB	+7.03,-4.3,+20.3,MB		+7.03,-3.3,+20.3,JB	
1702147586.189062	+6.78,+2.7,+21.8,NB	+6.52,+22.2,+21.9,@A	+6.94,-0.0,+21.8,OB	+7.03,-4.3,+20.3,MB		+7.03,-3.4,+20.3,MB	
1702147648.197839	+6.78,+2.7,+21.8,NB	+6.52,+22.3,+21.8,@A	+6.94,+0.1,+21.8,HB	+7.03,-4.5,+20.3,KB		+7.03,-3.3,+20.3,JB	
1702147710.2083528	+6.78,+2.7,+21.8,NB	+6.52,+22.2,+21.9,@A	+6.94,+0.1,+21.8,HB	+7.03,-4.2,+20.3,LB		+7.03,-3.2,+20.3,KB	
1702147772.2185466	+6.78,+2.7,+21.8,NB	+6.52,+22.3,+21.9,AA	+6.94,+0.0,+21.8,IB	+7.03,-4.5,+20.3,KB		+7.03,-3.4,+20.3,MB	
1702147834.227026	+6.78,+2.7,+21.8,NB	+6.52,+22.3,+21.9,AA	+6.94,+0.1,+21.8,HB	+7.03,-4.6,+20.3,HB		+7.03,-3.5,+20.3,LB	
1702147896.2370558	+6.78,+2.7,+21.8,NB	+6.52,+22.4,+21.9,FA	+6.94,+0.1,+21.8,HB	+7.03,-4.6,+20.3,HB		+7.03,-3.4,+20.3,MB	
1702147958.246747	+6.78,+2.7,+21.8,NB	+6.52,+22.3,+21.9,AA	+6.94,+0.2,+21.8,KB	+7.03,-4.2,+20.3,LB		+7.03,-3.2,+20.3,KB	
1702148020.257054	+6.78,+2.7,+21.8,NB	+6.52,+22.4,+21.9,FA	+6.94,+0.1,+21.8,HB	+7.03,-4.3,+20.3,MB		+7.03,-3.4,+20.3,MB	
1702148082.2616167	+6.78,+2.7,+21.8,NB	+6.52,+22.4,+21.9,FA	+6.94,+0.0,+21.8,IB	+7.03,-4.5,+20.4,LB		+7.02,-2.9,+20.3,@B	
1702148144.2711937	+6.78,+2.7,+21.8,NB	+6.52,+22.4,+21.9,FA	+6.94,+0.0,+21.8,IB	+7.03,-4.6,+20.4,OB		+7.02,-2.9,+20.3,@B	
1702148206.28111	+6.78,+2.7,+21.8,NB	+6.52,+22.4,+21.9,FA	+6.94,-0.0,+21.8,OB	+7.03,-4.6,+20.4,OB		+7.02,-2.9,+20.3,@B	
1702148268.291672	+6.78,+2.7,+21.8,NB	+6.52,+22.4,+21.9,FA	+6.94,-0.0,+21.8,OB	+7.03,-4.6,+20.4,OB		+7.02,-2.9,+20.3,@B	
1702148330.3005743	+6.78,+2.7,+21.8,NB	+6.52,+22.5,+21.9,GA	+6.94,-0.1,+21.8,NB	+7.03,-4.7,+20.3,IB		+7.02,-3.1,+20.3,IB	
1702148392.307884	+6.78,+2.6,+21.8,OB	+6.52,+22.4,+21.9,FA	+6.94,-0.0,+21.8,OB	+7.03,-4.6,+20.3,HB		+7.03,-3.3,+20.3,JB	
1702148454.3168795	+6.78,+2.7,+21.8,NB	+6.52,+22.4,+21.9,FA	+6.94,-0.0,+21.8,OB	+7.03,-4.4,+20.3,JB		+7.02,-3.0,+20.3,HB	
1702148516.3223097	+6.78,+2.7,+21.8,NB	+6.52,+22.4,+21.9,FA	+6.94,+0.1,+21.8,HB	+7.03,-4.2,+20.3,LB		+7.02,-3.0,+20.3,HB	
1702148578.3334782	+6.78,+2.7,+21.8,NB	+6.52,+22.5,+21.9,GA	+6.94,+0.1,+21.8,HB	+7.03,-4.3,+20.3,MB		+7.03,-3.2,+20.3,KB	
1702148640.341585	+6.78,+2.6,+21.8,OB	+6.52,+22.3,+21.9,AA	+6.94,+0.0,+21.8,IB	+7.02,-4.1,+20.3,NB		+7.03,-3.2,+20.3,KB	
1702148702.3513894	+6.78,+2.7,+21.7,AB	+6.52,+22.4,+21.9,FA	+6.94,+0.2,+21.8,KB	+7.03,-4.5,+20.3,KB		+7.02,-2.9,+20.3,@B	
1702148764.3609471	+6.78,+2.7,+21.7,AB	+6.52,+22.5,+21.9,GA	+6.94,+0.2,+21.9,JB	+7.03,-4.5,+20.3,KB		+7.03,-3.2,+20.3,KB	
1702148826.3682406	+6.78,+2.6,+21.8,OB	+6.52,+22.5,+21.9,GA	+6.94,+0.1,+21.8,HB	+7.03,-4.5,+20.3,KB		+7.03,-3.2,+20.3,KB	
1702148888.3776953	+6.78,+2.7,+21.8,NB	+6.52,+22.6,+21.9,DA	+6.94,+0.1,+21.8,HB	+7.03,-4.4,+20.3,JB		+7.02,-3.1,+20.3,IB	
1702148950.386157	+6.78,+2.6,+21.8,OB	+6.52,+22.5,+21.9,GA	+6.94,+0.1,+21.8,HB	+7.03,-4.6,+20.3,HB		+7.02,-3.1,+20.3,IB	
1702149012.3945243	+6.78,+2.6,+21.8,OB	+6.52,+22.5,+21.8,FA	+6.94,+0.2,+21.8,KB	+7.03,-4.4,+20.3,JB		+7.02,-2.9,+20.3,@B	
1702149074.403185	+6.78,+2.6,+21.8,OB	+6.52,+22.6,+21.9,DA	+6.94,+0.1,+21.8,HB	+7.03,-4.4,+20.3,JB		+7.02,-3.0,+20.3,HB	
1702149136.4130502	+6.78,+2.6,+21.8,OB	+6.52,+22.5,+21.8,FA	+6.94,+0.1,+21.8,HB	+7.03,-4.2,+20.3,LB		+7.02,-3.0,+20.3,HB	
1702149198.4221134	+6.78,+2.6,+21.8,OB	+6.52,+22.6,+21.9,DA	+6.94,+0.2,+21.8,KB	+7.03,-4.5,+20.3,KB		+7.03,-3.3,+20.3,JB	
1702149260.4313066	+6.78,+2.6,+21.8,OB	+6.52,+22.4,+21.9,FA	+6.94,+0.0,+21.8,IB	+7.03,-4.4,+20.3,JB		+7.02,-2.9,+20.3,@B	
1702149322.4400947	+6.78,+2.7,+21.8,NB	+6.52,+22.5,+21.9,GA	+6.93,+0.2,+21.8,LB	+7.03,-4.2,+20.3,LB		+7.03,-3.2,+20.3,KB	
1702149384.4492865	+6.78,+2.6,+21.8,OB	+6.52,+22.6,+21.9,DA	+6.94,+0.0,+21.8,IB	+7.03,-4.6,+20.3,HB		+7.03,-3.2,+20.3,KB	
1702149446.4588187	+6.78,+2.6,+21.8,OB	+6.52,+22.5,+21.9,GA	+6.94,+0.1,+21.8,HB	+7.03,-4.2,+20.3,LB		+7.03,-3.5,+20.3,LB	
1702149508.4690137	+6.78,+2.6,+21.8,OB	+6.52,+22.4,+21.8,GA	+6.94,+0.1,+21.8,HB	+7.03,-4.2,+20.4,KB		+7.03,-3.4,+20.3,MB	
1702149570.476776	+6.78,+2.6,+21.8,OB	+6.52,+22.5,+21.9,GA	+6.94,+0.1,+21.8,HB	+7.03,-4.5,+20.3,KB		+7.03,-3.1,+20.3,HB	
1702149632.4874327	+6.78,+2.5,+21.8,LB	+6.52,+22.5,+21.9,GA	+6.94,-0.0,+21.8,OB	+7.03,-4.2,+20.3,LB		+7.03,-3.4,+20.3,MB	
1702149694.4966645	+6.78,+2.6,+21.8,OB	+6.52,+22.5,+21.8,FA	+6.94,+0.1,+21.8,HB	+7.03,-4.5,+20.3,KB		+7.03,-3.5,+20.3,LB	
1702149756.5072007	+6.78,+2.6,+21.8,OB	+6.51,+22.7,+21.9,FA	+6.94,+0.1,+21.8,HB	+7.03,-4.6,+20.3,HB		+7.03,-3.2,+20.3,KB	
1702149818.5175006	+6.78,+2.6,+21.8,OB	+6.51,+22.7,+21.8,GA	+6.94,+0.0,+21.8,IB	+7.03,-4.4,+20.3,JB		+7.02,-3.1,+20.3,IB	
1702149880.5272684	+6.78,+2.6,+21.8,OB	+6.51,+22.7,+21.9,FA	+6.93,+0.2,+21.8,LB	+7.03,-4.5,+20.3,KB		+7.03,-3.3,+20.3,JB	
1702149942.5361414	+6.78,+2.6,+21.8,OB	+6.51,+22.7,+21.9,FA	+6.93,+0.2,+21.8,LB	+7.03,-4.5,+20.3,KB		+7.03,-3.1,+20.3,HB	
1702150004.5468001	+6.78,+2.6,+21.8,OB	+6.51,+22.7,+21.8,GA	+6.94,+0.1,+21.8,HB	+7.03,-4.3,+20.3,MB		+7.03,-3.4,+20.3,MB	
1702150066.553205	+6.78,+2.6,+21.7,@B	+6.52,+22.6,+21.8,EA	+6.94,+0.1,+21.8,HB	+7.03,-4.2,+20.3,LB		+7.03,-3.3,+20.3,JB	
1702150128.5628297	+6.78,+2.6,+21.8,OB	+6.51,+22.6,+21.8,FA	+6.94,+0.1,+21.8,HB	+7.03,-4.6,+20.3,HB		+7.02,-2.9,+20.3,@B	
1702150375.3160892	+6.78,+2.5,+21.8,LB	+6.52,+22.5,+21.9,GA	+6.94,-0.0,+21.8,OB	+7.03,-4.5,+20.3,KB		+7.03,-3.5,+20.2,MB	
1702150437.3261225	+6.78,+2.6,+21.7,@B	+6.52,+22.5,+21.8,FA	+6.94,+0.0,+21.8,IB	+7.03,-4.3,+20.3,MB		+7.03,-3.5,+20.3,LB	
1702150499.3338475	+6.78,+2.7,+21.8,NB	+6.52,+22.5,+21.8,FA	+6.93,+0.3,+21.8,MB	+7.03,-4.5,+20.3,KB		+7.02,-2.9,+20.3,@B	
1702150561.3429813	+6.78,+2.6,+21.7,@B	+6.52,+22.5,+21.8,FA	+6.94,+0.2,+21.8,KB	+7.03,-4.6,+20.3,HB		+7.02,-2.9,+20.3,@B	
1702150623.350004	+6.78,+2.7,+21.8,NB	+6.52,+22.5,+21.8,FA	+6.94,+0.2,+21.8,KB	+7.03,-4.6,+20.3,HB		+7.02,-3.0,+20.3,HB	
1702150685.3587687	+6.78,+2.7,+21.8,NB	+6.52,+22.5,+21.8,FA	+6.94,+0.1,+21.8,HB	+7.03,-4.3,+20.3,MB		+7.02,-3.0,+20.3,HB	
1702150747.3685899	+6.78,+2.7,+21.8,NB	+6.51,+22.7,+21.9,FA	+6.94,+0.1,+21.8,HB	+7.03,-4.1,+20.3,OB		+7.03,-3.3,+20.3,JB	
1702150809.377703	+6.78,+2.7,+21.8,NB	+6.52,+22.4,+21.9,FA	+6.94,+0.2,+21.8,KB	+7.03,-4.6,+20.3,HB		+7.03,-3.4,+20.3,MB	
1702150871.3856626	+6.78,+2.6,+21.8,OB	+6.52,+22.4,+21.8,GA	+6.94,+0.2,+21.8,KB	+7.03,-4.6,+20.3,HB		+7.03,-3.3,+20.3,JB	
1702150933.3951628	+6.78,+2.6,+21.8,OB	+6.52,+22.5,+21.9,GA	+6.94,+0.2,+21.8,KB	+7.03,-4.2,+20.3,LB		+7.02,-2.9,+20.3,@B	
1702150995.4028459	+6.78,+2.6,+21.8,OB	+6.52,+22.5,+21.8,FA	+6.94,-0.0,+21.8,OB	+7.03,-4.3,+20.3,MB		+7.02,-2.8,+20.3,AB	
1702151057.4101412	+6.78,+2.6,+21.8,OB	+6.52,+22.6,+21.8,EA	+6.94,+0.2,+21.8,KB	+7.03,-4.2,+20.3,LB		+7.03,-3.3,+20.3,JB	
1702151119.4199939	+6.78,+2.6,+21.8,OB	+6.52,+22.4,+21.9,FA	+6.94,+0.2,+21.8,KB	+7.03,-4.5,+20.3,KB		+7.03,-3.3,+20.3,JB	
1702151181.4297333	+6.78,+2.6,+21.8,OB	+6.52,+22.6,+21.9,DA	+6.93,+0.3,+21.8,MB	+7.03,-4.2,+20.3,LB		+7.03,-3.5,+20.3,LB	
1702151243.4387884	+6.78,+2.6,+21.8,OB	+6.52,+22.4,+21.9,FA	+6.94,+0.1,+21.8,HB	+7.03,-4.6,+20.3,HB		+7.02,-3.0,+20.3,HB	
1702151305.4469254	+6.78,+2.6,+21.7,@B	+6.52,+22.5,+21.8,FA	+6.93,+0.2,+21.8,LB	+7.03,-4.4,+20.3,JB		+7.03,-3.3,+20.3,JB	
1702151367.4577851	+6.78,+2.6,+21.7,@B	+6.52,+22.6,+21.8,EA	+6.94,+0.1,+21.8,HB	+7.03,-4.5,+20.3,KB		+7.02,-2.9,+20.3,@B	
1702151429.4655797	+6.78,+2.6,+21.8,OB	+6.52,+22.6,+21.9,DA	+6.94,+0.2,+21.8,KB	+7.03,-4.4,+20.3,JB		+7.03,-3.5,+20.3,LB	
1702151491.4727573	+6.78,+2.6,+21.7,@B	+6.51,+22.7,+21.8,GA	+6.93,+0.2,+21.8,LB	+7.03,-4.2,+20.3,LB		+7.02,-3.0,+20.3,HB	
1702151553.4808583	+6.78,+2.6,+21.7,@B	+6.51,+22.7,+21.8,GA	+6.94,+0.2,+21.8,KB	+7.03,-4.1,+20.3,OB		+7.02,-2.9,+20.3,@B	
1702151615.4900944	+6.78,+2.6,+21.7,@B	+6.52,+22.6,+21.8,EA	+6.94,+0.1,+21.8,HB	+7.03,-4.3,+20.3,MB		+7.03,-3.2,+20.3,KB	
1702151677.4971144	+6.78,+2.6,+21.8,OB	+6.51,+22.6,+21.8,FA	+6.93,+0.3,+21.8,MB	+7.03,-4.4,+20.3,JB		+7.02,-3.0,+20.3,HB	
1702151739.5041707	+6.78,+2.7,+21.8,NB	+6.52,+22.6,+21.8,EA	+6.94,+0.1,+21.8,HB	+7.03,-4.4,+20.3,JB		+7.03,-3.5,+20.3,LB	
1702151801.5117345	+6.78,+2.6,+21.8,OB	+6.51,+22.7,+21.8,GA	+6.94,+0.1,+21.7,GB	+7.03,-4.2,+20.3,LB		+7.02,-3.1,+20.2,HB	
1702151863.5209112	+6.78,+2.7,+21.7,AB	+6.52,+22.6,+21.8,EA	+6.94,+0.1,+21.8,HB	+7.03,-4.3,+20.3,MB		+7.03,-3.5,+20.3,LB	
1702151925.529162	+6.78,+2.6,+21.7,@B	+6.52,+22.6,+21.8,EA	+6.93,+0.2,+21.8,LB	+7.03,-4.6,+20.3,HB		+7.02,-3.0,+20.2,IB	
1702151987.5391302	+6.78,+2.7,+21.7,AB	+6.51,+22.7,+21.8,GA	+6.94,+0.1,+21.8,HB	+7.03,-4.2,+20.3,LB		+7.03,-3.5,+20.3,LB	
1702152049.5487432	+6.78,+2.7,+21.7,AB	+6.51,+22.7,+21.9,FA	+6.94,+0.0,+21.8,IB	+7.03,-4.3,+20.3,MB		+7.03,-3.5,+20.3,LB	
1702152111.5586138	+6.78,+2.8,+21.8,AB	+6.51,+22.7,+21.9,FA	+6.94,+0.1,+21.8,HB	+7.03,-4.1,+20.3,OB		+7.02,-3.1,+20.3,IB	
1702152173.5682263	+6.78,+2.7,+21.7,AB	+6.51,+22.6,+21.8,FA	+6.94,+0.2,+21.8,KB	+7.03,-4.3,+20.3,MB		+7.02,-2.9,+20.2,AB	
1702152235.5746484	+6.78,+2.7,+21.8,NB	+6.51,+22.7,+21.8,GA	+6.93,+0.2,+21.8,LB	+7.03,-4.3,+20.3,MB		+7.02,-3.0,+20.3,HB	
1702152297.581533	+6.77,+2.8,+21.8,NB	+6.52,+22.6,+21.8,EA	+6.94,+0.2,+21.8,KB	+7.03,-4.5,+20.3,KB		+7.03,-3.4,+20.3,MB	
1702152359.589409	+6.77,+2.8,+21.8,NB	+6.51,+22.7,+21.8,GA	+6.94,+0.1,+21.8,HB	+7.03,-4.4,+20.3,JB		+7.02,-3.1,+20.3,IB	
1702152421.599015	+6.78,+2.7,+21.7,AB	+6.51,+22.8,+21.9,IA	+6.94,-0.1,+21.8,NB	+7.03,-4.3,+20.3,MB		+7.02,-3.0,+20.3,HB	
1702152483.6079109	+6.78,+2.7,+21.8,NB	+6.52,+22.6,+21.8,EA	+6.94,+0.1,+21.8,HB	+7.03,-4.6,+20.3,HB		+7.03,-3.2,+20.3,KB	
1702152545.6170812	+6.78,+2.7,+21.7,AB	+6.52,+22.6,+21.8,EA	+6.94,+0.1,+21.8,HB	+7.03,-4.6,+20.3,HB		+7.02,-3.1,+20.3,IB	
1702152607.6274815	+6.78,+2.7,+21.7,AB	+6.52,+22.6,+21.8,EA	+6.94,+0.2,+21.8,KB	+7.03,-4.6,+20.3,HB		+7.02,-3.1,+20.3,IB	
1702152669.6342077	+6.78,+2.7,+21.8,NB	+6.51,+22.7,+21.9,FA	+6.94,+0.2,+21.8,KB	+7.03,-4.4,+20.3,JB		+7.03,-3.3,+20.3,JB	
1702152731.6420019	+6.78,+2.7,+21.8,NB	+6.51,+22.7,+21.8,GA	+6.94,+0.2,+21.8,KB	+7.03,-4.2,+20.3,LB		+7.03,-3.2,+20.3,KB	
1702152793.647744	+6.78,+2.7,+21.7,AB	+6.51,+22.8,+21.8,HA	+6.93,+0.2,+21.8,LB	+7.02,-4.1,+20.3,NB		+7.03,-3.2,+20.2,JB	
1702152855.6563284	+6.78,+2.7,+21.7,AB	+6.52,+22.6,+21.8,EA	+6.94,+0.2,+21.8,KB	+7.03,-4.5,+20.3,KB		+7.03,-3.6,+20.2,NB	
1702152917.6648762	+6.78,+2.7,+21.7,AB	+6.52,+22.5,+21.8,FA	+6.94,+0.1,+21.8,HB	+7.03,-4.6,+20.3,HB		+7.03,-3.5,+20.2,MB	
1702152979.67435	+6.78,+2.6,+21.7,@B	+6.51,+22.8,+21.8,HA	+6.94,+0.2,+21.8,KB	+7.03,-4.2,+20.3,LB		+7.02,-3.0,+20.2,IB	
1702153041.6840706	+6.78,+2.7,+21.7,AB	+6.51,+22.7,+21.8,GA	+6.93,+0.2,+21.8,LB	+7.03,-4.2,+20.3,LB		+7.02,-3.0,+20.2,IB	
1702153103.6941378	+6.78,+2.7,+21.7,AB	+6.51,+22.7,+21.8,GA	+6.94,+0.1,+21.7,GB	+7.03,-4.1,+20.3,OB		+7.03,-3.3,+20.2,KB	
1702153165.7026699	+6.78,+2.6,+21.7,@B	+6.52,+22.6,+21.8,EA	+6.94,+0.2,+21.8,KB	+7.03,-4.5,+20.3,KB		+7.03,-3.2,+20.2,JB	
1702153227.7090333	+6.78,+2.6,+21.7,@B	+6.51,+22.7,+21.8,GA	+6.94,+0.2,+21.8,KB	+7.03,-4.4,+20.3,JB		+7.03,-3.4,+20.2,LB	
1702153289.7182307	+6.78,+2.6,+21.7,@B	+6.51,+22.8,+21.8,HA	+6.94,+0.2,+21.8,KB	+7.03,-4.2,+20.3,LB		+7.03,-3.4,+20.2,LB	
1702153351.7280831	+6.78,+2.6,+21.7,@B	+6.52,+22.6,+21.8,EA	+6.93,+0.2,+21.8,LB	+7.03,-4.6,+20.3,HB		+7.02,-3.0,+20.2,IB	
1702153413.73879	+6.78,+2.6,+21.7,@B	+6.51,+22.7,+21.8,GA	+6.93,+0.2,+21.8,LB	+7.03,-4.5,+20.3,KB		+7.02,-3.0,+20.2,IB	
1702153475.747943	+6.78,+2.6,+21.7,@B	+6.51,+22.7,+21.8,GA	+6.93,+0.2,+21.8,LB	+7.03,-4.3,+20.3,MB		+7.02,-2.9,+20.2,AB	
1702153537.7563639	+6.78,+2.6,+21.7,@B	+6.51,+22.8,+21.8,HA	+6.94,+0.1,+21.8,HB	+7.03,-4.2,+20.3,LB		+7.03,-3.2,+20.3,KB	
1702153599.765736	+6.78,+2.6,+21.7,@B	+6.51,+22.7,+21.8,GA	+6.94,+0.1,+21.8,HB	+7.03,-4.5,+20.3,KB		+7.03,-3.4,+20.3,MB	
1702153661.773289	+6.78,+2.6,+21.7,@B	+6.51,+22.7,+21.8,GA	+6.93,+0.2,+21.8,LB	+7.03,-4.3,+20.3,MB		+7.03,-3.2,+20.3,KB	
1702153723.7835724	+6.78,+2.6,+21.7,@B	+6.51,+22.7,+21.8,GA	+6.94,+0.2,+21.8,KB	+7.03,-4.5,+20.3,KB		+7.03,-3.5,+20.2,MB	
1702153785.7920673	+6.78,+2.7,+21.7,AB	+6.51,+22.7,+21.8,GA	+6.94,+0.2,+21.8,KB	+7.03,-4.4,+20.3,JB		+7.03,-3.5,+20.2,MB	
1702153847.7997482	+6.78,+2.6,+21.7,@B	+6.51,+22.7,+21.8,GA	+6.94,+0.2,+21.8,KB	+7.03,-4.3,+20.3,MB		+7.03,-3.5,+20.3,LB	
1702153909.8081012	+6.78,+2.6,+21.7,@B	+6.51,+22.7,+21.8,GA	+6.94,+0.2,+21.8,KB	+7.03,-4.6,+20.3,HB		+7.02,-3.1,+20.2,HB	
1702153971.8171608	+6.78,+2.6,+21.7,@B	+6.51,+22.7,+21.8,GA	+6.94,+0.1,+21.8,HB	+7.03,-4.4,+20.3,JB		+7.03,-3.3,+20.3,JB	
1702154218.5491397	+6.78,+2.6,+21.7,@B	+6.51,+22.7,+21.8,GA	+6.94,+0.1,+21.8,HB	+7.03,-4.4,+20.3,JB		+7.03,-3.1,+20.2,IB	
1702154280.5564775	+6.78,+2.6,+21.7,@B	+6.52,+22.6,+21.8,EA	+6.94,+0.2,+21.8,KB	+7.03,-4.5,+20.3,KB		+7.03,-3.5,+20.2,MB	
1702154342.5661435	+6.78,+2.6,+21.7,@B	+6.51,+22.8,+21.8,HA	+6.94,+0.1,+21.8,HB	+7.02,-4.1,+20.3,NB		+7.02,-2.9,+20.3,@B	
1702154404.5773304	+6.78,+2.6,+21.7,@B	+6.51,+22.7,+21.8,GA	+6.93,+0.3,+21.7,BB	+7.03,-4.5,+20.3,KB		+7.03,-3.3,+20.2,KB	
1702154466.586737	+6.78,+2.5,+21.7,CB	+6.51,+22.6,+21.8,FA	+6.94,+0.2,+21.7,DB	+7.03,-4.5,+20.3,KB		+7.02,-3.1,+20.2,HB	
1702154528.5971518	+6.78,+2.5,+21.7,CB	+6.51,+22.7,+21.8,GA	+6.94,+0.1,+21.8,HB	+7.03,-4.6,+20.3,HB		+7.02,-3.1,+20.2,HB	
1702154590.6048784	+6.78,+2.6,+21.7,@B	+6.51,+22.6,+21.8,FA	+6.94,+0.1,+21.8,HB	+7.03,-4.4,+20.3,JB		+7.02,-2.9,+20.2,AB	
1702154652.6129282	+6.78,+2.5,+21.7,CB	+6.51,+22.7,+21.8,GA	+6.94,+0.1,+21.8,HB	+7.03,-4.4,+20.3,JB		+7.02,-3.1,+20.3,IB	
1702154714.6252706	+6.78,+2.5,+21.7,CB	+6.51,+22.7,+21.8,GA	+6.93,+0.3,+21.8,MB	+7.03,-4.6,+20.3,HB		+7.02,-3.0,+20.2,IB	
1702154776.634136	+6.78,+2.6,+21.7,@B	+6.51,+22.7,+21.8,GA	+6.93,+0.3,+21.8,MB	+7.03,-4.5,+20.3,KB		+7.02,-3.0,+20.2,IB	
1702154838.6437674	+6.78,+2.5,+21.7,CB	+6.51,+22.7,+21.8,GA	+6.94,+0.2,+21.8,KB	+7.03,-4.4,+20.3,JB		+7.02,-3.0,+20.2,IB	
1702154900.653028	+6.78,+2.6,+21.7,@B	+6.51,+22.8,+21.8,HA	+6.94,+0.1,+21.8,HB	+7.03,-4.1,+20.3,OB		+7.03,-3.3,+20.2,KB	
1702154962.658977	+6.78,+2.5,+21.7,CB	+6.51,+22.8,+21.8,HA	+6.93,+0.2,+21.8,LB	+7.02,-4.0,+20.3,OB		+7.02,-3.0,+20.2,IB	
1702155024.6698282	+6.78,+2.6,+21.7,@B	+6.51,+22.6,+21.8,FA	+6.94,+0.1,+21.8,HB	+7.03,-4.5,+20.3,KB		+7.03,-3.5,+20.2,MB	
1702155086.677828	+6.78,+2.5,+21.7,CB	+6.51,+22.7,+21.8,GA	+6.94,+0.2,+21.8,KB	+7.03,-4.3,+20.3,MB		+7.02,-3.1,+20.3,IB	
1702155148.6861887	+6.78,+2.6,+21.7,@B	+6.51,+22.8,+21.8,HA	+6.93,+0.2,+21.8,LB	+7.02,-4.1,+20.3,NB		+7.02,-3.1,+20.2,HB	
1702155210.6931112	+6.78,+2.5,+21.7,CB	+6.51,+22.9,+21.8,IA	+6.94,+0.2,+21.8,KB	+7.02,-4.1,+20.3,NB		+7.03,-3.3,+20.3,JB	
1702155272.701122	+6.78,+2.5,+21.7,CB	+6.51,+22.9,+21.8,IA	+6.93,+0.2,+21.8,LB	+7.02,-4.1,+20.3,NB		+7.03,-3.4,+20.3,MB	
1702155334.7108498	+6.78,+2.6,+21.7,@B	+6.51,+22.8,+21.8,HA	+6.94,+0.2,+21.8,KB	+7.03,-4.2,+20.3,LB		+7.03,-3.4,+20.2,LB	
1702155396.7178206	+6.78,+2.5,+21.7,CB	+6.51,+22.7,+21.8,GA	+6.94,+0.1,+21.8,HB	+7.03,-4.3,+20.3,MB		+7.03,-3.2,+20.3,KB	
1702155458.7278848	+6.78,+2.5,+21.7,CB	+6.51,+22.9,+21.8,IA	+6.94,+0.1,+21.8,HB	+7.03,-4.2,+20.3,LB		+7.02,-3.1,+20.2,HB	
1702155520.7363298	+6.78,+2.5,+21.7,CB	+6.51,+22.6,+21.8,FA	+6.94,+0.1,+21.8,HB	+7.03,-4.5,+20.3,KB		+7.03,-3.2,+20.2,JB	
1702155582.7457588	+6.78,+2.4,+21.7,BB	+6.51,+22.7,+21.8,GA	+6.94,+0.1,+21.7,GB	+7.03,-4.5,+20.3,KB		+7.03,-3.4,+20.3,MB	
1702155644.7534885	+6.78,+2.5,+21.7,CB	+6.51,+22.7,+21.8,GA	+6.94,+0.1,+21.7,GB	+7.03,-4.3,+20.3,MB		+7.03,-3.5,+20.2,MB	
1702155706.764388	+6.78,+2.5,+21.7,CB	+6.51,+22.7,+21.8,GA	+6.94,+0.1,+21.7,GB	+7.03,-4.6,+20.3,HB		+7.03,-3.6,+20.2,NB	
1702155768.7737126	+6.78,+2.5,+21.7,CB	+6.51,+22.9,+21.8,IA	+6.94,+0.1,+21.8,HB	+7.02,-4.1,+20.3,NB		+7.02,-3.0,+20.2,IB	
1702155830.7818675	+6.78,+2.5,+21.7,CB	+6.51,+22.9,+21.8,IA	+6.94,+0.1,+21.8,HB	+7.02,-4.1,+20.3,NB		+7.02,-3.1,+20.2,HB	
1702155892.7912433	+6.78,+2.4,+21.7,BB	+6.51,+22.9,+21.8,IA	+6.94,+0.1,+21.7,GB	+7.03,-4.1,+20.3,OB		+7.02,-3.0,+20.2,IB	
1702155954.8003824	+6.78,+2.5,+21.7,CB	+6.51,+22.7,+21.8,GA	+6.93,+0.2,+21.8,LB	+7.03,-4.5,+20.2,JB		+7.03,-3.2,+20.2,JB	
1702156016.8121912	+6.78,+2.5,+21.7,CB	+6.51,+22.9,+21.8,IA	+6.94,+0.1,+21.8,HB	+7.02,-4.1,+20.3,NB		+7.03,-3.6,+20.2,NB	
1702156078.8236628	+6.78,+2.5,+21.7,CB	+6.51,+22.8,+21.8,HA	+6.94,-0.2,+21.8,MB	+7.03,-4.2,+20.3,LB		+7.03,-3.5,+20.2,MB	
1702156140.8311837	+6.78,+2.5,+21.7,CB	+6.51,+22.9,+21.8,IA	+6.94,+0.1,+21.8,HB	+7.02,-4.1,+20.3,NB		+7.03,-3.6,+20.2,NB	
1702156202.8417685	+6.78,+2.5,+21.7,CB	+6.51,+22.8,+21.8,HA	+6.93,+0.2,+21.7,CB	+7.03,-4.3,+20.3,MB		+7.02,-3.0,+20.2,IB	
1702156264.8487842	+6.78,+2.5,+21.7,CB	+6.51,+23.0,+21.8,AA	+6.94,+0.2,+21.8,KB	+7.02,-4.1,+20.3,NB		+7.03,-3.2,+20.2,JB	
1702156326.857994	+6.78,+2.6,+21.7,@B	+6.51,+22.8,+21.8,HA	+6.94,+0.1,+21.8,HB	+7.03,-4.4,+20.3,JB		+7.03,-3.6,+20.2,NB	
1702156388.8710427	+6.78,+2.6,+21.7,@B	+6.51,+22.9,+21.8,IA	+6.93,+0.2,+21.7,CB	+7.03,-4.2,+20.3,LB		+7.02,-3.1,+20.2,HB	
1702156450.8781607	+6.78,+2.6,+21.7,@B	+6.51,+22.7,+21.8,GA	+6.94,+0.0,+21.8,IB	+7.03,-4.4,+20.3,JB		+7.03,-3.5,+20.2,MB	
1702156512.8852496	+6.78,+2.6,+21.7,@B	+6.51,+22.7,+21.8,GA	+6.94,+0.0,+21.7,FB	+7.03,-4.6,+20.3,HB		+7.03,-3.5,+20.2,MB	
1702156574.8927848	+6.78,+2.6,+21.7,@B	+6.51,+22.8,+21.8,HA	+6.94,+0.1,+21.8,HB	+7.03,-4.2,+20.3,LB		+7.02,-3.0,+20.2,IB	
1702156636.9020503	+6.78,+2.5,+21.7,CB	+6.51,+22.9,+21.8,IA	+6.94,+0.1,+21.7,GB	+7.03,-4.2,+20.3,LB		+7.02,-3.1,+20.2,HB	
1702156698.9123116	+6.78,+2.6,+21.7,@B	+6.51,+22.9,+21.8,IA	+6.94,+0.1,+21.8,HB	+7.03,-4.4,+20.3,JB		+7.02,-3.0,+20.2,IB	
1702156760.92191	+6.78,+2.5,+21.7,CB	+6.51,+23.2,+21.8,CA	+6.94,+0.0,+21.8,IB	+7.02,-4.1,+20.3,NB		+7.03,-3.7,+20.2,OB	
1702156822.9319696	+6.78,+2.5,+21.7,CB	+6.51,+23.1,+21.8,@A	+6.94,-0.1,+21.8,NB	+7.03,-4.5,+20.3,KB		+7.03,-3.2,+20.2,JB	
1702156884.9421332	+6.78,+2.6,+21.7,@B	+6.51,+23.1,+21.8,@A	+6.94,+0.1,+21.8,HB	+7.02,-4.1,+20.3,NB		+7.03,-3.6,+20.2,NB	
1702156946.9520235	+6.78,+2.5,+21.7,CB	+6.50,+23.3,+21.8,CA	+6.94,-0.1,+21.8,NB	+7.02,-4.0,+20.3,OB		+7.02,-3.1,+20.2,HB	
1702157008.9600608	+6.78,+2.5,+21.7,CB	+6.51,+23.1,+21.8,@A	+6.94,-0.2,+21.7,BB	+7.03,-4.3,+20.3,MB		+7.02,-3.1,+20.2,HB	
1702157070.969395	+6.78,+2.5,+21.7,CB	+6.51,+23.1,+21.8,@A	+6.94,-0.2,+21.7,BB	+7.03,-4.2,+20.2,MB		+7.02,-3.0,+20.2,IB	
1702157132.9748437	+6.78,+2.6,+21.7,@B	+6.51,+22.9,+21.8,IA	+6.94,+0.0,+21.7,FB	+7.03,-4.5,+20.2,JB		+7.03,-3.5,+20.2,MB	
1702157194.9847	+6.78,+2.6,+21.7,@B	+6.51,+23.0,+21.8,AA	+6.94,-0.0,+21.7,@B	+7.03,-4.5,+20.3,KB		+7.03,-3.5,+20.2,MB	
1702157256.9927077	+6.78,+2.5,+21.7,CB	+6.51,+23.1,+21.8,@A	+6.94,-0.2,+21.7,BB	+7.03,-4.2,+20.3,LB		+7.03,-3.5,+20.2,MB	
1702157319.0009532	+6.78,+2.6,+21.7,@B	+6.51,+23.0,+21.8,AA	+6.94,-0.1,+21.7,AB	+7.03,-4.5,+20.3,KB		+7.02,-3.1,+20.2,HB	
1702157381.0093212	+6.78,+2.5,+21.7,CB	+6.51,+23.1,+21.8,@A	+6.94,-0.2,+21.7,BB	+7.02,-4.1,+20.2,OB		+7.03,-3.4,+20.2,LB	
1702157443.0190492	+6.78,+2.5,+21.7,CB	+6.51,+23.2,+21.8,CA	+6.94,-0.2,+21.7,BB	+7.02,-4.1,+20.3,NB		+7.03,-3.7,+20.2,OB	
1702157505.0282922	+6.78,+2.5,+21.7,CB	+6.51,+23.0,+21.8,AA	+6.94,-0.1,+21.7,AB	+7.03,-4.5,+20.2,JB		+7.02,-3.0,+20.2,IB	
1702157567.035228	+6.78,+2.6,+21.7,@B	+6.51,+22.8,+21.8,HA	+6.94,-0.1,+21.7,AB	+7.03,-4.3,+20.3,MB		+7.02,-3.0,+20.2,IB	
1702157629.04306	+6.78,+2.6,+21.7,@B	+6.51,+22.7,+21.8,GA	+6.94,-0.2,+21.8,MB	+7.03,-4.4,+20.3,JB		+7.03,-3.1,+20.2,IB	
1702157691.0530477	+6.78,+2.7,+21.7,AB	+6.51,+22.9,+21.8,IA	+6.94,-0.2,+21.7,BB	+7.02,-4.0,+20.2,NB		+7.02,-3.0,+20.2,IB	
1702157753.0616987	+6.78,+2.7,+21.7,AB	+6.51,+22.9,+21.8,IA	+6.94,-0.1,+21.7,AB	+7.02,-4.0,+20.3,OB		+7.02,-2.9,+20.2,AB	
1702157815.0721512	+6.78,+2.6,+21.7,@B	+6.51,+22.8,+21.8,HA	+6.94,-0.2,+21.7,BB	+7.03,-4.4,+20.3,JB		+7.03,-3.5,+20.2,MB	
1702158061.7761748	+6.78,+2.7,+21.7,AB	+6.51,+22.7,+21.8,GA	+6.95,-0.4,+21.7,EB	+7.03,-4.4,+20.3,JB		+7.02,-3.1,+20.2,HB	
1702158123.7854078	+6.78,+2.7,+21.7,AB	+6.51,+23.0,+21.8,AA	+6.94,-0.2,+21.7,BB	+7.02,-4.0,+20.3,OB		+7.02,-2.9,+20.2,AB	
1702158185.7954268	+6.78,+2.7,+21.7,AB	+6.51,+23.0,+21.8,AA	+6.94,-0.0,+21.7,@B	+7.02,-4.0,+20.3,OB		+7.02,-2.9,+20.2,AB	
1702158247.8049507	+6.78,+2.7,+21.7,AB	+6.51,+22.9,+21.8,IA	+6.94,-0.1,+21.8,NB	+7.03,-4.1,+20.3,OB		+7.03,-3.6,+20.2,NB	
1702158309.8122687	+6.78,+2.7,+21.7,AB	+6.51,+23.0,+21.8,AA	+6.94,-0.1,+21.8,NB	+7.02,-4.0,+20.3,OB		+7.03,-3.3,+20.2,KB	
1702158371.8189805	+6.78,+2.7,+21.7,AB	+6.51,+23.0,+21.8,AA	+6.94,-0.2,+21.7,BB	+7.03,-4.2,+20.3,LB		+7.03,-3.6,+20.2,NB	
1702158433.8267348	+6.78,+2.6,+21.7,@B	+6.51,+22.8,+21.8,HA	+6.94,-0.0,+21.7,@B	+7.03,-4.5,+20.3,KB		+7.02,-2.9,+20.2,AB	
1702158495.8348377	+6.78,+2.7,+21.7,AB	+6.51,+23.0,+21.8,AA	+6.94,-0.2,+21.7,BB	+7.03,-4.2,+20.3,LB		+7.03,-3.2,+20.2,JB	
1702158557.841934	+6.78,+2.6,+21.7,@B	+6.51,+22.9,+21.8,IA	+6.94,-0.0,+21.7,@B	+7.03,-4.4,+20.3,JB		+7.02,-2.9,+20.2,AB	
1702158619.8509593	+6.78,+2.6,+21.7,@B	+6.51,+22.8,+21.8,HA	+6.94,-0.2,+21.7,BB	+7.03,-4.3,+20.2,LB		+7.03,-3.6,+20.2,NB	
1702158681.858758	+6.78,+2.6,+21.7,@B	+6.51,+23.1,+21.8,@A	+6.94,-0.1,+21.7,AB	+7.03,-4.3,+20.3,MB		+7.02,-3.0,+20.2,IB	
1702158743.8680391	+6.78,+2.7,+21.7,AB	+6.51,+22.9,+21.8,IA	+6.94,-0.2,+21.7,BB	+7.03,-4.4,+20.2,KB		+7.03,-3.6,+20.2,NB	
1702158805.8775585	+6.78,+2.6,+21.7,@B	+6.51,+23.1,+21.8,@A	+6.94,-0.2,+21.7,BB	+7.02,-4.1,+20.3,NB		+7.02,-3.0,+20.2,IB	
1702158867.884393	+6.78,+2.7,+21.7,AB	+6.51,+23.0,+21.8,AA	+6.94,-0.1,+21.7,AB	+7.03,-4.2,+20.2,MB		+7.03,-3.5,+20.2,MB	
1702158929.892267	+6.78,+2.6,+21.7,@B	+6.51,+22.9,+21.8,IA	+6.94,-0.2,+21.7,BB	+7.03,-4.3,+20.2,LB		+7.02,-3.0,+20.2,IB	
1702158991.8972096	+6.78,+2.6,+21.7,@B	+6.51,+22.9,+21.8,IA	+6.94,-0.3,+21.7,CB	+7.03,-4.3,+20.3,MB		+7.02,-2.9,+20.2,AB	
1702159053.905019	+6.78,+2.6,+21.7,@B	+6.51,+23.1,+21.8,@A	+6.94,-0.1,+21.7,AB	+7.02,-4.0,+20.2,NB		+7.03,-3.5,+20.2,MB	
1702159115.9128754	+6.78,+2.6,+21.7,@B	+6.51,+23.0,+21.8,AA	+6.94,-0.1,+21.7,AB	+7.03,-4.2,+20.3,LB		+7.03,-3.5,+20.2,MB	
1702159177.9210908	+6.78,+2.6,+21.7,@B	+6.51,+23.0,+21.8,AA	+6.94,-0.1,+21.8,NB	+7.02,-4.1,+20.2,OB		+7.03,-3.4,+20.2,LB	
1702159239.9318924	+6.78,+2.6,+21.7,@B	+6.51,+23.0,+21.8,AA	+6.94,-0.2,+21.7,BB	+7.03,-4.2,+20.3,LB		+7.02,-3.1,+20.2,HB	
1702159301.939451	+6.78,+2.6,+21.7,@B	+6.51,+23.0,+21.8,AA	+6.94,-0.2,+21.8,MB	+7.02,-4.0,+20.3,OB		+7.03,-3.6,+20.2,NB	
1702159363.9490838	+6.78,+2.6,+21.7,@B	+6.51,+23.0,+21.8,AA	+6.94,-0.2,+21.8,MB	+7.02,-4.1,+20.3,NB		+7.03,-3.4,+20.2,LB	
1702159425.9561856	+6.78,+2.6,+21.7,@B	+6.51,+23.0,+21.8,AA	+6.94,-0.2,+21.7,BB	+7.02,-4.1,+20.3,NB		+7.03,-3.3,+20.2,KB	
1702159487.9657936	+6.78,+2.6,+21.7,@B	+6.51,+23.0,+21.8,AA	+6.94,-0.2,+21.8,MB	+7.03,-4.2,+20.3,LB		+7.03,-3.2,+20.2,JB	
1702159549.9744089	+6.78,+2.6,+21.7,@B	+6.51,+23.0,+21.8,AA	+6.94,-0.2,+21.8,MB	+7.03,-4.4,+20.3,JB		+7.03,-3.6,+20.2,NB	
1702159611.9840264	+6.78,+2.6,+21.7,@B	+6.51,+23.1,+21.8,@A	+6.94,-0.3,+21.7,CB	+7.02,-4.0,+20.3,OB		+7.03,-3.1,+20.2,IB	
1702159673.9935348	+6.78,+2.5,+21.7,CB	+6.51,+23.0,+21.8,AA	+6.94,-0.2,+21.7,BB	+7.03,-4.4,+20.3,JB		+7.03,-3.4,+20.2,LB	
1702159736.0030785	+6.78,+2.5,+21.7,CB	+6.51,+23.0,+21.8,AA	+6.94,-0.2,+21.7,BB	+7.02,-4.0,+20.3,OB		+7.03,-3.2,+20.2,JB	
1702159798.0125241	+6.78,+2.6,+21.7,@B	+6.51,+23.1,+21.8,@A	+6.94,-0.3,+21.7,CB	+7.02,-4.0,+20.3,OB		+7.04,-3.7,+20.2,HB	
1702159860.0223475	+6.78,+2.5,+21.7,CB	+6.51,+23.2,+21.8,CA	+6.94,-0.3,+21.7,CB	+7.02,-4.1,+20.3,NB		+7.03,-3.4,+20.2,LB	
1702159922.0308027	+6.78,+2.6,+21.7,@B	+6.51,+23.1,+21.8,@A	+6.94,-0.2,+21.7,BB	+7.03,-4.4,+20.2,KB		+7.02,-2.9,+20.2,AB	
1702159984.0407257	+6.78,+2.5,+21.7,CB	+6.51,+23.1,+21.8,@A	+6.94,-0.4,+21.7,DB	+7.02,-4.0,+20.3,OB		+7.03,-3.7,+20.2,OB	
1702160046.049907	+6.78,+2.5,+21.7,CB	+6.51,+23.0,+21.8,AA	+6.94,-0.4,+21.7,DB	+7.03,-4.2,+20.2,MB		+7.04,-3.7,+20.2,HB	
1702160108.061035	+6.78,+2.5,+21.7,CB	+6.51,+23.1,+21.8,@A	+6.94,-0.2,+21.7,BB	+7.03,-4.5,+20.3,KB		+7.03,-3.5,+20.2,MB	
1702160170.0702457	+6.78,+2.6,+21.7,@B	+6.51,+22.9,+21.8,IA	+6.95,-0.4,+21.7,EB	+7.03,-4.4,+20.3,JB		+7.03,-3.5,+20.2,MB	
1702160232.0763922	+6.78,+2.6,+21.7,@B	+6.51,+23.1,+21.8,@A	+6.94,-0.3,+21.7,CB	+7.02,-4.0,+20.3,OB		+7.02,-3.0,+20.2,IB	
1702160294.0842903	+6.78,+2.5,+21.7,CB	+6.51,+23.1,+21.8,@A	+6.94,-0.3,+21.7,CB	+7.02,-4.0,+20.2,NB		+7.02,-2.9,+20.2,AB	
1702160356.094762	+6.78,+2.5,+21.7,CB	+6.51,+23.1,+21.8,@A	+6.94,-0.3,+21.7,CB	+7.02,-3.9,+20.2,@B		+7.03,-3.2,+20.2,JB	
1702160418.1034706	+6.78,+2.5,+21.7,CB	+6.51,+23.0,+21.8,AA	+6.95,-0.5,+21.7,DB	+7.03,-4.4,+20.3,JB		+7.02,-3.0,+20.2,IB	
1702160480.1140797	+6.78,+2.5,+21.7,CB	+6.51,+23.0,+21.8,AA	+6.94,-0.3,+21.8,LB	+7.02,-4.0,+20.2,NB		+7.03,-3.5,+20.2,MB	
1702160542.1200044	+6.78,+2.5,+21.7,CB	+6.51,+23.1,+21.8,@A	+6.94,-0.3,+21.7,CB	+7.02,-4.0,+20.3,OB		+7.03,-3.6,+20.2,NB	
1702160604.1282675	+6.78,+2.5,+21.7,CB	+6.51,+23.1,+21.8,@A	+6.94,-0.3,+21.8,LB	+7.02,-4.0,+20.2,NB		+7.03,-3.6,+20.2,NB	
1702160666.138026	+6.78,+2.5,+21.7,CB	+6.51,+23.1,+21.8,@A	+6.94,-0.4,+21.7,DB	+7.02,-4.0,+20.3,OB		+7.03,-3.5,+20.2,MB	
1702160728.1478026	+6.78,+2.5,+21.7,CB	+6.51,+23.1,+21.8,@A	+6.95,-0.4,+21.7,EB	+7.03,-4.3,+20.3,MB		+7.03,-3.6,+20.2,NB	
1702160790.154844	+6.78,+2.5,+21.7,CB	+6.51,+23.0,+21.8,AA	+6.95,-0.6,+21.7,GB	+7.03,-4.3,+20.3,MB		+7.03,-3.6,+20.2,NB	
1702160852.164855	+6.78,+2.5,+21.7,CB	+6.51,+23.2,+21.8,CA	+6.95,-0.5,+21.8,KB	+7.03,-4.3,+20.3,MB		+7.03,-3.5,+20.2,MB	
1702160914.1758633	+6.78,+2.5,+21.7,CB	+6.50,+23.7,+21.8,GA	+6.94,-0.3,+21.7,CB	+7.03,-4.3,+20.3,MB		+7.03,-3.5,+20.2,MB	
1702160976.1876214	+6.78,+2.5,+21.7,CB	+6.50,+23.2,+21.8,BA	+6.95,-0.4,+21.8,JB	+7.02,-4.0,+20.2,NB		+7.03,-3.2,+20.2,JB	
1702161038.1961675	+6.78,+2.5,+21.7,CB	+6.50,+23.2,+21.8,BA	+6.94,-0.4,+21.7,DB	+7.02,-4.0,+20.3,OB		+7.03,-3.2,+20.2,JB	
1702161100.2061253	+6.78,+2.5,+21.7,CB	+6.51,+23.2,+21.8,CA	+6.94,-0.2,+21.7,BB	+7.03,-4.4,+20.3,JB		+7.03,-3.2,+20.2,JB	
1702161162.2145846	+6.78,+2.4,+21.7,BB	+6.51,+23.1,+21.8,@A	+6.94,-0.3,+21.7,CB	+7.02,-4.0,+20.3,OB		+7.03,-3.4,+20.2,LB	
1702161224.223987	+6.78,+2.5,+21.7,CB	+6.50,+23.3,+21.8,CA	+6.94,-0.3,+21.7,CB	+7.02,-4.0,+20.3,OB		+7.03,-3.5,+20.2,MB	
1702161286.2327328	+6.78,+2.4,+21.7,BB	+6.51,+23.1,+21.8,@A	+6.95,-0.4,+21.7,EB	+7.02,-4.0,+20.3,OB		+7.03,-3.6,+20.2,NB	
1702161348.2385852	+6.78,+2.5,+21.7,CB	+6.50,+23.2,+21.8,BA	+6.94,-0.2,+21.7,BB	+7.03,-4.3,+20.2,LB		+7.02,-2.9,+20.2,AB	
1702161410.2485638	+6.78,+2.5,+21.7,CB	+6.51,+23.2,+21.7,LA	+6.94,-0.3,+21.7,CB	+7.03,-4.4,+20.2,KB		+7.03,-3.4,+20.2,LB	
1702161472.2587855	+6.78,+2.4,+21.7,BB	+6.51,+23.1,+21.7,OA	+6.94,-0.4,+21.7,DB	+7.03,-4.4,+20.2,KB		+7.03,-3.7,+20.2,OB	
1702161534.2681813	+6.78,+2.5,+21.7,CB	+6.51,+23.1,+21.8,@A	+6.95,-0.5,+21.7,DB	+7.03,-4.2,+20.2,MB		+7.03,-3.3,+20.2,KB	
1702161596.278123	+6.78,+2.5,+21.7,CB	+6.50,+23.2,+21.8,BA	+6.94,-0.4,+21.7,DB	+7.03,-4.3,+20.2,LB		+7.03,-3.6,+20.2,NB	
1702161658.2885075	+6.78,+2.5,+21.7,CB	+6.50,+23.3,+21.8,CA	+6.94,-0.3,+21.7,CB	+7.02,-4.0,+20.2,NB		+7.03,-3.3,+20.2,KB	
1702161904.9975553	+6.78,+2.5,+21.7,CB	+6.50,+23.2,+21.8,BA	+6.95,-0.4,+21.7,EB	+7.03,-4.4,+20.3,JB		+7.02,-3.1,+20.2,HB	
1702161967.0081642	+6.78,+2.5,+21.7,CB	+6.50,+23.3,+21.8,CA	+6.95,-0.4,+21.7,EB	+7.03,-4.2,+20.3,LB		+7.03,-3.6,+20.2,NB	
1702162029.0186706	+6.78,+2.5,+21.7,CB	+6.50,+23.3,+21.8,CA	+6.95,-0.5,+21.7,DB	+7.02,-4.0,+20.3,OB		+7.03,-3.6,+20.2,NB	
1702162091.0272052	+6.78,+2.5,+21.7,CB	+6.50,+23.3,+21.8,CA	+6.95,-0.5,+21.7,DB	+7.02,-4.0,+20.3,OB		+7.03,-3.7,+20.2,OB	
1702162153.0342672	+6.78,+2.5,+21.7,CB	+6.51,+23.1,+21.8,@A	+6.95,-0.7,+21.7,FB	+7.03,-4.3,+20.2,LB		+7.02,-2.9,+20.2,AB	
1702162215.0459974	+6.78,+2.5,+21.7,CB	+6.50,+23.3,+21.8,CA	+6.95,-0.5,+21.7,DB	+7.02,-4.1,+20.3,NB		+7.03,-3.5,+20.2,MB	
1702162277.0567818	+6.78,+2.5,+21.7,CB	+6.50,+23.2,+21.8,BA	+6.95,-0.6,+21.7,GB	+7.03,-4.4,+20.2,KB		+7.02,-3.0,+20.2,IB	
1702162339.0663266	+6.78,+2.5,+21.7,CB	+6.50,+23.3,+21.8,CA	+6.95,-0.6,+21.7,GB	+7.03,-4.2,+20.2,MB		+7.02,-3.0,+20.2,IB	
1702162401.0752702	+6.78,+2.5,+21.7,CB	+6.50,+23.3,+21.8,CA	+6.95,-0.6,+21.7,GB	+7.02,-3.9,+20.3,AB		+7.03,-3.2,+20.2,JB	
1702162463.0845184	+6.78,+2.5,+21.7,CB	+6.50,+23.3,+21.8,CA	+6.95,-0.7,+21.7,FB	+7.03,-4.3,+20.2,LB		+7.03,-3.3,+20.2,KB	
1702162525.093722	+6.78,+2.5,+21.7,CB	+6.50,+23.2,+21.8,BA	+6.95,-0.6,+21.7,GB	+7.02,-4.0,+20.2,NB		+7.03,-3.2,+20.2,JB	
1702162587.1021652	+6.78,+2.4,+21.7,BB	+6.51,+23.1,+21.8,@A	+6.95,-0.6,+21.7,GB	+7.02,-4.1,+20.3,NB		+7.03,-3.3,+20.2,KB	
1702162649.110823	+6.78,+2.4,+21.7,BB	+6.50,+23.2,+21.8,BA	+6.95,-0.8,+21.7,IB	+7.03,-4.4,+20.2,KB		+7.03,-3.6,+20.2,NB	
1702162711.1205802	+6.78,+2.4,+21.7,BB	+6.50,+23.4,+21.8,DA	+6.95,-0.8,+21.7,IB	+7.03,-4.2,+20.2,MB		+7.04,-3.7,+20.2,HB	
1702162773.129765	+6.78,+2.5,+21.7,CB	+6.51,+23.2,+21.8,CA	+6.95,-0.7,+21.7,FB	+7.03,-4.3,+20.2,LB		+7.02,-3.0,+20.2,IB	
1702162835.1392572	+6.78,+2.5,+21.7,CB	+6.51,+23.2,+21.8,CA	+6.95,-0.6,+21.7,GB	+7.03,-4.2,+20.3,LB		+7.02,-3.0,+20.2,IB	
1702162897.1463206	+6.78,+2.4,+21.7,BB	+6.50,+23.2,+21.8,BA	+6.95,-0.7,+21.7,FB	+7.03,-4.4,+20.2,KB		+7.02,-2.9,+20.2,AB	
1702162959.1577759	+6.78,+2.5,+21.7,CB	+6.51,+23.2,+21.8,CA	+6.95,-0.8,+21.7,IB	+7.02,-4.0,+20.2,NB		+7.03,-3.6,+20.2,NB	
1702163021.163901	+6.78,+2.5,+21.7,CB	+6.50,+23.4,+21.8,DA	+6.95,-0.8,+21.7,IB	+7.03,-4.1,+20.3,OB		+7.02,-3.1,+20.2,HB	
1702163083.1734035	+6.78,+2.4,+21.7,BB	+6.50,+23.2,+21.8,BA	+6.95,-0.8,+21.7,IB	+7.02,-4.1,+20.2,OB		+7.03,-3.7,+20.2,OB	
1702163145.1829937	+6.78,+2.4,+21.7,BB	+6.50,+23.3,+21.8,CA	+6.95,-0.8,+21.7,IB	+7.03,-4.2,+20.3,LB		+7.02,-3.0,+20.2,IB	
1702163207.1924732	+6.78,+2.4,+21.7,BB	+6.50,+23.3,+21.8,CA	+6.95,-0.7,+21.7,FB	+7.03,-4.4,+20.3,JB		+7.03,-3.6,+20.2,NB	
1702163269.2020144	+6.78,+2.6,+21.7,@B	+6.50,+23.4,+21.8,DA	+6.95,-0.7,+21.7,FB	+7.03,-4.3,+20.3,MB		+7.03,-3.5,+20.2,MB	
1702163331.2111738	+6.78,+2.6,+21.7,@B	+6.50,+23.4,+21.8,DA	+6.95,-0.8,+21.7,IB	+7.02,-3.9,+20.2,@B		+7.02,-3.0,+20.2,IB	
1702163393.2214725	+6.78,+2.7,+21.7,AB	+6.50,+23.2,+21.8,BA	+6.95,-0.9,+21.7,HB	+7.03,-4.3,+20.3,MB		+7.03,-3.3,+20.2,KB	
1702163455.2316587	+6.78,+2.7,+21.7,AB	+6.50,+23.4,+21.8,DA	+6.95,-0.8,+21.7,IB	+7.02,-3.9,+20.3,AB		+7.03,-3.4,+20.2,LB	
1702163517.241563	+6.78,+2.6,+21.7,@B	+6.50,+23.2,+21.8,BA	+6.96,-1.0,+21.7,CB	+7.02,-4.1,+20.3,NB		+7.02,-3.1,+20.2,HB	
1702163579.250817	+6.78,+2.7,+21.7,AB	+6.50,+23.4,+21.8,DA	+6.95,-0.8,+21.7,IB	+7.02,-3.9,+20.3,AB		+7.03,-3.7,+20.2,OB	
1702163641.2605672	+6.78,+2.7,+21.7,AB	+6.51,+23.2,+21.8,CA	+6.95,-0.9,+21.7,HB	+7.03,-4.2,+20.3,LB		+7.03,-3.4,+20.2,LB	
1702163703.2703054	+6.78,+2.7,+21.7,AB	+6.50,+23.2,+21.8,BA	+6.95,-0.9,+21.7,HB	+7.03,-4.3,+20.2,LB		+7.03,-3.3,+20.2,KB	
1702163765.2767413	+6.78,+2.6,+21.7,@B	+6.50,+23.2,+21.8,BA	+6.95,-0.9,+21.7,HB	+7.02,-3.9,+20.2,@B		+7.03,-3.6,+20.2,NB	
1702163827.2863986	+6.78,+2.6,+21.7,@B	+6.50,+23.4,+21.8,DA	+6.96,-1.0,+21.7,CB	+7.02,-4.1,+20.2,OB		+7.02,-2.9,+20.2,AB	
1702163889.296604	+6.78,+2.6,+21.7,@B	+6.50,+23.4,+21.8,DA	+6.95,-0.9,+21.7,HB	+7.03,-4.4,+20.2,KB		+7.03,-3.6,+20.2,NB	
1702163951.3028808	+6.78,+2.6,+21.7,@B	+6.50,+23.4,+21.8,DA	+6.96,-1.0,+21.7,CB	+7.03,-4.3,+20.2,LB		+7.03,-3.5,+20.2,MB	
1702164013.3094292	+6.78,+2.7,+21.7,AB	+6.50,+23.3,+21.8,CA	+6.95,-0.9,+21.7,HB	+7.03,-4.4,+20.2,KB		+7.03,-3.5,+20.2,MB	
1702164075.320696	+6.78,+2.6,+21.7,@B	+6.50,+23.4,+21.8,DA	+6.95,-0.9,+21.7,HB	+7.03,-4.3,+20.2,LB		+7.03,-3.5,+20.2,MB	
1702164137.3306017	+6.78,+2.6,+21.7,@B	+6.50,+23.4,+21.8,DA	+6.95,-0.9,+21.7,HB	+7.02,-3.9,+20.3,AB		+7.03,-3.3,+20.2,KB	
1702164199.3367991	+6.78,+2.6,+21.7,@B	+6.50,+23.4,+21.8,DA	+6.96,-1.1,+21.7,BB	+7.02,-4.1,+20.3,NB		+7.03,-3.6,+20.2,NB	
1702164261.3456755	+6.78,+2.6,+21.7,@B	+6.50,+23.3,+21.8,CA	+6.95,-0.8,+21.7,IB	+7.03,-4.3,+20.2,LB		+7.02,-2.9,+20.2,AB	
1702164323.3558953	+6.78,+2.6,+21.7,@B	+6.50,+23.3,+21.8,CA	+6.96,-1.0,+21.7,CB	+7.02,-4.0,+20.2,NB		+7.03,-3.6,+20.2,NB	
1702164385.366055	+6.78,+2.6,+21.7,@B	+6.50,+23.3,+21.8,CA	+6.96,-1.1,+21.7,BB	+7.02,-3.9,+20.3,AB		+7.03,-3.4,+20.2,LB	
1702164447.3748846	+6.78,+2.6,+21.7,@B	+6.50,+23.4,+21.8,DA	+6.95,-0.9,+21.7,HB	+7.03,-4.3,+20.3,MB		+7.03,-3.2,+20.2,JB	
1702164509.3840163	+6.78,+2.6,+21.7,@B	+6.50,+23.5,+21.8,EA	+6.95,-0.9,+21.7,HB	+7.03,-4.1,+20.3,OB		+7.02,-3.0,+20.2,IB	
1702164571.393478	+6.78,+2.6,+21.7,@B	+6.50,+23.3,+21.8,CA	+6.96,-1.1,+21.7,BB	+7.02,-3.9,+20.3,AB		+7.02,-3.1,+20.2,HB	
1702164633.402505	+6.78,+2.6,+21.7,@B	+6.50,+23.4,+21.8,DA	+6.96,-1.0,+21.7,CB	+7.02,-3.9,+20.2,@B		+7.02,-3.0,+20.2,IB	
1702164695.41229	+6.78,+2.6,+21.7,@B	+6.50,+23.4,+21.8,DA	+6.95,-0.9,+21.8,GB	+7.03,-4.4,+20.3,JB		+7.03,-3.6,+20.2,NB	
1702164757.421809	+6.78,+2.6,+21.7,@B	+6.50,+23.3,+21.8,CA	+6.96,-1.1,+21.7,BB	+7.02,-4.0,+20.3,OB		+7.02,-3.0,+20.2,IB	
1702164819.4323838	+6.78,+2.6,+21.7,@B	+6.50,+23.3,+21.8,CA	+6.96,-1.1,+21.7,BB	+7.02,-4.0,+20.3,OB		+7.02,-3.0,+20.2,IB	
1702164881.4405637	+6.78,+2.6,+21.7,@B	+6.50,+23.4,+21.8,DA	+6.95,-0.9,+21.7,HB	+7.02,-3.9,+20.3,AB		+7.03,-3.6,+20.2,NB	
1702164943.4492261	+6.78,+2.6,+21.7,@B	+6.50,+23.3,+21.8,CA	+6.96,-1.1,+21.7,BB	+7.03,-4.2,+20.2,MB		+7.02,-3.0,+20.2,IB	
1702165005.4578378	+6.78,+2.6,+21.7,@B	+6.50,+23.3,+21.8,CA	+6.96,-1.1,+21.7,BB	+7.03,-4.3,+20.2,LB		+7.02,-2.9,+20.2,AB	
1702165067.4643283	+6.78,+2.5,+21.7,CB	+6.50,+23.4,+21.8,DA	+6.96,-1.0,+21.7,CB	+7.02,-3.9,+20.3,AB		+7.03,-3.5,+20.2,MB	
1702165129.4740188	+6.78,+2.6,+21.7,@B	+6.50,+23.4,+21.8,DA	+6.96,-1.1,+21.7,BB	+7.03,-4.2,+20.2,MB		+7.02,-3.0,+20.2,IB	
1702165191.4832	+6.78,+2.5,+21.7,CB	+6.50,+23.5,+21.8,EA	+6.96,-1.1,+21.7,BB	+7.03,-4.2,+20.2,MB		+7.02,-3.1,+20.2,HB	
1702165253.4914753	+6.78,+2.5,+21.7,CB	+6.50,+23.4,+21.8,DA	+6.96,-1.1,+21.7,BB	+7.02,-3.9,+20.3,AB		+7.02,-3.0,+20.2,IB	
1702165315.5005863	+6.78,+2.6,+21.7,@B	+6.50,+23.4,+21.8,DA	+6.96,-1.4,+21.7,GB	+7.03,-4.3,+20.2,LB		+7.04,-3.7,+20.2,HB	
1702165377.5084302	+6.78,+2.5,+21.7,CB	+6.50,+23.4,+21.8,DA	+6.96,-1.0,+21.7,CB	+7.03,-4.3,+20.2,LB		+7.03,-3.6,+20.2,NB	
1702165439.5166717	+6.78,+2.5,+21.7,CB	+6.50,+23.3,+21.8,CA	+6.95,-1.0,+21.7,@B	+7.02,-3.8,+20.2,AB		+7.02,-3.1,+20.2,HB	
1702165501.526279	+6.78,+2.6,+21.7,@B	+6.50,+23.3,+21.8,CA	+6.95,-0.8,+21.7,IB	+7.03,-4.1,+20.3,OB		+7.02,-3.0,+20.2,IB	
1702165748.2921226	+6.78,+2.5,+21.7,CB	+6.50,+23.4,+21.8,DA	+6.95,-0.9,+21.7,HB	+7.02,-4.0,+20.3,OB		+7.03,-3.5,+20.2,MB	
1702165810.2998958	+6.78,+2.5,+21.7,CB	+6.50,+23.4,+21.8,DA	+6.95,-0.8,+21.7,IB	+7.02,-3.9,+20.3,AB		+7.03,-3.7,+20.2,OB	
1702165872.3077047	+6.78,+2.5,+21.7,CB	+6.50,+23.4,+21.8,DA	+6.95,-0.9,+21.7,HB	+7.02,-4.1,+20.3,NB		+7.04,-3.7,+20.2,HB	
1702165934.3157442	+6.78,+2.5,+21.7,CB	+6.50,+23.6,+21.8,FA	+6.96,-1.1,+21.7,BB	+7.02,-4.0,+20.3,OB		+7.02,-3.1,+20.2,HB	
1702165996.3259318	+6.78,+2.5,+21.7,CB	+6.50,+23.6,+21.8,FA	+6.96,-1.2,+21.7,AB	+7.02,-4.1,+20.3,NB		+7.03,-3.3,+20.2,KB	
1702166058.3323634	+6.78,+2.4,+21.7,BB	+6.50,+23.6,+21.8,FA	+6.96,-1.2,+21.7,AB	+7.02,-3.8,+20.3,@B		+7.02,-3.0,+20.2,IB	
1702166120.3387573	+6.78,+2.5,+21.7,CB	+6.50,+23.6,+21.8,FA	+6.96,-1.3,+21.7,@B	+7.02,-4.0,+20.3,OB		+7.03,-3.6,+20.2,NB	
1702166182.3479497	+6.78,+2.4,+21.7,BB	+6.50,+23.6,+21.8,FA	+6.96,-1.2,+21.7,AB	+7.03,-4.2,+20.3,LB		+7.03,-3.6,+20.2,NB	
1702166244.3580654	+6.78,+2.5,+21.7,CB	+6.50,+23.7,+21.8,GA	+6.96,-1.3,+21.7,@B	+7.02,-4.1,+20.3,NB		+7.03,-3.5,+20.2,MB	
1702166306.3677619	+6.78,+2.5,+21.7,CB	+6.50,+23.5,+21.8,EA	+6.96,-1.5,+21.7,FB	+7.02,-3.8,+20.3,@B		+7.04,-3.7,+20.2,HB	
1702166368.3748846	+6.78,+2.5,+21.7,CB	+6.50,+23.6,+21.8,FA	+6.96,-1.4,+21.7,GB	+7.02,-4.0,+20.3,OB		+7.03,-3.5,+20.2,MB	
1702166430.3831508	+6.78,+2.4,+21.7,BB	+6.50,+23.5,+21.8,EA	+6.96,-1.4,+21.7,GB	+7.03,-4.2,+20.3,LB		+7.03,-3.3,+20.2,KB	
1702166492.3921518	+6.78,+2.4,+21.7,BB	+6.50,+23.6,+21.8,FA	+6.96,-1.5,+21.7,FB	+7.02,-4.0,+20.3,OB		+7.02,-3.1,+20.2,HB	
1702166554.403639	+6.78,+2.4,+21.7,BB	+6.50,+23.5,+21.8,EA	+6.97,-1.7,+21.7,EB	+7.02,-3.8,+20.2,AB		+7.03,-3.5,+20.2,MB	
1702166616.411177	+6.78,+2.4,+21.7,BB	+6.49,+23.8,+21.8,@A	+6.97,-1.6,+21.7,DB	+7.03,-4.2,+20.2,MB		+7.03,-3.3,+20.2,KB	
1702166678.421231	+6.78,+2.4,+21.7,BB	+6.50,+23.7,+21.8,GA	+6.97,-1.6,+21.7,DB	+7.02,-4.0,+20.3,OB		+7.03,-3.3,+20.2,KB	
1702166740.4301002	+6.78,+2.4,+21.7,BB	+6.50,+23.5,+21.8,EA	+6.97,-1.7,+21.7,EB	+7.02,-3.8,+20.3,@B		+7.02,-3.0,+20.2,IB	
1702166802.438233	+6.78,+2.4,+21.7,BB	+6.50,+23.6,+21.8,FA	+6.97,-1.9,+21.7,KB	+7.03,-4.2,+20.3,LB		+7.03,-3.3,+20.2,KB	
1702166864.4474287	+6.78,+2.4,+21.7,BB	+6.50,+23.6,+21.8,FA	+6.97,-1.7,+21.8,JB	+7.02,-3.8,+20.3,@B		+7.03,-3.2,+20.2,JB	
1702166926.4552155	+6.78,+2.4,+21.7,BB	+6.50,+23.6,+21.8,FA	+6.97,-1.7,+21.7,EB	+7.02,-3.9,+20.3,AB		+7.03,-3.1,+20.2,IB	
1702166988.4655433	+6.78,+2.4,+21.7,BB	+6.50,+23.7,+21.8,GA	+6.97,-1.8,+21.7,JB	+7.03,-4.1,+20.3,OB		+7.03,-3.6,+20.2,NB	
1702167050.4742713	+6.78,+2.4,+21.7,BB	+6.50,+23.6,+21.8,FA	+6.97,-1.8,+21.7,JB	+7.03,-4.3,+20.2,LB		+7.02,-3.0,+20.2,IB	
1702167112.481766	+6.78,+2.4,+21.7,BB	+6.50,+23.6,+21.8,FA	+6.97,-1.7,+21.7,EB	+7.02,-3.8,+20.3,@B		+7.03,-3.4,+20.2,LB	
1702167174.4903371	+6.78,+2.4,+21.7,BB	+6.50,+23.7,+21.8,GA	+6.97,-1.8,+21.7,JB	+7.02,-4.1,+20.3,NB		+7.02,-3.0,+20.3,HB	
1702167236.4986625	+6.78,+2.3,+21.7,EB	+6.50,+23.7,+21.8,GA	+6.97,-1.9,+21.8,DB	+7.02,-4.1,+20.3,NB		+7.02,-3.0,+20.2,IB	
1702167298.5087204	+6.78,+2.4,+21.7,BB	+6.50,+23.6,+21.8,FA	+6.97,-1.7,+21.7,EB	+7.03,-4.2,+20.2,MB		+7.04,-3.7,+20.2,HB	
1702167360.5182598	+6.78,+2.4,+21.7,BB	+6.50,+23.7,+21.8,GA	+6.97,-1.8,+21.7,JB	+7.03,-4.2,+20.3,LB		+7.03,-3.5,+20.2,MB	
1702167422.5287552	+6.78,+2.3,+21.7,EB	+6.50,+23.6,+21.8,FA	+6.97,-1.7,+21.7,EB	+7.03,-4.2,+20.3,LB		+7.03,-3.4,+20.2,LB	
1702167484.539422	+6.78,+2.3,+21.7,EB	+6.50,+23.6,+21.8,FA	+6.97,-1.7,+21.7,EB	+7.02,-4.1,+20.3,NB		+7.03,-3.1,+20.2,IB	
1702167546.5492022	+6.78,+2.3,+21.7,EB	+6.50,+23.7,+21.8,GA	+6.97,-1.8,+21.7,JB	+7.02,-4.1,+20.3,NB		+7.04,-3.7,+20.2,HB	
1702167608.5598016	+6.78,+2.4,+21.7,BB	+6.50,+23.6,+21.8,FA	+6.97,-1.8,+21.7,JB	+7.02,-3.9,+20.3,AB		+7.04,-3.7,+20.2,HB	
1702167670.5660048	+6.78,+2.4,+21.7,BB	+6.50,+23.6,+21.8,FA	+6.97,-1.8,+21.7,JB	+7.02,-3.7,+20.3,OB		+7.03,-3.7,+20.2,OB	
1702167732.5727437	+6.78,+2.3,+21.7,EB	+6.50,+23.5,+21.8,EA	+6.97,-1.8,+21.7,JB	+7.02,-4.1,+20.3,NB		+7.03,-3.3,+20.2,KB	
1702167794.582162	+6.78,+2.4,+21.7,BB	+6.50,+23.5,+21.8,EA	+6.97,-1.8,+21.7,JB	+7.02,-4.0,+20.3,OB		+7.03,-3.5,+20.2,MB	
1702167856.5912318	+6.78,+2.4,+21.7,BB	+6.50,+23.6,+21.8,FA	+6.97,-1.8,+21.7,JB	+7.02,-3.8,+20.3,@B		+7.03,-3.5,+20.2,MB	
1702167918.6007156	+6.78,+2.4,+21.7,BB	+6.50,+23.6,+21.8,FA	+6.97,-1.7,+21.7,EB	+7.02,-3.7,+20.3,OB		+7.03,-3.2,+20.2,JB	
1702167980.6101315	+6.78,+2.4,+21.7,BB	+6.50,+23.6,+21.8,FA	+6.97,-1.7,+21.7,EB	+7.02,-3.8,+20.3,@B		+7.03,-3.3,+20.2,KB	
1702168042.619699	+6.78,+2.5,+21.7,CB	+6.50,+23.7,+21.8,GA	+6.97,-1.7,+21.7,EB	+7.02,-4.0,+20.3,OB		+7.03,-3.4,+20.2,LB	
1702168104.615263	+6.78,+2.4,+21.7,BB	+6.50,+23.6,+21.8,FA	+6.97,-1.7,+21.7,EB	+7.02,-3.8,+20.3,@B		+7.02,-3.0,+20.2,IB	
1702168166.622216	+6.78,+2.4,+21.7,BB	+6.50,+23.7,+21.8,GA	+6.97,-1.8,+21.7,JB	+7.03,-4.2,+20.3,LB		+7.03,-3.7,+20.2,OB	
1702168228.6286302	+6.78,+2.4,+21.7,BB	+6.50,+23.6,+21.8,FA	+6.97,-1.7,+21.7,EB	+7.02,-4.0,+20.3,OB		+7.02,-3.0,+20.2,IB	
1702168290.6388562	+6.78,+2.4,+21.7,BB	+6.49,+23.8,+21.8,@A	+6.97,-1.8,+21.7,JB	+7.03,-4.2,+20.3,LB		+7.03,-3.4,+20.2,LB	
1702168352.6476185	+6.78,+2.4,+21.7,BB	+6.50,+23.6,+21.8,FA	+6.97,-1.7,+21.7,EB	+7.02,-3.7,+20.3,OB		+7.03,-3.6,+20.2,NB	
1702168414.6545653	+6.78,+2.4,+21.7,BB	+6.50,+23.6,+21.8,FA	+6.97,-1.7,+21.8,JB	+7.02,-3.8,+20.3,@B		+7.04,-3.7,+20.2,HB	
1702168476.6642606	+6.78,+2.4,+21.7,BB	+6.50,+23.7,+21.8,GA	+6.97,-1.8,+21.7,JB	+7.03,-4.2,+20.2,MB		+7.03,-3.2,+20.2,JB	
1702168538.6745396	+6.78,+2.3,+21.7,EB	+6.50,+23.7,+21.8,GA	+6.97,-1.9,+21.7,KB	+7.02,-3.8,+20.3,@B		+7.03,-3.3,+20.2,KB	
1702168600.6837487	+6.78,+2.4,+21.7,BB	+6.50,+23.5,+21.8,EA	+6.97,-1.9,+21.7,KB	+7.02,-3.9,+20.3,AB		+7.03,-3.6,+20.2,NB	
1702168662.6907177	+6.78,+2.4,+21.7,BB	+6.50,+23.5,+21.8,EA	+6.97,-1.8,+21.7,JB	+7.02,-4.0,+20.3,OB		+7.04,-3.7,+20.2,HB	
1702168724.6989512	+6.78,+2.4,+21.7,BB	+6.50,+23.5,+21.8,EA	+6.97,-1.9,+21.8,DB	+7.02,-3.8,+20.3,@B		+7.03,-3.3,+20.2,KB	
1702168786.7085729	+6.78,+2.4,+21.7,BB	+6.50,+23.6,+21.8,FA	+6.97,-2.1,+21.8,OB	+7.02,-3.9,+20.3,AB		+7.03,-3.2,+20.2,JB	
1702168848.718587	+6.78,+2.4,+21.7,BB	+6.50,+23.5,+21.8,EA	+6.97,-1.9,+21.8,DB	+7.02,-4.0,+20.3,OB		+7.02,-3.1,+20.2,HB	
1702168910.7267227	+6.78,+2.3,+21.7,EB	+6.50,+23.5,+21.8,EA	+6.97,-1.9,+21.7,KB	+7.03,-4.2,+20.3,LB		+7.03,-3.2,+20.2,JB	
1702168972.7331855	+6.78,+2.4,+21.7,BB	+6.50,+23.5,+21.8,EA	+6.98,-2.1,+21.7,OB	+7.02,-3.7,+20.3,OB		+7.03,-3.5,+20.2,MB	
1702169034.742201	+6.78,+2.4,+21.7,BB	+6.50,+23.5,+21.8,EA	+6.98,-2.2,+21.7,LB	+7.02,-3.8,+20.3,@B		+7.03,-3.7,+20.2,OB	
1702169096.7526188	+6.78,+2.4,+21.7,BB	+6.50,+23.5,+21.8,EA	+6.98,-2.2,+21.7,LB	+7.02,-3.8,+20.3,@B		+7.03,-3.6,+20.2,NB	
1702169158.7607164	+6.78,+2.4,+21.7,BB	+6.50,+23.5,+21.8,EA	+6.97,-2.1,+21.7,@B	+7.03,-4.2,+20.3,LB		+7.02,-3.0,+20.2,IB	
1702169220.770587	+6.78,+2.3,+21.7,EB	+6.50,+23.6,+21.8,FA	+6.98,-2.2,+21.7,LB	+7.02,-4.1,+20.3,NB		+7.02,-3.0,+20.2,IB	
1702169282.7817957	+6.78,+2.4,+21.7,BB	+6.50,+23.6,+21.8,FA	+6.98,-2.2,+21.7,LB	+7.02,-3.9,+20.3,AB		+7.02,-3.1,+20.2,HB	
1702169344.7890131	+6.78,+2.3,+21.7,EB	+6.50,+23.5,+21.8,EA	+6.98,-2.4,+21.7,JB	+7.03,-4.2,+20.3,LB		+7.03,-3.5,+20.2,MB	
1702169591.568632	+6.78,+2.6,+21.7,@B	+6.49,+23.8,+21.8,@A	+6.98,-2.6,+21.7,HB	+7.03,-4.1,+20.3,OB		+7.03,-3.2,+20.2,JB	
1702169653.5757947	+6.78,+2.6,+21.7,@B	+6.50,+23.7,+21.8,GA	+6.99,-2.9,+21.7,FB	+7.02,-3.8,+20.3,@B		+7.03,-3.4,+20.2,LB	
1702169715.5864384	+6.78,+2.6,+21.7,@B	+6.50,+23.8,+21.8,HA	+6.99,-2.9,+21.7,FB	+7.02,-4.1,+20.3,NB		+7.04,-3.8,+20.2,GB	
1702169777.597048	+6.78,+2.6,+21.7,@B	+6.50,+23.7,+21.8,GA	+6.99,-2.9,+21.7,FB	+7.02,-3.8,+20.3,@B		+7.03,-3.2,+20.2,JB	
1702169839.606016	+6.78,+2.5,+21.7,CB	+6.50,+23.6,+21.8,FA	+6.99,-3.1,+21.7,OB	+7.02,-3.8,+20.3,@B		+7.02,-3.0,+20.2,IB	
1702169901.615865	+6.78,+2.6,+21.7,@B	+6.49,+23.8,+21.8,@A	+6.99,-3.2,+21.8,CB	+7.03,-4.2,+20.3,LB		+7.03,-3.6,+20.2,NB	
1702169963.6253288	+6.78,+2.6,+21.7,@B	+6.50,+23.6,+21.8,FA	+7.00,-3.4,+21.8,DB	+7.02,-3.8,+20.3,@B		+7.02,-3.0,+20.2,IB	
1702170025.6344326	+6.78,+2.6,+21.7,@B	+6.50,+23.7,+21.8,GA	+7.00,-3.3,+21.8,CB	+7.02,-3.8,+20.3,@B		+7.03,-3.7,+20.2,OB	
1702170087.64404	+6.78,+2.6,+21.7,@B	+6.50,+23.7,+21.8,GA	+7.00,-3.5,+21.7,JB	+7.02,-3.9,+20.3,AB		+7.03,-3.5,+20.2,MB	
1702170149.6526754	+6.78,+2.6,+21.7,@B	+6.50,+23.6,+21.8,FA	+7.00,-3.6,+21.8,FB	+7.02,-3.9,+20.3,AB		+7.03,-3.4,+20.2,LB	
1702170211.662168	+6.78,+2.6,+21.7,@B	+6.50,+23.7,+21.8,GA	+7.00,-3.7,+21.8,GB	+7.02,-4.1,+20.3,NB		+7.02,-3.0,+20.2,IB	
1702170273.6729357	+6.78,+2.6,+21.7,@B	+6.50,+23.5,+21.8,EA	+7.00,-3.7,+21.7,HB	+7.02,-3.8,+20.3,@B		+7.03,-3.7,+20.2,OB	
1702170335.6812704	+6.78,+2.6,+21.7,@B	+6.50,+23.6,+21.8,FA	+7.00,-3.7,+21.7,HB	+7.02,-3.8,+20.3,@B		+7.03,-3.5,+20.2,MB	
1702170397.6920319	+6.78,+2.5,+21.7,CB	+6.50,+23.7,+21.8,GA	+7.01,-4.0,+21.8,FB	+7.02,-4.0,+20.3,OB		+7.02,-3.1,+20.2,HB	
1702170459.7019138	+6.78,+2.6,+21.7,@B	+6.50,+23.7,+21.8,GA	+7.01,-4.0,+21.7,IB	+7.02,-4.1,+20.3,NB		+7.03,-3.7,+20.2,OB	
1702170521.711742	+6.78,+2.5,+21.7,CB	+6.50,+23.6,+21.8,FA	+7.01,-4.0,+21.7,IB	+7.02,-4.0,+20.3,OB		+7.03,-3.3,+20.2,KB	
1702170583.7195747	+6.78,+2.5,+21.7,CB	+6.50,+23.7,+21.8,GA	+7.01,-4.1,+21.7,HB	+7.03,-4.2,+20.3,LB		+7.03,-3.7,+20.2,OB	
1702170645.7268257	+6.78,+2.6,+21.7,@B	+6.50,+23.7,+21.8,GA	+7.01,-4.2,+21.8,DB	+7.03,-4.2,+20.3,LB		+7.03,-3.3,+20.2,KB	
1702170707.736721	+6.78,+2.6,+21.7,@B	+6.49,+24.0,+21.8,OA	+7.01,-4.3,+21.7,JB	+7.02,-3.7,+20.3,OB		+7.03,-3.4,+20.2,LB	
1702170769.745271	+6.78,+2.6,+21.7,@B	+6.49,+24.0,+21.8,OA	+7.01,-4.2,+21.7,KB	+7.02,-4.1,+20.3,NB		+7.02,-3.0,+20.2,IB	
1702170831.7542634	+6.78,+2.6,+21.7,@B	+6.49,+24.1,+21.8,NA	+7.02,-4.5,+21.7,OB	+7.02,-3.9,+20.3,AB		+7.03,-3.3,+20.2,KB	
1702170893.7612565	+6.78,+2.5,+21.7,CB	+6.49,+24.1,+21.8,NA	+7.01,-4.4,+21.7,MB	+7.02,-4.0,+20.3,OB		+7.02,-3.0,+20.2,IB	
1702170955.7712562	+6.78,+2.5,+21.7,CB	+6.49,+23.9,+21.8,AA	+7.02,-4.7,+21.8,BB	+7.02,-3.9,+20.3,AB		+7.03,-3.7,+20.2,OB	
1702171017.7798455	+6.78,+2.5,+21.7,CB	+6.49,+23.9,+21.8,AA	+7.02,-4.7,+21.7,MB	+7.02,-3.7,+20.3,OB		+7.03,-3.2,+20.2,JB	
1702171079.7880106	+6.78,+2.5,+21.7,CB	+6.49,+24.0,+21.8,OA	+7.02,-4.5,+21.8,@B	+7.02,-4.0,+20.3,OB		+7.03,-3.3,+20.2,KB	
1702171141.7957394	+6.78,+2.5,+21.7,CB	+6.49,+24.0,+21.8,OA	+7.02,-4.7,+21.8,BB	+7.02,-3.9,+20.3,AB		+7.03,-3.5,+20.2,MB	
1702171203.8063798	+6.78,+2.5,+21.7,CB	+6.49,+23.8,+21.8,@A	+7.02,-4.8,+21.8,MB	+7.02,-3.8,+20.3,@B		+7.02,-3.1,+20.2,HB	
1702171265.8146992	+6.78,+2.5,+21.7,CB	+6.49,+23.8,+21.8,@A	+7.02,-4.9,+21.8,LB	+7.02,-3.7,+20.3,OB		+7.02,-3.0,+20.2,IB	
1702171327.8243704	+6.78,+2.5,+21.7,CB	+6.49,+24.0,+21.8,OA	+7.02,-4.8,+21.7,BB	+7.02,-4.1,+20.3,NB		+7.03,-3.7,+20.2,OB	
1702171389.8341067	+6.78,+2.4,+21.7,BB	+6.49,+23.9,+21.8,AA	+7.02,-4.8,+21.8,MB	+7.02,-3.8,+20.3,@B		+7.04,-3.7,+20.3,IB	
1702171451.8399296	+6.78,+2.5,+21.7,CB	+6.49,+23.9,+21.8,AA	+7.02,-4.8,+21.8,MB	+7.02,-3.7,+20.3,OB		+7.03,-3.6,+20.2,NB	
1702171513.849889	+6.78,+2.5,+21.7,CB	+6.49,+23.9,+21.8,AA	+7.02,-4.9,+21.7,CB	+7.02,-3.6,+20.3,NB		+7.04,-3.8,+20.2,GB	
1702171575.8569434	+6.78,+2.5,+21.7,CB	+6.49,+23.9,+21.8,AA	+7.02,-4.9,+21.8,LB	+7.02,-3.7,+20.3,OB		+7.03,-3.7,+20.2,OB	
1702171637.86597	+6.78,+2.4,+21.7,BB	+6.49,+24.1,+21.8,NA	+7.03,-5.0,+21.8,EB	+7.02,-4.1,+20.3,NB		+7.03,-3.4,+20.2,LB	
1702171699.8744965	+6.78,+2.4,+21.7,BB	+6.49,+24.0,+21.8,OA	+7.03,-5.0,+21.8,EB	+7.02,-4.1,+20.3,NB		+7.04,-3.7,+20.2,HB	
1702171761.880829	+6.78,+2.4,+21.7,BB	+6.49,+24.0,+21.8,OA	+7.03,-5.1,+21.7,KB	+7.03,-4.1,+20.3,OB		+7.03,-3.7,+20.2,OB	
1702171823.889153	+6.78,+2.4,+21.7,BB	+6.49,+24.0,+21.8,OA	+7.03,-5.1,+21.7,KB	+7.02,-4.0,+20.3,OB		+7.03,-3.6,+20.2,NB	
1702171885.8949883	+6.78,+2.4,+21.7,BB	+6.49,+24.0,+21.8,OA	+7.03,-5.2,+21.8,GB	+7.02,-3.7,+20.3,OB		+7.02,-3.0,+20.2,IB	
1702171947.9045131	+6.78,+2.4,+21.7,BB	+6.49,+24.1,+21.8,NA	+7.03,-5.1,+21.7,KB	+7.02,-3.9,+20.3,AB		+7.02,-3.1,+20.2,HB	
1702172009.9142392	+6.78,+2.4,+21.7,BB	+6.49,+24.0,+21.8,OA	+7.03,-5.2,+21.7,HB	+7.02,-3.7,+20.3,OB		+7.02,-3.1,+20.2,HB	
1702172071.9221117	+6.78,+2.4,+21.7,BB	+6.49,+24.0,+21.8,OA	+7.03,-5.4,+21.8,AB	+7.02,-3.7,+20.3,OB		+7.04,-3.8,+20.2,GB	
1702172133.9317396	+6.78,+2.4,+21.7,BB	+6.49,+24.0,+21.8,OA	+7.03,-5.3,+21.7,IB	+7.02,-3.8,+20.3,@B		+7.03,-3.7,+20.2,OB	
1702172195.9387195	+6.78,+2.4,+21.7,BB	+6.49,+24.2,+21.8,MA	+7.03,-5.2,+21.7,HB	+7.02,-4.1,+20.3,NB		+7.02,-3.1,+20.2,HB	
1702172257.9484825	+6.78,+2.4,+21.7,BB	+6.49,+24.1,+21.8,NA	+7.03,-5.4,+21.8,AB	+7.02,-4.0,+20.3,OB		+7.03,-3.3,+20.2,KB	
1702172319.958652	+6.78,+2.4,+21.7,BB	+6.49,+24.0,+21.8,OA	+7.03,-5.4,+21.8,AB	+7.02,-3.7,+20.3,OB		+7.03,-3.3,+20.2,KB	
1702172381.9680526	+6.78,+2.4,+21.7,BB	+6.49,+24.2,+21.8,MA	+7.03,-5.4,+21.7,NB	+7.02,-4.1,+20.3,NB		+7.03,-3.4,+20.2,LB	
1702172443.977665	+6.78,+2.4,+21.7,BB	+6.49,+24.1,+21.8,NA	+7.03,-5.3,+21.8,FB	+7.02,-3.7,+20.3,OB		+7.02,-3.0,+20.2,IB	
1702172505.9847791	+6.78,+2.4,+21.7,BB	+6.49,+24.0,+21.8,OA	+7.03,-5.4,+21.8,AB	+7.02,-3.7,+20.3,OB		+7.02,-3.1,+20.2,HB	
1702172567.9948397	+6.78,+2.3,+21.7,EB	+6.49,+24.2,+21.8,MA	+7.03,-5.5,+21.8,@B	+7.02,-4.1,+20.3,NB		+7.04,-3.8,+20.2,GB	
1702172630.0033643	+6.78,+2.4,+21.7,BB	+6.49,+24.2,+21.8,MA	+7.04,-5.6,+21.8,DB	+7.02,-4.1,+20.3,NB		+7.03,-3.6,+20.2,NB	
1702172692.0126913	+6.78,+2.4,+21.7,BB	+6.49,+24.2,+21.8,MA	+7.03,-5.5,+21.7,OB	+7.02,-4.0,+20.3,OB		+7.03,-3.7,+20.2,OB	
1702172754.0222049	+6.78,+2.4,+21.7,BB	+6.49,+24.1,+21.8,NA	+7.03,-5.5,+21.8,@B	+7.02,-3.9,+20.3,AB		+7.02,-3.0,+20.2,IB	
1702172816.0313795	+6.78,+2.4,+21.7,BB	+6.49,+24.3,+21.8,LA	+7.04,-5.6,+21.8,DB	+7.02,-4.1,+20.3,NB		+7.03,-3.2,+20.2,JB	
1702172878.0435333	+6.78,+2.3,+21.7,EB	+6.49,+24.3,+21.8,LA	+7.04,-5.7,+21.8,EB	+7.02,-4.1,+20.3,NB		+7.02,-3.0,+20.2,IB	
1702172940.0520139	+6.78,+2.4,+21.7,BB	+6.49,+24.3,+21.8,LA	+7.04,-5.7,+21.8,EB	+7.02,-4.1,+20.3,NB		+7.02,-3.0,+20.2,IB	
1702173002.0610774	+6.78,+2.3,+21.7,EB	+6.49,+24.2,+21.8,MA	+7.04,-5.6,+21.7,KB	+7.02,-4.1,+20.3,NB		+7.03,-3.3,+20.2,KB	
1702173064.0701036	+6.78,+2.3,+21.7,EB	+6.49,+24.2,+21.8,MA	+7.03,-5.5,+21.8,@B	+7.02,-3.8,+20.3,@B		+7.04,-3.7,+20.2,HB	
1702173126.076943	+6.78,+2.3,+21.7,EB	+6.49,+24.2,+21.8,MA	+7.04,-5.6,+21.8,DB	+7.02,-4.0,+20.3,OB		+7.03,-3.3,+20.2,KB	
1702173188.0851457	+6.78,+2.4,+21.7,BB	+6.49,+24.2,+21.8,MA	+7.04,-5.7,+21.7,JB	+7.02,-3.7,+20.3,OB		+7.02,-3.1,+20.2,HB	
1702173434.8100302	+6.78,+2.3,+21.7,EB	+6.48,+24.4,+21.8,JA	+7.04,-5.7,+21.8,EB	+7.02,-3.6,+20.3,NB		+7.03,-3.3,+20.2,KB	
1702173496.820579	+6.78,+2.3,+21.7,EB	+6.49,+24.3,+21.8,LA	+7.04,-5.8,+21.8,JB	+7.02,-3.9,+20.3,AB		+7.03,-3.3,+20.2,KB	
1702173558.8300834	+6.78,+2.3,+21.7,EB	+6.49,+24.3,+21.8,LA	+7.04,-5.8,+21.7,EB	+7.02,-4.0,+20.3,OB		+7.02,-3.1,+20.2,HB	
1702173620.8405755	+6.78,+2.3,+21.7,EB	+6.49,+24.3,+21.8,LA	+7.04,-5.8,+21.8,JB	+7.02,-3.9,+20.3,AB		+7.03,-3.4,+20.2,LB	
1702173682.8503206	+6.78,+2.2,+21.7,DB	+6.49,+24.3,+21.8,LA	+7.04,-5.8,+21.8,JB	+7.02,-3.9,+20.3,AB		+7.03,-3.5,+20.3,LB	
1702173744.8603218	+6.78,+2.3,+21.7,EB	+6.49,+24.3,+21.8,LA	+7.04,-5.8,+21.8,JB	+7.02,-4.0,+20.3,OB		+7.03,-3.3,+20.3,JB	
1702173806.8691645	+6.78,+2.3,+21.7,EB	+6.48,+24.5,+21.8,KA	+7.04,-5.8,+21.7,EB	+7.02,-3.7,+20.3,OB		+7.03,-3.4,+20.2,LB	
1702173868.877775	+6.78,+2.3,+21.7,EB	+6.48,+24.4,+21.8,JA	+7.04,-5.8,+21.8,JB	+7.02,-4.0,+20.3,OB		+7.03,-3.5,+20.3,LB	
1702173930.8854213	+6.78,+2.3,+21.7,EB	+6.49,+24.3,+21.8,LA	+7.04,-5.9,+21.8,KB	+7.02,-3.9,+20.3,AB		+7.03,-3.6,+20.3,OB	
1702173992.8939767	+6.78,+2.3,+21.7,EB	+6.48,+24.4,+21.8,JA	+7.04,-5.8,+21.8,JB	+7.02,-3.7,+20.3,OB		+7.02,-3.0,+20.3,HB	
1702174054.9054577	+6.78,+2.2,+21.7,DB	+6.48,+24.5,+21.8,KA	+7.04,-5.9,+21.8,KB	+7.02,-3.6,+20.3,NB		+7.03,-3.3,+20.3,JB	
1702174116.9161966	+6.78,+2.3,+21.7,EB	+6.49,+24.3,+21.8,LA	+7.04,-5.8,+21.8,JB	+7.02,-3.8,+20.3,@B		+7.02,-3.0,+20.3,HB	
1702174178.9279265	+6.78,+2.2,+21.7,DB	+6.49,+24.3,+21.8,LA	+7.04,-5.9,+21.8,KB	+7.02,-3.8,+20.3,@B		+7.03,-3.5,+20.3,LB	
1702174240.9389145	+6.78,+2.2,+21.7,DB	+6.48,+24.4,+21.8,JA	+7.04,-5.9,+21.8,KB	+7.02,-3.7,+20.3,OB		+7.03,-3.6,+20.3,OB	
1702174302.950166	+6.78,+2.2,+21.7,DB	+6.48,+24.4,+21.8,JA	+7.04,-6.0,+21.8,AB	+7.02,-3.7,+20.3,OB		+7.04,-3.7,+20.2,HB	
1702174364.959221	+6.79,+2.1,+21.7,FB	+6.49,+24.3,+21.8,LA	+7.04,-6.0,+21.8,AB	+7.02,-3.9,+20.3,AB		+7.03,-3.6,+20.3,OB	
1702174426.9703143	+6.78,+2.2,+21.7,DB	+6.49,+24.3,+21.8,LA	+7.04,-5.8,+21.8,JB	+7.02,-4.0,+20.3,OB		+7.03,-3.2,+20.3,KB	
1702174488.9817398	+6.78,+2.3,+21.7,EB	+6.48,+24.5,+21.8,KA	+7.04,-6.0,+21.8,AB	+7.02,-3.7,+20.3,OB		+7.03,-3.5,+20.3,LB	
1702174550.991323	+6.79,+2.2,+21.7,EB	+6.48,+24.4,+21.8,JA	+7.04,-6.0,+21.8,AB	+7.02,-3.9,+20.3,AB		+7.04,-3.8,+20.3,FB	
1702174612.998998	+6.78,+2.2,+21.7,DB	+6.48,+24.4,+21.8,JA	+7.04,-5.9,+21.8,KB	+7.02,-3.6,+20.3,NB		+7.02,-3.0,+20.3,HB	
1702174675.0092962	+6.78,+2.3,+21.7,EB	+6.49,+24.3,+21.8,LA	+7.04,-6.0,+21.7,NB	+7.02,-4.0,+20.3,OB		+7.04,-3.7,+20.3,IB	
1702174737.018057	+6.78,+2.2,+21.7,DB	+6.48,+24.5,+21.8,KA	+7.04,-6.0,+21.8,AB	+7.02,-3.8,+20.3,@B		+7.04,-3.7,+20.3,IB	
1702174799.027091	+6.78,+2.2,+21.7,DB	+6.48,+24.5,+21.8,KA	+7.04,-6.0,+21.8,AB	+7.02,-4.0,+20.3,OB		+7.03,-3.6,+20.2,NB	
1702174861.0348487	+6.78,+2.2,+21.7,DB	+6.48,+24.4,+21.8,JA	+7.04,-6.1,+21.7,OB	+7.02,-3.9,+20.3,AB		+7.03,-3.3,+20.3,JB	
1702174923.0457022	+6.78,+2.3,+21.7,EB	+6.48,+24.4,+21.8,JA	+7.04,-6.0,+21.8,AB	+7.02,-4.0,+20.3,OB		+7.02,-3.0,+20.3,HB	
1702174985.0563564	+6.78,+2.3,+21.7,EB	+6.49,+24.3,+21.8,LA	+7.04,-6.1,+21.8,@B	+7.02,-4.1,+20.3,NB		+7.02,-3.0,+20.3,HB	
1702175047.063269	+6.78,+2.3,+21.7,EB	+6.48,+24.6,+21.8,HA	+7.04,-6.0,+21.8,AB	+7.02,-3.6,+20.3,NB		+7.03,-3.4,+20.3,MB	
1702175109.0731523	+6.78,+2.3,+21.7,EB	+6.48,+24.5,+21.8,KA	+7.04,-6.0,+21.8,AB	+7.02,-3.6,+20.3,NB		+7.03,-3.5,+20.3,LB	
1702175171.0804183	+6.78,+2.3,+21.7,EB	+6.48,+24.5,+21.8,KA	+7.04,-5.9,+21.8,KB	+7.02,-3.9,+20.3,AB		+7.04,-3.8,+20.3,FB	
1702175233.0888698	+6.79,+2.2,+21.7,EB	+6.48,+24.6,+21.8,HA	+7.05,-6.1,+21.8,AB	+7.01,-3.6,+20.3,MB		+7.02,-3.0,+20.3,HB	
1702175295.099151	+6.78,+2.2,+21.7,DB	+6.48,+24.4,+21.8,JA	+7.04,-6.0,+21.8,AB	+7.02,-4.0,+20.3,OB		+7.04,-3.7,+20.3,IB	
1702175357.1068423	+6.78,+2.3,+21.7,EB	+6.48,+24.6,+21.8,HA	+7.05,-6.1,+21.8,AB	+7.02,-3.6,+20.3,NB		+7.02,-3.0,+20.3,HB	
1702175419.1160188	+6.78,+2.2,+21.7,DB	+6.48,+24.6,+21.8,HA	+7.05,-6.2,+21.8,BB	+7.02,-3.8,+20.3,@B		+7.02,-3.0,+20.3,HB	
1702175481.1241026	+6.78,+2.2,+21.7,DB	+6.48,+24.6,+21.8,HA	+7.04,-6.1,+21.8,@B	+7.02,-3.9,+20.3,AB		+7.02,-3.1,+20.3,IB	
1702175543.1316035	+6.78,+2.3,+21.8,JB	+6.48,+24.7,+21.9,HA	+7.05,-6.1,+21.8,AB	+7.02,-4.0,+20.3,OB		+7.02,-3.0,+20.3,HB	
1702175605.1406634	+6.78,+2.2,+21.7,DB	+6.48,+24.8,+21.8,FA	+7.05,-6.2,+21.8,BB	+7.01,-3.5,+20.3,NB		+7.04,-3.8,+20.3,FB	
1702175667.1500416	+6.78,+2.2,+21.7,DB	+6.48,+24.6,+21.8,HA	+7.04,-6.1,+21.8,@B	+7.02,-4.0,+20.3,OB		+7.02,-3.1,+20.3,IB	
1702175729.1579628	+6.79,+2.2,+21.7,EB	+6.48,+24.7,+21.8,IA	+7.05,-6.2,+21.8,BB	+7.02,-3.9,+20.3,AB		+7.02,-3.0,+20.3,HB	
1702175791.1637676	+6.78,+2.3,+21.7,EB	+6.48,+24.8,+21.8,FA	+7.05,-6.7,+21.8,GB	+7.02,-3.8,+20.3,@B		+7.04,-3.8,+20.3,FB	
1702175853.172931	+6.79,+2.2,+21.7,EB	+6.48,+24.8,+21.8,FA	+7.05,-6.4,+21.8,DB	+7.02,-3.8,+20.3,@B		+7.02,-3.0,+20.3,HB	
1702175915.1822388	+6.78,+2.2,+21.8,KB	+6.48,+24.8,+21.8,FA	+7.05,-6.4,+21.8,DB	+7.01,-3.6,+20.3,MB		+7.02,-3.1,+20.3,IB	
1702175977.1908464	+6.79,+2.2,+21.7,EB	+6.48,+24.8,+21.8,FA	+7.05,-6.3,+21.8,CB	+7.01,-3.6,+20.3,MB		+7.02,-3.1,+20.3,IB	
1702176039.200604	+6.79,+2.2,+21.7,EB	+6.48,+24.8,+21.8,FA	+7.05,-6.3,+21.8,CB	+7.02,-3.7,+20.3,OB		+7.03,-3.5,+20.3,LB	
1702176101.2098913	+6.78,+2.2,+21.7,DB	+6.48,+24.7,+21.8,IA	+7.05,-6.3,+21.8,CB	+7.02,-3.9,+20.3,AB		+7.03,-3.2,+20.3,KB	
1702176163.2166893	+6.79,+2.2,+21.7,EB	+6.48,+24.9,+21.8,GA	+7.05,-6.2,+21.8,BB	+7.02,-3.6,+20.3,NB		+7.03,-3.7,+20.3,NB	
1702176225.2259476	+6.79,+2.2,+21.8,JB	+6.48,+24.8,+21.8,FA	+7.05,-6.1,+21.8,AB	+7.02,-3.8,+20.3,@B		+7.03,-3.4,+20.3,MB	
1702176287.2345386	+6.78,+2.2,+21.7,DB	+6.48,+24.9,+21.8,GA	+7.05,-6.4,+21.8,DB	+7.02,-3.8,+20.3,@B		+7.03,-3.5,+20.3,LB	
1702176349.2426014	+6.79,+2.2,+21.7,EB	+6.48,+24.7,+21.8,IA	+7.05,-6.2,+21.8,BB	+7.02,-3.6,+20.3,NB		+7.02,-3.1,+20.3,IB	
1702176411.2500718	+6.79,+2.2,+21.7,EB	+6.47,+25.0,+21.8,@A	+7.05,-6.2,+21.8,BB	+7.02,-3.9,+20.3,AB		+7.03,-3.6,+20.2,NB	
1702176473.2588758	+6.79,+2.2,+21.7,EB	+6.48,+24.9,+21.8,GA	+7.05,-6.2,+21.8,BB	+7.02,-4.0,+20.3,OB		+7.03,-3.6,+20.3,OB	
1702176535.2697144	+6.78,+2.3,+21.8,JB	+6.48,+24.7,+21.8,IA	+7.05,-6.2,+21.8,BB	+7.02,-3.6,+20.3,NB		+7.02,-2.9,+20.3,@B	
1702176597.2789764	+6.78,+2.4,+21.8,MB	+6.48,+24.9,+21.8,GA	+7.05,-6.2,+21.8,BB	+7.02,-3.9,+20.3,AB		+7.03,-3.3,+20.3,JB	
1702176659.2858973	+6.78,+2.4,+21.7,BB	+6.47,+24.9,+21.8,HA	+7.05,-6.3,+21.8,CB	+7.02,-4.0,+20.3,OB		+7.02,-3.0,+20.3,HB	
1702176721.296636	+6.78,+2.5,+21.8,LB	+6.47,+25.0,+21.8,@A	+7.05,-6.4,+21.8,DB	+7.02,-3.9,+20.3,AB		+7.02,-3.1,+20.3,IB	
1702176783.3031964	+6.78,+2.4,+21.7,BB	+6.47,+25.0,+21.8,@A	+7.05,-6.3,+21.8,CB	+7.02,-4.0,+20.3,OB		+7.03,-3.2,+20.3,KB	
1702176845.31315	+6.78,+2.5,+21.7,CB	+6.48,+24.9,+21.9,FA	+7.05,-6.3,+21.8,CB	+7.02,-3.9,+20.3,AB		+7.02,-3.1,+20.3,IB	
1702176907.3240435	+6.78,+2.5,+21.8,LB	+6.48,+24.9,+21.8,GA	+7.05,-6.3,+21.8,CB	+7.02,-3.9,+20.3,AB		+7.04,-3.8,+20.3,FB	
1702176969.3341444	+6.78,+2.4,+21.7,BB	+6.48,+24.7,+21.8,IA	+7.05,-6.3,+21.8,CB	+7.01,-3.5,+20.3,NB		+7.02,-3.1,+20.3,IB	
1702177031.3413992	+6.78,+2.4,+21.8,MB	+6.48,+24.9,+21.8,GA	+7.05,-6.2,+21.8,BB	+7.02,-3.7,+20.3,OB		+7.03,-3.3,+20.3,JB	
1702177278.1486194	+6.78,+2.4,+21.8,MB	+6.48,+24.9,+21.8,GA	+7.05,-6.3,+21.8,CB	+7.02,-3.7,+20.3,OB		+7.03,-3.6,+20.3,OB	
1702177340.1579638	+6.78,+2.5,+21.7,CB	+6.48,+24.8,+21.9,GA	+7.05,-6.3,+21.8,CB	+7.02,-3.6,+20.3,NB		+7.03,-3.2,+20.3,KB	
1702177402.1655674	+6.78,+2.4,+21.8,MB	+6.47,+25.0,+21.8,@A	+7.05,-6.3,+21.8,CB	+7.02,-3.6,+20.3,NB		+7.03,-3.3,+20.3,JB	
1702177464.1759017	+6.78,+2.4,+21.7,BB	+6.47,+25.2,+21.8,BA	+7.05,-6.6,+21.8,FB	+7.02,-3.9,+20.3,AB		+7.03,-3.2,+20.3,KB	
1702177526.183791	+6.78,+2.5,+21.7,CB	+6.47,+25.2,+21.8,BA	+7.05,-6.4,+21.8,DB	+7.01,-3.5,+20.3,NB		+7.03,-3.3,+20.3,JB	
1702177588.1934257	+6.78,+2.4,+21.8,MB	+6.47,+25.2,+21.8,BA	+7.05,-6.5,+21.8,EB	+7.02,-3.7,+20.3,OB		+7.03,-3.6,+20.3,OB	
1702177650.2013156	+6.78,+2.5,+21.7,CB	+6.47,+25.2,+21.8,BA	+7.05,-6.3,+21.8,CB	+7.01,-3.5,+20.3,NB		+7.04,-3.8,+20.3,FB	
1702177712.2090573	+6.78,+2.5,+21.7,CB	+6.47,+25.2,+21.8,BA	+7.05,-6.3,+21.8,CB	+7.02,-3.8,+20.3,@B		+7.03,-3.2,+20.3,KB	
1702177774.218767	+6.78,+2.4,+21.8,MB	+6.47,+25.1,+21.8,AA	+7.05,-6.4,+21.8,DB	+7.01,-3.5,+20.3,NB		+7.03,-3.4,+20.3,MB	
1702177836.2280276	+6.78,+2.5,+21.8,LB	+6.47,+25.2,+21.8,BA	+7.05,-6.3,+21.8,CB	+7.01,-3.5,+20.3,NB		+7.03,-3.5,+20.3,LB	
1702177898.2368534	+6.78,+2.4,+21.8,MB	+6.47,+25.1,+21.8,AA	+7.05,-6.4,+21.8,DB	+7.02,-3.6,+20.3,NB		+7.02,-3.1,+20.3,IB	
1702177960.2454004	+6.78,+2.4,+21.7,BB	+6.47,+25.3,+21.8,CA	+7.05,-6.3,+21.8,CB	+7.02,-3.7,+20.3,OB		+7.02,-3.1,+20.3,IB	
1702178022.2543962	+6.78,+2.4,+21.8,MB	+6.47,+25.4,+21.9,EA	+7.05,-6.3,+21.8,CB	+7.01,-3.5,+20.3,NB		+7.02,-3.1,+20.3,IB	
1702178084.2617066	+6.78,+2.4,+21.8,MB	+6.47,+25.5,+21.8,EA	+7.05,-6.1,+21.8,AB	+7.02,-3.8,+20.3,@B		+7.04,-3.8,+20.3,FB	
1702178146.27108	+6.78,+2.4,+21.8,MB	+6.47,+25.5,+21.9,DA	+7.05,-6.2,+21.8,BB	+7.02,-3.8,+20.3,@B		+7.04,-3.8,+20.3,FB	
1702178208.2807934	+6.78,+2.4,+21.7,BB	+6.47,+25.0,+21.9,AA	+7.05,-6.3,+21.8,CB	+7.02,-3.6,+20.3,NB		+7.03,-3.3,+20.3,JB	
1702178270.2889097	+6.78,+2.4,+21.8,MB	+6.47,+25.0,+21.8,@A	+7.04,-6.1,+21.8,@B	+7.02,-3.7,+20.3,OB		+7.04,-3.7,+20.3,IB	
1702178332.297063	+6.78,+2.3,+21.8,JB	+6.47,+25.2,+21.9,CA	+7.05,-6.2,+21.8,BB	+7.02,-3.6,+20.3,NB		+7.03,-3.5,+20.3,LB	
1702178394.3053741	+6.78,+2.4,+21.8,MB	+6.47,+25.1,+21.8,AA	+7.05,-6.2,+21.8,BB	+7.02,-3.9,+20.3,AB		+7.02,-3.0,+20.3,HB	
1702178456.3155413	+6.78,+2.4,+21.7,BB	+6.47,+25.3,+21.8,CA	+7.05,-6.2,+21.8,BB	+7.02,-3.6,+20.3,NB		+7.03,-3.7,+20.3,NB	
1702178518.3221364	+6.78,+2.4,+21.8,MB	+6.47,+25.3,+21.8,CA	+7.05,-6.3,+21.8,CB	+7.02,-3.8,+20.4,GB		+7.03,-3.6,+20.3,OB	
1702178580.3316278	+6.78,+2.4,+21.8,MB	+6.47,+25.1,+21.9,@A	+7.05,-6.1,+21.8,AB	+7.02,-3.6,+20.3,NB		+7.02,-3.0,+20.3,HB	
1702178642.3400304	+6.78,+2.3,+21.7,EB	+6.47,+25.1,+21.8,AA	+7.05,-6.2,+21.8,BB	+7.02,-3.8,+20.3,@B		+7.04,-3.7,+20.3,IB	
1702178704.351313	+6.78,+2.3,+21.7,EB	+6.48,+24.8,+21.8,FA	+7.05,-6.2,+21.8,BB	+7.02,-3.7,+20.3,OB		+7.03,-3.3,+20.3,JB	
1702178766.3616977	+6.78,+2.3,+21.8,JB	+6.47,+25.0,+21.8,@A	+7.05,-6.3,+21.8,CB	+7.02,-3.9,+20.3,AB		+7.04,-3.8,+20.3,FB	
1702178828.3696463	+6.78,+2.3,+21.8,JB	+6.47,+24.9,+21.8,HA	+7.05,-6.2,+21.8,BB	+7.02,-3.8,+20.3,@B		+7.04,-3.8,+20.3,FB	
1702178890.3785849	+6.78,+2.3,+21.7,EB	+6.48,+24.9,+21.8,GA	+7.04,-6.0,+21.8,AB	+7.01,-3.5,+20.3,NB		+7.02,-3.1,+20.3,IB	
1702178952.3855083	+6.78,+2.3,+21.8,JB	+6.47,+25.0,+21.8,@A	+7.05,-6.2,+21.8,BB	+7.02,-3.7,+20.3,OB		+7.04,-3.7,+20.3,IB	
1702179014.3956885	+6.78,+2.3,+21.8,JB	+6.47,+25.1,+21.8,AA	+7.04,-6.0,+21.8,AB	+7.02,-3.6,+20.3,NB		+7.03,-3.3,+20.3,JB	
1702179076.4039435	+6.78,+2.3,+21.8,JB	+6.47,+25.1,+21.8,AA	+7.05,-6.1,+21.8,AB	+7.01,-3.5,+20.3,NB		+7.04,-3.8,+20.3,FB	
1702179138.4130704	+6.78,+2.3,+21.8,JB	+6.47,+25.0,+21.8,@A	+7.05,-6.2,+21.8,BB	+7.02,-3.6,+20.3,NB		+7.03,-3.4,+20.3,MB	
1702179200.4228215	+6.78,+2.3,+21.8,JB	+6.47,+25.1,+21.8,AA	+7.04,-6.1,+21.8,@B	+7.02,-3.8,+20.3,@B		+7.02,-3.1,+20.3,IB	
1702179262.4307675	+6.78,+2.3,+21.8,JB	+6.47,+25.2,+21.9,CA	+7.04,-6.0,+21.8,AB	+7.02,-3.8,+20.3,@B		+7.03,-3.3,+20.3,JB	
1702179324.4393485	+6.78,+2.4,+21.7,BB	+6.47,+25.2,+21.9,CA	+7.04,-6.0,+21.8,AB	+7.02,-3.8,+20.3,@B		+7.04,-3.8,+20.3,FB	
1702179386.449003	+6.78,+2.4,+21.8,MB	+6.47,+25.1,+21.8,AA	+7.05,-6.1,+21.8,AB	+7.01,-3.5,+20.3,NB		+7.03,-3.4,+20.3,MB	
1702179448.4589388	+6.78,+2.4,+21.8,MB	+6.47,+25.1,+21.9,@A	+7.04,-6.1,+21.8,@B	+7.02,-3.7,+20.3,OB		+7.03,-3.4,+20.3,MB	
1702179510.4713485	+6.78,+2.4,+21.8,MB	+6.47,+25.1,+21.8,AA	+7.04,-6.1,+21.8,@B	+7.02,-3.7,+20.3,OB		+7.02,-3.1,+20.3,IB	
1702179572.4808304	+6.78,+2.4,+21.8,MB	+6.47,+25.1,+21.8,AA	+7.04,-6.0,+21.8,AB	+7.02,-3.8,+20.3,@B		+7.03,-3.7,+20.3,NB	
1702179634.4890344	+6.78,+2.4,+21.8,MB	+6.47,+24.9,+21.9,IA	+7.04,-6.0,+21.8,AB	+7.01,-3.5,+20.3,NB		+7.03,-3.7,+20.3,NB	
1702179696.49833	+6.78,+2.4,+21.8,MB	+6.47,+25.1,+21.8,AA	+7.04,-6.1,+21.8,@B	+7.01,-3.4,+20.3,OB		+7.03,-3.6,+20.3,OB	
1702179758.50634	+6.78,+2.3,+21.8,JB	+6.47,+25.2,+21.9,CA	+7.04,-6.1,+21.8,@B	+7.02,-3.6,+20.3,NB		+7.03,-3.6,+20.3,OB	
1702179820.5144196	+6.78,+2.3,+21.8,JB	+6.47,+25.2,+21.9,CA	+7.04,-6.1,+21.8,@B	+7.01,-3.5,+20.3,NB		+7.04,-3.8,+20.3,FB	
1702179882.519414	+6.78,+2.4,+21.8,MB	+6.47,+25.2,+21.9,CA	+7.05,-6.2,+21.8,BB	+7.02,-3.8,+20.3,@B		+7.03,-3.4,+20.3,MB	
1702179944.5259259	+6.78,+2.3,+21.8,JB	+6.47,+25.1,+21.9,@A	+7.05,-6.2,+21.8,BB	+7.01,-3.5,+20.3,NB		+7.03,-3.2,+20.3,KB	
1702180006.530067	+6.78,+2.4,+21.8,MB	+6.47,+25.2,+21.9,CA	+7.04,-6.0,+21.8,AB	+7.01,-3.6,+20.3,MB		+7.03,-3.6,+20.3,OB	
1702180068.5366225	+6.78,+2.3,+21.8,JB	+6.47,+25.2,+21.8,BA	+7.04,-6.0,+21.8,AB	+7.01,-3.5,+20.3,NB		+7.03,-3.3,+20.3,JB	
1702180130.5450284	+6.78,+2.2,+21.8,KB	+6.47,+25.3,+21.9,BA	+7.04,-6.1,+21.8,@B	+7.02,-3.8,+20.3,@B		+7.03,-3.5,+20.3,LB	
1702180192.5530386	+6.78,+2.3,+21.8,JB	+6.47,+25.2,+21.8,BA	+7.05,-6.1,+21.8,AB	+7.02,-3.7,+20.3,OB		+7.04,-3.8,+20.3,FB	
1702180254.5617423	+6.78,+2.3,+21.8,JB	+6.47,+25.2,+21.8,BA	+7.04,-6.1,+21.8,@B	+7.01,-3.6,+20.3,MB		+7.02,-3.1,+20.2,HB	
1702180316.568544	+6.78,+2.2,+21.8,KB	+6.47,+25.1,+21.9,@A	+7.04,-6.1,+21.8,@B	+7.02,-3.7,+20.3,OB		+7.03,-3.5,+20.3,LB	
1702180378.5728064	+6.78,+2.3,+21.8,JB	+6.47,+25.2,+21.8,BA	+7.04,-6.1,+21.8,@B	+7.02,-3.7,+20.3,OB		+7.02,-3.1,+20.3,IB	
1702180440.5827358	+6.78,+2.2,+21.8,KB	+6.47,+25.3,+21.9,BA	+7.04,-6.1,+21.8,@B	+7.01,-3.5,+20.3,NB		+7.03,-3.6,+20.3,OB	
1702180502.5918167	+6.78,+2.3,+21.8,JB	+6.47,+25.1,+21.9,@A	+7.04,-6.1,+21.8,@B	+7.02,-3.7,+20.3,OB		+7.02,-3.1,+20.3,IB	
1702180564.6005077	+6.78,+2.3,+21.7,EB	+6.47,+25.3,+21.9,BA	+7.04,-6.1,+21.8,@B	+7.02,-3.6,+20.3,NB		+7.04,-3.7,+20.3,IB	
1702180626.60906	+6.78,+2.3,+21.8,JB	+6.47,+25.1,+21.8,AA	+7.05,-6.2,+21.8,BB	+7.01,-3.5,+20.3,NB		+7.03,-3.4,+20.3,MB	
1702180688.618405	+6.78,+2.2,+21.8,KB	+6.47,+25.2,+21.9,CA	+7.04,-6.0,+21.8,AB	+7.02,-3.8,+20.3,@B		+7.04,-3.8,+20.3,FB	
1702180750.6294916	+6.78,+2.3,+21.8,JB	+6.47,+25.0,+21.9,AA	+7.05,-6.1,+21.8,AB	+7.01,-3.4,+20.3,OB		+7.02,-3.1,+20.3,IB	
1702180812.6375165	+6.78,+2.3,+21.8,JB	+6.47,+25.2,+21.9,CA	+7.04,-6.0,+21.8,AB	+7.02,-3.7,+20.3,OB		+7.04,-3.8,+20.3,FB	
1702180874.6439526	+6.78,+2.2,+21.8,KB	+6.47,+25.0,+21.9,AA	+7.04,-6.1,+21.8,@B	+7.01,-3.5,+20.3,NB		+7.03,-3.5,+20.3,LB	
1702181121.3484957	+6.78,+2.2,+21.8,KB	+6.47,+25.2,+21.8,BA	+7.04,-6.0,+21.8,AB	+7.01,-3.5,+20.3,NB		+7.03,-3.2,+20.3,KB	
1702181183.357052	+6.79,+2.2,+21.8,JB	+6.47,+25.4,+21.9,EA	+7.04,-6.1,+21.8,@B	+7.02,-3.8,+20.3,@B		+7.03,-3.2,+20.3,KB	
1702181245.3663838	+6.79,+2.2,+21.7,EB	+6.47,+25.4,+21.9,EA	+7.04,-6.1,+21.8,@B	+7.02,-3.6,+20.3,NB		+7.04,-3.7,+20.3,IB	
1702181307.3755865	+6.78,+2.2,+21.8,KB	+6.47,+25.3,+21.9,BA	+7.04,-6.0,+21.8,AB	+7.01,-3.5,+20.3,NB		+7.04,-3.7,+20.3,IB	
1702181369.383547	+6.79,+2.2,+21.8,JB	+6.47,+25.3,+21.8,CA	+7.04,-6.0,+21.8,AB	+7.01,-3.4,+20.3,OB		+7.03,-3.2,+20.3,KB	
1702181431.3936007	+6.79,+2.2,+21.7,EB	+6.47,+25.2,+21.9,CA	+7.04,-6.1,+21.8,@B	+7.01,-3.4,+20.3,OB		+7.02,-3.1,+20.3,IB	
1702181493.4008949	+6.79,+2.2,+21.8,JB	+6.47,+25.3,+21.9,BA	+7.04,-6.0,+21.8,AB	+7.01,-3.4,+20.3,OB		+7.02,-3.0,+20.3,HB	
1702181555.4108202	+6.79,+2.1,+21.8,IB	+6.47,+25.4,+21.8,DA	+7.05,-6.2,+21.8,BB	+7.02,-3.8,+20.3,@B		+7.03,-3.7,+20.3,NB	
1702181617.4212294	+6.79,+2.2,+21.8,JB	+6.47,+25.4,+21.9,EA	+7.04,-6.1,+21.8,@B	+7.01,-3.5,+20.3,NB		+7.03,-3.2,+20.3,KB	
1702181679.4290583	+6.79,+2.1,+21.7,FB	+6.47,+25.3,+21.9,BA	+7.05,-6.2,+21.8,BB	+7.01,-3.5,+20.3,NB		+7.04,-3.8,+20.3,FB	
1702181741.437975	+6.79,+2.1,+21.8,IB	+6.47,+25.3,+21.9,BA	+7.05,-6.2,+21.8,BB	+7.02,-3.6,+20.3,NB		+7.03,-3.5,+20.3,LB	
1702181803.4461799	+6.79,+2.1,+21.8,IB	+6.47,+25.4,+21.9,EA	+7.05,-6.1,+21.8,AB	+7.01,-3.5,+20.3,NB		+7.03,-3.5,+20.3,LB	
1702181865.4571466	+6.79,+2.2,+21.8,JB	+6.47,+25.3,+21.9,BA	+7.05,-6.2,+21.8,BB	+7.01,-3.4,+20.4,HB		+7.04,-3.8,+20.3,FB	
1702181927.4645576	+6.79,+2.1,+21.8,IB	+6.47,+25.2,+21.9,CA	+7.05,-6.2,+21.8,BB	+7.01,-3.4,+20.4,HB		+7.03,-3.4,+20.3,MB	
1702181989.4750464	+6.79,+2.1,+21.8,IB	+6.47,+25.3,+21.9,BA	+7.04,-6.1,+21.8,@B	+7.02,-3.7,+20.3,OB		+7.03,-3.4,+20.3,MB	
1702182051.4839501	+6.79,+2.1,+21.8,IB	+6.47,+25.2,+21.9,CA	+7.05,-6.5,+21.8,EB	+7.01,-3.4,+20.4,HB		+7.02,-3.1,+20.3,IB	
1702182113.490515	+6.79,+2.1,+21.8,IB	+6.47,+25.2,+21.9,CA	+7.05,-6.4,+21.8,DB	+7.01,-3.4,+20.4,HB		+7.02,-3.1,+20.3,IB	
1702182175.4988453	+6.79,+2.1,+21.8,IB	+6.47,+25.3,+21.9,BA	+7.05,-6.3,+21.8,CB	+7.02,-3.7,+20.4,HB		+7.03,-3.6,+20.3,OB	
1702182237.5092642	+6.79,+2.2,+21.8,JB	+6.47,+25.4,+21.9,EA	+7.05,-6.3,+21.8,CB	+7.02,-3.8,+20.3,@B		+7.03,-3.4,+20.3,MB	
1702182299.5175128	+6.79,+2.1,+21.8,IB	+6.46,+25.8,+21.9,HA	+7.04,-6.1,+21.8,@B	+7.01,-3.5,+20.4,IB		+7.04,-3.8,+20.3,FB	
1702182361.5258443	+6.79,+2.1,+21.8,IB	+6.47,+25.3,+21.9,BA	+7.05,-6.2,+21.8,BB	+7.02,-3.7,+20.3,OB		+7.03,-3.3,+20.3,JB	
1702182423.5333626	+6.78,+2.2,+21.8,KB	+6.47,+25.2,+21.9,CA	+7.04,-6.1,+21.8,@B	+7.01,-3.5,+20.3,NB		+7.04,-3.7,+20.3,IB	
1702182485.5384388	+6.79,+2.1,+21.8,IB	+6.47,+25.3,+21.9,BA	+7.05,-6.2,+21.8,BB	+7.01,-3.6,+20.3,MB		+7.03,-3.4,+20.3,MB	
1702182547.5477881	+6.79,+2.1,+21.8,IB	+6.47,+25.2,+21.9,CA	+7.04,-6.1,+21.8,@B	+7.01,-3.4,+20.3,OB		+7.04,-3.7,+20.3,IB	
1702182609.5581143	+6.79,+2.1,+21.8,IB	+6.47,+25.2,+21.9,CA	+7.05,-6.2,+21.8,BB	+7.02,-3.8,+20.3,@B		+7.03,-3.3,+20.3,JB	
1702182671.5659873	+6.79,+2.2,+21.8,JB	+6.47,+25.2,+21.8,BA	+7.05,-6.3,+21.8,CB	+7.02,-3.8,+20.3,@B		+7.03,-3.3,+20.3,JB	
1702182733.5743637	+6.79,+2.2,+21.7,EB	+6.47,+25.3,+21.9,BA	+7.04,-6.1,+21.8,@B	+7.01,-3.5,+20.3,NB		+7.04,-3.8,+20.3,FB	
1702182795.584601	+6.79,+2.2,+21.8,JB	+6.47,+25.3,+21.9,BA	+7.04,-6.1,+21.8,@B	+7.01,-3.4,+20.3,OB		+7.03,-3.3,+20.3,JB	
1702182857.5943444	+6.79,+2.2,+21.8,JB	+6.47,+25.3,+21.8,CA	+7.04,-6.1,+21.8,@B	+7.01,-3.4,+20.3,OB		+7.02,-3.1,+20.3,IB	
1702182919.6022546	+6.79,+2.2,+21.8,JB	+6.47,+25.3,+21.9,BA	+7.05,-6.2,+21.8,BB	+7.02,-3.7,+20.3,OB		+7.04,-3.8,+20.3,FB	
1702182981.6108823	+6.79,+2.1,+21.8,IB	+6.47,+25.1,+21.9,@A	+7.05,-6.2,+21.8,BB	+7.01,-3.4,+20.4,HB		+7.04,-3.8,+20.3,FB	
1702183043.6185155	+6.79,+2.1,+21.8,IB	+6.47,+25.3,+21.9,BA	+7.04,-6.0,+21.8,AB	+7.02,-3.6,+20.3,NB		+7.02,-3.1,+20.3,IB	
1702183105.6282632	+6.79,+2.2,+21.8,JB	+6.47,+25.3,+21.9,BA	+7.05,-6.1,+21.8,AB	+7.02,-3.6,+20.3,NB		+7.03,-3.3,+20.3,JB	
1702183167.6388144	+6.79,+2.1,+21.8,IB	+6.47,+25.1,+21.9,@A	+7.05,-6.2,+21.8,BB	+7.01,-3.4,+20.3,OB		+7.04,-3.7,+20.3,IB	
1702183229.6479752	+6.79,+2.1,+21.8,IB	+6.47,+25.2,+21.9,CA	+7.04,-6.0,+21.8,AB	+7.02,-3.7,+20.4,HB		+7.02,-3.0,+20.3,HB	
1702183291.6566556	+6.79,+2.1,+21.8,IB	+6.47,+25.2,+21.9,CA	+7.04,-6.1,+21.8,@B	+7.02,-3.6,+20.4,IB		+7.03,-3.2,+20.3,KB	
1702183353.664208	+6.79,+2.1,+21.8,IB	+6.47,+25.3,+21.9,BA	+7.04,-6.1,+21.8,@B	+7.02,-3.6,+20.3,NB		+7.04,-3.8,+20.3,FB	
1702183415.6738687	+6.79,+2.2,+21.8,JB	+6.47,+25.2,+21.9,CA	+7.05,-6.2,+21.8,BB	+7.01,-3.5,+20.3,NB		+7.03,-3.5,+20.3,LB	
1702183477.6824977	+6.79,+2.2,+21.8,JB	+6.47,+25.0,+21.9,AA	+7.04,-6.1,+21.8,@B	+7.01,-3.5,+20.3,NB		+7.03,-3.2,+20.3,KB	
1702183539.6938694	+6.79,+2.1,+21.8,IB	+6.48,+24.9,+21.9,FA	+7.04,-6.0,+21.8,AB	+7.01,-3.5,+20.4,IB		+7.03,-3.5,+20.3,LB	
1702183601.703634	+6.79,+2.1,+21.8,IB	+6.47,+25.0,+21.9,AA	+7.04,-6.1,+21.8,@B	+7.02,-3.7,+20.4,HB		+7.04,-3.8,+20.3,FB	
1702183663.716643	+6.79,+2.1,+21.8,IB	+6.47,+25.0,+21.9,AA	+7.04,-6.1,+21.8,@B	+7.01,-3.3,+20.3,HB		+7.03,-3.3,+20.3,JB	
1702183725.7269983	+6.79,+2.1,+21.8,IB	+6.47,+25.0,+21.8,@A	+7.05,-6.2,+21.8,BB	+7.02,-3.7,+20.3,OB		+7.03,-3.3,+20.3,JB	
1702183787.7345262	+6.79,+2.1,+21.8,IB	+6.47,+25.0,+21.9,AA	+7.05,-6.1,+21.8,AB	+7.02,-3.7,+20.4,HB		+7.03,-3.3,+20.3,JB	
1702183849.7432084	+6.79,+2.1,+21.8,IB	+6.47,+25.0,+21.8,@A	+7.05,-6.2,+21.8,BB	+7.02,-3.6,+20.4,IB		+7.03,-3.1,+20.3,HB	
1702183911.753655	+6.79,+2.1,+21.8,IB	+6.47,+25.1,+21.9,@A	+7.04,-6.0,+21.8,AB	+7.01,-3.4,+20.4,HB		+7.04,-3.8,+20.3,FB	
1702183973.7648487	+6.79,+2.1,+21.8,IB	+6.48,+24.9,+21.9,FA	+7.05,-6.1,+21.8,AB	+7.01,-3.5,+20.4,IB		+7.02,-3.1,+20.3,IB	
1702184035.775052	+6.79,+2.1,+21.8,IB	+6.47,+25.0,+21.9,AA	+7.05,-6.3,+21.8,CB	+7.02,-3.6,+20.3,NB		+7.03,-3.2,+20.3,KB	
1702184097.7846441	+6.78,+2.2,+21.8,KB	+6.47,+25.0,+21.9,AA	+7.05,-6.1,+21.8,AB	+7.01,-3.3,+20.3,HB		+7.02,-3.1,+20.3,IB	
1702184159.7926836	+6.78,+2.3,+21.8,JB	+6.47,+25.1,+21.9,@A	+7.04,-6.1,+21.8,@B	+7.01,-3.6,+20.4,JB		+7.04,-3.8,+20.3,FB	
1702184221.8004582	+6.78,+2.4,+21.8,MB	+6.47,+25.2,+21.9,CA	+7.04,-6.1,+21.8,@B	+7.01,-3.5,+20.3,NB		+7.03,-3.4,+20.3,MB	
1702184283.8090613	+6.78,+2.4,+21.8,MB	+6.47,+25.1,+21.9,@A	+7.05,-6.3,+21.8,CB	+7.01,-3.3,+20.3,HB		+7.02,-3.1,+20.3,IB	
1702184345.820236	+6.78,+2.4,+21.8,MB	+6.47,+25.1,+21.9,@A	+7.05,-6.2,+21.8,BB	+7.02,-3.6,+20.3,NB		+7.04,-3.7,+20.3,IB	
1702184407.830959	+6.78,+2.4,+21.8,MB	+6.47,+25.2,+21.9,CA	+7.05,-6.2,+21.8,BB	+7.01,-3.4,+20.3,OB		+7.03,-3.3,+20.3,JB	
1702184469.8392982	+6.78,+2.4,+21.8,MB	+6.47,+25.1,+21.9,@A	+7.04,-6.1,+21.8,@B	+7.02,-3.7,+20.3,OB		+7.03,-3.2,+20.3,KB	
1702184531.8487992	+6.78,+2.4,+21.8,MB	+6.47,+25.1,+21.9,@A	+7.04,-6.1,+21.8,@B	+7.02,-3.6,+20.3,NB		+7.02,-3.0,+20.3,HB	
1702184593.8575096	+6.78,+2.4,+21.8,MB	+6.47,+25.2,+21.9,CA	+7.05,-6.1,+21.8,AB	+7.01,-3.5,+20.4,IB		+7.03,-3.5,+20.3,LB	
1702184655.8643935	+6.78,+2.5,+21.8,LB	+6.47,+25.0,+21.9,AA	+7.04,-6.1,+21.8,@B	+7.01,-3.4,+20.4,HB		+7.03,-3.2,+20.3,KB	
1702184717.8734682	+6.78,+2.4,+21.8,MB	+6.48,+24.9,+21.9,FA	+7.04,-6.1,+21.8,@B	+7.01,-3.5,+20.3,NB		+7.02,-3.1,+20.3,IB	
1702184964.5746286	+6.78,+2.4,+21.8,MB	+6.47,+25.1,+21.9,@A	+7.05,-6.3,+21.8,CB	+7.01,-3.5,+20.4,IB		+7.03,-3.6,+20.3,OB	
1702185026.5856607	+6.78,+2.4,+21.8,MB	+6.47,+25.2,+21.9,CA	+7.05,-6.2,+21.8,BB	+7.01,-3.4,+20.3,OB		+7.03,-3.7,+20.3,NB	
1702185088.595602	+6.78,+2.4,+21.8,MB	+6.47,+25.3,+21.9,BA	+7.05,-6.1,+21.8,AB	+7.01,-3.5,+20.3,NB		+7.03,-3.7,+20.3,NB	
1702185150.6046505	+6.78,+2.4,+21.8,MB	+6.47,+25.3,+21.9,BA	+7.04,-6.1,+21.8,@B	+7.01,-3.3,+20.3,HB		+7.04,-3.8,+20.3,FB	
1702185212.6120174	+6.78,+2.4,+21.8,MB	+6.47,+25.3,+21.9,BA	+7.05,-6.2,+21.8,BB	+7.01,-3.5,+20.3,NB		+7.03,-3.4,+20.3,MB	
1702185274.623881	+6.78,+2.4,+21.8,MB	+6.47,+25.1,+21.8,AA	+7.04,-6.1,+21.8,@B	+7.01,-3.3,+20.3,HB		+7.04,-3.8,+20.3,FB	
1702185336.6342359	+6.78,+2.4,+21.8,MB	+6.47,+25.1,+21.9,@A	+7.05,-6.1,+21.8,AB	+7.02,-3.6,+20.3,NB		+7.03,-3.3,+20.3,JB	
1702185398.6432033	+6.78,+2.4,+21.8,MB	+6.47,+25.1,+21.9,@A	+7.04,-6.0,+21.8,AB	+7.01,-3.3,+20.3,HB		+7.04,-3.8,+20.3,FB	
1702185460.6500635	+6.78,+2.4,+21.8,MB	+6.47,+25.3,+21.9,BA	+7.05,-6.1,+21.8,AB	+7.01,-3.3,+20.3,HB		+7.02,-3.1,+20.3,IB	
1702185522.6572356	+6.78,+2.4,+21.8,MB	+6.47,+25.0,+21.9,AA	+7.05,-6.2,+21.8,BB	+7.01,-3.5,+20.3,NB		+7.03,-3.5,+20.3,LB	
1702185584.6660962	+6.78,+2.4,+21.8,MB	+6.47,+25.1,+21.9,@A	+7.05,-6.2,+21.8,BB	+7.01,-3.3,+20.3,HB		+7.03,-3.2,+20.3,KB	
1702185646.6725273	+6.78,+2.4,+21.8,MB	+6.47,+25.0,+21.9,AA	+7.05,-6.1,+21.8,AB	+7.01,-3.4,+20.3,OB		+7.03,-3.2,+20.3,KB	
1702185708.6811857	+6.78,+2.4,+21.8,MB	+6.47,+25.2,+21.9,CA	+7.05,-6.3,+21.8,CB	+7.01,-3.3,+20.3,HB		+7.03,-3.7,+20.3,NB	
1702185770.689143	+6.78,+2.4,+21.8,MB	+6.47,+25.2,+21.9,CA	+7.04,-6.1,+21.8,@B	+7.01,-3.5,+20.4,IB		+7.03,-3.7,+20.3,NB	
1702185832.699323	+6.78,+2.4,+21.8,MB	+6.47,+25.0,+21.9,AA	+7.05,-6.2,+21.8,BB	+7.01,-3.3,+20.3,HB		+7.03,-3.4,+20.3,MB	
1702185894.7090302	+6.78,+2.4,+21.8,MB	+6.47,+25.0,+21.9,AA	+7.05,-6.3,+21.8,CB	+7.01,-3.3,+20.3,HB		+7.04,-3.8,+20.3,FB	
1702185956.7170227	+6.78,+2.4,+21.8,MB	+6.47,+25.2,+21.9,CA	+7.04,-6.0,+21.8,AB	+7.01,-3.5,+20.3,NB		+7.03,-3.1,+20.3,HB	
1702186018.726301	+6.78,+2.4,+21.8,MB	+6.47,+25.1,+21.9,@A	+7.05,-6.1,+21.9,@B	+7.01,-3.5,+20.3,NB		+7.04,-3.7,+20.3,IB	
1702186080.7320228	+6.78,+2.4,+21.8,MB	+6.47,+25.3,+21.9,BA	+7.04,-6.1,+21.8,@B	+7.02,-3.6,+20.3,NB		+7.03,-3.4,+20.3,MB	
1702186142.74224	+6.78,+2.4,+21.8,MB	+6.47,+25.3,+21.9,BA	+7.05,-6.2,+21.8,BB	+7.01,-3.3,+20.3,HB		+7.03,-3.4,+20.3,MB	
1702186204.7503436	+6.78,+2.3,+21.8,JB	+6.47,+25.3,+21.9,BA	+7.05,-6.2,+21.8,BB	+7.01,-3.2,+20.3,IB		+7.03,-3.2,+20.3,KB	
1702186266.7608166	+6.78,+2.3,+21.8,JB	+6.47,+25.5,+21.9,DA	+7.04,-6.1,+21.8,@B	+7.01,-3.5,+20.4,IB		+7.03,-3.6,+20.3,OB	
1702186328.7714286	+6.78,+2.3,+21.8,JB	+6.47,+25.4,+21.9,EA	+7.04,-6.1,+21.8,@B	+7.01,-3.3,+20.3,HB		+7.02,-3.1,+20.3,IB	
1702186390.7791483	+6.78,+2.4,+21.8,MB	+6.47,+25.4,+21.9,EA	+7.05,-6.2,+21.8,BB	+7.01,-3.5,+20.3,NB		+7.03,-3.4,+20.3,MB	
1702186452.786922	+6.78,+2.4,+21.8,MB	+6.47,+25.5,+21.9,DA	+7.04,-6.1,+21.8,@B	+7.01,-3.4,+20.3,OB		+7.04,-3.8,+20.3,FB	
1702186514.7951229	+6.78,+2.3,+21.8,JB	+6.47,+25.4,+21.8,DA	+7.05,-6.2,+21.8,BB	+7.01,-3.5,+20.4,IB		+7.03,-3.3,+20.3,JB	
1702186576.803731	+6.78,+2.3,+21.8,JB	+6.47,+25.4,+21.9,EA	+7.05,-6.2,+21.8,BB	+7.01,-3.5,+20.3,NB		+7.03,-3.2,+20.3,KB	
1702186638.8132858	+6.78,+2.3,+21.8,JB	+6.47,+25.4,+21.9,EA	+7.05,-6.2,+21.8,BB	+7.01,-3.3,+20.3,HB		+7.03,-3.6,+20.3,OB	
1702186700.8234556	+6.78,+2.4,+21.8,MB	+6.47,+25.4,+21.9,EA	+7.04,-6.1,+21.8,@B	+7.01,-3.2,+20.3,IB		+7.03,-3.6,+20.3,OB	
1702186762.8308277	+6.78,+2.4,+21.8,MB	+6.47,+25.5,+21.9,DA	+7.05,-6.2,+21.8,BB	+7.01,-3.3,+20.3,HB		+7.03,-3.2,+20.3,KB	
