62309060476	62309060477	62309060478	62309060479	62309060481	62309060482	
1701235931.5678482	+6.58,+13.9,+21.9,CA	+6.27,+36.6,+22.0,IA	+6.58,+20.3,+21.9,IA	+6.92,+1.9,+20.5,KB	+2.17,+274.6,+21.1,HB	+6.90,+3.8,+20.5,JB	
1701235993.5766947	+6.58,+13.9,+21.9,CA	+6.27,+36.6,+22.0,IA	+6.58,+20.4,+21.9,NA	+6.92,+1.9,+20.5,KB	+2.17,+274.7,+21.1,IB	+6.90,+3.9,+20.4,JB	
1701236055.5855284	+6.58,+13.9,+21.9,CA	+6.27,+36.8,+22.0,GA	+6.58,+20.4,+21.9,NA	+6.92,+1.9,+20.5,KB	+2.17,+274.6,+21.1,HB	+6.90,+3.8,+20.5,JB	
1701236117.594368	+6.58,+13.9,+21.9,CA	+6.27,+36.8,+22.0,GA	+6.58,+20.4,+21.9,NA	+6.92,+1.9,+20.5,KB	+2.17,+274.8,+21.1,FB	+6.90,+3.9,+20.4,JB	
1701236179.6027443	+6.58,+13.9,+21.9,CA	+6.27,+36.6,+22.0,IA	+6.58,+20.4,+21.9,NA	+6.92,+1.9,+20.5,KB	+2.17,+274.8,+21.1,FB	+6.90,+3.8,+20.5,JB	
1701236241.6100242	+6.58,+13.9,+21.9,CA	+6.28,+36.5,+22.0,EA	+6.58,+20.3,+21.9,IA	+6.92,+1.9,+20.4,JB	+2.17,+274.7,+21.1,IB	+6.90,+3.8,+20.5,JB	
1701236303.6195188	+6.58,+13.9,+21.9,CA	+6.28,+36.5,+22.0,EA	+6.58,+20.3,+21.9,IA	+6.92,+1.9,+20.4,JB	+2.17,+274.7,+21.1,IB	+6.90,+3.9,+20.4,JB	
1701236365.62801	+6.58,+13.9,+21.9,CA	+6.27,+36.6,+22.0,IA	+6.58,+20.4,+21.9,NA	+6.92,+1.9,+20.4,JB	+2.17,+274.6,+21.1,HB	+6.90,+3.9,+20.4,JB	
1701236427.638536	+6.58,+13.8,+21.9,BA	+6.28,+36.5,+22.0,EA	+6.59,+20.3,+21.9,HA	+6.92,+1.9,+20.5,KB	+2.17,+274.8,+21.1,FB	+6.90,+3.9,+20.5,KB	
1701236489.6472168	+6.58,+13.9,+21.9,CA	+6.28,+36.5,+22.0,EA	+6.59,+20.3,+21.9,HA	+6.92,+1.9,+20.5,KB	+2.17,+274.7,+21.1,IB	+6.90,+3.9,+20.5,KB	
1701236551.6530302	+6.58,+13.9,+21.9,CA	+6.27,+36.6,+22.0,IA	+6.58,+20.4,+21.9,NA	+6.92,+1.9,+20.4,JB	+2.17,+274.9,+21.1,GB	+6.90,+3.9,+20.4,JB	
1701236613.6608982	+6.58,+13.9,+21.9,CA	+6.28,+36.5,+22.0,EA	+6.58,+20.4,+21.9,NA	+6.92,+1.9,+20.4,JB	+2.17,+274.6,+21.1,HB	+6.90,+3.9,+20.4,JB	
1701236675.666704	+6.58,+13.9,+21.9,CA	+6.28,+36.5,+22.0,EA	+6.58,+20.3,+21.9,IA	+6.92,+1.9,+20.4,JB	+2.17,+274.9,+21.1,GB	+6.90,+3.9,+20.5,KB	
1701236737.6753013	+6.58,+13.9,+21.9,CA	+6.28,+36.5,+22.0,EA	+6.58,+20.3,+21.9,IA	+6.92,+1.9,+20.5,KB	+2.17,+274.9,+21.1,GB	+6.90,+4.0,+20.4,DB	
1701236799.6805723	+6.58,+14.0,+21.9,MA	+6.28,+36.5,+22.0,EA	+6.58,+20.3,+21.9,IA	+6.92,+1.9,+20.4,JB	+2.16,+275.1,+21.1,OB	+6.90,+4.0,+20.4,DB	
1701236861.6897833	+6.58,+13.8,+21.9,BA	+6.28,+36.5,+22.0,EA	+6.59,+20.3,+21.9,HA	+6.92,+1.8,+20.4,KB	+2.17,+274.9,+21.1,GB	+6.90,+3.9,+20.5,KB	
1701236923.7001958	+6.58,+13.9,+21.9,CA	+6.28,+36.5,+22.0,EA	+6.58,+20.3,+21.9,IA	+6.92,+1.9,+20.4,JB	+2.17,+275.0,+21.1,OB	+6.90,+3.9,+20.5,KB	
1701236985.7084863	+6.58,+13.9,+21.9,CA	+6.27,+36.6,+22.0,IA	+6.59,+20.2,+21.9,IA	+6.92,+1.9,+20.5,KB	+2.16,+275.0,+21.1,NB	+6.90,+3.9,+20.4,JB	
1701237047.7169826	+6.58,+13.9,+21.9,CA	+6.28,+36.5,+22.0,EA	+6.58,+20.4,+21.9,NA	+6.92,+2.0,+20.5,AB	+2.17,+274.5,+21.1,KB	+6.90,+4.0,+20.5,EB	
1701237109.726659	+6.58,+13.9,+21.9,CA	+6.28,+36.5,+22.0,EA	+6.58,+20.4,+21.9,NA	+6.92,+1.9,+20.4,JB	+2.16,+275.1,+21.1,OB	+6.90,+3.9,+20.4,JB	
1701237171.7369158	+6.58,+13.9,+21.9,CA	+6.28,+36.5,+22.0,EA	+6.59,+20.3,+21.9,HA	+6.92,+1.9,+20.5,KB	+2.17,+274.9,+21.1,GB	+6.90,+3.9,+20.5,KB	
1701237233.7465308	+6.58,+13.9,+21.9,CA	+6.28,+36.5,+22.0,EA	+6.59,+20.3,+21.9,HA	+6.92,+1.9,+20.5,KB	+2.17,+275.0,+21.1,OB	+6.90,+3.9,+20.5,KB	
1701237295.7567074	+6.58,+13.9,+21.9,CA	+6.27,+36.6,+22.0,IA	+6.59,+20.3,+22.0,BA	+6.92,+1.9,+20.5,KB	+2.16,+275.2,+21.1,LB	+6.90,+4.0,+20.4,DB	
1701237357.7648382	+6.58,+13.9,+21.9,CA	+6.28,+36.5,+22.0,EA	+6.58,+20.3,+22.0,CA	+6.92,+1.9,+20.5,KB	+2.17,+275.0,+21.1,OB	+6.90,+3.9,+20.4,JB	
1701237419.7709332	+6.58,+13.9,+21.9,CA	+6.28,+36.5,+22.0,EA	+6.59,+20.2,+21.9,IA	+6.92,+1.9,+20.5,KB	+2.16,+275.1,+21.1,OB	+6.90,+4.0,+20.5,EB	
1701237481.778538	+6.58,+13.9,+22.0,IA	+6.28,+36.5,+22.0,EA	+6.59,+20.3,+21.9,HA	+6.92,+1.9,+20.5,KB	+2.17,+275.0,+21.1,OB	+6.90,+3.9,+20.5,KB	
1701237543.7865489	+6.58,+13.9,+21.9,CA	+6.28,+36.5,+22.0,EA	+6.58,+20.4,+22.0,DA	+6.92,+1.9,+20.5,KB	+2.16,+275.1,+21.1,OB	+6.90,+3.9,+20.5,KB	
1701237605.7967255	+6.58,+13.9,+21.9,CA	+6.28,+36.5,+22.0,EA	+6.58,+20.3,+21.9,IA	+6.92,+1.9,+20.5,KB	+2.16,+275.1,+21.1,OB	+6.90,+4.0,+20.5,EB	
1701237667.8049142	+6.58,+13.9,+21.9,CA	+6.27,+36.6,+22.0,IA	+6.59,+20.3,+22.0,BA	+6.92,+1.9,+20.5,KB	+2.16,+275.2,+21.1,LB	+6.90,+4.0,+20.5,EB	
1701237729.812942	+6.58,+13.9,+22.0,IA	+6.28,+36.5,+22.0,EA	+6.59,+20.3,+22.0,BA	+6.92,+1.8,+20.5,JB	+2.17,+275.0,+21.1,OB	+6.90,+4.0,+20.5,EB	
1701237791.8224876	+6.58,+13.9,+22.0,IA	+6.28,+36.5,+22.0,EA	+6.58,+20.3,+22.0,CA	+6.92,+1.8,+20.5,JB	+2.18,+274.5,+21.1,DB	+6.90,+3.9,+20.5,KB	
1701237853.8321395	+6.58,+13.9,+22.0,IA	+6.28,+36.5,+22.0,EA	+6.58,+20.4,+22.0,DA	+6.92,+1.9,+20.5,KB	+2.16,+275.1,+21.1,OB	+6.90,+3.9,+20.5,KB	
1701237915.8422904	+6.58,+13.9,+21.9,CA	+6.28,+36.5,+22.0,EA	+6.59,+20.3,+22.0,BA	+6.92,+1.8,+20.5,JB	+2.17,+274.8,+21.1,FB	+6.90,+3.9,+20.5,KB	
1701237977.8522737	+6.58,+13.9,+22.0,IA	+6.27,+36.6,+22.0,IA	+6.58,+20.4,+21.9,NA	+6.92,+1.8,+20.5,JB	+2.17,+274.7,+21.1,IB	+6.90,+3.9,+20.5,KB	
1701238039.8606396	+6.58,+13.8,+22.0,HA	+6.28,+36.5,+22.0,EA	+6.59,+20.3,+22.0,BA	+6.92,+1.8,+20.5,JB	+2.18,+274.5,+21.1,DB	+6.90,+3.9,+20.5,KB	
1701238101.8704042	+6.58,+13.8,+21.9,BA	+6.28,+36.5,+22.0,EA	+6.58,+20.4,+22.0,DA	+6.92,+1.9,+20.5,KB	+2.18,+274.3,+21.1,BB	+6.90,+4.0,+20.5,EB	
1701238163.8818574	+6.58,+13.8,+21.9,BA	+6.28,+36.5,+22.0,EA	+6.58,+20.4,+22.0,DA	+6.92,+1.9,+20.5,KB	+2.17,+274.5,+21.1,KB	+6.90,+4.0,+20.5,EB	
1701238225.890629	+6.58,+13.9,+22.0,IA	+6.28,+36.5,+22.0,EA	+6.59,+20.3,+22.0,BA	+6.92,+1.9,+20.5,KB	+2.18,+274.3,+21.1,BB	+6.90,+3.9,+20.5,KB	
1701238287.8999462	+6.58,+13.8,+21.9,BA	+6.27,+36.6,+22.0,IA	+6.59,+20.3,+22.0,BA	+6.92,+1.8,+20.5,JB	+2.18,+274.2,+21.1,CB	+6.90,+4.0,+20.5,EB	
1701238349.9092546	+6.58,+13.8,+21.9,BA	+6.27,+36.6,+22.0,IA	+6.58,+20.4,+22.0,DA	+6.92,+1.9,+20.5,KB	+2.18,+274.3,+21.1,BB	+6.90,+4.0,+20.5,EB	
1701238411.9167862	+6.58,+13.8,+21.9,BA	+6.27,+36.6,+22.0,IA	+6.59,+20.2,+21.9,IA	+6.92,+1.9,+20.5,KB	+2.18,+274.3,+21.1,BB	+6.90,+4.0,+20.5,EB	
1701238473.9268546	+6.58,+13.8,+22.0,HA	+6.28,+36.5,+22.0,EA	+6.58,+20.4,+22.0,DA	+6.92,+1.9,+20.5,KB	+2.18,+274.1,+21.1,@B	+6.90,+4.0,+20.5,EB	
1701238535.9354362	+6.58,+13.9,+21.9,CA	+6.27,+36.6,+22.0,IA	+6.59,+20.2,+22.0,CA	+6.92,+1.9,+20.5,KB	+2.18,+274.2,+21.1,CB	+6.90,+4.0,+20.5,EB	
1701238597.945837	+6.58,+13.8,+21.9,BA	+6.27,+36.6,+22.0,IA	+6.59,+20.2,+22.0,CA	+6.92,+1.9,+20.5,KB	+2.18,+274.0,+21.1,AB	+6.90,+4.0,+20.5,EB	
1701238659.9560885	+6.58,+13.8,+21.9,BA	+6.27,+36.6,+22.0,IA	+6.58,+20.4,+22.0,DA	+6.92,+1.9,+20.5,KB	+2.18,+274.2,+21.1,CB	+6.90,+4.0,+20.5,EB	
1701238721.9664168	+6.58,+13.8,+22.0,HA	+6.27,+36.6,+22.0,IA	+6.59,+20.3,+22.0,BA	+6.92,+1.9,+20.5,KB	+2.18,+274.3,+21.1,BB	+6.90,+4.0,+20.5,EB	
1701238783.977284	+6.58,+13.9,+22.0,IA	+6.28,+36.6,+22.0,FA	+6.59,+20.2,+22.0,CA	+6.92,+1.9,+20.5,KB	+2.18,+274.1,+21.1,@B	+6.90,+4.0,+20.5,EB	
1701238845.9875	+6.58,+13.9,+22.0,IA	+6.27,+36.6,+22.0,IA	+6.58,+20.3,+22.0,CA	+6.92,+1.8,+20.5,JB	+2.18,+274.1,+21.1,@B	+6.90,+4.0,+20.5,EB	
1701238907.9978821	+6.58,+13.8,+22.0,HA	+6.28,+36.6,+22.0,FA	+6.59,+20.3,+22.0,BA	+6.92,+1.8,+20.5,JB	+2.19,+273.6,+21.1,AB	+6.90,+3.9,+20.5,KB	
1701238970.0084016	+6.58,+13.9,+22.0,IA	+6.27,+36.6,+22.0,IA	+6.58,+20.4,+22.0,DA	+6.92,+1.8,+20.5,JB	+2.18,+274.0,+21.1,AB	+6.90,+4.0,+20.5,EB	
1701239032.0167317	+6.58,+13.9,+22.0,IA	+6.27,+36.6,+22.0,IA	+6.59,+20.3,+22.0,BA	+6.92,+1.9,+20.5,KB	+2.19,+273.4,+21.2,@B	+6.90,+4.1,+20.5,DB	
1701239094.0272021	+6.58,+13.9,+22.0,IA	+6.27,+36.6,+22.0,IA	+6.59,+20.2,+22.0,CA	+6.92,+1.9,+20.5,KB	+2.19,+273.4,+21.2,@B	+6.90,+4.0,+20.5,EB	
1701239156.0371187	+6.58,+13.9,+22.0,IA	+6.28,+36.6,+22.0,FA	+6.59,+20.3,+22.0,BA	+6.92,+1.8,+20.5,JB	+2.19,+273.6,+21.1,AB	+6.90,+3.9,+20.5,KB	
1701239218.0451608	+6.58,+13.9,+22.0,IA	+6.28,+36.4,+22.0,DA	+6.59,+20.2,+22.0,CA	+6.92,+1.8,+20.5,JB	+2.19,+273.6,+21.1,AB	+6.90,+4.0,+20.5,EB	
1701239280.05306	+6.58,+13.9,+22.0,IA	+6.28,+36.5,+22.0,EA	+6.59,+20.3,+22.0,BA	+6.92,+1.8,+20.5,JB	+2.19,+273.5,+21.2,AB	+6.90,+4.0,+20.5,EB	
1701239342.062979	+6.58,+13.9,+22.0,IA	+6.27,+36.6,+22.0,IA	+6.59,+20.2,+22.0,CA	+6.92,+1.8,+20.5,JB	+2.19,+273.8,+21.2,LB	+6.90,+4.1,+20.5,DB	
1701239404.0728922	+6.58,+13.9,+22.0,IA	+6.27,+36.6,+22.0,IA	+6.59,+20.2,+22.0,CA	+6.92,+1.9,+20.5,KB	+2.19,+273.7,+21.2,CB	+6.90,+4.0,+20.5,EB	
1701239466.0822742	+6.58,+13.9,+21.9,CA	+6.28,+36.5,+22.0,EA	+6.58,+20.3,+22.0,CA	+6.92,+1.9,+20.5,KB	+2.19,+273.6,+21.2,BB	+6.90,+4.1,+20.5,DB	
1701239711.633417	+6.58,+13.9,+22.0,IA	+6.27,+36.6,+22.0,IA	+6.59,+20.3,+22.0,BA	+6.92,+1.8,+20.5,JB	+2.19,+273.7,+21.2,CB	+6.90,+4.0,+20.5,EB	
1701239773.6441352	+6.58,+13.9,+22.0,IA	+6.28,+36.5,+22.0,EA	+6.59,+20.3,+22.0,BA	+6.92,+1.8,+20.5,JB	+2.18,+273.9,+21.1,OB	+6.90,+4.0,+20.5,EB	
1701239835.6541817	+6.58,+14.0,+22.0,GA	+6.28,+36.6,+22.0,FA	+6.59,+20.2,+22.0,CA	+6.92,+1.8,+20.5,JB	+2.18,+274.1,+21.2,CB	+6.90,+4.0,+20.5,EB	
1701239897.6644073	+6.58,+13.9,+22.0,IA	+6.27,+36.6,+22.0,IA	+6.59,+20.3,+22.0,BA	+6.92,+1.8,+20.5,JB	+2.19,+273.7,+21.2,CB	+6.90,+4.1,+20.5,DB	
1701239959.6756344	+6.58,+13.9,+22.0,IA	+6.28,+36.5,+22.0,EA	+6.59,+20.3,+22.0,BA	+6.92,+1.8,+20.5,JB	+2.19,+273.4,+21.2,@B	+6.90,+4.1,+20.5,DB	
1701240021.6847076	+6.58,+13.9,+22.0,IA	+6.28,+36.5,+22.0,EA	+6.59,+20.3,+22.0,BA	+6.92,+1.9,+20.5,KB	+2.19,+273.5,+21.2,AB	+6.90,+4.1,+20.5,DB	
1701240083.6946745	+6.58,+13.9,+22.0,IA	+6.28,+36.5,+22.0,EA	+6.58,+20.4,+22.0,DA	+6.92,+1.8,+20.5,JB	+2.19,+273.4,+21.2,@B	+6.90,+4.1,+20.5,DB	
1701240145.7040668	+6.58,+14.0,+22.0,GA	+6.28,+36.4,+22.1,EA	+6.59,+20.3,+22.0,BA	+6.92,+1.8,+20.6,IB	+2.19,+273.5,+21.2,AB	+6.90,+4.0,+20.5,EB	
1701240207.7128644	+6.58,+13.9,+22.0,IA	+6.28,+36.4,+22.0,DA	+6.59,+20.2,+22.0,CA	+6.92,+1.9,+20.5,KB	+2.19,+273.5,+21.2,AB	+6.90,+4.1,+20.5,DB	
1701240269.7228894	+6.58,+13.9,+22.0,IA	+6.28,+36.5,+22.1,DA	+6.59,+20.3,+22.0,BA	+6.92,+1.9,+20.6,HB	+2.19,+273.5,+21.2,AB	+6.90,+4.0,+20.5,EB	
1701240331.7304873	+6.58,+13.9,+22.0,IA	+6.28,+36.5,+22.1,DA	+6.59,+20.3,+22.0,BA	+6.92,+1.8,+20.5,JB	+2.19,+273.5,+21.2,AB	+6.90,+4.0,+20.5,EB	
1701240393.7397375	+6.58,+13.9,+22.0,IA	+6.28,+36.4,+22.1,EA	+6.59,+20.3,+22.0,BA	+6.92,+1.8,+20.5,JB	+2.20,+273.3,+21.2,MB	+6.90,+4.0,+20.5,EB	
1701240455.7467806	+6.58,+13.9,+22.0,IA	+6.28,+36.5,+22.1,DA	+6.58,+20.3,+22.0,CA	+6.92,+1.8,+20.5,JB	+2.19,+273.4,+21.2,@B	+6.90,+4.0,+20.5,EB	
1701240517.7550566	+6.58,+13.9,+22.0,IA	+6.28,+36.4,+22.0,DA	+6.59,+20.3,+22.0,BA	+6.92,+1.8,+20.6,IB	+2.20,+273.2,+21.2,LB	+6.90,+4.1,+20.5,DB	
1701240579.7638266	+6.58,+14.0,+22.0,GA	+6.28,+36.5,+22.0,EA	+6.58,+20.3,+22.0,CA	+6.92,+1.8,+20.5,JB	+2.19,+273.5,+21.2,AB	+6.90,+4.1,+20.5,DB	
1701240641.7729173	+6.58,+13.9,+22.0,IA	+6.28,+36.5,+22.1,DA	+6.58,+20.3,+22.0,CA	+6.92,+1.8,+20.5,JB	+2.19,+273.5,+21.2,AB	+6.90,+4.0,+20.5,EB	
1701240703.7827742	+6.58,+13.9,+22.0,IA	+6.28,+36.4,+22.0,DA	+6.58,+20.4,+22.0,DA	+6.92,+1.9,+20.5,KB	+2.19,+273.5,+21.2,AB	+6.90,+4.0,+20.5,EB	
1701240765.7865822	+6.58,+13.9,+22.0,IA	+6.28,+36.4,+22.0,DA	+6.58,+20.4,+22.0,DA	+6.92,+1.8,+20.5,JB	+2.19,+273.6,+21.2,BB	+6.90,+4.1,+20.5,DB	
1701240827.796326	+6.58,+14.0,+22.0,GA	+6.28,+36.5,+22.0,EA	+6.59,+20.3,+22.0,BA	+6.92,+1.8,+20.5,JB	+2.19,+273.6,+21.2,BB	+6.90,+4.0,+20.5,EB	
1701240889.8061872	+6.58,+13.9,+22.0,IA	+6.28,+36.4,+22.1,EA	+6.58,+20.3,+22.0,CA	+6.92,+1.9,+20.5,KB	+2.20,+272.9,+21.2,FB	+6.90,+4.0,+20.5,EB	
1701240951.8177404	+6.58,+13.9,+22.0,IA	+6.28,+36.5,+22.0,EA	+6.59,+20.3,+22.0,BA	+6.92,+1.8,+20.5,JB	+2.19,+273.5,+21.2,AB	+6.90,+4.0,+20.5,EB	
1701241013.824918	+6.58,+14.0,+22.0,GA	+6.28,+36.5,+22.1,DA	+6.59,+20.2,+22.0,CA	+6.92,+1.8,+20.5,JB	+2.19,+273.5,+21.2,AB	+6.90,+4.1,+20.5,DB	
1701241075.832878	+6.58,+13.9,+22.0,IA	+6.28,+36.4,+22.1,EA	+6.58,+20.4,+22.0,DA	+6.92,+1.8,+20.5,JB	+2.19,+273.6,+21.2,BB	+6.90,+4.0,+20.5,EB	
1701241137.8412213	+6.58,+13.9,+22.0,IA	+6.28,+36.5,+22.1,DA	+6.59,+20.3,+22.0,BA	+6.92,+1.8,+20.5,JB	+2.19,+273.7,+21.2,CB	+6.90,+4.1,+20.5,DB	
1701241199.8475468	+6.58,+14.0,+22.0,GA	+6.28,+36.5,+22.0,EA	+6.59,+20.2,+22.0,CA	+6.92,+1.8,+20.5,JB	+2.19,+273.7,+21.2,CB	+6.90,+4.0,+20.5,EB	
1701241261.8571203	+6.58,+14.0,+22.0,GA	+6.28,+36.5,+22.1,DA	+6.59,+20.3,+22.0,BA	+6.92,+1.8,+20.5,JB	+2.19,+273.8,+21.2,LB	+6.90,+4.1,+20.5,DB	
1701241323.8638835	+6.58,+13.8,+22.0,HA	+6.28,+36.5,+22.1,DA	+6.59,+20.3,+22.0,BA	+6.92,+1.8,+20.5,JB	+2.19,+273.5,+21.2,AB	+6.90,+4.1,+20.6,GB	
1701241385.8726237	+6.58,+13.8,+22.0,HA	+6.28,+36.4,+22.1,EA	+6.59,+20.2,+22.0,CA	+6.92,+1.7,+20.5,EB	+2.19,+273.9,+21.2,MB	+6.90,+4.0,+20.5,EB	
1701241447.8822048	+6.58,+13.8,+22.0,HA	+6.28,+36.5,+22.1,DA	+6.58,+20.4,+22.0,DA	+6.92,+1.8,+20.5,JB	+2.19,+273.9,+21.2,MB	+6.90,+4.1,+20.5,DB	
1701241509.8912902	+6.58,+13.8,+22.0,HA	+6.28,+36.5,+22.1,DA	+6.59,+20.3,+22.0,BA	+6.92,+1.7,+20.5,EB	+2.18,+274.2,+21.2,@B	+6.90,+4.1,+20.6,GB	
1701241571.9010642	+6.58,+13.9,+22.0,IA	+6.28,+36.5,+22.1,DA	+6.59,+20.3,+22.0,BA	+6.92,+1.8,+20.5,JB	+2.18,+274.2,+21.2,@B	+6.90,+4.1,+20.5,DB	
1701241633.9079077	+6.58,+13.8,+22.0,HA	+6.28,+36.5,+22.1,DA	+6.59,+20.3,+22.0,BA	+6.92,+1.8,+20.5,JB	+2.18,+274.2,+21.2,@B	+6.90,+4.0,+20.6,FB	
1701241695.9166198	+6.58,+13.8,+22.0,HA	+6.28,+36.4,+22.1,EA	+6.59,+20.2,+22.0,CA	+6.92,+1.8,+20.6,IB	+2.18,+274.1,+21.2,CB	+6.90,+4.0,+20.6,FB	
1701241757.922231	+6.58,+13.8,+22.0,HA	+6.28,+36.5,+22.1,DA	+6.59,+20.2,+22.0,CA	+6.92,+1.9,+20.6,HB	+2.18,+274.2,+21.2,@B	+6.90,+4.0,+20.5,EB	
1701241819.9306655	+6.58,+13.8,+22.0,HA	+6.28,+36.4,+22.1,EA	+6.59,+20.2,+22.0,CA	+6.92,+1.8,+20.6,IB	+2.18,+274.1,+21.2,CB	+6.90,+4.1,+20.6,GB	
1701241881.9393983	+6.58,+13.9,+22.0,IA	+6.28,+36.4,+22.1,EA	+6.59,+20.2,+22.0,CA	+6.92,+1.8,+20.6,IB	+2.18,+274.2,+21.2,@B	+6.90,+4.1,+20.6,GB	
1701241943.9482992	+6.58,+13.8,+22.0,HA	+6.28,+36.5,+22.1,DA	+6.59,+20.2,+22.0,CA	+6.92,+1.8,+20.6,IB	+2.18,+274.3,+21.2,AB	+6.90,+4.0,+20.6,FB	
1701242005.9560087	+6.58,+13.9,+22.0,IA	+6.28,+36.5,+22.1,DA	+6.59,+20.2,+22.0,CA	+6.92,+1.8,+20.5,JB	+2.19,+274.0,+21.2,CB	+6.90,+4.1,+20.6,GB	
1701242067.9633172	+6.58,+13.9,+22.0,IA	+6.28,+36.5,+22.1,DA	+6.59,+20.2,+22.0,CA	+6.92,+1.8,+20.6,IB	+2.18,+274.2,+21.2,@B	+6.90,+4.0,+20.6,FB	
1701242129.971996	+6.58,+13.9,+22.0,IA	+6.28,+36.5,+22.1,DA	+6.59,+20.2,+22.0,CA	+6.92,+1.7,+20.5,EB	+2.18,+274.3,+21.2,AB	+6.90,+4.1,+20.6,GB	
1701242191.9785526	+6.58,+13.9,+22.0,IA	+6.28,+36.5,+22.1,DA	+6.59,+20.2,+22.1,BA	+6.92,+1.8,+20.6,IB	+2.19,+273.4,+21.2,@B	+6.90,+4.0,+20.6,FB	
1701242253.98732	+6.58,+13.9,+22.0,IA	+6.28,+36.5,+22.1,DA	+6.59,+20.2,+22.1,BA	+6.92,+1.8,+20.6,IB	+2.19,+273.6,+21.2,BB	+6.90,+4.0,+20.6,FB	
1701242315.9948425	+6.58,+13.9,+22.0,IA	+6.28,+36.5,+22.1,DA	+6.59,+20.3,+22.1,CA	+6.92,+1.7,+20.6,FB	+2.20,+273.4,+21.2,JB	+6.90,+4.0,+20.6,FB	
1701242378.0036676	+6.58,+13.9,+22.1,HA	+6.28,+36.5,+22.1,DA	+6.59,+20.3,+22.0,BA	+6.92,+1.7,+20.6,FB	+2.19,+273.5,+21.2,AB	+6.90,+4.1,+20.6,GB	
1701242440.0120187	+6.58,+13.9,+22.0,IA	+6.28,+36.6,+22.1,GA	+6.59,+20.3,+22.0,BA	+6.92,+1.7,+20.6,FB	+2.19,+273.5,+21.2,AB	+6.90,+4.0,+20.6,FB	
1701242502.0207663	+6.58,+13.9,+22.0,IA	+6.28,+36.5,+22.1,DA	+6.59,+20.3,+22.1,CA	+6.92,+1.8,+20.6,IB	+2.19,+273.4,+21.2,@B	+6.90,+4.1,+20.6,GB	
1701242564.0285037	+6.58,+13.9,+22.0,IA	+6.28,+36.5,+22.1,DA	+6.59,+20.3,+22.1,CA	+6.92,+1.8,+20.6,IB	+2.19,+273.5,+21.2,AB	+6.90,+4.1,+20.6,GB	
1701242626.0347056	+6.58,+13.9,+22.0,IA	+6.28,+36.4,+22.1,EA	+6.59,+20.3,+22.0,BA	+6.92,+1.7,+20.6,FB	+2.19,+273.5,+21.2,AB	+6.90,+4.1,+20.6,GB	
1701242688.0423524	+6.58,+13.9,+22.0,IA	+6.28,+36.5,+22.1,DA	+6.59,+20.3,+22.1,CA	+6.92,+1.8,+20.6,IB	+2.19,+273.6,+21.2,BB	+6.90,+4.1,+20.6,GB	
1701242750.05084	+6.58,+13.9,+22.0,IA	+6.28,+36.4,+22.1,EA	+6.59,+20.2,+22.0,CA	+6.92,+1.7,+20.6,FB	+2.19,+273.6,+21.2,BB	+6.90,+4.0,+20.6,FB	
1701242812.060057	+6.58,+14.0,+22.1,FA	+6.28,+36.5,+22.1,DA	+6.59,+20.2,+22.1,BA	+6.92,+1.8,+20.6,IB	+2.19,+273.7,+21.2,CB	+6.90,+4.0,+20.6,FB	
1701242874.0693758	+6.58,+13.9,+22.1,HA	+6.28,+36.4,+22.1,EA	+6.59,+20.3,+22.1,CA	+6.92,+1.8,+20.6,IB	+2.19,+273.5,+21.2,AB	+6.90,+4.0,+20.6,FB	
1701242936.0761225	+6.58,+13.9,+22.0,IA	+6.28,+36.4,+22.1,EA	+6.59,+20.3,+22.1,CA	+6.92,+1.8,+20.6,IB	+2.19,+273.7,+21.3,BB	+6.90,+4.0,+20.6,FB	
1701242998.0841725	+6.58,+13.9,+22.0,IA	+6.28,+36.5,+22.1,DA	+6.58,+20.4,+22.1,EA	+6.92,+1.7,+20.6,FB	+2.19,+273.8,+21.2,LB	+6.90,+4.1,+20.6,GB	
1701243060.088523	+6.58,+13.9,+22.0,IA	+6.28,+36.5,+22.1,DA	+6.58,+20.3,+22.1,BA	+6.92,+1.8,+20.6,IB	+2.19,+273.6,+21.2,BB	+6.90,+4.1,+20.6,GB	
1701243122.0976493	+6.58,+13.9,+22.0,IA	+6.28,+36.5,+22.1,DA	+6.58,+20.4,+22.1,EA	+6.92,+1.8,+20.6,IB	+2.19,+273.6,+21.2,BB	+6.90,+4.0,+20.6,FB	
1701243184.1077635	+6.58,+14.0,+22.0,GA	+6.28,+36.4,+22.1,EA	+6.59,+20.3,+22.1,CA	+6.92,+1.8,+20.6,IB	+2.19,+273.7,+21.2,CB	+6.90,+4.1,+20.6,GB	
1701243246.1179357	+6.58,+14.0,+22.1,FA	+6.28,+36.5,+22.1,DA	+6.59,+20.2,+22.1,BA	+6.92,+1.7,+20.6,FB	+2.19,+273.6,+21.2,BB	+6.90,+4.0,+20.6,FB	
1701243308.1275318	+6.58,+14.0,+22.1,FA	+6.28,+36.4,+22.1,EA	+6.59,+20.3,+22.1,CA	+6.92,+1.7,+20.6,FB	+2.19,+273.6,+21.3,CB	+6.90,+4.1,+20.6,GB	
1701243553.7215428	+6.58,+13.9,+22.0,IA	+6.28,+36.4,+22.1,EA	+6.59,+20.3,+22.1,CA	+6.92,+1.7,+20.6,FB	+2.20,+273.4,+21.2,JB	+6.90,+4.1,+20.6,GB	
1701243615.7250338	+6.58,+13.9,+22.0,IA	+6.28,+36.4,+22.1,EA	+6.59,+20.2,+22.0,CA	+6.92,+1.8,+20.6,IB	+2.19,+273.6,+21.2,BB	+6.90,+4.0,+20.6,FB	
1701243677.7329173	+6.58,+13.9,+22.0,IA	+6.28,+36.4,+22.1,EA	+6.59,+20.3,+22.1,CA	+6.92,+1.8,+20.6,IB	+2.19,+273.6,+21.3,CB	+6.90,+4.0,+20.6,FB	
1701243739.7225947	+6.58,+14.0,+22.1,FA	+6.28,+36.4,+22.1,EA	+6.59,+20.2,+22.0,CA	+6.92,+1.8,+20.6,IB	+2.19,+273.7,+21.2,CB	+6.90,+4.0,+20.6,FB	
1701243801.7299373	+6.58,+13.9,+22.0,IA	+6.28,+36.4,+22.1,EA	+6.59,+20.2,+22.0,CA	+6.92,+1.7,+20.6,FB	+2.19,+273.7,+21.3,BB	+6.90,+4.1,+20.6,GB	
1701243863.7396703	+6.58,+14.0,+22.0,GA	+6.28,+36.4,+22.1,EA	+6.59,+20.3,+22.1,CA	+6.92,+1.8,+20.6,IB	+2.19,+273.8,+21.3,MB	+6.90,+4.0,+20.6,FB	
1701243925.747143	+6.58,+13.9,+22.1,HA	+6.28,+36.5,+22.1,DA	+6.59,+20.3,+22.1,CA	+6.92,+1.7,+20.6,FB	+2.19,+273.7,+21.2,CB	+6.90,+4.1,+20.6,GB	
1701243987.7579088	+6.58,+14.0,+22.0,GA	+6.28,+36.4,+22.1,EA	+6.59,+20.3,+22.1,CA	+6.92,+1.8,+20.6,IB	+2.19,+273.6,+21.3,CB	+6.90,+4.1,+20.6,GB	
1701244049.7666745	+6.58,+14.0,+22.1,FA	+6.28,+36.3,+22.1,BA	+6.59,+20.2,+22.1,BA	+6.92,+1.7,+20.6,FB	+2.19,+273.6,+21.3,CB	+6.90,+4.0,+20.6,FB	
1701244111.777037	+6.58,+14.0,+22.0,GA	+6.28,+36.3,+22.1,BA	+6.59,+20.2,+22.1,BA	+6.92,+1.7,+20.6,FB	+2.20,+273.2,+21.2,LB	+6.90,+4.0,+20.6,FB	
1701244173.7866201	+6.58,+14.0,+22.0,GA	+6.28,+36.5,+22.1,DA	+6.58,+20.3,+22.1,BA	+6.92,+1.8,+20.6,IB	+2.20,+273.1,+21.3,NB	+6.90,+4.0,+20.6,FB	
1701244235.7968254	+6.58,+14.0,+22.1,FA	+6.28,+36.3,+22.1,BA	+6.59,+20.2,+22.0,CA	+6.92,+1.7,+20.6,FB	+2.20,+273.1,+21.3,NB	+6.90,+4.0,+20.6,FB	
1701244297.8074124	+6.58,+13.9,+22.1,HA	+6.28,+36.4,+22.1,EA	+6.59,+20.2,+22.0,CA	+6.92,+1.7,+20.6,FB	+2.20,+273.2,+21.3,MB	+6.90,+4.0,+20.6,FB	
1701244359.817053	+6.58,+14.0,+22.0,GA	+6.28,+36.4,+22.1,EA	+6.59,+20.3,+22.1,CA	+6.92,+1.7,+20.6,FB	+2.20,+273.2,+21.3,MB	+6.90,+4.0,+20.6,FB	
1701244421.8275285	+6.58,+13.8,+22.0,HA	+6.28,+36.3,+22.1,BA	+6.59,+20.2,+22.1,BA	+6.92,+1.7,+20.6,FB	+2.20,+273.3,+21.3,LB	+6.90,+4.0,+20.6,FB	
1701244483.8353662	+6.58,+13.9,+22.0,IA	+6.28,+36.3,+22.1,BA	+6.59,+20.3,+22.1,CA	+6.92,+1.7,+20.6,FB	+2.20,+273.4,+21.3,KB	+6.90,+4.0,+20.6,FB	
1701244545.8419232	+6.58,+13.8,+22.0,HA	+6.28,+36.4,+22.1,EA	+6.59,+20.2,+22.1,BA	+6.92,+1.7,+20.6,FB	+2.20,+273.4,+21.3,KB	+6.90,+4.1,+20.6,GB	
1701244607.8529358	+6.58,+13.8,+22.0,HA	+6.28,+36.3,+22.1,BA	+6.59,+20.3,+22.1,CA	+6.92,+1.7,+20.6,FB	+2.20,+273.4,+21.2,JB	+6.90,+4.0,+20.6,FB	
1701244669.8591204	+6.58,+13.9,+22.0,IA	+6.28,+36.4,+22.1,EA	+6.59,+20.3,+22.1,CA	+6.92,+1.7,+20.6,FB	+2.20,+273.4,+21.3,KB	+6.90,+4.0,+20.6,FB	
1701244731.8672616	+6.58,+13.8,+22.1,IA	+6.28,+36.4,+22.1,EA	+6.59,+20.2,+22.1,BA	+6.92,+1.7,+20.6,FB	+2.19,+273.5,+21.3,@B	+6.90,+4.0,+20.6,FB	
1701244793.8678038	+6.58,+13.9,+22.1,HA	+6.28,+36.3,+22.1,BA	+6.59,+20.3,+22.1,CA	+6.92,+1.7,+20.6,FB	+2.20,+273.5,+21.3,JB	+6.90,+4.0,+20.6,FB	
1701244855.8770826	+6.58,+13.9,+22.1,HA	+6.28,+36.4,+22.1,EA	+6.59,+20.2,+22.1,BA	+6.92,+1.6,+20.6,GB	+2.20,+273.3,+21.3,LB	+6.90,+4.0,+20.6,FB	
1701244917.8854613	+6.58,+13.8,+22.1,IA	+6.28,+36.4,+22.1,EA	+6.59,+20.2,+22.1,BA	+6.92,+1.8,+20.6,IB	+2.20,+273.4,+21.3,KB	+6.90,+4.0,+20.6,FB	
1701244979.888988	+6.58,+13.9,+22.1,HA	+6.28,+36.4,+22.1,EA	+6.59,+20.3,+22.1,CA	+6.92,+1.7,+20.6,FB	+2.20,+273.4,+21.3,KB	+6.90,+3.9,+20.6,HB	
1701245041.8986058	+6.58,+13.9,+22.0,IA	+6.28,+36.4,+22.1,EA	+6.59,+20.3,+22.1,CA	+6.92,+1.7,+20.6,FB	+2.19,+273.6,+21.3,CB	+6.90,+4.0,+20.6,FB	
1701245103.9044821	+6.58,+13.9,+22.0,IA	+6.28,+36.3,+22.1,BA	+6.59,+20.2,+22.1,BA	+6.92,+1.7,+20.6,FB	+2.20,+273.3,+21.3,LB	+6.90,+4.0,+20.6,FB	
1701245165.9141023	+6.58,+13.9,+22.1,HA	+6.28,+36.4,+22.1,EA	+6.59,+20.3,+22.1,CA	+6.92,+1.8,+20.6,IB	+2.20,+273.5,+21.3,JB	+6.90,+4.0,+20.6,FB	
1701245227.923557	+6.58,+13.9,+22.1,HA	+6.28,+36.3,+22.1,BA	+6.59,+20.2,+22.1,BA	+6.92,+1.7,+20.6,FB	+2.19,+273.5,+21.3,@B	+6.90,+4.0,+20.6,FB	
1701245289.9209173	+6.58,+14.0,+22.1,FA	+6.28,+36.4,+22.1,EA	+6.59,+20.2,+22.1,BA	+6.92,+1.8,+20.6,IB	+2.19,+273.6,+21.3,CB	+6.90,+4.0,+20.6,FB	
1701245351.92856	+6.58,+13.9,+22.1,HA	+6.28,+36.3,+22.1,BA	+6.59,+20.3,+22.1,CA	+6.92,+1.7,+20.6,FB	+2.19,+273.6,+21.3,CB	+6.90,+4.0,+20.6,FB	
1701245413.9370952	+6.58,+13.9,+22.1,HA	+6.28,+36.4,+22.2,FA	+6.59,+20.3,+22.1,CA	+6.92,+1.7,+20.6,FB	+2.19,+273.6,+21.3,CB	+6.90,+4.1,+20.6,GB	
1701245475.9454756	+6.58,+13.9,+22.1,HA	+6.28,+36.3,+22.1,BA	+6.59,+20.3,+22.1,CA	+6.92,+1.7,+20.6,FB	+2.19,+273.5,+21.3,@B	+6.90,+4.0,+20.6,FB	
1701245537.9544873	+6.58,+13.9,+22.1,HA	+6.28,+36.3,+22.2,AA	+6.59,+20.3,+22.1,CA	+6.92,+1.7,+20.6,FB	+2.20,+273.3,+21.3,LB	+6.90,+4.0,+20.6,FB	
1701245599.962685	+6.58,+13.9,+22.1,HA	+6.28,+36.4,+22.1,EA	+6.59,+20.2,+22.1,BA	+6.92,+1.7,+20.6,FB	+2.20,+273.2,+21.3,MB	+6.90,+4.0,+20.6,FB	
1701245661.9674861	+6.58,+13.9,+22.1,HA	+6.28,+36.4,+22.1,EA	+6.59,+20.3,+22.1,CA	+6.92,+1.7,+20.6,FB	+2.20,+273.2,+21.3,MB	+6.90,+4.0,+20.6,FB	
1701245723.9762588	+6.58,+13.9,+22.1,HA	+6.28,+36.3,+22.1,BA	+6.59,+20.2,+22.1,BA	+6.92,+1.7,+20.6,FB	+2.20,+273.0,+21.3,OB	+6.90,+4.0,+20.6,FB	
1701245785.9832926	+6.58,+14.0,+22.1,FA	+6.28,+36.3,+22.1,BA	+6.59,+20.3,+22.1,CA	+6.92,+1.8,+20.6,IB	+2.20,+273.2,+21.3,MB	+6.90,+4.0,+20.6,FB	
1701245847.9928732	+6.58,+14.0,+22.1,FA	+6.28,+36.3,+22.1,BA	+6.59,+20.2,+22.1,BA	+6.92,+1.7,+20.6,FB	+2.20,+273.4,+21.3,KB	+6.90,+4.1,+20.6,GB	
1701245910.000281	+6.58,+14.0,+22.1,FA	+6.28,+36.3,+22.1,BA	+6.59,+20.3,+22.1,CA	+6.92,+1.7,+20.6,FB	+2.20,+273.4,+21.3,KB	+6.90,+4.1,+20.6,GB	
1701245972.0086617	+6.58,+13.9,+22.1,HA	+6.28,+36.3,+22.1,BA	+6.59,+20.3,+22.1,CA	+6.92,+1.7,+20.6,FB	+2.20,+273.4,+21.3,KB	+6.90,+4.0,+20.6,FB	
1701246034.0181873	+6.58,+14.0,+22.1,FA	+6.28,+36.3,+22.1,BA	+6.59,+20.3,+22.1,CA	+6.92,+1.8,+20.6,IB	+2.20,+273.5,+21.3,JB	+6.90,+4.0,+20.6,FB	
1701246096.0280032	+6.58,+13.9,+22.1,HA	+6.28,+36.4,+22.1,EA	+6.59,+20.3,+22.1,CA	+6.92,+1.7,+20.6,FB	+2.20,+273.4,+21.3,KB	+6.90,+4.0,+20.6,FB	
1701246158.0366762	+6.58,+14.0,+22.1,FA	+6.28,+36.3,+22.1,BA	+6.59,+20.3,+22.1,CA	+6.92,+1.6,+20.6,GB	+2.20,+273.3,+21.3,LB	+6.90,+4.0,+20.6,FB	
1701246220.0462375	+6.58,+14.0,+22.1,FA	+6.28,+36.4,+22.1,EA	+6.59,+20.2,+22.1,BA	+6.92,+1.7,+20.6,FB	+2.20,+273.3,+21.3,LB	+6.90,+4.0,+20.6,FB	
1701246282.055667	+6.58,+14.0,+22.1,FA	+6.28,+36.4,+22.1,EA	+6.59,+20.3,+22.1,CA	+6.92,+1.7,+20.6,FB	+2.20,+273.3,+21.3,LB	+6.90,+4.0,+20.6,FB	
1701246344.0658858	+6.58,+14.0,+22.1,FA	+6.28,+36.4,+22.1,EA	+6.59,+20.2,+22.1,BA	+6.92,+1.7,+20.6,FB	+2.20,+273.3,+21.3,LB	+6.90,+4.0,+20.6,FB	
1701246406.0713906	+6.58,+14.0,+22.1,FA	+6.28,+36.4,+22.1,EA	+6.59,+20.2,+22.1,BA	+6.92,+1.7,+20.6,FB	+2.21,+272.8,+21.3,GB	+6.90,+4.0,+20.6,FB	
1701246468.081911	+6.58,+13.9,+22.1,HA	+6.28,+36.4,+22.1,EA	+6.59,+20.3,+22.1,CA	+6.92,+1.7,+20.6,FB	+2.20,+272.9,+21.3,GB	+6.90,+4.0,+20.6,FB	
1701246530.0907757	+6.58,+13.9,+22.1,HA	+6.28,+36.3,+22.1,BA	+6.59,+20.3,+22.1,CA	+6.92,+1.7,+20.6,FB	+2.20,+273.2,+21.3,MB	+6.90,+4.0,+20.6,FB	
1701246592.0992143	+6.58,+14.0,+22.1,FA	+6.28,+36.4,+22.1,EA	+6.59,+20.3,+22.1,CA	+6.92,+1.7,+20.6,FB	+2.20,+273.4,+21.3,KB	+6.90,+4.0,+20.6,FB	
1701246654.109478	+6.58,+14.0,+22.1,FA	+6.28,+36.4,+22.1,EA	+6.59,+20.3,+22.1,CA	+6.92,+1.7,+20.6,FB	+2.20,+273.5,+21.3,JB	+6.90,+3.9,+20.6,HB	
1701246716.1183808	+6.58,+14.0,+22.1,FA	+6.28,+36.3,+22.1,BA	+6.59,+20.2,+22.1,BA	+6.92,+1.7,+20.6,FB	+2.19,+273.6,+21.3,CB	+6.90,+4.0,+20.6,FB	
1701246778.1271665	+6.58,+14.0,+22.1,FA	+6.28,+36.3,+22.1,BA	+6.59,+20.2,+22.1,BA	+6.92,+1.7,+20.6,FB	+2.19,+273.8,+21.3,MB	+6.90,+4.0,+20.6,FB	
1701246840.133441	+6.58,+13.9,+22.1,HA	+6.28,+36.3,+22.1,BA	+6.59,+20.3,+22.1,CA	+6.92,+1.7,+20.6,FB	+2.19,+273.7,+21.3,BB	+6.90,+3.9,+20.6,HB	
1701246902.1423368	+6.58,+14.0,+22.1,FA	+6.28,+36.4,+22.1,EA	+6.59,+20.2,+22.1,BA	+6.92,+1.7,+20.6,FB	+2.19,+274.0,+21.3,BB	+6.90,+4.0,+20.6,FB	
1701246964.1490624	+6.58,+14.0,+22.1,FA	+6.28,+36.3,+22.1,BA	+6.59,+20.3,+22.1,CA	+6.92,+1.7,+20.6,FB	+2.19,+274.1,+21.3,CB	+6.90,+4.0,+20.6,FB	
1701247026.1572382	+6.58,+14.0,+22.1,FA	+6.28,+36.3,+22.1,BA	+6.59,+20.2,+22.1,BA	+6.92,+1.6,+20.6,GB	+2.18,+274.2,+21.3,AB	+6.90,+4.0,+20.6,FB	
1701247088.1668067	+6.58,+14.1,+22.1,GA	+6.28,+36.3,+22.1,BA	+6.59,+20.3,+22.1,CA	+6.92,+1.7,+20.6,FB	+2.18,+274.3,+21.3,@B	+6.90,+4.0,+20.6,FB	
1701247150.1762378	+6.58,+14.0,+22.1,FA	+6.28,+36.3,+22.1,BA	+6.59,+20.2,+22.1,BA	+6.92,+1.6,+20.6,GB	+2.18,+274.2,+21.3,AB	+6.90,+4.0,+20.6,FB	
1701247395.79246	+6.58,+13.9,+22.1,HA	+6.28,+36.3,+22.2,AA	+6.59,+20.3,+22.1,CA	+6.92,+1.7,+20.6,FB	+2.19,+274.0,+21.3,BB	+6.90,+3.9,+20.6,HB	
1701247457.8023436	+6.58,+13.9,+22.1,HA	+6.28,+36.3,+22.1,BA	+6.59,+20.2,+22.1,BA	+6.92,+1.7,+20.6,FB	+2.18,+274.4,+21.3,GB	+6.90,+4.0,+20.6,FB	
1701247519.8113012	+6.58,+13.8,+22.1,IA	+6.28,+36.3,+22.2,AA	+6.59,+20.2,+22.1,BA	+6.92,+1.7,+20.6,FB	+2.18,+274.3,+21.3,@B	+6.90,+4.0,+20.6,FB	
1701247581.8176033	+6.58,+13.9,+22.1,HA	+6.28,+36.2,+22.2,@A	+6.59,+20.2,+22.1,BA	+6.92,+1.7,+20.6,FB	+2.18,+274.4,+21.3,GB	+6.90,+4.0,+20.6,FB	
1701247643.825922	+6.58,+13.9,+22.1,HA	+6.28,+36.3,+22.2,AA	+6.59,+20.2,+22.1,BA	+6.92,+1.7,+20.6,FB	+2.18,+274.3,+21.3,@B	+6.90,+4.0,+20.6,FB	
1701247705.8336668	+6.58,+13.8,+22.1,IA	+6.28,+36.3,+22.2,AA	+6.59,+20.3,+22.1,CA	+6.92,+1.6,+20.6,GB	+2.18,+274.4,+21.3,GB	+6.90,+4.0,+20.6,FB	
1701247767.8413317	+6.58,+13.9,+22.1,HA	+6.28,+36.3,+22.2,AA	+6.59,+20.2,+22.2,AA	+6.92,+1.7,+20.6,FB	+2.18,+274.4,+21.3,GB	+6.90,+4.0,+20.6,FB	
1701247829.850214	+6.58,+13.9,+22.1,HA	+6.28,+36.4,+22.2,FA	+6.59,+20.2,+22.1,BA	+6.92,+1.7,+20.6,FB	+2.18,+274.5,+21.3,FB	+6.90,+4.0,+20.6,FB	
1701247891.8585413	+6.58,+13.9,+22.1,HA	+6.28,+36.4,+22.2,FA	+6.59,+20.2,+22.1,BA	+6.92,+1.7,+20.6,FB	+2.18,+274.5,+21.3,FB	+6.90,+3.9,+20.6,HB	
1701247953.8677363	+6.58,+13.9,+22.1,HA	+6.28,+36.4,+22.2,FA	+6.59,+20.2,+22.1,BA	+6.92,+1.6,+20.6,GB	+2.18,+274.6,+21.3,EB	+6.90,+4.0,+20.7,GB	
1701248015.8707836	+6.58,+13.9,+22.1,HA	+6.28,+36.4,+22.2,FA	+6.59,+20.3,+22.1,CA	+6.92,+1.7,+20.6,FB	+2.18,+274.6,+21.3,EB	+6.90,+4.0,+20.7,GB	
1701248077.8808308	+6.58,+13.9,+22.1,HA	+6.28,+36.4,+22.1,EA	+6.59,+20.3,+22.1,CA	+6.92,+1.6,+20.6,GB	+2.18,+274.5,+21.3,FB	+6.90,+4.0,+20.6,FB	
1701248139.8873293	+6.58,+13.9,+22.1,HA	+6.28,+36.5,+22.2,GA	+6.59,+20.3,+22.1,CA	+6.92,+1.7,+20.6,FB	+2.18,+274.5,+21.3,FB	+6.90,+4.0,+20.7,GB	
1701248201.897568	+6.58,+13.9,+22.1,HA	+6.28,+36.4,+22.2,FA	+6.59,+20.2,+22.1,BA	+6.92,+1.7,+20.6,FB	+2.18,+274.5,+21.3,FB	+6.90,+4.0,+20.6,FB	
1701248263.9048193	+6.58,+13.9,+22.1,HA	+6.28,+36.4,+22.1,EA	+6.59,+20.2,+22.1,BA	+6.92,+1.7,+20.6,FB	+2.18,+274.5,+21.3,FB	+6.90,+4.0,+20.6,FB	
1701248325.914055	+6.58,+13.9,+22.1,HA	+6.28,+36.3,+22.2,AA	+6.59,+20.3,+22.1,CA	+6.92,+1.7,+20.6,FB	+2.18,+274.6,+21.3,EB	+6.90,+4.0,+20.6,FB	
1701248387.9221356	+6.58,+13.9,+22.1,HA	+6.28,+36.3,+22.2,AA	+6.59,+20.2,+22.1,BA	+6.92,+1.7,+20.6,FB	+2.18,+274.6,+21.3,EB	+6.90,+4.0,+20.6,FB	
1701248449.929843	+6.58,+14.0,+22.1,FA	+6.28,+36.4,+22.2,FA	+6.59,+20.2,+22.1,BA	+6.92,+1.7,+20.6,FB	+2.18,+274.6,+21.3,EB	+6.90,+4.1,+20.6,GB	
1701248511.937075	+6.58,+13.9,+22.1,HA	+6.28,+36.4,+22.2,FA	+6.59,+20.2,+22.1,BA	+6.92,+1.7,+20.6,FB	+2.17,+274.7,+21.3,KB	+6.90,+4.0,+20.6,FB	
1701248573.9468436	+6.58,+13.9,+22.1,HA	+6.28,+36.3,+22.1,BA	+6.59,+20.3,+22.1,CA	+6.92,+1.6,+20.6,GB	+2.17,+274.8,+21.3,DB	+6.90,+4.0,+20.6,FB	
1701248635.954896	+6.58,+13.9,+22.1,HA	+6.28,+36.3,+22.1,BA	+6.59,+20.3,+22.1,CA	+6.92,+1.6,+20.6,GB	+2.17,+274.9,+21.3,EB	+6.90,+4.0,+20.6,FB	
1701248697.9613965	+6.58,+14.0,+22.1,FA	+6.28,+36.3,+22.2,AA	+6.59,+20.2,+22.1,BA	+6.92,+1.6,+20.6,GB	+2.17,+275.0,+21.3,MB	+6.90,+4.1,+20.6,GB	
1701248759.9677541	+6.58,+14.0,+22.1,FA	+6.28,+36.4,+22.2,FA	+6.59,+20.2,+22.1,BA	+6.93,+1.6,+20.6,FB	+2.17,+275.1,+21.3,LB	+6.90,+4.0,+20.6,FB	
1701248821.9779177	+6.58,+14.0,+22.1,FA	+6.28,+36.4,+22.1,EA	+6.59,+20.2,+22.1,BA	+6.92,+1.6,+20.6,GB	+2.17,+275.2,+21.3,OB	+6.90,+4.1,+20.6,GB	
1701248883.984896	+6.58,+14.0,+22.1,FA	+6.28,+36.4,+22.1,EA	+6.59,+20.2,+22.1,BA	+6.92,+1.6,+20.6,GB	+2.17,+274.9,+21.3,EB	+6.90,+4.0,+20.6,FB	
1701248945.9932623	+6.58,+14.0,+22.1,FA	+6.28,+36.4,+22.2,FA	+6.59,+20.3,+22.1,CA	+6.92,+1.6,+20.6,GB	+2.17,+275.0,+21.3,MB	+6.90,+4.0,+20.6,FB	
1701249008.0031433	+6.58,+14.0,+22.1,FA	+6.28,+36.4,+22.1,EA	+6.59,+20.3,+22.1,CA	+6.92,+1.7,+20.6,FB	+2.16,+275.5,+21.3,IB	+6.90,+4.0,+20.6,FB	
1701249070.0119956	+6.58,+13.9,+22.1,HA	+6.28,+36.3,+22.1,BA	+6.59,+20.3,+22.1,CA	+6.92,+1.6,+20.6,GB	+2.16,+275.6,+21.3,JB	+6.90,+4.0,+20.6,FB	
1701249132.0216732	+6.58,+13.9,+22.1,HA	+6.28,+36.4,+22.1,EA	+6.58,+20.3,+22.1,BA	+6.93,+1.6,+20.6,FB	+2.16,+275.7,+21.3,KB	+6.90,+4.0,+20.6,FB	
1701249194.0293996	+6.58,+14.0,+22.1,FA	+6.28,+36.3,+22.2,AA	+6.59,+20.3,+22.1,CA	+6.92,+1.6,+20.6,GB	+2.16,+275.4,+21.3,HB	+6.90,+3.9,+20.6,HB	
1701249256.037493	+6.58,+14.0,+22.1,FA	+6.28,+36.4,+22.1,EA	+6.59,+20.2,+22.1,BA	+6.92,+1.6,+20.6,GB	+2.16,+275.5,+21.3,IB	+6.90,+4.0,+20.6,FB	
1701249318.0448086	+6.58,+14.0,+22.1,FA	+6.28,+36.4,+22.1,EA	+6.59,+20.2,+22.1,BA	+6.92,+1.7,+20.6,FB	+2.16,+275.7,+21.3,KB	+6.90,+4.0,+20.6,FB	
1701249380.0545213	+6.58,+13.9,+22.1,HA	+6.28,+36.4,+22.1,EA	+6.59,+20.2,+22.1,BA	+6.92,+1.6,+20.6,GB	+2.16,+275.6,+21.3,JB	+6.90,+4.0,+20.6,FB	
1701249442.0632517	+6.58,+14.0,+22.1,FA	+6.28,+36.3,+22.1,BA	+6.59,+20.2,+22.1,BA	+6.92,+1.6,+20.6,GB	+2.16,+275.6,+21.3,JB	+6.90,+4.1,+20.6,GB	
1701249504.0728953	+6.58,+14.0,+22.1,FA	+6.28,+36.4,+22.1,EA	+6.59,+20.2,+22.1,BA	+6.93,+1.6,+20.6,FB	+2.15,+275.9,+21.3,FB	+6.90,+4.0,+20.6,FB	
1701249566.0792534	+6.58,+14.0,+22.1,FA	+6.28,+36.3,+22.2,AA	+6.59,+20.2,+22.0,CA	+6.92,+1.6,+20.6,GB	+2.15,+275.9,+21.3,FB	+6.90,+4.1,+20.6,GB	
1701249628.0887198	+6.58,+14.0,+22.1,FA	+6.28,+36.3,+22.1,BA	+6.59,+20.2,+22.1,BA	+6.93,+1.6,+20.6,FB	+2.15,+275.9,+21.3,FB	+6.90,+4.1,+20.6,GB	
1701249690.0970905	+6.58,+14.0,+22.1,FA	+6.28,+36.3,+22.1,BA	+6.59,+20.2,+22.1,BA	+6.93,+1.6,+20.6,FB	+2.16,+275.8,+21.3,DB	+6.90,+4.0,+20.6,FB	
1701249752.10647	+6.58,+14.0,+22.1,FA	+6.28,+36.4,+22.2,FA	+6.59,+20.2,+22.1,BA	+6.92,+1.6,+20.6,GB	+2.15,+275.9,+21.3,FB	+6.90,+4.1,+20.6,GB	
1701249814.1161447	+6.58,+14.0,+22.1,FA	+6.28,+36.3,+22.2,AA	+6.59,+20.3,+22.1,CA	+6.92,+1.7,+20.6,FB	+2.15,+275.9,+21.3,FB	+6.90,+4.0,+20.6,FB	
1701249876.127186	+6.58,+14.0,+22.1,FA	+6.28,+36.4,+22.1,EA	+6.59,+20.2,+22.1,BA	+6.92,+1.6,+20.6,GB	+2.16,+275.8,+21.3,DB	+6.90,+4.0,+20.6,FB	
1701249938.1372852	+6.58,+14.0,+22.1,FA	+6.28,+36.3,+22.1,BA	+6.59,+20.2,+22.1,BA	+6.92,+1.6,+20.6,GB	+2.15,+275.9,+21.3,FB	+6.90,+4.0,+20.6,FB	
1701250000.1471417	+6.58,+14.0,+22.1,FA	+6.28,+36.4,+22.1,EA	+6.59,+20.2,+22.1,BA	+6.92,+1.6,+20.6,GB	+2.16,+275.8,+21.3,DB	+6.90,+4.0,+20.6,FB	
1701250062.1545823	+6.58,+14.0,+22.1,FA	+6.28,+36.3,+22.2,AA	+6.59,+20.3,+22.1,CA	+6.93,+1.6,+20.6,FB	+2.15,+275.9,+21.3,FB	+6.90,+4.0,+20.6,FB	
1701250124.1651428	+6.58,+14.0,+22.1,FA	+6.28,+36.4,+22.2,FA	+6.59,+20.3,+22.1,CA	+6.92,+1.6,+20.6,GB	+2.15,+276.0,+21.3,LB	+6.90,+4.0,+20.6,FB	
1701250186.1754832	+6.58,+14.0,+22.1,FA	+6.28,+36.3,+22.2,AA	+6.59,+20.2,+22.1,BA	+6.92,+1.6,+20.6,GB	+2.15,+276.1,+21.3,MB	+6.90,+4.0,+20.6,FB	
1701250248.1864376	+6.58,+14.0,+22.1,FA	+6.28,+36.4,+22.2,FA	+6.59,+20.3,+22.1,CA	+6.93,+1.6,+20.6,FB	+2.15,+275.9,+21.3,FB	+6.90,+4.0,+20.6,FB	
1701250310.1968658	+6.58,+14.1,+22.1,GA	+6.28,+36.3,+22.2,AA	+6.59,+20.1,+22.1,AA	+6.92,+1.7,+20.6,FB	+2.15,+276.1,+21.3,MB	+6.90,+4.0,+20.6,FB	
1701250372.2073562	+6.58,+14.0,+22.1,FA	+6.28,+36.3,+22.2,AA	+6.59,+20.2,+22.1,BA	+6.92,+1.6,+20.6,GB	+2.15,+276.1,+21.3,MB	+6.90,+4.1,+20.6,GB	
1701250434.217607	+6.58,+13.8,+22.1,IA	+6.28,+36.4,+22.2,FA	+6.59,+20.2,+22.1,BA	+6.92,+1.6,+20.7,FB	+2.15,+276.1,+21.4,JB	+6.90,+4.1,+20.6,GB	
1701250496.2250378	+6.58,+13.9,+22.1,HA	+6.28,+36.3,+22.2,AA	+6.59,+20.2,+22.1,BA	+6.92,+1.6,+20.6,GB	+2.15,+276.0,+21.3,LB	+6.90,+3.9,+20.6,HB	
1701250558.2339065	+6.58,+13.9,+22.1,HA	+6.28,+36.4,+22.2,FA	+6.59,+20.2,+22.1,BA	+6.92,+1.7,+20.7,GB	+2.15,+276.2,+21.3,NB	+6.90,+4.0,+20.6,FB	
1701250620.2417936	+6.58,+13.9,+22.1,HA	+6.28,+36.3,+22.2,AA	+6.59,+20.2,+22.1,BA	+6.92,+1.6,+20.6,GB	+2.15,+276.2,+21.3,NB	+6.90,+4.0,+20.6,FB	
1701250682.2516646	+6.58,+13.9,+22.1,HA	+6.28,+36.3,+22.2,AA	+6.59,+20.3,+22.1,CA	+6.93,+1.6,+20.6,FB	+2.15,+276.1,+21.3,MB	+6.90,+4.1,+20.6,GB	
1701250744.2608588	+6.58,+13.9,+22.1,HA	+6.28,+36.3,+22.2,AA	+6.59,+20.2,+22.1,BA	+6.93,+1.6,+20.6,FB	+2.15,+276.0,+21.3,LB	+6.90,+4.0,+20.7,GB	
1701250806.2702827	+6.58,+13.9,+22.1,HA	+6.28,+36.4,+22.2,FA	+6.59,+20.1,+22.1,AA	+6.92,+1.6,+20.6,GB	+2.15,+276.0,+21.3,LB	+6.90,+4.0,+20.6,FB	
1701250868.2804646	+6.58,+13.9,+22.1,HA	+6.28,+36.4,+22.2,FA	+6.59,+20.2,+22.2,AA	+6.92,+1.6,+20.6,GB	+2.15,+276.3,+21.3,OB	+6.90,+4.0,+20.7,GB	
1701250930.2907941	+6.58,+13.9,+22.1,HA	+6.28,+36.4,+22.2,FA	+6.59,+20.2,+22.1,BA	+6.93,+1.6,+20.6,FB	+2.15,+276.2,+21.4,IB	+6.90,+3.9,+20.7,IB	
1701250992.3001037	+6.58,+13.9,+22.1,HA	+6.28,+36.2,+22.2,@A	+6.59,+20.3,+22.1,CA	+6.92,+1.6,+20.6,GB	+2.15,+276.0,+21.3,LB	+6.90,+4.0,+20.7,GB	
1701251237.8664174	+6.58,+13.9,+22.1,HA	+6.28,+36.4,+22.2,FA	+6.59,+20.2,+22.1,BA	+6.93,+1.6,+20.7,GB	+2.15,+276.3,+21.3,OB	+6.90,+3.9,+20.7,IB	
1701251299.8767247	+6.58,+13.9,+22.1,HA	+6.28,+36.3,+22.2,AA	+6.59,+20.3,+22.1,CA	+6.92,+1.6,+20.6,GB	+2.14,+276.7,+21.3,JB	+6.90,+4.0,+20.7,GB	
1701251361.8904872	+6.58,+14.0,+22.1,FA	+6.28,+36.4,+22.2,FA	+6.59,+20.1,+22.2,BA	+6.93,+1.6,+20.7,GB	+2.14,+276.6,+21.3,KB	+6.90,+4.0,+20.7,GB	
1701251423.8996754	+6.58,+14.0,+22.1,FA	+6.28,+36.3,+22.2,AA	+6.59,+20.2,+22.2,AA	+6.92,+1.6,+20.7,FB	+2.15,+276.0,+21.3,LB	+6.90,+4.0,+20.7,GB	
1701251485.9077528	+6.58,+13.9,+22.1,HA	+6.28,+36.3,+22.2,AA	+6.59,+20.2,+22.2,AA	+6.92,+1.6,+20.7,FB	+2.14,+276.5,+21.3,HB	+6.90,+4.1,+20.7,FB	
1701251547.9158652	+6.58,+14.0,+22.1,FA	+6.28,+36.3,+22.2,AA	+6.59,+20.2,+22.1,BA	+6.93,+1.6,+20.7,GB	+2.14,+276.5,+21.3,HB	+6.90,+3.9,+20.7,IB	
1701251609.923812	+6.58,+13.9,+22.1,HA	+6.28,+36.4,+22.2,FA	+6.59,+20.2,+22.2,AA	+6.93,+1.6,+20.7,GB	+2.14,+276.6,+21.3,KB	+6.90,+3.9,+20.7,IB	
1701251671.9321547	+6.58,+13.9,+22.1,HA	+6.28,+36.3,+22.2,AA	+6.59,+20.2,+22.2,AA	+6.92,+1.6,+20.7,FB	+2.14,+276.7,+21.4,MB	+6.90,+4.0,+20.7,GB	
1701251733.9406946	+6.58,+13.9,+22.1,HA	+6.28,+36.3,+22.2,AA	+6.59,+20.2,+22.2,AA	+6.93,+1.6,+20.7,GB	+2.14,+276.7,+21.3,JB	+6.90,+4.0,+20.7,GB	
1701251795.950986	+6.58,+13.9,+22.1,HA	+6.28,+36.2,+22.2,@A	+6.59,+20.3,+22.2,@A	+6.93,+1.6,+20.7,GB	+2.14,+276.9,+21.4,CB	+6.90,+4.0,+20.7,GB	
1701251857.9600074	+6.58,+14.0,+22.1,FA	+6.28,+36.3,+22.2,AA	+6.59,+20.1,+22.1,AA	+6.93,+1.6,+20.7,GB	+2.14,+276.8,+21.4,BB	+6.90,+4.0,+20.7,GB	
1701251919.9681706	+6.58,+14.0,+22.1,FA	+6.28,+36.3,+22.2,AA	+6.59,+20.3,+22.2,@A	+6.93,+1.6,+20.7,GB	+2.14,+276.8,+21.3,EB	+6.90,+4.0,+20.7,GB	
1701251981.9781566	+6.58,+14.0,+22.1,FA	+6.28,+36.3,+22.2,AA	+6.59,+20.3,+22.2,@A	+6.93,+1.6,+20.7,GB	+2.14,+276.9,+21.3,DB	+6.90,+4.0,+20.7,GB	
1701252043.9871726	+6.58,+14.0,+22.1,FA	+6.28,+36.3,+22.2,AA	+6.59,+20.3,+22.2,@A	+6.93,+1.6,+20.7,GB	+2.14,+276.9,+21.4,CB	+6.90,+3.9,+20.7,IB	
1701252105.9976895	+6.58,+14.0,+22.1,FA	+6.28,+36.3,+22.2,AA	+6.59,+20.2,+22.1,BA	+6.93,+1.5,+20.7,DB	+2.14,+276.8,+21.4,BB	+6.90,+4.0,+20.7,GB	
1701252168.0059087	+6.58,+14.0,+22.1,FA	+6.28,+36.3,+22.2,AA	+6.59,+20.2,+22.1,BA	+6.92,+1.6,+20.7,FB	+2.14,+276.8,+21.4,BB	+6.90,+4.0,+20.6,FB	
1701252230.0159206	+6.58,+14.0,+22.1,FA	+6.28,+36.3,+22.2,AA	+6.59,+20.2,+22.2,AA	+6.92,+1.6,+20.6,GB	+2.14,+276.9,+21.3,DB	+6.90,+4.0,+20.6,FB	
1701252292.0254786	+6.58,+14.1,+22.1,GA	+6.28,+36.2,+22.2,@A	+6.59,+20.2,+22.2,AA	+6.93,+1.6,+20.7,GB	+2.14,+277.0,+21.3,LB	+6.90,+4.0,+20.6,FB	
1701252354.036038	+6.58,+14.0,+22.1,FA	+6.28,+36.3,+22.2,AA	+6.59,+20.3,+22.1,CA	+6.93,+1.6,+20.7,GB	+2.14,+276.9,+21.4,CB	+6.90,+4.0,+20.6,FB	
1701252416.0461326	+6.58,+14.0,+22.1,FA	+6.28,+36.3,+22.2,AA	+6.59,+20.3,+22.1,CA	+6.93,+1.5,+20.6,EB	+2.14,+277.0,+21.4,KB	+6.90,+4.0,+20.7,GB	
1701252478.0556777	+6.58,+14.0,+22.1,FA	+6.28,+36.4,+22.2,FA	+6.59,+20.1,+22.1,AA	+6.93,+1.6,+20.6,FB	+2.14,+276.9,+21.4,CB	+6.90,+4.1,+20.6,GB	
1701252540.0642235	+6.58,+14.0,+22.1,FA	+6.28,+36.3,+22.2,AA	+6.59,+20.1,+22.1,AA	+6.93,+1.5,+20.7,DB	+2.14,+276.9,+21.3,DB	+6.90,+4.0,+20.6,FB	
1701252602.074199	+6.58,+13.9,+22.1,HA	+6.28,+36.3,+22.2,AA	+6.59,+20.3,+22.1,CA	+6.93,+1.6,+20.6,FB	+2.14,+276.6,+21.3,KB	+6.90,+4.0,+20.6,FB	
1701252664.084194	+6.58,+14.0,+22.1,FA	+6.28,+36.3,+22.2,AA	+6.59,+20.2,+22.1,BA	+6.93,+1.6,+20.7,GB	+2.15,+276.4,+21.4,OB	+6.90,+4.1,+20.6,GB	
1701252726.0931034	+6.58,+14.0,+22.1,FA	+6.28,+36.3,+22.2,AA	+6.59,+20.2,+22.1,BA	+6.92,+1.6,+20.6,GB	+2.14,+276.8,+21.4,BB	+6.90,+4.0,+20.6,FB	
1701252788.1026883	+6.58,+14.0,+22.1,FA	+6.28,+36.2,+22.2,@A	+6.59,+20.1,+22.1,AA	+6.92,+1.6,+20.6,GB	+2.14,+276.8,+21.4,BB	+6.90,+4.0,+20.6,FB	
1701252850.109161	+6.58,+14.0,+22.1,FA	+6.28,+36.3,+22.2,AA	+6.59,+20.2,+22.1,BA	+6.93,+1.6,+20.6,FB	+2.14,+276.9,+21.4,CB	+6.90,+4.1,+20.6,GB	
1701252912.1195347	+6.58,+14.0,+22.1,FA	+6.28,+36.2,+22.2,@A	+6.59,+20.2,+22.1,BA	+6.93,+1.5,+20.6,EB	+2.14,+276.8,+21.4,BB	+6.90,+4.0,+20.6,FB	
1701252974.1289318	+6.58,+14.0,+22.1,FA	+6.28,+36.3,+22.2,AA	+6.59,+20.2,+22.1,BA	+6.93,+1.6,+20.6,FB	+2.15,+276.3,+21.4,HB	+6.90,+3.9,+20.6,HB	
1701253036.1384013	+6.58,+14.0,+22.1,FA	+6.28,+36.3,+22.1,BA	+6.59,+20.2,+22.1,BA	+6.93,+1.5,+20.6,EB	+2.14,+276.6,+21.4,LB	+6.90,+4.0,+20.6,FB	
1701253098.147636	+6.58,+14.0,+22.1,FA	+6.28,+36.3,+22.2,AA	+6.59,+20.2,+22.1,BA	+6.93,+1.6,+20.6,FB	+2.14,+276.5,+21.4,OB	+6.90,+4.0,+20.6,FB	
1701253160.1574633	+6.58,+14.0,+22.1,FA	+6.28,+36.2,+22.2,@A	+6.59,+20.3,+22.1,CA	+6.93,+1.6,+20.7,GB	+2.14,+276.6,+21.4,LB	+6.90,+4.0,+20.6,FB	
1701253222.1664112	+6.58,+14.0,+22.1,FA	+6.28,+36.2,+22.2,@A	+6.59,+20.3,+22.1,CA	+6.92,+1.6,+20.6,GB	+2.14,+276.7,+21.3,JB	+6.90,+4.0,+20.6,FB	
1701253284.1765568	+6.58,+14.0,+22.1,FA	+6.28,+36.2,+22.2,@A	+6.59,+20.1,+22.2,BA	+6.93,+1.6,+20.7,GB	+2.14,+276.7,+21.4,MB	+6.90,+4.0,+20.6,FB	
1701253346.1851916	+6.58,+14.0,+22.1,FA	+6.28,+36.2,+22.2,@A	+6.59,+20.1,+22.1,AA	+6.93,+1.5,+20.6,EB	+2.14,+276.8,+21.4,BB	+6.90,+4.1,+20.6,GB	
1701253408.1949725	+6.58,+14.0,+22.1,FA	+6.28,+36.1,+22.2,CA	+6.59,+20.1,+22.1,AA	+6.93,+1.6,+20.6,FB	+2.14,+276.7,+21.4,MB	+6.90,+4.0,+20.6,FB	
1701253470.2002335	+6.58,+13.8,+22.1,IA	+6.28,+36.2,+22.2,@A	+6.59,+20.2,+22.1,BA	+6.93,+1.6,+20.6,FB	+2.15,+276.4,+21.4,OB	+6.90,+4.0,+20.6,FB	
1701253532.2097073	+6.58,+13.8,+22.1,IA	+6.28,+36.2,+22.2,@A	+6.59,+20.1,+22.1,AA	+6.93,+1.5,+20.6,EB	+2.15,+276.4,+21.3,HB	+6.90,+4.1,+20.6,GB	
1701253594.2179246	+6.58,+13.9,+22.1,HA	+6.28,+36.1,+22.2,CA	+6.59,+20.2,+22.2,AA	+6.93,+1.5,+20.6,EB	+2.14,+276.5,+21.4,OB	+6.90,+4.0,+20.6,FB	
1701253656.2251325	+6.58,+13.8,+22.1,IA	+6.28,+36.1,+22.2,CA	+6.59,+20.1,+22.2,BA	+6.93,+1.5,+20.6,EB	+2.14,+276.5,+21.4,OB	+6.90,+4.1,+20.6,GB	
1701253718.231935	+6.58,+13.9,+22.1,HA	+6.28,+36.1,+22.2,CA	+6.59,+20.1,+22.1,AA	+6.93,+1.6,+20.6,FB	+2.14,+276.6,+21.4,LB	+6.90,+4.0,+20.6,FB	
1701253780.2390149	+6.58,+13.9,+22.1,HA	+6.28,+36.1,+22.2,CA	+6.59,+20.1,+22.1,AA	+6.93,+1.6,+20.7,GB	+2.15,+276.4,+21.4,OB	+6.90,+4.0,+20.6,FB	
1701253842.247255	+6.58,+13.9,+22.1,HA	+6.28,+36.1,+22.2,CA	+6.59,+20.2,+22.2,AA	+6.93,+1.5,+20.7,DB	+2.14,+276.6,+21.4,LB	+6.90,+4.0,+20.7,GB	
1701253904.2568557	+6.58,+13.9,+22.1,HA	+6.28,+36.1,+22.2,CA	+6.59,+20.2,+22.1,BA	+6.93,+1.5,+20.7,DB	+2.14,+276.9,+21.4,CB	+6.90,+4.0,+20.7,GB	
1701253966.2650595	+6.58,+13.9,+22.1,HA	+6.28,+36.2,+22.2,@A	+6.59,+20.1,+22.1,AA	+6.93,+1.5,+20.6,EB	+2.14,+276.9,+21.4,CB	+6.90,+4.0,+20.7,GB	
1701254028.274427	+6.58,+13.9,+22.1,HA	+6.28,+36.1,+22.2,CA	+6.59,+20.2,+22.2,AA	+6.93,+1.6,+20.6,FB	+2.14,+276.6,+21.4,LB	+6.90,+4.0,+20.7,GB	
1701254090.2843473	+6.58,+13.9,+22.1,HA	+6.28,+36.1,+22.2,CA	+6.59,+20.1,+22.2,BA	+6.93,+1.5,+20.6,EB	+2.15,+276.4,+21.4,OB	+6.90,+3.9,+20.7,IB	
1701254152.2940738	+6.58,+13.9,+22.1,HA	+6.28,+36.1,+22.2,CA	+6.59,+20.2,+22.1,BA	+6.93,+1.5,+20.7,DB	+2.14,+276.9,+21.3,DB	+6.90,+4.0,+20.7,GB	
1701254214.3030035	+6.58,+13.9,+22.1,HA	+6.28,+36.1,+22.2,CA	+6.59,+20.2,+22.2,AA	+6.93,+1.5,+20.7,DB	+2.14,+276.8,+21.4,BB	+6.90,+4.0,+20.6,FB	
1701254276.311349	+6.58,+13.9,+22.1,HA	+6.28,+36.0,+22.2,BA	+6.59,+20.1,+22.1,AA	+6.93,+1.5,+20.6,EB	+2.14,+277.0,+21.4,KB	+6.90,+4.0,+20.7,GB	
1701254338.3220034	+6.58,+13.9,+22.1,HA	+6.28,+36.1,+22.2,CA	+6.59,+20.1,+22.2,BA	+6.93,+1.5,+20.7,DB	+2.14,+276.7,+21.4,MB	+6.90,+4.0,+20.7,GB	
1701254400.3322203	+6.58,+13.9,+22.1,HA	+6.28,+36.2,+22.2,@A	+6.59,+20.1,+22.1,AA	+6.93,+1.6,+20.7,GB	+2.14,+277.0,+21.4,KB	+6.90,+4.0,+20.7,GB	
1701254462.3413277	+6.58,+14.0,+22.1,FA	+6.28,+36.3,+22.2,AA	+6.59,+20.1,+22.1,AA	+6.93,+1.6,+20.7,GB	+2.14,+276.9,+21.4,CB	+6.90,+4.0,+20.7,GB	
1701254524.3505094	+6.58,+14.0,+22.1,FA	+6.28,+36.2,+22.2,@A	+6.59,+20.2,+22.2,AA	+6.93,+1.5,+20.7,DB	+2.14,+277.0,+21.4,KB	+6.90,+4.0,+20.7,GB	
1701254586.3548124	+6.58,+13.9,+22.2,KA	+6.28,+36.1,+22.2,CA	+6.59,+20.2,+22.1,BA	+6.93,+1.6,+20.7,GB	+2.14,+277.0,+21.4,KB	+6.90,+4.0,+20.7,GB	
1701254648.3650239	+6.58,+14.0,+22.1,FA	+6.28,+36.2,+22.2,@A	+6.59,+20.1,+22.2,BA	+6.93,+1.5,+20.7,DB	+2.14,+276.8,+21.4,BB	+6.90,+4.0,+20.7,GB	
1701254710.3743868	+6.58,+13.9,+22.1,HA	+6.28,+36.2,+22.2,@A	+6.59,+20.2,+22.2,AA	+6.93,+1.5,+20.7,DB	+2.14,+276.8,+21.4,BB	+6.90,+4.0,+20.7,GB	
1701254772.3831024	+6.58,+14.0,+22.1,FA	+6.28,+36.2,+22.2,@A	+6.59,+20.2,+22.2,AA	+6.93,+1.5,+20.7,DB	+2.13,+277.1,+21.4,MB	+6.90,+4.0,+20.7,GB	
1701254834.3927398	+6.58,+14.0,+22.1,FA	+6.28,+36.1,+22.2,CA	+6.59,+20.2,+22.2,AA	+6.93,+1.6,+20.7,GB	+2.14,+277.0,+21.4,KB	+6.90,+4.0,+20.7,GB	
1701255079.9845169	+6.58,+14.0,+22.1,FA	+6.28,+36.0,+22.2,BA	+6.59,+20.1,+22.2,BA	+6.93,+1.5,+20.7,DB	+2.15,+276.0,+21.4,KB	+6.90,+4.0,+20.7,GB	
1701255141.994354	+6.58,+14.0,+22.1,FA	+6.28,+36.0,+22.2,BA	+6.59,+20.2,+22.2,AA	+6.93,+1.5,+20.7,DB	+2.15,+276.2,+21.4,IB	+6.90,+4.1,+20.7,FB	
1701255203.9983644	+6.58,+14.0,+22.1,FA	+6.28,+36.0,+22.2,BA	+6.59,+20.1,+22.1,AA	+6.93,+1.5,+20.7,DB	+2.15,+276.2,+21.4,IB	+6.90,+4.1,+20.6,GB	
1701255266.0082886	+6.58,+14.0,+22.1,FA	+6.28,+36.0,+22.2,BA	+6.59,+20.1,+22.2,BA	+6.93,+1.5,+20.7,DB	+2.15,+276.0,+21.4,KB	+6.90,+4.1,+20.6,GB	
1701255328.0172403	+6.58,+14.0,+22.1,FA	+6.29,+36.0,+22.2,CA	+6.59,+20.2,+22.2,AA	+6.93,+1.5,+20.7,DB	+2.15,+276.2,+21.4,IB	+6.90,+4.2,+20.6,DB	
1701255390.0259876	+6.58,+14.0,+22.2,EA	+6.28,+36.0,+22.2,BA	+6.59,+20.1,+22.2,BA	+6.93,+1.5,+20.7,DB	+2.15,+276.4,+21.4,OB	+6.90,+4.2,+20.6,DB	
1701255452.0338688	+6.58,+14.0,+22.1,FA	+6.28,+36.0,+22.2,BA	+6.59,+20.1,+22.2,BA	+6.93,+1.5,+20.7,DB	+2.15,+276.1,+21.4,JB	+6.90,+4.2,+20.7,EB	
1701255514.0431778	+6.58,+14.0,+22.1,FA	+6.28,+36.0,+22.2,BA	+6.59,+20.2,+22.2,AA	+6.93,+1.5,+20.7,DB	+2.15,+276.2,+21.4,IB	+6.90,+4.2,+20.7,EB	
1701255576.0515423	+6.58,+14.0,+22.1,FA	+6.28,+36.1,+22.2,CA	+6.59,+20.0,+22.1,@A	+6.93,+1.5,+20.7,DB	+2.15,+276.2,+21.4,IB	+6.90,+4.1,+20.7,FB	
1701255638.0610838	+6.58,+14.0,+22.1,FA	+6.28,+36.0,+22.2,BA	+6.59,+20.1,+22.1,AA	+6.93,+1.5,+20.7,DB	+2.15,+276.1,+21.4,JB	+6.90,+4.1,+20.6,GB	
1701255700.0698195	+6.58,+14.0,+22.1,FA	+6.28,+36.0,+22.2,BA	+6.59,+20.1,+22.1,AA	+6.93,+1.5,+20.6,EB	+2.15,+276.0,+21.4,KB	+6.90,+4.2,+20.7,EB	
1701255762.0800087	+6.58,+14.0,+22.1,FA	+6.29,+36.0,+22.2,CA	+6.59,+20.0,+22.2,CA	+6.93,+1.5,+20.6,EB	+2.16,+275.8,+21.4,CB	+6.90,+4.1,+20.7,FB	
1701255824.0872977	+6.58,+14.0,+22.1,FA	+6.28,+36.0,+22.2,BA	+6.59,+20.2,+22.2,AA	+6.93,+1.5,+20.7,DB	+2.16,+275.7,+21.4,LB	+6.90,+4.1,+20.7,FB	
1701255886.097447	+6.58,+14.0,+22.1,FA	+6.28,+36.0,+22.2,BA	+6.59,+20.1,+22.2,BA	+6.93,+1.5,+20.7,DB	+2.16,+275.7,+21.4,LB	+6.90,+4.1,+20.7,FB	
1701255948.1062927	+6.58,+13.9,+22.1,HA	+6.28,+36.0,+22.2,BA	+6.59,+20.1,+22.2,BA	+6.93,+1.5,+20.7,DB	+2.15,+276.0,+21.4,KB	+6.90,+4.2,+20.7,EB	
1701256010.1155815	+6.58,+14.0,+22.1,FA	+6.28,+36.0,+22.2,BA	+6.59,+20.1,+22.2,BA	+6.93,+1.5,+20.7,DB	+2.15,+275.9,+21.4,AB	+6.90,+4.2,+20.6,DB	
1701256072.124002	+6.58,+14.0,+22.1,FA	+6.28,+36.0,+22.2,BA	+6.59,+20.1,+22.2,BA	+6.93,+1.5,+20.7,DB	+2.15,+276.1,+21.4,JB	+6.90,+4.2,+20.7,EB	
1701256134.1340053	+6.58,+14.0,+22.1,FA	+6.29,+36.0,+22.2,CA	+6.59,+20.1,+22.2,BA	+6.93,+1.6,+20.7,GB	+2.15,+276.0,+21.4,KB	+6.90,+4.1,+20.7,FB	
1701256196.1450799	+6.58,+14.0,+22.2,EA	+6.28,+36.0,+22.2,BA	+6.59,+20.2,+22.2,AA	+6.93,+1.5,+20.7,DB	+2.15,+276.3,+21.4,HB	+6.90,+4.2,+20.6,DB	
1701256258.151235	+6.58,+14.0,+22.1,FA	+6.28,+36.1,+22.2,CA	+6.59,+20.2,+22.2,AA	+6.93,+1.5,+20.7,DB	+2.15,+276.2,+21.4,IB	+6.90,+4.2,+20.7,EB	
1701256320.1580005	+6.58,+14.0,+22.1,FA	+6.28,+36.0,+22.2,BA	+6.59,+20.1,+22.2,BA	+6.93,+1.5,+20.7,DB	+2.15,+276.2,+21.4,IB	+6.90,+4.2,+20.7,EB	
1701256382.1652524	+6.58,+14.0,+22.1,FA	+6.28,+36.0,+22.2,BA	+6.59,+20.1,+22.1,AA	+6.93,+1.5,+20.6,EB	+2.15,+276.2,+21.4,IB	+6.90,+4.2,+20.6,DB	
1701256444.1745243	+6.58,+13.8,+22.1,IA	+6.29,+36.0,+22.2,CA	+6.59,+20.1,+22.2,BA	+6.93,+1.5,+20.7,DB	+2.15,+276.4,+21.4,OB	+6.90,+4.2,+20.7,EB	
1701256506.1806607	+6.58,+13.8,+22.1,IA	+6.29,+36.0,+22.2,CA	+6.59,+20.1,+22.2,BA	+6.93,+1.5,+20.6,EB	+2.15,+276.2,+21.4,IB	+6.90,+4.2,+20.7,EB	
1701256568.18961	+6.58,+13.9,+22.1,HA	+6.29,+35.9,+22.2,IA	+6.59,+20.1,+22.2,BA	+6.93,+1.5,+20.6,EB	+2.17,+275.1,+21.4,KB	+6.90,+4.2,+20.6,DB	
1701256630.1997783	+6.58,+13.8,+22.1,IA	+6.29,+35.9,+22.2,IA	+6.59,+20.1,+22.2,BA	+6.93,+1.4,+20.6,DB	+2.17,+275.0,+21.4,JB	+6.90,+4.1,+20.7,FB	
1701256692.2093787	+6.58,+13.9,+22.1,HA	+6.28,+36.0,+22.2,BA	+6.59,+20.1,+22.1,AA	+6.93,+1.5,+20.7,DB	+2.17,+275.1,+21.4,KB	+6.90,+4.1,+20.6,GB	
1701256754.219614	+6.58,+13.9,+22.1,HA	+6.28,+36.0,+22.2,BA	+6.59,+20.1,+22.2,BA	+6.93,+1.5,+20.6,EB	+2.17,+275.2,+21.4,HB	+6.90,+4.2,+20.6,DB	
1701256816.2281752	+6.58,+13.9,+22.1,HA	+6.28,+36.0,+22.2,BA	+6.59,+20.1,+22.1,AA	+6.93,+1.5,+20.6,EB	+2.17,+275.3,+21.4,IB	+6.90,+4.2,+20.6,DB	
1701256878.237382	+6.58,+13.9,+22.1,HA	+6.28,+36.1,+22.2,CA	+6.59,+20.1,+22.2,BA	+6.93,+1.5,+20.7,DB	+2.17,+275.0,+21.4,JB	+6.90,+4.1,+20.6,GB	
1701256940.2442126	+6.58,+13.9,+22.1,HA	+6.28,+36.1,+22.2,CA	+6.59,+20.0,+22.2,CA	+6.93,+1.5,+20.7,DB	+2.18,+274.5,+21.4,AB	+6.90,+4.1,+20.6,GB	
1701257002.2508976	+6.58,+13.9,+22.1,HA	+6.28,+36.1,+22.2,CA	+6.59,+20.1,+22.1,AA	+6.93,+1.5,+20.6,EB	+2.18,+274.5,+21.4,AB	+6.90,+4.2,+20.7,EB	
1701257064.258328	+6.58,+13.9,+22.2,KA	+6.29,+35.9,+22.2,IA	+6.59,+20.1,+22.1,AA	+6.93,+1.5,+20.7,DB	+2.18,+274.7,+21.4,CB	+6.90,+4.1,+20.7,FB	
1701257126.2689672	+6.58,+13.9,+22.1,HA	+6.28,+36.0,+22.2,BA	+6.59,+20.1,+22.2,BA	+6.93,+1.5,+20.7,DB	+2.18,+274.5,+21.4,AB	+6.90,+4.1,+20.7,FB	
1701257188.2763522	+6.58,+13.8,+22.1,IA	+6.29,+36.0,+22.2,CA	+6.59,+20.1,+22.2,BA	+6.93,+1.5,+20.6,EB	+2.18,+274.5,+21.4,AB	+6.90,+4.1,+20.7,FB	
1701257250.285599	+6.58,+14.0,+22.1,FA	+6.29,+36.0,+22.2,CA	+6.59,+20.2,+22.2,AA	+6.93,+1.5,+20.7,DB	+2.18,+274.5,+21.4,AB	+6.90,+4.1,+20.6,GB	
1701257312.2947981	+6.58,+13.9,+22.1,HA	+6.28,+36.0,+22.2,BA	+6.59,+20.2,+22.1,BA	+6.93,+1.5,+20.7,DB	+2.18,+274.6,+21.4,BB	+6.90,+4.2,+20.7,EB	
1701257374.3032105	+6.58,+13.9,+22.1,HA	+6.28,+36.0,+22.2,BA	+6.59,+20.1,+22.1,AA	+6.93,+1.5,+20.7,DB	+2.18,+274.4,+21.4,@B	+6.90,+4.1,+20.6,GB	
1701257436.3113446	+6.58,+14.0,+22.1,FA	+6.28,+36.0,+22.2,BA	+6.59,+20.2,+22.1,BA	+6.93,+1.5,+20.7,DB	+2.18,+274.5,+21.4,AB	+6.90,+4.2,+20.7,EB	
1701257498.3199131	+6.58,+13.9,+22.1,HA	+6.28,+36.1,+22.2,CA	+6.59,+20.1,+22.1,AA	+6.93,+1.5,+20.6,EB	+2.18,+274.5,+21.4,AB	+6.90,+4.1,+20.6,GB	
1701257560.3301046	+6.58,+13.9,+22.1,HA	+6.28,+36.3,+22.2,AA	+6.59,+20.1,+22.2,BA	+6.93,+1.5,+20.7,DB	+2.18,+274.2,+21.4,FB	+6.90,+4.1,+20.6,GB	
1701257622.3398056	+6.58,+13.9,+22.1,HA	+6.28,+36.2,+22.2,@A	+6.59,+20.2,+22.1,BA	+6.93,+1.5,+20.6,EB	+2.18,+274.3,+21.4,GB	+6.90,+4.1,+20.6,GB	
1701257684.3454528	+6.58,+13.9,+22.1,HA	+6.28,+36.2,+22.2,@A	+6.59,+20.2,+22.1,BA	+6.93,+1.5,+20.6,EB	+2.18,+274.6,+21.4,BB	+6.90,+4.2,+20.6,DB	
1701257746.3554988	+6.58,+14.0,+22.1,FA	+6.28,+36.1,+22.2,CA	+6.59,+20.2,+22.1,BA	+6.93,+1.5,+20.6,EB	+2.18,+274.3,+21.4,GB	+6.90,+4.2,+20.6,DB	
1701257808.3636615	+6.58,+13.9,+22.1,HA	+6.28,+36.1,+22.2,CA	+6.59,+20.1,+22.1,AA	+6.93,+1.5,+20.6,EB	+2.19,+273.9,+21.4,KB	+6.90,+4.2,+20.6,DB	
1701257870.372252	+6.58,+14.0,+22.1,FA	+6.28,+36.2,+22.2,@A	+6.59,+20.1,+22.1,AA	+6.93,+1.5,+20.6,EB	+2.19,+273.8,+21.4,JB	+6.90,+4.1,+20.6,GB	
1701257932.3825455	+6.58,+13.9,+22.1,HA	+6.28,+36.1,+22.1,@A	+6.59,+20.1,+22.1,AA	+6.93,+1.6,+20.6,FB	+2.18,+274.3,+21.4,GB	+6.90,+4.1,+20.6,GB	
1701257994.3906982	+6.58,+14.0,+22.1,FA	+6.28,+36.1,+22.1,@A	+6.59,+20.0,+22.1,@A	+6.93,+1.6,+20.6,FB	+2.18,+274.3,+21.4,GB	+6.90,+4.2,+20.6,DB	
1701258056.4011376	+6.58,+14.0,+22.1,FA	+6.28,+36.1,+22.2,CA	+6.59,+20.2,+22.1,BA	+6.93,+1.5,+20.6,EB	+2.18,+274.2,+21.4,FB	+6.90,+4.2,+20.6,DB	
1701258118.406785	+6.58,+14.0,+22.1,FA	+6.28,+36.1,+22.2,CA	+6.59,+20.1,+22.1,AA	+6.93,+1.5,+20.6,EB	+2.19,+274.1,+21.3,CB	+6.90,+4.1,+20.6,GB	
1701258180.4123785	+6.58,+14.0,+22.1,FA	+6.28,+36.1,+22.2,CA	+6.59,+20.1,+22.1,AA	+6.93,+1.5,+20.6,EB	+2.19,+273.9,+21.4,KB	+6.90,+4.2,+20.6,DB	
1701258242.4194622	+6.58,+14.0,+22.1,FA	+6.28,+36.0,+22.2,BA	+6.59,+20.1,+22.1,AA	+6.93,+1.5,+20.6,EB	+2.19,+273.8,+21.4,JB	+6.90,+4.2,+20.6,DB	
1701258304.428875	+6.58,+13.9,+22.1,HA	+6.28,+36.2,+22.2,@A	+6.59,+20.1,+22.1,AA	+6.93,+1.4,+20.6,DB	+2.19,+273.9,+21.4,KB	+6.90,+4.1,+20.6,GB	
1701258366.4388127	+6.58,+14.0,+22.1,FA	+6.28,+36.0,+22.1,AA	+6.59,+20.1,+22.1,AA	+6.93,+1.5,+20.6,EB	+2.19,+274.0,+21.4,EB	+6.90,+4.2,+20.6,DB	
1701258428.4483697	+6.58,+14.0,+22.1,FA	+6.28,+36.1,+22.1,@A	+6.59,+20.1,+22.1,AA	+6.93,+1.5,+20.6,EB	+2.19,+274.0,+21.3,BB	+6.90,+4.2,+20.6,DB	
1701258490.4583313	+6.58,+13.9,+22.1,HA	+6.28,+36.0,+22.1,AA	+6.59,+20.0,+22.1,@A	+6.93,+1.5,+20.6,EB	+2.19,+274.0,+21.3,BB	+6.90,+4.2,+20.6,DB	
1701258552.465459	+6.58,+14.0,+22.1,FA	+6.28,+36.0,+22.2,BA	+6.59,+20.2,+22.1,BA	+6.93,+1.5,+20.6,EB	+2.19,+274.0,+21.4,EB	+6.90,+4.2,+20.6,DB	
1701258614.474715	+6.58,+14.0,+22.1,FA	+6.28,+36.2,+22.1,CA	+6.59,+20.2,+22.1,BA	+6.93,+1.5,+20.6,EB	+2.19,+274.1,+21.4,DB	+6.90,+4.2,+20.6,DB	
1701258676.4831493	+6.58,+14.0,+22.1,FA	+6.28,+36.1,+22.1,@A	+6.59,+20.2,+22.1,BA	+6.93,+1.5,+20.6,EB	+2.19,+274.0,+21.4,EB	+6.90,+4.2,+20.6,DB	
1701258922.0204732	+6.58,+14.0,+22.1,FA	+6.28,+36.0,+22.1,AA	+6.59,+20.2,+22.1,BA	+6.93,+1.5,+20.6,EB	+2.19,+273.8,+21.4,JB	+6.90,+4.2,+20.6,DB	
1701258984.0275733	+6.58,+14.0,+22.1,FA	+6.28,+36.0,+22.1,AA	+6.59,+20.1,+22.1,AA	+6.93,+1.6,+20.6,FB	+2.19,+274.0,+21.3,BB	+6.90,+4.2,+20.6,DB	
1701259046.0353818	+6.58,+14.0,+22.1,FA	+6.28,+36.1,+22.1,@A	+6.59,+20.1,+22.1,AA	+6.93,+1.5,+20.6,EB	+2.19,+274.0,+21.4,EB	+6.90,+4.2,+20.6,DB	
1701259108.0441406	+6.58,+14.0,+22.1,FA	+6.28,+36.1,+22.1,@A	+6.59,+20.1,+22.0,@A	+6.93,+1.5,+20.6,EB	+2.19,+274.0,+21.4,EB	+6.90,+4.2,+20.5,GB	
1701259170.051512	+6.58,+14.0,+22.1,FA	+6.29,+36.0,+22.1,@A	+6.59,+20.1,+22.1,AA	+6.93,+1.4,+20.6,DB	+2.19,+274.2,+21.4,GB	+6.90,+4.2,+20.6,DB	
1701259232.0607107	+6.58,+13.8,+22.0,HA	+6.29,+36.0,+22.1,@A	+6.59,+20.2,+22.0,CA	+6.93,+1.5,+20.6,EB	+2.18,+274.3,+21.4,GB	+6.90,+4.2,+20.6,DB	
1701259294.0672667	+6.58,+13.8,+22.1,IA	+6.28,+36.0,+22.1,AA	+6.59,+20.0,+22.1,@A	+6.93,+1.4,+20.6,DB	+2.18,+274.2,+21.4,FB	+6.90,+4.2,+20.6,DB	
1701259356.0767093	+6.58,+13.8,+22.0,HA	+6.28,+36.0,+22.1,AA	+6.59,+20.0,+22.1,@A	+6.93,+1.5,+20.6,EB	+2.18,+274.2,+21.4,FB	+6.90,+4.3,+20.5,FB	
1701259418.0833843	+6.58,+13.9,+22.1,HA	+6.29,+36.0,+22.1,@A	+6.59,+20.0,+22.0,AA	+6.93,+1.5,+20.5,FB	+2.18,+274.2,+21.4,FB	+6.90,+4.2,+20.6,DB	
1701259480.093456	+6.58,+13.9,+22.1,HA	+6.28,+36.0,+22.1,AA	+6.59,+20.1,+22.0,@A	+6.93,+1.5,+20.5,FB	+2.18,+274.3,+21.4,GB	+6.90,+4.2,+20.5,GB	
1701259542.1048408	+6.58,+13.8,+22.0,HA	+6.29,+35.9,+22.1,JA	+6.59,+20.1,+22.0,@A	+6.93,+1.5,+20.6,EB	+2.18,+274.2,+21.4,FB	+6.90,+4.1,+20.6,GB	
1701259604.1146264	+6.58,+13.9,+22.1,HA	+6.29,+35.9,+22.1,JA	+6.59,+20.1,+22.0,@A	+6.93,+1.4,+20.6,DB	+2.18,+274.3,+21.3,@B	+6.90,+4.2,+20.5,GB	
1701259666.1241577	+6.58,+13.8,+22.0,HA	+6.28,+36.1,+22.1,@A	+6.59,+20.1,+22.0,@A	+6.93,+1.5,+20.6,EB	+2.18,+274.3,+21.3,@B	+6.90,+4.3,+20.5,FB	
1701259728.1318946	+6.58,+13.9,+22.0,IA	+6.28,+36.0,+22.1,AA	+6.59,+20.2,+22.0,CA	+6.93,+1.4,+20.5,GB	+2.18,+274.4,+21.3,GB	+6.90,+4.2,+20.5,GB	
1701259790.1428022	+6.58,+13.9,+22.0,IA	+6.28,+36.0,+22.1,AA	+6.59,+20.1,+22.0,@A	+6.93,+1.5,+20.6,EB	+2.18,+274.6,+21.4,BB	+6.90,+4.2,+20.5,GB	
1701259852.1498332	+6.58,+13.9,+22.0,IA	+6.28,+36.0,+22.1,AA	+6.59,+20.1,+22.0,@A	+6.93,+1.4,+20.6,DB	+2.18,+274.6,+21.3,EB	+6.90,+4.2,+20.5,GB	
1701259914.1589954	+6.58,+13.8,+22.0,HA	+6.28,+36.0,+22.1,AA	+6.59,+20.2,+22.0,CA	+6.93,+1.5,+20.5,FB	+2.18,+274.4,+21.3,GB	+6.90,+4.2,+20.5,GB	
1701259976.167903	+6.58,+13.9,+22.0,IA	+6.29,+36.0,+22.1,@A	+6.59,+20.2,+22.0,CA	+6.93,+1.5,+20.6,EB	+2.18,+274.4,+21.4,@B	+6.90,+4.2,+20.5,GB	
1701260038.1758034	+6.58,+13.9,+22.0,IA	+6.29,+36.0,+22.1,@A	+6.59,+20.0,+22.0,AA	+6.93,+1.5,+20.6,EB	+2.18,+274.7,+21.4,CB	+6.90,+4.2,+20.5,GB	
1701260100.1828446	+6.58,+13.9,+22.0,IA	+6.28,+36.0,+22.1,AA	+6.59,+20.1,+22.0,@A	+6.93,+1.5,+20.5,FB	+2.18,+274.6,+21.3,EB	+6.90,+4.2,+20.5,GB	
1701260162.1896057	+6.58,+13.9,+22.0,IA	+6.29,+35.9,+22.1,JA	+6.59,+20.1,+22.0,@A	+6.93,+1.4,+20.5,GB	+2.17,+274.7,+21.4,LB	+6.90,+4.2,+20.5,GB	
1701260224.1974735	+6.58,+13.9,+22.0,IA	+6.29,+36.0,+22.1,@A	+6.59,+20.1,+22.0,@A	+6.93,+1.5,+20.5,FB	+2.17,+274.7,+21.3,KB	+6.90,+4.1,+20.5,DB	
1701260286.2031815	+6.58,+13.9,+22.0,IA	+6.29,+36.0,+22.1,@A	+6.59,+20.1,+22.0,@A	+6.93,+1.5,+20.5,FB	+2.18,+274.7,+21.3,DB	+6.90,+4.1,+20.5,DB	
1701260348.2130334	+6.58,+13.8,+22.0,HA	+6.29,+36.0,+22.1,@A	+6.59,+20.1,+22.0,@A	+6.93,+1.4,+20.5,GB	+2.17,+274.8,+21.3,DB	+6.90,+4.2,+20.5,GB	
1701260410.222699	+6.58,+13.9,+22.0,IA	+6.29,+35.9,+22.0,KA	+6.59,+20.0,+22.0,AA	+6.93,+1.4,+20.5,GB	+2.17,+274.7,+21.3,KB	+6.90,+4.2,+20.5,GB	
1701260472.2300806	+6.58,+13.9,+22.0,IA	+6.29,+35.8,+22.1,KA	+6.59,+20.0,+22.0,AA	+6.93,+1.4,+20.5,GB	+2.18,+274.6,+21.3,EB	+6.90,+4.1,+20.5,DB	
1701260534.239546	+6.58,+13.9,+22.0,IA	+6.29,+35.8,+22.1,KA	+6.59,+20.0,+22.0,AA	+6.93,+1.5,+20.5,FB	+2.18,+274.6,+21.3,EB	+6.90,+4.2,+20.5,GB	
1701260596.2495306	+6.58,+13.9,+22.0,IA	+6.29,+35.8,+22.1,KA	+6.59,+20.0,+22.0,AA	+6.93,+1.4,+20.5,GB	+2.17,+274.7,+21.3,KB	+6.90,+4.2,+20.5,GB	
1701260658.2584972	+6.58,+13.9,+22.0,IA	+6.29,+35.8,+22.0,JA	+6.59,+20.1,+22.0,@A	+6.93,+1.4,+20.5,GB	+2.18,+274.6,+21.3,EB	+6.90,+4.3,+20.5,FB	
1701260720.2670655	+6.58,+13.9,+22.0,IA	+6.29,+35.8,+22.1,KA	+6.59,+20.0,+22.0,AA	+6.93,+1.5,+20.5,FB	+2.17,+274.7,+21.3,KB	+6.90,+4.2,+20.5,GB	
1701260782.2773137	+6.58,+13.9,+22.0,IA	+6.29,+35.8,+22.0,JA	+6.59,+20.1,+22.0,@A	+6.93,+1.5,+20.5,FB	+2.18,+274.6,+21.3,EB	+6.90,+4.2,+20.5,GB	
1701260844.2868457	+6.58,+13.9,+22.0,IA	+6.29,+35.8,+22.1,KA	+6.59,+20.0,+22.0,AA	+6.93,+1.5,+20.5,FB	+2.17,+274.7,+21.3,KB	+6.90,+4.2,+20.5,GB	
1701260906.2971025	+6.58,+13.9,+22.0,IA	+6.29,+35.8,+22.0,JA	+6.59,+20.2,+22.0,CA	+6.93,+1.5,+20.5,FB	+2.18,+274.1,+21.3,BB	+6.90,+4.2,+20.5,GB	
1701260968.3066392	+6.58,+13.9,+22.0,IA	+6.29,+35.9,+22.1,JA	+6.59,+20.2,+22.0,CA	+6.93,+1.5,+20.5,FB	+2.19,+274.1,+21.3,CB	+6.91,+3.7,+20.5,DB	
1701261030.3161454	+6.58,+13.9,+22.0,IA	+6.29,+35.8,+22.1,KA	+6.59,+20.1,+22.0,@A	+6.93,+1.5,+20.5,FB	+2.19,+274.0,+21.3,BB	+6.90,+4.1,+20.5,DB	
1701261092.3264627	+6.58,+14.0,+22.0,GA	+6.29,+35.8,+22.0,JA	+6.59,+20.0,+22.0,AA	+6.93,+1.5,+20.5,FB	+2.19,+274.1,+21.3,CB	+6.90,+4.1,+20.5,DB	
1701261154.3345683	+6.58,+14.0,+22.0,GA	+6.29,+35.8,+22.0,JA	+6.59,+20.1,+22.0,@A	+6.93,+1.4,+20.5,GB	+2.19,+273.9,+21.3,LB	+6.90,+4.1,+20.5,DB	
1701261216.344727	+6.58,+13.9,+22.0,IA	+6.29,+35.9,+22.0,KA	+6.59,+20.2,+22.0,CA	+6.93,+1.5,+20.5,FB	+2.18,+274.2,+21.3,AB	+6.90,+4.1,+20.5,DB	
1701261278.3548617	+6.58,+13.9,+21.9,CA	+6.29,+35.9,+22.0,KA	+6.59,+20.1,+22.0,@A	+6.93,+1.5,+20.5,FB	+2.19,+274.1,+21.3,CB	+6.90,+4.2,+20.4,FB	
1701261340.36361	+6.58,+14.0,+22.0,GA	+6.29,+35.9,+22.0,KA	+6.59,+20.0,+22.0,AA	+6.93,+1.4,+20.5,GB	+2.19,+273.9,+21.3,LB	+6.90,+4.1,+20.5,DB	
1701261402.374251	+6.58,+14.0,+22.0,GA	+6.29,+36.0,+22.0,AA	+6.59,+20.1,+22.0,@A	+6.93,+1.4,+20.5,GB	+2.18,+274.1,+21.3,BB	+6.90,+4.1,+20.4,EB	
1701261464.383943	+6.58,+13.9,+22.0,IA	+6.28,+36.0,+22.0,@A	+6.59,+20.1,+21.9,JA	+6.93,+1.5,+20.5,FB	+2.18,+274.1,+21.3,BB	+6.90,+4.1,+20.4,EB	
1701261526.393278	+6.58,+13.9,+22.0,IA	+6.29,+35.9,+22.0,KA	+6.59,+20.1,+21.9,JA	+6.93,+1.4,+20.5,GB	+2.19,+274.0,+21.3,BB	+6.90,+4.1,+20.4,EB	
1701261588.4018445	+6.58,+14.0,+22.0,GA	+6.29,+35.9,+22.0,KA	+6.59,+20.1,+21.9,JA	+6.93,+1.4,+20.5,GB	+2.19,+274.0,+21.3,BB	+6.90,+4.2,+20.4,FB	
1701261650.410907	+6.58,+13.9,+22.0,IA	+6.29,+35.8,+22.0,JA	+6.59,+20.2,+21.9,IA	+6.93,+1.4,+20.4,FB	+2.18,+274.1,+21.3,BB	+6.90,+4.2,+20.4,FB	
1701261712.4215155	+6.58,+13.9,+22.0,IA	+6.29,+35.9,+22.0,KA	+6.59,+20.0,+21.9,KA	+6.93,+1.4,+20.5,GB	+2.19,+273.8,+21.3,MB	+6.90,+4.1,+20.4,EB	
1701261774.4299035	+6.58,+13.9,+21.9,CA	+6.29,+35.9,+22.0,KA	+6.59,+20.0,+21.9,KA	+6.93,+1.4,+20.5,GB	+2.19,+274.0,+21.3,BB	+6.90,+4.2,+20.4,FB	
1701261836.4397204	+6.58,+13.9,+21.9,CA	+6.29,+35.9,+22.0,KA	+6.59,+20.0,+21.9,KA	+6.93,+1.4,+20.5,GB	+2.19,+274.0,+21.3,BB	+6.90,+4.2,+20.4,FB	
1701261898.4477217	+6.58,+14.0,+22.0,GA	+6.29,+35.8,+22.0,JA	+6.59,+20.0,+21.9,KA	+6.93,+1.5,+20.4,GB	+2.19,+273.9,+21.3,LB	+6.89,+4.4,+20.4,HB	
1701261960.45389	+6.58,+13.9,+21.9,CA	+6.29,+35.9,+22.0,KA	+6.59,+20.1,+21.9,JA	+6.93,+1.5,+20.4,GB	+2.19,+274.0,+21.3,BB	+6.89,+4.4,+20.4,HB	
1701262022.4608502	+6.58,+13.8,+22.0,HA	+6.29,+35.9,+22.0,KA	+6.59,+20.1,+21.9,JA	+6.93,+1.4,+20.4,FB	+2.18,+274.1,+21.3,BB	+6.89,+4.4,+20.4,HB	
1701262084.4707234	+6.58,+13.8,+21.9,BA	+6.29,+35.8,+22.0,JA	+6.59,+20.0,+21.9,KA	+6.93,+1.4,+20.4,FB	+2.19,+274.0,+21.3,BB	+6.89,+4.4,+20.4,HB	
1701262146.4802434	+6.58,+13.8,+21.9,BA	+6.29,+35.9,+22.0,KA	+6.59,+20.1,+21.9,JA	+6.93,+1.5,+20.4,GB	+2.19,+273.8,+21.3,MB	+6.89,+4.4,+20.4,HB	
1701262208.4892395	+6.58,+13.8,+22.0,HA	+6.29,+35.8,+22.0,JA	+6.59,+20.0,+21.9,KA	+6.93,+1.4,+20.4,FB	+2.19,+274.0,+21.3,BB	+6.89,+4.4,+20.4,HB	
1701262270.4972975	+6.58,+13.8,+21.9,BA	+6.29,+35.9,+22.0,KA	+6.59,+20.2,+21.9,IA	+6.93,+1.5,+20.4,GB	+2.19,+274.0,+21.3,BB	+6.89,+4.3,+20.4,OB	
1701262332.501371	+6.58,+13.8,+21.9,BA	+6.29,+36.0,+22.0,AA	+6.59,+20.1,+21.9,JA	+6.93,+1.5,+20.4,GB	+2.18,+274.1,+21.3,BB	+6.89,+4.5,+20.4,IB	
1701262394.5087442	+6.58,+13.8,+21.9,BA	+6.29,+35.9,+22.0,KA	+6.59,+20.1,+21.9,JA	+6.93,+1.4,+20.4,FB	+2.18,+274.0,+21.3,CB	+6.89,+4.6,+20.4,JB	
1701262456.5168939	+6.58,+13.9,+21.9,CA	+6.29,+35.9,+22.0,KA	+6.59,+20.0,+21.9,KA	+6.93,+1.4,+20.4,FB	+2.18,+274.3,+21.3,@B	+6.89,+4.4,+20.4,HB	
1701262518.5248995	+6.58,+13.9,+21.9,CA	+6.29,+35.9,+22.0,KA	+6.59,+20.1,+21.9,JA	+6.93,+1.5,+20.4,GB	+2.18,+274.2,+21.3,AB	+6.90,+4.3,+20.4,GB	
1701262764.1144433	+6.58,+13.8,+21.9,BA	+6.29,+35.9,+22.0,KA	+6.59,+20.0,+21.9,KA	+6.93,+1.4,+20.4,FB	+2.18,+274.0,+21.2,BB	+6.89,+4.3,+20.4,OB	
1701262826.122186	+6.58,+13.9,+21.9,CA	+6.29,+35.9,+21.9,AA	+6.59,+20.1,+21.9,JA	+6.93,+1.4,+20.4,FB	+2.18,+274.4,+21.2,FB	+6.90,+4.3,+20.4,GB	
1701262888.1301532	+6.58,+13.9,+21.9,CA	+6.29,+35.9,+21.9,AA	+6.59,+20.1,+21.9,JA	+6.93,+1.4,+20.4,FB	+2.18,+274.2,+21.3,AB	+6.90,+4.2,+20.4,FB	
1701262950.1399908	+6.58,+13.9,+21.9,CA	+6.29,+35.9,+22.0,KA	+6.59,+20.1,+21.8,KA	+6.93,+1.5,+20.4,GB	+2.18,+274.4,+21.3,GB	+6.89,+4.3,+20.4,OB	
1701263012.148942	+6.58,+13.8,+21.9,BA	+6.29,+35.9,+21.9,AA	+6.59,+20.1,+21.9,JA	+6.93,+1.4,+20.4,FB	+2.18,+274.1,+21.3,BB	+6.90,+4.3,+20.4,GB	
1701263074.1574597	+6.58,+13.8,+21.9,BA	+6.29,+35.9,+21.9,AA	+6.59,+20.0,+21.9,KA	+6.93,+1.4,+20.4,FB	+2.18,+274.3,+21.3,@B	+6.90,+4.3,+20.3,@B	
1701263136.1660345	+6.58,+13.8,+21.9,BA	+6.29,+35.9,+22.0,KA	+6.59,+20.1,+21.9,JA	+6.93,+1.4,+20.4,FB	+2.18,+274.3,+21.2,AB	+6.90,+4.3,+20.3,@B	
1701263198.173082	+6.58,+13.8,+21.9,BA	+6.29,+36.0,+21.9,KA	+6.59,+20.1,+21.9,JA	+6.93,+1.4,+20.4,FB	+2.17,+274.6,+21.2,KB	+6.90,+4.3,+20.3,@B	
1701263260.1824393	+6.58,+13.9,+21.9,CA	+6.29,+35.8,+21.9,@A	+6.59,+20.0,+21.8,JA	+6.93,+1.4,+20.4,FB	+2.18,+274.6,+21.3,EB	+6.90,+4.2,+20.3,AB	
1701263322.191375	+6.58,+13.8,+21.9,BA	+6.29,+35.9,+22.0,KA	+6.59,+19.9,+21.8,IA	+6.93,+1.4,+20.4,FB	+2.18,+274.4,+21.2,FB	+6.90,+4.2,+20.3,AB	
1701263384.1995902	+6.58,+13.8,+21.9,BA	+6.29,+35.9,+22.0,KA	+6.59,+20.0,+21.8,JA	+6.93,+1.4,+20.3,AB	+2.18,+274.3,+21.3,@B	+6.90,+4.2,+20.3,AB	
1701263446.208772	+6.58,+13.9,+21.9,CA	+6.29,+35.9,+21.9,AA	+6.59,+20.1,+21.9,JA	+6.93,+1.4,+20.3,AB	+2.18,+274.3,+21.2,AB	+6.90,+4.2,+20.3,AB	
1701263508.2169747	+6.58,+13.9,+21.9,CA	+6.29,+35.9,+21.9,AA	+6.59,+20.1,+21.9,JA	+6.93,+1.4,+20.3,AB	+2.18,+274.3,+21.2,AB	+6.90,+4.2,+20.3,AB	
1701263570.2247505	+6.58,+13.9,+21.9,CA	+6.29,+35.8,+21.9,@A	+6.59,+20.1,+21.9,JA	+6.93,+1.4,+20.4,FB	+2.18,+274.5,+21.2,GB	+6.90,+4.2,+20.3,AB	
1701263632.234774	+6.58,+13.9,+21.9,CA	+6.29,+36.0,+21.9,KA	+6.59,+20.1,+21.8,KA	+6.93,+1.4,+20.3,AB	+2.18,+274.3,+21.2,AB	+6.90,+4.2,+20.3,AB	
1701263694.2407336	+6.58,+13.9,+21.9,CA	+6.29,+35.9,+21.9,AA	+6.59,+20.1,+21.9,JA	+6.93,+1.4,+20.4,FB	+2.18,+274.4,+21.2,FB	+6.90,+4.2,+20.3,AB	
1701263756.2503593	+6.58,+13.9,+21.8,BA	+6.29,+36.0,+21.9,KA	+6.59,+20.0,+21.8,JA	+6.93,+1.4,+20.3,AB	+2.18,+274.5,+21.2,GB	+6.90,+4.2,+20.3,AB	
1701263818.2563767	+6.58,+13.9,+21.9,CA	+6.28,+36.0,+21.9,JA	+6.59,+20.2,+21.9,IA	+6.93,+1.4,+20.3,AB	+2.18,+274.1,+21.2,CB	+6.90,+4.2,+20.3,AB	
1701263880.264564	+6.58,+13.9,+21.9,CA	+6.29,+36.0,+21.9,KA	+6.59,+20.0,+21.8,JA	+6.93,+1.5,+20.3,@B	+2.17,+274.6,+21.2,KB	+6.90,+4.2,+20.3,AB	
1701263942.2731423	+6.58,+13.9,+21.9,CA	+6.29,+36.0,+21.9,KA	+6.59,+20.1,+21.9,JA	+6.93,+1.4,+20.4,FB	+2.17,+274.6,+21.2,KB	+6.90,+4.2,+20.3,AB	
1701264004.28232	+6.58,+13.9,+21.9,CA	+6.28,+36.0,+21.9,JA	+6.59,+20.0,+21.8,JA	+6.93,+1.4,+20.3,AB	+2.17,+274.8,+21.2,EB	+6.90,+4.2,+20.3,AB	
1701264066.2927456	+6.58,+13.9,+21.9,CA	+6.29,+35.9,+21.9,AA	+6.59,+20.1,+21.8,KA	+6.93,+1.4,+20.3,AB	+2.17,+274.8,+21.2,EB	+6.90,+4.2,+20.3,AB	
1701264128.3001928	+6.58,+13.9,+21.8,BA	+6.29,+35.9,+21.9,AA	+6.59,+20.1,+21.8,KA	+6.93,+1.4,+20.3,AB	+2.17,+274.8,+21.2,EB	+6.90,+4.2,+20.3,AB	
1701264190.3091252	+6.58,+13.9,+21.9,CA	+6.29,+35.9,+21.9,AA	+6.59,+20.1,+21.8,KA	+6.93,+1.4,+20.3,AB	+2.17,+274.8,+21.2,EB	+6.90,+4.2,+20.3,AB	
1701264252.3180044	+6.58,+13.9,+21.8,BA	+6.28,+36.0,+21.9,JA	+6.59,+20.0,+21.8,JA	+6.93,+1.4,+20.3,AB	+2.17,+274.7,+21.2,JB	+6.90,+4.2,+20.3,AB	
1701264314.327189	+6.58,+13.8,+21.8,CA	+6.29,+35.9,+21.9,AA	+6.59,+20.0,+21.8,JA	+6.93,+1.4,+20.3,AB	+2.17,+274.8,+21.2,EB	+6.90,+4.2,+20.3,AB	
1701264376.3354576	+6.58,+13.9,+21.8,BA	+6.29,+35.9,+21.9,AA	+6.59,+20.0,+21.8,JA	+6.93,+1.4,+20.3,AB	+2.17,+274.8,+21.2,EB	+6.90,+4.2,+20.3,AB	
1701264438.3421853	+6.58,+13.9,+21.8,BA	+6.29,+35.9,+21.9,AA	+6.59,+20.0,+21.8,JA	+6.93,+1.5,+20.3,@B	+2.17,+274.9,+21.2,DB	+6.90,+4.1,+20.3,BB	
1701264500.3525202	+6.58,+13.9,+21.8,BA	+6.29,+35.8,+21.9,@A	+6.59,+20.0,+21.8,JA	+6.93,+1.4,+20.3,AB	+2.17,+274.8,+21.2,EB	+6.90,+4.1,+20.3,BB	
1701264562.3604224	+6.58,+13.9,+21.8,BA	+6.29,+35.8,+21.9,@A	+6.59,+20.0,+21.8,JA	+6.93,+1.4,+20.3,AB	+2.17,+274.9,+21.2,DB	+6.90,+4.1,+20.3,BB	
1701264624.3711169	+6.58,+13.9,+21.8,BA	+6.29,+35.9,+21.9,AA	+6.59,+20.0,+21.8,JA	+6.93,+1.5,+20.3,@B	+2.17,+274.7,+21.2,JB	+6.90,+4.2,+20.3,AB	
1701264686.3808784	+6.58,+13.9,+21.8,BA	+6.29,+35.8,+21.9,@A	+6.59,+19.9,+21.8,IA	+6.93,+1.4,+20.3,AB	+2.17,+274.9,+21.2,DB	+6.90,+4.1,+20.3,BB	
1701264748.3876028	+6.58,+13.9,+21.8,BA	+6.29,+36.0,+21.9,KA	+6.59,+19.9,+21.8,IA	+6.93,+1.4,+20.3,AB	+2.17,+274.9,+21.2,DB	+6.90,+4.2,+20.3,AB	
1701264810.3955724	+6.58,+13.9,+21.8,BA	+6.29,+35.9,+21.9,AA	+6.59,+20.0,+21.8,JA	+6.93,+1.4,+20.3,AB	+2.17,+274.9,+21.2,DB	+6.90,+4.1,+20.3,BB	
1701264872.4029639	+6.59,+13.7,+21.8,MA	+6.29,+36.0,+21.9,KA	+6.59,+20.0,+21.8,JA	+6.93,+1.4,+20.3,AB	+2.17,+275.0,+21.2,LB	+6.90,+4.1,+20.3,BB	
1701264934.4134386	+6.59,+13.7,+21.8,MA	+6.29,+35.9,+21.9,AA	+6.59,+20.0,+21.8,JA	+6.93,+1.4,+20.3,AB	+2.17,+275.0,+21.2,LB	+6.90,+4.2,+20.3,AB	
1701264996.4228728	+6.58,+13.7,+21.8,LA	+6.29,+35.9,+21.9,AA	+6.59,+20.0,+21.8,JA	+6.93,+1.4,+20.3,AB	+2.17,+274.7,+21.2,JB	+6.90,+4.1,+20.3,BB	
1701265058.4337585	+6.59,+13.7,+21.8,MA	+6.28,+36.0,+21.9,JA	+6.59,+20.0,+21.8,JA	+6.93,+1.4,+20.3,AB	+2.18,+274.5,+21.2,GB	+6.90,+4.1,+20.3,BB	
1701265120.4430907	+6.58,+13.7,+21.8,LA	+6.29,+35.9,+21.9,AA	+6.59,+20.0,+21.8,JA	+6.93,+1.4,+20.3,AB	+2.17,+274.7,+21.2,JB	+6.90,+4.1,+20.3,BB	
1701265182.4540443	+6.58,+13.8,+21.8,CA	+6.28,+36.0,+21.9,JA	+6.59,+20.0,+21.8,JA	+6.93,+1.4,+20.3,AB	+2.17,+274.8,+21.2,EB	+6.90,+4.1,+20.3,BB	
1701265244.4628308	+6.59,+13.7,+21.8,MA	+6.29,+35.9,+21.9,AA	+6.59,+20.0,+21.8,JA	+6.93,+1.4,+20.3,AB	+2.17,+274.8,+21.2,EB	+6.90,+4.1,+20.3,BB	
1701265306.4711115	+6.59,+13.7,+21.8,MA	+6.28,+36.0,+21.9,JA	+6.59,+20.0,+21.8,JA	+6.93,+1.4,+20.3,AB	+2.17,+274.7,+21.2,JB	+6.90,+4.2,+20.2,@B	
1701265368.4795003	+6.58,+13.7,+21.8,LA	+6.29,+35.9,+21.9,AA	+6.59,+20.0,+21.8,JA	+6.93,+1.4,+20.3,AB	+2.17,+274.8,+21.2,EB	+6.90,+4.1,+20.2,CB	
1701265430.4895613	+6.58,+13.8,+21.8,CA	+6.28,+36.0,+21.9,JA	+6.59,+20.0,+21.8,JA	+6.93,+1.4,+20.3,AB	+2.17,+274.9,+21.2,DB	+6.90,+4.1,+20.2,CB	
1701265492.499827	+6.59,+13.7,+21.8,MA	+6.28,+36.0,+21.9,JA	+6.59,+20.0,+21.8,JA	+6.93,+1.4,+20.3,AB	+2.17,+274.7,+21.2,JB	+6.90,+4.2,+20.3,AB	
1701265554.5102112	+6.58,+13.8,+21.8,CA	+6.28,+36.0,+21.9,JA	+6.59,+19.9,+21.8,IA	+6.93,+1.4,+20.3,AB	+2.17,+274.9,+21.1,GB	+6.90,+4.1,+20.2,CB	
1701265616.5178485	+6.58,+13.8,+21.8,CA	+6.28,+36.0,+21.9,JA	+6.59,+19.9,+21.8,IA	+6.93,+1.4,+20.3,AB	+2.17,+275.0,+21.2,LB	+6.90,+4.1,+20.2,CB	
1701265678.5266557	+6.58,+13.8,+21.8,CA	+6.28,+36.0,+21.9,JA	+6.59,+20.0,+21.8,JA	+6.93,+1.4,+20.2,@B	+2.17,+274.9,+21.2,DB	+6.90,+4.1,+20.2,CB	
1701265740.5327618	+6.58,+13.8,+21.8,CA	+6.28,+36.0,+21.9,JA	+6.59,+20.0,+21.8,JA	+6.93,+1.4,+20.3,AB	+2.17,+274.9,+21.2,DB	+6.90,+4.2,+20.2,@B	
1701265802.543198	+6.58,+13.7,+21.8,LA	+6.28,+36.0,+21.9,JA	+6.59,+19.9,+21.8,IA	+6.93,+1.4,+20.2,@B	+2.17,+274.9,+21.2,DB	+6.90,+4.1,+20.2,CB	
1701265864.5519953	+6.58,+13.8,+21.8,CA	+6.28,+36.1,+21.8,JA	+6.59,+19.9,+21.7,FA	+6.93,+1.4,+20.2,@B	+2.17,+274.8,+21.2,EB	+6.90,+4.1,+20.2,CB	
1701265926.5615053	+6.58,+13.8,+21.8,CA	+6.28,+36.1,+21.8,JA	+6.59,+20.0,+21.8,JA	+6.93,+1.4,+20.3,AB	+2.17,+274.8,+21.1,FB	+6.90,+4.1,+20.2,CB	
1701265988.5688753	+6.58,+13.8,+21.7,LA	+6.28,+36.1,+21.8,JA	+6.59,+20.0,+21.7,EA	+6.93,+1.4,+20.2,@B	+2.17,+275.0,+21.2,LB	+6.90,+4.1,+20.2,CB	
1701266050.5777295	+6.58,+13.8,+21.7,LA	+6.28,+36.0,+21.8,KA	+6.59,+19.9,+21.8,IA	+6.93,+1.4,+20.2,@B	+2.17,+274.9,+21.1,GB	+6.90,+4.1,+20.2,CB	
1701266112.5869648	+6.58,+13.8,+21.8,CA	+6.28,+36.0,+21.8,KA	+6.59,+20.0,+21.7,EA	+6.93,+1.3,+20.2,GB	+2.17,+274.9,+21.1,GB	+6.90,+4.1,+20.2,CB	
1701266174.5967631	+6.58,+13.8,+21.8,CA	+6.28,+36.1,+21.8,JA	+6.59,+20.0,+21.7,EA	+6.93,+1.3,+20.2,GB	+2.17,+274.9,+21.1,GB	+6.90,+4.1,+20.2,CB	
1701266236.6061563	+6.58,+13.8,+21.7,LA	+6.28,+36.0,+21.8,KA	+6.59,+19.9,+21.7,FA	+6.93,+1.4,+20.2,@B	+2.17,+274.9,+21.1,GB	+6.90,+4.1,+20.2,CB	
1701266298.6163013	+6.58,+13.8,+21.7,LA	+6.28,+36.1,+21.8,JA	+6.59,+20.0,+21.7,EA	+6.93,+1.4,+20.2,@B	+2.17,+274.8,+21.1,FB	+6.90,+4.1,+20.2,CB	
1701266360.6261783	+6.58,+13.8,+21.7,LA	+6.28,+36.0,+21.8,KA	+6.59,+20.0,+21.7,EA	+6.93,+1.4,+20.2,@B	+2.17,+274.9,+21.1,GB	+6.90,+4.2,+20.2,@B	
1701266606.1636646	+6.58,+13.8,+21.7,LA	+6.28,+36.0,+21.8,KA	+6.59,+20.1,+21.7,DA	+6.93,+1.3,+20.2,GB	+2.18,+274.4,+21.1,EB	+6.90,+4.1,+20.1,@B	
1701266668.173148	+6.58,+13.8,+21.7,LA	+6.29,+35.9,+21.8,@A	+6.59,+20.0,+21.7,EA	+6.93,+1.4,+20.2,@B	+2.17,+274.7,+21.1,IB	+6.90,+4.1,+20.1,@B	
1701266730.1833065	+6.58,+13.8,+21.7,LA	+6.28,+36.0,+21.8,KA	+6.59,+20.0,+21.7,EA	+6.93,+1.4,+20.2,@B	+2.17,+274.7,+21.1,IB	+6.90,+4.1,+20.1,@B	
1701266792.1924124	+6.58,+13.9,+21.7,MA	+6.29,+35.9,+21.8,@A	+6.59,+19.9,+21.7,FA	+6.93,+1.4,+20.2,@B	+2.17,+274.7,+21.1,IB	+6.90,+4.2,+20.1,CB	
1701266854.2011638	+6.58,+13.8,+21.7,LA	+6.28,+36.0,+21.8,KA	+6.59,+20.0,+21.7,EA	+6.93,+1.3,+20.2,GB	+2.17,+274.6,+21.1,HB	+6.90,+4.1,+20.1,@B	
1701266916.2108066	+6.58,+13.9,+21.7,MA	+6.28,+36.0,+21.8,KA	+6.59,+20.0,+21.7,EA	+6.93,+1.4,+20.2,@B	+2.17,+274.6,+21.1,HB	+6.90,+4.2,+20.1,CB	
1701266978.2206903	+6.58,+13.8,+21.7,LA	+6.28,+36.0,+21.8,KA	+6.59,+20.0,+21.7,EA	+6.93,+1.4,+20.2,@B	+2.18,+274.4,+21.1,EB	+6.90,+4.1,+20.2,CB	
1701267040.2308135	+6.58,+13.8,+21.7,LA	+6.28,+36.0,+21.8,KA	+6.59,+20.0,+21.7,EA	+6.93,+1.5,+20.2,AB	+2.18,+274.4,+21.1,EB	+6.90,+4.2,+20.1,CB	
1701267102.2414734	+6.58,+13.8,+21.7,LA	+6.28,+36.0,+21.8,KA	+6.59,+20.0,+21.7,EA	+6.93,+1.4,+20.2,@B	+2.17,+274.5,+21.1,KB	+6.90,+4.2,+20.1,CB	
1701267164.2497046	+6.58,+13.9,+21.7,MA	+6.28,+36.0,+21.8,KA	+6.59,+20.0,+21.7,EA	+6.93,+1.4,+20.2,@B	+2.17,+274.6,+21.1,HB	+6.90,+4.2,+20.2,@B	
1701267226.252113	+6.58,+13.9,+21.7,MA	+6.29,+35.9,+21.8,@A	+6.59,+20.0,+21.7,EA	+6.93,+1.4,+20.2,@B	+2.17,+274.7,+21.1,IB	+6.90,+4.2,+20.1,CB	
1701267288.262313	+6.58,+13.8,+21.7,LA	+6.29,+35.9,+21.8,@A	+6.59,+19.9,+21.7,FA	+6.93,+1.4,+20.2,@B	+2.17,+274.7,+21.1,IB	+6.90,+4.1,+20.1,@B	
1701267350.2716238	+6.58,+13.9,+21.7,MA	+6.28,+36.0,+21.8,KA	+6.59,+19.9,+21.7,FA	+6.93,+1.3,+20.2,GB	+2.17,+274.5,+21.1,KB	+6.90,+4.2,+20.1,CB	
1701267412.2812057	+6.58,+13.8,+21.7,LA	+6.28,+36.0,+21.8,KA	+6.59,+19.9,+21.7,FA	+6.93,+1.4,+20.2,@B	+2.17,+274.7,+21.1,IB	+6.90,+4.1,+20.1,@B	
1701267474.2904062	+6.58,+13.8,+21.7,LA	+6.29,+35.9,+21.8,@A	+6.59,+20.0,+21.7,EA	+6.93,+1.4,+20.2,@B	+2.17,+274.7,+21.1,IB	+6.90,+4.2,+20.1,CB	
1701267536.3016627	+6.58,+13.9,+21.7,MA	+6.28,+36.0,+21.8,KA	+6.59,+19.9,+21.7,FA	+6.93,+1.4,+20.2,@B	+2.17,+274.6,+21.1,HB	+6.90,+4.1,+20.1,@B	
1701267598.3109345	+6.58,+13.8,+21.7,LA	+6.29,+35.9,+21.8,@A	+6.59,+20.0,+21.7,EA	+6.93,+1.3,+20.2,GB	+2.17,+274.6,+21.1,HB	+6.90,+4.2,+20.1,CB	
1701267660.3190668	+6.58,+13.9,+21.7,MA	+6.29,+35.9,+21.7,OA	+6.59,+20.0,+21.7,EA	+6.93,+1.4,+20.2,@B	+2.17,+274.6,+21.1,HB	+6.90,+4.1,+20.1,@B	
1701267722.328117	+6.58,+13.8,+21.7,LA	+6.28,+36.0,+21.8,KA	+6.59,+20.0,+21.6,DA	+6.93,+1.4,+20.2,@B	+2.17,+274.6,+21.1,HB	+6.90,+4.2,+20.1,CB	
1701267784.3371077	+6.58,+13.8,+21.7,LA	+6.29,+35.9,+21.7,OA	+6.59,+19.9,+21.6,GA	+6.93,+1.4,+20.2,@B	+2.17,+274.6,+21.1,HB	+6.90,+4.1,+20.1,@B	
1701267846.3462412	+6.59,+13.7,+21.6,CA	+6.29,+35.9,+21.7,OA	+6.59,+19.9,+21.6,GA	+6.93,+1.4,+20.2,@B	+2.17,+274.7,+21.1,IB	+6.90,+4.1,+20.1,@B	
1701267908.3508356	+6.59,+13.7,+21.6,CA	+6.29,+35.9,+21.7,OA	+6.59,+19.9,+21.7,FA	+6.93,+1.4,+20.2,@B	+2.17,+274.7,+21.1,IB	+6.90,+4.1,+20.1,@B	
1701267970.3597517	+6.59,+13.7,+21.7,BA	+6.29,+35.9,+21.7,OA	+6.59,+19.9,+21.6,GA	+6.93,+1.5,+20.2,AB	+2.17,+274.7,+21.1,IB	+6.90,+4.1,+20.1,@B	
1701268032.3669558	+6.59,+13.6,+21.7,CA	+6.29,+35.9,+21.7,OA	+6.59,+19.9,+21.6,GA	+6.93,+1.4,+20.2,@B	+2.17,+274.6,+21.1,HB	+6.90,+4.2,+20.1,CB	
1701268094.3766923	+6.59,+13.7,+21.7,BA	+6.29,+35.9,+21.7,OA	+6.59,+19.9,+21.6,GA	+6.93,+1.4,+20.1,CB	+2.18,+274.4,+21.1,EB	+6.90,+4.2,+20.1,CB	
1701268156.3868132	+6.58,+13.8,+21.6,MA	+6.29,+35.9,+21.7,OA	+6.59,+19.9,+21.6,GA	+6.93,+1.4,+20.1,CB	+2.17,+274.5,+21.1,KB	+6.90,+4.2,+20.1,CB	
1701268218.396973	+6.59,+13.7,+21.6,CA	+6.29,+35.9,+21.7,OA	+6.59,+19.9,+21.6,GA	+6.93,+1.4,+20.2,@B	+2.18,+274.3,+21.1,BB	+6.90,+4.2,+20.1,CB	
1701268280.4064317	+6.59,+13.7,+21.6,CA	+6.29,+35.9,+21.7,OA	+6.59,+19.9,+21.6,GA	+6.93,+1.4,+20.1,CB	+2.18,+274.3,+21.0,CB	+6.90,+4.1,+20.1,@B	
1701268342.416102	+6.59,+13.7,+21.6,CA	+6.29,+35.9,+21.7,OA	+6.59,+20.0,+21.6,DA	+6.93,+1.4,+20.1,CB	+2.18,+274.3,+21.0,CB	+6.90,+4.1,+20.1,@B	
1701268404.4242687	+6.59,+13.7,+21.6,CA	+6.29,+35.9,+21.7,OA	+6.59,+19.9,+21.6,GA	+6.93,+1.3,+20.1,DB	+2.19,+273.7,+21.0,AB	+6.90,+4.3,+20.1,BB	
1701268466.434353	+6.59,+13.7,+21.6,CA	+6.29,+35.9,+21.7,OA	+6.59,+19.9,+21.6,GA	+6.93,+1.4,+20.1,CB	+2.19,+273.6,+21.1,AB	+6.90,+4.2,+20.1,CB	
1701268528.4438972	+6.59,+13.7,+21.6,CA	+6.29,+35.8,+21.7,NA	+6.59,+19.9,+21.6,GA	+6.93,+1.3,+20.1,DB	+2.19,+273.7,+21.1,@B	+6.90,+4.2,+20.1,CB	
1701268590.4542546	+6.59,+13.7,+21.6,CA	+6.29,+35.9,+21.7,OA	+6.59,+19.9,+21.6,GA	+6.93,+1.3,+20.1,DB	+2.19,+273.7,+21.1,@B	+6.90,+4.2,+20.1,CB	
1701268652.4607632	+6.59,+13.7,+21.6,CA	+6.29,+35.8,+21.7,NA	+6.59,+20.0,+21.6,DA	+6.93,+1.4,+20.1,CB	+2.19,+273.6,+21.0,@B	+6.90,+4.2,+20.0,BB	
1701268714.4711678	+6.59,+13.7,+21.6,CA	+6.29,+35.8,+21.7,NA	+6.59,+20.0,+21.6,DA	+6.93,+1.4,+20.1,CB	+2.19,+273.7,+21.0,AB	+6.90,+4.2,+20.0,BB	
1701268776.4820783	+6.59,+13.7,+21.6,CA	+6.29,+35.9,+21.7,OA	+6.59,+20.0,+21.6,DA	+6.93,+1.4,+20.1,CB	+2.19,+273.7,+21.0,AB	+6.90,+4.1,+20.0,AB	
1701268838.489924	+6.58,+13.8,+21.6,MA	+6.29,+35.9,+21.7,OA	+6.59,+20.0,+21.6,DA	+6.93,+1.3,+20.1,DB	+2.19,+273.6,+21.0,@B	+6.90,+4.1,+20.0,AB	
1701268900.498223	+6.59,+13.7,+21.6,CA	+6.29,+35.9,+21.7,OA	+6.59,+19.9,+21.6,GA	+6.93,+1.4,+20.1,CB	+2.19,+273.5,+21.0,CB	+6.90,+4.1,+20.0,AB	
1701268962.50458	+6.58,+13.7,+21.6,BA	+6.29,+35.9,+21.7,OA	+6.59,+19.9,+21.6,GA	+6.93,+1.3,+20.1,DB	+2.19,+273.7,+21.0,AB	+6.90,+4.1,+20.0,AB	
1701269024.5148666	+6.59,+13.7,+21.6,CA	+6.29,+35.8,+21.7,NA	+6.59,+20.0,+21.6,DA	+6.93,+1.4,+20.1,CB	+2.19,+273.7,+21.0,AB	+6.90,+4.1,+20.0,AB	
1701269086.523864	+6.58,+13.8,+21.6,MA	+6.29,+35.8,+21.7,NA	+6.59,+19.9,+21.6,GA	+6.93,+1.3,+20.1,DB	+2.19,+273.5,+21.0,CB	+6.90,+4.2,+20.0,BB	
1701269148.5331001	+6.59,+13.7,+21.6,CA	+6.29,+35.8,+21.7,NA	+6.59,+20.0,+21.6,DA	+6.93,+1.3,+20.1,DB	+2.19,+273.5,+21.0,CB	+6.90,+4.1,+20.0,AB	
1701269210.5420966	+6.59,+13.7,+21.6,CA	+6.29,+35.7,+21.7,AA	+6.59,+19.9,+21.6,GA	+6.93,+1.4,+20.1,CB	+2.19,+273.6,+21.0,@B	+6.90,+4.1,+20.0,AB	
1701269272.5519032	+6.59,+13.7,+21.6,CA	+6.29,+35.8,+21.7,NA	+6.59,+19.9,+21.6,GA	+6.93,+1.3,+20.1,DB	+2.19,+273.4,+21.0,BB	+6.90,+4.2,+20.0,BB	
1701269334.5600116	+6.59,+13.7,+21.6,CA	+6.29,+35.9,+21.7,OA	+6.59,+20.0,+21.6,DA	+6.93,+1.4,+20.1,CB	+2.19,+273.5,+21.0,CB	+6.90,+4.2,+20.0,BB	
1701269396.5702956	+6.58,+13.8,+21.6,MA	+6.29,+35.8,+21.7,NA	+6.59,+20.0,+21.6,DA	+6.93,+1.3,+20.0,EB	+2.19,+273.5,+21.0,CB	+6.90,+4.2,+20.0,BB	
1701269458.5790532	+6.58,+13.8,+21.5,NA	+6.29,+35.8,+21.7,NA	+6.59,+19.9,+21.6,GA	+6.93,+1.3,+20.0,EB	+2.19,+273.4,+21.0,BB	+6.90,+4.1,+20.0,AB	
1701269520.5853245	+6.58,+13.7,+21.5,AA	+6.29,+35.8,+21.7,NA	+6.59,+20.0,+21.5,GA	+6.93,+1.3,+20.0,EB	+2.19,+273.5,+21.0,CB	+6.90,+4.2,+20.0,BB	
1701269582.5955052	+6.58,+13.8,+21.6,MA	+6.29,+35.9,+21.7,OA	+6.59,+20.0,+21.6,DA	+6.93,+1.3,+20.0,EB	+2.19,+273.6,+21.0,@B	+6.90,+4.1,+20.0,AB	
1701269644.6010008	+6.59,+13.7,+21.5,@A	+6.29,+35.7,+21.6,@A	+6.59,+19.9,+21.5,DA	+6.93,+1.4,+20.0,BB	+2.19,+273.6,+21.0,@B	+6.90,+4.1,+20.0,AB	
1701269706.6095085	+6.58,+13.7,+21.5,AA	+6.29,+35.7,+21.6,@A	+6.59,+19.9,+21.5,DA	+6.93,+1.4,+20.0,BB	+2.19,+273.6,+21.0,@B	+6.90,+4.2,+20.0,BB	
1701269768.6192157	+6.58,+13.8,+21.5,NA	+6.29,+35.8,+21.6,OA	+6.59,+19.8,+21.5,EA	+6.93,+1.3,+20.0,EB	+2.19,+273.5,+21.0,CB	+6.90,+4.2,+20.0,BB	
1701269830.6285253	+6.58,+13.8,+21.6,MA	+6.29,+35.7,+21.6,@A	+6.59,+19.9,+21.5,DA	+6.93,+1.4,+20.0,BB	+2.19,+273.6,+21.0,@B	+6.90,+4.2,+20.0,BB	
1701269892.6392145	+6.58,+13.8,+21.5,NA	+6.29,+35.7,+21.7,AA	+6.59,+19.9,+21.5,DA	+6.93,+1.3,+20.0,EB	+2.19,+273.5,+21.0,CB	+6.90,+4.2,+20.0,BB	
1701269954.6475031	+6.58,+13.7,+21.5,AA	+6.29,+35.8,+21.6,OA	+6.59,+19.9,+21.5,DA	+6.93,+1.3,+20.0,EB	+2.19,+273.6,+21.0,@B	+6.90,+4.2,+20.0,BB	
1701270016.6576407	+6.59,+13.7,+21.5,@A	+6.28,+35.9,+21.6,OA	+6.59,+20.0,+21.5,GA	+6.93,+1.3,+20.0,EB	+2.19,+273.5,+21.0,CB	+6.90,+4.2,+20.0,BB	
1701270078.6614306	+6.58,+13.8,+21.5,NA	+6.28,+36.0,+21.6,EA	+6.59,+19.9,+21.5,DA	+6.93,+1.4,+20.0,BB	+2.19,+273.5,+21.0,CB	+6.90,+4.2,+19.9,AB	
1701270140.6700342	+6.58,+13.7,+21.5,AA	+6.28,+36.0,+21.6,EA	+6.59,+20.0,+21.5,GA	+6.93,+1.4,+20.0,BB	+2.19,+273.5,+21.0,CB	+6.90,+4.2,+19.9,AB	
1701270202.6791773	+6.58,+13.8,+21.5,NA	+6.29,+35.9,+21.6,NA	+6.59,+19.9,+21.5,DA	+6.93,+1.4,+20.0,BB	+2.19,+273.5,+21.0,CB	+6.90,+4.2,+20.0,BB	
1701270448.2600033	+6.58,+13.8,+21.5,NA	+6.29,+35.8,+21.6,OA	+6.59,+20.0,+21.5,GA	+6.93,+1.3,+20.0,EB	+2.19,+273.3,+21.0,EB	+6.90,+4.2,+19.9,AB	
1701270510.269041	+6.58,+13.7,+21.5,AA	+6.29,+35.7,+21.6,@A	+6.59,+19.9,+21.5,DA	+6.93,+1.3,+20.0,EB	+2.19,+273.7,+21.0,AB	+6.90,+3.9,+19.9,MB	
1701270572.2771752	+6.58,+13.8,+21.5,NA	+6.29,+35.6,+21.6,AA	+6.59,+19.9,+21.5,DA	+6.93,+1.3,+20.0,EB	+2.19,+273.5,+20.9,KB	+6.90,+3.9,+19.9,MB	
1701270634.285096	+6.58,+13.8,+21.5,NA	+6.29,+35.7,+21.6,@A	+6.59,+19.9,+21.5,DA	+6.93,+1.4,+20.0,BB	+2.19,+273.6,+20.9,HB	+6.90,+3.9,+19.9,MB	
1701270696.2914834	+6.58,+13.8,+21.5,NA	+6.29,+35.7,+21.6,@A	+6.59,+19.9,+21.5,DA	+6.93,+1.3,+20.0,EB	+2.19,+273.5,+20.9,KB	+6.90,+3.9,+19.9,MB	
1701270758.2983592	+6.58,+13.7,+21.5,AA	+6.29,+35.7,+21.6,@A	+6.59,+19.9,+21.5,DA	+6.93,+1.4,+20.0,BB	+2.19,+273.4,+21.0,BB	+6.90,+3.9,+19.9,MB	
1701270820.309651	+6.58,+13.8,+21.5,NA	+6.29,+35.6,+21.6,AA	+6.59,+19.9,+21.5,DA	+6.93,+1.3,+20.0,EB	+2.19,+273.4,+20.9,JB	+6.90,+3.9,+19.9,MB	
1701270882.3190415	+6.58,+13.8,+21.5,NA	+6.29,+35.7,+21.6,@A	+6.59,+19.9,+21.5,DA	+6.93,+1.3,+20.0,EB	+2.20,+273.1,+20.9,EB	+6.90,+4.0,+19.9,CB	
1701270944.329488	+6.59,+13.5,+21.5,BA	+6.29,+35.7,+21.6,@A	+6.59,+19.9,+21.5,DA	+6.93,+1.3,+20.0,EB	+2.19,+273.4,+20.9,JB	+6.90,+3.9,+19.9,MB	
1701271006.3366725	+6.59,+13.6,+21.5,AA	+6.29,+35.8,+21.6,OA	+6.59,+19.9,+21.5,DA	+6.93,+1.3,+20.0,EB	+2.19,+273.4,+20.9,JB	+6.90,+4.0,+19.9,CB	
1701271068.3454745	+6.59,+13.6,+21.5,AA	+6.29,+35.8,+21.6,OA	+6.59,+19.9,+21.5,DA	+6.93,+1.3,+20.0,EB	+2.19,+273.5,+20.9,KB	+6.90,+4.0,+19.9,CB	
1701271130.3555477	+6.59,+13.6,+21.5,AA	+6.29,+35.8,+21.6,OA	+6.59,+20.0,+21.5,GA	+6.93,+1.3,+20.0,EB	+2.19,+273.5,+20.9,KB	+6.90,+3.9,+19.9,MB	
1701271192.3658206	+6.59,+13.6,+21.5,AA	+6.29,+35.6,+21.6,AA	+6.59,+19.9,+21.5,DA	+6.93,+1.4,+20.0,BB	+2.19,+273.4,+20.9,JB	+6.90,+3.9,+19.9,MB	
1701271254.37467	+6.59,+13.7,+21.5,@A	+6.29,+35.7,+21.6,@A	+6.59,+19.9,+21.5,DA	+6.93,+1.3,+20.0,EB	+2.19,+273.6,+20.9,HB	+6.90,+3.9,+19.9,MB	
1701271316.3842287	+6.59,+13.6,+21.5,AA	+6.29,+35.6,+21.6,AA	+6.59,+19.8,+21.5,EA	+6.93,+1.3,+20.0,EB	+2.19,+273.4,+20.9,JB	+6.90,+3.9,+19.9,MB	
1701271378.39264	+6.59,+13.6,+21.5,AA	+6.29,+35.7,+21.6,@A	+6.59,+19.9,+21.5,DA	+6.93,+1.3,+20.0,EB	+2.19,+273.3,+20.9,MB	+6.90,+3.9,+19.9,MB	
1701271440.4001687	+6.59,+13.7,+21.5,@A	+6.29,+35.7,+21.6,@A	+6.59,+19.8,+21.5,EA	+6.93,+1.3,+20.0,EB	+2.19,+273.4,+20.9,JB	+6.90,+3.9,+19.9,MB	
1701271502.408228	+6.59,+13.6,+21.5,AA	+6.29,+35.8,+21.6,OA	+6.59,+19.9,+21.5,DA	+6.93,+1.3,+20.0,EB	+2.19,+273.5,+20.9,KB	+6.90,+3.9,+19.9,MB	
1701271564.4159074	+6.59,+13.6,+21.5,AA	+6.29,+35.7,+21.6,@A	+6.59,+19.9,+21.5,DA	+6.93,+1.3,+20.0,EB	+2.19,+273.5,+20.9,KB	+6.90,+3.9,+19.9,MB	
1701271626.4251318	+6.59,+13.6,+21.5,AA	+6.29,+35.7,+21.6,@A	+6.59,+19.8,+21.4,DA	+6.93,+1.3,+20.0,EB	+2.19,+273.6,+20.9,HB	+6.90,+3.9,+19.9,MB	
1701271688.4337232	+6.59,+13.6,+21.5,AA	+6.29,+35.7,+21.6,@A	+6.59,+19.8,+21.5,EA	+6.93,+1.3,+20.0,EB	+2.19,+273.5,+20.9,KB	+6.90,+3.9,+19.9,MB	
1701271750.4428983	+6.59,+13.6,+21.5,AA	+6.29,+35.7,+21.5,CA	+6.59,+19.8,+21.5,EA	+6.93,+1.3,+20.0,EB	+2.19,+273.7,+20.9,IB	+6.90,+3.9,+19.9,MB	
1701271812.451953	+6.59,+13.7,+21.5,@A	+6.29,+35.7,+21.6,@A	+6.59,+19.9,+21.4,EA	+6.93,+1.3,+19.9,FB	+2.19,+273.6,+20.9,HB	+6.90,+3.9,+19.9,MB	
1701271874.457473	+6.59,+13.7,+21.5,@A	+6.29,+35.6,+21.6,AA	+6.59,+19.9,+21.5,DA	+6.93,+1.3,+20.0,EB	+2.19,+273.4,+20.9,JB	+6.90,+3.9,+19.9,MB	
1701271936.4671173	+6.59,+13.6,+21.5,AA	+6.29,+35.7,+21.5,CA	+6.59,+19.8,+21.4,DA	+6.93,+1.3,+20.0,EB	+2.19,+273.4,+20.9,JB	+6.90,+4.0,+19.9,CB	
1701271998.477037	+6.59,+13.7,+21.5,@A	+6.29,+35.7,+21.6,@A	+6.59,+19.8,+21.4,DA	+6.93,+1.3,+19.9,FB	+2.19,+273.4,+20.9,JB	+6.90,+4.0,+19.9,CB	
1701272060.486704	+6.59,+13.7,+21.5,@A	+6.29,+35.7,+21.5,CA	+6.59,+19.9,+21.4,EA	+6.93,+1.3,+19.9,FB	+2.19,+273.4,+20.9,JB	+6.90,+3.9,+19.9,MB	
1701272122.4957676	+6.59,+13.7,+21.5,@A	+6.29,+35.7,+21.6,@A	+6.59,+19.8,+21.4,DA	+6.93,+1.3,+19.9,FB	+2.19,+273.5,+20.9,KB	+6.90,+3.9,+19.9,MB	
1701272184.5032227	+6.59,+13.6,+21.5,AA	+6.29,+35.6,+21.5,BA	+6.59,+19.8,+21.4,DA	+6.93,+1.3,+19.9,FB	+2.19,+273.5,+20.9,KB	+6.90,+4.0,+19.9,CB	
1701272246.5130491	+6.59,+13.7,+21.4,AA	+6.29,+35.7,+21.5,CA	+6.59,+19.8,+21.4,DA	+6.93,+1.4,+19.9,AB	+2.19,+273.4,+20.9,JB	+6.90,+3.9,+19.8,LB	
1701272308.5194626	+6.59,+13.7,+21.4,AA	+6.29,+35.7,+21.5,CA	+6.59,+19.8,+21.4,DA	+6.93,+1.4,+19.9,AB	+2.19,+273.5,+20.9,KB	+6.90,+3.9,+19.9,MB	
1701272370.5287447	+6.59,+13.7,+21.4,AA	+6.29,+35.7,+21.5,CA	+6.59,+19.9,+21.4,EA	+6.93,+1.3,+19.9,FB	+2.19,+273.4,+20.9,JB	+6.90,+4.0,+19.8,BB	
1701272432.537209	+6.59,+13.7,+21.4,AA	+6.29,+35.6,+21.5,BA	+6.59,+19.8,+21.4,DA	+6.93,+1.4,+19.9,AB	+2.19,+273.4,+20.9,JB	+6.90,+3.9,+19.9,MB	
1701272494.5465784	+6.59,+13.6,+21.4,@A	+6.29,+35.7,+21.5,CA	+6.59,+19.8,+21.4,DA	+6.93,+1.3,+19.9,FB	+2.19,+273.5,+20.9,KB	+6.90,+3.9,+19.8,LB	
1701272556.5517583	+6.59,+13.7,+21.4,AA	+6.29,+35.6,+21.5,BA	+6.59,+19.9,+21.4,EA	+6.93,+1.3,+19.9,FB	+2.19,+273.3,+20.9,MB	+6.90,+3.9,+19.8,LB	
1701272618.560291	+6.59,+13.7,+21.4,AA	+6.29,+35.7,+21.5,CA	+6.59,+19.9,+21.4,EA	+6.93,+1.3,+19.9,FB	+2.19,+273.3,+20.9,MB	+6.90,+3.8,+19.8,MB	
1701272680.5704792	+6.59,+13.7,+21.4,AA	+6.29,+35.6,+21.5,BA	+6.59,+20.0,+21.4,FA	+6.93,+1.3,+19.9,FB	+2.19,+273.3,+20.9,MB	+6.90,+4.0,+19.8,BB	
1701272742.5769463	+6.59,+13.6,+21.4,@A	+6.29,+35.7,+21.5,CA	+6.59,+19.9,+21.4,EA	+6.93,+1.3,+19.9,FB	+2.19,+273.3,+20.9,MB	+6.90,+3.9,+19.8,LB	
1701272804.583391	+6.59,+13.7,+21.4,AA	+6.29,+35.6,+21.5,BA	+6.59,+19.8,+21.4,DA	+6.93,+1.3,+19.9,FB	+2.19,+273.3,+20.8,LB	+6.90,+3.9,+19.8,LB	
1701272866.590551	+6.58,+13.7,+21.4,@A	+6.29,+35.7,+21.5,CA	+6.59,+19.9,+21.4,EA	+6.93,+1.4,+19.9,AB	+2.19,+273.2,+20.9,LB	+6.90,+3.8,+19.8,MB	
1701272928.5993764	+6.59,+13.7,+21.4,AA	+6.29,+35.6,+21.5,BA	+6.59,+19.9,+21.4,EA	+6.93,+1.3,+19.9,FB	+2.19,+273.4,+20.8,KB	+6.90,+3.9,+19.8,LB	
1701272990.6098464	+6.59,+13.7,+21.4,AA	+6.29,+35.7,+21.5,CA	+6.59,+19.8,+21.4,DA	+6.93,+1.3,+19.9,FB	+2.19,+273.2,+20.9,LB	+6.90,+3.9,+19.8,LB	
1701273052.6154094	+6.59,+13.7,+21.4,AA	+6.29,+35.6,+21.5,BA	+6.59,+19.9,+21.4,EA	+6.93,+1.3,+19.9,FB	+2.19,+273.3,+20.8,LB	+6.90,+3.9,+19.8,LB	
1701273114.6237059	+6.59,+13.6,+21.4,@A	+6.29,+35.6,+21.5,BA	+6.59,+19.9,+21.4,EA	+6.93,+1.3,+19.9,FB	+2.19,+273.2,+20.8,MB	+6.90,+3.9,+19.8,LB	
1701273176.633631	+6.59,+13.7,+21.4,AA	+6.29,+35.6,+21.5,BA	+6.59,+19.9,+21.4,EA	+6.93,+1.4,+19.8,@B	+2.19,+273.5,+20.8,JB	+6.90,+3.8,+19.8,MB	
1701273238.6403031	+6.59,+13.7,+21.4,AA	+6.29,+35.6,+21.5,BA	+6.59,+19.9,+21.4,EA	+6.93,+1.3,+19.8,GB	+2.19,+273.6,+20.8,IB	+6.90,+3.9,+19.8,LB	
1701273300.6470912	+6.59,+13.7,+21.4,AA	+6.29,+35.6,+21.5,BA	+6.59,+19.9,+21.3,BA	+6.93,+1.3,+19.8,GB	+2.19,+273.5,+20.8,JB	+6.90,+3.9,+19.8,LB	
1701273362.656066	+6.58,+13.7,+21.4,@A	+6.29,+35.6,+21.5,BA	+6.59,+19.9,+21.4,EA	+6.93,+1.3,+19.8,GB	+2.19,+273.5,+20.8,JB	+6.90,+3.9,+19.8,LB	
1701273424.6642857	+6.58,+13.7,+21.4,@A	+6.29,+35.5,+21.5,AA	+6.59,+19.8,+21.3,CA	+6.93,+1.3,+19.8,GB	+2.19,+273.5,+20.8,JB	+6.90,+3.9,+19.8,LB	
1701273486.672692	+6.59,+13.7,+21.4,AA	+6.29,+35.6,+21.4,CA	+6.59,+19.8,+21.3,CA	+6.93,+1.3,+19.8,GB	+2.19,+273.5,+20.8,JB	+6.90,+3.8,+19.8,MB	
1701273548.6818676	+6.59,+13.7,+21.4,AA	+6.29,+35.6,+21.5,BA	+6.59,+19.8,+21.3,CA	+6.93,+1.3,+19.8,GB	+2.19,+273.4,+20.8,KB	+6.90,+3.9,+19.8,LB	
1701273610.6900086	+6.59,+13.7,+21.4,AA	+6.29,+35.6,+21.5,BA	+6.59,+19.9,+21.4,EA	+6.93,+1.3,+19.8,GB	+2.19,+273.3,+20.8,LB	+6.90,+3.9,+19.8,LB	
1701273672.699738	+6.59,+13.7,+21.4,AA	+6.29,+35.6,+21.4,CA	+6.59,+19.9,+21.4,EA	+6.93,+1.3,+19.8,GB	+2.19,+273.1,+20.8,NB	+6.90,+3.8,+19.8,MB	
1701273734.7087219	+6.59,+13.7,+21.4,AA	+6.29,+35.6,+21.5,BA	+6.59,+19.8,+21.4,DA	+6.93,+1.3,+19.8,GB	+2.19,+273.4,+20.8,KB	+6.90,+3.9,+19.8,LB	
1701273796.717705	+6.59,+13.7,+21.4,AA	+6.29,+35.6,+21.4,CA	+6.59,+19.8,+21.4,DA	+6.93,+1.3,+19.8,GB	+2.19,+273.4,+20.8,KB	+6.90,+3.9,+19.8,LB	
1701273858.7264667	+6.59,+13.7,+21.4,AA	+6.29,+35.6,+21.5,BA	+6.59,+19.9,+21.3,BA	+6.93,+1.3,+19.8,GB	+2.19,+273.2,+20.8,MB	+6.90,+3.9,+19.8,LB	
1701273920.733205	+6.59,+13.7,+21.4,AA	+6.29,+35.7,+21.5,CA	+6.59,+19.9,+21.4,EA	+6.93,+1.3,+19.8,GB	+2.19,+273.3,+20.8,LB	+6.90,+3.9,+19.8,LB	
1701273982.7418902	+6.59,+13.7,+21.4,AA	+6.29,+35.6,+21.4,CA	+6.59,+19.9,+21.4,EA	+6.93,+1.4,+19.8,@B	+2.19,+273.4,+20.8,KB	+6.90,+3.9,+19.8,LB	
1701274044.749747	+6.59,+13.7,+21.4,AA	+6.29,+35.7,+21.4,BA	+6.59,+19.9,+21.3,BA	+6.93,+1.3,+19.8,GB	+2.19,+273.2,+20.8,MB	+6.90,+3.9,+19.8,LB	
1701274290.3096304	+6.59,+13.5,+21.4,CA	+6.29,+35.7,+21.4,BA	+6.59,+19.7,+21.3,LA	+6.93,+1.3,+19.8,GB	+2.20,+273.0,+20.8,EB	+6.90,+3.8,+19.8,MB	
1701274352.3196812	+6.59,+13.5,+21.4,CA	+6.29,+35.6,+21.5,BA	+6.59,+19.9,+21.4,EA	+6.93,+1.3,+19.8,GB	+2.19,+273.3,+20.8,LB	+6.90,+3.9,+19.8,LB	
1701274414.328854	+6.59,+13.5,+21.3,DA	+6.29,+35.6,+21.5,BA	+6.59,+19.8,+21.4,DA	+6.93,+1.3,+19.8,GB	+2.19,+273.3,+20.8,LB	+6.90,+3.9,+19.8,LB	
1701274476.3389294	+6.59,+13.6,+21.4,@A	+6.29,+35.6,+21.5,BA	+6.59,+19.8,+21.3,CA	+6.93,+1.3,+19.8,GB	+2.19,+273.2,+20.8,MB	+6.90,+3.9,+19.8,LB	
1701274538.3472419	+6.59,+13.5,+21.4,CA	+6.29,+35.6,+21.4,CA	+6.59,+19.9,+21.3,BA	+6.93,+1.3,+19.8,GB	+2.19,+273.2,+20.8,MB	+6.90,+3.8,+19.8,MB	
1701274600.3578694	+6.59,+13.5,+21.3,DA	+6.29,+35.6,+21.4,CA	+6.59,+19.8,+21.3,CA	+6.93,+1.3,+19.8,GB	+2.19,+273.2,+20.8,MB	+6.90,+3.8,+19.8,MB	
1701274662.3660438	+6.59,+13.5,+21.4,CA	+6.29,+35.5,+21.4,@A	+6.59,+19.8,+21.3,CA	+6.93,+1.3,+19.8,GB	+2.19,+273.2,+20.8,MB	+6.90,+3.8,+19.8,MB	
1701274724.3764894	+6.59,+13.6,+21.4,@A	+6.29,+35.6,+21.4,CA	+6.59,+19.8,+21.3,CA	+6.93,+1.3,+19.8,GB	+2.19,+273.3,+20.8,LB	+6.90,+3.8,+19.8,MB	
1701274786.38715	+6.59,+13.5,+21.3,DA	+6.29,+35.6,+21.5,BA	+6.59,+19.9,+21.3,BA	+6.93,+1.3,+19.8,GB	+2.19,+273.3,+20.8,LB	+6.90,+3.9,+19.8,LB	
1701274848.3961852	+6.59,+13.5,+21.3,DA	+6.29,+35.5,+21.4,@A	+6.59,+19.8,+21.3,CA	+6.93,+1.3,+19.8,GB	+2.19,+273.2,+20.7,BB	+6.90,+3.8,+19.8,MB	
1701274910.4068239	+6.59,+13.6,+21.3,GA	+6.29,+35.5,+21.4,@A	+6.59,+19.8,+21.3,CA	+6.93,+1.3,+19.8,GB	+2.19,+273.1,+20.8,NB	+6.90,+3.8,+19.8,MB	
1701274972.4138944	+6.59,+13.6,+21.3,GA	+6.29,+35.5,+21.4,@A	+6.59,+19.8,+21.3,CA	+6.93,+1.3,+19.8,GB	+2.19,+273.1,+20.8,NB	+6.90,+3.8,+19.7,BB	
1701275034.423299	+6.59,+13.5,+21.3,DA	+6.29,+35.5,+21.4,@A	+6.59,+19.8,+21.3,CA	+6.93,+1.3,+19.8,GB	+2.19,+273.1,+20.8,NB	+6.90,+3.8,+19.7,BB	
1701275096.4336896	+6.59,+13.6,+21.3,GA	+6.29,+35.5,+21.4,@A	+6.59,+19.8,+21.3,CA	+6.93,+1.3,+19.8,GB	+2.19,+273.1,+20.8,NB	+6.90,+3.9,+19.8,LB	
1701275158.4423609	+6.59,+13.5,+21.3,DA	+6.29,+35.5,+21.4,@A	+6.59,+19.8,+21.3,CA	+6.93,+1.3,+19.8,GB	+2.19,+273.2,+20.8,MB	+6.91,+3.7,+19.8,CB	
1701275220.4507973	+6.59,+13.6,+21.3,GA	+6.29,+35.5,+21.4,@A	+6.59,+19.8,+21.3,CA	+6.93,+1.3,+19.8,GB	+2.19,+273.2,+20.8,MB	+6.90,+3.8,+19.7,BB	
1701275282.4609005	+6.59,+13.6,+21.3,GA	+6.29,+35.5,+21.4,@A	+6.59,+19.8,+21.3,CA	+6.93,+1.3,+19.8,GB	+2.19,+273.1,+20.8,NB	+6.90,+3.8,+19.7,BB	
1701275344.473122	+6.59,+13.6,+21.3,GA	+6.29,+35.5,+21.4,@A	+6.59,+19.8,+21.3,CA	+6.93,+1.3,+19.8,GB	+2.20,+272.6,+20.8,BB	+6.90,+3.8,+19.7,BB	
1701275406.4807959	+6.59,+13.6,+21.3,GA	+6.29,+35.5,+21.4,@A	+6.59,+19.8,+21.3,CA	+6.93,+1.3,+19.8,GB	+2.19,+273.0,+20.7,@B	+6.90,+3.7,+19.7,MB	
1701275468.491226	+6.59,+13.6,+21.3,GA	+6.29,+35.5,+21.4,@A	+6.59,+19.8,+21.3,CA	+6.93,+1.3,+19.8,GB	+2.19,+273.2,+20.8,MB	+6.91,+3.7,+19.7,LB	
1701275530.4950116	+6.59,+13.6,+21.3,GA	+6.29,+35.6,+21.4,CA	+6.59,+19.8,+21.3,CA	+6.93,+1.3,+19.8,GB	+2.19,+273.2,+20.7,BB	+6.90,+3.7,+19.7,MB	
1701275592.5049992	+6.59,+13.6,+21.3,GA	+6.29,+35.5,+21.4,@A	+6.59,+19.8,+21.3,CA	+6.93,+1.3,+19.8,GB	+2.19,+273.3,+20.8,LB	+6.90,+3.8,+19.7,BB	
1701275654.5141804	+6.59,+13.6,+21.3,GA	+6.29,+35.6,+21.4,CA	+6.59,+19.8,+21.3,CA	+6.93,+1.3,+19.8,GB	+2.19,+273.1,+20.8,NB	+6.90,+3.7,+19.7,MB	
1701275716.5241404	+6.59,+13.6,+21.3,GA	+6.29,+35.5,+21.4,@A	+6.59,+19.8,+21.3,CA	+6.93,+1.3,+19.8,GB	+2.19,+273.2,+20.8,MB	+6.90,+3.8,+19.7,BB	
1701275778.5317247	+6.59,+13.6,+21.3,GA	+6.29,+35.5,+21.4,@A	+6.59,+19.8,+21.3,CA	+6.93,+1.3,+19.8,GB	+2.19,+273.3,+20.8,LB	+6.90,+3.8,+19.7,BB	
1701275840.5385141	+6.59,+13.6,+21.3,GA	+6.29,+35.5,+21.4,@A	+6.59,+19.8,+21.3,CA	+6.93,+1.3,+19.8,GB	+2.19,+273.2,+20.7,BB	+6.90,+3.8,+19.7,BB	
1701275902.5488183	+6.59,+13.6,+21.3,GA	+6.29,+35.4,+21.4,AA	+6.59,+19.8,+21.3,CA	+6.93,+1.3,+19.8,GB	+2.19,+273.2,+20.7,BB	+6.90,+3.7,+19.7,MB	
1701275964.5571222	+6.59,+13.6,+21.3,GA	+6.29,+35.5,+21.4,@A	+6.59,+19.8,+21.3,CA	+6.93,+1.3,+19.8,GB	+2.19,+273.2,+20.7,BB	+6.90,+3.8,+19.7,BB	
1701276026.5674868	+6.59,+13.6,+21.3,GA	+6.29,+35.6,+21.4,CA	+6.59,+19.8,+21.3,CA	+6.93,+1.2,+19.8,FB	+2.19,+273.1,+20.7,AB	+6.90,+3.9,+19.7,CB	
1701276088.5760036	+6.59,+13.6,+21.3,GA	+6.29,+35.5,+21.4,@A	+6.59,+19.8,+21.3,CA	+6.93,+1.3,+19.8,GB	+2.19,+273.0,+20.7,@B	+6.90,+3.8,+19.7,BB	
1701276150.5858061	+6.59,+13.6,+21.3,GA	+6.29,+35.5,+21.4,@A	+6.59,+19.8,+21.3,CA	+6.93,+1.3,+19.8,GB	+2.21,+272.2,+20.7,HB	+6.90,+3.8,+19.7,BB	
1701276212.5931733	+6.59,+13.6,+21.3,GA	+6.29,+35.5,+21.4,@A	+6.59,+19.9,+21.3,BA	+6.93,+1.2,+19.8,FB	+2.21,+272.0,+20.7,JB	+6.90,+3.8,+19.7,BB	
1701276274.6019263	+6.59,+13.6,+21.3,GA	+6.29,+35.4,+21.3,FA	+6.59,+19.8,+21.3,CA	+6.93,+1.3,+19.8,GB	+2.21,+272.2,+20.7,HB	+6.90,+3.8,+19.7,BB	
1701276336.6123161	+6.59,+13.6,+21.3,GA	+6.29,+35.4,+21.4,AA	+6.59,+19.7,+21.3,LA	+6.93,+1.3,+19.8,GB	+2.21,+272.2,+20.7,HB	+6.90,+3.8,+19.7,BB	
1701276398.6208153	+6.59,+13.6,+21.3,GA	+6.29,+35.4,+21.4,AA	+6.60,+19.7,+21.3,FA	+6.93,+1.3,+19.8,GB	+2.21,+272.1,+20.7,KB	+6.90,+3.8,+19.7,BB	
1701276460.6293926	+6.59,+13.6,+21.3,GA	+6.29,+35.4,+21.4,AA	+6.60,+19.7,+21.3,FA	+6.93,+1.3,+19.8,GB	+2.21,+272.1,+20.7,KB	+6.90,+3.8,+19.7,BB	
1701276522.6371953	+6.59,+13.7,+21.3,FA	+6.29,+35.4,+21.3,FA	+6.59,+19.7,+21.3,LA	+6.93,+1.2,+19.8,FB	+2.21,+272.1,+20.7,KB	+6.90,+3.8,+19.7,BB	
1701276584.64678	+6.59,+13.6,+21.3,GA	+6.29,+35.5,+21.4,@A	+6.59,+19.8,+21.3,CA	+6.93,+1.3,+19.7,HB	+2.21,+272.1,+20.7,KB	+6.90,+3.8,+19.7,BB	
1701276646.655694	+6.59,+13.6,+21.3,GA	+6.29,+35.4,+21.4,AA	+6.59,+19.8,+21.3,CA	+6.93,+1.3,+19.8,GB	+2.21,+272.0,+20.7,JB	+6.90,+3.8,+19.7,BB	
1701276708.6663506	+6.59,+13.6,+21.3,GA	+6.29,+35.5,+21.4,@A	+6.59,+19.8,+21.3,CA	+6.93,+1.3,+19.8,GB	+2.20,+272.4,+20.7,OB	+6.90,+3.8,+19.7,BB	
1701276770.6750033	+6.59,+13.6,+21.3,GA	+6.29,+35.6,+21.4,CA	+6.59,+19.7,+21.3,LA	+6.93,+1.3,+19.8,GB	+2.20,+272.5,+20.7,NB	+6.90,+3.8,+19.7,BB	
1701276832.6833594	+6.59,+13.6,+21.3,GA	+6.29,+35.6,+21.4,CA	+6.59,+19.7,+21.3,LA	+6.93,+1.3,+19.8,GB	+2.21,+272.1,+20.7,KB	+6.90,+3.8,+19.7,BB	
1701276894.6934662	+6.59,+13.7,+21.3,FA	+6.29,+35.5,+21.4,@A	+6.59,+19.7,+21.3,LA	+6.93,+1.3,+19.8,GB	+2.21,+272.2,+20.7,HB	+6.90,+3.8,+19.7,BB	
1701276956.7032118	+6.59,+13.6,+21.3,GA	+6.29,+35.6,+21.4,CA	+6.59,+19.7,+21.3,LA	+6.93,+1.3,+19.8,GB	+2.22,+271.8,+20.7,BB	+6.90,+3.8,+19.7,BB	
1701277018.7106926	+6.59,+13.7,+21.3,FA	+6.29,+35.5,+21.4,@A	+6.59,+19.7,+21.3,LA	+6.93,+1.2,+19.7,IB	+2.21,+271.8,+20.7,AB	+6.90,+3.8,+19.7,BB	
1701277080.7175887	+6.59,+13.7,+21.3,FA	+6.29,+35.5,+21.4,@A	+6.59,+19.8,+21.3,CA	+6.93,+1.2,+19.8,FB	+2.21,+271.9,+20.7,@B	+6.90,+3.9,+19.7,CB	
1701277142.7277355	+6.59,+13.6,+21.3,GA	+6.29,+35.5,+21.4,@A	+6.59,+19.7,+21.3,LA	+6.93,+1.3,+19.8,GB	+2.21,+272.1,+20.7,KB	+6.90,+3.7,+19.7,MB	
1701277204.7376845	+6.59,+13.6,+21.3,GA	+6.29,+35.6,+21.4,CA	+6.59,+19.8,+21.3,CA	+6.93,+1.3,+19.8,GB	+2.21,+272.0,+20.7,JB	+6.90,+3.8,+19.7,BB	
1701277266.7465386	+6.59,+13.7,+21.3,FA	+6.29,+35.5,+21.4,@A	+6.59,+19.8,+21.3,CA	+6.93,+1.3,+19.8,GB	+2.21,+272.0,+20.7,JB	+6.90,+3.8,+19.7,BB	
1701277328.7542691	+6.59,+13.6,+21.3,GA	+6.29,+35.5,+21.4,@A	+6.59,+19.8,+21.3,CA	+6.93,+1.3,+19.7,HB	+2.21,+272.0,+20.7,JB	+6.90,+3.9,+19.7,CB	
1701277390.7641459	+6.59,+13.6,+21.3,GA	+6.29,+35.5,+21.4,@A	+6.59,+19.7,+21.3,LA	+6.93,+1.2,+19.8,FB	+2.21,+272.2,+20.7,HB	+6.90,+3.8,+19.7,BB	
1701277452.774197	+6.59,+13.6,+21.3,GA	+6.29,+35.6,+21.4,CA	+6.59,+19.8,+21.3,CA	+6.93,+1.2,+19.8,FB	+2.21,+272.0,+20.7,JB	+6.90,+3.8,+19.7,BB	
1701277514.7826002	+6.59,+13.6,+21.3,GA	+6.29,+35.6,+21.3,DA	+6.59,+19.8,+21.3,CA	+6.93,+1.3,+19.8,GB	+2.21,+272.1,+20.7,KB	+6.90,+3.8,+19.7,BB	
1701277576.790485	+6.59,+13.6,+21.3,GA	+6.29,+35.5,+21.4,@A	+6.60,+19.7,+21.3,FA	+6.93,+1.3,+19.8,GB	+2.21,+272.3,+20.7,IB	+6.90,+3.9,+19.7,CB	
1701277638.7996764	+6.59,+13.5,+21.3,DA	+6.29,+35.6,+21.4,CA	+6.59,+19.8,+21.3,CA	+6.93,+1.2,+19.7,IB	+2.21,+272.2,+20.7,HB	+6.90,+3.7,+19.7,MB	
1701277700.8081264	+6.59,+13.5,+21.3,DA	+6.29,+35.6,+21.3,DA	+6.59,+19.8,+21.3,CA	+6.93,+1.3,+19.8,GB	+2.20,+272.4,+20.7,OB	+6.90,+3.7,+19.7,MB	
1701277762.818057	+6.59,+13.5,+21.3,DA	+6.29,+35.5,+21.4,@A	+6.59,+19.8,+21.3,CA	+6.93,+1.3,+19.8,GB	+2.21,+272.3,+20.7,IB	+6.91,+3.7,+19.7,LB	
1701277824.8257127	+6.59,+13.5,+21.3,DA	+6.29,+35.5,+21.4,@A	+6.59,+19.8,+21.3,CA	+6.93,+1.2,+19.8,FB	+2.21,+272.2,+20.7,HB	+6.90,+3.7,+19.7,MB	
1701277886.834867	+6.59,+13.5,+21.3,DA	+6.29,+35.6,+21.4,CA	+6.59,+19.8,+21.3,CA	+6.93,+1.2,+19.8,FB	+2.21,+272.2,+20.7,HB	+6.91,+3.7,+19.7,LB	
1701278132.3980923	+6.59,+13.5,+21.3,DA	+6.29,+35.6,+21.3,DA	+6.59,+19.7,+21.3,LA	+6.93,+1.3,+19.8,GB	+2.21,+271.9,+20.7,@B	+6.91,+3.7,+19.7,LB	
1701278194.4068625	+6.59,+13.5,+21.3,DA	+6.29,+35.6,+21.4,CA	+6.59,+19.8,+21.3,CA	+6.93,+1.3,+19.8,GB	+2.21,+272.3,+20.7,IB	+6.91,+3.7,+19.7,LB	
1701278256.417921	+6.59,+13.5,+21.3,DA	+6.29,+35.6,+21.3,DA	+6.59,+19.7,+21.3,LA	+6.93,+1.2,+19.8,FB	+2.21,+272.3,+20.7,IB	+6.90,+3.7,+19.7,MB	
1701278318.427095	+6.59,+13.4,+21.3,EA	+6.29,+35.6,+21.3,DA	+6.59,+19.7,+21.3,LA	+6.93,+1.2,+19.8,FB	+2.20,+272.4,+20.7,OB	+6.91,+3.6,+19.7,MB	
1701278380.43676	+6.59,+13.5,+21.3,DA	+6.29,+35.6,+21.3,DA	+6.60,+19.7,+21.3,FA	+6.93,+1.2,+19.8,FB	+2.21,+272.3,+20.7,IB	+6.91,+3.6,+19.7,MB	
1701278442.4463863	+6.59,+13.5,+21.3,DA	+6.29,+35.6,+21.4,CA	+6.60,+19.7,+21.3,FA	+6.93,+1.2,+19.8,FB	+2.21,+272.0,+20.7,JB	+6.91,+3.6,+19.7,MB	
1701278504.4552968	+6.59,+13.5,+21.3,DA	+6.29,+35.6,+21.4,CA	+6.59,+19.8,+21.3,CA	+6.93,+1.3,+19.8,GB	+2.21,+272.1,+20.7,KB	+6.91,+3.6,+19.7,MB	
1701278566.465814	+6.59,+13.5,+21.3,DA	+6.29,+35.5,+21.3,GA	+6.59,+19.7,+21.3,LA	+6.93,+1.3,+19.8,GB	+2.21,+272.1,+20.7,KB	+6.90,+3.7,+19.7,MB	
1701278628.4764073	+6.59,+13.5,+21.3,DA	+6.29,+35.6,+21.3,DA	+6.60,+19.7,+21.3,FA	+6.93,+1.3,+19.8,GB	+2.21,+272.1,+20.6,JB	+6.91,+3.6,+19.7,MB	
1701278690.4864607	+6.59,+13.5,+21.3,DA	+6.29,+35.6,+21.3,DA	+6.60,+19.7,+21.3,FA	+6.93,+1.2,+19.8,FB	+2.21,+272.2,+20.7,HB	+6.91,+3.6,+19.7,MB	
1701278752.496524	+6.59,+13.5,+21.3,DA	+6.29,+35.6,+21.3,DA	+6.59,+19.8,+21.3,CA	+6.93,+1.2,+19.8,FB	+2.20,+272.3,+20.6,IB	+6.91,+3.6,+19.7,MB	
1701278814.503052	+6.59,+13.5,+21.3,DA	+6.29,+35.6,+21.4,CA	+6.59,+19.7,+21.3,LA	+6.93,+1.2,+19.7,IB	+2.20,+272.5,+20.7,NB	+6.91,+3.5,+19.7,NB	
1701278876.5081136	+6.59,+13.5,+21.3,DA	+6.29,+35.6,+21.4,CA	+6.59,+19.7,+21.2,MA	+6.93,+1.3,+19.8,GB	+2.20,+272.5,+20.6,OB	+6.91,+3.6,+19.7,MB	
1701278938.5159607	+6.59,+13.5,+21.3,DA	+6.29,+35.7,+21.3,EA	+6.59,+19.7,+21.3,LA	+6.93,+1.3,+19.7,HB	+2.20,+272.7,+20.7,LB	+6.91,+3.6,+19.7,MB	
1701279000.5229068	+6.59,+13.6,+21.3,GA	+6.29,+35.6,+21.3,DA	+6.60,+19.6,+21.3,GA	+6.93,+1.2,+19.8,FB	+2.20,+272.8,+20.6,BB	+6.91,+3.6,+19.7,MB	
1701279062.5311568	+6.59,+13.5,+21.3,DA	+6.29,+35.6,+21.3,DA	+6.59,+19.7,+21.3,LA	+6.93,+1.3,+19.8,GB	+2.20,+272.7,+20.6,MB	+6.91,+3.6,+19.7,MB	
