62309060476	62309060477	62309060478	62309060479	62309060481	62309060482	
1700717372.811859	+6.54,+16.3,+21.4,MA	+6.42,+27.8,+21.4,CA	+6.52,+23.8,+21.4,FA	+6.83,+7.2,+19.9,@B	+2.28,+268.2,+20.6,KB	+6.89,+4.5,+19.7,@B	
1700717434.823171	+6.54,+16.3,+21.4,MA	+6.43,+27.7,+21.3,JA	+6.52,+23.8,+21.4,FA	+6.83,+7.1,+19.9,CB	+2.27,+268.4,+20.6,BB	+6.89,+4.4,+19.7,AB	
1700717496.8331919	+6.54,+16.3,+21.4,MA	+6.43,+27.8,+21.3,EA	+6.52,+23.8,+21.4,FA	+6.83,+7.1,+19.9,CB	+2.27,+268.3,+20.6,EB	+6.89,+4.4,+19.7,AB	
1700717558.8407307	+6.54,+16.3,+21.4,MA	+6.43,+27.8,+21.4,BA	+6.52,+23.9,+21.4,GA	+6.83,+7.1,+19.9,CB	+2.28,+268.1,+20.7,IB	+6.89,+4.4,+19.7,AB	
1700717620.8506556	+6.54,+16.3,+21.4,MA	+6.42,+27.8,+21.3,DA	+6.52,+23.8,+21.4,FA	+6.83,+7.1,+19.9,CB	+2.28,+268.0,+20.6,IB	+6.89,+4.5,+19.7,@B	
1700717682.8587499	+6.54,+16.3,+21.4,MA	+6.42,+27.8,+21.3,DA	+6.52,+23.8,+21.4,FA	+6.83,+7.1,+19.9,CB	+2.28,+267.9,+20.6,OB	+6.89,+4.4,+19.7,AB	
1700717744.8688328	+6.54,+16.3,+21.4,MA	+6.43,+27.8,+21.3,EA	+6.52,+23.9,+21.4,GA	+6.83,+7.2,+19.9,@B	+2.28,+268.1,+20.6,HB	+6.89,+4.5,+19.7,@B	
1700717806.8765867	+6.54,+16.3,+21.4,MA	+6.43,+27.8,+21.3,EA	+6.52,+23.8,+21.4,FA	+6.83,+7.2,+19.8,AB	+2.28,+267.9,+20.6,OB	+6.89,+4.4,+19.7,AB	
1700717868.885037	+6.54,+16.3,+21.4,MA	+6.43,+27.7,+21.3,JA	+6.52,+23.8,+21.4,FA	+6.83,+7.1,+19.9,CB	+2.29,+267.6,+20.6,AB	+6.89,+4.5,+19.7,@B	
1700717930.8930485	+6.54,+16.3,+21.4,MA	+6.43,+27.8,+21.3,EA	+6.52,+23.8,+21.4,FA	+6.83,+7.1,+19.9,CB	+2.29,+267.5,+20.6,BB	+6.89,+4.4,+19.7,AB	
1700717992.8996196	+6.54,+16.3,+21.4,MA	+6.42,+27.8,+21.4,CA	+6.52,+23.8,+21.4,FA	+6.83,+7.1,+19.9,CB	+2.28,+268.0,+20.6,IB	+6.89,+4.4,+19.7,AB	
1700718054.9079452	+6.54,+16.3,+21.4,MA	+6.42,+27.8,+21.3,DA	+6.52,+23.9,+21.4,GA	+6.83,+7.2,+19.9,@B	+2.28,+267.9,+20.6,OB	+6.89,+4.5,+19.7,@B	
1700718116.9150934	+6.54,+16.3,+21.4,MA	+6.42,+27.8,+21.3,DA	+6.52,+23.8,+21.4,FA	+6.83,+7.1,+19.8,BB	+2.28,+268.1,+20.6,HB	+6.89,+4.4,+19.7,AB	
1700718178.9223511	+6.54,+16.3,+21.4,MA	+6.43,+27.7,+21.3,JA	+6.52,+23.8,+21.4,FA	+6.83,+7.1,+19.8,BB	+2.28,+268.2,+20.6,KB	+6.89,+4.4,+19.7,AB	
1700718240.9277558	+6.54,+16.3,+21.4,MA	+6.43,+27.8,+21.3,EA	+6.52,+23.8,+21.4,FA	+6.83,+7.1,+19.8,BB	+2.27,+268.3,+20.6,EB	+6.89,+4.5,+19.7,@B	
1700718302.9375963	+6.54,+16.3,+21.4,MA	+6.43,+27.8,+21.3,EA	+6.52,+23.8,+21.4,FA	+6.83,+7.1,+19.8,BB	+2.28,+267.9,+20.6,OB	+6.89,+4.5,+19.7,@B	
1700718364.9468656	+6.54,+16.3,+21.4,MA	+6.42,+27.8,+21.3,DA	+6.52,+23.9,+21.4,GA	+6.83,+7.1,+19.8,BB	+2.28,+267.9,+20.6,OB	+6.89,+4.5,+19.7,@B	
1700718426.9576995	+6.54,+16.3,+21.4,MA	+6.42,+27.8,+21.3,DA	+6.52,+23.8,+21.4,FA	+6.83,+7.1,+19.8,BB	+2.28,+267.8,+20.6,NB	+6.89,+4.4,+19.7,AB	
1700718488.967121	+6.54,+16.3,+21.4,MA	+6.43,+27.8,+21.3,EA	+6.52,+23.8,+21.4,FA	+6.83,+7.1,+19.8,BB	+2.28,+268.0,+20.6,IB	+6.89,+4.4,+19.7,AB	
1700718550.9770534	+6.54,+16.3,+21.4,MA	+6.43,+27.7,+21.3,JA	+6.52,+23.8,+21.4,FA	+6.83,+7.1,+19.8,BB	+2.36,+263.4,+20.6,IB	+6.89,+4.4,+19.7,AB	
1700718612.9864192	+6.54,+16.3,+21.4,MA	+6.43,+27.7,+21.3,JA	+6.52,+23.8,+21.4,FA	+6.83,+7.1,+19.8,BB	+2.37,+262.9,+20.6,DB	+6.89,+4.4,+19.7,AB	
1700718674.994292	+6.54,+16.3,+21.4,MA	+6.42,+27.8,+21.3,DA	+6.52,+23.8,+21.4,FA	+6.83,+7.1,+19.8,BB	+2.37,+262.9,+20.6,DB	+6.89,+4.4,+19.7,AB	
1700718737.0023088	+6.54,+16.3,+21.4,MA	+6.43,+27.8,+21.3,EA	+6.52,+23.8,+21.4,FA	+6.83,+7.1,+19.8,BB	+2.37,+262.6,+20.6,KB	+6.89,+4.4,+19.7,AB	
1700718799.0103056	+6.54,+16.3,+21.4,MA	+6.42,+27.8,+21.3,DA	+6.52,+23.8,+21.4,FA	+6.83,+7.1,+19.8,BB	+2.38,+262.0,+20.6,BB	+6.89,+4.5,+19.7,@B	
1700718861.017809	+6.54,+16.3,+21.4,MA	+6.42,+27.8,+21.3,DA	+6.52,+23.8,+21.4,FA	+6.83,+7.1,+19.8,BB	+2.39,+261.8,+20.6,HB	+6.89,+4.4,+19.7,AB	
1700718923.023858	+6.54,+16.2,+21.4,LA	+6.43,+27.8,+21.3,EA	+6.52,+23.8,+21.4,FA	+6.83,+7.1,+19.8,BB	+2.39,+261.7,+20.6,GB	+6.89,+4.4,+19.7,AB	
1700718985.0322638	+6.54,+16.3,+21.4,MA	+6.43,+27.8,+21.3,EA	+6.52,+23.8,+21.4,FA	+6.83,+7.1,+19.8,BB	+2.39,+261.9,+20.6,IB	+6.89,+4.4,+19.7,AB	
1700719047.0416687	+6.54,+16.3,+21.4,MA	+6.43,+27.8,+21.3,EA	+6.52,+23.8,+21.4,FA	+6.83,+7.1,+19.8,BB	+2.39,+261.7,+20.6,GB	+6.89,+4.4,+19.7,AB	
1700719109.0514774	+6.54,+16.3,+21.4,MA	+6.42,+27.8,+21.3,DA	+6.52,+23.8,+21.4,FA	+6.83,+7.1,+19.9,CB	+2.39,+261.5,+20.6,EB	+6.89,+4.5,+19.7,@B	
1700719171.06202	+6.54,+16.3,+21.4,MA	+6.42,+27.8,+21.3,DA	+6.52,+23.8,+21.4,FA	+6.83,+7.1,+19.8,BB	+2.39,+261.6,+20.6,FB	+6.89,+4.5,+19.7,@B	
1700719233.0723758	+6.54,+16.3,+21.4,MA	+6.43,+27.8,+21.3,EA	+6.53,+23.7,+21.4,HA	+6.83,+7.1,+19.8,BB	+2.39,+261.7,+20.6,GB	+6.89,+4.4,+19.7,AB	
1700719295.080597	+6.54,+16.3,+21.4,MA	+6.42,+27.8,+21.3,DA	+6.53,+23.7,+21.4,HA	+6.83,+7.1,+19.8,BB	+2.30,+266.7,+20.6,IB	+6.89,+4.5,+19.7,@B	
1700719357.0913417	+6.54,+16.3,+21.4,MA	+6.42,+27.8,+21.3,DA	+6.52,+23.8,+21.4,FA	+6.83,+7.1,+19.8,BB	+2.30,+266.9,+20.6,GB	+6.89,+4.5,+19.7,@B	
1700719419.099155	+6.54,+16.3,+21.4,MA	+6.42,+27.8,+21.3,DA	+6.52,+23.8,+21.4,FA	+6.83,+7.1,+19.8,BB	+2.30,+267.1,+20.6,NB	+6.89,+4.5,+19.7,@B	
1700719481.109857	+6.54,+16.3,+21.4,MA	+6.42,+27.8,+21.3,DA	+6.52,+23.8,+21.4,FA	+6.83,+7.2,+19.8,AB	+2.29,+267.2,+20.6,EB	+6.89,+4.5,+19.7,@B	
1700719543.1164002	+6.54,+16.2,+21.4,LA	+6.42,+27.8,+21.3,DA	+6.52,+23.8,+21.4,FA	+6.83,+7.2,+19.9,@B	+2.29,+267.4,+20.6,CB	+6.89,+4.5,+19.7,@B	
1700719605.1264033	+6.54,+16.2,+21.4,LA	+6.42,+27.9,+21.3,EA	+6.52,+23.8,+21.4,FA	+6.83,+7.1,+19.8,BB	+2.30,+267.0,+20.6,OB	+6.89,+4.5,+19.7,@B	
1700719667.1345868	+6.54,+16.4,+21.4,JA	+6.42,+27.8,+21.3,DA	+6.53,+23.7,+21.4,HA	+6.83,+7.1,+19.8,BB	+2.30,+267.1,+20.6,NB	+6.89,+4.5,+19.7,@B	
1700719729.1449428	+6.54,+16.3,+21.4,MA	+6.42,+27.9,+21.3,EA	+6.52,+23.8,+21.4,FA	+6.83,+7.2,+19.8,AB	+2.29,+267.6,+20.6,AB	+6.89,+4.5,+19.7,@B	
1700719791.15289	+6.54,+16.3,+21.4,MA	+6.42,+27.8,+21.3,DA	+6.52,+23.8,+21.3,AA	+6.83,+7.1,+19.8,BB	+2.29,+267.6,+20.6,AB	+6.89,+4.5,+19.7,@B	
1700719853.1610594	+6.54,+16.3,+21.4,MA	+6.42,+27.8,+21.3,DA	+6.52,+23.8,+21.4,FA	+6.83,+7.2,+19.8,AB	+2.29,+267.6,+20.6,AB	+6.89,+4.5,+19.7,@B	
1700719915.1706629	+6.54,+16.3,+21.4,MA	+6.42,+27.8,+21.3,DA	+6.52,+23.8,+21.4,FA	+6.83,+7.1,+19.8,BB	+2.28,+267.7,+20.6,AB	+6.89,+4.5,+19.7,@B	
1700719977.17981	+6.54,+16.3,+21.4,MA	+6.42,+27.8,+21.3,DA	+6.52,+23.8,+21.4,FA	+6.83,+7.1,+19.8,BB	+2.30,+267.0,+20.6,OB	+6.89,+4.5,+19.7,@B	
1700720039.191686	+6.54,+16.3,+21.4,MA	+6.42,+27.8,+21.3,DA	+6.52,+23.8,+21.4,FA	+6.83,+7.1,+19.8,BB	+2.30,+266.9,+20.6,GB	+6.89,+4.5,+19.7,@B	
1700720101.2019606	+6.54,+16.3,+21.4,MA	+6.42,+27.8,+21.3,DA	+6.52,+23.7,+21.3,NA	+6.83,+7.0,+19.8,CB	+2.30,+266.8,+20.6,FB	+6.89,+4.5,+19.7,@B	
1700720163.211537	+6.54,+16.2,+21.4,LA	+6.43,+27.8,+21.3,EA	+6.52,+23.8,+21.3,AA	+6.83,+7.0,+19.8,CB	+2.30,+266.8,+20.6,FB	+6.89,+4.5,+19.7,@B	
1700720225.2191293	+6.54,+16.3,+21.4,MA	+6.43,+27.8,+21.3,EA	+6.52,+23.8,+21.3,AA	+6.83,+7.1,+19.8,BB	+2.30,+266.7,+20.6,IB	+6.89,+4.5,+19.7,@B	
1700720287.228889	+6.54,+16.3,+21.4,MA	+6.42,+27.8,+21.3,DA	+6.52,+23.8,+21.4,FA	+6.83,+7.1,+19.8,BB	+2.29,+267.2,+20.6,EB	+6.89,+4.5,+19.7,@B	
1700720349.2382512	+6.54,+16.3,+21.4,MA	+6.42,+27.8,+21.3,DA	+6.52,+23.8,+21.4,FA	+6.83,+7.1,+19.8,BB	+2.28,+267.8,+20.6,NB	+6.89,+4.5,+19.7,@B	
1700720411.2463284	+6.54,+16.3,+21.4,MA	+6.42,+27.8,+21.3,DA	+6.52,+23.7,+21.4,IA	+6.83,+7.1,+19.8,BB	+2.28,+267.9,+20.6,OB	+6.89,+4.4,+19.7,AB	
1700720473.2562459	+6.54,+16.3,+21.3,JA	+6.42,+27.8,+21.3,DA	+6.53,+23.7,+21.4,HA	+6.83,+7.1,+19.8,BB	+2.28,+267.8,+20.6,NB	+6.89,+4.5,+19.7,@B	
1700720535.2631223	+6.54,+16.3,+21.3,JA	+6.43,+27.8,+21.3,EA	+6.52,+23.8,+21.4,FA	+6.83,+7.1,+19.8,BB	+2.28,+267.9,+20.6,OB	+6.89,+4.5,+19.7,@B	
1700720597.2698977	+6.54,+16.3,+21.4,MA	+6.43,+27.8,+21.3,EA	+6.52,+23.8,+21.4,FA	+6.83,+7.1,+19.8,BB	+2.28,+268.0,+20.6,IB	+6.89,+4.4,+19.7,AB	
1700720659.2771153	+6.54,+16.2,+21.4,LA	+6.42,+27.8,+21.3,DA	+6.52,+23.8,+21.4,FA	+6.83,+7.1,+19.8,BB	+2.30,+266.8,+20.6,FB	+6.89,+4.5,+19.7,@B	
1700720721.2863207	+6.54,+16.3,+21.4,MA	+6.42,+27.8,+21.3,DA	+6.52,+23.8,+21.4,FA	+6.83,+7.1,+19.8,BB	+2.31,+266.3,+20.6,LB	+6.89,+4.5,+19.7,@B	
1700720783.2948866	+6.54,+16.3,+21.4,MA	+6.43,+27.8,+21.3,EA	+6.52,+23.8,+21.4,FA	+6.83,+7.1,+19.8,BB	+2.31,+266.3,+20.6,LB	+6.89,+4.5,+19.7,@B	
1700721028.8475182	+6.54,+16.3,+21.4,MA	+6.42,+27.8,+21.3,DA	+6.53,+23.7,+21.4,HA	+6.83,+7.1,+19.8,BB	+2.37,+263.0,+20.6,LB	+6.89,+4.5,+19.7,@B	
1700721090.8326464	+6.54,+16.2,+21.3,KA	+6.42,+27.8,+21.3,DA	+6.52,+23.8,+21.4,FA	+6.83,+7.1,+19.8,BB	+2.37,+263.0,+20.6,LB	+6.89,+4.5,+19.7,@B	
1700721152.8349864	+6.54,+16.3,+21.4,MA	+6.43,+27.8,+21.3,EA	+6.52,+23.8,+21.4,FA	+6.83,+7.1,+19.8,BB	+2.37,+262.7,+20.6,JB	+6.89,+4.5,+19.7,@B	
1700721214.8434265	+6.54,+16.2,+21.4,LA	+6.42,+27.8,+21.3,DA	+6.53,+23.7,+21.4,HA	+6.83,+7.1,+19.8,BB	+2.38,+262.5,+20.6,GB	+6.89,+4.5,+19.7,@B	
1700721276.847793	+6.54,+16.3,+21.4,MA	+6.42,+27.8,+21.3,DA	+6.52,+23.7,+21.4,IA	+6.83,+7.1,+19.8,BB	+2.37,+262.5,+20.6,HB	+6.89,+4.5,+19.7,@B	
1700721338.8578138	+6.54,+16.2,+21.4,LA	+6.42,+27.8,+21.3,DA	+6.52,+23.8,+21.4,FA	+6.83,+7.1,+19.9,CB	+2.37,+262.6,+20.6,KB	+6.89,+4.5,+19.7,@B	
1700721400.8676767	+6.54,+16.2,+21.4,LA	+6.42,+27.8,+21.3,DA	+6.53,+23.7,+21.4,HA	+6.83,+7.1,+19.8,BB	+2.38,+262.5,+20.6,GB	+6.89,+4.5,+19.7,@B	
1700721462.8768227	+6.54,+16.3,+21.4,MA	+6.42,+27.8,+21.3,DA	+6.52,+23.8,+21.4,FA	+6.83,+7.1,+19.8,BB	+2.37,+262.6,+20.6,KB	+6.89,+4.5,+19.7,@B	
1700721524.8847494	+6.54,+16.3,+21.4,MA	+6.42,+27.8,+21.3,DA	+6.53,+23.7,+21.4,HA	+6.83,+7.1,+19.9,CB	+2.37,+262.6,+20.6,KB	+6.89,+4.5,+19.7,@B	
1700721586.8931782	+6.54,+16.3,+21.4,MA	+6.42,+27.8,+21.3,DA	+6.52,+23.8,+21.4,FA	+6.83,+7.1,+19.8,BB	+2.37,+262.6,+20.6,KB	+6.89,+4.5,+19.7,@B	
1700721648.903153	+6.54,+16.3,+21.4,MA	+6.42,+27.8,+21.3,DA	+6.52,+23.7,+21.4,IA	+6.83,+7.1,+19.8,BB	+2.38,+262.4,+20.6,FB	+6.89,+4.5,+19.7,@B	
1700721710.9102752	+6.54,+16.2,+21.4,LA	+6.42,+27.8,+21.3,DA	+6.52,+23.7,+21.4,IA	+6.83,+7.1,+19.8,BB	+2.37,+262.8,+20.6,EB	+6.89,+4.5,+19.7,@B	
1700721772.917403	+6.54,+16.3,+21.4,MA	+6.42,+27.8,+21.3,DA	+6.53,+23.7,+21.4,HA	+6.83,+7.1,+19.9,CB	+2.37,+262.9,+20.6,DB	+6.89,+4.5,+19.7,@B	
1700721834.9264553	+6.54,+16.2,+21.4,LA	+6.42,+27.8,+21.3,DA	+6.52,+23.8,+21.4,FA	+6.83,+7.1,+19.8,BB	+2.37,+263.1,+20.6,MB	+6.89,+4.5,+19.7,@B	
1700721896.9357817	+6.54,+16.3,+21.4,MA	+6.42,+27.8,+21.3,DA	+6.53,+23.7,+21.4,HA	+6.83,+7.1,+19.8,BB	+2.37,+263.0,+20.6,LB	+6.89,+4.5,+19.7,@B	
1700721958.944691	+6.54,+16.2,+21.4,LA	+6.43,+27.7,+21.3,JA	+6.53,+23.7,+21.4,HA	+6.83,+7.1,+19.8,BB	+2.36,+263.3,+20.6,NB	+6.89,+4.5,+19.7,@B	
1700722020.9479983	+6.54,+16.2,+21.4,LA	+6.42,+27.8,+21.3,DA	+6.52,+23.8,+21.4,FA	+6.83,+7.2,+19.8,AB	+2.37,+263.0,+20.6,LB	+6.89,+4.5,+19.7,@B	
1700722082.9521053	+6.54,+16.2,+21.4,LA	+6.42,+27.8,+21.3,DA	+6.52,+23.8,+21.4,FA	+6.83,+7.1,+19.8,BB	+2.36,+263.3,+20.6,NB	+6.89,+4.5,+19.7,@B	
1700722144.9626582	+6.54,+16.3,+21.4,MA	+6.42,+27.8,+21.3,DA	+6.53,+23.7,+21.4,HA	+6.83,+7.1,+19.9,CB	+2.35,+263.7,+20.6,IB	+6.89,+4.5,+19.7,@B	
1700722206.9719274	+6.54,+16.3,+21.4,MA	+6.43,+27.8,+21.3,EA	+6.52,+23.8,+21.4,FA	+6.83,+7.1,+19.8,BB	+2.34,+264.2,+20.6,JB	+6.89,+4.5,+19.7,@B	
1700722268.9824367	+6.54,+16.3,+21.4,MA	+6.43,+27.8,+21.3,EA	+6.52,+23.7,+21.4,IA	+6.83,+7.1,+19.9,CB	+2.35,+264.1,+20.6,HB	+6.89,+4.5,+19.7,@B	
1700722330.9914923	+6.54,+16.2,+21.3,KA	+6.42,+27.8,+21.3,DA	+6.53,+23.7,+21.4,HA	+6.83,+7.1,+19.8,BB	+2.35,+264.1,+20.6,HB	+6.89,+4.5,+19.7,@B	
1700722392.9993544	+6.54,+16.2,+21.4,LA	+6.42,+27.8,+21.3,DA	+6.53,+23.7,+21.4,HA	+6.83,+7.1,+19.9,CB	+2.35,+263.7,+20.6,IB	+6.89,+4.5,+19.7,@B	
1700722455.0060327	+6.54,+16.2,+21.4,LA	+6.42,+27.8,+21.3,DA	+6.52,+23.8,+21.4,FA	+6.83,+7.1,+19.9,CB	+2.35,+263.9,+20.6,GB	+6.89,+4.5,+19.7,@B	
1700722517.0143743	+6.54,+16.3,+21.4,MA	+6.42,+27.8,+21.3,DA	+6.52,+23.7,+21.4,IA	+6.83,+7.1,+19.9,CB	+2.35,+263.7,+20.6,IB	+6.89,+4.5,+19.7,@B	
1700722579.0221589	+6.54,+16.3,+21.4,MA	+6.42,+27.8,+21.3,DA	+6.53,+23.7,+21.4,HA	+6.83,+7.1,+19.9,CB	+2.35,+263.8,+20.6,FB	+6.89,+4.5,+19.8,OB	
1700722641.0320792	+6.54,+16.3,+21.4,MA	+6.42,+27.8,+21.3,DA	+6.53,+23.7,+21.4,HA	+6.83,+7.1,+19.9,CB	+2.35,+264.1,+20.6,HB	+6.89,+4.5,+19.7,@B	
1700722703.034058	+6.54,+16.3,+21.4,MA	+6.42,+27.8,+21.3,DA	+6.53,+23.7,+21.4,HA	+6.83,+7.1,+19.9,CB	+2.35,+263.9,+20.6,GB	+6.89,+4.5,+19.7,@B	
1700722765.0399542	+6.54,+16.2,+21.4,LA	+6.43,+27.8,+21.4,BA	+6.52,+23.7,+21.4,IA	+6.83,+7.1,+19.9,CB	+2.35,+263.9,+20.6,GB	+6.89,+4.6,+19.8,LB	
1700722827.0482469	+6.54,+16.2,+21.4,LA	+6.43,+27.8,+21.3,EA	+6.53,+23.7,+21.4,HA	+6.83,+7.1,+19.9,CB	+2.35,+263.8,+20.6,FB	+6.89,+4.6,+19.8,LB	
1700722889.0561967	+6.54,+16.2,+21.4,LA	+6.43,+27.8,+21.3,EA	+6.52,+23.8,+21.4,FA	+6.83,+7.1,+19.9,CB	+2.35,+263.7,+20.6,IB	+6.89,+4.6,+19.7,CB	
1700722951.065036	+6.54,+16.3,+21.4,MA	+6.42,+27.9,+21.3,EA	+6.52,+23.8,+21.4,FA	+6.83,+7.1,+19.8,BB	+2.35,+263.8,+20.6,FB	+6.89,+4.5,+19.8,OB	
1700723013.0684896	+6.54,+16.3,+21.4,MA	+6.42,+27.8,+21.3,DA	+6.53,+23.7,+21.4,HA	+6.83,+7.1,+19.9,CB	+2.35,+263.7,+20.6,IB	+6.89,+4.6,+19.8,LB	
1700723075.0785291	+6.54,+16.2,+21.4,LA	+6.42,+27.8,+21.3,DA	+6.52,+23.8,+21.4,FA	+6.83,+7.1,+19.8,BB	+2.36,+263.5,+20.6,HB	+6.89,+4.6,+19.7,CB	
1700723137.0856328	+6.54,+16.3,+21.4,MA	+6.42,+27.8,+21.3,DA	+6.52,+23.8,+21.4,FA	+6.83,+7.1,+19.9,CB	+2.37,+262.6,+20.6,KB	+6.89,+4.6,+19.7,CB	
1700723199.0946407	+6.54,+16.3,+21.4,MA	+6.42,+27.8,+21.3,DA	+6.52,+23.8,+21.4,FA	+6.83,+7.1,+19.9,CB	+2.38,+262.0,+20.6,BB	+6.89,+4.5,+19.7,@B	
1700723261.1049325	+6.54,+16.2,+21.4,LA	+6.43,+27.8,+21.3,EA	+6.52,+23.8,+21.4,FA	+6.83,+7.1,+19.9,CB	+2.37,+262.5,+20.6,HB	+6.89,+4.5,+19.7,@B	
1700723323.114531	+6.54,+16.3,+21.4,MA	+6.42,+27.8,+21.3,DA	+6.53,+23.7,+21.4,HA	+6.83,+7.1,+19.9,CB	+2.37,+262.6,+20.6,KB	+6.89,+4.6,+19.7,CB	
1700723385.1240482	+6.54,+16.2,+21.4,LA	+6.42,+27.8,+21.3,DA	+6.53,+23.7,+21.4,HA	+6.83,+7.0,+19.9,BB	+2.37,+262.9,+20.6,DB	+6.89,+4.6,+19.7,CB	
1700723447.134323	+6.54,+16.3,+21.4,MA	+6.42,+27.9,+21.3,EA	+6.52,+23.8,+21.4,FA	+6.83,+7.1,+19.9,CB	+2.37,+263.0,+20.6,LB	+6.89,+4.6,+19.7,CB	
1700723509.1440682	+6.54,+16.3,+21.4,MA	+6.42,+27.8,+21.3,DA	+6.52,+23.8,+21.4,FA	+6.83,+7.2,+19.9,@B	+2.37,+262.7,+20.6,JB	+6.89,+4.6,+19.7,CB	
1700723571.14908	+6.54,+16.3,+21.4,MA	+6.42,+27.8,+21.3,DA	+6.52,+23.7,+21.4,IA	+6.83,+7.1,+19.9,CB	+2.37,+263.0,+20.6,LB	+6.89,+4.6,+19.7,CB	
1700723633.1556857	+6.54,+16.3,+21.4,MA	+6.43,+27.8,+21.3,EA	+6.53,+23.7,+21.4,HA	+6.83,+7.1,+19.9,CB	+2.37,+263.0,+20.6,LB	+6.89,+4.5,+19.7,@B	
1700723695.163738	+6.54,+16.3,+21.4,MA	+6.42,+27.9,+21.3,EA	+6.52,+23.8,+21.4,FA	+6.83,+7.1,+19.9,CB	+2.37,+263.0,+20.6,LB	+6.89,+4.5,+19.7,@B	
1700723757.1724007	+6.54,+16.2,+21.4,LA	+6.42,+27.8,+21.3,DA	+6.53,+23.7,+21.4,HA	+6.83,+7.1,+19.9,CB	+2.36,+263.1,+20.6,LB	+6.89,+4.6,+19.8,LB	
1700723819.1806054	+6.54,+16.2,+21.4,LA	+6.42,+27.8,+21.4,CA	+6.52,+23.8,+21.4,FA	+6.83,+7.1,+19.9,CB	+2.36,+263.3,+20.6,NB	+6.89,+4.6,+19.8,LB	
1700723881.190988	+6.54,+16.3,+21.4,MA	+6.42,+27.8,+21.3,DA	+6.53,+23.7,+21.4,HA	+6.83,+7.1,+19.9,CB	+2.36,+263.5,+20.6,HB	+6.89,+4.6,+19.8,LB	
1700723943.2013068	+6.54,+16.3,+21.4,MA	+6.42,+27.8,+21.4,CA	+6.52,+23.7,+21.4,IA	+6.83,+7.1,+19.9,CB	+2.36,+263.4,+20.6,IB	+6.89,+4.6,+19.7,CB	
1700724005.2097847	+6.54,+16.2,+21.4,LA	+6.42,+27.8,+21.3,DA	+6.52,+23.8,+21.4,FA	+6.83,+7.1,+19.9,CB	+2.37,+262.9,+20.6,DB	+6.89,+4.6,+19.8,LB	
1700724067.218465	+6.54,+16.3,+21.4,MA	+6.42,+27.8,+21.4,CA	+6.52,+23.8,+21.4,FA	+6.83,+7.1,+19.9,CB	+2.37,+263.1,+20.6,MB	+6.89,+4.6,+19.8,LB	
1700724129.2268496	+6.54,+16.3,+21.4,MA	+6.42,+27.8,+21.4,CA	+6.52,+23.8,+21.4,FA	+6.83,+7.1,+19.9,CB	+2.36,+263.1,+20.6,LB	+6.89,+4.6,+19.8,LB	
1700724191.2359416	+6.54,+16.3,+21.4,MA	+6.42,+27.8,+21.4,CA	+6.52,+23.8,+21.5,GA	+6.83,+7.1,+19.9,CB	+2.36,+263.1,+20.6,LB	+6.89,+4.6,+19.8,LB	
1700724253.24634	+6.54,+16.3,+21.4,MA	+6.42,+27.9,+21.4,BA	+6.52,+23.8,+21.4,FA	+6.83,+7.1,+19.9,CB	+2.36,+263.4,+20.6,IB	+6.89,+4.6,+19.8,LB	
1700724315.2555408	+6.54,+16.3,+21.4,MA	+6.42,+27.9,+21.3,EA	+6.52,+23.8,+21.4,FA	+6.83,+7.1,+19.9,CB	+2.36,+263.1,+20.6,LB	+6.89,+4.6,+19.8,LB	
1700724377.266164	+6.54,+16.2,+21.4,LA	+6.42,+27.8,+21.4,CA	+6.52,+23.7,+21.5,HA	+6.83,+7.1,+19.9,CB	+2.36,+263.3,+20.6,NB	+6.89,+4.6,+19.8,LB	
1700724439.2758029	+6.54,+16.2,+21.4,LA	+6.42,+27.8,+21.3,DA	+6.52,+23.8,+21.4,FA	+6.83,+7.1,+19.9,CB	+2.36,+263.3,+20.6,NB	+6.89,+4.5,+19.8,OB	
1700724501.2864785	+6.54,+16.2,+21.4,LA	+6.42,+27.9,+21.4,BA	+6.53,+23.7,+21.4,HA	+6.83,+7.1,+19.9,CB	+2.36,+263.3,+20.6,NB	+6.89,+4.6,+19.8,LB	
1700724563.296321	+6.54,+16.3,+21.4,MA	+6.42,+27.9,+21.3,EA	+6.53,+23.7,+21.5,IA	+6.83,+7.1,+19.9,CB	+2.36,+263.2,+20.6,OB	+6.89,+4.6,+19.8,LB	
1700724625.3062515	+6.54,+16.3,+21.4,MA	+6.42,+27.8,+21.4,CA	+6.52,+23.8,+21.5,GA	+6.83,+7.1,+19.9,CB	+2.36,+263.1,+20.6,LB	+6.89,+4.6,+19.8,LB	
1700724870.8651795	+6.54,+16.2,+21.4,LA	+6.42,+27.9,+21.4,BA	+6.52,+23.8,+21.4,FA	+6.83,+7.1,+19.9,CB	+2.36,+263.2,+20.6,OB	+6.89,+4.6,+19.8,LB	
1700724932.8752563	+6.54,+16.2,+21.4,LA	+6.42,+27.8,+21.3,DA	+6.52,+23.8,+21.4,FA	+6.83,+7.1,+19.9,CB	+2.36,+263.5,+20.6,HB	+6.89,+4.6,+19.8,LB	
1700724994.8837504	+6.54,+16.3,+21.4,MA	+6.42,+27.8,+21.4,CA	+6.53,+23.7,+21.4,HA	+6.83,+7.1,+19.9,CB	+2.36,+263.5,+20.6,HB	+6.89,+4.6,+19.8,LB	
1700725056.8895385	+6.54,+16.2,+21.4,LA	+6.42,+27.9,+21.4,BA	+6.53,+23.7,+21.5,IA	+6.83,+7.1,+19.9,CB	+2.36,+263.1,+20.6,LB	+6.89,+4.6,+19.8,LB	
1700725118.8998063	+6.54,+16.2,+21.4,LA	+6.42,+27.8,+21.4,CA	+6.53,+23.7,+21.4,HA	+6.83,+7.1,+19.9,CB	+2.41,+260.3,+20.6,MB	+6.89,+4.6,+19.8,LB	
1700725180.9070306	+6.54,+16.3,+21.4,MA	+6.42,+27.9,+21.4,BA	+6.52,+23.8,+21.4,FA	+6.83,+7.1,+19.9,CB	+2.42,+260.2,+20.6,OB	+6.89,+4.6,+19.8,LB	
1700725242.9162319	+6.54,+16.2,+21.4,LA	+6.42,+28.0,+21.4,DA	+6.52,+23.8,+21.5,GA	+6.83,+7.2,+19.9,@B	+2.43,+259.5,+20.6,CB	+6.89,+4.7,+19.8,MB	
1700725304.9234242	+6.54,+16.2,+21.4,LA	+6.42,+27.9,+21.4,BA	+6.53,+23.7,+21.5,IA	+6.83,+7.1,+19.9,CB	+2.43,+259.6,+20.6,@B	+6.89,+4.6,+19.8,LB	
1700725366.9332035	+6.54,+16.2,+21.4,LA	+6.42,+27.9,+21.4,BA	+6.52,+23.8,+21.4,FA	+6.83,+7.1,+19.9,CB	+2.42,+260.0,+20.6,MB	+6.89,+4.6,+19.8,LB	
1700725428.943248	+6.54,+16.2,+21.4,LA	+6.42,+27.9,+21.4,BA	+6.53,+23.7,+21.5,IA	+6.83,+7.1,+19.9,CB	+2.42,+260.2,+20.6,OB	+6.89,+4.6,+19.8,LB	
1700725490.9509873	+6.54,+16.2,+21.4,LA	+6.42,+27.9,+21.4,BA	+6.52,+23.8,+21.4,FA	+6.83,+7.1,+19.9,CB	+2.42,+260.1,+20.6,LB	+6.89,+4.6,+19.8,LB	
1700725552.9596908	+6.54,+16.2,+21.4,LA	+6.42,+27.9,+21.4,BA	+6.53,+23.7,+21.5,IA	+6.83,+7.1,+19.9,CB	+2.41,+260.3,+20.6,MB	+6.89,+4.6,+19.8,LB	
1700725614.9696329	+6.54,+16.3,+21.4,MA	+6.42,+27.9,+21.4,BA	+6.53,+23.7,+21.5,IA	+6.83,+7.1,+19.9,CB	+2.33,+265.0,+20.6,NB	+6.89,+4.6,+19.8,LB	
1700725676.978901	+6.54,+16.2,+21.4,LA	+6.42,+27.9,+21.4,BA	+6.53,+23.7,+21.5,IA	+6.83,+7.1,+19.9,CB	+2.32,+265.5,+20.6,JB	+6.89,+4.6,+19.8,LB	
1700725738.9850297	+6.54,+16.3,+21.4,MA	+6.42,+27.9,+21.4,BA	+6.52,+23.8,+21.5,GA	+6.83,+7.1,+19.9,CB	+2.32,+265.8,+20.6,GB	+6.89,+4.6,+19.8,LB	
1700725800.994399	+6.54,+16.3,+21.4,MA	+6.42,+27.9,+21.4,BA	+6.52,+23.8,+21.5,GA	+6.83,+7.1,+19.9,CB	+2.31,+266.2,+20.6,MB	+6.89,+4.7,+19.8,MB	
1700725863.003321	+6.54,+16.3,+21.4,MA	+6.42,+27.9,+21.4,BA	+6.53,+23.7,+21.5,IA	+6.83,+7.1,+19.9,CB	+2.31,+266.4,+20.6,KB	+6.89,+4.6,+19.8,LB	
1700725925.0134134	+6.54,+16.3,+21.4,MA	+6.42,+27.9,+21.4,BA	+6.52,+23.8,+21.5,GA	+6.83,+7.0,+19.9,BB	+2.31,+266.4,+20.6,KB	+6.89,+4.7,+19.8,MB	
1700725987.0232437	+6.54,+16.2,+21.4,LA	+6.42,+27.9,+21.4,BA	+6.52,+23.8,+21.5,GA	+6.83,+7.1,+19.9,CB	+2.31,+266.0,+20.6,OB	+6.89,+4.6,+19.8,LB	
1700726049.0309103	+6.54,+16.2,+21.4,LA	+6.42,+27.9,+21.4,BA	+6.52,+23.7,+21.5,HA	+6.83,+7.1,+19.9,CB	+2.31,+266.1,+20.6,NB	+6.89,+4.6,+19.8,LB	
1700726111.0403707	+6.54,+16.3,+21.4,MA	+6.42,+27.9,+21.4,BA	+6.52,+23.7,+21.5,HA	+6.83,+7.1,+19.9,CB	+2.31,+266.2,+20.6,MB	+6.89,+4.6,+19.8,LB	
1700726173.0506685	+6.54,+16.3,+21.4,MA	+6.42,+27.9,+21.4,BA	+6.52,+23.8,+21.4,FA	+6.83,+7.1,+19.9,CB	+2.31,+266.2,+20.6,MB	+6.89,+4.6,+19.8,LB	
1700726235.0606315	+6.54,+16.3,+21.4,MA	+6.42,+27.9,+21.4,BA	+6.52,+23.8,+21.5,GA	+6.83,+7.1,+19.9,CB	+2.31,+266.4,+20.6,KB	+6.89,+4.6,+19.8,LB	
1700726297.0702329	+6.54,+16.2,+21.4,LA	+6.42,+27.9,+21.4,BA	+6.53,+23.7,+21.4,HA	+6.83,+7.1,+19.9,CB	+2.30,+266.9,+20.6,GB	+6.89,+4.6,+19.8,LB	
1700726359.075951	+6.54,+16.2,+21.4,LA	+6.42,+27.9,+21.4,BA	+6.52,+23.8,+21.5,GA	+6.83,+7.1,+19.9,CB	+2.30,+266.9,+20.6,GB	+6.89,+4.7,+19.8,MB	
1700726421.0859	+6.54,+16.3,+21.4,MA	+6.42,+27.9,+21.4,BA	+6.52,+23.8,+21.5,GA	+6.83,+7.1,+19.9,CB	+2.30,+266.9,+20.6,GB	+6.89,+4.6,+19.8,LB	
1700726483.0943618	+6.54,+16.3,+21.4,MA	+6.42,+28.0,+21.4,DA	+6.53,+23.7,+21.5,IA	+6.83,+7.1,+19.9,CB	+2.29,+267.1,+20.6,FB	+6.89,+4.6,+19.8,LB	
1700726545.1050766	+6.54,+16.2,+21.4,LA	+6.42,+27.9,+21.4,BA	+6.53,+23.7,+21.5,IA	+6.83,+7.1,+19.9,CB	+2.29,+267.4,+20.6,CB	+6.89,+4.6,+19.8,LB	
1700726607.1149573	+6.54,+16.2,+21.4,LA	+6.42,+28.0,+21.4,DA	+6.53,+23.7,+21.5,IA	+6.83,+7.1,+19.9,CB	+2.29,+267.2,+20.6,EB	+6.89,+4.6,+19.8,LB	
1700726669.1232944	+6.54,+16.3,+21.5,LA	+6.42,+27.9,+21.4,BA	+6.52,+23.8,+21.5,GA	+6.83,+7.1,+19.9,CB	+2.29,+267.3,+20.6,DB	+6.89,+4.7,+19.8,MB	
1700726731.132351	+6.54,+16.2,+21.5,MA	+6.42,+27.9,+21.4,BA	+6.52,+23.8,+21.5,GA	+6.83,+7.1,+19.9,CB	+2.29,+267.7,+20.6,@B	+6.89,+4.7,+19.8,MB	
1700726793.1417086	+6.54,+16.2,+21.5,MA	+6.42,+27.9,+21.4,BA	+6.52,+23.8,+21.5,GA	+6.83,+7.1,+19.9,CB	+2.28,+267.8,+20.6,NB	+6.89,+4.7,+19.8,MB	
1700726855.149832	+6.54,+16.2,+21.5,MA	+6.42,+27.9,+21.4,BA	+6.52,+23.8,+21.5,GA	+6.83,+7.1,+19.9,CB	+2.29,+267.5,+20.6,BB	+6.89,+4.7,+19.8,MB	
1700726917.1585898	+6.54,+16.2,+21.5,MA	+6.42,+28.0,+21.4,DA	+6.53,+23.7,+21.5,IA	+6.83,+7.1,+19.9,CB	+2.29,+267.6,+20.6,AB	+6.89,+4.6,+19.8,LB	
1700726979.1701922	+6.54,+16.3,+21.5,LA	+6.42,+28.0,+21.4,DA	+6.52,+23.8,+21.5,GA	+6.83,+7.1,+19.9,CB	+2.28,+267.7,+20.6,AB	+6.89,+4.6,+19.8,LB	
1700727041.1771605	+6.54,+16.3,+21.5,LA	+6.42,+27.9,+21.4,BA	+6.53,+23.7,+21.5,IA	+6.83,+7.1,+20.0,@B	+2.29,+267.7,+20.6,@B	+6.89,+4.6,+19.8,LB	
1700727103.186849	+6.54,+16.2,+21.5,MA	+6.42,+27.9,+21.4,BA	+6.52,+23.8,+21.5,GA	+6.83,+7.1,+20.0,@B	+2.29,+267.6,+20.6,AB	+6.89,+4.6,+19.9,MB	
1700727165.1949117	+6.54,+16.2,+21.4,LA	+6.42,+27.9,+21.4,BA	+6.52,+23.8,+21.5,GA	+6.83,+7.1,+20.0,@B	+2.28,+267.7,+20.6,AB	+6.89,+4.6,+19.8,LB	
1700727227.201327	+6.54,+16.2,+21.5,MA	+6.42,+27.9,+21.4,BA	+6.53,+23.7,+21.5,IA	+6.83,+7.1,+19.9,CB	+2.28,+267.7,+20.6,AB	+6.89,+4.6,+19.9,MB	
1700727289.2113566	+6.54,+16.2,+21.5,MA	+6.42,+27.9,+21.4,BA	+6.52,+23.8,+21.5,GA	+6.83,+7.1,+20.0,@B	+2.28,+267.9,+20.6,OB	+6.89,+4.7,+19.8,MB	
1700727351.2163124	+6.54,+16.2,+21.5,MA	+6.42,+27.9,+21.4,BA	+6.52,+23.7,+21.5,HA	+6.83,+7.1,+19.9,CB	+2.27,+268.4,+20.6,BB	+6.89,+4.7,+19.8,MB	
1700727413.2233553	+6.54,+16.2,+21.4,LA	+6.42,+28.0,+21.4,DA	+6.52,+23.8,+21.5,GA	+6.83,+7.1,+19.9,CB	+2.27,+268.6,+20.6,@B	+6.89,+4.6,+19.8,LB	
1700727475.2327123	+6.54,+16.3,+21.4,MA	+6.42,+27.9,+21.4,BA	+6.52,+23.8,+21.5,GA	+6.83,+7.1,+20.0,@B	+2.27,+268.6,+20.6,@B	+6.89,+4.6,+19.8,LB	
1700727537.2415886	+6.54,+16.3,+21.4,MA	+6.42,+27.9,+21.4,BA	+6.53,+23.7,+21.5,IA	+6.83,+7.1,+19.9,CB	+2.27,+268.8,+20.6,NB	+6.89,+4.7,+19.8,MB	
1700727599.250865	+6.54,+16.2,+21.5,MA	+6.42,+27.9,+21.4,BA	+6.52,+23.7,+21.5,HA	+6.83,+7.1,+20.0,@B	+2.26,+268.9,+20.6,NB	+6.89,+4.7,+19.8,MB	
1700727661.2615912	+6.54,+16.2,+21.5,MA	+6.42,+27.9,+21.4,BA	+6.53,+23.7,+21.5,IA	+6.83,+7.1,+20.0,@B	+2.26,+268.9,+20.6,NB	+6.89,+4.6,+19.8,LB	
1700727723.2716691	+6.54,+16.3,+21.5,LA	+6.42,+27.9,+21.4,BA	+6.53,+23.7,+21.5,IA	+6.83,+7.1,+19.9,CB	+2.28,+268.1,+20.6,HB	+6.89,+4.7,+19.8,MB	
1700727785.2797995	+6.54,+16.2,+21.5,MA	+6.42,+27.9,+21.4,BA	+6.52,+23.8,+21.5,GA	+6.83,+7.1,+19.9,CB	+2.27,+268.4,+20.6,BB	+6.89,+4.7,+19.9,LB	
1700727847.2901156	+6.54,+16.2,+21.5,MA	+6.42,+27.8,+21.4,CA	+6.52,+23.7,+21.5,HA	+6.83,+7.1,+19.9,CB	+2.28,+268.1,+20.6,HB	+6.89,+4.7,+19.8,MB	
1700727909.3002987	+6.54,+16.3,+21.5,LA	+6.42,+27.9,+21.4,BA	+6.52,+23.8,+21.5,GA	+6.83,+7.1,+19.9,CB	+2.28,+268.2,+20.6,KB	+6.89,+4.7,+19.8,MB	
1700727971.308707	+6.54,+16.3,+21.5,LA	+6.42,+27.9,+21.4,BA	+6.52,+23.8,+21.5,GA	+6.83,+7.1,+19.9,CB	+2.28,+268.1,+20.6,HB	+6.89,+4.7,+19.8,MB	
1700728033.3196948	+6.54,+16.3,+21.5,LA	+6.42,+27.9,+21.4,BA	+6.52,+23.8,+21.5,GA	+6.83,+7.1,+19.9,CB	+2.29,+267.4,+20.6,CB	+6.89,+4.7,+19.9,LB	
1700728095.3286319	+6.54,+16.2,+21.5,MA	+6.42,+27.9,+21.4,BA	+6.53,+23.7,+21.5,IA	+6.83,+7.2,+20.0,CB	+2.29,+267.3,+20.6,DB	+6.89,+4.7,+19.9,LB	
1700728157.3390293	+6.54,+16.2,+21.5,MA	+6.42,+27.9,+21.4,BA	+6.53,+23.7,+21.5,IA	+6.83,+7.1,+20.0,@B	+2.29,+267.3,+20.6,DB	+6.89,+4.6,+19.9,MB	
1700728219.346745	+6.54,+16.3,+21.5,LA	+6.42,+27.9,+21.4,BA	+6.52,+23.8,+21.5,GA	+6.83,+7.1,+20.0,@B	+2.30,+266.9,+20.6,GB	+6.89,+4.6,+19.9,MB	
1700728281.3569574	+6.54,+16.3,+21.5,LA	+6.42,+27.9,+21.4,BA	+6.52,+23.8,+21.5,GA	+6.83,+7.1,+20.0,@B	+2.30,+266.7,+20.6,IB	+6.89,+4.7,+19.9,LB	
1700728343.367288	+6.54,+16.3,+21.5,LA	+6.42,+27.9,+21.5,CA	+6.52,+23.8,+21.5,GA	+6.83,+7.1,+20.0,@B	+2.30,+266.7,+20.6,IB	+6.89,+4.7,+19.9,LB	
1700728405.3777702	+6.54,+16.3,+21.5,LA	+6.42,+27.9,+21.5,CA	+6.53,+23.7,+21.5,IA	+6.83,+7.1,+20.0,@B	+2.30,+266.7,+20.6,IB	+6.89,+4.7,+19.9,LB	
1700728467.3885791	+6.54,+16.2,+21.5,MA	+6.42,+28.0,+21.5,EA	+6.53,+23.7,+21.5,IA	+6.83,+7.1,+20.0,@B	+2.31,+266.5,+20.6,JB	+6.89,+4.7,+19.9,LB	
1700728712.9558167	+6.54,+16.2,+21.5,MA	+6.42,+28.0,+21.5,EA	+6.53,+23.7,+21.5,IA	+6.83,+7.1,+20.0,@B	+2.30,+266.7,+20.6,IB	+6.89,+4.7,+19.9,LB	
1700728774.966957	+6.54,+16.3,+21.5,LA	+6.42,+28.0,+21.4,DA	+6.52,+23.7,+21.5,HA	+6.83,+7.1,+20.0,@B	+2.31,+266.6,+20.6,IB	+6.89,+4.7,+19.9,LB	
1700728836.97653	+6.54,+16.2,+21.5,MA	+6.42,+28.0,+21.5,EA	+6.52,+23.8,+21.6,DA	+6.83,+7.2,+20.0,CB	+2.30,+266.7,+20.6,IB	+6.89,+4.6,+19.9,MB	
1700728898.9864287	+6.54,+16.2,+21.5,MA	+6.42,+28.0,+21.5,EA	+6.52,+23.8,+21.5,GA	+6.83,+7.1,+20.0,@B	+2.31,+266.4,+20.6,KB	+6.89,+4.6,+19.9,MB	
1700728960.9935462	+6.54,+16.2,+21.5,MA	+6.42,+27.9,+21.4,BA	+6.52,+23.7,+21.5,HA	+6.83,+7.2,+20.0,CB	+2.31,+266.5,+20.6,JB	+6.89,+4.7,+19.9,LB	
1700729023.0051427	+6.54,+16.3,+21.5,LA	+6.42,+28.0,+21.5,EA	+6.53,+23.7,+21.5,IA	+6.83,+7.1,+20.0,@B	+2.30,+266.6,+20.6,HB	+6.89,+4.7,+19.9,LB	
1700729085.0137277	+6.54,+16.3,+21.5,LA	+6.42,+27.9,+21.5,CA	+6.52,+23.8,+21.5,GA	+6.83,+7.1,+20.0,@B	+2.31,+266.3,+20.6,LB	+6.89,+4.7,+19.9,LB	
1700729147.0234919	+6.54,+16.2,+21.5,MA	+6.42,+28.0,+21.4,DA	+6.52,+23.8,+21.5,GA	+6.83,+7.1,+20.0,@B	+2.30,+266.8,+20.6,FB	+6.89,+4.7,+19.9,LB	
1700729209.034389	+6.54,+16.3,+21.5,LA	+6.42,+27.9,+21.5,CA	+6.52,+23.8,+21.5,GA	+6.83,+7.1,+20.0,@B	+2.30,+266.8,+20.6,FB	+6.89,+4.7,+19.9,LB	
1700729271.0435748	+6.54,+16.2,+21.5,MA	+6.42,+27.9,+21.5,CA	+6.53,+23.7,+21.5,IA	+6.83,+7.2,+20.0,CB	+2.30,+266.9,+20.6,GB	+6.89,+4.7,+19.9,LB	
1700729333.0494525	+6.54,+16.3,+21.5,LA	+6.42,+27.9,+21.5,CA	+6.53,+23.7,+21.5,IA	+6.83,+7.2,+20.0,CB	+2.30,+266.6,+20.6,HB	+6.89,+4.7,+19.9,LB	
1700729395.060312	+6.54,+16.3,+21.5,LA	+6.42,+27.9,+21.5,CA	+6.52,+23.8,+21.5,GA	+6.83,+7.2,+20.0,CB	+2.31,+266.6,+20.6,IB	+6.89,+4.7,+19.9,LB	
1700729457.0701556	+6.54,+16.2,+21.5,MA	+6.42,+27.9,+21.5,CA	+6.52,+23.8,+21.5,GA	+6.83,+7.2,+20.0,CB	+2.31,+266.5,+20.7,KB	+6.89,+4.6,+19.9,MB	
1700729519.0759997	+6.54,+16.2,+21.5,MA	+6.42,+27.9,+21.5,CA	+6.52,+23.8,+21.5,GA	+6.83,+7.2,+20.0,CB	+2.31,+266.5,+20.6,JB	+6.89,+4.7,+19.9,LB	
1700729581.0840132	+6.54,+16.2,+21.5,MA	+6.42,+28.1,+21.5,DA	+6.52,+23.8,+21.6,DA	+6.83,+7.2,+20.0,CB	+2.31,+266.4,+20.6,KB	+6.89,+4.7,+19.9,LB	
1700729643.0944483	+6.54,+16.3,+21.5,LA	+6.42,+28.0,+21.5,EA	+6.53,+23.7,+21.5,IA	+6.83,+7.1,+20.0,@B	+2.31,+266.5,+20.6,JB	+6.89,+4.7,+19.9,LB	
1700729705.1044664	+6.54,+16.3,+21.5,LA	+6.42,+28.0,+21.5,EA	+6.52,+23.8,+21.5,GA	+6.83,+7.1,+20.0,@B	+2.31,+266.4,+20.7,JB	+6.89,+4.7,+19.9,LB	
1700729767.114858	+6.54,+16.3,+21.5,LA	+6.42,+28.0,+21.5,EA	+6.53,+23.7,+21.6,JA	+6.83,+7.1,+20.0,@B	+2.31,+266.4,+20.7,JB	+6.89,+4.6,+19.9,MB	
1700729829.1246023	+6.54,+16.2,+21.5,MA	+6.42,+28.0,+21.5,EA	+6.53,+23.7,+21.6,JA	+6.83,+7.1,+20.0,@B	+2.31,+266.3,+20.7,MB	+6.89,+4.6,+19.9,MB	
1700729891.1345086	+6.54,+16.2,+21.5,MA	+6.42,+28.0,+21.5,EA	+6.52,+23.8,+21.6,DA	+6.83,+7.1,+20.0,@B	+2.31,+266.3,+20.7,MB	+6.89,+4.7,+19.9,LB	
1700729953.1440027	+6.54,+16.3,+21.5,LA	+6.42,+28.0,+21.5,EA	+6.53,+23.7,+21.6,JA	+6.83,+7.1,+20.0,@B	+2.31,+266.2,+20.7,LB	+6.89,+4.7,+19.9,LB	
1700730015.1524467	+6.54,+16.2,+21.5,MA	+6.42,+28.0,+21.5,EA	+6.52,+23.8,+21.5,GA	+6.83,+7.1,+20.0,@B	+2.31,+266.2,+20.7,LB	+6.89,+4.7,+19.9,LB	
1700730077.1623106	+6.54,+16.2,+21.5,MA	+6.42,+28.0,+21.5,EA	+6.52,+23.8,+21.5,GA	+6.83,+7.1,+20.0,@B	+2.31,+266.3,+20.7,MB	+6.89,+4.6,+19.9,MB	
1700730139.170284	+6.54,+16.2,+21.5,MA	+6.42,+28.0,+21.5,EA	+6.52,+23.8,+21.5,GA	+6.83,+7.1,+20.0,@B	+2.31,+266.3,+20.7,MB	+6.89,+4.7,+19.9,LB	
1700730201.1797643	+6.54,+16.3,+21.5,LA	+6.42,+28.0,+21.5,EA	+6.52,+23.8,+21.6,DA	+6.83,+7.1,+20.0,@B	+2.31,+266.3,+20.7,MB	+6.89,+4.7,+19.9,LB	
1700730263.188454	+6.54,+16.2,+21.5,MA	+6.42,+28.0,+21.5,EA	+6.53,+23.7,+21.5,IA	+6.83,+7.2,+20.0,CB	+2.31,+266.5,+20.7,KB	+6.89,+4.7,+19.9,LB	
1700730325.1966133	+6.54,+16.2,+21.5,MA	+6.42,+28.0,+21.5,EA	+6.53,+23.7,+21.6,JA	+6.83,+7.1,+20.0,@B	+2.31,+266.5,+20.7,KB	+6.89,+4.7,+19.9,LB	
1700730387.2058702	+6.54,+16.2,+21.5,MA	+6.42,+28.0,+21.5,EA	+6.53,+23.7,+21.6,JA	+6.83,+7.2,+20.0,CB	+2.31,+266.6,+20.7,HB	+6.89,+4.7,+19.9,LB	
1700730449.2136567	+6.54,+16.2,+21.5,MA	+6.42,+28.0,+21.5,EA	+6.53,+23.7,+21.6,JA	+6.83,+7.1,+20.0,@B	+2.30,+266.7,+20.7,HB	+6.89,+4.7,+19.9,LB	
1700730511.2223344	+6.54,+16.2,+21.5,MA	+6.42,+28.1,+21.5,DA	+6.52,+23.8,+21.6,DA	+6.83,+7.1,+20.0,@B	+2.31,+266.4,+20.6,KB	+6.89,+4.7,+19.9,LB	
1700730573.2273095	+6.54,+16.2,+21.5,MA	+6.42,+28.0,+21.5,EA	+6.52,+23.8,+21.5,GA	+6.83,+7.1,+20.0,@B	+2.30,+266.7,+20.7,HB	+6.89,+4.7,+19.9,LB	
1700730635.2339635	+6.54,+16.2,+21.5,MA	+6.42,+28.0,+21.5,EA	+6.52,+23.8,+21.5,GA	+6.83,+7.1,+20.0,@B	+2.30,+266.8,+20.7,GB	+6.89,+4.7,+19.9,LB	
1700730697.243202	+6.54,+16.3,+21.5,LA	+6.42,+28.0,+21.5,EA	+6.52,+23.8,+21.5,GA	+6.83,+7.1,+20.0,@B	+2.30,+266.8,+20.7,GB	+6.89,+4.7,+19.9,LB	
1700730759.2520323	+6.54,+16.2,+21.5,MA	+6.42,+27.9,+21.5,CA	+6.52,+23.8,+21.6,DA	+6.83,+7.1,+20.0,@B	+2.31,+266.4,+20.7,JB	+6.89,+4.7,+19.9,LB	
1700730821.258475	+6.54,+16.3,+21.5,LA	+6.42,+27.9,+21.5,CA	+6.53,+23.7,+21.6,JA	+6.83,+7.1,+20.0,@B	+2.31,+266.6,+20.7,HB	+6.89,+4.7,+19.9,LB	
1700730883.2649581	+6.54,+16.2,+21.5,MA	+6.42,+28.0,+21.5,EA	+6.53,+23.7,+21.6,JA	+6.83,+7.1,+20.0,@B	+2.30,+266.7,+20.7,HB	+6.89,+4.7,+19.9,LB	
1700730945.2743702	+6.54,+16.3,+21.5,LA	+6.42,+28.1,+21.5,DA	+6.53,+23.7,+21.6,JA	+6.83,+7.2,+20.0,CB	+2.30,+266.9,+20.7,FB	+6.89,+4.7,+19.9,LB	
1700731007.2808216	+6.54,+16.2,+21.5,MA	+6.42,+28.0,+21.5,EA	+6.52,+23.7,+21.6,KA	+6.83,+7.1,+20.0,@B	+2.30,+267.0,+20.7,NB	+6.89,+4.7,+19.9,LB	
1700731069.292073	+6.54,+16.3,+21.5,LA	+6.42,+28.0,+21.5,EA	+6.53,+23.7,+21.6,JA	+6.83,+7.2,+20.0,CB	+2.30,+266.9,+20.7,FB	+6.89,+4.8,+19.9,CB	
1700731131.3002658	+6.54,+16.2,+21.5,MA	+6.42,+28.0,+21.5,EA	+6.52,+23.8,+21.6,DA	+6.83,+7.2,+20.0,CB	+2.30,+266.7,+20.7,HB	+6.89,+4.7,+19.9,LB	
1700731193.3106751	+6.54,+16.2,+21.5,MA	+6.42,+28.0,+21.5,EA	+6.52,+23.8,+21.6,DA	+6.83,+7.1,+20.0,@B	+2.30,+266.8,+20.7,GB	+6.89,+4.7,+19.9,LB	
1700731255.3181922	+6.54,+16.2,+21.5,MA	+6.42,+28.0,+21.5,EA	+6.52,+23.8,+21.6,DA	+6.83,+7.1,+20.0,@B	+2.30,+266.7,+20.7,HB	+6.89,+4.7,+19.9,LB	
1700731317.3287125	+6.54,+16.2,+21.5,MA	+6.42,+28.0,+21.5,EA	+6.53,+23.7,+21.6,JA	+6.83,+7.1,+20.0,@B	+2.30,+266.7,+20.7,HB	+6.89,+4.8,+19.9,CB	
1700731379.338221	+6.54,+16.2,+21.5,MA	+6.42,+28.0,+21.5,EA	+6.53,+23.7,+21.5,IA	+6.83,+7.1,+20.0,@B	+2.30,+266.8,+20.7,GB	+6.89,+4.7,+19.9,LB	
1700731441.3489354	+6.54,+16.3,+21.5,LA	+6.42,+28.0,+21.5,EA	+6.52,+23.8,+21.6,DA	+6.83,+7.1,+20.0,@B	+2.30,+266.8,+20.7,GB	+6.89,+4.7,+19.9,LB	
1700731503.3585815	+6.54,+16.3,+21.5,LA	+6.42,+28.0,+21.5,EA	+6.52,+23.8,+21.6,DA	+6.83,+7.1,+20.0,@B	+2.32,+265.5,+20.7,KB	+6.89,+4.7,+19.9,LB	
1700731565.368013	+6.54,+16.3,+21.5,LA	+6.42,+28.0,+21.5,EA	+6.52,+23.8,+21.6,DA	+6.83,+7.1,+20.0,@B	+2.30,+267.0,+20.7,NB	+6.89,+4.8,+19.9,CB	
1700731627.3767455	+6.54,+16.2,+21.5,MA	+6.42,+28.0,+21.5,EA	+6.53,+23.7,+21.6,JA	+6.83,+7.2,+20.0,CB	+2.30,+267.1,+20.7,OB	+6.89,+4.8,+19.9,CB	
1700731689.3820329	+6.54,+16.3,+21.5,LA	+6.42,+28.0,+21.5,EA	+6.53,+23.7,+21.6,JA	+6.83,+7.1,+20.0,@B	+2.30,+267.0,+20.7,NB	+6.89,+4.8,+19.9,CB	
1700731751.3912253	+6.54,+16.2,+21.5,MA	+6.42,+28.0,+21.5,EA	+6.52,+23.8,+21.6,DA	+6.83,+7.1,+20.0,@B	+2.29,+267.3,+20.7,EB	+6.89,+4.7,+19.9,LB	
1700731813.4010158	+6.54,+16.2,+21.6,NA	+6.42,+28.0,+21.5,EA	+6.52,+23.8,+21.6,DA	+6.83,+7.2,+20.0,CB	+2.29,+267.4,+20.7,BB	+6.89,+4.7,+19.9,LB	
1700731875.4101002	+6.54,+16.2,+21.5,MA	+6.42,+28.1,+21.5,DA	+6.53,+23.7,+21.6,JA	+6.83,+7.1,+20.0,@B	+2.29,+267.6,+20.7,@B	+6.89,+4.7,+19.9,LB	
1700731937.4207945	+6.54,+16.2,+21.5,MA	+6.42,+28.0,+21.5,EA	+6.52,+23.8,+21.6,DA	+6.83,+7.2,+20.0,CB	+2.29,+267.6,+20.7,@B	+6.89,+4.7,+19.9,LB	
1700731999.4310918	+6.54,+16.2,+21.5,MA	+6.42,+28.0,+21.5,EA	+6.53,+23.7,+21.6,JA	+6.83,+7.1,+20.0,@B	+2.35,+264.1,+20.7,IB	+6.89,+4.8,+19.9,CB	
1700732061.442037	+6.54,+16.3,+21.5,LA	+6.42,+28.0,+21.5,EA	+6.52,+23.8,+21.6,DA	+6.83,+7.2,+20.0,CB	+2.35,+264.0,+20.7,HB	+6.89,+4.8,+19.9,CB	
1700732123.4495103	+6.54,+16.2,+21.5,MA	+6.42,+28.0,+21.5,EA	+6.52,+23.8,+21.6,DA	+6.83,+7.1,+20.0,@B	+2.27,+268.7,+20.7,@B	+6.89,+4.8,+20.0,@B	
1700732185.4563498	+6.54,+16.3,+21.6,OA	+6.42,+28.0,+21.5,EA	+6.53,+23.7,+21.6,JA	+6.83,+7.1,+20.0,@B	+2.26,+269.2,+20.7,EB	+6.89,+4.7,+20.0,OB	
1700732247.464298	+6.54,+16.3,+21.6,OA	+6.42,+28.0,+21.5,EA	+6.53,+23.7,+21.6,JA	+6.83,+7.1,+20.0,@B	+2.26,+269.2,+20.7,EB	+6.89,+4.8,+20.0,@B	
1700732309.4734056	+6.54,+16.3,+21.6,OA	+6.42,+28.1,+21.5,DA	+6.53,+23.7,+21.6,JA	+6.83,+7.2,+20.0,CB	+2.27,+268.9,+20.7,NB	+6.89,+4.8,+20.0,@B	
1700732555.0518413	+6.54,+16.2,+21.6,NA	+6.42,+28.0,+21.5,EA	+6.52,+23.8,+21.6,DA	+6.83,+7.2,+20.0,CB	+2.28,+267.9,+20.7,NB	+6.89,+4.7,+20.0,OB	
1700732617.0649006	+6.54,+16.2,+21.6,NA	+6.42,+28.1,+21.5,DA	+6.52,+23.8,+21.6,DA	+6.83,+7.1,+20.0,@B	+2.27,+268.6,+20.7,AB	+6.89,+4.8,+20.0,@B	
1700732679.0746522	+6.54,+16.3,+21.6,OA	+6.42,+28.1,+21.5,DA	+6.52,+23.8,+21.6,DA	+6.83,+7.1,+20.0,@B	+2.26,+269.1,+20.7,FB	+6.89,+4.8,+20.0,@B	
1700732741.0832944	+6.54,+16.3,+21.6,OA	+6.42,+28.1,+21.5,DA	+6.52,+23.8,+21.6,DA	+6.83,+7.1,+20.0,@B	+2.26,+269.1,+20.7,FB	+6.89,+4.8,+20.0,@B	
1700732803.0927515	+6.54,+16.3,+21.5,LA	+6.42,+28.1,+21.5,DA	+6.52,+23.8,+21.6,DA	+6.83,+7.1,+20.0,@B	+2.26,+269.4,+20.7,CB	+6.89,+4.7,+20.0,OB	
1700732865.1022546	+6.54,+16.3,+21.6,OA	+6.42,+28.1,+21.5,DA	+6.53,+23.7,+21.6,JA	+6.83,+7.1,+20.0,@B	+2.26,+269.4,+20.7,CB	+6.89,+4.7,+20.0,OB	
1700732927.110638	+6.54,+16.2,+21.6,NA	+6.42,+28.0,+21.5,EA	+6.53,+23.7,+21.6,JA	+6.83,+7.1,+20.0,@B	+2.26,+269.4,+20.7,CB	+6.89,+4.8,+20.0,@B	
1700732989.1206615	+6.54,+16.2,+21.6,NA	+6.42,+28.1,+21.5,DA	+6.52,+23.8,+21.6,DA	+6.83,+7.1,+20.0,@B	+2.26,+269.4,+20.7,CB	+6.89,+4.7,+20.0,OB	
1700733051.1282628	+6.54,+16.3,+21.6,OA	+6.42,+28.1,+21.5,DA	+6.52,+23.8,+21.6,DA	+6.83,+7.2,+20.0,CB	+2.26,+269.3,+20.7,DB	+6.89,+4.8,+20.0,@B	
1700733113.1356385	+6.54,+16.3,+21.6,OA	+6.42,+28.0,+21.5,EA	+6.52,+23.8,+21.6,DA	+6.83,+7.1,+20.0,@B	+2.26,+269.5,+20.7,BB	+6.89,+4.8,+20.0,@B	
1700733175.1449265	+6.54,+16.3,+21.6,OA	+6.42,+28.0,+21.5,EA	+6.52,+23.8,+21.6,DA	+6.83,+7.2,+20.0,CB	+2.25,+269.6,+20.7,BB	+6.89,+4.7,+20.0,OB	
1700733237.1542358	+6.54,+16.2,+21.5,MA	+6.42,+28.1,+21.5,DA	+6.52,+23.8,+21.6,DA	+6.83,+7.1,+20.0,@B	+2.27,+268.8,+20.7,OB	+6.89,+4.8,+20.0,@B	
1700733299.16176	+6.54,+16.3,+21.6,OA	+6.42,+28.1,+21.5,DA	+6.52,+23.7,+21.6,KA	+6.83,+7.2,+20.0,CB	+2.25,+269.5,+20.7,AB	+6.89,+4.7,+20.0,OB	
1700733361.1691287	+6.54,+16.2,+21.6,NA	+6.42,+28.1,+21.5,DA	+6.52,+23.8,+21.6,DA	+6.83,+7.1,+20.0,@B	+2.26,+269.5,+20.7,BB	+6.89,+4.8,+20.0,@B	
1700733423.1658187	+6.54,+16.3,+21.6,OA	+6.42,+28.1,+21.5,DA	+6.53,+23.7,+21.6,JA	+6.83,+7.1,+20.0,@B	+2.26,+269.4,+20.7,CB	+6.89,+4.7,+20.0,OB	
1700733485.1731138	+6.54,+16.2,+21.6,NA	+6.42,+28.1,+21.6,GA	+6.52,+23.8,+21.6,DA	+6.83,+7.1,+20.0,@B	+2.25,+269.6,+20.7,BB	+6.89,+4.7,+20.0,OB	
1700733547.17705	+6.54,+16.2,+21.6,NA	+6.42,+28.1,+21.5,DA	+6.52,+23.8,+21.6,DA	+6.83,+7.2,+20.0,CB	+2.26,+269.1,+20.7,FB	+6.89,+4.8,+20.0,@B	
1700733609.1852689	+6.54,+16.3,+21.6,OA	+6.42,+28.1,+21.5,DA	+6.53,+23.7,+21.7,KA	+6.83,+7.1,+20.1,AB	+2.26,+269.0,+20.7,GB	+6.89,+4.8,+20.0,@B	
1700733671.1937933	+6.54,+16.3,+21.6,OA	+6.42,+28.1,+21.6,GA	+6.52,+23.8,+21.6,DA	+6.83,+7.2,+20.0,CB	+2.28,+268.2,+20.7,JB	+6.89,+4.8,+20.0,@B	
1700733733.199186	+6.54,+16.2,+21.6,NA	+6.42,+28.1,+21.6,GA	+6.52,+23.8,+21.6,DA	+6.83,+7.1,+20.1,AB	+2.28,+268.0,+20.7,HB	+6.89,+4.8,+20.0,@B	
1700733795.20405	+6.54,+16.3,+21.6,OA	+6.42,+28.1,+21.6,GA	+6.53,+23.7,+21.6,JA	+6.83,+7.1,+20.1,AB	+2.28,+268.1,+20.7,IB	+6.89,+4.8,+20.0,@B	
1700733857.2132723	+6.54,+16.2,+21.6,NA	+6.42,+28.2,+21.6,DA	+6.53,+23.7,+21.6,JA	+6.83,+7.2,+20.1,BB	+2.27,+268.7,+20.7,@B	+6.89,+4.7,+20.0,OB	
1700733919.223878	+6.54,+16.3,+21.6,OA	+6.42,+28.1,+21.5,DA	+6.53,+23.8,+21.6,EA	+6.83,+7.1,+20.1,AB	+2.27,+268.8,+20.7,OB	+6.89,+4.8,+20.0,@B	
1700733981.2336693	+6.54,+16.3,+21.6,OA	+6.42,+28.2,+21.5,GA	+6.53,+23.7,+21.6,JA	+6.83,+7.1,+20.1,AB	+2.27,+268.8,+20.7,OB	+6.89,+4.8,+20.0,@B	
1700734043.2422905	+6.54,+16.2,+21.6,NA	+6.42,+28.2,+21.6,DA	+6.52,+23.8,+21.6,DA	+6.83,+7.2,+20.1,BB	+2.27,+268.8,+20.7,OB	+6.89,+4.8,+20.0,@B	
1700734105.2512827	+6.54,+16.2,+21.6,NA	+6.42,+28.2,+21.6,DA	+6.52,+23.8,+21.6,DA	+6.83,+7.2,+20.1,BB	+2.27,+268.7,+20.7,@B	+6.89,+4.8,+20.0,@B	
1700734167.2607148	+6.54,+16.2,+21.6,NA	+6.42,+28.1,+21.6,GA	+6.52,+23.8,+21.6,DA	+6.83,+7.1,+20.1,AB	+2.26,+269.0,+20.7,GB	+6.89,+4.8,+20.0,@B	
1700734229.268874	+6.54,+16.2,+21.6,NA	+6.42,+28.2,+21.5,GA	+6.53,+23.7,+21.6,JA	+6.83,+7.2,+20.0,CB	+2.26,+269.2,+20.7,EB	+6.89,+4.8,+20.0,@B	
1700734291.277413	+6.54,+16.2,+21.6,NA	+6.42,+28.1,+21.5,DA	+6.53,+23.7,+21.6,JA	+6.83,+7.1,+20.1,AB	+2.27,+268.6,+20.7,AB	+6.89,+4.8,+20.0,@B	
1700734353.2827895	+6.54,+16.3,+21.6,OA	+6.42,+28.1,+21.6,GA	+6.53,+23.7,+21.6,JA	+6.83,+7.2,+20.1,BB	+2.28,+268.1,+20.7,IB	+6.89,+4.8,+20.0,@B	
1700734415.292738	+6.54,+16.2,+21.6,NA	+6.42,+28.1,+21.6,GA	+6.52,+23.8,+21.6,DA	+6.83,+7.1,+20.0,@B	+2.28,+268.1,+20.7,IB	+6.89,+4.8,+20.0,@B	
1700734477.3024316	+6.54,+16.2,+21.6,NA	+6.42,+28.1,+21.6,GA	+6.53,+23.7,+21.6,JA	+6.83,+7.2,+20.1,BB	+2.31,+266.6,+20.7,HB	+6.89,+4.8,+20.0,@B	
1700734539.29789	+6.54,+16.3,+21.6,OA	+6.42,+28.2,+21.6,DA	+6.52,+23.8,+21.6,DA	+6.83,+7.2,+20.0,CB	+2.30,+267.1,+20.7,OB	+6.89,+4.8,+20.0,@B	
1700734601.3023705	+6.54,+16.3,+21.6,OA	+6.42,+28.1,+21.5,DA	+6.52,+23.8,+21.6,DA	+6.83,+7.1,+20.1,AB	+2.30,+267.2,+20.7,LB	+6.89,+4.8,+20.0,@B	
1700734663.3111706	+6.54,+16.2,+21.6,NA	+6.42,+28.1,+21.6,GA	+6.53,+23.7,+21.6,JA	+6.83,+7.2,+20.0,CB	+2.29,+267.3,+20.7,EB	+6.89,+4.8,+20.0,@B	
1700734725.3202517	+6.54,+16.2,+21.6,NA	+6.42,+28.2,+21.5,GA	+6.52,+23.8,+21.6,DA	+6.83,+7.1,+20.1,AB	+2.29,+267.2,+20.7,DB	+6.89,+4.8,+20.0,@B	
1700734787.3305104	+6.54,+16.3,+21.6,OA	+6.42,+28.1,+21.6,GA	+6.52,+23.8,+21.7,EA	+6.83,+7.2,+20.0,CB	+2.30,+266.8,+20.7,GB	+6.89,+4.8,+20.0,@B	
1700734849.3396308	+6.54,+16.2,+21.6,NA	+6.42,+28.1,+21.6,GA	+6.53,+23.8,+21.7,DA	+6.83,+7.1,+20.1,AB	+2.30,+267.0,+20.7,NB	+6.89,+4.8,+20.0,@B	
1700734911.3472323	+6.54,+16.2,+21.6,NA	+6.42,+28.1,+21.6,GA	+6.53,+23.7,+21.6,JA	+6.83,+7.2,+20.1,BB	+2.30,+266.8,+20.7,GB	+6.89,+4.8,+20.0,@B	
1700734973.3573196	+6.54,+16.3,+21.6,OA	+6.42,+28.1,+21.6,GA	+6.52,+23.8,+21.6,DA	+6.83,+7.2,+20.1,BB	+2.31,+266.3,+20.7,MB	+6.89,+4.8,+20.0,@B	
1700735035.364906	+6.54,+16.3,+21.6,OA	+6.42,+28.2,+21.6,DA	+6.53,+23.7,+21.6,JA	+6.83,+7.2,+20.1,BB	+2.31,+266.3,+20.7,MB	+6.89,+4.8,+20.0,@B	
1700735097.3751035	+6.54,+16.3,+21.6,OA	+6.42,+28.2,+21.6,DA	+6.52,+23.8,+21.7,EA	+6.83,+7.2,+20.1,BB	+2.31,+266.5,+20.8,DB	+6.89,+4.7,+20.0,OB	
1700735159.3830817	+6.54,+16.3,+21.6,OA	+6.42,+28.1,+21.6,GA	+6.52,+23.8,+21.7,EA	+6.83,+7.1,+20.1,AB	+2.31,+266.6,+20.7,HB	+6.89,+4.8,+20.0,@B	
1700735221.3928819	+6.54,+16.2,+21.6,NA	+6.42,+28.1,+21.6,GA	+6.52,+23.8,+21.7,EA	+6.83,+7.1,+20.1,AB	+2.31,+266.5,+20.7,KB	+6.89,+4.8,+20.0,@B	
1700735283.3992894	+6.54,+16.2,+21.6,NA	+6.42,+28.1,+21.6,GA	+6.53,+23.7,+21.6,JA	+6.83,+7.2,+20.1,BB	+2.31,+266.4,+20.7,JB	+6.89,+4.8,+20.0,@B	
1700735345.4094872	+6.54,+16.2,+21.6,NA	+6.42,+28.2,+21.6,DA	+6.52,+23.8,+21.7,EA	+6.83,+7.2,+20.1,BB	+2.31,+266.5,+20.7,KB	+6.89,+4.8,+20.0,@B	
1700735407.4179668	+6.54,+16.2,+21.6,NA	+6.42,+28.1,+21.6,GA	+6.53,+23.7,+21.6,JA	+6.83,+7.2,+20.1,BB	+2.31,+266.6,+20.8,GB	+6.89,+4.8,+20.0,@B	
1700735469.42686	+6.54,+16.2,+21.6,NA	+6.42,+28.2,+21.6,DA	+6.52,+23.8,+21.6,DA	+6.83,+7.2,+20.1,BB	+2.36,+263.3,+20.7,OB	+6.89,+4.8,+20.0,@B	
1700735531.4359713	+6.54,+16.3,+21.6,OA	+6.42,+28.2,+21.6,DA	+6.53,+23.7,+21.7,KA	+6.83,+7.2,+20.1,BB	+2.36,+263.2,+20.8,AB	+6.89,+4.8,+20.0,@B	
1700735593.4439628	+6.54,+16.2,+21.6,NA	+6.42,+28.2,+21.6,DA	+6.52,+23.8,+21.7,EA	+6.83,+7.2,+20.1,BB	+2.29,+267.6,+20.7,@B	+6.89,+4.8,+20.0,@B	
1700735655.45202	+6.54,+16.2,+21.6,NA	+6.42,+28.1,+21.6,GA	+6.52,+23.8,+21.7,EA	+6.83,+7.2,+20.1,BB	+2.29,+267.8,+20.8,AB	+6.89,+4.8,+20.0,@B	
1700735717.4589195	+6.54,+16.3,+21.6,OA	+6.42,+28.1,+21.6,GA	+6.52,+23.8,+21.6,DA	+6.83,+7.2,+20.1,BB	+2.29,+267.6,+20.7,@B	+6.89,+4.8,+20.0,@B	
1700735779.4681597	+6.54,+16.2,+21.6,NA	+6.42,+28.2,+21.6,DA	+6.52,+23.8,+21.6,DA	+6.83,+7.1,+20.1,AB	+2.29,+267.7,+20.7,AB	+6.89,+4.8,+20.0,@B	
1700735841.476408	+6.54,+16.3,+21.6,OA	+6.42,+28.1,+21.6,GA	+6.53,+23.7,+21.6,JA	+6.83,+7.2,+20.1,BB	+2.29,+267.7,+20.8,NB	+6.89,+4.8,+20.0,@B	
1700735903.4843988	+6.54,+16.2,+21.6,NA	+6.42,+28.2,+21.6,DA	+6.52,+23.8,+21.7,EA	+6.83,+7.1,+20.1,AB	+2.28,+267.8,+20.7,OB	+6.89,+4.8,+20.0,@B	
1700735965.494788	+6.54,+16.2,+21.6,NA	+6.42,+28.2,+21.6,DA	+6.53,+23.7,+21.7,KA	+6.83,+7.2,+20.1,BB	+2.28,+267.9,+20.8,AB	+6.89,+4.8,+20.0,@B	
1700736027.5022256	+6.54,+16.2,+21.6,NA	+6.42,+28.1,+21.6,GA	+6.53,+23.7,+21.6,JA	+6.83,+7.2,+20.1,BB	+2.28,+268.1,+20.8,FB	+6.88,+4.9,+20.0,@B	
1700736089.5127952	+6.54,+16.3,+21.6,OA	+6.42,+28.2,+21.6,DA	+6.52,+23.8,+21.7,EA	+6.83,+7.1,+20.1,AB	+2.29,+267.8,+20.8,AB	+6.89,+4.8,+20.0,@B	
1700736151.5208447	+6.54,+16.2,+21.6,NA	+6.42,+28.2,+21.6,DA	+6.52,+23.8,+21.7,EA	+6.83,+7.2,+20.1,BB	+2.28,+268.1,+20.8,FB	+6.88,+4.9,+20.0,@B	
1700736397.1302054	+6.54,+16.2,+21.6,NA	+6.42,+28.2,+21.6,DA	+6.52,+23.8,+21.7,EA	+6.83,+7.2,+20.1,BB	+2.31,+266.4,+20.8,EB	+6.89,+4.8,+20.1,AB	
1700736459.1374588	+6.54,+16.2,+21.6,NA	+6.42,+28.2,+21.6,DA	+6.52,+23.8,+21.7,EA	+6.83,+7.1,+20.1,AB	+2.30,+267.0,+20.7,NB	+6.88,+4.9,+20.1,AB	
1700736521.143764	+6.54,+16.2,+21.6,NA	+6.42,+28.1,+21.6,GA	+6.52,+23.8,+21.7,EA	+6.83,+7.1,+20.1,AB	+2.29,+267.3,+20.8,JB	+6.89,+4.8,+20.1,AB	
1700736583.1531034	+6.54,+16.3,+21.6,OA	+6.42,+28.2,+21.6,DA	+6.53,+23.7,+21.7,KA	+6.83,+7.1,+20.1,AB	+2.29,+267.4,+20.8,MB	+6.89,+4.8,+20.0,@B	
1700736645.1614833	+6.54,+16.2,+21.6,NA	+6.42,+28.2,+21.6,DA	+6.53,+23.7,+21.7,KA	+6.83,+7.2,+20.1,BB	+2.29,+267.4,+20.8,MB	+6.89,+4.8,+20.1,AB	
1700736707.1717916	+6.54,+16.2,+21.6,NA	+6.42,+28.2,+21.6,DA	+6.53,+23.7,+21.7,KA	+6.83,+7.2,+20.1,BB	+2.30,+267.3,+20.8,BB	+6.88,+4.9,+20.1,AB	
1700736769.1800761	+6.54,+16.3,+21.6,OA	+6.42,+28.2,+21.6,DA	+6.52,+23.8,+21.7,EA	+6.83,+7.1,+20.1,AB	+2.30,+267.2,+20.8,CB	+6.89,+4.8,+20.1,AB	
1700736831.187203	+6.54,+16.3,+21.6,OA	+6.42,+28.2,+21.6,DA	+6.52,+23.8,+21.7,EA	+6.83,+7.2,+20.1,BB	+2.30,+266.9,+20.8,IB	+6.88,+4.9,+20.0,@B	
1700736893.1951761	+6.54,+16.2,+21.6,NA	+6.42,+28.2,+21.6,DA	+6.52,+23.8,+21.7,EA	+6.83,+7.2,+20.1,BB	+2.30,+267.2,+20.8,CB	+6.88,+4.9,+20.0,@B	
1700736955.2060287	+6.54,+16.2,+21.6,NA	+6.42,+28.2,+21.6,DA	+6.52,+23.8,+21.7,EA	+6.83,+7.2,+20.1,BB	+2.30,+267.2,+20.8,CB	+6.88,+4.9,+20.0,@B	
1700737017.2155926	+6.54,+16.3,+21.6,OA	+6.42,+28.2,+21.6,DA	+6.53,+23.7,+21.7,KA	+6.83,+7.1,+20.1,AB	+2.30,+267.2,+20.8,CB	+6.88,+4.9,+20.0,@B	
1700737079.224949	+6.54,+16.2,+21.7,OA	+6.42,+28.2,+21.6,DA	+6.53,+23.7,+21.7,KA	+6.83,+7.2,+20.1,BB	+2.29,+267.3,+20.8,JB	+6.88,+4.9,+20.0,@B	
1700737141.2353134	+6.54,+16.2,+21.6,NA	+6.42,+28.2,+21.6,DA	+6.52,+23.9,+21.7,DA	+6.83,+7.2,+20.1,BB	+2.29,+267.3,+20.8,JB	+6.88,+4.9,+20.0,@B	
1700737203.2448957	+6.54,+16.3,+21.6,OA	+6.42,+28.3,+21.6,EA	+6.52,+23.9,+21.7,DA	+6.83,+7.2,+20.1,BB	+2.29,+267.3,+20.8,JB	+6.88,+4.9,+20.0,@B	
1700737265.25473	+6.54,+16.3,+21.6,OA	+6.42,+28.2,+21.6,DA	+6.52,+23.8,+21.7,EA	+6.83,+7.2,+20.1,BB	+2.29,+267.5,+20.8,LB	+6.88,+4.9,+20.0,@B	
1700737327.265033	+6.54,+16.2,+21.6,NA	+6.42,+28.2,+21.6,DA	+6.52,+23.8,+21.7,EA	+6.83,+7.2,+20.1,BB	+2.29,+267.5,+20.8,LB	+6.88,+4.9,+20.0,@B	
1700737389.2728527	+6.54,+16.3,+21.6,OA	+6.42,+28.2,+21.6,DA	+6.52,+23.8,+21.7,EA	+6.83,+7.2,+20.1,BB	+2.29,+267.5,+20.8,LB	+6.89,+4.8,+20.0,@B	
1700737451.2822027	+6.54,+16.2,+21.6,NA	+6.42,+28.2,+21.6,DA	+6.52,+23.8,+21.7,EA	+6.83,+7.2,+20.1,BB	+2.29,+267.6,+20.8,OB	+6.88,+4.9,+20.0,@B	
1700737513.2914045	+6.54,+16.2,+21.6,NA	+6.42,+28.2,+21.6,DA	+6.52,+23.8,+21.7,EA	+6.83,+7.2,+20.1,BB	+2.29,+267.4,+20.8,MB	+6.88,+4.9,+20.0,@B	
1700737575.3007283	+6.54,+16.2,+21.6,NA	+6.42,+28.2,+21.6,DA	+6.52,+23.8,+21.7,EA	+6.83,+7.1,+20.1,AB	+2.29,+267.6,+20.8,OB	+6.88,+4.9,+20.1,AB	
1700737637.3109205	+6.54,+16.3,+21.6,OA	+6.42,+28.3,+21.6,EA	+6.52,+23.8,+21.7,EA	+6.83,+7.2,+20.1,BB	+2.28,+268.0,+20.8,GB	+6.89,+4.8,+20.0,@B	
1700737699.3204527	+6.54,+16.3,+21.6,OA	+6.42,+28.3,+21.6,EA	+6.53,+23.7,+21.7,KA	+6.83,+7.2,+20.1,BB	+2.28,+268.0,+20.8,GB	+6.88,+4.9,+20.0,@B	
1700737761.3297207	+6.54,+16.2,+21.7,OA	+6.42,+28.2,+21.6,DA	+6.52,+23.8,+21.7,EA	+6.83,+7.2,+20.1,BB	+2.29,+267.8,+20.8,AB	+6.88,+4.9,+20.0,@B	
1700737823.338281	+6.54,+16.2,+21.6,NA	+6.42,+28.2,+21.6,DA	+6.52,+23.8,+21.7,EA	+6.83,+7.2,+20.1,BB	+2.29,+267.8,+20.8,AB	+6.88,+4.9,+20.0,@B	
1700737885.346994	+6.54,+16.2,+21.7,OA	+6.42,+28.2,+21.6,DA	+6.53,+23.7,+21.7,KA	+6.83,+7.2,+20.1,BB	+2.29,+267.7,+20.8,NB	+6.88,+4.9,+20.1,AB	
1700737947.3576329	+6.54,+16.2,+21.7,OA	+6.42,+28.2,+21.6,DA	+6.52,+23.8,+21.7,EA	+6.83,+7.2,+20.1,BB	+2.29,+267.3,+20.8,JB	+6.88,+4.9,+20.0,@B	
1700738009.3665287	+6.54,+16.2,+21.6,NA	+6.42,+28.2,+21.6,DA	+6.52,+23.8,+21.7,EA	+6.83,+7.2,+20.1,BB	+2.30,+267.2,+20.8,CB	+6.88,+4.9,+20.1,AB	
1700738071.374373	+6.54,+16.3,+21.6,OA	+6.42,+28.3,+21.6,EA	+6.52,+23.8,+21.7,EA	+6.83,+7.2,+20.1,BB	+2.30,+267.2,+20.8,CB	+6.88,+5.0,+20.0,HB	
1700738133.3848202	+6.54,+16.2,+21.6,NA	+6.42,+28.2,+21.6,DA	+6.52,+23.8,+21.7,EA	+6.83,+7.2,+20.1,BB	+2.29,+267.5,+20.8,LB	+6.88,+4.9,+20.0,@B	
1700738195.394068	+6.54,+16.2,+21.6,NA	+6.42,+28.2,+21.6,DA	+6.52,+23.8,+21.7,EA	+6.83,+7.3,+20.1,CB	+2.30,+267.2,+20.8,CB	+6.88,+4.9,+20.0,@B	
1700738257.4021595	+6.54,+16.2,+21.6,NA	+6.42,+28.3,+21.6,EA	+6.52,+23.8,+21.7,EA	+6.83,+7.2,+20.1,BB	+2.30,+267.1,+20.8,@B	+6.88,+4.9,+20.1,AB	
1700738319.4121664	+6.54,+16.2,+21.6,NA	+6.42,+28.2,+21.6,DA	+6.53,+23.7,+21.7,KA	+6.83,+7.2,+20.1,BB	+2.30,+267.1,+20.8,@B	+6.88,+4.9,+20.0,@B	
1700738381.422342	+6.54,+16.2,+21.6,NA	+6.42,+28.2,+21.6,DA	+6.53,+23.8,+21.7,DA	+6.83,+7.2,+20.1,BB	+2.30,+267.1,+20.8,@B	+6.88,+4.9,+20.0,@B	
1700738443.431488	+6.54,+16.2,+21.6,NA	+6.42,+28.2,+21.6,DA	+6.53,+23.8,+21.7,DA	+6.83,+7.2,+20.1,BB	+2.30,+267.2,+20.8,CB	+6.88,+4.9,+20.0,@B	
1700738505.4418795	+6.54,+16.2,+21.6,NA	+6.42,+28.3,+21.6,EA	+6.53,+23.7,+21.7,KA	+6.83,+7.2,+20.1,BB	+2.29,+267.5,+20.8,LB	+6.88,+4.9,+20.0,@B	
1700738567.451311	+6.54,+16.2,+21.6,NA	+6.42,+28.3,+21.6,EA	+6.52,+23.8,+21.7,EA	+6.83,+7.2,+20.1,BB	+2.29,+267.6,+20.8,OB	+6.88,+4.9,+20.0,@B	
1700738629.4607768	+6.54,+16.3,+21.6,OA	+6.42,+28.3,+21.6,EA	+6.52,+23.8,+21.7,EA	+6.83,+7.1,+20.1,AB	+2.29,+267.6,+20.8,OB	+6.88,+4.9,+20.0,@B	
1700738691.4669092	+6.54,+16.2,+21.6,NA	+6.42,+28.3,+21.6,EA	+6.52,+23.8,+21.7,EA	+6.83,+7.2,+20.1,BB	+2.29,+267.7,+20.8,NB	+6.88,+4.9,+20.0,@B	
1700738753.4742846	+6.54,+16.2,+21.6,NA	+6.42,+28.3,+21.6,EA	+6.52,+23.8,+21.7,EA	+6.83,+7.2,+20.1,BB	+2.29,+267.7,+20.8,NB	+6.88,+4.9,+20.0,@B	
1700738815.4827607	+6.54,+16.2,+21.6,NA	+6.42,+28.2,+21.6,DA	+6.52,+23.8,+21.7,EA	+6.83,+7.2,+20.1,BB	+2.28,+268.0,+20.8,GB	+6.88,+4.9,+20.0,@B	
1700738877.4930706	+6.54,+16.2,+21.6,NA	+6.42,+28.3,+21.6,EA	+6.53,+23.7,+21.7,KA	+6.83,+7.2,+20.1,BB	+2.28,+268.2,+20.8,EB	+6.88,+4.9,+20.0,@B	
1700738939.5014267	+6.54,+16.2,+21.6,NA	+6.42,+28.3,+21.6,EA	+6.53,+23.8,+21.7,DA	+6.83,+7.1,+20.1,AB	+2.28,+268.1,+20.8,FB	+6.88,+4.9,+20.0,@B	
1700739001.5094602	+6.54,+16.2,+21.6,NA	+6.42,+28.3,+21.6,EA	+6.52,+23.8,+21.6,DA	+6.83,+7.2,+20.1,BB	+2.28,+268.0,+20.8,GB	+6.88,+4.9,+20.0,@B	
1700739063.52153	+6.54,+16.2,+21.6,NA	+6.42,+28.2,+21.6,DA	+6.53,+23.7,+21.7,KA	+6.83,+7.2,+20.1,BB	+2.29,+267.8,+20.8,AB	+6.88,+4.9,+20.0,@B	
1700739125.5283267	+6.54,+16.3,+21.6,OA	+6.42,+28.3,+21.6,EA	+6.52,+23.8,+21.6,DA	+6.83,+7.2,+20.1,BB	+2.28,+268.1,+20.8,FB	+6.88,+4.9,+20.0,@B	
1700739187.5394728	+6.54,+16.3,+21.6,OA	+6.42,+28.3,+21.6,EA	+6.53,+23.7,+21.6,JA	+6.83,+7.2,+20.1,BB	+2.37,+262.9,+20.8,JB	+6.88,+4.9,+20.0,@B	
1700739249.547019	+6.54,+16.2,+21.6,NA	+6.42,+28.2,+21.6,DA	+6.52,+23.8,+21.7,EA	+6.83,+7.2,+20.1,BB	+2.37,+262.7,+20.8,DB	+6.88,+4.9,+20.0,@B	
1700739311.557087	+6.54,+16.2,+21.6,NA	+6.42,+28.3,+21.6,EA	+6.53,+23.7,+21.6,JA	+6.83,+7.2,+20.1,BB	+2.33,+265.1,+20.8,AB	+6.88,+4.9,+20.0,@B	
1700739373.5660794	+6.54,+16.2,+21.6,NA	+6.42,+28.3,+21.6,EA	+6.52,+23.8,+21.7,EA	+6.83,+7.2,+20.1,BB	+2.32,+265.6,+20.8,GB	+6.88,+4.9,+20.0,@B	
1700739435.575528	+6.54,+16.2,+21.6,NA	+6.42,+28.3,+21.6,EA	+6.53,+23.7,+21.7,KA	+6.83,+7.2,+20.1,BB	+2.32,+265.9,+20.8,HB	+6.88,+4.9,+20.0,@B	
1700739497.5860906	+6.54,+16.2,+21.6,NA	+6.42,+28.3,+21.6,EA	+6.53,+23.7,+21.7,KA	+6.83,+7.2,+20.1,BB	+2.32,+266.0,+20.8,BB	+6.89,+4.8,+20.0,@B	
1700739559.5933015	+6.54,+16.2,+21.6,NA	+6.42,+28.3,+21.6,EA	+6.52,+23.8,+21.7,EA	+6.83,+7.2,+20.1,BB	+2.31,+266.3,+20.8,BB	+6.88,+4.9,+20.0,@B	
1700739621.6028872	+6.54,+16.2,+21.6,NA	+6.42,+28.4,+21.6,BA	+6.53,+23.7,+21.7,KA	+6.83,+7.2,+20.1,BB	+2.31,+266.5,+20.8,DB	+6.88,+4.9,+20.0,@B	
1700739683.6117704	+6.54,+16.2,+21.6,NA	+6.42,+28.3,+21.6,EA	+6.53,+23.7,+21.6,JA	+6.83,+7.1,+20.1,AB	+2.31,+266.3,+20.8,BB	+6.88,+4.9,+20.0,@B	
1700739745.6206918	+6.54,+16.2,+21.6,NA	+6.42,+28.3,+21.6,EA	+6.52,+23.8,+21.7,EA	+6.83,+7.2,+20.1,BB	+2.32,+265.9,+20.8,HB	+6.88,+4.9,+20.0,@B	
1700739807.6300135	+6.54,+16.2,+21.6,NA	+6.42,+28.4,+21.6,BA	+6.52,+23.8,+21.7,EA	+6.83,+7.2,+20.1,BB	+2.32,+265.8,+20.8,IB	+6.88,+4.9,+20.0,@B	
1700739869.6386178	+6.54,+16.2,+21.6,NA	+6.42,+28.3,+21.6,EA	+6.52,+23.8,+21.6,DA	+6.83,+7.2,+20.1,BB	+2.31,+266.2,+20.8,CB	+6.88,+4.9,+20.0,@B	
1700739931.6486826	+6.54,+16.3,+21.6,OA	+6.42,+28.4,+21.6,BA	+6.52,+23.8,+21.7,EA	+6.83,+7.2,+20.1,BB	+2.30,+266.8,+20.8,HB	+6.88,+4.9,+20.0,@B	
1700739993.659275	+6.54,+16.2,+21.6,NA	+6.42,+28.4,+21.6,BA	+6.52,+23.8,+21.6,DA	+6.83,+7.2,+20.1,BB	+2.30,+267.1,+20.8,@B	+6.88,+4.9,+20.0,@B	
1700740239.232831	+6.54,+16.2,+21.6,NA	+6.41,+28.4,+21.6,AA	+6.52,+23.8,+21.6,DA	+6.83,+7.2,+20.1,BB	+2.30,+266.8,+20.8,HB	+6.88,+4.9,+20.0,@B	
1700740301.2435598	+6.54,+16.2,+21.6,NA	+6.42,+28.4,+21.6,BA	+6.52,+23.8,+21.6,DA	+6.83,+7.2,+20.1,BB	+2.29,+267.3,+20.8,JB	+6.88,+4.9,+20.0,@B	
1700740363.2516115	+6.54,+16.2,+21.6,NA	+6.42,+28.3,+21.6,EA	+6.52,+23.8,+21.6,DA	+6.83,+7.1,+20.1,AB	+2.29,+267.4,+20.8,MB	+6.88,+4.9,+20.0,@B	
1700740425.2622507	+6.54,+16.3,+21.6,OA	+6.41,+28.4,+21.6,AA	+6.53,+23.7,+21.6,JA	+6.83,+7.3,+20.0,BB	+2.30,+267.3,+20.8,BB	+6.88,+4.9,+20.0,@B	
1700740487.270414	+6.54,+16.3,+21.6,OA	+6.41,+28.4,+21.5,BA	+6.52,+23.8,+21.6,DA	+6.83,+7.2,+20.0,CB	+2.29,+267.6,+20.8,OB	+6.88,+4.9,+20.0,@B	
1700740549.279257	+6.54,+16.2,+21.6,NA	+6.42,+28.4,+21.6,BA	+6.52,+23.8,+21.6,DA	+6.83,+7.2,+20.1,BB	+2.31,+266.5,+20.8,DB	+6.88,+4.9,+19.9,CB	
1700740611.2853053	+6.54,+16.2,+21.6,NA	+6.41,+28.4,+21.5,BA	+6.53,+23.7,+21.6,JA	+6.83,+7.2,+20.0,CB	+2.31,+266.3,+20.8,BB	+6.88,+4.9,+19.9,CB	
1700740673.2928648	+6.54,+16.2,+21.6,NA	+6.42,+28.3,+21.5,FA	+6.52,+23.8,+21.6,DA	+6.83,+7.2,+20.0,CB	+2.31,+266.4,+20.8,EB	+6.88,+4.9,+19.9,CB	
1700740735.3011708	+6.54,+16.2,+21.6,NA	+6.42,+28.3,+21.5,FA	+6.52,+23.8,+21.6,DA	+6.83,+7.2,+20.0,CB	+2.33,+265.3,+20.8,CB	+6.88,+4.9,+19.9,CB	
1700740797.308033	+6.54,+16.2,+21.6,NA	+6.42,+28.3,+21.6,EA	+6.53,+23.7,+21.6,JA	+6.83,+7.2,+20.0,CB	+2.33,+265.2,+20.7,MB	+6.88,+5.0,+19.9,KB	
1700740859.31871	+6.54,+16.2,+21.6,NA	+6.42,+28.4,+21.5,AA	+6.52,+23.8,+21.6,DA	+6.83,+7.2,+20.0,CB	+2.32,+266.0,+20.8,BB	+6.88,+4.9,+19.9,CB	
1700740921.3277588	+6.54,+16.2,+21.6,NA	+6.42,+28.3,+21.5,FA	+6.53,+23.7,+21.6,JA	+6.83,+7.2,+20.0,CB	+2.31,+266.1,+20.8,@B	+6.88,+5.0,+20.0,HB	
1700740983.3359766	+6.54,+16.2,+21.6,NA	+6.42,+28.4,+21.5,AA	+6.52,+23.8,+21.6,DA	+6.83,+7.1,+20.0,@B	+2.32,+266.1,+20.8,CB	+6.88,+4.9,+20.0,@B	
1700741045.341586	+6.54,+16.2,+21.6,NA	+6.42,+28.4,+21.5,AA	+6.52,+23.8,+21.6,DA	+6.83,+7.2,+20.0,CB	+2.32,+266.1,+20.8,CB	+6.88,+4.9,+20.0,@B	
1700741107.3505814	+6.54,+16.2,+21.6,NA	+6.42,+28.4,+21.6,BA	+6.53,+23.7,+21.6,JA	+6.83,+7.2,+20.0,CB	+2.31,+266.2,+20.8,CB	+6.88,+5.0,+20.0,HB	
1700741169.359037	+6.54,+16.2,+21.6,NA	+6.42,+28.4,+21.6,BA	+6.53,+23.7,+21.6,JA	+6.83,+7.2,+20.0,CB	+2.31,+266.2,+20.8,CB	+6.88,+4.9,+19.9,CB	
1700741231.3675554	+6.54,+16.2,+21.6,NA	+6.42,+28.3,+21.5,FA	+6.53,+23.7,+21.6,JA	+6.83,+7.2,+20.0,CB	+2.31,+266.2,+20.8,CB	+6.88,+4.9,+20.0,@B	
1700741293.3757424	+6.54,+16.2,+21.6,NA	+6.42,+28.4,+21.6,BA	+6.53,+23.7,+21.6,JA	+6.83,+7.2,+20.0,CB	+2.31,+266.2,+20.8,CB	+6.88,+4.9,+20.0,@B	
1700741355.386465	+6.54,+16.2,+21.6,NA	+6.42,+28.4,+21.5,AA	+6.53,+23.7,+21.6,JA	+6.83,+7.2,+20.0,CB	+2.31,+266.3,+20.8,BB	+6.88,+4.9,+19.9,CB	
1700741417.3943646	+6.54,+16.2,+21.6,NA	+6.42,+28.4,+21.5,AA	+6.52,+23.8,+21.6,DA	+6.83,+7.2,+20.0,CB	+2.31,+266.3,+20.8,BB	+6.88,+4.9,+19.9,CB	
1700741479.403328	+6.54,+16.2,+21.6,NA	+6.41,+28.5,+21.5,CA	+6.52,+23.8,+21.6,DA	+6.83,+7.2,+20.0,CB	+2.32,+266.1,+20.8,CB	+6.88,+4.9,+19.9,CB	
1700741541.4144258	+6.54,+16.2,+21.6,NA	+6.41,+28.4,+21.5,BA	+6.53,+23.7,+21.6,JA	+6.83,+7.2,+20.0,CB	+2.31,+266.2,+20.8,CB	+6.88,+5.0,+19.9,KB	
1700741603.4233727	+6.54,+16.2,+21.6,NA	+6.42,+28.4,+21.5,AA	+6.52,+23.8,+21.6,DA	+6.83,+7.2,+20.0,CB	+2.31,+266.1,+20.8,@B	+6.88,+4.9,+19.9,CB	
1700741665.4347155	+6.54,+16.2,+21.6,NA	+6.41,+28.4,+21.5,BA	+6.53,+23.7,+21.6,JA	+6.83,+7.2,+20.0,CB	+2.31,+266.3,+20.8,BB	+6.88,+4.9,+19.9,CB	
1700741727.4436064	+6.54,+16.2,+21.6,NA	+6.41,+28.4,+21.5,BA	+6.52,+23.8,+21.6,DA	+6.83,+7.1,+20.0,@B	+2.31,+266.3,+20.7,MB	+6.88,+5.0,+19.9,KB	
1700741789.4533906	+6.54,+16.1,+21.6,MA	+6.41,+28.4,+21.5,BA	+6.52,+23.8,+21.6,DA	+6.83,+7.2,+20.0,CB	+2.31,+266.4,+20.8,EB	+6.88,+5.0,+19.9,KB	
1700741851.4629817	+6.54,+16.2,+21.5,MA	+6.41,+28.4,+21.5,BA	+6.52,+23.8,+21.6,DA	+6.83,+7.2,+20.0,CB	+2.31,+266.4,+20.8,EB	+6.88,+5.0,+19.9,KB	
1700741913.4706318	+6.54,+16.2,+21.6,NA	+6.41,+28.5,+21.5,CA	+6.52,+23.7,+21.6,KA	+6.83,+7.2,+20.0,CB	+2.31,+266.5,+20.8,DB	+6.88,+5.0,+19.9,KB	
1700741975.4789026	+6.54,+16.2,+21.6,NA	+6.41,+28.4,+21.5,BA	+6.52,+23.8,+21.6,DA	+6.83,+7.2,+20.0,CB	+2.31,+266.6,+20.8,GB	+6.88,+4.9,+19.9,CB	
1700742037.4870942	+6.54,+16.2,+21.6,NA	+6.41,+28.5,+21.5,CA	+6.52,+23.8,+21.6,DA	+6.83,+7.1,+20.0,@B	+2.31,+266.5,+20.8,DB	+6.88,+4.9,+19.9,CB	
1700742099.4961944	+6.54,+16.2,+21.6,NA	+6.41,+28.4,+21.5,BA	+6.52,+23.8,+21.6,DA	+6.83,+7.2,+20.0,CB	+2.31,+266.4,+20.8,EB	+6.88,+4.9,+19.9,CB	
1700742161.5064638	+6.54,+16.2,+21.5,MA	+6.41,+28.4,+21.5,BA	+6.53,+23.7,+21.6,JA	+6.83,+7.2,+20.0,CB	+2.31,+266.5,+20.8,DB	+6.88,+5.0,+19.9,KB	
1700742223.5166988	+6.54,+16.2,+21.6,NA	+6.41,+28.4,+21.5,BA	+6.52,+23.8,+21.6,DA	+6.83,+7.2,+20.0,CB	+2.31,+266.4,+20.8,EB	+6.88,+5.0,+19.9,KB	
1700742285.5274115	+6.54,+16.1,+21.5,NA	+6.41,+28.5,+21.5,CA	+6.52,+23.8,+21.5,GA	+6.83,+7.2,+20.0,CB	+2.31,+266.5,+20.8,DB	+6.88,+5.0,+19.9,KB	
1700742347.5365155	+6.54,+16.2,+21.5,MA	+6.41,+28.4,+21.5,BA	+6.52,+23.8,+21.6,DA	+6.83,+7.3,+20.0,BB	+2.31,+266.4,+20.8,EB	+6.88,+5.0,+19.9,KB	
1700742409.5450199	+6.54,+16.2,+21.5,MA	+6.41,+28.5,+21.5,CA	+6.52,+23.8,+21.5,GA	+6.83,+7.2,+20.0,CB	+2.31,+266.4,+20.7,JB	+6.88,+5.0,+19.9,KB	
1700742471.5502195	+6.54,+16.1,+21.5,NA	+6.41,+28.5,+21.5,CA	+6.52,+23.8,+21.5,GA	+6.83,+7.3,+20.0,BB	+2.31,+266.6,+20.8,GB	+6.88,+5.0,+19.9,KB	
1700742533.556454	+6.54,+16.1,+21.5,NA	+6.41,+28.4,+21.5,BA	+6.52,+23.8,+21.5,GA	+6.83,+7.2,+20.0,CB	+2.31,+266.5,+20.7,KB	+6.88,+5.0,+19.9,KB	
1700742595.5661905	+6.54,+16.2,+21.5,MA	+6.41,+28.5,+21.5,CA	+6.52,+23.8,+21.5,GA	+6.83,+7.2,+20.0,CB	+2.31,+266.6,+20.8,GB	+6.88,+5.0,+19.9,KB	
1700742657.5752518	+6.54,+16.2,+21.5,MA	+6.41,+28.4,+21.5,BA	+6.52,+23.8,+21.5,GA	+6.83,+7.2,+20.0,CB	+2.31,+266.5,+20.8,DB	+6.88,+5.0,+19.9,KB	
1700742719.5849898	+6.54,+16.2,+21.5,MA	+6.41,+28.4,+21.5,BA	+6.52,+23.8,+21.5,GA	+6.83,+7.2,+20.0,CB	+2.31,+266.6,+20.7,HB	+6.88,+5.0,+19.8,JB	
1700742781.5925627	+6.54,+16.2,+21.5,MA	+6.41,+28.5,+21.5,CA	+6.52,+23.8,+21.5,GA	+6.83,+7.2,+20.0,CB	+2.31,+266.6,+20.8,GB	+6.88,+5.0,+19.8,JB	
1700742843.6022954	+6.54,+16.2,+21.5,MA	+6.41,+28.5,+21.5,CA	+6.52,+23.8,+21.5,GA	+6.83,+7.2,+20.0,CB	+2.31,+266.7,+20.8,FB	+6.88,+4.9,+19.9,CB	
1700742905.6121495	+6.54,+16.2,+21.5,MA	+6.41,+28.4,+21.5,BA	+6.52,+23.8,+21.5,GA	+6.83,+7.2,+20.0,CB	+2.31,+266.6,+20.7,HB	+6.88,+5.0,+19.8,JB	
1700742967.6223197	+6.54,+16.2,+21.5,MA	+6.41,+28.4,+21.5,BA	+6.53,+23.7,+21.5,IA	+6.83,+7.2,+20.0,CB	+2.31,+266.2,+20.7,LB	+6.88,+5.0,+19.9,KB	
1700743029.6303356	+6.54,+16.2,+21.5,MA	+6.41,+28.5,+21.5,CA	+6.52,+23.8,+21.5,GA	+6.83,+7.2,+20.0,CB	+2.31,+266.1,+20.7,OB	+6.88,+5.0,+19.9,KB	
1700743091.64068	+6.54,+16.1,+21.5,NA	+6.41,+28.4,+21.5,BA	+6.52,+23.8,+21.5,GA	+6.83,+7.2,+20.0,CB	+2.31,+266.1,+20.8,@B	+6.88,+5.0,+19.8,JB	
1700743153.6498284	+6.54,+16.2,+21.5,MA	+6.41,+28.4,+21.5,BA	+6.53,+23.7,+21.5,IA	+6.83,+7.2,+19.9,@B	+2.31,+266.2,+20.7,LB	+6.88,+5.0,+19.9,KB	
1700743215.6588256	+6.54,+16.1,+21.5,NA	+6.41,+28.4,+21.5,BA	+6.53,+23.7,+21.5,IA	+6.83,+7.2,+19.9,@B	+2.31,+266.3,+20.7,MB	+6.88,+5.0,+19.8,JB	
1700743277.6680877	+6.54,+16.2,+21.5,MA	+6.41,+28.5,+21.5,CA	+6.52,+23.8,+21.5,GA	+6.83,+7.2,+20.0,CB	+2.36,+263.2,+20.7,NB	+6.88,+5.0,+19.9,KB	
1700743339.679419	+6.54,+16.1,+21.5,NA	+6.41,+28.5,+21.5,CA	+6.52,+23.8,+21.5,GA	+6.83,+7.3,+20.0,BB	+2.38,+262.6,+20.8,JB	+6.88,+5.0,+19.9,KB	
1700743401.6879332	+6.54,+16.2,+21.5,MA	+6.41,+28.5,+21.5,CA	+6.53,+23.7,+21.5,IA	+6.83,+7.2,+20.0,CB	+2.38,+262.6,+20.7,EB	+6.88,+4.9,+19.9,CB	
1700743463.6966875	+6.54,+16.2,+21.5,MA	+6.41,+28.5,+21.5,CA	+6.52,+23.7,+21.5,HA	+6.83,+7.2,+20.0,CB	+2.33,+265.4,+20.7,KB	+6.88,+5.0,+19.9,KB	
1700743525.705728	+6.54,+16.1,+21.5,NA	+6.41,+28.5,+21.5,CA	+6.53,+23.7,+21.5,IA	+6.83,+7.2,+20.0,CB	+2.33,+265.4,+20.7,KB	+6.88,+5.0,+19.8,JB	
1700743587.7150464	+6.54,+16.2,+21.5,MA	+6.41,+28.5,+21.5,CA	+6.52,+23.8,+21.5,GA	+6.83,+7.3,+19.9,AB	+2.34,+264.8,+20.8,NB	+6.88,+5.0,+19.9,KB	
1700743649.7217376	+6.54,+16.1,+21.5,NA	+6.41,+28.5,+21.5,CA	+6.53,+23.7,+21.5,IA	+6.83,+7.2,+19.9,@B	+2.34,+264.6,+20.7,OB	+6.88,+5.0,+19.9,KB	
1700743711.7304919	+6.54,+16.1,+21.5,NA	+6.41,+28.5,+21.5,CA	+6.53,+23.7,+21.5,IA	+6.83,+7.2,+20.0,CB	+2.34,+264.4,+20.7,MB	+6.88,+5.0,+19.8,JB	
1700743773.7374246	+6.54,+16.2,+21.5,MA	+6.41,+28.5,+21.5,CA	+6.52,+23.8,+21.5,GA	+6.83,+7.2,+20.0,CB	+2.34,+264.5,+20.7,LB	+6.88,+5.0,+19.8,JB	
1700743835.7466636	+6.54,+16.1,+21.5,NA	+6.41,+28.5,+21.5,CA	+6.52,+23.8,+21.5,GA	+6.83,+7.2,+19.9,@B	+2.34,+264.6,+20.7,OB	+6.88,+5.0,+19.8,JB	
1700744081.3091638	+6.54,+16.2,+21.5,MA	+6.41,+28.6,+21.5,@A	+6.52,+23.8,+21.5,GA	+6.83,+7.2,+19.9,@B	+2.34,+264.7,+20.7,NB	+6.88,+5.0,+19.8,JB	
1700744143.3199537	+6.54,+16.1,+21.5,NA	+6.41,+28.6,+21.5,@A	+6.52,+23.7,+21.5,HA	+6.83,+7.2,+19.9,@B	+2.33,+265.1,+20.7,NB	+6.88,+5.0,+19.8,JB	
1700744205.3297615	+6.54,+16.1,+21.5,NA	+6.41,+28.6,+21.4,AA	+6.52,+23.8,+21.5,GA	+6.83,+7.2,+19.9,@B	+2.33,+265.1,+20.7,NB	+6.88,+5.0,+19.8,JB	
1700744267.3360562	+6.54,+16.2,+21.5,MA	+6.41,+28.6,+21.4,AA	+6.53,+23.7,+21.5,IA	+6.83,+7.2,+19.9,@B	+2.33,+265.1,+20.7,NB	+6.88,+5.1,+19.8,KB	
1700744329.3466582	+6.54,+16.2,+21.5,MA	+6.41,+28.5,+21.4,BA	+6.52,+23.8,+21.5,GA	+6.83,+7.3,+19.9,AB	+2.33,+265.1,+20.7,NB	+6.88,+5.0,+19.8,JB	
1700744391.3532956	+6.54,+16.1,+21.5,NA	+6.41,+28.6,+21.4,AA	+6.53,+23.7,+21.5,IA	+6.83,+7.2,+19.9,@B	+2.33,+265.2,+20.7,MB	+6.88,+5.0,+19.8,JB	
1700744453.3596725	+6.54,+16.1,+21.5,NA	+6.41,+28.6,+21.4,AA	+6.52,+23.8,+21.5,GA	+6.83,+7.2,+19.9,@B	+2.33,+265.3,+20.7,LB	+6.88,+5.0,+19.8,JB	
1700744515.3692515	+6.54,+16.1,+21.5,NA	+6.41,+28.5,+21.4,BA	+6.52,+23.8,+21.4,FA	+6.83,+7.2,+19.9,@B	+2.33,+265.3,+20.7,LB	+6.88,+5.0,+19.8,JB	
1700744577.3792837	+6.54,+16.1,+21.5,NA	+6.41,+28.5,+21.4,BA	+6.53,+23.7,+21.4,HA	+6.83,+7.2,+19.9,@B	+2.33,+265.4,+20.7,KB	+6.88,+5.0,+19.8,JB	
1700744639.389989	+6.54,+16.2,+21.5,MA	+6.41,+28.5,+21.4,BA	+6.52,+23.8,+21.5,GA	+6.83,+7.2,+19.9,@B	+2.32,+265.6,+20.7,HB	+6.88,+5.0,+19.8,JB	
1700744701.3984113	+6.54,+16.1,+21.4,OA	+6.41,+28.6,+21.4,AA	+6.53,+23.7,+21.5,IA	+6.83,+7.2,+19.9,@B	+2.32,+265.6,+20.7,HB	+6.88,+5.1,+19.8,KB	
1700744763.4093795	+6.54,+16.2,+21.5,MA	+6.41,+28.6,+21.4,AA	+6.53,+23.7,+21.4,HA	+6.83,+7.2,+19.9,@B	+2.32,+265.5,+20.7,KB	+6.88,+5.0,+19.8,JB	
1700744825.4179866	+6.54,+16.1,+21.5,NA	+6.41,+28.5,+21.4,BA	+6.53,+23.7,+21.5,IA	+6.83,+7.1,+19.9,CB	+2.32,+265.7,+20.7,IB	+6.88,+5.0,+19.8,JB	
1700744887.4276109	+6.54,+16.2,+21.4,LA	+6.41,+28.6,+21.4,AA	+6.52,+23.8,+21.5,GA	+6.83,+7.2,+19.9,@B	+2.30,+266.9,+20.7,FB	+6.88,+5.1,+19.8,KB	
1700744949.4377987	+6.54,+16.2,+21.4,LA	+6.41,+28.6,+21.4,AA	+6.52,+23.8,+21.5,GA	+6.83,+7.2,+19.9,@B	+2.30,+267.0,+20.7,NB	+6.88,+5.0,+19.7,EB	
1700745011.4482658	+6.54,+16.1,+21.5,NA	+6.41,+28.6,+21.4,AA	+6.53,+23.7,+21.5,IA	+6.83,+7.2,+19.9,@B	+2.30,+267.0,+20.7,NB	+6.88,+5.0,+19.8,JB	
1700745073.458302	+6.54,+16.1,+21.5,NA	+6.41,+28.5,+21.4,BA	+6.53,+23.7,+21.4,HA	+6.83,+7.2,+19.8,AB	+2.30,+267.1,+20.7,OB	+6.88,+5.0,+19.8,JB	
1700745135.468706	+6.54,+16.1,+21.5,NA	+6.41,+28.6,+21.4,AA	+6.52,+23.8,+21.4,FA	+6.83,+7.2,+19.9,@B	+2.30,+267.0,+20.7,NB	+6.88,+5.0,+19.8,JB	
1700745197.4784513	+6.54,+16.2,+21.5,MA	+6.41,+28.6,+21.4,AA	+6.53,+23.7,+21.5,IA	+6.83,+7.2,+19.9,@B	+2.30,+267.2,+20.7,LB	+6.88,+5.0,+19.8,JB	
1700745259.4851	+6.54,+16.2,+21.4,LA	+6.41,+28.6,+21.4,AA	+6.52,+23.8,+21.5,GA	+6.83,+7.2,+19.9,@B	+2.30,+267.1,+20.7,OB	+6.88,+5.0,+19.8,JB	
1700745321.4944513	+6.54,+16.2,+21.4,LA	+6.41,+28.7,+21.4,@A	+6.52,+23.8,+21.5,GA	+6.83,+7.2,+19.9,@B	+2.30,+267.0,+20.7,NB	+6.88,+5.0,+19.8,JB	
1700745383.5023732	+6.54,+16.1,+21.5,NA	+6.41,+28.6,+21.4,AA	+6.52,+23.7,+21.5,HA	+6.83,+7.2,+19.8,AB	+2.30,+267.2,+20.7,LB	+6.88,+5.0,+19.8,JB	
1700745445.5113013	+6.54,+16.2,+21.4,LA	+6.41,+28.6,+21.4,AA	+6.53,+23.7,+21.5,IA	+6.83,+7.2,+19.9,@B	+2.30,+267.1,+20.7,OB	+6.88,+5.1,+19.8,KB	
1700745507.5217988	+6.54,+16.2,+21.5,MA	+6.41,+28.6,+21.4,AA	+6.53,+23.7,+21.5,IA	+6.83,+7.2,+19.9,@B	+2.29,+267.3,+20.7,EB	+6.88,+5.1,+19.8,KB	
1700745569.5314364	+6.54,+16.2,+21.5,MA	+6.41,+28.6,+21.4,AA	+6.52,+23.8,+21.4,FA	+6.83,+7.2,+19.9,@B	+2.30,+267.2,+20.7,LB	+6.88,+5.1,+19.8,KB	
1700745631.5397465	+6.54,+16.1,+21.5,NA	+6.41,+28.6,+21.4,AA	+6.53,+23.7,+21.4,HA	+6.83,+7.2,+19.9,@B	+2.30,+266.9,+20.7,FB	+6.88,+5.0,+19.8,JB	
1700745693.5469794	+6.54,+16.1,+21.4,OA	+6.41,+28.6,+21.4,AA	+6.53,+23.7,+21.5,IA	+6.83,+7.2,+19.9,@B	+2.29,+267.2,+20.7,DB	+6.88,+5.0,+19.8,JB	
1700745755.554335	+6.54,+16.1,+21.5,NA	+6.41,+28.6,+21.4,AA	+6.53,+23.7,+21.5,IA	+6.83,+7.2,+19.9,@B	+2.29,+267.3,+20.7,EB	+6.88,+5.0,+19.8,JB	
1700745817.56327	+6.54,+16.1,+21.4,OA	+6.41,+28.7,+21.4,@A	+6.53,+23.7,+21.5,IA	+6.83,+7.2,+19.9,@B	+2.30,+267.0,+20.7,NB	+6.88,+5.0,+19.8,JB	
1700745879.5705671	+6.54,+16.1,+21.4,OA	+6.41,+28.7,+21.4,@A	+6.52,+23.8,+21.4,FA	+6.83,+7.2,+19.9,@B	+2.30,+266.9,+20.7,FB	+6.88,+5.0,+19.8,JB	
1700745941.5802891	+6.54,+16.1,+21.4,OA	+6.41,+28.6,+21.4,AA	+6.52,+23.8,+21.4,FA	+6.83,+7.2,+19.9,@B	+2.30,+267.0,+20.7,NB	+6.88,+5.0,+19.8,JB	
1700746003.59126	+6.54,+16.1,+21.4,OA	+6.41,+28.7,+21.4,@A	+6.52,+23.8,+21.4,FA	+6.83,+7.2,+19.9,@B	+2.30,+267.2,+20.7,LB	+6.88,+5.0,+19.8,JB	
1700746065.5992534	+6.54,+16.1,+21.4,OA	+6.41,+28.6,+21.4,AA	+6.52,+23.8,+21.4,FA	+6.83,+7.2,+19.8,AB	+2.30,+266.7,+20.7,HB	+6.88,+5.1,+19.8,KB	
1700746127.6083803	+6.54,+16.1,+21.4,OA	+6.41,+28.6,+21.4,AA	+6.52,+23.8,+21.4,FA	+6.83,+7.2,+19.9,@B	+2.29,+267.3,+20.7,EB	+6.88,+5.0,+19.7,EB	
1700746189.6179135	+6.54,+16.2,+21.4,LA	+6.41,+28.6,+21.4,AA	+6.52,+23.8,+21.4,FA	+6.83,+7.2,+19.9,@B	+2.30,+267.1,+20.7,OB	+6.88,+5.1,+19.8,KB	
1700746251.6220996	+6.54,+16.1,+21.5,NA	+6.41,+28.7,+21.4,@A	+6.52,+23.8,+21.4,FA	+6.83,+7.2,+19.8,AB	+2.30,+267.0,+20.7,NB	+6.88,+5.0,+19.7,EB	
1700746313.628635	+6.54,+16.1,+21.4,OA	+6.41,+28.7,+21.4,@A	+6.53,+23.7,+21.4,HA	+6.83,+7.2,+19.9,@B	+2.30,+267.1,+20.7,OB	+6.88,+5.1,+19.8,KB	
1700746375.6348078	+6.54,+16.1,+21.4,OA	+6.41,+28.6,+21.4,AA	+6.53,+23.7,+21.4,HA	+6.83,+7.2,+19.8,AB	+2.29,+267.2,+20.7,DB	+6.88,+5.0,+19.8,JB	
1700746437.6433477	+6.54,+16.2,+21.4,LA	+6.41,+28.7,+21.4,@A	+6.53,+23.7,+21.4,HA	+6.83,+7.2,+19.8,AB	+2.29,+267.2,+20.7,DB	+6.88,+5.1,+19.8,KB	
1700746499.6529865	+6.54,+16.1,+21.4,OA	+6.41,+28.7,+21.4,@A	+6.52,+23.7,+21.4,IA	+6.83,+7.2,+19.8,AB	+2.29,+267.5,+20.7,CB	+6.88,+5.0,+19.7,EB	
1700746561.6628728	+6.54,+16.1,+21.4,OA	+6.41,+28.7,+21.4,@A	+6.52,+23.8,+21.4,FA	+6.83,+7.3,+19.8,@B	+2.29,+267.5,+20.7,CB	+6.88,+5.0,+19.7,EB	
1700746623.6727397	+6.54,+16.1,+21.4,OA	+6.41,+28.6,+21.3,FA	+6.53,+23.7,+21.4,HA	+6.83,+7.2,+19.8,AB	+2.29,+267.5,+20.7,CB	+6.88,+5.1,+19.7,DB	
1700746685.6795623	+6.54,+16.1,+21.4,OA	+6.41,+28.6,+21.3,FA	+6.52,+23.8,+21.4,FA	+6.83,+7.2,+19.8,AB	+2.29,+267.5,+20.7,CB	+6.88,+5.0,+19.7,EB	
1700746747.6888022	+6.54,+16.1,+21.4,OA	+6.41,+28.7,+21.3,GA	+6.53,+23.7,+21.4,HA	+6.83,+7.2,+19.8,AB	+2.29,+267.6,+20.7,@B	+6.88,+5.1,+19.7,DB	
1700746809.6977732	+6.54,+16.2,+21.4,LA	+6.41,+28.6,+21.3,FA	+6.53,+23.7,+21.4,HA	+6.83,+7.2,+19.8,AB	+2.29,+267.5,+20.7,CB	+6.88,+5.0,+19.7,EB	
1700746871.7080839	+6.54,+16.1,+21.4,OA	+6.41,+28.6,+21.4,AA	+6.53,+23.7,+21.4,HA	+6.83,+7.2,+19.8,AB	+2.29,+267.5,+20.6,BB	+6.88,+5.0,+19.7,EB	
1700746933.7180872	+6.54,+16.1,+21.4,OA	+6.41,+28.6,+21.4,AA	+6.53,+23.7,+21.4,HA	+6.83,+7.2,+19.9,@B	+2.29,+267.4,+20.7,BB	+6.88,+5.0,+19.7,EB	
1700746995.7263188	+6.54,+16.1,+21.4,OA	+6.41,+28.6,+21.3,FA	+6.53,+23.7,+21.4,HA	+6.83,+7.2,+19.8,AB	+2.30,+266.9,+20.6,GB	+6.88,+5.1,+19.7,DB	
1700747057.7343585	+6.54,+16.1,+21.4,OA	+6.41,+28.7,+21.3,GA	+6.53,+23.7,+21.4,HA	+6.83,+7.2,+19.8,AB	+2.30,+266.8,+20.7,GB	+6.88,+5.0,+19.6,DB	
1700747119.7410731	+6.54,+16.1,+21.4,OA	+6.41,+28.7,+21.4,@A	+6.53,+23.7,+21.4,HA	+6.83,+7.2,+19.8,AB	+2.30,+267.0,+20.7,NB	+6.88,+5.1,+19.7,DB	
1700747181.7502313	+6.54,+16.1,+21.4,OA	+6.41,+28.7,+21.3,GA	+6.52,+23.7,+21.4,IA	+6.83,+7.2,+19.8,AB	+2.30,+267.1,+20.7,OB	+6.88,+5.1,+19.7,DB	
1700747243.7608056	+6.54,+16.1,+21.4,OA	+6.41,+28.6,+21.4,AA	+6.53,+23.7,+21.4,HA	+6.83,+7.2,+19.8,AB	+2.30,+266.7,+20.7,HB	+6.88,+5.0,+19.7,EB	
1700747305.7700431	+6.54,+16.1,+21.4,OA	+6.41,+28.6,+21.3,FA	+6.53,+23.7,+21.4,HA	+6.83,+7.2,+19.9,@B	+2.29,+267.2,+20.7,DB	+6.88,+5.1,+19.7,DB	
1700747367.7798696	+6.54,+16.1,+21.4,OA	+6.41,+28.6,+21.3,FA	+6.52,+23.8,+21.4,FA	+6.83,+7.2,+19.8,AB	+2.35,+263.8,+20.6,FB	+6.88,+5.1,+19.8,KB	
1700747429.7844253	+6.54,+16.1,+21.4,OA	+6.41,+28.6,+21.3,FA	+6.52,+23.8,+21.4,FA	+6.83,+7.2,+19.8,AB	+2.35,+263.8,+20.7,GB	+6.88,+5.1,+19.7,DB	
1700747491.7936316	+6.54,+16.2,+21.4,LA	+6.41,+28.6,+21.4,AA	+6.53,+23.7,+21.4,HA	+6.83,+7.2,+19.8,AB	+2.35,+263.9,+20.6,GB	+6.88,+5.1,+19.7,DB	
1700747553.8037663	+6.54,+16.1,+21.4,OA	+6.41,+28.6,+21.4,AA	+6.53,+23.7,+21.4,HA	+6.83,+7.2,+19.8,AB	+2.30,+266.7,+20.7,HB	+6.88,+5.0,+19.7,EB	
1700747615.8120258	+6.54,+16.2,+21.4,LA	+6.41,+28.6,+21.4,AA	+6.53,+23.7,+21.4,HA	+6.83,+7.2,+19.8,AB	+2.30,+266.8,+20.6,FB	+6.88,+5.1,+19.7,DB	
1700747677.819339	+6.54,+16.1,+21.4,OA	+6.41,+28.6,+21.4,AA	+6.53,+23.7,+21.4,HA	+6.83,+7.2,+19.8,AB	+2.30,+266.9,+20.6,GB	+6.88,+5.1,+19.8,KB	
1700747923.4222054	+6.54,+16.1,+21.4,OA	+6.41,+28.6,+21.4,AA	+6.52,+23.7,+21.4,IA	+6.83,+7.2,+19.8,AB	+2.30,+266.7,+20.6,IB	+6.88,+5.0,+19.7,EB	
1700747985.4310946	+6.54,+16.1,+21.4,OA	+6.41,+28.7,+21.3,GA	+6.53,+23.7,+21.4,HA	+6.83,+7.2,+19.8,AB	+2.30,+267.0,+20.6,OB	+6.88,+5.1,+19.7,DB	
1700748047.4400415	+6.54,+16.1,+21.4,OA	+6.41,+28.7,+21.3,GA	+6.53,+23.7,+21.4,HA	+6.83,+7.2,+19.8,AB	+2.30,+267.1,+20.7,OB	+6.88,+5.1,+19.7,DB	
1700748109.450082	+6.54,+16.1,+21.4,OA	+6.41,+28.6,+21.3,FA	+6.52,+23.7,+21.4,IA	+6.83,+7.2,+19.8,AB	+2.29,+267.2,+20.6,EB	+6.88,+5.0,+19.7,EB	
1700748171.4570801	+6.54,+16.1,+21.4,OA	+6.41,+28.7,+21.3,GA	+6.52,+23.8,+21.4,FA	+6.83,+7.3,+19.8,@B	+2.29,+267.3,+20.6,DB	+6.88,+5.1,+19.7,DB	
1700748233.4615927	+6.54,+16.1,+21.4,OA	+6.41,+28.7,+21.4,@A	+6.52,+23.8,+21.4,FA	+6.83,+7.2,+19.8,AB	+2.29,+267.3,+20.6,DB	+6.88,+5.1,+19.7,DB	
1700748295.4717875	+6.54,+16.1,+21.4,OA	+6.41,+28.7,+21.3,GA	+6.53,+23.7,+21.4,HA	+6.83,+7.2,+19.8,AB	+2.29,+267.4,+20.6,CB	+6.88,+5.1,+19.7,DB	
1700748357.4820137	+6.54,+16.1,+21.4,OA	+6.41,+28.7,+21.3,GA	+6.52,+23.8,+21.4,FA	+6.83,+7.2,+19.8,AB	+2.29,+267.5,+20.6,BB	+6.88,+5.1,+19.8,KB	
1700748419.490301	+6.54,+16.1,+21.4,OA	+6.41,+28.7,+21.4,@A	+6.53,+23.7,+21.4,HA	+6.83,+7.2,+19.8,AB	+2.29,+267.4,+20.6,CB	+6.88,+5.1,+19.7,DB	
1700748481.4995754	+6.54,+16.1,+21.4,OA	+6.41,+28.7,+21.3,GA	+6.53,+23.7,+21.4,HA	+6.83,+7.2,+19.8,AB	+2.29,+267.4,+20.6,CB	+6.88,+5.1,+19.7,DB	
1700748543.5091498	+6.54,+16.1,+21.4,OA	+6.41,+28.7,+21.3,GA	+6.52,+23.8,+21.4,FA	+6.83,+7.2,+19.8,AB	+2.29,+267.3,+20.6,DB	+6.88,+5.1,+19.7,DB	
1700748605.5176861	+6.54,+16.1,+21.4,OA	+6.41,+28.7,+21.3,GA	+6.52,+23.8,+21.4,FA	+6.83,+7.2,+19.8,AB	+2.29,+267.6,+20.6,AB	+6.88,+5.0,+19.7,EB	
1700748667.524194	+6.54,+16.1,+21.4,OA	+6.41,+28.8,+21.4,OA	+6.53,+23.7,+21.4,HA	+6.83,+7.3,+19.8,@B	+2.29,+267.7,+20.6,@B	+6.88,+5.1,+19.7,DB	
1700748729.5335057	+6.54,+16.1,+21.4,OA	+6.41,+28.8,+21.3,HA	+6.52,+23.7,+21.4,IA	+6.83,+7.2,+19.8,AB	+2.28,+267.8,+20.6,NB	+6.88,+5.1,+19.7,DB	
1700748791.5417936	+6.54,+16.1,+21.4,OA	+6.41,+28.7,+21.3,GA	+6.53,+23.7,+21.4,HA	+6.83,+7.2,+19.8,AB	+2.28,+268.3,+20.6,JB	+6.88,+5.1,+19.7,DB	
1700748853.5499775	+6.54,+16.1,+21.4,OA	+6.41,+28.7,+21.3,GA	+6.52,+23.7,+21.4,IA	+6.83,+7.2,+19.8,AB	+2.25,+269.8,+20.6,MB	+6.88,+5.1,+19.7,DB	
1700748915.5583549	+6.54,+16.1,+21.4,OA	+6.41,+28.7,+21.3,GA	+6.53,+23.7,+21.4,HA	+6.83,+7.3,+19.8,@B	+2.25,+269.8,+20.6,MB	+6.88,+5.1,+19.7,DB	
1700748977.5689259	+6.54,+16.1,+21.4,OA	+6.41,+28.8,+21.3,HA	+6.53,+23.7,+21.4,HA	+6.83,+7.2,+19.8,AB	+2.25,+269.8,+20.6,MB	+6.88,+5.1,+19.7,DB	
1700749039.5765269	+6.54,+16.1,+21.4,OA	+6.41,+28.7,+21.3,GA	+6.53,+23.7,+21.4,HA	+6.83,+7.2,+19.8,AB	+2.25,+269.7,+20.6,BB	+6.88,+5.1,+19.7,DB	
1700749101.5858078	+6.54,+16.1,+21.4,OA	+6.41,+28.7,+21.3,GA	+6.52,+23.7,+21.4,IA	+6.83,+7.2,+19.8,AB	+2.27,+268.7,+20.6,AB	+6.88,+5.1,+19.7,DB	
1700749163.5957432	+6.54,+16.1,+21.4,OA	+6.41,+28.7,+21.3,GA	+6.53,+23.7,+21.4,HA	+6.83,+7.2,+19.8,AB	+2.28,+268.2,+20.6,KB	+6.88,+5.1,+19.7,DB	
1700749225.6043794	+6.54,+16.1,+21.4,OA	+6.41,+28.7,+21.3,GA	+6.53,+23.7,+21.4,HA	+6.83,+7.2,+19.8,AB	+2.28,+268.1,+20.6,HB	+6.88,+5.1,+19.7,DB	
1700749287.6145246	+6.54,+16.1,+21.4,OA	+6.41,+28.7,+21.3,GA	+6.53,+23.7,+21.4,HA	+6.83,+7.2,+19.8,AB	+2.28,+267.9,+20.6,OB	+6.88,+5.1,+19.7,DB	
1700749349.6216798	+6.54,+16.1,+21.4,OA	+6.41,+28.8,+21.3,HA	+6.53,+23.7,+21.4,HA	+6.83,+7.2,+19.8,AB	+2.29,+267.4,+20.6,CB	+6.88,+5.1,+19.7,DB	
1700749411.6313524	+6.54,+16.1,+21.4,OA	+6.41,+28.8,+21.3,HA	+6.53,+23.7,+21.4,HA	+6.83,+7.2,+19.8,AB	+2.29,+267.5,+20.6,BB	+6.88,+5.1,+19.7,DB	
1700749473.6407132	+6.54,+16.1,+21.4,OA	+6.41,+28.8,+21.3,HA	+6.53,+23.6,+21.4,IA	+6.83,+7.2,+19.8,AB	+2.29,+267.5,+20.6,BB	+6.88,+5.1,+19.7,DB	
1700749535.6515472	+6.54,+16.1,+21.4,OA	+6.41,+28.7,+21.4,@A	+6.52,+23.8,+21.4,FA	+6.83,+7.2,+19.8,AB	+2.29,+267.6,+20.6,AB	+6.88,+5.1,+19.7,DB	
1700749597.6614046	+6.54,+16.1,+21.4,OA	+6.41,+28.7,+21.3,GA	+6.53,+23.7,+21.4,HA	+6.83,+7.2,+19.8,AB	+2.29,+267.5,+20.6,BB	+6.88,+5.1,+19.7,DB	
1700749659.668936	+6.54,+16.1,+21.4,OA	+6.41,+28.7,+21.3,GA	+6.52,+23.7,+21.4,IA	+6.83,+7.2,+19.8,AB	+2.28,+267.7,+20.6,AB	+6.88,+5.1,+19.7,DB	
1700749721.6783552	+6.54,+16.1,+21.4,OA	+6.41,+28.8,+21.3,HA	+6.53,+23.7,+21.4,HA	+6.83,+7.2,+19.8,AB	+2.29,+267.7,+20.6,@B	+6.88,+5.1,+19.7,DB	
1700749783.6876457	+6.54,+16.1,+21.4,OA	+6.41,+28.8,+21.3,HA	+6.53,+23.7,+21.4,HA	+6.83,+7.2,+19.8,AB	+2.29,+267.7,+20.6,@B	+6.88,+5.1,+19.7,DB	
1700749845.699776	+6.54,+16.1,+21.4,OA	+6.41,+28.8,+21.3,HA	+6.52,+23.8,+21.4,FA	+6.83,+7.1,+19.8,BB	+2.28,+267.7,+20.6,AB	+6.88,+5.1,+19.7,DB	
1700749907.7101421	+6.54,+16.1,+21.4,OA	+6.41,+28.8,+21.3,HA	+6.53,+23.7,+21.4,HA	+6.83,+7.2,+19.8,AB	+2.29,+267.6,+20.6,AB	+6.88,+5.1,+19.7,DB	
1700749969.7172031	+6.54,+16.1,+21.4,OA	+6.41,+28.8,+21.3,HA	+6.53,+23.7,+21.4,HA	+6.83,+7.2,+19.8,AB	+2.28,+267.7,+20.6,AB	+6.88,+5.1,+19.7,DB	
1700750031.724777	+6.54,+16.1,+21.4,OA	+6.41,+28.8,+21.3,HA	+6.53,+23.7,+21.4,HA	+6.83,+7.2,+19.8,AB	+2.28,+267.7,+20.6,AB	+6.88,+5.1,+19.7,DB	
1700750093.7312117	+6.54,+16.1,+21.4,OA	+6.41,+28.8,+21.3,HA	+6.53,+23.7,+21.4,HA	+6.83,+7.3,+19.8,@B	+2.29,+267.7,+20.6,@B	+6.88,+5.1,+19.7,DB	
1700750155.741791	+6.54,+16.1,+21.4,OA	+6.41,+28.8,+21.3,HA	+6.52,+23.8,+21.4,FA	+6.83,+7.2,+19.8,AB	+2.29,+267.3,+20.6,DB	+6.88,+5.1,+19.7,DB	
1700750217.7522845	+6.54,+16.1,+21.4,OA	+6.41,+28.8,+21.3,HA	+6.53,+23.7,+21.4,HA	+6.83,+7.2,+19.8,AB	+2.29,+267.4,+20.6,CB	+6.88,+5.1,+19.7,DB	
1700750279.7594957	+6.54,+16.1,+21.4,OA	+6.41,+28.8,+21.3,HA	+6.53,+23.7,+21.4,HA	+6.83,+7.2,+19.8,AB	+2.28,+267.7,+20.6,AB	+6.88,+5.1,+19.7,DB	
1700750341.770235	+6.54,+16.1,+21.4,OA	+6.41,+28.8,+21.3,HA	+6.53,+23.7,+21.4,HA	+6.83,+7.2,+19.8,AB	+2.28,+267.8,+20.6,NB	+6.88,+5.1,+19.7,DB	
1700750403.7762306	+6.54,+16.1,+21.4,OA	+6.41,+28.8,+21.3,HA	+6.53,+23.7,+21.4,HA	+6.83,+7.2,+19.8,AB	+2.28,+268.0,+20.6,IB	+6.88,+5.1,+19.7,DB	
1700750465.7849936	+6.54,+16.1,+21.4,OA	+6.41,+28.8,+21.3,HA	+6.53,+23.7,+21.4,HA	+6.83,+7.2,+19.8,AB	+2.28,+268.0,+20.6,IB	+6.88,+5.2,+19.7,GB	
1700750527.7948453	+6.54,+16.1,+21.4,OA	+6.41,+28.8,+21.3,HA	+6.53,+23.7,+21.4,HA	+6.83,+7.2,+19.8,AB	+2.28,+268.0,+20.6,IB	+6.88,+5.1,+19.7,DB	
1700750589.8026288	+6.54,+16.1,+21.4,OA	+6.41,+28.8,+21.3,HA	+6.53,+23.7,+21.4,HA	+6.83,+7.3,+19.8,@B	+2.28,+268.0,+20.6,IB	+6.88,+5.1,+19.7,DB	
1700750651.8122668	+6.54,+16.1,+21.4,OA	+6.41,+28.9,+21.3,IA	+6.53,+23.7,+21.4,HA	+6.83,+7.3,+19.8,@B	+2.28,+267.8,+20.6,NB	+6.88,+5.2,+19.7,GB	
1700750713.8193746	+6.54,+16.1,+21.4,OA	+6.41,+28.9,+21.3,IA	+6.52,+23.7,+21.4,IA	+6.83,+7.2,+19.8,AB	+2.28,+268.0,+20.6,IB	+6.88,+5.1,+19.7,DB	
1700750775.8294876	+6.54,+16.1,+21.4,OA	+6.41,+28.9,+21.3,IA	+6.53,+23.7,+21.4,HA	+6.83,+7.2,+19.8,AB	+2.28,+268.0,+20.6,IB	+6.88,+5.2,+19.7,GB	
1700750837.838935	+6.54,+16.1,+21.4,OA	+6.41,+28.9,+21.3,IA	+6.53,+23.7,+21.4,HA	+6.83,+7.2,+19.8,AB	+2.28,+268.1,+20.6,HB	+6.88,+5.1,+19.7,DB	
1700750899.8477836	+6.54,+16.1,+21.4,OA	+6.41,+28.9,+21.3,IA	+6.53,+23.7,+21.4,HA	+6.83,+7.2,+19.8,AB	+2.28,+267.8,+20.6,NB	+6.88,+5.1,+19.7,DB	
1700750961.85755	+6.54,+16.1,+21.4,OA	+6.41,+28.9,+21.3,IA	+6.53,+23.7,+21.4,HA	+6.83,+7.2,+19.8,AB	+2.28,+268.1,+20.6,HB	+6.88,+5.1,+19.7,DB	
1700751023.866719	+6.54,+16.1,+21.4,OA	+6.41,+28.8,+21.3,HA	+6.53,+23.7,+21.4,HA	+6.83,+7.2,+19.8,AB	+2.28,+268.1,+20.6,HB	+6.88,+5.1,+19.7,DB	
1700751085.876796	+6.54,+16.0,+21.4,NA	+6.41,+28.8,+21.3,HA	+6.53,+23.7,+21.4,HA	+6.83,+7.3,+19.8,@B	+2.28,+268.0,+20.6,IB	+6.88,+5.1,+19.7,DB	
1700751147.8850424	+6.54,+16.1,+21.4,OA	+6.41,+28.9,+21.3,IA	+6.53,+23.7,+21.4,HA	+6.83,+7.2,+19.8,AB	+2.28,+268.1,+20.6,HB	+6.88,+5.2,+19.7,GB	
1700751209.8942838	+6.54,+16.1,+21.4,OA	+6.41,+28.9,+21.3,IA	+6.53,+23.7,+21.4,HA	+6.83,+7.2,+19.8,AB	+2.34,+264.5,+20.6,MB	+6.88,+5.2,+19.7,GB	
1700751271.9050453	+6.54,+16.1,+21.3,HA	+6.41,+28.9,+21.3,IA	+6.53,+23.7,+21.4,HA	+6.83,+7.1,+19.8,BB	+2.34,+264.2,+20.6,JB	+6.88,+5.2,+19.7,GB	
1700751333.9141686	+6.54,+16.1,+21.4,OA	+6.41,+28.9,+21.3,IA	+6.53,+23.7,+21.4,HA	+6.83,+7.2,+19.8,AB	+2.35,+264.1,+20.6,HB	+6.88,+5.1,+19.7,DB	
1700751395.9203892	+6.54,+16.1,+21.4,OA	+6.41,+28.8,+21.3,HA	+6.53,+23.7,+21.4,HA	+6.83,+7.2,+19.8,AB	+2.30,+266.6,+20.6,HB	+6.88,+5.2,+19.7,GB	
1700751457.9294567	+6.54,+16.1,+21.4,OA	+6.41,+28.8,+21.3,HA	+6.53,+23.7,+21.4,HA	+6.83,+7.2,+19.8,AB	+2.31,+266.0,+20.6,OB	+6.88,+5.2,+19.7,GB	
1700751519.9382145	+6.54,+16.1,+21.4,OA	+6.41,+28.8,+21.3,HA	+6.53,+23.7,+21.4,HA	+6.83,+7.2,+19.8,AB	+2.31,+266.0,+20.6,OB	+6.88,+5.1,+19.7,DB	
1700751765.5280318	+6.54,+16.1,+21.3,HA	+6.41,+28.9,+21.3,IA	+6.52,+23.8,+21.4,FA	+6.83,+7.2,+19.8,AB	+2.30,+266.6,+20.6,HB	+6.88,+5.1,+19.7,DB	
1700751827.5381358	+6.54,+16.1,+21.4,OA	+6.41,+28.9,+21.3,IA	+6.52,+23.8,+21.4,FA	+6.83,+7.2,+19.8,AB	+2.30,+266.9,+20.6,GB	+6.88,+5.1,+19.7,DB	
1700751889.5481424	+6.54,+16.1,+21.4,OA	+6.41,+28.9,+21.3,IA	+6.52,+23.7,+21.4,IA	+6.83,+7.2,+19.8,AB	+2.30,+267.0,+20.6,OB	+6.88,+5.2,+19.7,GB	
1700751951.5552423	+6.54,+16.1,+21.4,OA	+6.41,+28.9,+21.3,IA	+6.53,+23.7,+21.4,HA	+6.83,+7.2,+19.8,AB	+2.30,+267.0,+20.6,OB	+6.88,+5.1,+19.7,DB	
1700752013.5637994	+6.54,+16.1,+21.4,OA	+6.41,+28.9,+21.3,IA	+6.53,+23.7,+21.4,HA	+6.83,+7.2,+19.8,AB	+2.30,+267.1,+20.6,NB	+6.88,+5.2,+19.7,GB	
1700752075.5742092	+6.54,+16.1,+21.4,OA	+6.41,+28.9,+21.3,IA	+6.53,+23.7,+21.4,HA	+6.83,+7.2,+19.8,AB	+2.30,+267.1,+20.6,NB	+6.88,+5.1,+19.7,DB	
1700752137.5838153	+6.54,+16.0,+21.3,IA	+6.41,+28.9,+21.3,IA	+6.53,+23.7,+21.4,HA	+6.83,+7.2,+19.8,AB	+2.29,+267.1,+20.6,FB	+6.88,+5.2,+19.7,GB	
1700752199.5908191	+6.54,+16.1,+21.4,OA	+6.41,+28.9,+21.3,IA	+6.53,+23.7,+21.4,HA	+6.83,+7.2,+19.8,AB	+2.29,+267.2,+20.6,EB	+6.88,+5.1,+19.7,DB	
1700752261.6010804	+6.54,+16.1,+21.4,OA	+6.41,+28.9,+21.3,IA	+6.53,+23.7,+21.4,HA	+6.83,+7.2,+19.8,AB	+2.29,+267.2,+20.6,EB	+6.88,+5.2,+19.7,GB	
1700752323.6074915	+6.54,+16.1,+21.4,OA	+6.41,+28.9,+21.3,IA	+6.52,+23.8,+21.4,FA	+6.83,+7.2,+19.8,AB	+2.29,+267.3,+20.6,DB	+6.88,+5.2,+19.7,GB	
1700752385.6170342	+6.54,+16.1,+21.4,OA	+6.41,+28.9,+21.3,IA	+6.53,+23.7,+21.4,HA	+6.83,+7.2,+19.8,AB	+2.29,+267.4,+20.6,CB	+6.88,+5.1,+19.7,DB	
1700752447.6252334	+6.54,+16.1,+21.4,OA	+6.41,+28.9,+21.3,IA	+6.53,+23.7,+21.4,HA	+6.83,+7.1,+19.8,BB	+2.29,+267.4,+20.6,CB	+6.88,+5.1,+19.7,DB	
1700752509.63317	+6.54,+16.1,+21.4,OA	+6.41,+28.9,+21.3,IA	+6.53,+23.7,+21.4,HA	+6.83,+7.2,+19.8,AB	+2.29,+267.5,+20.6,BB	+6.88,+5.2,+19.7,GB	
1700752571.6428711	+6.54,+16.1,+21.4,OA	+6.41,+28.9,+21.3,IA	+6.53,+23.7,+21.4,HA	+6.83,+7.2,+19.8,AB	+2.29,+267.7,+20.6,@B	+6.88,+5.2,+19.7,GB	
1700752633.648921	+6.54,+16.1,+21.4,OA	+6.41,+28.9,+21.3,IA	+6.53,+23.7,+21.4,HA	+6.83,+7.2,+19.8,AB	+2.29,+267.6,+20.6,AB	+6.88,+5.2,+19.7,GB	
1700752695.659205	+6.54,+16.1,+21.4,OA	+6.41,+28.9,+21.3,IA	+6.53,+23.7,+21.4,HA	+6.83,+7.2,+19.8,AB	+2.29,+267.6,+20.6,AB	+6.88,+5.2,+19.7,GB	
1700752757.6679788	+6.54,+16.1,+21.4,OA	+6.41,+28.9,+21.3,IA	+6.53,+23.7,+21.4,HA	+6.83,+7.2,+19.8,AB	+2.26,+269.2,+20.6,DB	+6.88,+5.1,+19.7,DB	
1700752819.676388	+6.54,+16.1,+21.4,OA	+6.41,+28.9,+21.3,IA	+6.53,+23.7,+21.4,HA	+6.83,+7.1,+19.8,BB	+2.26,+269.3,+20.6,EB	+6.88,+5.2,+19.7,GB	
1700752881.6861756	+6.54,+16.1,+21.4,OA	+6.41,+28.9,+21.3,IA	+6.53,+23.7,+21.4,HA	+6.83,+7.2,+19.8,AB	+2.26,+269.3,+20.6,EB	+6.88,+5.1,+19.7,DB	
1700752943.6947172	+6.54,+16.1,+21.4,OA	+6.41,+28.9,+21.3,IA	+6.53,+23.7,+21.4,HA	+6.83,+7.2,+19.8,AB	+2.26,+269.3,+20.6,EB	+6.88,+5.2,+19.7,GB	
1700753005.7058516	+6.54,+16.1,+21.4,OA	+6.41,+28.9,+21.3,IA	+6.53,+23.7,+21.4,HA	+6.83,+7.2,+19.8,AB	+2.25,+269.6,+20.6,CB	+6.88,+5.1,+19.7,DB	
1700753067.7107334	+6.54,+16.0,+21.4,NA	+6.40,+29.0,+21.3,@A	+6.53,+23.7,+21.4,HA	+6.83,+7.2,+19.8,AB	+2.25,+269.7,+20.6,BB	+6.88,+5.2,+19.7,GB	
1700753129.720854	+6.54,+16.1,+21.4,OA	+6.40,+28.9,+21.3,HA	+6.53,+23.7,+21.4,HA	+6.83,+7.2,+19.8,AB	+2.25,+269.8,+20.6,MB	+6.88,+5.1,+19.7,DB	
1700753191.7285988	+6.54,+16.1,+21.4,OA	+6.41,+28.8,+21.3,HA	+6.53,+23.7,+21.4,HA	+6.83,+7.2,+19.8,AB	+2.25,+269.9,+20.6,LB	+6.88,+5.2,+19.7,GB	
1700753253.7358348	+6.54,+16.0,+21.4,NA	+6.41,+28.9,+21.3,IA	+6.53,+23.7,+21.4,HA	+6.83,+7.2,+19.8,AB	+2.25,+269.9,+20.6,LB	+6.88,+5.2,+19.7,GB	
1700753315.7427087	+6.54,+16.1,+21.4,OA	+6.41,+28.9,+21.3,IA	+6.53,+23.7,+21.4,HA	+6.83,+7.2,+19.8,AB	+2.24,+270.0,+20.6,LB	+6.88,+5.1,+19.7,DB	
1700753377.750865	+6.54,+16.1,+21.4,OA	+6.41,+28.9,+21.3,IA	+6.53,+23.7,+21.4,HA	+6.83,+7.2,+19.8,AB	+2.25,+269.6,+20.6,CB	+6.88,+5.1,+19.7,DB	
1700753439.7618039	+6.54,+16.1,+21.4,OA	+6.41,+28.9,+21.3,IA	+6.53,+23.7,+21.3,OA	+6.83,+7.1,+19.8,BB	+2.25,+269.8,+20.6,MB	+6.88,+5.1,+19.7,DB	
1700753501.7683597	+6.55,+16.0,+21.4,OA	+6.41,+28.9,+21.3,IA	+6.53,+23.7,+21.4,HA	+6.83,+7.2,+19.8,AB	+2.25,+269.9,+20.6,LB	+6.88,+5.2,+19.7,GB	
1700753563.7781327	+6.54,+16.0,+21.4,NA	+6.41,+28.9,+21.3,IA	+6.53,+23.7,+21.4,HA	+6.83,+7.2,+19.8,AB	+2.25,+269.9,+20.6,LB	+6.88,+5.1,+19.7,DB	
1700753625.7870648	+6.54,+16.1,+21.4,OA	+6.40,+29.0,+21.3,@A	+6.53,+23.7,+21.4,HA	+6.83,+7.1,+19.8,BB	+2.25,+269.6,+20.6,CB	+6.88,+5.2,+19.7,GB	
1700753687.7955265	+6.54,+16.1,+21.4,OA	+6.40,+29.0,+21.3,@A	+6.53,+23.7,+21.4,HA	+6.83,+7.2,+19.8,AB	+2.25,+269.7,+20.6,BB	+6.88,+5.1,+19.7,DB	
1700753749.8067174	+6.54,+16.1,+21.4,OA	+6.40,+29.0,+21.3,@A	+6.53,+23.7,+21.4,HA	+6.83,+7.2,+19.8,AB	+2.25,+269.7,+20.6,BB	+6.88,+5.1,+19.7,DB	
1700753811.8130035	+6.54,+16.1,+21.4,OA	+6.40,+29.0,+21.3,@A	+6.52,+23.8,+21.4,FA	+6.83,+7.2,+19.8,AB	+2.25,+269.7,+20.6,BB	+6.88,+5.2,+19.7,GB	
1700753873.8227053	+6.54,+16.0,+21.4,NA	+6.41,+28.9,+21.3,IA	+6.53,+23.7,+21.4,HA	+6.83,+7.2,+19.8,AB	+2.25,+269.9,+20.6,LB	+6.88,+5.2,+19.7,GB	
1700753935.831967	+6.54,+16.1,+21.4,OA	+6.41,+28.9,+21.3,IA	+6.53,+23.7,+21.4,HA	+6.83,+7.2,+19.8,AB	+2.24,+270.0,+20.6,LB	+6.88,+5.2,+19.7,GB	
1700753997.8414338	+6.54,+16.0,+21.4,NA	+6.40,+29.0,+21.3,@A	+6.53,+23.7,+21.4,HA	+6.83,+7.2,+19.8,AB	+2.24,+270.0,+20.6,LB	+6.88,+5.2,+19.7,GB	
1700754059.851948	+6.54,+16.0,+21.4,NA	+6.40,+29.0,+21.3,@A	+6.52,+23.8,+21.4,FA	+6.83,+7.2,+19.8,AB	+2.24,+270.1,+20.6,MB	+6.88,+5.1,+19.7,DB	
1700754121.8621202	+6.54,+16.0,+21.4,NA	+6.41,+28.9,+21.3,IA	+6.53,+23.7,+21.4,HA	+6.83,+7.2,+19.8,AB	+2.24,+270.1,+20.6,MB	+6.88,+5.2,+19.7,GB	
1700754183.8715005	+6.54,+16.0,+21.4,NA	+6.40,+28.9,+21.3,HA	+6.53,+23.7,+21.4,HA	+6.83,+7.2,+19.8,AB	+2.24,+270.0,+20.6,LB	+6.88,+5.2,+19.7,GB	
1700754245.8808174	+6.54,+16.1,+21.4,OA	+6.40,+29.0,+21.3,@A	+6.53,+23.7,+21.4,HA	+6.83,+7.2,+19.8,AB	+2.24,+270.1,+20.6,MB	+6.88,+5.2,+19.7,GB	
1700754307.8895411	+6.54,+16.1,+21.4,OA	+6.40,+29.0,+21.3,@A	+6.53,+23.7,+21.4,HA	+6.83,+7.2,+19.8,AB	+2.24,+270.2,+20.6,NB	+6.88,+5.2,+19.7,GB	
1700754369.8976314	+6.54,+16.1,+21.3,HA	+6.40,+29.0,+21.3,@A	+6.53,+23.7,+21.4,HA	+6.83,+7.2,+19.8,AB	+2.24,+270.3,+20.6,OB	+6.88,+5.2,+19.7,GB	
1700754431.9068263	+6.54,+16.1,+21.4,OA	+6.40,+29.0,+21.3,@A	+6.53,+23.7,+21.4,HA	+6.83,+7.2,+19.8,AB	+2.25,+269.4,+20.6,AB	+6.88,+5.2,+19.7,GB	
1700754493.915297	+6.54,+16.1,+21.4,OA	+6.40,+29.0,+21.3,@A	+6.52,+23.7,+21.4,IA	+6.83,+7.2,+19.8,AB	+2.25,+269.8,+20.6,MB	+6.88,+5.2,+19.7,GB	
1700754555.9237561	+6.54,+16.1,+21.4,OA	+6.40,+29.0,+21.3,@A	+6.53,+23.7,+21.4,HA	+6.83,+7.2,+19.8,AB	+2.25,+269.7,+20.6,BB	+6.88,+5.2,+19.7,GB	
1700754617.9323945	+6.54,+16.0,+21.3,IA	+6.40,+29.0,+21.3,@A	+6.52,+23.8,+21.4,FA	+6.83,+7.2,+19.8,AB	+2.25,+269.8,+20.5,NB	+6.88,+5.2,+19.7,GB	
1700754679.9412954	+6.54,+16.0,+21.3,IA	+6.40,+29.0,+21.3,@A	+6.53,+23.7,+21.3,OA	+6.83,+7.2,+19.8,AB	+2.25,+269.7,+20.6,BB	+6.88,+5.2,+19.7,GB	
1700754741.9500103	+6.54,+16.0,+21.3,IA	+6.40,+29.1,+21.3,AA	+6.53,+23.7,+21.4,HA	+6.83,+7.2,+19.8,AB	+2.25,+269.6,+20.6,CB	+6.88,+5.2,+19.7,GB	
1700754803.959793	+6.54,+16.1,+21.4,OA	+6.40,+29.0,+21.3,@A	+6.53,+23.7,+21.3,OA	+6.83,+7.2,+19.8,AB	+2.25,+269.6,+20.6,CB	+6.88,+5.2,+19.7,GB	
1700754865.9702935	+6.54,+16.1,+21.3,HA	+6.40,+29.1,+21.3,AA	+6.52,+23.7,+21.4,IA	+6.83,+7.2,+19.8,AB	+2.25,+269.5,+20.6,@B	+6.88,+5.2,+19.7,GB	
1700754927.9761374	+6.54,+16.1,+21.3,HA	+6.40,+29.0,+21.3,@A	+6.53,+23.7,+21.3,OA	+6.83,+7.2,+19.8,AB	+2.25,+269.7,+20.6,BB	+6.88,+5.2,+19.7,GB	
1700754989.9837875	+6.54,+16.1,+21.4,OA	+6.40,+29.0,+21.3,@A	+6.53,+23.7,+21.4,HA	+6.83,+7.2,+19.8,AB	+2.25,+269.8,+20.6,MB	+6.88,+5.2,+19.7,GB	
1700755051.9914958	+6.54,+16.0,+21.3,IA	+6.40,+29.0,+21.3,@A	+6.52,+23.7,+21.3,NA	+6.83,+7.2,+19.8,AB	+2.25,+269.5,+20.6,@B	+6.88,+5.2,+19.7,GB	
1700755114.000395	+6.54,+16.0,+21.3,IA	+6.40,+29.0,+21.3,@A	+6.53,+23.7,+21.4,HA	+6.83,+7.2,+19.8,AB	+2.25,+269.8,+20.6,MB	+6.88,+5.3,+19.7,FB	
1700755176.0088074	+6.54,+16.1,+21.3,HA	+6.40,+29.1,+21.3,AA	+6.53,+23.7,+21.3,OA	+6.83,+7.2,+19.8,AB	+2.24,+270.1,+20.6,MB	+6.88,+5.2,+19.7,GB	
1700755238.0170016	+6.54,+16.1,+21.3,HA	+6.40,+29.0,+21.3,@A	+6.53,+23.7,+21.3,OA	+6.83,+7.2,+19.8,AB	+2.25,+269.9,+20.6,LB	+6.88,+5.3,+19.7,FB	
1700755300.0273662	+6.54,+16.1,+21.4,OA	+6.40,+29.0,+21.3,@A	+6.52,+23.8,+21.4,FA	+6.83,+7.2,+19.8,AB	+2.24,+270.0,+20.6,LB	+6.88,+5.2,+19.7,GB	
1700755362.0359924	+6.54,+16.0,+21.3,IA	+6.40,+29.0,+21.3,@A	+6.53,+23.7,+21.4,HA	+6.83,+7.2,+19.8,AB	+2.32,+265.7,+20.6,HB	+6.88,+5.2,+19.7,GB	
1700755607.5816967	+6.54,+16.1,+21.3,HA	+6.40,+29.1,+21.3,AA	+6.52,+23.7,+21.4,IA	+6.83,+7.2,+19.8,AB	+2.28,+268.1,+20.6,HB	+6.88,+5.1,+19.7,DB	
1700755669.5922263	+6.54,+16.0,+21.4,NA	+6.40,+29.1,+21.3,AA	+6.52,+23.7,+21.4,IA	+6.83,+7.2,+19.8,AB	+2.27,+268.7,+20.6,AB	+6.88,+5.2,+19.7,GB	
1700755731.6009593	+6.54,+16.1,+21.4,OA	+6.40,+29.0,+21.3,@A	+6.53,+23.7,+21.3,OA	+6.83,+7.2,+19.8,AB	+2.27,+268.8,+20.6,NB	+6.88,+5.3,+19.7,FB	
1700755793.6102908	+6.54,+16.1,+21.3,HA	+6.40,+29.1,+21.3,AA	+6.53,+23.6,+21.4,IA	+6.83,+7.2,+19.8,AB	+2.26,+269.1,+20.6,GB	+6.88,+5.2,+19.7,GB	
1700755855.6190596	+6.54,+16.1,+21.4,OA	+6.40,+29.0,+21.3,@A	+6.53,+23.6,+21.3,NA	+6.83,+7.3,+19.8,@B	+2.26,+269.1,+20.6,GB	+6.88,+5.2,+19.7,GB	
1700755917.626802	+6.54,+16.1,+21.4,OA	+6.40,+29.1,+21.3,AA	+6.53,+23.7,+21.4,HA	+6.83,+7.3,+19.8,@B	+2.26,+269.2,+20.6,DB	+6.88,+5.2,+19.7,GB	
1700755979.636	+6.54,+16.0,+21.3,IA	+6.40,+29.1,+21.3,AA	+6.52,+23.8,+21.3,AA	+6.83,+7.2,+19.8,AB	+2.26,+269.2,+20.6,DB	+6.88,+5.2,+19.7,GB	
1700756041.6449378	+6.55,+16.0,+21.3,HA	+6.40,+29.0,+21.3,@A	+6.53,+23.7,+21.4,HA	+6.83,+7.2,+19.8,AB	+2.26,+269.2,+20.6,DB	+6.88,+5.2,+19.7,GB	
1700756103.6516137	+6.54,+16.0,+21.4,NA	+6.40,+29.1,+21.3,AA	+6.53,+23.7,+21.4,HA	+6.83,+7.2,+19.8,AB	+2.25,+269.5,+20.5,CB	+6.88,+5.2,+19.7,GB	
1700756165.6616898	+6.54,+16.1,+21.3,HA	+6.40,+29.1,+21.3,AA	+6.53,+23.6,+21.4,IA	+6.83,+7.2,+19.8,AB	+2.25,+269.6,+20.6,CB	+6.88,+5.2,+19.7,GB	
1700756227.6697958	+6.55,+16.0,+21.3,HA	+6.40,+29.1,+21.3,AA	+6.53,+23.6,+21.3,NA	+6.83,+7.2,+19.8,AB	+2.25,+269.7,+20.6,BB	+6.88,+5.2,+19.7,GB	
1700756289.6802151	+6.54,+16.0,+21.4,NA	+6.40,+29.1,+21.3,AA	+6.53,+23.7,+21.4,HA	+6.83,+7.2,+19.8,AB	+2.25,+269.5,+20.6,@B	+6.88,+5.2,+19.7,GB	
1700756351.6889772	+6.55,+16.0,+21.3,HA	+6.40,+29.0,+21.3,@A	+6.53,+23.7,+21.4,HA	+6.83,+7.2,+19.8,AB	+2.26,+269.3,+20.6,EB	+6.88,+5.2,+19.7,GB	
1700756413.6967976	+6.54,+16.1,+21.3,HA	+6.40,+29.1,+21.3,AA	+6.53,+23.7,+21.4,HA	+6.83,+7.2,+19.8,AB	+2.25,+269.5,+20.6,@B	+6.88,+5.2,+19.7,GB	
1700756475.7062142	+6.54,+16.0,+21.3,IA	+6.40,+29.1,+21.3,AA	+6.52,+23.8,+21.4,FA	+6.83,+7.2,+19.8,AB	+2.25,+269.4,+20.6,AB	+6.88,+5.2,+19.7,GB	
1700756537.7141454	+6.54,+16.1,+21.3,HA	+6.40,+29.1,+21.3,AA	+6.53,+23.7,+21.3,OA	+6.83,+7.2,+19.8,AB	+2.26,+269.3,+20.6,EB	+6.88,+5.3,+19.7,FB	
1700756599.7237015	+6.54,+16.1,+21.3,HA	+6.40,+29.1,+21.3,AA	+6.53,+23.7,+21.3,OA	+6.83,+7.3,+19.8,@B	+2.25,+269.6,+20.6,CB	+6.88,+5.2,+19.7,GB	
1700756661.7330582	+6.54,+16.0,+21.4,NA	+6.40,+29.1,+21.3,AA	+6.53,+23.6,+21.3,NA	+6.83,+7.2,+19.8,AB	+2.25,+269.5,+20.6,@B	+6.88,+5.2,+19.7,GB	
1700756723.7417636	+6.54,+16.1,+21.3,HA	+6.40,+29.0,+21.3,@A	+6.52,+23.7,+21.3,NA	+6.83,+7.2,+19.8,AB	+2.24,+270.5,+20.6,IB	+6.88,+5.2,+19.7,GB	
1700756785.7505805	+6.54,+16.0,+21.3,IA	+6.40,+29.1,+21.3,AA	+6.53,+23.7,+21.3,OA	+6.83,+7.2,+19.8,AB	+2.23,+271.1,+20.6,KB	+6.88,+5.3,+19.7,FB	
1700756847.7585058	+6.54,+16.0,+21.3,IA	+6.40,+29.1,+21.2,@A	+6.52,+23.7,+21.3,NA	+6.83,+7.2,+19.7,NB	+2.23,+270.8,+20.6,CB	+6.88,+5.2,+19.6,FB	
1700756909.7691634	+6.55,+16.0,+21.3,HA	+6.40,+29.1,+21.3,AA	+6.53,+23.7,+21.3,OA	+6.83,+7.2,+19.7,NB	+2.22,+271.1,+20.6,JB	+6.88,+5.2,+19.6,FB	
1700756971.7791686	+6.54,+16.0,+21.3,IA	+6.40,+29.1,+21.2,@A	+6.53,+23.7,+21.3,OA	+6.83,+7.2,+19.7,NB	+2.23,+270.8,+20.6,CB	+6.88,+5.2,+19.6,FB	
1700757033.789727	+6.55,+16.0,+21.3,HA	+6.40,+29.1,+21.2,@A	+6.53,+23.7,+21.3,OA	+6.83,+7.2,+19.7,NB	+2.24,+270.5,+20.5,JB	+6.88,+5.2,+19.6,FB	
1700757095.799409	+6.55,+16.0,+21.3,HA	+6.40,+29.1,+21.2,@A	+6.52,+23.7,+21.3,NA	+6.83,+7.2,+19.7,NB	+2.24,+270.3,+20.6,OB	+6.88,+5.2,+19.6,FB	
1700757157.8086216	+6.54,+16.0,+21.3,IA	+6.40,+29.1,+21.3,AA	+6.53,+23.7,+21.3,OA	+6.83,+7.2,+19.7,NB	+2.24,+270.2,+20.5,MB	+6.88,+5.3,+19.6,GB	
1700757219.8183336	+6.54,+16.1,+21.3,HA	+6.40,+29.1,+21.2,@A	+6.53,+23.7,+21.3,OA	+6.83,+7.2,+19.8,AB	+2.23,+270.5,+20.6,NB	+6.88,+5.2,+19.6,FB	
1700757281.8281367	+6.54,+16.0,+21.3,IA	+6.40,+29.1,+21.3,AA	+6.53,+23.7,+21.3,OA	+6.83,+7.3,+19.7,OB	+2.23,+270.8,+20.5,@B	+6.88,+5.2,+19.6,FB	
1700757343.8380053	+6.54,+16.0,+21.3,IA	+6.40,+29.1,+21.2,@A	+6.53,+23.7,+21.3,OA	+6.83,+7.2,+19.8,AB	+2.23,+270.7,+20.6,LB	+6.88,+5.3,+19.6,GB	
1700757405.8455245	+6.54,+16.0,+21.3,IA	+6.40,+29.1,+21.2,@A	+6.53,+23.7,+21.3,OA	+6.83,+7.2,+19.7,NB	+2.23,+270.6,+20.5,NB	+6.88,+5.2,+19.6,FB	
1700757467.855818	+6.54,+16.0,+21.3,IA	+6.40,+29.1,+21.3,AA	+6.53,+23.7,+21.3,OA	+6.83,+7.2,+19.7,NB	+2.23,+270.6,+20.6,MB	+6.88,+5.3,+19.7,FB	
1700757529.8630955	+6.55,+16.0,+21.3,HA	+6.40,+29.1,+21.2,@A	+6.53,+23.7,+21.3,OA	+6.83,+7.2,+19.7,NB	+2.23,+270.6,+20.5,NB	+6.88,+5.2,+19.6,FB	
1700757591.8708634	+6.54,+16.0,+21.3,IA	+6.40,+29.1,+21.3,AA	+6.53,+23.7,+21.3,OA	+6.83,+7.2,+19.7,NB	+2.24,+270.3,+20.5,LB	+6.88,+5.3,+19.6,GB	
1700757653.8794928	+6.55,+16.0,+21.3,HA	+6.40,+29.1,+21.3,AA	+6.52,+23.7,+21.3,NA	+6.83,+7.2,+19.7,NB	+2.23,+270.8,+20.5,@B	+6.88,+5.2,+19.6,FB	
1700757715.8914905	+6.54,+16.1,+21.3,HA	+6.40,+29.2,+21.3,BA	+6.52,+23.7,+21.3,NA	+6.83,+7.2,+19.7,NB	+2.23,+270.9,+20.5,AB	+6.88,+5.2,+19.6,FB	
1700757777.9000285	+6.54,+16.0,+21.3,IA	+6.40,+29.1,+21.3,AA	+6.53,+23.7,+21.3,OA	+6.83,+7.2,+19.7,NB	+2.23,+270.6,+20.5,NB	+6.88,+5.2,+19.6,FB	
1700757839.9095454	+6.55,+16.0,+21.3,HA	+6.40,+29.2,+21.2,CA	+6.52,+23.7,+21.3,NA	+6.83,+7.2,+19.7,NB	+2.23,+270.6,+20.5,NB	+6.88,+5.3,+19.6,GB	
1700757901.9189882	+6.55,+16.0,+21.3,HA	+6.40,+29.2,+21.2,CA	+6.53,+23.7,+21.3,OA	+6.83,+7.2,+19.7,NB	+2.23,+270.6,+20.5,NB	+6.88,+5.3,+19.6,GB	
1700757963.9266934	+6.55,+16.0,+21.3,HA	+6.40,+29.2,+21.3,BA	+6.53,+23.6,+21.3,NA	+6.83,+7.2,+19.7,NB	+2.23,+270.6,+20.5,NB	+6.88,+5.3,+19.6,GB	
1700758025.936707	+6.55,+16.0,+21.3,HA	+6.40,+29.1,+21.2,@A	+6.53,+23.7,+21.3,OA	+6.83,+7.2,+19.7,NB	+2.23,+270.6,+20.5,NB	+6.88,+5.3,+19.6,GB	
1700758087.9461896	+6.55,+16.0,+21.3,HA	+6.40,+29.2,+21.3,BA	+6.52,+23.7,+21.3,NA	+6.83,+7.2,+19.7,NB	+2.24,+270.4,+20.5,KB	+6.88,+5.3,+19.6,GB	
1700758149.953184	+6.55,+16.0,+21.3,HA	+6.40,+29.1,+21.2,@A	+6.53,+23.7,+21.3,OA	+6.83,+7.2,+19.7,NB	+2.24,+270.4,+20.5,KB	+6.88,+5.2,+19.6,FB	
1700758211.9632468	+6.55,+16.0,+21.3,HA	+6.40,+29.2,+21.2,CA	+6.53,+23.7,+21.3,OA	+6.83,+7.2,+19.7,NB	+2.23,+270.5,+20.5,MB	+6.88,+5.3,+19.6,GB	
1700758273.9713697	+6.55,+16.0,+21.3,HA	+6.40,+29.2,+21.3,BA	+6.53,+23.7,+21.3,OA	+6.83,+7.2,+19.7,NB	+2.23,+270.5,+20.5,MB	+6.88,+5.3,+19.6,GB	
1700758335.9805253	+6.55,+16.0,+21.3,HA	+6.40,+29.2,+21.3,BA	+6.53,+23.7,+21.3,OA	+6.83,+7.2,+19.7,NB	+2.24,+270.4,+20.5,KB	+6.88,+5.3,+19.6,GB	
1700758397.9889357	+6.54,+16.0,+21.3,IA	+6.40,+29.2,+21.2,CA	+6.53,+23.6,+21.3,NA	+6.83,+7.2,+19.7,NB	+2.25,+269.8,+20.5,NB	+6.88,+5.3,+19.6,GB	
1700758459.9984717	+6.54,+16.1,+21.3,HA	+6.40,+29.2,+21.2,CA	+6.53,+23.7,+21.3,OA	+6.83,+7.2,+19.7,NB	+2.25,+269.9,+20.5,OB	+6.88,+5.3,+19.6,GB	
1700758522.0060565	+6.54,+16.1,+21.3,HA	+6.40,+29.2,+21.2,CA	+6.53,+23.7,+21.3,OA	+6.83,+7.3,+19.7,OB	+2.25,+269.5,+20.5,CB	+6.88,+5.3,+19.6,GB	
1700758584.0132296	+6.54,+16.0,+21.3,IA	+6.40,+29.2,+21.2,CA	+6.53,+23.7,+21.3,OA	+6.83,+7.2,+19.7,NB	+2.25,+269.5,+20.5,CB	+6.88,+5.2,+19.6,FB	
1700758646.021385	+6.55,+16.0,+21.3,HA	+6.40,+29.2,+21.2,CA	+6.53,+23.7,+21.3,OA	+6.83,+7.2,+19.7,NB	+2.26,+269.3,+20.5,FB	+6.88,+5.3,+19.6,GB	
1700758708.0305037	+6.54,+16.0,+21.3,IA	+6.40,+29.2,+21.2,CA	+6.53,+23.7,+21.3,OA	+6.83,+7.2,+19.7,NB	+2.25,+269.6,+20.5,@B	+6.88,+5.3,+19.6,GB	
1700758770.0385187	+6.55,+16.0,+21.3,HA	+6.40,+29.1,+21.2,@A	+6.53,+23.7,+21.3,OA	+6.83,+7.2,+19.7,NB	+2.25,+269.8,+20.5,NB	+6.88,+5.3,+19.6,GB	
1700758832.0447383	+6.55,+16.0,+21.3,HA	+6.40,+29.1,+21.3,AA	+6.53,+23.7,+21.3,OA	+6.83,+7.2,+19.7,NB	+2.25,+269.8,+20.5,NB	+6.88,+5.3,+19.6,GB	
1700758894.0507636	+6.55,+16.0,+21.3,HA	+6.40,+29.1,+21.2,@A	+6.53,+23.7,+21.3,OA	+6.83,+7.3,+19.7,OB	+2.24,+270.0,+20.5,OB	+6.88,+5.2,+19.6,FB	
1700758956.059586	+6.55,+16.0,+21.3,HA	+6.40,+29.2,+21.2,CA	+6.52,+23.7,+21.3,NA	+6.83,+7.2,+19.7,NB	+2.24,+270.1,+20.5,NB	+6.88,+5.3,+19.6,GB	
1700759018.0651546	+6.55,+16.0,+21.3,HA	+6.40,+29.2,+21.2,CA	+6.53,+23.7,+21.3,OA	+6.83,+7.2,+19.7,NB	+2.24,+270.1,+20.5,NB	+6.88,+5.3,+19.6,GB	
1700759080.0732405	+6.55,+16.0,+21.3,HA	+6.40,+29.2,+21.2,CA	+6.53,+23.7,+21.3,OA	+6.83,+7.2,+19.7,NB	+2.24,+270.1,+20.5,NB	+6.88,+5.3,+19.6,GB	
1700759142.0831218	+6.54,+16.0,+21.3,IA	+6.40,+29.2,+21.2,CA	+6.53,+23.7,+21.3,OA	+6.83,+7.2,+19.7,NB	+2.24,+270.1,+20.5,NB	+6.88,+5.2,+19.6,FB	
1700759204.0919943	+6.54,+16.1,+21.3,HA	+6.40,+29.2,+21.2,CA	+6.53,+23.7,+21.3,OA	+6.83,+7.2,+19.7,NB	+2.24,+270.3,+20.5,LB	+6.88,+5.3,+19.6,GB	
1700759449.6419697	+6.55,+16.0,+21.3,HA	+6.40,+29.3,+21.3,CA	+6.53,+23.7,+21.3,OA	+6.83,+7.2,+19.7,NB	+2.32,+265.5,+20.5,IB	+6.88,+5.2,+19.6,FB	
1700759511.6497023	+6.55,+16.0,+21.3,HA	+6.40,+29.2,+21.2,CA	+6.53,+23.7,+21.3,OA	+6.83,+7.2,+19.7,NB	+2.32,+265.4,+20.5,HB	+6.88,+5.3,+19.6,GB	
1700759573.655889	+6.55,+16.0,+21.3,HA	+6.40,+29.3,+21.2,BA	+6.53,+23.7,+21.3,OA	+6.83,+7.3,+19.7,OB	+2.27,+268.7,+20.5,BB	+6.88,+5.2,+19.7,GB	
1700759635.6659496	+6.55,+16.0,+21.3,HA	+6.40,+29.3,+21.2,BA	+6.53,+23.7,+21.3,OA	+6.83,+7.2,+19.7,NB	+2.27,+268.5,+20.5,@B	+6.88,+5.3,+19.6,GB	
1700759697.6747868	+6.55,+16.0,+21.3,HA	+6.40,+29.2,+21.2,CA	+6.53,+23.7,+21.3,OA	+6.83,+7.1,+19.7,MB	+2.27,+268.7,+20.5,BB	+6.88,+5.3,+19.6,GB	
1700759759.6830797	+6.55,+16.0,+21.3,HA	+6.40,+29.2,+21.3,BA	+6.53,+23.7,+21.3,OA	+6.83,+7.2,+19.7,NB	+2.26,+268.9,+20.5,MB	+6.88,+5.3,+19.6,GB	
1700759821.690629	+6.55,+16.0,+21.3,HA	+6.40,+29.2,+21.2,CA	+6.53,+23.7,+21.3,OA	+6.83,+7.3,+19.7,OB	+2.26,+268.9,+20.5,MB	+6.88,+5.3,+19.6,GB	
1700759883.698912	+6.55,+16.0,+21.3,HA	+6.40,+29.3,+21.2,BA	+6.53,+23.7,+21.3,OA	+6.83,+7.2,+19.7,NB	+2.26,+269.0,+20.5,EB	+6.88,+5.3,+19.6,GB	
1700759945.708095	+6.55,+16.0,+21.3,HA	+6.40,+29.3,+21.2,BA	+6.53,+23.6,+21.3,NA	+6.83,+7.2,+19.7,NB	+2.26,+269.0,+20.5,EB	+6.88,+5.3,+19.6,GB	
1700760007.7167447	+6.54,+16.0,+21.3,IA	+6.40,+29.3,+21.2,BA	+6.53,+23.6,+21.3,NA	+6.83,+7.2,+19.7,NB	+2.26,+269.0,+20.5,EB	+6.88,+5.3,+19.6,GB	
1700760069.7239501	+6.55,+16.0,+21.3,HA	+6.40,+29.3,+21.2,BA	+6.53,+23.7,+21.3,OA	+6.83,+7.2,+19.7,NB	+2.26,+269.0,+20.5,EB	+6.88,+5.3,+19.6,GB	
1700760131.7340515	+6.55,+16.0,+21.3,HA	+6.40,+29.3,+21.2,BA	+6.53,+23.7,+21.3,OA	+6.83,+7.2,+19.7,NB	+2.26,+269.2,+20.5,GB	+6.88,+5.3,+19.6,GB	
1700760193.743246	+6.55,+16.0,+21.3,HA	+6.40,+29.3,+21.2,BA	+6.52,+23.7,+21.3,NA	+6.83,+7.2,+19.7,NB	+2.25,+269.3,+20.5,EB	+6.88,+5.3,+19.6,GB	
1700760255.7520776	+6.55,+16.0,+21.3,HA	+6.40,+29.3,+21.2,BA	+6.53,+23.7,+21.3,OA	+6.83,+7.2,+19.7,NB	+2.25,+269.6,+20.5,@B	+6.88,+5.3,+19.6,GB	
1700760317.7603762	+6.55,+16.0,+21.3,HA	+6.40,+29.3,+21.2,BA	+6.53,+23.7,+21.3,OA	+6.83,+7.2,+19.7,NB	+2.25,+269.5,+20.5,CB	+6.88,+5.3,+19.6,GB	
1700760379.7705173	+6.55,+16.0,+21.3,HA	+6.40,+29.4,+21.2,EA	+6.52,+23.7,+21.3,NA	+6.83,+7.1,+19.7,MB	+2.25,+269.6,+20.5,@B	+6.88,+5.3,+19.6,GB	
1700760441.7795756	+6.55,+16.0,+21.3,HA	+6.40,+29.3,+21.2,BA	+6.52,+23.7,+21.2,OA	+6.83,+7.2,+19.7,NB	+2.25,+269.6,+20.5,@B	+6.88,+5.3,+19.6,GB	
1700760503.7894204	+6.55,+16.0,+21.3,HA	+6.40,+29.3,+21.2,BA	+6.53,+23.7,+21.3,OA	+6.83,+7.2,+19.7,NB	+2.25,+269.6,+20.5,@B	+6.88,+5.3,+19.6,GB	
