62309060476	62309060477	62309060478	62309060479	62309060481	62309060482	
1700846951.9789162	+6.55,+15.7,+22.0,LA	+6.24,+38.3,+22.0,AA	+6.53,+23.6,+22.0,NA	+6.82,+7.5,+20.4,AB	+2.33,+265.6,+21.2,MB	+6.86,+6.0,+20.4,AB	
1700847013.988828	+6.55,+15.7,+22.0,LA	+6.24,+38.4,+22.0,FA	+6.53,+23.7,+22.0,OA	+6.82,+7.5,+20.5,@B	+2.35,+264.6,+21.1,IB	+6.86,+6.0,+20.4,AB	
1700847075.9967337	+6.55,+15.6,+22.0,MA	+6.24,+38.4,+22.0,FA	+6.53,+23.6,+22.0,NA	+6.82,+7.5,+20.4,AB	+2.35,+264.4,+21.1,KB	+6.86,+6.0,+20.4,AB	
1700847138.0062873	+6.55,+15.7,+22.0,LA	+6.24,+38.4,+21.9,LA	+6.53,+23.6,+22.0,NA	+6.82,+7.5,+20.4,AB	+2.35,+264.3,+21.1,LB	+6.86,+6.1,+20.4,@B	
1700847200.0152829	+6.55,+15.6,+22.0,MA	+6.24,+38.4,+22.0,FA	+6.53,+23.6,+22.0,NA	+6.82,+7.5,+20.4,AB	+2.35,+264.3,+21.1,LB	+6.86,+6.1,+20.4,@B	
1700847262.0234551	+6.55,+15.6,+22.0,MA	+6.24,+38.5,+21.9,MA	+6.53,+23.6,+22.0,NA	+6.82,+7.5,+20.5,@B	+2.35,+264.4,+21.1,KB	+6.86,+6.1,+20.4,@B	
1700847324.030825	+6.55,+15.6,+22.0,MA	+6.24,+38.5,+22.0,GA	+6.53,+23.6,+22.1,OA	+6.82,+7.5,+20.5,@B	+2.35,+264.7,+21.2,KB	+6.87,+6.0,+20.4,@B	
1700847386.0388782	+6.55,+15.7,+22.0,LA	+6.24,+38.5,+21.9,MA	+6.53,+23.6,+22.0,NA	+6.82,+7.5,+20.5,@B	+2.34,+265.0,+21.2,LB	+6.86,+6.0,+20.4,AB	
1700847448.0461776	+6.55,+15.6,+22.0,MA	+6.24,+38.6,+22.0,DA	+6.53,+23.5,+22.1,LA	+6.82,+7.6,+20.4,BB	+2.33,+265.6,+21.1,NB	+6.87,+6.0,+20.4,@B	
1700847510.0560427	+6.55,+15.6,+22.0,MA	+6.24,+38.5,+22.0,GA	+6.53,+23.6,+22.1,OA	+6.82,+7.5,+20.5,@B	+2.33,+265.7,+21.2,LB	+6.86,+6.0,+20.4,AB	
1700847572.0651336	+6.55,+15.7,+22.0,LA	+6.24,+38.5,+22.0,GA	+6.53,+23.6,+22.1,OA	+6.82,+7.5,+20.5,@B	+2.33,+265.6,+21.2,MB	+6.86,+6.1,+20.4,@B	
1700847817.6752775	+6.55,+15.6,+22.0,MA	+6.24,+38.5,+22.0,GA	+6.53,+23.6,+22.0,NA	+6.82,+7.5,+20.5,@B	+2.34,+265.1,+21.2,MB	+6.86,+6.0,+20.4,AB	
1700847879.6829312	+6.55,+15.7,+22.0,LA	+6.24,+38.5,+22.0,GA	+6.53,+23.6,+22.1,OA	+6.82,+7.5,+20.5,@B	+2.33,+265.5,+21.2,NB	+6.87,+6.0,+20.4,@B	
1700847941.6892948	+6.55,+15.7,+22.0,LA	+6.24,+38.5,+22.0,GA	+6.53,+23.5,+22.1,LA	+6.82,+7.5,+20.5,@B	+2.34,+265.3,+21.2,OB	+6.86,+6.0,+20.4,AB	
1700848003.6990445	+6.55,+15.6,+22.0,MA	+6.24,+38.6,+22.0,DA	+6.53,+23.5,+22.1,LA	+6.82,+7.5,+20.5,@B	+2.34,+265.2,+21.1,MB	+6.86,+6.0,+20.4,AB	
1700848065.7072275	+6.55,+15.6,+22.0,MA	+6.24,+38.6,+22.0,DA	+6.53,+23.6,+22.1,OA	+6.82,+7.5,+20.5,@B	+2.34,+265.1,+21.2,MB	+6.86,+6.0,+20.4,AB	
1700848127.7151852	+6.55,+15.7,+22.0,LA	+6.24,+38.6,+22.0,DA	+6.53,+23.7,+22.1,NA	+6.82,+7.5,+20.5,@B	+2.34,+265.2,+21.2,NB	+6.86,+6.0,+20.4,AB	
1700848189.7242558	+6.55,+15.7,+22.0,LA	+6.24,+38.7,+22.0,EA	+6.53,+23.5,+22.1,LA	+6.82,+7.6,+20.5,CB	+2.34,+265.3,+21.2,OB	+6.86,+6.1,+20.4,@B	
1700848251.7336283	+6.55,+15.6,+22.0,MA	+6.24,+38.7,+22.0,EA	+6.53,+23.6,+22.1,OA	+6.82,+7.5,+20.5,@B	+2.34,+265.3,+21.2,OB	+6.86,+6.0,+20.4,AB	
1700848313.7395768	+6.55,+15.6,+22.0,MA	+6.24,+38.6,+22.0,DA	+6.53,+23.5,+22.1,LA	+6.82,+7.5,+20.5,@B	+2.34,+265.3,+21.2,OB	+6.86,+6.0,+20.4,AB	
1700848375.747072	+6.55,+15.7,+22.0,LA	+6.24,+38.7,+22.0,EA	+6.53,+23.6,+22.0,NA	+6.82,+7.5,+20.5,@B	+2.34,+265.3,+21.2,OB	+6.86,+6.1,+20.4,@B	
1700848437.7570233	+6.55,+15.7,+22.1,MA	+6.24,+38.7,+22.0,EA	+6.53,+23.6,+22.1,OA	+6.82,+7.5,+20.5,@B	+2.33,+265.3,+21.2,HB	+6.86,+6.0,+20.5,@B	
1700848499.7661264	+6.55,+15.7,+22.0,LA	+6.24,+38.8,+22.0,JA	+6.53,+23.6,+22.1,OA	+6.82,+7.5,+20.5,@B	+2.34,+265.3,+21.2,OB	+6.86,+6.1,+20.5,AB	
1700848561.7751644	+6.55,+15.7,+22.0,LA	+6.24,+38.7,+22.0,EA	+6.53,+23.5,+22.1,LA	+6.82,+7.6,+20.5,CB	+2.34,+265.3,+21.2,OB	+6.86,+6.1,+20.4,@B	
1700848623.7847245	+6.55,+15.6,+22.1,LA	+6.24,+38.7,+22.0,EA	+6.53,+23.6,+22.1,OA	+6.82,+7.5,+20.5,@B	+2.34,+265.2,+21.2,NB	+6.86,+6.1,+20.5,AB	
1700848685.7939203	+6.55,+15.7,+22.1,MA	+6.24,+38.8,+22.0,JA	+6.53,+23.6,+22.1,OA	+6.82,+7.5,+20.5,@B	+2.34,+265.2,+21.2,NB	+6.87,+6.0,+20.4,@B	
1700848747.8041058	+6.55,+15.7,+22.1,MA	+6.24,+38.7,+22.0,EA	+6.53,+23.6,+22.1,OA	+6.82,+7.5,+20.5,@B	+2.34,+265.3,+21.2,OB	+6.87,+6.0,+20.4,@B	
1700848809.8134813	+6.55,+15.7,+22.1,MA	+6.24,+38.8,+22.0,JA	+6.53,+23.6,+22.1,OA	+6.82,+7.5,+20.5,@B	+2.34,+265.3,+21.2,OB	+6.86,+6.0,+20.5,@B	
1700848871.8233206	+6.55,+15.7,+22.1,MA	+6.24,+38.7,+22.0,EA	+6.53,+23.5,+22.1,LA	+6.82,+7.5,+20.5,@B	+2.34,+265.3,+21.2,OB	+6.86,+6.1,+20.5,AB	
1700848933.829102	+6.55,+15.7,+22.1,MA	+6.24,+38.8,+22.0,JA	+6.53,+23.6,+22.1,OA	+6.82,+7.5,+20.5,@B	+2.27,+269.1,+21.2,CB	+6.86,+6.1,+20.5,AB	
1700848995.837877	+6.55,+15.7,+22.1,MA	+6.24,+38.7,+22.0,EA	+6.53,+23.6,+22.1,OA	+6.82,+7.5,+20.5,@B	+2.27,+269.0,+21.2,BB	+6.86,+6.0,+20.5,@B	
1700849057.8467484	+6.55,+15.7,+22.0,LA	+6.24,+38.8,+22.0,JA	+6.53,+23.5,+22.1,LA	+6.82,+7.5,+20.5,@B	+2.27,+268.9,+21.2,JB	+6.86,+6.0,+20.5,@B	
1700849119.8537495	+6.55,+15.6,+22.1,LA	+6.24,+38.8,+22.0,JA	+6.53,+23.6,+22.1,OA	+6.82,+7.5,+20.5,@B	+2.27,+268.9,+21.2,JB	+6.86,+6.1,+20.5,AB	
1700849181.8635824	+6.55,+15.7,+22.0,LA	+6.24,+38.8,+22.0,JA	+6.53,+23.6,+22.1,OA	+6.82,+7.5,+20.5,@B	+2.27,+268.8,+21.2,KB	+6.86,+6.0,+20.5,@B	
1700849243.870843	+6.55,+15.7,+22.1,MA	+6.24,+38.8,+22.0,JA	+6.53,+23.6,+22.1,OA	+6.82,+7.5,+20.5,@B	+2.27,+268.9,+21.2,JB	+6.86,+6.1,+20.5,AB	
1700849305.8802848	+6.55,+15.6,+22.0,MA	+6.24,+38.8,+22.0,JA	+6.53,+23.5,+22.1,LA	+6.82,+7.5,+20.5,@B	+2.27,+269.0,+21.2,BB	+6.86,+6.0,+20.5,@B	
1700849367.8900483	+6.55,+15.7,+22.1,MA	+6.24,+38.8,+22.0,JA	+6.53,+23.6,+22.1,OA	+6.82,+7.5,+20.5,@B	+2.27,+268.8,+21.2,KB	+6.86,+6.0,+20.5,@B	
1700849429.898424	+6.55,+15.6,+22.1,LA	+6.24,+38.8,+22.0,JA	+6.53,+23.7,+22.1,NA	+6.82,+7.5,+20.5,@B	+2.27,+268.8,+21.2,KB	+6.87,+6.0,+20.5,AB	
1700849491.9061058	+6.55,+15.6,+22.1,LA	+6.24,+38.8,+22.0,JA	+6.53,+23.6,+22.1,OA	+6.82,+7.5,+20.5,@B	+2.27,+268.8,+21.2,KB	+6.86,+6.0,+20.5,@B	
1700849553.9122343	+6.55,+15.6,+22.1,LA	+6.24,+38.8,+22.0,JA	+6.53,+23.6,+22.1,OA	+6.82,+7.6,+20.5,CB	+2.27,+269.0,+21.2,BB	+6.87,+6.0,+20.5,AB	
1700849615.9221997	+6.55,+15.7,+22.1,MA	+6.24,+38.8,+22.0,JA	+6.53,+23.6,+22.1,OA	+6.82,+7.5,+20.5,@B	+2.27,+269.0,+21.2,BB	+6.86,+6.0,+20.5,@B	
1700849677.930859	+6.55,+15.6,+22.1,LA	+6.24,+38.8,+22.0,JA	+6.53,+23.5,+22.1,LA	+6.82,+7.5,+20.5,@B	+2.28,+268.8,+21.2,DB	+6.86,+6.1,+20.5,AB	
1700849739.938942	+6.55,+15.7,+22.1,MA	+6.24,+38.9,+22.0,KA	+6.53,+23.6,+22.1,OA	+6.82,+7.5,+20.5,@B	+2.28,+268.8,+21.2,DB	+6.86,+6.0,+20.5,@B	
1700849801.945233	+6.55,+15.6,+22.0,MA	+6.24,+38.9,+22.0,KA	+6.53,+23.6,+22.1,OA	+6.82,+7.5,+20.5,@B	+2.27,+269.1,+21.2,CB	+6.86,+6.1,+20.5,AB	
1700849863.9561796	+6.55,+15.7,+22.1,MA	+6.24,+38.8,+22.0,JA	+6.53,+23.6,+22.1,OA	+6.82,+7.5,+20.5,@B	+2.27,+269.0,+21.2,BB	+6.86,+6.1,+20.5,AB	
1700849925.9642735	+6.55,+15.7,+22.1,MA	+6.24,+38.8,+22.0,JA	+6.53,+23.6,+22.1,OA	+6.82,+7.4,+20.5,AB	+2.27,+269.0,+21.2,BB	+6.87,+6.0,+20.5,AB	
1700849987.9727092	+6.55,+15.6,+22.1,LA	+6.24,+38.7,+22.0,EA	+6.53,+23.6,+22.1,OA	+6.82,+7.5,+20.5,@B	+2.27,+269.0,+21.2,BB	+6.87,+6.0,+20.5,AB	
1700850049.9811099	+6.55,+15.7,+22.1,MA	+6.24,+38.8,+22.0,JA	+6.53,+23.6,+22.1,OA	+6.82,+7.5,+20.5,@B	+2.27,+269.1,+21.2,CB	+6.87,+6.0,+20.5,AB	
1700850111.990325	+6.55,+15.7,+22.1,MA	+6.24,+38.8,+22.0,JA	+6.53,+23.5,+22.1,LA	+6.82,+7.5,+20.5,@B	+2.27,+269.2,+21.2,@B	+6.86,+6.0,+20.5,@B	
1700850173.9964457	+6.55,+15.7,+22.1,MA	+6.24,+38.8,+22.0,JA	+6.53,+23.5,+22.1,LA	+6.82,+7.5,+20.5,@B	+2.27,+269.3,+21.2,AB	+6.86,+6.0,+20.5,@B	
1700850236.0033207	+6.55,+15.7,+22.1,MA	+6.24,+38.8,+22.0,JA	+6.53,+23.5,+22.1,LA	+6.82,+7.5,+20.5,@B	+2.27,+269.2,+21.2,@B	+6.86,+6.1,+20.5,AB	
1700850298.0115285	+6.55,+15.7,+22.1,MA	+6.24,+38.8,+22.0,JA	+6.53,+23.5,+22.1,LA	+6.82,+7.5,+20.5,@B	+2.27,+269.4,+21.2,FB	+6.86,+6.0,+20.4,AB	
1700850360.0199635	+6.55,+15.6,+22.1,LA	+6.24,+38.9,+22.0,KA	+6.53,+23.6,+22.1,OA	+6.82,+7.5,+20.5,@B	+2.26,+269.4,+21.2,GB	+6.87,+6.0,+20.5,AB	
1700850422.030866	+6.55,+15.6,+22.1,LA	+6.24,+38.8,+22.0,JA	+6.53,+23.5,+22.1,LA	+6.82,+7.5,+20.5,@B	+2.26,+269.4,+21.2,GB	+6.86,+6.0,+20.4,AB	
1700850484.0409932	+6.55,+15.6,+22.1,LA	+6.24,+38.8,+22.0,JA	+6.53,+23.6,+22.1,OA	+6.82,+7.5,+20.5,@B	+2.26,+269.4,+21.2,GB	+6.87,+6.0,+20.4,@B	
1700850546.0502496	+6.55,+15.6,+22.1,LA	+6.24,+38.8,+22.0,JA	+6.53,+23.7,+22.1,NA	+6.82,+7.5,+20.5,@B	+2.26,+269.4,+21.2,GB	+6.86,+6.0,+20.4,AB	
1700850608.0600705	+6.55,+15.6,+22.1,LA	+6.24,+38.8,+22.0,JA	+6.53,+23.6,+22.1,OA	+6.82,+7.5,+20.5,@B	+2.28,+268.8,+21.2,DB	+6.86,+6.1,+20.4,@B	
1700850670.0695891	+6.55,+15.7,+22.0,LA	+6.24,+38.8,+22.0,JA	+6.53,+23.7,+22.1,NA	+6.82,+7.5,+20.5,@B	+2.26,+269.4,+21.2,GB	+6.87,+6.0,+20.4,@B	
1700850732.0794165	+6.55,+15.7,+22.0,LA	+6.24,+38.8,+22.0,JA	+6.53,+23.6,+22.1,OA	+6.82,+7.5,+20.5,@B	+2.26,+269.5,+21.2,FB	+6.86,+6.0,+20.4,AB	
1700850794.086483	+6.55,+15.7,+22.0,LA	+6.23,+38.9,+22.0,LA	+6.53,+23.6,+22.0,NA	+6.82,+7.5,+20.5,@B	+2.26,+269.7,+21.2,DB	+6.87,+6.0,+20.4,@B	
1700850856.0952768	+6.55,+15.6,+22.0,MA	+6.24,+38.9,+22.0,KA	+6.53,+23.6,+22.0,NA	+6.82,+7.5,+20.5,@B	+2.25,+270.0,+21.2,HB	+6.86,+6.0,+20.4,AB	
1700850918.1037252	+6.55,+15.6,+22.0,MA	+6.24,+38.9,+22.0,KA	+6.53,+23.6,+22.0,NA	+6.82,+7.5,+20.5,@B	+2.25,+270.3,+21.2,KB	+6.87,+6.0,+20.4,@B	
1700850980.1117113	+6.55,+15.7,+22.0,LA	+6.23,+38.9,+22.0,LA	+6.53,+23.5,+22.0,MA	+6.82,+7.5,+20.4,AB	+2.25,+270.4,+21.2,LB	+6.87,+6.0,+20.4,@B	
1700851042.1213772	+6.55,+15.6,+22.0,MA	+6.23,+38.9,+21.9,FA	+6.53,+23.6,+22.0,NA	+6.82,+7.5,+20.4,AB	+2.24,+270.6,+21.2,OB	+6.86,+6.0,+20.4,AB	
1700851104.1277246	+6.55,+15.6,+22.0,MA	+6.23,+39.0,+22.0,DA	+6.53,+23.6,+22.0,NA	+6.82,+7.5,+20.4,AB	+2.24,+270.6,+21.2,OB	+6.86,+6.0,+20.4,AB	
1700851166.1357076	+6.55,+15.6,+22.0,MA	+6.23,+39.0,+21.9,NA	+6.53,+23.6,+22.0,NA	+6.82,+7.5,+20.4,AB	+2.25,+270.2,+21.2,JB	+6.87,+6.0,+20.4,@B	
1700851228.1460094	+6.55,+15.7,+22.0,LA	+6.23,+39.0,+21.9,NA	+6.53,+23.5,+22.0,MA	+6.82,+7.5,+20.4,AB	+2.25,+270.4,+21.2,LB	+6.86,+6.0,+20.4,AB	
1700851290.1543715	+6.55,+15.7,+22.0,LA	+6.23,+38.9,+21.9,FA	+6.53,+23.5,+22.0,MA	+6.82,+7.5,+20.4,AB	+2.25,+270.5,+21.2,MB	+6.86,+6.0,+20.3,FB	
1700851352.1614592	+6.55,+15.6,+22.0,MA	+6.24,+38.9,+22.0,KA	+6.53,+23.6,+22.0,NA	+6.82,+7.5,+20.4,AB	+2.24,+270.6,+21.2,OB	+6.87,+6.0,+20.3,GB	
1700851414.1686237	+6.55,+15.6,+22.0,MA	+6.23,+39.0,+21.9,NA	+6.53,+23.6,+22.0,NA	+6.82,+7.5,+20.4,AB	+2.26,+269.8,+21.2,KB	+6.87,+6.0,+20.3,GB	
1700851659.7227051	+6.55,+15.7,+22.0,LA	+6.23,+38.9,+21.9,FA	+6.53,+23.5,+22.0,MA	+6.82,+7.5,+20.4,AB	+2.26,+269.5,+21.2,FB	+6.87,+6.0,+20.3,GB	
1700851721.7339184	+6.55,+15.6,+22.0,MA	+6.23,+38.9,+21.9,FA	+6.53,+23.5,+22.0,MA	+6.82,+7.6,+20.4,BB	+2.27,+268.8,+21.2,KB	+6.86,+6.0,+20.3,FB	
1700851783.7431388	+6.55,+15.6,+22.0,MA	+6.23,+38.9,+21.9,FA	+6.53,+23.5,+21.9,GA	+6.82,+7.5,+20.4,AB	+2.27,+268.9,+21.1,IB	+6.87,+6.0,+20.3,GB	
1700851845.7519147	+6.55,+15.6,+22.0,MA	+6.23,+39.0,+21.9,NA	+6.53,+23.6,+22.0,NA	+6.82,+7.5,+20.3,FB	+2.27,+269.0,+21.2,BB	+6.87,+6.0,+20.3,GB	
1700851907.760282	+6.55,+15.6,+22.0,MA	+6.23,+38.9,+21.9,FA	+6.53,+23.6,+21.9,DA	+6.82,+7.6,+20.4,BB	+2.27,+269.0,+21.2,BB	+6.86,+6.0,+20.3,FB	
1700851969.7695045	+6.55,+15.6,+22.0,MA	+6.23,+39.0,+21.9,NA	+6.53,+23.5,+21.9,GA	+6.82,+7.5,+20.4,AB	+2.27,+269.0,+21.2,BB	+6.87,+6.0,+20.3,GB	
1700852031.779294	+6.55,+15.6,+22.0,MA	+6.23,+39.0,+21.9,NA	+6.53,+23.5,+21.9,GA	+6.82,+7.5,+20.4,AB	+2.27,+269.2,+21.1,CB	+6.86,+6.0,+20.3,FB	
1700852093.7848942	+6.55,+15.6,+21.9,GA	+6.23,+39.0,+21.9,NA	+6.53,+23.5,+21.9,GA	+6.82,+7.5,+20.3,FB	+2.27,+269.2,+21.1,CB	+6.87,+6.0,+20.2,FB	
1700852155.790908	+6.55,+15.6,+21.9,GA	+6.23,+38.9,+21.9,FA	+6.53,+23.6,+21.9,DA	+6.82,+7.6,+20.3,EB	+2.27,+269.3,+21.2,AB	+6.86,+6.0,+20.3,FB	
1700852217.801425	+6.55,+15.6,+21.9,GA	+6.23,+38.9,+21.9,FA	+6.53,+23.5,+21.9,GA	+6.82,+7.5,+20.3,FB	+2.27,+269.3,+21.2,AB	+6.86,+6.0,+20.3,FB	
1700852279.810485	+6.55,+15.6,+21.9,GA	+6.23,+39.0,+21.9,NA	+6.53,+23.6,+21.9,DA	+6.82,+7.5,+20.3,FB	+2.26,+269.4,+21.2,GB	+6.87,+6.0,+20.2,FB	
1700852341.8205652	+6.55,+15.6,+21.9,GA	+6.23,+39.0,+21.8,OA	+6.53,+23.5,+21.9,GA	+6.82,+7.5,+20.3,FB	+2.26,+269.5,+21.2,FB	+6.86,+6.0,+20.2,GB	
1700852403.827497	+6.55,+15.6,+21.9,GA	+6.23,+39.0,+21.8,OA	+6.53,+23.6,+21.9,DA	+6.82,+7.6,+20.3,EB	+2.26,+269.6,+21.1,FB	+6.86,+6.0,+20.2,GB	
1700852465.8384755	+6.55,+15.5,+21.9,DA	+6.23,+38.9,+21.8,GA	+6.53,+23.5,+21.9,GA	+6.82,+7.6,+20.3,EB	+2.26,+269.6,+21.1,FB	+6.86,+6.0,+20.2,GB	
1700852527.8480084	+6.55,+15.6,+21.9,GA	+6.23,+39.0,+21.9,NA	+6.53,+23.6,+21.9,DA	+6.82,+7.6,+20.3,EB	+2.26,+269.4,+21.1,DB	+6.87,+6.0,+20.2,FB	
1700852589.8584285	+6.55,+15.6,+21.9,GA	+6.23,+38.9,+21.8,GA	+6.53,+23.5,+21.9,GA	+6.82,+7.5,+20.3,FB	+2.26,+269.6,+21.2,EB	+6.87,+6.0,+20.2,FB	
1700852651.8672361	+6.55,+15.6,+21.9,GA	+6.23,+39.0,+21.8,OA	+6.53,+23.4,+21.9,FA	+6.82,+7.6,+20.3,EB	+2.26,+269.5,+21.1,EB	+6.86,+6.0,+20.2,GB	
1700852713.8749158	+6.55,+15.6,+21.9,GA	+6.23,+39.0,+21.8,OA	+6.53,+23.5,+21.9,GA	+6.82,+7.5,+20.3,FB	+2.27,+269.0,+21.1,AB	+6.86,+6.0,+20.2,GB	
1700852775.8829398	+6.55,+15.6,+21.9,GA	+6.23,+39.0,+21.8,OA	+6.53,+23.6,+21.9,DA	+6.82,+7.6,+20.3,EB	+2.25,+270.0,+21.1,KB	+6.87,+6.0,+20.2,FB	
1700852837.894246	+6.55,+15.6,+21.9,GA	+6.23,+38.9,+21.8,GA	+6.53,+23.5,+21.8,FA	+6.82,+7.5,+20.3,FB	+2.25,+270.3,+21.1,HB	+6.86,+6.0,+20.2,GB	
1700852899.9047663	+6.55,+15.6,+21.9,GA	+6.23,+39.0,+21.8,OA	+6.53,+23.5,+21.8,FA	+6.82,+7.5,+20.3,FB	+2.25,+270.4,+21.1,OB	+6.86,+6.0,+20.2,GB	
1700852961.9148831	+6.55,+15.6,+21.9,GA	+6.23,+39.0,+21.8,OA	+6.53,+23.5,+21.8,FA	+6.82,+7.6,+20.3,EB	+2.25,+270.4,+21.1,OB	+6.86,+6.0,+20.2,GB	
1700853023.924928	+6.55,+15.6,+21.9,GA	+6.23,+38.9,+21.8,GA	+6.53,+23.5,+21.8,FA	+6.82,+7.6,+20.3,EB	+2.25,+270.1,+21.1,JB	+6.86,+6.0,+20.1,DB	
1700853085.9360335	+6.55,+15.6,+21.9,GA	+6.23,+39.0,+21.8,OA	+6.53,+23.5,+21.8,FA	+6.82,+7.6,+20.2,DB	+2.24,+270.4,+21.1,NB	+6.87,+6.0,+20.2,FB	
1700853147.9451036	+6.55,+15.6,+21.9,GA	+6.23,+39.0,+21.8,OA	+6.53,+23.6,+21.8,EA	+6.82,+7.5,+20.2,GB	+2.25,+270.4,+21.1,OB	+6.86,+6.0,+20.1,DB	
1700853209.955191	+6.55,+15.6,+21.8,FA	+6.23,+39.0,+21.8,OA	+6.53,+23.5,+21.8,FA	+6.82,+7.6,+20.2,DB	+2.25,+270.4,+21.1,OB	+6.87,+6.0,+20.2,FB	
1700853271.964412	+6.55,+15.6,+21.9,GA	+6.23,+39.0,+21.8,OA	+6.53,+23.5,+21.8,FA	+6.82,+7.6,+20.2,DB	+2.25,+270.0,+21.1,KB	+6.86,+6.0,+20.1,DB	
1700853333.971402	+6.55,+15.6,+21.8,FA	+6.23,+39.0,+21.8,OA	+6.53,+23.5,+21.8,FA	+6.82,+7.6,+20.2,DB	+2.25,+270.3,+21.1,HB	+6.87,+6.0,+20.1,EB	
1700853395.9831758	+6.55,+15.6,+21.9,GA	+6.23,+39.1,+21.8,NA	+6.53,+23.5,+21.8,FA	+6.82,+7.5,+20.2,GB	+2.25,+269.9,+21.1,JB	+6.86,+6.0,+20.1,DB	
1700853457.9916458	+6.55,+15.6,+21.8,FA	+6.23,+39.0,+21.8,OA	+6.53,+23.5,+21.8,FA	+6.82,+7.6,+20.2,DB	+2.26,+269.6,+21.1,FB	+6.86,+6.0,+20.1,DB	
1700853520.0018568	+6.55,+15.6,+21.8,FA	+6.23,+39.0,+21.8,OA	+6.53,+23.6,+21.8,EA	+6.82,+7.5,+20.2,GB	+2.25,+270.1,+21.1,JB	+6.86,+6.0,+20.1,DB	
1700853582.012407	+6.55,+15.6,+21.8,FA	+6.23,+39.0,+21.8,OA	+6.53,+23.6,+21.8,EA	+6.82,+7.5,+20.2,GB	+2.26,+269.8,+21.1,HB	+6.87,+6.0,+20.1,EB	
1700853644.02268	+6.55,+15.6,+21.8,FA	+6.23,+39.1,+21.7,AA	+6.53,+23.6,+21.8,EA	+6.82,+7.6,+20.2,DB	+2.26,+269.8,+21.1,HB	+6.86,+6.0,+20.1,DB	
1700853706.0332077	+6.55,+15.6,+21.8,FA	+6.23,+39.0,+21.7,@A	+6.53,+23.6,+21.7,JA	+6.82,+7.5,+20.2,GB	+2.27,+268.8,+21.1,HB	+6.86,+6.0,+20.1,DB	
1700853768.043609	+6.55,+15.5,+21.8,EA	+6.23,+39.0,+21.8,OA	+6.53,+23.5,+21.8,FA	+6.82,+7.6,+20.2,DB	+2.27,+269.2,+21.1,CB	+6.86,+6.0,+20.1,DB	
1700853830.0549512	+6.55,+15.6,+21.8,FA	+6.23,+39.0,+21.7,@A	+6.53,+23.5,+21.8,FA	+6.82,+7.6,+20.2,DB	+2.26,+269.3,+21.1,CB	+6.86,+6.0,+20.1,DB	
1700853892.0632734	+6.55,+15.6,+21.8,FA	+6.23,+39.0,+21.7,@A	+6.53,+23.5,+21.7,IA	+6.82,+7.5,+20.2,GB	+2.26,+269.7,+21.1,GB	+6.86,+6.0,+20.1,DB	
1700853954.072229	+6.55,+15.5,+21.8,EA	+6.23,+39.0,+21.7,@A	+6.53,+23.6,+21.7,JA	+6.82,+7.6,+20.2,DB	+2.26,+269.3,+21.1,CB	+6.87,+6.0,+20.1,EB	
1700854016.0824673	+6.55,+15.6,+21.8,FA	+6.23,+38.9,+21.7,HA	+6.53,+23.6,+21.8,EA	+6.82,+7.6,+20.2,DB	+2.26,+269.3,+21.1,CB	+6.86,+6.0,+20.0,EB	
1700854078.0931044	+6.55,+15.5,+21.8,EA	+6.23,+38.9,+21.7,HA	+6.53,+23.5,+21.7,IA	+6.82,+7.6,+20.2,DB	+2.27,+269.3,+21.1,BB	+6.87,+6.0,+20.0,DB	
1700854140.103858	+6.55,+15.5,+21.7,JA	+6.23,+38.9,+21.7,HA	+6.53,+23.5,+21.8,FA	+6.82,+7.6,+20.1,GB	+2.27,+269.1,+21.0,AB	+6.87,+6.0,+20.0,DB	
1700854202.1127083	+6.55,+15.6,+21.7,IA	+6.23,+38.9,+21.7,HA	+6.53,+23.5,+21.7,IA	+6.82,+7.6,+20.1,GB	+2.26,+269.3,+21.1,CB	+6.87,+6.0,+20.0,DB	
1700854264.1229243	+6.55,+15.6,+21.8,FA	+6.23,+38.8,+21.7,IA	+6.53,+23.4,+21.7,HA	+6.82,+7.6,+20.1,GB	+2.27,+269.2,+21.0,BB	+6.86,+6.0,+20.0,EB	
1700854326.130359	+6.55,+15.6,+21.7,IA	+6.24,+38.8,+21.7,NA	+6.53,+23.5,+21.7,IA	+6.82,+7.6,+20.1,GB	+2.26,+269.3,+21.0,BB	+6.86,+6.0,+20.0,EB	
1700854388.1396198	+6.55,+15.6,+21.7,IA	+6.23,+38.9,+21.7,HA	+6.53,+23.4,+21.7,HA	+6.82,+7.6,+20.1,GB	+2.27,+269.2,+21.0,BB	+6.86,+6.0,+20.0,EB	
1700854450.1475582	+6.55,+15.6,+21.7,IA	+6.23,+38.9,+21.7,HA	+6.53,+23.5,+21.7,IA	+6.82,+7.6,+20.1,GB	+2.27,+269.0,+21.0,@B	+6.87,+6.0,+20.0,DB	
1700854512.1581764	+6.55,+15.6,+21.7,IA	+6.24,+38.8,+21.7,NA	+6.53,+23.5,+21.7,IA	+6.82,+7.6,+20.1,GB	+2.26,+269.3,+21.0,BB	+6.87,+6.0,+20.0,DB	
1700854574.1680603	+6.55,+15.6,+21.7,IA	+6.23,+38.9,+21.7,HA	+6.53,+23.5,+21.7,IA	+6.82,+7.6,+20.1,GB	+2.26,+269.7,+21.0,FB	+6.87,+6.0,+20.0,DB	
1700854636.1776552	+6.55,+15.5,+21.7,JA	+6.24,+38.8,+21.7,NA	+6.53,+23.5,+21.7,IA	+6.82,+7.6,+20.1,GB	+2.25,+269.8,+21.0,JB	+6.87,+6.0,+20.0,DB	
1700854698.1906338	+6.55,+15.6,+21.7,IA	+6.24,+38.8,+21.7,NA	+6.53,+23.5,+21.7,IA	+6.82,+7.6,+20.1,GB	+2.25,+269.9,+21.0,KB	+6.87,+6.0,+20.0,DB	
1700854760.2009716	+6.55,+15.6,+21.7,IA	+6.23,+38.9,+21.7,HA	+6.53,+23.5,+21.7,IA	+6.82,+7.6,+20.1,GB	+2.26,+269.6,+21.0,GB	+6.87,+6.0,+20.0,DB	
1700854822.2104056	+6.55,+15.5,+21.7,JA	+6.23,+38.9,+21.7,HA	+6.53,+23.5,+21.7,IA	+6.82,+7.6,+20.1,GB	+2.26,+269.5,+21.0,DB	+6.87,+6.0,+20.0,DB	
1700854884.2191458	+6.55,+15.6,+21.7,IA	+6.23,+38.9,+21.6,IA	+6.53,+23.4,+21.7,HA	+6.82,+7.5,+20.1,DB	+2.26,+269.5,+21.0,DB	+6.86,+6.0,+20.0,EB	
1700854946.229907	+6.55,+15.5,+21.7,JA	+6.24,+38.8,+21.7,NA	+6.53,+23.4,+21.6,IA	+6.82,+7.6,+20.1,GB	+2.26,+269.3,+21.0,BB	+6.87,+6.0,+20.0,DB	
1700855008.2408414	+6.55,+15.5,+21.7,JA	+6.23,+38.9,+21.7,HA	+6.53,+23.5,+21.7,IA	+6.82,+7.6,+20.1,GB	+2.26,+269.3,+21.0,BB	+6.87,+5.9,+19.9,MB	
1700855070.251251	+6.55,+15.6,+21.7,IA	+6.23,+38.9,+21.6,IA	+6.53,+23.5,+21.7,IA	+6.82,+7.6,+20.1,GB	+2.27,+269.1,+21.0,AB	+6.86,+6.0,+20.0,EB	
1700855132.261468	+6.55,+15.5,+21.7,JA	+6.23,+38.9,+21.6,IA	+6.53,+23.5,+21.6,HA	+6.82,+7.6,+20.1,GB	+2.26,+269.2,+21.0,CB	+6.87,+6.0,+20.0,DB	
1700855194.2705748	+6.55,+15.5,+21.7,JA	+6.23,+38.9,+21.6,IA	+6.53,+23.5,+21.7,IA	+6.82,+7.5,+20.1,DB	+2.26,+269.2,+21.0,CB	+6.87,+6.0,+19.9,GB	
1700855256.2799544	+6.55,+15.5,+21.7,JA	+6.23,+38.9,+21.6,IA	+6.53,+23.5,+21.6,HA	+6.82,+7.6,+20.1,GB	+2.26,+269.2,+21.0,CB	+6.87,+6.0,+19.9,GB	
1700855501.8417804	+6.55,+15.5,+21.7,JA	+6.23,+39.0,+21.6,AA	+6.53,+23.5,+21.6,HA	+6.82,+7.6,+20.0,FB	+2.27,+269.1,+21.0,AB	+6.87,+5.9,+19.9,MB	
1700855563.8523424	+6.55,+15.5,+21.7,JA	+6.23,+39.0,+21.6,AA	+6.53,+23.5,+21.6,HA	+6.82,+7.5,+20.0,EB	+2.27,+269.1,+21.0,AB	+6.87,+5.9,+19.9,MB	
1700855625.8600616	+6.55,+15.5,+21.7,JA	+6.23,+39.0,+21.6,AA	+6.53,+23.5,+21.6,HA	+6.82,+7.6,+20.0,FB	+2.26,+269.3,+21.0,BB	+6.87,+6.0,+19.9,GB	
1700855687.8688393	+6.55,+15.5,+21.7,JA	+6.23,+39.0,+21.6,AA	+6.53,+23.5,+21.6,HA	+6.82,+7.6,+20.0,FB	+2.26,+269.3,+20.9,JB	+6.87,+6.0,+19.9,GB	
1700855749.8779664	+6.55,+15.5,+21.6,KA	+6.23,+39.0,+21.6,AA	+6.53,+23.5,+21.6,HA	+6.82,+7.6,+20.0,FB	+2.26,+269.3,+21.0,BB	+6.87,+6.0,+19.9,GB	
1700855811.882902	+6.55,+15.5,+21.7,JA	+6.23,+38.9,+21.6,IA	+6.53,+23.5,+21.6,HA	+6.82,+7.6,+20.0,FB	+2.26,+269.3,+20.9,JB	+6.86,+6.0,+19.9,FB	
1700855873.8898919	+6.55,+15.5,+21.6,KA	+6.23,+39.0,+21.6,AA	+6.53,+23.4,+21.6,IA	+6.82,+7.6,+20.0,FB	+2.26,+269.2,+20.9,KB	+6.87,+6.0,+19.9,GB	
1700855935.8941512	+6.55,+15.5,+21.6,KA	+6.23,+39.0,+21.6,AA	+6.53,+23.5,+21.6,HA	+6.82,+7.6,+20.0,FB	+2.26,+269.4,+21.0,EB	+6.87,+6.0,+19.9,GB	
1700855997.9055395	+6.55,+15.5,+21.6,KA	+6.23,+39.0,+21.6,AA	+6.53,+23.5,+21.6,HA	+6.82,+7.6,+20.0,FB	+2.26,+269.2,+20.9,KB	+6.87,+6.0,+19.9,GB	
1700856059.9149475	+6.55,+15.5,+21.6,KA	+6.23,+39.1,+21.6,@A	+6.53,+23.5,+21.6,HA	+6.82,+7.6,+20.0,FB	+2.26,+269.3,+21.0,BB	+6.87,+6.0,+19.9,GB	
1700856121.9248695	+6.55,+15.5,+21.6,KA	+6.23,+39.0,+21.6,AA	+6.53,+23.5,+21.6,HA	+6.82,+7.6,+20.0,FB	+2.26,+269.3,+21.0,BB	+6.87,+6.0,+19.9,GB	
1700856183.9347122	+6.56,+15.4,+21.6,IA	+6.23,+39.0,+21.6,AA	+6.53,+23.5,+21.6,HA	+6.82,+7.6,+20.0,FB	+2.26,+269.6,+20.9,OB	+6.87,+6.0,+19.9,GB	
1700856245.9428513	+6.55,+15.5,+21.6,KA	+6.23,+39.0,+21.6,AA	+6.53,+23.5,+21.6,HA	+6.82,+7.5,+20.0,EB	+2.26,+269.3,+20.9,JB	+6.87,+6.0,+19.9,GB	
1700856307.9512923	+6.55,+15.5,+21.6,KA	+6.23,+38.9,+21.6,IA	+6.53,+23.5,+21.6,HA	+6.82,+7.6,+20.0,FB	+2.31,+266.5,+20.9,EB	+6.87,+6.0,+19.9,GB	
1700856369.9581332	+6.55,+15.5,+21.6,KA	+6.23,+39.0,+21.6,AA	+6.53,+23.5,+21.6,HA	+6.82,+7.5,+20.0,EB	+2.31,+266.5,+21.0,MB	+6.87,+5.9,+19.9,MB	
1700856431.9670472	+6.56,+15.4,+21.6,IA	+6.23,+39.0,+21.6,AA	+6.53,+23.4,+21.6,IA	+6.82,+7.6,+20.0,FB	+2.32,+265.7,+20.9,GB	+6.87,+6.0,+19.9,GB	
1700856493.9769855	+6.55,+15.6,+21.6,HA	+6.23,+39.0,+21.6,AA	+6.53,+23.4,+21.6,IA	+6.82,+7.6,+20.0,FB	+2.33,+265.7,+20.9,FB	+6.86,+6.0,+19.9,FB	
1700856555.9871924	+6.55,+15.5,+21.6,KA	+6.23,+39.0,+21.5,BA	+6.53,+23.5,+21.6,HA	+6.82,+7.5,+20.0,EB	+2.33,+265.6,+20.9,GB	+6.87,+6.0,+19.9,GB	
1700856617.996646	+6.55,+15.5,+21.6,KA	+6.23,+39.0,+21.6,AA	+6.53,+23.4,+21.6,IA	+6.82,+7.6,+20.0,FB	+2.33,+265.4,+20.9,EB	+6.87,+5.9,+19.9,MB	
1700856680.0056686	+6.55,+15.5,+21.6,KA	+6.23,+39.1,+21.6,@A	+6.53,+23.4,+21.6,IA	+6.82,+7.6,+20.0,FB	+2.33,+265.4,+20.9,EB	+6.87,+6.0,+19.9,GB	
1700856742.0132966	+6.55,+15.6,+21.6,HA	+6.23,+39.0,+21.6,AA	+6.53,+23.5,+21.6,HA	+6.82,+7.6,+20.0,FB	+2.33,+265.5,+20.9,DB	+6.87,+6.0,+19.9,GB	
1700856804.0199904	+6.55,+15.5,+21.6,KA	+6.23,+39.0,+21.6,AA	+6.53,+23.4,+21.6,IA	+6.82,+7.6,+20.0,FB	+2.32,+265.8,+20.9,HB	+6.86,+6.0,+19.8,GB	
1700856866.0272374	+6.55,+15.5,+21.6,KA	+6.23,+39.0,+21.5,BA	+6.53,+23.4,+21.5,JA	+6.82,+7.6,+20.0,FB	+2.32,+265.8,+20.9,HB	+6.87,+6.0,+19.9,GB	
1700856928.0370617	+6.55,+15.5,+21.6,KA	+6.23,+39.0,+21.5,BA	+6.53,+23.4,+21.5,JA	+6.82,+7.6,+20.0,FB	+2.32,+265.7,+20.9,GB	+6.87,+6.0,+19.8,FB	
1700856990.0456195	+6.55,+15.5,+21.6,KA	+6.23,+39.0,+21.6,AA	+6.53,+23.5,+21.5,KA	+6.82,+7.6,+20.0,FB	+2.32,+265.7,+20.9,GB	+6.87,+5.9,+19.8,LB	
1700857052.0554352	+6.55,+15.5,+21.6,KA	+6.23,+39.0,+21.5,BA	+6.53,+23.4,+21.5,JA	+6.82,+7.6,+20.0,FB	+2.32,+265.8,+20.9,HB	+6.86,+6.0,+19.8,GB	
1700857114.061707	+6.55,+15.5,+21.6,KA	+6.23,+39.0,+21.5,BA	+6.53,+23.5,+21.5,KA	+6.82,+7.6,+19.9,EB	+2.32,+266.0,+20.9,CB	+6.87,+6.0,+19.9,GB	
1700857176.0724723	+6.56,+15.5,+21.6,HA	+6.23,+39.1,+21.5,CA	+6.53,+23.4,+21.5,JA	+6.82,+7.6,+19.9,EB	+2.31,+266.3,+20.9,CB	+6.86,+6.0,+19.8,GB	
1700857238.0800474	+6.55,+15.5,+21.6,KA	+6.23,+39.0,+21.5,BA	+6.53,+23.5,+21.5,KA	+6.82,+7.6,+19.9,EB	+2.33,+265.4,+20.9,EB	+6.87,+6.0,+19.8,FB	
1700857300.086633	+6.55,+15.5,+21.6,KA	+6.23,+38.9,+21.5,JA	+6.53,+23.6,+21.5,HA	+6.82,+7.6,+19.9,EB	+2.33,+265.3,+20.9,BB	+6.87,+6.0,+19.8,FB	
1700857362.0950515	+6.55,+15.5,+21.6,KA	+6.23,+38.9,+21.5,JA	+6.53,+23.5,+21.5,KA	+6.82,+7.6,+20.0,FB	+2.33,+265.5,+20.9,DB	+6.86,+6.0,+19.8,GB	
1700857424.1052125	+6.55,+15.5,+21.6,KA	+6.23,+39.0,+21.5,BA	+6.53,+23.4,+21.5,JA	+6.82,+7.6,+20.0,FB	+2.33,+265.5,+20.9,DB	+6.86,+6.0,+19.8,GB	
1700857486.114384	+6.55,+15.5,+21.6,KA	+6.23,+39.0,+21.5,BA	+6.53,+23.5,+21.5,KA	+6.82,+7.6,+19.9,EB	+2.33,+265.4,+20.9,EB	+6.86,+6.0,+19.8,GB	
1700857548.1256845	+6.55,+15.5,+21.6,KA	+6.23,+39.0,+21.5,BA	+6.53,+23.4,+21.5,JA	+6.82,+7.6,+19.9,EB	+2.33,+265.2,+20.9,CB	+6.87,+6.0,+19.8,FB	
1700857610.132094	+6.55,+15.5,+21.6,KA	+6.23,+39.0,+21.5,BA	+6.53,+23.4,+21.5,JA	+6.82,+7.6,+19.9,EB	+2.33,+265.3,+20.9,BB	+6.87,+5.9,+19.8,LB	
1700857672.1365376	+6.55,+15.5,+21.6,KA	+6.23,+39.0,+21.5,BA	+6.53,+23.4,+21.5,JA	+6.82,+7.5,+19.9,FB	+2.33,+265.4,+20.9,EB	+6.86,+6.0,+19.8,GB	
1700857734.1432652	+6.55,+15.5,+21.6,KA	+6.23,+39.0,+21.5,BA	+6.53,+23.4,+21.5,JA	+6.82,+7.5,+19.9,FB	+2.33,+265.4,+20.9,EB	+6.87,+5.9,+19.8,LB	
1700857796.1521547	+6.55,+15.5,+21.6,KA	+6.23,+39.0,+21.5,BA	+6.53,+23.5,+21.5,KA	+6.82,+7.6,+19.9,EB	+2.34,+264.9,+20.9,NB	+6.87,+6.0,+19.8,FB	
1700857858.1626422	+6.55,+15.5,+21.5,HA	+6.23,+39.0,+21.5,BA	+6.53,+23.4,+21.5,JA	+6.82,+7.6,+19.9,EB	+2.34,+264.9,+20.9,NB	+6.87,+5.9,+19.8,LB	
1700857920.1715803	+6.55,+15.5,+21.6,KA	+6.23,+39.0,+21.5,BA	+6.53,+23.5,+21.5,KA	+6.82,+7.5,+19.9,FB	+2.34,+265.0,+20.9,FB	+6.87,+6.0,+19.8,FB	
1700857982.1808028	+6.55,+15.5,+21.5,HA	+6.23,+39.0,+21.5,BA	+6.53,+23.4,+21.5,JA	+6.82,+7.6,+19.9,EB	+2.33,+265.4,+20.9,EB	+6.87,+5.9,+19.8,LB	
1700858044.19027	+6.55,+15.5,+21.5,HA	+6.23,+39.0,+21.5,BA	+6.53,+23.4,+21.5,JA	+6.82,+7.6,+19.9,EB	+2.32,+265.7,+20.8,FB	+6.87,+6.0,+19.8,FB	
1700858106.1982434	+6.55,+15.5,+21.5,HA	+6.23,+39.1,+21.5,CA	+6.53,+23.4,+21.5,JA	+6.82,+7.6,+19.9,EB	+2.33,+265.6,+20.9,GB	+6.87,+6.0,+19.8,FB	
1700858168.2082295	+6.55,+15.5,+21.5,HA	+6.23,+39.0,+21.5,BA	+6.53,+23.4,+21.5,JA	+6.82,+7.6,+19.9,EB	+2.33,+265.1,+20.9,@B	+6.87,+6.0,+19.8,FB	
1700858230.2144096	+6.56,+15.4,+21.5,JA	+6.23,+39.1,+21.5,CA	+6.53,+23.4,+21.5,JA	+6.82,+7.6,+19.9,EB	+2.34,+264.7,+20.8,AB	+6.87,+6.0,+19.8,FB	
1700858292.2234023	+6.55,+15.5,+21.5,HA	+6.23,+39.0,+21.5,BA	+6.53,+23.4,+21.5,JA	+6.82,+7.6,+19.9,EB	+2.34,+264.7,+20.8,AB	+6.87,+6.0,+19.8,FB	
1700858354.2319975	+6.55,+15.5,+21.5,HA	+6.23,+39.0,+21.5,BA	+6.53,+23.4,+21.5,JA	+6.82,+7.5,+19.9,FB	+2.34,+264.7,+20.9,@B	+6.87,+6.0,+19.8,FB	
1700858416.2417037	+6.55,+15.5,+21.5,HA	+6.23,+39.0,+21.5,BA	+6.53,+23.4,+21.5,JA	+6.82,+7.6,+19.9,EB	+2.34,+264.8,+20.8,NB	+6.87,+6.0,+19.8,FB	
1700858478.2519593	+6.55,+15.5,+21.5,HA	+6.23,+39.0,+21.5,BA	+6.53,+23.4,+21.5,JA	+6.82,+7.7,+19.9,DB	+2.34,+264.7,+20.8,AB	+6.87,+6.0,+19.8,FB	
1700858540.2592852	+6.55,+15.5,+21.5,HA	+6.23,+39.0,+21.5,BA	+6.53,+23.4,+21.5,JA	+6.82,+7.6,+19.9,EB	+2.34,+264.9,+20.8,OB	+6.86,+6.0,+19.8,GB	
1700858602.2659857	+6.55,+15.5,+21.5,HA	+6.23,+39.0,+21.5,BA	+6.53,+23.4,+21.5,JA	+6.82,+7.6,+19.9,EB	+2.34,+265.0,+20.8,GB	+6.87,+6.0,+19.8,FB	
1700858664.2762072	+6.55,+15.5,+21.5,HA	+6.23,+39.0,+21.5,BA	+6.53,+23.5,+21.5,KA	+6.82,+7.6,+19.9,EB	+2.34,+264.9,+20.8,OB	+6.87,+6.0,+19.8,FB	
1700858726.2842145	+6.55,+15.5,+21.5,HA	+6.23,+39.0,+21.5,BA	+6.53,+23.5,+21.5,KA	+6.82,+7.6,+19.9,EB	+2.34,+264.8,+20.8,NB	+6.87,+6.0,+19.8,FB	
1700858788.2921848	+6.56,+15.4,+21.5,JA	+6.23,+39.0,+21.5,BA	+6.53,+23.5,+21.5,KA	+6.82,+7.6,+19.9,EB	+2.34,+264.5,+20.8,CB	+6.87,+5.9,+19.8,LB	
1700858850.2996976	+6.55,+15.5,+21.5,HA	+6.23,+39.0,+21.5,BA	+6.53,+23.4,+21.5,JA	+6.82,+7.6,+19.9,EB	+2.36,+263.8,+20.8,KB	+6.87,+5.9,+19.8,LB	
1700858912.3082936	+6.55,+15.5,+21.5,HA	+6.23,+39.0,+21.5,BA	+6.53,+23.5,+21.5,KA	+6.82,+7.7,+19.9,DB	+2.36,+263.8,+20.8,KB	+6.87,+5.9,+19.8,LB	
1700858974.3182502	+6.56,+15.4,+21.5,JA	+6.23,+39.0,+21.5,BA	+6.53,+23.4,+21.5,JA	+6.82,+7.6,+19.9,EB	+2.36,+263.8,+20.8,KB	+6.87,+5.9,+19.8,LB	
1700859036.3284056	+6.56,+15.4,+21.5,JA	+6.23,+39.0,+21.5,BA	+6.53,+23.4,+21.5,JA	+6.82,+7.6,+19.9,EB	+2.36,+263.7,+20.8,DB	+6.87,+5.9,+19.8,LB	
1700859098.335812	+6.56,+15.4,+21.5,JA	+6.23,+39.0,+21.5,BA	+6.53,+23.4,+21.5,JA	+6.82,+7.7,+19.9,DB	+2.36,+263.7,+20.8,DB	+6.87,+6.0,+19.8,FB	
1700859343.9261587	+6.55,+15.5,+21.5,HA	+6.23,+39.1,+21.4,BA	+6.53,+23.4,+21.5,JA	+6.82,+7.7,+19.9,DB	+2.39,+262.1,+20.8,LB	+6.87,+5.9,+19.8,LB	
1700859405.9371555	+6.56,+15.4,+21.5,JA	+6.23,+39.1,+21.5,CA	+6.53,+23.4,+21.5,JA	+6.82,+7.6,+19.9,EB	+2.38,+262.5,+20.8,IB	+6.87,+6.0,+19.8,FB	
1700859467.946749	+6.55,+15.5,+21.5,HA	+6.23,+39.0,+21.5,BA	+6.53,+23.4,+21.4,KA	+6.82,+7.6,+19.9,EB	+2.38,+262.6,+20.8,JB	+6.87,+6.0,+19.8,FB	
1700859529.9570823	+6.56,+15.4,+21.5,JA	+6.23,+39.1,+21.5,CA	+6.53,+23.4,+21.5,JA	+6.82,+7.7,+19.9,DB	+2.37,+262.7,+20.8,DB	+6.87,+5.9,+19.8,LB	
1700859591.9647076	+6.55,+15.5,+21.5,HA	+6.23,+39.1,+21.4,BA	+6.53,+23.4,+21.4,KA	+6.82,+7.6,+19.9,EB	+2.37,+262.9,+20.8,JB	+6.87,+6.0,+19.7,IB	
1700859653.9749107	+6.55,+15.5,+21.5,HA	+6.23,+39.0,+21.5,BA	+6.53,+23.4,+21.5,JA	+6.82,+7.6,+19.9,EB	+2.37,+262.8,+20.8,KB	+6.87,+5.9,+19.8,LB	
1700859715.982836	+6.56,+15.4,+21.5,JA	+6.23,+39.1,+21.5,CA	+6.53,+23.4,+21.5,JA	+6.82,+7.6,+19.9,EB	+2.37,+262.9,+20.8,JB	+6.87,+6.0,+19.7,IB	
1700859777.9966397	+6.56,+15.5,+21.5,KA	+6.23,+39.1,+21.4,BA	+6.53,+23.4,+21.5,JA	+6.82,+7.6,+19.8,DB	+2.37,+263.0,+20.8,BB	+6.87,+5.9,+19.7,CB	
1700859840.0072517	+6.56,+15.4,+21.5,JA	+6.23,+39.1,+21.4,BA	+6.53,+23.4,+21.5,JA	+6.82,+7.6,+19.8,DB	+2.37,+263.2,+20.8,@B	+6.87,+5.9,+19.7,CB	
1700859902.0161114	+6.56,+15.4,+21.5,JA	+6.23,+39.1,+21.4,BA	+6.53,+23.4,+21.4,KA	+6.82,+7.6,+19.8,DB	+2.36,+263.5,+20.8,FB	+6.87,+5.9,+19.8,LB	
1700859964.025855	+6.55,+15.5,+21.5,HA	+6.23,+39.1,+21.4,BA	+6.53,+23.4,+21.4,KA	+6.82,+7.6,+19.8,DB	+2.35,+263.8,+20.8,HB	+6.87,+6.0,+19.7,IB	
1700860026.034806	+6.56,+15.4,+21.5,JA	+6.23,+39.1,+21.4,BA	+6.53,+23.4,+21.4,KA	+6.82,+7.6,+19.9,EB	+2.35,+264.1,+20.8,FB	+6.87,+6.0,+19.7,IB	
1700860088.0450137	+6.55,+15.5,+21.5,HA	+6.23,+39.0,+21.4,CA	+6.53,+23.4,+21.5,JA	+6.82,+7.6,+19.8,DB	+2.35,+264.2,+20.8,EB	+6.87,+5.9,+19.7,CB	
1700860150.0529597	+6.56,+15.4,+21.5,JA	+6.23,+39.2,+21.4,AA	+6.53,+23.5,+21.4,JA	+6.82,+7.6,+19.8,DB	+2.35,+264.2,+20.8,EB	+6.87,+5.9,+19.7,CB	
1700860212.063189	+6.56,+15.4,+21.5,JA	+6.23,+39.1,+21.4,BA	+6.53,+23.5,+21.4,JA	+6.82,+7.6,+19.8,DB	+2.35,+264.3,+20.8,DB	+6.87,+6.0,+19.7,IB	
1700860274.0718815	+6.56,+15.4,+21.5,JA	+6.23,+39.1,+21.4,BA	+6.53,+23.4,+21.4,KA	+6.82,+7.6,+19.9,EB	+2.35,+264.3,+20.8,DB	+6.87,+5.9,+19.7,CB	
1700860336.0787938	+6.55,+15.5,+21.5,HA	+6.23,+39.1,+21.4,BA	+6.53,+23.4,+21.4,KA	+6.82,+7.6,+19.8,DB	+2.35,+264.4,+20.8,CB	+6.87,+5.9,+19.7,CB	
1700860398.0868459	+6.56,+15.4,+21.4,KA	+6.23,+39.1,+21.4,BA	+6.53,+23.4,+21.4,KA	+6.82,+7.6,+19.8,DB	+2.35,+264.3,+20.8,DB	+6.87,+5.9,+19.7,CB	
1700860460.0946915	+6.55,+15.5,+21.5,HA	+6.23,+39.1,+21.4,BA	+6.53,+23.4,+21.4,KA	+6.82,+7.6,+19.8,DB	+2.34,+264.4,+20.8,BB	+6.87,+5.9,+19.7,CB	
1700860522.1029363	+6.55,+15.5,+21.4,IA	+6.23,+39.1,+21.4,BA	+6.53,+23.4,+21.4,KA	+6.82,+7.6,+19.8,DB	+2.34,+264.4,+20.8,BB	+6.87,+5.9,+19.7,CB	
1700860584.1125147	+6.56,+15.4,+21.5,JA	+6.23,+39.2,+21.4,AA	+6.53,+23.4,+21.4,KA	+6.82,+7.6,+19.8,DB	+2.34,+264.4,+20.7,MB	+6.87,+5.9,+19.7,CB	
1700860646.1196122	+6.56,+15.4,+21.5,JA	+6.23,+39.1,+21.4,BA	+6.53,+23.4,+21.4,KA	+6.82,+7.6,+19.8,DB	+2.34,+264.5,+20.8,CB	+6.87,+5.9,+19.7,CB	
1700860708.1288981	+6.55,+15.5,+21.4,IA	+6.23,+39.1,+21.4,BA	+6.53,+23.4,+21.4,KA	+6.82,+7.6,+19.8,DB	+2.34,+264.4,+20.8,BB	+6.87,+5.9,+19.7,CB	
1700860770.136723	+6.55,+15.5,+21.5,HA	+6.23,+39.1,+21.4,BA	+6.53,+23.4,+21.4,KA	+6.82,+7.6,+19.8,DB	+2.34,+264.5,+20.8,CB	+6.87,+6.0,+19.7,IB	
1700860832.1461823	+6.56,+15.4,+21.5,JA	+6.23,+39.1,+21.4,BA	+6.53,+23.4,+21.4,KA	+6.82,+7.6,+19.8,DB	+2.34,+264.5,+20.7,LB	+6.87,+6.0,+19.7,IB	
1700860894.1526651	+6.55,+15.5,+21.5,HA	+6.23,+39.1,+21.4,BA	+6.53,+23.4,+21.4,KA	+6.82,+7.6,+19.8,DB	+2.34,+264.4,+20.7,MB	+6.87,+6.0,+19.7,IB	
1700860956.161205	+6.55,+15.5,+21.4,IA	+6.23,+39.1,+21.4,BA	+6.53,+23.4,+21.4,KA	+6.82,+7.6,+19.8,DB	+2.34,+264.5,+20.7,LB	+6.87,+5.9,+19.7,CB	
1700861018.1710722	+6.56,+15.4,+21.4,KA	+6.23,+39.2,+21.4,AA	+6.53,+23.4,+21.4,KA	+6.82,+7.6,+19.8,DB	+2.34,+264.7,+20.7,NB	+6.87,+6.0,+19.7,IB	
1700861080.1812549	+6.56,+15.5,+21.4,JA	+6.23,+39.3,+21.3,GA	+6.53,+23.4,+21.4,KA	+6.82,+7.6,+19.8,DB	+2.34,+264.7,+20.7,NB	+6.87,+5.9,+19.7,CB	
1700861142.1910315	+6.56,+15.4,+21.4,KA	+6.23,+39.2,+21.3,FA	+6.53,+23.4,+21.4,KA	+6.82,+7.6,+19.8,DB	+2.34,+264.6,+20.7,OB	+6.87,+5.9,+19.7,CB	
1700861204.2007926	+6.56,+15.4,+21.4,KA	+6.23,+39.2,+21.4,AA	+6.53,+23.4,+21.4,KA	+6.82,+7.6,+19.8,DB	+2.34,+264.5,+20.7,LB	+6.87,+6.0,+19.7,IB	
1700861266.2125335	+6.56,+15.4,+21.4,KA	+6.23,+39.2,+21.3,FA	+6.53,+23.4,+21.4,KA	+6.82,+7.6,+19.8,DB	+2.34,+264.5,+20.7,LB	+6.87,+5.9,+19.7,CB	
1700861328.2231112	+6.55,+15.5,+21.4,IA	+6.23,+39.2,+21.4,AA	+6.53,+23.4,+21.4,KA	+6.82,+7.6,+19.7,KB	+2.34,+264.6,+20.7,OB	+6.87,+5.9,+19.7,CB	
1700861390.2339754	+6.55,+15.5,+21.4,IA	+6.23,+39.2,+21.4,AA	+6.53,+23.4,+21.4,KA	+6.82,+7.6,+19.8,DB	+2.34,+264.8,+20.7,AB	+6.87,+5.9,+19.7,CB	
1700861452.242313	+6.56,+15.4,+21.4,KA	+6.23,+39.2,+21.4,AA	+6.53,+23.4,+21.4,KA	+6.82,+7.6,+19.8,DB	+2.34,+264.7,+20.7,NB	+6.87,+5.9,+19.7,CB	
1700861514.2500494	+6.55,+15.5,+21.4,IA	+6.23,+39.2,+21.4,AA	+6.53,+23.4,+21.4,KA	+6.82,+7.6,+19.8,DB	+2.34,+264.8,+20.7,AB	+6.87,+5.9,+19.7,CB	
1700861576.2584758	+6.55,+15.4,+21.4,HA	+6.23,+39.2,+21.3,FA	+6.53,+23.4,+21.4,KA	+6.82,+7.6,+19.8,DB	+2.34,+264.7,+20.7,NB	+6.87,+5.9,+19.7,CB	
1700861638.2684534	+6.56,+15.4,+21.4,KA	+6.23,+39.2,+21.3,FA	+6.53,+23.3,+21.3,KA	+6.82,+7.6,+19.8,DB	+2.34,+264.7,+20.7,NB	+6.87,+5.9,+19.7,CB	
1700861700.2777355	+6.56,+15.4,+21.4,KA	+6.23,+39.1,+21.3,EA	+6.53,+23.4,+21.4,KA	+6.82,+7.6,+19.8,DB	+2.34,+264.7,+20.7,NB	+6.87,+5.9,+19.7,CB	
1700861762.288005	+6.56,+15.4,+21.4,KA	+6.23,+39.1,+21.4,BA	+6.53,+23.4,+21.3,LA	+6.82,+7.6,+19.8,DB	+2.34,+264.8,+20.7,AB	+6.87,+5.9,+19.7,CB	
1700861824.298214	+6.56,+15.4,+21.4,KA	+6.23,+39.2,+21.3,FA	+6.53,+23.3,+21.4,LA	+6.82,+7.6,+19.7,KB	+2.34,+264.7,+20.7,NB	+6.87,+5.9,+19.6,BB	
1700861886.3078244	+6.56,+15.4,+21.4,KA	+6.23,+39.1,+21.3,EA	+6.53,+23.3,+21.3,KA	+6.82,+7.6,+19.8,DB	+2.34,+264.8,+20.7,AB	+6.87,+6.0,+19.7,IB	
1700861948.3180997	+6.55,+15.5,+21.4,IA	+6.23,+39.2,+21.3,FA	+6.53,+23.4,+21.4,KA	+6.82,+7.5,+19.7,HB	+2.34,+264.8,+20.7,AB	+6.87,+6.0,+19.6,HB	
1700862010.327786	+6.56,+15.4,+21.4,KA	+6.23,+39.1,+21.3,EA	+6.53,+23.3,+21.3,KA	+6.82,+7.7,+19.8,EB	+2.34,+264.8,+20.7,AB	+6.87,+5.9,+19.6,BB	
1700862072.3356984	+6.56,+15.4,+21.4,KA	+6.23,+39.1,+21.3,EA	+6.53,+23.3,+21.3,KA	+6.82,+7.6,+19.7,KB	+2.34,+264.7,+20.7,NB	+6.87,+5.9,+19.6,BB	
1700862134.345214	+6.56,+15.4,+21.4,KA	+6.23,+39.2,+21.3,FA	+6.53,+23.4,+21.3,LA	+6.82,+7.6,+19.7,KB	+2.34,+264.7,+20.7,NB	+6.87,+5.9,+19.6,BB	
1700862196.3541043	+6.56,+15.4,+21.4,KA	+6.23,+39.1,+21.3,EA	+6.53,+23.4,+21.3,LA	+6.82,+7.6,+19.7,KB	+2.34,+264.7,+20.7,NB	+6.87,+6.0,+19.6,HB	
1700862258.3645182	+6.56,+15.4,+21.4,KA	+6.23,+39.2,+21.3,FA	+6.53,+23.4,+21.3,LA	+6.82,+7.6,+19.7,KB	+2.34,+264.7,+20.7,NB	+6.87,+5.9,+19.6,BB	
1700862320.3783119	+6.56,+15.4,+21.4,KA	+6.23,+39.2,+21.3,FA	+6.53,+23.5,+21.3,MA	+6.82,+7.6,+19.7,KB	+2.34,+264.7,+20.7,NB	+6.87,+5.9,+19.6,BB	
1700862382.3882465	+6.56,+15.4,+21.4,KA	+6.23,+39.2,+21.3,FA	+6.53,+23.4,+21.3,LA	+6.82,+7.6,+19.7,KB	+2.34,+264.6,+20.7,OB	+6.87,+5.9,+19.6,BB	
1700862444.3971262	+6.56,+15.3,+21.4,LA	+6.23,+39.2,+21.3,FA	+6.53,+23.3,+21.3,KA	+6.82,+7.6,+19.7,KB	+2.34,+264.4,+20.7,MB	+6.87,+5.9,+19.6,BB	
1700862506.4037192	+6.56,+15.4,+21.4,KA	+6.23,+39.2,+21.3,FA	+6.53,+23.4,+21.3,LA	+6.82,+7.6,+19.7,KB	+2.34,+264.3,+20.7,JB	+6.87,+5.9,+19.6,BB	
1700862568.4130583	+6.55,+15.5,+21.4,IA	+6.23,+39.2,+21.3,FA	+6.53,+23.3,+21.3,KA	+6.82,+7.6,+19.7,KB	+2.34,+264.4,+20.7,MB	+6.87,+5.9,+19.6,BB	
1700862630.4219754	+6.56,+15.4,+21.4,KA	+6.23,+39.2,+21.3,FA	+6.53,+23.3,+21.3,KA	+6.82,+7.6,+19.7,KB	+2.34,+264.3,+20.7,JB	+6.87,+5.9,+19.6,BB	
1700862692.4309523	+6.56,+15.4,+21.3,LA	+6.23,+39.2,+21.3,FA	+6.53,+23.3,+21.3,KA	+6.82,+7.6,+19.7,KB	+2.34,+264.3,+20.7,JB	+6.87,+5.9,+19.6,BB	
1700862754.437211	+6.56,+15.4,+21.4,KA	+6.23,+39.2,+21.3,FA	+6.53,+23.4,+21.3,LA	+6.82,+7.6,+19.7,KB	+2.34,+264.4,+20.7,MB	+6.87,+5.9,+19.6,BB	
1700862816.4471743	+6.56,+15.4,+21.3,LA	+6.23,+39.2,+21.3,FA	+6.53,+23.4,+21.3,LA	+6.82,+7.6,+19.7,KB	+2.34,+264.4,+20.7,MB	+6.87,+5.9,+19.6,BB	
1700862878.4573038	+6.56,+15.4,+21.3,LA	+6.23,+39.2,+21.3,FA	+6.53,+23.3,+21.3,KA	+6.82,+7.6,+19.7,KB	+2.34,+264.4,+20.6,LB	+6.87,+5.9,+19.6,BB	
1700862940.461301	+6.56,+15.4,+21.4,KA	+6.23,+39.2,+21.3,FA	+6.53,+23.3,+21.3,KA	+6.82,+7.6,+19.7,KB	+2.34,+264.5,+20.7,LB	+6.87,+5.9,+19.6,BB	
1700863186.0282438	+6.56,+15.4,+21.3,LA	+6.23,+39.2,+21.3,FA	+6.53,+23.4,+21.3,LA	+6.82,+7.6,+19.7,KB	+2.35,+264.1,+20.7,IB	+6.87,+5.9,+19.6,BB	
1700863248.0378804	+6.56,+15.4,+21.3,LA	+6.23,+39.3,+21.3,GA	+6.53,+23.4,+21.3,LA	+6.82,+7.6,+19.7,KB	+2.34,+264.3,+20.6,KB	+6.87,+5.9,+19.6,BB	
1700863310.0483644	+6.56,+15.4,+21.3,LA	+6.23,+39.2,+21.3,FA	+6.53,+23.4,+21.3,LA	+6.82,+7.6,+19.7,KB	+2.34,+264.5,+20.6,MB	+6.87,+5.9,+19.6,BB	
1700863372.0591884	+6.56,+15.4,+21.3,LA	+6.23,+39.2,+21.2,GA	+6.53,+23.3,+21.3,KA	+6.82,+7.6,+19.7,KB	+2.34,+264.5,+20.6,MB	+6.87,+5.9,+19.5,AB	
1700863434.0673947	+6.56,+15.3,+21.3,KA	+6.23,+39.3,+21.2,FA	+6.53,+23.3,+21.3,KA	+6.82,+7.7,+19.7,JB	+2.34,+264.5,+20.6,MB	+6.87,+5.9,+19.5,AB	
1700863496.0752013	+6.56,+15.4,+21.3,LA	+6.23,+39.3,+21.2,FA	+6.53,+23.3,+21.2,JA	+6.82,+7.6,+19.7,KB	+2.34,+264.4,+20.6,LB	+6.87,+5.9,+19.6,BB	
1700863558.0827231	+6.56,+15.4,+21.3,LA	+6.23,+39.2,+21.2,GA	+6.53,+23.3,+21.3,KA	+6.82,+7.6,+19.7,KB	+2.34,+264.4,+20.6,LB	+6.87,+5.9,+19.6,BB	
1700863620.09277	+6.56,+15.4,+21.3,LA	+6.23,+39.3,+21.2,FA	+6.53,+23.4,+21.3,LA	+6.82,+7.6,+19.7,KB	+2.34,+264.4,+20.6,LB	+6.87,+5.9,+19.5,AB	
1700863682.103082	+6.56,+15.4,+21.3,LA	+6.23,+39.3,+21.2,FA	+6.53,+23.4,+21.3,LA	+6.82,+7.6,+19.6,JB	+2.34,+264.4,+20.6,LB	+6.87,+5.9,+19.5,AB	
1700863744.1136212	+6.56,+15.4,+21.3,LA	+6.23,+39.2,+21.2,GA	+6.53,+23.3,+21.2,JA	+6.82,+7.7,+19.6,KB	+2.34,+264.4,+20.6,LB	+6.87,+5.9,+19.5,AB	
1700863806.1227028	+6.56,+15.4,+21.3,LA	+6.23,+39.3,+21.2,FA	+6.53,+23.3,+21.2,JA	+6.82,+7.6,+19.6,JB	+2.34,+264.3,+20.6,KB	+6.87,+5.9,+19.5,AB	
1700863868.132695	+6.56,+15.3,+21.3,KA	+6.23,+39.3,+21.2,FA	+6.53,+23.3,+21.3,KA	+6.82,+7.6,+19.6,JB	+2.34,+264.4,+20.6,LB	+6.87,+5.9,+19.5,AB	
1700863930.1427855	+6.56,+15.4,+21.3,LA	+6.23,+39.3,+21.2,FA	+6.53,+23.3,+21.2,JA	+6.82,+7.6,+19.7,KB	+2.34,+264.4,+20.6,LB	+6.87,+5.9,+19.5,AB	
1700863992.1490607	+6.56,+15.4,+21.3,LA	+6.23,+39.3,+21.2,FA	+6.53,+23.4,+21.2,MA	+6.82,+7.6,+19.6,JB	+2.34,+264.3,+20.6,KB	+6.87,+5.9,+19.5,AB	
1700864054.159756	+6.56,+15.4,+21.3,LA	+6.23,+39.3,+21.2,FA	+6.53,+23.3,+21.2,JA	+6.82,+7.6,+19.6,JB	+2.34,+264.4,+20.6,LB	+6.87,+6.0,+19.5,KB	
1700864116.1688168	+6.56,+15.4,+21.3,LA	+6.23,+39.3,+21.2,FA	+6.53,+23.4,+21.2,MA	+6.82,+7.6,+19.6,JB	+2.34,+264.3,+20.6,KB	+6.87,+5.9,+19.5,AB	
1700864178.1779456	+6.56,+15.4,+21.3,LA	+6.23,+39.3,+21.2,FA	+6.53,+23.4,+21.2,MA	+6.82,+7.6,+19.6,JB	+2.34,+264.3,+20.6,KB	+6.87,+5.9,+19.5,AB	
1700864240.1869333	+6.56,+15.4,+21.3,LA	+6.22,+39.4,+21.2,@A	+6.53,+23.3,+21.2,JA	+6.82,+7.6,+19.6,JB	+2.34,+264.3,+20.6,KB	+6.87,+5.8,+19.5,@B	
1700864302.197606	+6.56,+15.4,+21.3,LA	+6.23,+39.3,+21.2,FA	+6.53,+23.3,+21.2,JA	+6.82,+7.6,+19.6,JB	+2.34,+264.3,+20.6,KB	+6.87,+5.9,+19.5,AB	
1700864364.2091985	+6.56,+15.3,+21.3,KA	+6.23,+39.3,+21.2,FA	+6.53,+23.3,+21.2,JA	+6.82,+7.6,+19.6,JB	+2.34,+264.3,+20.6,KB	+6.87,+5.9,+19.5,AB	
1700864426.2154064	+6.56,+15.4,+21.3,LA	+6.23,+39.3,+21.2,FA	+6.53,+23.3,+21.2,JA	+6.82,+7.6,+19.6,JB	+2.34,+264.3,+20.6,KB	+6.87,+5.9,+19.5,AB	
1700864488.2262042	+6.56,+15.4,+21.3,LA	+6.23,+39.3,+21.2,FA	+6.53,+23.3,+21.2,JA	+6.82,+7.6,+19.6,JB	+2.34,+264.3,+20.6,KB	+6.87,+5.9,+19.5,AB	
1700864550.237069	+6.56,+15.4,+21.3,LA	+6.23,+39.3,+21.2,FA	+6.53,+23.4,+21.2,MA	+6.82,+7.6,+19.6,JB	+2.35,+264.2,+20.6,KB	+6.87,+5.9,+19.5,AB	
1700864612.246701	+6.56,+15.4,+21.3,LA	+6.23,+39.3,+21.2,FA	+6.53,+23.3,+21.2,JA	+6.82,+7.6,+19.6,JB	+2.37,+263.0,+20.6,LB	+6.87,+5.9,+19.5,AB	
1700864674.2571673	+6.56,+15.4,+21.2,MA	+6.23,+39.3,+21.2,FA	+6.53,+23.3,+21.2,JA	+6.82,+7.6,+19.6,JB	+2.36,+263.1,+20.6,LB	+6.87,+5.9,+19.5,AB	
1700864736.267673	+6.56,+15.3,+21.3,KA	+6.23,+39.3,+21.2,FA	+6.53,+23.3,+21.2,JA	+6.82,+7.6,+19.6,JB	+2.36,+263.1,+20.6,LB	+6.87,+5.8,+19.5,@B	
1700864798.274812	+6.56,+15.4,+21.2,MA	+6.23,+39.3,+21.2,FA	+6.53,+23.3,+21.2,JA	+6.82,+7.6,+19.6,JB	+2.36,+263.5,+20.6,HB	+6.87,+5.9,+19.5,AB	
1700864860.2839549	+6.56,+15.4,+21.3,LA	+6.23,+39.3,+21.2,FA	+6.53,+23.4,+21.2,MA	+6.82,+7.6,+19.6,JB	+2.36,+263.5,+20.6,HB	+6.87,+5.9,+19.5,AB	
1700864922.292816	+6.56,+15.4,+21.3,LA	+6.23,+39.3,+21.2,FA	+6.53,+23.3,+21.2,JA	+6.82,+7.6,+19.6,JB	+2.35,+263.7,+20.6,IB	+6.87,+5.9,+19.5,AB	
1700864984.3049603	+6.56,+15.4,+21.2,MA	+6.22,+39.4,+21.2,@A	+6.53,+23.3,+21.2,JA	+6.82,+7.6,+19.6,JB	+2.35,+264.1,+20.6,HB	+6.87,+5.8,+19.5,@B	
1700865046.3133945	+6.56,+15.4,+21.2,MA	+6.23,+39.3,+21.2,FA	+6.53,+23.2,+21.2,KA	+6.82,+7.6,+19.6,JB	+2.35,+264.0,+20.6,IB	+6.87,+5.9,+19.5,AB	
1700865108.3213851	+6.56,+15.3,+21.3,KA	+6.23,+39.2,+21.2,GA	+6.53,+23.3,+21.2,JA	+6.82,+7.6,+19.6,JB	+2.35,+263.9,+20.6,GB	+6.87,+5.9,+19.5,AB	
1700865170.331716	+6.56,+15.4,+21.3,LA	+6.22,+39.4,+21.2,@A	+6.53,+23.3,+21.2,JA	+6.82,+7.6,+19.6,JB	+2.35,+263.9,+20.6,GB	+6.87,+5.8,+19.5,@B	
1700865232.3401368	+6.56,+15.4,+21.2,MA	+6.22,+39.4,+21.2,@A	+6.53,+23.3,+21.2,JA	+6.82,+7.6,+19.6,JB	+2.35,+264.0,+20.6,IB	+6.87,+5.9,+19.5,AB	
1700865294.3457017	+6.56,+15.3,+21.2,JA	+6.23,+39.3,+21.2,FA	+6.53,+23.4,+21.2,MA	+6.82,+7.6,+19.6,JB	+2.35,+263.9,+20.5,DB	+6.87,+5.9,+19.4,@B	
1700865356.3529341	+6.56,+15.3,+21.2,JA	+6.22,+39.4,+21.2,@A	+6.53,+23.4,+21.2,MA	+6.82,+7.6,+19.6,JB	+2.35,+263.9,+20.5,DB	+6.87,+5.9,+19.5,AB	
1700865418.359964	+6.56,+15.4,+21.3,LA	+6.23,+39.3,+21.2,FA	+6.53,+23.4,+21.2,MA	+6.82,+7.6,+19.6,JB	+2.35,+264.1,+20.5,KB	+6.87,+5.9,+19.5,AB	
1700865480.3693206	+6.56,+15.3,+21.2,JA	+6.22,+39.4,+21.2,@A	+6.53,+23.3,+21.2,JA	+6.82,+7.6,+19.6,JB	+2.35,+264.1,+20.6,HB	+6.87,+5.9,+19.5,AB	
1700865542.378648	+6.56,+15.3,+21.3,KA	+6.23,+39.3,+21.2,FA	+6.53,+23.3,+21.2,JA	+6.82,+7.6,+19.6,JB	+2.35,+264.1,+20.6,HB	+6.87,+5.8,+19.5,@B	
1700865604.3880703	+6.56,+15.4,+21.2,MA	+6.22,+39.4,+21.2,@A	+6.53,+23.3,+21.2,JA	+6.82,+7.6,+19.6,JB	+2.35,+263.9,+20.5,DB	+6.87,+5.9,+19.5,AB	
1700865666.3992105	+6.56,+15.3,+21.2,JA	+6.23,+39.3,+21.2,FA	+6.53,+23.3,+21.2,JA	+6.82,+7.6,+19.6,JB	+2.35,+263.9,+20.5,DB	+6.87,+5.9,+19.5,AB	
1700865728.4091394	+6.56,+15.4,+21.2,MA	+6.22,+39.4,+21.1,CA	+6.53,+23.3,+21.2,JA	+6.82,+7.6,+19.6,JB	+2.35,+263.9,+20.5,DB	+6.87,+5.9,+19.5,AB	
1700865790.4207103	+6.56,+15.3,+21.2,JA	+6.22,+39.4,+21.2,@A	+6.53,+23.3,+21.2,JA	+6.82,+7.6,+19.6,JB	+2.35,+263.8,+20.5,EB	+6.87,+5.8,+19.5,@B	
1700865852.428848	+6.56,+15.3,+21.2,JA	+6.23,+39.3,+21.2,FA	+6.53,+23.3,+21.2,JA	+6.82,+7.6,+19.6,JB	+2.35,+263.9,+20.5,DB	+6.87,+5.9,+19.5,AB	
1700865914.4381258	+6.56,+15.4,+21.3,LA	+6.23,+39.3,+21.2,FA	+6.53,+23.4,+21.2,MA	+6.82,+7.6,+19.6,JB	+2.35,+263.9,+20.5,DB	+6.87,+5.9,+19.5,AB	
1700865976.4468122	+6.56,+15.3,+21.2,JA	+6.23,+39.2,+21.2,GA	+6.53,+23.3,+21.2,JA	+6.82,+7.6,+19.6,JB	+2.35,+263.8,+20.5,EB	+6.87,+5.9,+19.5,AB	
1700866038.4526203	+6.56,+15.4,+21.2,MA	+6.23,+39.3,+21.2,FA	+6.53,+23.3,+21.2,JA	+6.82,+7.6,+19.6,JB	+2.35,+263.9,+20.5,DB	+6.87,+5.8,+19.5,@B	
1700866100.463329	+6.56,+15.4,+21.2,MA	+6.23,+39.3,+21.2,FA	+6.53,+23.3,+21.2,JA	+6.82,+7.6,+19.6,JB	+2.35,+263.9,+20.5,DB	+6.87,+5.8,+19.5,@B	
1700866162.4706995	+6.56,+15.3,+21.2,JA	+6.23,+39.3,+21.2,FA	+6.53,+23.3,+21.2,JA	+6.82,+7.6,+19.6,JB	+2.35,+263.9,+20.5,DB	+6.87,+5.9,+19.5,AB	
1700866224.4797037	+6.56,+15.4,+21.3,LA	+6.23,+39.3,+21.2,FA	+6.53,+23.3,+21.2,JA	+6.82,+7.6,+19.6,JB	+2.35,+263.9,+20.5,DB	+6.87,+5.8,+19.5,@B	
1700866286.4879162	+6.56,+15.3,+21.3,KA	+6.23,+39.3,+21.2,FA	+6.53,+23.3,+21.2,JA	+6.82,+7.6,+19.6,JB	+2.35,+263.9,+20.5,DB	+6.87,+5.8,+19.5,@B	
1700866348.496711	+6.56,+15.3,+21.2,JA	+6.23,+39.3,+21.2,FA	+6.53,+23.3,+21.2,JA	+6.82,+7.6,+19.6,JB	+2.35,+263.8,+20.5,EB	+6.87,+5.8,+19.5,@B	
1700866410.5074742	+6.56,+15.4,+21.2,MA	+6.23,+39.2,+21.2,GA	+6.53,+23.3,+21.2,JA	+6.82,+7.6,+19.6,JB	+2.35,+263.9,+20.5,DB	+6.87,+5.9,+19.5,AB	
1700866472.516169	+6.56,+15.4,+21.3,LA	+6.23,+39.2,+21.2,GA	+6.53,+23.3,+21.2,JA	+6.82,+7.5,+19.6,IB	+2.35,+263.8,+20.5,EB	+6.87,+5.9,+19.5,AB	
1700866534.5266268	+6.56,+15.3,+21.2,JA	+6.23,+39.3,+21.1,EA	+6.53,+23.2,+21.2,KA	+6.82,+7.6,+19.6,JB	+2.35,+263.8,+20.5,EB	+6.87,+5.9,+19.5,AB	
1700866596.5369854	+6.56,+15.3,+21.2,JA	+6.23,+39.3,+21.2,FA	+6.53,+23.3,+21.2,JA	+6.82,+7.6,+19.6,JB	+2.35,+263.8,+20.5,EB	+6.87,+5.8,+19.5,@B	
1700866658.546807	+6.56,+15.3,+21.2,JA	+6.23,+39.3,+21.2,FA	+6.53,+23.3,+21.2,JA	+6.82,+7.6,+19.6,JB	+2.35,+263.7,+20.5,JB	+6.87,+5.9,+19.5,AB	
1700866720.5566747	+6.56,+15.3,+21.3,KA	+6.23,+39.3,+21.2,FA	+6.53,+23.3,+21.2,JA	+6.82,+7.6,+19.6,JB	+2.35,+263.8,+20.5,EB	+6.87,+5.9,+19.5,AB	
1700866782.5654283	+6.56,+15.3,+21.2,JA	+6.23,+39.3,+21.2,FA	+6.53,+23.3,+21.2,JA	+6.82,+7.6,+19.6,JB	+2.35,+263.7,+20.5,JB	+6.87,+5.9,+19.5,AB	
1700867028.1103687	+6.56,+15.4,+21.2,MA	+6.23,+39.3,+21.2,FA	+6.53,+23.2,+21.2,KA	+6.82,+7.6,+19.6,JB	+2.36,+263.4,+20.5,JB	+6.87,+5.9,+19.5,AB	
1700867090.1200776	+6.56,+15.4,+21.2,MA	+6.23,+39.3,+21.2,FA	+6.53,+23.3,+21.2,JA	+6.82,+7.6,+19.6,JB	+2.35,+263.7,+20.5,JB	+6.87,+5.9,+19.5,AB	
1700867152.1299214	+6.56,+15.3,+21.2,JA	+6.23,+39.3,+21.2,FA	+6.53,+23.3,+21.2,JA	+6.82,+7.5,+19.6,IB	+2.35,+263.8,+20.5,EB	+6.87,+5.9,+19.5,AB	
1700867214.135815	+6.56,+15.3,+21.3,KA	+6.23,+39.3,+21.2,FA	+6.53,+23.3,+21.2,JA	+6.82,+7.6,+19.6,JB	+2.35,+263.8,+20.5,EB	+6.87,+5.9,+19.5,AB	
1700867276.142786	+6.56,+15.4,+21.2,MA	+6.23,+39.3,+21.2,FA	+6.53,+23.3,+21.2,JA	+6.82,+7.6,+19.6,JB	+2.35,+263.8,+20.5,EB	+6.87,+5.9,+19.5,AB	
1700867338.1533785	+6.56,+15.4,+21.2,MA	+6.22,+39.4,+21.2,@A	+6.53,+23.3,+21.2,JA	+6.82,+7.6,+19.6,JB	+2.35,+263.8,+20.5,EB	+6.87,+5.9,+19.5,AB	
1700867400.1609244	+6.56,+15.4,+21.3,LA	+6.23,+39.3,+21.2,FA	+6.53,+23.3,+21.2,JA	+6.82,+7.6,+19.6,JB	+2.35,+263.8,+20.5,EB	+6.87,+5.9,+19.5,AB	
1700867462.1691074	+6.56,+15.3,+21.2,JA	+6.23,+39.3,+21.2,FA	+6.53,+23.3,+21.2,JA	+6.82,+7.6,+19.6,JB	+2.35,+263.8,+20.5,EB	+6.87,+5.8,+19.5,@B	
1700867524.177426	+6.56,+15.4,+21.3,LA	+6.23,+39.3,+21.2,FA	+6.53,+23.3,+21.2,JA	+6.82,+7.6,+19.6,JB	+2.35,+263.9,+20.5,DB	+6.87,+5.9,+19.5,AB	
1700867586.1858888	+6.56,+15.3,+21.3,KA	+6.23,+39.3,+21.2,FA	+6.53,+23.3,+21.2,JA	+6.82,+7.6,+19.6,JB	+2.35,+263.9,+20.5,DB	+6.87,+5.9,+19.6,BB	
1700867648.1921723	+6.56,+15.4,+21.3,LA	+6.23,+39.2,+21.2,GA	+6.53,+23.3,+21.3,KA	+6.82,+7.7,+19.6,KB	+2.35,+263.9,+20.5,DB	+6.87,+5.9,+19.6,BB	
1700867710.2017455	+6.56,+15.3,+21.3,KA	+6.23,+39.2,+21.2,GA	+6.53,+23.3,+21.3,KA	+6.82,+7.6,+19.6,JB	+2.35,+263.8,+20.5,EB	+6.87,+5.8,+19.5,@B	
1700867772.2103097	+6.56,+15.4,+21.3,LA	+6.22,+39.4,+21.2,@A	+6.53,+23.3,+21.2,JA	+6.82,+7.6,+19.6,JB	+2.35,+263.9,+20.5,DB	+6.87,+5.8,+19.6,CB	
1700867834.2209277	+6.56,+15.4,+21.3,LA	+6.23,+39.3,+21.2,FA	+6.53,+23.5,+21.3,MA	+6.82,+7.6,+19.6,JB	+2.35,+264.0,+20.5,JB	+6.87,+5.8,+19.6,CB	
1700867896.2307498	+6.56,+15.3,+21.3,KA	+6.23,+39.3,+21.2,FA	+6.53,+23.4,+21.3,LA	+6.82,+7.6,+19.6,JB	+2.35,+264.1,+20.5,KB	+6.87,+5.8,+19.6,CB	
1700867958.2401068	+6.56,+15.4,+21.3,LA	+6.23,+39.3,+21.2,FA	+6.53,+23.3,+21.3,KA	+6.82,+7.6,+19.6,JB	+2.35,+264.0,+20.5,JB	+6.87,+5.9,+19.6,BB	
1700868020.2513294	+6.56,+15.3,+21.3,KA	+6.23,+39.3,+21.2,FA	+6.53,+23.4,+21.3,LA	+6.82,+7.6,+19.7,KB	+2.35,+264.1,+20.5,KB	+6.87,+5.8,+19.6,CB	
1700868082.2600527	+6.56,+15.3,+21.3,KA	+6.23,+39.3,+21.2,FA	+6.53,+23.4,+21.3,LA	+6.82,+7.5,+19.6,IB	+2.34,+264.2,+20.5,IB	+6.87,+5.9,+19.6,BB	
1700868144.2704325	+6.56,+15.4,+21.3,LA	+6.22,+39.4,+21.2,@A	+6.53,+23.4,+21.3,LA	+6.82,+7.5,+19.7,HB	+2.34,+264.3,+20.5,HB	+6.87,+5.8,+19.6,CB	
1700868206.2810154	+6.56,+15.4,+21.3,LA	+6.23,+39.3,+21.2,FA	+6.53,+23.3,+21.3,KA	+6.82,+7.6,+19.7,KB	+2.34,+264.2,+20.5,IB	+6.87,+5.8,+19.6,CB	
1700868268.2912672	+6.56,+15.3,+21.3,KA	+6.23,+39.3,+21.2,FA	+6.53,+23.4,+21.3,LA	+6.82,+7.6,+19.7,KB	+2.34,+264.3,+20.5,HB	+6.87,+5.8,+19.6,CB	
1700868330.3005295	+6.56,+15.3,+21.3,KA	+6.23,+39.3,+21.2,FA	+6.53,+23.3,+21.3,KA	+6.82,+7.6,+19.7,KB	+2.34,+264.3,+20.5,HB	+6.87,+5.8,+19.6,CB	
1700868392.3102868	+6.56,+15.4,+21.3,LA	+6.22,+39.4,+21.2,@A	+6.53,+23.3,+21.3,KA	+6.82,+7.6,+19.7,KB	+2.34,+264.2,+20.5,IB	+6.87,+5.8,+19.6,CB	
1700868454.3206859	+6.56,+15.4,+21.3,LA	+6.23,+39.3,+21.3,GA	+6.53,+23.3,+21.3,KA	+6.82,+7.6,+19.7,KB	+2.34,+264.4,+20.5,OB	+6.87,+5.8,+19.6,CB	
1700868516.3291168	+6.56,+15.4,+21.3,LA	+6.23,+39.3,+21.3,GA	+6.53,+23.4,+21.3,LA	+6.82,+7.6,+19.7,KB	+2.34,+264.3,+20.5,HB	+6.87,+5.8,+19.6,CB	
1700868578.3387835	+6.56,+15.4,+21.3,LA	+6.23,+39.3,+21.3,GA	+6.53,+23.3,+21.3,KA	+6.82,+7.6,+19.7,KB	+2.34,+264.4,+20.5,OB	+6.87,+5.9,+19.6,BB	
1700868640.3467422	+6.56,+15.4,+21.3,LA	+6.23,+39.3,+21.2,FA	+6.53,+23.3,+21.3,KA	+6.82,+7.6,+19.7,KB	+2.34,+264.4,+20.5,OB	+6.87,+5.9,+19.6,BB	
1700868702.3556435	+6.56,+15.4,+21.3,LA	+6.23,+39.3,+21.3,GA	+6.53,+23.4,+21.3,LA	+6.82,+7.6,+19.7,KB	+2.34,+264.4,+20.5,OB	+6.87,+5.9,+19.6,BB	
1700868764.366424	+6.56,+15.3,+21.3,KA	+6.23,+39.3,+21.3,GA	+6.53,+23.4,+21.3,LA	+6.82,+7.6,+19.7,KB	+2.34,+264.4,+20.5,OB	+6.87,+5.8,+19.6,CB	
1700868826.37164	+6.56,+15.3,+21.3,KA	+6.23,+39.3,+21.3,GA	+6.53,+23.4,+21.3,LA	+6.82,+7.6,+19.7,KB	+2.34,+264.4,+20.5,OB	+6.87,+5.8,+19.6,CB	
1700868888.3809676	+6.56,+15.4,+21.3,LA	+6.23,+39.3,+21.2,FA	+6.53,+23.3,+21.3,KA	+6.82,+7.6,+19.7,KB	+2.34,+264.3,+20.5,HB	+6.87,+5.8,+19.6,CB	
1700868950.3902905	+6.56,+15.3,+21.3,KA	+6.23,+39.4,+21.3,@A	+6.53,+23.3,+21.3,KA	+6.82,+7.6,+19.7,KB	+2.34,+264.3,+20.5,HB	+6.87,+5.8,+19.7,BB	
1700869012.3985426	+6.56,+15.3,+21.3,KA	+6.23,+39.3,+21.3,GA	+6.53,+23.3,+21.3,KA	+6.82,+7.6,+19.7,KB	+2.34,+264.3,+20.5,HB	+6.87,+5.9,+19.7,CB	
1700869074.40544	+6.56,+15.4,+21.3,LA	+6.23,+39.3,+21.3,GA	+6.53,+23.3,+21.3,KA	+6.82,+7.6,+19.7,KB	+2.34,+264.4,+20.5,OB	+6.87,+5.9,+19.6,BB	
1700869136.4128397	+6.56,+15.3,+21.3,KA	+6.23,+39.2,+21.3,FA	+6.53,+23.3,+21.3,KA	+6.82,+7.6,+19.7,KB	+2.34,+264.6,+20.5,MB	+6.87,+5.8,+19.6,CB	
1700869198.4230645	+6.56,+15.3,+21.3,KA	+6.23,+39.3,+21.3,GA	+6.53,+23.3,+21.3,KA	+6.82,+7.6,+19.7,KB	+2.33,+264.8,+20.5,DB	+6.87,+5.8,+19.7,BB	
1700869260.4320164	+6.56,+15.3,+21.3,KA	+6.23,+39.2,+21.3,FA	+6.53,+23.4,+21.3,LA	+6.82,+7.6,+19.7,KB	+2.34,+264.7,+20.5,LB	+6.87,+5.8,+19.6,CB	
1700869322.4415028	+6.56,+15.3,+21.3,KA	+6.23,+39.3,+21.3,GA	+6.53,+23.4,+21.3,LA	+6.82,+7.5,+19.7,HB	+2.34,+264.7,+20.5,LB	+6.87,+5.9,+19.7,CB	
1700869384.4482918	+6.56,+15.3,+21.3,KA	+6.23,+39.3,+21.3,GA	+6.53,+23.4,+21.3,LA	+6.82,+7.6,+19.7,KB	+2.34,+264.7,+20.5,LB	+6.87,+5.9,+19.7,CB	
1700869446.4577622	+6.56,+15.4,+21.3,LA	+6.23,+39.3,+21.3,GA	+6.53,+23.3,+21.3,KA	+6.82,+7.6,+19.7,KB	+2.34,+264.7,+20.5,LB	+6.87,+5.8,+19.7,BB	
1700869508.4666216	+6.56,+15.4,+21.3,LA	+6.23,+39.3,+21.3,GA	+6.53,+23.3,+21.3,KA	+6.82,+7.6,+19.7,KB	+2.33,+264.8,+20.6,GB	+6.87,+5.8,+19.6,CB	
1700869570.4728465	+6.56,+15.4,+21.3,LA	+6.23,+39.3,+21.3,GA	+6.53,+23.3,+21.3,KA	+6.82,+7.6,+19.7,KB	+2.33,+264.8,+20.5,DB	+6.87,+5.8,+19.7,BB	
1700869632.481648	+6.56,+15.4,+21.3,LA	+6.22,+39.4,+21.3,AA	+6.53,+23.3,+21.3,KA	+6.82,+7.6,+19.7,KB	+2.34,+264.6,+20.5,MB	+6.87,+5.8,+19.7,BB	
1700869694.4881277	+6.56,+15.4,+21.3,LA	+6.22,+39.4,+21.3,AA	+6.53,+23.3,+21.4,LA	+6.82,+7.6,+19.7,KB	+2.34,+264.6,+20.5,MB	+6.87,+5.8,+19.7,BB	
1700869756.4978971	+6.56,+15.3,+21.3,KA	+6.22,+39.4,+21.3,AA	+6.53,+23.3,+21.3,KA	+6.82,+7.6,+19.7,KB	+2.34,+264.6,+20.5,MB	+6.87,+5.8,+19.7,BB	
1700869818.5038147	+6.56,+15.4,+21.3,LA	+6.23,+39.3,+21.3,GA	+6.53,+23.4,+21.3,LA	+6.82,+7.5,+19.7,HB	+2.34,+264.5,+20.5,NB	+6.87,+5.8,+19.7,BB	
1700869880.514436	+6.56,+15.4,+21.4,KA	+6.23,+39.4,+21.3,@A	+6.53,+23.3,+21.4,LA	+6.82,+7.6,+19.7,KB	+2.34,+264.6,+20.5,MB	+6.87,+5.8,+19.7,BB	
1700869942.5224636	+6.56,+15.3,+21.3,KA	+6.22,+39.4,+21.3,AA	+6.53,+23.4,+21.3,LA	+6.82,+7.6,+19.7,KB	+2.34,+264.5,+20.5,NB	+6.87,+5.9,+19.7,CB	
1700870004.531633	+6.56,+15.3,+21.4,LA	+6.22,+39.4,+21.3,AA	+6.53,+23.3,+21.3,KA	+6.82,+7.5,+19.7,HB	+2.34,+264.5,+20.5,NB	+6.87,+5.9,+19.7,CB	
1700870066.5414283	+6.56,+15.4,+21.4,KA	+6.23,+39.3,+21.3,GA	+6.53,+23.3,+21.4,LA	+6.82,+7.6,+19.7,KB	+2.34,+264.6,+20.5,MB	+6.87,+5.8,+19.7,BB	
1700870128.551716	+6.56,+15.4,+21.3,LA	+6.22,+39.4,+21.3,AA	+6.53,+23.3,+21.3,KA	+6.82,+7.6,+19.7,KB	+2.34,+264.7,+20.5,LB	+6.87,+5.8,+19.7,BB	
1700870190.5598285	+6.56,+15.3,+21.4,LA	+6.22,+39.4,+21.3,AA	+6.53,+23.3,+21.4,LA	+6.82,+7.6,+19.7,KB	+2.33,+264.7,+20.5,KB	+6.87,+5.8,+19.7,BB	
1700870252.5696676	+6.56,+15.3,+21.4,LA	+6.23,+39.4,+21.3,@A	+6.53,+23.3,+21.4,LA	+6.82,+7.6,+19.8,DB	+2.34,+264.7,+20.6,OB	+6.87,+5.9,+19.7,CB	
1700870314.5788622	+6.56,+15.3,+21.4,LA	+6.22,+39.4,+21.3,AA	+6.53,+23.3,+21.4,LA	+6.82,+7.6,+19.8,DB	+2.34,+264.7,+20.5,LB	+6.87,+5.8,+19.7,BB	
1700870376.5886712	+6.56,+15.3,+21.3,KA	+6.23,+39.4,+21.3,@A	+6.53,+23.3,+21.4,LA	+6.82,+7.5,+19.8,GB	+2.34,+264.7,+20.5,LB	+6.87,+5.8,+19.7,BB	
1700870438.5982647	+6.56,+15.4,+21.4,KA	+6.23,+39.3,+21.3,GA	+6.53,+23.3,+21.4,LA	+6.82,+7.5,+19.8,GB	+2.34,+264.6,+20.5,MB	+6.87,+5.8,+19.7,BB	
1700870500.6081583	+6.56,+15.4,+21.4,KA	+6.22,+39.4,+21.3,AA	+6.53,+23.3,+21.4,LA	+6.82,+7.6,+19.8,DB	+2.34,+264.6,+20.5,MB	+6.87,+5.8,+19.7,BB	
1700870562.6168783	+6.56,+15.3,+21.4,LA	+6.23,+39.3,+21.3,GA	+6.53,+23.3,+21.4,LA	+6.82,+7.6,+19.8,DB	+2.34,+264.5,+20.5,NB	+6.87,+5.8,+19.7,BB	
1700870624.6261687	+6.56,+15.4,+21.4,KA	+6.23,+39.3,+21.3,GA	+6.53,+23.3,+21.4,LA	+6.82,+7.6,+19.8,DB	+2.34,+264.5,+20.6,MB	+6.87,+5.8,+19.7,BB	
1700870870.1985366	+6.56,+15.4,+21.4,KA	+6.23,+39.3,+21.3,GA	+6.53,+23.3,+21.4,LA	+6.82,+7.6,+19.8,DB	+2.34,+264.5,+20.5,NB	+6.87,+5.8,+19.7,BB	
1700870932.207471	+6.56,+15.4,+21.4,KA	+6.23,+39.3,+21.3,GA	+6.53,+23.4,+21.4,KA	+6.82,+7.6,+19.8,DB	+2.34,+264.6,+20.6,NB	+6.87,+5.8,+19.7,BB	
1700870994.2182019	+6.56,+15.4,+21.4,KA	+6.23,+39.3,+21.3,GA	+6.53,+23.4,+21.4,KA	+6.82,+7.6,+19.8,DB	+2.34,+264.7,+20.5,LB	+6.87,+5.8,+19.7,BB	
1700871056.2269113	+6.56,+15.4,+21.4,KA	+6.22,+39.4,+21.3,AA	+6.53,+23.4,+21.4,KA	+6.82,+7.5,+19.8,GB	+2.34,+264.6,+20.6,NB	+6.87,+5.9,+19.8,LB	
1700871118.2368946	+6.56,+15.4,+21.4,KA	+6.22,+39.4,+21.3,AA	+6.53,+23.4,+21.4,KA	+6.82,+7.6,+19.8,DB	+2.34,+264.7,+20.6,OB	+6.87,+5.8,+19.8,MB	
1700871180.2434912	+6.56,+15.3,+21.4,LA	+6.23,+39.4,+21.3,@A	+6.53,+23.4,+21.4,KA	+6.82,+7.6,+19.8,DB	+2.33,+264.8,+20.6,GB	+6.87,+5.8,+19.8,MB	
1700871242.2526011	+6.56,+15.4,+21.4,KA	+6.22,+39.4,+21.3,AA	+6.53,+23.3,+21.4,LA	+6.82,+7.6,+19.8,DB	+2.33,+264.8,+20.5,DB	+6.87,+5.8,+19.7,BB	
1700871304.2610636	+6.56,+15.3,+21.4,LA	+6.23,+39.4,+21.4,GA	+6.53,+23.3,+21.4,LA	+6.82,+7.6,+19.8,DB	+2.33,+265.0,+20.6,NB	+6.87,+5.8,+19.8,MB	
1700871366.2722728	+6.56,+15.3,+21.4,LA	+6.23,+39.3,+21.4,@A	+6.53,+23.3,+21.5,MA	+6.82,+7.6,+19.8,DB	+2.33,+264.9,+20.6,FB	+6.87,+5.8,+19.8,MB	
1700871428.2810917	+6.56,+15.3,+21.4,LA	+6.22,+39.4,+21.4,FA	+6.53,+23.3,+21.4,LA	+6.82,+7.6,+19.8,DB	+2.33,+264.9,+20.6,FB	+6.87,+5.8,+19.8,MB	
1700871490.2904077	+6.56,+15.3,+21.4,LA	+6.22,+39.4,+21.4,FA	+6.53,+23.3,+21.4,LA	+6.82,+7.6,+19.8,DB	+2.33,+264.9,+20.6,FB	+6.87,+5.9,+19.8,LB	
1700871552.2996912	+6.56,+15.3,+21.4,LA	+6.23,+39.3,+21.4,@A	+6.53,+23.4,+21.4,KA	+6.82,+7.6,+19.8,DB	+2.33,+265.0,+20.6,NB	+6.87,+5.8,+19.8,MB	
1700871614.306769	+6.56,+15.3,+21.4,LA	+6.22,+39.4,+21.4,FA	+6.53,+23.3,+21.5,MA	+6.82,+7.6,+19.8,DB	+2.33,+264.9,+20.6,FB	+6.87,+5.8,+19.8,MB	
1700871676.3143337	+6.56,+15.3,+21.4,LA	+6.22,+39.4,+21.4,FA	+6.53,+23.3,+21.4,LA	+6.82,+7.6,+19.8,DB	+2.33,+265.1,+20.6,OB	+6.87,+5.8,+19.8,MB	
1700871738.3243027	+6.56,+15.4,+21.4,KA	+6.22,+39.4,+21.4,FA	+6.53,+23.4,+21.5,JA	+6.82,+7.5,+19.8,GB	+2.33,+265.0,+20.6,NB	+6.87,+5.8,+19.8,MB	
1700871800.3345945	+6.56,+15.4,+21.4,KA	+6.23,+39.3,+21.4,@A	+6.53,+23.3,+21.5,MA	+6.82,+7.6,+19.8,DB	+2.33,+264.9,+20.6,FB	+6.87,+5.9,+19.8,LB	
1700871862.3449183	+6.56,+15.3,+21.4,LA	+6.23,+39.3,+21.4,@A	+6.53,+23.3,+21.5,MA	+6.82,+7.5,+19.8,GB	+2.33,+265.0,+20.6,NB	+6.87,+5.8,+19.8,MB	
1700871924.3537292	+6.56,+15.3,+21.4,LA	+6.23,+39.3,+21.4,@A	+6.53,+23.3,+21.5,MA	+6.82,+7.5,+19.8,GB	+2.33,+265.0,+20.6,NB	+6.87,+5.8,+19.8,MB	
1700871986.3632228	+6.56,+15.3,+21.4,LA	+6.23,+39.2,+21.4,AA	+6.53,+23.4,+21.5,JA	+6.82,+7.6,+19.8,DB	+2.33,+265.0,+20.6,NB	+6.87,+5.9,+19.8,LB	
1700872048.3723676	+6.56,+15.3,+21.4,LA	+6.23,+39.3,+21.4,@A	+6.53,+23.3,+21.5,MA	+6.82,+7.5,+19.9,FB	+2.33,+265.0,+20.6,NB	+6.87,+5.8,+19.8,MB	
1700872110.3823276	+6.56,+15.4,+21.4,KA	+6.23,+39.4,+21.4,GA	+6.53,+23.3,+21.5,MA	+6.82,+7.6,+19.9,EB	+2.33,+265.1,+20.6,OB	+6.87,+5.9,+19.8,LB	
1700872172.3922794	+6.56,+15.4,+21.4,KA	+6.23,+39.3,+21.4,@A	+6.53,+23.3,+21.5,MA	+6.82,+7.6,+19.9,EB	+2.27,+268.8,+20.6,NB	+6.87,+5.8,+19.8,MB	
1700872234.4019537	+6.56,+15.4,+21.4,KA	+6.23,+39.3,+21.4,@A	+6.53,+23.5,+21.5,KA	+6.82,+7.5,+19.8,GB	+2.27,+268.8,+20.6,NB	+6.87,+5.8,+19.8,MB	
1700872296.4104533	+6.56,+15.3,+21.4,LA	+6.23,+39.3,+21.4,@A	+6.53,+23.4,+21.5,JA	+6.82,+7.5,+19.9,FB	+2.27,+268.8,+20.6,NB	+6.87,+5.8,+19.8,MB	
1700872358.4203043	+6.56,+15.3,+21.4,LA	+6.22,+39.5,+21.4,GA	+6.53,+23.5,+21.5,KA	+6.82,+7.6,+19.9,EB	+2.27,+268.6,+20.6,@B	+6.87,+5.8,+19.8,MB	
1700872420.429657	+6.56,+15.3,+21.4,LA	+6.22,+39.4,+21.4,FA	+6.53,+23.4,+21.5,JA	+6.82,+7.5,+19.9,FB	+2.27,+268.8,+20.6,NB	+6.87,+5.9,+19.8,LB	
1700872482.4380274	+6.56,+15.4,+21.4,KA	+6.22,+39.5,+21.4,GA	+6.53,+23.3,+21.5,MA	+6.82,+7.5,+19.9,FB	+2.27,+268.8,+20.6,NB	+6.87,+5.8,+19.8,MB	
1700872544.4442594	+6.56,+15.4,+21.5,JA	+6.22,+39.4,+21.4,FA	+6.53,+23.4,+21.5,JA	+6.82,+7.5,+19.9,FB	+2.26,+268.8,+20.6,OB	+6.87,+5.8,+19.8,MB	
1700872606.4538803	+6.56,+15.4,+21.5,JA	+6.22,+39.5,+21.4,GA	+6.53,+23.3,+21.5,MA	+6.82,+7.5,+19.9,FB	+2.26,+268.9,+20.6,NB	+6.87,+5.8,+19.8,MB	
1700872668.4628055	+6.56,+15.3,+21.5,MA	+6.22,+39.5,+21.4,GA	+6.53,+23.4,+21.5,JA	+6.82,+7.5,+19.9,FB	+2.27,+268.8,+20.6,NB	+6.87,+5.8,+19.8,MB	
1700872730.4728937	+6.56,+15.3,+21.5,MA	+6.22,+39.5,+21.5,FA	+6.53,+23.3,+21.5,MA	+6.82,+7.6,+19.9,EB	+2.26,+268.9,+20.6,NB	+6.87,+5.8,+19.8,MB	
1700872792.4824233	+6.56,+15.3,+21.5,MA	+6.22,+39.5,+21.4,GA	+6.53,+23.4,+21.5,JA	+6.82,+7.6,+19.9,EB	+2.26,+269.1,+20.6,GB	+6.87,+5.8,+19.8,MB	
1700872854.4896958	+6.56,+15.4,+21.5,JA	+6.22,+39.4,+21.4,FA	+6.53,+23.4,+21.5,JA	+6.82,+7.6,+19.9,EB	+2.26,+269.1,+20.6,GB	+6.87,+5.8,+19.9,LB	
1700872916.496672	+6.56,+15.3,+21.5,MA	+6.22,+39.5,+21.4,GA	+6.53,+23.3,+21.5,MA	+6.82,+7.5,+19.9,FB	+2.27,+268.7,+20.6,AB	+6.87,+5.8,+19.9,LB	
1700872978.5050542	+6.56,+15.3,+21.5,MA	+6.22,+39.5,+21.4,GA	+6.53,+23.4,+21.6,IA	+6.82,+7.5,+19.9,FB	+2.26,+269.2,+20.6,DB	+6.87,+5.8,+19.9,LB	
1700873040.515822	+6.56,+15.4,+21.5,JA	+6.22,+39.5,+21.5,FA	+6.53,+23.3,+21.5,MA	+6.82,+7.6,+19.9,EB	+2.26,+269.0,+20.6,FB	+6.87,+5.8,+19.9,LB	
1700873102.5252914	+6.56,+15.4,+21.5,JA	+6.22,+39.5,+21.5,FA	+6.53,+23.4,+21.5,JA	+6.82,+7.5,+19.9,FB	+2.26,+269.0,+20.6,FB	+6.87,+5.8,+19.9,LB	
1700873164.5342429	+6.56,+15.3,+21.5,MA	+6.22,+39.6,+21.5,EA	+6.53,+23.4,+21.5,JA	+6.82,+7.5,+19.9,FB	+2.26,+269.2,+20.6,DB	+6.87,+5.8,+19.9,LB	
1700873226.542665	+6.56,+15.4,+21.5,JA	+6.22,+39.5,+21.5,FA	+6.53,+23.4,+21.5,JA	+6.82,+7.5,+19.9,FB	+2.26,+269.2,+20.6,DB	+6.87,+5.8,+19.9,LB	
1700873288.5517848	+6.56,+15.4,+21.5,JA	+6.22,+39.5,+21.5,FA	+6.53,+23.4,+21.5,JA	+6.82,+7.6,+19.9,EB	+2.26,+269.4,+20.6,BB	+6.87,+5.8,+19.9,LB	
1700873350.5621736	+6.56,+15.3,+21.5,MA	+6.22,+39.6,+21.5,EA	+6.53,+23.4,+21.6,IA	+6.82,+7.6,+19.9,EB	+2.26,+269.3,+20.6,EB	+6.87,+5.8,+19.9,LB	
1700873412.571467	+6.56,+15.3,+21.5,MA	+6.22,+39.7,+21.5,DA	+6.53,+23.4,+21.5,JA	+6.82,+7.5,+19.9,FB	+2.25,+269.4,+20.6,AB	+6.87,+5.8,+19.9,LB	
1700873474.581187	+6.56,+15.3,+21.5,MA	+6.22,+39.5,+21.5,FA	+6.53,+23.4,+21.6,IA	+6.82,+7.6,+19.9,EB	+2.25,+269.5,+20.6,@B	+6.87,+5.8,+19.9,LB	
1700873536.5910187	+6.56,+15.3,+21.5,MA	+6.22,+39.6,+21.5,EA	+6.53,+23.4,+21.6,IA	+6.82,+7.5,+19.9,FB	+2.25,+269.5,+20.6,@B	+6.87,+5.9,+19.9,MB	
1700873598.6007714	+6.56,+15.3,+21.5,MA	+6.22,+39.6,+21.5,EA	+6.53,+23.4,+21.5,JA	+6.82,+7.5,+19.9,FB	+2.26,+269.2,+20.6,DB	+6.87,+5.8,+19.9,LB	
1700873660.6082318	+6.56,+15.4,+21.5,JA	+6.22,+39.6,+21.5,EA	+6.53,+23.4,+21.5,JA	+6.82,+7.5,+19.9,FB	+2.25,+269.4,+20.6,AB	+6.87,+5.8,+19.9,LB	
1700873722.6184187	+6.56,+15.3,+21.5,MA	+6.22,+39.6,+21.5,EA	+6.53,+23.4,+21.6,IA	+6.82,+7.6,+20.0,FB	+2.26,+269.3,+20.6,EB	+6.87,+5.8,+19.9,LB	
1700873784.6277466	+6.56,+15.4,+21.5,JA	+6.22,+39.6,+21.5,EA	+6.53,+23.3,+21.6,NA	+6.82,+7.6,+20.0,FB	+2.26,+269.3,+20.6,EB	+6.87,+5.8,+19.9,LB	
1700873846.6370547	+6.56,+15.4,+21.5,JA	+6.22,+39.6,+21.5,EA	+6.53,+23.3,+21.5,MA	+6.82,+7.5,+20.0,EB	+2.26,+269.0,+20.6,FB	+6.87,+5.8,+19.9,LB	
1700873908.6458886	+6.56,+15.4,+21.5,JA	+6.22,+39.6,+21.5,EA	+6.53,+23.4,+21.6,IA	+6.82,+7.5,+19.9,FB	+2.25,+269.5,+20.6,@B	+6.87,+5.8,+19.9,LB	
1700873970.6545737	+6.56,+15.3,+21.5,MA	+6.22,+39.5,+21.5,FA	+6.53,+23.4,+21.5,JA	+6.82,+7.6,+20.0,FB	+2.24,+270.2,+20.6,NB	+6.87,+5.9,+19.9,MB	
1700874032.6629496	+6.56,+15.4,+21.5,JA	+6.22,+39.6,+21.5,EA	+6.53,+23.4,+21.6,IA	+6.82,+7.5,+20.0,EB	+2.25,+269.8,+20.6,MB	+6.87,+5.8,+19.9,LB	
1700874094.6681752	+6.56,+15.3,+21.5,MA	+6.22,+39.6,+21.5,EA	+6.53,+23.3,+21.6,NA	+6.82,+7.6,+20.0,FB	+2.25,+269.9,+20.6,LB	+6.87,+5.8,+19.9,LB	
1700874156.6765418	+6.56,+15.3,+21.5,MA	+6.22,+39.6,+21.5,EA	+6.53,+23.4,+21.6,IA	+6.82,+7.6,+20.0,FB	+2.24,+270.1,+20.7,LB	+6.87,+5.8,+19.9,LB	
1700874218.6861496	+6.56,+15.4,+21.5,JA	+6.22,+39.6,+21.5,EA	+6.53,+23.4,+21.6,IA	+6.82,+7.6,+20.0,FB	+2.25,+269.9,+20.7,MB	+6.87,+5.9,+19.9,MB	
1700874280.6950655	+6.56,+15.4,+21.5,JA	+6.22,+39.6,+21.5,EA	+6.53,+23.4,+21.6,IA	+6.82,+7.6,+20.0,FB	+2.24,+270.1,+20.6,MB	+6.87,+5.8,+19.9,LB	
1700874342.7032707	+6.56,+15.4,+21.5,JA	+6.22,+39.5,+21.5,FA	+6.53,+23.3,+21.6,NA	+6.82,+7.6,+20.0,FB	+2.25,+269.6,+20.6,CB	+6.87,+5.8,+19.9,LB	
1700874404.7132044	+6.56,+15.3,+21.5,MA	+6.22,+39.6,+21.5,EA	+6.53,+23.3,+21.6,NA	+6.82,+7.5,+20.0,EB	+2.26,+268.9,+20.6,NB	+6.87,+5.9,+19.9,MB	
1700874466.7221653	+6.56,+15.4,+21.5,JA	+6.22,+39.6,+21.5,EA	+6.53,+23.4,+21.6,IA	+6.82,+7.6,+20.0,FB	+2.26,+268.9,+20.6,NB	+6.87,+5.7,+19.9,CB	
1700874712.3091261	+6.56,+15.4,+21.5,JA	+6.22,+39.6,+21.5,EA	+6.53,+23.3,+21.6,NA	+6.82,+7.6,+20.0,FB	+2.27,+268.6,+20.7,AB	+6.87,+5.8,+19.9,LB	
1700874774.3168406	+6.56,+15.4,+21.5,JA	+6.22,+39.6,+21.5,EA	+6.53,+23.4,+21.6,IA	+6.82,+7.5,+20.0,EB	+2.27,+268.3,+20.7,DB	+6.87,+5.8,+20.0,OB	
1700874836.325984	+6.56,+15.3,+21.5,MA	+6.22,+39.6,+21.5,EA	+6.53,+23.4,+21.6,IA	+6.82,+7.6,+20.0,FB	+2.28,+268.2,+20.6,KB	+6.87,+5.8,+19.9,LB	
1700874898.336003	+6.56,+15.4,+21.5,JA	+6.22,+39.6,+21.5,EA	+6.53,+23.3,+21.6,NA	+6.82,+7.5,+20.0,EB	+2.28,+268.2,+20.7,JB	+6.87,+5.8,+19.9,LB	
1700874960.3464122	+6.56,+15.3,+21.6,NA	+6.22,+39.7,+21.5,DA	+6.53,+23.4,+21.6,IA	+6.82,+7.5,+20.0,EB	+2.28,+268.0,+20.7,HB	+6.87,+5.8,+19.9,LB	
1700875022.3569565	+6.56,+15.3,+21.5,MA	+6.22,+39.6,+21.5,EA	+6.53,+23.4,+21.6,IA	+6.82,+7.5,+20.0,EB	+2.28,+268.0,+20.7,HB	+6.87,+5.8,+19.9,LB	
1700875084.3651524	+6.56,+15.4,+21.6,IA	+6.22,+39.6,+21.5,EA	+6.53,+23.3,+21.6,NA	+6.82,+7.6,+20.0,FB	+2.28,+268.1,+20.7,IB	+6.87,+5.8,+19.9,LB	
1700875146.373301	+6.56,+15.3,+21.6,NA	+6.22,+39.6,+21.5,EA	+6.53,+23.3,+21.6,NA	+6.82,+7.5,+20.0,EB	+2.28,+267.9,+20.6,OB	+6.87,+5.8,+20.0,OB	
1700875208.383543	+6.56,+15.4,+21.6,IA	+6.22,+39.5,+21.5,FA	+6.53,+23.3,+21.6,NA	+6.82,+7.5,+20.0,EB	+2.28,+267.9,+20.7,NB	+6.87,+5.8,+19.9,LB	
1700875270.39304	+6.56,+15.3,+21.6,NA	+6.22,+39.7,+21.5,DA	+6.53,+23.4,+21.6,IA	+6.82,+7.6,+20.0,FB	+2.28,+267.9,+20.7,NB	+6.87,+5.8,+19.9,LB	
1700875332.4014795	+6.56,+15.4,+21.6,IA	+6.22,+39.7,+21.5,DA	+6.53,+23.3,+21.6,NA	+6.82,+7.5,+20.0,EB	+2.28,+268.0,+20.7,HB	+6.87,+5.8,+20.0,OB	
1700875394.4090703	+6.56,+15.3,+21.6,NA	+6.22,+39.7,+21.5,DA	+6.53,+23.3,+21.6,NA	+6.82,+7.5,+20.0,EB	+2.28,+268.0,+20.7,HB	+6.87,+5.8,+20.0,OB	
1700875456.4179761	+6.56,+15.3,+21.6,NA	+6.22,+39.6,+21.5,EA	+6.53,+23.3,+21.6,NA	+6.82,+7.6,+20.0,FB	+2.28,+268.0,+20.7,HB	+6.87,+5.8,+20.0,OB	
1700875518.4274626	+6.56,+15.4,+21.6,IA	+6.22,+39.6,+21.5,EA	+6.53,+23.3,+21.6,NA	+6.82,+7.5,+20.0,EB	+2.28,+268.0,+20.7,HB	+6.87,+5.8,+20.0,OB	
1700875580.4397032	+6.56,+15.3,+21.6,NA	+6.22,+39.6,+21.5,EA	+6.53,+23.4,+21.6,IA	+6.82,+7.5,+20.0,EB	+2.28,+268.0,+20.7,HB	+6.87,+5.8,+20.0,OB	
1700875642.4486525	+6.56,+15.3,+21.6,NA	+6.22,+39.6,+21.5,EA	+6.53,+23.3,+21.6,NA	+6.82,+7.5,+20.0,EB	+2.33,+264.9,+20.7,GB	+6.87,+5.8,+20.0,OB	
1700875704.4584067	+6.56,+15.3,+21.6,NA	+6.22,+39.7,+21.5,DA	+6.53,+23.4,+21.6,IA	+6.82,+7.5,+20.0,EB	+2.33,+264.9,+20.7,GB	+6.87,+5.8,+20.0,OB	
1700875766.4676347	+6.56,+15.3,+21.6,NA	+6.22,+39.6,+21.6,FA	+6.53,+23.4,+21.6,IA	+6.82,+7.5,+20.0,EB	+2.33,+265.0,+20.7,OB	+6.87,+5.8,+20.0,OB	
1700875828.4781044	+6.56,+15.4,+21.6,IA	+6.22,+39.7,+21.5,DA	+6.53,+23.4,+21.6,IA	+6.82,+7.6,+20.0,FB	+2.33,+265.0,+20.7,OB	+6.87,+5.8,+20.0,OB	
1700875890.4868255	+6.56,+15.4,+21.6,IA	+6.22,+39.7,+21.5,DA	+6.53,+23.4,+21.6,IA	+6.82,+7.5,+20.0,EB	+2.33,+265.0,+20.7,OB	+6.87,+5.8,+20.0,OB	
1700875952.496106	+6.56,+15.3,+21.6,NA	+6.22,+39.7,+21.5,DA	+6.53,+23.4,+21.6,IA	+6.82,+7.5,+20.0,EB	+2.34,+264.7,+20.7,NB	+6.87,+5.8,+20.0,OB	
1700876014.506541	+6.56,+15.4,+21.6,IA	+6.22,+39.7,+21.6,GA	+6.53,+23.4,+21.6,IA	+6.82,+7.6,+20.0,FB	+2.34,+264.6,+20.7,OB	+6.87,+5.8,+20.0,OB	
1700876076.5169835	+6.56,+15.3,+21.6,NA	+6.22,+39.7,+21.6,GA	+6.53,+23.4,+21.6,IA	+6.82,+7.5,+20.0,EB	+2.34,+264.6,+20.7,OB	+6.87,+5.7,+20.0,@B	
1700876138.5275707	+6.56,+15.3,+21.6,NA	+6.22,+39.7,+21.5,DA	+6.53,+23.3,+21.6,NA	+6.82,+7.5,+20.0,EB	+2.34,+264.7,+20.7,NB	+6.87,+5.8,+20.0,OB	
1700876200.5379624	+6.56,+15.4,+21.6,IA	+6.22,+39.7,+21.5,DA	+6.53,+23.4,+21.6,IA	+6.82,+7.6,+20.0,FB	+2.33,+264.9,+20.7,GB	+6.87,+5.8,+20.0,OB	
1700876262.54844	+6.56,+15.3,+21.6,NA	+6.22,+39.7,+21.6,GA	+6.53,+23.3,+21.6,NA	+6.82,+7.6,+20.0,FB	+2.34,+264.7,+20.7,NB	+6.87,+5.8,+20.0,OB	
1700876324.5577252	+6.56,+15.3,+21.6,NA	+6.22,+39.7,+21.5,DA	+6.53,+23.3,+21.6,NA	+6.82,+7.5,+20.0,EB	+2.34,+264.7,+20.7,NB	+6.87,+5.8,+19.9,LB	
1700876386.5682206	+6.56,+15.3,+21.6,NA	+6.22,+39.7,+21.6,GA	+6.53,+23.3,+21.6,NA	+6.82,+7.5,+20.0,EB	+2.34,+264.7,+20.7,NB	+6.87,+5.7,+20.0,@B	
1700876448.578346	+6.56,+15.4,+21.6,IA	+6.22,+39.7,+21.5,DA	+6.53,+23.4,+21.6,IA	+6.82,+7.6,+20.0,FB	+2.34,+264.9,+20.7,@B	+6.87,+5.8,+20.0,OB	
1700876510.5878148	+6.56,+15.3,+21.6,NA	+6.22,+39.6,+21.6,FA	+6.53,+23.4,+21.6,IA	+6.82,+7.6,+20.0,FB	+2.34,+264.9,+20.7,@B	+6.87,+5.8,+20.0,OB	
1700876572.5955656	+6.56,+15.3,+21.6,NA	+6.22,+39.7,+21.6,GA	+6.53,+23.3,+21.6,NA	+6.82,+7.5,+20.0,EB	+2.34,+264.9,+20.7,@B	+6.87,+5.8,+20.0,OB	
1700876634.602896	+6.56,+15.4,+21.6,IA	+6.22,+39.7,+21.6,GA	+6.53,+23.3,+21.6,NA	+6.82,+7.5,+20.0,EB	+2.34,+264.9,+20.7,@B	+6.87,+5.7,+20.0,@B	
1700876696.6111977	+6.56,+15.4,+21.6,IA	+6.22,+39.6,+21.6,FA	+6.53,+23.4,+21.6,IA	+6.82,+7.5,+20.0,EB	+2.33,+265.0,+20.7,OB	+6.87,+5.7,+20.0,@B	
1700876758.6183345	+6.56,+15.3,+21.6,NA	+6.22,+39.6,+21.5,EA	+6.53,+23.3,+21.6,NA	+6.82,+7.5,+20.0,EB	+2.33,+264.9,+20.7,GB	+6.87,+5.8,+20.0,OB	
1700876820.6272473	+6.56,+15.3,+21.6,NA	+6.22,+39.6,+21.6,FA	+6.53,+23.5,+21.6,HA	+6.82,+7.5,+20.0,EB	+2.34,+264.9,+20.7,@B	+6.87,+5.8,+20.0,OB	
1700876882.635506	+6.56,+15.4,+21.6,IA	+6.22,+39.6,+21.6,FA	+6.53,+23.4,+21.6,IA	+6.82,+7.5,+20.0,EB	+2.33,+265.0,+20.7,OB	+6.87,+5.8,+20.0,OB	
1700876944.6451924	+6.56,+15.4,+21.6,IA	+6.22,+39.6,+21.6,FA	+6.53,+23.4,+21.6,IA	+6.82,+7.5,+20.0,EB	+2.33,+264.9,+20.7,GB	+6.87,+5.8,+20.0,OB	
1700877006.655806	+6.56,+15.3,+21.6,NA	+6.22,+39.6,+21.6,FA	+6.53,+23.3,+21.6,NA	+6.82,+7.5,+20.0,EB	+2.33,+265.0,+20.7,OB	+6.87,+5.8,+20.0,OB	
1700877068.6661253	+6.56,+15.4,+21.6,IA	+6.22,+39.5,+21.6,EA	+6.53,+23.4,+21.6,IA	+6.82,+7.5,+20.0,EB	+2.33,+265.0,+20.7,OB	+6.87,+5.8,+20.0,OB	
1700877130.6760693	+6.56,+15.4,+21.6,IA	+6.22,+39.7,+21.6,GA	+6.53,+23.3,+21.6,NA	+6.82,+7.5,+20.0,EB	+2.33,+264.9,+20.7,GB	+6.87,+5.8,+20.0,OB	
1700877192.6857822	+6.56,+15.4,+21.6,IA	+6.22,+39.6,+21.6,FA	+6.53,+23.4,+21.6,IA	+6.82,+7.6,+20.0,FB	+2.34,+264.9,+20.7,@B	+6.87,+5.8,+20.0,OB	
1700877254.6958277	+6.56,+15.3,+21.6,NA	+6.22,+39.6,+21.6,FA	+6.53,+23.4,+21.6,IA	+6.82,+7.5,+20.0,EB	+2.34,+264.9,+20.7,@B	+6.87,+5.8,+20.0,OB	
1700877316.7041712	+6.56,+15.4,+21.6,IA	+6.22,+39.6,+21.6,FA	+6.53,+23.3,+21.6,NA	+6.82,+7.5,+20.0,EB	+2.33,+264.9,+20.7,GB	+6.87,+5.8,+20.0,OB	
1700877378.7135587	+6.56,+15.4,+21.6,IA	+6.22,+39.6,+21.6,FA	+6.53,+23.4,+21.6,IA	+6.82,+7.5,+20.0,EB	+2.33,+265.0,+20.7,OB	+6.87,+5.8,+20.0,OB	
1700877440.7214878	+6.56,+15.4,+21.6,IA	+6.22,+39.7,+21.6,GA	+6.53,+23.4,+21.6,IA	+6.82,+7.5,+20.0,EB	+2.33,+265.0,+20.7,OB	+6.87,+5.7,+20.0,@B	
1700877502.7310388	+6.56,+15.4,+21.6,IA	+6.22,+39.6,+21.6,FA	+6.53,+23.3,+21.6,NA	+6.82,+7.5,+20.0,EB	+2.33,+265.1,+20.7,NB	+6.87,+5.8,+20.0,OB	
1700877564.742273	+6.56,+15.4,+21.6,IA	+6.22,+39.7,+21.6,GA	+6.53,+23.4,+21.6,IA	+6.82,+7.5,+20.0,EB	+2.33,+265.0,+20.7,OB	+6.87,+5.7,+20.0,@B	
1700877626.7519944	+6.56,+15.4,+21.6,IA	+6.22,+39.6,+21.6,FA	+6.53,+23.3,+21.6,NA	+6.82,+7.5,+20.0,EB	+2.33,+265.1,+20.7,NB	+6.87,+5.7,+20.0,@B	
1700877688.7614667	+6.56,+15.3,+21.6,NA	+6.22,+39.7,+21.6,GA	+6.53,+23.3,+21.6,NA	+6.82,+7.5,+20.0,EB	+2.33,+265.1,+20.7,NB	+6.87,+5.8,+20.0,OB	
1700877750.7705088	+6.56,+15.3,+21.6,NA	+6.22,+39.6,+21.6,FA	+6.53,+23.3,+21.6,NA	+6.82,+7.5,+20.0,EB	+2.33,+265.0,+20.7,OB	+6.87,+5.8,+20.0,OB	
1700877812.781216	+6.56,+15.3,+21.6,NA	+6.22,+39.6,+21.6,FA	+6.53,+23.3,+21.6,NA	+6.82,+7.6,+20.0,FB	+2.33,+265.3,+20.7,LB	+6.87,+5.7,+20.0,@B	
1700877874.7911122	+6.56,+15.3,+21.6,NA	+6.22,+39.7,+21.6,GA	+6.53,+23.3,+21.6,NA	+6.82,+7.5,+20.0,EB	+2.33,+265.4,+20.7,KB	+6.87,+5.7,+20.0,@B	
1700877936.7979248	+6.56,+15.4,+21.6,IA	+6.22,+39.7,+21.6,GA	+6.53,+23.4,+21.6,IA	+6.82,+7.5,+20.0,EB	+2.33,+265.4,+20.7,KB	+6.87,+5.8,+20.0,OB	
1700877998.806273	+6.56,+15.3,+21.6,NA	+6.22,+39.6,+21.6,FA	+6.53,+23.4,+21.6,IA	+6.82,+7.5,+20.0,EB	+2.32,+265.6,+20.7,HB	+6.87,+5.7,+20.0,@B	
1700878060.8144681	+6.56,+15.4,+21.6,IA	+6.22,+39.7,+21.6,GA	+6.53,+23.3,+21.6,NA	+6.82,+7.5,+20.0,EB	+2.32,+265.6,+20.7,HB	+6.87,+5.8,+20.0,OB	
1700878122.8232317	+6.56,+15.4,+21.6,IA	+6.22,+39.8,+21.6,HA	+6.53,+23.4,+21.6,IA	+6.82,+7.5,+20.0,EB	+2.32,+265.7,+20.7,IB	+6.87,+5.7,+20.0,@B	
1700878184.8265502	+6.56,+15.3,+21.6,NA	+6.22,+39.7,+21.6,GA	+6.53,+23.3,+21.6,NA	+6.82,+7.6,+20.0,FB	+2.32,+265.6,+20.7,HB	+6.87,+5.8,+20.0,OB	
1700878246.8366847	+6.56,+15.3,+21.6,NA	+6.22,+39.8,+21.6,HA	+6.53,+23.4,+21.6,IA	+6.82,+7.5,+20.1,DB	+2.32,+265.6,+20.7,HB	+6.87,+5.7,+20.0,@B	
1700878308.8466585	+6.56,+15.3,+21.6,NA	+6.22,+39.8,+21.6,HA	+6.53,+23.3,+21.6,NA	+6.82,+7.5,+20.0,EB	+2.32,+265.6,+20.7,HB	+6.87,+5.7,+20.0,@B	
1700878554.4064605	+6.56,+15.3,+21.6,NA	+6.22,+39.8,+21.6,HA	+6.53,+23.4,+21.6,IA	+6.82,+7.5,+20.0,EB	+2.33,+265.4,+20.7,KB	+6.87,+5.8,+20.0,OB	
1700878616.4147182	+6.56,+15.4,+21.6,IA	+6.22,+39.8,+21.6,HA	+6.53,+23.4,+21.6,IA	+6.82,+7.5,+20.0,EB	+2.32,+265.8,+20.7,FB	+6.87,+5.8,+20.0,OB	
1700878678.42308	+6.56,+15.4,+21.6,IA	+6.22,+39.8,+21.6,HA	+6.53,+23.4,+21.7,HA	+6.82,+7.5,+20.0,EB	+2.32,+265.8,+20.8,IB	+6.87,+5.8,+20.0,OB	
1700878740.4326444	+6.56,+15.3,+21.6,NA	+6.22,+39.8,+21.6,HA	+6.53,+23.4,+21.6,IA	+6.82,+7.5,+20.0,EB	+2.32,+265.8,+20.7,FB	+6.87,+5.7,+20.0,@B	
1700878802.4371278	+6.56,+15.3,+21.6,NA	+6.22,+39.9,+21.6,IA	+6.53,+23.3,+21.6,NA	+6.82,+7.6,+20.1,GB	+2.32,+265.7,+20.7,IB	+6.87,+5.8,+20.0,OB	
1700878864.4472358	+6.56,+15.3,+21.6,NA	+6.22,+39.8,+21.6,HA	+6.53,+23.5,+21.6,HA	+6.82,+7.5,+20.0,EB	+2.32,+265.6,+20.7,HB	+6.87,+5.7,+20.0,@B	
1700878926.4557974	+6.56,+15.4,+21.6,IA	+6.22,+39.9,+21.6,IA	+6.53,+23.4,+21.6,IA	+6.82,+7.5,+20.0,EB	+2.32,+265.7,+20.8,FB	+6.87,+5.8,+20.0,OB	
1700878988.4640782	+6.56,+15.3,+21.6,NA	+6.22,+39.8,+21.6,HA	+6.53,+23.3,+21.6,NA	+6.82,+7.5,+20.0,EB	+2.32,+265.7,+20.7,IB	+6.87,+5.8,+20.0,OB	
1700879050.469463	+6.56,+15.3,+21.6,NA	+6.22,+39.8,+21.6,HA	+6.53,+23.4,+21.6,IA	+6.82,+7.5,+20.0,EB	+2.32,+265.6,+20.8,GB	+6.87,+5.8,+20.0,OB	
1700879112.4767697	+6.56,+15.3,+21.6,NA	+6.22,+39.8,+21.6,HA	+6.53,+23.3,+21.7,OA	+6.82,+7.5,+20.0,EB	+2.33,+265.4,+20.7,KB	+6.87,+5.8,+20.0,OB	
1700879174.484585	+6.56,+15.4,+21.6,IA	+6.22,+39.9,+21.6,IA	+6.53,+23.4,+21.6,IA	+6.82,+7.5,+20.0,EB	+2.33,+265.2,+20.7,MB	+6.87,+5.8,+20.0,OB	
1700879236.4905865	+6.56,+15.3,+21.6,NA	+6.22,+39.9,+21.6,IA	+6.53,+23.4,+21.6,IA	+6.82,+7.5,+20.1,DB	+2.27,+268.8,+20.8,@B	+6.87,+5.7,+20.0,@B	
1700879298.4976017	+6.56,+15.3,+21.6,NA	+6.22,+39.9,+21.6,IA	+6.53,+23.4,+21.6,IA	+6.82,+7.5,+20.0,EB	+2.29,+267.5,+20.8,LB	+6.87,+5.7,+20.0,@B	
1700879360.5040207	+6.56,+15.3,+21.6,NA	+6.22,+39.8,+21.6,HA	+6.53,+23.3,+21.6,NA	+6.82,+7.5,+20.0,EB	+2.27,+268.8,+20.7,OB	+6.87,+5.8,+20.0,OB	
1700879422.5105705	+6.56,+15.3,+21.6,NA	+6.22,+39.9,+21.6,IA	+6.53,+23.4,+21.6,IA	+6.82,+7.5,+20.0,EB	+2.27,+268.8,+20.8,@B	+6.87,+5.8,+20.0,OB	
1700879484.51707	+6.56,+15.4,+21.6,IA	+6.22,+39.9,+21.6,IA	+6.53,+23.4,+21.6,IA	+6.82,+7.5,+20.0,EB	+2.27,+268.8,+20.8,@B	+6.87,+5.7,+20.0,@B	
1700879546.524954	+6.56,+15.4,+21.6,IA	+6.22,+39.9,+21.6,IA	+6.53,+23.4,+21.6,IA	+6.82,+7.4,+20.0,DB	+2.27,+268.9,+20.8,AB	+6.87,+5.7,+20.0,@B	
1700879608.532221	+6.56,+15.3,+21.6,NA	+6.22,+39.9,+21.6,IA	+6.53,+23.3,+21.7,OA	+6.82,+7.5,+20.0,EB	+2.27,+268.4,+20.7,CB	+6.87,+5.8,+20.0,OB	
1700879670.5390522	+6.56,+15.3,+21.6,NA	+6.22,+39.9,+21.6,IA	+6.53,+23.3,+21.6,NA	+6.82,+7.5,+20.0,EB	+2.27,+268.4,+20.8,LB	+6.87,+5.7,+20.0,@B	
1700879732.5451753	+6.56,+15.3,+21.6,NA	+6.22,+39.9,+21.6,IA	+6.53,+23.3,+21.6,NA	+6.82,+7.5,+20.0,EB	+2.27,+268.6,+20.7,AB	+6.87,+5.8,+20.0,OB	
1700879794.5534358	+6.56,+15.3,+21.6,NA	+6.22,+39.9,+21.6,IA	+6.53,+23.3,+21.6,NA	+6.82,+7.5,+20.0,EB	+2.27,+268.7,+20.8,OB	+6.87,+5.7,+20.0,@B	
1700879856.5621088	+6.56,+15.4,+21.6,IA	+6.22,+39.9,+21.6,IA	+6.53,+23.3,+21.6,NA	+6.82,+7.5,+20.0,EB	+2.26,+269.1,+20.8,IB	+6.87,+5.7,+20.0,@B	
1700879918.5663753	+6.56,+15.3,+21.6,NA	+6.22,+39.9,+21.6,IA	+6.53,+23.3,+21.6,NA	+6.82,+7.5,+20.0,EB	+2.26,+269.1,+20.8,IB	+6.87,+5.8,+20.0,OB	
1700879980.5729446	+6.56,+15.3,+21.6,NA	+6.22,+39.9,+21.6,IA	+6.53,+23.3,+21.6,NA	+6.82,+7.5,+20.0,EB	+2.26,+269.3,+20.8,KB	+6.87,+5.8,+20.0,OB	
1700880042.5824466	+6.56,+15.3,+21.6,NA	+6.22,+39.9,+21.6,IA	+6.53,+23.4,+21.6,IA	+6.82,+7.5,+20.0,EB	+2.26,+269.3,+20.7,DB	+6.87,+5.8,+20.0,OB	
1700880104.59042	+6.56,+15.3,+21.6,NA	+6.22,+39.9,+21.6,IA	+6.53,+23.4,+21.7,HA	+6.82,+7.5,+20.0,EB	+2.26,+269.5,+20.8,MB	+6.87,+5.7,+20.0,@B	
1700880166.5984387	+6.56,+15.3,+21.6,NA	+6.22,+39.9,+21.6,IA	+6.53,+23.4,+21.6,IA	+6.82,+7.5,+20.1,DB	+2.25,+269.6,+20.7,BB	+6.87,+5.8,+20.0,OB	
1700880228.6072273	+6.56,+15.3,+21.6,NA	+6.22,+39.9,+21.6,IA	+6.53,+23.4,+21.6,IA	+6.82,+7.5,+20.0,EB	+2.25,+269.6,+20.8,MB	+6.87,+5.7,+20.0,@B	
1700880290.6172268	+6.56,+15.3,+21.6,NA	+6.22,+39.9,+21.6,IA	+6.53,+23.4,+21.6,IA	+6.82,+7.5,+20.1,DB	+2.25,+269.6,+20.8,MB	+6.87,+5.7,+20.0,@B	
1700880352.6243057	+6.56,+15.4,+21.6,IA	+6.22,+39.9,+21.6,IA	+6.53,+23.4,+21.7,HA	+6.82,+7.5,+20.0,EB	+2.28,+268.2,+20.8,EB	+6.87,+5.7,+20.0,@B	
1700880414.6326005	+6.56,+15.3,+21.6,NA	+6.22,+39.9,+21.6,IA	+6.53,+23.4,+21.7,HA	+6.82,+7.5,+20.1,DB	+2.29,+267.7,+20.8,NB	+6.87,+5.7,+20.0,@B	
1700880476.643182	+6.56,+15.4,+21.6,IA	+6.21,+40.0,+21.6,MA	+6.53,+23.3,+21.7,OA	+6.82,+7.5,+20.0,EB	+2.30,+267.2,+20.8,CB	+6.87,+5.7,+20.0,@B	
1700880538.652374	+6.56,+15.3,+21.6,NA	+6.21,+40.0,+21.6,MA	+6.53,+23.4,+21.6,IA	+6.82,+7.5,+20.0,EB	+2.30,+267.2,+20.7,LB	+6.87,+5.7,+20.0,@B	
1700880600.6613142	+6.56,+15.3,+21.6,NA	+6.22,+40.0,+21.6,NA	+6.53,+23.4,+21.6,IA	+6.82,+7.5,+20.1,DB	+2.29,+267.4,+20.7,BB	+6.87,+5.7,+20.0,@B	
1700880662.6701875	+6.56,+15.3,+21.6,NA	+6.21,+40.0,+21.6,MA	+6.53,+23.4,+21.6,IA	+6.82,+7.5,+20.0,EB	+2.29,+267.3,+20.8,JB	+6.87,+5.8,+20.0,OB	
1700880724.6791813	+6.56,+15.3,+21.6,NA	+6.21,+40.0,+21.6,MA	+6.53,+23.3,+21.6,NA	+6.82,+7.5,+20.1,DB	+2.31,+266.6,+20.8,GB	+6.87,+5.7,+20.0,@B	
1700880786.6881196	+6.56,+15.4,+21.6,IA	+6.22,+40.0,+21.6,NA	+6.53,+23.4,+21.6,IA	+6.82,+7.5,+20.1,DB	+2.31,+266.5,+20.7,KB	+6.87,+5.8,+20.0,OB	
1700880848.6956797	+6.56,+15.3,+21.6,NA	+6.22,+40.0,+21.6,NA	+6.53,+23.3,+21.7,OA	+6.82,+7.5,+20.0,EB	+2.31,+266.4,+20.8,EB	+6.87,+5.7,+20.0,@B	
1700880910.7042336	+6.56,+15.3,+21.6,NA	+6.21,+40.0,+21.6,MA	+6.53,+23.3,+21.6,NA	+6.82,+7.5,+20.0,EB	+2.31,+266.3,+20.8,BB	+6.87,+5.7,+20.0,@B	
1700880972.7101948	+6.56,+15.3,+21.6,NA	+6.21,+40.0,+21.6,MA	+6.53,+23.4,+21.6,IA	+6.82,+7.5,+20.0,EB	+2.32,+265.8,+20.8,IB	+6.87,+5.7,+20.0,@B	
1700881034.7166572	+6.56,+15.3,+21.6,NA	+6.22,+40.0,+21.6,NA	+6.53,+23.3,+21.7,OA	+6.82,+7.5,+20.0,EB	+2.32,+266.0,+20.8,BB	+6.87,+5.8,+20.0,OB	
1700881096.7263165	+6.56,+15.3,+21.6,NA	+6.22,+39.9,+21.6,IA	+6.53,+23.3,+21.6,NA	+6.82,+7.5,+20.1,DB	+2.31,+266.2,+20.8,CB	+6.87,+5.8,+20.0,OB	
1700881158.735477	+6.56,+15.3,+21.6,NA	+6.21,+40.0,+21.6,MA	+6.53,+23.3,+21.6,NA	+6.82,+7.6,+20.0,FB	+2.31,+266.2,+20.8,CB	+6.87,+5.7,+20.0,@B	
1700881220.7456748	+6.56,+15.3,+21.6,NA	+6.21,+40.0,+21.6,MA	+6.53,+23.4,+21.6,IA	+6.82,+7.5,+20.0,EB	+2.36,+263.3,+20.8,@B	+6.87,+5.8,+20.0,OB	
1700881282.7582948	+6.56,+15.3,+21.6,NA	+6.22,+40.0,+21.6,NA	+6.53,+23.4,+21.7,HA	+6.82,+7.5,+20.0,EB	+2.37,+263.2,+20.8,@B	+6.87,+5.7,+20.0,@B	
1700881344.7683344	+6.56,+15.3,+21.6,NA	+6.22,+39.9,+21.6,IA	+6.53,+23.4,+21.6,IA	+6.82,+7.5,+20.0,EB	+2.36,+263.4,+20.8,GB	+6.87,+5.7,+20.0,@B	
1700881406.7763002	+6.56,+15.4,+21.6,IA	+6.21,+40.1,+21.6,LA	+6.53,+23.4,+21.7,HA	+6.82,+7.5,+20.0,EB	+2.36,+263.3,+20.7,OB	+6.87,+5.7,+20.0,@B	
1700881468.7867844	+6.56,+15.3,+21.6,NA	+6.21,+40.0,+21.6,MA	+6.53,+23.4,+21.6,IA	+6.82,+7.5,+20.0,EB	+2.36,+263.4,+20.7,HB	+6.87,+5.8,+20.0,OB	
1700881530.797582	+6.56,+15.4,+21.6,IA	+6.21,+40.0,+21.6,MA	+6.53,+23.4,+21.6,IA	+6.82,+7.5,+20.0,EB	+2.36,+263.3,+20.8,@B	+6.87,+5.7,+20.0,@B	
1700881592.8079457	+6.56,+15.4,+21.6,IA	+6.21,+40.0,+21.6,MA	+6.53,+23.4,+21.6,IA	+6.82,+7.5,+20.0,EB	+2.36,+263.4,+20.8,GB	+6.87,+5.8,+20.0,OB	
1700881654.818048	+6.56,+15.3,+21.6,NA	+6.21,+40.0,+21.6,MA	+6.53,+23.3,+21.6,NA	+6.82,+7.5,+20.0,EB	+2.36,+263.3,+20.8,@B	+6.87,+5.7,+20.0,@B	
1700881716.8269012	+6.56,+15.3,+21.6,NA	+6.21,+40.1,+21.6,LA	+6.53,+23.3,+21.6,NA	+6.82,+7.5,+20.1,DB	+2.36,+263.3,+20.8,@B	+6.87,+5.7,+20.0,@B	
1700881778.8381038	+6.56,+15.4,+21.6,IA	+6.21,+40.0,+21.6,MA	+6.53,+23.3,+21.7,OA	+6.82,+7.5,+20.0,EB	+2.36,+263.3,+20.8,@B	+6.87,+5.7,+20.0,@B	
1700881840.8472753	+6.56,+15.3,+21.6,NA	+6.22,+40.0,+21.6,NA	+6.53,+23.5,+21.6,HA	+6.82,+7.5,+20.0,EB	+2.36,+263.4,+20.8,GB	+6.87,+5.7,+20.0,@B	
1700881902.8574715	+6.56,+15.3,+21.6,NA	+6.21,+40.1,+21.6,LA	+6.53,+23.4,+21.7,HA	+6.82,+7.5,+20.1,DB	+2.36,+263.3,+20.8,@B	+6.87,+5.7,+20.0,@B	
1700881964.866944	+6.56,+15.3,+21.6,NA	+6.21,+40.1,+21.6,LA	+6.53,+23.3,+21.7,OA	+6.82,+7.5,+20.0,EB	+2.36,+263.3,+20.8,@B	+6.87,+5.8,+20.0,OB	
1700882026.8766356	+6.56,+15.3,+21.6,NA	+6.21,+40.0,+21.6,MA	+6.53,+23.4,+21.7,HA	+6.82,+7.5,+20.0,EB	+2.36,+263.4,+20.8,GB	+6.87,+5.7,+20.0,@B	
1700882088.887064	+6.56,+15.4,+21.6,IA	+6.21,+40.0,+21.6,MA	+6.53,+23.4,+21.6,IA	+6.82,+7.5,+20.1,DB	+2.36,+263.3,+20.8,@B	+6.87,+5.7,+20.0,@B	
1700882150.8954911	+6.56,+15.3,+21.6,NA	+6.21,+40.0,+21.6,MA	+6.53,+23.4,+21.7,HA	+6.82,+7.5,+20.0,EB	+2.36,+263.4,+20.8,GB	+6.87,+5.7,+20.0,@B	
1700882396.4956226	+6.56,+15.3,+21.6,NA	+6.21,+40.1,+21.6,LA	+6.53,+23.4,+21.6,IA	+6.82,+7.5,+20.0,EB	+2.37,+263.2,+20.8,@B	+6.87,+5.8,+20.0,OB	
1700882458.509846	+6.56,+15.4,+21.6,IA	+6.21,+40.0,+21.6,MA	+6.53,+23.4,+21.7,HA	+6.82,+7.5,+20.0,EB	+2.37,+263.2,+20.8,@B	+6.87,+5.7,+20.0,@B	
1700882520.519588	+6.56,+15.3,+21.6,NA	+6.21,+40.1,+21.6,LA	+6.53,+23.4,+21.6,IA	+6.82,+7.5,+20.0,EB	+2.37,+262.9,+20.8,JB	+6.87,+5.7,+20.0,@B	
1700882582.5277665	+6.56,+15.3,+21.6,NA	+6.21,+40.2,+21.6,OA	+6.53,+23.4,+21.7,HA	+6.82,+7.5,+20.0,EB	+2.37,+263.0,+20.8,BB	+6.87,+5.7,+20.0,@B	
1700882644.5373762	+6.56,+15.3,+21.6,NA	+6.21,+40.1,+21.6,LA	+6.53,+23.4,+21.6,IA	+6.82,+7.5,+20.1,DB	+2.37,+263.2,+20.8,@B	+6.87,+5.7,+20.0,@B	
1700882706.5457623	+6.56,+15.3,+21.6,NA	+6.21,+40.1,+21.6,LA	+6.53,+23.3,+21.6,NA	+6.82,+7.5,+20.0,EB	+2.36,+263.3,+20.8,@B	+6.87,+5.7,+20.0,@B	
1700882768.5499053	+6.56,+15.3,+21.6,NA	+6.21,+40.1,+21.6,LA	+6.53,+23.4,+21.6,IA	+6.82,+7.4,+20.1,EB	+2.36,+263.3,+20.8,@B	+6.87,+5.7,+20.0,@B	
1700882830.5596669	+6.56,+15.3,+21.6,NA	+6.21,+40.1,+21.6,LA	+6.53,+23.3,+21.6,NA	+6.82,+7.4,+20.1,EB	+2.36,+263.4,+20.8,GB	+6.87,+5.7,+20.0,@B	
1700882892.5685391	+6.56,+15.3,+21.6,NA	+6.21,+40.1,+21.6,LA	+6.53,+23.5,+21.6,HA	+6.82,+7.4,+20.0,DB	+2.36,+263.5,+20.8,FB	+6.87,+5.8,+20.0,OB	
1700882954.5771477	+6.56,+15.3,+21.6,NA	+6.21,+40.2,+21.6,OA	+6.53,+23.4,+21.7,HA	+6.82,+7.5,+20.0,EB	+2.36,+263.5,+20.8,FB	+6.87,+5.7,+20.0,@B	
1700883016.5873022	+6.56,+15.3,+21.6,NA	+6.21,+40.2,+21.6,OA	+6.53,+23.4,+21.7,HA	+6.82,+7.4,+20.0,DB	+2.36,+263.6,+20.8,EB	+6.87,+5.7,+20.0,@B	
1700883078.5949652	+6.56,+15.3,+21.6,NA	+6.21,+40.2,+21.6,OA	+6.53,+23.4,+21.7,HA	+6.82,+7.5,+20.0,EB	+2.38,+262.2,+20.8,NB	+6.87,+5.7,+20.0,@B	
1700883140.6031344	+6.56,+15.3,+21.6,NA	+6.21,+40.2,+21.6,OA	+6.53,+23.4,+21.7,HA	+6.82,+7.5,+20.0,EB	+2.38,+262.2,+20.8,NB	+6.87,+5.7,+20.0,@B	
1700883202.6131277	+6.56,+15.3,+21.6,NA	+6.21,+40.1,+21.6,LA	+6.53,+23.3,+21.7,OA	+6.82,+7.4,+20.1,EB	+2.38,+262.5,+20.8,IB	+6.87,+5.7,+20.0,@B	
1700883264.6217334	+6.56,+15.4,+21.6,IA	+6.21,+40.2,+21.6,OA	+6.53,+23.4,+21.7,HA	+6.82,+7.5,+20.1,DB	+2.38,+262.6,+20.8,JB	+6.87,+5.7,+20.0,@B	
1700883326.6312673	+6.56,+15.3,+21.6,NA	+6.21,+40.1,+21.6,LA	+6.53,+23.4,+21.6,IA	+6.82,+7.5,+20.0,EB	+2.37,+262.7,+20.8,DB	+6.87,+5.7,+20.0,@B	
1700883388.6397736	+6.56,+15.3,+21.6,NA	+6.21,+40.1,+21.6,LA	+6.53,+23.4,+21.7,HA	+6.82,+7.5,+20.1,DB	+2.38,+262.7,+20.8,KB	+6.87,+5.7,+20.0,@B	
1700883450.6494083	+6.56,+15.3,+21.6,NA	+6.21,+40.2,+21.6,OA	+6.53,+23.3,+21.7,OA	+6.82,+7.5,+20.0,EB	+2.37,+262.8,+20.8,KB	+6.87,+5.7,+20.0,@B	
1700883512.6584475	+6.56,+15.3,+21.6,NA	+6.21,+40.2,+21.6,OA	+6.53,+23.4,+21.6,IA	+6.82,+7.5,+20.0,EB	+2.37,+262.8,+20.8,KB	+6.87,+5.7,+20.0,@B	
1700883574.6680489	+6.56,+15.3,+21.6,NA	+6.21,+40.1,+21.6,LA	+6.53,+23.4,+21.7,HA	+6.82,+7.4,+20.1,EB	+2.37,+262.9,+20.8,JB	+6.87,+5.8,+20.0,OB	
1700883636.6774619	+6.56,+15.3,+21.6,NA	+6.21,+40.2,+21.6,OA	+6.53,+23.3,+21.6,NA	+6.82,+7.5,+20.0,EB	+2.37,+262.9,+20.8,JB	+6.87,+5.7,+20.0,@B	
1700883698.6870637	+6.56,+15.4,+21.6,IA	+6.21,+40.2,+21.6,OA	+6.53,+23.3,+21.7,OA	+6.82,+7.4,+20.1,EB	+2.37,+263.0,+20.8,BB	+6.87,+5.7,+20.0,@B	
1700883760.6923547	+6.56,+15.3,+21.6,NA	+6.21,+40.2,+21.6,OA	+6.53,+23.4,+21.7,HA	+6.82,+7.5,+20.0,EB	+2.37,+263.0,+20.8,BB	+6.87,+5.7,+20.0,@B	
1700883822.7018673	+6.56,+15.3,+21.6,NA	+6.21,+40.1,+21.6,LA	+6.53,+23.4,+21.6,IA	+6.82,+7.5,+20.1,DB	+2.37,+263.1,+20.8,CB	+6.87,+5.8,+20.0,OB	
1700883884.7124834	+6.56,+15.4,+21.6,IA	+6.21,+40.1,+21.6,LA	+6.53,+23.3,+21.7,OA	+6.82,+7.4,+20.0,DB	+2.37,+263.1,+20.8,CB	+6.87,+5.7,+20.0,@B	
1700883946.7216382	+6.56,+15.3,+21.6,NA	+6.21,+40.1,+21.6,LA	+6.53,+23.4,+21.7,HA	+6.82,+7.5,+20.0,EB	+2.37,+263.2,+20.8,@B	+6.87,+5.7,+20.0,@B	
1700884008.7286925	+6.56,+15.3,+21.6,NA	+6.21,+40.2,+21.6,OA	+6.53,+23.4,+21.7,HA	+6.82,+7.5,+20.1,DB	+2.36,+263.3,+20.8,@B	+6.87,+5.7,+20.0,@B	
1700884070.7379766	+6.56,+15.3,+21.6,NA	+6.21,+40.2,+21.6,OA	+6.53,+23.5,+21.7,IA	+6.82,+7.5,+20.0,EB	+2.36,+263.3,+20.8,@B	+6.87,+5.7,+20.0,@B	
1700884132.7459636	+6.56,+15.2,+21.7,NA	+6.21,+40.1,+21.6,LA	+6.53,+23.4,+21.7,HA	+6.82,+7.4,+20.1,EB	+2.36,+263.3,+20.8,@B	+6.87,+5.7,+20.0,@B	
1700884194.7504175	+6.56,+15.4,+21.6,IA	+6.21,+40.1,+21.6,LA	+6.53,+23.4,+21.7,HA	+6.82,+7.4,+20.0,DB	+2.36,+263.4,+20.8,GB	+6.87,+5.7,+20.0,@B	
1700884256.7600808	+6.56,+15.3,+21.6,NA	+6.21,+40.1,+21.6,LA	+6.53,+23.4,+21.7,HA	+6.82,+7.4,+20.0,DB	+2.36,+263.4,+20.8,GB	+6.87,+5.7,+20.0,@B	
1700884318.7706208	+6.56,+15.3,+21.6,NA	+6.21,+40.1,+21.6,LA	+6.53,+23.4,+21.7,HA	+6.82,+7.5,+20.1,DB	+2.36,+263.4,+20.8,GB	+6.87,+5.7,+20.0,@B	
1700884380.7803526	+6.56,+15.2,+21.6,OA	+6.21,+40.1,+21.6,LA	+6.53,+23.4,+21.7,HA	+6.82,+7.4,+20.1,EB	+2.36,+263.5,+20.8,FB	+6.87,+5.7,+20.0,@B	
1700884442.789994	+6.56,+15.3,+21.6,NA	+6.21,+40.2,+21.6,OA	+6.53,+23.3,+21.7,OA	+6.82,+7.5,+20.0,EB	+2.36,+263.6,+20.8,EB	+6.87,+5.8,+20.0,OB	
1700884504.7994978	+6.56,+15.3,+21.7,OA	+6.21,+40.1,+21.6,LA	+6.53,+23.4,+21.7,HA	+6.82,+7.5,+20.1,DB	+2.36,+263.5,+20.8,FB	+6.87,+5.7,+20.0,@B	
1700884566.807938	+6.56,+15.3,+21.6,NA	+6.21,+40.1,+21.6,LA	+6.53,+23.4,+21.7,HA	+6.82,+7.5,+20.1,DB	+2.36,+263.3,+20.8,@B	+6.87,+5.7,+20.0,@B	
1700884628.8152163	+6.56,+15.3,+21.6,NA	+6.21,+40.1,+21.6,LA	+6.53,+23.4,+21.6,IA	+6.82,+7.5,+20.1,DB	+2.36,+263.7,+20.8,DB	+6.87,+5.7,+20.0,@B	
1700884690.8251972	+6.56,+15.3,+21.6,NA	+6.21,+40.1,+21.6,LA	+6.53,+23.3,+21.7,OA	+6.82,+7.5,+20.0,EB	+2.36,+263.8,+20.8,KB	+6.87,+5.7,+20.0,@B	
1700884752.8348024	+6.56,+15.3,+21.6,NA	+6.21,+40.1,+21.6,LA	+6.53,+23.4,+21.7,HA	+6.82,+7.4,+20.1,EB	+2.36,+263.5,+20.8,FB	+6.87,+5.7,+20.0,@B	
1700884814.8454213	+6.56,+15.4,+21.6,IA	+6.21,+40.0,+21.6,MA	+6.53,+23.4,+21.7,HA	+6.82,+7.4,+20.1,EB	+2.36,+263.6,+20.8,EB	+6.87,+5.7,+20.0,@B	
1700884876.8537831	+6.56,+15.3,+21.6,NA	+6.21,+40.1,+21.6,LA	+6.53,+23.3,+21.6,NA	+6.82,+7.4,+20.0,DB	+2.36,+263.8,+20.8,KB	+6.87,+5.7,+20.0,@B	
1700884938.8633568	+6.56,+15.3,+21.6,NA	+6.21,+40.2,+21.6,OA	+6.53,+23.4,+21.7,HA	+6.82,+7.4,+20.1,EB	+2.35,+263.9,+20.8,IB	+6.87,+5.7,+20.0,@B	
1700885000.873289	+6.56,+15.3,+21.7,OA	+6.21,+40.1,+21.6,LA	+6.53,+23.4,+21.7,HA	+6.82,+7.5,+20.1,DB	+2.35,+264.0,+20.8,GB	+6.87,+5.7,+20.0,@B	
1700885062.8832417	+6.56,+15.3,+21.7,OA	+6.21,+40.1,+21.6,LA	+6.53,+23.4,+21.7,HA	+6.82,+7.4,+20.1,EB	+2.35,+264.2,+20.8,EB	+6.87,+5.7,+20.0,@B	
1700885124.892591	+6.56,+15.3,+21.6,NA	+6.21,+40.1,+21.6,LA	+6.53,+23.4,+21.7,HA	+6.82,+7.4,+20.1,EB	+2.35,+264.2,+20.8,EB	+6.87,+5.7,+20.0,@B	
1700885186.9020789	+6.56,+15.3,+21.6,NA	+6.21,+40.1,+21.6,LA	+6.53,+23.3,+21.7,OA	+6.82,+7.4,+20.1,EB	+2.35,+264.3,+20.8,DB	+6.87,+5.6,+20.0,AB	
1700885248.911795	+6.56,+15.3,+21.7,OA	+6.21,+40.1,+21.6,LA	+6.53,+23.4,+21.7,HA	+6.82,+7.4,+20.1,EB	+2.36,+263.7,+20.8,DB	+6.87,+5.7,+20.0,@B	
1700885310.9221427	+6.56,+15.4,+21.7,HA	+6.21,+40.1,+21.6,LA	+6.53,+23.4,+21.7,HA	+6.82,+7.5,+20.1,DB	+2.36,+263.8,+20.8,KB	+6.87,+5.7,+20.0,@B	
1700885372.9295642	+6.56,+15.3,+21.7,OA	+6.21,+40.1,+21.6,LA	+6.53,+23.4,+21.7,HA	+6.82,+7.4,+20.1,EB	+2.36,+263.8,+20.8,KB	+6.87,+5.7,+20.0,@B	
1700885434.9385147	+6.56,+15.3,+21.7,OA	+6.21,+40.1,+21.6,LA	+6.53,+23.4,+21.7,HA	+6.82,+7.4,+20.1,EB	+2.35,+263.9,+20.8,IB	+6.87,+5.7,+20.0,@B	
1700885496.9477482	+6.56,+15.3,+21.7,OA	+6.21,+40.1,+21.6,LA	+6.53,+23.4,+21.7,HA	+6.82,+7.4,+20.1,EB	+2.36,+263.8,+20.8,KB	+6.87,+5.7,+20.0,@B	
1700885558.957855	+6.56,+15.3,+21.7,OA	+6.21,+40.1,+21.6,LA	+6.53,+23.4,+21.7,HA	+6.82,+7.5,+20.1,DB	+2.37,+263.2,+20.8,@B	+6.87,+5.7,+20.0,@B	
1700885620.9685102	+6.56,+15.3,+21.7,OA	+6.21,+40.2,+21.6,OA	+6.53,+23.4,+21.7,HA	+6.82,+7.4,+20.1,EB	+2.36,+263.4,+20.8,GB	+6.87,+5.7,+20.0,@B	
1700885682.9779313	+6.56,+15.4,+21.7,HA	+6.21,+40.1,+21.6,LA	+6.53,+23.3,+21.7,OA	+6.82,+7.5,+20.1,DB	+2.36,+263.4,+20.8,GB	+6.87,+5.7,+20.0,@B	
1700885744.9863095	+6.56,+15.3,+21.7,OA	+6.21,+40.1,+21.6,LA	+6.53,+23.3,+21.7,OA	+6.82,+7.5,+20.1,DB	+2.36,+263.5,+20.8,FB	+6.87,+5.7,+20.0,@B	
1700885806.994778	+6.56,+15.3,+21.7,OA	+6.21,+40.2,+21.6,OA	+6.53,+23.4,+21.7,HA	+6.82,+7.4,+20.1,EB	+2.36,+263.7,+20.8,DB	+6.87,+5.7,+20.0,@B	
1700885869.0028238	+6.56,+15.3,+21.7,OA	+6.21,+40.1,+21.6,LA	+6.53,+23.4,+21.7,HA	+6.82,+7.4,+20.1,EB	+2.36,+263.7,+20.8,DB	+6.87,+5.7,+20.0,@B	
1700885931.0149136	+6.56,+15.3,+21.7,OA	+6.21,+40.1,+21.6,LA	+6.53,+23.3,+21.7,OA	+6.82,+7.5,+20.1,DB	+2.35,+263.9,+20.8,IB	+6.87,+5.7,+20.0,@B	
1700885993.0218253	+6.56,+15.3,+21.7,OA	+6.21,+40.1,+21.6,LA	+6.53,+23.4,+21.6,IA	+6.82,+7.4,+20.1,EB	+2.35,+263.9,+20.8,IB	+6.87,+5.7,+20.0,@B	
1700886238.603059	+6.56,+15.3,+21.6,NA	+6.21,+40.1,+21.6,LA	+6.53,+23.3,+21.7,OA	+6.82,+7.4,+20.1,EB	+2.35,+264.2,+20.8,EB	+6.87,+5.7,+20.0,@B	
1700886300.612617	+6.56,+15.3,+21.7,OA	+6.21,+40.2,+21.6,OA	+6.53,+23.4,+21.7,HA	+6.82,+7.4,+20.1,EB	+2.35,+264.4,+20.8,CB	+6.87,+5.7,+20.0,@B	
1700886362.6210735	+6.56,+15.3,+21.7,OA	+6.21,+40.1,+21.6,LA	+6.53,+23.5,+21.7,IA	+6.82,+7.5,+20.1,DB	+2.34,+264.7,+20.8,AB	+6.87,+5.7,+20.0,@B	
1700886424.6283448	+6.56,+15.2,+21.7,NA	+6.21,+40.2,+21.6,OA	+6.53,+23.4,+21.7,HA	+6.82,+7.4,+20.1,EB	+2.34,+264.8,+20.8,NB	+6.87,+5.7,+20.0,@B	
1700886486.6385844	+6.56,+15.3,+21.7,OA	+6.21,+40.2,+21.7,NA	+6.53,+23.4,+21.7,HA	+6.82,+7.4,+20.1,EB	+2.34,+264.8,+20.8,NB	+6.87,+5.7,+20.0,@B	
1700886548.6462703	+6.56,+15.3,+21.6,NA	+6.21,+40.1,+21.7,MA	+6.53,+23.4,+21.7,HA	+6.82,+7.4,+20.1,EB	+2.34,+264.8,+20.8,NB	+6.87,+5.7,+20.0,@B	
1700886610.655003	+6.56,+15.3,+21.7,OA	+6.21,+40.1,+21.6,LA	+6.53,+23.4,+21.7,HA	+6.82,+7.4,+20.1,EB	+2.34,+264.6,+20.8,@B	+6.87,+5.8,+20.1,NB	
1700886672.6666415	+6.56,+15.3,+21.7,OA	+6.21,+40.0,+21.6,MA	+6.53,+23.4,+21.7,HA	+6.82,+7.5,+20.1,DB	+2.34,+264.9,+20.8,OB	+6.87,+5.7,+20.0,@B	
1700886734.675435	+6.56,+15.3,+21.7,OA	+6.21,+40.1,+21.7,MA	+6.53,+23.4,+21.7,HA	+6.82,+7.5,+20.1,DB	+2.34,+264.8,+20.8,NB	+6.87,+5.7,+20.0,@B	
1700886796.683083	+6.56,+15.3,+21.7,OA	+6.21,+40.1,+21.6,LA	+6.53,+23.4,+21.7,HA	+6.82,+7.5,+20.1,DB	+2.34,+264.8,+20.8,NB	+6.87,+5.7,+20.1,AB	
1700886858.6911027	+6.56,+15.3,+21.7,OA	+6.21,+40.0,+21.6,MA	+6.53,+23.4,+21.7,HA	+6.82,+7.5,+20.1,DB	+2.34,+264.8,+20.8,NB	+6.87,+5.7,+20.0,@B	
1700886920.7006106	+6.56,+15.3,+21.7,OA	+6.21,+40.0,+21.7,LA	+6.53,+23.3,+21.7,OA	+6.82,+7.4,+20.1,EB	+2.34,+265.0,+20.8,GB	+6.87,+5.7,+20.0,@B	
1700886982.7088437	+6.56,+15.3,+21.7,OA	+6.21,+40.1,+21.6,LA	+6.53,+23.3,+21.7,OA	+6.82,+7.4,+20.1,EB	+2.33,+265.1,+20.8,AB	+6.87,+5.7,+20.1,AB	
1700887044.7183375	+6.56,+15.3,+21.7,OA	+6.21,+40.0,+21.6,MA	+6.53,+23.4,+21.7,HA	+6.82,+7.4,+20.1,EB	+2.33,+265.1,+20.8,AB	+6.87,+5.7,+20.0,@B	
1700887106.7291598	+6.56,+15.3,+21.7,OA	+6.22,+39.9,+21.6,IA	+6.53,+23.3,+21.7,OA	+6.82,+7.4,+20.1,EB	+2.33,+265.1,+20.8,AB	+6.87,+5.7,+20.0,@B	
1700887168.7366176	+6.56,+15.3,+21.7,OA	+6.21,+40.1,+21.6,LA	+6.53,+23.4,+21.7,HA	+6.82,+7.4,+20.1,EB	+2.33,+265.2,+20.8,BB	+6.87,+5.7,+20.0,@B	
1700887230.7464807	+6.56,+15.3,+21.7,OA	+6.21,+40.0,+21.6,MA	+6.53,+23.4,+21.7,HA	+6.82,+7.4,+20.1,EB	+2.34,+265.0,+20.8,GB	+6.87,+5.7,+20.1,AB	
1700887292.756668	+6.56,+15.2,+21.7,NA	+6.21,+40.1,+21.6,LA	+6.53,+23.4,+21.7,HA	+6.82,+7.4,+20.1,EB	+2.34,+264.8,+20.8,NB	+6.87,+5.7,+20.0,@B	
1700887354.7636774	+6.56,+15.3,+21.7,OA	+6.21,+40.1,+21.7,MA	+6.53,+23.4,+21.7,HA	+6.82,+7.4,+20.1,EB	+2.33,+265.3,+20.8,CB	+6.87,+5.7,+20.1,AB	
1700887416.773455	+6.56,+15.3,+21.7,OA	+6.21,+40.1,+21.7,MA	+6.53,+23.4,+21.7,HA	+6.82,+7.4,+20.1,EB	+2.33,+265.3,+20.8,CB	+6.87,+5.7,+20.0,@B	
1700887478.783298	+6.56,+15.3,+21.7,OA	+6.21,+40.1,+21.7,MA	+6.53,+23.3,+21.7,OA	+6.82,+7.4,+20.1,EB	+2.33,+265.3,+20.8,CB	+6.87,+5.7,+20.0,@B	
1700887540.7933805	+6.56,+15.3,+21.7,OA	+6.21,+40.1,+21.6,LA	+6.53,+23.4,+21.7,HA	+6.82,+7.4,+20.1,EB	+2.33,+265.3,+20.8,CB	+6.87,+5.7,+20.0,@B	
1700887602.80209	+6.56,+15.3,+21.7,OA	+6.21,+40.1,+21.7,MA	+6.53,+23.4,+21.7,HA	+6.82,+7.4,+20.1,EB	+2.33,+265.4,+20.8,DB	+6.87,+5.7,+20.1,AB	
1700887664.8094838	+6.56,+15.3,+21.7,OA	+6.21,+40.2,+21.7,NA	+6.53,+23.4,+21.7,HA	+6.82,+7.4,+20.1,EB	+2.33,+265.3,+20.8,CB	+6.87,+5.7,+20.1,AB	
1700887726.8184144	+6.56,+15.3,+21.7,OA	+6.21,+40.2,+21.7,NA	+6.53,+23.3,+21.7,OA	+6.82,+7.4,+20.1,EB	+2.33,+265.4,+20.8,DB	+6.87,+5.7,+20.1,AB	
1700887788.8272743	+6.56,+15.3,+21.7,OA	+6.21,+40.2,+21.7,NA	+6.53,+23.4,+21.7,HA	+6.82,+7.4,+20.1,EB	+2.33,+265.3,+20.8,CB	+6.87,+5.7,+20.1,AB	
1700887850.8338358	+6.56,+15.3,+21.7,OA	+6.21,+40.2,+21.7,NA	+6.53,+23.3,+21.7,OA	+6.82,+7.5,+20.1,DB	+2.33,+265.4,+20.8,DB	+6.87,+5.7,+20.0,@B	
1700887912.8426957	+6.56,+15.3,+21.7,OA	+6.21,+40.2,+21.7,NA	+6.53,+23.3,+21.7,OA	+6.82,+7.4,+20.1,EB	+2.33,+265.5,+20.8,EB	+6.87,+5.7,+20.1,AB	
1700887974.8504224	+6.56,+15.3,+21.7,OA	+6.21,+40.3,+21.7,OA	+6.53,+23.3,+21.7,OA	+6.82,+7.4,+20.1,EB	+2.33,+265.2,+20.8,BB	+6.87,+5.7,+20.1,AB	
1700888036.8618267	+6.56,+15.3,+21.7,OA	+6.21,+40.2,+21.7,NA	+6.53,+23.4,+21.7,HA	+6.82,+7.4,+20.1,EB	+2.33,+265.1,+20.9,@B	+6.87,+5.7,+20.1,AB	
1700888098.8719246	+6.56,+15.3,+21.7,OA	+6.21,+40.2,+21.7,NA	+6.53,+23.4,+21.7,HA	+6.82,+7.4,+20.1,EB	+2.33,+265.3,+20.8,CB	+6.87,+5.7,+20.1,AB	
1700888160.8811276	+6.56,+15.3,+21.7,OA	+6.21,+40.1,+21.7,MA	+6.53,+23.4,+21.7,HA	+6.82,+7.3,+20.1,BB	+2.32,+265.7,+20.8,FB	+6.87,+5.7,+20.1,AB	
1700888222.8913543	+6.56,+15.3,+21.7,OA	+6.21,+40.2,+21.7,NA	+6.53,+23.4,+21.7,HA	+6.82,+7.4,+20.1,EB	+2.32,+265.8,+20.9,HB	+6.87,+5.7,+20.1,AB	
1700888284.901645	+6.56,+15.3,+21.7,OA	+6.21,+40.2,+21.7,NA	+6.53,+23.5,+21.7,IA	+6.82,+7.4,+20.1,EB	+2.32,+265.9,+20.8,HB	+6.87,+5.7,+20.1,AB	
1700888346.9095654	+6.56,+15.3,+21.7,OA	+6.21,+40.2,+21.7,NA	+6.53,+23.4,+21.7,HA	+6.82,+7.4,+20.2,FB	+2.32,+266.0,+20.8,BB	+6.87,+5.7,+20.1,AB	
1700888408.9183736	+6.56,+15.3,+21.7,OA	+6.21,+40.2,+21.7,NA	+6.53,+23.4,+21.7,HA	+6.82,+7.4,+20.1,EB	+2.32,+266.1,+20.9,BB	+6.87,+5.7,+20.1,AB	
1700888470.92745	+6.56,+15.3,+21.7,OA	+6.21,+40.2,+21.7,NA	+6.53,+23.4,+21.7,HA	+6.82,+7.4,+20.1,EB	+2.32,+266.0,+20.9,CB	+6.87,+5.7,+20.1,AB	
1700888532.9377847	+6.56,+15.3,+21.7,OA	+6.21,+40.2,+21.7,NA	+6.53,+23.5,+21.7,IA	+6.82,+7.4,+20.1,EB	+2.32,+266.0,+20.9,CB	+6.87,+5.7,+20.1,AB	
1700888594.9494774	+6.56,+15.3,+21.7,OA	+6.21,+40.2,+21.7,NA	+6.53,+23.4,+21.7,HA	+6.82,+7.4,+20.1,EB	+2.31,+266.2,+20.8,CB	+6.87,+5.7,+20.1,AB	
1700888656.9593618	+6.56,+15.3,+21.7,OA	+6.21,+40.1,+21.7,MA	+6.53,+23.4,+21.7,HA	+6.82,+7.4,+20.2,FB	+2.31,+266.4,+20.8,EB	+6.87,+5.6,+20.1,@B	
1700888718.968496	+6.56,+15.3,+21.7,OA	+6.21,+40.2,+21.7,NA	+6.53,+23.4,+21.7,HA	+6.82,+7.4,+20.1,EB	+2.31,+266.3,+20.9,CB	+6.87,+5.7,+20.1,AB	
1700888780.9766757	+6.56,+15.3,+21.7,OA	+6.21,+40.1,+21.7,MA	+6.53,+23.3,+21.7,OA	+6.82,+7.3,+20.1,BB	+2.32,+266.1,+20.9,BB	+6.87,+5.7,+20.1,AB	
1700888842.9860263	+6.56,+15.3,+21.7,OA	+6.21,+40.2,+21.7,NA	+6.53,+23.4,+21.7,HA	+6.82,+7.4,+20.1,EB	+2.31,+266.4,+20.9,DB	+6.87,+5.7,+20.1,AB	
1700888904.9963431	+6.56,+15.3,+21.7,OA	+6.21,+40.2,+21.7,NA	+6.53,+23.3,+21.7,OA	+6.82,+7.4,+20.1,EB	+2.31,+266.5,+20.9,EB	+6.87,+5.7,+20.1,AB	
1700888967.00672	+6.56,+15.3,+21.7,OA	+6.21,+40.1,+21.7,MA	+6.53,+23.4,+21.7,HA	+6.82,+7.4,+20.2,FB	+2.31,+266.7,+20.9,GB	+6.87,+5.7,+20.1,AB	
1700889029.0167665	+6.56,+15.4,+21.7,HA	+6.21,+40.2,+21.7,NA	+6.53,+23.4,+21.7,HA	+6.82,+7.4,+20.2,FB	+2.30,+266.8,+20.9,IB	+6.87,+5.7,+20.1,AB	
1700889091.0245812	+6.56,+15.3,+21.7,OA	+6.21,+40.2,+21.7,NA	+6.53,+23.4,+21.7,HA	+6.82,+7.4,+20.2,FB	+2.31,+266.7,+20.9,GB	+6.87,+5.7,+20.1,AB	
1700889153.0336142	+6.56,+15.3,+21.7,OA	+6.21,+40.2,+21.7,NA	+6.53,+23.3,+21.7,OA	+6.82,+7.4,+20.2,FB	+2.31,+266.7,+20.9,GB	+6.87,+5.6,+20.1,@B	
1700889215.0437572	+6.56,+15.3,+21.7,OA	+6.21,+40.2,+21.7,NA	+6.53,+23.4,+21.7,HA	+6.82,+7.4,+20.1,EB	+2.31,+266.7,+20.9,GB	+6.87,+5.7,+20.1,AB	
1700889277.0533352	+6.56,+15.2,+21.7,NA	+6.21,+40.1,+21.7,MA	+6.53,+23.3,+21.7,OA	+6.82,+7.4,+20.2,FB	+2.30,+267.0,+20.9,@B	+6.87,+5.7,+20.1,AB	
1700889339.0660188	+6.56,+15.2,+21.7,NA	+6.21,+40.2,+21.7,NA	+6.53,+23.5,+21.8,FA	+6.82,+7.4,+20.2,FB	+2.30,+266.8,+20.9,IB	+6.87,+5.7,+20.1,AB	
1700889401.073947	+6.56,+15.3,+21.7,OA	+6.21,+40.1,+21.7,MA	+6.53,+23.4,+21.8,GA	+6.82,+7.4,+20.2,FB	+2.31,+266.7,+20.8,FB	+6.87,+5.7,+20.1,AB	
1700889463.0844364	+6.56,+15.3,+21.8,@A	+6.21,+40.1,+21.7,MA	+6.53,+23.4,+21.8,GA	+6.83,+7.3,+20.2,@B	+2.30,+266.9,+20.9,HB	+6.87,+5.7,+20.1,AB	
1700889525.0938053	+6.56,+15.3,+21.7,OA	+6.21,+40.2,+21.7,NA	+6.53,+23.4,+21.8,GA	+6.82,+7.3,+20.2,AB	+2.30,+266.9,+20.9,HB	+6.87,+5.7,+20.1,AB	
1700889587.103415	+6.56,+15.3,+21.7,OA	+6.21,+40.2,+21.7,NA	+6.53,+23.4,+21.8,GA	+6.82,+7.4,+20.2,FB	+2.30,+266.9,+20.9,HB	+6.87,+5.7,+20.1,AB	
1700889649.1082468	+6.56,+15.3,+21.7,OA	+6.21,+40.1,+21.7,MA	+6.53,+23.4,+21.8,GA	+6.82,+7.4,+20.2,FB	+2.30,+266.9,+20.9,HB	+6.87,+5.7,+20.1,AB	
1700889711.1187906	+6.56,+15.3,+21.7,OA	+6.21,+40.2,+21.7,NA	+6.53,+23.3,+21.8,@A	+6.82,+7.4,+20.2,FB	+2.30,+267.0,+20.9,@B	+6.87,+5.7,+20.1,AB	
1700889773.1262758	+6.56,+15.3,+21.7,OA	+6.21,+40.2,+21.7,NA	+6.53,+23.4,+21.8,GA	+6.82,+7.4,+20.2,FB	+2.30,+266.9,+20.9,HB	+6.87,+5.7,+20.1,AB	
1700889835.1343071	+6.56,+15.3,+21.7,OA	+6.21,+40.2,+21.7,NA	+6.53,+23.4,+21.8,GA	+6.82,+7.3,+20.2,AB	+2.31,+266.8,+20.9,HB	+6.87,+5.7,+20.1,AB	
1700890080.7401743	+6.56,+15.3,+21.7,OA	+6.21,+40.1,+21.7,MA	+6.53,+23.3,+21.8,@A	+6.82,+7.3,+20.2,AB	+2.31,+266.4,+20.9,DB	+6.87,+5.7,+20.1,AB	
