62309060476	62309060477	62309060478	62309060479	62309060481	62309060482	
1701452017.7497022	+6.63,+10.9,+21.2,CA	+6.32,+34.0,+21.3,IA	+6.67,+15.3,+21.1,KA	+6.96,-0.3,+19.7,JB	+2.30,+267.2,+20.8,CB	+6.92,+2.6,+19.5,MB	
1701452079.7574165	+6.63,+10.9,+21.2,CA	+6.32,+34.0,+21.3,IA	+6.67,+15.3,+21.1,KA	+6.96,-0.4,+19.6,LB	+2.30,+267.0,+20.8,AB	+6.92,+2.7,+19.5,LB	
1701452141.765434	+6.63,+10.9,+21.2,CA	+6.32,+34.1,+21.2,IA	+6.67,+15.2,+21.1,JA	+6.96,-0.4,+19.6,LB	+2.30,+267.0,+20.7,NB	+6.92,+2.7,+19.5,LB	
1701452203.772255	+6.63,+10.9,+21.1,@A	+6.32,+34.1,+21.2,IA	+6.67,+15.4,+21.1,LA	+6.96,-0.4,+19.6,LB	+2.31,+266.5,+20.7,KB	+6.92,+2.7,+19.5,LB	
1701452265.779652	+6.63,+10.9,+21.1,@A	+6.32,+34.1,+21.2,IA	+6.67,+15.3,+21.1,KA	+6.96,-0.4,+19.6,LB	+2.30,+267.1,+20.7,OB	+6.92,+2.7,+19.5,LB	
1701452327.7883387	+6.63,+10.9,+21.1,@A	+6.32,+34.1,+21.2,IA	+6.67,+15.3,+21.1,KA	+6.96,-0.4,+19.6,LB	+2.30,+267.1,+20.7,OB	+6.92,+2.6,+19.5,MB	
1701452389.7967927	+6.63,+10.9,+21.1,@A	+6.32,+34.1,+21.2,IA	+6.67,+15.3,+21.1,KA	+6.96,-0.3,+19.6,KB	+2.30,+267.1,+20.7,OB	+6.92,+2.7,+19.5,LB	
1701452451.8080943	+6.63,+10.9,+21.1,@A	+6.32,+34.1,+21.2,IA	+6.67,+15.2,+21.1,JA	+6.96,-0.3,+19.6,KB	+2.30,+267.0,+20.7,NB	+6.92,+2.7,+19.5,LB	
1701452513.8177948	+6.63,+11.0,+21.1,HA	+6.32,+34.1,+21.2,IA	+6.67,+15.3,+21.1,KA	+6.96,-0.4,+19.6,LB	+2.30,+266.9,+20.7,FB	+6.92,+2.7,+19.5,LB	
1701452575.8259249	+6.63,+11.0,+21.1,HA	+6.32,+34.0,+21.2,HA	+6.67,+15.3,+21.1,KA	+6.96,-0.4,+19.6,LB	+2.31,+266.5,+20.7,KB	+6.92,+2.7,+19.5,LB	
1701452637.8327246	+6.63,+10.9,+21.1,@A	+6.32,+34.0,+21.2,HA	+6.67,+15.2,+21.1,JA	+6.96,-0.4,+19.6,LB	+2.30,+266.6,+20.7,IB	+6.92,+2.7,+19.5,LB	
1701452699.8437848	+6.63,+10.9,+21.1,@A	+6.32,+34.1,+21.2,IA	+6.67,+15.3,+21.1,KA	+6.96,-0.4,+19.6,LB	+2.30,+266.9,+20.7,FB	+6.92,+2.6,+19.5,MB	
1701452761.8505514	+6.63,+10.9,+21.1,@A	+6.32,+34.0,+21.2,HA	+6.67,+15.2,+21.1,JA	+6.96,-0.4,+19.6,LB	+2.30,+266.8,+20.7,GB	+6.92,+2.7,+19.5,LB	
1701452823.8603063	+6.63,+10.9,+21.1,@A	+6.32,+34.1,+21.2,IA	+6.67,+15.4,+21.1,LA	+6.96,-0.4,+19.6,LB	+2.30,+267.0,+20.7,NB	+6.92,+2.7,+19.5,LB	
1701452885.8695595	+6.63,+10.9,+21.1,@A	+6.32,+34.0,+21.2,HA	+6.67,+15.3,+21.1,KA	+6.96,-0.4,+19.6,LB	+2.30,+267.1,+20.7,OB	+6.92,+2.7,+19.5,LB	
1701452947.8811116	+6.63,+10.9,+21.1,@A	+6.32,+34.1,+21.2,IA	+6.67,+15.4,+21.1,LA	+6.96,-0.4,+19.6,LB	+2.30,+267.1,+20.7,OB	+6.92,+2.8,+19.5,CB	
1701453009.8917484	+6.63,+10.9,+21.1,@A	+6.32,+34.1,+21.2,IA	+6.67,+15.4,+21.1,LA	+6.96,-0.4,+19.6,LB	+2.30,+267.1,+20.7,OB	+6.92,+2.7,+19.5,LB	
1701453071.9010181	+6.63,+10.9,+21.1,@A	+6.32,+34.1,+21.2,IA	+6.67,+15.3,+21.0,JA	+6.96,-0.4,+19.6,LB	+2.30,+267.0,+20.7,NB	+6.92,+2.8,+19.5,CB	
1701453133.908713	+6.63,+11.0,+21.1,HA	+6.32,+34.1,+21.2,IA	+6.67,+15.3,+21.1,KA	+6.96,-0.4,+19.5,OB	+2.30,+266.9,+20.7,FB	+6.92,+2.8,+19.4,BB	
1701453195.9182951	+6.63,+10.9,+21.1,@A	+6.32,+34.0,+21.2,HA	+6.67,+15.4,+21.0,MA	+6.96,-0.4,+19.6,LB	+2.30,+266.8,+20.7,GB	+6.92,+2.8,+19.5,CB	
1701453257.928365	+6.63,+10.9,+21.0,AA	+6.32,+34.1,+21.2,IA	+6.67,+15.3,+21.0,JA	+6.96,-0.4,+19.5,OB	+2.30,+266.7,+20.7,HB	+6.92,+2.8,+19.5,CB	
1701453319.9380977	+6.63,+11.1,+21.1,IA	+6.32,+34.1,+21.2,IA	+6.67,+15.3,+21.0,JA	+6.96,-0.4,+19.5,OB	+2.30,+266.8,+20.6,FB	+6.92,+2.8,+19.4,BB	
1701453381.9493332	+6.63,+11.0,+21.1,HA	+6.32,+34.1,+21.2,IA	+6.67,+15.3,+21.0,JA	+6.96,-0.3,+19.5,HB	+2.30,+266.8,+20.6,FB	+6.92,+2.7,+19.4,MB	
1701453443.9584363	+6.63,+11.0,+21.1,HA	+6.32,+34.1,+21.1,JA	+6.67,+15.4,+21.0,MA	+6.96,-0.4,+19.5,OB	+2.30,+266.8,+20.7,GB	+6.92,+2.8,+19.4,BB	
1701453505.967947	+6.63,+11.0,+21.0,IA	+6.32,+34.1,+21.2,IA	+6.67,+15.4,+21.0,MA	+6.96,-0.4,+19.5,OB	+2.30,+266.7,+20.6,IB	+6.92,+2.8,+19.4,BB	
1701453567.975363	+6.63,+11.0,+21.0,IA	+6.32,+34.0,+21.1,KA	+6.67,+15.4,+21.0,MA	+6.96,-0.3,+19.5,HB	+2.30,+266.7,+20.6,IB	+6.92,+2.8,+19.4,BB	
1701453629.9839606	+6.63,+10.9,+21.0,AA	+6.32,+34.1,+21.1,JA	+6.67,+15.5,+21.0,LA	+6.96,-0.4,+19.5,OB	+2.30,+266.7,+20.6,IB	+6.92,+2.7,+19.4,MB	
1701453691.9974196	+6.63,+11.0,+21.0,IA	+6.32,+34.0,+21.1,KA	+6.67,+15.4,+21.0,MA	+6.96,-0.4,+19.5,OB	+2.31,+266.4,+20.6,KB	+6.92,+2.8,+19.4,BB	
1701453754.005929	+6.64,+10.7,+21.1,IA	+6.32,+34.0,+21.2,HA	+6.67,+15.3,+21.0,JA	+6.96,-0.4,+19.5,OB	+2.31,+266.3,+20.6,LB	+6.92,+2.8,+19.4,BB	
1701453816.014003	+6.64,+10.7,+21.0,HA	+6.32,+34.0,+21.1,KA	+6.67,+15.4,+21.0,MA	+6.96,-0.4,+19.5,OB	+2.31,+266.5,+20.6,JB	+6.92,+2.8,+19.4,BB	
1701453878.0226412	+6.64,+10.8,+21.0,GA	+6.32,+34.0,+21.1,KA	+6.67,+15.4,+21.0,MA	+6.96,-0.4,+19.5,OB	+2.30,+266.6,+20.6,HB	+6.92,+2.8,+19.4,BB	
1701453940.0307615	+6.64,+10.7,+21.1,IA	+6.32,+34.0,+21.2,HA	+6.67,+15.3,+21.0,JA	+6.96,-0.4,+19.5,OB	+2.30,+266.7,+20.6,IB	+6.92,+2.8,+19.4,BB	
1701454002.039456	+6.64,+10.7,+21.0,HA	+6.32,+34.0,+21.1,KA	+6.67,+15.4,+21.0,MA	+6.96,-0.4,+19.5,OB	+2.30,+266.8,+20.6,FB	+6.92,+2.8,+19.4,BB	
1701454064.0491076	+6.64,+10.8,+21.0,GA	+6.32,+34.0,+21.1,KA	+6.67,+15.3,+21.0,JA	+6.96,-0.4,+19.5,OB	+2.30,+266.7,+20.6,IB	+6.92,+2.9,+19.4,CB	
1701454126.0547526	+6.64,+10.7,+21.0,HA	+6.32,+34.0,+21.2,HA	+6.67,+15.3,+21.0,JA	+6.96,-0.4,+19.5,OB	+2.30,+266.9,+20.6,GB	+6.92,+2.8,+19.5,CB	
1701454188.0632765	+6.64,+10.7,+21.0,HA	+6.32,+34.0,+21.1,KA	+6.67,+15.4,+21.0,MA	+6.96,-0.4,+19.5,OB	+2.30,+266.9,+20.6,GB	+6.92,+2.8,+19.5,CB	
1701454250.0708928	+6.64,+10.7,+21.0,HA	+6.32,+34.0,+21.1,KA	+6.67,+15.4,+21.0,MA	+6.96,-0.4,+19.5,OB	+2.30,+266.8,+20.6,FB	+6.92,+2.8,+19.5,CB	
1701454312.080846	+6.64,+10.7,+21.0,HA	+6.32,+33.9,+21.2,FA	+6.67,+15.3,+21.0,JA	+6.96,-0.4,+19.5,OB	+2.30,+266.6,+20.6,HB	+6.92,+2.9,+19.5,BB	
1701454374.0891635	+6.64,+10.7,+21.1,IA	+6.32,+34.0,+21.2,HA	+6.67,+15.3,+21.0,JA	+6.96,-0.4,+19.5,OB	+2.31,+266.3,+20.6,LB	+6.92,+2.8,+19.5,CB	
1701454436.0981095	+6.64,+10.8,+21.1,FA	+6.32,+34.0,+21.2,HA	+6.67,+15.4,+21.0,MA	+6.96,-0.4,+19.5,OB	+2.31,+266.5,+20.6,JB	+6.92,+2.9,+19.5,BB	
1701454498.1051843	+6.64,+10.8,+21.0,GA	+6.32,+33.9,+21.2,FA	+6.67,+15.4,+21.0,MA	+6.96,-0.4,+19.5,OB	+2.31,+266.4,+20.6,KB	+6.92,+2.8,+19.5,CB	
1701454560.1147676	+6.64,+10.8,+21.1,FA	+6.32,+34.1,+21.2,IA	+6.67,+15.4,+21.0,MA	+6.96,-0.4,+19.5,OB	+2.31,+266.5,+20.6,JB	+6.92,+2.8,+19.5,CB	
1701454622.1211016	+6.64,+10.7,+21.1,IA	+6.32,+33.9,+21.2,FA	+6.67,+15.4,+21.0,MA	+6.96,-0.4,+19.5,OB	+2.31,+266.0,+20.6,OB	+6.92,+2.8,+19.5,CB	
1701454867.7096183	+6.63,+10.8,+21.0,@A	+6.32,+33.9,+21.2,FA	+6.67,+15.4,+21.0,MA	+6.96,-0.3,+19.5,HB	+2.32,+265.9,+20.6,FB	+6.92,+2.8,+19.5,CB	
1701454929.7202027	+6.63,+10.9,+21.0,AA	+6.32,+34.0,+21.2,HA	+6.67,+15.3,+21.0,JA	+6.96,-0.4,+19.5,OB	+2.32,+265.6,+20.6,IB	+6.92,+2.8,+19.4,BB	
1701454991.730184	+6.64,+10.8,+21.0,GA	+6.32,+34.0,+21.1,KA	+6.67,+15.4,+21.0,MA	+6.96,-0.4,+19.5,OB	+2.32,+265.5,+20.6,JB	+6.92,+2.8,+19.4,BB	
1701455053.7424715	+6.63,+10.8,+21.0,@A	+6.32,+34.0,+21.2,HA	+6.67,+15.3,+21.0,JA	+6.96,-0.4,+19.5,OB	+2.32,+265.6,+20.5,JB	+6.92,+2.9,+19.4,CB	
1701455115.7511704	+6.63,+10.8,+21.0,@A	+6.32,+34.0,+21.1,KA	+6.67,+15.3,+21.0,JA	+6.96,-0.4,+19.5,OB	+2.32,+265.5,+20.5,IB	+6.92,+2.8,+19.5,CB	
1701455177.7585757	+6.63,+10.9,+21.0,AA	+6.32,+34.0,+21.1,KA	+6.67,+15.3,+21.0,JA	+6.96,-0.3,+19.5,HB	+2.32,+265.6,+20.6,IB	+6.92,+2.8,+19.5,CB	
1701455239.7675076	+6.63,+10.9,+21.0,AA	+6.32,+34.0,+21.1,KA	+6.67,+15.3,+21.0,JA	+6.96,-0.4,+19.5,OB	+2.32,+265.6,+20.6,IB	+6.92,+2.8,+19.5,CB	
1701455301.7775497	+6.63,+10.8,+21.0,@A	+6.31,+34.2,+21.1,JA	+6.67,+15.3,+21.0,JA	+6.96,-0.4,+19.5,OB	+2.32,+265.6,+20.5,JB	+6.92,+2.8,+19.5,CB	
1701455363.784802	+6.63,+10.9,+21.0,AA	+6.32,+34.0,+21.1,KA	+6.67,+15.4,+21.0,MA	+6.96,-0.4,+19.6,LB	+2.32,+265.6,+20.5,JB	+6.92,+2.8,+19.5,CB	
1701455425.7959838	+6.63,+10.9,+21.0,AA	+6.32,+34.1,+21.2,IA	+6.67,+15.4,+21.0,MA	+6.96,-0.3,+19.5,HB	+2.32,+265.4,+20.5,HB	+6.92,+2.8,+19.5,CB	
1701455487.8049035	+6.63,+10.8,+21.0,@A	+6.32,+33.9,+21.1,EA	+6.67,+15.3,+21.0,JA	+6.96,-0.4,+19.5,OB	+2.32,+265.6,+20.5,JB	+6.92,+2.8,+19.5,CB	
1701455549.8120258	+6.63,+10.9,+21.0,AA	+6.32,+33.9,+21.2,FA	+6.67,+15.3,+21.0,JA	+6.96,-0.4,+19.5,OB	+2.32,+265.6,+20.6,IB	+6.92,+2.8,+19.5,CB	
1701455611.8210988	+6.63,+10.9,+21.0,AA	+6.32,+34.0,+21.1,KA	+6.67,+15.4,+21.0,MA	+6.96,-0.4,+19.5,OB	+2.32,+265.7,+20.6,HB	+6.92,+2.9,+19.5,BB	
1701455673.8299396	+6.63,+10.9,+21.0,AA	+6.32,+33.9,+21.1,EA	+6.67,+15.4,+21.0,MA	+6.96,-0.4,+19.5,OB	+2.32,+265.6,+20.6,IB	+6.92,+2.8,+19.4,BB	
1701455735.8397667	+6.63,+10.9,+21.0,AA	+6.32,+33.9,+21.1,EA	+6.67,+15.4,+21.0,MA	+6.96,-0.4,+19.5,OB	+2.36,+263.5,+20.5,KB	+6.92,+2.9,+19.5,BB	
1701455797.8491414	+6.63,+10.9,+21.0,AA	+6.32,+33.9,+21.1,EA	+6.67,+15.4,+21.0,MA	+6.96,-0.4,+19.5,OB	+2.35,+263.9,+20.5,DB	+6.92,+2.8,+19.4,BB	
1701455859.859366	+6.63,+10.8,+21.0,@A	+6.32,+33.9,+21.1,EA	+6.67,+15.3,+21.0,JA	+6.96,-0.4,+19.5,OB	+2.35,+263.7,+20.5,JB	+6.92,+2.8,+19.5,CB	
1701455921.8686087	+6.63,+10.9,+21.0,AA	+6.32,+34.0,+21.1,KA	+6.67,+15.3,+21.0,JA	+6.96,-0.4,+19.5,OB	+2.35,+263.9,+20.5,DB	+6.92,+2.8,+19.4,BB	
1701455983.8775191	+6.63,+10.8,+21.0,@A	+6.32,+33.9,+21.1,EA	+6.67,+15.4,+21.0,MA	+6.96,-0.4,+19.5,OB	+2.35,+263.9,+20.5,DB	+6.92,+2.8,+19.4,BB	
1701456045.8845332	+6.63,+10.9,+21.0,AA	+6.32,+34.1,+21.1,JA	+6.67,+15.3,+21.0,JA	+6.96,-0.3,+19.5,HB	+2.35,+264.1,+20.5,KB	+6.92,+2.8,+19.4,BB	
1701456107.8930724	+6.63,+10.8,+21.0,@A	+6.32,+33.9,+21.1,EA	+6.67,+15.4,+21.0,MA	+6.96,-0.4,+19.5,OB	+2.35,+264.1,+20.5,KB	+6.92,+2.9,+19.4,CB	
1701456169.901565	+6.63,+10.9,+21.0,AA	+6.32,+34.1,+21.1,JA	+6.67,+15.3,+21.0,JA	+6.96,-0.4,+19.5,OB	+2.35,+264.0,+20.5,JB	+6.92,+2.9,+19.4,CB	
1701456231.9100995	+6.64,+10.8,+21.0,GA	+6.32,+34.0,+21.1,KA	+6.67,+15.4,+21.0,MA	+6.96,-0.4,+19.5,OB	+2.34,+264.3,+20.5,HB	+6.92,+2.8,+19.4,BB	
1701456293.9173663	+6.63,+10.9,+21.0,AA	+6.32,+33.9,+21.1,EA	+6.67,+15.4,+21.0,MA	+6.96,-0.4,+19.5,OB	+2.34,+264.5,+20.5,NB	+6.92,+2.9,+19.4,CB	
1701456355.927053	+6.63,+10.9,+21.0,AA	+6.32,+34.0,+21.1,KA	+6.67,+15.4,+21.0,MA	+6.96,-0.3,+19.5,HB	+2.34,+264.4,+20.5,OB	+6.92,+2.8,+19.4,BB	
1701456417.9372342	+6.63,+10.9,+21.0,AA	+6.32,+33.9,+21.1,EA	+6.67,+15.3,+21.0,JA	+6.96,-0.4,+19.5,OB	+2.34,+264.3,+20.5,HB	+6.92,+2.8,+19.4,BB	
1701456479.944668	+6.63,+10.9,+21.0,AA	+6.32,+34.0,+21.1,KA	+6.67,+15.4,+21.0,MA	+6.96,-0.4,+19.5,OB	+2.32,+265.3,+20.5,OB	+6.92,+2.8,+19.4,BB	
1701456541.95058	+6.63,+10.9,+21.0,AA	+6.32,+33.9,+21.1,EA	+6.67,+15.4,+21.0,MA	+6.96,-0.5,+19.5,NB	+2.32,+265.4,+20.5,HB	+6.92,+2.8,+19.4,BB	
1701456603.9581177	+6.63,+10.9,+21.0,AA	+6.32,+33.9,+21.1,EA	+6.67,+15.3,+21.0,JA	+6.96,-0.4,+19.5,OB	+2.33,+265.2,+20.5,OB	+6.92,+2.9,+19.4,CB	
1701456665.96973	+6.63,+10.9,+21.0,AA	+6.32,+33.9,+21.1,EA	+6.67,+15.3,+21.0,JA	+6.96,-0.4,+19.5,OB	+2.33,+265.2,+20.5,OB	+6.92,+2.9,+19.4,CB	
1701456727.9745939	+6.63,+10.9,+21.0,AA	+6.32,+33.9,+21.1,EA	+6.67,+15.2,+21.0,KA	+6.96,-0.4,+19.5,OB	+2.32,+265.3,+20.5,OB	+6.92,+2.8,+19.5,CB	
1701456789.9816606	+6.63,+10.9,+21.0,AA	+6.32,+33.8,+21.1,DA	+6.67,+15.4,+21.0,MA	+6.96,-0.4,+19.5,OB	+2.32,+265.3,+20.5,OB	+6.92,+2.7,+19.5,LB	
1701456851.988454	+6.63,+10.9,+21.0,AA	+6.32,+33.8,+21.1,DA	+6.67,+15.4,+21.0,MA	+6.96,-0.4,+19.5,OB	+2.32,+265.7,+20.5,KB	+6.92,+2.7,+19.5,LB	
1701456913.996854	+6.63,+10.9,+21.0,AA	+6.32,+33.8,+21.1,DA	+6.67,+15.3,+21.0,JA	+6.96,-0.4,+19.5,OB	+2.31,+266.0,+20.5,LB	+6.92,+2.7,+19.5,LB	
1701456976.0024111	+6.63,+10.9,+21.0,AA	+6.32,+33.8,+21.1,DA	+6.67,+15.4,+21.0,MA	+6.96,-0.4,+19.5,OB	+2.31,+266.0,+20.5,LB	+6.92,+2.7,+19.5,LB	
1701457038.011766	+6.64,+10.6,+21.0,IA	+6.32,+33.9,+21.1,EA	+6.67,+15.3,+21.0,JA	+6.96,-0.4,+19.5,OB	+2.31,+266.2,+20.5,NB	+6.92,+2.8,+19.5,CB	
1701457100.0207665	+6.64,+10.6,+21.0,IA	+6.32,+33.7,+21.1,KA	+6.67,+15.3,+21.0,JA	+6.96,-0.5,+19.5,NB	+2.31,+266.2,+20.5,NB	+6.92,+2.7,+19.5,LB	
1701457162.0270162	+6.64,+10.7,+21.0,HA	+6.32,+33.8,+21.1,DA	+6.67,+15.4,+21.0,MA	+6.96,-0.4,+19.5,OB	+2.32,+265.3,+20.5,OB	+6.92,+2.7,+19.5,LB	
1701457224.0358455	+6.64,+10.6,+21.0,IA	+6.32,+33.8,+21.2,GA	+6.67,+15.4,+21.0,MA	+6.96,-0.4,+19.5,OB	+2.32,+265.8,+20.5,DB	+6.92,+2.7,+19.5,LB	
1701457286.0426333	+6.64,+10.6,+21.0,IA	+6.32,+33.9,+21.1,EA	+6.67,+15.3,+21.0,JA	+6.96,-0.4,+19.5,OB	+2.32,+265.8,+20.5,DB	+6.92,+2.7,+19.5,LB	
1701457348.052039	+6.64,+10.6,+21.0,IA	+6.32,+33.8,+21.1,DA	+6.67,+15.3,+21.0,JA	+6.96,-0.5,+19.5,NB	+2.32,+265.7,+20.5,KB	+6.92,+2.7,+19.5,LB	
1701457410.0615437	+6.64,+10.6,+21.0,IA	+6.32,+33.8,+21.1,DA	+6.67,+15.3,+21.0,JA	+6.96,-0.4,+19.5,OB	+2.31,+265.9,+20.5,FB	+6.92,+2.7,+19.5,LB	
1701457472.0662796	+6.64,+10.7,+21.0,HA	+6.32,+33.9,+21.1,EA	+6.67,+15.3,+21.0,JA	+6.96,-0.4,+19.5,OB	+2.32,+265.7,+20.5,KB	+6.92,+2.6,+19.5,MB	
1701457534.0746064	+6.64,+10.6,+21.0,IA	+6.32,+33.9,+21.1,EA	+6.67,+15.3,+21.1,KA	+6.96,-0.4,+19.5,OB	+2.32,+265.8,+20.5,DB	+6.92,+2.6,+19.5,MB	
1701457596.0816147	+6.64,+10.7,+21.0,HA	+6.32,+33.9,+21.1,EA	+6.67,+15.3,+21.0,JA	+6.96,-0.4,+19.5,OB	+2.32,+265.7,+20.5,KB	+6.92,+2.6,+19.5,MB	
1701457658.0898404	+6.64,+10.7,+21.0,HA	+6.32,+33.9,+21.1,EA	+6.67,+15.3,+21.0,JA	+6.96,-0.4,+19.5,OB	+2.32,+265.7,+20.5,KB	+6.92,+2.6,+19.5,MB	
1701457720.0991976	+6.64,+10.7,+21.0,HA	+6.32,+33.9,+21.1,EA	+6.67,+15.3,+21.0,JA	+6.96,-0.4,+19.5,OB	+2.31,+266.1,+20.5,MB	+6.92,+2.6,+19.5,MB	
1701457782.1059167	+6.64,+10.7,+21.0,HA	+6.32,+33.9,+21.1,EA	+6.67,+15.2,+21.0,KA	+6.96,-0.3,+19.5,HB	+2.31,+266.2,+20.5,NB	+6.92,+2.7,+19.5,LB	
1701457844.1152034	+6.64,+10.7,+21.0,HA	+6.32,+33.9,+21.1,EA	+6.67,+15.3,+21.0,JA	+6.96,-0.4,+19.5,OB	+2.31,+266.3,+20.5,OB	+6.92,+2.7,+19.5,LB	
1701457906.1251757	+6.64,+10.7,+21.0,HA	+6.32,+33.9,+21.1,EA	+6.67,+15.3,+21.0,JA	+6.96,-0.4,+19.5,OB	+2.30,+266.4,+20.5,IB	+6.92,+2.7,+19.5,LB	
1701457968.1323576	+6.64,+10.8,+21.0,GA	+6.32,+33.9,+21.1,EA	+6.67,+15.3,+21.0,JA	+6.96,-0.4,+19.5,OB	+2.30,+266.4,+20.5,IB	+6.92,+2.6,+19.5,MB	
1701458030.140467	+6.64,+10.8,+21.0,GA	+6.32,+33.9,+21.1,EA	+6.67,+15.3,+21.0,JA	+6.96,-0.4,+19.5,OB	+2.32,+265.5,+20.5,IB	+6.92,+2.7,+19.5,LB	
1701458092.1500041	+6.64,+10.8,+21.0,GA	+6.32,+33.9,+21.1,EA	+6.67,+15.3,+21.0,JA	+6.96,-0.4,+19.5,OB	+2.31,+266.4,+20.4,IB	+6.92,+2.7,+19.5,LB	
1701458154.1593788	+6.63,+10.8,+21.0,@A	+6.32,+33.9,+21.1,EA	+6.67,+15.4,+21.0,MA	+6.96,-0.4,+19.5,OB	+2.31,+266.4,+20.5,HB	+6.92,+2.6,+19.5,MB	
1701458216.16772	+6.64,+10.8,+21.0,GA	+6.32,+33.9,+21.1,EA	+6.67,+15.3,+21.0,JA	+6.96,-0.4,+19.5,OB	+2.31,+266.3,+20.5,OB	+6.92,+2.7,+19.5,LB	
1701458278.176556	+6.63,+10.8,+21.0,@A	+6.32,+33.8,+21.1,DA	+6.67,+15.3,+21.0,JA	+6.96,-0.4,+19.5,OB	+2.31,+266.4,+20.5,HB	+6.92,+2.7,+19.5,LB	
1701458340.186626	+6.63,+10.8,+21.0,@A	+6.32,+33.8,+21.1,DA	+6.67,+15.3,+21.1,KA	+6.96,-0.4,+19.5,OB	+2.31,+266.4,+20.5,HB	+6.92,+2.7,+19.5,LB	
1701458402.1918247	+6.63,+10.8,+21.0,@A	+6.32,+33.8,+21.1,DA	+6.67,+15.3,+21.1,KA	+6.96,-0.4,+19.5,OB	+2.31,+266.2,+20.5,NB	+6.92,+2.7,+19.5,LB	
1701458464.196709	+6.64,+10.8,+21.0,GA	+6.32,+33.8,+21.1,DA	+6.67,+15.4,+21.0,MA	+6.96,-0.4,+19.5,OB	+2.30,+266.5,+20.4,IB	+6.92,+2.8,+19.5,CB	
1701458709.7633662	+6.63,+10.9,+21.0,AA	+6.32,+33.9,+21.1,EA	+6.67,+15.3,+21.0,JA	+6.96,-0.4,+19.5,OB	+2.31,+266.0,+20.5,LB	+6.92,+2.7,+19.5,LB	
1701458771.7732763	+6.63,+10.9,+21.0,AA	+6.32,+33.8,+21.1,DA	+6.67,+15.3,+21.0,JA	+6.96,-0.4,+19.6,LB	+2.31,+266.2,+20.4,OB	+6.92,+2.7,+19.5,LB	
1701458833.7815282	+6.63,+10.9,+21.0,AA	+6.32,+33.8,+21.1,DA	+6.67,+15.3,+21.1,KA	+6.96,-0.4,+19.5,OB	+2.31,+266.1,+20.4,LB	+6.92,+2.7,+19.5,LB	
1701458895.7864819	+6.63,+10.9,+21.0,AA	+6.32,+33.9,+21.1,EA	+6.67,+15.3,+21.0,JA	+6.96,-0.4,+19.5,OB	+2.31,+266.1,+20.4,LB	+6.92,+2.7,+19.5,LB	
1701458957.794407	+6.64,+10.8,+21.0,GA	+6.32,+33.8,+21.1,DA	+6.67,+15.4,+21.0,MA	+6.96,-0.5,+19.5,NB	+2.31,+266.0,+20.5,LB	+6.92,+2.7,+19.5,LB	
1701459019.8025374	+6.63,+10.8,+21.0,@A	+6.32,+33.9,+21.1,EA	+6.67,+15.3,+21.0,JA	+6.96,-0.4,+19.5,OB	+2.31,+265.9,+20.4,GB	+6.92,+2.7,+19.5,LB	
1701459081.8117025	+6.64,+10.8,+21.0,GA	+6.32,+33.8,+21.1,DA	+6.67,+15.3,+21.0,JA	+6.96,-0.4,+19.5,OB	+2.31,+266.1,+20.4,LB	+6.92,+2.7,+19.5,LB	
1701459143.820642	+6.63,+10.9,+21.0,AA	+6.32,+33.8,+21.1,DA	+6.67,+15.1,+21.0,HA	+6.96,-0.4,+19.6,LB	+2.31,+265.9,+20.5,FB	+6.92,+2.6,+19.5,MB	
1701459205.8281178	+6.63,+10.9,+21.0,AA	+6.32,+33.9,+21.1,EA	+6.67,+15.2,+21.0,KA	+6.96,-0.4,+19.5,OB	+2.31,+266.0,+20.4,MB	+6.92,+2.7,+19.5,LB	
1701459267.8373964	+6.63,+10.9,+21.0,AA	+6.32,+33.8,+21.1,DA	+6.67,+15.3,+21.0,JA	+6.96,-0.4,+19.5,OB	+2.31,+266.1,+20.4,LB	+6.92,+2.7,+19.5,LB	
1701459329.8465517	+6.64,+10.8,+21.0,GA	+6.32,+33.8,+21.1,DA	+6.67,+15.3,+21.0,JA	+6.96,-0.4,+19.5,OB	+2.31,+265.8,+20.4,FB	+6.92,+2.7,+19.5,LB	
1701459391.854606	+6.63,+10.9,+21.0,AA	+6.32,+33.7,+21.1,KA	+6.67,+15.3,+21.0,JA	+6.96,-0.4,+19.5,OB	+2.31,+266.0,+20.4,MB	+6.92,+2.7,+19.5,LB	
1701459453.8618076	+6.64,+10.8,+21.0,GA	+6.32,+33.8,+21.1,DA	+6.67,+15.2,+21.0,KA	+6.96,-0.4,+19.5,OB	+2.31,+265.9,+20.4,GB	+6.92,+2.8,+19.5,CB	
1701459515.8702717	+6.64,+10.8,+21.0,GA	+6.32,+33.8,+21.1,DA	+6.67,+15.3,+21.0,JA	+6.96,-0.4,+19.5,OB	+2.32,+265.8,+20.4,EB	+6.92,+2.7,+19.5,LB	
1701459577.877875	+6.63,+10.9,+21.0,AA	+6.32,+33.8,+21.1,DA	+6.67,+15.3,+21.0,JA	+6.96,-0.4,+19.5,OB	+2.33,+264.8,+20.4,EB	+6.92,+2.7,+19.5,LB	
1701459639.8865697	+6.63,+10.8,+21.0,@A	+6.32,+33.8,+21.1,DA	+6.67,+15.3,+21.0,JA	+6.96,-0.4,+19.5,OB	+2.33,+264.7,+20.4,JB	+6.92,+2.7,+19.5,LB	
1701459701.8952546	+6.63,+10.9,+21.0,AA	+6.32,+33.8,+21.1,DA	+6.67,+15.3,+21.0,JA	+6.96,-0.4,+19.5,OB	+2.33,+264.8,+20.4,EB	+6.92,+2.8,+19.5,CB	
1701459763.9041739	+6.64,+10.8,+21.0,GA	+6.32,+33.8,+21.1,DA	+6.67,+15.3,+21.0,JA	+6.96,-0.4,+19.5,OB	+2.35,+264.0,+20.4,KB	+6.92,+2.8,+19.5,CB	
1701459825.9114716	+6.63,+10.8,+21.0,@A	+6.32,+33.8,+21.1,DA	+6.67,+15.2,+21.0,KA	+6.96,-0.4,+19.5,OB	+2.33,+265.0,+20.5,MB	+6.92,+2.7,+19.5,LB	
1701459887.919595	+6.63,+10.8,+21.0,@A	+6.32,+33.9,+21.1,EA	+6.67,+15.2,+21.0,KA	+6.96,-0.3,+19.5,HB	+2.34,+264.6,+20.4,LB	+6.92,+2.8,+19.5,CB	
1701459949.9262629	+6.63,+10.9,+21.0,AA	+6.32,+33.8,+21.1,DA	+6.67,+15.3,+21.1,KA	+6.96,-0.4,+19.5,OB	+2.33,+264.8,+20.4,EB	+6.92,+2.8,+19.5,CB	
1701460011.935242	+6.63,+10.9,+21.0,AA	+6.32,+33.8,+21.1,DA	+6.67,+15.2,+21.0,KA	+6.96,-0.4,+19.5,OB	+2.34,+264.2,+20.4,HB	+6.92,+2.8,+19.5,CB	
1701460073.941503	+6.63,+10.9,+21.0,AA	+6.32,+33.8,+21.1,DA	+6.67,+15.3,+21.0,JA	+6.96,-0.4,+19.5,OB	+2.34,+264.6,+20.4,LB	+6.92,+2.8,+19.5,CB	
1701460135.9496534	+6.64,+10.8,+21.0,GA	+6.32,+33.9,+21.1,EA	+6.67,+15.2,+21.0,KA	+6.96,-0.4,+19.5,OB	+2.33,+264.8,+20.4,EB	+6.92,+2.8,+19.5,CB	
1701460197.9568837	+6.63,+10.9,+21.0,AA	+6.32,+33.9,+21.1,EA	+6.67,+15.3,+21.0,JA	+6.96,-0.4,+19.5,OB	+2.33,+264.7,+20.4,JB	+6.92,+2.9,+19.5,BB	
1701460259.9681702	+6.63,+10.9,+21.0,AA	+6.32,+33.8,+21.1,DA	+6.67,+15.3,+21.0,JA	+6.96,-0.5,+19.5,NB	+2.33,+264.9,+20.4,DB	+6.92,+2.9,+19.5,BB	
1701460321.9724422	+6.64,+10.6,+21.0,IA	+6.32,+33.7,+21.1,KA	+6.67,+15.3,+21.0,JA	+6.96,-0.3,+19.5,HB	+2.33,+265.1,+20.4,MB	+6.92,+2.8,+19.5,CB	
1701460383.983697	+6.64,+10.6,+21.0,IA	+6.32,+33.7,+21.1,KA	+6.67,+15.2,+21.0,KA	+6.96,-0.4,+19.5,OB	+2.32,+265.3,+20.4,NB	+6.92,+2.8,+19.5,CB	
1701460445.9941323	+6.64,+10.6,+21.0,IA	+6.32,+33.8,+21.1,DA	+6.67,+15.2,+21.0,KA	+6.96,-0.4,+19.5,OB	+2.32,+265.5,+20.4,HB	+6.92,+2.8,+19.5,CB	
1701460508.0025182	+6.64,+10.6,+21.0,IA	+6.33,+33.6,+21.1,KA	+6.67,+15.2,+21.0,KA	+6.96,-0.4,+19.5,OB	+2.33,+265.1,+20.4,MB	+6.92,+2.8,+19.5,CB	
1701460570.01144	+6.64,+10.6,+21.0,IA	+6.32,+33.7,+21.1,KA	+6.67,+15.2,+21.0,KA	+6.96,-0.4,+19.5,OB	+2.36,+263.3,+20.4,LB	+6.92,+2.7,+19.5,LB	
1701460632.0184195	+6.64,+10.6,+21.0,IA	+6.32,+33.7,+21.1,KA	+6.67,+15.3,+21.0,JA	+6.96,-0.4,+19.5,OB	+2.36,+263.4,+20.4,KB	+6.92,+2.8,+19.5,CB	
1701460694.0282228	+6.64,+10.6,+21.0,IA	+6.32,+33.7,+21.1,KA	+6.67,+15.2,+21.0,KA	+6.96,-0.5,+19.5,NB	+2.33,+264.9,+20.4,DB	+6.92,+2.8,+19.5,CB	
1701460756.0380738	+6.64,+10.7,+21.0,HA	+6.32,+33.7,+21.1,KA	+6.67,+15.3,+21.0,JA	+6.96,-0.4,+19.5,OB	+2.33,+264.7,+20.4,JB	+6.92,+2.8,+19.5,CB	
1701460818.0466363	+6.64,+10.6,+21.0,IA	+6.32,+33.8,+21.1,DA	+6.67,+15.2,+21.0,KA	+6.96,-0.4,+19.5,OB	+2.33,+264.9,+20.4,DB	+6.92,+2.8,+19.5,CB	
1701460880.0552154	+6.64,+10.6,+21.0,IA	+6.32,+33.8,+21.1,DA	+6.67,+15.2,+21.0,KA	+6.96,-0.4,+19.5,OB	+2.33,+265.0,+20.4,LB	+6.92,+2.8,+19.5,CB	
1701460942.0598671	+6.64,+10.7,+21.0,HA	+6.32,+34.0,+21.1,KA	+6.67,+15.1,+21.0,HA	+6.96,-0.4,+19.5,OB	+2.33,+265.1,+20.4,MB	+6.92,+2.7,+19.5,LB	
1701461004.0694082	+6.64,+10.6,+21.0,IA	+6.32,+34.1,+21.1,JA	+6.67,+15.2,+21.0,KA	+6.96,-0.4,+19.5,OB	+2.32,+265.3,+20.4,NB	+6.92,+2.8,+19.5,CB	
1701461066.0771456	+6.64,+10.6,+21.0,IA	+6.32,+34.0,+21.1,KA	+6.67,+15.3,+21.0,JA	+6.96,-0.5,+19.5,NB	+2.32,+265.4,+20.4,IB	+6.92,+2.7,+19.5,LB	
1701461128.0863843	+6.64,+10.7,+21.0,HA	+6.31,+34.1,+21.1,IA	+6.67,+15.2,+21.0,KA	+6.96,-0.4,+19.5,OB	+2.32,+265.7,+20.4,JB	+6.92,+2.8,+19.5,CB	
1701461190.0958543	+6.64,+10.6,+21.0,IA	+6.32,+34.1,+21.1,JA	+6.67,+15.1,+21.0,HA	+6.96,-0.4,+19.5,OB	+2.32,+265.7,+20.4,JB	+6.92,+2.8,+19.5,CB	
1701461252.1054318	+6.64,+10.7,+21.0,HA	+6.32,+34.0,+21.1,KA	+6.67,+15.2,+21.0,KA	+6.96,-0.4,+19.5,OB	+2.32,+265.6,+20.4,KB	+6.92,+2.8,+19.5,CB	
1701461314.1142354	+6.64,+10.7,+21.0,HA	+6.32,+34.1,+21.1,JA	+6.67,+15.3,+21.0,JA	+6.96,-0.4,+19.5,OB	+2.32,+265.6,+20.4,KB	+6.92,+2.8,+19.5,CB	
1701461376.1238172	+6.64,+10.7,+21.0,HA	+6.31,+34.1,+21.1,IA	+6.67,+15.3,+21.0,JA	+6.96,-0.4,+19.5,OB	+2.32,+265.4,+20.4,IB	+6.92,+2.8,+19.5,CB	
1701461438.1331375	+6.64,+10.8,+21.0,GA	+6.32,+34.1,+21.1,JA	+6.67,+15.2,+21.0,KA	+6.96,-0.5,+19.5,NB	+2.33,+264.9,+20.4,DB	+6.92,+2.8,+19.5,CB	
1701461500.1404257	+6.64,+10.7,+21.0,HA	+6.32,+34.1,+21.1,JA	+6.67,+15.2,+21.0,KA	+6.96,-0.4,+19.5,OB	+2.31,+266.0,+20.4,MB	+6.92,+2.7,+19.5,LB	
1701461562.1513674	+6.64,+10.7,+21.0,HA	+6.32,+34.1,+21.1,JA	+6.67,+15.2,+21.0,KA	+6.96,-0.4,+19.5,OB	+2.31,+265.9,+20.4,GB	+6.92,+2.7,+19.5,LB	
1701461624.1616027	+6.64,+10.8,+21.0,GA	+6.32,+34.1,+21.1,JA	+6.67,+15.3,+21.0,JA	+6.96,-0.4,+19.5,OB	+2.31,+266.1,+20.4,LB	+6.92,+2.8,+19.5,CB	
1701461686.1702724	+6.64,+10.8,+21.0,GA	+6.32,+34.1,+21.1,JA	+6.67,+15.2,+21.0,KA	+6.96,-0.4,+19.5,OB	+2.31,+266.1,+20.4,LB	+6.92,+2.7,+19.4,MB	
1701461748.1811955	+6.64,+10.7,+21.0,HA	+6.32,+34.0,+21.1,KA	+6.67,+15.3,+21.0,JA	+6.96,-0.4,+19.5,OB	+2.31,+266.0,+20.4,MB	+6.92,+2.8,+19.5,CB	
1701461810.190924	+6.64,+10.8,+21.0,GA	+6.32,+34.0,+21.1,KA	+6.67,+15.2,+21.0,KA	+6.96,-0.4,+19.5,OB	+2.31,+266.3,+20.4,NB	+6.92,+2.8,+19.5,CB	
1701461872.20154	+6.64,+10.8,+21.0,GA	+6.32,+34.0,+21.1,KA	+6.67,+15.2,+21.0,KA	+6.96,-0.4,+19.5,OB	+2.33,+265.0,+20.4,LB	+6.92,+2.7,+19.5,LB	
1701461934.2114236	+6.64,+10.8,+21.0,GA	+6.32,+34.0,+21.1,KA	+6.67,+15.2,+21.0,KA	+6.96,-0.4,+19.5,OB	+2.32,+265.6,+20.4,KB	+6.92,+2.8,+19.5,CB	
1701461996.2209218	+6.64,+10.8,+21.0,GA	+6.32,+34.0,+21.1,KA	+6.67,+15.3,+21.0,JA	+6.96,-0.4,+19.5,OB	+2.31,+265.9,+20.4,GB	+6.92,+2.8,+19.5,CB	
1701462058.231417	+6.64,+10.8,+21.0,GA	+6.32,+33.9,+21.1,EA	+6.67,+15.2,+21.0,KA	+6.96,-0.4,+19.5,OB	+2.31,+266.0,+20.4,MB	+6.92,+2.8,+19.5,CB	
1701462120.2443705	+6.64,+10.8,+21.0,GA	+6.32,+34.0,+21.1,KA	+6.67,+15.2,+21.0,KA	+6.96,-0.5,+19.5,NB	+2.32,+265.4,+20.4,IB	+6.92,+2.7,+19.5,LB	
1701462182.252352	+6.64,+10.7,+21.0,HA	+6.32,+33.9,+21.1,EA	+6.67,+15.3,+21.0,JA	+6.96,-0.4,+19.5,OB	+2.32,+265.4,+20.4,IB	+6.92,+2.7,+19.5,LB	
1701462244.2564907	+6.63,+10.8,+21.0,@A	+6.32,+33.8,+21.1,DA	+6.67,+15.2,+21.0,KA	+6.96,-0.4,+19.5,OB	+2.32,+265.7,+20.4,JB	+6.92,+2.7,+19.5,LB	
1701462306.2666008	+6.64,+10.8,+21.0,GA	+6.32,+33.9,+21.1,EA	+6.67,+15.2,+21.0,KA	+6.96,-0.5,+19.5,NB	+2.31,+265.8,+20.4,FB	+6.92,+2.8,+19.5,CB	
1701462551.8702478	+6.64,+10.8,+21.0,GA	+6.32,+33.8,+21.1,DA	+6.67,+15.2,+21.0,KA	+6.96,-0.4,+19.5,OB	+2.33,+264.9,+20.4,DB	+6.92,+2.7,+19.5,LB	
1701462613.8800888	+6.64,+10.8,+21.0,GA	+6.32,+33.8,+21.1,DA	+6.67,+15.1,+21.0,HA	+6.96,-0.4,+19.5,OB	+2.32,+265.3,+20.4,NB	+6.92,+2.7,+19.5,LB	
1701462675.88978	+6.64,+10.8,+21.0,GA	+6.32,+33.9,+21.1,EA	+6.67,+15.2,+21.0,KA	+6.96,-0.4,+19.5,OB	+2.32,+265.4,+20.4,IB	+6.92,+2.8,+19.5,CB	
1701462737.8986936	+6.64,+10.8,+21.0,GA	+6.32,+33.9,+21.1,EA	+6.67,+15.2,+21.0,KA	+6.96,-0.4,+19.5,OB	+2.33,+265.1,+20.4,MB	+6.92,+2.7,+19.5,LB	
1701462799.9075508	+6.64,+10.8,+21.0,GA	+6.32,+33.9,+21.1,EA	+6.67,+15.2,+21.0,KA	+6.96,-0.4,+19.5,OB	+2.33,+265.0,+20.4,LB	+6.92,+2.8,+19.5,CB	
1701462861.917606	+6.64,+10.8,+21.0,GA	+6.32,+33.8,+21.1,DA	+6.67,+15.2,+21.0,KA	+6.96,-0.4,+19.5,OB	+2.32,+265.2,+20.4,OB	+6.92,+2.8,+19.5,CB	
1701462923.9268272	+6.64,+10.8,+21.0,GA	+6.32,+33.9,+21.1,EA	+6.67,+15.1,+21.0,HA	+6.96,-0.4,+19.5,OB	+2.33,+265.1,+20.4,MB	+6.92,+2.7,+19.5,LB	
1701462985.9330084	+6.64,+10.8,+21.0,GA	+6.32,+33.8,+21.1,DA	+6.67,+15.2,+21.0,KA	+6.96,-0.4,+19.5,OB	+2.32,+265.2,+20.4,OB	+6.92,+2.8,+19.5,CB	
1701463047.9417155	+6.64,+10.8,+21.0,GA	+6.32,+33.8,+21.1,DA	+6.67,+15.3,+21.1,KA	+6.96,-0.4,+19.5,OB	+2.32,+265.3,+20.4,NB	+6.92,+2.8,+19.5,CB	
1701463109.952061	+6.64,+10.8,+21.0,GA	+6.32,+33.8,+21.1,DA	+6.67,+15.2,+21.1,JA	+6.96,-0.4,+19.5,OB	+2.33,+265.1,+20.4,MB	+6.92,+2.8,+19.5,CB	
1701463171.9601934	+6.63,+10.8,+21.0,@A	+6.32,+33.9,+21.1,EA	+6.67,+15.1,+21.1,IA	+6.96,-0.4,+19.5,OB	+2.33,+264.8,+20.4,EB	+6.92,+2.8,+19.5,CB	
1701463233.9699817	+6.64,+10.8,+21.0,GA	+6.32,+33.8,+21.1,DA	+6.67,+15.2,+21.1,JA	+6.96,-0.4,+19.5,OB	+2.35,+263.8,+20.4,DB	+6.92,+2.8,+19.5,CB	
1701463295.9777822	+6.64,+10.8,+21.0,GA	+6.32,+33.7,+21.1,KA	+6.67,+15.2,+21.0,KA	+6.96,-0.4,+19.5,OB	+2.34,+264.3,+20.4,IB	+6.92,+2.9,+19.5,BB	
1701463357.9825134	+6.64,+10.8,+21.0,GA	+6.32,+33.7,+21.1,KA	+6.67,+15.1,+21.1,IA	+6.96,-0.5,+19.5,NB	+2.35,+264.0,+20.4,KB	+6.92,+2.9,+19.5,BB	
1701463419.9907029	+6.64,+10.8,+21.0,GA	+6.32,+33.7,+21.1,KA	+6.67,+15.3,+21.0,JA	+6.96,-0.4,+19.5,OB	+2.34,+264.2,+20.4,HB	+6.92,+2.9,+19.5,BB	
1701463481.9968116	+6.64,+10.8,+21.0,GA	+6.32,+33.8,+21.1,DA	+6.67,+15.1,+21.1,IA	+6.96,-0.4,+19.5,OB	+2.35,+263.7,+20.4,KB	+6.92,+2.8,+19.5,CB	
1701463544.005754	+6.64,+10.8,+21.0,GA	+6.32,+33.7,+21.1,KA	+6.67,+15.3,+21.1,KA	+6.96,-0.4,+19.5,OB	+2.34,+264.3,+20.4,IB	+6.92,+2.8,+19.5,CB	
1701463606.0116677	+6.63,+10.9,+21.0,AA	+6.32,+33.8,+21.1,DA	+6.67,+15.2,+21.1,JA	+6.96,-0.4,+19.5,OB	+2.34,+264.1,+20.4,KB	+6.92,+2.8,+19.5,CB	
1701463668.0189269	+6.64,+10.6,+21.0,IA	+6.32,+33.7,+21.1,KA	+6.67,+15.2,+21.1,JA	+6.96,-0.4,+19.5,OB	+2.34,+264.5,+20.4,OB	+6.92,+2.8,+19.5,CB	
1701463730.0272791	+6.64,+10.5,+21.0,JA	+6.32,+33.7,+21.1,KA	+6.67,+15.2,+21.0,KA	+6.96,-0.4,+19.5,OB	+2.34,+264.4,+20.4,NB	+6.92,+2.9,+19.5,BB	
1701463792.0349832	+6.64,+10.6,+21.0,IA	+6.32,+33.6,+21.1,JA	+6.67,+15.2,+21.0,KA	+6.96,-0.4,+19.5,OB	+2.33,+264.7,+20.4,JB	+6.92,+2.9,+19.5,BB	
1701463854.0413277	+6.64,+10.6,+21.0,IA	+6.32,+33.6,+21.1,JA	+6.67,+15.2,+21.0,KA	+6.96,-0.5,+19.5,NB	+2.33,+264.7,+20.4,JB	+6.92,+2.8,+19.5,CB	
1701463916.0498343	+6.64,+10.5,+21.0,JA	+6.32,+33.7,+21.1,KA	+6.68,+15.1,+21.0,GA	+6.96,-0.4,+19.5,OB	+2.34,+264.6,+20.4,LB	+6.92,+2.8,+19.5,CB	
1701463978.0610814	+6.64,+10.5,+21.0,JA	+6.32,+33.7,+21.1,KA	+6.67,+15.1,+21.0,HA	+6.96,-0.4,+19.5,OB	+2.33,+264.7,+20.4,JB	+6.92,+2.8,+19.5,CB	
1701464040.0702684	+6.64,+10.6,+21.0,IA	+6.32,+33.7,+21.1,KA	+6.67,+15.1,+21.1,IA	+6.96,-0.5,+19.6,MB	+2.34,+264.5,+20.4,OB	+6.92,+2.9,+19.5,BB	
1701464102.0781147	+6.64,+10.6,+21.0,IA	+6.32,+33.8,+21.1,DA	+6.67,+15.1,+21.1,IA	+6.96,-0.5,+19.5,NB	+2.33,+264.6,+20.4,KB	+6.92,+2.8,+19.5,CB	
1701464164.0833673	+6.64,+10.6,+21.0,IA	+6.32,+33.6,+21.1,JA	+6.67,+15.2,+21.1,JA	+6.96,-0.4,+19.5,OB	+2.34,+264.6,+20.4,LB	+6.92,+2.8,+19.5,CB	
1701464226.0941935	+6.64,+10.6,+21.0,IA	+6.32,+33.7,+21.1,KA	+6.67,+15.2,+21.1,JA	+6.96,-0.5,+19.5,NB	+2.33,+264.7,+20.4,JB	+6.92,+2.8,+19.5,CB	
1701464288.1036413	+6.64,+10.6,+21.0,IA	+6.32,+33.7,+21.1,KA	+6.67,+15.2,+21.0,KA	+6.96,-0.4,+19.5,OB	+2.34,+264.2,+20.4,HB	+6.92,+2.8,+19.5,CB	
1701464350.1131809	+6.64,+10.6,+21.0,IA	+6.32,+33.7,+21.1,KA	+6.67,+15.3,+21.0,JA	+6.96,-0.4,+19.5,OB	+2.35,+263.5,+20.4,IB	+6.92,+2.7,+19.5,LB	
1701464412.1232748	+6.64,+10.6,+21.0,IA	+6.32,+33.6,+21.1,JA	+6.67,+15.2,+21.0,KA	+6.96,-0.5,+19.5,NB	+2.34,+264.6,+20.4,LB	+6.92,+2.8,+19.5,CB	
1701464474.130159	+6.64,+10.6,+21.0,IA	+6.32,+33.6,+21.1,JA	+6.67,+15.2,+21.1,JA	+6.96,-0.5,+19.5,NB	+2.33,+264.9,+20.4,DB	+6.92,+2.9,+19.5,BB	
1701464536.1395946	+6.64,+10.7,+21.0,HA	+6.32,+33.7,+21.1,KA	+6.67,+15.1,+21.1,IA	+6.96,-0.5,+19.5,NB	+2.33,+265.1,+20.4,MB	+6.92,+2.8,+19.5,CB	
1701464598.1472232	+6.64,+10.7,+21.0,HA	+6.32,+33.7,+21.1,KA	+6.67,+15.2,+21.0,KA	+6.96,-0.5,+19.5,NB	+2.33,+264.8,+20.4,EB	+6.92,+2.8,+19.5,CB	
1701464660.1562312	+6.64,+10.7,+21.0,HA	+6.32,+33.7,+21.1,KA	+6.67,+15.2,+21.0,KA	+6.96,-0.4,+19.5,OB	+2.34,+264.6,+20.4,LB	+6.92,+2.9,+19.5,BB	
1701464722.165897	+6.64,+10.7,+21.0,HA	+6.32,+33.6,+21.1,JA	+6.67,+15.2,+21.0,KA	+6.96,-0.4,+19.5,OB	+2.33,+265.0,+20.3,KB	+6.92,+2.9,+19.5,BB	
1701464784.1755147	+6.64,+10.7,+21.0,HA	+6.32,+33.8,+21.1,DA	+6.67,+15.2,+21.0,KA	+6.96,-0.5,+19.5,NB	+2.33,+265.2,+20.4,NB	+6.92,+2.9,+19.5,BB	
1701464846.1851697	+6.64,+10.7,+21.0,HA	+6.32,+33.6,+21.1,JA	+6.67,+15.2,+21.0,KA	+6.96,-0.5,+19.5,NB	+2.33,+264.8,+20.3,BB	+6.92,+2.9,+19.5,BB	
1701464908.1918476	+6.64,+10.7,+21.0,HA	+6.32,+33.6,+21.1,JA	+6.68,+15.1,+21.0,GA	+6.96,-0.4,+19.5,OB	+2.33,+265.0,+20.4,LB	+6.92,+2.8,+19.5,CB	
1701464970.2002306	+6.64,+10.7,+21.0,HA	+6.32,+33.7,+21.1,KA	+6.67,+15.1,+21.0,HA	+6.96,-0.4,+19.5,OB	+2.33,+265.0,+20.4,LB	+6.92,+2.8,+19.5,CB	
1701465032.2098742	+6.64,+10.7,+21.0,HA	+6.32,+33.7,+21.1,KA	+6.67,+15.3,+21.0,JA	+6.96,-0.4,+19.5,OB	+2.33,+264.7,+20.4,JB	+6.92,+2.8,+19.5,CB	
1701465094.2181168	+6.64,+10.7,+21.0,HA	+6.32,+33.7,+21.1,KA	+6.67,+15.1,+21.0,HA	+6.96,-0.4,+19.5,OB	+2.33,+264.6,+20.4,KB	+6.92,+2.9,+19.5,BB	
1701465156.225517	+6.64,+10.7,+21.0,HA	+6.32,+33.7,+21.1,KA	+6.68,+15.1,+21.0,GA	+6.96,-0.4,+19.5,OB	+2.35,+263.6,+20.4,JB	+6.92,+2.9,+19.5,BB	
1701465218.2342007	+6.64,+10.7,+21.0,HA	+6.32,+33.7,+21.1,KA	+6.67,+15.3,+21.0,JA	+6.96,-0.4,+19.5,OB	+2.33,+264.9,+20.4,DB	+6.92,+2.8,+19.5,CB	
1701465280.2436836	+6.64,+10.7,+21.0,HA	+6.32,+33.7,+21.1,KA	+6.67,+15.2,+21.0,KA	+6.96,-0.5,+19.5,NB	+2.33,+264.9,+20.3,CB	+6.92,+2.8,+19.5,CB	
1701465342.2490907	+6.64,+10.7,+21.0,HA	+6.32,+33.7,+21.1,KA	+6.67,+15.2,+21.0,KA	+6.96,-0.5,+19.5,NB	+2.36,+263.4,+20.4,KB	+6.92,+2.9,+19.5,BB	
1701465404.2581587	+6.64,+10.8,+21.0,GA	+6.32,+33.6,+21.1,JA	+6.67,+15.2,+21.0,KA	+6.96,-0.4,+19.5,OB	+2.33,+264.9,+20.4,DB	+6.92,+2.8,+19.5,CB	
1701465466.2662196	+6.64,+10.7,+21.0,HA	+6.32,+33.7,+21.1,KA	+6.67,+15.2,+21.0,KA	+6.96,-0.5,+19.5,NB	+2.33,+264.9,+20.4,DB	+6.92,+2.8,+19.5,CB	
1701465528.2727535	+6.63,+10.8,+21.0,@A	+6.32,+33.6,+21.1,JA	+6.67,+15.1,+21.0,HA	+6.96,-0.4,+19.5,OB	+2.33,+265.0,+20.4,LB	+6.92,+2.9,+19.5,BB	
1701465590.2822125	+6.64,+10.8,+21.0,GA	+6.32,+33.6,+21.1,JA	+6.67,+15.3,+21.0,JA	+6.96,-0.5,+19.5,NB	+2.33,+264.8,+20.4,EB	+6.92,+2.9,+19.5,BB	
1701465652.2903948	+6.64,+10.8,+21.0,GA	+6.32,+33.6,+21.1,JA	+6.68,+15.1,+21.0,GA	+6.96,-0.5,+19.5,NB	+2.33,+264.7,+20.4,JB	+6.92,+2.8,+19.5,CB	
1701465714.2984464	+6.64,+10.8,+21.0,GA	+6.32,+33.6,+21.1,JA	+6.68,+15.1,+21.0,GA	+6.96,-0.5,+19.5,NB	+2.33,+264.9,+20.3,CB	+6.92,+2.9,+19.5,BB	
1701465776.3058813	+6.64,+10.7,+21.0,HA	+6.32,+33.6,+21.1,JA	+6.67,+15.2,+21.0,KA	+6.96,-0.4,+19.5,OB	+2.33,+265.0,+20.4,LB	+6.92,+2.8,+19.5,CB	
1701465838.3168948	+6.64,+10.7,+21.0,HA	+6.33,+33.5,+21.1,HA	+6.68,+15.1,+21.0,GA	+6.96,-0.5,+19.5,NB	+2.33,+264.8,+20.4,EB	+6.92,+2.8,+19.5,CB	
1701465900.326072	+6.64,+10.8,+21.0,GA	+6.32,+33.6,+21.1,JA	+6.67,+15.2,+21.0,KA	+6.96,-0.4,+19.5,OB	+2.34,+264.5,+20.3,HB	+6.92,+2.8,+19.5,CB	
1701465962.3346221	+6.64,+10.7,+21.0,HA	+6.32,+33.6,+21.1,JA	+6.67,+15.2,+21.0,KA	+6.96,-0.5,+19.5,NB	+2.33,+264.6,+20.3,LB	+6.92,+2.8,+19.5,CB	
1701466024.3417768	+6.64,+10.8,+21.0,GA	+6.33,+33.5,+21.1,HA	+6.67,+15.2,+21.0,KA	+6.96,-0.4,+19.5,OB	+2.34,+264.3,+20.4,IB	+6.92,+2.8,+19.5,CB	
1701466086.3501427	+6.64,+10.8,+21.0,GA	+6.33,+33.5,+21.1,HA	+6.67,+15.1,+21.0,HA	+6.96,-0.4,+19.5,OB	+2.33,+264.8,+20.4,EB	+6.92,+2.8,+19.5,CB	
1701466148.3597414	+6.64,+10.7,+21.0,HA	+6.33,+33.5,+21.1,HA	+6.68,+15.1,+21.0,GA	+6.96,-0.5,+19.5,NB	+2.33,+264.9,+20.4,DB	+6.92,+2.9,+19.5,BB	
1701466393.9506388	+6.64,+10.8,+21.0,GA	+6.33,+33.4,+21.1,IA	+6.67,+15.2,+21.1,JA	+6.96,-0.4,+19.6,LB	+2.34,+264.3,+20.3,NB	+6.92,+2.9,+19.5,BB	
1701466455.959433	+6.64,+10.8,+21.0,GA	+6.33,+33.4,+21.1,IA	+6.67,+15.2,+21.1,JA	+6.96,-0.5,+19.5,NB	+2.34,+264.3,+20.4,IB	+6.92,+2.9,+19.5,BB	
1701466517.967328	+6.64,+10.8,+21.0,GA	+6.33,+33.5,+21.1,HA	+6.67,+15.1,+21.1,IA	+6.96,-0.4,+19.5,OB	+2.33,+264.6,+20.4,KB	+6.92,+2.9,+19.5,BB	
1701466579.9757833	+6.64,+10.8,+21.0,GA	+6.33,+33.5,+21.1,HA	+6.68,+15.1,+21.0,GA	+6.96,-0.4,+19.5,OB	+2.33,+264.8,+20.3,BB	+6.92,+2.9,+19.5,BB	
1701466641.9796023	+6.64,+10.8,+21.0,GA	+6.33,+33.4,+21.1,IA	+6.67,+15.2,+21.0,KA	+6.96,-0.5,+19.5,NB	+2.33,+265.0,+20.3,KB	+6.92,+2.9,+19.5,BB	
1701466703.9850447	+6.64,+10.8,+21.0,GA	+6.33,+33.4,+21.1,IA	+6.67,+15.1,+21.0,HA	+6.96,-0.4,+19.6,LB	+2.33,+264.6,+20.3,LB	+6.92,+2.9,+19.5,BB	
1701466765.995417	+6.64,+10.8,+21.0,GA	+6.33,+33.4,+21.1,IA	+6.68,+15.0,+21.1,GA	+6.96,-0.5,+19.5,NB	+2.33,+264.7,+20.3,MB	+6.92,+2.9,+19.5,BB	
1701466828.0038452	+6.64,+10.8,+21.0,GA	+6.33,+33.5,+21.1,HA	+6.68,+15.1,+21.1,FA	+6.96,-0.5,+19.5,NB	+2.33,+264.7,+20.4,JB	+6.92,+3.0,+19.5,JB	
1701466890.0110168	+6.64,+10.7,+21.0,HA	+6.33,+33.4,+21.1,IA	+6.67,+15.1,+21.1,IA	+6.96,-0.5,+19.5,NB	+2.33,+264.8,+20.4,EB	+6.92,+2.9,+19.5,BB	
1701466952.0183537	+6.64,+10.6,+21.0,IA	+6.33,+33.4,+21.1,IA	+6.67,+15.2,+21.1,JA	+6.96,-0.4,+19.5,OB	+2.33,+264.8,+20.3,BB	+6.92,+2.9,+19.5,BB	
1701467014.027624	+6.64,+10.5,+21.0,JA	+6.33,+33.4,+21.1,IA	+6.68,+15.1,+21.1,FA	+6.96,-0.4,+19.5,OB	+2.33,+264.9,+20.4,DB	+6.92,+2.9,+19.5,BB	
1701467076.0337794	+6.64,+10.6,+21.0,IA	+6.33,+33.4,+21.1,IA	+6.67,+15.2,+21.1,JA	+6.96,-0.4,+19.6,LB	+2.33,+265.1,+20.4,MB	+6.92,+2.9,+19.5,BB	
1701467138.0451093	+6.64,+10.5,+21.0,JA	+6.33,+33.4,+21.1,IA	+6.68,+15.1,+21.0,GA	+6.96,-0.4,+19.6,LB	+2.33,+264.7,+20.4,JB	+6.92,+2.9,+19.5,BB	
1701467200.054917	+6.64,+10.5,+21.0,JA	+6.33,+33.4,+21.1,IA	+6.68,+15.1,+21.1,FA	+6.96,-0.5,+19.5,NB	+2.33,+264.9,+20.3,CB	+6.92,+2.9,+19.5,BB	
1701467262.0646353	+6.64,+10.5,+21.0,JA	+6.33,+33.4,+21.1,IA	+6.67,+15.1,+21.0,HA	+6.96,-0.4,+19.5,OB	+2.33,+265.1,+20.3,JB	+6.92,+2.9,+19.5,BB	
1701467324.073248	+6.64,+10.5,+21.0,JA	+6.33,+33.4,+21.1,IA	+6.67,+15.1,+21.0,HA	+6.96,-0.5,+19.5,NB	+2.33,+264.9,+20.3,CB	+6.92,+2.9,+19.5,BB	
1701467386.0812752	+6.64,+10.6,+21.0,IA	+6.33,+33.5,+21.1,HA	+6.67,+15.1,+21.1,IA	+6.96,-0.5,+19.5,NB	+2.33,+265.0,+20.3,KB	+6.92,+2.9,+19.5,BB	
1701467448.0908573	+6.64,+10.5,+21.0,JA	+6.33,+33.4,+21.1,IA	+6.67,+15.1,+21.1,IA	+6.96,-0.5,+19.5,NB	+2.33,+265.1,+20.4,MB	+6.92,+2.9,+19.5,BB	
1701467510.1014488	+6.64,+10.5,+21.0,JA	+6.32,+33.6,+21.1,JA	+6.68,+15.1,+21.1,FA	+6.96,-0.5,+19.5,NB	+2.33,+264.9,+20.3,CB	+6.92,+2.9,+19.5,BB	
1701467572.1100276	+6.64,+10.6,+21.0,IA	+6.32,+33.7,+21.1,KA	+6.68,+15.1,+21.1,FA	+6.96,-0.4,+19.6,LB	+2.33,+264.9,+20.4,DB	+6.92,+2.9,+19.5,BB	
1701467634.1178732	+6.64,+10.6,+21.0,IA	+6.32,+33.8,+21.1,DA	+6.68,+15.1,+21.1,FA	+6.96,-0.4,+19.5,OB	+2.33,+265.0,+20.4,LB	+6.92,+2.9,+19.5,BB	
1701467696.12579	+6.64,+10.6,+21.0,IA	+6.32,+33.7,+21.1,KA	+6.67,+15.2,+21.1,JA	+6.96,-0.5,+19.5,NB	+2.33,+264.9,+20.3,CB	+6.92,+2.9,+19.5,BB	
1701467758.1342916	+6.64,+10.5,+21.0,JA	+6.32,+33.7,+21.1,KA	+6.67,+15.2,+21.1,JA	+6.96,-0.5,+19.5,NB	+2.33,+264.8,+20.3,BB	+6.92,+2.9,+19.5,BB	
1701467820.1446993	+6.64,+10.5,+21.0,JA	+6.32,+33.6,+21.1,JA	+6.67,+15.2,+21.1,JA	+6.96,-0.5,+19.5,NB	+2.33,+264.8,+20.4,EB	+6.92,+2.9,+19.5,BB	
1701467882.1513107	+6.64,+10.6,+21.0,IA	+6.32,+33.7,+21.1,KA	+6.68,+15.1,+21.1,FA	+6.96,-0.5,+19.5,NB	+2.33,+265.0,+20.3,KB	+6.92,+2.9,+19.5,BB	
1701467944.1574047	+6.64,+10.7,+21.0,HA	+6.33,+33.5,+21.1,HA	+6.68,+15.1,+21.1,FA	+6.96,-0.4,+19.5,OB	+2.33,+264.8,+20.4,EB	+6.92,+2.9,+19.5,BB	
1701468006.1655927	+6.64,+10.6,+21.0,IA	+6.33,+33.4,+21.1,IA	+6.67,+15.2,+21.0,KA	+6.96,-0.4,+19.6,LB	+2.33,+264.9,+20.3,CB	+6.92,+2.9,+19.5,BB	
1701468068.1739745	+6.64,+10.7,+21.0,HA	+6.33,+33.5,+21.1,HA	+6.67,+15.1,+21.0,HA	+6.96,-0.4,+19.5,OB	+2.33,+265.1,+20.3,JB	+6.92,+2.9,+19.5,BB	
1701468130.1816776	+6.64,+10.7,+21.0,HA	+6.33,+33.5,+21.1,HA	+6.67,+15.1,+21.0,HA	+6.96,-0.4,+19.5,OB	+2.33,+265.1,+20.4,MB	+6.92,+2.9,+19.5,BB	
1701468192.1904237	+6.64,+10.7,+21.0,HA	+6.33,+33.5,+21.1,HA	+6.67,+15.1,+21.1,IA	+6.96,-0.4,+19.5,OB	+2.33,+264.8,+20.3,BB	+6.92,+2.9,+19.5,BB	
1701468254.199813	+6.64,+10.7,+21.0,HA	+6.33,+33.4,+21.1,IA	+6.67,+15.2,+21.1,JA	+6.96,-0.4,+19.5,OB	+2.33,+264.9,+20.3,CB	+6.92,+2.9,+19.5,BB	
1701468316.2085173	+6.64,+10.7,+21.0,HA	+6.33,+33.4,+21.1,IA	+6.67,+15.2,+21.0,KA	+6.96,-0.5,+19.5,NB	+2.33,+265.0,+20.3,KB	+6.92,+2.9,+19.5,BB	
1701468378.2185955	+6.64,+10.7,+21.0,HA	+6.33,+33.3,+21.1,NA	+6.68,+15.1,+21.1,FA	+6.96,-0.5,+19.5,NB	+2.33,+265.0,+20.4,LB	+6.92,+2.9,+19.5,BB	
1701468440.22598	+6.64,+10.7,+21.0,HA	+6.33,+33.4,+21.1,IA	+6.68,+15.0,+21.0,FA	+6.96,-0.5,+19.5,NB	+2.32,+265.3,+20.3,IB	+6.92,+2.9,+19.5,BB	
1701468502.2342107	+6.64,+10.7,+21.0,HA	+6.33,+33.3,+21.1,NA	+6.68,+15.1,+21.1,FA	+6.96,-0.5,+19.5,NB	+2.34,+264.1,+20.3,LB	+6.92,+2.9,+19.5,BB	
1701468564.2425294	+6.64,+10.7,+21.0,HA	+6.33,+33.4,+21.1,IA	+6.67,+15.1,+21.1,IA	+6.96,-0.5,+19.5,NB	+2.33,+264.8,+20.3,BB	+6.92,+3.0,+19.5,JB	
1701468626.250453	+6.64,+10.7,+21.0,HA	+6.33,+33.3,+21.1,NA	+6.68,+15.1,+21.0,GA	+6.96,-0.4,+19.5,OB	+2.32,+265.4,+20.3,NB	+6.92,+3.0,+19.5,JB	
1701468688.2600312	+6.64,+10.7,+21.0,HA	+6.33,+33.5,+21.1,HA	+6.67,+15.2,+21.0,KA	+6.96,-0.4,+19.5,OB	+2.33,+265.0,+20.3,KB	+6.92,+2.9,+19.5,BB	
1701468750.2691379	+6.64,+10.7,+21.0,HA	+6.33,+33.4,+21.1,IA	+6.67,+15.1,+21.0,HA	+6.96,-0.5,+19.5,NB	+2.35,+263.9,+20.3,BB	+6.92,+2.9,+19.5,BB	
1701468812.2784393	+6.64,+10.7,+21.0,HA	+6.33,+33.3,+21.1,NA	+6.68,+15.1,+21.0,GA	+6.96,-0.5,+19.5,NB	+2.33,+265.0,+20.3,KB	+6.92,+2.9,+19.5,BB	
1701468874.2848015	+6.64,+10.7,+21.0,HA	+6.33,+33.5,+21.1,HA	+6.67,+15.1,+21.0,HA	+6.96,-0.4,+19.5,OB	+2.32,+265.2,+20.3,HB	+6.92,+3.0,+19.5,JB	
1701468936.2944343	+6.64,+10.8,+21.0,GA	+6.33,+33.4,+21.1,IA	+6.67,+15.2,+21.0,KA	+6.96,-0.5,+19.5,NB	+2.32,+265.4,+20.3,NB	+6.92,+2.9,+19.5,BB	
1701468998.3040085	+6.64,+10.8,+21.0,GA	+6.33,+33.4,+21.1,IA	+6.67,+15.1,+21.0,HA	+6.96,-0.5,+19.5,NB	+2.33,+265.0,+20.3,KB	+6.92,+2.9,+19.5,BB	
1701469060.3104253	+6.64,+10.7,+21.0,HA	+6.33,+33.5,+21.1,HA	+6.67,+15.2,+21.0,KA	+6.96,-0.5,+19.5,NB	+2.34,+264.2,+20.3,OB	+6.92,+3.0,+19.5,JB	
1701469122.3191633	+6.64,+10.8,+21.0,GA	+6.33,+33.5,+21.1,HA	+6.67,+15.1,+21.0,HA	+6.96,-0.5,+19.5,NB	+2.32,+265.2,+20.3,HB	+6.92,+2.9,+19.5,BB	
1701469184.3271549	+6.64,+10.7,+21.0,HA	+6.33,+33.5,+21.1,HA	+6.67,+15.1,+21.0,HA	+6.96,-0.4,+19.5,OB	+2.33,+264.9,+20.3,CB	+6.92,+2.9,+19.5,BB	
1701469246.3379328	+6.64,+10.7,+21.0,HA	+6.33,+33.5,+21.1,HA	+6.68,+15.1,+21.0,GA	+6.96,-0.5,+19.5,NB	+2.35,+263.5,+20.3,NB	+6.92,+3.0,+19.5,JB	
1701469308.3436806	+6.64,+10.7,+21.0,HA	+6.33,+33.4,+21.1,IA	+6.67,+15.1,+21.0,HA	+6.96,-0.5,+19.5,NB	+2.33,+264.8,+20.3,BB	+6.92,+2.9,+19.5,BB	
1701469370.3534057	+6.64,+10.7,+21.0,HA	+6.33,+33.5,+21.1,HA	+6.68,+15.1,+21.0,GA	+6.96,-0.5,+19.5,NB	+2.33,+264.9,+20.3,CB	+6.92,+3.0,+19.4,KB	
1701469432.3631835	+6.64,+10.7,+21.0,HA	+6.33,+33.4,+21.1,IA	+6.67,+15.2,+21.0,KA	+6.96,-0.5,+19.5,NB	+2.33,+264.8,+20.3,BB	+6.92,+3.0,+19.5,JB	
1701469494.3734553	+6.64,+10.7,+21.0,HA	+6.33,+33.3,+21.1,NA	+6.67,+15.1,+21.0,HA	+6.96,-0.5,+19.5,NB	+2.33,+265.0,+20.3,KB	+6.92,+2.9,+19.5,BB	
1701469556.382805	+6.64,+10.7,+21.0,HA	+6.33,+33.3,+21.1,NA	+6.68,+15.0,+21.0,FA	+6.96,-0.5,+19.5,NB	+2.33,+265.1,+20.3,JB	+6.92,+2.9,+19.5,BB	
1701469618.3892167	+6.64,+10.8,+21.0,GA	+6.33,+33.3,+21.1,NA	+6.68,+15.1,+21.0,GA	+6.96,-0.5,+19.5,NB	+2.33,+264.9,+20.3,CB	+6.92,+2.9,+19.5,BB	
1701469680.4004216	+6.64,+10.7,+21.0,HA	+6.33,+33.3,+21.1,NA	+6.68,+15.0,+21.0,FA	+6.96,-0.5,+19.5,NB	+2.33,+264.8,+20.3,BB	+6.92,+2.9,+19.5,BB	
1701469742.4070165	+6.64,+10.7,+21.0,HA	+6.33,+33.4,+21.1,IA	+6.67,+15.2,+21.0,KA	+6.96,-0.5,+19.5,NB	+2.33,+265.0,+20.3,KB	+6.92,+2.9,+19.5,BB	
1701469804.412517	+6.64,+10.8,+21.0,GA	+6.33,+33.3,+21.1,NA	+6.68,+15.1,+21.0,GA	+6.96,-0.5,+19.5,NB	+2.33,+265.0,+20.4,LB	+6.92,+2.9,+19.5,BB	
1701469866.4207432	+6.64,+10.7,+21.0,HA	+6.33,+33.4,+21.1,IA	+6.68,+15.1,+21.0,GA	+6.96,-0.5,+19.5,NB	+2.32,+265.2,+20.3,HB	+6.92,+2.9,+19.5,BB	
1701469928.4306285	+6.64,+10.8,+21.0,GA	+6.33,+33.4,+21.1,IA	+6.67,+15.1,+21.0,HA	+6.96,-0.5,+19.5,NB	+2.33,+264.7,+20.3,MB	+6.92,+2.9,+19.5,BB	
1701469990.4384413	+6.64,+10.8,+21.0,GA	+6.33,+33.3,+21.1,NA	+6.67,+15.1,+21.0,HA	+6.96,-0.5,+19.5,NB	+2.33,+264.8,+20.3,BB	+6.92,+2.9,+19.5,BB	
1701470235.9748645	+6.64,+10.7,+21.0,HA	+6.33,+33.4,+21.1,IA	+6.68,+15.1,+21.0,GA	+6.96,-0.5,+19.5,NB	+2.34,+264.6,+20.3,KB	+6.92,+2.9,+19.5,BB	
1701470297.9832418	+6.64,+10.8,+21.0,GA	+6.33,+33.3,+21.1,NA	+6.67,+15.2,+21.0,KA	+6.96,-0.5,+19.5,NB	+2.33,+265.0,+20.3,KB	+6.92,+2.9,+19.5,BB	
1701470359.9896562	+6.64,+10.6,+21.0,IA	+6.33,+33.4,+21.1,IA	+6.68,+15.0,+21.1,GA	+6.96,-0.5,+19.6,MB	+2.32,+265.2,+20.3,HB	+6.92,+2.9,+19.5,BB	
1701470421.997206	+6.64,+10.5,+21.0,JA	+6.33,+33.3,+21.1,NA	+6.67,+15.2,+21.0,KA	+6.96,-0.5,+19.5,NB	+2.32,+265.4,+20.3,NB	+6.92,+2.9,+19.5,BB	
1701470484.0061865	+6.64,+10.5,+21.0,JA	+6.33,+33.3,+21.1,NA	+6.67,+15.1,+21.0,HA	+6.96,-0.5,+19.5,NB	+2.33,+264.9,+20.3,CB	+6.92,+2.9,+19.5,BB	
1701470546.0160108	+6.64,+10.5,+21.0,JA	+6.33,+33.4,+21.1,IA	+6.68,+15.0,+21.0,FA	+6.96,-0.5,+19.5,NB	+2.33,+265.1,+20.3,JB	+6.92,+2.9,+19.5,BB	
1701470608.0224185	+6.64,+10.6,+21.0,IA	+6.33,+33.3,+21.1,NA	+6.67,+15.1,+21.0,HA	+6.96,-0.5,+19.5,NB	+2.33,+265.1,+20.3,JB	+6.92,+2.9,+19.5,BB	
1701470670.0288475	+6.64,+10.5,+21.0,JA	+6.33,+33.3,+21.1,NA	+6.68,+15.0,+21.1,GA	+6.96,-0.5,+19.5,NB	+2.33,+264.6,+20.3,LB	+6.92,+2.9,+19.5,BB	
1701470732.038801	+6.64,+10.5,+21.0,JA	+6.33,+33.3,+21.1,NA	+6.68,+15.1,+21.1,FA	+6.96,-0.5,+19.5,NB	+2.32,+265.3,+20.3,IB	+6.92,+2.9,+19.5,BB	
1701470794.0486887	+6.64,+10.5,+21.0,JA	+6.33,+33.3,+21.1,NA	+6.68,+14.9,+21.0,NA	+6.96,-0.6,+19.5,MB	+2.32,+265.4,+20.3,NB	+6.92,+2.9,+19.5,BB	
1701470856.0593069	+6.64,+10.5,+21.0,JA	+6.33,+33.4,+21.1,IA	+6.68,+15.0,+21.0,FA	+6.96,-0.5,+19.5,NB	+2.33,+264.9,+20.3,CB	+6.92,+3.0,+19.5,JB	
1701470918.0670173	+6.64,+10.5,+21.0,JA	+6.33,+33.3,+21.1,NA	+6.68,+15.1,+21.1,FA	+6.96,-0.5,+19.6,MB	+2.33,+264.9,+20.3,CB	+6.92,+2.9,+19.5,BB	
1701470980.0775945	+6.64,+10.5,+21.0,JA	+6.33,+33.3,+21.1,NA	+6.68,+15.1,+21.1,FA	+6.96,-0.5,+19.5,NB	+2.33,+265.1,+20.3,JB	+6.92,+3.0,+19.5,JB	
1701471042.0886438	+6.64,+10.5,+21.0,JA	+6.33,+33.3,+21.1,NA	+6.68,+15.0,+21.0,FA	+6.96,-0.5,+19.5,NB	+2.32,+265.2,+20.3,HB	+6.92,+3.0,+19.5,JB	
1701471104.0982723	+6.64,+10.5,+21.0,JA	+6.33,+33.4,+21.1,IA	+6.68,+15.1,+21.0,GA	+6.96,-0.5,+19.6,MB	+2.33,+264.7,+20.3,MB	+6.92,+2.9,+19.5,BB	
1701471166.1072645	+6.64,+10.5,+21.0,JA	+6.33,+33.3,+21.1,NA	+6.68,+15.1,+21.1,FA	+6.96,-0.5,+19.5,NB	+2.33,+265.1,+20.3,JB	+6.92,+3.0,+19.5,JB	
1701471228.1119945	+6.64,+10.5,+21.0,JA	+6.33,+33.3,+21.1,NA	+6.68,+15.0,+21.0,FA	+6.96,-0.5,+19.5,NB	+2.32,+265.3,+20.3,IB	+6.92,+3.0,+19.5,JB	
1701471290.1213963	+6.64,+10.6,+21.0,IA	+6.33,+33.3,+21.1,NA	+6.68,+15.0,+21.0,FA	+6.96,-0.5,+19.5,NB	+2.32,+265.4,+20.3,NB	+6.92,+3.0,+19.5,JB	
1701471352.132695	+6.64,+10.7,+21.0,HA	+6.33,+33.2,+21.1,OA	+6.67,+15.1,+21.0,HA	+6.96,-0.5,+19.5,NB	+2.34,+264.1,+20.4,KB	+6.92,+2.9,+19.5,BB	
1701471414.140742	+6.64,+10.7,+21.0,HA	+6.33,+33.3,+21.1,NA	+6.68,+15.1,+21.0,GA	+6.96,-0.5,+19.5,NB	+2.32,+265.2,+20.3,HB	+6.92,+2.9,+19.5,BB	
1701471476.1499295	+6.64,+10.7,+21.0,HA	+6.33,+33.2,+21.1,OA	+6.68,+15.1,+21.1,FA	+6.96,-0.5,+19.5,NB	+2.32,+265.2,+20.3,HB	+6.92,+2.9,+19.5,BB	
1701471538.1591158	+6.64,+10.7,+21.0,HA	+6.33,+33.3,+21.1,NA	+6.68,+15.0,+21.1,GA	+6.96,-0.6,+19.5,MB	+2.34,+264.5,+20.3,HB	+6.92,+2.9,+19.5,BB	
1701471600.1702113	+6.64,+10.7,+21.0,HA	+6.33,+33.4,+21.1,IA	+6.68,+15.0,+21.0,FA	+6.96,-0.5,+19.5,NB	+2.32,+265.2,+20.3,HB	+6.92,+3.0,+19.5,JB	
1701471662.1783996	+6.64,+10.7,+21.0,HA	+6.33,+33.3,+21.1,NA	+6.68,+15.1,+21.0,GA	+6.96,-0.5,+19.5,NB	+2.32,+265.6,+20.3,LB	+6.92,+3.0,+19.5,JB	
1701471724.1858068	+6.64,+10.7,+21.0,HA	+6.33,+33.3,+21.1,NA	+6.68,+15.1,+21.0,GA	+6.96,-0.5,+19.5,NB	+2.32,+265.2,+20.3,HB	+6.92,+3.0,+19.5,JB	
1701471786.1971273	+6.64,+10.7,+21.0,HA	+6.33,+33.3,+21.1,NA	+6.67,+15.1,+21.0,HA	+6.96,-0.5,+19.5,NB	+2.32,+265.3,+20.3,IB	+6.92,+2.9,+19.5,BB	
1701471848.2056694	+6.64,+10.7,+21.0,HA	+6.33,+33.4,+21.1,IA	+6.67,+15.2,+21.0,KA	+6.96,-0.5,+19.5,NB	+2.32,+265.2,+20.3,HB	+6.92,+2.9,+19.5,BB	
1701471910.2138803	+6.64,+10.6,+21.0,IA	+6.33,+33.4,+21.1,IA	+6.68,+15.1,+21.0,GA	+6.96,-0.5,+19.5,NB	+2.32,+265.3,+20.3,IB	+6.92,+2.9,+19.5,BB	
1701471972.2224548	+6.64,+10.7,+21.0,HA	+6.33,+33.4,+21.1,IA	+6.68,+15.0,+21.0,FA	+6.96,-0.5,+19.5,NB	+2.32,+265.4,+20.3,NB	+6.92,+2.9,+19.5,BB	
1701472034.232462	+6.64,+10.7,+21.0,HA	+6.33,+33.4,+21.1,IA	+6.68,+15.0,+21.0,FA	+6.96,-0.5,+19.5,NB	+2.32,+265.1,+20.3,KB	+6.92,+2.9,+19.5,BB	
1701472096.2424366	+6.64,+10.8,+21.0,GA	+6.33,+33.4,+21.1,IA	+6.68,+15.1,+21.0,GA	+6.96,-0.5,+19.5,NB	+2.32,+265.4,+20.3,NB	+6.92,+2.9,+19.5,BB	
1701472158.2507336	+6.64,+10.7,+21.0,HA	+6.33,+33.3,+21.1,NA	+6.67,+15.1,+21.0,HA	+6.96,-0.5,+19.5,NB	+2.32,+265.4,+20.3,NB	+6.92,+2.9,+19.5,BB	
1701472220.258618	+6.64,+10.7,+21.0,HA	+6.33,+33.3,+21.1,NA	+6.67,+15.1,+21.0,HA	+6.96,-0.5,+19.5,NB	+2.32,+265.3,+20.3,IB	+6.92,+2.9,+19.5,BB	
1701472282.2679942	+6.64,+10.7,+21.0,HA	+6.33,+33.4,+21.1,IA	+6.67,+15.1,+21.0,HA	+6.96,-0.4,+19.5,OB	+2.34,+264.2,+20.3,OB	+6.92,+2.9,+19.5,BB	
1701472344.2775376	+6.64,+10.7,+21.0,HA	+6.33,+33.2,+21.1,OA	+6.68,+15.0,+21.0,FA	+6.96,-0.5,+19.5,NB	+2.32,+265.2,+20.3,HB	+6.92,+2.9,+19.5,BB	
1701472406.283402	+6.64,+10.7,+21.0,HA	+6.33,+33.2,+21.1,OA	+6.68,+15.0,+21.0,FA	+6.96,-0.5,+19.5,NB	+2.32,+265.3,+20.3,IB	+6.92,+3.0,+19.5,JB	
1701472468.2922413	+6.64,+10.7,+21.0,HA	+6.33,+33.2,+21.1,OA	+6.68,+15.0,+21.0,FA	+6.96,-0.6,+19.5,MB	+2.32,+265.4,+20.3,NB	+6.92,+2.9,+19.5,BB	
1701472530.298768	+6.64,+10.8,+21.0,GA	+6.33,+33.2,+21.1,OA	+6.67,+15.1,+21.0,HA	+6.96,-0.5,+19.5,NB	+2.32,+265.5,+20.3,OB	+6.92,+2.9,+19.5,BB	
1701472592.3083172	+6.64,+10.7,+21.0,HA	+6.33,+33.2,+21.1,OA	+6.67,+15.2,+21.0,KA	+6.96,-0.5,+19.5,NB	+2.32,+265.2,+20.3,HB	+6.92,+2.9,+19.5,BB	
1701472654.3167126	+6.64,+10.6,+21.0,IA	+6.33,+33.2,+21.1,OA	+6.68,+15.0,+21.0,FA	+6.96,-0.5,+19.5,NB	+2.32,+265.3,+20.3,IB	+6.92,+2.9,+19.5,BB	
1701472716.324798	+6.64,+10.7,+21.0,HA	+6.33,+33.1,+21.1,LA	+6.68,+15.0,+21.0,FA	+6.96,-0.5,+19.5,NB	+2.32,+265.4,+20.3,NB	+6.92,+2.9,+19.5,BB	
1701472778.332009	+6.64,+10.7,+21.0,HA	+6.33,+33.2,+21.1,OA	+6.68,+15.0,+21.0,FA	+6.96,-0.5,+19.5,NB	+2.32,+265.5,+20.3,OB	+6.92,+2.9,+19.5,BB	
1701472840.3413918	+6.64,+10.7,+21.0,HA	+6.33,+33.1,+21.1,LA	+6.68,+15.0,+21.1,GA	+6.96,-0.5,+19.5,NB	+2.32,+265.3,+20.3,IB	+6.92,+2.9,+19.5,BB	
1701472902.351555	+6.64,+10.7,+21.0,HA	+6.33,+33.1,+21.1,LA	+6.68,+15.0,+21.0,FA	+6.96,-0.4,+19.5,OB	+2.32,+265.6,+20.3,LB	+6.92,+2.9,+19.5,BB	
1701472964.3585358	+6.64,+10.7,+21.0,HA	+6.33,+33.1,+21.1,LA	+6.68,+15.0,+21.1,GA	+6.96,-0.5,+19.5,NB	+2.33,+264.7,+20.3,MB	+6.92,+2.9,+19.5,BB	
1701473026.3688607	+6.64,+10.7,+21.0,HA	+6.33,+33.0,+21.1,MA	+6.68,+15.0,+21.1,GA	+6.96,-0.5,+19.5,NB	+2.32,+265.7,+20.3,MB	+6.92,+3.0,+19.5,JB	
1701473088.3782265	+6.64,+10.7,+21.0,HA	+6.33,+33.0,+21.1,MA	+6.68,+15.0,+21.0,FA	+6.96,-0.6,+19.5,MB	+2.32,+265.2,+20.3,HB	+6.92,+3.0,+19.5,JB	
1701473150.3881264	+6.64,+10.7,+21.0,HA	+6.33,+33.1,+21.1,LA	+6.68,+15.1,+21.1,FA	+6.96,-0.5,+19.5,NB	+2.32,+265.5,+20.3,OB	+6.92,+3.0,+19.5,JB	
1701473212.3981338	+6.64,+10.7,+21.0,HA	+6.33,+33.2,+21.1,OA	+6.68,+15.0,+21.0,FA	+6.96,-0.5,+19.5,NB	+2.32,+265.6,+20.3,LB	+6.92,+2.9,+19.5,BB	
1701473274.4085357	+6.64,+10.8,+21.0,GA	+6.33,+33.1,+21.1,LA	+6.68,+15.1,+21.0,GA	+6.96,-0.5,+19.5,NB	+2.32,+265.5,+20.3,OB	+6.92,+3.0,+19.5,JB	
1701473336.4167354	+6.64,+10.8,+21.0,GA	+6.33,+33.1,+21.1,LA	+6.68,+15.0,+21.0,FA	+6.96,-0.6,+19.5,MB	+2.32,+265.6,+20.3,LB	+6.92,+3.0,+19.5,JB	
1701473398.4246416	+6.64,+10.8,+21.0,GA	+6.33,+33.0,+21.1,MA	+6.68,+15.0,+21.1,GA	+6.96,-0.5,+19.5,NB	+2.32,+265.6,+20.3,LB	+6.92,+3.0,+19.5,JB	
1701473460.4343922	+6.64,+10.7,+21.0,HA	+6.33,+33.1,+21.1,LA	+6.68,+15.1,+21.0,GA	+6.96,-0.6,+19.5,MB	+2.31,+265.7,+20.3,NB	+6.92,+2.9,+19.5,BB	
1701473522.4419296	+6.64,+10.7,+21.0,HA	+6.33,+33.1,+21.1,LA	+6.68,+15.1,+21.0,GA	+6.96,-0.5,+19.5,NB	+2.34,+264.3,+20.3,NB	+6.92,+3.0,+19.5,JB	
1701473584.4492779	+6.64,+10.7,+21.0,HA	+6.33,+33.0,+21.1,MA	+6.68,+15.0,+21.1,GA	+6.96,-0.6,+19.5,MB	+2.34,+264.1,+20.3,LB	+6.92,+2.9,+19.5,BB	
1701473646.4615395	+6.64,+10.7,+21.0,HA	+6.33,+33.2,+21.1,OA	+6.68,+15.1,+21.0,GA	+6.96,-0.5,+19.5,NB	+2.32,+265.5,+20.3,OB	+6.92,+2.9,+19.5,BB	
1701473708.470854	+6.64,+10.8,+21.0,GA	+6.33,+33.2,+21.1,OA	+6.68,+15.0,+21.0,FA	+6.96,-0.6,+19.5,MB	+2.32,+265.7,+20.3,MB	+6.92,+2.9,+19.5,BB	
1701473770.4807558	+6.64,+10.6,+21.0,IA	+6.33,+33.0,+21.1,MA	+6.68,+15.0,+21.0,FA	+6.96,-0.5,+19.5,NB	+2.31,+265.7,+20.3,NB	+6.92,+3.0,+19.5,JB	
1701473832.4880474	+6.64,+10.5,+21.0,JA	+6.33,+33.1,+21.1,LA	+6.68,+15.0,+21.0,FA	+6.96,-0.5,+19.5,NB	+2.31,+265.8,+20.3,AB	+6.92,+2.9,+19.5,BB	
1701474078.0495658	+6.64,+10.5,+21.0,JA	+6.33,+33.0,+21.1,MA	+6.68,+15.0,+21.0,FA	+6.96,-0.5,+19.5,NB	+2.31,+265.9,+20.3,@B	+6.92,+2.9,+19.5,BB	
1701474140.0610385	+6.64,+10.4,+21.0,KA	+6.33,+33.0,+21.1,MA	+6.68,+15.0,+21.0,FA	+6.96,-0.5,+19.5,NB	+2.30,+266.3,+20.3,HB	+6.92,+3.0,+19.5,JB	
1701474202.0715292	+6.64,+10.5,+21.0,JA	+6.33,+33.1,+21.1,LA	+6.68,+15.0,+21.0,FA	+6.96,-0.5,+19.5,NB	+2.30,+266.5,+20.3,NB	+6.92,+2.9,+19.5,BB	
1701474264.0800176	+6.64,+10.5,+21.0,JA	+6.33,+33.0,+21.1,MA	+6.68,+15.0,+21.0,FA	+6.96,-0.6,+19.5,MB	+2.30,+266.6,+20.3,MB	+6.92,+2.9,+19.5,BB	
1701474326.0884602	+6.64,+10.5,+21.0,JA	+6.34,+33.0,+21.1,JA	+6.68,+15.0,+21.1,GA	+6.96,-0.5,+19.5,NB	+2.30,+266.6,+20.3,MB	+6.92,+2.8,+19.5,CB	
1701474388.0980766	+6.64,+10.5,+21.0,JA	+6.33,+33.0,+21.1,MA	+6.68,+14.9,+21.0,NA	+6.96,-0.5,+19.5,NB	+2.33,+264.6,+20.3,LB	+6.92,+2.8,+19.5,CB	
1701474450.1048193	+6.64,+10.5,+21.0,JA	+6.34,+32.9,+21.1,BA	+6.68,+15.0,+21.0,FA	+6.96,-0.5,+19.5,NB	+2.31,+266.1,+20.3,KB	+6.92,+2.9,+19.5,BB	
1701474512.1134052	+6.64,+10.5,+21.0,JA	+6.34,+32.9,+21.1,BA	+6.68,+15.0,+21.1,GA	+6.96,-0.6,+19.5,MB	+2.31,+266.1,+20.4,LB	+6.92,+2.9,+19.5,BB	
1701474574.1226354	+6.64,+10.6,+21.0,IA	+6.33,+33.0,+21.1,MA	+6.68,+15.1,+21.1,FA	+6.96,-0.5,+19.5,NB	+2.31,+266.2,+20.3,HB	+6.92,+2.9,+19.5,BB	
1701474636.1331995	+6.64,+10.5,+21.0,JA	+6.34,+32.9,+21.1,BA	+6.68,+15.1,+21.1,FA	+6.96,-0.6,+19.5,MB	+2.31,+266.3,+20.3,IB	+6.92,+2.8,+19.5,CB	
1701474698.1441052	+6.64,+10.5,+21.0,JA	+6.33,+33.0,+21.1,MA	+6.68,+15.0,+21.0,FA	+6.96,-0.5,+19.5,NB	+2.33,+265.0,+20.3,KB	+6.92,+2.8,+19.5,CB	
1701474760.1522217	+6.64,+10.6,+21.0,IA	+6.34,+32.9,+21.1,BA	+6.68,+14.9,+21.0,NA	+6.96,-0.5,+19.5,NB	+2.31,+266.0,+20.3,JB	+6.92,+3.0,+19.5,JB	
1701474822.1611018	+6.64,+10.6,+21.0,IA	+6.33,+33.0,+21.1,MA	+6.68,+15.0,+21.0,FA	+6.96,-0.5,+19.5,NB	+2.31,+265.8,+20.3,AB	+6.92,+2.8,+19.5,CB	
1701474884.168239	+6.64,+10.6,+21.0,IA	+6.33,+33.0,+21.1,MA	+6.68,+15.0,+21.1,GA	+6.96,-0.5,+19.5,NB	+2.31,+266.1,+20.3,KB	+6.92,+2.8,+19.5,CB	
1701474946.177577	+6.64,+10.6,+21.0,IA	+6.33,+33.0,+21.1,MA	+6.68,+15.1,+21.0,GA	+6.96,-0.5,+19.5,NB	+2.31,+266.3,+20.3,IB	+6.92,+2.8,+19.5,CB	
1701475008.1865003	+6.64,+10.7,+21.0,HA	+6.34,+32.9,+21.1,BA	+6.68,+15.0,+21.1,GA	+6.96,-0.6,+19.5,MB	+2.31,+265.9,+20.3,@B	+6.92,+2.8,+19.5,CB	
1701475070.1934018	+6.64,+10.6,+21.0,IA	+6.34,+32.9,+21.1,BA	+6.68,+14.9,+21.1,OA	+6.96,-0.5,+19.5,NB	+2.31,+266.2,+20.3,HB	+6.92,+2.9,+19.5,BB	
1701475132.2029905	+6.64,+10.7,+21.0,HA	+6.34,+32.9,+21.1,BA	+6.68,+15.0,+21.1,GA	+6.96,-0.5,+19.5,NB	+2.30,+266.3,+20.3,HB	+6.92,+2.9,+19.5,BB	
1701475194.2095692	+6.64,+10.6,+21.0,IA	+6.34,+33.0,+21.1,JA	+6.68,+15.0,+21.1,GA	+6.96,-0.5,+19.5,NB	+2.31,+266.3,+20.3,IB	+6.92,+2.9,+19.5,BB	
1701475256.2181163	+6.64,+10.7,+21.0,HA	+6.34,+33.0,+21.1,JA	+6.68,+14.9,+21.1,OA	+6.96,-0.5,+19.5,NB	+2.31,+266.0,+20.3,JB	+6.92,+2.9,+19.5,BB	
1701475318.2260811	+6.64,+10.7,+21.0,HA	+6.33,+33.0,+21.1,MA	+6.68,+15.1,+21.1,FA	+6.96,-0.6,+19.5,MB	+2.30,+266.3,+20.3,HB	+6.92,+2.9,+19.5,BB	
1701475380.2354364	+6.64,+10.6,+21.0,IA	+6.33,+33.0,+21.1,MA	+6.68,+15.0,+21.0,FA	+6.96,-0.6,+19.5,MB	+2.30,+266.4,+20.3,OB	+6.92,+3.0,+19.5,JB	
1701475442.2429612	+6.64,+10.8,+21.0,GA	+6.33,+33.0,+21.1,MA	+6.68,+14.9,+21.0,NA	+6.96,-0.5,+19.5,NB	+2.30,+266.5,+20.3,NB	+6.92,+2.9,+19.5,BB	
1701475504.2492688	+6.63,+10.9,+21.0,AA	+6.33,+33.0,+21.1,MA	+6.68,+14.9,+21.0,NA	+6.96,-0.5,+19.5,NB	+2.33,+264.8,+20.3,BB	+6.92,+2.9,+19.5,BB	
1701475566.2618606	+6.63,+10.9,+21.0,AA	+6.34,+32.9,+21.1,BA	+6.68,+15.0,+21.0,FA	+6.96,-0.6,+19.5,MB	+2.31,+266.3,+20.3,IB	+6.92,+2.9,+19.5,BB	
1701475628.2702756	+6.63,+10.9,+21.0,AA	+6.34,+32.9,+21.1,BA	+6.68,+15.0,+21.0,FA	+6.96,-0.6,+19.5,MB	+2.30,+266.5,+20.3,NB	+6.92,+2.9,+19.5,BB	
1701475690.279743	+6.63,+11.0,+21.0,IA	+6.33,+33.0,+21.1,MA	+6.68,+14.9,+21.0,NA	+6.96,-0.5,+19.5,NB	+2.31,+265.8,+20.3,AB	+6.92,+2.8,+19.5,CB	
1701475752.2857733	+6.63,+11.0,+21.0,IA	+6.33,+33.0,+21.1,MA	+6.68,+14.9,+21.0,NA	+6.96,-0.5,+19.5,NB	+2.32,+265.2,+20.3,HB	+6.92,+2.9,+19.5,BB	
1701475814.294798	+6.63,+11.0,+21.0,IA	+6.34,+32.9,+21.1,BA	+6.68,+14.9,+21.0,NA	+6.96,-0.6,+19.5,MB	+2.30,+266.6,+20.3,MB	+6.92,+2.8,+19.5,CB	
1701475876.3038988	+6.63,+11.1,+21.0,HA	+6.34,+32.9,+21.1,BA	+6.68,+15.0,+21.1,GA	+6.96,-0.6,+19.5,MB	+2.30,+266.8,+20.3,CB	+6.92,+2.8,+19.5,CB	
1701475938.3135326	+6.63,+11.0,+21.0,IA	+6.34,+32.8,+21.1,CA	+6.68,+14.9,+21.1,OA	+6.96,-0.6,+19.5,MB	+2.29,+266.9,+20.3,JB	+6.92,+2.8,+19.5,CB	
1701476000.3211849	+6.63,+11.0,+21.0,IA	+6.34,+32.9,+21.1,BA	+6.68,+14.9,+21.1,OA	+6.96,-0.6,+19.5,MB	+2.32,+265.5,+20.3,OB	+6.92,+2.9,+19.5,BB	
1701476062.327817	+6.63,+11.0,+21.0,IA	+6.34,+32.9,+21.1,BA	+6.68,+15.0,+21.1,GA	+6.96,-0.5,+19.5,NB	+2.30,+266.6,+20.3,MB	+6.92,+2.8,+19.5,CB	
1701476124.336754	+6.63,+11.0,+21.0,IA	+6.34,+32.9,+21.1,BA	+6.68,+14.9,+21.0,NA	+6.96,-0.6,+19.5,MB	+2.30,+266.7,+20.3,LB	+6.92,+2.8,+19.5,CB	
1701476186.3422763	+6.63,+11.0,+21.0,IA	+6.34,+32.8,+21.1,CA	+6.68,+15.0,+21.1,GA	+6.96,-0.5,+19.5,NB	+2.32,+265.6,+20.3,LB	+6.92,+2.8,+19.5,CB	
1701476248.351529	+6.63,+11.0,+21.0,IA	+6.34,+32.9,+21.1,BA	+6.68,+14.9,+21.0,NA	+6.96,-0.6,+19.5,MB	+2.30,+266.7,+20.3,LB	+6.92,+2.9,+19.5,BB	
1701476310.3590333	+6.63,+11.0,+21.0,IA	+6.34,+32.9,+21.1,BA	+6.68,+14.9,+21.1,OA	+6.96,-0.6,+19.5,MB	+2.31,+265.9,+20.3,@B	+6.92,+2.9,+19.5,BB	
1701476372.368069	+6.63,+11.0,+21.0,IA	+6.34,+32.9,+21.1,BA	+6.68,+14.9,+21.1,OA	+6.96,-0.6,+19.5,MB	+2.29,+266.9,+20.3,JB	+6.92,+2.9,+19.5,BB	
1701476434.3766942	+6.63,+11.1,+21.0,HA	+6.34,+32.9,+21.1,BA	+6.68,+15.0,+21.1,GA	+6.96,-0.6,+19.5,MB	+2.30,+266.4,+20.3,OB	+6.92,+2.8,+19.5,CB	
1701476496.386272	+6.63,+11.0,+21.0,IA	+6.34,+32.8,+21.1,CA	+6.68,+15.0,+21.1,GA	+6.96,-0.5,+19.5,NB	+2.30,+266.5,+20.3,NB	+6.92,+2.9,+19.5,BB	
1701476558.3936028	+6.63,+11.1,+21.0,HA	+6.34,+32.9,+21.2,AA	+6.68,+15.1,+21.0,GA	+6.96,-0.6,+19.5,MB	+2.29,+266.9,+20.3,JB	+6.92,+2.8,+19.5,CB	
1701476620.3985784	+6.63,+11.0,+21.0,IA	+6.34,+32.8,+21.1,CA	+6.68,+14.8,+21.1,NA	+6.96,-0.5,+19.6,MB	+2.30,+266.3,+20.3,HB	+6.92,+2.8,+19.5,CB	
1701476682.4072313	+6.63,+11.0,+21.0,IA	+6.34,+32.9,+21.1,BA	+6.68,+15.0,+21.1,GA	+6.96,-0.5,+19.5,NB	+2.29,+267.2,+20.3,@B	+6.92,+2.8,+19.5,CB	
1701476744.4159465	+6.63,+11.0,+21.0,IA	+6.34,+32.8,+21.1,CA	+6.68,+14.9,+21.1,OA	+6.96,-0.5,+19.5,NB	+2.30,+266.7,+20.3,LB	+6.92,+2.9,+19.5,BB	
1701476806.4251642	+6.63,+11.0,+21.0,IA	+6.33,+33.0,+21.1,MA	+6.68,+15.0,+21.1,GA	+6.96,-0.5,+19.5,NB	+2.29,+266.9,+20.3,JB	+6.92,+2.8,+19.5,CB	
1701476868.437095	+6.63,+11.0,+21.0,IA	+6.33,+33.0,+21.1,MA	+6.68,+14.9,+21.1,OA	+6.96,-0.6,+19.5,MB	+2.30,+266.8,+20.3,CB	+6.92,+2.8,+19.5,CB	
1701476930.445911	+6.63,+11.1,+21.0,HA	+6.33,+33.0,+21.1,MA	+6.68,+15.0,+21.1,GA	+6.96,-0.6,+19.6,NB	+2.29,+267.1,+20.3,CB	+6.92,+2.7,+19.5,LB	
1701476992.4547575	+6.63,+11.2,+21.0,KA	+6.33,+33.0,+21.1,MA	+6.68,+14.9,+21.1,OA	+6.96,-0.5,+19.5,NB	+2.30,+266.7,+20.3,LB	+6.92,+2.8,+19.5,CB	
1701477054.4640303	+6.63,+11.1,+21.0,HA	+6.33,+33.0,+21.1,MA	+6.68,+15.0,+21.1,GA	+6.96,-0.6,+19.5,MB	+2.30,+266.8,+20.3,CB	+6.92,+2.8,+19.5,CB	
1701477116.4730804	+6.63,+11.1,+21.0,HA	+6.34,+32.9,+21.1,BA	+6.68,+14.9,+21.1,OA	+6.96,-0.6,+19.5,MB	+2.30,+266.8,+20.3,CB	+6.92,+2.8,+19.5,CB	
1701477178.4793396	+6.63,+11.1,+21.0,HA	+6.34,+32.9,+21.1,BA	+6.68,+15.0,+21.1,GA	+6.96,-0.5,+19.5,NB	+2.29,+267.0,+20.3,BB	+6.92,+2.9,+19.5,BB	
1701477240.4899626	+6.63,+11.1,+21.0,HA	+6.34,+32.9,+21.1,BA	+6.68,+15.0,+21.1,GA	+6.96,-0.6,+19.5,MB	+2.29,+267.2,+20.3,@B	+6.92,+2.9,+19.5,BB	
1701477302.4990377	+6.63,+11.1,+21.0,HA	+6.34,+32.9,+21.1,BA	+6.68,+15.0,+21.1,GA	+6.96,-0.6,+19.5,MB	+2.30,+266.7,+20.3,LB	+6.92,+2.8,+19.5,CB	
1701477364.5057828	+6.63,+11.1,+21.0,HA	+6.34,+32.9,+21.1,BA	+6.68,+14.9,+21.0,NA	+6.96,-0.6,+19.5,MB	+2.29,+267.1,+20.3,CB	+6.92,+2.8,+19.5,CB	
1701477426.5158932	+6.63,+10.9,+21.0,AA	+6.34,+32.9,+21.1,BA	+6.68,+14.9,+21.1,OA	+6.96,-0.6,+19.6,NB	+2.29,+267.2,+20.3,@B	+6.92,+2.8,+19.5,CB	
1701477488.5234325	+6.64,+10.8,+21.1,FA	+6.34,+32.9,+21.1,BA	+6.68,+14.9,+21.1,OA	+6.96,-0.6,+19.6,NB	+2.29,+267.4,+20.3,FB	+6.92,+2.8,+19.5,CB	
1701477550.5334969	+6.64,+10.8,+21.0,GA	+6.34,+32.9,+21.2,AA	+6.68,+15.0,+21.1,GA	+6.96,-0.6,+19.6,NB	+2.29,+267.0,+20.3,BB	+6.92,+2.8,+19.6,@B	
1701477612.5394897	+6.64,+10.8,+21.0,GA	+6.33,+33.0,+21.2,NA	+6.68,+14.9,+21.1,OA	+6.96,-0.6,+19.6,NB	+2.29,+267.3,+20.3,AB	+6.92,+2.8,+19.6,@B	
1701477674.54906	+6.63,+10.9,+21.1,@A	+6.33,+33.1,+21.2,OA	+6.68,+15.0,+21.1,GA	+6.96,-0.6,+19.6,NB	+2.29,+267.4,+20.3,FB	+6.92,+2.8,+19.6,@B	
1701477920.1327572	+6.64,+10.8,+21.1,FA	+6.33,+33.0,+21.1,MA	+6.68,+14.9,+21.1,OA	+6.96,-0.6,+19.6,NB	+2.29,+267.0,+20.3,BB	+6.92,+2.8,+19.6,@B	
1701477982.1425242	+6.64,+10.8,+21.0,GA	+6.33,+33.0,+21.2,NA	+6.68,+15.0,+21.1,GA	+6.96,-0.6,+19.6,NB	+2.30,+266.8,+20.3,CB	+6.92,+2.7,+19.6,OB	
1701478044.152689	+6.64,+10.8,+21.0,GA	+6.33,+33.0,+21.1,MA	+6.68,+15.0,+21.1,GA	+6.96,-0.6,+19.6,NB	+2.30,+266.5,+20.3,NB	+6.92,+2.8,+19.6,@B	
1701478106.1606812	+6.64,+10.8,+21.0,GA	+6.33,+33.1,+21.2,OA	+6.68,+14.9,+21.1,OA	+6.96,-0.6,+19.6,NB	+2.29,+267.3,+20.3,AB	+6.92,+2.8,+19.6,@B	
1701478168.1712418	+6.64,+10.8,+21.1,FA	+6.33,+33.0,+21.2,NA	+6.68,+15.0,+21.1,GA	+6.96,-0.6,+19.6,NB	+2.29,+267.4,+20.3,FB	+6.92,+2.8,+19.6,@B	
1701478230.1800432	+6.64,+10.8,+21.1,FA	+6.33,+33.2,+21.2,LA	+6.68,+15.0,+21.1,GA	+6.96,-0.6,+19.6,NB	+2.28,+267.7,+20.3,DB	+6.92,+2.8,+19.6,@B	
1701478292.189136	+6.64,+10.7,+21.1,IA	+6.33,+33.1,+21.1,LA	+6.68,+14.9,+21.1,OA	+6.96,-0.6,+19.6,NB	+2.28,+267.8,+20.3,KB	+6.92,+2.8,+19.6,@B	
1701478354.19838	+6.64,+10.8,+21.0,GA	+6.33,+33.0,+21.2,NA	+6.68,+15.0,+21.1,GA	+6.96,-0.6,+19.6,NB	+2.27,+268.0,+20.3,CB	+6.92,+2.8,+19.6,@B	
1701478416.2061157	+6.64,+10.7,+21.1,IA	+6.33,+33.0,+21.2,NA	+6.68,+15.0,+21.1,GA	+6.96,-0.6,+19.6,NB	+2.31,+265.8,+20.4,FB	+6.92,+2.8,+19.6,@B	
1701478478.2135158	+6.64,+10.7,+21.0,HA	+6.33,+33.1,+21.2,OA	+6.68,+15.0,+21.1,GA	+6.96,-0.6,+19.6,NB	+2.31,+265.9,+20.4,GB	+6.92,+2.8,+19.6,@B	
1701478540.2228673	+6.64,+10.8,+21.1,FA	+6.33,+33.1,+21.2,OA	+6.68,+14.9,+21.1,OA	+6.96,-0.6,+19.6,NB	+2.32,+265.7,+20.4,JB	+6.92,+2.8,+19.6,@B	
1701478602.2326765	+6.63,+10.8,+21.1,AA	+6.33,+33.1,+21.2,OA	+6.68,+14.9,+21.1,OA	+6.96,-0.6,+19.6,NB	+2.31,+265.8,+20.3,AB	+6.92,+2.8,+19.6,@B	
1701478664.2393594	+6.63,+10.8,+21.1,AA	+6.33,+33.1,+21.2,OA	+6.68,+14.9,+21.1,OA	+6.96,-0.7,+19.6,OB	+2.31,+265.9,+20.3,@B	+6.92,+2.9,+19.6,AB	
1701478726.2473693	+6.64,+10.8,+21.1,FA	+6.33,+33.0,+21.2,NA	+6.68,+14.9,+21.1,OA	+6.96,-0.6,+19.6,NB	+2.32,+265.6,+20.3,LB	+6.92,+2.8,+19.6,@B	
1701478788.255369	+6.63,+10.9,+21.1,@A	+6.34,+32.9,+21.2,AA	+6.68,+15.0,+21.1,GA	+6.96,-0.6,+19.6,NB	+2.31,+265.9,+20.4,GB	+6.92,+2.8,+19.6,@B	
1701478850.263705	+6.64,+10.8,+21.1,FA	+6.34,+32.9,+21.2,AA	+6.68,+14.9,+21.1,OA	+6.96,-0.6,+19.6,NB	+2.31,+265.8,+20.4,FB	+6.92,+2.7,+19.6,OB	
1701478912.2730525	+6.64,+10.8,+21.1,FA	+6.34,+32.9,+21.2,AA	+6.68,+14.9,+21.1,OA	+6.96,-0.6,+19.6,NB	+2.31,+265.9,+20.3,@B	+6.92,+2.8,+19.6,@B	
1701478974.2815175	+6.64,+10.8,+21.1,FA	+6.34,+32.8,+21.2,@A	+6.68,+14.9,+21.1,OA	+6.96,-0.6,+19.6,NB	+2.31,+265.9,+20.3,@B	+6.92,+2.8,+19.6,@B	
1701479036.290824	+6.64,+10.8,+21.0,GA	+6.34,+32.9,+21.2,AA	+6.68,+14.9,+21.1,OA	+6.96,-0.7,+19.6,OB	+2.31,+266.1,+20.3,KB	+6.92,+2.8,+19.6,@B	
1701479098.2982152	+6.64,+10.8,+21.1,FA	+6.34,+32.9,+21.2,AA	+6.68,+14.9,+21.2,LA	+6.96,-0.6,+19.6,NB	+2.31,+266.0,+20.3,JB	+6.92,+2.8,+19.6,@B	
1701479160.3067846	+6.64,+10.8,+21.1,FA	+6.34,+32.9,+21.2,AA	+6.68,+14.8,+21.1,NA	+6.96,-0.6,+19.6,NB	+2.31,+265.8,+20.3,AB	+6.92,+2.7,+19.6,OB	
1701479222.3144166	+6.64,+10.8,+21.1,FA	+6.34,+32.9,+21.2,AA	+6.68,+15.0,+21.1,GA	+6.96,-0.6,+19.6,NB	+2.31,+265.8,+20.4,FB	+6.92,+2.7,+19.6,OB	
1701479284.3210082	+6.64,+10.8,+21.1,FA	+6.34,+32.9,+21.2,AA	+6.68,+15.0,+21.1,GA	+6.96,-0.6,+19.6,NB	+2.31,+266.0,+20.3,JB	+6.92,+2.8,+19.6,@B	
1701479346.332537	+6.64,+10.8,+21.1,FA	+6.34,+32.9,+21.2,AA	+6.68,+14.8,+21.1,NA	+6.96,-0.7,+19.6,OB	+2.31,+266.0,+20.3,JB	+6.92,+2.8,+19.6,@B	
1701479408.3382185	+6.63,+10.9,+21.1,@A	+6.34,+32.9,+21.2,AA	+6.68,+15.0,+21.1,GA	+6.96,-0.6,+19.6,NB	+2.31,+265.9,+20.4,GB	+6.92,+2.9,+19.6,AB	
1701479470.3473296	+6.64,+10.8,+21.1,FA	+6.34,+32.9,+21.2,AA	+6.68,+15.0,+21.1,GA	+6.96,-0.7,+19.6,OB	+2.31,+265.9,+20.4,GB	+6.92,+2.8,+19.6,@B	
1701479532.352657	+6.63,+10.8,+21.1,AA	+6.34,+32.9,+21.2,AA	+6.68,+14.8,+21.2,MA	+6.96,-0.6,+19.6,NB	+2.31,+266.0,+20.4,MB	+6.92,+2.8,+19.6,@B	
1701479594.3584423	+6.64,+10.8,+21.1,FA	+6.34,+32.9,+21.2,AA	+6.68,+15.0,+21.2,DA	+6.96,-0.6,+19.6,NB	+2.31,+265.9,+20.3,@B	+6.92,+2.8,+19.6,@B	
1701479656.3657582	+6.64,+10.8,+21.1,FA	+6.34,+32.9,+21.2,AA	+6.68,+14.9,+21.2,LA	+6.96,-0.6,+19.6,NB	+2.31,+265.9,+20.4,GB	+6.92,+2.9,+19.6,AB	
1701479718.3742256	+6.63,+10.9,+21.1,@A	+6.34,+32.9,+21.2,AA	+6.68,+14.8,+21.2,MA	+6.96,-0.7,+19.6,OB	+2.31,+265.8,+20.4,FB	+6.92,+2.8,+19.6,@B	
1701479780.3840992	+6.63,+10.9,+21.1,@A	+6.34,+32.9,+21.2,AA	+6.68,+14.9,+21.2,LA	+6.96,-0.7,+19.6,OB	+2.31,+265.9,+20.4,GB	+6.92,+2.8,+19.6,@B	
1701479842.393645	+6.63,+10.8,+21.1,AA	+6.34,+32.9,+21.2,AA	+6.68,+15.0,+21.2,DA	+6.96,-0.6,+19.6,NB	+2.32,+265.7,+20.4,JB	+6.92,+2.8,+19.6,@B	
1701479904.4024508	+6.64,+10.8,+21.1,FA	+6.34,+32.8,+21.2,@A	+6.68,+14.9,+21.2,LA	+6.96,-0.7,+19.6,OB	+2.32,+265.7,+20.4,JB	+6.92,+2.8,+19.6,@B	
1701479966.4122546	+6.63,+10.9,+21.1,@A	+6.34,+32.9,+21.2,AA	+6.68,+14.9,+21.2,LA	+6.96,-0.7,+19.6,OB	+2.32,+265.7,+20.4,JB	+6.92,+2.8,+19.6,@B	
1701480028.4209065	+6.63,+10.9,+21.1,@A	+6.34,+32.9,+21.2,AA	+6.68,+14.8,+21.2,MA	+6.97,-0.7,+19.6,NB	+2.31,+265.9,+20.4,GB	+6.92,+2.9,+19.7,@B	
1701480090.429672	+6.63,+10.8,+21.1,AA	+6.34,+32.8,+21.2,@A	+6.68,+15.0,+21.2,DA	+6.96,-0.6,+19.7,OB	+2.31,+265.8,+20.4,FB	+6.92,+2.8,+19.7,AB	
1701480152.4352636	+6.64,+10.8,+21.1,FA	+6.34,+32.8,+21.2,@A	+6.68,+14.8,+21.2,MA	+6.96,-0.7,+19.7,NB	+2.31,+265.8,+20.4,FB	+6.92,+2.8,+19.6,@B	
1701480214.4445858	+6.63,+10.8,+21.1,AA	+6.34,+32.9,+21.2,AA	+6.68,+15.0,+21.2,DA	+6.96,-0.6,+19.7,OB	+2.32,+265.7,+20.4,JB	+6.92,+2.8,+19.6,@B	
1701480276.4493165	+6.64,+10.8,+21.1,FA	+6.34,+32.8,+21.2,@A	+6.68,+14.9,+21.2,LA	+6.96,-0.7,+19.6,OB	+2.32,+265.6,+20.4,KB	+6.92,+2.7,+19.7,NB	
1701480338.4590623	+6.64,+10.8,+21.1,FA	+6.34,+32.9,+21.2,AA	+6.68,+14.9,+21.2,LA	+6.96,-0.7,+19.6,OB	+2.31,+265.8,+20.4,FB	+6.92,+2.7,+19.7,NB	
1701480400.4681172	+6.64,+10.8,+21.2,EA	+6.34,+32.8,+21.2,@A	+6.68,+14.9,+21.2,LA	+6.96,-0.7,+19.7,NB	+2.31,+265.9,+20.4,GB	+6.92,+2.8,+19.7,AB	
1701480462.4777813	+6.64,+10.8,+21.2,EA	+6.34,+32.9,+21.2,AA	+6.68,+14.9,+21.2,LA	+6.97,-0.7,+19.7,OB	+2.31,+265.9,+20.4,GB	+6.92,+2.8,+19.6,@B	
1701480524.4874287	+6.64,+10.7,+21.2,JA	+6.34,+32.8,+21.2,@A	+6.68,+14.8,+21.2,MA	+6.96,-0.7,+19.7,NB	+2.31,+266.0,+20.4,MB	+6.92,+2.8,+19.7,AB	
1701480586.4965773	+6.64,+10.8,+21.1,FA	+6.34,+32.7,+21.2,OA	+6.68,+14.8,+21.2,MA	+6.96,-0.7,+19.7,NB	+2.31,+266.1,+20.4,LB	+6.92,+2.7,+19.7,NB	
1701480648.5061255	+6.64,+10.8,+21.1,FA	+6.34,+32.8,+21.2,@A	+6.68,+14.9,+21.2,LA	+6.97,-0.7,+19.6,NB	+2.31,+266.0,+20.4,MB	+6.92,+2.8,+19.7,AB	
1701480710.5141568	+6.64,+10.8,+21.2,EA	+6.34,+32.8,+21.2,@A	+6.68,+14.8,+21.2,MA	+6.97,-0.7,+19.6,NB	+2.31,+266.1,+20.4,LB	+6.92,+2.8,+19.7,AB	
1701480772.522253	+6.64,+10.8,+21.1,FA	+6.34,+32.8,+21.2,@A	+6.68,+14.9,+21.2,LA	+6.96,-0.6,+19.7,OB	+2.31,+266.1,+20.4,LB	+6.92,+2.8,+19.7,AB	
1701480834.5319552	+6.64,+10.8,+21.1,FA	+6.34,+32.8,+21.2,@A	+6.68,+15.0,+21.2,DA	+6.96,-0.7,+19.7,NB	+2.31,+266.2,+20.4,OB	+6.92,+2.7,+19.7,NB	
1701480896.539971	+6.64,+10.8,+21.2,EA	+6.34,+32.7,+21.2,OA	+6.68,+14.9,+21.2,LA	+6.96,-0.6,+19.7,OB	+2.31,+266.1,+20.4,LB	+6.92,+2.7,+19.7,NB	
1701480958.5475502	+6.64,+10.8,+21.1,FA	+6.34,+32.8,+21.2,@A	+6.68,+14.9,+21.2,LA	+6.96,-0.6,+19.7,OB	+2.31,+266.0,+20.4,MB	+6.92,+2.7,+19.7,NB	
1701481020.5578842	+6.64,+10.8,+21.2,EA	+6.34,+32.7,+21.2,OA	+6.68,+14.9,+21.2,LA	+6.96,-0.6,+19.7,OB	+2.31,+265.9,+20.4,GB	+6.92,+2.7,+19.7,NB	
1701481082.5648293	+6.64,+10.8,+21.2,EA	+6.34,+32.8,+21.2,@A	+6.68,+14.9,+21.2,LA	+6.96,-0.7,+19.7,NB	+2.31,+266.0,+20.4,MB	+6.92,+2.7,+19.7,NB	
1701481144.572817	+6.64,+10.8,+21.2,EA	+6.34,+32.7,+21.2,OA	+6.68,+14.8,+21.2,MA	+6.97,-0.7,+19.7,OB	+2.31,+266.0,+20.4,MB	+6.92,+2.7,+19.7,NB	
1701481206.5876288	+6.63,+10.8,+21.2,BA	+6.34,+32.8,+21.2,@A	+6.68,+14.8,+21.2,MA	+6.96,-0.7,+19.7,NB	+2.31,+265.9,+20.4,GB	+6.92,+2.7,+19.7,NB	
1701481268.5956745	+6.64,+10.8,+21.2,EA	+6.34,+32.7,+21.3,NA	+6.68,+14.8,+21.2,MA	+6.96,-0.6,+19.7,OB	+2.31,+265.8,+20.4,FB	+6.92,+2.7,+19.7,NB	
1701481330.6052995	+6.63,+10.9,+21.2,CA	+6.34,+32.8,+21.2,@A	+6.68,+14.8,+21.2,MA	+6.96,-0.7,+19.7,NB	+2.32,+265.7,+20.4,JB	+6.92,+2.8,+19.7,AB	
1701481392.612055	+6.64,+10.8,+21.2,EA	+6.34,+32.7,+21.2,OA	+6.68,+14.8,+21.2,MA	+6.96,-0.6,+19.7,OB	+2.32,+265.6,+20.4,KB	+6.92,+2.7,+19.7,NB	
1701481454.6207004	+6.64,+10.6,+21.2,KA	+6.34,+32.7,+21.3,NA	+6.68,+14.8,+21.2,MA	+6.97,-0.7,+19.7,OB	+2.32,+265.6,+20.4,KB	+6.92,+2.7,+19.7,NB	
1701481516.6287038	+6.64,+10.5,+21.2,HA	+6.34,+32.8,+21.3,AA	+6.68,+14.9,+21.2,LA	+6.97,-0.7,+19.7,OB	+2.32,+265.7,+20.4,JB	+6.92,+2.8,+19.7,AB	
1701481762.2093916	+6.64,+10.5,+21.2,HA	+6.34,+32.7,+21.3,NA	+6.68,+14.7,+21.2,BA	+6.96,-0.7,+19.7,NB	+2.28,+267.7,+20.4,CB	+6.92,+2.8,+19.7,AB	
1701481824.2195163	+6.64,+10.5,+21.2,HA	+6.34,+32.8,+21.3,AA	+6.68,+14.8,+21.2,MA	+6.97,-0.7,+19.7,OB	+2.27,+268.1,+20.4,EB	+6.92,+2.7,+19.7,NB	
1701481886.227731	+6.64,+10.5,+21.2,HA	+6.34,+32.8,+21.3,AA	+6.68,+14.8,+21.2,MA	+6.96,-0.6,+19.7,OB	+2.27,+268.4,+20.4,@B	+6.92,+2.7,+19.7,NB	
1701481948.2377737	+6.64,+10.5,+21.2,HA	+6.34,+32.8,+21.3,AA	+6.68,+14.7,+21.2,BA	+6.96,-0.7,+19.7,NB	+2.27,+268.5,+20.4,AB	+6.92,+2.7,+19.7,NB	
1701482010.2467582	+6.64,+10.5,+21.2,HA	+6.34,+32.7,+21.3,NA	+6.68,+14.7,+21.2,BA	+6.97,-0.7,+19.7,OB	+2.26,+268.7,+20.4,BB	+6.92,+2.8,+19.7,AB	
1701482072.2560456	+6.64,+10.5,+21.2,HA	+6.34,+32.8,+21.3,AA	+6.68,+14.8,+21.2,MA	+6.97,-0.7,+19.7,OB	+2.26,+268.8,+20.4,MB	+6.92,+2.7,+19.7,NB	
1701482134.266032	+6.64,+10.5,+21.2,HA	+6.34,+32.9,+21.3,@A	+6.68,+14.7,+21.2,BA	+6.97,-0.7,+19.7,OB	+2.26,+269.0,+20.4,DB	+6.92,+2.8,+19.7,AB	
1701482196.275721	+6.64,+10.5,+21.2,HA	+6.34,+32.9,+21.3,@A	+6.68,+14.7,+21.2,BA	+6.97,-0.7,+19.7,OB	+2.26,+269.0,+20.4,DB	+6.92,+2.7,+19.7,NB	
1701482258.285398	+6.64,+10.5,+21.2,HA	+6.34,+32.7,+21.3,NA	+6.68,+14.8,+21.2,MA	+6.97,-0.7,+19.7,OB	+2.26,+269.2,+20.4,FB	+6.92,+2.6,+19.7,OB	
1701482320.2921858	+6.64,+10.5,+21.2,HA	+6.34,+32.8,+21.3,AA	+6.68,+14.9,+21.2,LA	+6.96,-0.7,+19.7,NB	+2.25,+269.5,+20.4,BB	+6.92,+2.7,+19.7,NB	
1701482382.3017867	+6.64,+10.6,+21.2,KA	+6.34,+32.7,+21.3,NA	+6.68,+14.9,+21.3,MA	+6.97,-0.7,+19.7,OB	+2.25,+269.5,+20.4,BB	+6.92,+2.7,+19.7,NB	
1701482444.3107564	+6.64,+10.5,+21.2,HA	+6.34,+32.8,+21.3,AA	+6.68,+14.8,+21.3,LA	+6.96,-0.7,+19.7,NB	+2.25,+269.7,+20.4,@B	+6.92,+2.7,+19.7,NB	
1701482506.3207252	+6.64,+10.6,+21.2,KA	+6.34,+32.7,+21.3,NA	+6.68,+14.8,+21.3,LA	+6.96,-0.7,+19.7,NB	+2.24,+269.8,+20.4,NB	+6.92,+2.7,+19.8,AB	
1701482568.3303006	+6.64,+10.6,+21.2,KA	+6.34,+32.7,+21.3,NA	+6.68,+14.8,+21.3,LA	+6.96,-0.7,+19.8,AB	+2.24,+269.9,+20.4,OB	+6.92,+2.7,+19.8,AB	
1701482630.339279	+6.64,+10.6,+21.2,KA	+6.34,+32.6,+21.3,OA	+6.68,+14.7,+21.3,CA	+6.96,-0.6,+19.8,@B	+2.24,+270.0,+20.4,NB	+6.92,+2.7,+19.8,AB	
1701482692.3475986	+6.64,+10.6,+21.2,KA	+6.34,+32.7,+21.3,NA	+6.68,+14.7,+21.3,CA	+6.96,-0.6,+19.7,OB	+2.24,+270.1,+20.5,NB	+6.92,+2.6,+19.8,@B	
1701482754.3571365	+6.64,+10.6,+21.2,KA	+6.34,+32.8,+21.3,AA	+6.68,+14.7,+21.3,CA	+6.96,-0.7,+19.8,AB	+2.24,+270.2,+20.4,LB	+6.92,+2.7,+19.8,AB	
1701482816.3673291	+6.64,+10.6,+21.2,KA	+6.34,+32.8,+21.3,AA	+6.68,+14.7,+21.3,CA	+6.96,-0.7,+19.8,AB	+2.24,+270.2,+20.4,LB	+6.92,+2.6,+19.8,@B	
1701482878.375299	+6.64,+10.7,+21.2,JA	+6.34,+32.8,+21.3,AA	+6.68,+14.8,+21.3,LA	+6.97,-0.7,+19.8,@B	+2.24,+270.3,+20.5,LB	+6.92,+2.7,+19.8,AB	
1701482940.3856223	+6.64,+10.6,+21.2,KA	+6.34,+32.6,+21.3,OA	+6.68,+14.7,+21.3,CA	+6.96,-0.6,+19.8,@B	+2.24,+270.4,+20.5,KB	+6.92,+2.6,+19.8,@B	
1701483002.3948457	+6.64,+10.6,+21.2,KA	+6.34,+32.7,+21.3,NA	+6.68,+14.7,+21.3,CA	+6.97,-0.7,+19.8,@B	+2.23,+270.5,+20.5,MB	+6.92,+2.6,+19.8,@B	
1701483064.4026494	+6.64,+10.7,+21.2,JA	+6.34,+32.8,+21.3,AA	+6.68,+14.8,+21.3,LA	+6.97,-0.7,+19.8,@B	+2.23,+270.7,+20.5,OB	+6.92,+2.7,+19.8,AB	
1701483126.4152844	+6.64,+10.6,+21.2,KA	+6.34,+32.8,+21.3,AA	+6.68,+14.8,+21.3,LA	+6.97,-0.7,+19.8,@B	+2.23,+270.7,+20.5,OB	+6.92,+2.6,+19.8,@B	
1701483188.4241638	+6.64,+10.6,+21.2,KA	+6.34,+32.7,+21.3,NA	+6.68,+14.7,+21.3,CA	+6.97,-0.8,+19.8,OB	+2.23,+270.5,+20.5,MB	+6.92,+2.7,+19.8,AB	
1701483250.4334137	+6.64,+10.7,+21.2,JA	+6.34,+32.7,+21.3,NA	+6.68,+14.8,+21.3,LA	+6.96,-0.7,+19.8,AB	+2.23,+270.4,+20.5,LB	+6.92,+2.6,+19.8,@B	
1701483312.4402275	+6.64,+10.7,+21.3,KA	+6.34,+32.6,+21.3,OA	+6.68,+14.7,+21.3,CA	+6.97,-0.7,+19.8,@B	+2.23,+270.5,+20.4,LB	+6.92,+2.7,+19.8,AB	
1701483374.4495013	+6.64,+10.6,+21.2,KA	+6.34,+32.7,+21.3,NA	+6.68,+14.8,+21.3,LA	+6.96,-0.7,+19.8,AB	+2.23,+270.4,+20.4,MB	+6.92,+2.7,+19.8,AB	
1701483436.4598298	+6.64,+10.6,+21.3,JA	+6.34,+32.6,+21.3,OA	+6.68,+14.7,+21.3,CA	+6.97,-0.7,+19.8,@B	+2.24,+270.4,+20.5,KB	+6.92,+2.7,+19.8,AB	
1701483498.468978	+6.64,+10.7,+21.3,KA	+6.34,+32.7,+21.3,NA	+6.68,+14.7,+21.3,CA	+6.96,-0.7,+19.8,AB	+2.24,+270.3,+20.5,LB	+6.92,+2.6,+19.8,@B	
1701483560.4783437	+6.64,+10.7,+21.3,KA	+6.34,+32.6,+21.4,HA	+6.68,+14.7,+21.3,CA	+6.97,-0.7,+19.8,@B	+2.24,+269.9,+20.5,NB	+6.92,+2.7,+19.8,AB	
1701483622.4849503	+6.64,+10.7,+21.3,KA	+6.34,+32.6,+21.3,OA	+6.68,+14.8,+21.3,LA	+6.96,-0.6,+19.8,@B	+2.24,+270.0,+20.5,OB	+6.92,+2.6,+19.8,@B	
1701483684.4928966	+6.64,+10.7,+21.3,KA	+6.34,+32.6,+21.4,HA	+6.68,+14.6,+21.3,BA	+6.97,-0.7,+19.8,@B	+2.24,+270.0,+20.5,OB	+6.92,+2.7,+19.8,AB	
1701483746.5032299	+6.64,+10.6,+21.3,JA	+6.34,+32.6,+21.3,OA	+6.68,+14.7,+21.3,CA	+6.97,-0.7,+19.8,@B	+2.24,+269.9,+20.5,NB	+6.92,+2.7,+19.8,AB	
1701483808.509001	+6.64,+10.7,+21.3,KA	+6.34,+32.6,+21.3,OA	+6.68,+14.8,+21.3,LA	+6.97,-0.7,+19.8,@B	+2.24,+269.9,+20.5,NB	+6.92,+2.7,+19.8,AB	
1701483870.517556	+6.64,+10.7,+21.3,KA	+6.34,+32.5,+21.4,KA	+6.68,+14.7,+21.3,CA	+6.97,-0.7,+19.8,@B	+2.31,+266.2,+20.5,NB	+6.92,+2.7,+19.8,AB	
1701483932.528342	+6.64,+10.6,+21.3,JA	+6.34,+32.5,+21.4,KA	+6.68,+14.7,+21.3,CA	+6.97,-0.7,+19.8,@B	+2.31,+266.1,+20.5,MB	+6.92,+2.7,+19.8,AB	
1701483994.5370204	+6.64,+10.7,+21.3,KA	+6.34,+32.5,+21.4,KA	+6.68,+14.7,+21.3,CA	+6.97,-0.7,+19.8,@B	+2.30,+266.5,+20.5,HB	+6.92,+2.7,+19.8,AB	
1701484056.5442338	+6.64,+10.6,+21.3,JA	+6.34,+32.6,+21.4,HA	+6.68,+14.8,+21.3,LA	+6.96,-0.7,+19.8,AB	+2.27,+268.2,+20.5,GB	+6.92,+2.6,+19.8,@B	
1701484118.552785	+6.64,+10.6,+21.3,JA	+6.34,+32.6,+21.3,OA	+6.68,+14.7,+21.3,CA	+6.97,-0.7,+19.8,@B	+2.27,+268.6,+20.5,CB	+6.92,+2.6,+19.8,@B	
1701484180.5625129	+6.64,+10.6,+21.3,JA	+6.34,+32.6,+21.3,OA	+6.68,+14.6,+21.3,BA	+6.97,-0.7,+19.8,@B	+2.26,+269.2,+20.5,GB	+6.92,+2.6,+19.8,@B	
1701484242.5723243	+6.64,+10.6,+21.3,JA	+6.34,+32.5,+21.4,KA	+6.68,+14.7,+21.3,CA	+6.96,-0.7,+19.8,AB	+2.25,+269.6,+20.5,@B	+6.92,+2.6,+19.8,@B	
1701484304.5810556	+6.64,+10.7,+21.3,KA	+6.34,+32.6,+21.3,OA	+6.68,+14.7,+21.3,CA	+6.97,-0.7,+19.8,@B	+2.24,+270.0,+20.5,OB	+6.92,+2.6,+19.8,@B	
1701484366.592136	+6.64,+10.6,+21.3,JA	+6.34,+32.6,+21.4,HA	+6.68,+14.6,+21.3,BA	+6.96,-0.7,+19.8,AB	+2.24,+270.3,+20.5,LB	+6.92,+2.6,+19.8,@B	
1701484428.6023843	+6.64,+10.7,+21.3,KA	+6.34,+32.5,+21.4,KA	+6.68,+14.7,+21.3,CA	+6.97,-0.7,+19.8,@B	+2.23,+270.5,+20.5,MB	+6.92,+2.6,+19.8,@B	
1701484490.611316	+6.64,+10.7,+21.3,KA	+6.34,+32.5,+21.4,KA	+6.68,+14.7,+21.3,CA	+6.97,-0.8,+19.8,OB	+2.23,+270.5,+20.5,MB	+6.92,+2.6,+19.8,@B	
1701484552.6201792	+6.64,+10.7,+21.3,KA	+6.34,+32.5,+21.4,KA	+6.68,+14.7,+21.3,CA	+6.97,-0.7,+19.8,@B	+2.23,+270.9,+20.5,AB	+6.92,+2.6,+19.8,@B	
1701484614.6298501	+6.64,+10.7,+21.3,KA	+6.34,+32.5,+21.4,KA	+6.68,+14.6,+21.3,BA	+6.97,-0.7,+19.8,@B	+2.22,+271.2,+20.5,JB	+6.92,+2.6,+19.8,@B	
1701484676.6383383	+6.64,+10.6,+21.3,JA	+6.34,+32.5,+21.4,KA	+6.68,+14.7,+21.3,CA	+6.97,-0.7,+19.8,@B	+2.23,+270.6,+20.5,NB	+6.93,+2.5,+19.8,BB	
1701484738.64717	+6.64,+10.7,+21.3,KA	+6.34,+32.5,+21.4,KA	+6.68,+14.7,+21.4,DA	+6.97,-0.8,+19.8,OB	+2.22,+271.5,+20.5,MB	+6.93,+2.5,+19.8,BB	
1701484800.6595364	+6.64,+10.7,+21.3,KA	+6.34,+32.5,+21.4,KA	+6.68,+14.7,+21.4,DA	+6.97,-0.8,+19.8,OB	+2.21,+271.7,+20.5,LB	+6.92,+2.6,+19.8,@B	
1701484862.6680515	+6.64,+10.7,+21.3,KA	+6.34,+32.5,+21.4,KA	+6.69,+14.5,+21.4,GA	+6.97,-0.7,+19.8,@B	+2.22,+271.2,+20.5,JB	+6.92,+2.6,+19.9,AB	
1701484924.6750371	+6.64,+10.7,+21.3,KA	+6.34,+32.5,+21.4,KA	+6.68,+14.7,+21.3,CA	+6.97,-0.7,+19.8,@B	+2.22,+271.6,+20.5,NB	+6.92,+2.6,+19.9,AB	
1701484986.6892824	+6.64,+10.7,+21.3,KA	+6.34,+32.5,+21.4,KA	+6.68,+14.7,+21.4,DA	+6.97,-0.7,+19.8,@B	+2.21,+271.7,+20.5,LB	+6.93,+2.6,+19.8,AB	
1701485048.6972063	+6.64,+10.7,+21.3,KA	+6.34,+32.5,+21.4,KA	+6.68,+14.7,+21.4,DA	+6.97,-0.7,+19.9,AB	+2.21,+272.0,+20.5,HB	+6.92,+2.6,+19.9,AB	
1701485110.7070534	+6.64,+10.7,+21.3,KA	+6.34,+32.5,+21.4,KA	+6.68,+14.6,+21.4,EA	+6.97,-0.8,+19.8,OB	+2.21,+271.7,+20.5,LB	+6.92,+2.6,+19.8,@B	
1701485172.7170327	+6.64,+10.7,+21.3,KA	+6.34,+32.5,+21.4,KA	+6.68,+14.6,+21.4,EA	+6.97,-0.8,+19.9,NB	+2.21,+272.0,+20.5,HB	+6.92,+2.6,+19.8,@B	
1701485234.7276633	+6.64,+10.7,+21.3,KA	+6.34,+32.5,+21.4,KA	+6.68,+14.7,+21.4,DA	+6.97,-0.7,+19.9,AB	+2.20,+272.3,+20.5,JB	+6.92,+2.6,+19.8,@B	
1701485296.7374334	+6.64,+10.4,+21.3,HA	+6.34,+32.4,+21.4,JA	+6.68,+14.7,+21.3,CA	+6.97,-0.7,+19.8,@B	+2.20,+272.3,+20.5,JB	+6.92,+2.6,+19.9,AB	
1701485358.747013	+6.64,+10.4,+21.3,HA	+6.34,+32.5,+21.4,KA	+6.68,+14.6,+21.3,BA	+6.97,-0.8,+19.9,NB	+2.20,+272.4,+20.5,MB	+6.92,+2.6,+19.9,AB	
1701485604.332207	+6.64,+10.4,+21.3,HA	+6.35,+32.4,+21.4,KA	+6.68,+14.6,+21.4,EA	+6.97,-0.7,+19.9,AB	+2.22,+271.6,+20.5,NB	+6.93,+2.5,+19.8,BB	
1701485666.3407495	+6.64,+10.4,+21.3,HA	+6.34,+32.5,+21.4,KA	+6.68,+14.6,+21.4,EA	+6.97,-0.7,+19.8,@B	+2.21,+272.1,+20.5,IB	+6.93,+2.6,+19.8,AB	
1701485728.3517873	+6.64,+10.4,+21.3,HA	+6.34,+32.5,+21.4,KA	+6.68,+14.6,+21.4,EA	+6.96,-0.7,+19.9,@B	+2.21,+271.8,+20.5,CB	+6.93,+2.6,+19.9,@B	
1701485790.3622599	+6.64,+10.4,+21.3,HA	+6.34,+32.5,+21.4,KA	+6.68,+14.7,+21.4,DA	+6.97,-0.7,+19.9,AB	+2.21,+272.1,+20.5,IB	+6.92,+2.6,+19.8,@B	
1701485852.371735	+6.64,+10.4,+21.3,HA	+6.34,+32.5,+21.4,KA	+6.68,+14.6,+21.4,EA	+6.97,-0.7,+19.9,AB	+2.22,+271.5,+20.5,MB	+6.93,+2.5,+19.9,CB	
1701485914.3823907	+6.64,+10.4,+21.3,HA	+6.34,+32.6,+21.4,HA	+6.68,+14.7,+21.4,DA	+6.97,-0.8,+19.9,NB	+2.21,+272.1,+20.5,IB	+6.92,+2.6,+19.9,AB	
1701485976.388354	+6.64,+10.4,+21.3,HA	+6.34,+32.5,+21.4,KA	+6.68,+14.6,+21.4,EA	+6.97,-0.7,+19.9,AB	+2.22,+271.4,+20.5,LB	+6.92,+2.6,+19.9,AB	
1701486038.3983607	+6.64,+10.4,+21.3,HA	+6.34,+32.5,+21.4,KA	+6.68,+14.6,+21.4,EA	+6.97,-0.7,+19.9,AB	+2.21,+272.0,+20.5,HB	+6.92,+2.6,+19.9,AB	
1701486100.4098608	+6.64,+10.4,+21.3,HA	+6.34,+32.4,+21.4,JA	+6.68,+14.7,+21.4,DA	+6.97,-0.7,+19.9,AB	+2.21,+272.0,+20.5,HB	+6.93,+2.5,+19.9,CB	
1701486162.419591	+6.64,+10.4,+21.3,HA	+6.34,+32.5,+21.4,KA	+6.68,+14.6,+21.4,EA	+6.97,-0.8,+19.9,NB	+2.21,+272.0,+20.5,HB	+6.93,+2.6,+19.9,@B	
1701486224.4293354	+6.64,+10.4,+21.3,HA	+6.35,+32.4,+21.5,JA	+6.68,+14.6,+21.4,EA	+6.97,-0.7,+19.9,AB	+2.27,+268.3,+20.5,FB	+6.93,+2.6,+19.9,@B	
1701486286.438629	+6.64,+10.5,+21.3,IA	+6.35,+32.4,+21.4,KA	+6.68,+14.6,+21.4,EA	+6.97,-0.8,+19.9,NB	+2.24,+270.3,+20.6,OB	+6.93,+2.5,+19.9,CB	
1701486348.4473205	+6.64,+10.6,+21.3,JA	+6.35,+32.4,+21.4,KA	+6.68,+14.7,+21.4,DA	+6.97,-0.7,+19.9,AB	+2.23,+270.7,+20.5,OB	+6.93,+2.5,+19.9,CB	
1701486410.4546576	+6.64,+10.6,+21.3,JA	+6.34,+32.4,+21.4,JA	+6.68,+14.6,+21.4,EA	+6.97,-0.8,+19.9,NB	+2.23,+270.8,+20.6,CB	+6.93,+2.5,+19.9,CB	
1701486472.4633322	+6.64,+10.6,+21.4,MA	+6.34,+32.4,+21.4,JA	+6.69,+14.5,+21.4,GA	+6.97,-0.7,+19.9,AB	+2.22,+271.2,+20.5,JB	+6.93,+2.6,+19.9,@B	
1701486534.4724376	+6.64,+10.6,+21.4,MA	+6.35,+32.4,+21.5,JA	+6.68,+14.6,+21.4,EA	+6.97,-0.8,+19.9,NB	+2.22,+271.2,+20.5,JB	+6.93,+2.5,+19.9,CB	
1701486596.4787536	+6.64,+10.6,+21.3,JA	+6.35,+32.4,+21.4,KA	+6.68,+14.6,+21.4,EA	+6.97,-0.7,+19.9,AB	+2.22,+271.3,+20.5,KB	+6.93,+2.5,+19.9,CB	
1701486658.4891872	+6.64,+10.6,+21.3,JA	+6.35,+32.4,+21.4,KA	+6.68,+14.7,+21.4,DA	+6.96,-0.7,+19.9,@B	+2.22,+271.4,+20.6,OB	+6.93,+2.5,+19.9,CB	
1701486720.499288	+6.64,+10.6,+21.4,MA	+6.34,+32.5,+21.4,KA	+6.69,+14.5,+21.4,GA	+6.97,-0.8,+19.9,NB	+2.22,+271.4,+20.5,LB	+6.93,+2.5,+19.9,CB	
1701486782.5068934	+6.64,+10.6,+21.3,JA	+6.35,+32.3,+21.4,LA	+6.68,+14.6,+21.4,EA	+6.97,-0.7,+19.9,AB	+2.22,+271.6,+20.5,NB	+6.93,+2.5,+19.9,CB	
1701486844.5144587	+6.64,+10.6,+21.3,JA	+6.35,+32.3,+21.4,LA	+6.68,+14.6,+21.4,EA	+6.97,-0.7,+19.9,AB	+2.21,+271.7,+20.5,LB	+6.93,+2.5,+19.9,CB	
1701486906.523342	+6.64,+10.6,+21.4,MA	+6.35,+32.3,+21.4,LA	+6.69,+14.5,+21.4,GA	+6.97,-0.8,+19.9,NB	+2.21,+272.0,+20.5,HB	+6.93,+2.5,+19.9,CB	
1701486968.5338016	+6.64,+10.6,+21.3,JA	+6.35,+32.3,+21.4,LA	+6.69,+14.5,+21.4,GA	+6.97,-0.8,+19.9,NB	+2.21,+272.2,+20.6,IB	+6.93,+2.5,+19.9,CB	
1701487030.5439618	+6.64,+10.6,+21.4,MA	+6.35,+32.3,+21.4,LA	+6.68,+14.5,+21.4,FA	+6.97,-0.8,+19.9,NB	+2.21,+272.2,+20.5,JB	+6.93,+2.5,+19.9,CB	
1701487092.552463	+6.64,+10.6,+21.3,JA	+6.35,+32.3,+21.4,LA	+6.68,+14.6,+21.4,EA	+6.97,-0.7,+19.9,AB	+2.20,+272.5,+20.6,OB	+6.93,+2.5,+19.9,CB	
1701487154.5623305	+6.64,+10.6,+21.4,MA	+6.35,+32.3,+21.4,LA	+6.68,+14.6,+21.4,EA	+6.97,-0.7,+19.9,AB	+2.20,+272.4,+20.6,NB	+6.93,+2.5,+19.9,CB	
1701487216.5708778	+6.64,+10.6,+21.4,MA	+6.35,+32.2,+21.4,MA	+6.69,+14.5,+21.4,GA	+6.97,-0.7,+19.9,AB	+2.20,+272.6,+20.6,LB	+6.93,+2.5,+19.9,CB	
1701487278.5808318	+6.64,+10.6,+21.3,JA	+6.35,+32.3,+21.4,LA	+6.68,+14.6,+21.4,EA	+6.97,-0.8,+19.9,NB	+2.20,+272.5,+20.6,OB	+6.93,+2.6,+19.9,@B	
1701487340.5912483	+6.64,+10.6,+21.3,JA	+6.35,+32.3,+21.4,LA	+6.68,+14.6,+21.4,EA	+6.97,-0.8,+19.9,NB	+2.20,+272.7,+20.6,MB	+6.93,+2.5,+19.9,CB	
1701487402.6014946	+6.64,+10.6,+21.4,MA	+6.35,+32.2,+21.5,LA	+6.69,+14.5,+21.4,GA	+6.97,-0.7,+19.9,AB	+2.22,+271.3,+20.6,HB	+6.93,+2.5,+19.9,CB	
1701487464.6117787	+6.64,+10.7,+21.4,LA	+6.35,+32.2,+21.5,LA	+6.68,+14.6,+21.4,EA	+6.97,-0.8,+19.9,NB	+2.22,+271.7,+20.6,LB	+6.93,+2.5,+19.9,CB	
1701487526.6195986	+6.64,+10.6,+21.4,MA	+6.35,+32.2,+21.5,LA	+6.68,+14.6,+21.4,EA	+6.97,-0.7,+19.9,AB	+2.21,+271.7,+20.6,OB	+6.93,+2.6,+19.9,@B	
1701487588.6267884	+6.64,+10.6,+21.4,MA	+6.35,+32.2,+21.4,MA	+6.69,+14.5,+21.4,GA	+6.97,-0.8,+19.9,NB	+2.21,+272.0,+20.6,KB	+6.93,+2.5,+19.9,CB	
1701487650.6356995	+6.64,+10.6,+21.4,MA	+6.35,+32.2,+21.4,MA	+6.69,+14.5,+21.4,GA	+6.97,-0.8,+19.9,NB	+2.21,+272.0,+20.6,KB	+6.93,+2.5,+19.9,CB	
1701487712.6447406	+6.64,+10.6,+21.4,MA	+6.35,+32.2,+21.5,LA	+6.68,+14.6,+21.4,EA	+6.97,-0.7,+19.9,AB	+2.21,+272.0,+20.6,KB	+6.93,+2.5,+19.9,CB	
1701487774.6536632	+6.64,+10.6,+21.4,MA	+6.35,+32.2,+21.5,LA	+6.68,+14.6,+21.4,EA	+6.97,-0.7,+19.9,AB	+2.21,+272.1,+20.6,JB	+6.93,+2.6,+19.9,@B	
1701487836.6609857	+6.64,+10.5,+21.4,NA	+6.35,+32.2,+21.5,LA	+6.68,+14.6,+21.4,EA	+6.97,-0.8,+19.9,NB	+2.26,+269.4,+20.6,BB	+6.93,+2.5,+19.9,CB	
1701487898.6692362	+6.64,+10.6,+21.4,MA	+6.35,+32.2,+21.5,LA	+6.68,+14.6,+21.4,EA	+6.97,-0.7,+19.9,AB	+2.25,+269.5,+20.6,@B	+6.93,+2.5,+19.9,CB	
1701487960.678363	+6.64,+10.6,+21.4,MA	+6.35,+32.2,+21.4,MA	+6.68,+14.6,+21.4,EA	+6.97,-0.8,+19.9,NB	+2.25,+269.5,+20.6,@B	+6.93,+2.5,+19.9,CB	
1701488022.6838536	+6.64,+10.6,+21.3,JA	+6.35,+32.1,+21.4,NA	+6.68,+14.6,+21.4,EA	+6.97,-0.7,+19.9,AB	+2.25,+269.6,+20.6,CB	+6.93,+2.4,+19.9,BB	
1701488084.6937873	+6.64,+10.7,+21.4,LA	+6.35,+32.1,+21.5,OA	+6.69,+14.5,+21.4,GA	+6.97,-0.7,+19.9,AB	+2.22,+271.4,+20.6,OB	+6.93,+2.5,+19.9,CB	
1701488146.7010183	+6.64,+10.6,+21.4,MA	+6.35,+32.2,+21.5,LA	+6.68,+14.6,+21.4,EA	+6.97,-0.8,+19.9,NB	+2.21,+271.8,+20.6,@B	+6.93,+2.5,+19.9,CB	
1701488208.7115562	+6.64,+10.6,+21.4,MA	+6.35,+32.2,+21.4,MA	+6.69,+14.5,+21.4,GA	+6.97,-0.7,+19.9,AB	+2.21,+271.8,+20.6,@B	+6.93,+2.6,+19.9,@B	
1701488270.7215905	+6.64,+10.6,+21.4,MA	+6.35,+32.1,+21.4,NA	+6.68,+14.6,+21.4,EA	+6.97,-0.7,+19.9,AB	+2.21,+272.2,+20.6,IB	+6.92,+2.6,+19.9,AB	
1701488332.7297044	+6.64,+10.6,+21.4,MA	+6.35,+32.1,+21.5,OA	+6.68,+14.6,+21.4,EA	+6.97,-0.7,+19.9,AB	+2.20,+272.4,+20.6,NB	+6.93,+2.6,+19.9,@B	
1701488394.7410803	+6.64,+10.5,+21.4,NA	+6.35,+32.2,+21.5,LA	+6.69,+14.5,+21.4,GA	+6.97,-0.7,+19.9,AB	+2.20,+272.5,+20.6,OB	+6.93,+2.5,+19.9,CB	
1701488456.7493982	+6.64,+10.6,+21.4,MA	+6.35,+32.1,+21.5,OA	+6.69,+14.5,+21.4,GA	+6.97,-0.7,+19.9,AB	+2.20,+272.7,+20.6,MB	+6.93,+2.5,+19.9,CB	
1701488518.7567644	+6.64,+10.6,+21.4,MA	+6.35,+32.2,+21.5,LA	+6.69,+14.5,+21.4,GA	+6.97,-0.7,+19.9,AB	+2.19,+273.0,+20.6,AB	+6.93,+2.4,+19.9,BB	
1701488580.7649245	+6.64,+10.6,+21.4,MA	+6.35,+32.2,+21.5,LA	+6.69,+14.5,+21.4,GA	+6.96,-0.7,+19.9,@B	+2.19,+273.2,+20.6,CB	+6.93,+2.4,+19.9,BB	
1701488642.7722054	+6.64,+10.7,+21.4,LA	+6.35,+32.2,+21.5,LA	+6.68,+14.6,+21.4,EA	+6.97,-0.8,+19.9,NB	+2.19,+273.2,+20.6,CB	+6.93,+2.5,+19.9,CB	
1701488704.7799635	+6.64,+10.6,+21.4,MA	+6.35,+32.1,+21.5,OA	+6.69,+14.5,+21.4,GA	+6.97,-0.7,+19.9,AB	+2.20,+272.5,+20.6,OB	+6.93,+2.5,+19.9,CB	
1701488766.7894292	+6.64,+10.6,+21.4,MA	+6.35,+32.1,+21.5,OA	+6.69,+14.5,+21.4,GA	+6.97,-0.8,+19.9,NB	+2.18,+273.5,+20.6,EB	+6.93,+2.5,+19.9,CB	
1701488828.7955565	+6.64,+10.5,+21.4,NA	+6.35,+32.1,+21.5,OA	+6.69,+14.5,+21.4,GA	+6.97,-0.8,+19.9,NB	+2.18,+273.6,+20.6,FB	+6.93,+2.4,+19.9,BB	
1701488890.8027496	+6.64,+10.6,+21.4,MA	+6.35,+32.1,+21.5,OA	+6.68,+14.6,+21.4,EA	+6.97,-0.7,+19.9,AB	+2.18,+273.7,+20.6,GB	+6.93,+2.5,+19.9,CB	
1701488952.8122575	+6.64,+10.6,+21.4,MA	+6.35,+32.0,+21.5,NA	+6.68,+14.6,+21.4,EA	+6.97,-0.7,+19.9,AB	+2.18,+273.8,+20.6,HB	+6.93,+2.5,+19.9,CB	
1701489014.8205185	+6.64,+10.5,+21.4,NA	+6.35,+32.1,+21.5,OA	+6.68,+14.6,+21.4,EA	+6.97,-0.8,+20.0,MB	+2.18,+273.9,+20.6,IB	+6.93,+2.5,+19.9,CB	
1701489076.8328767	+6.64,+10.4,+21.4,OA	+6.35,+32.0,+21.5,NA	+6.69,+14.5,+21.4,GA	+6.97,-0.8,+19.9,NB	+2.18,+273.9,+20.6,IB	+6.93,+2.5,+19.9,CB	
1701489138.8417645	+6.64,+10.4,+21.4,OA	+6.35,+32.1,+21.5,OA	+6.69,+14.4,+21.4,FA	+6.97,-0.8,+19.9,NB	+2.17,+274.1,+20.6,IB	+6.93,+2.5,+19.9,CB	
1701489200.8502872	+6.64,+10.4,+21.4,OA	+6.35,+32.1,+21.5,OA	+6.69,+14.5,+21.4,GA	+6.97,-0.8,+20.0,MB	+2.17,+274.1,+20.6,IB	+6.93,+2.5,+19.9,CB	
1701489446.4521856	+6.64,+10.4,+21.4,OA	+6.35,+32.1,+21.5,OA	+6.69,+14.4,+21.4,FA	+6.97,-0.8,+19.9,NB	+2.22,+271.7,+20.6,LB	+6.93,+2.5,+19.9,CB	
1701489508.462258	+6.64,+10.3,+21.4,HA	+6.35,+32.0,+21.5,NA	+6.68,+14.6,+21.4,EA	+6.97,-0.7,+19.9,AB	+2.21,+272.0,+20.6,KB	+6.93,+2.5,+19.9,CB	
1701489570.4720263	+6.64,+10.3,+21.4,HA	+6.35,+32.0,+21.5,NA	+6.69,+14.5,+21.5,FA	+6.97,-0.7,+20.0,BB	+2.21,+271.9,+20.6,AB	+6.93,+2.5,+19.9,CB	
1701489632.4819903	+6.64,+10.4,+21.4,OA	+6.35,+32.1,+21.5,OA	+6.68,+14.6,+21.4,EA	+6.97,-0.7,+19.9,AB	+2.21,+271.8,+20.6,@B	+6.93,+2.5,+19.9,CB	
1701489694.4904175	+6.64,+10.3,+21.4,HA	+6.35,+32.1,+21.5,OA	+6.69,+14.5,+21.5,FA	+6.97,-0.8,+19.9,NB	+2.22,+271.6,+20.6,MB	+6.93,+2.4,+19.9,BB	
1701489756.5003033	+6.64,+10.4,+21.4,OA	+6.35,+32.1,+21.5,OA	+6.69,+14.5,+21.5,FA	+6.97,-0.7,+20.0,BB	+2.22,+271.5,+20.6,NB	+6.93,+2.5,+19.9,CB	
1701489818.507872	+6.64,+10.4,+21.4,OA	+6.35,+32.0,+21.5,NA	+6.69,+14.5,+21.5,FA	+6.97,-0.8,+19.9,NB	+2.22,+271.6,+20.6,MB	+6.93,+2.5,+19.9,CB	
1701489880.516445	+6.64,+10.4,+21.4,OA	+6.35,+32.1,+21.5,OA	+6.69,+14.4,+21.5,GA	+6.97,-0.8,+19.9,NB	+2.22,+271.4,+20.6,OB	+6.93,+2.5,+20.0,@B	
1701489942.526933	+6.64,+10.4,+21.4,OA	+6.35,+32.1,+21.5,OA	+6.69,+14.5,+21.5,FA	+6.97,-0.7,+19.9,AB	+2.22,+271.2,+20.6,IB	+6.93,+2.5,+20.0,@B	
1701490004.5369394	+6.64,+10.4,+21.4,OA	+6.35,+32.0,+21.5,NA	+6.69,+14.5,+21.5,FA	+6.97,-0.8,+20.0,MB	+2.22,+271.4,+20.6,OB	+6.93,+2.5,+20.0,@B	
1701490066.5466723	+6.64,+10.5,+21.4,NA	+6.35,+32.0,+21.5,NA	+6.69,+14.5,+21.5,FA	+6.97,-0.7,+20.0,BB	+2.24,+270.5,+20.6,IB	+6.93,+2.5,+20.0,@B	
1701490128.556674	+6.64,+10.5,+21.4,NA	+6.35,+32.0,+21.5,NA	+6.69,+14.5,+21.5,FA	+6.97,-0.7,+20.0,BB	+2.22,+271.6,+20.6,MB	+6.93,+2.5,+20.0,@B	
1701490190.5655222	+6.64,+10.5,+21.4,NA	+6.35,+32.1,+21.5,OA	+6.69,+14.4,+21.5,GA	+6.97,-0.8,+20.0,MB	+2.23,+271.1,+20.6,KB	+6.93,+2.5,+20.0,@B	
1701490252.5729494	+6.64,+10.6,+21.4,MA	+6.35,+32.0,+21.5,NA	+6.69,+14.4,+21.5,GA	+6.97,-0.7,+20.0,BB	+2.22,+271.7,+20.6,LB	+6.93,+2.5,+20.0,@B	
1701490314.5829086	+6.64,+10.5,+21.4,NA	+6.35,+31.9,+21.5,DA	+6.69,+14.5,+21.5,FA	+6.97,-0.7,+20.0,BB	+2.23,+270.8,+20.7,BB	+6.93,+2.5,+20.0,@B	
1701490376.5908947	+6.64,+10.5,+21.4,NA	+6.35,+32.0,+21.5,NA	+6.69,+14.4,+21.5,GA	+6.97,-0.8,+20.0,MB	+2.28,+267.9,+20.6,OB	+6.93,+2.5,+20.0,@B	
1701490438.6006272	+6.64,+10.5,+21.4,NA	+6.35,+31.9,+21.5,DA	+6.69,+14.5,+21.5,FA	+6.97,-0.7,+20.0,BB	+2.28,+268.0,+20.6,IB	+6.93,+2.5,+20.0,@B	
1701490500.609128	+6.64,+10.5,+21.4,NA	+6.35,+32.0,+21.5,NA	+6.69,+14.5,+21.4,GA	+6.97,-0.8,+20.0,MB	+2.29,+267.3,+20.6,DB	+6.93,+2.4,+20.0,AB	
1701490562.6183505	+6.64,+10.5,+21.4,NA	+6.35,+32.0,+21.5,NA	+6.69,+14.4,+21.5,GA	+6.97,-0.8,+20.0,MB	+2.28,+268.1,+20.7,IB	+6.93,+2.5,+20.0,@B	
1701490624.6257129	+6.64,+10.5,+21.4,NA	+6.35,+32.0,+21.5,NA	+6.69,+14.5,+21.5,FA	+6.97,-0.8,+20.0,MB	+2.28,+268.3,+20.6,JB	+6.93,+2.4,+20.0,AB	
1701490686.6369352	+6.64,+10.6,+21.4,MA	+6.35,+31.9,+21.5,DA	+6.69,+14.4,+21.5,GA	+6.97,-0.8,+20.0,MB	+2.27,+268.3,+20.6,EB	+6.93,+2.4,+20.0,AB	
1701490748.646229	+6.64,+10.6,+21.4,MA	+6.35,+31.9,+21.5,DA	+6.69,+14.4,+21.5,GA	+6.97,-0.7,+20.0,BB	+2.27,+268.3,+20.7,DB	+6.93,+2.4,+20.0,AB	
1701490810.653176	+6.64,+10.6,+21.4,MA	+6.35,+32.0,+21.5,NA	+6.69,+14.5,+21.5,FA	+6.97,-0.8,+20.0,MB	+2.28,+268.3,+20.6,JB	+6.93,+2.5,+20.0,@B	
1701490872.661881	+6.64,+10.5,+21.5,OA	+6.35,+32.0,+21.5,NA	+6.69,+14.4,+21.5,GA	+6.97,-0.8,+20.0,MB	+2.27,+268.3,+20.7,DB	+6.93,+2.4,+20.0,AB	
1701490934.6708248	+6.64,+10.6,+21.4,MA	+6.35,+32.0,+21.5,NA	+6.69,+14.5,+21.5,FA	+6.97,-0.8,+20.0,MB	+2.27,+268.3,+20.6,EB	+6.93,+2.5,+20.0,@B	
1701490996.6811068	+6.64,+10.6,+21.4,MA	+6.35,+31.9,+21.5,DA	+6.69,+14.5,+21.5,FA	+6.97,-0.7,+20.0,BB	+2.27,+268.4,+20.6,BB	+6.93,+2.5,+20.0,@B	
1701491058.6907096	+6.64,+10.6,+21.4,MA	+6.35,+32.0,+21.5,NA	+6.69,+14.4,+21.5,GA	+6.97,-0.7,+20.0,BB	+2.27,+268.4,+20.7,CB	+6.93,+2.4,+20.0,AB	
1701491120.697499	+6.64,+10.5,+21.5,OA	+6.35,+31.9,+21.5,DA	+6.69,+14.4,+21.5,GA	+6.97,-0.8,+20.0,MB	+2.27,+268.5,+20.6,CB	+6.93,+2.5,+20.0,@B	
1701491182.7066958	+6.64,+10.6,+21.5,LA	+6.35,+32.0,+21.5,NA	+6.69,+14.4,+21.5,GA	+6.97,-0.7,+20.0,BB	+2.27,+268.5,+20.6,CB	+6.93,+2.4,+20.0,AB	
1701491244.71518	+6.64,+10.6,+21.5,LA	+6.35,+31.9,+21.5,DA	+6.69,+14.4,+21.5,GA	+6.97,-0.8,+20.0,MB	+2.27,+268.6,+20.7,AB	+6.93,+2.4,+20.0,AB	
1701491306.7234561	+6.64,+10.6,+21.5,LA	+6.35,+31.9,+21.5,DA	+6.69,+14.5,+21.5,FA	+6.97,-0.8,+20.0,MB	+2.28,+268.2,+20.7,JB	+6.93,+2.4,+20.0,AB	
1701491368.7325826	+6.64,+10.6,+21.5,LA	+6.35,+32.0,+21.5,NA	+6.69,+14.4,+21.5,GA	+6.97,-0.8,+20.0,MB	+2.27,+268.3,+20.6,EB	+6.93,+2.4,+20.0,AB	
1701491430.7414916	+6.64,+10.6,+21.5,LA	+6.36,+31.9,+21.6,DA	+6.69,+14.4,+21.5,GA	+6.97,-0.8,+20.0,MB	+2.27,+268.4,+20.6,BB	+6.93,+2.5,+20.0,@B	
1701491492.7538078	+6.64,+10.5,+21.5,OA	+6.35,+31.9,+21.6,GA	+6.69,+14.5,+21.5,FA	+6.97,-0.8,+20.0,MB	+2.27,+268.4,+20.7,CB	+6.93,+2.5,+20.0,@B	
1701491554.7605348	+6.64,+10.5,+21.5,OA	+6.36,+31.8,+21.5,FA	+6.69,+14.4,+21.5,GA	+6.97,-0.8,+20.0,MB	+2.28,+268.1,+20.7,IB	+6.93,+2.4,+20.0,AB	
1701491616.7703767	+6.64,+10.6,+21.5,LA	+6.35,+31.9,+21.6,GA	+6.69,+14.5,+21.5,FA	+6.97,-0.8,+20.0,MB	+2.27,+268.4,+20.6,BB	+6.93,+2.4,+20.0,AB	
1701491678.7795157	+6.64,+10.6,+21.5,LA	+6.35,+31.9,+21.6,GA	+6.69,+14.4,+21.5,GA	+6.97,-0.8,+20.0,MB	+2.27,+268.7,+20.7,@B	+6.93,+2.5,+20.0,@B	
1701491740.7889252	+6.64,+10.5,+21.5,OA	+6.35,+31.9,+21.6,GA	+6.69,+14.5,+21.5,FA	+6.97,-0.8,+20.0,MB	+2.27,+268.7,+20.6,AB	+6.93,+2.4,+20.0,AB	
1701491802.798305	+6.64,+10.5,+21.5,OA	+6.35,+31.9,+21.6,GA	+6.69,+14.5,+21.5,FA	+6.97,-0.8,+20.0,MB	+2.27,+268.7,+20.7,@B	+6.93,+2.4,+20.0,AB	
1701491864.8088622	+6.64,+10.6,+21.5,LA	+6.35,+31.9,+21.6,GA	+6.69,+14.4,+21.5,GA	+6.97,-0.7,+20.0,BB	+2.27,+268.8,+20.7,OB	+6.93,+2.4,+20.0,AB	
1701491926.8176665	+6.64,+10.6,+21.5,LA	+6.36,+31.8,+21.6,EA	+6.69,+14.5,+21.5,FA	+6.97,-0.8,+20.0,MB	+2.27,+268.8,+20.7,OB	+6.93,+2.4,+20.0,AB	
1701491988.8266516	+6.64,+10.5,+21.5,OA	+6.36,+31.8,+21.6,EA	+6.69,+14.3,+21.5,@A	+6.97,-0.8,+20.0,MB	+2.27,+268.4,+20.7,CB	+6.93,+2.4,+20.0,AB	
1701492050.8359468	+6.64,+10.6,+21.5,LA	+6.35,+31.9,+21.6,GA	+6.69,+14.4,+21.5,GA	+6.97,-0.8,+20.0,MB	+2.27,+268.7,+20.7,@B	+6.93,+2.5,+20.0,@B	
1701492112.8467371	+6.64,+10.6,+21.5,LA	+6.35,+31.9,+21.6,GA	+6.69,+14.5,+21.5,FA	+6.97,-0.7,+20.0,BB	+2.28,+267.8,+20.7,OB	+6.93,+2.5,+20.0,@B	
1701492174.8545575	+6.64,+10.6,+21.5,LA	+6.36,+31.8,+21.6,EA	+6.69,+14.5,+21.5,FA	+6.97,-0.8,+20.0,MB	+2.29,+267.8,+20.7,NB	+6.93,+2.4,+20.0,AB	
1701492236.860481	+6.64,+10.5,+21.5,OA	+6.36,+31.8,+21.6,EA	+6.69,+14.4,+21.5,GA	+6.97,-0.8,+20.0,MB	+2.28,+268.3,+20.7,KB	+6.93,+2.5,+20.0,@B	
1701492298.8692286	+6.64,+10.6,+21.5,LA	+6.36,+31.8,+21.6,EA	+6.69,+14.4,+21.6,DA	+6.97,-0.8,+20.0,MB	+2.27,+268.4,+20.7,CB	+6.93,+2.5,+20.0,@B	
1701492360.8762486	+6.64,+10.6,+21.5,LA	+6.36,+31.8,+21.6,EA	+6.69,+14.4,+21.5,GA	+6.97,-0.7,+20.0,BB	+2.28,+267.8,+20.7,OB	+6.93,+2.4,+20.0,AB	
1701492422.88333	+6.64,+10.6,+21.5,LA	+6.36,+31.8,+21.6,EA	+6.69,+14.5,+21.5,FA	+6.97,-0.8,+20.0,MB	+2.27,+268.6,+20.7,AB	+6.93,+2.5,+20.0,@B	
1701492484.8923433	+6.64,+10.6,+21.5,LA	+6.35,+31.9,+21.6,GA	+6.69,+14.4,+21.5,GA	+6.97,-0.8,+20.0,MB	+2.27,+268.6,+20.7,AB	+6.93,+2.5,+20.0,@B	
1701492546.9024315	+6.64,+10.6,+21.5,LA	+6.35,+31.9,+21.6,GA	+6.69,+14.4,+21.5,GA	+6.97,-0.7,+20.0,BB	+2.28,+268.3,+20.7,KB	+6.93,+2.4,+20.0,AB	
1701492608.9122903	+6.64,+10.6,+21.5,LA	+6.35,+31.9,+21.6,GA	+6.69,+14.4,+21.6,DA	+6.96,-0.7,+20.0,CB	+2.28,+267.8,+20.7,OB	+6.93,+2.5,+20.0,@B	
1701492670.9211638	+6.64,+10.5,+21.5,OA	+6.35,+31.9,+21.6,GA	+6.69,+14.3,+21.5,@A	+6.97,-0.8,+20.0,MB	+2.28,+268.0,+20.7,HB	+6.93,+2.4,+20.0,AB	
1701492732.929427	+6.64,+10.6,+21.5,LA	+6.35,+31.9,+21.6,GA	+6.69,+14.4,+21.6,DA	+6.97,-0.7,+20.0,BB	+2.27,+268.6,+20.7,AB	+6.93,+2.5,+20.0,@B	
1701492794.9395516	+6.64,+10.5,+21.5,OA	+6.36,+31.9,+21.6,DA	+6.69,+14.4,+21.6,DA	+6.97,-0.8,+20.0,MB	+2.28,+268.3,+20.7,KB	+6.93,+2.5,+20.0,@B	
1701492856.9467916	+6.64,+10.6,+21.5,LA	+6.36,+31.8,+21.6,EA	+6.69,+14.4,+21.6,DA	+6.97,-0.7,+20.0,BB	+2.27,+268.4,+20.7,CB	+6.93,+2.5,+20.1,AB	
1701492918.9565384	+6.64,+10.6,+21.5,LA	+6.36,+31.8,+21.6,EA	+6.69,+14.5,+21.6,EA	+6.97,-0.7,+20.0,BB	+2.28,+268.3,+20.7,KB	+6.93,+2.4,+20.1,@B	
1701492980.966401	+6.64,+10.6,+21.5,LA	+6.36,+31.8,+21.6,EA	+6.69,+14.4,+21.6,DA	+6.97,-0.8,+20.1,LB	+2.28,+268.2,+20.7,JB	+6.93,+2.4,+20.1,@B	
1701493042.9754527	+6.64,+10.6,+21.5,LA	+6.36,+31.8,+21.6,EA	+6.69,+14.3,+21.6,CA	+6.97,-0.7,+20.1,CB	+2.28,+268.2,+20.7,JB	+6.93,+2.4,+20.1,@B	
1701493288.5827265	+6.64,+10.6,+21.5,LA	+6.36,+31.7,+21.6,JA	+6.69,+14.3,+21.6,CA	+6.97,-0.8,+20.1,LB	+2.29,+267.8,+20.7,NB	+6.93,+2.4,+20.1,@B	
1701493350.586427	+6.64,+10.3,+21.5,IA	+6.36,+31.8,+21.6,EA	+6.69,+14.4,+21.6,DA	+6.97,-0.8,+20.1,LB	+2.28,+268.1,+20.7,IB	+6.93,+2.3,+20.1,GB	
1701493412.5952294	+6.64,+10.3,+21.5,IA	+6.36,+31.8,+21.6,EA	+6.69,+14.4,+21.6,DA	+6.97,-0.8,+20.1,LB	+2.28,+267.9,+20.7,NB	+6.93,+2.4,+20.1,@B	
1701493474.605748	+6.64,+10.3,+21.5,IA	+6.36,+31.7,+21.6,JA	+6.69,+14.4,+21.6,DA	+6.97,-0.8,+20.1,LB	+2.28,+267.8,+20.8,@B	+6.93,+2.5,+20.1,AB	
1701493536.6132421	+6.64,+10.3,+21.5,IA	+6.36,+31.8,+21.6,EA	+6.69,+14.3,+21.6,CA	+6.97,-0.8,+20.1,LB	+2.29,+267.5,+20.7,CB	+6.93,+2.5,+20.1,AB	
1701493598.6241264	+6.64,+10.3,+21.5,IA	+6.36,+31.8,+21.6,EA	+6.69,+14.4,+21.6,DA	+6.97,-0.8,+20.1,LB	+2.29,+267.5,+20.7,CB	+6.93,+2.4,+20.1,@B	
1701493660.6316998	+6.64,+10.3,+21.5,IA	+6.36,+31.7,+21.6,JA	+6.69,+14.3,+21.6,CA	+6.97,-0.8,+20.1,LB	+2.29,+267.4,+20.7,BB	+6.93,+2.5,+20.1,AB	
1701493722.6404276	+6.64,+10.3,+21.5,IA	+6.36,+31.7,+21.6,JA	+6.69,+14.3,+21.6,CA	+6.97,-0.8,+20.1,LB	+2.30,+267.1,+20.7,OB	+6.93,+2.4,+20.1,@B	
1701493784.647925	+6.64,+10.3,+21.5,IA	+6.36,+31.8,+21.6,EA	+6.69,+14.2,+21.6,BA	+6.97,-0.8,+20.1,LB	+2.29,+267.4,+20.7,BB	+6.93,+2.4,+20.1,@B	
1701493846.6557355	+6.64,+10.3,+21.5,IA	+6.36,+31.7,+21.6,JA	+6.69,+14.4,+21.6,DA	+6.97,-0.8,+20.1,LB	+2.29,+267.5,+20.7,CB	+6.93,+2.4,+20.1,@B	
1701493908.6649997	+6.64,+10.4,+21.5,NA	+6.36,+31.7,+21.7,KA	+6.69,+14.3,+21.6,CA	+6.97,-0.7,+20.1,CB	+2.30,+267.2,+20.7,LB	+6.93,+2.4,+20.1,@B	
1701493970.6734133	+6.64,+10.3,+21.5,IA	+6.36,+31.8,+21.6,EA	+6.69,+14.3,+21.6,CA	+6.97,-0.7,+20.1,CB	+2.29,+267.5,+20.7,CB	+6.93,+2.4,+20.1,@B	
1701494032.6828609	+6.64,+10.3,+21.5,IA	+6.36,+31.8,+21.6,EA	+6.69,+14.4,+21.6,DA	+6.97,-0.7,+20.1,CB	+2.29,+267.4,+20.7,BB	+6.93,+2.5,+20.1,AB	
1701494094.6913245	+6.64,+10.4,+21.6,MA	+6.36,+31.9,+21.6,DA	+6.69,+14.3,+21.6,CA	+6.97,-0.7,+20.1,CB	+2.29,+267.4,+20.7,BB	+6.93,+2.3,+20.1,GB	
1701494156.700336	+6.64,+10.4,+21.5,NA	+6.36,+31.8,+21.6,EA	+6.69,+14.3,+21.6,CA	+6.97,-0.8,+20.1,LB	+2.30,+267.1,+20.8,@B	+6.93,+2.3,+20.1,GB	
1701494218.7090795	+6.64,+10.4,+21.5,NA	+6.35,+31.9,+21.6,GA	+6.69,+14.4,+21.6,DA	+6.97,-0.7,+20.1,CB	+2.29,+267.3,+20.7,EB	+6.93,+2.4,+20.1,@B	
1701494280.719321	+6.64,+10.4,+21.6,MA	+6.36,+31.8,+21.6,EA	+6.69,+14.3,+21.6,CA	+6.97,-0.8,+20.1,LB	+2.29,+267.4,+20.7,BB	+6.93,+2.4,+20.1,@B	
1701494342.7250886	+6.64,+10.5,+21.6,LA	+6.35,+31.9,+21.6,GA	+6.69,+14.4,+21.6,DA	+6.97,-0.7,+20.1,CB	+2.29,+267.4,+20.7,BB	+6.93,+2.4,+20.1,@B	
1701494404.7326434	+6.64,+10.4,+21.5,NA	+6.36,+31.9,+21.6,DA	+6.69,+14.4,+21.6,DA	+6.97,-0.7,+20.1,CB	+2.29,+267.4,+20.7,BB	+6.93,+2.3,+20.1,GB	
1701494466.7465062	+6.64,+10.5,+21.6,LA	+6.36,+31.8,+21.6,EA	+6.69,+14.3,+21.6,CA	+6.97,-0.8,+20.1,LB	+2.30,+267.2,+20.8,CB	+6.93,+2.4,+20.1,@B	
1701494528.7563522	+6.64,+10.5,+21.6,LA	+6.35,+31.9,+21.7,FA	+6.69,+14.4,+21.6,DA	+6.97,-0.8,+20.1,LB	+2.29,+267.5,+20.8,LB	+6.93,+2.4,+20.1,@B	
1701494590.7664216	+6.64,+10.4,+21.6,MA	+6.35,+31.9,+21.7,FA	+6.69,+14.4,+21.6,DA	+6.97,-0.7,+20.1,CB	+2.29,+267.4,+20.8,MB	+6.93,+2.3,+20.1,GB	
1701494652.7745523	+6.64,+10.5,+21.5,OA	+6.35,+31.9,+21.6,GA	+6.69,+14.3,+21.6,CA	+6.97,-0.7,+20.1,CB	+2.29,+267.5,+20.8,LB	+6.93,+2.4,+20.1,@B	
1701494714.7841854	+6.64,+10.5,+21.6,LA	+6.36,+31.8,+21.6,EA	+6.69,+14.2,+21.6,BA	+6.97,-0.8,+20.1,LB	+2.29,+267.3,+20.8,JB	+6.93,+2.4,+20.1,@B	
1701494776.7910783	+6.64,+10.5,+21.6,LA	+6.35,+31.9,+21.7,FA	+6.69,+14.3,+21.6,CA	+6.97,-0.8,+20.1,LB	+2.29,+267.3,+20.8,JB	+6.93,+2.4,+20.1,@B	
1701494838.8003702	+6.64,+10.5,+21.5,OA	+6.36,+31.8,+21.6,EA	+6.69,+14.3,+21.6,CA	+6.97,-0.8,+20.1,LB	+2.29,+267.3,+20.8,JB	+6.93,+2.4,+20.1,@B	
1701494900.808407	+6.64,+10.5,+21.6,LA	+6.36,+31.8,+21.6,EA	+6.69,+14.2,+21.6,BA	+6.97,-0.7,+20.1,CB	+2.29,+267.4,+20.8,MB	+6.93,+2.4,+20.1,@B	
1701494962.816982	+6.64,+10.5,+21.6,LA	+6.36,+31.9,+21.7,EA	+6.69,+14.3,+21.6,CA	+6.97,-0.8,+20.1,LB	+2.29,+267.4,+20.8,MB	+6.93,+2.4,+20.1,@B	
1701495024.8249886	+6.64,+10.5,+21.6,LA	+6.36,+31.8,+21.6,EA	+6.69,+14.3,+21.6,CA	+6.97,-0.8,+20.1,LB	+2.30,+266.9,+20.8,IB	+6.93,+2.3,+20.1,GB	
1701495086.8337805	+6.64,+10.5,+21.6,LA	+6.35,+32.1,+21.7,MA	+6.69,+14.2,+21.6,BA	+6.97,-0.8,+20.1,LB	+2.30,+267.1,+20.8,@B	+6.93,+2.4,+20.1,@B	
1701495148.8434217	+6.64,+10.5,+21.6,LA	+6.35,+32.2,+21.7,NA	+6.69,+14.2,+21.6,BA	+6.97,-0.8,+20.1,LB	+2.30,+267.1,+20.8,@B	+6.93,+2.4,+20.1,@B	
