62309060476	62309060477	62309060478	62309060479	62309060481	62309060482	
1699982973.7687705	+6.70,+7.2,+21.3,MB	+6.67,+13.9,+21.3,EA	+2.93,+229.9,+21.3,AB	+2.73,+241.4,+19.7,CB	+2.51,+254.6,+20.5,MB	+2.87,+233.4,+19.6,LB	
1699983035.7784011	+6.70,+7.2,+21.3,MB	+6.66,+13.9,+21.3,DA	+2.93,+230.0,+21.3,@B	+2.73,+241.4,+19.7,CB	+2.50,+254.9,+20.5,CB	+2.87,+233.3,+19.6,KB	
1699983097.789239	+6.70,+7.2,+21.3,MB	+6.66,+13.9,+21.3,DA	+2.93,+230.0,+21.3,@B	+2.73,+241.4,+19.7,CB	+2.50,+255.1,+20.4,KB	+2.87,+233.3,+19.6,KB	
1699983343.357088	+6.69,+7.4,+21.2,BB	+6.66,+14.0,+21.3,JA	+2.93,+230.0,+21.3,@B	+2.73,+241.7,+19.7,@B	+2.49,+255.6,+20.4,DB	+2.87,+233.2,+19.6,JB	
1699983405.366608	+6.69,+7.4,+21.2,BB	+6.66,+14.0,+21.3,JA	+2.93,+229.9,+21.3,AB	+2.72,+241.9,+19.7,OB	+2.48,+256.3,+20.4,CB	+2.87,+233.4,+19.6,LB	
1699983467.373773	+6.69,+7.4,+21.2,BB	+6.66,+14.0,+21.3,JA	+2.93,+230.0,+21.3,@B	+2.72,+241.9,+19.7,OB	+2.47,+256.8,+20.4,GB	+2.87,+233.4,+19.6,LB	
1699983529.3828504	+6.69,+7.4,+21.3,CB	+6.66,+14.0,+21.3,JA	+2.93,+230.0,+21.2,AB	+2.72,+241.9,+19.7,OB	+2.47,+257.1,+20.4,OB	+2.87,+233.4,+19.6,LB	
1699983591.3915825	+6.69,+7.4,+21.3,CB	+6.66,+13.9,+21.3,DA	+2.93,+230.0,+21.3,@B	+2.72,+241.9,+19.7,OB	+2.46,+257.4,+20.4,KB	+2.87,+233.4,+19.5,OB	
1699983653.4003584	+6.69,+7.4,+21.2,BB	+6.66,+14.0,+21.3,JA	+2.93,+230.0,+21.3,@B	+2.72,+241.9,+19.7,OB	+2.46,+257.4,+20.4,KB	+2.87,+233.4,+19.5,OB	
1699983715.4094307	+6.69,+7.4,+21.2,BB	+6.66,+14.0,+21.3,JA	+2.93,+230.0,+21.3,@B	+2.72,+242.0,+19.7,EB	+2.46,+257.7,+20.4,HB	+2.87,+233.4,+19.6,LB	
1699983777.4190555	+6.69,+7.4,+21.2,BB	+6.66,+14.0,+21.3,JA	+2.93,+229.9,+21.2,@B	+2.72,+242.0,+19.6,DB	+2.46,+257.7,+20.4,HB	+2.87,+233.4,+19.5,OB	
1699983839.4277592	+6.69,+7.4,+21.2,BB	+6.66,+14.0,+21.3,JA	+2.93,+230.0,+21.3,@B	+2.72,+242.0,+19.6,DB	+2.45,+257.8,+20.4,DB	+2.87,+233.4,+19.6,LB	
1699983901.4394267	+6.69,+7.4,+21.2,BB	+6.66,+13.9,+21.3,DA	+2.93,+230.0,+21.2,AB	+2.72,+242.1,+19.6,EB	+2.46,+257.6,+20.4,IB	+2.87,+233.4,+19.6,LB	
1699983963.44755	+6.69,+7.5,+21.2,CB	+6.66,+14.0,+21.3,JA	+2.93,+230.0,+21.2,AB	+2.72,+242.1,+19.6,EB	+2.46,+257.3,+20.4,LB	+2.87,+233.4,+19.5,OB	
1699984025.4575496	+6.69,+7.4,+21.2,BB	+6.66,+14.0,+21.2,KA	+2.93,+230.0,+21.2,AB	+2.72,+242.0,+19.6,DB	+2.46,+257.5,+20.4,JB	+2.87,+233.4,+19.5,OB	
1699984087.4641094	+6.70,+7.3,+21.2,MB	+6.66,+13.9,+21.2,EA	+2.93,+229.9,+21.2,@B	+2.72,+242.0,+19.6,DB	+2.47,+257.0,+20.4,NB	+2.87,+233.4,+19.5,OB	
1699984149.4721909	+6.70,+7.3,+21.2,MB	+6.67,+13.9,+21.2,DA	+2.93,+229.9,+21.2,@B	+2.72,+241.8,+19.6,OB	+2.47,+257.2,+20.4,LB	+2.87,+233.4,+19.5,OB	
1699984211.4804218	+6.70,+7.2,+21.2,LB	+6.67,+13.9,+21.2,DA	+2.93,+229.9,+21.2,@B	+2.72,+241.9,+19.6,NB	+2.46,+257.7,+20.4,HB	+2.87,+233.4,+19.5,OB	
1699984273.4906256	+6.70,+7.2,+21.2,LB	+6.67,+13.9,+21.2,DA	+2.93,+229.9,+21.2,@B	+2.72,+242.0,+19.6,DB	+2.45,+258.1,+20.4,BB	+2.87,+233.4,+19.5,OB	
1699984335.5007756	+6.70,+7.1,+21.2,OB	+6.67,+13.8,+21.2,EA	+2.93,+229.9,+21.2,@B	+2.72,+242.0,+19.6,DB	+2.45,+258.0,+20.4,CB	+2.87,+233.4,+19.5,OB	
1699984397.5072997	+6.70,+7.1,+21.2,OB	+6.67,+13.8,+21.2,EA	+2.93,+229.9,+21.2,@B	+2.72,+241.9,+19.6,NB	+2.46,+257.7,+20.4,HB	+2.87,+233.3,+19.5,HB	
1699984459.5160623	+6.70,+7.1,+21.2,OB	+6.67,+13.9,+21.2,DA	+2.93,+229.9,+21.2,@B	+2.72,+241.9,+19.6,NB	+2.46,+257.4,+20.4,KB	+2.87,+233.3,+19.5,HB	
1699984521.5251403	+6.70,+7.2,+21.2,LB	+6.66,+13.9,+21.2,EA	+2.93,+230.0,+21.2,AB	+2.72,+241.9,+19.6,NB	+2.46,+257.7,+20.4,HB	+2.87,+233.3,+19.5,HB	
1699984583.5337203	+6.70,+7.2,+21.2,LB	+6.66,+13.9,+21.3,DA	+2.93,+229.9,+21.2,@B	+2.72,+241.9,+19.6,NB	+2.46,+257.6,+20.4,IB	+2.87,+233.3,+19.5,HB	
1699984645.5411074	+6.70,+7.3,+21.2,MB	+6.66,+13.9,+21.2,EA	+2.93,+229.9,+21.2,@B	+2.72,+241.9,+19.6,NB	+2.45,+257.9,+20.4,EB	+2.87,+233.3,+19.5,HB	
1699984707.55067	+6.69,+7.6,+21.2,@B	+6.66,+14.0,+21.2,KA	+2.93,+229.9,+21.2,@B	+2.72,+241.8,+19.6,OB	+2.45,+257.8,+20.4,DB	+2.87,+233.2,+19.5,IB	
1699984769.5595608	+6.69,+7.9,+21.2,OB	+6.66,+14.0,+21.2,KA	+2.93,+229.9,+21.2,@B	+2.72,+241.9,+19.6,NB	+2.45,+257.7,+20.4,KB	+2.87,+233.2,+19.5,IB	
1699984831.5696099	+6.68,+8.2,+21.2,JB	+6.66,+14.0,+21.3,JA	+2.93,+229.9,+21.2,@B	+2.72,+241.8,+19.6,OB	+2.45,+258.0,+20.4,CB	+2.87,+233.2,+19.5,IB	
1699984893.5793257	+6.68,+8.2,+21.2,JB	+6.66,+13.9,+21.2,EA	+2.93,+229.9,+21.2,@B	+2.72,+241.9,+19.6,NB	+2.44,+258.5,+20.4,GB	+2.87,+233.2,+19.5,IB	
1699984955.5856009	+6.68,+8.3,+21.2,KB	+6.66,+13.9,+21.2,EA	+2.93,+229.9,+21.2,@B	+2.72,+241.8,+19.6,OB	+2.43,+258.9,+20.4,LB	+2.87,+233.3,+19.5,HB	
1699985017.5942683	+6.68,+8.1,+21.2,IB	+6.66,+14.0,+21.2,KA	+2.93,+229.9,+21.2,@B	+2.72,+241.9,+19.6,NB	+2.43,+259.0,+20.4,DB	+2.87,+233.3,+19.5,HB	
1699985079.601708	+6.68,+8.0,+21.2,HB	+6.66,+13.9,+21.2,EA	+2.93,+229.9,+21.2,@B	+2.72,+241.9,+19.6,NB	+2.44,+258.8,+20.4,JB	+2.87,+233.3,+19.5,HB	
1699985141.6092978	+6.69,+7.9,+21.2,OB	+6.66,+13.9,+21.2,EA	+2.93,+229.9,+21.2,@B	+2.72,+241.8,+19.6,OB	+2.43,+258.9,+20.4,LB	+2.87,+233.3,+19.5,HB	
1699985203.6204922	+6.69,+7.9,+21.2,OB	+6.66,+13.9,+21.2,EA	+2.93,+229.9,+21.2,@B	+2.72,+241.9,+19.6,NB	+2.45,+258.1,+20.4,BB	+2.87,+233.3,+19.5,HB	
1699985265.630044	+6.69,+7.7,+21.2,AB	+6.66,+13.9,+21.2,EA	+2.93,+229.9,+21.2,@B	+2.72,+241.8,+19.6,OB	+2.44,+258.6,+20.4,DB	+2.87,+233.3,+19.5,HB	
1699985327.6389937	+6.69,+7.6,+21.2,@B	+6.66,+13.9,+21.2,EA	+2.93,+229.9,+21.2,@B	+2.72,+241.8,+19.6,OB	+2.44,+258.5,+20.3,@B	+2.87,+233.3,+19.5,HB	
1699985389.6470747	+6.69,+7.5,+21.2,CB	+6.67,+13.9,+21.2,DA	+2.93,+229.9,+21.2,@B	+2.72,+241.8,+19.6,OB	+2.43,+258.8,+20.3,JB	+2.87,+233.3,+19.5,HB	
1699985451.6559663	+6.69,+7.5,+21.2,CB	+6.67,+13.9,+21.2,DA	+2.93,+229.8,+21.2,AB	+2.72,+241.8,+19.6,OB	+2.44,+258.8,+20.4,JB	+2.87,+233.3,+19.5,HB	
1699985513.664957	+6.69,+7.4,+21.2,BB	+6.66,+13.9,+21.2,EA	+2.93,+229.9,+21.2,@B	+2.72,+241.9,+19.6,NB	+2.45,+257.9,+20.4,EB	+2.87,+233.3,+19.5,HB	
1699985575.6750958	+6.69,+7.4,+21.2,BB	+6.66,+13.9,+21.2,EA	+2.93,+229.9,+21.2,@B	+2.72,+241.8,+19.6,OB	+2.46,+257.1,+20.3,IB	+2.87,+233.3,+19.5,HB	
1699985637.6847434	+6.69,+7.5,+21.2,CB	+6.66,+14.0,+21.2,KA	+2.93,+229.8,+21.2,AB	+2.72,+241.8,+19.6,OB	+2.45,+258.0,+20.4,CB	+2.87,+233.3,+19.5,HB	
1699985699.6941452	+6.69,+7.5,+21.2,CB	+6.66,+14.0,+21.2,KA	+2.93,+229.8,+21.2,AB	+2.72,+241.7,+19.6,@B	+2.45,+258.1,+20.4,BB	+2.87,+233.3,+19.5,HB	
1699985761.702373	+6.69,+7.6,+21.1,CB	+6.66,+13.9,+21.2,EA	+2.93,+229.8,+21.2,AB	+2.73,+241.8,+19.6,NB	+2.44,+258.7,+20.3,BB	+2.87,+233.3,+19.5,HB	
1699985823.7116778	+6.69,+7.7,+21.2,AB	+6.66,+14.0,+21.2,KA	+2.93,+229.9,+21.2,@B	+2.72,+241.8,+19.6,OB	+2.43,+259.1,+20.3,BB	+2.87,+233.3,+19.5,HB	
1699985885.7215862	+6.69,+7.7,+21.2,AB	+6.66,+14.0,+21.2,KA	+2.93,+229.9,+21.2,@B	+2.72,+241.8,+19.6,OB	+2.42,+259.6,+20.3,DB	+2.87,+233.2,+19.5,IB	
1699985947.7315376	+6.69,+7.7,+21.1,BB	+6.66,+13.9,+21.2,EA	+2.93,+229.9,+21.2,@B	+2.73,+241.7,+19.5,BB	+2.43,+259.4,+20.3,GB	+2.87,+233.2,+19.5,IB	
1699986009.7419727	+6.69,+7.7,+21.2,AB	+6.66,+13.9,+21.2,EA	+2.93,+229.8,+21.2,AB	+2.73,+241.4,+19.6,BB	+2.47,+256.9,+20.3,AB	+2.87,+233.2,+19.5,IB	
1699986071.7503245	+6.69,+7.7,+21.1,BB	+6.66,+13.9,+21.2,EA	+2.93,+229.8,+21.2,AB	+2.73,+241.4,+19.6,BB	+2.47,+256.9,+20.3,AB	+2.87,+233.2,+19.5,IB	
1699986133.7573173	+6.69,+7.7,+21.1,BB	+6.66,+13.9,+21.2,EA	+2.93,+229.8,+21.2,AB	+2.73,+241.3,+19.6,EB	+2.47,+256.9,+20.3,AB	+2.87,+233.2,+19.5,IB	
1699986195.7646825	+6.69,+7.6,+21.1,CB	+6.66,+13.9,+21.2,EA	+2.93,+229.8,+21.2,AB	+2.73,+241.2,+19.5,GB	+2.47,+257.1,+20.3,HB	+2.87,+233.2,+19.5,IB	
1699986257.7723806	+6.69,+7.6,+21.1,CB	+6.66,+13.9,+21.2,EA	+2.93,+229.8,+21.2,AB	+2.73,+241.2,+19.6,DB	+2.47,+256.6,+20.3,NB	+2.87,+233.3,+19.5,HB	
1699986319.7831385	+6.69,+7.7,+21.1,BB	+6.66,+13.9,+21.2,EA	+2.93,+229.9,+21.2,@B	+2.73,+241.2,+19.6,DB	+2.47,+256.6,+20.3,NB	+2.87,+233.2,+19.5,IB	
1699986381.7910151	+6.69,+7.7,+21.1,BB	+6.66,+13.9,+21.2,EA	+2.93,+229.8,+21.1,BB	+2.73,+241.2,+19.6,DB	+2.47,+256.8,+20.3,@B	+2.87,+233.3,+19.5,HB	
1699986443.8006415	+6.69,+7.7,+21.1,BB	+6.67,+13.8,+21.2,EA	+2.93,+229.9,+21.2,@B	+2.74,+241.1,+19.6,@B	+2.47,+256.7,+20.3,OB	+2.87,+233.3,+19.5,HB	
1699986505.8087566	+6.69,+7.6,+21.1,CB	+6.66,+13.9,+21.2,EA	+2.93,+229.9,+21.2,@B	+2.73,+241.2,+19.6,DB	+2.47,+256.8,+20.3,@B	+2.87,+233.3,+19.5,HB	
1699986567.8172057	+6.69,+7.6,+21.1,CB	+6.67,+13.9,+21.2,DA	+2.93,+229.9,+21.2,@B	+2.73,+241.2,+19.5,GB	+2.47,+256.8,+20.3,@B	+2.87,+233.2,+19.5,IB	
1699986629.8286057	+6.69,+7.5,+21.1,@B	+6.67,+13.9,+21.2,DA	+2.93,+229.8,+21.2,AB	+2.73,+241.2,+19.5,GB	+2.46,+257.1,+20.3,IB	+2.87,+233.2,+19.5,IB	
1699986691.8378687	+6.69,+7.7,+21.1,BB	+6.67,+13.8,+21.2,EA	+2.93,+229.8,+21.1,BB	+2.73,+241.2,+19.5,GB	+2.46,+257.4,+20.3,LB	+2.87,+233.2,+19.4,HB	
1699986753.8491416	+6.69,+7.9,+21.1,LB	+6.67,+13.8,+21.2,EA	+2.93,+229.8,+21.1,BB	+2.73,+241.2,+19.5,GB	+2.45,+257.8,+20.3,CB	+2.87,+233.2,+19.5,IB	
1699986815.8587368	+6.68,+8.0,+21.1,KB	+6.67,+13.8,+21.2,EA	+2.93,+229.9,+21.1,CB	+2.73,+241.2,+19.5,GB	+2.46,+257.6,+20.3,NB	+2.87,+233.2,+19.4,HB	
1699986877.868338	+6.68,+8.0,+21.1,KB	+6.67,+13.8,+21.2,EA	+2.93,+229.7,+21.2,NB	+2.73,+241.2,+19.5,GB	+2.45,+257.8,+20.3,CB	+2.87,+233.2,+19.5,IB	
1699986939.8771534	+6.68,+8.1,+21.1,JB	+6.67,+13.8,+21.2,EA	+2.93,+229.9,+21.1,CB	+2.73,+241.2,+19.5,GB	+2.46,+257.3,+20.3,KB	+2.87,+233.2,+19.5,IB	
1699987185.5518756	+6.68,+8.0,+21.1,KB	+6.67,+13.9,+21.2,DA	+2.93,+229.8,+21.2,AB	+2.74,+241.1,+19.5,CB	+2.46,+257.5,+20.3,MB	+2.88,+232.9,+19.5,LB	
1699987247.5616755	+6.68,+8.1,+21.1,JB	+6.66,+13.9,+21.2,EA	+2.93,+229.8,+21.2,AB	+2.74,+241.1,+19.5,CB	+2.45,+258.0,+20.3,DB	+2.87,+233.2,+19.5,IB	
1699987309.5706232	+6.68,+8.0,+21.1,KB	+6.66,+13.9,+21.2,EA	+2.93,+229.8,+21.2,AB	+2.73,+241.2,+19.6,DB	+2.44,+258.3,+20.3,FB	+2.87,+233.1,+19.5,JB	
1699987371.5788548	+6.68,+8.0,+21.1,KB	+6.67,+13.8,+21.2,EA	+2.93,+229.9,+21.2,@B	+2.73,+241.3,+19.5,FB	+2.44,+258.5,+20.3,@B	+2.87,+233.1,+19.4,KB	
1699987433.5875282	+6.68,+8.1,+21.1,JB	+6.67,+13.9,+21.2,DA	+2.93,+229.7,+21.1,MB	+2.73,+241.3,+19.5,FB	+2.44,+258.4,+20.3,AB	+2.87,+233.2,+19.4,HB	
1699987495.5977778	+6.69,+7.9,+21.1,LB	+6.67,+13.9,+21.2,DA	+2.93,+229.8,+21.1,BB	+2.73,+241.3,+19.5,FB	+2.44,+258.5,+20.3,@B	+2.87,+233.1,+19.5,JB	
1699987557.6073658	+6.69,+7.9,+21.1,LB	+6.67,+13.9,+21.2,DA	+2.93,+229.9,+21.1,CB	+2.73,+241.4,+19.5,AB	+2.44,+258.7,+20.3,BB	+2.87,+233.1,+19.4,KB	
1699987619.6183665	+6.69,+7.9,+21.1,LB	+6.67,+13.8,+21.2,EA	+2.93,+229.8,+21.1,BB	+2.73,+241.4,+19.5,AB	+2.44,+258.5,+20.3,@B	+2.87,+233.2,+19.4,HB	
1699987681.6279314	+6.69,+7.8,+21.1,MB	+6.67,+13.8,+21.2,EA	+2.93,+229.8,+21.1,BB	+2.73,+241.2,+19.5,GB	+2.43,+259.0,+20.3,CB	+2.87,+233.2,+19.4,HB	
1699987743.6388583	+6.69,+7.8,+21.1,MB	+6.67,+13.8,+21.2,EA	+2.93,+229.8,+21.2,AB	+2.73,+241.3,+19.5,FB	+2.42,+259.5,+20.3,GB	+2.87,+233.2,+19.4,HB	
1699987805.6479666	+6.69,+7.7,+21.1,BB	+6.67,+13.8,+21.2,EA	+2.93,+229.8,+21.1,BB	+2.73,+241.3,+19.5,FB	+2.42,+259.5,+20.3,GB	+2.87,+233.1,+19.4,KB	
1699987867.6591153	+6.69,+7.6,+21.1,CB	+6.67,+13.8,+21.1,FA	+2.93,+229.8,+21.1,BB	+2.73,+241.2,+19.5,GB	+2.42,+259.8,+20.3,JB	+2.87,+233.2,+19.4,HB	
1699987929.6691415	+6.69,+7.7,+21.1,BB	+6.67,+13.8,+21.2,EA	+2.93,+229.8,+21.1,BB	+2.73,+241.2,+19.5,GB	+2.41,+260.2,+20.3,IB	+2.87,+233.2,+19.4,HB	
1699987991.6809351	+6.69,+7.7,+21.1,BB	+6.67,+13.8,+21.1,FA	+2.93,+229.9,+21.1,CB	+2.73,+241.3,+19.5,FB	+2.41,+260.4,+20.3,OB	+2.87,+233.1,+19.4,KB	
1699988053.6896207	+6.69,+7.8,+21.1,MB	+6.67,+13.8,+21.2,EA	+2.93,+229.8,+21.1,BB	+2.73,+241.3,+19.5,FB	+2.40,+260.5,+20.3,OB	+2.87,+233.2,+19.4,HB	
1699988115.6992106	+6.69,+7.7,+21.1,BB	+6.67,+13.7,+21.1,IA	+2.93,+229.8,+21.1,BB	+2.73,+241.3,+19.5,FB	+2.40,+260.5,+20.3,OB	+2.87,+233.1,+19.4,KB	
1699988177.7104557	+6.69,+7.7,+21.1,BB	+6.67,+13.8,+21.1,FA	+2.93,+229.7,+21.1,MB	+2.73,+241.2,+19.5,GB	+2.41,+260.3,+20.3,HB	+2.87,+233.1,+19.4,KB	
1699988239.720341	+6.69,+7.7,+21.1,BB	+6.67,+13.8,+21.2,EA	+2.93,+229.8,+21.1,BB	+2.73,+241.3,+19.5,FB	+2.41,+260.5,+20.3,NB	+2.87,+233.1,+19.4,KB	
1699988301.7290175	+6.69,+7.7,+21.0,CB	+6.67,+13.8,+21.1,FA	+2.93,+229.8,+21.1,BB	+2.73,+241.4,+19.5,AB	+2.43,+259.2,+20.3,AB	+2.87,+233.1,+19.4,KB	
1699988363.7383204	+6.68,+8.1,+21.1,JB	+6.67,+13.8,+21.1,FA	+2.93,+229.8,+21.1,BB	+2.73,+241.4,+19.5,AB	+2.43,+259.2,+20.3,AB	+2.87,+233.1,+19.4,KB	
1699988425.7466967	+6.69,+7.8,+21.1,MB	+6.67,+13.8,+21.2,EA	+2.93,+229.8,+21.1,BB	+2.73,+241.3,+19.5,FB	+2.45,+258.1,+20.3,EB	+2.87,+233.1,+19.4,KB	
1699988487.7562833	+6.69,+7.7,+21.1,BB	+6.67,+13.8,+21.1,FA	+2.93,+229.8,+21.1,BB	+2.73,+241.2,+19.5,GB	+2.46,+257.6,+20.3,NB	+2.87,+233.1,+19.4,KB	
1699988549.7649915	+6.69,+7.8,+21.1,MB	+6.67,+13.8,+21.1,FA	+2.93,+229.8,+21.1,BB	+2.74,+241.1,+19.5,CB	+2.46,+257.3,+20.3,KB	+2.87,+233.1,+19.4,KB	
1699988611.775365	+6.69,+7.9,+21.1,LB	+6.67,+13.8,+21.1,FA	+2.93,+229.8,+21.1,BB	+2.74,+241.0,+19.5,BB	+2.46,+257.1,+20.3,IB	+2.87,+233.2,+19.4,HB	
1699988673.7846515	+6.68,+8.2,+21.1,IB	+6.67,+13.8,+21.2,EA	+2.93,+229.8,+21.1,BB	+2.74,+241.0,+19.5,BB	+2.48,+256.0,+20.3,GB	+2.87,+233.0,+19.4,JB	
1699988735.795014	+6.68,+8.4,+21.1,OB	+6.67,+13.8,+21.1,FA	+2.93,+229.8,+21.1,BB	+2.74,+241.0,+19.5,BB	+2.48,+256.1,+20.3,FB	+2.87,+233.1,+19.4,KB	
1699988797.8057585	+6.68,+8.4,+21.1,OB	+6.67,+13.8,+21.1,FA	+2.93,+229.7,+21.1,MB	+2.73,+241.1,+19.5,DB	+2.48,+256.4,+20.3,CB	+2.87,+233.1,+19.4,KB	
1699988859.812337	+6.68,+8.4,+21.1,OB	+6.67,+13.9,+21.1,GA	+2.93,+229.7,+21.1,MB	+2.73,+241.1,+19.5,DB	+2.48,+256.2,+20.3,EB	+2.87,+233.0,+19.4,JB	
1699988921.8216522	+6.68,+8.4,+21.1,OB	+6.67,+13.8,+21.1,FA	+2.93,+229.8,+21.1,BB	+2.73,+241.1,+19.5,DB	+2.47,+256.8,+20.3,@B	+2.87,+233.1,+19.4,KB	
1699988983.8321297	+6.68,+8.3,+21.1,HB	+6.66,+13.9,+21.1,FA	+2.93,+229.8,+21.1,BB	+2.73,+241.2,+19.5,GB	+2.47,+256.8,+20.3,@B	+2.87,+233.1,+19.4,KB	
1699989045.8411803	+6.68,+8.4,+21.0,NB	+6.67,+13.8,+21.1,FA	+2.93,+229.8,+21.1,BB	+2.73,+241.4,+19.5,AB	+2.49,+255.6,+20.2,BB	+2.87,+233.1,+19.4,KB	
1699989107.8504744	+6.68,+8.2,+21.1,IB	+6.67,+13.8,+21.1,FA	+2.93,+229.8,+21.1,BB	+2.73,+241.4,+19.5,AB	+2.49,+255.6,+20.3,CB	+2.87,+233.0,+19.4,JB	
1699989169.8575034	+6.68,+8.2,+21.1,IB	+6.67,+13.8,+21.1,FA	+2.93,+229.8,+21.1,BB	+2.73,+241.4,+19.5,AB	+2.48,+255.9,+20.3,MB	+2.87,+233.0,+19.4,JB	
1699989231.8676472	+6.68,+8.2,+21.1,IB	+6.67,+13.8,+21.1,FA	+2.93,+229.8,+21.1,BB	+2.73,+241.2,+19.5,GB	+2.51,+254.4,+20.3,IB	+2.87,+233.0,+19.4,JB	
1699989293.8778536	+6.68,+8.1,+21.1,JB	+6.67,+13.9,+21.1,GA	+2.93,+229.9,+21.1,CB	+2.73,+241.3,+19.5,FB	+2.51,+254.5,+20.2,IB	+2.87,+233.1,+19.4,KB	
1699989355.8877087	+6.68,+8.1,+21.1,JB	+6.67,+13.8,+21.1,FA	+2.93,+229.7,+21.1,MB	+2.73,+241.3,+19.5,FB	+2.50,+255.0,+20.3,MB	+2.87,+233.1,+19.4,KB	
1699989417.89883	+6.68,+8.0,+21.1,KB	+6.67,+13.8,+21.1,FA	+2.93,+229.7,+21.1,MB	+2.73,+241.3,+19.5,FB	+2.50,+255.2,+20.3,OB	+2.88,+233.0,+19.4,EB	
1699989479.9075844	+6.69,+7.9,+21.1,LB	+6.67,+13.8,+21.1,FA	+2.93,+229.8,+21.1,BB	+2.73,+241.2,+19.5,GB	+2.49,+255.7,+20.2,CB	+2.87,+233.0,+19.4,JB	
1699989541.9182482	+6.69,+7.9,+21.0,MB	+6.67,+13.8,+21.1,FA	+2.93,+229.7,+21.1,MB	+2.73,+241.2,+19.5,GB	+2.48,+255.9,+20.2,LB	+2.87,+233.0,+19.4,JB	
1699989603.927326	+6.69,+7.9,+21.0,MB	+6.67,+13.8,+21.1,FA	+2.93,+229.8,+21.1,BB	+2.73,+241.2,+19.5,GB	+2.48,+256.4,+20.3,CB	+2.87,+233.1,+19.4,KB	
1699989665.9377418	+6.69,+7.8,+21.0,LB	+6.67,+13.8,+21.1,FA	+2.93,+229.8,+21.1,BB	+2.73,+241.2,+19.5,GB	+2.48,+256.0,+20.3,GB	+2.87,+233.0,+19.4,JB	
1699989727.9483197	+6.69,+7.8,+21.0,LB	+6.67,+13.8,+21.1,FA	+2.93,+229.8,+21.1,BB	+2.73,+241.1,+19.5,DB	+2.48,+256.3,+20.2,EB	+2.87,+233.1,+19.4,KB	
1699989789.9586916	+6.69,+7.8,+21.1,MB	+6.67,+13.8,+21.1,FA	+2.93,+229.8,+21.1,BB	+2.74,+241.1,+19.5,CB	+2.47,+256.7,+20.3,OB	+2.87,+233.0,+19.4,JB	
1699989851.9698918	+6.69,+7.8,+21.0,LB	+6.67,+13.8,+21.1,FA	+2.93,+229.7,+21.1,MB	+2.73,+241.2,+19.4,FB	+2.48,+256.3,+20.3,DB	+2.87,+233.1,+19.4,KB	
1699989913.9788845	+6.69,+7.6,+21.0,BB	+6.67,+13.8,+21.1,FA	+2.93,+229.7,+21.1,MB	+2.73,+241.2,+19.4,FB	+2.47,+256.7,+20.2,NB	+2.87,+233.0,+19.4,JB	
1699989975.9895525	+6.69,+7.7,+21.0,CB	+6.67,+13.8,+21.1,FA	+2.93,+229.8,+21.1,BB	+2.73,+241.1,+19.5,DB	+2.47,+256.7,+20.3,OB	+2.88,+233.0,+19.4,EB	
1699990037.997543	+6.69,+7.7,+21.0,CB	+6.67,+13.8,+21.1,FA	+2.93,+229.8,+21.0,CB	+2.73,+241.1,+19.4,EB	+2.46,+257.1,+20.2,HB	+2.87,+233.0,+19.4,JB	
1699990100.0086055	+6.69,+7.7,+21.1,BB	+6.67,+13.8,+21.1,FA	+2.93,+229.8,+21.1,BB	+2.73,+241.1,+19.5,DB	+2.46,+257.4,+20.3,LB	+2.87,+233.0,+19.4,JB	
1699990162.0201027	+6.69,+7.7,+21.0,CB	+6.67,+13.8,+21.1,FA	+2.93,+229.8,+21.1,BB	+2.73,+241.2,+19.4,FB	+2.46,+257.5,+20.2,LB	+2.87,+233.0,+19.4,JB	
1699990224.0302608	+6.69,+7.6,+21.0,BB	+6.67,+13.8,+21.1,FA	+2.93,+229.8,+21.1,BB	+2.73,+241.2,+19.4,FB	+2.47,+256.5,+20.2,LB	+2.87,+233.1,+19.4,KB	
1699990286.0413802	+6.69,+7.6,+21.0,BB	+6.67,+13.8,+21.1,FA	+2.93,+229.7,+21.1,MB	+2.73,+241.2,+19.4,FB	+2.49,+255.6,+20.2,BB	+2.87,+233.0,+19.4,JB	
1699990348.0503528	+6.69,+7.7,+21.0,CB	+6.67,+13.8,+21.1,FA	+2.93,+229.7,+21.0,LB	+2.73,+241.2,+19.5,GB	+2.49,+255.5,+20.2,AB	+2.87,+233.0,+19.4,JB	
1699990410.0610738	+6.69,+7.7,+21.0,CB	+6.67,+13.8,+21.1,FA	+2.93,+229.7,+21.1,MB	+2.73,+241.3,+19.5,FB	+2.48,+255.9,+20.3,MB	+2.87,+233.0,+19.4,JB	
1699990472.0700889	+6.69,+7.7,+21.0,CB	+6.67,+13.8,+21.1,FA	+2.93,+229.8,+21.1,BB	+2.73,+241.2,+19.5,GB	+2.49,+255.9,+20.2,MB	+2.87,+233.0,+19.4,JB	
1699990534.07864	+6.69,+7.9,+21.0,MB	+6.67,+13.7,+21.1,IA	+2.93,+229.8,+21.1,BB	+2.73,+241.2,+19.5,GB	+2.48,+256.2,+20.2,DB	+2.87,+233.0,+19.4,JB	
1699990596.0889952	+6.68,+8.1,+21.0,KB	+6.67,+13.8,+21.1,FA	+2.93,+229.7,+21.0,LB	+2.73,+241.2,+19.4,FB	+2.48,+256.4,+20.2,BB	+2.87,+233.0,+19.4,JB	
1699990658.0993128	+6.68,+8.3,+21.0,IB	+6.67,+13.8,+21.1,FA	+2.93,+229.7,+21.1,MB	+2.73,+241.2,+19.4,FB	+2.48,+256.3,+20.2,EB	+2.87,+233.0,+19.4,JB	
1699990720.1023133	+6.68,+8.2,+21.0,HB	+6.67,+13.7,+21.1,IA	+2.93,+229.7,+21.1,MB	+2.73,+241.2,+19.5,GB	+2.47,+256.7,+20.2,NB	+2.87,+233.0,+19.4,JB	
1699990782.1087985	+6.68,+8.2,+21.0,HB	+6.67,+13.8,+21.1,FA	+2.93,+229.7,+21.0,LB	+2.73,+241.1,+19.4,EB	+2.46,+257.0,+20.2,IB	+2.87,+233.0,+19.4,JB	
1699991027.7374983	+6.68,+8.0,+21.0,JB	+6.67,+13.7,+21.1,IA	+2.93,+229.7,+21.1,MB	+2.74,+241.0,+19.4,CB	+2.45,+257.6,+20.2,LB	+2.88,+232.7,+19.4,CB	
1699991089.7488532	+6.68,+8.0,+21.0,JB	+6.67,+13.7,+21.1,IA	+2.93,+229.7,+21.0,LB	+2.74,+241.1,+19.4,BB	+2.45,+258.0,+20.2,EB	+2.87,+233.0,+19.4,JB	
1699991151.7568119	+6.68,+8.0,+21.0,JB	+6.67,+13.7,+21.1,IA	+2.93,+229.8,+21.0,CB	+2.74,+241.0,+19.4,CB	+2.45,+258.1,+20.2,DB	+2.88,+232.9,+19.4,MB	
1699991213.76483	+6.68,+8.0,+21.0,JB	+6.67,+13.7,+21.1,IA	+2.93,+229.7,+21.0,LB	+2.73,+241.1,+19.4,EB	+2.45,+258.1,+20.2,DB	+2.87,+233.0,+19.4,JB	
1699991275.7741783	+6.68,+8.0,+21.0,JB	+6.67,+13.7,+21.1,IA	+2.93,+229.7,+21.0,LB	+2.73,+241.1,+19.5,DB	+2.45,+258.0,+20.2,EB	+2.87,+233.0,+19.4,JB	
1699991337.7839088	+6.68,+8.1,+21.0,KB	+6.67,+13.7,+21.1,IA	+2.93,+229.8,+21.0,CB	+2.74,+241.1,+19.5,CB	+2.45,+257.7,+20.2,MB	+2.87,+233.0,+19.4,JB	
1699991399.7944155	+6.68,+8.1,+21.0,KB	+6.67,+13.7,+21.1,IA	+2.93,+229.7,+21.0,LB	+2.74,+241.1,+19.4,BB	+2.45,+257.8,+20.2,BB	+2.87,+233.0,+19.4,JB	
1699991461.8030574	+6.68,+8.1,+21.0,KB	+6.67,+13.7,+21.1,IA	+2.93,+229.7,+21.0,LB	+2.73,+241.1,+19.4,EB	+2.44,+258.2,+20.2,FB	+2.87,+233.0,+19.4,JB	
1699991523.811654	+6.68,+8.1,+21.0,KB	+6.67,+13.6,+21.1,HA	+2.93,+229.8,+21.0,CB	+2.73,+241.0,+19.4,DB	+2.44,+258.6,+20.2,BB	+2.87,+233.0,+19.4,JB	
1699991585.8181288	+6.68,+8.0,+21.0,JB	+6.67,+13.7,+21.1,IA	+2.93,+229.7,+21.1,MB	+2.73,+241.2,+19.4,FB	+2.43,+259.1,+20.2,CB	+2.87,+233.0,+19.4,JB	
1699991647.8261151	+6.68,+8.0,+21.0,JB	+6.67,+13.7,+21.1,IA	+2.93,+229.7,+21.0,LB	+2.73,+241.1,+19.4,EB	+2.43,+259.2,+20.2,@B	+2.87,+233.0,+19.4,JB	
1699991709.8346298	+6.69,+7.9,+21.0,MB	+6.67,+13.7,+21.1,IA	+2.93,+229.8,+21.0,CB	+2.73,+241.1,+19.4,EB	+2.42,+259.3,+20.2,@B	+2.87,+233.0,+19.3,MB	
1699991771.8439405	+6.69,+7.9,+21.0,MB	+6.67,+13.6,+21.1,HA	+2.93,+229.8,+21.0,CB	+2.73,+241.1,+19.4,EB	+2.43,+258.9,+20.2,JB	+2.87,+233.0,+19.3,MB	
1699991833.852723	+6.69,+7.9,+21.0,MB	+6.67,+13.7,+21.1,IA	+2.93,+229.7,+21.0,LB	+2.74,+241.0,+19.4,CB	+2.43,+258.9,+20.2,JB	+2.87,+233.0,+19.3,MB	
1699991895.8610427	+6.69,+7.9,+21.0,MB	+6.67,+13.7,+21.1,IA	+2.93,+229.7,+21.0,LB	+2.74,+241.0,+19.4,CB	+2.43,+259.1,+20.2,CB	+2.88,+232.9,+19.4,MB	
1699991957.8678277	+6.69,+7.8,+21.0,LB	+6.67,+13.7,+21.1,IA	+2.93,+229.7,+21.0,LB	+2.74,+241.0,+19.4,CB	+2.42,+259.3,+20.2,@B	+2.87,+233.0,+19.4,JB	
1699992019.8763337	+6.69,+7.8,+21.0,LB	+6.67,+13.7,+21.1,IA	+2.93,+229.7,+21.0,LB	+2.73,+241.1,+19.4,EB	+2.42,+259.5,+20.2,FB	+2.87,+233.0,+19.3,MB	
1699992081.8829904	+6.69,+7.9,+21.0,MB	+6.67,+13.6,+21.1,HA	+2.93,+229.7,+21.0,LB	+2.74,+241.0,+19.4,CB	+2.41,+260.2,+20.2,HB	+2.88,+232.9,+19.4,MB	
1699992143.890588	+6.69,+7.8,+21.0,LB	+6.67,+13.7,+21.1,IA	+2.93,+229.7,+21.0,LB	+2.73,+241.1,+19.4,EB	+2.40,+260.6,+20.2,MB	+2.87,+233.0,+19.3,MB	
1699992205.9006655	+6.69,+7.8,+21.0,LB	+6.67,+13.7,+21.1,IA	+2.93,+229.8,+21.0,CB	+2.73,+241.1,+19.4,EB	+2.41,+260.3,+20.2,IB	+2.87,+233.0,+19.4,JB	
1699992267.9100015	+6.69,+7.8,+21.0,LB	+6.67,+13.6,+21.1,HA	+2.93,+229.7,+21.0,LB	+2.73,+241.1,+19.4,EB	+2.40,+260.6,+20.2,MB	+2.87,+233.0,+19.4,JB	
1699992329.917128	+6.69,+7.8,+21.0,LB	+6.67,+13.7,+21.1,IA	+2.93,+229.8,+21.0,CB	+2.74,+241.0,+19.4,CB	+2.39,+261.4,+20.2,@B	+2.87,+233.0,+19.3,MB	
1699992391.92667	+6.69,+7.8,+21.0,LB	+6.67,+13.7,+21.1,IA	+2.93,+229.7,+21.0,LB	+2.74,+241.0,+19.4,CB	+2.38,+261.7,+20.2,BB	+2.87,+233.0,+19.4,JB	
1699992453.9356463	+6.68,+8.0,+21.0,JB	+6.67,+13.7,+21.1,IA	+2.93,+229.7,+21.0,LB	+2.74,+241.0,+19.4,CB	+2.38,+261.6,+20.2,CB	+2.88,+232.9,+19.4,MB	
1699992515.9454298	+6.68,+8.2,+21.0,HB	+6.67,+13.8,+21.1,FA	+2.93,+229.8,+21.0,CB	+2.74,+241.0,+19.4,CB	+2.39,+261.6,+20.2,BB	+2.87,+233.0,+19.4,JB	
1699992577.95493	+6.68,+8.3,+21.0,IB	+6.67,+13.7,+21.1,IA	+2.93,+229.7,+21.0,LB	+2.73,+241.0,+19.4,DB	+2.38,+262.1,+20.2,GB	+2.88,+233.0,+19.4,EB	
1699992639.9615307	+6.68,+8.4,+21.0,NB	+6.67,+13.7,+21.1,IA	+2.93,+229.8,+21.0,CB	+2.74,+240.9,+19.4,KB	+2.38,+262.1,+20.2,GB	+2.87,+233.0,+19.4,JB	
1699992701.969328	+6.68,+8.5,+21.0,OB	+6.67,+13.7,+21.1,IA	+2.93,+229.7,+21.0,LB	+2.74,+240.8,+19.4,JB	+2.38,+261.9,+20.2,LB	+2.87,+233.0,+19.3,MB	
1699992763.977105	+6.68,+8.4,+21.0,NB	+6.67,+13.6,+21.1,HA	+2.93,+229.8,+21.0,CB	+2.74,+240.9,+19.4,KB	+2.38,+262.0,+20.2,FB	+2.87,+233.0,+19.4,JB	
1699992825.9876254	+6.68,+8.5,+21.0,OB	+6.67,+13.7,+21.1,IA	+2.93,+229.7,+21.0,LB	+2.74,+241.0,+19.4,CB	+2.38,+262.0,+20.2,FB	+2.87,+233.0,+19.3,MB	
1699992887.9959602	+6.68,+8.3,+21.0,IB	+6.67,+13.7,+21.1,IA	+2.93,+229.7,+21.0,LB	+2.74,+240.9,+19.4,KB	+2.38,+261.9,+20.2,LB	+2.87,+233.0,+19.4,JB	
1699992950.0056617	+6.68,+8.4,+21.0,NB	+6.67,+13.8,+21.1,FA	+2.93,+229.7,+21.0,LB	+2.73,+241.1,+19.4,EB	+2.38,+262.0,+20.2,FB	+2.87,+233.0,+19.4,JB	
1699993012.0143664	+6.68,+8.3,+21.0,IB	+6.67,+13.7,+21.1,IA	+2.93,+229.7,+21.0,LB	+2.73,+241.2,+19.4,FB	+2.38,+261.9,+20.2,LB	+2.88,+232.9,+19.3,JB	
1699993074.022932	+6.68,+8.3,+21.0,IB	+6.67,+13.7,+21.1,IA	+2.93,+229.6,+21.0,MB	+2.73,+241.3,+19.4,GB	+2.38,+261.9,+20.2,LB	+2.87,+233.0,+19.3,MB	
1699993136.0313082	+6.68,+8.3,+21.0,IB	+6.67,+13.7,+21.1,IA	+2.93,+229.7,+21.0,LB	+2.73,+241.2,+19.4,FB	+2.39,+261.6,+20.2,BB	+2.87,+232.9,+19.3,EB	
1699993198.0387762	+6.68,+8.2,+21.0,HB	+6.67,+13.7,+21.1,IA	+2.93,+229.7,+21.0,LB	+2.73,+241.2,+19.4,FB	+2.40,+260.6,+20.2,MB	+2.88,+233.0,+19.4,EB	
1699993260.0468583	+6.68,+8.2,+21.0,HB	+6.67,+13.7,+21.1,IA	+2.93,+229.7,+21.0,LB	+2.73,+241.2,+19.4,FB	+2.40,+260.5,+20.2,NB	+2.88,+232.9,+19.4,MB	
1699993322.0570455	+6.68,+8.2,+21.0,HB	+6.67,+13.7,+21.1,IA	+2.93,+229.7,+21.0,LB	+2.73,+241.1,+19.4,EB	+2.41,+260.3,+20.2,IB	+2.88,+232.9,+19.3,JB	
1699993384.0668142	+6.68,+8.3,+21.0,IB	+6.67,+13.7,+21.1,IA	+2.93,+229.7,+21.0,LB	+2.73,+241.1,+19.4,EB	+2.41,+260.2,+20.2,HB	+2.88,+232.9,+19.4,MB	
1699993446.0766528	+6.68,+8.2,+21.0,HB	+6.67,+13.7,+21.1,IA	+2.93,+229.7,+21.0,LB	+2.73,+241.3,+19.4,GB	+2.42,+259.8,+20.2,KB	+2.88,+232.9,+19.4,MB	
1699993508.084817	+6.68,+8.3,+21.0,IB	+6.67,+13.7,+21.1,IA	+2.93,+229.7,+21.0,LB	+2.73,+241.4,+19.4,@B	+2.41,+259.9,+20.2,IB	+2.88,+232.8,+19.3,KB	
1699993570.0949216	+6.68,+8.3,+21.0,IB	+6.67,+13.7,+21.1,IA	+2.93,+229.7,+21.0,LB	+2.73,+241.4,+19.4,@B	+2.42,+259.6,+20.2,EB	+2.88,+232.8,+19.4,LB	
1699993632.1016934	+6.68,+8.2,+21.0,HB	+6.67,+13.7,+21.1,IA	+2.93,+229.6,+21.0,MB	+2.73,+241.3,+19.4,GB	+2.41,+260.3,+20.2,IB	+2.88,+232.9,+19.3,JB	
1699993694.1123273	+6.68,+8.2,+21.0,HB	+6.67,+13.7,+21.0,HA	+2.93,+229.7,+21.0,LB	+2.73,+241.4,+19.4,@B	+2.42,+259.6,+20.2,EB	+2.88,+232.9,+19.3,JB	
1699993756.1223004	+6.68,+8.2,+21.0,HB	+6.67,+13.7,+21.1,IA	+2.93,+229.7,+21.0,LB	+2.73,+241.1,+19.4,EB	+2.42,+259.6,+20.2,EB	+2.88,+232.9,+19.4,MB	
1699993818.1303878	+6.68,+8.2,+21.0,HB	+6.67,+13.7,+21.1,IA	+2.93,+229.7,+21.0,LB	+2.74,+241.0,+19.4,CB	+2.40,+260.5,+20.2,NB	+2.88,+232.9,+19.4,MB	
1699993880.140671	+6.68,+8.1,+21.0,KB	+6.67,+13.7,+21.1,IA	+2.93,+229.7,+21.0,LB	+2.74,+241.0,+19.4,CB	+2.40,+260.8,+20.2,CB	+2.87,+233.0,+19.3,MB	
1699993942.149102	+6.68,+8.1,+21.0,KB	+6.67,+13.7,+21.1,IA	+2.93,+229.7,+21.0,LB	+2.74,+241.0,+19.4,CB	+2.40,+261.0,+20.2,JB	+2.88,+232.9,+19.4,MB	
1699994004.158065	+6.68,+8.0,+21.0,JB	+6.67,+13.7,+21.1,IA	+2.93,+229.7,+21.0,LB	+2.74,+240.7,+19.4,EB	+2.39,+261.1,+20.2,EB	+2.87,+233.0,+19.3,MB	
1699994066.1677547	+6.68,+8.1,+21.0,KB	+6.67,+13.7,+21.1,IA	+2.93,+229.7,+21.0,LB	+2.74,+240.7,+19.4,EB	+2.40,+260.7,+20.2,LB	+2.87,+233.0,+19.4,JB	
1699994128.1760905	+6.68,+8.0,+21.0,JB	+6.67,+13.6,+21.1,HA	+2.93,+229.7,+21.0,LB	+2.74,+240.7,+19.4,EB	+2.40,+260.6,+20.2,MB	+2.87,+233.0,+19.4,JB	
1699994190.1859586	+6.68,+8.0,+21.0,JB	+6.67,+13.6,+21.1,HA	+2.93,+229.7,+21.0,LB	+2.74,+240.7,+19.4,EB	+2.43,+258.9,+20.2,JB	+2.88,+232.9,+19.3,JB	
1699994252.1947513	+6.68,+8.0,+21.0,JB	+6.67,+13.6,+21.1,HA	+2.93,+229.7,+21.0,LB	+2.74,+240.7,+19.4,EB	+2.43,+258.7,+20.2,DB	+2.88,+232.9,+19.3,JB	
1699994314.204608	+6.68,+8.1,+21.0,KB	+6.67,+13.6,+21.1,HA	+2.93,+229.7,+21.0,LB	+2.74,+240.7,+19.4,EB	+2.45,+257.8,+20.2,BB	+2.88,+232.9,+19.4,MB	
1699994376.213693	+6.68,+8.2,+21.0,HB	+6.67,+13.6,+21.1,HA	+2.93,+229.7,+21.0,LB	+2.74,+240.8,+19.4,JB	+2.46,+257.1,+20.2,HB	+2.88,+232.9,+19.4,MB	
1699994438.2236018	+6.68,+8.5,+21.0,OB	+6.67,+13.6,+21.1,HA	+2.93,+229.6,+21.0,MB	+2.74,+240.7,+19.4,EB	+2.46,+257.4,+20.2,MB	+2.88,+232.9,+19.3,JB	
1699994500.2287984	+6.68,+8.5,+21.0,OB	+6.67,+13.7,+21.1,IA	+2.93,+229.7,+21.0,LB	+2.74,+240.6,+19.4,DB	+2.44,+258.4,+20.2,@B	+2.88,+232.9,+19.3,JB	
1699994562.2374384	+6.67,+8.6,+21.0,CB	+6.67,+13.7,+21.0,HA	+2.93,+229.7,+21.0,LB	+2.74,+240.7,+19.4,EB	+2.47,+256.7,+20.2,NB	+2.88,+232.9,+19.3,JB	
1699994624.2481403	+6.67,+8.6,+21.0,CB	+6.67,+13.7,+21.1,IA	+2.93,+229.7,+21.0,LB	+2.74,+240.8,+19.4,JB	+2.46,+257.5,+20.2,LB	+2.88,+232.9,+19.4,MB	
1699994869.849454	+6.67,+8.6,+21.0,CB	+6.67,+13.7,+21.1,IA	+2.93,+229.6,+21.0,MB	+2.74,+240.9,+19.4,KB	+2.44,+258.2,+20.2,FB	+2.88,+232.6,+19.3,EB	
1699994931.8598	+6.67,+8.5,+21.0,@B	+6.67,+13.7,+21.0,HA	+2.93,+229.7,+21.0,LB	+2.74,+240.9,+19.4,KB	+2.44,+258.4,+20.2,@B	+2.87,+233.0,+19.3,MB	
1699994993.869979	+6.68,+8.4,+21.0,NB	+6.67,+13.6,+21.1,HA	+2.93,+229.7,+21.0,LB	+2.73,+241.1,+19.4,EB	+2.46,+257.4,+20.2,MB	+2.88,+232.9,+19.4,MB	
1699995055.8784683	+6.68,+8.4,+21.0,NB	+6.67,+13.6,+21.0,IA	+2.93,+229.7,+21.0,LB	+2.73,+241.3,+19.4,GB	+2.46,+257.3,+20.2,JB	+2.88,+232.9,+19.3,JB	
1699995117.886876	+6.68,+8.2,+21.0,HB	+6.67,+13.6,+21.0,IA	+2.93,+229.7,+21.0,LB	+2.73,+241.3,+19.4,GB	+2.47,+256.8,+20.2,AB	+2.88,+232.9,+19.4,MB	
1699995179.8968625	+6.66,+9.6,+21.0,CB	+6.67,+13.6,+21.0,IA	+2.93,+229.7,+21.0,LB	+2.73,+241.3,+19.4,GB	+2.46,+257.4,+20.2,MB	+2.87,+233.0,+19.3,MB	
1699995241.90741	+6.66,+9.2,+21.0,GB	+6.67,+13.7,+21.0,HA	+2.93,+229.6,+21.0,MB	+2.73,+241.3,+19.4,GB	+2.45,+257.8,+20.2,BB	+2.88,+232.9,+19.4,MB	
1699995303.914022	+6.67,+8.9,+21.0,LB	+6.67,+13.6,+21.0,IA	+2.93,+229.7,+21.0,LB	+2.73,+241.4,+19.4,@B	+2.46,+257.2,+20.2,KB	+2.88,+232.9,+19.3,JB	
1699995365.9231925	+6.67,+8.7,+21.0,BB	+6.67,+13.6,+21.0,IA	+2.93,+229.7,+21.0,LB	+2.73,+241.3,+19.4,GB	+2.46,+257.3,+20.2,JB	+2.88,+232.9,+19.3,JB	
1699995427.933045	+6.68,+8.4,+21.0,NB	+6.67,+13.6,+21.0,IA	+2.93,+229.7,+21.0,LB	+2.73,+241.3,+19.4,GB	+2.44,+258.3,+20.2,GB	+2.88,+232.9,+19.3,JB	
1699995489.9423518	+6.68,+8.3,+21.0,IB	+6.67,+13.6,+21.1,HA	+2.93,+229.7,+21.0,LB	+2.73,+241.3,+19.4,GB	+2.45,+257.9,+20.2,CB	+2.88,+232.9,+19.4,MB	
1699995551.9509223	+6.68,+8.2,+21.0,HB	+6.67,+13.6,+21.1,HA	+2.93,+229.7,+21.0,LB	+2.73,+241.5,+19.4,AB	+2.44,+258.5,+20.2,AB	+2.87,+232.9,+19.3,EB	
1699995613.95994	+6.68,+8.2,+21.0,HB	+6.67,+13.7,+21.0,HA	+2.93,+229.6,+21.0,MB	+2.73,+241.5,+19.4,AB	+2.43,+258.8,+20.2,KB	+2.88,+232.9,+19.3,JB	
1699995675.9701214	+6.68,+8.1,+21.0,KB	+6.67,+13.7,+21.0,HA	+2.93,+229.7,+21.0,LB	+2.73,+241.6,+19.4,BB	+2.44,+258.6,+20.2,BB	+2.88,+232.9,+19.4,MB	
1699995737.9801002	+6.68,+8.1,+21.0,KB	+6.67,+13.7,+21.0,HA	+2.93,+229.6,+21.0,MB	+2.72,+241.6,+19.4,CB	+2.45,+257.9,+20.2,CB	+2.88,+232.9,+19.4,MB	
1699995799.9896922	+6.68,+8.2,+21.0,HB	+6.67,+13.7,+21.0,HA	+2.93,+229.7,+21.0,LB	+2.72,+241.6,+19.4,CB	+2.44,+258.6,+20.2,BB	+2.88,+232.8,+19.4,LB	
1699995862.00018	+6.68,+8.2,+21.0,HB	+6.67,+13.7,+21.0,HA	+2.93,+229.7,+21.0,LB	+2.72,+241.7,+19.4,BB	+2.44,+258.6,+20.2,BB	+2.88,+232.9,+19.4,MB	
1699995924.0109625	+6.68,+8.2,+21.0,HB	+6.67,+13.7,+21.0,HA	+2.93,+229.7,+21.0,LB	+2.72,+241.7,+19.4,BB	+2.43,+258.7,+20.2,DB	+2.88,+232.9,+19.3,JB	
1699995986.0201266	+6.68,+8.3,+21.0,IB	+6.67,+13.7,+21.1,IA	+2.93,+229.6,+21.0,MB	+2.72,+241.7,+19.4,BB	+2.43,+259.0,+20.2,BB	+2.88,+232.9,+19.4,MB	
1699996048.027709	+6.68,+8.2,+21.0,HB	+6.67,+13.6,+21.1,HA	+2.93,+229.7,+21.0,LB	+2.73,+241.3,+19.4,GB	+2.45,+257.8,+20.2,BB	+2.88,+232.9,+19.3,JB	
1699996110.037797	+6.68,+8.3,+21.0,IB	+6.67,+13.7,+21.0,HA	+2.93,+229.6,+21.0,MB	+2.73,+241.1,+19.4,EB	+2.46,+257.4,+20.2,MB	+2.88,+232.9,+19.4,MB	
1699996172.0457585	+6.68,+8.4,+20.9,FB	+6.67,+13.7,+21.1,IA	+2.93,+229.7,+21.0,LB	+2.73,+241.1,+19.4,EB	+2.45,+257.6,+20.2,LB	+2.88,+232.9,+19.4,MB	
1699996234.0562613	+6.67,+8.6,+21.0,CB	+6.67,+13.7,+21.1,IA	+2.93,+229.7,+21.0,LB	+2.73,+241.0,+19.4,DB	+2.45,+258.0,+20.2,EB	+2.88,+232.9,+19.4,MB	
1699996296.066091	+6.67,+8.6,+21.0,CB	+6.67,+13.7,+21.0,HA	+2.93,+229.7,+21.0,LB	+2.74,+240.9,+19.4,KB	+2.45,+258.1,+20.2,DB	+2.88,+232.9,+19.4,MB	
1699996358.076461	+6.67,+8.5,+21.0,@B	+6.67,+13.6,+21.0,IA	+2.93,+229.7,+21.0,LB	+2.74,+240.9,+19.4,KB	+2.44,+258.3,+20.2,GB	+2.88,+232.9,+19.4,MB	
1699996420.0818722	+6.67,+8.6,+21.0,CB	+6.67,+13.7,+21.0,HA	+2.93,+229.7,+21.0,LB	+2.74,+240.9,+19.4,KB	+2.44,+258.2,+20.2,FB	+2.88,+232.9,+19.4,MB	
1699996482.0903423	+6.68,+8.5,+21.0,OB	+6.67,+13.6,+21.1,HA	+2.93,+229.7,+21.0,LB	+2.74,+240.9,+19.4,KB	+2.46,+257.4,+20.2,MB	+2.88,+232.9,+19.4,MB	
1699996544.097993	+6.68,+8.4,+21.0,NB	+6.67,+13.6,+21.0,IA	+2.93,+229.6,+21.0,MB	+2.74,+240.9,+19.4,KB	+2.45,+257.7,+20.2,MB	+2.88,+232.9,+19.4,MB	
1699996606.1072106	+6.68,+8.4,+21.0,NB	+6.67,+13.6,+21.1,HA	+2.93,+229.7,+21.0,LB	+2.74,+241.0,+19.4,CB	+2.47,+256.4,+20.2,MB	+2.87,+233.0,+19.3,MB	
1699996668.1176379	+6.68,+8.3,+21.0,IB	+6.67,+13.6,+21.0,IA	+2.93,+229.7,+21.0,LB	+2.74,+241.0,+19.4,CB	+2.47,+256.6,+20.2,OB	+2.88,+232.9,+19.4,MB	
1699996730.1255004	+6.68,+8.1,+21.0,KB	+6.67,+13.5,+21.0,JA	+2.93,+229.7,+21.0,LB	+2.74,+240.8,+19.4,JB	+2.46,+257.0,+20.2,IB	+2.88,+232.9,+19.3,JB	
1699996792.1355226	+6.68,+8.1,+21.0,KB	+6.67,+13.6,+21.0,IA	+2.93,+229.7,+21.0,LB	+2.74,+240.8,+19.4,JB	+2.46,+257.4,+20.2,MB	+2.88,+232.9,+19.3,JB	
1699996854.1455042	+6.68,+8.1,+21.0,KB	+6.67,+13.5,+21.0,JA	+2.93,+229.7,+21.0,LB	+2.74,+240.7,+19.4,EB	+2.45,+257.6,+20.2,LB	+2.88,+232.9,+19.3,JB	
1699996916.1536565	+6.68,+8.0,+21.0,JB	+6.67,+13.6,+21.1,HA	+2.93,+229.7,+21.0,LB	+2.74,+240.8,+19.4,JB	+2.45,+258.0,+20.2,EB	+2.88,+232.9,+19.3,JB	
1699996978.1637096	+6.68,+8.1,+21.0,KB	+6.67,+13.6,+21.0,IA	+2.93,+229.7,+21.0,LB	+2.74,+240.9,+19.4,KB	+2.44,+258.4,+20.2,@B	+2.88,+232.9,+19.4,MB	
1699997040.1729577	+6.68,+8.1,+21.0,KB	+6.67,+13.5,+21.0,JA	+2.93,+229.6,+21.0,MB	+2.74,+240.9,+19.4,KB	+2.44,+258.4,+20.2,@B	+2.88,+232.9,+19.3,JB	
1699997102.1827216	+6.68,+8.1,+21.0,KB	+6.67,+13.5,+21.0,JA	+2.93,+229.7,+21.0,LB	+2.74,+240.9,+19.4,KB	+2.44,+258.3,+20.2,GB	+2.88,+232.9,+19.4,MB	
1699997164.192011	+6.68,+8.2,+20.9,@B	+6.67,+13.5,+21.1,KA	+2.93,+229.7,+21.0,LB	+2.74,+240.9,+19.4,KB	+2.46,+257.5,+20.2,LB	+2.88,+232.9,+19.4,MB	
1699997226.2002046	+6.68,+8.1,+21.0,KB	+6.67,+13.6,+21.0,IA	+2.93,+229.7,+21.0,LB	+2.74,+241.0,+19.4,CB	+2.45,+257.9,+20.2,CB	+2.88,+232.9,+19.4,MB	
1699997288.2097254	+6.68,+8.1,+21.0,KB	+6.67,+13.6,+21.0,IA	+2.93,+229.6,+21.0,MB	+2.73,+241.0,+19.4,DB	+2.44,+258.4,+20.2,@B	+2.88,+232.9,+19.4,MB	
1699997350.219161	+6.68,+8.0,+21.0,JB	+6.67,+13.5,+21.0,JA	+2.93,+229.6,+21.0,MB	+2.74,+240.9,+19.4,KB	+2.44,+258.5,+20.2,AB	+2.88,+232.9,+19.4,MB	
1699997412.229848	+6.68,+8.0,+21.0,JB	+6.67,+13.5,+21.0,JA	+2.93,+229.7,+21.0,LB	+2.74,+240.9,+19.4,KB	+2.43,+259.1,+20.2,CB	+2.88,+232.9,+19.4,MB	
1699997474.2345948	+6.68,+8.0,+21.0,JB	+6.67,+13.5,+21.0,JA	+2.93,+229.7,+21.0,LB	+2.74,+240.8,+19.4,JB	+2.45,+258.0,+20.2,EB	+2.88,+232.9,+19.4,MB	
1699997536.244385	+6.68,+8.0,+21.0,JB	+6.67,+13.5,+21.0,JA	+2.93,+229.7,+21.0,LB	+2.74,+240.7,+19.4,EB	+2.44,+258.5,+20.2,AB	+2.88,+232.9,+19.3,JB	
1699997598.2545955	+6.69,+7.9,+21.0,MB	+6.67,+13.5,+21.0,JA	+2.93,+229.7,+21.0,LB	+2.74,+240.8,+19.4,JB	+2.43,+259.0,+20.2,BB	+2.88,+233.0,+19.4,EB	
1699997660.2640243	+6.69,+7.9,+21.0,MB	+6.67,+13.5,+21.0,JA	+2.93,+229.6,+21.0,MB	+2.74,+240.7,+19.4,EB	+2.43,+258.7,+20.2,DB	+2.88,+232.9,+19.4,MB	
1699997722.2741845	+6.69,+7.8,+21.0,LB	+6.67,+13.4,+21.0,KA	+2.93,+229.7,+21.0,LB	+2.74,+240.7,+19.4,EB	+2.43,+258.8,+20.2,KB	+2.88,+232.9,+19.4,MB	
1699997784.282945	+6.69,+7.8,+21.0,LB	+6.67,+13.4,+21.0,KA	+2.93,+229.7,+21.0,LB	+2.74,+240.8,+19.4,JB	+2.43,+259.2,+20.2,@B	+2.88,+232.9,+19.4,MB	
1699997846.2935236	+6.69,+7.8,+21.0,LB	+6.67,+13.4,+21.0,KA	+2.93,+229.7,+21.0,LB	+2.74,+241.0,+19.4,CB	+2.43,+259.2,+20.2,@B	+2.87,+233.0,+19.4,JB	
1699997908.3019607	+6.69,+7.7,+21.0,CB	+6.67,+13.5,+21.0,JA	+2.93,+229.7,+21.0,LB	+2.74,+241.0,+19.4,CB	+2.43,+259.1,+20.2,CB	+2.87,+233.0,+19.4,JB	
1699997970.3123984	+6.69,+7.7,+21.0,CB	+6.67,+13.4,+21.0,KA	+2.93,+229.7,+21.0,LB	+2.74,+241.0,+19.4,CB	+2.43,+259.0,+20.2,BB	+2.88,+233.0,+19.4,EB	
1699998032.320147	+6.69,+7.7,+21.0,CB	+6.67,+13.4,+21.1,JA	+2.93,+229.7,+21.0,LB	+2.74,+241.0,+19.4,CB	+2.44,+258.4,+20.2,@B	+2.88,+232.9,+19.4,MB	
1699998094.3296063	+6.69,+7.7,+21.0,CB	+6.67,+13.4,+21.0,KA	+2.93,+229.7,+21.0,LB	+2.73,+241.0,+19.4,DB	+2.46,+257.5,+20.2,LB	+2.87,+233.0,+19.3,MB	
1699998156.3406549	+6.69,+7.8,+21.0,LB	+6.67,+13.4,+21.1,JA	+2.93,+229.7,+21.0,LB	+2.73,+241.0,+19.4,DB	+2.45,+257.9,+20.2,CB	+2.88,+232.9,+19.3,JB	
1699998218.3508277	+6.68,+8.0,+21.0,JB	+6.67,+13.5,+21.0,JA	+2.93,+229.6,+21.0,MB	+2.74,+240.9,+19.4,KB	+2.45,+257.7,+20.2,MB	+2.88,+232.9,+19.4,MB	
1699998280.3575675	+6.68,+8.2,+21.0,HB	+6.67,+13.5,+21.0,JA	+2.93,+229.6,+21.0,MB	+2.74,+240.9,+19.4,KB	+2.45,+258.1,+20.2,DB	+2.87,+233.0,+19.4,JB	
1699998342.3635972	+6.68,+8.3,+21.0,IB	+6.67,+13.5,+21.0,JA	+2.93,+229.7,+21.0,LB	+2.73,+241.0,+19.4,DB	+2.44,+258.3,+20.2,GB	+2.87,+233.0,+19.4,JB	
1699998404.373612	+6.68,+8.4,+21.0,NB	+6.67,+13.5,+21.1,KA	+2.93,+229.7,+21.0,LB	+2.73,+241.1,+19.4,EB	+2.44,+258.7,+20.2,CB	+2.88,+232.9,+19.4,MB	
1699998466.3830953	+6.68,+8.3,+21.0,IB	+6.67,+13.4,+21.0,KA	+2.93,+229.7,+21.0,LB	+2.73,+241.3,+19.4,GB	+2.43,+258.9,+20.2,JB	+2.88,+233.0,+19.4,EB	
1699998711.9355505	+6.68,+8.2,+21.0,HB	+6.67,+13.4,+21.0,KA	+2.93,+229.6,+21.0,MB	+2.74,+240.9,+19.4,KB	+2.43,+258.8,+20.2,KB	+2.88,+232.7,+19.4,CB	
1699998773.9459956	+6.68,+8.2,+21.0,HB	+6.67,+13.4,+21.0,KA	+2.93,+229.7,+21.0,LB	+2.74,+240.9,+19.4,KB	+2.42,+259.6,+20.2,EB	+2.88,+232.9,+19.4,MB	
1699998835.955062	+6.68,+8.1,+21.0,KB	+6.67,+13.4,+21.1,JA	+2.93,+229.7,+21.0,LB	+2.74,+240.8,+19.4,JB	+2.42,+259.6,+20.2,EB	+2.87,+233.0,+19.4,JB	
1699998897.9641328	+6.68,+8.0,+21.0,JB	+6.67,+13.4,+21.1,JA	+2.93,+229.7,+21.0,LB	+2.74,+240.8,+19.4,JB	+2.42,+259.5,+20.2,FB	+2.88,+232.9,+19.4,MB	
1699998959.9729772	+6.68,+8.0,+20.9,BB	+6.67,+13.4,+21.0,KA	+2.93,+229.7,+21.0,LB	+2.74,+240.9,+19.4,KB	+2.41,+260.4,+20.2,NB	+2.87,+233.0,+19.4,JB	
1699999021.9827712	+6.69,+7.9,+21.0,MB	+6.67,+13.4,+21.0,KA	+2.93,+229.7,+21.0,LB	+2.74,+241.0,+19.4,CB	+2.40,+260.7,+20.2,LB	+2.87,+233.0,+19.4,JB	
1699999083.9905934	+6.69,+7.9,+21.0,MB	+6.67,+13.3,+21.0,LA	+2.93,+229.7,+21.0,LB	+2.73,+241.2,+19.4,FB	+2.40,+260.7,+20.2,LB	+2.87,+233.0,+19.4,JB	
1699999146.0017188	+6.69,+7.9,+21.0,MB	+6.67,+13.4,+21.0,KA	+2.93,+229.8,+21.0,CB	+2.73,+241.2,+19.4,FB	+2.39,+261.3,+20.2,GB	+2.87,+233.0,+19.4,JB	
1699999208.011817	+6.69,+7.9,+21.0,MB	+6.67,+13.4,+21.0,KA	+2.93,+229.7,+21.0,LB	+2.73,+241.3,+19.4,GB	+2.38,+261.6,+20.2,CB	+2.87,+233.0,+19.3,MB	
1699999270.0228183	+6.69,+7.9,+21.0,MB	+6.67,+13.4,+21.0,KA	+2.93,+229.7,+21.0,LB	+2.73,+241.1,+19.4,EB	+2.39,+261.4,+20.2,@B	+2.88,+232.9,+19.4,MB	
1699999332.032786	+6.69,+7.8,+21.0,LB	+6.67,+13.4,+21.0,KA	+2.93,+229.7,+21.0,LB	+2.73,+241.2,+19.4,FB	+2.39,+261.5,+20.2,AB	+2.87,+233.0,+19.4,JB	
1699999394.039243	+6.69,+7.9,+21.0,MB	+6.67,+13.3,+21.0,LA	+2.93,+229.7,+21.0,LB	+2.73,+241.4,+19.4,@B	+2.39,+261.1,+20.2,EB	+2.87,+233.0,+19.4,JB	
1699999456.0488963	+6.69,+7.9,+21.0,MB	+6.67,+13.4,+21.0,KA	+2.93,+229.7,+21.0,LB	+2.73,+241.4,+19.4,@B	+2.39,+261.3,+20.2,GB	+2.87,+233.0,+19.4,JB	
1699999518.0575042	+6.69,+7.9,+21.0,MB	+6.67,+13.4,+21.0,KA	+2.93,+229.7,+21.0,LB	+2.73,+241.2,+19.4,FB	+2.39,+261.3,+20.2,GB	+2.87,+233.0,+19.4,JB	
1699999580.0659046	+6.69,+7.8,+21.0,LB	+6.67,+13.4,+21.0,KA	+2.93,+229.7,+21.0,LB	+2.73,+241.2,+19.4,FB	+2.39,+261.0,+20.2,DB	+2.88,+232.9,+19.4,MB	
1699999642.075268	+6.69,+7.9,+21.0,MB	+6.67,+13.4,+21.0,KA	+2.93,+229.7,+21.0,LB	+2.73,+241.2,+19.4,FB	+2.39,+261.5,+20.2,AB	+2.88,+233.0,+19.4,EB	
1699999704.0863283	+6.69,+7.9,+21.0,MB	+6.67,+13.4,+21.0,KA	+2.93,+229.6,+21.0,MB	+2.73,+241.1,+19.4,EB	+2.39,+261.3,+20.2,GB	+2.88,+233.0,+19.4,EB	
1699999766.094603	+6.69,+7.9,+21.0,MB	+6.67,+13.4,+21.0,KA	+2.93,+229.7,+21.0,LB	+2.73,+241.2,+19.4,FB	+2.39,+261.4,+20.2,@B	+2.88,+233.0,+19.4,EB	
1699999828.1008215	+6.69,+7.9,+21.0,MB	+6.67,+13.4,+21.1,JA	+2.93,+229.6,+21.0,MB	+2.73,+241.2,+19.4,FB	+2.38,+262.0,+20.2,FB	+2.88,+232.9,+19.4,MB	
1699999890.1121728	+6.69,+7.8,+21.0,LB	+6.67,+13.4,+21.0,KA	+2.93,+229.7,+21.0,LB	+2.73,+241.3,+19.4,GB	+2.37,+262.3,+20.2,JB	+2.87,+233.0,+19.4,JB	
1699999952.1197124	+6.69,+7.8,+21.0,LB	+6.67,+13.4,+21.0,KA	+2.93,+229.7,+21.0,LB	+2.73,+241.3,+19.4,GB	+2.39,+261.4,+20.2,@B	+2.88,+233.0,+19.4,EB	
1700000014.129017	+6.69,+7.8,+21.0,LB	+6.67,+13.5,+21.0,JA	+2.93,+229.6,+21.0,MB	+2.73,+241.4,+19.4,@B	+2.39,+261.5,+20.2,AB	+2.88,+233.0,+19.4,EB	
1700000076.1401596	+6.69,+7.8,+21.0,LB	+6.67,+13.4,+21.1,JA	+2.93,+229.7,+21.0,LB	+2.73,+241.5,+19.4,AB	+2.38,+262.0,+20.2,FB	+2.87,+233.0,+19.4,JB	
1700000138.148464	+6.69,+7.8,+21.0,LB	+6.67,+13.4,+21.0,KA	+2.93,+229.7,+21.0,LB	+2.73,+241.5,+19.4,AB	+2.38,+261.9,+20.2,LB	+2.87,+233.0,+19.4,JB	
1700000200.1570284	+6.69,+7.8,+21.0,LB	+6.67,+13.4,+21.0,KA	+2.93,+229.7,+21.0,LB	+2.73,+241.6,+19.4,BB	+2.38,+262.1,+20.2,GB	+2.87,+233.0,+19.4,JB	
1700000262.1609616	+6.69,+7.9,+21.0,MB	+6.67,+13.3,+21.0,LA	+2.93,+229.7,+21.0,LB	+2.72,+241.7,+19.4,BB	+2.40,+260.7,+20.2,LB	+2.87,+233.1,+19.4,KB	
1700000324.1687353	+6.68,+8.1,+20.9,CB	+6.67,+13.3,+21.0,LA	+2.93,+229.7,+21.0,LB	+2.72,+241.6,+19.4,CB	+2.40,+260.9,+20.2,BB	+2.87,+233.0,+19.4,JB	
1700000386.1778948	+6.68,+8.3,+21.0,IB	+6.67,+13.4,+21.0,KA	+2.93,+229.7,+21.0,LB	+2.73,+241.3,+19.4,GB	+2.39,+261.5,+20.2,AB	+2.87,+233.0,+19.4,JB	
1700000448.1862524	+6.68,+8.2,+21.0,HB	+6.67,+13.3,+21.0,LA	+2.93,+229.7,+21.0,LB	+2.73,+241.0,+19.4,DB	+2.40,+260.7,+20.2,LB	+2.88,+232.9,+19.4,MB	
1700000510.1948688	+6.68,+8.4,+21.0,NB	+6.67,+13.3,+21.0,LA	+2.93,+229.7,+21.0,LB	+2.74,+240.9,+19.4,KB	+2.40,+260.9,+20.2,BB	+2.87,+233.0,+19.4,JB	
1700000572.2010567	+6.68,+8.5,+21.0,OB	+6.67,+13.4,+21.0,KA	+2.93,+229.7,+21.0,LB	+2.74,+240.8,+19.4,JB	+2.39,+261.2,+20.2,FB	+2.87,+233.0,+19.4,JB	
1700000634.2090786	+6.68,+8.5,+21.0,OB	+6.67,+13.4,+21.0,KA	+2.93,+229.7,+21.0,LB	+2.74,+240.8,+19.4,JB	+2.39,+261.5,+20.2,AB	+2.87,+233.0,+19.4,JB	
1700000696.2182696	+6.68,+8.4,+21.0,NB	+6.67,+13.4,+21.0,KA	+2.93,+229.6,+21.0,MB	+2.74,+240.8,+19.4,JB	+2.38,+261.8,+20.2,MB	+2.87,+233.0,+19.4,JB	
1700000758.2270198	+6.68,+8.5,+21.0,OB	+6.67,+13.5,+21.1,KA	+2.93,+229.6,+21.0,MB	+2.74,+240.8,+19.4,JB	+2.39,+261.2,+20.2,FB	+2.87,+233.0,+19.4,JB	
1700000820.2360134	+6.68,+8.4,+21.0,NB	+6.67,+13.5,+21.0,JA	+2.93,+229.7,+21.0,LB	+2.74,+240.8,+19.4,JB	+2.39,+261.3,+20.2,GB	+2.88,+232.9,+19.4,MB	
1700000882.2452018	+6.68,+8.4,+21.0,NB	+6.67,+13.4,+21.0,KA	+2.93,+229.7,+21.0,LB	+2.74,+240.9,+19.4,KB	+2.39,+261.3,+20.2,GB	+2.88,+232.9,+19.4,MB	
1700000944.2546055	+6.68,+8.5,+21.0,OB	+6.67,+13.4,+21.0,KA	+2.93,+229.7,+21.0,LB	+2.74,+240.9,+19.4,KB	+2.39,+261.2,+20.2,FB	+2.88,+232.9,+19.4,MB	
1700001006.2597299	+6.68,+8.4,+21.0,NB	+6.67,+13.4,+21.0,KA	+2.93,+229.7,+21.0,LB	+2.74,+241.0,+19.4,CB	+2.40,+260.9,+20.2,BB	+2.88,+232.9,+19.4,MB	
1700001068.2688303	+6.68,+8.4,+21.0,NB	+6.67,+13.4,+21.0,KA	+2.93,+229.7,+21.0,LB	+2.73,+241.1,+19.4,EB	+2.39,+261.1,+20.2,EB	+2.88,+232.9,+19.4,MB	
1700001130.2785554	+6.68,+8.4,+21.0,NB	+6.67,+13.4,+21.1,JA	+2.93,+229.7,+21.0,LB	+2.73,+241.1,+19.4,EB	+2.38,+261.8,+20.2,MB	+2.88,+232.9,+19.4,MB	
1700001192.2887738	+6.68,+8.3,+21.0,IB	+6.67,+13.4,+21.0,KA	+2.93,+229.7,+21.0,LB	+2.73,+241.3,+19.4,GB	+2.38,+261.6,+20.2,CB	+2.88,+232.9,+19.4,MB	
1700001254.2991579	+6.68,+8.2,+21.0,HB	+6.67,+13.4,+21.0,KA	+2.93,+229.7,+21.0,LB	+2.73,+241.4,+19.4,@B	+2.37,+262.2,+20.2,KB	+2.88,+232.9,+19.4,MB	
1700001316.3063896	+6.68,+8.2,+21.0,HB	+6.67,+13.4,+21.0,KA	+2.93,+229.7,+21.0,LB	+2.73,+241.4,+19.4,@B	+2.39,+261.3,+20.2,GB	+2.88,+232.9,+19.4,MB	
1700001378.315504	+6.68,+8.2,+21.0,HB	+6.67,+13.3,+21.0,LA	+2.93,+229.6,+21.0,MB	+2.73,+241.3,+19.4,GB	+2.38,+261.9,+20.2,LB	+2.88,+232.9,+19.4,MB	
1700001440.3253267	+6.68,+8.1,+21.0,KB	+6.67,+13.3,+21.0,LA	+2.93,+229.7,+21.0,LB	+2.73,+241.2,+19.4,FB	+2.37,+262.2,+20.2,KB	+2.88,+232.9,+19.4,MB	
1700001502.33554	+6.68,+8.1,+21.0,KB	+6.66,+14.0,+21.0,IA	+2.93,+229.7,+21.0,LB	+2.73,+241.4,+19.4,@B	+2.37,+262.2,+20.2,KB	+2.88,+232.9,+19.4,MB	
1700001564.3444972	+6.68,+8.1,+21.0,KB	+6.66,+14.1,+21.0,HA	+2.93,+229.6,+21.0,MB	+2.73,+241.4,+19.4,@B	+2.36,+262.9,+20.2,AB	+2.88,+233.0,+19.4,EB	
1700001626.3543887	+6.68,+8.0,+21.0,JB	+6.66,+14.2,+21.0,KA	+2.93,+229.6,+21.0,MB	+2.73,+241.3,+19.4,GB	+2.36,+263.2,+20.2,KB	+2.88,+232.9,+19.4,MB	
1700001688.3630226	+6.68,+8.1,+21.0,KB	+6.66,+14.2,+21.0,KA	+2.93,+229.7,+21.0,LB	+2.73,+241.2,+19.4,FB	+2.36,+262.9,+20.2,AB	+2.87,+233.0,+19.4,JB	
1700001750.3691587	+6.68,+8.1,+21.0,KB	+6.66,+14.2,+21.0,KA	+2.93,+229.7,+21.0,LB	+2.73,+241.3,+19.4,GB	+2.36,+262.9,+20.2,AB	+2.87,+233.0,+19.4,JB	
1700001812.3776028	+6.68,+8.2,+21.0,HB	+6.66,+14.2,+21.0,KA	+2.93,+229.7,+21.0,LB	+2.73,+241.2,+19.4,FB	+2.36,+262.8,+20.2,@B	+2.88,+232.9,+19.4,MB	
1700001874.3877244	+6.68,+8.2,+21.0,HB	+6.66,+14.2,+21.0,KA	+2.93,+229.7,+21.0,LB	+2.73,+241.3,+19.4,GB	+2.36,+262.9,+20.2,AB	+2.88,+232.9,+19.4,MB	
1700001936.399219	+6.68,+8.3,+21.0,IB	+6.66,+14.2,+21.0,KA	+2.93,+229.7,+21.0,LB	+2.73,+241.3,+19.4,GB	+2.37,+262.5,+20.2,LB	+2.88,+232.9,+19.4,MB	
1700001998.4095163	+6.68,+8.4,+21.0,NB	+6.66,+14.2,+21.0,KA	+2.93,+229.7,+21.0,LB	+2.73,+241.4,+19.4,@B	+2.37,+262.5,+20.2,LB	+2.88,+232.9,+19.4,MB	
1700002060.4162142	+6.68,+8.3,+21.0,IB	+6.66,+14.2,+21.0,KA	+2.93,+229.7,+21.0,LB	+2.73,+241.3,+19.4,GB	+2.37,+262.2,+20.2,KB	+2.88,+232.9,+19.4,MB	
1700002122.4237778	+6.68,+8.4,+21.0,NB	+6.66,+14.1,+21.0,HA	+2.93,+229.7,+21.0,LB	+2.73,+241.5,+19.4,AB	+2.39,+261.3,+20.2,GB	+2.88,+232.9,+19.4,MB	
1700002184.4332724	+6.68,+8.5,+21.0,OB	+6.66,+14.2,+21.0,KA	+2.93,+229.7,+21.0,LB	+2.73,+241.5,+19.4,AB	+2.43,+258.8,+20.2,KB	+2.88,+232.9,+19.4,MB	
1700002246.44304	+6.67,+8.6,+21.0,CB	+6.66,+14.2,+21.0,KA	+2.93,+229.7,+21.0,LB	+2.73,+241.4,+19.4,@B	+2.44,+258.2,+20.2,FB	+2.87,+233.0,+19.4,JB	
1700002308.4523938	+6.67,+8.6,+21.0,CB	+6.66,+14.1,+21.0,HA	+2.93,+229.7,+21.0,LB	+2.73,+241.2,+19.4,FB	+2.46,+257.5,+20.2,LB	+2.88,+232.9,+19.3,JB	
1700002554.011995	+6.67,+8.6,+21.0,CB	+6.66,+14.1,+21.0,HA	+2.93,+229.7,+21.0,LB	+2.73,+241.3,+19.4,GB	+2.44,+258.7,+20.2,CB	+2.88,+232.8,+19.4,LB	
1700002616.020772	+6.68,+8.5,+21.0,OB	+6.66,+14.1,+21.0,HA	+2.93,+229.6,+21.0,MB	+2.73,+241.4,+19.4,@B	+2.43,+259.2,+20.2,@B	+2.87,+233.0,+19.4,JB	
1700002678.0310652	+6.68,+8.5,+21.0,OB	+6.66,+14.1,+21.0,HA	+2.93,+229.7,+21.0,LB	+2.73,+241.4,+19.4,@B	+2.44,+258.6,+20.2,BB	+2.87,+233.0,+19.4,JB	
1700002740.0410974	+6.68,+8.4,+21.0,NB	+6.66,+14.1,+21.0,HA	+2.93,+229.7,+21.0,LB	+2.73,+241.5,+19.4,AB	+2.45,+257.6,+20.2,LB	+2.87,+233.0,+19.4,JB	
1700002802.0479214	+6.68,+8.3,+20.9,AB	+6.66,+14.0,+21.1,HA	+2.93,+229.7,+21.0,LB	+2.73,+241.5,+19.4,AB	+2.46,+257.5,+20.2,LB	+2.88,+233.0,+19.4,EB	
1700002864.05801	+6.68,+8.3,+21.0,IB	+6.66,+14.0,+21.0,IA	+2.93,+229.7,+21.0,LB	+2.73,+241.5,+19.4,AB	+2.45,+257.9,+20.2,CB	+2.87,+233.0,+19.4,JB	
1700002926.0654664	+6.68,+8.3,+21.0,IB	+6.66,+14.1,+21.0,HA	+2.93,+229.8,+21.0,CB	+2.73,+241.3,+19.4,GB	+2.45,+257.7,+20.2,MB	+2.87,+233.0,+19.4,JB	
1700002988.0759385	+6.68,+8.3,+21.0,IB	+6.66,+14.0,+21.0,IA	+2.93,+229.7,+21.0,LB	+2.73,+241.2,+19.4,FB	+2.44,+258.2,+20.2,FB	+2.88,+232.9,+19.4,MB	
1700003050.0857875	+6.68,+8.2,+21.0,HB	+6.66,+14.0,+21.0,IA	+2.93,+229.7,+21.0,LB	+2.73,+241.3,+19.4,GB	+2.44,+258.3,+20.2,GB	+2.88,+233.0,+19.4,EB	
1700003112.0961137	+6.68,+8.2,+21.0,HB	+6.66,+14.1,+21.0,HA	+2.93,+229.7,+21.0,LB	+2.73,+241.2,+19.4,FB	+2.44,+258.5,+20.2,AB	+2.88,+232.9,+19.4,MB	
1700003174.1054075	+6.68,+8.3,+21.0,IB	+6.66,+14.0,+21.0,IA	+2.93,+229.7,+21.0,LB	+2.73,+241.2,+19.4,FB	+2.45,+257.9,+20.2,CB	+2.87,+233.0,+19.4,JB	
1700003236.1145117	+6.68,+8.3,+21.0,IB	+6.66,+14.0,+21.0,IA	+2.93,+229.7,+21.0,LB	+2.73,+241.2,+19.4,FB	+2.44,+258.1,+20.2,EB	+2.88,+232.9,+19.4,MB	
1700003298.1238875	+6.68,+8.2,+21.0,HB	+6.66,+14.0,+21.0,IA	+2.93,+229.7,+21.0,LB	+2.73,+241.2,+19.4,FB	+2.44,+258.2,+20.2,FB	+2.88,+233.0,+19.4,EB	
1700003360.1333666	+6.68,+8.2,+21.0,HB	+6.66,+13.9,+21.0,GA	+2.93,+229.7,+21.0,LB	+2.73,+241.2,+19.4,FB	+2.45,+258.1,+20.2,DB	+2.88,+232.9,+19.4,MB	
1700003422.143232	+6.68,+8.2,+21.0,HB	+6.66,+14.0,+21.0,IA	+2.93,+229.7,+21.0,LB	+2.73,+241.2,+19.4,FB	+2.45,+258.1,+20.2,DB	+2.88,+233.0,+19.4,EB	
1700003484.153545	+6.68,+8.2,+21.0,HB	+6.66,+13.9,+21.0,GA	+2.93,+229.7,+21.0,LB	+2.73,+241.2,+19.4,FB	+2.44,+258.2,+20.2,FB	+2.87,+233.0,+19.4,JB	
1700003546.15935	+6.68,+8.2,+21.0,HB	+6.66,+13.9,+21.0,GA	+2.93,+229.7,+21.0,LB	+2.73,+241.2,+19.4,FB	+2.43,+258.9,+20.2,JB	+2.88,+232.9,+19.4,MB	
1700003608.169047	+6.68,+8.2,+21.0,HB	+6.66,+13.9,+21.1,FA	+2.93,+229.7,+21.0,LB	+2.73,+241.2,+19.4,FB	+2.43,+259.0,+20.2,BB	+2.87,+233.0,+19.4,JB	
1700003670.1773021	+6.68,+8.1,+21.0,KB	+6.67,+13.8,+21.0,GA	+2.93,+229.7,+21.0,LB	+2.73,+241.2,+19.4,FB	+2.44,+258.5,+20.2,AB	+2.88,+233.0,+19.4,EB	
1700003732.1872494	+6.68,+8.1,+21.0,KB	+6.67,+13.9,+21.0,FA	+2.93,+229.7,+21.0,LB	+2.73,+241.3,+19.4,GB	+2.43,+258.8,+20.2,KB	+2.88,+233.0,+19.4,EB	
1700003794.1965182	+6.68,+8.0,+21.0,JB	+6.67,+13.8,+21.1,FA	+2.93,+229.7,+21.0,LB	+2.73,+241.1,+19.4,EB	+2.45,+258.0,+20.2,EB	+2.88,+233.0,+19.4,EB	
1700003856.2061832	+6.69,+7.9,+21.0,MB	+6.67,+13.8,+21.0,GA	+2.93,+229.8,+21.0,CB	+2.73,+241.2,+19.4,FB	+2.45,+258.1,+20.2,DB	+2.87,+233.0,+19.4,JB	
1700003918.216134	+6.68,+8.0,+21.0,JB	+6.67,+13.8,+21.0,GA	+2.93,+229.7,+21.0,LB	+2.73,+241.3,+19.4,GB	+2.44,+258.6,+20.2,BB	+2.88,+233.0,+19.4,EB	
1700003980.2232542	+6.68,+8.0,+21.0,JB	+6.67,+13.8,+21.0,GA	+2.93,+229.7,+21.0,LB	+2.73,+241.3,+19.4,GB	+2.44,+258.2,+20.2,FB	+2.88,+232.9,+19.4,MB	
1700004042.231235	+6.68,+8.2,+21.0,HB	+6.67,+13.7,+21.0,HA	+2.93,+229.7,+21.0,LB	+2.73,+241.2,+19.4,FB	+2.43,+258.9,+20.2,JB	+2.87,+233.0,+19.3,MB	
1700004104.2398658	+6.68,+8.3,+21.0,IB	+6.67,+13.7,+21.0,HA	+2.93,+229.7,+21.0,LB	+2.73,+241.2,+19.4,FB	+2.42,+259.3,+20.2,@B	+2.88,+232.9,+19.4,MB	
1700004166.249024	+6.68,+8.4,+21.0,NB	+6.67,+13.7,+21.0,HA	+2.93,+229.7,+21.0,LB	+2.73,+241.1,+19.4,EB	+2.42,+259.4,+20.2,GB	+2.87,+233.0,+19.4,JB	
1700004228.2593637	+6.68,+8.5,+20.9,GB	+6.67,+13.7,+21.0,HA	+2.93,+229.7,+21.0,LB	+2.74,+241.0,+19.4,CB	+2.43,+259.1,+20.2,CB	+2.88,+233.0,+19.4,EB	
1700004290.269178	+6.68,+8.5,+21.0,OB	+6.67,+13.7,+21.0,HA	+2.93,+229.7,+21.0,LB	+2.74,+240.6,+19.4,DB	+2.43,+258.9,+20.2,JB	+2.88,+232.9,+19.4,MB	
1700004352.278624	+6.68,+8.5,+21.0,OB	+6.67,+13.7,+21.0,HA	+2.93,+229.7,+21.0,LB	+2.74,+240.6,+19.4,DB	+2.43,+259.0,+20.2,BB	+2.88,+232.9,+19.4,MB	
1700004414.284824	+6.67,+8.5,+21.0,@B	+6.67,+13.8,+21.0,GA	+2.93,+229.8,+21.0,CB	+2.74,+240.5,+19.4,GB	+2.43,+258.9,+20.2,JB	+2.88,+232.9,+19.4,MB	
1700004476.2943583	+6.68,+8.5,+21.0,OB	+6.67,+13.7,+21.0,HA	+2.93,+229.7,+21.0,LB	+2.74,+240.6,+19.4,DB	+2.43,+258.9,+20.2,JB	+2.87,+233.0,+19.4,JB	
1700004538.307503	+6.68,+8.5,+21.0,OB	+6.67,+13.7,+21.0,HA	+2.93,+229.7,+21.0,LB	+2.74,+240.7,+19.4,EB	+2.43,+258.9,+20.2,JB	+2.87,+233.0,+19.4,JB	
1700004600.3179357	+6.68,+8.4,+21.0,NB	+6.67,+13.7,+21.0,HA	+2.93,+229.7,+21.0,LB	+2.74,+240.8,+19.4,JB	+2.43,+259.1,+20.2,CB	+2.87,+233.0,+19.4,JB	
1700004662.328099	+6.68,+8.4,+21.0,NB	+6.67,+13.6,+21.0,IA	+2.93,+229.7,+21.0,LB	+2.74,+240.8,+19.4,JB	+2.42,+259.6,+20.2,EB	+2.88,+232.9,+19.4,MB	
1700004724.3345351	+6.68,+8.4,+21.0,NB	+6.67,+13.7,+21.0,HA	+2.93,+229.7,+21.0,LB	+2.74,+240.9,+19.4,KB	+2.41,+260.0,+20.2,JB	+2.87,+233.1,+19.4,KB	
1700004786.3443775	+6.68,+8.3,+21.0,IB	+6.67,+13.6,+21.0,IA	+2.93,+229.8,+21.0,CB	+2.74,+241.0,+19.4,CB	+2.44,+258.7,+20.2,CB	+2.87,+233.0,+19.4,JB	
1700004848.3519583	+6.68,+8.2,+20.9,@B	+6.67,+13.6,+21.0,IA	+2.93,+229.7,+21.0,LB	+2.74,+240.8,+19.4,JB	+2.42,+259.3,+20.2,@B	+2.88,+233.0,+19.4,EB	
1700004910.3558	+6.68,+8.1,+21.0,KB	+6.67,+13.6,+21.0,IA	+2.93,+229.7,+21.0,LB	+2.74,+241.0,+19.4,CB	+2.42,+259.8,+20.2,KB	+2.88,+233.0,+19.4,EB	
1700004972.36642	+6.68,+8.2,+21.0,HB	+6.67,+13.6,+21.0,IA	+2.93,+229.7,+21.0,LB	+2.74,+241.0,+19.4,CB	+2.41,+260.1,+20.2,KB	+2.87,+233.1,+19.4,KB	
1700005034.3751974	+6.68,+8.1,+21.0,KB	+6.67,+13.5,+21.0,JA	+2.93,+229.8,+21.0,CB	+2.74,+241.0,+19.4,CB	+2.44,+258.4,+20.2,@B	+2.88,+233.0,+19.4,EB	
1700005096.3853157	+6.68,+8.1,+21.0,KB	+6.67,+13.5,+21.0,JA	+2.93,+229.7,+21.0,LB	+2.74,+240.9,+19.4,KB	+2.39,+261.2,+20.2,FB	+2.88,+233.0,+19.4,EB	
1700005158.3948803	+6.68,+8.2,+21.0,HB	+6.67,+13.6,+21.0,IA	+2.93,+229.7,+21.0,LB	+2.74,+240.8,+19.4,JB	+2.39,+261.4,+20.2,@B	+2.87,+233.0,+19.4,JB	
1700005220.4049375	+6.68,+8.2,+21.0,HB	+6.67,+13.5,+21.0,JA	+2.93,+229.7,+21.0,LB	+2.74,+240.9,+19.4,KB	+2.38,+261.6,+20.2,CB	+2.87,+233.0,+19.4,JB	
1700005282.4151397	+6.68,+8.2,+21.0,HB	+6.67,+13.5,+21.0,JA	+2.93,+229.7,+21.0,LB	+2.74,+240.7,+19.4,EB	+2.38,+261.9,+20.2,LB	+2.88,+233.0,+19.4,EB	
1700005344.4240031	+6.68,+8.2,+21.0,HB	+6.67,+13.5,+21.0,JA	+2.93,+229.6,+21.0,MB	+2.74,+241.0,+19.4,CB	+2.37,+262.2,+20.2,KB	+2.87,+233.0,+19.4,JB	
1700005406.4340394	+6.68,+8.1,+21.0,KB	+6.67,+13.6,+21.0,IA	+2.93,+229.7,+21.0,LB	+2.74,+241.0,+19.4,CB	+2.38,+261.6,+20.2,CB	+2.87,+233.0,+19.4,JB	
1700005468.4449446	+6.68,+8.1,+21.0,KB	+6.67,+13.5,+21.0,JA	+2.93,+229.7,+21.0,LB	+2.74,+241.0,+19.4,CB	+2.39,+261.3,+20.2,GB	+2.87,+233.0,+19.4,JB	
1700005530.4528558	+6.68,+8.1,+21.0,KB	+6.67,+13.5,+21.0,JA	+2.93,+229.8,+21.0,CB	+2.74,+240.9,+19.4,KB	+2.40,+260.7,+20.2,LB	+2.88,+233.0,+19.4,EB	
1700005592.4620864	+6.68,+8.1,+21.0,KB	+6.67,+13.5,+21.0,JA	+2.93,+229.7,+21.0,LB	+2.74,+241.0,+19.4,CB	+2.40,+261.0,+20.2,JB	+2.88,+233.0,+19.4,EB	
1700005654.460104	+6.68,+8.0,+20.9,BB	+6.67,+13.5,+21.1,KA	+2.93,+229.7,+21.0,LB	+2.74,+241.0,+19.4,CB	+2.39,+261.2,+20.2,FB	+2.87,+233.0,+19.4,JB	
1700005716.4708552	+6.68,+8.0,+21.0,JB	+6.67,+13.4,+21.0,KA	+2.93,+229.7,+21.0,LB	+2.73,+241.1,+19.4,EB	+2.39,+261.4,+20.2,@B	+2.87,+233.1,+19.4,KB	
1700005778.4820833	+6.68,+8.0,+21.0,JB	+6.67,+13.4,+21.0,KA	+2.93,+229.8,+21.0,CB	+2.73,+241.2,+19.4,FB	+2.38,+261.7,+20.2,BB	+2.87,+233.0,+19.4,JB	
1700005840.4891493	+6.68,+8.1,+21.0,KB	+6.67,+13.4,+21.0,KA	+2.93,+229.7,+21.0,LB	+2.73,+241.2,+19.4,FB	+2.37,+262.2,+20.2,KB	+2.87,+233.0,+19.4,JB	
1700005902.497336	+6.68,+8.2,+21.0,HB	+6.67,+13.4,+21.0,KA	+2.93,+229.7,+21.0,LB	+2.73,+241.1,+19.4,EB	+2.37,+262.5,+20.2,LB	+2.87,+233.0,+19.4,JB	
1700005964.5092378	+6.68,+8.4,+21.0,NB	+6.67,+13.3,+21.0,LA	+2.93,+229.7,+21.0,LB	+2.74,+241.1,+19.4,BB	+2.37,+262.6,+20.2,OB	+2.87,+233.0,+19.4,JB	
1700006026.518086	+6.68,+8.4,+21.0,NB	+6.67,+13.3,+21.0,LA	+2.93,+229.7,+21.0,LB	+2.73,+241.1,+19.4,EB	+2.38,+261.9,+20.2,LB	+2.87,+233.0,+19.4,JB	
1700006088.527232	+6.68,+8.4,+21.0,NB	+6.67,+13.4,+21.0,KA	+2.93,+229.7,+21.0,LB	+2.73,+241.1,+19.4,EB	+2.39,+261.2,+20.2,FB	+2.88,+233.0,+19.4,EB	
1700006150.5374315	+6.68,+8.4,+21.0,NB	+6.67,+13.4,+21.0,KA	+2.93,+229.7,+21.0,LB	+2.73,+241.1,+19.4,EB	+2.39,+261.2,+20.2,FB	+2.88,+233.0,+19.4,EB	
1700006396.129952	+6.68,+8.3,+21.0,IB	+6.67,+13.4,+21.0,KA	+2.93,+229.7,+21.0,LB	+2.74,+240.8,+19.4,JB	+2.40,+260.5,+20.2,NB	+2.88,+232.8,+19.4,LB	
1700006458.1397033	+6.68,+8.4,+21.0,NB	+6.67,+13.5,+21.0,JA	+2.93,+229.7,+21.0,LB	+2.74,+240.9,+19.4,KB	+2.40,+260.9,+20.2,BB	+2.88,+232.9,+19.4,MB	
1700006520.1487072	+6.68,+8.4,+21.0,NB	+6.67,+13.5,+21.0,JA	+2.93,+229.7,+21.0,LB	+2.74,+240.7,+19.4,EB	+2.40,+260.9,+20.2,BB	+2.88,+232.9,+19.4,MB	
1700006582.1593478	+6.68,+8.3,+21.0,IB	+6.67,+13.5,+21.0,JA	+2.93,+229.7,+21.0,LB	+2.74,+240.9,+19.4,KB	+2.41,+260.0,+20.2,JB	+2.87,+233.0,+19.4,JB	
1700006644.1698744	+6.68,+8.4,+21.0,NB	+6.67,+13.4,+21.1,JA	+2.93,+229.7,+21.0,LB	+2.74,+240.8,+19.4,JB	+2.41,+259.9,+20.2,IB	+2.87,+233.0,+19.4,JB	
1700006706.1781056	+6.68,+8.4,+21.0,NB	+6.67,+13.4,+21.0,KA	+2.93,+229.7,+21.0,LB	+2.74,+240.8,+19.4,JB	+2.40,+260.6,+20.2,MB	+2.87,+233.0,+19.4,JB	
1700006768.1883838	+6.68,+8.3,+21.0,IB	+6.67,+13.5,+21.0,JA	+2.93,+229.7,+21.0,LB	+2.74,+240.9,+19.4,KB	+2.41,+260.2,+20.2,HB	+2.88,+232.9,+19.4,MB	
1700006830.1978254	+6.68,+8.3,+21.0,IB	+6.67,+13.4,+21.0,KA	+2.93,+229.8,+21.0,CB	+2.74,+241.0,+19.4,CB	+2.43,+259.2,+20.2,@B	+2.88,+233.0,+19.4,EB	
1700006892.2065163	+6.68,+8.2,+21.0,HB	+6.67,+13.4,+21.0,KA	+2.93,+229.8,+21.0,CB	+2.74,+241.0,+19.4,CB	+2.43,+259.3,+20.2,AB	+2.88,+233.0,+19.4,EB	
1700006954.2162762	+6.68,+8.1,+21.0,KB	+6.67,+13.3,+21.0,LA	+2.93,+229.8,+21.0,CB	+2.74,+241.0,+19.4,CB	+2.43,+259.2,+20.2,@B	+2.88,+233.0,+19.4,EB	
1700007016.225235	+6.68,+8.1,+21.0,KB	+6.67,+13.3,+21.0,LA	+2.93,+229.7,+21.0,LB	+2.74,+241.0,+19.4,CB	+2.42,+259.8,+20.2,KB	+2.87,+233.0,+19.4,JB	
1700007078.2362545	+6.68,+8.0,+21.0,JB	+6.67,+13.3,+21.0,LA	+2.93,+229.7,+21.0,LB	+2.74,+241.0,+19.4,CB	+2.40,+260.8,+20.2,CB	+2.87,+233.0,+19.4,JB	
1700007140.2472084	+6.69,+7.9,+21.0,MB	+6.67,+13.3,+21.0,LA	+2.93,+229.7,+21.0,LB	+2.73,+241.1,+19.4,EB	+2.39,+261.4,+20.2,@B	+2.87,+233.0,+19.4,JB	
1700007202.2570431	+6.69,+7.9,+21.0,MB	+6.68,+13.3,+21.1,BA	+2.93,+229.7,+21.0,LB	+2.73,+241.3,+19.4,GB	+2.39,+261.1,+20.2,EB	+2.88,+233.0,+19.4,EB	
1700007264.267228	+6.69,+7.9,+21.0,MB	+6.67,+13.3,+21.0,LA	+2.93,+229.7,+21.0,LB	+2.73,+241.2,+19.4,FB	+2.39,+261.4,+20.2,@B	+2.87,+233.0,+19.4,JB	
1700007326.2772105	+6.69,+7.9,+21.0,MB	+6.68,+13.3,+21.0,CA	+2.93,+229.7,+21.0,LB	+2.73,+241.2,+19.4,FB	+2.38,+261.7,+20.2,BB	+2.87,+233.0,+19.4,JB	
1700007388.2869432	+6.68,+8.0,+21.0,JB	+6.67,+13.4,+21.0,KA	+2.93,+229.7,+21.0,LB	+2.74,+240.8,+19.4,JB	+2.38,+262.1,+20.2,GB	+2.87,+233.0,+19.4,JB	
1700007450.2952132	+6.69,+7.9,+21.0,MB	+6.68,+13.3,+21.0,CA	+2.93,+229.8,+21.0,CB	+2.74,+240.9,+19.4,KB	+2.38,+262.0,+20.2,FB	+2.87,+233.0,+19.4,JB	
1700007512.306094	+6.68,+8.1,+21.0,KB	+6.67,+13.3,+21.1,MA	+2.93,+229.7,+21.0,LB	+2.73,+241.1,+19.4,EB	+2.40,+260.9,+20.2,BB	+2.87,+233.0,+19.4,JB	
1700007574.315031	+6.68,+8.1,+21.0,KB	+6.67,+13.3,+21.1,MA	+2.93,+229.8,+21.0,CB	+2.73,+241.1,+19.4,EB	+2.39,+261.2,+20.2,FB	+2.88,+233.0,+19.4,EB	
1700007636.325972	+6.68,+8.1,+21.0,KB	+6.67,+13.4,+21.0,KA	+2.93,+229.7,+21.0,LB	+2.73,+241.2,+19.4,FB	+2.38,+262.0,+20.2,FB	+2.87,+233.0,+19.4,JB	
1700007698.3374588	+6.68,+8.1,+21.0,KB	+6.67,+13.4,+21.0,KA	+2.93,+229.7,+21.0,LB	+2.74,+241.1,+19.5,CB	+2.38,+262.0,+20.2,FB	+2.88,+233.0,+19.4,EB	
1700007760.3465219	+6.68,+8.3,+21.0,IB	+6.67,+13.4,+21.0,KA	+2.93,+229.7,+21.0,LB	+2.74,+241.0,+19.5,BB	+2.37,+262.2,+20.2,KB	+2.87,+233.0,+19.4,JB	
1700007822.3544183	+6.68,+8.4,+21.0,NB	+6.67,+13.4,+21.0,KA	+2.93,+229.7,+21.0,LB	+2.74,+240.9,+19.4,KB	+2.39,+261.6,+20.2,BB	+2.87,+233.0,+19.4,JB	
1700007884.3634334	+6.68,+8.5,+21.0,OB	+6.67,+13.3,+21.1,MA	+2.93,+229.8,+21.0,CB	+2.74,+240.8,+19.4,JB	+2.38,+261.8,+20.2,MB	+2.87,+233.0,+19.4,JB	
1700007946.3739686	+6.67,+8.6,+21.0,CB	+6.67,+13.3,+21.1,MA	+2.93,+229.7,+21.0,LB	+2.74,+240.6,+19.5,EB	+2.39,+261.4,+20.2,@B	+2.87,+233.0,+19.4,JB	
1700008008.3822644	+6.67,+8.6,+21.0,CB	+6.67,+13.4,+21.1,JA	+2.93,+229.8,+21.0,CB	+2.75,+240.3,+19.4,@B	+2.38,+262.0,+20.2,FB	+2.87,+233.0,+19.4,JB	
1700008070.3945887	+6.68,+8.5,+21.0,OB	+6.67,+13.3,+21.0,LA	+2.93,+229.7,+21.0,LB	+2.75,+240.2,+19.5,@B	+2.37,+262.7,+20.2,NB	+2.87,+233.0,+19.4,JB	
1700008132.4040756	+6.67,+8.5,+21.0,@B	+6.67,+13.3,+21.1,MA	+2.93,+229.7,+21.0,LB	+2.75,+240.3,+19.5,AB	+2.35,+263.5,+20.2,OB	+2.87,+233.0,+19.4,JB	
1700008194.4142456	+6.68,+8.5,+21.0,OB	+6.68,+13.3,+21.0,CA	+2.93,+229.8,+21.0,CB	+2.75,+240.4,+19.4,GB	+2.35,+263.8,+20.2,BB	+2.88,+233.0,+19.4,EB	
1700008256.4238236	+6.68,+8.4,+21.0,NB	+6.68,+13.3,+21.0,CA	+2.93,+229.7,+21.0,LB	+2.75,+240.5,+19.5,GB	+2.35,+263.3,+20.2,IB	+2.87,+233.0,+19.4,JB	
1700008318.433383	+6.68,+8.3,+21.0,IB	+6.68,+13.2,+21.1,CA	+2.93,+229.8,+21.0,CB	+2.75,+240.5,+19.4,FB	+2.34,+264.2,+20.2,NB	+2.87,+233.1,+19.4,KB	
1700008380.444866	+6.68,+8.3,+21.0,IB	+6.68,+13.3,+21.1,BA	+2.93,+229.8,+21.0,CB	+2.75,+240.4,+19.4,GB	+2.34,+264.3,+20.2,OB	+2.87,+233.0,+19.4,JB	
1700008442.4528306	+6.68,+8.3,+21.0,IB	+6.68,+13.3,+21.0,CA	+2.93,+229.7,+21.0,LB	+2.75,+240.4,+19.4,GB	+2.33,+264.5,+20.2,NB	+2.87,+233.0,+19.4,JB	
1700008504.462833	+6.68,+8.3,+21.0,IB	+6.68,+13.3,+21.0,CA	+2.93,+229.7,+21.0,LB	+2.75,+240.3,+19.4,@B	+2.34,+264.4,+20.2,HB	+2.87,+233.0,+19.4,JB	
1700008566.4738111	+6.68,+8.4,+21.0,NB	+6.68,+13.3,+21.1,BA	+2.93,+229.8,+21.0,CB	+2.75,+240.3,+19.4,@B	+2.33,+264.7,+20.2,LB	+2.87,+233.1,+19.4,KB	
1700008628.482146	+6.68,+8.3,+21.0,IB	+6.67,+13.4,+21.0,KA	+2.93,+229.7,+21.0,LB	+2.74,+240.5,+19.4,GB	+2.33,+265.0,+20.2,JB	+2.88,+233.0,+19.4,EB	
1700008690.491646	+6.68,+8.3,+21.0,IB	+6.67,+13.3,+21.1,MA	+2.93,+229.8,+21.0,CB	+2.75,+240.1,+19.4,BB	+2.33,+265.0,+20.2,JB	+2.88,+233.0,+19.4,EB	
1700008752.5023825	+6.68,+8.4,+21.0,NB	+6.68,+13.3,+21.1,BA	+2.93,+229.7,+21.0,LB	+2.75,+240.1,+19.4,BB	+2.33,+265.0,+20.2,JB	+2.87,+233.1,+19.4,KB	
1700008814.5123236	+6.68,+8.3,+21.0,IB	+6.68,+13.3,+21.1,BA	+2.93,+229.8,+21.0,CB	+2.75,+240.1,+19.4,BB	+2.32,+265.1,+20.2,JB	+2.87,+233.0,+19.4,JB	
1700008876.5229857	+6.68,+8.3,+21.0,IB	+6.68,+13.2,+21.1,CA	+2.93,+229.7,+21.0,LB	+2.75,+240.2,+19.4,AB	+2.34,+264.1,+20.2,MB	+2.87,+233.0,+19.4,JB	
1700008938.5330853	+6.68,+8.2,+21.0,HB	+6.68,+13.3,+21.0,CA	+2.93,+229.8,+21.0,CB	+2.75,+240.1,+19.5,CB	+2.38,+261.7,+20.2,BB	+2.87,+233.1,+19.4,KB	
1700009000.5429506	+6.68,+8.2,+21.0,HB	+6.68,+13.3,+21.1,BA	+2.93,+229.8,+21.0,CB	+2.75,+240.2,+19.5,@B	+2.39,+261.5,+20.2,AB	+2.87,+233.0,+19.4,JB	
1700009062.552345	+6.68,+8.2,+21.0,HB	+6.68,+13.2,+21.1,CA	+2.93,+229.8,+21.0,CB	+2.75,+240.2,+19.4,AB	+2.38,+261.8,+20.2,MB	+2.87,+233.0,+19.4,JB	
1700009124.5615115	+6.68,+8.2,+21.0,HB	+6.68,+13.3,+21.0,CA	+2.93,+229.8,+21.0,CB	+2.75,+240.1,+19.5,CB	+2.37,+262.7,+20.2,NB	+2.87,+233.0,+19.4,JB	
1700009186.5729237	+6.68,+8.2,+21.0,HB	+6.68,+13.2,+21.0,BA	+2.93,+229.8,+21.0,CB	+2.75,+240.2,+19.5,@B	+2.36,+263.0,+20.3,HB	+2.87,+233.1,+19.4,KB	
1700009248.5835853	+6.68,+8.2,+21.0,HB	+6.68,+13.3,+21.1,BA	+2.93,+229.8,+21.0,CB	+2.75,+240.1,+19.4,BB	+2.36,+263.2,+20.2,KB	+2.87,+233.1,+19.4,KB	
1700009310.594993	+6.68,+8.2,+21.0,HB	+6.67,+13.3,+21.1,MA	+2.93,+229.8,+21.0,CB	+2.75,+240.3,+19.4,@B	+2.39,+261.5,+20.2,AB	+2.87,+233.1,+19.4,KB	
1700009372.603651	+6.68,+8.2,+21.0,HB	+6.68,+13.2,+21.1,CA	+2.93,+229.8,+21.0,CB	+2.75,+240.3,+19.5,AB	+2.43,+258.9,+20.2,JB	+2.87,+233.1,+19.4,KB	
1700009434.6144948	+6.68,+8.2,+21.0,HB	+6.68,+13.2,+21.1,CA	+2.93,+229.8,+21.0,CB	+2.75,+240.2,+19.5,@B	+2.45,+257.8,+20.2,BB	+2.87,+233.1,+19.4,KB	
1700009496.6246614	+6.68,+8.2,+21.0,HB	+6.68,+13.3,+21.1,BA	+2.93,+229.8,+21.0,CB	+2.75,+240.2,+19.5,@B	+2.45,+258.0,+20.2,EB	+2.87,+233.0,+19.4,JB	
1700009558.6335714	+6.68,+8.1,+21.0,KB	+6.68,+13.2,+21.1,CA	+2.93,+229.7,+21.0,LB	+2.75,+240.4,+19.5,FB	+2.44,+258.5,+20.2,AB	+2.87,+233.0,+19.4,JB	
1700009620.641381	+6.68,+8.1,+21.0,KB	+6.68,+13.2,+21.1,CA	+2.93,+229.7,+21.0,LB	+2.74,+240.5,+19.4,GB	+2.44,+258.4,+20.2,@B	+2.87,+233.1,+19.4,KB	
1700009682.6545424	+6.68,+8.3,+21.0,IB	+6.68,+13.2,+21.1,CA	+2.93,+229.8,+21.0,CB	+2.74,+240.7,+19.4,EB	+2.44,+258.7,+20.2,CB	+2.87,+233.1,+19.4,KB	
1700009744.6641693	+6.68,+8.4,+21.0,NB	+6.68,+13.2,+21.1,CA	+2.93,+229.7,+21.0,LB	+2.74,+240.7,+19.5,DB	+2.44,+258.3,+20.2,GB	+2.87,+233.0,+19.4,JB	
1700009806.6735969	+6.67,+8.6,+21.0,CB	+6.68,+13.2,+21.0,BA	+2.93,+229.8,+21.0,CB	+2.74,+240.7,+19.5,DB	+2.45,+258.1,+20.2,DB	+2.87,+233.0,+19.4,JB	
1700009868.684628	+6.67,+8.7,+21.0,BB	+6.68,+13.2,+21.1,CA	+2.93,+229.8,+21.0,CB	+2.74,+240.8,+19.5,KB	+2.44,+258.3,+20.2,GB	+2.87,+233.0,+19.4,JB	
1700009930.691611	+6.67,+8.7,+21.0,BB	+6.68,+13.2,+21.1,CA	+2.93,+229.8,+21.1,BB	+2.74,+240.8,+19.5,KB	+2.44,+258.5,+20.2,AB	+2.87,+233.0,+19.4,JB	
1700009992.7014875	+6.67,+8.7,+21.0,BB	+6.68,+13.2,+21.1,CA	+2.93,+229.8,+21.1,BB	+2.74,+240.9,+19.4,KB	+2.44,+258.3,+20.3,FB	+2.88,+233.0,+19.4,EB	
1700010238.3763745	+6.67,+8.6,+21.0,CB	+6.68,+13.2,+21.1,CA	+2.93,+229.7,+21.1,MB	+2.74,+240.7,+19.5,DB	+2.44,+258.3,+20.3,FB	+2.88,+232.9,+19.4,MB	
1700010300.385266	+6.68,+8.5,+21.0,OB	+6.68,+13.2,+21.1,CA	+2.93,+229.7,+21.0,LB	+2.74,+240.6,+19.5,EB	+2.46,+257.4,+20.3,LB	+2.87,+233.0,+19.4,JB	
1700010362.3935294	+6.68,+8.4,+21.0,NB	+6.68,+13.1,+21.1,@A	+2.93,+229.7,+21.0,LB	+2.74,+240.7,+19.5,DB	+2.47,+256.7,+20.2,NB	+2.87,+233.1,+19.4,KB	
1700010424.4013038	+6.68,+8.4,+21.0,NB	+6.68,+13.1,+21.1,@A	+2.93,+229.8,+21.1,BB	+2.74,+240.6,+19.5,EB	+2.47,+256.6,+20.2,OB	+2.87,+233.1,+19.4,KB	
1700010486.4098299	+6.68,+8.2,+21.0,HB	+6.68,+13.1,+21.1,@A	+2.93,+229.7,+21.0,LB	+2.74,+240.6,+19.5,EB	+2.46,+257.2,+20.2,KB	+2.87,+233.1,+19.4,KB	
1700010548.420051	+6.68,+8.1,+21.0,KB	+6.68,+13.1,+21.1,@A	+2.93,+229.7,+21.0,LB	+2.74,+240.7,+19.5,DB	+2.46,+257.2,+20.2,KB	+2.87,+233.1,+19.4,KB	
1700010610.430133	+6.68,+8.2,+21.0,HB	+6.68,+13.1,+21.1,@A	+2.93,+229.8,+21.0,CB	+2.74,+240.6,+19.5,EB	+2.47,+256.7,+20.2,NB	+2.87,+233.1,+19.4,KB	
1700010672.4366546	+6.68,+8.2,+21.0,HB	+6.68,+13.1,+21.1,@A	+2.93,+229.8,+21.0,CB	+2.74,+240.5,+19.5,FB	+2.47,+256.9,+20.2,@B	+2.87,+233.1,+19.4,KB	
1700010734.444003	+6.68,+8.1,+21.0,KB	+6.68,+13.2,+21.1,CA	+2.93,+229.8,+21.0,CB	+2.74,+240.6,+19.5,EB	+2.47,+256.6,+20.2,OB	+2.87,+233.1,+19.4,KB	
1700010796.4528415	+6.68,+8.1,+21.0,KB	+6.68,+13.2,+21.1,CA	+2.93,+229.8,+21.1,BB	+2.74,+240.7,+19.5,DB	+2.47,+257.0,+20.2,HB	+2.87,+233.1,+19.4,KB	
1700010858.463572	+6.68,+8.2,+21.0,HB	+6.68,+13.2,+21.1,CA	+2.93,+229.8,+21.0,CB	+2.74,+240.6,+19.5,EB	+2.46,+257.4,+20.3,LB	+2.87,+233.1,+19.4,KB	
1700010920.4726393	+6.68,+8.2,+21.0,HB	+6.68,+13.2,+21.1,CA	+2.93,+229.8,+21.0,CB	+2.74,+240.7,+19.5,DB	+2.46,+257.6,+20.3,NB	+2.87,+233.1,+19.4,KB	
1700010982.4806924	+6.68,+8.2,+21.0,HB	+6.68,+13.2,+21.1,CA	+2.93,+229.8,+21.0,CB	+2.74,+240.7,+19.5,DB	+2.46,+257.5,+20.2,LB	+2.87,+233.1,+19.4,KB	
1700011044.4912417	+6.68,+8.2,+21.0,HB	+6.68,+13.2,+21.1,CA	+2.93,+229.8,+21.0,CB	+2.74,+240.5,+19.5,FB	+2.45,+257.7,+20.3,LB	+2.87,+233.2,+19.4,HB	
1700011106.4995651	+6.68,+8.2,+21.0,HB	+6.68,+13.2,+21.1,CA	+2.93,+229.8,+21.0,CB	+2.74,+240.6,+19.5,EB	+2.45,+257.9,+20.3,BB	+2.87,+233.1,+19.5,JB	
1700011168.5077367	+6.68,+8.2,+21.0,HB	+6.68,+13.2,+21.1,CA	+2.93,+229.8,+21.1,BB	+2.74,+240.5,+19.5,FB	+2.44,+258.2,+20.3,GB	+2.87,+233.1,+19.4,KB	
1700011230.517929	+6.68,+8.1,+21.0,KB	+6.68,+13.2,+21.1,CA	+2.93,+229.8,+21.0,CB	+2.74,+240.6,+19.5,EB	+2.45,+258.1,+20.3,EB	+2.87,+233.1,+19.4,KB	
1700011292.5267413	+6.68,+8.2,+21.0,HB	+6.68,+13.2,+21.1,CA	+2.93,+229.8,+21.1,BB	+2.74,+240.5,+19.5,FB	+2.45,+258.1,+20.2,DB	+2.87,+233.1,+19.4,KB	
1700011354.5367594	+6.68,+8.2,+21.0,HB	+6.68,+13.2,+21.1,CA	+2.93,+229.8,+21.1,BB	+2.74,+240.6,+19.5,EB	+2.45,+257.7,+20.2,MB	+2.87,+233.2,+19.4,HB	
1700011416.545452	+6.68,+8.1,+21.0,KB	+6.68,+13.2,+21.1,CA	+2.93,+229.8,+21.0,CB	+2.74,+240.7,+19.5,DB	+2.45,+257.6,+20.2,LB	+2.87,+233.2,+19.4,HB	
1700011478.5565436	+6.68,+8.1,+21.0,KB	+6.68,+13.1,+21.1,@A	+2.93,+229.8,+21.0,CB	+2.74,+240.7,+19.5,DB	+2.46,+257.1,+20.2,HB	+2.87,+233.2,+19.5,IB	
1700011540.5666473	+6.68,+8.1,+21.0,KB	+6.68,+13.1,+21.1,@A	+2.93,+229.8,+21.0,CB	+2.74,+240.6,+19.5,EB	+2.46,+257.4,+20.3,LB	+2.87,+233.1,+19.4,KB	
1700011602.5725086	+6.68,+8.0,+21.0,JB	+6.68,+13.1,+21.1,@A	+2.93,+229.8,+21.1,BB	+2.74,+240.6,+19.4,DB	+2.46,+257.2,+20.3,JB	+2.87,+233.1,+19.4,KB	
1700011664.585121	+6.68,+8.0,+21.0,JB	+6.68,+13.2,+21.1,CA	+2.93,+229.8,+21.1,BB	+2.74,+240.6,+19.5,EB	+2.45,+257.9,+20.2,CB	+2.87,+233.1,+19.5,JB	
1700011726.591959	+6.68,+8.1,+21.0,KB	+6.68,+13.2,+21.1,CA	+2.93,+229.8,+21.1,BB	+2.74,+240.7,+19.5,DB	+2.44,+258.4,+20.2,@B	+2.87,+233.1,+19.4,KB	
1700011788.6028376	+6.68,+8.3,+21.0,IB	+6.68,+13.2,+21.1,CA	+2.93,+229.8,+21.1,BB	+2.74,+240.7,+19.5,DB	+2.44,+258.7,+20.3,BB	+2.87,+233.1,+19.4,KB	
1700011850.6132326	+6.68,+8.4,+21.0,NB	+6.68,+13.2,+21.1,CA	+2.93,+229.8,+21.1,BB	+2.74,+240.7,+19.5,DB	+2.43,+258.8,+20.3,JB	+2.87,+233.1,+19.5,JB	
1700011912.6211991	+6.68,+8.5,+21.0,OB	+6.68,+13.2,+21.1,CA	+2.93,+229.7,+21.1,MB	+2.74,+240.6,+19.5,EB	+2.43,+259.1,+20.3,BB	+2.87,+233.1,+19.5,JB	
1700011974.629538	+6.67,+8.6,+21.0,CB	+6.68,+13.3,+21.1,BA	+2.93,+229.7,+21.0,LB	+2.74,+240.7,+19.5,DB	+2.43,+259.1,+20.3,BB	+2.87,+233.1,+19.5,JB	
1700012036.6347678	+6.67,+8.7,+21.0,BB	+6.68,+13.3,+21.1,BA	+2.93,+229.8,+21.1,BB	+2.74,+240.7,+19.5,DB	+2.42,+259.4,+20.3,FB	+2.87,+233.1,+19.5,JB	
1700012098.645928	+6.66,+9.5,+21.0,@B	+6.67,+13.4,+21.1,JA	+2.93,+229.8,+21.1,BB	+2.74,+240.6,+19.5,EB	+2.42,+259.6,+20.3,DB	+2.87,+233.1,+19.5,JB	
1700012160.6548588	+6.66,+9.4,+21.0,AB	+6.67,+13.4,+21.1,JA	+2.93,+229.8,+21.1,BB	+2.74,+240.7,+19.5,DB	+2.43,+259.3,+20.3,@B	+2.87,+233.1,+19.5,JB	
1700012222.6638072	+6.66,+9.4,+21.0,AB	+6.67,+13.5,+21.1,KA	+2.93,+229.8,+21.1,BB	+2.75,+240.4,+19.5,FB	+2.42,+259.6,+20.3,DB	+2.87,+233.1,+19.5,JB	
1700012284.673534	+6.66,+9.5,+21.0,@B	+6.67,+13.5,+21.1,KA	+2.93,+229.8,+21.1,BB	+2.75,+240.4,+19.5,FB	+2.42,+259.6,+20.3,DB	+2.88,+233.0,+19.5,DB	
1700012346.6824589	+6.66,+9.4,+21.0,AB	+6.67,+13.5,+21.1,KA	+2.93,+229.8,+21.1,BB	+2.75,+240.3,+19.5,AB	+2.42,+259.7,+20.3,EB	+2.88,+233.1,+19.5,EB	
1700012408.6930227	+6.66,+9.4,+21.0,AB	+6.67,+13.6,+21.1,HA	+2.93,+229.8,+21.1,BB	+2.75,+240.3,+19.5,AB	+2.41,+260.3,+20.3,HB	+2.87,+233.1,+19.5,JB	
1700012470.6987545	+6.66,+9.4,+21.1,@B	+6.67,+13.5,+21.1,KA	+2.93,+229.9,+21.1,CB	+2.75,+240.3,+19.5,AB	+2.40,+260.7,+20.3,MB	+2.87,+233.1,+19.5,JB	
1700012532.7077606	+6.66,+9.3,+21.0,FB	+6.67,+13.5,+21.1,KA	+2.93,+229.8,+21.1,BB	+2.75,+240.4,+19.5,FB	+2.40,+260.8,+20.3,BB	+2.88,+233.1,+19.5,EB	
1700012594.718368	+6.66,+9.3,+21.1,GB	+6.67,+13.5,+21.1,KA	+2.93,+229.8,+21.1,BB	+2.75,+240.3,+19.5,AB	+2.40,+260.9,+20.3,CB	+2.87,+233.1,+19.5,JB	
1700012656.72536	+6.66,+9.2,+21.1,FB	+6.67,+13.6,+21.1,HA	+2.93,+229.9,+21.1,CB	+2.75,+240.4,+19.5,FB	+2.40,+260.8,+20.3,BB	+2.87,+233.1,+19.5,JB	
1700012718.7359369	+6.66,+9.3,+21.1,GB	+6.67,+13.5,+21.1,KA	+2.93,+229.8,+21.1,BB	+2.75,+240.5,+19.5,GB	+2.40,+260.8,+20.3,BB	+2.87,+233.1,+19.5,JB	
1700012780.7409575	+6.66,+9.2,+21.1,FB	+6.67,+13.5,+21.1,KA	+2.93,+229.9,+21.1,CB	+2.74,+240.6,+19.5,EB	+2.40,+260.9,+20.3,CB	+2.88,+233.1,+19.5,EB	
1700012842.7512882	+6.66,+9.2,+21.1,FB	+6.67,+13.6,+21.1,HA	+2.93,+229.8,+21.1,BB	+2.74,+240.6,+19.5,EB	+2.39,+261.2,+20.3,GB	+2.87,+233.1,+19.5,JB	
1700012904.762138	+6.66,+9.2,+21.1,FB	+6.67,+13.6,+21.1,HA	+2.93,+229.8,+21.1,BB	+2.74,+240.7,+19.5,DB	+2.41,+260.4,+20.3,OB	+2.88,+233.1,+19.5,EB	
1700012966.7699902	+6.66,+9.2,+21.1,FB	+6.67,+13.6,+21.1,HA	+2.93,+229.8,+21.1,BB	+2.74,+240.7,+19.5,DB	+2.41,+260.1,+20.3,JB	+2.88,+233.1,+19.5,EB	
1700013028.7797065	+6.66,+9.3,+21.1,GB	+6.67,+13.6,+21.1,HA	+2.93,+229.9,+21.1,CB	+2.74,+240.7,+19.5,DB	+2.42,+259.9,+20.3,KB	+2.88,+233.1,+19.6,FB	
1700013090.7887127	+6.66,+9.2,+21.1,FB	+6.67,+13.7,+21.1,IA	+2.93,+229.8,+21.2,AB	+2.74,+240.9,+19.5,JB	+2.41,+260.1,+20.3,JB	+2.88,+233.1,+19.6,FB	
1700013152.7984707	+6.66,+9.3,+21.1,GB	+6.67,+13.7,+21.1,IA	+2.93,+229.8,+21.2,AB	+2.74,+241.0,+19.6,AB	+2.41,+260.4,+20.3,OB	+2.88,+233.1,+19.6,FB	
1700013214.8090956	+6.66,+9.3,+21.1,GB	+6.67,+13.7,+21.1,IA	+2.93,+229.9,+21.2,@B	+2.74,+241.0,+19.6,AB	+2.41,+260.2,+20.3,IB	+2.88,+233.1,+19.6,FB	
1700013276.8191082	+6.66,+9.3,+21.1,GB	+6.67,+13.7,+21.1,IA	+2.93,+229.8,+21.2,AB	+2.74,+241.1,+19.6,@B	+2.41,+260.3,+20.3,HB	+2.88,+233.1,+19.6,FB	
1700013338.8286057	+6.66,+9.3,+21.1,GB	+6.67,+13.7,+21.2,JA	+2.93,+229.9,+21.2,@B	+2.74,+241.0,+19.6,AB	+2.40,+260.7,+20.3,MB	+2.88,+233.1,+19.6,FB	
1700013400.8356647	+6.66,+9.2,+21.1,FB	+6.67,+13.8,+21.1,FA	+2.93,+229.9,+21.2,@B	+2.74,+241.0,+19.6,AB	+2.40,+260.7,+20.3,MB	+2.88,+233.1,+19.6,FB	
1700013462.8428974	+6.66,+9.2,+21.1,FB	+6.67,+13.7,+21.2,JA	+2.93,+229.9,+21.2,@B	+2.74,+241.0,+19.6,AB	+2.43,+259.0,+20.4,DB	+2.88,+233.1,+19.6,FB	
1700013524.8531802	+6.66,+9.4,+21.1,@B	+6.67,+13.7,+21.2,JA	+2.93,+229.8,+21.1,BB	+2.74,+240.9,+19.6,IB	+2.45,+258.0,+20.3,DB	+2.88,+233.1,+19.6,FB	
1700013586.8625014	+6.66,+9.4,+21.1,@B	+6.67,+13.7,+21.2,JA	+2.93,+229.9,+21.2,@B	+2.74,+240.9,+19.6,IB	+2.44,+258.3,+20.4,AB	+2.88,+233.1,+19.6,FB	
1700013648.8710103	+6.66,+9.5,+21.1,AB	+6.67,+13.7,+21.2,JA	+2.93,+229.8,+21.2,AB	+2.74,+240.9,+19.6,IB	+2.44,+258.4,+20.4,FB	+2.87,+233.2,+19.6,JB	
1700013710.8804247	+6.66,+9.6,+21.1,BB	+6.67,+13.8,+21.2,EA	+2.93,+229.9,+21.2,@B	+2.74,+240.8,+19.6,HB	+2.45,+257.8,+20.4,DB	+2.87,+233.2,+19.6,JB	
1700013772.8890085	+6.66,+9.6,+21.1,BB	+6.67,+13.8,+21.2,EA	+2.93,+229.9,+21.2,@B	+2.75,+240.6,+19.6,GB	+2.46,+257.7,+20.4,HB	+2.88,+233.1,+19.6,FB	
1700013834.8990679	+6.66,+9.6,+21.1,BB	+6.67,+13.8,+21.2,EA	+2.93,+229.9,+21.2,@B	+2.75,+240.5,+19.6,DB	+2.48,+256.3,+20.3,DB	+2.87,+233.2,+19.6,JB	
1700014080.4938765	+6.66,+9.5,+21.2,BB	+6.67,+13.8,+21.2,EA	+2.93,+229.9,+21.2,@B	+2.75,+240.5,+19.6,DB	+2.50,+255.4,+20.4,NB	+2.88,+233.0,+19.6,GB	
1700014142.5023942	+6.66,+9.4,+21.2,CB	+6.66,+13.9,+21.2,EA	+2.93,+229.9,+21.2,@B	+2.75,+240.6,+19.6,GB	+2.49,+255.6,+20.4,DB	+2.88,+233.2,+19.7,DB	
1700014204.5121198	+6.66,+9.4,+21.2,CB	+6.66,+13.9,+21.2,EA	+2.93,+229.9,+21.2,@B	+2.74,+240.7,+19.6,GB	+2.49,+255.9,+20.4,KB	+2.88,+233.2,+19.7,DB	
1700014266.5206318	+6.66,+9.4,+21.2,CB	+6.66,+13.9,+21.2,EA	+2.93,+230.0,+21.2,AB	+2.74,+240.7,+19.6,GB	+2.49,+255.8,+20.4,JB	+2.88,+233.2,+19.7,DB	
1700014328.5285842	+6.66,+9.4,+21.2,CB	+6.67,+13.9,+21.2,DA	+2.93,+229.9,+21.2,@B	+2.74,+240.8,+19.7,IB	+2.49,+255.9,+20.4,KB	+2.87,+233.2,+19.7,KB	
1700014390.538713	+6.66,+9.4,+21.2,CB	+6.66,+13.9,+21.2,EA	+2.93,+229.9,+21.2,@B	+2.74,+240.9,+19.7,HB	+2.48,+256.3,+20.4,CB	+2.88,+233.2,+19.7,DB	
1700014452.5489612	+6.66,+9.4,+21.2,CB	+6.66,+13.9,+21.2,EA	+2.93,+229.9,+21.2,@B	+2.74,+240.9,+19.6,IB	+2.47,+256.9,+20.4,FB	+2.87,+233.2,+19.6,JB	
1700014514.5588996	+6.66,+9.3,+21.2,DB	+6.66,+13.9,+21.2,EA	+2.93,+229.9,+21.2,@B	+2.74,+240.8,+19.7,IB	+2.47,+257.1,+20.4,OB	+2.87,+233.2,+19.7,KB	
1700014576.5659504	+6.66,+9.3,+21.2,DB	+6.66,+13.9,+21.2,EA	+2.93,+229.9,+21.3,AB	+2.74,+240.8,+19.7,IB	+2.46,+257.4,+20.4,KB	+2.87,+233.2,+19.7,KB	
1700014638.5753243	+6.66,+9.2,+21.2,EB	+6.66,+14.0,+21.2,KA	+2.93,+229.9,+21.2,@B	+2.74,+240.9,+19.6,IB	+2.45,+257.8,+20.5,EB	+2.87,+233.3,+19.7,JB	
1700014700.58384	+6.66,+9.3,+21.2,DB	+6.66,+13.9,+21.2,EA	+2.93,+229.9,+21.2,@B	+2.74,+240.8,+19.7,IB	+2.45,+258.1,+20.4,BB	+2.88,+233.2,+19.7,DB	
1700014762.5928771	+6.66,+9.3,+21.2,DB	+6.66,+14.0,+21.2,KA	+2.93,+230.0,+21.2,AB	+2.74,+240.8,+19.7,IB	+2.47,+256.9,+20.4,FB	+2.87,+233.2,+19.7,KB	
1700014824.599721	+6.66,+9.2,+21.2,EB	+6.66,+14.0,+21.2,KA	+2.93,+229.9,+21.2,@B	+2.74,+240.9,+19.7,HB	+2.47,+257.0,+20.4,NB	+2.88,+233.1,+19.7,GB	
1700014886.6088762	+6.66,+9.2,+21.2,EB	+6.66,+13.9,+21.2,EA	+2.93,+230.0,+21.3,@B	+2.74,+240.7,+19.7,FB	+2.46,+257.3,+20.5,MB	+2.88,+233.1,+19.7,GB	
1700014948.6183245	+6.66,+9.2,+21.2,EB	+6.66,+13.9,+21.2,EA	+2.93,+229.9,+21.2,@B	+2.75,+240.6,+19.7,FB	+2.49,+255.9,+20.4,KB	+2.88,+233.2,+19.7,DB	
1700015010.6288652	+6.66,+9.2,+21.2,EB	+6.66,+14.0,+21.2,KA	+2.93,+230.0,+21.3,@B	+2.75,+240.5,+19.7,EB	+2.50,+255.2,+20.4,HB	+2.88,+233.2,+19.7,DB	
1700015072.6370382	+6.66,+9.3,+21.2,DB	+6.66,+14.0,+21.3,JA	+2.93,+229.9,+21.3,AB	+2.74,+240.8,+19.7,IB	+2.52,+254.2,+20.5,JB	+2.88,+233.2,+19.7,DB	
1700015134.643688	+6.66,+9.3,+21.2,DB	+6.66,+14.0,+21.2,KA	+2.93,+230.0,+21.3,@B	+2.74,+240.9,+19.7,HB	+2.53,+253.7,+20.5,IB	+2.88,+233.1,+19.7,GB	
1700015196.6526582	+6.66,+9.5,+21.2,BB	+6.66,+14.0,+21.2,KA	+2.93,+230.0,+21.3,@B	+2.74,+240.8,+19.7,IB	+2.55,+252.3,+20.5,JB	+2.88,+233.1,+19.7,GB	
1700015258.6619654	+6.66,+9.5,+21.2,BB	+6.66,+14.0,+21.3,JA	+2.93,+230.0,+21.3,@B	+2.74,+240.8,+19.7,IB	+2.55,+252.4,+20.5,MB	+2.88,+233.2,+19.7,DB	
1700015320.6677644	+6.66,+9.5,+21.2,BB	+6.66,+14.0,+21.3,JA	+2.93,+230.0,+21.3,@B	+2.75,+240.6,+19.7,FB	+2.55,+252.5,+20.5,LB	+2.88,+233.2,+19.7,DB	
1700015382.6756368	+6.66,+9.5,+21.2,BB	+6.66,+14.0,+21.3,JA	+2.93,+230.0,+21.3,@B	+2.75,+240.7,+19.7,GB	+2.55,+252.6,+20.5,OB	+2.88,+233.2,+19.7,DB	
1700015444.6865	+6.66,+9.5,+21.2,BB	+6.66,+14.0,+21.3,JA	+2.93,+230.0,+21.3,@B	+2.75,+240.6,+19.7,FB	+2.54,+252.7,+20.5,OB	+2.88,+233.2,+19.7,DB	
1700015506.6968431	+6.66,+9.4,+21.3,BB	+6.66,+14.0,+21.3,JA	+2.93,+230.0,+21.3,@B	+2.75,+240.7,+19.7,GB	+2.55,+252.6,+20.5,OB	+2.88,+233.3,+19.8,JB	
1700015568.7035592	+6.66,+9.3,+21.2,DB	+6.66,+14.0,+21.3,JA	+2.93,+230.0,+21.3,@B	+2.75,+240.7,+19.7,GB	+2.54,+252.9,+20.5,AB	+2.88,+233.2,+19.7,DB	
1700015630.7131107	+6.66,+9.2,+21.2,EB	+6.66,+13.9,+21.3,DA	+2.93,+230.0,+21.3,@B	+2.74,+240.8,+19.7,IB	+2.54,+253.2,+20.5,KB	+2.87,+233.3,+19.8,EB	
1700015692.7219799	+6.66,+9.2,+21.3,DB	+6.66,+13.9,+21.3,DA	+2.93,+230.1,+21.3,AB	+2.75,+240.6,+19.7,FB	+2.53,+253.6,+20.5,HB	+2.87,+233.3,+19.7,JB	
1700015754.730674	+6.66,+9.2,+21.2,EB	+6.66,+14.0,+21.3,JA	+2.93,+230.0,+21.3,@B	+2.75,+240.5,+19.7,EB	+2.52,+253.8,+20.5,GB	+2.88,+233.2,+19.8,KB	
1700015816.7388668	+6.66,+9.1,+21.3,GB	+6.66,+13.9,+21.3,DA	+2.93,+230.0,+21.3,@B	+2.75,+240.6,+19.7,FB	+2.52,+254.1,+20.5,IB	+2.88,+233.2,+19.8,KB	
1700015878.7487922	+6.66,+9.2,+21.3,DB	+6.66,+14.0,+21.3,JA	+2.93,+230.0,+21.3,@B	+2.75,+240.5,+19.7,EB	+2.51,+254.5,+20.5,NB	+2.88,+233.2,+19.8,KB	
1700015940.7588267	+6.66,+9.1,+21.3,GB	+6.66,+13.9,+21.3,DA	+2.93,+230.0,+21.3,@B	+2.75,+240.4,+19.7,DB	+2.51,+254.8,+20.5,CB	+2.88,+233.3,+19.8,JB	
1700016002.7665658	+6.66,+9.1,+21.3,GB	+6.66,+14.0,+21.3,JA	+2.93,+230.1,+21.3,AB	+2.75,+240.5,+19.7,EB	+2.52,+254.2,+20.5,JB	+2.88,+233.3,+19.8,JB	
1700016064.7761528	+6.66,+9.2,+21.3,DB	+6.66,+13.9,+21.3,DA	+2.93,+230.1,+21.3,AB	+2.75,+240.6,+19.8,IB	+2.52,+253.8,+20.5,GB	+2.88,+233.3,+19.8,JB	
1700016126.7858245	+6.66,+9.2,+21.3,DB	+6.66,+14.0,+21.3,JA	+2.93,+230.1,+21.3,AB	+2.75,+240.6,+19.7,FB	+2.52,+254.0,+20.5,HB	+2.87,+233.3,+19.8,EB	
1700016188.7923477	+6.66,+9.2,+21.3,DB	+6.66,+14.0,+21.3,JA	+2.93,+230.1,+21.3,AB	+2.75,+240.6,+19.7,FB	+2.52,+254.0,+20.5,HB	+2.87,+233.3,+19.8,EB	
1700016250.8027456	+6.66,+9.1,+21.3,GB	+6.66,+13.9,+21.3,DA	+2.93,+230.0,+21.3,@B	+2.75,+240.6,+19.7,FB	+2.52,+254.2,+20.5,JB	+2.87,+233.3,+19.8,EB	
1700016312.8113973	+6.67,+9.1,+21.3,FB	+6.66,+13.9,+21.3,DA	+2.93,+230.1,+21.3,AB	+2.75,+240.5,+19.7,EB	+2.52,+253.8,+20.5,GB	+2.87,+233.4,+19.8,BB	
1700016374.8224225	+6.66,+9.2,+21.3,DB	+6.66,+13.9,+21.3,DA	+2.93,+230.1,+21.3,AB	+2.75,+240.6,+19.8,IB	+2.52,+253.9,+20.5,FB	+2.87,+233.4,+19.8,BB	
1700016436.8287196	+6.66,+9.2,+21.3,DB	+6.66,+13.9,+21.3,DA	+2.93,+230.1,+21.3,AB	+2.75,+240.6,+19.8,IB	+2.52,+254.2,+20.5,JB	+2.87,+233.4,+19.8,BB	
1700016498.8378866	+6.67,+9.1,+21.3,FB	+6.66,+14.0,+21.3,JA	+2.93,+230.0,+21.3,@B	+2.75,+240.7,+19.8,HB	+2.52,+254.0,+20.5,HB	+2.87,+233.4,+19.8,BB	
1700016560.847273	+6.67,+9.0,+21.3,GB	+6.67,+13.9,+21.3,EA	+2.93,+230.1,+21.3,AB	+2.75,+240.6,+19.8,IB	+2.52,+254.3,+20.5,KB	+2.87,+233.4,+19.8,BB	
1700016622.8576343	+6.67,+9.0,+21.3,GB	+6.66,+13.9,+21.3,DA	+2.93,+230.1,+21.3,AB	+2.75,+240.5,+19.8,JB	+2.51,+254.5,+20.5,NB	+2.87,+233.4,+19.8,BB	
1700016684.867631	+6.67,+9.0,+21.3,GB	+6.67,+13.9,+21.3,EA	+2.93,+230.1,+21.3,AB	+2.75,+240.7,+19.8,HB	+2.51,+254.7,+20.5,LB	+2.87,+233.4,+19.8,BB	
1700016746.8773932	+6.67,+9.0,+21.3,GB	+6.67,+13.9,+21.3,EA	+2.93,+230.1,+21.3,AB	+2.75,+240.7,+19.8,HB	+2.51,+254.5,+20.5,NB	+2.87,+233.4,+19.8,BB	
1700016808.884502	+6.66,+9.1,+21.3,GB	+6.66,+13.9,+21.3,DA	+2.93,+230.0,+21.3,@B	+2.74,+240.8,+19.8,FB	+2.52,+254.2,+20.5,JB	+2.87,+233.4,+19.8,BB	
1700016870.8948576	+6.66,+9.2,+21.3,DB	+6.67,+13.9,+21.3,EA	+2.93,+230.1,+21.3,AB	+2.75,+240.6,+19.8,IB	+2.51,+254.4,+20.5,OB	+2.88,+233.3,+19.8,JB	
1700016932.905763	+6.66,+9.3,+21.3,EB	+6.66,+13.9,+21.3,DA	+2.93,+230.0,+21.4,GB	+2.75,+240.7,+19.8,HB	+2.51,+254.7,+20.5,LB	+2.87,+233.3,+19.8,EB	
1700016994.9148312	+6.66,+9.4,+21.3,BB	+6.66,+13.9,+21.3,DA	+2.93,+230.1,+21.3,AB	+2.75,+240.7,+19.8,HB	+2.51,+254.5,+20.5,NB	+2.87,+233.4,+19.8,BB	
1700017056.9255207	+6.66,+9.4,+21.3,BB	+6.67,+13.9,+21.3,EA	+2.93,+230.1,+21.3,AB	+2.75,+240.6,+19.8,IB	+2.51,+254.6,+20.6,NB	+2.87,+233.4,+19.8,BB	
1700017118.9397001	+6.66,+9.3,+21.3,EB	+6.67,+13.8,+21.3,DA	+2.93,+230.0,+21.3,@B	+2.75,+240.5,+19.8,JB	+2.51,+254.6,+20.5,MB	+2.87,+233.4,+19.8,BB	
1700017180.94401	+6.66,+9.3,+21.3,EB	+6.67,+13.8,+21.3,DA	+2.93,+230.1,+21.4,FB	+2.75,+240.4,+19.8,KB	+2.51,+254.5,+20.6,MB	+2.87,+233.4,+19.8,BB	
1700017242.9511342	+6.66,+9.3,+21.3,EB	+6.67,+13.8,+21.3,DA	+2.93,+230.1,+21.4,FB	+2.75,+240.4,+19.8,KB	+2.51,+254.7,+20.5,LB	+2.87,+233.4,+19.8,BB	
1700017304.9559824	+6.66,+9.3,+21.3,EB	+6.67,+13.8,+21.3,DA	+2.93,+230.0,+21.4,GB	+2.75,+240.5,+19.8,JB	+2.51,+254.8,+20.6,@B	+2.87,+233.5,+19.8,CB	
1700017366.9648569	+6.67,+9.1,+21.3,FB	+6.67,+13.8,+21.3,DA	+2.93,+230.1,+21.4,FB	+2.75,+240.6,+19.8,IB	+2.50,+255.1,+20.6,IB	+2.87,+233.5,+19.8,CB	
1700017428.9734814	+6.67,+9.1,+21.3,FB	+6.67,+13.8,+21.3,DA	+2.93,+230.1,+21.4,FB	+2.75,+240.7,+19.8,HB	+2.50,+255.3,+20.6,KB	+2.87,+233.5,+19.8,CB	
1700017490.9826348	+6.67,+9.1,+21.3,FB	+6.67,+13.8,+21.3,DA	+2.93,+230.1,+21.3,AB	+2.75,+240.8,+19.8,GB	+2.50,+255.1,+20.6,IB	+2.87,+233.5,+19.8,CB	
1700017552.9922378	+6.67,+9.1,+21.3,FB	+6.67,+13.8,+21.4,CA	+2.93,+230.1,+21.4,FB	+2.74,+240.8,+19.8,FB	+2.50,+255.4,+20.6,LB	+2.87,+233.4,+19.8,BB	
1700017615.0016859	+6.67,+8.9,+21.3,OB	+6.67,+13.7,+21.3,KA	+2.93,+230.1,+21.4,FB	+2.75,+240.8,+19.8,GB	+2.49,+255.7,+20.6,GB	+2.87,+233.4,+19.8,BB	
1700017677.0112066	+6.67,+9.0,+21.3,GB	+6.67,+13.9,+21.3,EA	+2.93,+230.2,+21.4,EB	+2.75,+240.7,+19.8,HB	+2.50,+255.4,+20.6,LB	+2.87,+233.4,+19.8,BB	
1700017922.6051364	+6.67,+9.0,+21.3,GB	+6.67,+13.8,+21.3,DA	+2.93,+230.1,+21.4,FB	+2.75,+240.7,+19.8,HB	+2.48,+256.4,+20.6,FB	+2.88,+233.3,+19.8,JB	
1700017984.6166823	+6.67,+8.9,+21.3,OB	+6.67,+13.8,+21.3,DA	+2.93,+230.1,+21.4,FB	+2.74,+240.9,+19.8,GB	+2.48,+256.4,+20.6,FB	+2.87,+233.4,+19.8,BB	
1700018046.627077	+6.67,+8.8,+21.3,NB	+6.67,+13.8,+21.4,CA	+2.93,+230.2,+21.4,EB	+2.74,+240.9,+19.8,GB	+2.48,+256.5,+20.6,GB	+2.87,+233.4,+19.8,BB	
1700018108.637034	+6.67,+8.8,+21.3,NB	+6.67,+13.8,+21.3,DA	+2.93,+230.1,+21.4,FB	+2.74,+241.0,+19.8,OB	+2.47,+256.9,+20.6,DB	+2.87,+233.4,+19.8,BB	
1700018170.6475868	+6.67,+8.8,+21.3,NB	+6.67,+13.7,+21.4,LA	+2.93,+230.2,+21.4,EB	+2.74,+241.0,+19.8,OB	+2.48,+256.4,+20.6,FB	+2.87,+233.5,+19.8,CB	
1700018232.657785	+6.67,+8.7,+21.3,AB	+6.67,+13.8,+21.3,DA	+2.93,+230.1,+21.4,FB	+2.75,+240.6,+19.8,IB	+2.46,+257.3,+20.6,NB	+2.87,+233.5,+19.8,CB	
1700018294.6681175	+6.67,+8.7,+21.3,AB	+6.67,+13.7,+21.4,LA	+2.93,+230.1,+21.4,FB	+2.75,+240.6,+19.8,IB	+2.46,+257.8,+20.6,EB	+2.87,+233.5,+19.9,BB	
1700018356.674953	+6.67,+8.8,+21.3,NB	+6.67,+13.7,+21.4,LA	+2.93,+230.2,+21.4,EB	+2.75,+240.6,+19.8,IB	+2.45,+258.4,+20.6,EB	+2.87,+233.5,+19.8,CB	
1700018418.68542	+6.67,+8.8,+21.3,NB	+6.67,+13.7,+21.4,LA	+2.93,+230.1,+21.4,FB	+2.75,+240.7,+19.8,HB	+2.44,+258.9,+20.6,IB	+2.87,+233.4,+19.8,BB	
1700018480.6946328	+6.67,+8.9,+21.3,OB	+6.67,+13.7,+21.3,KA	+2.93,+230.2,+21.4,EB	+2.74,+240.8,+19.8,FB	+2.43,+259.1,+20.6,GB	+2.87,+233.5,+19.8,CB	
1700018542.7051554	+6.67,+9.0,+21.3,GB	+6.67,+13.7,+21.4,LA	+2.93,+230.2,+21.4,EB	+2.75,+240.6,+19.8,IB	+2.46,+257.7,+20.6,JB	+2.87,+233.5,+19.8,CB	
1700018604.7141628	+6.67,+9.0,+21.3,GB	+6.67,+13.7,+21.4,LA	+2.93,+230.1,+21.4,FB	+2.75,+240.5,+19.8,JB	+2.46,+257.7,+20.6,JB	+2.87,+233.5,+19.9,BB	
1700018666.722004	+6.67,+9.1,+21.4,AB	+6.67,+13.7,+21.4,LA	+2.93,+230.2,+21.4,EB	+2.75,+240.6,+19.8,IB	+2.46,+257.7,+20.6,JB	+2.87,+233.5,+19.8,CB	
1700018728.729973	+6.67,+9.1,+21.3,FB	+6.67,+13.8,+21.3,DA	+2.93,+230.1,+21.4,FB	+2.75,+240.7,+19.8,HB	+2.46,+257.6,+20.6,KB	+2.87,+233.5,+19.9,BB	
1700018790.7402785	+6.67,+9.1,+21.3,FB	+6.67,+13.7,+21.4,LA	+2.93,+230.2,+21.4,EB	+2.75,+240.7,+19.9,IB	+2.45,+258.1,+20.6,@B	+2.87,+233.5,+19.8,CB	
1700018852.7511642	+6.67,+9.1,+21.3,FB	+6.67,+13.6,+21.4,MA	+2.93,+230.2,+21.4,EB	+2.75,+240.8,+19.8,GB	+2.45,+258.2,+20.6,CB	+2.87,+233.6,+19.8,@B	
1700018914.7600048	+6.67,+9.0,+21.4,@B	+6.67,+13.6,+21.4,MA	+2.93,+230.2,+21.4,EB	+2.75,+240.7,+19.8,HB	+2.45,+258.3,+20.6,BB	+2.87,+233.6,+19.9,AB	
1700018976.7703016	+6.67,+8.9,+21.3,OB	+6.67,+13.6,+21.4,MA	+2.93,+230.2,+21.4,EB	+2.75,+240.7,+19.9,IB	+2.45,+258.0,+20.6,AB	+2.87,+233.5,+19.8,CB	
1700019038.7798994	+6.67,+8.9,+21.4,HB	+6.67,+13.7,+21.4,LA	+2.93,+230.2,+21.4,EB	+2.75,+240.8,+19.8,GB	+2.45,+258.0,+20.6,AB	+2.87,+233.6,+19.8,@B	
1700019100.7865844	+6.67,+8.9,+21.3,OB	+6.67,+13.7,+21.4,LA	+2.93,+230.2,+21.4,EB	+2.74,+241.0,+19.8,OB	+2.47,+257.2,+20.6,NB	+2.87,+233.6,+19.9,AB	
1700019162.7943761	+6.67,+8.9,+21.4,HB	+6.67,+13.7,+21.4,LA	+2.93,+230.2,+21.4,EB	+2.74,+240.9,+19.8,GB	+2.48,+256.4,+20.6,FB	+2.87,+233.6,+19.9,AB	
1700019224.8022432	+6.67,+8.9,+21.4,HB	+6.67,+13.6,+21.4,MA	+2.93,+230.2,+21.4,EB	+2.74,+241.0,+19.9,NB	+2.49,+256.2,+20.6,AB	+2.87,+233.6,+19.8,@B	
1700019286.8119478	+6.67,+8.9,+21.3,OB	+6.67,+13.6,+21.4,MA	+2.93,+230.2,+21.4,EB	+2.74,+241.1,+19.8,NB	+2.51,+255.0,+20.6,IB	+2.87,+233.6,+19.9,AB	
1700019348.8223827	+6.67,+8.8,+21.3,NB	+6.67,+13.6,+21.4,MA	+2.93,+230.2,+21.4,EB	+2.74,+241.2,+19.8,MB	+2.51,+254.7,+20.6,OB	+2.87,+233.6,+19.9,AB	
1700019410.8321002	+6.67,+8.8,+21.4,IB	+6.67,+13.6,+21.4,MA	+2.93,+230.1,+21.4,FB	+2.74,+241.3,+19.8,LB	+2.51,+254.8,+20.6,@B	+2.87,+233.6,+19.8,@B	
1700019472.8422227	+6.67,+8.8,+21.4,IB	+6.67,+13.6,+21.4,MA	+2.93,+230.2,+21.4,EB	+2.74,+241.3,+19.8,LB	+2.50,+255.5,+20.6,MB	+2.87,+233.6,+19.9,AB	
1700019534.8502316	+6.67,+8.7,+21.4,FB	+6.67,+13.7,+21.4,LA	+2.93,+230.1,+21.4,FB	+2.74,+241.3,+19.9,MB	+2.49,+255.9,+20.6,IB	+2.87,+233.6,+19.9,AB	
1700019596.8574302	+6.67,+8.6,+21.4,GB	+6.67,+13.6,+21.4,MA	+2.93,+230.2,+21.4,EB	+2.74,+241.2,+19.9,LB	+2.50,+255.6,+20.6,NB	+2.87,+233.6,+19.8,@B	
1700019658.8673995	+6.67,+8.6,+21.4,GB	+6.67,+13.6,+21.4,MA	+2.93,+230.2,+21.4,EB	+2.74,+241.1,+19.9,OB	+2.49,+255.7,+20.6,GB	+2.87,+233.6,+19.9,AB	
1700019720.8744853	+6.67,+8.5,+21.4,DB	+6.67,+13.6,+21.4,MA	+2.93,+230.2,+21.4,EB	+2.74,+241.2,+19.9,LB	+2.48,+256.3,+20.6,AB	+2.87,+233.6,+19.9,AB	
1700019782.8828495	+6.67,+8.6,+21.4,GB	+6.67,+13.6,+21.4,MA	+2.93,+230.2,+21.4,EB	+2.74,+241.3,+19.8,LB	+2.47,+257.0,+20.6,LB	+2.87,+233.6,+19.9,AB	
1700019844.8934407	+6.68,+8.4,+21.4,JB	+6.67,+13.5,+21.4,NA	+2.93,+230.2,+21.4,EB	+2.74,+241.3,+19.8,LB	+2.46,+257.4,+20.6,IB	+2.87,+233.7,+19.9,@B	
1700019906.9032524	+6.68,+8.4,+21.4,JB	+6.67,+13.5,+21.4,NA	+2.93,+230.2,+21.4,EB	+2.73,+241.5,+19.9,LB	+2.46,+257.7,+20.6,JB	+2.87,+233.6,+19.9,AB	
1700019968.914126	+6.68,+8.2,+21.3,KB	+6.67,+13.4,+21.4,OA	+2.93,+230.2,+21.4,EB	+2.73,+241.5,+19.9,LB	+2.46,+257.5,+20.6,HB	+2.87,+233.7,+19.8,AB	
1700020030.9207668	+6.68,+8.1,+21.4,OB	+6.67,+13.4,+21.4,OA	+2.93,+230.2,+21.4,EB	+2.73,+241.7,+19.8,OB	+2.46,+257.6,+20.6,KB	+2.87,+233.6,+19.9,AB	
1700020092.930592	+6.68,+8.1,+21.4,OB	+6.67,+13.4,+21.4,OA	+2.93,+230.3,+21.4,DB	+2.73,+241.6,+19.8,NB	+2.45,+258.0,+20.6,AB	+2.87,+233.6,+19.9,AB	
1700020154.9394243	+6.68,+8.0,+21.4,NB	+6.67,+13.4,+21.4,OA	+2.93,+230.2,+21.4,EB	+2.74,+241.1,+19.8,NB	+2.45,+258.0,+20.6,AB	+2.87,+233.7,+19.9,@B	
1700020216.949687	+6.68,+8.0,+21.4,NB	+6.67,+13.4,+21.4,OA	+2.93,+230.1,+21.4,FB	+2.74,+240.9,+19.9,FB	+2.44,+258.7,+20.6,GB	+2.87,+233.7,+19.8,AB	
1700020278.9579763	+6.68,+8.0,+21.3,IB	+6.67,+13.4,+21.4,OA	+2.93,+230.2,+21.4,EB	+2.74,+240.9,+19.9,FB	+2.44,+259.0,+20.6,AB	+2.87,+233.6,+19.9,AB	
1700020340.9686995	+6.68,+8.1,+21.4,OB	+6.67,+13.3,+21.4,HA	+2.93,+230.2,+21.4,EB	+2.74,+241.0,+19.9,NB	+2.43,+259.2,+20.6,DB	+2.87,+233.7,+19.9,@B	
1700020402.978347	+6.68,+8.1,+21.4,OB	+6.67,+13.4,+21.4,OA	+2.93,+230.2,+21.4,EB	+2.74,+241.0,+19.8,OB	+2.43,+259.4,+20.6,BB	+2.87,+233.7,+19.9,@B	
1700020464.9864655	+6.68,+8.0,+21.3,IB	+6.67,+13.4,+21.4,OA	+2.93,+230.3,+21.4,DB	+2.74,+241.0,+19.9,NB	+2.43,+259.4,+20.6,BB	+2.87,+233.7,+19.9,@B	
1700020526.9945116	+6.68,+8.4,+21.4,JB	+6.67,+13.4,+21.4,OA	+2.93,+230.2,+21.4,EB	+2.74,+241.2,+19.8,MB	+2.42,+259.7,+20.6,@B	+2.87,+233.7,+19.9,@B	
1700020589.005283	+6.68,+8.5,+21.4,KB	+6.67,+13.3,+21.4,HA	+2.93,+230.2,+21.4,EB	+2.74,+241.1,+19.9,OB	+2.42,+260.1,+20.7,MB	+2.87,+233.7,+19.9,@B	
1700020651.012519	+6.68,+8.5,+21.4,KB	+6.67,+13.4,+21.4,OA	+2.93,+230.3,+21.4,DB	+2.74,+241.1,+19.9,OB	+2.44,+259.0,+20.6,AB	+2.87,+233.7,+19.9,@B	
1700020713.021532	+6.67,+8.5,+21.4,DB	+6.67,+13.3,+21.4,HA	+2.93,+230.2,+21.4,EB	+2.74,+241.1,+19.9,OB	+2.43,+259.4,+20.6,BB	+2.87,+233.7,+19.9,@B	
1700020775.0308678	+6.68,+8.4,+21.4,JB	+6.67,+13.3,+21.4,HA	+2.93,+230.2,+21.4,EB	+2.74,+241.2,+19.9,LB	+2.43,+259.5,+20.6,CB	+2.87,+233.7,+19.9,@B	
1700020837.0386422	+6.68,+8.4,+21.4,JB	+6.68,+13.3,+21.4,GA	+2.93,+230.2,+21.4,EB	+2.74,+241.3,+19.9,MB	+2.43,+259.3,+20.7,DB	+2.87,+233.7,+19.9,@B	
1700020899.048549	+6.68,+8.5,+21.4,KB	+6.67,+13.4,+21.4,OA	+2.93,+230.2,+21.4,EB	+2.73,+241.5,+19.9,LB	+2.45,+258.1,+20.6,@B	+2.87,+233.7,+19.9,@B	
1700020961.0587244	+6.68,+8.3,+21.4,MB	+6.67,+13.3,+21.4,HA	+2.93,+230.2,+21.4,EB	+2.73,+241.5,+19.9,LB	+2.46,+257.7,+20.6,JB	+2.87,+233.7,+19.9,@B	
1700021023.0668764	+6.68,+8.4,+21.3,MB	+6.68,+13.3,+21.4,GA	+2.93,+230.2,+21.4,EB	+2.73,+241.6,+19.9,OB	+2.46,+257.9,+20.6,DB	+2.87,+233.8,+19.9,OB	
1700021085.077614	+6.68,+8.4,+21.4,JB	+6.67,+13.3,+21.4,HA	+2.93,+230.2,+21.4,EB	+2.73,+241.6,+19.8,NB	+2.46,+257.9,+20.6,DB	+2.87,+233.7,+19.9,@B	
1700021147.0846038	+6.68,+8.4,+21.3,MB	+6.68,+13.3,+21.4,GA	+2.93,+230.2,+21.4,EB	+2.73,+241.8,+19.9,AB	+2.45,+258.2,+20.6,CB	+2.87,+233.7,+19.9,@B	
1700021209.0962033	+6.68,+8.4,+21.4,JB	+6.67,+13.3,+21.4,HA	+2.93,+230.1,+21.4,FB	+2.72,+242.0,+19.9,KB	+2.45,+258.4,+20.6,EB	+2.87,+233.7,+19.9,@B	
1700021271.1036644	+6.68,+8.3,+21.4,MB	+6.68,+13.3,+21.4,GA	+2.93,+230.2,+21.4,EB	+2.72,+242.1,+19.9,JB	+2.44,+258.6,+20.6,FB	+2.87,+233.7,+19.9,@B	
1700021333.1136327	+6.68,+8.3,+21.4,MB	+6.68,+13.3,+21.4,GA	+2.93,+230.2,+21.4,EB	+2.72,+242.1,+19.9,JB	+2.44,+258.7,+20.7,FB	+2.87,+233.8,+19.9,OB	
1700021395.1225884	+6.68,+8.3,+21.4,MB	+6.67,+13.3,+21.4,HA	+2.93,+230.3,+21.4,DB	+2.73,+241.8,+19.9,AB	+2.44,+258.8,+20.6,HB	+2.87,+233.7,+19.9,@B	
1700021457.1335862	+6.68,+8.3,+21.4,MB	+6.67,+13.4,+21.4,OA	+2.93,+230.2,+21.4,EB	+2.73,+241.8,+19.9,AB	+2.44,+258.7,+20.6,GB	+2.87,+233.7,+19.9,@B	
1700021519.1442723	+6.68,+8.3,+21.4,MB	+6.68,+13.3,+21.4,GA	+2.93,+230.2,+21.4,EB	+2.73,+241.9,+19.9,@B	+2.45,+258.3,+20.6,BB	+2.87,+233.7,+19.9,@B	
1700021764.719919	+6.68,+8.1,+21.4,OB	+6.68,+13.3,+21.4,GA	+2.93,+230.2,+21.4,EB	+2.72,+242.1,+19.9,JB	+2.44,+258.7,+20.6,GB	+2.87,+233.6,+19.9,AB	
1700021826.7309346	+6.68,+8.0,+21.4,NB	+6.68,+13.3,+21.4,GA	+2.93,+230.2,+21.4,EB	+2.72,+242.2,+19.9,IB	+2.45,+258.4,+20.6,EB	+2.87,+233.7,+19.8,AB	
1700021888.7414997	+6.69,+7.9,+21.4,IB	+6.68,+13.3,+21.4,GA	+2.93,+230.2,+21.4,EB	+2.72,+242.0,+19.9,KB	+2.45,+257.9,+20.6,GB	+2.87,+233.7,+19.9,@B	
1700021950.7517188	+6.68,+8.0,+21.4,NB	+6.68,+13.3,+21.4,GA	+2.93,+230.2,+21.4,EB	+2.72,+242.0,+19.8,JB	+2.46,+257.4,+20.6,IB	+2.87,+233.7,+19.9,@B	
1700022012.7634082	+6.69,+7.9,+21.4,IB	+6.68,+13.3,+21.4,GA	+2.93,+230.2,+21.4,EB	+2.72,+242.0,+19.8,JB	+2.47,+257.4,+20.6,HB	+2.87,+233.7,+19.8,AB	
1700022074.773673	+6.69,+7.9,+21.4,IB	+6.68,+13.3,+21.4,GA	+2.93,+230.2,+21.4,EB	+2.72,+242.1,+19.9,JB	+2.45,+257.9,+20.6,GB	+2.87,+233.7,+19.8,AB	
1700022136.7842746	+6.69,+7.9,+21.4,IB	+6.68,+13.3,+21.4,GA	+2.93,+230.2,+21.4,EB	+2.72,+242.0,+19.9,KB	+2.45,+258.1,+20.6,@B	+2.87,+233.7,+19.9,@B	
1700022198.7913368	+6.69,+7.9,+21.4,IB	+6.68,+13.2,+21.4,FA	+2.93,+230.3,+21.4,DB	+2.73,+241.9,+19.9,@B	+2.45,+258.1,+20.6,@B	+2.87,+233.8,+19.8,NB	
1700022260.8029902	+6.69,+7.9,+21.4,IB	+6.67,+13.3,+21.4,HA	+2.93,+230.2,+21.4,EB	+2.72,+242.0,+19.9,KB	+2.45,+258.2,+20.6,CB	+2.87,+233.7,+19.9,@B	
1700022322.81374	+6.68,+8.0,+21.4,NB	+6.68,+13.3,+21.4,GA	+2.93,+230.3,+21.4,DB	+2.73,+241.9,+19.8,AB	+2.44,+258.6,+20.6,FB	+2.87,+233.7,+19.9,@B	
1700022384.8242104	+6.68,+8.0,+21.4,NB	+6.67,+13.3,+21.4,HA	+2.93,+230.3,+21.4,DB	+2.73,+241.9,+19.9,@B	+2.45,+258.2,+20.6,CB	+2.87,+233.8,+19.9,OB	
1700022446.835012	+6.68,+8.0,+21.4,NB	+6.68,+13.3,+21.4,GA	+2.93,+230.2,+21.4,EB	+2.73,+241.9,+19.9,@B	+2.48,+256.8,+20.6,JB	+2.87,+233.8,+19.9,OB	
1700022508.8445086	+6.68,+8.0,+21.4,NB	+6.68,+13.3,+21.4,GA	+2.93,+230.2,+21.4,EB	+2.73,+242.0,+19.9,JB	+2.48,+256.7,+20.6,EB	+2.87,+233.8,+19.8,NB	
1700022570.8545494	+6.68,+8.0,+21.4,NB	+6.68,+13.3,+21.4,GA	+2.93,+230.2,+21.4,EB	+2.72,+242.0,+19.9,KB	+2.48,+256.5,+20.6,GB	+2.87,+233.8,+19.8,NB	
1700022632.8655071	+6.68,+8.1,+21.4,OB	+6.68,+13.3,+21.4,GA	+2.93,+230.2,+21.4,EB	+2.72,+242.1,+19.9,JB	+2.47,+256.8,+20.6,EB	+2.87,+233.7,+19.9,@B	
1700022694.8746874	+6.68,+8.1,+21.4,OB	+6.68,+13.3,+21.4,GA	+2.93,+230.2,+21.4,EB	+2.72,+242.1,+19.9,JB	+2.47,+257.3,+20.6,OB	+2.87,+233.8,+19.8,NB	
1700022756.8867786	+6.68,+8.3,+21.4,MB	+6.68,+13.2,+21.4,FA	+2.93,+230.2,+21.4,EB	+2.72,+242.3,+19.9,HB	+2.45,+258.0,+20.6,AB	+2.87,+233.7,+19.9,@B	
1700022818.8976352	+6.68,+8.2,+21.4,LB	+6.68,+13.2,+21.4,FA	+2.93,+230.2,+21.4,EB	+2.72,+242.3,+19.9,HB	+2.45,+258.1,+20.6,@B	+2.87,+233.7,+19.8,AB	
1700022880.9063663	+6.68,+8.3,+21.4,MB	+6.68,+13.2,+21.4,FA	+2.93,+230.2,+21.4,EB	+2.72,+242.3,+19.9,HB	+2.45,+258.1,+20.6,@B	+2.87,+233.7,+19.8,AB	
1700022942.911289	+6.68,+8.3,+21.4,MB	+6.68,+13.2,+21.4,FA	+2.93,+230.2,+21.4,EB	+2.72,+242.4,+19.9,OB	+2.45,+258.0,+20.6,AB	+2.87,+233.7,+19.9,@B	
1700023004.9246054	+6.68,+8.3,+21.4,MB	+6.68,+13.3,+21.4,GA	+2.93,+230.3,+21.4,DB	+2.72,+242.3,+19.9,HB	+2.46,+257.4,+20.6,IB	+2.87,+233.7,+19.9,@B	
1700023066.936007	+6.68,+8.3,+21.4,MB	+6.68,+13.3,+21.4,GA	+2.93,+230.3,+21.4,DB	+2.72,+242.3,+19.9,HB	+2.46,+257.5,+20.6,HB	+2.87,+233.8,+19.9,OB	
1700023128.9449563	+6.68,+8.2,+21.4,LB	+6.68,+13.3,+21.4,GA	+2.93,+230.2,+21.4,EB	+2.72,+242.2,+19.9,IB	+2.46,+257.4,+20.6,IB	+2.87,+233.7,+19.8,AB	
1700023190.9551563	+6.68,+8.3,+21.4,MB	+6.68,+13.3,+21.4,GA	+2.93,+230.2,+21.4,EB	+2.72,+242.2,+19.9,IB	+2.46,+257.4,+20.6,IB	+2.87,+233.8,+19.8,NB	
1700023252.9643219	+6.68,+8.2,+21.4,LB	+6.68,+13.2,+21.4,FA	+2.93,+230.2,+21.4,EB	+2.72,+242.2,+19.9,IB	+2.46,+257.4,+20.6,IB	+2.87,+233.8,+19.9,OB	
1700023314.9731634	+6.68,+8.2,+21.4,LB	+6.68,+13.2,+21.4,FA	+2.93,+230.3,+21.4,DB	+2.72,+242.3,+19.9,HB	+2.46,+257.5,+20.6,HB	+2.87,+233.8,+19.9,OB	
1700023376.9807184	+6.68,+8.2,+21.4,LB	+6.68,+13.3,+21.4,GA	+2.93,+230.3,+21.5,EB	+2.72,+242.1,+19.9,JB	+2.46,+257.7,+20.6,JB	+2.87,+233.7,+19.8,AB	
1700023438.9897683	+6.68,+8.1,+21.4,OB	+6.68,+13.2,+21.4,FA	+2.93,+230.2,+21.4,EB	+2.72,+242.2,+19.9,IB	+2.46,+257.5,+20.6,HB	+2.87,+233.7,+19.8,AB	
1700023500.9986024	+6.68,+8.1,+21.4,OB	+6.68,+13.3,+21.4,GA	+2.93,+230.3,+21.4,DB	+2.72,+242.2,+19.9,IB	+2.46,+257.4,+20.7,HB	+2.87,+233.7,+19.8,AB	
1700023563.0058088	+6.68,+8.0,+21.4,NB	+6.68,+13.3,+21.4,GA	+2.93,+230.2,+21.4,EB	+2.72,+242.2,+19.9,IB	+2.46,+257.4,+20.6,IB	+2.87,+233.7,+19.9,@B	
1700023625.015538	+6.68,+8.0,+21.4,NB	+6.68,+13.2,+21.4,FA	+2.93,+230.2,+21.4,EB	+2.72,+242.2,+19.9,IB	+2.46,+257.7,+20.6,JB	+2.87,+233.7,+19.9,@B	
1700023687.0228438	+6.68,+8.0,+21.4,NB	+6.68,+13.3,+21.4,GA	+2.93,+230.3,+21.4,DB	+2.72,+242.3,+19.9,HB	+2.46,+257.6,+20.6,KB	+2.87,+233.8,+19.9,OB	
1700023749.0326824	+6.69,+7.9,+21.4,IB	+6.68,+13.3,+21.4,GA	+2.93,+230.2,+21.4,EB	+2.72,+242.0,+19.8,JB	+2.46,+257.5,+20.6,HB	+2.87,+233.8,+19.8,NB	
1700023811.0423143	+6.68,+8.1,+21.4,OB	+6.67,+13.4,+21.4,OA	+2.93,+230.2,+21.4,EB	+2.72,+242.1,+19.9,JB	+2.47,+257.3,+20.6,OB	+2.87,+233.7,+19.9,@B	
1700023873.0506775	+6.69,+7.9,+21.4,IB	+6.68,+13.3,+21.4,GA	+2.93,+230.3,+21.4,DB	+2.72,+242.2,+19.8,HB	+2.46,+257.7,+20.6,JB	+2.87,+233.8,+19.8,NB	
1700023935.0608532	+6.69,+7.9,+21.4,IB	+6.68,+13.3,+21.4,GA	+2.93,+230.2,+21.4,EB	+2.72,+242.1,+19.9,JB	+2.45,+258.1,+20.6,@B	+2.87,+233.8,+19.8,NB	
1700023997.0695434	+6.68,+8.0,+21.4,NB	+6.68,+13.3,+21.4,GA	+2.93,+230.2,+21.4,EB	+2.73,+242.0,+19.9,JB	+2.45,+258.3,+20.6,BB	+2.87,+233.7,+19.8,AB	
1700024059.0791044	+6.68,+8.0,+21.4,NB	+6.68,+13.3,+21.4,GA	+2.93,+230.3,+21.4,DB	+2.73,+241.9,+19.9,@B	+2.48,+256.5,+20.6,GB	+2.87,+233.8,+19.8,NB	
1700024121.0891314	+6.68,+8.0,+21.4,NB	+6.67,+13.3,+21.4,HA	+2.93,+230.3,+21.4,DB	+2.73,+241.4,+19.8,LB	+2.51,+255.0,+20.6,IB	+2.87,+233.7,+19.8,AB	
1700024183.0989957	+6.69,+7.9,+21.4,IB	+6.67,+13.3,+21.4,HA	+2.93,+230.3,+21.4,DB	+2.74,+241.4,+19.8,KB	+2.51,+254.8,+20.6,@B	+2.87,+233.8,+19.8,NB	
1700024245.1091418	+6.69,+7.9,+21.4,IB	+6.67,+13.3,+21.4,HA	+2.93,+230.3,+21.4,DB	+2.74,+241.4,+19.9,JB	+2.51,+254.8,+20.6,@B	+2.87,+233.8,+19.9,OB	
1700024307.1198533	+6.69,+7.8,+21.4,HB	+6.68,+13.3,+21.4,GA	+2.93,+230.3,+21.4,DB	+2.73,+241.4,+19.9,MB	+2.51,+254.6,+20.6,NB	+2.87,+233.8,+19.8,NB	
1700024369.1280723	+6.69,+7.8,+21.4,HB	+6.68,+13.3,+21.4,GA	+2.93,+230.2,+21.4,EB	+2.73,+241.6,+19.9,OB	+2.49,+255.9,+20.6,IB	+2.87,+233.8,+19.9,OB	
1700024431.1383722	+6.69,+7.8,+21.4,HB	+6.68,+13.3,+21.4,GA	+2.93,+230.3,+21.4,DB	+2.73,+241.6,+19.9,OB	+2.48,+256.7,+20.6,EB	+2.87,+233.8,+19.8,NB	
1700024493.1477606	+6.69,+7.8,+21.4,HB	+6.68,+13.3,+21.4,GA	+2.93,+230.3,+21.4,DB	+2.73,+241.6,+19.8,NB	+2.47,+257.0,+20.6,LB	+2.87,+233.8,+19.8,NB	
1700024555.1570692	+6.69,+7.7,+21.4,GB	+6.67,+13.3,+21.4,HA	+2.93,+230.2,+21.4,EB	+2.73,+241.7,+19.9,NB	+2.48,+256.7,+20.6,EB	+2.87,+233.7,+19.8,AB	
1700024617.1669004	+6.69,+7.7,+21.4,GB	+6.68,+13.3,+21.4,GA	+2.93,+230.2,+21.4,EB	+2.73,+241.7,+19.9,NB	+2.48,+256.5,+20.6,GB	+2.87,+233.7,+19.9,@B	
1700024679.176657	+6.69,+7.8,+21.4,HB	+6.68,+13.3,+21.4,GA	+2.93,+230.2,+21.4,EB	+2.73,+241.8,+19.9,AB	+2.48,+256.4,+20.6,FB	+2.87,+233.7,+19.8,AB	
1700024741.1843224	+6.69,+7.8,+21.4,HB	+6.68,+13.3,+21.4,GA	+2.93,+230.3,+21.4,DB	+2.73,+242.0,+19.9,JB	+2.48,+256.4,+20.6,FB	+2.87,+233.7,+19.9,@B	
1700024803.1918595	+6.69,+7.7,+21.4,GB	+6.68,+13.3,+21.4,GA	+2.93,+230.2,+21.4,EB	+2.72,+242.0,+19.9,KB	+2.48,+256.2,+20.6,@B	+2.87,+233.7,+19.9,@B	
1700024865.2041366	+6.69,+7.8,+21.4,HB	+6.68,+13.3,+21.4,GA	+2.93,+230.3,+21.4,DB	+2.73,+241.8,+19.8,@B	+2.48,+256.6,+20.6,DB	+2.87,+233.8,+19.8,NB	
1700024927.2147837	+6.68,+8.0,+21.4,NB	+6.68,+13.3,+21.4,GA	+2.93,+230.3,+21.4,DB	+2.73,+241.9,+19.9,@B	+2.48,+256.7,+20.6,EB	+2.87,+233.8,+19.9,OB	
1700024989.2205873	+6.68,+8.0,+21.4,NB	+6.67,+13.3,+21.4,HA	+2.93,+230.3,+21.5,EB	+2.73,+241.9,+19.9,@B	+2.47,+257.0,+20.6,LB	+2.87,+233.7,+19.8,AB	
1700025051.230859	+6.68,+8.1,+21.4,OB	+6.67,+13.4,+21.4,OA	+2.93,+230.3,+21.4,DB	+2.73,+241.8,+19.9,AB	+2.46,+257.5,+20.6,HB	+2.87,+233.7,+19.9,@B	
1700025113.2395937	+6.68,+8.2,+21.4,LB	+6.68,+13.3,+21.4,GA	+2.93,+230.3,+21.4,DB	+2.73,+241.8,+19.8,@B	+2.46,+257.9,+20.6,DB	+2.87,+233.8,+19.8,NB	
1700025175.2477024	+6.68,+8.3,+21.4,MB	+6.68,+13.3,+21.4,GA	+2.93,+230.3,+21.4,DB	+2.73,+241.8,+19.9,AB	+2.46,+257.7,+20.6,JB	+2.87,+233.8,+19.8,NB	
1700025237.257286	+6.68,+8.3,+21.4,MB	+6.68,+13.3,+21.4,GA	+2.93,+230.3,+21.4,DB	+2.73,+241.9,+19.9,@B	+2.46,+257.7,+20.6,JB	+2.87,+233.8,+19.8,NB	
1700025299.2670088	+6.68,+8.2,+21.4,LB	+6.68,+13.3,+21.4,GA	+2.93,+230.3,+21.4,DB	+2.73,+241.9,+19.9,@B	+2.45,+258.4,+20.6,EB	+2.87,+233.9,+19.8,OB	
1700025361.2771971	+6.68,+8.2,+21.4,LB	+6.68,+13.3,+21.4,GA	+2.93,+230.3,+21.4,DB	+2.73,+241.9,+19.9,@B	+2.45,+258.3,+20.6,BB	+2.87,+233.8,+19.8,NB	
1700025606.8725471	+6.68,+8.1,+21.4,OB	+6.68,+13.3,+21.4,GA	+2.93,+230.2,+21.4,EB	+2.73,+241.8,+19.9,AB	+2.46,+257.5,+20.6,HB	+2.87,+233.6,+19.8,@B	
1700025668.8840258	+6.68,+8.1,+21.4,OB	+6.68,+13.2,+21.4,FA	+2.93,+230.3,+21.4,DB	+2.73,+241.8,+19.9,AB	+2.45,+257.9,+20.6,GB	+2.87,+233.8,+19.8,NB	
1700025730.8932247	+6.68,+8.1,+21.4,OB	+6.68,+13.3,+21.4,GA	+2.93,+230.3,+21.4,DB	+2.73,+241.8,+19.9,AB	+2.45,+258.0,+20.6,AB	+2.87,+233.8,+19.9,OB	
1700025792.9016144	+6.68,+8.1,+21.4,OB	+6.68,+13.3,+21.4,GA	+2.93,+230.3,+21.4,DB	+2.72,+242.0,+19.9,KB	+2.45,+258.3,+20.6,BB	+2.87,+233.8,+19.8,NB	
1700025854.9093754	+6.68,+8.1,+21.4,OB	+6.68,+13.3,+21.4,GA	+2.93,+230.3,+21.5,EB	+2.72,+242.1,+19.8,KB	+2.45,+258.5,+20.6,DB	+2.87,+233.7,+19.9,@B	
1700025916.9149747	+6.68,+8.2,+21.4,LB	+6.68,+13.3,+21.4,GA	+2.93,+230.2,+21.4,EB	+2.72,+242.2,+19.8,HB	+2.44,+258.6,+20.6,FB	+2.87,+233.8,+19.9,OB	
1700025978.9262543	+6.68,+8.2,+21.4,LB	+6.68,+13.3,+21.4,GA	+2.93,+230.3,+21.4,DB	+2.72,+242.2,+19.9,IB	+2.44,+258.6,+20.6,FB	+2.87,+233.8,+19.8,NB	
1700026040.9357195	+6.68,+8.2,+21.4,LB	+6.68,+13.3,+21.4,GA	+2.93,+230.4,+21.4,CB	+2.72,+242.2,+19.8,HB	+2.44,+258.8,+20.6,HB	+2.87,+233.8,+19.8,NB	
1700026102.9447134	+6.68,+8.1,+21.4,OB	+6.68,+13.3,+21.4,GA	+2.93,+230.3,+21.4,DB	+2.72,+242.2,+19.9,IB	+2.45,+258.4,+20.7,DB	+2.87,+233.8,+19.9,OB	
