62309060476	62309060477	62309060478	62309060479	62309060481	62309060482	
1700285323.0998983	+6.52,+17.7,+21.3,IA	+6.48,+24.7,+21.3,BA	+6.51,+24.6,+21.4,LA	+2.64,+247.0,+19.7,GB	+2.31,+266.2,+20.5,NB	+6.91,+3.3,+19.7,HB	
1700285385.1072645	+6.52,+17.7,+21.4,NA	+6.48,+24.7,+21.3,BA	+6.51,+24.7,+21.4,MA	+2.64,+246.9,+19.7,OB	+2.31,+266.2,+20.5,NB	+6.91,+3.4,+19.7,OB	
1700285447.1145608	+6.52,+17.7,+21.3,IA	+6.48,+24.7,+21.3,BA	+6.51,+24.7,+21.4,MA	+2.64,+246.8,+19.7,NB	+2.31,+266.3,+20.5,OB	+6.91,+3.4,+19.7,OB	
1700285509.1258867	+6.52,+17.7,+21.4,NA	+6.48,+24.7,+21.3,BA	+6.51,+24.6,+21.4,LA	+2.64,+246.9,+19.7,OB	+2.30,+266.5,+20.5,HB	+6.91,+3.4,+19.7,OB	
1700285571.1356905	+6.51,+17.8,+21.4,BA	+6.48,+24.7,+21.3,BA	+6.51,+24.6,+21.4,LA	+2.64,+246.8,+19.7,NB	+2.30,+266.6,+20.5,KB	+6.91,+3.3,+19.7,HB	
1700285633.1437376	+6.52,+17.7,+21.4,NA	+6.48,+24.8,+21.3,MA	+6.51,+24.6,+21.4,LA	+2.64,+246.8,+19.7,NB	+2.30,+266.5,+20.5,HB	+6.91,+3.3,+19.7,HB	
1700285695.153317	+6.52,+17.7,+21.3,IA	+6.48,+24.7,+21.3,BA	+6.51,+24.7,+21.4,MA	+2.64,+246.7,+19.7,AB	+2.31,+266.3,+20.5,OB	+6.91,+3.4,+19.7,OB	
1700285757.1622822	+6.52,+17.7,+21.3,IA	+6.48,+24.6,+21.3,CA	+6.51,+24.6,+21.4,LA	+2.64,+246.8,+19.8,AB	+2.31,+266.0,+20.5,LB	+6.91,+3.3,+19.7,HB	
1700285819.1712918	+6.52,+17.7,+21.4,NA	+6.48,+24.6,+21.3,CA	+6.51,+24.7,+21.4,MA	+2.64,+246.8,+19.7,NB	+2.37,+262.6,+20.5,HB	+6.91,+3.4,+19.7,OB	
1700285881.1805902	+6.52,+17.7,+21.4,NA	+6.48,+24.7,+21.3,BA	+6.51,+24.6,+21.4,LA	+2.64,+246.7,+19.7,AB	+2.39,+261.6,+20.5,EB	+6.91,+3.4,+19.7,OB	
1700285943.1854048	+6.52,+17.7,+21.3,IA	+6.48,+24.7,+21.3,BA	+6.51,+24.7,+21.4,MA	+2.64,+246.8,+19.7,NB	+2.39,+261.6,+20.5,EB	+6.91,+3.4,+19.7,OB	
1700286005.1960986	+6.52,+17.7,+21.3,IA	+6.48,+24.7,+21.3,BA	+6.51,+24.6,+21.4,LA	+2.64,+246.7,+19.7,AB	+2.39,+261.4,+20.5,GB	+6.91,+3.3,+19.7,HB	
1700286067.202886	+6.52,+17.7,+21.4,NA	+6.48,+24.7,+21.3,BA	+6.51,+24.6,+21.4,LA	+2.64,+246.8,+19.7,NB	+2.39,+261.6,+20.5,EB	+6.91,+3.4,+19.7,OB	
1700286129.2124102	+6.52,+17.7,+21.3,IA	+6.48,+24.7,+21.3,BA	+6.51,+24.7,+21.4,MA	+2.64,+246.9,+19.7,OB	+2.39,+261.8,+20.5,KB	+6.91,+3.3,+19.7,HB	
1700286191.2223678	+6.52,+17.7,+21.4,NA	+6.48,+24.7,+21.3,BA	+6.51,+24.7,+21.4,MA	+2.64,+247.0,+19.7,GB	+2.38,+262.0,+20.5,AB	+6.91,+3.4,+19.7,OB	
1700286253.229847	+6.52,+17.7,+21.3,IA	+6.48,+24.7,+21.3,BA	+6.51,+24.8,+21.4,BA	+2.64,+246.8,+19.7,NB	+2.38,+262.1,+20.5,@B	+6.91,+3.4,+19.7,OB	
1700286315.2396047	+6.52,+17.7,+21.4,NA	+6.48,+24.7,+21.3,BA	+6.51,+24.7,+21.4,MA	+2.64,+247.0,+19.7,GB	+2.29,+267.1,+20.5,EB	+6.91,+3.4,+19.7,OB	
1700286377.2492437	+6.52,+17.7,+21.3,IA	+6.48,+24.7,+21.3,BA	+6.51,+24.7,+21.4,MA	+2.64,+246.9,+19.7,OB	+2.30,+267.0,+20.5,LB	+6.91,+3.4,+19.7,OB	
1700286439.2604241	+6.52,+17.7,+21.4,NA	+6.48,+24.7,+21.3,BA	+6.51,+24.7,+21.4,MA	+2.64,+246.9,+19.7,OB	+2.30,+266.9,+20.5,DB	+6.91,+3.4,+19.7,OB	
1700286501.269056	+6.52,+17.7,+21.4,NA	+6.48,+24.7,+21.3,BA	+6.51,+24.7,+21.4,MA	+2.64,+246.9,+19.7,OB	+2.30,+266.9,+20.5,DB	+6.91,+3.4,+19.7,OB	
1700286563.2778397	+6.52,+17.7,+21.4,NA	+6.48,+24.7,+21.3,BA	+6.51,+24.7,+21.4,MA	+2.64,+246.9,+19.7,OB	+2.29,+267.0,+20.5,DB	+6.91,+3.4,+19.7,OB	
1700286625.2886128	+6.52,+17.7,+21.3,IA	+6.48,+24.7,+21.3,BA	+6.51,+24.7,+21.4,MA	+2.63,+247.0,+19.7,@B	+2.29,+267.1,+20.5,EB	+6.91,+3.3,+19.7,HB	
1700286870.8699663	+6.52,+17.7,+21.4,NA	+6.48,+24.8,+21.3,MA	+6.51,+24.7,+21.4,MA	+2.63,+247.1,+19.7,AB	+2.29,+267.0,+20.5,DB	+6.91,+3.4,+19.7,OB	
1700286932.8804262	+6.52,+17.7,+21.4,NA	+6.48,+24.7,+21.3,BA	+6.51,+24.7,+21.4,MA	+2.63,+247.2,+19.7,BB	+2.33,+264.9,+20.5,EB	+6.91,+3.4,+19.7,OB	
1700286994.8904445	+6.52,+17.7,+21.4,NA	+6.48,+24.8,+21.3,MA	+6.51,+24.7,+21.4,MA	+2.63,+247.2,+19.7,BB	+2.34,+264.4,+20.5,OB	+6.91,+3.4,+19.7,OB	
1700287056.8985631	+6.52,+17.7,+21.4,NA	+6.48,+24.7,+21.3,BA	+6.51,+24.7,+21.4,MA	+2.63,+247.2,+19.7,BB	+2.34,+264.5,+20.5,NB	+6.91,+3.4,+19.7,OB	
1700287118.9081488	+6.52,+17.7,+21.4,NA	+6.48,+24.7,+21.3,BA	+6.51,+24.7,+21.4,MA	+2.63,+247.1,+19.7,AB	+2.34,+264.4,+20.5,OB	+6.91,+3.4,+19.7,OB	
1700287180.91678	+6.52,+17.7,+21.4,NA	+6.48,+24.7,+21.3,BA	+6.51,+24.7,+21.4,MA	+2.63,+247.1,+19.7,AB	+2.33,+264.8,+20.5,DB	+6.91,+3.4,+19.7,OB	
1700287242.9263608	+6.52,+17.7,+21.4,NA	+6.48,+24.7,+21.3,BA	+6.51,+24.6,+21.4,LA	+2.64,+247.0,+19.7,GB	+2.33,+265.1,+20.5,LB	+6.91,+3.4,+19.7,OB	
1700287304.934492	+6.52,+17.7,+21.4,NA	+6.48,+24.8,+21.3,MA	+6.51,+24.7,+21.5,LA	+2.63,+247.0,+19.7,@B	+2.32,+265.4,+20.5,HB	+6.91,+3.3,+19.7,HB	
1700287366.9425898	+6.52,+17.7,+21.4,NA	+6.48,+24.7,+21.3,BA	+6.51,+24.7,+21.4,MA	+2.65,+246.3,+19.8,KB	+2.32,+265.6,+20.5,JB	+6.91,+3.4,+19.7,OB	
1700287428.953599	+6.52,+17.7,+21.4,NA	+6.48,+24.7,+21.3,BA	+6.51,+24.7,+21.4,MA	+2.64,+246.5,+19.7,CB	+2.32,+265.7,+20.5,KB	+6.91,+3.4,+19.7,OB	
1700287490.9641497	+6.52,+17.7,+21.4,NA	+6.48,+24.7,+21.3,BA	+6.51,+24.7,+21.4,MA	+2.64,+246.7,+19.7,AB	+2.32,+265.7,+20.5,KB	+6.91,+3.3,+19.7,HB	
1700287552.9744954	+6.52,+17.7,+21.4,NA	+6.48,+24.7,+21.3,BA	+6.51,+24.7,+21.4,MA	+2.63,+247.0,+19.7,@B	+2.32,+265.6,+20.5,JB	+6.91,+3.4,+19.7,OB	
1700287614.9837224	+6.52,+17.6,+21.4,OA	+6.48,+24.7,+21.3,BA	+6.51,+24.7,+21.4,MA	+2.64,+247.0,+19.7,GB	+2.32,+265.8,+20.5,DB	+6.91,+3.4,+19.7,OB	
1700287676.9919195	+6.52,+17.7,+21.4,NA	+6.48,+24.7,+21.3,BA	+6.51,+24.7,+21.4,MA	+2.63,+247.1,+19.7,AB	+2.31,+266.1,+20.5,MB	+6.91,+3.4,+19.7,OB	
1700287739.0018942	+6.52,+17.7,+21.4,NA	+6.48,+24.7,+21.3,BA	+6.51,+24.7,+21.5,LA	+2.64,+246.9,+19.7,OB	+2.31,+266.1,+20.5,MB	+6.91,+3.4,+19.7,OB	
1700287801.0107963	+6.52,+17.7,+21.4,NA	+6.48,+24.8,+21.3,MA	+6.51,+24.6,+21.4,LA	+2.64,+246.9,+19.7,OB	+2.31,+266.1,+20.5,MB	+6.91,+3.4,+19.7,OB	
1700287863.0192928	+6.52,+17.7,+21.4,NA	+6.48,+24.8,+21.3,MA	+6.51,+24.7,+21.4,MA	+2.64,+246.7,+19.7,AB	+2.32,+265.8,+20.5,DB	+6.91,+3.5,+19.8,AB	
1700287925.026891	+6.52,+17.7,+21.4,NA	+6.48,+24.8,+21.3,MA	+6.51,+24.7,+21.4,MA	+2.64,+246.8,+19.7,NB	+2.32,+265.6,+20.5,JB	+6.91,+3.4,+19.7,OB	
1700287987.036014	+6.52,+17.7,+21.4,NA	+6.48,+24.7,+21.3,BA	+6.51,+24.7,+21.4,MA	+2.64,+246.8,+19.7,NB	+2.31,+266.1,+20.5,MB	+6.91,+3.4,+19.7,OB	
1700288049.0434017	+6.52,+17.6,+21.4,OA	+6.48,+24.8,+21.3,MA	+6.51,+24.7,+21.4,MA	+2.64,+246.9,+19.7,OB	+2.31,+266.1,+20.5,MB	+6.91,+3.4,+19.7,OB	
1700288111.0508754	+6.52,+17.7,+21.4,NA	+6.48,+24.8,+21.3,MA	+6.51,+24.7,+21.4,MA	+2.63,+247.0,+19.7,@B	+2.32,+265.7,+20.5,KB	+6.91,+3.3,+19.7,HB	
1700288173.0586493	+6.52,+17.7,+21.4,NA	+6.48,+24.7,+21.3,BA	+6.51,+24.7,+21.4,MA	+2.63,+247.1,+19.7,AB	+2.32,+265.4,+20.5,HB	+6.91,+3.4,+19.7,OB	
1700288235.0687206	+6.52,+17.7,+21.4,NA	+6.48,+24.8,+21.3,MA	+6.51,+24.7,+21.4,MA	+2.64,+247.0,+19.7,GB	+2.32,+265.8,+20.5,DB	+6.91,+3.4,+19.7,OB	
1700288297.0776026	+6.52,+17.7,+21.4,NA	+6.48,+24.8,+21.3,MA	+6.51,+24.7,+21.4,MA	+2.63,+247.0,+19.7,@B	+2.32,+265.8,+20.5,DB	+6.91,+3.4,+19.7,OB	
1700288359.087166	+6.52,+17.7,+21.4,NA	+6.48,+24.7,+21.3,BA	+6.51,+24.7,+21.4,MA	+2.63,+247.1,+19.7,AB	+2.31,+266.0,+20.5,LB	+6.91,+3.4,+19.8,@B	
1700288421.096713	+6.52,+17.7,+21.4,NA	+6.48,+24.8,+21.3,MA	+6.51,+24.7,+21.5,LA	+2.63,+247.1,+19.7,AB	+2.31,+266.0,+20.5,LB	+6.91,+3.4,+19.7,OB	
1700288483.1034021	+6.52,+17.7,+21.4,NA	+6.48,+24.8,+21.3,MA	+6.51,+24.7,+21.4,MA	+2.63,+247.1,+19.7,AB	+2.31,+266.3,+20.5,OB	+6.91,+3.4,+19.7,OB	
1700288545.1139276	+6.52,+17.7,+21.4,NA	+6.48,+24.8,+21.3,MA	+6.51,+24.7,+21.4,MA	+2.63,+247.2,+19.7,BB	+2.30,+266.5,+20.5,HB	+6.91,+3.4,+19.7,OB	
1700288607.1214936	+6.52,+17.7,+21.4,NA	+6.48,+24.8,+21.3,MA	+6.51,+24.9,+21.4,CA	+2.63,+247.1,+19.7,AB	+2.31,+266.3,+20.5,OB	+6.91,+3.4,+19.7,OB	
1700288669.1308165	+6.52,+17.7,+21.4,NA	+6.48,+24.8,+21.3,MA	+6.51,+24.8,+21.4,BA	+2.63,+247.1,+19.7,AB	+2.31,+266.1,+20.5,MB	+6.91,+3.4,+19.7,OB	
1700288731.139297	+6.52,+17.7,+21.4,NA	+6.48,+24.8,+21.3,MA	+6.51,+24.7,+21.4,MA	+2.64,+247.0,+19.7,GB	+2.31,+266.1,+20.5,MB	+6.91,+3.4,+19.7,OB	
1700288793.1503768	+6.52,+17.7,+21.4,NA	+6.48,+24.8,+21.3,MA	+6.51,+24.8,+21.5,CA	+2.64,+246.8,+19.8,AB	+2.31,+266.1,+20.5,MB	+6.91,+3.4,+19.7,OB	
1700288855.1585429	+6.52,+17.6,+21.4,OA	+6.48,+24.8,+21.3,MA	+6.51,+24.7,+21.4,MA	+2.64,+246.7,+19.7,AB	+2.31,+266.2,+20.5,NB	+6.91,+3.4,+19.7,OB	
1700288917.1652434	+6.52,+17.8,+21.4,AA	+6.48,+24.8,+21.3,MA	+6.51,+24.7,+21.4,MA	+2.64,+246.7,+19.8,NB	+2.31,+266.2,+20.5,NB	+6.91,+3.4,+19.7,OB	
1700288979.175231	+6.52,+17.7,+21.4,NA	+6.48,+24.8,+21.3,MA	+6.51,+24.7,+21.4,MA	+2.64,+246.8,+19.7,NB	+2.31,+266.3,+20.5,OB	+6.91,+3.4,+19.7,OB	
1700289041.1843402	+6.52,+17.7,+21.4,NA	+6.48,+24.8,+21.3,MA	+6.51,+24.7,+21.4,MA	+2.65,+246.4,+19.7,CB	+2.31,+266.4,+20.5,HB	+6.91,+3.5,+19.8,AB	
1700289103.1946912	+6.51,+17.8,+21.4,BA	+6.48,+24.7,+21.3,BA	+6.51,+24.7,+21.5,LA	+2.65,+246.4,+19.8,LB	+2.31,+266.4,+20.5,HB	+6.91,+3.4,+19.8,@B	
1700289165.2010074	+6.52,+17.7,+21.4,NA	+6.48,+24.8,+21.3,MA	+6.51,+24.7,+21.5,LA	+2.65,+246.3,+19.8,KB	+2.32,+265.9,+20.5,EB	+6.91,+3.4,+19.8,@B	
1700289227.2077477	+6.52,+17.7,+21.4,NA	+6.48,+24.8,+21.3,MA	+6.51,+24.7,+21.4,MA	+2.65,+246.3,+19.8,KB	+2.31,+266.0,+20.5,LB	+6.91,+3.4,+19.7,OB	
1700289289.2181299	+6.52,+17.7,+21.4,NA	+6.48,+24.8,+21.3,MA	+6.51,+24.7,+21.5,LA	+2.64,+246.5,+19.8,LB	+2.31,+266.1,+20.6,NB	+6.91,+3.6,+19.7,MB	
1700289351.226834	+6.52,+17.7,+21.4,NA	+6.48,+24.8,+21.3,MA	+6.51,+24.7,+21.5,LA	+2.65,+245.9,+19.7,MB	+2.40,+261.1,+20.5,LB	+6.91,+3.4,+19.8,@B	
1700289413.2369008	+6.52,+17.7,+21.4,NA	+6.48,+24.8,+21.3,MA	+6.51,+24.7,+21.4,MA	+2.65,+246.1,+19.8,IB	+2.41,+260.7,+20.6,IB	+6.91,+3.4,+19.7,OB	
1700289475.2468	+6.52,+17.7,+21.4,NA	+6.48,+24.8,+21.3,MA	+6.51,+24.7,+21.5,LA	+2.65,+246.2,+19.8,JB	+2.33,+264.9,+20.5,EB	+6.91,+3.3,+19.8,GB	
1700289537.2553768	+6.52,+17.7,+21.4,NA	+6.48,+24.8,+21.3,MA	+6.51,+24.8,+21.4,BA	+2.64,+246.5,+19.7,CB	+2.33,+264.8,+20.5,DB	+6.91,+3.4,+19.8,@B	
1700289599.2649078	+6.52,+17.7,+21.4,NA	+6.48,+24.8,+21.3,MA	+6.51,+24.8,+21.5,CA	+2.64,+246.6,+19.8,OB	+2.33,+264.8,+20.5,DB	+6.91,+3.4,+19.8,@B	
1700289661.2738051	+6.52,+17.7,+21.4,NA	+6.48,+24.9,+21.3,LA	+6.51,+24.8,+21.5,CA	+2.64,+246.9,+19.8,@B	+2.35,+264.1,+20.5,KB	+6.91,+3.4,+19.8,@B	
1700289723.2808993	+6.52,+17.7,+21.4,NA	+6.48,+24.8,+21.3,MA	+6.51,+24.7,+21.5,LA	+2.63,+247.1,+19.8,NB	+2.34,+264.6,+20.6,NB	+6.91,+3.4,+19.8,@B	
1700289785.2869072	+6.52,+17.7,+21.4,NA	+6.48,+24.8,+21.3,MA	+6.51,+24.8,+21.5,CA	+2.64,+246.9,+19.7,OB	+2.34,+264.7,+20.5,LB	+6.91,+3.4,+19.8,@B	
1700289847.2952938	+6.52,+17.7,+21.4,NA	+6.48,+24.8,+21.3,MA	+6.51,+24.7,+21.4,MA	+2.64,+246.8,+19.7,NB	+2.33,+265.0,+20.5,MB	+6.91,+3.4,+19.8,@B	
1700289909.3015258	+6.52,+17.7,+21.4,NA	+6.48,+24.8,+21.3,MA	+6.51,+24.7,+21.5,LA	+2.64,+246.7,+19.8,NB	+2.33,+265.1,+20.5,LB	+6.91,+3.5,+19.8,AB	
1700289971.311295	+6.52,+17.7,+21.4,NA	+6.47,+24.9,+21.3,CA	+6.51,+24.8,+21.4,BA	+2.64,+246.6,+19.8,OB	+2.33,+264.8,+20.5,DB	+6.91,+3.5,+19.8,AB	
1700290033.3203363	+6.52,+17.7,+21.4,NA	+6.48,+24.9,+21.3,LA	+6.51,+24.7,+21.4,MA	+2.64,+246.8,+19.8,AB	+2.33,+265.1,+20.6,OB	+6.91,+3.4,+19.8,@B	
1700290095.3302932	+6.52,+17.8,+21.4,AA	+6.48,+24.8,+21.3,MA	+6.51,+24.7,+21.5,LA	+2.64,+246.7,+19.8,NB	+2.32,+265.6,+20.6,IB	+6.91,+3.4,+19.8,@B	
1700290157.3390791	+6.52,+17.7,+21.4,NA	+6.48,+24.8,+21.3,MA	+6.51,+24.7,+21.5,LA	+2.64,+246.8,+19.7,NB	+2.32,+265.6,+20.6,IB	+6.91,+3.4,+19.8,@B	
1700290219.3479095	+6.52,+17.7,+21.4,NA	+6.48,+24.8,+21.3,MA	+6.51,+24.8,+21.5,CA	+2.65,+246.5,+19.8,MB	+2.32,+265.5,+20.6,JB	+6.91,+3.5,+19.8,AB	
1700290281.3577192	+6.52,+17.7,+21.4,NA	+6.48,+24.9,+21.3,LA	+6.51,+24.7,+21.5,LA	+2.64,+246.5,+19.7,CB	+2.33,+265.3,+20.6,MB	+6.91,+3.5,+19.8,AB	
1700290343.3654432	+6.52,+17.7,+21.4,NA	+6.48,+24.9,+21.3,LA	+6.51,+24.7,+21.5,LA	+2.64,+246.6,+19.8,OB	+2.32,+265.4,+20.6,KB	+6.91,+3.4,+19.8,@B	
1700290405.3746476	+6.52,+17.7,+21.4,NA	+6.47,+24.9,+21.3,CA	+6.51,+24.8,+21.5,CA	+2.64,+246.8,+19.8,AB	+2.33,+265.2,+20.6,LB	+6.91,+3.5,+19.8,AB	
1700290467.3844004	+6.52,+17.7,+21.4,NA	+6.48,+24.9,+21.3,LA	+6.51,+24.8,+21.5,CA	+2.65,+246.2,+19.8,JB	+2.32,+265.4,+20.6,KB	+6.91,+3.4,+19.8,@B	
1700290713.0014968	+6.52,+17.7,+21.4,NA	+6.48,+24.9,+21.3,LA	+6.51,+24.7,+21.5,LA	+2.65,+246.4,+19.8,LB	+2.35,+263.7,+20.6,IB	+6.91,+3.4,+19.8,@B	
1700290775.0123827	+6.52,+17.7,+21.5,OA	+6.48,+24.9,+21.3,LA	+6.51,+24.8,+21.5,CA	+2.65,+246.4,+19.8,LB	+2.33,+264.9,+20.5,EB	+6.91,+3.5,+19.8,AB	
1700290837.021735	+6.52,+17.7,+21.4,NA	+6.47,+24.9,+21.3,CA	+6.51,+24.8,+21.5,CA	+2.64,+246.5,+19.8,LB	+2.32,+265.6,+20.6,IB	+6.91,+3.4,+19.8,@B	
1700290899.0328755	+6.52,+17.7,+21.4,NA	+6.47,+24.9,+21.3,CA	+6.50,+24.9,+21.5,CA	+2.64,+246.5,+19.8,LB	+2.32,+265.8,+20.6,GB	+6.91,+3.4,+19.8,@B	
1700290961.0403583	+6.52,+17.7,+21.4,NA	+6.48,+24.9,+21.3,LA	+6.51,+24.8,+21.5,CA	+2.64,+246.7,+19.8,NB	+2.31,+266.0,+20.6,OB	+6.91,+3.4,+19.8,@B	
1700291023.0481853	+6.52,+17.7,+21.4,NA	+6.48,+24.9,+21.3,LA	+6.51,+24.8,+21.5,CA	+2.64,+246.7,+19.8,NB	+2.32,+265.5,+20.6,JB	+6.91,+3.4,+19.8,@B	
1700291085.0567434	+6.52,+17.7,+21.4,NA	+6.47,+24.9,+21.3,CA	+6.51,+24.8,+21.5,CA	+2.64,+246.8,+19.8,AB	+2.32,+265.5,+20.6,JB	+6.91,+3.4,+19.8,@B	
1700291147.0645816	+6.52,+17.7,+21.4,NA	+6.47,+24.9,+21.3,CA	+6.51,+24.8,+21.5,CA	+2.66,+245.6,+19.8,NB	+2.32,+265.6,+20.6,IB	+6.91,+3.4,+19.8,@B	
1700291209.0779357	+6.52,+17.7,+21.4,NA	+6.47,+24.9,+21.3,CA	+6.51,+24.7,+21.5,LA	+2.66,+245.6,+19.8,NB	+2.33,+265.3,+20.6,MB	+6.91,+3.5,+19.8,AB	
1700291271.0868545	+6.52,+17.7,+21.4,NA	+6.47,+24.9,+21.3,CA	+6.51,+24.7,+21.5,LA	+2.66,+245.6,+19.8,NB	+2.32,+265.4,+20.6,KB	+6.91,+3.4,+19.8,@B	
1700291333.0950737	+6.52,+17.7,+21.4,NA	+6.47,+25.0,+21.3,KA	+6.51,+24.8,+21.5,CA	+2.66,+245.6,+19.8,NB	+2.32,+265.6,+20.6,IB	+6.91,+3.5,+19.8,AB	
1700291395.105214	+6.52,+17.7,+21.4,NA	+6.47,+24.9,+21.3,CA	+6.51,+24.8,+21.5,CA	+2.66,+245.8,+19.8,@B	+2.32,+265.9,+20.6,FB	+6.91,+3.4,+19.8,@B	
1700291457.1148286	+6.52,+17.7,+21.4,NA	+6.47,+24.9,+21.3,CA	+6.51,+24.8,+21.5,CA	+2.66,+245.8,+19.8,@B	+2.31,+266.0,+20.6,OB	+6.91,+3.4,+19.8,@B	
1700291519.1250873	+6.52,+17.7,+21.4,NA	+6.47,+24.9,+21.3,CA	+6.51,+24.8,+21.5,CA	+2.65,+246.0,+19.8,HB	+2.31,+266.2,+20.6,MB	+6.91,+3.5,+19.8,AB	
1700291581.1343813	+6.52,+17.7,+21.5,OA	+6.47,+24.9,+21.3,CA	+6.51,+24.8,+21.5,CA	+2.65,+246.0,+19.8,HB	+2.31,+266.2,+20.6,MB	+6.91,+3.4,+19.8,@B	
1700291643.1452675	+6.52,+17.7,+21.4,NA	+6.47,+25.0,+21.3,KA	+6.51,+24.8,+21.5,CA	+2.66,+245.8,+19.8,@B	+2.32,+265.7,+20.6,HB	+6.91,+3.5,+19.8,AB	
1700291705.1543097	+6.52,+17.6,+21.4,OA	+6.48,+24.9,+21.3,LA	+6.51,+24.8,+21.5,CA	+2.66,+245.7,+19.8,OB	+2.32,+265.8,+20.6,GB	+6.91,+3.4,+19.8,@B	
1700291767.1644483	+6.52,+17.7,+21.5,OA	+6.47,+24.9,+21.3,CA	+6.51,+24.8,+21.5,CA	+2.65,+246.0,+19.8,HB	+2.31,+266.3,+20.6,LB	+6.91,+3.4,+19.8,@B	
1700291829.1746464	+6.52,+17.7,+21.4,NA	+6.47,+24.9,+21.3,CA	+6.51,+24.7,+21.5,LA	+2.65,+246.2,+19.8,JB	+2.31,+266.2,+20.6,MB	+6.91,+3.4,+19.8,@B	
1700291891.185075	+6.52,+17.7,+21.5,OA	+6.47,+24.9,+21.3,CA	+6.51,+24.7,+21.5,LA	+2.65,+246.1,+19.8,IB	+2.31,+266.5,+20.6,JB	+6.91,+3.5,+19.8,AB	
1700291953.1957045	+6.52,+17.7,+21.5,OA	+6.47,+25.0,+21.3,KA	+6.51,+24.7,+21.5,LA	+2.66,+245.9,+19.8,AB	+2.31,+266.2,+20.6,MB	+6.91,+3.5,+19.8,AB	
1700292015.2062325	+6.52,+17.7,+21.4,NA	+6.47,+25.0,+21.3,KA	+6.51,+24.8,+21.5,CA	+2.65,+246.1,+19.8,IB	+2.30,+266.6,+20.6,HB	+6.91,+3.4,+19.8,@B	
1700292077.2156472	+6.52,+17.7,+21.4,NA	+6.47,+25.0,+21.3,KA	+6.51,+24.7,+21.5,LA	+2.65,+246.1,+19.8,IB	+2.31,+266.4,+20.6,KB	+6.91,+3.5,+19.8,AB	
1700292139.22524	+6.52,+17.7,+21.4,NA	+6.47,+25.0,+21.3,KA	+6.51,+24.7,+21.5,LA	+2.65,+246.2,+19.8,JB	+2.31,+266.4,+20.6,KB	+6.91,+3.5,+19.8,AB	
1700292201.2346842	+6.52,+17.7,+21.4,NA	+6.47,+24.9,+21.3,CA	+6.51,+24.8,+21.5,CA	+2.65,+246.2,+19.8,JB	+2.31,+266.4,+20.5,HB	+6.91,+3.5,+19.8,AB	
1700292263.244389	+6.52,+17.7,+21.5,OA	+6.47,+25.0,+21.3,KA	+6.50,+24.9,+21.5,CA	+2.65,+246.2,+19.8,JB	+2.32,+265.6,+20.6,IB	+6.91,+3.4,+19.8,@B	
1700292325.2527902	+6.52,+17.8,+21.4,AA	+6.47,+25.0,+21.3,KA	+6.51,+24.9,+21.5,BA	+2.65,+246.3,+19.8,KB	+2.40,+261.3,+20.6,MB	+6.91,+3.5,+19.8,AB	
1700292387.2627647	+6.52,+17.8,+21.5,@A	+6.47,+25.0,+21.3,KA	+6.51,+24.8,+21.5,CA	+2.65,+246.4,+19.8,LB	+2.39,+261.7,+20.6,GB	+6.91,+3.4,+19.8,@B	
1700292449.2717786	+6.52,+17.7,+21.4,NA	+6.47,+24.9,+21.3,CA	+6.51,+24.8,+21.5,CA	+2.64,+246.5,+19.8,LB	+2.30,+267.0,+20.6,OB	+6.91,+3.4,+19.8,@B	
1700292511.2793896	+6.52,+17.7,+21.5,OA	+6.47,+25.0,+21.3,KA	+6.51,+24.8,+21.5,CA	+2.64,+246.6,+19.8,OB	+2.29,+267.7,+20.6,@B	+6.91,+3.5,+19.8,AB	
1700292573.2851534	+6.52,+17.7,+21.5,OA	+6.47,+25.1,+21.3,JA	+6.51,+24.8,+21.5,CA	+2.64,+246.5,+19.8,LB	+2.29,+267.5,+20.6,BB	+6.91,+3.5,+19.8,AB	
1700292635.290788	+6.52,+17.7,+21.4,NA	+6.47,+25.0,+21.3,KA	+6.51,+24.8,+21.5,CA	+2.66,+245.6,+19.8,NB	+2.29,+267.5,+20.6,BB	+6.91,+3.4,+19.8,@B	
1700292697.2996774	+6.52,+17.7,+21.4,NA	+6.47,+25.0,+21.3,KA	+6.51,+24.8,+21.5,CA	+2.67,+245.3,+19.8,JB	+2.29,+267.5,+20.6,BB	+6.91,+3.5,+19.8,AB	
1700292759.3102012	+6.52,+17.7,+21.4,NA	+6.47,+25.0,+21.3,KA	+6.51,+24.8,+21.5,CA	+2.67,+245.3,+19.8,JB	+2.30,+266.9,+20.6,GB	+6.91,+3.5,+19.8,AB	
1700292821.3209944	+6.52,+17.7,+21.5,OA	+6.47,+25.0,+21.3,KA	+6.51,+24.8,+21.5,CA	+2.67,+245.2,+19.8,KB	+2.30,+267.1,+20.6,NB	+6.91,+3.6,+19.8,BB	
1700292883.3321955	+6.52,+17.7,+21.5,OA	+6.47,+25.0,+21.3,KA	+6.51,+24.8,+21.5,CA	+2.67,+245.0,+19.8,IB	+2.30,+266.9,+20.6,GB	+6.91,+3.5,+19.8,AB	
1700292945.3397863	+6.52,+17.7,+21.4,NA	+6.47,+24.9,+21.3,CA	+6.51,+24.8,+21.5,CA	+2.67,+245.1,+19.8,HB	+2.30,+266.7,+20.6,IB	+6.91,+3.5,+19.8,AB	
1700293007.3478699	+6.52,+17.7,+21.5,OA	+6.47,+25.0,+21.3,KA	+6.51,+24.8,+21.5,CA	+2.67,+245.0,+19.8,IB	+2.29,+267.2,+20.6,EB	+6.91,+3.5,+19.8,AB	
1700293069.3586657	+6.52,+17.7,+21.5,OA	+6.47,+25.0,+21.3,KA	+6.51,+24.8,+21.5,CA	+2.67,+245.0,+19.8,IB	+2.29,+267.3,+20.6,DB	+6.91,+3.5,+19.8,AB	
1700293131.3695238	+6.52,+17.6,+21.5,NA	+6.47,+25.0,+21.3,KA	+6.51,+24.8,+21.5,CA	+2.67,+245.0,+19.8,IB	+2.29,+267.4,+20.6,CB	+6.91,+3.5,+19.8,AB	
1700293193.3801348	+6.52,+17.7,+21.5,OA	+6.47,+25.0,+21.4,LA	+6.51,+24.8,+21.5,CA	+2.67,+245.0,+19.8,IB	+2.29,+267.4,+20.6,CB	+6.91,+3.4,+19.8,@B	
1700293255.3902683	+6.52,+17.7,+21.5,OA	+6.47,+25.0,+21.3,KA	+6.51,+24.8,+21.5,CA	+2.67,+245.0,+19.8,IB	+2.29,+267.3,+20.6,DB	+6.91,+3.5,+19.8,AB	
1700293317.3999345	+6.52,+17.7,+21.5,OA	+6.47,+25.0,+21.3,KA	+6.51,+24.8,+21.5,CA	+2.67,+244.8,+19.8,@B	+2.29,+267.5,+20.6,BB	+6.91,+3.5,+19.8,AB	
1700293379.4078503	+6.52,+17.7,+21.5,OA	+6.47,+25.0,+21.4,LA	+6.51,+24.8,+21.5,CA	+2.67,+244.9,+19.8,AB	+2.29,+267.7,+20.6,@B	+6.91,+3.5,+19.8,AB	
1700293441.4184003	+6.52,+17.7,+21.5,OA	+6.47,+25.0,+21.4,LA	+6.51,+24.8,+21.5,CA	+2.67,+245.0,+19.8,IB	+2.29,+267.3,+20.6,DB	+6.91,+3.5,+19.8,AB	
1700293503.4287279	+6.52,+17.7,+21.5,OA	+6.47,+25.1,+21.4,MA	+6.51,+24.8,+21.5,CA	+2.67,+244.9,+19.8,AB	+2.29,+267.4,+20.6,CB	+6.91,+3.5,+19.8,AB	
1700293565.4384103	+6.52,+17.7,+21.5,OA	+6.47,+25.0,+21.3,KA	+6.51,+24.8,+21.5,CA	+2.67,+244.9,+19.8,AB	+2.28,+267.7,+20.6,AB	+6.91,+3.5,+19.8,AB	
1700293627.4486203	+6.52,+17.7,+21.5,OA	+6.47,+25.0,+21.3,KA	+6.51,+24.8,+21.5,CA	+2.68,+244.4,+19.8,CB	+2.28,+268.1,+20.6,HB	+6.91,+3.5,+19.8,AB	
1700293689.4595098	+6.52,+17.7,+21.5,OA	+6.47,+25.1,+21.3,JA	+6.51,+24.8,+21.5,CA	+2.69,+244.2,+19.8,DB	+2.28,+268.0,+20.6,IB	+6.91,+3.5,+19.8,AB	
1700293751.4684255	+6.52,+17.7,+21.5,OA	+6.47,+25.1,+21.3,JA	+6.51,+24.8,+21.5,CA	+2.68,+244.3,+19.8,DB	+2.28,+268.2,+20.6,KB	+6.91,+3.4,+19.8,@B	
1700293813.4774957	+6.52,+17.7,+21.5,OA	+6.47,+25.0,+21.4,LA	+6.51,+24.8,+21.5,CA	+2.69,+244.2,+19.8,DB	+2.35,+264.0,+20.6,IB	+6.91,+3.5,+19.8,AB	
1700293875.4876497	+6.52,+17.7,+21.5,OA	+6.47,+25.1,+21.3,JA	+6.51,+24.8,+21.5,CA	+2.68,+244.3,+19.8,DB	+2.38,+262.3,+20.6,AB	+6.91,+3.5,+19.8,AB	
1700293937.4974523	+6.52,+17.7,+21.5,OA	+6.47,+25.1,+21.4,MA	+6.51,+24.8,+21.5,CA	+2.68,+244.4,+19.8,CB	+2.38,+262.2,+20.6,@B	+6.91,+3.5,+19.8,AB	
1700293999.5073276	+6.52,+17.7,+21.5,OA	+6.47,+25.0,+21.4,LA	+6.51,+24.8,+21.5,CA	+2.68,+244.5,+19.8,BB	+2.29,+267.4,+20.6,CB	+6.91,+3.5,+19.8,AB	
1700294061.516692	+6.52,+17.7,+21.5,OA	+6.47,+25.0,+21.3,KA	+6.51,+24.8,+21.5,CA	+2.68,+244.5,+19.8,BB	+2.29,+267.4,+20.6,CB	+6.91,+3.5,+19.8,AB	
1700294123.5247743	+6.52,+17.7,+21.5,OA	+6.47,+25.1,+21.4,MA	+6.51,+24.8,+21.5,CA	+2.68,+244.8,+19.8,OB	+2.29,+267.3,+20.6,DB	+6.91,+3.6,+19.8,BB	
1700294185.5328882	+6.52,+17.7,+21.5,OA	+6.47,+25.1,+21.3,JA	+6.51,+24.8,+21.5,CA	+2.67,+245.1,+19.8,HB	+2.29,+267.3,+20.6,DB	+6.91,+3.6,+19.8,BB	
1700294247.5413074	+6.52,+17.7,+21.5,OA	+6.47,+25.0,+21.3,KA	+6.51,+24.8,+21.5,CA	+2.67,+245.0,+19.8,IB	+2.30,+266.9,+20.6,GB	+6.91,+3.5,+19.8,AB	
1700294309.5518007	+6.52,+17.7,+21.5,OA	+6.47,+25.1,+21.4,MA	+6.51,+24.8,+21.5,CA	+2.67,+245.2,+19.8,KB	+2.30,+266.9,+20.6,GB	+6.91,+3.5,+19.8,AB	
1700294555.1250305	+6.52,+17.7,+21.5,OA	+6.47,+25.1,+21.4,MA	+6.51,+24.8,+21.5,CA	+2.68,+244.7,+19.8,@B	+2.32,+266.0,+20.6,LB	+6.91,+3.6,+19.8,BB	
1700294617.1356006	+6.52,+17.7,+21.5,OA	+6.47,+25.1,+21.4,MA	+6.50,+25.0,+21.5,KA	+2.67,+245.1,+19.8,HB	+2.30,+267.0,+20.6,OB	+6.91,+3.6,+19.8,BB	
1700294679.1461825	+6.52,+17.7,+21.5,OA	+6.47,+25.0,+21.4,LA	+6.50,+24.9,+21.6,@A	+2.67,+245.2,+19.8,KB	+2.30,+266.8,+20.6,FB	+6.91,+3.6,+19.8,BB	
1700294741.1525578	+6.52,+17.7,+21.5,OA	+6.47,+25.1,+21.4,MA	+6.51,+24.9,+21.5,BA	+2.67,+245.3,+19.8,JB	+2.31,+266.5,+20.6,JB	+6.91,+3.5,+19.8,AB	
1700294803.1618686	+6.52,+17.7,+21.5,OA	+6.47,+25.1,+21.4,MA	+6.51,+24.9,+21.6,AA	+2.67,+245.4,+19.8,MB	+2.30,+266.6,+20.6,HB	+6.91,+3.5,+19.8,AB	
1700294865.1689184	+6.52,+17.7,+21.5,OA	+6.47,+25.1,+21.4,MA	+6.51,+24.8,+21.5,CA	+2.68,+244.6,+19.8,AB	+2.31,+266.4,+20.6,KB	+6.91,+3.5,+19.8,AB	
1700294927.1738272	+6.52,+17.7,+21.5,OA	+6.47,+25.1,+21.3,JA	+6.51,+24.8,+21.5,CA	+2.68,+244.6,+19.8,AB	+2.31,+266.3,+20.6,LB	+6.91,+3.6,+19.8,BB	
1700294989.1861644	+6.52,+17.7,+21.5,OA	+6.47,+25.1,+21.4,MA	+6.51,+24.9,+21.6,AA	+2.68,+244.8,+19.8,OB	+2.31,+266.5,+20.6,JB	+6.91,+3.6,+19.8,BB	
1700295051.195969	+6.52,+17.8,+21.5,@A	+6.47,+25.0,+21.4,LA	+6.51,+24.8,+21.5,CA	+2.67,+244.9,+19.8,AB	+2.31,+266.4,+20.6,KB	+6.91,+3.5,+19.8,AB	
1700295113.2045343	+6.52,+17.7,+21.5,OA	+6.47,+25.1,+21.4,MA	+6.51,+24.8,+21.5,CA	+2.67,+245.0,+19.8,IB	+2.31,+266.5,+20.6,JB	+6.91,+3.6,+19.8,BB	
1700295175.214325	+6.52,+17.7,+21.5,OA	+6.47,+25.1,+21.4,MA	+6.51,+24.9,+21.6,AA	+2.67,+245.1,+19.8,HB	+2.31,+266.1,+20.6,NB	+6.91,+3.5,+19.8,AB	
1700295237.2208788	+6.52,+17.7,+21.5,OA	+6.47,+25.2,+21.4,NA	+6.51,+24.8,+21.5,CA	+2.67,+245.2,+19.8,KB	+2.31,+266.1,+20.6,NB	+6.91,+3.5,+19.8,AB	
1700295299.2272093	+6.52,+17.7,+21.5,OA	+6.47,+25.2,+21.4,NA	+6.51,+24.9,+21.5,BA	+2.67,+245.3,+19.8,JB	+2.31,+266.2,+20.6,MB	+6.91,+3.5,+19.8,AB	
1700295361.236208	+6.51,+17.8,+21.5,CA	+6.47,+25.1,+21.4,MA	+6.51,+24.8,+21.5,CA	+2.67,+245.4,+19.8,MB	+2.32,+265.9,+20.6,FB	+6.90,+3.8,+19.8,MB	
1700295423.2432187	+6.52,+17.7,+21.5,OA	+6.47,+25.1,+21.4,MA	+6.51,+24.8,+21.5,CA	+2.66,+245.4,+19.8,LB	+2.32,+265.9,+20.6,FB	+6.91,+3.6,+19.8,BB	
1700295485.2529247	+6.52,+17.7,+21.5,OA	+6.47,+25.2,+21.4,NA	+6.51,+24.8,+21.5,CA	+2.66,+245.5,+19.8,MB	+2.32,+265.7,+20.6,HB	+6.91,+3.6,+19.8,BB	
1700295547.2626038	+6.52,+17.8,+21.5,@A	+6.47,+25.1,+21.4,MA	+6.51,+24.8,+21.5,CA	+2.66,+245.6,+19.8,NB	+2.32,+265.8,+20.6,GB	+6.90,+3.9,+19.8,LB	
1700295609.2701547	+6.52,+17.7,+21.5,OA	+6.47,+25.1,+21.4,MA	+6.51,+24.8,+21.5,CA	+2.66,+245.5,+19.8,MB	+2.31,+266.0,+20.6,OB	+6.91,+3.6,+19.8,BB	
1700295671.2804775	+6.52,+17.7,+21.5,OA	+6.47,+25.1,+21.4,MA	+6.51,+24.8,+21.5,CA	+2.66,+245.6,+19.8,NB	+2.38,+262.4,+20.6,FB	+6.91,+3.6,+19.8,BB	
1700295733.2862127	+6.52,+17.7,+21.5,OA	+6.47,+25.1,+21.3,JA	+6.51,+24.8,+21.6,@A	+2.66,+245.5,+19.8,MB	+2.39,+261.6,+20.6,FB	+6.91,+3.6,+19.8,BB	
1700295795.29491	+6.52,+17.6,+21.5,NA	+6.47,+25.1,+21.4,MA	+6.51,+24.8,+21.6,@A	+2.66,+245.4,+19.8,LB	+2.39,+261.6,+20.6,FB	+6.91,+3.6,+19.8,BB	
1700295857.303386	+6.52,+17.7,+21.5,OA	+6.47,+25.1,+21.4,MA	+6.51,+24.8,+21.5,CA	+2.67,+245.3,+19.8,JB	+2.31,+266.1,+20.6,NB	+6.91,+3.6,+19.8,BB	
1700295919.3109477	+6.52,+17.7,+21.5,OA	+6.47,+25.2,+21.4,NA	+6.51,+24.8,+21.5,CA	+2.66,+245.5,+19.8,MB	+2.31,+266.4,+20.6,KB	+6.91,+3.5,+19.8,AB	
1700295981.320194	+6.52,+17.7,+21.5,OA	+6.47,+25.1,+21.4,MA	+6.51,+24.8,+21.5,CA	+2.66,+245.5,+19.8,MB	+2.30,+266.7,+20.6,IB	+6.91,+3.6,+19.8,BB	
1700296043.3294964	+6.52,+17.7,+21.5,OA	+6.47,+25.2,+21.4,NA	+6.51,+24.8,+21.6,@A	+2.67,+245.3,+19.8,JB	+2.32,+265.9,+20.6,FB	+6.91,+3.5,+19.8,AB	
1700296105.3390417	+6.52,+17.7,+21.5,OA	+6.47,+25.1,+21.4,MA	+6.51,+24.8,+21.5,CA	+2.67,+245.0,+19.8,IB	+2.31,+266.3,+20.6,LB	+6.91,+3.6,+19.8,BB	
1700296167.3476787	+6.52,+17.7,+21.5,OA	+6.47,+25.2,+21.4,NA	+6.51,+24.8,+21.6,@A	+2.67,+245.0,+19.9,HB	+2.30,+266.9,+20.7,FB	+6.91,+3.6,+19.8,BB	
1700296229.3564541	+6.52,+17.7,+21.5,OA	+6.47,+25.1,+21.4,MA	+6.51,+24.8,+21.6,@A	+2.67,+245.0,+19.8,IB	+2.30,+267.0,+20.6,OB	+6.91,+3.7,+19.8,CB	
1700296291.36625	+6.52,+17.7,+21.5,OA	+6.47,+25.1,+21.4,MA	+6.51,+24.8,+21.6,@A	+2.67,+245.1,+19.9,IB	+2.30,+267.0,+20.6,OB	+6.91,+3.5,+19.9,@B	
1700296353.3736546	+6.52,+17.7,+21.5,OA	+6.47,+25.1,+21.4,MA	+6.51,+24.8,+21.6,@A	+2.67,+245.0,+19.8,IB	+2.30,+267.0,+20.6,OB	+6.91,+3.5,+19.8,AB	
1700296415.3845665	+6.52,+17.7,+21.5,OA	+6.47,+25.2,+21.4,NA	+6.51,+24.8,+21.5,CA	+2.67,+245.0,+19.9,HB	+2.29,+267.2,+20.6,EB	+6.91,+3.6,+19.9,CB	
1700296477.3920622	+6.52,+17.7,+21.5,OA	+6.47,+25.1,+21.4,MA	+6.51,+24.9,+21.6,AA	+2.67,+245.1,+19.9,IB	+2.29,+267.4,+20.6,CB	+6.91,+3.5,+19.8,AB	
1700296539.4024358	+6.52,+17.6,+21.5,NA	+6.47,+25.1,+21.4,MA	+6.51,+24.8,+21.6,@A	+2.67,+245.0,+19.8,IB	+2.29,+267.3,+20.6,DB	+6.91,+3.6,+19.9,CB	
1700296601.4106266	+6.52,+17.7,+21.5,OA	+6.47,+25.2,+21.4,NA	+6.51,+24.8,+21.6,@A	+2.67,+245.1,+19.8,HB	+2.29,+267.6,+20.6,AB	+6.91,+3.5,+19.9,@B	
1700296663.419875	+6.52,+17.7,+21.5,OA	+6.47,+25.2,+21.4,NA	+6.51,+24.9,+21.6,AA	+2.67,+245.1,+19.9,IB	+2.29,+267.7,+20.6,@B	+6.91,+3.6,+19.9,CB	
1700296725.428502	+6.52,+17.7,+21.5,OA	+6.47,+25.1,+21.4,MA	+6.51,+24.8,+21.6,@A	+2.67,+245.1,+19.8,HB	+2.29,+267.3,+20.7,EB	+6.91,+3.5,+19.8,AB	
1700296787.4357605	+6.52,+17.7,+21.5,OA	+6.47,+25.2,+21.4,NA	+6.51,+24.9,+21.6,AA	+2.67,+245.2,+19.8,KB	+2.29,+267.6,+20.6,AB	+6.91,+3.6,+19.9,CB	
1700296849.4469051	+6.52,+17.7,+21.5,OA	+6.47,+25.2,+21.4,NA	+6.51,+24.8,+21.6,@A	+2.67,+245.2,+19.9,JB	+2.28,+267.8,+20.6,NB	+6.91,+3.6,+19.9,CB	
1700296911.4556437	+6.52,+17.7,+21.5,OA	+6.47,+25.2,+21.4,NA	+6.50,+24.9,+21.6,@A	+2.67,+245.1,+19.9,IB	+2.29,+267.3,+20.6,DB	+6.91,+3.6,+19.9,CB	
1700296973.463107	+6.52,+17.7,+21.5,OA	+6.47,+25.2,+21.4,NA	+6.51,+24.9,+21.6,AA	+2.67,+245.1,+19.9,IB	+2.35,+263.7,+20.7,HB	+6.91,+3.6,+19.9,CB	
1700297035.4731588	+6.52,+17.7,+21.5,OA	+6.47,+25.2,+21.4,NA	+6.51,+24.8,+21.6,@A	+2.67,+245.0,+19.9,HB	+2.37,+262.7,+20.6,JB	+6.91,+3.6,+19.8,BB	
1700297097.4829175	+6.52,+17.7,+21.5,OA	+6.47,+25.2,+21.4,NA	+6.50,+25.0,+21.6,HA	+2.67,+245.0,+19.9,HB	+2.37,+262.7,+20.6,JB	+6.90,+3.9,+19.8,LB	
1700297159.4935994	+6.52,+17.7,+21.5,OA	+6.47,+25.2,+21.4,NA	+6.51,+24.9,+21.6,AA	+2.67,+245.1,+19.9,IB	+2.29,+267.5,+20.6,BB	+6.90,+3.7,+19.9,CB	
1700297221.5017815	+6.52,+17.7,+21.5,OA	+6.47,+25.2,+21.4,NA	+6.51,+24.9,+21.6,AA	+2.67,+245.2,+19.9,JB	+2.29,+267.6,+20.6,AB	+6.91,+3.7,+19.9,BB	
1700297283.5086212	+6.52,+17.8,+21.5,@A	+6.47,+25.2,+21.4,NA	+6.51,+24.9,+21.6,AA	+2.67,+245.2,+19.9,JB	+2.30,+266.8,+20.7,GB	+6.91,+3.6,+19.9,CB	
1700297345.5159554	+6.52,+17.6,+21.5,NA	+6.47,+25.1,+21.4,MA	+6.51,+24.9,+21.6,AA	+2.67,+245.1,+19.8,HB	+2.30,+266.9,+20.7,FB	+6.91,+3.6,+19.9,CB	
1700297407.5248463	+6.52,+17.7,+21.5,OA	+6.47,+25.2,+21.4,NA	+6.51,+24.8,+21.6,@A	+2.67,+245.2,+19.9,JB	+2.30,+267.1,+20.6,NB	+6.91,+3.7,+19.9,BB	
1700297469.5349202	+6.52,+17.7,+21.6,LA	+6.47,+25.2,+21.4,NA	+6.51,+24.9,+21.6,AA	+2.67,+245.2,+19.9,JB	+2.29,+267.5,+20.6,BB	+6.91,+3.6,+19.9,CB	
1700297531.5418208	+6.52,+17.7,+21.5,OA	+6.47,+25.2,+21.4,NA	+6.51,+24.8,+21.6,@A	+2.67,+245.2,+19.9,JB	+2.31,+266.1,+20.7,OB	+6.91,+3.5,+19.9,@B	
1700297593.5508835	+6.52,+17.7,+21.5,OA	+6.47,+25.2,+21.4,NA	+6.51,+24.9,+21.6,AA	+2.67,+245.2,+19.9,JB	+2.32,+265.6,+20.6,IB	+6.91,+3.6,+19.9,CB	
1700297655.558903	+6.52,+17.7,+21.5,OA	+6.47,+25.2,+21.4,NA	+6.51,+24.9,+21.6,AA	+2.67,+245.3,+19.9,KB	+2.32,+265.8,+20.7,FB	+6.91,+3.6,+19.9,CB	
1700297717.5668714	+6.52,+17.6,+21.5,NA	+6.47,+25.2,+21.4,NA	+6.51,+24.9,+21.6,AA	+2.66,+245.4,+19.8,LB	+2.32,+266.0,+20.6,LB	+6.91,+3.5,+19.9,@B	
1700297779.5756173	+6.52,+17.7,+21.5,OA	+6.47,+25.2,+21.4,NA	+6.51,+24.9,+21.6,AA	+2.66,+245.5,+19.9,LB	+2.32,+265.9,+20.7,GB	+6.91,+3.6,+19.9,CB	
1700297841.5844212	+6.52,+17.8,+21.5,@A	+6.47,+25.2,+21.4,NA	+6.50,+24.9,+21.6,@A	+2.66,+245.5,+19.9,LB	+2.32,+265.5,+20.7,KB	+6.91,+3.6,+19.9,CB	
1700297903.5949428	+6.52,+17.7,+21.5,OA	+6.47,+25.2,+21.4,NA	+6.51,+24.9,+21.6,AA	+2.66,+245.5,+19.9,LB	+2.33,+265.4,+20.7,KB	+6.91,+3.6,+19.9,CB	
1700297965.6021564	+6.52,+17.7,+21.5,OA	+6.47,+25.2,+21.4,NA	+6.51,+24.9,+21.6,AA	+2.66,+245.6,+19.9,OB	+2.31,+266.2,+20.7,LB	+6.91,+3.5,+19.9,@B	
1700298027.611249	+6.52,+17.7,+21.5,OA	+6.47,+25.2,+21.4,NA	+6.51,+24.9,+21.6,AA	+2.66,+245.6,+19.9,OB	+2.32,+265.6,+20.7,HB	+6.91,+3.6,+19.9,CB	
1700298089.6192477	+6.52,+17.7,+21.5,OA	+6.47,+25.2,+21.4,NA	+6.51,+24.8,+21.6,@A	+2.66,+245.7,+19.9,NB	+2.33,+264.9,+20.7,GB	+6.91,+3.6,+19.9,CB	
1700298151.6292841	+6.52,+17.7,+21.5,OA	+6.47,+25.3,+21.4,OA	+6.51,+24.9,+21.6,AA	+2.66,+245.6,+19.9,OB	+2.40,+261.2,+20.7,MB	+6.91,+3.7,+19.9,BB	
1700298397.1757166	+6.52,+17.7,+21.5,OA	+6.47,+25.3,+21.4,OA	+6.50,+24.9,+21.6,@A	+2.66,+245.5,+19.9,LB	+2.31,+266.3,+20.7,MB	+6.91,+3.6,+19.9,CB	
1700298459.185782	+6.52,+17.7,+21.5,OA	+6.47,+25.3,+21.4,OA	+6.51,+24.9,+21.6,AA	+2.66,+245.7,+19.9,NB	+2.30,+266.7,+20.6,IB	+6.91,+3.6,+19.9,CB	
1700298521.1948462	+6.51,+17.8,+21.5,CA	+6.47,+25.3,+21.4,OA	+6.50,+25.0,+21.6,HA	+2.66,+245.8,+19.9,AB	+2.31,+266.2,+20.7,LB	+6.91,+3.7,+19.9,BB	
1700298583.2042735	+6.52,+17.7,+21.6,LA	+6.47,+25.2,+21.5,OA	+6.50,+25.0,+21.6,HA	+2.66,+245.6,+19.9,OB	+2.31,+266.1,+20.6,NB	+6.91,+3.7,+19.9,BB	
1700298645.2132657	+6.52,+17.7,+21.5,OA	+6.47,+25.2,+21.4,NA	+6.50,+24.9,+21.6,@A	+2.66,+245.7,+19.9,NB	+2.31,+266.2,+20.6,MB	+6.91,+3.6,+19.9,CB	
1700298707.2200189	+6.52,+17.7,+21.5,OA	+6.47,+25.2,+21.4,NA	+6.51,+24.9,+21.6,AA	+2.66,+245.7,+19.9,NB	+2.31,+266.4,+20.7,JB	+6.91,+3.6,+19.9,CB	
1700298769.2313962	+6.52,+17.7,+21.6,LA	+6.47,+25.2,+21.5,OA	+6.50,+24.9,+21.6,@A	+2.66,+245.8,+19.9,AB	+2.31,+266.5,+20.7,KB	+6.91,+3.6,+19.9,CB	
1700298831.2400665	+6.52,+17.7,+21.5,OA	+6.47,+25.2,+21.4,NA	+6.51,+24.9,+21.6,AA	+2.66,+245.9,+19.9,@B	+2.37,+263.0,+20.7,MB	+6.91,+3.7,+19.9,BB	
1700298893.2492132	+6.52,+17.7,+21.5,OA	+6.47,+25.2,+21.4,NA	+6.51,+24.8,+21.6,@A	+2.66,+245.9,+19.9,@B	+2.37,+262.8,+20.7,DB	+6.91,+3.6,+19.9,CB	
1700298955.2590208	+6.52,+17.7,+21.6,LA	+6.47,+25.2,+21.4,NA	+6.51,+24.9,+21.6,AA	+2.66,+246.0,+19.9,JB	+2.37,+263.1,+20.7,LB	+6.91,+3.6,+19.9,CB	
1700299017.2668767	+6.52,+17.7,+21.6,LA	+6.47,+25.3,+21.5,NA	+6.51,+24.9,+21.6,AA	+2.66,+246.0,+19.9,JB	+2.36,+263.3,+20.7,OB	+6.91,+3.6,+19.9,CB	
1700299079.276007	+6.52,+17.7,+21.6,LA	+6.47,+25.2,+21.4,NA	+6.51,+24.9,+21.6,AA	+2.66,+246.0,+19.9,JB	+2.36,+263.7,+20.7,KB	+6.91,+3.6,+19.9,CB	
1700299141.2856011	+6.52,+17.7,+21.5,OA	+6.47,+25.3,+21.4,OA	+6.51,+24.9,+21.6,AA	+2.65,+246.1,+19.9,HB	+2.26,+269.2,+20.7,EB	+6.91,+3.6,+19.9,CB	
1700299203.295752	+6.52,+17.7,+21.6,LA	+6.47,+25.3,+21.4,OA	+6.51,+24.9,+21.6,AA	+2.65,+246.1,+19.9,HB	+2.27,+268.6,+20.7,AB	+6.91,+3.6,+19.9,CB	
1700299265.3056254	+6.52,+17.7,+21.5,OA	+6.47,+25.3,+21.5,NA	+6.51,+24.9,+21.6,AA	+2.65,+246.2,+19.9,KB	+2.28,+268.0,+20.7,HB	+6.91,+3.7,+19.9,BB	
1700299327.316226	+6.52,+17.7,+21.5,OA	+6.47,+25.3,+21.4,OA	+6.50,+24.9,+21.6,@A	+2.65,+246.2,+19.9,KB	+2.29,+267.7,+20.7,AB	+6.91,+3.7,+19.9,BB	
1700299389.32594	+6.52,+17.7,+21.5,OA	+6.47,+25.3,+21.5,NA	+6.51,+24.9,+21.6,AA	+2.65,+246.2,+19.9,KB	+2.28,+267.9,+20.7,NB	+6.91,+3.6,+19.9,CB	
1700299451.3352814	+6.52,+17.7,+21.6,LA	+6.47,+25.3,+21.5,NA	+6.50,+24.9,+21.6,@A	+2.65,+246.1,+19.9,HB	+2.30,+266.8,+20.7,GB	+6.90,+3.7,+19.9,CB	
1700299513.344421	+6.52,+17.7,+21.5,OA	+6.47,+25.3,+21.4,OA	+6.50,+24.9,+21.6,@A	+2.65,+246.1,+19.9,HB	+2.29,+267.4,+20.7,BB	+6.91,+3.6,+19.9,CB	
1700299575.3546944	+6.52,+17.7,+21.5,OA	+6.47,+25.2,+21.5,OA	+6.51,+24.9,+21.6,AA	+2.65,+246.1,+19.9,HB	+2.29,+267.3,+20.6,DB	+6.91,+3.7,+19.9,BB	
1700299637.363087	+6.52,+17.7,+21.6,LA	+6.47,+25.3,+21.4,OA	+6.51,+24.9,+21.6,AA	+2.65,+246.1,+19.9,HB	+2.30,+267.1,+20.7,OB	+6.90,+3.7,+19.9,CB	
1700299699.3725686	+6.52,+17.7,+21.5,OA	+6.47,+25.3,+21.5,NA	+6.51,+24.9,+21.6,AA	+2.66,+246.0,+19.9,JB	+2.29,+267.2,+20.7,DB	+6.90,+3.7,+19.9,CB	
1700299761.3798206	+6.52,+17.7,+21.6,LA	+6.47,+25.3,+21.4,OA	+6.50,+24.9,+21.6,@A	+2.66,+245.9,+19.9,@B	+2.29,+267.7,+20.7,AB	+6.90,+3.7,+19.9,CB	
1700299823.3887079	+6.52,+17.7,+21.5,OA	+6.47,+25.3,+21.5,NA	+6.51,+24.9,+21.6,AA	+2.66,+246.0,+19.9,JB	+2.29,+267.2,+20.7,DB	+6.90,+3.7,+19.9,CB	
1700299885.3985665	+6.52,+17.7,+21.6,LA	+6.47,+25.2,+21.5,OA	+6.51,+24.9,+21.6,AA	+2.65,+246.0,+19.9,IB	+2.29,+267.6,+20.7,@B	+6.90,+3.7,+19.9,CB	
1700299947.408397	+6.52,+17.7,+21.6,LA	+6.47,+25.3,+21.4,OA	+6.51,+24.9,+21.6,AA	+2.66,+246.0,+19.9,JB	+2.29,+267.6,+20.7,@B	+6.90,+3.8,+19.9,LB	
1700300009.4179187	+6.52,+17.7,+21.6,LA	+6.47,+25.3,+21.4,OA	+6.51,+24.8,+21.6,@A	+2.66,+245.7,+19.9,NB	+2.29,+267.5,+20.7,CB	+6.90,+3.8,+19.9,LB	
1700300071.42834	+6.52,+17.7,+21.6,LA	+6.47,+25.3,+21.5,NA	+6.50,+25.0,+21.6,HA	+2.66,+245.7,+19.9,NB	+2.29,+267.6,+20.7,@B	+6.90,+3.8,+19.9,LB	
1700300133.4383597	+6.52,+17.7,+21.5,OA	+6.47,+25.3,+21.5,NA	+6.50,+24.9,+21.6,@A	+2.66,+245.6,+19.9,OB	+2.29,+267.4,+20.7,BB	+6.90,+3.7,+19.9,CB	
1700300195.444827	+6.52,+17.7,+21.6,LA	+6.47,+25.4,+21.5,IA	+6.51,+24.9,+21.6,AA	+2.66,+245.7,+19.9,NB	+2.29,+267.4,+20.7,BB	+6.91,+3.7,+19.9,BB	
1700300257.454112	+6.52,+17.7,+21.6,LA	+6.47,+25.4,+21.5,IA	+6.51,+24.8,+21.6,@A	+2.66,+245.8,+19.9,AB	+2.29,+267.4,+20.7,BB	+6.90,+3.8,+19.9,LB	
1700300319.464046	+6.52,+17.7,+21.6,LA	+6.47,+25.3,+21.5,NA	+6.50,+24.9,+21.6,@A	+2.66,+245.8,+19.9,AB	+2.28,+267.8,+20.7,OB	+6.90,+3.8,+19.9,LB	
1700300381.4747734	+6.52,+17.7,+21.6,LA	+6.47,+25.3,+21.5,NA	+6.51,+24.9,+21.6,AA	+2.66,+245.8,+19.9,AB	+2.29,+267.4,+20.7,BB	+6.91,+3.7,+19.9,BB	
1700300443.484053	+6.51,+17.8,+21.5,CA	+6.47,+25.3,+21.5,NA	+6.51,+24.9,+21.6,AA	+2.66,+245.9,+19.9,@B	+2.29,+267.3,+20.7,EB	+6.91,+3.7,+19.9,BB	
1700300505.4914157	+6.52,+17.7,+21.6,LA	+6.47,+25.3,+21.5,NA	+6.51,+24.9,+21.6,AA	+2.66,+245.9,+19.9,@B	+2.29,+267.5,+20.7,CB	+6.90,+3.8,+19.9,LB	
1700300567.4986382	+6.52,+17.7,+21.6,LA	+6.47,+25.3,+21.5,NA	+6.51,+24.9,+21.6,AA	+2.66,+246.0,+19.9,JB	+2.29,+267.4,+20.7,BB	+6.90,+3.7,+19.9,CB	
1700300629.5117795	+6.52,+17.7,+21.6,LA	+6.47,+25.3,+21.5,NA	+6.51,+24.9,+21.6,AA	+2.65,+246.1,+19.9,HB	+2.29,+267.7,+20.7,AB	+6.90,+3.7,+19.9,CB	
1700300691.522419	+6.52,+17.7,+21.6,LA	+6.47,+25.4,+21.5,IA	+6.50,+25.0,+21.6,HA	+2.65,+246.1,+19.9,HB	+2.28,+268.1,+20.7,IB	+6.90,+3.8,+19.9,LB	
1700300753.5307722	+6.52,+17.7,+21.6,LA	+6.47,+25.3,+21.5,NA	+6.50,+25.0,+21.6,HA	+2.65,+246.2,+19.9,KB	+2.36,+263.2,+20.7,NB	+6.90,+3.8,+19.9,LB	
1700300815.5390522	+6.52,+17.7,+21.6,LA	+6.47,+25.3,+21.4,OA	+6.50,+24.9,+21.6,@A	+2.65,+246.1,+19.9,HB	+2.27,+268.6,+20.7,AB	+6.90,+3.8,+19.9,LB	
1700300877.545411	+6.52,+17.7,+21.6,LA	+6.47,+25.4,+21.5,IA	+6.51,+24.8,+21.6,@A	+2.65,+246.2,+19.9,KB	+2.28,+268.1,+20.7,IB	+6.90,+3.8,+19.9,LB	
1700300939.5529718	+6.52,+17.7,+21.5,OA	+6.47,+25.4,+21.5,IA	+6.50,+24.9,+21.6,@A	+2.65,+246.2,+19.9,KB	+2.28,+268.0,+20.7,HB	+6.90,+3.9,+19.9,MB	
1700301001.5627773	+6.52,+17.7,+21.6,LA	+6.47,+25.4,+21.5,IA	+6.50,+25.0,+21.6,HA	+2.65,+246.2,+19.9,KB	+2.28,+268.1,+20.7,IB	+6.90,+3.8,+19.9,LB	
1700301063.5726314	+6.52,+17.7,+21.6,LA	+6.47,+25.4,+21.5,IA	+6.50,+25.0,+21.6,HA	+2.65,+246.1,+19.9,HB	+2.27,+268.8,+20.7,OB	+6.90,+3.8,+19.9,LB	
1700301125.5816562	+6.52,+17.7,+21.6,LA	+6.47,+25.4,+21.5,IA	+6.51,+24.9,+21.6,AA	+2.65,+246.2,+19.9,KB	+2.26,+269.0,+20.7,GB	+6.90,+3.8,+19.9,LB	
1700301187.591887	+6.52,+17.7,+21.6,LA	+6.47,+25.3,+21.5,NA	+6.50,+24.9,+21.7,AA	+2.65,+246.2,+19.9,KB	+2.26,+269.5,+20.7,BB	+6.90,+3.8,+19.9,LB	
1700301249.6017385	+6.52,+17.7,+21.6,LA	+6.47,+25.4,+21.5,IA	+6.51,+24.9,+21.6,AA	+2.65,+246.2,+19.9,KB	+2.25,+269.5,+20.7,AB	+6.90,+3.9,+19.9,MB	
1700301311.6086318	+6.52,+17.7,+21.6,LA	+6.47,+25.4,+21.5,IA	+6.50,+24.9,+21.6,@A	+2.65,+246.2,+19.9,KB	+2.26,+269.3,+20.7,DB	+6.90,+3.9,+19.9,MB	
1700301373.6163154	+6.52,+17.7,+21.6,LA	+6.47,+25.3,+21.5,NA	+6.50,+24.9,+21.7,AA	+2.65,+246.2,+19.9,KB	+2.33,+265.0,+20.7,OB	+6.90,+3.8,+19.9,LB	
1700301435.6254137	+6.52,+17.7,+21.6,LA	+6.47,+25.4,+21.5,IA	+6.50,+24.9,+21.6,@A	+2.65,+246.2,+19.9,KB	+2.25,+269.7,+20.7,CB	+6.90,+3.8,+19.9,LB	
1700301497.6353135	+6.52,+17.7,+21.6,LA	+6.47,+25.4,+21.5,IA	+6.50,+24.9,+21.6,@A	+2.65,+246.3,+19.9,JB	+2.25,+269.6,+20.7,BB	+6.90,+3.8,+19.9,LB	
1700301559.644379	+6.52,+17.7,+21.6,LA	+6.47,+25.4,+21.5,IA	+6.51,+24.9,+21.6,AA	+2.65,+246.2,+19.9,KB	+2.25,+269.7,+20.7,CB	+6.90,+3.8,+19.9,LB	
1700301621.6538947	+6.52,+17.7,+21.6,LA	+6.47,+25.4,+21.5,IA	+6.50,+25.0,+21.7,IA	+2.65,+246.3,+19.9,JB	+2.25,+269.8,+20.7,LB	+6.90,+3.8,+19.9,LB	
1700301683.6623805	+6.52,+17.7,+21.6,LA	+6.47,+25.4,+21.5,IA	+6.51,+24.9,+21.6,AA	+2.65,+246.3,+19.9,JB	+2.25,+270.1,+20.7,MB	+6.90,+3.7,+19.9,CB	
1700301745.67124	+6.52,+17.7,+21.6,LA	+6.47,+25.4,+21.5,IA	+6.50,+24.9,+21.6,@A	+2.65,+246.4,+19.9,MB	+2.24,+270.2,+20.7,OB	+6.90,+3.8,+19.9,LB	
1700301807.6811233	+6.51,+17.8,+21.6,@A	+6.47,+25.4,+21.5,IA	+6.50,+24.9,+21.6,@A	+2.65,+246.4,+19.9,MB	+2.25,+269.9,+20.7,MB	+6.90,+3.8,+19.9,LB	
1700301869.6911561	+6.52,+17.7,+21.6,LA	+6.47,+25.4,+21.5,IA	+6.51,+24.9,+21.6,AA	+2.65,+246.4,+19.9,MB	+2.25,+269.9,+20.7,MB	+6.90,+3.8,+19.9,LB	
1700301931.7006698	+6.52,+17.7,+21.6,LA	+6.47,+25.4,+21.5,IA	+6.51,+24.9,+21.6,AA	+2.65,+246.4,+19.9,MB	+2.32,+265.6,+20.7,HB	+6.90,+3.9,+19.9,MB	
1700301993.7091007	+6.52,+17.7,+21.6,LA	+6.47,+25.4,+21.5,IA	+6.50,+24.9,+21.6,@A	+2.65,+246.5,+20.0,OB	+2.33,+265.1,+20.7,NB	+6.90,+3.8,+19.9,LB	
1700302239.2857192	+6.52,+17.7,+21.6,LA	+6.47,+25.4,+21.5,IA	+6.50,+24.9,+21.6,@A	+2.67,+245.4,+19.9,LB	+2.24,+270.1,+20.7,LB	+6.90,+3.8,+19.9,LB	
1700302301.2940493	+6.52,+17.7,+21.6,LA	+6.47,+25.4,+21.5,IA	+6.50,+24.9,+21.6,@A	+2.67,+245.4,+19.9,LB	+2.23,+270.7,+20.7,MB	+6.90,+3.8,+20.0,OB	
1700302363.3042443	+6.52,+17.7,+21.6,LA	+6.47,+25.4,+21.5,IA	+6.50,+24.9,+21.6,@A	+2.67,+245.3,+19.9,KB	+2.24,+270.6,+20.7,KB	+6.90,+3.9,+19.9,MB	
1700302425.3130999	+6.52,+17.7,+21.6,LA	+6.47,+25.5,+21.5,HA	+6.50,+25.0,+21.7,IA	+2.67,+245.2,+20.0,IB	+2.23,+270.9,+20.7,CB	+6.90,+3.8,+19.9,LB	
1700302487.3216195	+6.52,+17.6,+21.6,MA	+6.47,+25.4,+21.5,IA	+6.51,+24.9,+21.6,AA	+2.67,+245.2,+20.0,IB	+2.24,+270.4,+20.7,IB	+6.90,+3.9,+19.9,MB	
1700302549.33164	+6.52,+17.8,+21.6,CA	+6.47,+25.4,+21.5,IA	+6.51,+24.9,+21.7,@A	+2.67,+245.2,+19.9,JB	+2.24,+270.6,+20.7,KB	+6.90,+3.8,+20.0,OB	
1700302611.3419662	+6.52,+17.7,+21.6,LA	+6.47,+25.4,+21.5,IA	+6.50,+24.9,+21.7,AA	+2.67,+245.3,+19.9,KB	+2.23,+270.7,+20.7,MB	+6.90,+3.9,+20.0,NB	
1700302673.3513014	+6.52,+17.7,+21.6,LA	+6.47,+25.4,+21.5,IA	+6.50,+24.9,+21.6,@A	+2.67,+245.4,+19.9,LB	+2.23,+270.9,+20.7,CB	+6.90,+3.8,+20.0,OB	
1700302735.3579898	+6.52,+17.7,+21.6,LA	+6.47,+25.4,+21.5,IA	+6.50,+24.9,+21.6,@A	+2.67,+245.4,+19.9,LB	+2.23,+270.8,+20.7,BB	+6.90,+3.8,+20.0,OB	
1700302797.3679492	+6.52,+17.7,+21.6,LA	+6.47,+25.4,+21.5,IA	+6.50,+24.9,+21.7,AA	+2.67,+245.4,+20.0,OB	+2.32,+265.8,+20.7,FB	+6.90,+3.8,+20.0,OB	
1700302859.375336	+6.52,+17.7,+21.6,LA	+6.47,+25.5,+21.5,HA	+6.50,+25.0,+21.6,HA	+2.66,+245.5,+19.9,LB	+2.23,+270.8,+20.7,BB	+6.90,+3.9,+19.9,MB	
1700302921.3850715	+6.52,+17.7,+21.6,LA	+6.47,+25.4,+21.5,IA	+6.50,+25.0,+21.7,IA	+2.66,+245.6,+19.9,OB	+2.23,+270.8,+20.7,BB	+6.90,+3.8,+20.0,OB	
1700302983.394324	+6.52,+17.7,+21.6,LA	+6.47,+25.4,+21.5,IA	+6.50,+25.0,+21.7,IA	+2.66,+245.5,+20.0,OB	+2.24,+270.6,+20.7,KB	+6.90,+3.8,+20.0,OB	
1700303045.4039474	+6.52,+17.7,+21.6,LA	+6.47,+25.4,+21.5,IA	+6.50,+24.9,+21.7,AA	+2.66,+245.5,+19.9,LB	+2.25,+269.8,+20.7,LB	+6.90,+3.9,+20.0,NB	
1700303107.4129488	+6.52,+17.7,+21.6,LA	+6.47,+25.5,+21.5,HA	+6.50,+24.9,+21.7,AA	+2.66,+245.5,+20.0,OB	+2.25,+269.9,+20.7,MB	+6.90,+3.8,+20.0,OB	
1700303169.4229827	+6.52,+17.6,+21.6,MA	+6.47,+25.4,+21.5,IA	+6.50,+24.9,+21.6,@A	+2.67,+245.2,+20.0,IB	+2.25,+269.8,+20.7,LB	+6.90,+3.8,+20.0,OB	
1700303231.4328566	+6.52,+17.7,+21.6,LA	+6.47,+25.4,+21.5,IA	+6.50,+25.0,+21.7,IA	+2.67,+245.2,+19.9,JB	+2.25,+269.7,+20.7,CB	+6.90,+3.9,+20.0,NB	
1700303293.4424596	+6.52,+17.7,+21.6,LA	+6.47,+25.5,+21.5,HA	+6.50,+24.9,+21.7,AA	+2.67,+245.3,+19.9,KB	+2.25,+269.5,+20.7,AB	+6.90,+3.8,+20.0,OB	
1700303355.452099	+6.52,+17.7,+21.6,LA	+6.47,+25.5,+21.5,HA	+6.51,+24.9,+21.6,AA	+2.67,+245.3,+19.9,KB	+2.25,+269.9,+20.7,MB	+6.90,+3.9,+20.0,NB	
1700303417.4593437	+6.52,+17.7,+21.6,LA	+6.47,+25.4,+21.5,IA	+6.50,+24.9,+21.7,AA	+2.67,+245.3,+19.9,KB	+2.26,+269.3,+20.7,DB	+6.90,+3.9,+20.0,NB	
1700303479.4681578	+6.52,+17.7,+21.6,LA	+6.47,+25.4,+21.5,IA	+6.50,+25.0,+21.7,IA	+2.67,+245.3,+19.9,KB	+2.26,+269.0,+20.7,GB	+6.90,+3.9,+20.0,NB	
1700303541.4767635	+6.52,+17.7,+21.6,LA	+6.46,+25.5,+21.5,IA	+6.50,+25.0,+21.7,IA	+2.67,+245.4,+20.0,OB	+2.26,+269.0,+20.7,GB	+6.90,+4.0,+20.0,@B	
1700303603.4819658	+6.52,+17.7,+21.6,LA	+6.47,+25.5,+21.5,HA	+6.50,+25.0,+21.7,IA	+2.67,+245.4,+20.0,OB	+2.26,+269.1,+20.8,IB	+6.90,+3.9,+20.0,NB	
1700303665.490102	+6.52,+17.7,+21.6,LA	+6.46,+25.5,+21.5,IA	+6.50,+25.0,+21.7,IA	+2.67,+245.4,+20.0,OB	+2.27,+268.8,+20.7,OB	+6.90,+4.0,+20.0,@B	
1700303727.4988728	+6.52,+17.7,+21.6,LA	+6.46,+25.6,+21.5,JA	+6.50,+25.0,+21.7,IA	+2.67,+245.0,+20.0,KB	+2.33,+265.2,+20.7,MB	+6.90,+4.0,+20.0,@B	
1700303789.5086207	+6.52,+17.7,+21.6,LA	+6.46,+25.5,+21.5,IA	+6.50,+24.9,+21.7,AA	+2.67,+245.0,+20.0,KB	+2.25,+270.0,+20.7,LB	+6.90,+3.9,+20.0,NB	
1700303851.5171082	+6.52,+17.7,+21.6,LA	+6.46,+25.5,+21.5,IA	+6.50,+24.9,+21.7,AA	+2.68,+244.9,+20.0,LB	+2.25,+269.9,+20.7,MB	+6.90,+4.0,+20.0,@B	
1700303913.524868	+6.52,+17.7,+21.6,LA	+6.46,+25.5,+21.5,IA	+6.50,+24.9,+21.7,AA	+2.68,+244.9,+20.0,LB	+2.27,+268.4,+20.7,CB	+6.90,+4.0,+20.0,@B	
1700303975.5346487	+6.52,+17.7,+21.6,LA	+6.47,+25.4,+21.5,IA	+6.50,+25.0,+21.7,IA	+2.67,+245.0,+20.0,KB	+2.28,+268.0,+20.7,HB	+6.90,+4.0,+20.0,@B	
1700304037.5440452	+6.52,+17.7,+21.6,LA	+6.46,+25.6,+21.5,JA	+6.50,+25.0,+21.7,IA	+2.67,+245.1,+20.0,JB	+2.35,+263.8,+20.8,HB	+6.90,+3.9,+20.0,NB	
1700304099.5531797	+6.52,+17.7,+21.6,LA	+6.47,+25.5,+21.5,HA	+6.50,+25.0,+21.7,IA	+2.67,+245.3,+20.0,HB	+2.27,+268.8,+20.7,OB	+6.90,+4.0,+20.0,@B	
1700304161.562142	+6.52,+17.7,+21.6,LA	+6.46,+25.5,+21.5,IA	+6.50,+25.0,+21.7,IA	+2.67,+245.3,+20.0,HB	+2.27,+268.8,+20.8,@B	+6.90,+3.9,+20.0,NB	
1700304223.571	+6.52,+17.7,+21.6,LA	+6.46,+25.6,+21.5,JA	+6.50,+24.9,+21.7,AA	+2.67,+245.2,+20.0,IB	+2.27,+268.6,+20.8,NB	+6.90,+4.0,+20.0,@B	
1700304285.5791762	+6.52,+17.7,+21.6,LA	+6.46,+25.5,+21.5,IA	+6.50,+24.9,+21.7,AA	+2.67,+245.4,+20.0,OB	+2.27,+268.6,+20.7,AB	+6.90,+3.9,+20.0,NB	
1700304347.5859442	+6.52,+17.7,+21.6,LA	+6.46,+25.5,+21.5,IA	+6.50,+25.0,+21.7,IA	+2.67,+245.4,+20.0,OB	+2.28,+268.3,+20.8,DB	+6.90,+3.9,+20.0,NB	
1700304409.5974274	+6.52,+17.7,+21.6,LA	+6.46,+25.6,+21.5,JA	+6.50,+25.0,+21.7,IA	+2.67,+245.5,+20.0,NB	+2.27,+268.4,+20.8,LB	+6.90,+4.0,+20.0,@B	
1700304471.6051133	+6.52,+17.7,+21.6,LA	+6.46,+25.6,+21.5,JA	+6.50,+24.9,+21.7,AA	+2.66,+245.6,+20.0,LB	+2.28,+268.2,+20.8,EB	+6.90,+4.0,+20.0,@B	
1700304533.614808	+6.52,+17.6,+21.6,MA	+6.46,+25.5,+21.5,IA	+6.50,+25.0,+21.7,IA	+2.66,+245.6,+20.0,LB	+2.28,+268.1,+20.8,FB	+6.90,+4.0,+20.0,@B	
1700304595.6250367	+6.52,+17.7,+21.6,LA	+6.46,+25.5,+21.5,IA	+6.50,+24.9,+21.7,AA	+2.66,+245.7,+20.0,MB	+2.35,+264.0,+20.8,GB	+6.90,+4.0,+20.0,@B	
1700304657.633752	+6.52,+17.7,+21.6,LA	+6.46,+25.5,+21.5,IA	+6.50,+25.0,+21.7,IA	+2.66,+245.7,+20.0,MB	+2.28,+268.3,+20.7,KB	+6.90,+4.0,+20.0,@B	
1700304719.6429105	+6.52,+17.7,+21.6,LA	+6.46,+25.5,+21.5,IA	+6.50,+25.0,+21.7,IA	+2.66,+245.7,+20.0,MB	+2.28,+268.0,+20.8,GB	+6.90,+4.1,+20.0,AB	
1700304781.6490095	+6.52,+17.7,+21.6,LA	+6.46,+25.5,+21.5,IA	+6.50,+24.9,+21.7,AA	+2.66,+245.8,+20.0,BB	+2.27,+268.5,+20.7,BB	+6.90,+4.1,+20.0,AB	
1700304843.6593843	+6.52,+17.7,+21.6,LA	+6.46,+25.6,+21.5,JA	+6.50,+25.0,+21.7,IA	+2.66,+245.9,+20.0,CB	+2.27,+268.5,+20.8,MB	+6.90,+4.0,+20.0,@B	
1700304905.6683636	+6.52,+17.7,+21.6,LA	+6.46,+25.5,+21.5,IA	+6.50,+25.0,+21.7,IA	+2.66,+246.0,+20.0,IB	+2.35,+264.1,+20.8,FB	+6.90,+4.0,+20.0,@B	
1700304967.67842	+6.52,+17.7,+21.6,LA	+6.46,+25.5,+21.5,IA	+6.50,+25.0,+21.7,IA	+2.66,+246.0,+20.0,IB	+2.27,+268.7,+20.8,OB	+6.90,+4.1,+20.0,AB	
1700305029.6847706	+6.52,+17.7,+21.6,LA	+6.46,+25.5,+21.5,IA	+6.50,+25.0,+21.7,IA	+2.66,+246.0,+20.0,IB	+2.27,+268.8,+20.8,@B	+6.90,+4.0,+20.0,@B	
1700305091.6962235	+6.52,+17.7,+21.6,LA	+6.46,+25.6,+21.5,JA	+6.50,+25.0,+21.7,IA	+2.66,+246.0,+20.0,IB	+2.27,+268.8,+20.8,@B	+6.90,+4.0,+20.0,@B	
1700305153.7060106	+6.52,+17.7,+21.6,LA	+6.46,+25.6,+21.5,JA	+6.50,+25.0,+21.7,IA	+2.65,+246.1,+20.0,KB	+2.27,+269.0,+20.8,IB	+6.90,+4.0,+20.0,@B	
1700305215.7121212	+6.52,+17.7,+21.7,MA	+6.46,+25.6,+21.6,IA	+6.50,+25.0,+21.7,IA	+2.65,+246.2,+20.0,HB	+2.27,+268.7,+20.7,@B	+6.90,+4.0,+20.0,@B	
1700305277.7189527	+6.52,+17.7,+21.6,LA	+6.46,+25.5,+21.6,JA	+6.50,+25.0,+21.7,IA	+2.65,+246.4,+20.0,NB	+2.35,+264.3,+20.8,DB	+6.90,+3.9,+20.0,NB	
1700305339.7283368	+6.52,+17.7,+21.6,LA	+6.46,+25.6,+21.5,JA	+6.50,+25.0,+21.7,IA	+2.65,+246.4,+20.0,NB	+2.31,+266.6,+20.8,GB	+6.90,+4.1,+20.0,AB	
1700305401.7399478	+6.52,+17.7,+21.7,MA	+6.46,+25.6,+21.5,JA	+6.50,+25.0,+21.7,IA	+2.65,+246.5,+20.0,OB	+2.30,+266.9,+20.8,IB	+6.90,+4.0,+20.0,@B	
1700305463.747948	+6.52,+17.8,+21.6,CA	+6.46,+25.6,+21.5,JA	+6.50,+25.0,+21.7,IA	+2.65,+246.5,+20.0,OB	+2.31,+266.5,+20.8,DB	+6.90,+4.0,+20.0,@B	
1700305525.7560472	+6.52,+17.7,+21.7,MA	+6.46,+25.6,+21.5,JA	+6.50,+25.0,+21.7,IA	+2.65,+246.5,+20.0,OB	+2.31,+266.2,+20.8,CB	+6.90,+3.9,+20.0,NB	
1700305587.7640154	+6.52,+17.7,+21.7,MA	+6.46,+25.6,+21.6,IA	+6.50,+24.9,+21.7,AA	+2.65,+246.5,+20.0,OB	+2.39,+261.8,+20.8,FB	+6.90,+4.0,+20.0,@B	
1700305649.7722235	+6.52,+17.7,+21.6,LA	+6.46,+25.6,+21.5,JA	+6.50,+25.0,+21.7,IA	+2.65,+246.5,+20.0,OB	+2.32,+265.9,+20.8,HB	+6.90,+4.0,+20.0,@B	
1700305711.7814567	+6.52,+17.7,+21.7,MA	+6.46,+25.6,+21.5,JA	+6.50,+25.0,+21.7,IA	+2.65,+246.6,+20.0,LB	+2.33,+265.4,+20.8,DB	+6.90,+4.0,+20.0,@B	
1700305773.7911828	+6.52,+17.7,+21.7,MA	+6.46,+25.6,+21.5,JA	+6.50,+24.9,+21.7,AA	+2.64,+246.7,+20.0,LB	+2.33,+265.4,+20.8,DB	+6.90,+4.0,+20.0,@B	
1700305835.8010678	+6.52,+17.7,+21.7,MA	+6.46,+25.6,+21.5,JA	+6.50,+25.0,+21.7,IA	+2.65,+246.6,+20.0,LB	+2.33,+265.5,+20.8,EB	+6.90,+4.0,+20.0,@B	
1700306081.3781047	+6.52,+17.7,+21.6,LA	+6.46,+25.6,+21.5,JA	+6.50,+24.9,+21.7,AA	+2.65,+246.5,+20.0,OB	+2.32,+265.7,+20.8,FB	+6.90,+4.0,+20.0,@B	
1700306143.3886604	+6.52,+17.7,+21.7,MA	+6.46,+25.6,+21.6,IA	+6.50,+25.0,+21.7,IA	+2.65,+246.5,+20.0,OB	+2.32,+265.6,+20.8,GB	+6.90,+4.0,+20.0,@B	
1700306205.3968399	+6.52,+17.7,+21.6,LA	+6.46,+25.6,+21.5,JA	+6.50,+25.0,+21.7,IA	+2.65,+246.5,+20.0,OB	+2.33,+265.1,+20.8,AB	+6.90,+4.1,+20.0,AB	
1700306267.4025185	+6.52,+17.7,+21.7,MA	+6.46,+25.7,+21.5,KA	+6.50,+25.0,+21.7,IA	+2.65,+246.7,+20.0,MB	+2.33,+265.4,+20.8,DB	+6.90,+4.0,+20.0,@B	
1700306329.4128084	+6.52,+17.7,+21.7,MA	+6.46,+25.6,+21.6,IA	+6.50,+24.9,+21.7,AA	+2.65,+246.5,+20.0,OB	+2.32,+266.0,+20.8,BB	+6.90,+4.1,+20.0,AB	
1700306391.4223602	+6.52,+17.7,+21.7,MA	+6.46,+25.7,+21.6,HA	+6.50,+24.9,+21.7,AA	+2.65,+246.6,+20.0,LB	+2.31,+266.5,+20.8,DB	+6.90,+4.1,+20.0,AB	
1700306453.430959	+6.52,+17.7,+21.7,MA	+6.46,+25.6,+21.6,IA	+6.50,+25.0,+21.7,IA	+2.64,+246.7,+20.0,LB	+2.30,+266.9,+20.8,IB	+6.90,+4.1,+20.0,AB	
1700306515.4384322	+6.52,+17.7,+21.7,MA	+6.46,+25.7,+21.6,HA	+6.50,+25.0,+21.7,IA	+2.64,+246.8,+20.0,CB	+2.30,+266.9,+20.8,IB	+6.90,+4.1,+20.0,AB	
1700306577.4483593	+6.52,+17.7,+21.7,MA	+6.46,+25.6,+21.6,IA	+6.50,+24.9,+21.7,AA	+2.64,+246.8,+20.0,CB	+2.29,+267.4,+20.8,MB	+6.90,+4.1,+20.0,AB	
1700306639.4581835	+6.52,+17.7,+21.7,MA	+6.46,+25.7,+21.6,HA	+6.50,+24.9,+21.7,AA	+2.64,+246.8,+20.0,CB	+2.29,+267.5,+20.8,LB	+6.90,+4.1,+20.0,AB	
1700306701.4648504	+6.52,+17.7,+21.7,MA	+6.46,+25.7,+21.6,HA	+6.50,+25.0,+21.7,IA	+2.64,+246.8,+20.0,CB	+2.33,+265.5,+20.8,EB	+6.90,+4.1,+20.0,AB	
1700306763.4750917	+6.52,+17.7,+21.7,MA	+6.46,+25.7,+21.6,HA	+6.50,+25.0,+21.7,IA	+2.64,+246.8,+20.0,CB	+2.29,+267.6,+20.8,OB	+6.90,+4.1,+20.0,AB	
1700306825.4838095	+6.52,+17.7,+21.7,MA	+6.46,+25.7,+21.5,KA	+6.50,+24.9,+21.7,AA	+2.64,+246.9,+20.0,BB	+2.29,+267.4,+20.8,MB	+6.90,+4.1,+20.0,AB	
1700306887.4934866	+6.52,+17.7,+21.7,MA	+6.46,+25.7,+21.6,HA	+6.50,+24.9,+21.7,AA	+2.64,+246.8,+20.0,CB	+2.30,+267.2,+20.8,CB	+6.90,+4.1,+20.0,AB	
1700306949.5020652	+6.52,+17.7,+21.7,MA	+6.46,+25.7,+21.6,HA	+6.50,+25.0,+21.7,IA	+2.64,+246.9,+20.0,BB	+2.29,+267.4,+20.8,MB	+6.90,+4.0,+20.0,@B	
1700307011.5100775	+6.52,+17.7,+21.7,MA	+6.46,+25.7,+21.6,HA	+6.50,+25.0,+21.7,IA	+2.64,+246.9,+20.0,BB	+2.29,+267.3,+20.8,JB	+6.90,+4.1,+20.0,AB	
1700307073.519048	+6.52,+17.8,+21.7,BA	+6.46,+25.6,+21.6,IA	+6.50,+25.0,+21.7,IA	+2.64,+246.9,+20.0,BB	+2.29,+267.4,+20.8,MB	+6.90,+4.0,+20.0,@B	
1700307135.5282686	+6.52,+17.7,+21.7,MA	+6.46,+25.7,+21.6,HA	+6.50,+25.0,+21.7,IA	+2.64,+246.9,+20.0,BB	+2.29,+267.6,+20.8,OB	+6.90,+4.1,+20.0,AB	
1700307197.5369284	+6.52,+17.7,+21.7,MA	+6.46,+25.7,+21.6,HA	+6.50,+24.9,+21.7,AA	+2.64,+246.9,+20.0,BB	+2.29,+267.6,+20.8,OB	+6.90,+4.1,+20.0,AB	
1700307259.5460665	+6.52,+17.7,+21.7,MA	+6.46,+25.7,+21.5,KA	+6.50,+25.0,+21.7,IA	+2.64,+247.0,+20.0,JB	+2.29,+267.7,+20.8,NB	+6.90,+4.1,+20.0,AB	
1700307321.55551	+6.52,+17.7,+21.7,MA	+6.46,+25.7,+21.6,HA	+6.50,+25.0,+21.7,IA	+2.64,+246.9,+20.0,BB	+2.29,+267.8,+20.8,AB	+6.90,+4.1,+20.0,AB	
1700307383.5650675	+6.52,+17.7,+21.7,MA	+6.46,+25.7,+21.6,HA	+6.50,+25.0,+21.7,IA	+2.64,+246.7,+20.0,LB	+2.29,+267.8,+20.8,AB	+6.90,+4.1,+20.0,AB	
1700307445.5746205	+6.52,+17.7,+21.7,MA	+6.46,+25.7,+21.6,HA	+6.50,+25.0,+21.7,IA	+2.64,+246.9,+20.0,BB	+2.28,+267.9,+20.8,AB	+6.90,+4.1,+20.0,AB	
1700307507.5835526	+6.52,+17.7,+21.7,MA	+6.46,+25.7,+21.6,HA	+6.50,+25.0,+21.7,IA	+2.64,+246.8,+20.0,CB	+2.36,+263.6,+20.8,EB	+6.90,+4.1,+20.0,AB	
1700307569.5939038	+6.52,+17.7,+21.7,MA	+6.46,+25.7,+21.6,HA	+6.50,+25.0,+21.7,IA	+2.64,+246.7,+20.0,LB	+2.28,+267.9,+20.8,AB	+6.90,+4.1,+20.0,AB	
1700307631.603785	+6.52,+17.7,+21.7,MA	+6.46,+25.7,+21.6,HA	+6.50,+25.1,+21.7,HA	+2.65,+246.6,+20.0,LB	+2.28,+268.3,+20.8,DB	+6.90,+4.2,+20.0,BB	
1700307693.6127338	+6.52,+17.7,+21.7,MA	+6.46,+25.7,+21.6,HA	+6.50,+25.1,+21.7,HA	+2.65,+246.6,+20.0,LB	+2.27,+268.8,+20.8,@B	+6.90,+4.1,+20.0,AB	
1700307755.6190102	+6.52,+17.7,+21.7,MA	+6.46,+25.7,+21.6,HA	+6.50,+25.0,+21.8,FA	+2.65,+246.5,+20.0,OB	+2.27,+269.0,+20.8,IB	+6.90,+4.1,+20.0,AB	
1700307817.6286457	+6.51,+17.8,+21.7,AA	+6.46,+25.7,+21.6,HA	+6.50,+25.0,+21.8,FA	+2.65,+246.5,+20.0,OB	+2.26,+269.4,+20.8,LB	+6.90,+4.2,+20.0,BB	
1700307879.6382864	+6.52,+17.8,+21.7,BA	+6.46,+25.7,+21.6,HA	+6.50,+25.0,+21.7,IA	+2.65,+246.5,+20.1,NB	+2.25,+269.8,+20.8,CB	+6.90,+4.1,+20.1,@B	
1700307941.646351	+6.52,+17.8,+21.7,BA	+6.46,+25.7,+21.6,HA	+6.50,+25.0,+21.7,IA	+2.65,+246.4,+20.0,NB	+2.26,+269.6,+20.8,NB	+6.90,+4.2,+20.0,BB	
1700308003.6570275	+6.52,+17.7,+21.7,MA	+6.46,+25.7,+21.6,HA	+6.50,+25.0,+21.7,IA	+2.65,+246.5,+20.0,OB	+2.27,+268.5,+20.8,MB	+6.90,+4.2,+20.1,CB	
1700308065.6651232	+6.52,+17.7,+21.7,MA	+6.46,+25.7,+21.6,HA	+6.50,+25.0,+21.8,FA	+2.65,+246.5,+20.0,OB	+2.35,+263.9,+20.8,IB	+6.90,+4.2,+20.0,BB	
1700308127.6728082	+6.52,+17.7,+21.7,MA	+6.46,+25.7,+21.6,HA	+6.50,+25.0,+21.7,IA	+2.65,+246.5,+20.0,OB	+2.26,+269.2,+20.8,JB	+6.90,+4.1,+20.0,AB	
1700308189.6846647	+6.52,+17.7,+21.7,MA	+6.46,+25.7,+21.6,HA	+6.50,+25.0,+21.7,IA	+2.65,+246.4,+20.0,NB	+2.26,+269.3,+20.8,KB	+6.90,+4.1,+20.0,AB	
1700308251.6944568	+6.52,+17.7,+21.7,MA	+6.46,+25.8,+21.6,GA	+6.50,+25.0,+21.7,IA	+2.65,+246.6,+20.0,LB	+2.26,+269.5,+20.8,MB	+6.90,+4.2,+20.0,BB	
1700308313.7038085	+6.52,+17.7,+21.7,MA	+6.46,+25.7,+21.6,HA	+6.50,+25.1,+21.7,HA	+2.65,+246.7,+20.0,MB	+2.26,+269.4,+20.8,LB	+6.90,+4.2,+20.0,BB	
1700308375.7133114	+6.52,+17.7,+21.7,MA	+6.46,+25.7,+21.6,HA	+6.50,+25.0,+21.7,IA	+2.64,+246.7,+20.0,LB	+2.25,+270.1,+20.8,BB	+6.90,+4.2,+20.0,BB	
1700308437.7241502	+6.52,+17.7,+21.7,MA	+6.46,+25.8,+21.6,GA	+6.50,+25.0,+21.7,IA	+2.64,+246.8,+20.0,CB	+2.24,+270.2,+20.8,@B	+6.90,+4.2,+20.0,BB	
1700308499.732315	+6.52,+17.7,+21.7,MA	+6.46,+25.7,+21.6,HA	+6.50,+25.0,+21.7,IA	+2.65,+246.6,+20.0,LB	+2.24,+270.6,+20.8,DB	+6.90,+4.2,+20.0,BB	
1700308561.7417433	+6.52,+17.7,+21.7,MA	+6.46,+25.8,+21.6,GA	+6.50,+25.0,+21.7,IA	+2.65,+246.6,+20.0,LB	+2.23,+270.9,+20.8,LB	+6.90,+4.2,+20.0,BB	
1700308623.7485826	+6.52,+17.7,+21.7,MA	+6.46,+25.7,+21.6,HA	+6.50,+25.0,+21.7,IA	+2.65,+246.6,+20.0,LB	+2.24,+270.5,+20.8,GB	+6.90,+4.1,+20.1,@B	
1700308685.7575943	+6.52,+17.7,+21.7,MA	+6.46,+25.8,+21.6,GA	+6.50,+25.0,+21.7,IA	+2.65,+246.5,+20.0,OB	+2.23,+271.1,+20.8,EB	+6.90,+4.1,+20.1,@B	
1700308747.768129	+6.52,+17.7,+21.7,MA	+6.46,+25.8,+21.6,GA	+6.50,+25.0,+21.7,IA	+2.65,+246.4,+20.0,NB	+2.23,+271.1,+20.8,EB	+6.90,+4.2,+20.0,BB	
1700308809.7783074	+6.52,+17.7,+21.7,MA	+6.46,+25.8,+21.6,GA	+6.50,+25.0,+21.8,FA	+2.65,+246.6,+20.0,LB	+2.23,+271.0,+20.8,DB	+6.90,+4.2,+20.1,CB	
1700308871.7875073	+6.52,+17.7,+21.7,MA	+6.46,+25.7,+21.6,HA	+6.50,+25.0,+21.8,FA	+2.64,+246.8,+20.0,CB	+2.23,+270.8,+20.8,MB	+6.90,+4.2,+20.0,BB	
1700308933.795727	+6.52,+17.7,+21.7,MA	+6.46,+25.8,+21.6,GA	+6.50,+25.0,+21.8,FA	+2.64,+246.9,+20.0,BB	+2.34,+265.0,+20.8,GB	+6.90,+4.2,+20.0,BB	
1700308995.8035746	+6.52,+17.7,+21.7,MA	+6.46,+25.8,+21.6,GA	+6.50,+25.0,+21.7,IA	+2.64,+247.0,+20.0,JB	+2.25,+269.6,+20.8,MB	+6.90,+4.2,+20.0,BB	
1700309057.81399	+6.52,+17.6,+21.7,LA	+6.46,+25.8,+21.6,GA	+6.50,+25.0,+21.8,FA	+2.64,+247.1,+20.0,KB	+2.25,+269.7,+20.8,LB	+6.90,+4.3,+20.1,BB	
1700309119.8226275	+6.52,+17.7,+21.7,MA	+6.46,+25.8,+21.6,GA	+6.50,+25.0,+21.8,FA	+2.64,+246.9,+20.0,BB	+2.25,+269.7,+20.8,LB	+6.90,+4.2,+20.0,BB	
1700309181.8323243	+6.52,+17.7,+21.7,MA	+6.46,+25.8,+21.6,GA	+6.50,+25.0,+21.8,FA	+2.64,+247.0,+20.1,KB	+2.26,+269.5,+20.8,MB	+6.90,+4.2,+20.1,CB	
1700309243.8406725	+6.52,+17.7,+21.7,MA	+6.46,+25.8,+21.6,GA	+6.50,+25.0,+21.8,FA	+2.65,+246.6,+20.1,MB	+2.34,+264.8,+20.8,NB	+6.90,+4.2,+20.1,CB	
1700309305.8447626	+6.52,+17.7,+21.7,MA	+6.46,+25.8,+21.6,GA	+6.50,+25.0,+21.8,FA	+2.64,+246.9,+20.0,BB	+2.25,+269.7,+20.8,LB	+6.90,+4.2,+20.1,CB	
1700309367.8516364	+6.52,+17.7,+21.7,MA	+6.46,+25.8,+21.6,GA	+6.50,+25.0,+21.8,FA	+2.64,+247.0,+20.0,JB	+2.29,+267.5,+20.8,LB	+6.90,+4.2,+20.1,CB	
1700309429.859336	+6.52,+17.7,+21.7,MA	+6.46,+25.9,+21.6,FA	+6.50,+25.0,+21.7,IA	+2.64,+247.0,+20.0,JB	+2.30,+267.3,+20.8,BB	+6.90,+4.2,+20.1,CB	
1700309491.86577	+6.52,+17.7,+21.7,MA	+6.46,+25.8,+21.6,GA	+6.50,+25.0,+21.8,FA	+2.64,+247.0,+20.1,KB	+2.38,+262.7,+20.8,KB	+6.90,+4.1,+20.0,AB	
1700309553.8745096	+6.52,+17.7,+21.7,MA	+6.46,+25.8,+21.6,GA	+6.50,+25.0,+21.8,FA	+2.64,+247.1,+20.0,KB	+2.30,+267.3,+20.8,BB	+6.90,+4.1,+20.1,@B	
1700309615.885032	+6.52,+17.7,+21.7,MA	+6.46,+25.8,+21.6,GA	+6.50,+25.0,+21.7,IA	+2.64,+246.9,+20.1,CB	+2.29,+267.5,+20.8,LB	+6.90,+4.2,+20.1,CB	
1700309677.8939688	+6.52,+17.7,+21.7,MA	+6.46,+25.8,+21.6,GA	+6.50,+25.0,+21.8,FA	+2.64,+246.9,+20.1,CB	+2.29,+267.8,+20.8,AB	+6.90,+4.2,+20.1,CB	
1700309924.676341	+6.52,+17.7,+21.7,MA	+6.46,+25.8,+21.6,GA	+6.50,+25.0,+21.7,IA	+2.64,+246.8,+20.1,BB	+2.27,+268.5,+20.8,MB	+6.90,+4.2,+20.1,CB	
1700309986.6841192	+6.52,+17.8,+21.7,BA	+6.46,+25.8,+21.6,GA	+6.50,+25.0,+21.8,FA	+2.64,+246.9,+20.1,CB	+2.26,+269.2,+20.8,JB	+6.89,+4.3,+20.1,JB	
1700310048.6932125	+6.52,+17.7,+21.7,MA	+6.46,+25.8,+21.6,GA	+6.50,+25.0,+21.8,FA	+2.65,+246.5,+20.1,NB	+2.27,+269.0,+20.8,IB	+6.89,+4.3,+20.0,KB	
1700310110.7025514	+6.52,+17.7,+21.7,MA	+6.46,+25.8,+21.6,GA	+6.50,+25.1,+21.8,GA	+2.65,+246.3,+20.1,HB	+2.26,+269.6,+20.8,NB	+6.89,+4.4,+20.1,MB	
1700310172.7089677	+6.52,+17.7,+21.7,MA	+6.46,+25.8,+21.6,GA	+6.50,+25.0,+21.8,FA	+2.65,+246.2,+20.1,IB	+2.25,+269.7,+20.8,LB	+6.90,+4.3,+20.1,BB	
1700310234.7155364	+6.52,+17.7,+21.7,MA	+6.46,+25.8,+21.6,GA	+6.50,+25.0,+21.8,FA	+2.65,+246.2,+20.1,IB	+2.26,+269.5,+20.8,MB	+6.89,+4.3,+20.1,JB	
1700310296.725503	+6.52,+17.7,+21.7,MA	+6.46,+25.8,+21.6,GA	+6.50,+25.0,+21.8,FA	+2.66,+246.1,+20.1,IB	+2.26,+269.6,+20.9,OB	+6.89,+4.3,+20.1,JB	
1700310358.7345748	+6.52,+17.7,+21.7,MA	+6.46,+25.8,+21.6,GA	+6.50,+25.1,+21.8,GA	+2.66,+246.0,+20.1,HB	+2.33,+265.2,+20.8,BB	+6.89,+4.3,+20.1,JB	
1700310420.74461	+6.52,+17.7,+21.7,MA	+6.46,+25.9,+21.6,FA	+6.50,+25.1,+21.8,GA	+2.66,+246.0,+20.1,HB	+2.24,+270.6,+20.9,EB	+6.89,+4.3,+20.1,JB	
1700310482.7537725	+6.52,+17.7,+21.7,MA	+6.46,+25.9,+21.6,FA	+6.50,+25.0,+21.8,FA	+2.66,+246.0,+20.1,HB	+2.24,+270.3,+20.8,AB	+6.89,+4.3,+20.1,JB	
1700310544.7632556	+6.52,+17.7,+21.7,MA	+6.46,+25.8,+21.6,GA	+6.50,+25.0,+21.8,FA	+2.66,+245.9,+20.1,BB	+2.26,+269.3,+20.8,KB	+6.89,+4.3,+20.1,JB	
1700310606.7731826	+6.52,+17.7,+21.7,MA	+6.46,+25.9,+21.6,FA	+6.50,+25.1,+21.8,GA	+2.66,+245.9,+20.1,BB	+2.26,+269.3,+20.8,KB	+6.89,+4.3,+20.1,JB	
1700310668.780895	+6.52,+17.7,+21.7,MA	+6.46,+25.9,+21.6,FA	+6.50,+25.0,+21.8,FA	+2.66,+246.0,+20.1,HB	+2.34,+264.8,+20.8,NB	+6.89,+4.3,+20.1,JB	
1700310730.7875473	+6.52,+17.7,+21.7,MA	+6.46,+25.9,+21.6,FA	+6.50,+25.1,+21.8,GA	+2.66,+246.1,+20.1,IB	+2.25,+269.7,+20.9,MB	+6.89,+4.4,+20.1,MB	
1700310792.796012	+6.52,+17.7,+21.7,MA	+6.46,+25.9,+21.6,FA	+6.50,+25.0,+21.8,FA	+2.66,+246.0,+20.1,HB	+2.25,+270.0,+20.9,BB	+6.89,+4.3,+20.1,JB	
1700310854.8053107	+6.52,+17.7,+21.7,MA	+6.46,+25.9,+21.6,FA	+6.50,+25.0,+21.8,FA	+2.66,+246.0,+20.1,HB	+2.25,+270.1,+20.9,CB	+6.89,+4.4,+20.1,MB	
1700310916.814885	+6.52,+17.7,+21.7,MA	+6.46,+25.9,+21.6,FA	+6.50,+25.1,+21.8,GA	+2.66,+245.8,+20.1,CB	+2.26,+269.3,+20.9,JB	+6.89,+4.4,+20.1,MB	
1700310978.82318	+6.52,+17.7,+21.7,MA	+6.46,+25.9,+21.6,FA	+6.50,+25.1,+21.8,GA	+2.66,+245.9,+20.1,BB	+2.32,+265.8,+20.9,HB	+6.89,+4.3,+20.1,JB	
1700311040.83311	+6.52,+17.7,+21.7,MA	+6.46,+25.9,+21.6,FA	+6.50,+25.1,+21.7,HA	+2.66,+245.9,+20.1,BB	+2.24,+270.3,+20.8,AB	+6.89,+4.3,+20.1,JB	
1700311102.8425398	+6.52,+17.7,+21.7,MA	+6.46,+25.9,+21.6,FA	+6.50,+25.0,+21.8,FA	+2.66,+245.7,+20.1,LB	+2.24,+270.4,+20.9,GB	+6.89,+4.4,+20.1,MB	
1700311164.8519046	+6.52,+17.7,+21.7,MA	+6.46,+25.9,+21.6,FA	+6.50,+25.1,+21.8,GA	+2.67,+245.5,+20.1,OB	+2.25,+269.7,+20.9,MB	+6.89,+4.4,+20.1,MB	
1700311226.8608906	+6.52,+17.7,+21.7,MA	+6.46,+25.9,+21.6,FA	+6.50,+25.0,+21.8,FA	+2.66,+245.6,+20.1,MB	+2.29,+267.5,+20.9,MB	+6.89,+4.4,+20.1,MB	
1700311288.8699415	+6.52,+17.7,+21.7,MA	+6.46,+25.9,+21.6,FA	+6.50,+25.1,+21.8,GA	+2.66,+245.7,+20.1,LB	+2.25,+270.1,+20.9,CB	+6.89,+4.4,+20.1,MB	
1700311350.8785307	+6.52,+17.7,+21.8,BA	+6.46,+25.9,+21.6,FA	+6.50,+25.1,+21.8,GA	+2.66,+245.9,+20.1,BB	+2.25,+269.8,+20.8,CB	+6.89,+4.4,+20.1,MB	
1700311412.8818586	+6.52,+17.7,+21.7,MA	+6.46,+25.9,+21.6,FA	+6.50,+25.0,+21.8,FA	+2.66,+245.9,+20.1,BB	+2.26,+269.6,+20.9,OB	+6.89,+4.4,+20.1,MB	
1700311474.8929555	+6.52,+17.7,+21.7,MA	+6.46,+25.9,+21.6,FA	+6.50,+25.0,+21.8,FA	+2.66,+246.0,+20.1,HB	+2.25,+269.7,+20.9,MB	+6.89,+4.4,+20.1,MB	
1700311536.902239	+6.52,+17.7,+21.7,MA	+6.46,+25.9,+21.6,FA	+6.50,+25.2,+21.8,DA	+2.66,+246.1,+20.1,IB	+2.26,+269.4,+20.9,MB	+6.89,+4.4,+20.1,MB	
1700311598.9107807	+6.52,+17.8,+21.8,MA	+6.46,+26.0,+21.6,LA	+6.50,+25.1,+21.8,GA	+2.66,+246.0,+20.1,HB	+2.26,+269.2,+20.9,KB	+6.89,+4.4,+20.1,MB	
1700311660.9199467	+6.52,+17.7,+21.8,BA	+6.46,+26.0,+21.6,LA	+6.50,+25.1,+21.8,GA	+2.66,+246.0,+20.1,HB	+2.26,+269.6,+20.9,OB	+6.89,+4.4,+20.1,MB	
1700311722.9286127	+6.52,+17.7,+21.7,MA	+6.46,+26.0,+21.7,MA	+6.50,+25.1,+21.8,GA	+2.66,+245.9,+20.1,BB	+2.26,+269.6,+20.9,OB	+6.89,+4.3,+20.1,JB	
1700311784.9362469	+6.52,+17.7,+21.7,MA	+6.46,+26.0,+21.7,MA	+6.50,+25.1,+21.8,GA	+2.66,+245.9,+20.1,BB	+2.26,+269.6,+20.9,OB	+6.89,+4.4,+20.1,MB	
1700311846.9409542	+6.52,+17.7,+21.7,MA	+6.46,+26.0,+21.6,LA	+6.50,+25.0,+21.8,FA	+2.66,+245.9,+20.1,BB	+2.28,+268.4,+20.9,BB	+6.89,+4.4,+20.1,MB	
1700311908.9500918	+6.52,+17.7,+21.8,BA	+6.46,+26.0,+21.6,LA	+6.50,+25.0,+21.8,FA	+2.66,+245.9,+20.1,BB	+2.29,+267.9,+20.9,AB	+6.89,+4.4,+20.1,MB	
1700311970.9606218	+6.52,+17.7,+21.7,MA	+6.46,+26.0,+21.6,LA	+6.50,+25.1,+21.8,GA	+2.66,+246.1,+20.1,IB	+2.37,+263.3,+20.9,@B	+6.89,+4.4,+20.1,MB	
1700312032.969381	+6.52,+17.6,+21.7,LA	+6.46,+25.9,+21.6,FA	+6.50,+25.0,+21.8,FA	+2.65,+246.3,+20.1,HB	+2.27,+268.9,+20.9,@B	+6.89,+4.5,+20.1,LB	
1700312094.976626	+6.52,+17.7,+21.8,BA	+6.46,+26.0,+21.7,MA	+6.50,+25.0,+21.8,FA	+2.65,+246.4,+20.1,OB	+2.27,+269.0,+20.9,HB	+6.89,+4.4,+20.1,MB	
1700312156.9851773	+6.52,+17.8,+21.7,BA	+6.46,+26.0,+21.7,MA	+6.50,+25.0,+21.8,FA	+2.65,+246.5,+20.1,NB	+2.27,+268.9,+20.9,@B	+6.89,+4.4,+20.1,MB	
1700312218.994988	+6.52,+17.7,+21.7,MA	+6.46,+26.0,+21.7,MA	+6.50,+25.1,+21.8,GA	+2.66,+246.0,+20.1,HB	+2.27,+269.0,+20.9,HB	+6.89,+4.4,+20.1,MB	
1700312281.004036	+6.52,+17.7,+21.7,MA	+6.46,+26.0,+21.6,LA	+6.50,+25.0,+21.8,FA	+2.66,+245.7,+20.1,LB	+2.25,+269.7,+20.9,MB	+6.89,+4.4,+20.1,MB	
1700312343.015091	+6.52,+17.7,+21.8,BA	+6.46,+26.0,+21.7,MA	+6.50,+25.1,+21.8,GA	+2.66,+245.7,+20.1,LB	+2.26,+269.7,+20.9,NB	+6.89,+4.5,+20.1,LB	
1700312405.0257492	+6.52,+17.7,+21.8,BA	+6.46,+26.0,+21.7,MA	+6.50,+25.1,+21.8,GA	+2.66,+245.9,+20.1,BB	+2.25,+270.1,+20.9,CB	+6.89,+4.5,+20.1,LB	
1700312467.0354197	+6.52,+17.7,+21.8,BA	+6.46,+26.0,+21.6,LA	+6.50,+25.1,+21.8,GA	+2.66,+245.8,+20.1,CB	+2.25,+270.1,+20.9,CB	+6.89,+4.5,+20.1,LB	
1700312529.0430589	+6.52,+17.7,+21.8,BA	+6.46,+26.0,+21.6,LA	+6.50,+25.0,+21.8,FA	+2.66,+245.9,+20.1,BB	+2.33,+265.6,+20.9,GB	+6.89,+4.4,+20.1,MB	
1700312591.0522041	+6.52,+17.7,+21.7,MA	+6.46,+26.1,+21.6,MA	+6.50,+25.1,+21.8,GA	+2.66,+245.9,+20.1,BB	+2.24,+270.6,+20.9,EB	+6.89,+4.5,+20.1,LB	
1700312653.0629432	+6.52,+17.7,+21.7,MA	+6.46,+26.0,+21.7,MA	+6.50,+25.1,+21.8,GA	+2.66,+246.0,+20.1,HB	+2.22,+271.5,+20.9,AB	+6.89,+4.4,+20.1,MB	
1700312715.0720875	+6.52,+17.7,+21.8,BA	+6.46,+26.0,+21.7,MA	+6.50,+25.1,+21.8,GA	+2.66,+245.9,+20.1,BB	+2.22,+271.5,+20.9,AB	+6.89,+4.4,+20.1,MB	
1700312777.081481	+6.52,+17.7,+21.8,BA	+6.46,+26.0,+21.6,LA	+6.50,+25.0,+21.8,FA	+2.66,+245.9,+20.1,BB	+2.23,+271.4,+20.9,AB	+6.89,+4.5,+20.1,LB	
1700312839.0889263	+6.52,+17.7,+21.8,BA	+6.46,+26.1,+21.6,MA	+6.50,+25.0,+21.8,FA	+2.66,+246.0,+20.1,HB	+2.22,+271.5,+20.9,AB	+6.89,+4.5,+20.1,LB	
1700312901.0982122	+6.52,+17.7,+21.7,MA	+6.46,+26.0,+21.7,MA	+6.50,+25.1,+21.8,GA	+2.65,+246.3,+20.1,HB	+2.23,+271.4,+20.9,AB	+6.89,+4.4,+20.1,MB	
1700312963.107514	+6.52,+17.7,+21.8,BA	+6.46,+26.0,+21.7,MA	+6.50,+25.0,+21.8,FA	+2.65,+246.4,+20.1,OB	+2.24,+270.6,+20.9,EB	+6.89,+4.4,+20.1,MB	
1700313025.1169598	+6.52,+17.7,+21.8,BA	+6.46,+26.0,+21.7,MA	+6.50,+25.1,+21.8,GA	+2.64,+246.9,+20.1,CB	+2.24,+270.3,+20.9,@B	+6.89,+4.4,+20.1,MB	
1700313087.1270747	+6.52,+17.7,+21.8,BA	+6.46,+26.0,+21.7,MA	+6.50,+25.1,+21.8,GA	+2.64,+247.0,+20.1,KB	+2.25,+270.0,+20.9,BB	+6.89,+4.4,+20.1,MB	
1700313149.1345582	+6.52,+17.7,+21.8,BA	+6.45,+26.1,+21.7,OA	+6.50,+25.1,+21.8,GA	+2.64,+246.9,+20.1,CB	+2.25,+270.1,+20.9,CB	+6.89,+4.4,+20.1,MB	
1700313211.1444123	+6.52,+17.7,+21.8,BA	+6.46,+26.0,+21.7,MA	+6.50,+25.1,+21.8,GA	+2.65,+246.7,+20.1,LB	+2.37,+262.9,+20.9,KB	+6.89,+4.4,+20.1,MB	
1700313273.1544697	+6.52,+17.7,+21.8,BA	+6.45,+26.1,+21.7,OA	+6.50,+25.1,+21.8,GA	+2.65,+246.6,+20.1,MB	+2.31,+266.3,+20.9,CB	+6.89,+4.4,+20.1,MB	
1700313335.164651	+6.52,+17.7,+21.8,BA	+6.46,+26.0,+21.7,MA	+6.50,+25.1,+21.9,FA	+2.64,+246.8,+20.1,BB	+2.32,+266.2,+20.9,AB	+6.89,+4.5,+20.1,LB	
1700313397.1731215	+6.52,+17.7,+21.8,BA	+6.46,+26.0,+21.7,MA	+6.50,+25.1,+21.8,GA	+2.64,+246.9,+20.1,CB	+2.32,+265.9,+20.9,IB	+6.89,+4.5,+20.1,LB	
1700313459.1828024	+6.52,+17.7,+21.8,BA	+6.46,+26.1,+21.7,LA	+6.50,+25.0,+21.8,FA	+2.64,+246.9,+20.1,CB	+2.32,+265.9,+20.9,IB	+6.89,+4.5,+20.1,LB	
1700313521.1929772	+6.52,+17.7,+21.8,BA	+6.46,+26.0,+21.7,MA	+6.50,+25.0,+21.8,FA	+2.64,+246.9,+20.1,CB	+2.39,+261.8,+20.9,GB	+6.89,+4.5,+20.1,LB	
1700313766.7538996	+6.52,+17.7,+21.8,BA	+6.46,+26.1,+21.7,LA	+6.50,+25.0,+21.8,FA	+2.64,+247.0,+20.1,KB	+2.32,+265.7,+20.9,GB	+6.89,+4.4,+20.1,MB	
1700313828.7630897	+6.52,+17.7,+21.8,BA	+6.45,+26.1,+21.7,OA	+6.50,+25.0,+21.8,FA	+2.64,+247.1,+20.1,JB	+2.32,+265.8,+20.9,HB	+6.89,+4.4,+20.1,MB	
1700313890.7729464	+6.52,+17.7,+21.8,BA	+6.46,+26.1,+21.6,MA	+6.50,+25.1,+21.8,GA	+2.65,+246.4,+20.1,OB	+2.32,+265.8,+20.9,HB	+6.89,+4.5,+20.1,LB	
1700313952.7827206	+6.52,+17.7,+21.7,MA	+6.45,+26.1,+21.7,OA	+6.50,+25.1,+21.8,GA	+2.66,+246.2,+20.1,JB	+2.32,+265.7,+20.9,GB	+6.89,+4.5,+20.1,LB	
1700314014.791974	+6.52,+17.7,+21.8,BA	+6.45,+26.2,+21.7,LA	+6.50,+25.1,+21.8,GA	+2.66,+246.0,+20.1,HB	+2.32,+265.7,+20.9,GB	+6.89,+4.5,+20.1,LB	
1700314076.8013797	+6.52,+17.7,+21.8,BA	+6.45,+26.1,+21.7,OA	+6.50,+25.1,+21.8,GA	+2.66,+246.0,+20.1,HB	+2.32,+265.8,+20.9,HB	+6.89,+4.6,+20.1,OB	
1700314138.8116367	+6.52,+17.7,+21.8,BA	+6.45,+26.2,+21.7,LA	+6.50,+25.1,+21.8,GA	+2.66,+246.0,+20.2,KB	+2.32,+265.7,+20.9,GB	+6.89,+4.5,+20.1,LB	
1700314200.8217456	+6.52,+17.7,+21.8,BA	+6.45,+26.1,+21.7,OA	+6.50,+25.0,+21.8,FA	+2.66,+246.1,+20.1,IB	+2.33,+265.4,+20.9,EB	+6.89,+4.5,+20.1,LB	
1700314262.8301942	+6.52,+17.7,+21.8,BA	+6.46,+26.1,+21.7,LA	+6.50,+25.2,+21.8,DA	+2.66,+246.1,+20.1,IB	+2.34,+264.8,+20.9,OB	+6.89,+4.5,+20.2,OB	
1700314324.838972	+6.52,+17.7,+21.8,BA	+6.45,+26.1,+21.7,OA	+6.50,+25.2,+21.8,DA	+2.66,+246.1,+20.1,IB	+2.34,+264.8,+20.9,OB	+6.89,+4.6,+20.1,OB	
1700314386.8467004	+6.52,+17.7,+21.8,BA	+6.45,+26.1,+21.7,OA	+6.50,+25.1,+21.8,GA	+2.66,+246.1,+20.1,IB	+2.34,+264.9,+20.9,NB	+6.89,+4.5,+20.1,LB	
1700314448.8563676	+6.52,+17.7,+21.8,BA	+6.45,+26.1,+21.7,OA	+6.50,+25.1,+21.8,GA	+2.66,+246.0,+20.1,HB	+2.34,+264.9,+20.9,NB	+6.89,+4.5,+20.1,LB	
1700314510.8658357	+6.52,+17.7,+21.8,BA	+6.45,+26.2,+21.7,LA	+6.50,+25.1,+21.8,GA	+2.66,+246.1,+20.2,JB	+2.34,+264.7,+20.9,@B	+6.89,+4.4,+20.1,MB	
1700314572.8737736	+6.52,+17.7,+21.8,BA	+6.45,+26.1,+21.7,OA	+6.50,+25.1,+21.9,FA	+2.66,+246.0,+20.1,HB	+2.39,+262.1,+20.9,MB	+6.89,+4.5,+20.1,LB	
1700314634.8831272	+6.52,+17.7,+21.8,BA	+6.45,+26.1,+21.7,OA	+6.50,+25.1,+21.8,GA	+2.66,+246.1,+20.2,JB	+2.37,+262.9,+20.9,KB	+6.89,+4.5,+20.2,OB	
1700314696.8891933	+6.52,+17.7,+21.8,BA	+6.45,+26.2,+21.7,LA	+6.50,+25.1,+21.8,GA	+2.66,+246.1,+20.1,IB	+2.37,+262.9,+20.9,KB	+6.89,+4.5,+20.1,LB	
1700314758.899146	+6.52,+17.7,+21.8,BA	+6.45,+26.2,+21.7,LA	+6.50,+25.1,+21.8,GA	+2.66,+246.0,+20.1,HB	+2.37,+262.9,+20.9,KB	+6.89,+4.5,+20.2,OB	
1700314820.9102018	+6.52,+17.7,+21.8,BA	+6.45,+26.1,+21.7,OA	+6.50,+25.1,+21.8,GA	+2.66,+246.0,+20.1,HB	+2.37,+263.0,+20.9,CB	+6.89,+4.6,+20.2,LB	
1700314882.9203122	+6.52,+17.7,+21.8,BA	+6.45,+26.2,+21.7,LA	+6.50,+25.1,+21.8,GA	+2.66,+246.0,+20.1,HB	+2.37,+263.1,+20.9,BB	+6.89,+4.5,+20.1,LB	
1700314944.9305604	+6.52,+17.8,+21.8,MA	+6.45,+26.2,+21.7,LA	+6.50,+25.1,+21.8,GA	+2.66,+246.0,+20.1,HB	+2.37,+262.9,+20.9,KB	+6.89,+4.5,+20.2,OB	
1700315006.9410114	+6.52,+17.7,+21.8,BA	+6.45,+26.2,+21.7,LA	+6.50,+25.1,+21.8,GA	+2.66,+246.0,+20.1,HB	+2.37,+263.0,+20.9,CB	+6.89,+4.5,+20.1,LB	
1700315068.9508169	+6.52,+17.7,+21.8,BA	+6.45,+26.2,+21.7,LA	+6.50,+25.1,+21.8,GA	+2.66,+246.1,+20.1,IB	+2.35,+264.0,+20.9,FB	+6.89,+4.5,+20.1,LB	
1700315130.9602342	+6.52,+17.7,+21.8,BA	+6.45,+26.2,+21.7,LA	+6.50,+25.1,+21.8,GA	+2.67,+245.2,+20.1,HB	+2.35,+264.1,+20.9,GB	+6.89,+4.5,+20.1,LB	
1700315192.9687116	+6.52,+17.7,+21.8,BA	+6.45,+26.2,+21.7,LA	+6.50,+25.1,+21.8,GA	+2.67,+245.2,+20.2,KB	+2.34,+264.8,+20.9,OB	+6.89,+4.5,+20.1,LB	
1700315254.978497	+6.52,+17.7,+21.8,BA	+6.45,+26.2,+21.7,LA	+6.50,+25.1,+21.8,GA	+2.67,+245.3,+20.1,IB	+2.33,+265.5,+20.9,DB	+6.89,+4.5,+20.1,LB	
1700315316.9874253	+6.52,+17.7,+21.8,BA	+6.45,+26.2,+21.7,LA	+6.50,+25.1,+21.8,GA	+2.67,+245.4,+20.1,NB	+2.32,+265.8,+20.9,HB	+6.89,+4.7,+20.1,NB	
1700315378.9982343	+6.52,+17.7,+21.8,BA	+6.45,+26.2,+21.7,LA	+6.50,+25.0,+21.8,FA	+2.67,+245.5,+20.1,OB	+2.32,+265.9,+20.9,IB	+6.89,+4.5,+20.2,OB	
1700315441.0054073	+6.52,+17.7,+21.8,BA	+6.45,+26.2,+21.7,LA	+6.50,+25.1,+21.8,GA	+2.67,+245.5,+20.1,OB	+2.32,+265.9,+20.9,IB	+6.89,+4.6,+20.2,LB	
1700315503.0163782	+6.52,+17.7,+21.8,BA	+6.45,+26.2,+21.7,LA	+6.50,+25.1,+21.8,GA	+2.67,+245.6,+20.2,OB	+2.36,+263.5,+20.9,GB	+6.89,+4.5,+20.1,LB	
1700315565.0234742	+6.52,+17.7,+21.8,BA	+6.45,+26.2,+21.7,LA	+6.50,+25.0,+21.8,FA	+2.67,+245.6,+20.1,LB	+2.32,+266.1,+20.9,BB	+6.89,+4.6,+20.1,OB	
1700315627.0318813	+6.52,+17.7,+21.8,BA	+6.45,+26.2,+21.7,LA	+6.50,+25.1,+21.9,FA	+2.66,+245.8,+20.1,CB	+2.32,+266.2,+20.9,AB	+6.89,+4.6,+20.2,LB	
1700315689.0405226	+6.52,+17.7,+21.8,BA	+6.45,+26.3,+21.7,MA	+6.50,+25.0,+21.8,FA	+2.66,+245.8,+20.1,CB	+2.31,+266.3,+20.9,CB	+6.89,+4.6,+20.2,LB	
1700315751.0492089	+6.52,+17.7,+21.8,BA	+6.45,+26.3,+21.7,MA	+6.50,+25.1,+21.9,FA	+2.66,+245.8,+20.1,CB	+2.32,+266.1,+20.9,BB	+6.89,+4.6,+20.1,OB	
1700315813.0599666	+6.52,+17.7,+21.8,BA	+6.45,+26.3,+21.7,MA	+6.50,+25.0,+21.9,GA	+2.66,+245.9,+20.1,BB	+2.32,+266.1,+20.9,BB	+6.89,+4.5,+20.2,OB	
1700315875.0696576	+6.52,+17.7,+21.8,BA	+6.45,+26.3,+21.7,MA	+6.50,+25.1,+21.8,GA	+2.66,+245.9,+20.2,AB	+2.32,+265.8,+20.9,HB	+6.89,+4.6,+20.1,OB	
1700315937.0787978	+6.52,+17.7,+21.8,BA	+6.45,+26.3,+21.7,MA	+6.50,+25.1,+21.9,FA	+2.66,+245.9,+20.1,BB	+2.31,+266.3,+20.9,CB	+6.89,+4.5,+20.2,OB	
1700315999.088149	+6.52,+17.7,+21.8,BA	+6.45,+26.3,+21.7,MA	+6.50,+25.1,+21.9,FA	+2.66,+245.9,+20.2,AB	+2.32,+266.2,+20.9,AB	+6.89,+4.5,+20.2,OB	
1700316061.0986397	+6.52,+17.7,+21.8,BA	+6.45,+26.2,+21.7,LA	+6.50,+25.1,+21.8,GA	+2.66,+245.9,+20.2,AB	+2.37,+263.0,+20.9,CB	+6.89,+4.5,+20.1,LB	
1700316123.1069074	+6.52,+17.7,+21.8,BA	+6.45,+26.3,+21.7,MA	+6.50,+25.1,+21.9,FA	+2.66,+245.9,+20.2,AB	+2.30,+267.2,+20.9,BB	+6.89,+4.5,+20.1,LB	
1700316185.116778	+6.52,+17.7,+21.8,BA	+6.45,+26.3,+21.7,MA	+6.50,+25.1,+21.8,GA	+2.66,+246.1,+20.2,JB	+2.29,+267.4,+20.9,LB	+6.89,+4.6,+20.2,LB	
1700316247.1266553	+6.52,+17.8,+21.8,MA	+6.45,+26.4,+21.7,JA	+6.50,+25.1,+21.8,GA	+2.66,+246.1,+20.2,JB	+2.31,+266.7,+20.9,GB	+6.89,+4.5,+20.2,OB	
1700316309.1367953	+6.52,+17.8,+21.8,MA	+6.45,+26.3,+21.7,MA	+6.50,+25.1,+21.8,GA	+2.66,+246.1,+20.2,JB	+2.31,+266.7,+21.0,OB	+6.89,+4.5,+20.2,OB	
1700316371.1478183	+6.52,+17.7,+21.8,BA	+6.45,+26.3,+21.7,MA	+6.50,+25.1,+21.8,GA	+2.66,+246.0,+20.1,HB	+2.31,+266.8,+20.9,HB	+6.89,+4.6,+20.1,OB	
1700316433.158001	+6.52,+17.7,+21.8,BA	+6.45,+26.3,+21.7,MA	+6.50,+25.1,+21.8,GA	+2.66,+246.0,+20.1,HB	+2.30,+266.9,+20.9,HB	+6.89,+4.7,+20.2,MB	
1700316495.1680927	+6.52,+17.7,+21.8,BA	+6.45,+26.3,+21.7,MA	+6.50,+25.1,+21.8,GA	+2.66,+246.1,+20.1,IB	+2.30,+266.8,+20.9,IB	+6.89,+4.6,+20.2,LB	
1700316557.1781788	+6.52,+17.7,+21.8,BA	+6.45,+26.4,+21.7,JA	+6.50,+25.1,+21.9,FA	+2.66,+246.1,+20.2,JB	+2.32,+265.9,+20.9,IB	+6.89,+4.6,+20.2,LB	
1700316619.1878333	+6.52,+17.7,+21.8,BA	+6.45,+26.3,+21.7,MA	+6.50,+25.1,+21.8,GA	+2.66,+246.1,+20.1,IB	+2.36,+263.8,+20.9,JB	+6.89,+4.7,+20.2,MB	
1700316681.1978972	+6.52,+17.7,+21.8,BA	+6.45,+26.3,+21.7,MA	+6.50,+25.1,+21.8,GA	+2.66,+246.1,+20.2,JB	+2.34,+265.0,+20.9,FB	+6.89,+4.6,+20.2,LB	
1700316743.2061796	+6.52,+17.7,+21.8,BA	+6.45,+26.3,+21.7,MA	+6.50,+25.1,+21.8,GA	+2.66,+246.1,+20.2,JB	+2.32,+265.8,+20.9,HB	+6.89,+4.6,+20.2,LB	
1700316805.2167318	+6.52,+17.7,+21.8,BA	+6.45,+26.3,+21.7,MA	+6.50,+25.1,+21.8,GA	+2.66,+246.0,+20.2,KB	+2.31,+266.3,+20.9,CB	+6.89,+4.7,+20.2,MB	
1700316867.2267861	+6.52,+17.7,+21.8,BA	+6.45,+26.3,+21.7,MA	+6.50,+25.1,+21.9,FA	+2.66,+245.9,+20.2,AB	+2.31,+266.5,+20.9,EB	+6.89,+4.6,+20.2,LB	
1700316929.2369812	+6.52,+17.7,+21.8,BA	+6.45,+26.3,+21.7,MA	+6.50,+25.1,+21.9,FA	+2.66,+246.1,+20.2,JB	+2.31,+266.3,+20.9,CB	+6.89,+4.6,+20.2,LB	
1700316991.2454326	+6.52,+17.7,+21.8,BA	+6.45,+26.4,+21.7,JA	+6.50,+25.1,+21.9,FA	+2.66,+246.0,+20.2,KB	+2.31,+266.5,+20.9,EB	+6.89,+4.7,+20.2,MB	
1700317053.2528517	+6.52,+17.7,+21.8,BA	+6.45,+26.3,+21.7,MA	+6.50,+25.2,+21.9,EA	+2.66,+246.1,+20.2,JB	+2.30,+267.0,+20.9,@B	+6.89,+4.7,+20.2,MB	
1700317115.2615008	+6.52,+17.7,+21.8,BA	+6.45,+26.3,+21.7,MA	+6.50,+25.2,+21.9,EA	+2.66,+246.1,+20.2,JB	+2.31,+266.8,+20.9,HB	+6.89,+4.6,+20.2,LB	
1700317177.269234	+6.52,+17.7,+21.8,BA	+6.45,+26.4,+21.7,JA	+6.50,+25.2,+21.9,EA	+2.66,+246.1,+20.2,JB	+2.31,+266.6,+20.9,FB	+6.89,+4.6,+20.2,LB	
1700317239.2788224	+6.52,+17.7,+21.8,BA	+6.45,+26.3,+21.7,MA	+6.50,+25.1,+21.9,FA	+2.66,+246.2,+20.2,IB	+2.38,+262.7,+20.9,JB	+6.89,+4.7,+20.2,MB	
1700317301.2883754	+6.52,+17.7,+21.8,BA	+6.45,+26.4,+21.7,JA	+6.50,+25.1,+21.9,FA	+2.66,+246.2,+20.2,IB	+2.32,+266.2,+20.9,AB	+6.89,+4.6,+20.2,LB	
1700317363.2988708	+6.52,+17.7,+21.8,BA	+6.45,+26.4,+21.7,JA	+6.50,+25.1,+21.9,FA	+2.66,+246.2,+20.2,IB	+2.34,+265.0,+20.9,FB	+6.89,+4.6,+20.2,LB	
1700317608.8979127	+6.52,+17.7,+21.8,BA	+6.45,+26.3,+21.7,MA	+6.50,+25.1,+21.9,FA	+2.66,+246.1,+20.2,JB	+2.36,+263.9,+20.9,KB	+6.89,+4.6,+20.2,LB	
1700317670.9051251	+6.52,+17.7,+21.8,BA	+6.45,+26.3,+21.7,MA	+6.50,+25.2,+21.9,EA	+2.66,+246.2,+20.2,IB	+2.34,+264.7,+20.9,@B	+6.89,+4.7,+20.2,MB	
1700317732.9132082	+6.52,+17.7,+21.8,BA	+6.45,+26.4,+21.7,JA	+6.50,+25.1,+21.9,FA	+2.65,+246.3,+20.2,KB	+2.34,+265.0,+20.9,FB	+6.89,+4.6,+20.2,LB	
1700317794.9236975	+6.52,+17.7,+21.8,BA	+6.45,+26.4,+21.7,JA	+6.50,+25.1,+21.9,FA	+2.65,+246.3,+20.2,KB	+2.33,+265.5,+21.0,LB	+6.89,+4.6,+20.2,LB	
1700317856.9325984	+6.52,+17.7,+21.8,BA	+6.45,+26.4,+21.7,JA	+6.50,+25.1,+21.8,GA	+2.66,+246.2,+20.2,IB	+2.33,+265.5,+20.9,DB	+6.89,+4.6,+20.2,LB	
1700317918.9430597	+6.52,+17.7,+21.8,BA	+6.45,+26.4,+21.7,JA	+6.50,+25.1,+21.9,FA	+2.65,+246.4,+20.2,LB	+2.32,+266.1,+21.0,JB	+6.89,+4.6,+20.2,LB	
1700317980.9521945	+6.52,+17.7,+21.8,BA	+6.45,+26.4,+21.7,JA	+6.50,+25.1,+21.9,FA	+2.65,+246.3,+20.2,KB	+2.32,+266.1,+20.9,BB	+6.89,+4.7,+20.2,MB	
1700318042.963839	+6.52,+17.7,+21.8,BA	+6.45,+26.4,+21.7,JA	+6.50,+25.1,+21.9,FA	+2.66,+246.1,+20.2,JB	+2.31,+266.7,+21.0,OB	+6.89,+4.7,+20.2,MB	
1700318104.973457	+6.52,+17.7,+21.8,BA	+6.45,+26.4,+21.7,JA	+6.50,+25.1,+21.9,FA	+2.65,+246.3,+20.2,KB	+2.30,+267.0,+21.0,HB	+6.89,+4.6,+20.2,LB	
1700318166.983531	+6.52,+17.7,+21.8,BA	+6.45,+26.5,+21.7,KA	+6.50,+25.1,+21.9,FA	+2.66,+246.1,+20.2,JB	+2.31,+266.6,+20.9,FB	+6.89,+4.7,+20.2,MB	
1700318228.9918404	+6.52,+17.7,+21.8,BA	+6.45,+26.4,+21.7,JA	+6.50,+25.1,+21.9,FA	+2.65,+246.3,+20.2,KB	+2.32,+266.3,+21.0,HB	+6.89,+4.7,+20.2,MB	
1700318291.0018945	+6.52,+17.7,+21.8,BA	+6.45,+26.5,+21.7,KA	+6.50,+25.1,+21.9,FA	+2.65,+246.3,+20.2,KB	+2.39,+262.1,+20.9,MB	+6.89,+4.7,+20.2,MB	
1700318353.0083213	+6.52,+17.7,+21.8,BA	+6.45,+26.4,+21.7,JA	+6.50,+25.1,+21.9,FA	+2.65,+246.3,+20.2,KB	+2.32,+266.0,+21.0,KB	+6.89,+4.6,+20.2,LB	
1700318415.0156493	+6.52,+17.7,+21.9,CA	+6.45,+26.4,+21.7,JA	+6.50,+25.1,+21.9,FA	+2.66,+245.8,+20.2,@B	+2.32,+266.0,+20.9,CB	+6.89,+4.7,+20.2,MB	
1700318477.025533	+6.52,+17.8,+21.9,LA	+6.45,+26.5,+21.7,KA	+6.50,+25.1,+21.9,FA	+2.66,+245.8,+20.2,@B	+2.32,+266.1,+21.0,JB	+6.89,+4.8,+20.2,BB	
1700318539.0346246	+6.52,+17.7,+21.9,CA	+6.45,+26.5,+21.7,KA	+6.50,+25.1,+21.9,FA	+2.66,+245.9,+20.2,AB	+2.32,+265.7,+20.9,GB	+6.89,+4.7,+20.2,MB	
1700318601.0431063	+6.52,+17.7,+21.9,CA	+6.45,+26.5,+21.7,KA	+6.50,+25.1,+21.9,FA	+2.66,+245.8,+20.2,@B	+2.32,+265.8,+20.9,HB	+6.89,+4.7,+20.2,MB	
1700318663.0532937	+6.52,+17.7,+21.9,CA	+6.45,+26.5,+21.7,KA	+6.50,+25.1,+21.9,FA	+2.66,+245.8,+20.2,@B	+2.34,+265.1,+21.0,OB	+6.89,+4.7,+20.2,MB	
1700318725.0610118	+6.52,+17.7,+21.9,CA	+6.45,+26.6,+21.7,HA	+6.50,+25.1,+21.9,FA	+2.66,+246.0,+20.2,KB	+2.33,+265.5,+21.0,LB	+6.89,+4.7,+20.2,MB	
1700318787.0704534	+6.52,+17.7,+21.9,CA	+6.45,+26.6,+21.7,HA	+6.50,+25.3,+21.9,DA	+2.66,+245.9,+20.2,AB	+2.37,+263.0,+20.9,CB	+6.89,+4.7,+20.2,MB	
1700318849.075599	+6.52,+17.7,+21.9,CA	+6.45,+26.6,+21.8,GA	+6.50,+25.2,+21.9,EA	+2.66,+245.9,+20.2,AB	+2.35,+264.3,+21.0,MB	+6.89,+4.6,+20.2,LB	
1700318911.085132	+6.52,+17.7,+21.9,CA	+6.45,+26.6,+21.7,HA	+6.50,+25.2,+21.9,EA	+2.66,+245.9,+20.2,AB	+2.35,+264.2,+21.0,LB	+6.89,+4.7,+20.2,MB	
1700318973.0912113	+6.52,+17.7,+21.8,BA	+6.44,+26.7,+21.7,HA	+6.50,+25.1,+21.9,FA	+2.66,+246.1,+20.2,JB	+2.36,+263.6,+21.0,LB	+6.89,+4.7,+20.2,MB	
1700319035.1005428	+6.52,+17.7,+21.9,CA	+6.45,+26.6,+21.8,GA	+6.50,+25.1,+21.9,FA	+2.66,+246.1,+20.2,JB	+2.36,+263.5,+21.0,OB	+6.89,+4.7,+20.2,MB	
1700319097.1096253	+6.52,+17.8,+21.9,LA	+6.45,+26.7,+21.7,IA	+6.50,+25.1,+21.9,FA	+2.66,+246.1,+20.2,JB	+2.36,+263.6,+21.0,LB	+6.89,+4.6,+20.2,LB	
1700319159.1184056	+6.52,+17.8,+21.9,LA	+6.45,+26.6,+21.7,HA	+6.50,+25.1,+21.9,FA	+2.66,+246.2,+20.2,IB	+2.36,+263.9,+21.0,CB	+6.89,+4.7,+20.2,MB	
1700319221.1271982	+6.52,+17.7,+21.9,CA	+6.45,+26.6,+21.7,HA	+6.50,+25.1,+21.9,FA	+2.66,+246.2,+20.2,IB	+2.39,+262.2,+21.0,FB	+6.89,+4.7,+20.2,MB	
1700319283.1341577	+6.52,+17.7,+21.9,CA	+6.45,+26.6,+21.8,GA	+6.50,+25.1,+21.9,FA	+2.66,+246.2,+20.2,IB	+2.38,+262.7,+21.0,BB	+6.89,+4.7,+20.2,MB	
1700319345.1418705	+6.52,+17.7,+21.9,CA	+6.45,+26.6,+21.7,HA	+6.50,+25.1,+21.9,FA	+2.66,+246.2,+20.2,IB	+2.44,+259.0,+21.0,FB	+6.89,+4.8,+20.2,BB	
1700319407.149101	+6.52,+17.7,+21.9,CA	+6.45,+26.7,+21.7,IA	+6.50,+25.1,+21.9,FA	+2.65,+246.3,+20.2,KB	+2.36,+263.5,+21.0,OB	+6.89,+4.7,+20.2,MB	
1700319469.1591017	+6.52,+17.7,+21.9,CA	+6.44,+26.7,+21.7,HA	+6.50,+25.1,+21.9,FA	+2.66,+246.2,+20.2,IB	+2.36,+263.7,+21.0,MB	+6.89,+4.8,+20.2,BB	
1700319531.1679971	+6.52,+17.7,+21.9,CA	+6.44,+26.7,+21.7,HA	+6.50,+25.1,+21.9,FA	+2.66,+246.2,+20.2,IB	+2.36,+263.4,+21.0,NB	+6.89,+4.7,+20.2,MB	
1700319593.1782296	+6.52,+17.7,+21.9,CA	+6.44,+26.7,+21.8,GA	+6.50,+25.1,+21.9,FA	+2.66,+246.2,+20.2,IB	+2.36,+263.9,+20.9,KB	+6.89,+4.8,+20.2,BB	
1700319655.1879797	+6.52,+17.7,+21.9,CA	+6.44,+26.7,+21.8,GA	+6.50,+25.1,+21.9,FA	+2.65,+246.3,+20.2,KB	+2.35,+264.1,+21.0,OB	+6.89,+4.7,+20.2,MB	
1700319717.1950536	+6.52,+17.7,+21.9,CA	+6.44,+26.7,+21.8,GA	+6.50,+25.1,+21.9,FA	+2.65,+246.4,+20.2,LB	+2.35,+264.1,+21.0,OB	+6.89,+4.7,+20.2,MB	
1700319779.2045105	+6.51,+17.8,+21.9,OA	+6.44,+26.7,+21.8,GA	+6.50,+25.1,+21.9,FA	+2.66,+246.2,+20.2,IB	+2.36,+264.0,+21.0,MB	+6.89,+4.7,+20.2,MB	
1700319841.213417	+6.52,+17.7,+21.9,CA	+6.44,+26.7,+21.8,GA	+6.50,+25.1,+21.9,FA	+2.66,+246.2,+20.2,IB	+2.35,+264.5,+21.0,KB	+6.89,+4.7,+20.2,MB	
1700319903.2217574	+6.52,+17.7,+21.9,CA	+6.44,+26.7,+21.8,GA	+6.50,+25.2,+21.9,EA	+2.65,+246.3,+20.2,KB	+2.34,+264.7,+21.0,HB	+6.89,+4.7,+20.2,MB	
1700319965.2321703	+6.52,+17.7,+21.9,CA	+6.44,+26.7,+21.8,GA	+6.50,+25.1,+21.9,FA	+2.66,+246.3,+20.2,HB	+2.38,+262.5,+21.0,@B	+6.89,+4.7,+20.2,MB	
1700320027.2411745	+6.52,+17.7,+21.9,CA	+6.44,+26.7,+21.8,GA	+6.50,+25.1,+21.9,FA	+2.65,+246.3,+20.2,KB	+2.45,+258.4,+21.0,BB	+6.89,+4.7,+20.2,MB	
1700320089.2504303	+6.52,+17.8,+21.9,LA	+6.45,+26.6,+21.8,GA	+6.50,+25.2,+21.9,EA	+2.65,+246.3,+20.2,KB	+2.44,+259.4,+21.0,BB	+6.89,+4.7,+20.2,MB	
1700320151.2566085	+6.52,+17.8,+21.9,LA	+6.45,+26.5,+21.8,DA	+6.50,+25.2,+21.9,EA	+2.65,+246.4,+20.2,LB	+2.42,+260.2,+21.0,HB	+6.89,+4.7,+20.2,MB	
1700320213.2653809	+6.52,+17.7,+21.9,CA	+6.45,+26.4,+21.8,EA	+6.50,+25.1,+21.9,FA	+2.65,+246.5,+20.2,MB	+2.41,+261.0,+21.0,HB	+6.89,+4.8,+20.2,BB	
1700320275.2746866	+6.52,+17.7,+21.9,CA	+6.45,+26.5,+21.8,DA	+6.50,+25.1,+21.9,FA	+2.65,+246.3,+20.2,KB	+2.39,+262.0,+21.0,DB	+6.89,+4.7,+20.2,MB	
1700320337.2821796	+6.52,+17.8,+21.9,LA	+6.45,+26.5,+21.7,KA	+6.50,+25.1,+21.9,FA	+2.66,+246.2,+20.2,IB	+2.37,+263.1,+21.0,JB	+6.89,+4.7,+20.2,MB	
1700320399.2952783	+6.52,+17.8,+21.9,LA	+6.45,+26.6,+21.8,GA	+6.50,+25.1,+21.9,FA	+2.66,+246.3,+20.2,HB	+2.36,+263.9,+21.0,CB	+6.89,+4.7,+20.2,MB	
1700320461.3040338	+6.52,+17.7,+21.9,CA	+6.45,+26.6,+21.8,GA	+6.50,+25.1,+21.9,FA	+2.66,+246.2,+20.2,IB	+2.35,+264.4,+21.0,JB	+6.89,+4.7,+20.2,MB	
1700320523.3136926	+6.52,+17.7,+21.9,CA	+6.44,+26.7,+21.8,GA	+6.50,+25.1,+21.9,FA	+2.66,+246.3,+20.2,HB	+2.35,+264.4,+21.0,JB	+6.89,+4.7,+20.2,MB	
1700320585.3218367	+6.52,+17.7,+21.9,CA	+6.44,+26.7,+21.8,GA	+6.50,+25.1,+21.9,FA	+2.66,+246.2,+20.2,IB	+2.35,+264.3,+21.0,MB	+6.89,+4.7,+20.3,LB	
1700320647.3307226	+6.52,+17.7,+21.9,CA	+6.45,+26.6,+21.8,GA	+6.50,+25.2,+21.9,EA	+2.66,+246.1,+20.2,JB	+2.34,+264.6,+21.0,IB	+6.89,+4.8,+20.2,BB	
1700320709.3383934	+6.52,+17.8,+21.9,LA	+6.45,+26.5,+21.8,DA	+6.50,+25.1,+21.9,FA	+2.66,+246.1,+20.2,JB	+2.35,+264.5,+21.0,KB	+6.89,+4.8,+20.3,CB	
1700320771.3458192	+6.52,+17.7,+21.9,CA	+6.45,+26.6,+21.8,GA	+6.50,+25.2,+21.9,EA	+2.66,+246.0,+20.2,KB	+2.34,+264.6,+21.0,IB	+6.89,+4.8,+20.2,BB	
1700320833.3539386	+6.52,+17.7,+21.9,CA	+6.45,+26.6,+21.8,GA	+6.50,+25.1,+21.9,FA	+2.66,+246.0,+20.2,KB	+2.35,+264.0,+21.0,NB	+6.89,+4.8,+20.2,BB	
1700320895.36365	+6.52,+17.7,+21.9,CA	+6.45,+26.6,+21.8,GA	+6.50,+25.2,+21.9,EA	+2.66,+246.0,+20.2,KB	+2.35,+264.5,+21.0,KB	+6.88,+4.9,+20.2,BB	
1700320957.3727717	+6.52,+17.7,+21.9,CA	+6.44,+26.7,+21.8,GA	+6.50,+25.1,+21.9,FA	+2.66,+246.0,+20.2,KB	+2.35,+264.2,+21.0,LB	+6.89,+4.8,+20.2,BB	
1700321019.38074	+6.52,+17.7,+21.9,CA	+6.44,+26.8,+21.8,HA	+6.50,+25.2,+22.0,OA	+2.66,+245.9,+20.2,AB	+2.35,+264.3,+21.0,MB	+6.89,+4.8,+20.2,BB	
1700321081.3899655	+6.52,+17.7,+21.9,CA	+6.44,+26.7,+21.8,GA	+6.50,+25.1,+21.9,FA	+2.66,+246.0,+20.2,KB	+2.41,+260.6,+21.0,OB	+6.89,+4.7,+20.2,MB	
1700321143.3985689	+6.52,+17.7,+21.9,CA	+6.44,+26.8,+21.8,HA	+6.50,+25.1,+21.9,FA	+2.66,+246.2,+20.2,IB	+2.35,+264.4,+21.0,JB	+6.89,+4.8,+20.2,BB	
1700321205.4066668	+6.52,+17.8,+21.9,LA	+6.44,+26.7,+21.8,GA	+6.50,+25.2,+21.9,EA	+2.65,+246.3,+20.2,KB	+2.35,+264.6,+21.0,HB	+6.89,+4.8,+20.2,BB	
1700321451.0726137	+6.52,+17.7,+21.9,CA	+6.44,+26.8,+21.8,HA	+6.50,+25.1,+21.9,FA	+2.65,+246.5,+20.2,MB	+2.35,+264.4,+21.0,JB	+6.89,+4.8,+20.2,BB	
1700321513.0824075	+6.52,+17.7,+21.9,CA	+6.44,+26.9,+21.8,IA	+6.50,+25.2,+22.0,OA	+2.65,+246.5,+20.2,MB	+2.34,+264.6,+21.0,IB	+6.89,+4.7,+20.3,LB	
1700321575.0925338	+6.52,+17.7,+21.9,CA	+6.44,+26.9,+21.8,IA	+6.50,+25.1,+22.0,LA	+2.65,+246.5,+20.2,MB	+2.40,+261.4,+21.0,MB	+6.89,+4.7,+20.3,LB	
1700321637.1025822	+6.52,+17.7,+21.9,CA	+6.44,+26.9,+21.8,IA	+6.50,+25.1,+21.9,FA	+2.65,+246.5,+20.2,MB	+2.41,+261.1,+21.0,IB	+6.89,+4.8,+20.3,CB	
1700321699.111764	+6.52,+17.7,+21.9,CA	+6.44,+26.8,+21.8,HA	+6.50,+25.3,+21.9,DA	+2.65,+246.7,+20.3,NB	+2.33,+265.3,+21.0,JB	+6.89,+4.7,+20.3,LB	
1700321761.1220133	+6.51,+17.8,+21.9,OA	+6.44,+26.7,+21.8,GA	+6.50,+25.1,+21.9,FA	+2.65,+246.6,+20.2,NB	+2.33,+265.4,+21.0,MB	+6.89,+4.8,+20.3,CB	
1700321823.1317778	+6.52,+17.7,+21.9,CA	+6.44,+26.7,+21.8,GA	+6.50,+25.2,+22.0,OA	+2.65,+246.8,+20.3,AB	+2.33,+265.5,+21.0,LB	+6.89,+4.7,+20.3,LB	
1700321885.1411815	+6.52,+17.7,+21.9,CA	+6.44,+26.7,+21.8,GA	+6.50,+25.2,+22.0,OA	+2.64,+246.9,+20.2,@B	+2.33,+265.5,+21.0,LB	+6.89,+4.8,+20.3,CB	
1700321947.150078	+6.52,+17.7,+21.9,CA	+6.44,+26.8,+21.8,HA	+6.50,+25.2,+21.9,EA	+2.65,+246.8,+20.2,@B	+2.33,+265.7,+21.0,NB	+6.89,+4.7,+20.3,LB	
1700322009.1588316	+6.52,+17.7,+21.9,CA	+6.44,+26.9,+21.8,IA	+6.50,+25.1,+21.9,FA	+2.65,+246.7,+20.2,OB	+2.32,+265.9,+21.0,AB	+6.89,+4.8,+20.3,CB	
1700322071.1691115	+6.52,+17.8,+21.9,LA	+6.44,+26.9,+21.8,IA	+6.50,+25.2,+21.9,EA	+2.65,+246.8,+20.2,@B	+2.32,+266.1,+21.0,JB	+6.89,+4.8,+20.3,CB	
1700322133.1788106	+6.52,+17.7,+21.9,CA	+6.44,+26.9,+21.8,IA	+6.50,+25.1,+21.9,FA	+2.65,+246.8,+20.2,@B	+2.31,+266.4,+21.0,LB	+6.89,+4.8,+20.3,CB	
1700322195.1872566	+6.52,+17.7,+21.9,CA	+6.44,+26.9,+21.8,IA	+6.50,+25.1,+21.9,FA	+2.64,+246.9,+20.2,@B	+2.32,+266.2,+21.0,IB	+6.89,+4.8,+20.3,CB	
1700322257.197811	+6.52,+17.7,+21.9,CA	+6.44,+26.9,+21.8,IA	+6.50,+25.2,+21.9,EA	+2.64,+247.0,+20.2,HB	+2.33,+265.7,+21.0,NB	+6.89,+4.8,+20.3,CB	
1700322319.2083397	+6.52,+17.7,+21.9,CA	+6.44,+27.0,+21.8,AA	+6.50,+25.1,+21.9,FA	+2.64,+247.0,+20.2,HB	+2.32,+266.3,+21.1,IB	+6.89,+4.7,+20.3,LB	
1700322381.2186527	+6.52,+17.7,+21.9,CA	+6.44,+27.0,+21.8,AA	+6.50,+25.1,+22.0,LA	+2.64,+247.0,+20.2,HB	+2.31,+266.4,+21.0,LB	+6.89,+4.8,+20.3,CB	
1700322443.2270298	+6.52,+17.7,+21.9,CA	+6.44,+27.0,+21.8,AA	+6.50,+25.1,+22.0,LA	+2.64,+247.2,+20.2,JB	+2.31,+266.8,+21.0,@B	+6.89,+4.9,+20.3,BB	
1700322505.237568	+6.52,+17.7,+21.9,CA	+6.44,+27.0,+21.8,AA	+6.50,+25.2,+21.9,EA	+2.64,+247.2,+20.2,JB	+2.32,+266.2,+21.0,IB	+6.89,+4.8,+20.3,CB	
1700322567.246517	+6.52,+17.7,+21.9,CA	+6.44,+27.0,+21.8,AA	+6.50,+25.2,+22.0,OA	+2.64,+247.3,+20.3,JB	+2.38,+262.6,+21.0,CB	+6.89,+4.8,+20.3,CB	
1700322629.2566051	+6.52,+17.7,+21.9,CA	+6.44,+27.0,+21.8,AA	+6.50,+25.2,+22.0,OA	+2.64,+247.2,+20.2,JB	+2.31,+266.5,+21.0,MB	+6.88,+4.9,+20.3,CB	
1700322691.2652788	+6.52,+17.8,+21.9,LA	+6.44,+26.9,+21.8,IA	+6.50,+25.1,+22.0,LA	+2.64,+247.3,+20.3,JB	+2.31,+266.6,+21.0,NB	+6.89,+4.8,+20.3,CB	
1700322753.2716935	+6.52,+17.7,+21.9,CA	+6.44,+27.0,+21.8,AA	+6.50,+25.2,+22.0,OA	+2.64,+247.4,+20.3,MB	+2.32,+266.0,+21.0,KB	+6.88,+4.9,+20.3,CB	
1700322815.2819757	+6.52,+17.7,+21.9,CA	+6.44,+27.0,+21.8,AA	+6.50,+25.2,+22.0,OA	+2.64,+247.2,+20.2,JB	+2.32,+266.1,+21.0,JB	+6.89,+4.8,+20.3,CB	
1700322877.2919378	+6.52,+17.7,+21.9,CA	+6.44,+27.0,+21.8,AA	+6.50,+25.1,+21.9,FA	+2.64,+247.3,+20.3,JB	+2.31,+266.4,+21.0,LB	+6.89,+4.8,+20.3,CB	
1700322939.3006406	+6.52,+17.7,+21.9,CA	+6.44,+27.0,+21.8,AA	+6.50,+25.1,+22.0,LA	+2.64,+247.3,+20.3,JB	+2.31,+266.7,+21.0,OB	+6.89,+4.8,+20.3,CB	
1700323001.3106325	+6.52,+17.7,+22.0,IA	+6.44,+27.1,+21.8,@A	+6.50,+25.1,+22.0,LA	+2.64,+247.3,+20.3,JB	+2.31,+266.5,+21.0,MB	+6.89,+4.8,+20.3,CB	
1700323063.3217118	+6.52,+17.7,+21.9,CA	+6.44,+27.0,+21.8,AA	+6.50,+25.2,+22.0,OA	+2.64,+247.3,+20.3,JB	+2.38,+262.5,+21.0,@B	+6.89,+4.8,+20.3,CB	
1700323125.3292253	+6.52,+17.7,+21.9,CA	+6.44,+27.0,+21.8,AA	+6.50,+25.2,+22.0,OA	+2.63,+247.6,+20.3,HB	+2.31,+266.9,+21.0,AB	+6.88,+4.9,+20.3,CB	
1700323187.3338368	+6.52,+17.7,+21.9,CA	+6.44,+27.0,+21.8,AA	+6.50,+25.2,+22.0,OA	+2.64,+247.4,+20.3,MB	+2.31,+266.9,+21.0,AB	+6.88,+4.9,+20.3,CB	
1700323249.3445802	+6.52,+17.8,+21.9,LA	+6.44,+27.0,+21.8,AA	+6.50,+25.2,+22.0,OA	+2.64,+247.4,+20.3,MB	+2.30,+267.1,+21.0,IB	+6.88,+4.9,+20.3,CB	
1700323311.3522296	+6.52,+17.7,+21.9,CA	+6.44,+27.0,+21.8,AA	+6.50,+25.2,+22.0,OA	+2.63,+247.6,+20.3,HB	+2.38,+262.9,+21.0,LB	+6.88,+5.0,+20.3,KB	
1700323373.361517	+6.52,+17.7,+21.9,CA	+6.44,+27.0,+21.8,AA	+6.50,+25.1,+22.0,LA	+2.63,+247.7,+20.3,IB	+2.30,+267.1,+21.0,IB	+6.89,+4.8,+20.3,CB	
1700323435.3704555	+6.52,+17.7,+21.9,CA	+6.44,+27.1,+21.8,@A	+6.50,+25.2,+22.0,OA	+2.63,+247.6,+20.3,HB	+2.30,+267.3,+21.1,JB	+6.88,+4.9,+20.3,CB	
1700323497.3749778	+6.52,+17.7,+22.0,IA	+6.44,+27.0,+21.8,AA	+6.50,+25.1,+22.0,LA	+2.63,+247.8,+20.3,FB	+2.32,+266.3,+21.0,HB	+6.88,+4.9,+20.3,CB	
1700323559.3841488	+6.52,+17.7,+21.9,CA	+6.44,+27.1,+21.8,@A	+6.50,+25.1,+22.0,LA	+2.63,+247.9,+20.3,GB	+2.32,+266.2,+21.0,IB	+6.88,+4.9,+20.3,CB	
1700323621.393652	+6.52,+17.8,+21.9,LA	+6.44,+27.1,+21.8,@A	+6.50,+25.2,+22.0,OA	+2.63,+247.9,+20.3,GB	+2.39,+262.2,+21.0,FB	+6.88,+4.9,+20.3,CB	
1700323683.3978853	+6.52,+17.8,+21.9,LA	+6.44,+27.0,+21.8,AA	+6.50,+25.2,+22.0,OA	+2.64,+247.3,+20.3,JB	+2.39,+262.0,+21.0,DB	+6.88,+4.9,+20.3,CB	
1700323745.407978	+6.52,+17.7,+21.9,CA	+6.44,+27.0,+21.8,AA	+6.50,+25.1,+22.0,LA	+2.64,+247.3,+20.3,JB	+2.32,+266.3,+21.1,IB	+6.88,+4.9,+20.3,CB	
1700323807.4171114	+6.52,+17.7,+21.9,CA	+6.44,+27.1,+21.8,@A	+6.50,+25.2,+22.0,OA	+2.64,+247.4,+20.3,MB	+2.31,+266.7,+21.0,OB	+6.88,+4.9,+20.3,CB	
1700323869.4272344	+6.52,+17.7,+21.9,CA	+6.44,+27.0,+21.8,AA	+6.50,+25.1,+22.0,LA	+2.64,+247.4,+20.3,MB	+2.31,+266.7,+21.0,OB	+6.89,+4.8,+20.3,CB	
1700323931.43515	+6.52,+17.7,+21.9,CA	+6.44,+27.1,+21.8,@A	+6.50,+25.2,+22.0,OA	+2.64,+247.4,+20.3,MB	+2.31,+266.7,+21.1,NB	+6.88,+4.9,+20.3,CB	
1700323993.4464092	+6.52,+17.7,+22.0,IA	+6.44,+27.0,+21.8,AA	+6.50,+25.1,+22.0,LA	+2.64,+247.5,+20.3,LB	+2.32,+266.2,+21.0,IB	+6.88,+4.9,+20.3,CB	
1700324055.456171	+6.52,+17.7,+21.9,CA	+6.44,+27.0,+21.8,AA	+6.50,+25.1,+21.9,FA	+2.63,+247.5,+20.3,KB	+2.31,+266.5,+21.1,LB	+6.89,+4.8,+20.3,CB	
1700324117.46642	+6.52,+17.7,+21.9,CA	+6.44,+27.1,+21.8,@A	+6.50,+25.2,+22.0,OA	+2.63,+247.5,+20.3,KB	+2.31,+266.5,+21.0,MB	+6.88,+4.9,+20.3,CB	
1700324179.4749284	+6.52,+17.7,+22.0,IA	+6.44,+27.1,+21.8,@A	+6.50,+25.1,+22.0,LA	+2.65,+246.8,+20.3,AB	+2.31,+266.5,+21.1,LB	+6.88,+4.9,+20.3,CB	
1700324241.4846995	+6.52,+17.7,+22.0,IA	+6.44,+27.1,+21.8,@A	+6.50,+25.2,+22.0,OA	+2.65,+246.7,+20.3,NB	+2.30,+267.0,+21.0,HB	+6.88,+5.0,+20.3,KB	
1700324303.4936743	+6.52,+17.7,+22.0,IA	+6.44,+27.1,+21.8,@A	+6.50,+25.1,+22.0,LA	+2.65,+246.8,+20.3,AB	+2.30,+267.1,+21.1,HB	+6.88,+5.0,+20.3,KB	
1700324365.5018396	+6.52,+17.7,+21.9,CA	+6.44,+27.1,+21.8,@A	+6.50,+25.1,+22.0,LA	+2.65,+246.6,+20.3,OB	+2.30,+267.1,+21.0,IB	+6.88,+4.9,+20.3,CB	
1700324427.512027	+6.52,+17.7,+21.9,CA	+6.44,+27.1,+21.8,@A	+6.50,+25.1,+22.0,LA	+2.65,+246.6,+20.3,OB	+2.30,+266.9,+21.0,@B	+6.88,+4.9,+20.3,CB	
1700324489.5209165	+6.52,+17.7,+21.9,CA	+6.44,+27.1,+21.8,@A	+6.50,+25.1,+22.0,LA	+2.65,+246.5,+20.3,LB	+2.30,+267.2,+21.0,JB	+6.88,+5.0,+20.3,KB	
1700324551.5298247	+6.52,+17.7,+21.9,CA	+6.44,+27.1,+21.8,@A	+6.50,+25.1,+22.0,LA	+2.66,+246.3,+20.3,IB	+2.30,+267.2,+21.1,KB	+6.88,+4.9,+20.3,CB	
1700324613.538287	+6.52,+17.7,+21.9,CA	+6.44,+27.1,+21.8,@A	+6.50,+25.2,+22.0,OA	+2.65,+246.4,+20.3,MB	+2.30,+267.2,+21.1,KB	+6.88,+4.9,+20.3,CB	
1700324675.5445158	+6.52,+17.7,+21.9,CA	+6.44,+27.1,+21.8,@A	+6.50,+25.2,+22.0,OA	+2.65,+246.5,+20.3,LB	+2.30,+267.4,+21.1,MB	+6.88,+5.0,+20.3,KB	
1700324737.5551488	+6.52,+17.7,+21.9,CA	+6.44,+27.1,+21.8,@A	+6.50,+25.1,+22.0,LA	+2.65,+246.6,+20.3,OB	+2.30,+267.4,+21.0,LB	+6.88,+4.9,+20.3,CB	
1700324799.5603104	+6.52,+17.8,+21.9,LA	+6.44,+27.1,+21.8,@A	+6.50,+25.3,+22.0,NA	+2.65,+246.7,+20.3,NB	+2.31,+266.9,+21.1,@B	+6.88,+5.0,+20.3,KB	
1700324861.5707533	+6.52,+17.7,+21.9,CA	+6.44,+27.0,+21.8,AA	+6.50,+25.2,+22.0,OA	+2.65,+246.7,+20.3,NB	+2.30,+267.5,+21.1,LB	+6.88,+4.9,+20.3,CB	
1700324923.5798984	+6.52,+17.7,+21.9,CA	+6.44,+27.0,+21.8,AA	+6.50,+25.2,+22.0,OA	+2.65,+246.6,+20.3,OB	+2.30,+267.5,+21.0,MB	+6.88,+4.9,+20.3,CB	
1700324985.5876985	+6.52,+17.7,+21.9,CA	+6.44,+27.0,+21.8,AA	+6.50,+25.2,+22.0,OA	+2.65,+246.6,+20.3,OB	+2.30,+267.1,+21.1,HB	+6.88,+4.9,+20.3,CB	
1700325047.5949512	+6.52,+17.8,+21.9,LA	+6.44,+27.0,+21.8,AA	+6.50,+25.2,+22.0,OA	+2.65,+246.6,+20.3,OB	+2.30,+267.3,+21.1,JB	+6.88,+5.0,+20.3,KB	
1700325293.201157	+6.52,+17.7,+22.0,IA	+6.44,+27.1,+21.8,@A	+6.50,+25.2,+22.0,OA	+2.65,+246.5,+20.3,LB	+2.40,+261.3,+21.1,KB	+6.88,+5.0,+20.3,KB	
1700325355.210446	+6.52,+17.7,+21.9,CA	+6.44,+27.1,+21.8,@A	+6.50,+25.2,+22.0,OA	+2.65,+246.5,+20.3,LB	+2.33,+265.8,+21.1,@B	+6.88,+5.0,+20.3,KB	
1700325417.2167757	+6.52,+17.7,+21.9,CA	+6.44,+27.1,+21.8,@A	+6.50,+25.2,+22.0,OA	+2.65,+246.5,+20.3,LB	+2.33,+265.4,+21.1,LB	+6.88,+5.0,+20.3,KB	
1700325479.2260814	+6.52,+17.7,+22.0,IA	+6.44,+27.2,+21.8,CA	+6.50,+25.2,+22.0,OA	+2.66,+246.3,+20.3,IB	+2.37,+263.0,+21.1,JB	+6.88,+5.0,+20.3,KB	
1700325541.2321842	+6.52,+17.7,+22.0,IA	+6.44,+27.1,+21.8,@A	+6.50,+25.2,+22.0,OA	+2.66,+246.1,+20.3,KB	+2.38,+262.4,+21.0,AB	+6.88,+5.0,+20.3,KB	
1700325603.2404058	+6.52,+17.7,+21.9,CA	+6.44,+27.1,+21.8,@A	+6.50,+25.2,+22.0,OA	+2.66,+246.1,+20.3,KB	+2.44,+259.2,+21.0,DB	+6.88,+5.0,+20.3,KB	
1700325665.2489066	+6.52,+17.7,+21.9,CA	+6.44,+27.2,+21.8,CA	+6.50,+25.2,+22.0,OA	+2.66,+246.2,+20.3,HB	+2.37,+263.3,+21.0,HB	+6.88,+4.9,+20.3,CB	
1700325727.2583072	+6.52,+17.7,+21.9,CA	+6.44,+27.1,+21.8,@A	+6.50,+25.2,+22.0,OA	+2.66,+246.1,+20.3,KB	+2.36,+264.0,+21.0,MB	+6.88,+4.9,+20.3,CB	
1700325789.2662673	+6.52,+17.7,+21.9,CA	+6.44,+27.1,+21.8,@A	+6.50,+25.2,+22.0,OA	+2.66,+246.3,+20.3,IB	+2.32,+265.8,+21.0,@B	+6.88,+4.9,+20.3,CB	
1700325851.2742121	+6.52,+17.7,+21.9,CA	+6.44,+27.2,+21.8,CA	+6.50,+25.1,+22.0,LA	+2.66,+246.0,+20.3,JB	+2.32,+266.0,+21.0,KB	+6.88,+4.9,+20.3,CB	
1700325913.2845492	+6.52,+17.7,+22.0,IA	+6.44,+27.1,+21.8,@A	+6.50,+25.2,+22.0,OA	+2.66,+246.2,+20.3,HB	+2.32,+266.3,+21.1,IB	+6.88,+5.0,+20.3,KB	
1700325975.293152	+6.52,+17.7,+22.0,IA	+6.44,+27.1,+21.8,@A	+6.50,+25.2,+22.0,OA	+2.66,+246.3,+20.3,IB	+2.32,+266.2,+21.1,HB	+6.88,+4.9,+20.3,CB	
1700326037.303154	+6.52,+17.7,+21.9,CA	+6.44,+27.1,+21.8,@A	+6.50,+25.2,+22.0,OA	+2.66,+246.3,+20.3,IB	+2.31,+266.4,+21.1,MB	+6.88,+4.9,+20.3,CB	
1700326099.311267	+6.52,+17.8,+22.0,FA	+6.44,+27.1,+21.8,@A	+6.50,+25.2,+22.0,OA	+2.66,+246.3,+20.3,IB	+2.31,+266.6,+21.1,OB	+6.88,+4.9,+20.3,CB	
1700326161.318958	+6.52,+17.7,+22.0,IA	+6.44,+27.2,+21.8,CA	+6.50,+25.2,+22.0,OA	+2.65,+246.4,+20.3,MB	+2.31,+266.5,+21.0,MB	+6.88,+4.9,+20.3,CB	
1700326223.3287895	+6.52,+17.7,+22.0,IA	+6.44,+27.1,+21.8,@A	+6.50,+25.2,+22.0,OA	+2.66,+246.3,+20.3,IB	+2.31,+266.9,+21.0,AB	+6.88,+5.0,+20.3,KB	
1700326285.3373113	+6.52,+17.8,+21.9,LA	+6.44,+27.2,+21.8,CA	+6.50,+25.2,+22.0,OA	+2.66,+246.2,+20.3,HB	+2.30,+267.0,+21.1,IB	+6.88,+4.9,+20.3,CB	
1700326347.3472915	+6.52,+17.7,+22.0,IA	+6.44,+27.1,+21.8,@A	+6.50,+25.2,+22.0,OA	+2.66,+246.2,+20.3,HB	+2.31,+266.9,+21.1,@B	+6.88,+5.0,+20.3,KB	
1700326409.3574884	+6.52,+17.7,+22.0,IA	+6.44,+27.2,+21.8,CA	+6.50,+25.2,+22.0,OA	+2.66,+246.2,+20.3,HB	+2.30,+267.0,+21.1,IB	+6.88,+5.0,+20.3,KB	
1700326471.36478	+6.52,+17.7,+22.0,IA	+6.44,+27.2,+21.9,BA	+6.50,+25.2,+22.0,OA	+2.66,+246.2,+20.3,HB	+2.30,+267.1,+21.1,HB	+6.88,+5.0,+20.3,KB	
1700326533.3754919	+6.52,+17.8,+22.0,FA	+6.44,+27.2,+21.9,BA	+6.50,+25.2,+22.0,OA	+2.66,+246.3,+20.3,IB	+2.29,+267.7,+21.1,FB	+6.88,+4.9,+20.3,CB	
1700326595.3852367	+6.52,+17.7,+22.0,IA	+6.44,+27.2,+21.9,BA	+6.50,+25.2,+22.0,OA	+2.66,+246.1,+20.3,KB	+2.29,+267.9,+21.1,HB	+6.88,+5.0,+20.3,KB	
1700326657.3946457	+6.52,+17.7,+22.0,IA	+6.44,+27.2,+21.9,BA	+6.50,+25.2,+22.0,OA	+2.66,+246.3,+20.3,IB	+2.29,+268.1,+21.1,OB	+6.88,+5.0,+20.3,KB	
1700326719.4050732	+6.52,+17.7,+22.0,IA	+6.44,+27.2,+21.9,BA	+6.50,+25.3,+22.0,NA	+2.66,+246.3,+20.3,IB	+2.29,+267.6,+21.1,GB	+6.88,+4.9,+20.3,CB	
1700326781.415084	+6.52,+17.7,+22.0,IA	+6.44,+27.2,+21.9,BA	+6.50,+25.2,+22.0,OA	+2.65,+246.4,+20.3,MB	+2.37,+263.3,+21.1,IB	+6.88,+5.0,+20.3,KB	
1700326843.426525	+6.52,+17.7,+22.0,IA	+6.43,+27.3,+21.8,EA	+6.50,+25.2,+22.0,OA	+2.66,+246.3,+20.3,IB	+2.30,+267.6,+21.1,OB	+6.88,+5.0,+20.3,KB	
1700326905.431511	+6.52,+17.7,+22.0,IA	+6.44,+27.2,+21.8,CA	+6.50,+25.2,+22.0,OA	+2.66,+246.2,+20.3,HB	+2.29,+267.6,+21.1,GB	+6.88,+5.1,+20.3,JB	
1700326967.4396007	+6.52,+17.7,+22.0,IA	+6.44,+27.2,+21.8,CA	+6.50,+25.2,+22.0,OA	+2.66,+246.1,+20.3,KB	+2.30,+267.5,+21.1,LB	+6.88,+5.0,+20.3,KB	
1700327029.4499404	+6.52,+17.7,+22.0,IA	+6.44,+27.2,+21.8,CA	+6.50,+25.2,+22.0,OA	+2.66,+246.2,+20.3,HB	+2.29,+267.6,+21.1,GB	+6.88,+5.0,+20.3,KB	
1700327091.4592419	+6.52,+17.8,+22.0,FA	+6.44,+27.2,+21.8,CA	+6.50,+25.3,+22.0,NA	+2.66,+246.3,+20.3,IB	+2.36,+263.8,+21.1,CB	+6.88,+5.0,+20.3,KB	
1700327153.468057	+6.52,+17.7,+22.0,IA	+6.43,+27.3,+21.8,EA	+6.50,+25.2,+22.0,OA	+2.66,+246.2,+20.3,HB	+2.38,+262.9,+21.1,MB	+6.88,+5.0,+20.3,KB	
1700327215.478451	+6.52,+17.8,+22.0,FA	+6.44,+27.2,+21.8,CA	+6.50,+25.2,+22.0,OA	+2.66,+246.3,+20.3,IB	+2.29,+267.6,+21.1,GB	+6.88,+4.9,+20.3,CB	
1700327277.4880948	+6.52,+17.7,+21.9,CA	+6.44,+27.2,+21.8,CA	+6.50,+25.2,+22.0,OA	+2.66,+246.2,+20.3,HB	+2.30,+267.5,+21.1,LB	+6.88,+5.1,+20.3,JB	
1700327339.493528	+6.52,+17.7,+22.0,IA	+6.43,+27.3,+21.8,EA	+6.50,+25.2,+22.0,OA	+2.66,+246.2,+20.3,HB	+2.29,+267.8,+21.1,IB	+6.88,+5.0,+20.3,KB	
1700327401.50439	+6.52,+17.7,+22.0,IA	+6.44,+27.2,+21.8,CA	+6.50,+25.2,+22.0,OA	+2.66,+246.2,+20.3,HB	+2.29,+267.7,+21.1,FB	+6.88,+5.1,+20.3,JB	
1700327463.5144885	+6.52,+17.7,+22.0,IA	+6.44,+27.2,+21.8,CA	+6.50,+25.1,+22.0,LA	+2.66,+246.3,+20.3,IB	+2.37,+263.2,+21.1,HB	+6.88,+5.1,+20.3,JB	
1700327525.5237818	+6.52,+17.7,+22.0,IA	+6.44,+27.2,+21.8,CA	+6.50,+25.2,+22.0,OA	+2.66,+246.2,+20.3,HB	+2.30,+267.0,+21.1,IB	+6.88,+5.0,+20.3,KB	
1700327587.531605	+6.52,+17.7,+22.0,IA	+6.43,+27.3,+21.8,EA	+6.50,+25.2,+22.0,OA	+2.66,+246.2,+20.3,HB	+2.31,+266.9,+21.1,@B	+6.88,+5.1,+20.3,JB	
1700327649.540977	+6.52,+17.7,+22.0,IA	+6.43,+27.3,+21.8,EA	+6.50,+25.2,+22.0,OA	+2.66,+246.1,+20.3,KB	+2.31,+266.8,+21.1,AB	+6.88,+5.0,+20.3,KB	
1700327711.551284	+6.52,+17.7,+22.0,IA	+6.44,+27.2,+21.8,CA	+6.50,+25.2,+22.0,OA	+2.66,+246.3,+20.3,IB	+2.34,+264.9,+21.1,GB	+6.88,+5.0,+20.3,KB	
1700327773.5596845	+6.51,+17.9,+21.9,NA	+6.43,+27.3,+21.8,EA	+6.50,+25.2,+22.0,OA	+2.66,+246.2,+20.3,HB	+2.34,+264.8,+21.1,FB	+6.88,+5.0,+20.3,KB	
1700327835.5676632	+6.52,+17.7,+21.9,CA	+6.43,+27.3,+21.8,EA	+6.50,+25.2,+22.0,OA	+2.66,+246.2,+20.3,HB	+2.35,+264.2,+21.1,MB	+6.88,+5.0,+20.3,KB	
1700327897.5744178	+6.52,+17.7,+22.0,IA	+6.43,+27.3,+21.8,EA	+6.50,+25.2,+22.0,OA	+2.66,+246.3,+20.3,IB	+2.36,+263.9,+21.1,BB	+6.88,+5.0,+20.3,KB	
1700327959.5827057	+6.52,+17.7,+22.0,IA	+6.43,+27.3,+21.8,EA	+6.50,+25.2,+22.0,OA	+2.66,+246.3,+20.3,IB	+2.35,+264.4,+21.1,KB	+6.88,+5.1,+20.3,JB	
1700328021.5899687	+6.52,+17.7,+22.0,IA	+6.43,+27.3,+21.8,EA	+6.50,+25.2,+22.0,OA	+2.66,+246.3,+20.3,IB	+2.35,+264.2,+21.1,MB	+6.88,+5.0,+20.3,KB	
1700328083.5978608	+6.52,+17.7,+22.0,IA	+6.43,+27.3,+21.8,EA	+6.50,+25.2,+22.0,OA	+2.66,+246.3,+20.3,IB	+2.35,+264.6,+21.1,IB	+6.88,+5.1,+20.3,JB	
1700328145.6045144	+6.52,+17.7,+21.9,CA	+6.43,+27.3,+21.8,EA	+6.50,+25.2,+22.0,OA	+2.65,+246.4,+20.3,MB	+2.34,+264.9,+21.1,GB	+6.88,+5.1,+20.3,JB	
1700328207.6141338	+6.52,+17.7,+22.0,IA	+6.43,+27.3,+21.8,EA	+6.50,+25.2,+22.0,OA	+2.66,+246.3,+20.3,IB	+2.39,+262.0,+21.1,EB	+6.88,+5.1,+20.3,JB	
1700328269.6212523	+6.52,+17.7,+21.9,CA	+6.43,+27.3,+21.8,EA	+6.50,+25.2,+22.0,OA	+2.66,+246.3,+20.3,IB	+2.39,+261.9,+21.1,OB	+6.88,+5.1,+20.3,JB	
1700328331.6310458	+6.52,+17.8,+22.0,FA	+6.43,+27.4,+21.8,BA	+6.50,+25.2,+22.0,OA	+2.66,+246.3,+20.3,IB	+2.40,+261.7,+21.1,OB	+6.88,+5.1,+20.3,JB	
1700328393.6421056	+6.52,+17.7,+21.9,CA	+6.43,+27.3,+21.8,EA	+6.50,+25.2,+22.0,OA	+2.65,+246.4,+20.3,MB	+2.39,+262.1,+21.1,DB	+6.88,+5.1,+20.3,JB	
1700328455.6527135	+6.52,+17.7,+21.9,CA	+6.43,+27.3,+21.8,EA	+6.50,+25.2,+22.0,OA	+2.66,+246.3,+20.3,IB	+2.38,+262.8,+21.1,LB	+6.88,+5.0,+20.3,KB	
1700328517.6628284	+6.52,+17.7,+21.9,CA	+6.43,+27.3,+21.8,EA	+6.50,+25.2,+22.0,OA	+2.66,+246.3,+20.3,IB	+2.37,+263.0,+21.1,JB	+6.88,+5.1,+20.3,JB	
