62309060476	62309060477	62309060478	62309060479	62309060481	62309060482	
1700026164.9801626	+6.68,+8.2,+21.4,LB	+6.68,+13.2,+21.4,FA	+2.93,+230.3,+21.4,DB	+2.72,+242.1,+19.8,KB	+2.45,+258.4,+20.6,EB	+2.87,+233.8,+19.8,NB	
1700026226.990897	+6.68,+8.1,+21.4,OB	+6.68,+13.2,+21.4,FA	+2.93,+230.3,+21.4,DB	+2.72,+242.1,+19.9,JB	+2.45,+258.4,+20.6,EB	+2.87,+233.8,+19.8,NB	
1700026289.002474	+6.68,+8.0,+21.3,IB	+6.68,+13.2,+21.4,FA	+2.93,+230.3,+21.4,DB	+2.72,+242.2,+19.8,HB	+2.44,+258.7,+20.6,GB	+2.87,+233.8,+19.8,NB	
1700026351.0129411	+6.68,+8.0,+21.4,NB	+6.68,+13.2,+21.4,FA	+2.93,+230.4,+21.4,CB	+2.72,+242.2,+19.9,IB	+2.44,+258.7,+20.6,GB	+2.87,+233.8,+19.9,OB	
1700026413.0244875	+6.69,+7.9,+21.4,IB	+6.68,+13.2,+21.4,FA	+2.93,+230.3,+21.4,DB	+2.72,+242.3,+19.9,HB	+2.44,+258.8,+20.6,HB	+2.87,+233.8,+19.8,NB	
1700026475.034472	+6.69,+7.9,+21.4,IB	+6.68,+13.2,+21.4,FA	+2.93,+230.3,+21.4,DB	+2.72,+242.2,+19.8,HB	+2.44,+258.7,+20.6,GB	+2.87,+233.8,+19.8,NB	
1700026537.0452216	+6.69,+7.8,+21.4,HB	+6.68,+13.2,+21.4,FA	+2.93,+230.3,+21.4,DB	+2.72,+242.1,+19.8,KB	+2.44,+258.7,+20.6,GB	+2.87,+233.8,+19.8,NB	
1700026599.055259	+6.69,+7.8,+21.4,HB	+6.68,+13.3,+21.4,GA	+2.93,+230.3,+21.4,DB	+2.72,+242.0,+19.8,JB	+2.44,+258.9,+20.6,IB	+2.87,+233.7,+19.8,AB	
1700026661.0620973	+6.69,+7.8,+21.4,HB	+6.68,+13.3,+21.4,GA	+2.93,+230.3,+21.4,DB	+2.72,+242.1,+19.8,KB	+2.45,+258.4,+20.6,EB	+2.87,+233.8,+19.8,NB	
1700026723.071667	+6.69,+7.8,+21.4,HB	+6.68,+13.2,+21.4,FA	+2.93,+230.3,+21.4,DB	+2.72,+242.2,+19.9,IB	+2.46,+257.9,+20.6,DB	+2.87,+233.7,+19.8,AB	
1700026785.0828733	+6.69,+7.8,+21.4,HB	+6.68,+13.2,+21.4,FA	+2.93,+230.3,+21.4,DB	+2.72,+242.2,+19.9,IB	+2.46,+257.9,+20.6,DB	+2.87,+233.8,+19.8,NB	
1700026847.0900226	+6.69,+7.8,+21.4,HB	+6.68,+13.3,+21.5,FA	+2.93,+230.4,+21.4,CB	+2.72,+242.0,+19.9,KB	+2.46,+257.5,+20.6,HB	+2.87,+233.8,+19.8,NB	
1700026909.1000092	+6.69,+7.8,+21.4,HB	+6.68,+13.3,+21.4,GA	+2.93,+230.3,+21.4,DB	+2.72,+242.0,+19.9,KB	+2.46,+257.4,+20.6,IB	+2.87,+233.8,+19.8,NB	
1700026971.1078935	+6.69,+7.7,+21.4,GB	+6.68,+13.2,+21.4,FA	+2.93,+230.3,+21.4,DB	+2.73,+241.9,+19.9,@B	+2.46,+257.7,+20.6,JB	+2.87,+233.8,+19.8,NB	
1700027033.115846	+6.69,+7.7,+21.4,GB	+6.68,+13.2,+21.4,FA	+2.93,+230.3,+21.4,DB	+2.73,+241.9,+19.9,@B	+2.46,+257.4,+20.6,IB	+2.87,+233.8,+19.8,NB	
1700027095.1220758	+6.69,+7.6,+21.4,FB	+6.68,+13.2,+21.4,FA	+2.93,+230.3,+21.4,DB	+2.73,+241.8,+19.8,@B	+2.48,+256.4,+20.6,FB	+2.87,+233.8,+19.8,NB	
1700027157.131014	+6.69,+7.7,+21.4,GB	+6.68,+13.3,+21.4,GA	+2.93,+230.4,+21.4,CB	+2.73,+241.7,+19.9,NB	+2.47,+256.8,+20.6,EB	+2.87,+233.8,+19.8,NB	
1700027219.1392255	+6.69,+7.6,+21.4,FB	+6.68,+13.3,+21.4,GA	+2.93,+230.3,+21.4,DB	+2.73,+241.7,+19.9,NB	+2.47,+257.1,+20.6,MB	+2.87,+233.8,+19.8,NB	
1700027281.1473382	+6.69,+7.6,+21.4,FB	+6.68,+13.3,+21.4,GA	+2.93,+230.3,+21.4,DB	+2.73,+241.7,+19.8,OB	+2.46,+257.4,+20.6,IB	+2.87,+233.8,+19.8,NB	
1700027343.158005	+6.69,+7.6,+21.4,FB	+6.68,+13.3,+21.4,GA	+2.93,+230.3,+21.4,DB	+2.73,+241.6,+19.8,NB	+2.46,+257.7,+20.6,JB	+2.87,+233.8,+19.8,NB	
1700027405.1657283	+6.69,+7.6,+21.4,FB	+6.68,+13.3,+21.4,GA	+2.93,+230.3,+21.4,DB	+2.73,+241.5,+19.9,LB	+2.45,+258.1,+20.6,@B	+2.87,+233.8,+19.8,NB	
1700027467.1756794	+6.69,+7.7,+21.4,GB	+6.68,+13.3,+21.4,GA	+2.93,+230.3,+21.4,DB	+2.73,+241.6,+19.8,NB	+2.45,+258.0,+20.6,AB	+2.87,+233.8,+19.8,NB	
1700027529.182582	+6.69,+7.8,+21.4,HB	+6.68,+13.3,+21.4,GA	+2.93,+230.3,+21.4,DB	+2.73,+241.6,+19.8,NB	+2.49,+256.2,+20.6,AB	+2.87,+233.8,+19.8,NB	
1700027591.1900938	+6.69,+7.9,+21.4,IB	+6.67,+13.3,+21.4,HA	+2.93,+230.2,+21.4,EB	+2.73,+241.7,+19.8,OB	+2.48,+256.4,+20.6,FB	+2.87,+233.8,+19.8,NB	
1700027653.2007792	+6.69,+7.9,+21.3,NB	+6.68,+13.3,+21.4,GA	+2.93,+230.3,+21.4,DB	+2.73,+241.7,+19.8,OB	+2.49,+256.1,+20.6,BB	+2.87,+233.8,+19.8,NB	
1700027715.2078872	+6.68,+8.0,+21.4,NB	+6.68,+13.3,+21.4,GA	+2.93,+230.3,+21.4,DB	+2.73,+241.7,+19.8,OB	+2.48,+256.4,+20.6,FB	+2.87,+233.8,+19.8,NB	
1700027777.2170038	+6.68,+8.1,+21.4,OB	+6.67,+13.4,+21.4,OA	+2.93,+230.3,+21.4,DB	+2.73,+241.8,+19.9,AB	+2.47,+256.9,+20.6,DB	+2.87,+233.8,+19.8,NB	
1700027839.2268612	+6.68,+8.0,+21.4,NB	+6.68,+13.3,+21.4,GA	+2.93,+230.3,+21.4,DB	+2.73,+241.7,+19.8,OB	+2.48,+256.6,+20.6,DB	+2.87,+233.7,+19.8,AB	
1700027901.237186	+6.68,+8.1,+21.4,OB	+6.67,+13.4,+21.4,OA	+2.93,+230.4,+21.4,CB	+2.73,+241.7,+19.8,OB	+2.47,+257.1,+20.6,MB	+2.87,+233.6,+19.8,@B	
1700027963.247381	+6.68,+8.1,+21.4,OB	+6.67,+13.3,+21.4,HA	+2.93,+230.3,+21.4,DB	+2.73,+241.7,+19.8,OB	+2.46,+257.5,+20.6,HB	+2.87,+233.8,+19.8,NB	
1700028025.2567306	+6.68,+8.1,+21.4,OB	+6.67,+13.3,+21.4,HA	+2.93,+230.3,+21.4,DB	+2.73,+241.9,+19.9,@B	+2.50,+255.1,+20.6,IB	+2.87,+233.8,+19.8,NB	
1700028087.266068	+6.68,+8.1,+21.4,OB	+6.68,+13.3,+21.4,GA	+2.93,+230.3,+21.4,DB	+2.73,+241.9,+19.8,AB	+2.50,+255.4,+20.6,LB	+2.87,+233.8,+19.8,NB	
1700028149.2759435	+6.68,+8.1,+21.4,OB	+6.68,+13.2,+21.4,FA	+2.93,+230.3,+21.4,DB	+2.73,+241.9,+19.9,@B	+2.50,+255.6,+20.6,NB	+2.87,+233.8,+19.8,NB	
1700028211.2837596	+6.68,+8.0,+21.4,NB	+6.68,+13.2,+21.4,FA	+2.93,+230.4,+21.4,CB	+2.73,+241.9,+19.8,AB	+2.48,+256.2,+20.6,@B	+2.87,+233.8,+19.8,NB	
1700028273.291493	+6.68,+8.0,+21.4,NB	+6.68,+13.2,+21.4,FA	+2.93,+230.2,+21.4,EB	+2.72,+242.2,+19.8,HB	+2.48,+256.7,+20.6,EB	+2.87,+233.9,+19.8,OB	
1700028335.2995305	+6.69,+7.8,+21.4,HB	+6.68,+13.2,+21.4,FA	+2.93,+230.3,+21.4,DB	+2.73,+241.9,+19.9,@B	+2.47,+257.3,+20.6,OB	+2.87,+233.8,+19.8,NB	
1700028397.3092566	+6.69,+7.8,+21.3,OB	+6.68,+13.2,+21.4,FA	+2.93,+230.3,+21.4,DB	+2.73,+241.9,+19.8,AB	+2.46,+257.7,+20.6,JB	+2.87,+233.8,+19.8,NB	
1700028459.31746	+6.69,+7.8,+21.4,HB	+6.68,+13.1,+21.4,EA	+2.93,+230.4,+21.4,CB	+2.72,+242.0,+19.8,JB	+2.44,+258.5,+20.6,EB	+2.87,+233.8,+19.8,NB	
1700028521.3237703	+6.69,+7.9,+21.4,IB	+6.68,+13.2,+21.4,FA	+2.93,+230.3,+21.4,DB	+2.72,+242.0,+19.9,KB	+2.43,+259.3,+20.6,EB	+2.87,+233.8,+19.8,NB	
1700028583.3325503	+6.69,+7.8,+21.4,HB	+6.68,+13.1,+21.4,EA	+2.93,+230.4,+21.4,CB	+2.72,+242.1,+19.8,KB	+2.44,+259.0,+20.6,AB	+2.87,+233.8,+19.8,NB	
1700028645.344709	+6.69,+7.8,+21.4,HB	+6.68,+13.1,+21.4,EA	+2.93,+230.3,+21.4,DB	+2.72,+242.0,+19.8,JB	+2.43,+259.3,+20.6,EB	+2.87,+233.8,+19.8,NB	
1700028707.352169	+6.69,+7.8,+21.4,HB	+6.68,+13.2,+21.4,FA	+2.93,+230.4,+21.4,CB	+2.72,+242.0,+19.8,JB	+2.42,+259.6,+20.6,AB	+2.87,+233.8,+19.8,NB	
1700028769.3623981	+6.69,+7.7,+21.4,GB	+6.68,+13.1,+21.4,EA	+2.93,+230.3,+21.4,DB	+2.73,+241.9,+19.8,AB	+2.42,+259.9,+20.6,NB	+2.87,+233.8,+19.8,NB	
1700028831.3710973	+6.69,+7.7,+21.4,GB	+6.68,+13.1,+21.4,EA	+2.93,+230.3,+21.4,DB	+2.73,+241.9,+19.8,AB	+2.42,+260.1,+20.6,LB	+2.87,+233.8,+19.8,NB	
1700028893.3824072	+6.69,+7.7,+21.3,@B	+6.68,+13.1,+21.4,EA	+2.93,+230.3,+21.4,DB	+2.72,+242.2,+19.8,HB	+2.41,+260.2,+20.6,LB	+2.87,+233.8,+19.8,NB	
1700028955.3911145	+6.69,+7.7,+21.4,GB	+6.68,+13.1,+21.4,EA	+2.93,+230.3,+21.4,DB	+2.73,+241.7,+19.8,OB	+2.44,+259.1,+20.6,@B	+2.87,+233.8,+19.8,NB	
1700029017.3995016	+6.69,+7.6,+21.4,FB	+6.68,+13.1,+21.4,EA	+2.93,+230.3,+21.4,DB	+2.73,+241.6,+19.8,NB	+2.44,+259.1,+20.6,@B	+2.87,+233.8,+19.8,NB	
1700029079.4095209	+6.69,+7.7,+21.4,GB	+6.68,+13.1,+21.4,EA	+2.93,+230.3,+21.4,DB	+2.73,+241.5,+19.8,MB	+2.44,+259.0,+20.6,AB	+2.87,+233.9,+19.8,OB	
1700029141.4199886	+6.69,+7.6,+21.4,FB	+6.68,+13.0,+21.4,DA	+2.93,+230.4,+21.4,CB	+2.73,+241.5,+19.9,LB	+2.44,+259.0,+20.6,AB	+2.87,+233.9,+19.8,OB	
1700029203.4286776	+6.69,+7.6,+21.4,FB	+6.68,+13.0,+21.4,DA	+2.93,+230.4,+21.4,CB	+2.73,+241.6,+19.8,NB	+2.43,+259.6,+20.6,@B	+2.87,+233.8,+19.8,NB	
1700029449.0090566	+6.69,+7.5,+21.4,EB	+6.68,+13.0,+21.4,DA	+2.93,+230.3,+21.4,DB	+2.73,+241.7,+19.8,OB	+2.43,+259.2,+20.6,DB	+2.87,+233.6,+19.8,@B	
1700029511.0174448	+6.69,+7.5,+21.3,BB	+6.68,+13.1,+21.4,EA	+2.93,+230.3,+21.4,DB	+2.73,+241.6,+19.8,NB	+2.41,+260.6,+20.6,HB	+2.87,+233.9,+19.8,OB	
1700029573.0289166	+6.69,+7.5,+21.3,BB	+6.68,+13.0,+21.4,DA	+2.93,+230.4,+21.4,CB	+2.73,+241.7,+19.8,OB	+2.40,+261.1,+20.6,OB	+2.87,+233.8,+19.8,NB	
1700029635.0375009	+6.69,+7.5,+21.4,EB	+6.68,+13.0,+21.4,DA	+2.93,+230.2,+21.4,EB	+2.73,+241.4,+19.8,LB	+2.40,+261.1,+20.6,OB	+2.87,+233.8,+19.8,NB	
1700029697.0448208	+6.69,+7.5,+21.4,EB	+6.68,+13.0,+21.4,DA	+2.93,+230.3,+21.4,DB	+2.74,+241.3,+19.8,LB	+2.39,+261.5,+20.6,EB	+2.87,+233.8,+19.8,NB	
1700029759.0542166	+6.69,+7.5,+21.3,BB	+6.68,+13.0,+21.4,DA	+2.93,+230.4,+21.4,CB	+2.74,+241.2,+19.8,MB	+2.39,+261.5,+20.6,EB	+2.87,+233.8,+19.8,NB	
1700029821.064997	+6.69,+7.6,+21.4,FB	+6.68,+13.0,+21.4,DA	+2.93,+230.3,+21.4,DB	+2.74,+241.0,+19.9,NB	+2.40,+261.0,+20.6,NB	+2.87,+233.8,+19.8,NB	
1700029883.075284	+6.69,+7.6,+21.4,FB	+6.68,+13.1,+21.5,DA	+2.93,+230.3,+21.4,DB	+2.74,+241.0,+19.9,NB	+2.39,+261.4,+20.6,DB	+2.87,+233.8,+19.8,NB	
1700029945.085154	+6.69,+7.6,+21.3,AB	+6.68,+13.1,+21.4,EA	+2.93,+230.4,+21.4,CB	+2.74,+241.1,+19.8,NB	+2.40,+261.2,+20.6,LB	+2.87,+233.8,+19.8,NB	
1700030007.095196	+6.69,+7.6,+21.4,FB	+6.68,+13.0,+21.4,DA	+2.93,+230.3,+21.4,DB	+2.74,+241.2,+19.8,MB	+2.39,+261.5,+20.6,EB	+2.87,+233.8,+19.8,NB	
1700030069.1032088	+6.69,+7.7,+21.4,GB	+6.68,+13.0,+21.4,DA	+2.93,+230.3,+21.4,DB	+2.74,+241.2,+19.8,MB	+2.39,+261.9,+20.6,IB	+2.87,+233.8,+19.8,NB	
1700030131.1131713	+6.69,+7.6,+21.4,FB	+6.68,+13.0,+21.4,DA	+2.93,+230.4,+21.4,CB	+2.74,+241.3,+19.8,LB	+2.39,+261.4,+20.6,DB	+2.87,+233.8,+19.8,NB	
1700030193.1217475	+6.69,+7.7,+21.4,GB	+6.68,+13.1,+21.4,EA	+2.93,+230.4,+21.4,CB	+2.73,+241.4,+19.8,LB	+2.39,+261.8,+20.6,HB	+2.87,+233.8,+19.8,NB	
1700030255.1312978	+6.69,+7.7,+21.4,GB	+6.68,+13.0,+21.4,DA	+2.92,+230.4,+21.4,BB	+2.73,+241.4,+19.8,LB	+2.38,+262.0,+20.6,BB	+2.87,+233.8,+19.8,NB	
1700030317.141169	+6.69,+7.6,+21.4,FB	+6.68,+13.1,+21.4,EA	+2.93,+230.3,+21.4,DB	+2.74,+240.9,+19.8,GB	+2.38,+262.4,+20.6,FB	+2.87,+233.8,+19.8,NB	
1700030379.1482184	+6.69,+7.6,+21.4,FB	+6.68,+13.0,+21.4,DA	+2.93,+230.3,+21.4,DB	+2.74,+240.9,+19.9,FB	+2.37,+262.5,+20.6,HB	+2.87,+233.9,+19.8,OB	
1700030441.1567197	+6.69,+7.7,+21.4,GB	+6.68,+13.0,+21.4,DA	+2.93,+230.3,+21.4,DB	+2.74,+241.0,+19.8,OB	+2.37,+262.8,+20.6,EB	+2.87,+233.8,+19.8,NB	
1700030503.165526	+6.69,+7.7,+21.4,GB	+6.68,+13.0,+21.4,DA	+2.93,+230.3,+21.4,DB	+2.74,+241.1,+19.8,NB	+2.36,+263.4,+20.6,IB	+2.87,+233.8,+19.8,NB	
1700030565.1754308	+6.69,+7.8,+21.3,OB	+6.68,+13.0,+21.4,DA	+2.93,+230.3,+21.4,DB	+2.74,+241.2,+19.8,MB	+2.36,+263.3,+20.6,NB	+2.87,+233.8,+19.8,NB	
1700030627.1864324	+6.69,+7.8,+21.4,HB	+6.68,+13.0,+21.4,DA	+2.93,+230.3,+21.4,DB	+2.74,+241.4,+19.8,KB	+2.36,+263.6,+20.6,KB	+2.87,+233.8,+19.8,NB	
1700030689.1970043	+6.69,+7.9,+21.3,NB	+6.68,+12.9,+21.4,LA	+2.93,+230.4,+21.4,CB	+2.73,+241.4,+19.8,LB	+2.35,+263.9,+20.6,GB	+2.87,+233.8,+19.8,NB	
1700030751.2083387	+6.69,+7.9,+21.3,NB	+6.68,+12.9,+21.4,LA	+2.93,+230.3,+21.4,DB	+2.74,+241.3,+19.8,LB	+2.35,+264.0,+20.6,IB	+2.87,+233.8,+19.8,NB	
1700030813.2187517	+6.69,+7.9,+21.4,IB	+6.68,+13.0,+21.4,DA	+2.93,+230.3,+21.4,DB	+2.74,+241.4,+19.8,KB	+2.36,+263.5,+20.6,HB	+2.87,+233.8,+19.8,NB	
1700030875.2298548	+6.68,+8.0,+21.4,NB	+6.68,+13.0,+21.4,DA	+2.93,+230.4,+21.4,CB	+2.73,+241.4,+19.8,LB	+2.36,+263.3,+20.6,NB	+2.87,+233.9,+19.8,OB	
1700030937.2357295	+6.69,+7.9,+21.4,IB	+6.68,+13.0,+21.4,DA	+2.93,+230.3,+21.4,DB	+2.73,+241.4,+19.8,LB	+2.35,+263.9,+20.6,GB	+2.87,+233.8,+19.8,NB	
1700030999.245887	+6.69,+7.9,+21.3,NB	+6.68,+13.0,+21.4,DA	+2.93,+230.4,+21.4,CB	+2.73,+241.6,+19.8,NB	+2.35,+263.7,+20.6,IB	+2.87,+233.9,+19.8,OB	
1700031061.2556617	+6.69,+7.9,+21.3,NB	+6.68,+13.0,+21.4,DA	+2.93,+230.4,+21.4,CB	+2.73,+241.6,+19.8,NB	+2.36,+263.6,+20.6,KB	+2.87,+233.8,+19.8,NB	
1700031123.2650857	+6.69,+7.8,+21.3,OB	+6.68,+12.9,+21.4,LA	+2.93,+230.3,+21.4,DB	+2.73,+241.6,+19.8,NB	+2.37,+263.0,+20.6,LB	+2.87,+233.8,+19.8,NB	
1700031185.274578	+6.69,+7.9,+21.3,NB	+6.68,+13.0,+21.4,DA	+2.93,+230.4,+21.4,CB	+2.73,+241.6,+19.8,NB	+2.36,+263.2,+20.6,OB	+2.87,+233.8,+19.8,NB	
1700031247.2835453	+6.69,+7.8,+21.4,HB	+6.68,+13.0,+21.4,DA	+2.93,+230.3,+21.4,DB	+2.73,+241.5,+19.8,MB	+2.36,+263.4,+20.6,IB	+2.87,+233.9,+19.8,OB	
1700031309.294501	+6.69,+7.8,+21.4,HB	+6.68,+13.1,+21.4,EA	+2.93,+230.3,+21.4,DB	+2.73,+241.6,+19.8,NB	+2.37,+262.9,+20.6,DB	+2.87,+233.9,+19.8,OB	
1700031371.3068607	+6.69,+7.9,+21.4,IB	+6.68,+13.1,+21.4,EA	+2.93,+230.3,+21.4,DB	+2.73,+241.6,+19.8,NB	+2.38,+262.2,+20.6,@B	+2.87,+233.8,+19.8,NB	
1700031433.317093	+6.69,+7.8,+21.4,HB	+6.68,+13.0,+21.4,DA	+2.93,+230.4,+21.4,CB	+2.73,+241.6,+19.8,NB	+2.38,+262.5,+20.6,GB	+2.87,+233.8,+19.8,NB	
1700031495.328831	+6.69,+7.8,+21.4,HB	+6.68,+13.0,+21.4,DA	+2.93,+230.3,+21.4,DB	+2.74,+241.4,+19.8,KB	+2.36,+263.3,+20.6,NB	+2.87,+233.8,+19.8,NB	
1700031557.339783	+6.69,+7.8,+21.4,HB	+6.68,+12.9,+21.4,LA	+2.93,+230.3,+21.4,DB	+2.74,+241.3,+19.8,LB	+2.36,+263.5,+20.6,HB	+2.87,+233.8,+19.8,NB	
1700031619.3497837	+6.69,+7.8,+21.4,HB	+6.68,+13.0,+21.4,DA	+2.93,+230.3,+21.4,DB	+2.74,+241.4,+19.8,KB	+2.38,+262.3,+20.6,AB	+2.87,+233.8,+19.8,NB	
1700031681.357534	+6.69,+7.8,+21.3,OB	+6.68,+12.9,+21.4,LA	+2.93,+230.3,+21.4,DB	+2.75,+240.5,+19.8,JB	+2.37,+263.0,+20.6,LB	+2.87,+233.9,+19.8,OB	
1700031743.368171	+6.69,+7.8,+21.3,OB	+6.68,+13.0,+21.4,DA	+2.93,+230.3,+21.4,DB	+2.75,+240.5,+19.8,JB	+2.36,+263.2,+20.6,OB	+2.87,+233.9,+19.8,OB	
1700031805.3786726	+6.69,+7.7,+21.3,@B	+6.68,+13.0,+21.4,DA	+2.93,+230.3,+21.4,DB	+2.75,+240.5,+19.8,JB	+2.36,+263.4,+20.6,IB	+2.87,+233.8,+19.8,NB	
1700031867.3888514	+6.69,+7.7,+21.4,GB	+6.68,+12.9,+21.4,LA	+2.93,+230.3,+21.4,DB	+2.75,+240.6,+19.8,IB	+2.36,+263.4,+20.6,IB	+2.86,+233.9,+19.8,NB	
1700031929.397842	+6.69,+7.6,+21.3,AB	+6.68,+12.9,+21.4,LA	+2.92,+230.4,+21.4,BB	+2.75,+240.6,+19.8,IB	+2.36,+263.4,+20.6,IB	+2.86,+233.9,+19.8,NB	
1700031991.4077077	+6.69,+7.6,+21.4,FB	+6.68,+12.9,+21.4,LA	+2.93,+230.3,+21.4,DB	+2.75,+240.5,+19.8,JB	+2.35,+263.7,+20.6,IB	+2.87,+233.8,+19.8,NB	
1700032053.4173696	+6.69,+7.6,+21.4,FB	+6.68,+12.9,+21.4,LA	+2.93,+230.3,+21.4,DB	+2.75,+240.6,+19.8,IB	+2.36,+263.3,+20.6,NB	+2.87,+233.8,+19.8,NB	
1700032115.4279485	+6.69,+7.5,+21.3,BB	+6.68,+12.9,+21.4,LA	+2.93,+230.3,+21.4,DB	+2.75,+240.7,+19.8,HB	+2.36,+263.1,+20.6,LB	+2.87,+233.8,+19.8,NB	
1700032177.4396744	+6.69,+7.5,+21.3,BB	+6.68,+12.9,+21.4,LA	+2.93,+230.3,+21.4,DB	+2.75,+240.7,+19.8,HB	+2.36,+263.4,+20.6,IB	+2.87,+233.8,+19.8,NB	
1700032239.450115	+6.69,+7.6,+21.4,FB	+6.68,+12.9,+21.4,LA	+2.93,+230.3,+21.4,DB	+2.75,+240.7,+19.8,HB	+2.37,+262.9,+20.6,DB	+2.87,+233.9,+19.8,OB	
1700032301.4581413	+6.69,+7.7,+21.4,GB	+6.68,+12.9,+21.4,LA	+2.93,+230.2,+21.4,EB	+2.75,+240.7,+19.8,HB	+2.38,+262.3,+20.6,AB	+2.87,+233.9,+19.8,OB	
1700032363.4660065	+6.69,+7.7,+21.4,GB	+6.68,+12.9,+21.4,LA	+2.93,+230.3,+21.4,DB	+2.75,+240.7,+19.8,HB	+2.38,+262.3,+20.6,AB	+2.87,+233.9,+19.8,OB	
1700032425.4766235	+6.69,+7.7,+21.4,GB	+6.68,+13.0,+21.4,DA	+2.93,+230.3,+21.4,DB	+2.75,+240.7,+19.8,HB	+2.38,+262.1,+20.6,CB	+2.87,+233.8,+19.8,NB	
1700032487.4830105	+6.69,+7.7,+21.4,GB	+6.68,+13.0,+21.4,DA	+2.93,+230.4,+21.4,CB	+2.75,+240.7,+19.8,HB	+2.38,+262.5,+20.6,GB	+2.87,+233.9,+19.8,OB	
1700032549.4899092	+6.69,+7.8,+21.4,HB	+6.68,+13.0,+21.4,DA	+2.93,+230.3,+21.4,DB	+2.75,+240.5,+19.8,JB	+2.38,+262.3,+20.6,AB	+2.87,+233.9,+19.8,OB	
1700032611.498747	+6.69,+7.8,+21.4,HB	+6.68,+13.0,+21.4,DA	+2.93,+230.3,+21.4,DB	+2.75,+240.5,+19.8,JB	+2.40,+261.1,+20.6,OB	+2.87,+233.8,+19.8,NB	
1700032673.5088272	+6.69,+7.8,+21.4,HB	+6.68,+13.0,+21.4,DA	+2.93,+230.4,+21.4,CB	+2.75,+240.4,+19.8,KB	+2.40,+261.1,+20.6,OB	+2.87,+233.8,+19.8,NB	
1700032735.5177045	+6.69,+7.9,+21.4,IB	+6.68,+12.9,+21.4,LA	+2.93,+230.3,+21.4,DB	+2.75,+240.5,+19.8,JB	+2.40,+260.8,+20.6,GB	+2.87,+233.8,+19.8,NB	
1700032797.5261185	+6.69,+7.8,+21.4,HB	+6.68,+12.9,+21.4,LA	+2.93,+230.3,+21.4,DB	+2.75,+240.5,+19.8,JB	+2.41,+260.6,+20.6,HB	+2.87,+233.8,+19.8,NB	
1700032859.5364516	+6.69,+7.8,+21.4,HB	+6.68,+12.9,+21.4,LA	+2.93,+230.4,+21.4,CB	+2.75,+240.5,+19.8,JB	+2.42,+259.8,+20.6,OB	+2.87,+233.9,+19.8,OB	
1700032921.5464985	+6.69,+7.8,+21.4,HB	+6.68,+12.9,+21.4,LA	+2.93,+230.4,+21.4,CB	+2.75,+240.5,+19.8,JB	+2.43,+259.1,+20.6,GB	+2.86,+233.9,+19.8,NB	
1700032983.5530384	+6.69,+7.9,+21.4,IB	+6.68,+12.9,+21.4,LA	+2.93,+230.4,+21.4,CB	+2.75,+240.5,+19.8,JB	+2.43,+259.1,+20.6,GB	+2.86,+233.9,+19.8,NB	
1700033045.5644336	+6.69,+7.9,+21.4,IB	+6.68,+13.0,+21.4,DA	+2.93,+230.4,+21.4,CB	+2.75,+240.5,+19.8,JB	+2.42,+259.8,+20.6,OB	+2.87,+233.9,+19.8,OB	
1700033291.148479	+6.69,+7.9,+21.4,IB	+6.68,+13.0,+21.4,DA	+2.93,+230.3,+21.4,DB	+2.75,+240.7,+19.8,HB	+2.41,+260.5,+20.6,KB	+2.87,+233.7,+19.8,AB	
1700033353.1567473	+6.69,+7.8,+21.4,HB	+6.68,+13.0,+21.4,DA	+2.93,+230.3,+21.4,DB	+2.75,+240.7,+19.8,HB	+2.41,+260.5,+20.6,KB	+2.87,+233.9,+19.8,OB	
1700033415.1647408	+6.69,+7.8,+21.4,HB	+6.68,+13.0,+21.4,DA	+2.93,+230.3,+21.4,DB	+2.75,+240.7,+19.8,HB	+2.41,+260.6,+20.6,HB	+2.87,+233.9,+19.8,OB	
1700033477.1714942	+6.69,+7.9,+21.4,IB	+6.68,+13.0,+21.4,DA	+2.93,+230.3,+21.4,DB	+2.75,+240.8,+19.8,GB	+2.41,+260.7,+20.6,IB	+2.87,+233.9,+19.8,OB	
1700033539.1817775	+6.69,+7.9,+21.4,IB	+6.68,+13.0,+21.4,DA	+2.93,+230.4,+21.4,CB	+2.75,+240.8,+19.8,GB	+2.40,+261.3,+20.6,MB	+2.87,+233.8,+19.8,NB	
1700033601.1912673	+6.68,+8.0,+21.4,NB	+6.68,+13.0,+21.4,DA	+2.93,+230.4,+21.4,CB	+2.74,+240.9,+19.8,GB	+2.40,+261.2,+20.6,LB	+2.87,+233.8,+19.8,NB	
1700033663.1992903	+6.68,+8.1,+21.4,OB	+6.68,+13.0,+21.4,DA	+2.93,+230.4,+21.4,CB	+2.74,+240.9,+19.8,GB	+2.40,+261.3,+20.6,MB	+2.86,+233.9,+19.8,NB	
1700033725.2059848	+6.68,+8.3,+21.4,MB	+6.68,+13.0,+21.4,DA	+2.93,+230.3,+21.4,DB	+2.74,+241.0,+19.8,OB	+2.40,+261.4,+20.6,JB	+2.87,+233.9,+19.8,OB	
1700033787.2139425	+6.68,+8.3,+21.4,MB	+6.68,+13.0,+21.4,DA	+2.93,+230.4,+21.4,CB	+2.75,+240.8,+19.8,GB	+2.41,+260.2,+20.6,LB	+2.86,+233.9,+19.8,NB	
1700033849.2214422	+6.68,+8.4,+21.4,JB	+6.68,+13.0,+21.4,DA	+2.92,+230.4,+21.4,BB	+2.75,+240.7,+19.9,IB	+2.41,+260.6,+20.6,HB	+2.87,+233.9,+19.8,OB	
1700033911.2301483	+6.68,+8.3,+21.4,MB	+6.68,+13.0,+21.4,DA	+2.93,+230.4,+21.4,CB	+2.75,+240.7,+19.8,HB	+2.41,+260.6,+20.6,HB	+2.87,+233.9,+19.8,OB	
1700033973.2403505	+6.68,+8.3,+21.4,MB	+6.68,+13.0,+21.4,DA	+2.93,+230.4,+21.4,CB	+2.75,+240.8,+19.8,GB	+2.41,+260.6,+20.6,HB	+2.86,+233.9,+19.8,NB	
1700034035.2502954	+6.68,+8.3,+21.4,MB	+6.68,+12.9,+21.4,LA	+2.93,+230.4,+21.4,CB	+2.75,+240.8,+19.8,GB	+2.40,+260.8,+20.6,GB	+2.86,+233.9,+19.8,NB	
1700034097.2615063	+6.68,+8.3,+21.4,MB	+6.68,+12.9,+21.4,LA	+2.93,+230.4,+21.4,CB	+2.74,+240.8,+19.8,FB	+2.40,+260.8,+20.6,GB	+2.86,+233.9,+19.8,NB	
1700034159.2688458	+6.68,+8.3,+21.4,MB	+6.68,+12.9,+21.5,MA	+2.93,+230.3,+21.4,DB	+2.75,+240.5,+19.9,KB	+2.40,+261.1,+20.6,OB	+2.86,+233.9,+19.8,NB	
1700034221.2755098	+6.68,+8.2,+21.4,LB	+6.68,+12.9,+21.5,MA	+2.93,+230.4,+21.5,BB	+2.76,+240.2,+19.8,NB	+2.40,+261.2,+20.6,LB	+2.87,+233.9,+19.8,OB	
1700034283.282391	+6.68,+8.2,+21.4,LB	+6.68,+12.8,+21.5,LA	+2.92,+230.4,+21.4,BB	+2.75,+240.3,+19.8,LB	+2.40,+261.0,+20.6,NB	+2.87,+233.9,+19.8,OB	
1700034345.2938974	+6.68,+8.2,+21.4,LB	+6.68,+12.9,+21.5,MA	+2.93,+230.4,+21.5,BB	+2.75,+240.4,+19.9,JB	+2.42,+259.7,+20.6,@B	+2.86,+233.9,+19.8,NB	
1700034407.304077	+6.68,+8.2,+21.4,LB	+6.68,+12.9,+21.5,MA	+2.93,+230.3,+21.4,DB	+2.75,+240.3,+19.9,MB	+2.42,+260.0,+20.6,MB	+2.87,+233.9,+19.8,OB	
1700034469.3169243	+6.68,+8.1,+21.4,OB	+6.68,+12.9,+21.4,LA	+2.93,+230.3,+21.4,DB	+2.75,+240.3,+19.9,MB	+2.42,+260.0,+20.6,MB	+2.87,+233.8,+19.8,NB	
1700034531.3246906	+6.68,+8.1,+21.4,OB	+6.68,+12.9,+21.4,LA	+2.93,+230.4,+21.4,CB	+2.75,+240.4,+19.9,JB	+2.41,+260.5,+20.6,KB	+2.87,+233.9,+19.8,OB	
1700034593.3344371	+6.68,+8.1,+21.4,OB	+6.64,+15.4,+21.4,JA	+2.93,+230.4,+21.5,BB	+2.75,+240.4,+19.9,JB	+2.41,+260.5,+20.6,KB	+2.87,+233.9,+19.8,OB	
1700034655.3436985	+6.68,+8.0,+21.4,NB	+6.63,+15.8,+21.4,AA	+2.93,+230.4,+21.4,CB	+2.75,+240.4,+19.8,KB	+2.40,+260.9,+20.6,FB	+2.87,+233.9,+19.8,OB	
1700034717.3532388	+6.68,+8.1,+21.4,OB	+6.63,+15.9,+21.4,@A	+2.93,+230.4,+21.4,CB	+2.75,+240.4,+19.9,JB	+2.41,+260.8,+20.6,FB	+2.87,+233.9,+19.8,OB	
1700034779.361581	+6.68,+8.2,+21.4,LB	+6.63,+15.9,+21.4,@A	+2.92,+230.4,+21.4,BB	+2.75,+240.4,+19.8,KB	+2.41,+260.6,+20.6,HB	+2.86,+233.9,+19.8,NB	
1700034841.3709178	+6.68,+8.1,+21.4,OB	+6.63,+15.8,+21.4,AA	+2.93,+230.4,+21.4,CB	+2.75,+240.4,+19.8,KB	+2.41,+260.7,+20.6,IB	+2.86,+233.9,+19.8,NB	
1700034903.3792758	+6.68,+8.1,+21.4,OB	+6.63,+15.8,+21.4,AA	+2.93,+230.4,+21.4,CB	+2.75,+240.3,+19.8,LB	+2.40,+260.9,+20.6,FB	+2.87,+233.9,+19.9,NB	
1700034965.3875172	+6.68,+8.0,+21.4,NB	+6.64,+15.6,+21.5,IA	+2.93,+230.4,+21.4,CB	+2.75,+240.4,+19.8,KB	+2.41,+260.7,+20.6,IB	+2.87,+233.9,+19.8,OB	
1700035027.3976302	+6.68,+8.1,+21.4,OB	+6.64,+15.5,+21.4,KA	+2.93,+230.3,+21.4,DB	+2.75,+240.5,+19.9,KB	+2.41,+260.5,+20.6,KB	+2.87,+233.9,+19.8,OB	
1700035089.4047294	+6.68,+8.0,+21.4,NB	+6.64,+15.4,+21.4,JA	+2.93,+230.3,+21.4,DB	+2.75,+240.6,+19.8,IB	+2.41,+260.4,+20.6,JB	+2.86,+233.9,+19.8,NB	
1700035151.414489	+6.68,+8.0,+21.4,NB	+6.64,+15.3,+21.4,MA	+2.93,+230.3,+21.4,DB	+2.75,+240.5,+19.8,JB	+2.41,+260.5,+20.6,KB	+2.87,+233.9,+19.8,OB	
1700035213.4230168	+6.69,+7.9,+21.4,IB	+6.64,+15.3,+21.5,LA	+2.93,+230.3,+21.4,DB	+2.75,+240.5,+19.8,JB	+2.40,+260.9,+20.6,FB	+2.87,+233.9,+19.8,OB	
1700035275.4330328	+6.69,+7.9,+21.4,IB	+6.64,+15.2,+21.4,LA	+2.93,+230.3,+21.4,DB	+2.75,+240.5,+19.8,JB	+2.40,+261.2,+20.6,LB	+2.86,+233.9,+19.8,NB	
1700035337.4415796	+6.69,+7.8,+21.4,HB	+6.64,+15.1,+21.4,OA	+2.93,+230.4,+21.4,CB	+2.75,+240.6,+19.8,IB	+2.39,+261.5,+20.6,EB	+2.86,+233.9,+19.8,NB	
1700035399.44918	+6.69,+7.9,+21.4,IB	+6.65,+15.0,+21.5,NA	+2.93,+230.4,+21.5,BB	+2.75,+240.4,+19.9,JB	+2.42,+260.1,+20.6,LB	+2.87,+233.9,+19.8,OB	
1700035461.458967	+6.69,+7.8,+21.4,HB	+6.65,+15.0,+21.5,NA	+2.92,+230.4,+21.4,BB	+2.75,+240.4,+19.8,KB	+2.43,+259.4,+20.6,BB	+2.87,+233.9,+19.8,OB	
1700035523.4641802	+6.69,+7.9,+21.4,IB	+6.65,+15.0,+21.4,OA	+2.93,+230.4,+21.4,CB	+2.75,+240.4,+19.8,KB	+2.43,+259.2,+20.6,DB	+2.87,+233.8,+19.8,NB	
1700035585.472481	+6.69,+7.9,+21.4,IB	+6.65,+14.9,+21.5,FA	+2.93,+230.4,+21.4,CB	+2.75,+240.3,+19.9,MB	+2.44,+258.8,+20.6,HB	+2.87,+233.9,+19.8,OB	
1700035647.4832952	+6.69,+7.9,+21.4,IB	+6.65,+14.8,+21.4,FA	+2.92,+230.4,+21.4,BB	+2.75,+240.3,+19.9,MB	+2.45,+258.2,+20.6,CB	+2.86,+233.9,+19.8,NB	
1700035709.4909337	+6.69,+7.9,+21.4,IB	+6.65,+14.9,+21.4,GA	+2.93,+230.4,+21.4,CB	+2.75,+240.3,+19.8,LB	+2.44,+258.6,+20.6,FB	+2.86,+233.9,+19.9,OB	
1700035771.5008857	+6.69,+7.9,+21.4,IB	+6.65,+14.8,+21.4,FA	+2.92,+230.4,+21.4,BB	+2.76,+240.2,+19.9,OB	+2.44,+259.0,+20.6,AB	+2.87,+233.9,+19.8,OB	
1700035833.5098414	+6.69,+7.9,+21.4,IB	+6.65,+14.8,+21.5,GA	+2.92,+230.4,+21.4,BB	+2.76,+240.1,+19.9,LB	+2.43,+259.4,+20.6,BB	+2.86,+233.9,+19.8,NB	
1700035895.5196462	+6.69,+7.9,+21.4,IB	+6.65,+14.7,+21.4,IA	+2.93,+230.4,+21.4,CB	+2.76,+240.0,+19.9,MB	+2.43,+259.6,+20.6,@B	+2.87,+233.9,+19.8,OB	
1700035957.528208	+6.69,+7.9,+21.4,IB	+6.65,+14.7,+21.4,IA	+2.93,+230.4,+21.5,BB	+2.76,+240.0,+19.8,LB	+2.45,+258.4,+20.6,EB	+2.87,+233.9,+19.8,OB	
1700036019.5375278	+6.69,+7.9,+21.4,IB	+6.65,+14.6,+21.5,IA	+2.93,+230.4,+21.4,CB	+2.76,+240.0,+19.8,LB	+2.45,+258.0,+20.6,AB	+2.86,+233.9,+19.8,NB	
1700036081.545108	+6.69,+7.9,+21.4,IB	+6.65,+14.5,+21.5,JA	+2.93,+230.4,+21.4,CB	+2.76,+239.9,+19.8,KB	+2.45,+258.1,+20.6,@B	+2.86,+233.9,+19.8,NB	
1700036143.551979	+6.69,+7.9,+21.4,IB	+6.66,+14.4,+21.4,IA	+2.93,+230.4,+21.4,CB	+2.76,+240.0,+19.8,LB	+2.45,+258.4,+20.6,EB	+2.86,+233.9,+19.8,NB	
1700036205.562623	+6.69,+7.8,+21.4,HB	+6.66,+14.4,+21.4,IA	+2.93,+230.4,+21.4,CB	+2.76,+240.0,+19.8,LB	+2.43,+259.2,+20.6,DB	+2.86,+234.0,+19.8,@B	
1700036267.5722332	+6.69,+7.8,+21.4,HB	+6.66,+14.3,+21.5,OA	+2.93,+230.4,+21.4,CB	+2.76,+240.1,+19.9,LB	+2.43,+259.6,+20.6,@B	+2.86,+234.0,+19.8,@B	
1700036329.5807276	+6.69,+7.8,+21.4,HB	+6.66,+14.2,+21.5,NA	+2.93,+230.4,+21.4,CB	+2.76,+240.2,+19.9,OB	+2.42,+259.7,+20.6,@B	+2.87,+233.9,+19.8,OB	
1700036391.5875766	+6.69,+7.7,+21.4,GB	+6.66,+14.2,+21.5,NA	+2.93,+230.3,+21.5,EB	+2.76,+239.8,+19.8,JB	+2.42,+259.9,+20.6,NB	+2.86,+233.9,+19.8,NB	
1700036453.5966737	+6.69,+7.8,+21.4,HB	+6.66,+14.2,+21.4,OA	+2.93,+230.4,+21.4,CB	+2.76,+239.8,+19.9,KB	+2.42,+259.8,+20.6,OB	+2.87,+233.9,+19.8,OB	
1700036515.606274	+6.69,+7.8,+21.4,HB	+6.66,+14.3,+21.4,NA	+2.92,+230.4,+21.4,BB	+2.76,+239.8,+19.9,KB	+2.41,+260.3,+20.6,MB	+2.86,+234.0,+19.8,@B	
1700036577.6152592	+6.69,+7.7,+21.4,GB	+6.66,+14.3,+21.5,OA	+2.93,+230.3,+21.4,DB	+2.76,+239.8,+19.8,JB	+2.41,+260.7,+20.6,IB	+2.86,+234.0,+19.8,@B	
1700036639.6237102	+6.69,+7.6,+21.4,FB	+6.66,+14.2,+21.5,NA	+2.93,+230.4,+21.4,CB	+2.76,+239.8,+19.9,KB	+2.41,+260.5,+20.6,KB	+2.86,+233.9,+19.8,NB	
1700036701.6303594	+6.69,+7.6,+21.4,FB	+6.66,+14.2,+21.4,OA	+2.93,+230.4,+21.4,CB	+2.76,+239.9,+19.8,KB	+2.41,+260.4,+20.6,JB	+2.86,+233.9,+19.8,NB	
1700036763.638463	+6.69,+7.6,+21.4,FB	+6.66,+14.2,+21.5,NA	+2.93,+230.4,+21.4,CB	+2.76,+240.0,+19.8,LB	+2.41,+260.6,+20.6,HB	+2.87,+233.9,+19.8,OB	
1700036825.6471715	+6.69,+7.8,+21.4,HB	+6.66,+14.2,+21.4,OA	+2.93,+230.4,+21.5,BB	+2.76,+239.9,+19.8,KB	+2.40,+260.9,+20.6,FB	+2.86,+233.9,+19.8,NB	
1700036887.6580496	+6.69,+7.8,+21.4,HB	+6.66,+14.2,+21.5,NA	+2.93,+230.3,+21.4,DB	+2.76,+240.1,+19.9,LB	+2.38,+262.1,+20.6,CB	+2.87,+233.9,+19.8,OB	
1700037133.27266	+6.68,+8.2,+21.4,LB	+6.66,+14.1,+21.4,LA	+2.93,+230.4,+21.4,CB	+2.76,+240.2,+19.8,NB	+2.38,+262.2,+20.6,@B	+2.87,+233.7,+19.8,AB	
1700037195.2850568	+6.68,+8.1,+21.4,OB	+6.66,+14.0,+21.5,LA	+2.93,+230.4,+21.4,CB	+2.75,+240.4,+19.8,KB	+2.38,+262.2,+20.7,AB	+2.86,+233.9,+19.8,NB	
1700037257.2949424	+6.68,+8.1,+21.4,OB	+6.66,+13.9,+21.5,BA	+2.93,+230.4,+21.4,CB	+2.75,+240.5,+19.8,JB	+2.38,+262.4,+20.6,FB	+2.87,+233.9,+19.8,OB	
1700037319.3048637	+6.68,+8.1,+21.4,OB	+6.66,+13.9,+21.4,CA	+2.93,+230.4,+21.4,CB	+2.75,+240.4,+19.9,JB	+2.39,+261.9,+20.6,IB	+2.86,+234.0,+19.8,@B	
1700037381.3145802	+6.68,+8.0,+21.4,NB	+6.67,+13.9,+21.5,CA	+2.93,+230.4,+21.4,CB	+2.75,+240.4,+19.9,JB	+2.39,+261.4,+20.6,DB	+2.86,+234.0,+19.8,@B	
1700037443.3238451	+6.68,+8.0,+21.4,NB	+6.67,+13.8,+21.4,CA	+2.93,+230.4,+21.4,CB	+2.75,+240.4,+19.8,KB	+2.40,+261.2,+20.6,LB	+2.86,+234.0,+19.8,@B	
1700037505.3347278	+6.68,+8.0,+21.4,NB	+6.67,+13.8,+21.4,CA	+2.92,+230.4,+21.4,BB	+2.75,+240.3,+19.9,MB	+2.40,+261.3,+20.6,MB	+2.86,+234.0,+19.8,@B	
1700037567.3432636	+6.69,+7.9,+21.4,IB	+6.67,+13.9,+21.4,BA	+2.93,+230.4,+21.4,CB	+2.75,+240.5,+19.9,KB	+2.39,+261.5,+20.6,EB	+2.86,+234.0,+19.8,@B	
1700037629.3535457	+6.69,+7.9,+21.4,IB	+6.67,+13.8,+21.4,CA	+2.93,+230.3,+21.4,DB	+2.75,+240.5,+19.8,JB	+2.39,+261.7,+20.6,GB	+2.86,+233.9,+19.8,NB	
1700037691.363226	+6.68,+8.2,+21.4,LB	+6.67,+13.9,+21.5,CA	+2.93,+230.4,+21.4,CB	+2.75,+240.5,+19.9,KB	+2.38,+262.0,+20.6,BB	+2.86,+233.9,+19.8,NB	
1700037753.3730028	+6.68,+8.0,+21.4,NB	+6.66,+13.9,+21.5,BA	+2.93,+230.4,+21.4,CB	+2.75,+240.7,+19.8,HB	+2.41,+260.4,+20.6,JB	+2.86,+233.9,+19.8,NB	
1700037815.3847153	+6.69,+7.9,+21.4,IB	+6.66,+14.0,+21.4,MA	+2.93,+230.4,+21.4,CB	+2.75,+240.8,+19.8,GB	+2.41,+260.6,+20.6,HB	+2.86,+234.0,+19.8,@B	
1700037877.3952243	+6.69,+7.9,+21.4,IB	+6.66,+14.0,+21.4,MA	+2.93,+230.4,+21.5,BB	+2.75,+240.7,+19.8,HB	+2.40,+260.9,+20.6,FB	+2.86,+233.9,+19.8,NB	
1700037939.4060621	+6.69,+7.9,+21.4,IB	+6.66,+14.0,+21.5,LA	+2.92,+230.4,+21.4,BB	+2.75,+240.7,+19.8,HB	+2.41,+260.5,+20.6,KB	+2.86,+233.9,+19.8,NB	
1700038001.4137008	+6.69,+7.9,+21.4,IB	+6.66,+14.0,+21.4,MA	+2.93,+230.3,+21.5,EB	+2.75,+240.8,+19.8,GB	+2.41,+260.3,+20.6,MB	+2.86,+233.9,+19.8,NB	
1700038063.4206882	+6.69,+7.9,+21.4,IB	+6.66,+14.0,+21.5,LA	+2.93,+230.3,+21.4,DB	+2.75,+240.7,+19.8,HB	+2.40,+260.9,+20.6,FB	+2.86,+233.9,+19.8,NB	
1700038125.4325736	+6.69,+7.8,+21.4,HB	+6.66,+14.0,+21.4,MA	+2.93,+230.4,+21.4,CB	+2.75,+240.7,+19.8,HB	+2.40,+260.9,+20.6,FB	+2.86,+233.9,+19.8,NB	
1700038187.439146	+6.69,+7.7,+21.4,GB	+6.66,+14.0,+21.4,MA	+2.92,+230.4,+21.4,BB	+2.75,+240.7,+19.8,HB	+2.40,+261.1,+20.6,OB	+2.86,+233.9,+19.8,NB	
1700038249.4499836	+6.69,+7.8,+21.4,HB	+6.66,+14.1,+21.4,LA	+2.93,+230.4,+21.4,CB	+2.75,+240.7,+19.9,IB	+2.41,+260.4,+20.6,JB	+2.86,+233.9,+19.8,NB	
1700038311.4619744	+6.69,+7.8,+21.4,HB	+6.66,+14.0,+21.4,MA	+2.93,+230.4,+21.4,CB	+2.74,+240.9,+19.8,GB	+2.42,+259.8,+20.6,OB	+2.86,+234.0,+19.8,@B	
1700038373.4718356	+6.69,+7.8,+21.4,HB	+6.66,+14.0,+21.4,MA	+2.93,+230.4,+21.4,CB	+2.74,+241.0,+19.8,OB	+2.43,+259.4,+20.6,BB	+2.86,+234.0,+19.8,@B	
1700038435.483817	+6.69,+7.8,+21.4,HB	+6.66,+14.0,+21.5,LA	+2.92,+230.4,+21.4,BB	+2.74,+241.0,+19.9,NB	+2.44,+259.0,+20.6,AB	+2.86,+234.0,+19.8,@B	
1700038497.4943948	+6.69,+7.8,+21.4,HB	+6.66,+13.9,+21.4,CA	+2.92,+230.4,+21.4,BB	+2.74,+241.0,+19.9,NB	+2.42,+259.8,+20.6,OB	+2.86,+233.9,+19.8,NB	
1700038559.5046632	+6.69,+7.8,+21.4,HB	+6.66,+13.9,+21.4,CA	+2.92,+230.4,+21.4,BB	+2.74,+241.0,+19.9,NB	+2.43,+259.4,+20.6,BB	+2.86,+233.9,+19.8,NB	
1700038621.5132723	+6.69,+7.8,+21.4,HB	+6.66,+13.9,+21.4,CA	+2.92,+230.4,+21.4,BB	+2.74,+241.1,+19.8,NB	+2.42,+259.7,+20.6,@B	+2.86,+234.0,+19.8,@B	
1700038683.522568	+6.69,+7.8,+21.4,HB	+6.67,+13.8,+21.5,BA	+2.93,+230.4,+21.5,BB	+2.74,+241.0,+19.8,OB	+2.43,+259.6,+20.6,@B	+2.86,+234.0,+19.8,@B	
1700038745.5300748	+6.69,+7.8,+21.4,HB	+6.67,+13.8,+21.5,BA	+2.92,+230.4,+21.4,BB	+2.74,+240.9,+19.9,FB	+2.42,+259.9,+20.6,NB	+2.86,+233.9,+19.8,NB	
1700038807.5386531	+6.69,+7.8,+21.4,HB	+6.67,+13.7,+21.5,MA	+2.93,+230.4,+21.4,CB	+2.74,+241.0,+19.9,NB	+2.43,+259.6,+20.6,@B	+2.86,+233.9,+19.8,NB	
1700038869.5479069	+6.69,+7.8,+21.4,HB	+6.67,+13.8,+21.4,CA	+2.92,+230.4,+21.4,BB	+2.74,+240.9,+19.8,GB	+2.43,+259.6,+20.6,@B	+2.86,+234.0,+19.8,@B	
1700038931.5564697	+6.69,+7.7,+21.4,GB	+6.67,+13.8,+21.4,CA	+2.92,+230.4,+21.4,BB	+2.74,+241.0,+19.9,NB	+2.43,+259.6,+20.6,@B	+2.86,+233.9,+19.8,NB	
1700038993.5646849	+6.69,+7.8,+21.4,HB	+6.67,+13.9,+21.4,BA	+2.93,+230.4,+21.4,CB	+2.74,+240.9,+19.8,GB	+2.42,+259.7,+20.6,@B	+2.86,+234.0,+19.8,@B	
1700039055.5735607	+6.69,+7.7,+21.4,GB	+6.66,+13.9,+21.5,BA	+2.92,+230.4,+21.4,BB	+2.74,+240.9,+19.8,GB	+2.43,+259.5,+20.6,CB	+2.86,+234.0,+19.8,@B	
1700039117.5816057	+6.69,+7.8,+21.4,HB	+6.66,+13.9,+21.5,BA	+2.92,+230.5,+21.5,BB	+2.74,+240.9,+19.9,FB	+2.43,+259.3,+20.6,EB	+2.87,+233.9,+19.8,OB	
1700039179.592218	+6.69,+7.8,+21.4,HB	+6.66,+14.0,+21.4,MA	+2.92,+230.5,+21.4,CB	+2.74,+240.9,+19.8,GB	+2.44,+259.0,+20.6,AB	+2.87,+233.9,+19.9,NB	
1700039241.6014855	+6.69,+7.8,+21.4,HB	+6.66,+14.1,+21.5,MA	+2.92,+230.5,+21.5,BB	+2.74,+240.9,+19.8,GB	+2.44,+259.0,+20.7,@B	+2.86,+234.0,+19.8,@B	
1700039303.6104932	+6.69,+7.8,+21.4,HB	+6.66,+14.0,+21.5,LA	+2.93,+230.4,+21.5,BB	+2.74,+241.0,+19.8,OB	+2.45,+258.2,+20.6,CB	+2.87,+233.9,+19.8,OB	
1700039365.6223128	+6.69,+7.8,+21.4,HB	+6.66,+14.1,+21.5,MA	+2.93,+230.4,+21.5,BB	+2.74,+241.0,+19.9,NB	+2.46,+257.9,+20.6,DB	+2.87,+233.9,+19.8,OB	
1700039427.6316488	+6.69,+7.9,+21.4,IB	+6.66,+14.1,+21.5,MA	+2.92,+230.5,+21.4,CB	+2.74,+241.1,+19.9,OB	+2.45,+258.1,+20.6,@B	+2.86,+233.9,+19.8,NB	
1700039489.6430297	+6.69,+7.9,+21.4,IB	+6.66,+14.1,+21.5,MA	+2.92,+230.5,+21.4,CB	+2.74,+240.9,+19.9,FB	+2.46,+257.9,+20.6,DB	+2.86,+233.9,+19.8,NB	
1700039551.6516526	+6.69,+7.9,+21.4,IB	+6.66,+14.1,+21.5,MA	+2.92,+230.4,+21.4,BB	+2.74,+241.0,+19.9,NB	+2.45,+257.9,+20.6,GB	+2.86,+234.0,+19.8,@B	
1700039613.6613157	+6.69,+7.9,+21.4,IB	+6.66,+14.1,+21.5,MA	+2.92,+230.4,+21.5,CB	+2.74,+241.0,+19.9,NB	+2.46,+257.9,+20.6,DB	+2.86,+233.9,+19.9,OB	
1700039675.6686726	+6.68,+8.0,+21.4,NB	+6.66,+14.1,+21.5,MA	+2.92,+230.5,+21.4,CB	+2.74,+241.1,+19.9,OB	+2.45,+258.2,+20.6,CB	+2.86,+233.9,+19.8,NB	
1700039737.6795018	+6.68,+8.0,+21.4,NB	+6.66,+14.0,+21.5,LA	+2.92,+230.5,+21.5,BB	+2.74,+241.0,+19.9,NB	+2.44,+259.0,+20.7,@B	+2.86,+234.0,+19.9,AB	
1700039799.6888824	+6.68,+8.0,+21.4,NB	+6.66,+14.0,+21.5,LA	+2.92,+230.4,+21.4,BB	+2.74,+241.2,+19.9,LB	+2.44,+259.1,+20.7,AB	+2.86,+233.9,+19.8,NB	
1700039861.6966631	+6.68,+8.0,+21.4,NB	+6.66,+14.0,+21.5,LA	+2.92,+230.5,+21.4,CB	+2.74,+241.2,+19.8,MB	+2.44,+259.0,+20.6,AB	+2.86,+234.0,+19.9,AB	
1700039923.7015238	+6.68,+8.0,+21.4,NB	+6.66,+13.9,+21.5,BA	+2.92,+230.5,+21.5,BB	+2.74,+241.2,+19.8,MB	+2.43,+259.2,+20.6,DB	+2.86,+233.9,+19.9,OB	
1700039985.7151897	+6.68,+8.0,+21.4,NB	+6.67,+13.9,+21.5,CA	+2.93,+230.4,+21.5,BB	+2.74,+241.3,+19.8,LB	+2.43,+259.5,+20.7,BB	+2.86,+233.9,+19.8,NB	
1700040047.7251809	+6.69,+7.9,+21.4,IB	+6.67,+13.9,+21.5,CA	+2.93,+230.4,+21.5,BB	+2.74,+241.4,+19.8,KB	+2.42,+259.8,+20.6,OB	+2.86,+234.0,+19.9,AB	
1700040109.7350776	+6.69,+7.9,+21.4,IB	+6.67,+13.9,+21.5,CA	+2.93,+230.4,+21.5,BB	+2.74,+241.3,+19.9,MB	+2.42,+260.1,+20.6,LB	+2.86,+234.0,+19.9,AB	
1700040171.7461612	+6.69,+7.9,+21.4,IB	+6.67,+13.9,+21.5,CA	+2.92,+230.5,+21.4,CB	+2.74,+241.3,+19.9,MB	+2.42,+260.1,+20.6,LB	+2.86,+234.0,+19.8,@B	
1700040233.7511861	+6.69,+7.9,+21.4,IB	+6.66,+13.9,+21.5,BA	+2.92,+230.4,+21.5,CB	+2.74,+241.4,+19.9,JB	+2.42,+260.1,+20.6,LB	+2.86,+234.0,+19.9,AB	
1700040295.7617612	+6.69,+7.8,+21.4,HB	+6.66,+13.9,+21.5,BA	+2.92,+230.5,+21.5,BB	+2.74,+241.4,+19.9,JB	+2.41,+260.8,+20.7,GB	+2.86,+233.9,+19.9,OB	
1700040357.7721436	+6.69,+7.9,+21.4,IB	+6.66,+13.9,+21.5,BA	+2.92,+230.4,+21.5,CB	+2.74,+241.4,+19.9,JB	+2.40,+261.1,+20.6,OB	+2.86,+234.0,+19.9,AB	
1700040419.7834888	+6.69,+7.9,+21.4,IB	+6.66,+14.0,+21.5,LA	+2.92,+230.4,+21.5,CB	+2.73,+241.4,+19.9,MB	+2.40,+261.3,+20.7,LB	+2.87,+233.9,+19.9,NB	
1700040481.7926595	+6.68,+8.0,+21.4,NB	+6.66,+14.0,+21.5,LA	+2.92,+230.5,+21.5,BB	+2.73,+241.4,+19.9,MB	+2.39,+261.6,+20.6,FB	+2.86,+234.0,+19.9,AB	
1700040543.8031175	+6.68,+8.0,+21.4,NB	+6.66,+14.1,+21.5,MA	+2.92,+230.5,+21.5,BB	+2.73,+241.5,+19.9,LB	+2.39,+261.7,+20.7,FB	+2.86,+233.9,+19.9,OB	
1700040605.8130753	+6.68,+8.2,+21.4,LB	+6.66,+14.0,+21.5,LA	+2.92,+230.5,+21.5,BB	+2.73,+241.5,+19.9,LB	+2.39,+261.6,+20.6,FB	+2.86,+234.0,+19.9,AB	
1700040667.820981	+6.68,+8.2,+21.4,LB	+6.66,+14.1,+21.5,MA	+2.93,+230.4,+21.5,BB	+2.74,+241.4,+19.9,JB	+2.40,+261.2,+20.7,MB	+2.86,+234.0,+19.9,AB	
1700040729.8321795	+6.68,+8.3,+21.4,MB	+6.66,+14.2,+21.5,NA	+2.92,+230.5,+21.5,BB	+2.73,+241.5,+19.9,LB	+2.42,+260.1,+20.6,LB	+2.86,+234.0,+19.9,AB	
1700040975.4142666	+6.68,+8.5,+21.4,KB	+6.66,+14.0,+21.5,LA	+2.93,+230.4,+21.5,BB	+2.73,+241.5,+19.9,LB	+2.42,+259.9,+20.7,OB	+2.87,+233.7,+19.9,@B	
1700041037.4244003	+6.68,+8.5,+21.4,KB	+6.66,+14.0,+21.5,LA	+2.92,+230.5,+21.5,BB	+2.73,+241.6,+19.9,OB	+2.41,+260.4,+20.7,KB	+2.86,+234.0,+19.8,@B	
1700041099.4335325	+6.68,+8.5,+21.4,KB	+6.66,+14.0,+21.5,LA	+2.92,+230.5,+21.4,CB	+2.73,+241.5,+19.9,LB	+2.41,+260.6,+20.6,HB	+2.86,+234.0,+19.9,AB	
1700041161.4402628	+6.68,+8.4,+21.4,JB	+6.66,+14.0,+21.5,LA	+2.92,+230.5,+21.5,BB	+2.73,+241.5,+19.9,LB	+2.40,+261.0,+20.7,OB	+2.86,+233.9,+19.9,OB	
1700041223.4505696	+6.68,+8.4,+21.4,JB	+6.66,+13.9,+21.5,BA	+2.93,+230.4,+21.5,BB	+2.74,+241.4,+19.9,JB	+2.40,+261.3,+20.7,LB	+2.86,+234.0,+19.9,AB	
1700041285.46231	+6.68,+8.4,+21.4,JB	+6.67,+13.9,+21.5,CA	+2.92,+230.5,+21.5,BB	+2.74,+241.4,+19.9,JB	+2.41,+260.5,+20.7,JB	+2.86,+234.0,+19.9,AB	
1700041347.4713457	+6.68,+8.4,+21.4,JB	+6.67,+13.9,+21.5,CA	+2.92,+230.4,+21.5,CB	+2.74,+241.4,+19.9,JB	+2.41,+260.6,+20.7,IB	+2.87,+233.9,+19.9,NB	
1700041409.4804726	+6.68,+8.4,+21.4,JB	+6.67,+13.9,+21.5,CA	+2.92,+230.5,+21.5,BB	+2.74,+241.3,+19.9,MB	+2.40,+261.0,+20.6,NB	+2.86,+234.0,+19.9,AB	
1700041471.48889	+6.68,+8.4,+21.4,JB	+6.66,+13.9,+21.5,BA	+2.93,+230.4,+21.5,BB	+2.74,+241.3,+19.9,MB	+2.41,+260.8,+20.6,FB	+2.86,+234.0,+19.9,AB	
1700041533.4989302	+6.68,+8.4,+21.4,JB	+6.66,+13.9,+21.5,BA	+2.93,+230.4,+21.5,BB	+2.73,+241.5,+19.9,LB	+2.40,+261.3,+20.7,LB	+2.87,+234.0,+19.9,@B	
1700041595.506919	+6.68,+8.4,+21.4,JB	+6.66,+13.9,+21.5,BA	+2.92,+230.5,+21.5,BB	+2.74,+241.4,+19.9,JB	+2.39,+261.5,+20.7,DB	+2.87,+233.9,+19.9,NB	
1700041657.517522	+6.68,+8.4,+21.4,JB	+6.66,+13.9,+21.5,BA	+2.92,+230.5,+21.5,BB	+2.74,+241.2,+19.9,LB	+2.40,+261.2,+20.7,MB	+2.87,+233.9,+19.9,NB	
1700041719.5274074	+6.68,+8.5,+21.4,KB	+6.67,+13.9,+21.5,CA	+2.92,+230.5,+21.5,BB	+2.74,+241.2,+19.9,LB	+2.41,+260.5,+20.7,JB	+2.87,+233.9,+19.9,NB	
1700041781.5353734	+6.68,+8.5,+21.4,KB	+6.66,+13.9,+21.5,BA	+2.92,+230.5,+21.5,BB	+2.74,+241.4,+19.9,JB	+2.41,+260.7,+20.7,HB	+2.86,+234.0,+19.9,AB	
1700041843.5427325	+6.68,+8.4,+21.4,JB	+6.67,+13.9,+21.5,CA	+2.93,+230.4,+21.5,BB	+2.74,+241.4,+19.9,JB	+2.39,+261.5,+20.7,DB	+2.86,+234.0,+19.9,AB	
1700041905.550191	+6.68,+8.4,+21.4,JB	+6.67,+13.8,+21.5,BA	+2.92,+230.5,+21.5,BB	+2.73,+241.6,+19.9,OB	+2.40,+260.9,+20.7,GB	+2.86,+234.0,+19.9,AB	
1700041967.5598123	+6.68,+8.4,+21.4,JB	+6.67,+13.8,+21.5,BA	+2.92,+230.5,+21.5,BB	+2.73,+241.5,+19.9,LB	+2.40,+261.2,+20.7,MB	+2.86,+234.0,+19.9,AB	
1700042029.5664587	+6.68,+8.4,+21.4,JB	+6.67,+13.7,+21.5,MA	+2.93,+230.4,+21.5,BB	+2.73,+241.5,+19.9,LB	+2.38,+262.1,+20.7,BB	+2.86,+234.0,+19.9,AB	
1700042091.576788	+6.68,+8.3,+21.4,MB	+6.67,+13.7,+21.5,MA	+2.92,+230.5,+21.5,BB	+2.73,+241.5,+19.9,LB	+2.38,+262.4,+20.7,GB	+2.86,+234.0,+19.9,AB	
1700042153.5860093	+6.68,+8.3,+21.4,MB	+6.67,+13.7,+21.5,MA	+2.92,+230.5,+21.5,BB	+2.73,+241.6,+19.9,OB	+2.38,+262.3,+20.7,@B	+2.86,+234.0,+19.9,AB	
1700042215.5962942	+6.68,+8.2,+21.4,LB	+6.67,+13.6,+21.5,LA	+2.92,+230.5,+21.5,BB	+2.73,+241.6,+19.9,OB	+2.37,+262.7,+20.7,KB	+2.86,+234.0,+19.9,AB	
1700042277.607382	+6.68,+8.2,+21.4,LB	+6.67,+13.5,+21.5,OA	+2.92,+230.5,+21.5,BB	+2.73,+241.6,+19.9,OB	+2.37,+262.8,+20.7,DB	+2.86,+234.0,+19.9,AB	
1700042339.617127	+6.68,+8.2,+21.4,LB	+6.67,+13.6,+21.5,LA	+2.93,+230.4,+21.5,BB	+2.74,+241.4,+19.9,JB	+2.37,+262.9,+20.7,EB	+2.86,+234.0,+19.9,AB	
1700042401.625185	+6.68,+8.2,+21.4,LB	+6.67,+13.6,+21.5,LA	+2.93,+230.4,+21.5,BB	+2.73,+241.5,+19.9,LB	+2.37,+263.1,+20.7,LB	+2.86,+234.0,+19.9,AB	
1700042463.631493	+6.68,+8.1,+21.4,OB	+6.67,+13.6,+21.5,LA	+2.92,+230.5,+21.5,BB	+2.73,+241.6,+19.9,OB	+2.37,+262.9,+20.7,EB	+2.86,+234.0,+19.9,AB	
1700042525.640662	+6.68,+8.1,+21.4,OB	+6.67,+13.6,+21.5,LA	+2.92,+230.5,+21.5,BB	+2.73,+241.6,+19.9,OB	+2.37,+263.1,+20.7,LB	+2.86,+234.0,+19.9,AB	
1700042587.6509538	+6.68,+8.2,+21.4,LB	+6.67,+13.6,+21.5,LA	+2.92,+230.5,+21.5,BB	+2.74,+241.4,+19.9,JB	+2.36,+263.5,+20.7,IB	+2.87,+233.9,+19.9,NB	
1700042649.6598248	+6.68,+8.1,+21.4,OB	+6.67,+13.6,+21.5,LA	+2.92,+230.5,+21.5,BB	+2.73,+241.6,+19.9,OB	+2.36,+263.7,+20.7,KB	+2.86,+234.0,+19.9,AB	
1700042711.6712654	+6.68,+8.1,+21.4,OB	+6.67,+13.6,+21.5,LA	+2.92,+230.5,+21.5,BB	+2.73,+241.7,+19.9,NB	+2.37,+262.7,+20.7,KB	+2.86,+234.0,+19.9,AB	
1700042773.6819696	+6.68,+8.0,+21.4,NB	+6.67,+13.6,+21.5,LA	+2.92,+230.5,+21.5,BB	+2.73,+241.6,+19.9,OB	+2.37,+262.7,+20.7,KB	+2.86,+234.0,+19.9,AB	
1700042835.6908941	+6.68,+8.1,+21.4,OB	+6.67,+13.6,+21.5,LA	+2.92,+230.5,+21.5,BB	+2.73,+241.6,+19.9,OB	+2.37,+262.7,+20.7,KB	+2.86,+234.0,+19.9,AB	
1700042897.69853	+6.68,+8.1,+21.4,OB	+6.67,+13.6,+21.5,LA	+2.92,+230.5,+21.5,BB	+2.73,+241.6,+19.9,OB	+2.37,+262.9,+20.7,EB	+2.86,+234.0,+19.9,AB	
1700042959.709455	+6.68,+8.0,+21.4,NB	+6.67,+13.7,+21.5,MA	+2.92,+230.5,+21.5,BB	+2.74,+241.2,+19.9,LB	+2.37,+262.8,+20.7,DB	+2.86,+234.0,+19.9,AB	
1700043021.7197006	+6.68,+8.1,+21.5,NB	+6.67,+13.6,+21.5,LA	+2.92,+230.5,+21.5,BB	+2.74,+241.0,+19.9,NB	+2.38,+262.4,+20.7,GB	+2.86,+234.0,+19.9,AB	
1700043083.7292092	+6.68,+8.1,+21.4,OB	+6.67,+13.7,+21.5,MA	+2.93,+230.5,+21.5,CB	+2.75,+240.9,+19.9,GB	+2.37,+262.7,+20.7,KB	+2.86,+234.0,+19.9,AB	
1700043145.7390387	+6.68,+8.1,+21.4,OB	+6.67,+13.6,+21.5,LA	+2.92,+230.5,+21.5,BB	+2.74,+240.9,+19.9,FB	+2.37,+262.6,+20.7,JB	+2.86,+234.0,+19.9,AB	
1700043207.7490578	+6.68,+8.1,+21.4,OB	+6.67,+13.6,+21.5,LA	+2.92,+230.5,+21.5,BB	+2.75,+240.8,+19.9,FB	+2.38,+262.2,+20.7,AB	+2.86,+234.0,+19.9,AB	
1700043269.7581418	+6.68,+8.1,+21.4,OB	+6.67,+13.6,+21.5,LA	+2.92,+230.5,+21.5,BB	+2.74,+240.9,+19.9,FB	+2.39,+261.9,+20.7,HB	+2.86,+234.0,+19.9,AB	
1700043331.7679348	+6.68,+8.0,+21.4,NB	+6.67,+13.5,+21.5,OA	+2.92,+230.5,+21.5,BB	+2.74,+241.0,+19.9,NB	+2.38,+262.5,+20.7,FB	+2.86,+234.0,+19.9,AB	
1700043393.7784257	+6.68,+8.0,+21.4,NB	+6.67,+13.5,+21.5,OA	+2.92,+230.5,+21.5,BB	+2.74,+240.9,+19.9,FB	+2.37,+262.8,+20.7,DB	+2.86,+234.0,+19.9,AB	
1700043455.7891157	+6.68,+8.0,+21.4,NB	+6.67,+13.4,+21.5,NA	+2.92,+230.5,+21.5,BB	+2.74,+240.9,+19.9,FB	+2.37,+262.8,+20.7,DB	+2.86,+234.0,+19.9,AB	
1700043517.8005543	+6.68,+8.1,+21.4,OB	+6.67,+13.4,+21.5,NA	+2.92,+230.5,+21.5,BB	+2.75,+240.8,+19.9,FB	+2.37,+262.8,+20.7,DB	+2.86,+234.0,+19.9,AB	
1700043579.8109481	+6.68,+8.1,+21.4,OB	+6.67,+13.5,+21.5,OA	+2.92,+230.5,+21.5,BB	+2.75,+240.7,+19.9,IB	+2.37,+262.8,+20.7,DB	+2.86,+234.0,+19.9,AB	
1700043641.8188438	+6.68,+8.0,+21.4,NB	+6.67,+13.4,+21.5,NA	+2.92,+230.5,+21.5,BB	+2.75,+240.7,+19.9,IB	+2.39,+261.9,+20.7,HB	+2.86,+234.1,+19.9,@B	
1700043703.8294692	+6.69,+8.0,+21.4,OB	+6.67,+13.5,+21.5,OA	+2.92,+230.5,+21.5,BB	+2.75,+240.8,+19.9,FB	+2.40,+260.9,+20.7,GB	+2.86,+234.0,+19.9,AB	
1700043765.8393095	+6.68,+8.0,+21.4,NB	+6.67,+13.5,+21.5,OA	+2.92,+230.4,+21.5,CB	+2.75,+240.8,+19.9,FB	+2.41,+260.8,+20.7,GB	+2.86,+234.0,+19.9,AB	
1700043827.8499093	+6.68,+8.0,+21.4,NB	+6.67,+13.5,+21.5,OA	+2.92,+230.5,+21.5,BB	+2.75,+240.9,+19.9,GB	+2.40,+261.1,+20.7,NB	+2.86,+234.0,+19.9,AB	
1700043889.8605716	+6.68,+8.1,+21.4,OB	+6.67,+13.5,+21.5,OA	+2.92,+230.5,+21.5,BB	+2.74,+240.9,+19.9,FB	+2.40,+261.4,+20.7,KB	+2.86,+234.0,+19.9,AB	
1700043951.8703494	+6.68,+8.2,+21.5,MB	+6.67,+13.6,+21.5,LA	+2.92,+230.5,+21.5,BB	+2.75,+240.7,+19.9,IB	+2.40,+261.1,+20.7,NB	+2.86,+234.0,+19.9,AB	
1700044013.8797462	+6.68,+8.3,+21.4,MB	+6.67,+13.5,+21.5,OA	+2.92,+230.5,+21.5,BB	+2.75,+240.7,+19.9,IB	+2.40,+261.4,+20.7,KB	+2.86,+234.0,+19.9,AB	
1700044075.887834	+6.68,+8.4,+21.5,KB	+6.67,+13.5,+21.5,OA	+2.92,+230.5,+21.5,BB	+2.75,+240.5,+19.9,KB	+2.38,+262.0,+20.7,CB	+2.87,+234.0,+19.9,@B	
1700044137.8998346	+6.68,+8.3,+21.4,MB	+6.67,+13.5,+21.5,OA	+2.92,+230.5,+21.5,BB	+2.75,+240.6,+19.9,HB	+2.37,+262.7,+20.7,KB	+2.87,+234.0,+19.9,@B	
1700044199.9100945	+6.68,+8.4,+21.4,JB	+6.67,+13.5,+21.5,OA	+2.92,+230.5,+21.5,BB	+2.76,+240.2,+19.9,OB	+2.37,+263.1,+20.7,LB	+2.86,+234.1,+19.9,@B	
1700044261.920636	+6.67,+8.5,+21.4,DB	+6.67,+13.6,+21.5,LA	+2.92,+230.5,+21.5,BB	+2.76,+240.1,+19.9,LB	+2.36,+263.5,+20.7,IB	+2.86,+234.0,+19.9,AB	
1700044323.9314075	+6.67,+8.5,+21.5,EB	+6.67,+13.5,+21.5,OA	+2.92,+230.5,+21.5,BB	+2.76,+240.1,+19.9,LB	+2.36,+263.3,+20.7,OB	+2.86,+234.0,+19.9,AB	
1700044385.9393957	+6.67,+8.5,+21.4,DB	+6.67,+13.5,+21.5,OA	+2.92,+230.5,+21.5,BB	+2.76,+240.0,+19.9,MB	+2.36,+263.2,+20.7,NB	+2.86,+234.0,+19.9,AB	
1700044447.9502552	+6.68,+8.5,+21.4,KB	+6.67,+13.5,+21.5,OA	+2.93,+230.4,+21.5,BB	+2.76,+240.0,+19.9,MB	+2.36,+263.3,+20.7,OB	+2.86,+234.0,+19.9,AB	
1700044509.9582667	+6.68,+8.5,+21.5,JB	+6.67,+13.4,+21.5,NA	+2.92,+230.5,+21.5,BB	+2.76,+240.1,+19.9,LB	+2.37,+263.1,+20.7,LB	+2.86,+234.0,+19.9,AB	
1700044571.970001	+6.68,+8.5,+21.4,KB	+6.67,+13.5,+21.5,OA	+2.92,+230.5,+21.5,BB	+2.76,+240.1,+19.9,LB	+2.38,+262.4,+20.7,GB	+2.86,+234.0,+19.9,AB	
1700044817.5501373	+6.68,+8.4,+21.4,JB	+6.67,+13.4,+21.5,NA	+2.92,+230.5,+21.5,BB	+2.76,+240.3,+19.9,NB	+2.40,+261.2,+20.7,MB	+2.87,+233.8,+19.9,OB	
1700044879.5600605	+6.68,+8.4,+21.4,JB	+6.67,+13.4,+21.5,NA	+2.92,+230.5,+21.5,BB	+2.75,+240.5,+19.9,KB	+2.40,+261.0,+20.7,OB	+2.86,+234.0,+19.9,AB	
1700044941.5702355	+6.68,+8.4,+21.5,KB	+6.67,+13.5,+21.5,OA	+2.92,+230.6,+21.5,AB	+2.75,+240.5,+19.9,KB	+2.41,+260.7,+20.7,HB	+2.86,+234.0,+19.9,AB	
1700045003.5745728	+6.68,+8.5,+21.4,KB	+6.67,+13.5,+21.5,OA	+2.92,+230.5,+21.5,BB	+2.75,+240.5,+19.9,KB	+2.40,+261.0,+20.7,OB	+2.87,+233.9,+19.9,NB	
1700045065.5856018	+6.68,+8.5,+21.5,JB	+6.67,+13.5,+21.5,OA	+2.92,+230.5,+21.5,BB	+2.75,+240.4,+19.9,JB	+2.40,+261.1,+20.7,NB	+2.86,+234.0,+19.9,AB	
1700045127.5951595	+6.68,+8.5,+21.4,KB	+6.67,+13.5,+21.5,OA	+2.92,+230.5,+21.5,BB	+2.75,+240.4,+19.9,JB	+2.40,+261.1,+20.7,NB	+2.86,+234.0,+19.9,AB	
1700045189.604639	+6.68,+8.5,+21.4,KB	+6.67,+13.5,+21.5,OA	+2.93,+230.5,+21.5,CB	+2.75,+240.4,+19.9,JB	+2.41,+260.7,+20.7,HB	+2.86,+234.0,+19.9,AB	
1700045251.6155093	+6.68,+8.4,+21.5,KB	+6.67,+13.5,+21.5,OA	+2.92,+230.6,+21.5,AB	+2.75,+240.5,+19.9,KB	+2.40,+261.3,+20.7,LB	+2.86,+234.0,+19.9,AB	
1700045313.6291919	+6.68,+8.4,+21.5,KB	+6.67,+13.5,+21.5,OA	+2.92,+230.6,+21.5,AB	+2.75,+240.6,+19.9,HB	+2.41,+260.3,+20.7,LB	+2.86,+234.0,+19.9,AB	
1700045375.6389778	+6.68,+8.5,+21.5,JB	+6.67,+13.5,+21.5,OA	+2.92,+230.6,+21.5,AB	+2.75,+240.7,+19.9,IB	+2.43,+259.2,+20.7,EB	+2.86,+234.0,+19.9,AB	
1700045437.6486106	+6.68,+8.5,+21.5,JB	+6.67,+13.4,+21.5,NA	+2.92,+230.6,+21.5,AB	+2.74,+240.9,+19.9,FB	+2.43,+259.4,+20.7,CB	+2.86,+234.0,+19.9,AB	
1700045499.6595244	+6.68,+8.4,+21.4,JB	+6.67,+13.4,+21.5,NA	+2.92,+230.5,+21.5,BB	+2.74,+240.9,+19.9,FB	+2.43,+259.6,+20.7,AB	+2.86,+234.0,+19.9,AB	
1700045561.6666474	+6.68,+8.4,+21.5,KB	+6.68,+13.3,+21.5,FA	+2.92,+230.5,+21.5,BB	+2.74,+240.9,+19.9,FB	+2.42,+260.0,+20.7,LB	+2.86,+234.1,+19.9,@B	
1700045623.6744127	+6.68,+8.4,+21.5,KB	+6.68,+13.3,+21.5,FA	+2.92,+230.5,+21.5,BB	+2.74,+241.0,+19.9,NB	+2.42,+260.0,+20.7,LB	+2.86,+234.1,+19.9,@B	
1700045685.6861923	+6.68,+8.3,+21.5,LB	+6.68,+13.3,+21.5,FA	+2.92,+230.5,+21.5,BB	+2.74,+241.1,+19.9,OB	+2.42,+259.8,+20.7,NB	+2.86,+234.1,+19.9,@B	
1700045747.6939197	+6.68,+8.3,+21.4,MB	+6.67,+13.3,+21.5,IA	+2.92,+230.6,+21.5,AB	+2.74,+241.2,+19.9,LB	+2.44,+259.0,+20.7,@B	+2.86,+234.0,+19.9,AB	
1700045809.702284	+6.68,+8.2,+21.4,LB	+6.68,+13.3,+21.5,FA	+2.92,+230.6,+21.5,AB	+2.74,+241.3,+19.9,MB	+2.43,+259.4,+20.7,CB	+2.86,+234.1,+19.9,@B	
1700045871.7116678	+6.68,+8.2,+21.5,MB	+6.68,+13.3,+21.5,FA	+2.92,+230.5,+21.5,BB	+2.74,+241.3,+19.9,MB	+2.42,+259.8,+20.7,NB	+2.86,+234.1,+19.9,@B	
1700045933.7208133	+6.68,+8.1,+21.5,NB	+6.68,+13.3,+21.5,FA	+2.92,+230.5,+21.5,BB	+2.74,+241.3,+19.9,MB	+2.41,+260.5,+20.7,JB	+2.86,+234.1,+19.9,@B	
1700045995.7289886	+6.68,+8.1,+21.4,OB	+6.68,+13.2,+21.5,GA	+2.92,+230.6,+21.5,AB	+2.73,+241.5,+19.9,LB	+2.41,+260.7,+20.7,HB	+2.86,+234.1,+19.9,@B	
1700046057.7377818	+6.68,+8.1,+21.4,OB	+6.68,+13.2,+21.5,GA	+2.92,+230.5,+21.5,BB	+2.73,+241.6,+19.9,OB	+2.40,+261.0,+20.7,OB	+2.86,+234.1,+19.9,@B	
1700046119.7478557	+6.68,+8.1,+21.5,NB	+6.68,+13.2,+21.5,GA	+2.92,+230.5,+21.5,BB	+2.73,+241.5,+19.9,LB	+2.40,+261.2,+20.7,MB	+2.86,+234.1,+19.9,@B	
1700046181.7558255	+6.68,+8.0,+21.4,NB	+6.68,+13.2,+21.5,GA	+2.92,+230.6,+21.5,AB	+2.73,+241.6,+19.9,OB	+2.39,+261.7,+20.7,FB	+2.86,+234.1,+19.9,@B	
1700046243.763272	+6.68,+8.0,+21.5,OB	+6.68,+13.2,+21.5,GA	+2.92,+230.6,+21.5,AB	+2.73,+241.7,+19.9,NB	+2.40,+261.4,+20.7,KB	+2.86,+234.1,+19.9,@B	
1700046305.7735689	+6.68,+8.0,+21.5,OB	+6.68,+13.2,+21.5,GA	+2.92,+230.5,+21.5,BB	+2.73,+241.8,+19.9,AB	+2.40,+261.3,+20.7,LB	+2.86,+234.0,+19.9,AB	
1700046367.78353	+6.68,+8.0,+21.5,OB	+6.68,+13.2,+21.5,GA	+2.92,+230.6,+21.5,AB	+2.73,+241.7,+19.9,NB	+2.39,+261.5,+20.7,DB	+2.86,+234.0,+19.9,AB	
1700046429.7930865	+6.68,+8.0,+21.5,OB	+6.68,+13.1,+21.5,DA	+2.92,+230.5,+21.5,BB	+2.73,+241.9,+19.9,@B	+2.39,+261.7,+20.7,FB	+2.86,+234.1,+19.9,@B	
1700046491.8020375	+6.68,+8.1,+21.5,NB	+6.68,+13.2,+21.5,GA	+2.92,+230.5,+21.5,BB	+2.73,+241.9,+19.9,@B	+2.40,+261.4,+20.7,KB	+2.86,+234.1,+19.9,@B	
1700046553.81167	+6.68,+8.0,+21.5,OB	+6.68,+13.2,+21.5,GA	+2.92,+230.5,+21.5,BB	+2.72,+242.0,+19.9,KB	+2.39,+261.5,+20.7,DB	+2.86,+234.1,+19.9,@B	
1700046615.8223786	+6.68,+8.0,+21.5,OB	+6.68,+13.2,+21.5,GA	+2.92,+230.5,+21.5,BB	+2.73,+242.0,+19.9,JB	+2.40,+261.3,+20.7,LB	+2.86,+234.0,+19.9,AB	
1700046677.8305302	+6.68,+8.1,+21.5,NB	+6.68,+13.2,+21.5,GA	+2.92,+230.6,+21.5,AB	+2.72,+242.1,+19.9,JB	+2.38,+262.1,+20.7,BB	+2.86,+234.0,+19.9,AB	
1700046739.8408108	+6.68,+8.0,+21.4,NB	+6.68,+13.1,+21.5,DA	+2.92,+230.6,+21.5,AB	+2.72,+242.2,+19.9,IB	+2.37,+263.0,+20.7,MB	+2.86,+234.1,+19.9,@B	
1700046801.8506503	+6.68,+8.0,+21.4,NB	+6.68,+13.0,+21.5,EA	+2.92,+230.5,+21.5,BB	+2.72,+242.2,+19.9,IB	+2.36,+263.4,+20.7,HB	+2.86,+234.1,+19.9,@B	
1700046863.8586068	+6.68,+8.0,+21.4,NB	+6.68,+13.0,+21.5,EA	+2.92,+230.5,+21.5,BB	+2.72,+242.2,+19.9,IB	+2.37,+263.0,+20.7,MB	+2.86,+234.1,+19.9,@B	
1700046925.865134	+6.69,+7.9,+21.4,IB	+6.68,+12.9,+21.5,MA	+2.92,+230.5,+21.5,BB	+2.72,+242.2,+19.9,IB	+2.37,+262.7,+20.7,KB	+2.86,+234.1,+19.9,@B	
1700046987.8747761	+6.69,+7.8,+21.5,IB	+6.68,+12.8,+21.5,LA	+2.92,+230.6,+21.5,AB	+2.72,+242.3,+19.9,HB	+2.37,+262.7,+20.7,KB	+2.86,+234.1,+19.9,@B	
1700047049.8858228	+6.69,+7.8,+21.5,IB	+6.68,+12.8,+21.5,LA	+2.92,+230.5,+21.5,BB	+2.72,+242.2,+19.9,IB	+2.37,+262.7,+20.7,KB	+2.86,+234.1,+19.9,@B	
1700047111.8943448	+6.69,+7.7,+21.4,GB	+6.68,+12.8,+21.5,LA	+2.92,+230.6,+21.5,AB	+2.72,+242.1,+19.9,JB	+2.38,+262.2,+20.7,AB	+2.86,+234.1,+19.9,@B	
1700047173.9021895	+6.69,+7.7,+21.5,FB	+6.68,+12.8,+21.5,LA	+2.92,+230.5,+21.5,BB	+2.73,+241.9,+19.9,@B	+2.39,+261.8,+20.7,IB	+2.86,+234.1,+19.9,@B	
1700047235.9107456	+6.69,+7.7,+21.4,GB	+6.68,+12.8,+21.5,LA	+2.92,+230.5,+21.5,BB	+2.73,+241.7,+19.9,NB	+2.38,+262.3,+20.7,@B	+2.86,+234.1,+19.9,@B	
1700047297.9213839	+6.69,+7.6,+21.5,GB	+6.68,+12.8,+21.5,LA	+2.93,+230.5,+21.5,CB	+2.73,+241.8,+19.9,AB	+2.42,+260.2,+20.7,NB	+2.86,+234.1,+19.9,@B	
1700047359.9274561	+6.69,+7.5,+21.5,DB	+6.68,+12.9,+21.5,MA	+2.92,+230.6,+21.5,AB	+2.73,+241.9,+19.9,@B	+2.42,+260.0,+20.7,LB	+2.86,+234.0,+19.9,AB	
1700047421.9345846	+6.69,+7.6,+21.5,GB	+6.68,+12.8,+21.5,LA	+2.92,+230.6,+21.5,AB	+2.73,+241.8,+19.9,AB	+2.42,+259.8,+20.7,NB	+2.86,+234.0,+19.9,AB	
1700047483.9436486	+6.69,+7.6,+21.4,FB	+6.68,+12.9,+21.5,MA	+2.92,+230.5,+21.5,BB	+2.73,+242.0,+19.9,JB	+2.42,+259.9,+20.7,OB	+2.86,+234.1,+19.9,@B	
1700047545.9541976	+6.69,+7.5,+21.5,DB	+6.68,+12.9,+21.5,MA	+2.92,+230.6,+21.5,AB	+2.73,+242.0,+19.9,JB	+2.43,+259.6,+20.7,AB	+2.86,+234.1,+19.9,@B	
1700047607.9635465	+6.69,+7.4,+21.4,DB	+6.68,+12.8,+21.5,LA	+2.92,+230.5,+21.5,BB	+2.73,+241.7,+19.9,NB	+2.42,+260.0,+20.7,LB	+2.86,+234.1,+19.9,@B	
1700047669.9715054	+6.69,+7.6,+21.4,FB	+6.68,+12.9,+21.5,MA	+2.92,+230.5,+21.5,BB	+2.73,+241.6,+19.9,OB	+2.43,+259.6,+20.7,AB	+2.86,+234.1,+19.9,@B	
1700047731.9818227	+6.69,+7.6,+21.5,GB	+6.68,+12.9,+21.5,MA	+2.92,+230.6,+21.5,AB	+2.73,+241.6,+19.9,OB	+2.42,+259.8,+20.7,NB	+2.86,+234.1,+19.9,@B	
1700047793.9905593	+6.69,+7.7,+21.4,GB	+6.68,+12.9,+21.5,MA	+2.92,+230.5,+21.5,BB	+2.73,+241.7,+19.9,NB	+2.42,+259.9,+20.7,OB	+2.86,+234.1,+19.9,@B	
1700047856.000728	+6.69,+7.7,+21.4,GB	+6.68,+12.9,+21.5,MA	+2.92,+230.5,+21.5,BB	+2.73,+241.9,+19.9,@B	+2.41,+260.5,+20.7,JB	+2.86,+234.1,+19.9,@B	
1700047918.0091102	+6.69,+7.8,+21.4,HB	+6.68,+12.9,+21.5,MA	+2.92,+230.6,+21.5,AB	+2.72,+242.1,+19.9,JB	+2.41,+260.6,+20.7,IB	+2.86,+234.0,+19.9,AB	
1700047980.0183117	+6.69,+7.9,+21.4,IB	+6.68,+12.9,+21.5,MA	+2.92,+230.5,+21.5,BB	+2.72,+242.2,+19.9,IB	+2.41,+260.8,+20.7,GB	+2.86,+234.1,+19.9,@B	
1700048042.0277348	+6.69,+7.8,+21.4,HB	+6.68,+12.9,+21.5,MA	+2.92,+230.5,+21.5,BB	+2.72,+242.2,+19.9,IB	+2.42,+260.2,+20.6,OB	+2.86,+234.1,+19.9,@B	
1700048104.0360093	+6.69,+7.9,+21.4,IB	+6.68,+12.9,+21.5,MA	+2.92,+230.5,+21.5,BB	+2.72,+242.2,+19.9,IB	+2.42,+260.1,+20.7,MB	+2.86,+234.1,+19.9,@B	
1700048166.044971	+6.69,+7.9,+21.4,IB	+6.68,+12.9,+21.5,MA	+2.92,+230.5,+21.5,BB	+2.72,+242.3,+19.9,HB	+2.44,+259.1,+20.7,AB	+2.86,+234.2,+19.9,CB	
1700048228.0542994	+6.69,+7.9,+21.4,IB	+6.68,+12.8,+21.5,LA	+2.92,+230.5,+21.5,BB	+2.72,+242.2,+19.9,IB	+2.45,+258.4,+20.7,DB	+2.86,+234.1,+19.9,@B	
1700048290.0642424	+6.69,+7.8,+21.4,HB	+6.68,+12.8,+21.5,LA	+2.92,+230.5,+21.5,BB	+2.72,+242.3,+19.9,HB	+2.44,+258.8,+20.7,IB	+2.86,+234.1,+19.9,@B	
1700048352.0738332	+6.69,+7.8,+21.4,HB	+6.68,+12.9,+21.5,MA	+2.92,+230.6,+21.5,AB	+2.72,+242.2,+19.9,IB	+2.43,+259.2,+20.7,EB	+2.86,+234.1,+19.9,@B	
1700048414.0835245	+6.69,+7.9,+21.4,IB	+6.68,+12.8,+21.5,LA	+2.92,+230.6,+21.5,AB	+2.72,+242.2,+19.9,IB	+2.43,+259.2,+20.7,EB	+2.86,+234.1,+19.9,@B	
1700048659.6567576	+6.69,+7.8,+21.5,IB	+6.68,+13.0,+21.5,EA	+2.92,+230.5,+21.5,BB	+2.73,+242.0,+19.9,JB	+2.43,+259.5,+20.7,BB	+2.87,+233.9,+19.9,NB	
1700048721.6657872	+6.69,+7.8,+21.4,HB	+6.68,+12.9,+21.5,MA	+2.92,+230.5,+21.5,BB	+2.73,+241.9,+19.9,@B	+2.42,+260.0,+20.7,LB	+2.86,+234.0,+19.9,AB	
1700048783.6748586	+6.69,+7.8,+21.4,HB	+6.68,+12.9,+21.5,MA	+2.92,+230.5,+21.5,BB	+2.73,+241.6,+19.9,OB	+2.42,+259.9,+20.7,OB	+2.86,+234.0,+19.9,AB	
1700048845.6845508	+6.69,+7.9,+21.4,IB	+6.68,+13.0,+21.5,EA	+2.92,+230.5,+21.5,BB	+2.73,+241.6,+19.9,OB	+2.42,+260.2,+20.7,NB	+2.86,+234.1,+19.9,@B	
1700048907.6938426	+6.69,+7.9,+21.4,IB	+6.68,+13.0,+21.5,EA	+2.92,+230.5,+21.5,BB	+2.73,+241.5,+19.9,LB	+2.41,+260.7,+20.7,HB	+2.86,+234.1,+19.9,@B	
1700048969.702562	+6.69,+7.9,+21.4,IB	+6.68,+13.0,+21.5,EA	+2.92,+230.6,+21.5,AB	+2.74,+241.4,+19.9,JB	+2.40,+261.1,+20.7,NB	+2.86,+234.1,+19.9,@B	
1700049031.7101183	+6.69,+7.9,+21.4,IB	+6.68,+13.0,+21.5,EA	+2.92,+230.6,+21.5,AB	+2.74,+241.3,+19.9,MB	+2.39,+261.5,+20.7,DB	+2.86,+234.1,+19.9,@B	
1700049093.7197225	+6.69,+7.9,+21.4,IB	+6.68,+13.0,+21.5,EA	+2.92,+230.5,+21.5,BB	+2.74,+241.0,+19.9,NB	+2.39,+261.5,+20.7,DB	+2.86,+234.1,+19.9,@B	
1700049155.7278106	+6.69,+7.9,+21.4,IB	+6.68,+12.9,+21.5,MA	+2.92,+230.5,+21.5,BB	+2.74,+241.0,+19.9,NB	+2.39,+261.5,+20.7,DB	+2.86,+234.1,+19.9,@B	
1700049217.7377963	+6.69,+7.9,+21.4,IB	+6.68,+12.9,+21.5,MA	+2.92,+230.5,+21.5,BB	+2.74,+241.0,+19.9,NB	+2.39,+261.6,+20.7,GB	+2.86,+234.1,+19.9,@B	
1700049279.7486718	+6.69,+7.9,+21.4,IB	+6.68,+12.8,+21.5,LA	+2.92,+230.5,+21.5,BB	+2.74,+241.0,+19.9,NB	+2.39,+261.8,+20.7,IB	+2.86,+234.1,+19.9,@B	
1700049341.7556953	+6.69,+7.9,+21.4,IB	+6.68,+12.8,+21.5,LA	+2.92,+230.5,+21.5,BB	+2.75,+240.8,+19.9,FB	+2.38,+262.0,+20.7,CB	+2.86,+234.1,+19.9,@B	
1700049403.763372	+6.69,+7.8,+21.4,HB	+6.68,+12.8,+21.5,LA	+2.92,+230.6,+21.5,AB	+2.75,+240.8,+19.9,FB	+2.38,+262.3,+20.7,@B	+2.86,+234.1,+19.9,@B	
1700049465.7723238	+6.69,+7.8,+21.4,HB	+6.68,+12.8,+21.5,LA	+2.92,+230.6,+21.5,AB	+2.75,+240.8,+19.9,FB	+2.38,+262.5,+20.7,FB	+2.86,+234.1,+19.9,@B	
1700049527.7810884	+6.69,+7.8,+21.4,HB	+6.68,+12.8,+21.5,LA	+2.92,+230.5,+21.5,BB	+2.74,+240.9,+19.9,FB	+2.37,+262.7,+20.7,KB	+2.86,+234.1,+19.9,@B	
1700049589.7903228	+6.69,+7.8,+21.5,IB	+6.68,+12.8,+21.5,LA	+2.92,+230.5,+21.5,BB	+2.74,+240.9,+19.9,FB	+2.37,+263.0,+20.7,MB	+2.86,+234.1,+19.9,@B	
1700049651.7999012	+6.69,+7.8,+21.4,HB	+6.68,+12.9,+21.5,MA	+2.92,+230.5,+21.5,BB	+2.75,+240.8,+19.9,FB	+2.36,+263.4,+20.7,HB	+2.86,+234.1,+19.9,@B	
1700049713.808457	+6.69,+7.8,+21.4,HB	+6.68,+12.8,+21.5,LA	+2.92,+230.6,+21.5,AB	+2.75,+240.7,+19.9,IB	+2.36,+263.4,+20.7,HB	+2.86,+234.1,+19.9,@B	
1700049775.816033	+6.69,+7.8,+21.4,HB	+6.68,+12.8,+21.5,LA	+2.92,+230.5,+21.5,BB	+2.75,+240.8,+19.9,FB	+2.39,+261.5,+20.7,DB	+2.86,+234.1,+19.9,@B	
1700049837.827134	+6.69,+7.7,+21.4,GB	+6.68,+12.8,+21.5,LA	+2.92,+230.6,+21.5,AB	+2.75,+240.8,+19.9,FB	+2.40,+261.0,+20.7,OB	+2.86,+234.1,+19.9,@B	
1700049899.8362591	+6.69,+7.7,+21.4,GB	+6.68,+12.8,+21.5,LA	+2.92,+230.6,+21.5,AB	+2.74,+240.9,+19.9,FB	+2.41,+260.8,+20.7,GB	+2.86,+234.1,+19.9,@B	
1700049961.8461337	+6.69,+7.7,+21.4,GB	+6.68,+12.8,+21.5,LA	+2.92,+230.5,+21.5,BB	+2.75,+240.8,+19.9,FB	+2.41,+260.8,+20.7,GB	+2.86,+234.0,+19.9,AB	
1700050023.8561118	+6.69,+7.7,+21.4,GB	+6.68,+12.8,+21.5,LA	+2.92,+230.5,+21.5,BB	+2.75,+240.7,+19.9,IB	+2.40,+260.9,+20.7,GB	+2.86,+234.1,+19.9,@B	
1700050085.8644679	+6.69,+7.7,+21.4,GB	+6.68,+12.8,+21.5,LA	+2.92,+230.6,+21.5,AB	+2.75,+240.6,+19.9,HB	+2.41,+260.8,+20.6,FB	+2.86,+234.1,+19.9,@B	
1700050147.8742373	+6.69,+7.7,+21.4,GB	+6.69,+12.7,+21.5,BA	+2.92,+230.6,+21.5,AB	+2.75,+240.7,+19.9,IB	+2.41,+260.6,+20.7,IB	+2.86,+234.1,+19.9,@B	
1700050209.8843653	+6.69,+7.7,+21.4,GB	+6.68,+12.8,+21.5,LA	+2.92,+230.5,+21.5,BB	+2.75,+240.7,+19.9,IB	+2.41,+260.8,+20.7,GB	+2.86,+234.1,+19.9,@B	
1700050271.8940187	+6.69,+7.6,+21.4,FB	+6.68,+12.8,+21.5,LA	+2.92,+230.5,+21.5,BB	+2.75,+240.8,+19.9,FB	+2.40,+261.2,+20.7,MB	+2.86,+234.1,+19.8,AB	
1700050333.9034073	+6.69,+7.7,+21.4,GB	+6.68,+12.8,+21.5,LA	+2.92,+230.6,+21.5,AB	+2.75,+240.7,+19.9,IB	+2.40,+261.4,+20.7,KB	+2.86,+234.1,+19.9,@B	
1700050395.9142582	+6.69,+7.6,+21.4,FB	+6.68,+12.8,+21.5,LA	+2.92,+230.5,+21.5,BB	+2.75,+240.8,+19.9,FB	+2.39,+261.6,+20.7,GB	+2.86,+234.1,+19.9,@B	
1700050457.9252315	+6.69,+7.6,+21.4,FB	+6.68,+12.8,+21.5,LA	+2.92,+230.5,+21.5,BB	+2.74,+240.9,+19.9,FB	+2.40,+261.2,+20.7,MB	+2.86,+234.1,+19.9,@B	
1700050519.9323537	+6.69,+7.6,+21.4,FB	+6.68,+12.7,+21.5,CA	+2.92,+230.6,+21.5,AB	+2.74,+241.0,+19.9,NB	+2.40,+261.3,+20.7,LB	+2.86,+234.1,+19.9,@B	
1700050581.9431758	+6.69,+7.6,+21.4,FB	+6.68,+12.8,+21.5,LA	+2.92,+230.5,+21.4,CB	+2.74,+241.0,+19.9,NB	+2.39,+261.6,+20.7,GB	+2.86,+234.1,+19.9,@B	
1700050643.951542	+6.69,+7.6,+21.4,FB	+6.69,+12.7,+21.5,BA	+2.92,+230.5,+21.5,BB	+2.74,+241.0,+19.9,NB	+2.39,+261.5,+20.6,EB	+2.86,+234.1,+19.8,AB	
1700050705.9610848	+6.69,+7.6,+21.4,FB	+6.68,+12.8,+21.5,LA	+2.92,+230.5,+21.5,BB	+2.74,+241.1,+19.9,OB	+2.39,+261.7,+20.7,FB	+2.86,+234.0,+19.9,AB	
1700050767.971517	+6.69,+7.5,+21.4,EB	+6.68,+12.8,+21.5,LA	+2.92,+230.6,+21.5,AB	+2.74,+241.1,+19.9,OB	+2.39,+261.8,+20.6,HB	+2.86,+234.1,+19.8,AB	
1700050829.9828858	+6.69,+7.5,+21.4,EB	+6.68,+12.8,+21.5,LA	+2.92,+230.6,+21.5,AB	+2.74,+241.2,+19.9,LB	+2.39,+261.5,+20.7,DB	+2.86,+234.1,+19.9,@B	
1700050891.9936578	+6.69,+7.4,+21.4,DB	+6.68,+12.8,+21.5,LA	+2.92,+230.5,+21.5,BB	+2.74,+241.1,+19.9,OB	+2.42,+259.9,+20.7,OB	+2.86,+234.1,+19.8,AB	
1700050954.0015643	+6.69,+7.4,+21.4,DB	+6.68,+12.8,+21.5,LA	+2.92,+230.6,+21.5,AB	+2.74,+241.2,+19.9,LB	+2.42,+260.2,+20.6,OB	+2.86,+234.1,+19.8,AB	
1700051016.012043	+6.70,+7.3,+21.4,KB	+6.69,+12.7,+21.5,BA	+2.92,+230.6,+21.5,AB	+2.74,+241.3,+19.9,MB	+2.41,+260.6,+20.6,HB	+2.86,+234.2,+19.9,CB	
1700051078.0208688	+6.70,+7.3,+21.4,KB	+6.69,+12.7,+21.5,BA	+2.92,+230.6,+21.5,AB	+2.74,+241.3,+19.9,MB	+2.41,+260.4,+20.7,KB	+2.86,+234.1,+19.9,@B	
1700051140.0262353	+6.70,+7.3,+21.4,KB	+6.69,+12.7,+21.5,BA	+2.92,+230.6,+21.4,@B	+2.74,+241.3,+19.9,MB	+2.41,+260.3,+20.7,LB	+2.86,+234.1,+19.9,@B	
1700051202.0350153	+6.70,+7.3,+21.4,KB	+6.69,+12.7,+21.5,BA	+2.92,+230.6,+21.5,AB	+2.74,+241.4,+19.9,JB	+2.41,+260.5,+20.7,JB	+2.86,+234.1,+19.9,@B	
1700051264.044216	+6.70,+7.2,+21.4,JB	+6.69,+12.7,+21.5,BA	+2.92,+230.5,+21.5,BB	+2.73,+241.4,+19.8,LB	+2.40,+261.3,+20.7,LB	+2.86,+234.1,+19.8,AB	
1700051326.0542483	+6.70,+7.2,+21.4,JB	+6.69,+12.7,+21.5,BA	+2.92,+230.5,+21.5,BB	+2.73,+241.6,+19.9,OB	+2.40,+261.2,+20.7,MB	+2.86,+234.1,+19.9,@B	
1700051388.0632489	+6.70,+7.2,+21.4,JB	+6.69,+12.7,+21.5,BA	+2.92,+230.6,+21.4,@B	+2.73,+241.6,+19.9,OB	+2.40,+261.1,+20.7,NB	+2.86,+234.2,+19.9,CB	
1700051450.0723295	+6.70,+7.2,+21.4,JB	+6.69,+12.7,+21.5,BA	+2.92,+230.6,+21.5,AB	+2.73,+241.6,+19.9,OB	+2.39,+261.5,+20.7,DB	+2.86,+234.1,+19.8,AB	
1700051512.078327	+6.70,+7.2,+21.4,JB	+6.69,+12.7,+21.5,BA	+2.92,+230.6,+21.5,AB	+2.73,+241.7,+19.9,NB	+2.40,+261.3,+20.6,MB	+2.86,+234.1,+19.8,AB	
1700051574.0879369	+6.70,+7.2,+21.4,JB	+6.69,+12.7,+21.5,BA	+2.92,+230.6,+21.5,AB	+2.73,+241.8,+19.9,AB	+2.39,+261.5,+20.7,DB	+2.86,+234.1,+19.9,@B	
1700051636.096707	+6.70,+7.2,+21.4,JB	+6.69,+12.7,+21.5,BA	+2.92,+230.5,+21.4,CB	+2.73,+241.7,+19.9,NB	+2.39,+261.8,+20.6,HB	+2.86,+234.1,+19.8,AB	
1700051698.1048837	+6.70,+7.2,+21.4,JB	+6.68,+12.8,+21.5,LA	+2.92,+230.5,+21.5,BB	+2.73,+241.7,+19.9,NB	+2.39,+261.8,+20.7,IB	+2.86,+234.1,+19.8,AB	
1700051760.1129255	+6.70,+7.1,+21.4,IB	+6.69,+12.7,+21.5,BA	+2.92,+230.6,+21.5,AB	+2.73,+241.7,+19.9,NB	+2.39,+261.9,+20.6,IB	+2.86,+234.1,+19.8,AB	
1700051822.1231906	+6.70,+7.2,+21.4,JB	+6.69,+12.7,+21.5,BA	+2.92,+230.5,+21.4,CB	+2.73,+241.7,+19.9,NB	+2.38,+262.2,+20.6,@B	+2.86,+234.1,+19.8,AB	
1700051884.1328685	+6.70,+7.2,+21.4,JB	+6.69,+12.7,+21.5,BA	+2.92,+230.6,+21.5,AB	+2.73,+241.7,+19.9,NB	+2.38,+262.3,+20.6,AB	+2.86,+234.1,+19.8,AB	
1700051946.1408012	+6.70,+7.2,+21.4,JB	+6.69,+12.7,+21.5,BA	+2.92,+230.5,+21.4,CB	+2.73,+241.7,+19.9,NB	+2.38,+262.1,+20.7,BB	+2.86,+234.2,+19.8,BB	
1700052008.1510446	+6.70,+7.1,+21.4,IB	+6.69,+12.7,+21.5,BA	+2.92,+230.6,+21.5,AB	+2.73,+241.7,+19.9,NB	+2.38,+262.4,+20.6,FB	+2.86,+234.1,+19.8,AB	
1700052070.1593359	+6.70,+7.2,+21.4,JB	+6.69,+12.7,+21.5,BA	+2.92,+230.6,+21.4,@B	+2.73,+241.8,+19.8,@B	+2.37,+262.6,+20.6,KB	+2.86,+234.1,+19.8,AB	
1700052132.168287	+6.70,+7.2,+21.4,JB	+6.69,+12.7,+21.5,BA	+2.92,+230.6,+21.4,@B	+2.73,+241.9,+19.8,AB	+2.37,+262.7,+20.7,KB	+2.86,+234.1,+19.8,AB	
1700052194.1762693	+6.70,+7.2,+21.4,JB	+6.69,+12.7,+21.4,CA	+2.92,+230.5,+21.4,CB	+2.73,+241.8,+19.8,@B	+2.37,+262.6,+20.6,KB	+2.86,+234.2,+19.8,BB	
1700052256.1829462	+6.70,+7.2,+21.4,JB	+6.68,+12.7,+21.4,BA	+2.92,+230.5,+21.5,BB	+2.73,+241.5,+19.9,LB	+2.38,+262.4,+20.6,FB	+2.86,+234.1,+19.8,AB	
1700052501.7534957	+6.69,+7.4,+21.4,DB	+6.68,+12.8,+21.5,LA	+2.92,+230.4,+21.4,BB	+2.74,+241.0,+19.8,OB	+2.38,+262.4,+20.6,FB	+2.86,+233.9,+19.8,NB	
1700052563.7620277	+6.70,+7.4,+21.4,LB	+6.69,+12.7,+21.5,BA	+2.92,+230.5,+21.5,BB	+2.74,+241.3,+19.8,LB	+2.37,+262.9,+20.6,DB	+2.86,+234.1,+19.8,AB	
1700052625.766911	+6.70,+7.4,+21.4,LB	+6.68,+12.7,+21.5,CA	+2.92,+230.5,+21.4,CB	+2.73,+241.5,+19.9,LB	+2.36,+263.4,+20.6,IB	+2.86,+234.1,+19.8,AB	
1700052687.773925	+6.70,+7.4,+21.4,LB	+6.68,+12.7,+21.5,CA	+2.92,+230.5,+21.4,CB	+2.74,+241.3,+19.8,LB	+2.36,+263.6,+20.6,KB	+2.86,+234.1,+19.8,AB	
1700052749.782893	+6.70,+7.3,+21.4,KB	+6.69,+12.7,+21.4,CA	+2.92,+230.5,+21.4,CB	+2.74,+241.1,+19.8,NB	+2.35,+263.9,+20.6,GB	+2.86,+234.1,+19.8,AB	
1700052811.7923405	+6.70,+7.4,+21.4,LB	+6.69,+12.7,+21.5,BA	+2.92,+230.5,+21.4,CB	+2.74,+241.2,+19.8,MB	+2.35,+264.0,+20.6,IB	+2.86,+234.2,+19.8,BB	
1700052873.7991998	+6.70,+7.3,+21.4,KB	+6.69,+12.7,+21.5,BA	+2.92,+230.5,+21.4,CB	+2.74,+241.2,+19.8,MB	+2.37,+263.0,+20.6,LB	+2.86,+234.2,+19.8,BB	
1700052935.803218	+6.70,+7.3,+21.4,KB	+6.69,+12.7,+21.5,BA	+2.92,+230.5,+21.4,CB	+2.74,+241.3,+19.8,LB	+2.38,+262.3,+20.6,AB	+2.86,+234.1,+19.8,AB	
1700052997.810924	+6.70,+7.3,+21.4,KB	+6.69,+12.7,+21.4,CA	+2.92,+230.5,+21.5,BB	+2.73,+241.4,+19.8,LB	+2.37,+262.7,+20.6,JB	+2.86,+234.1,+19.8,AB	
1700053059.8188221	+6.70,+7.3,+21.4,KB	+6.69,+12.6,+21.5,CA	+2.92,+230.5,+21.4,CB	+2.74,+241.0,+19.8,OB	+2.37,+262.6,+20.6,KB	+2.86,+234.1,+19.8,AB	
1700053121.8248951	+6.70,+7.3,+21.4,KB	+6.69,+12.7,+21.5,BA	+2.92,+230.6,+21.4,@B	+2.74,+241.0,+19.8,OB	+2.36,+263.5,+20.6,HB	+2.86,+234.1,+19.8,AB	
1700053183.8329582	+6.70,+7.2,+21.4,JB	+6.69,+12.7,+21.4,CA	+2.92,+230.5,+21.5,BB	+2.74,+241.1,+19.8,NB	+2.36,+263.3,+20.6,NB	+2.86,+234.1,+19.8,AB	
1700053245.8412144	+6.70,+7.2,+21.4,JB	+6.69,+12.7,+21.5,BA	+2.92,+230.6,+21.4,@B	+2.74,+241.1,+19.8,NB	+2.35,+263.9,+20.6,GB	+2.86,+234.1,+19.8,AB	
1700053307.8474042	+6.70,+7.2,+21.4,JB	+6.69,+12.7,+21.5,BA	+2.92,+230.5,+21.4,CB	+2.74,+241.2,+19.8,MB	+2.34,+264.4,+20.6,LB	+2.86,+234.1,+19.8,AB	
1700053369.8537333	+6.70,+7.2,+21.4,JB	+6.69,+12.6,+21.4,BA	+2.92,+230.6,+21.4,@B	+2.74,+241.1,+19.8,NB	+2.33,+265.2,+20.6,LB	+2.86,+234.2,+19.8,BB	
1700053431.8565404	+6.70,+7.1,+21.4,IB	+6.69,+12.6,+21.4,BA	+2.92,+230.5,+21.4,CB	+2.74,+241.3,+19.8,LB	+2.35,+263.8,+20.6,FB	+2.86,+234.1,+19.8,AB	
1700053493.8637452	+6.70,+7.2,+21.4,JB	+6.69,+12.6,+21.5,CA	+2.92,+230.5,+21.4,CB	+2.74,+241.1,+19.8,NB	+2.34,+264.5,+20.6,MB	+2.86,+234.1,+19.8,AB	
1700053555.8715825	+6.70,+7.2,+21.4,JB	+6.69,+12.6,+21.5,CA	+2.92,+230.5,+21.4,CB	+2.74,+241.1,+19.8,NB	+2.36,+263.4,+20.6,IB	+2.86,+234.1,+19.8,AB	
1700053617.877784	+6.70,+7.2,+21.4,JB	+6.69,+12.6,+21.5,CA	+2.92,+230.6,+21.4,@B	+2.74,+241.1,+19.8,NB	+2.37,+263.1,+20.6,MB	+2.86,+234.1,+19.8,AB	
1700053679.8860676	+6.70,+7.2,+21.4,JB	+6.69,+12.6,+21.4,BA	+2.92,+230.6,+21.4,@B	+2.74,+241.3,+19.8,LB	+2.36,+263.4,+20.6,IB	+2.86,+234.0,+19.8,@B	
1700053741.8933198	+6.70,+7.2,+21.4,JB	+6.69,+12.6,+21.4,BA	+2.92,+230.6,+21.4,@B	+2.74,+241.3,+19.8,LB	+2.36,+263.3,+20.6,NB	+2.86,+234.1,+19.8,AB	
1700053803.8999763	+6.70,+7.3,+21.4,KB	+6.69,+12.7,+21.4,CA	+2.92,+230.5,+21.4,CB	+2.73,+241.4,+19.8,LB	+2.36,+263.2,+20.6,OB	+2.86,+234.1,+19.8,AB	
1700053865.9042504	+6.70,+7.2,+21.4,JB	+6.69,+12.6,+21.4,BA	+2.92,+230.6,+21.4,@B	+2.73,+241.4,+19.8,LB	+2.36,+263.5,+20.6,HB	+2.86,+234.1,+19.8,AB	
1700053927.9122417	+6.70,+7.2,+21.4,JB	+6.69,+12.6,+21.4,BA	+2.92,+230.6,+21.4,@B	+2.73,+241.5,+19.8,MB	+2.37,+262.8,+20.6,EB	+2.86,+234.1,+19.8,AB	
1700053989.9210286	+6.70,+7.2,+21.4,JB	+6.69,+12.7,+21.5,BA	+2.92,+230.5,+21.4,CB	+2.73,+241.5,+19.8,MB	+2.38,+262.0,+20.6,BB	+2.86,+234.1,+19.8,AB	
1700054051.9299626	+6.70,+7.2,+21.4,JB	+6.69,+12.6,+21.4,BA	+2.92,+230.5,+21.4,CB	+2.73,+241.5,+19.8,MB	+2.37,+262.6,+20.6,KB	+2.86,+234.1,+19.8,AB	
1700054113.9372337	+6.70,+7.2,+21.4,JB	+6.69,+12.7,+21.4,CA	+2.92,+230.6,+21.4,@B	+2.73,+241.4,+19.8,LB	+2.35,+263.8,+20.6,FB	+2.86,+234.1,+19.8,AB	
1700054175.9429324	+6.70,+7.2,+21.4,JB	+6.69,+12.6,+21.4,BA	+2.92,+230.6,+21.4,@B	+2.73,+241.5,+19.8,MB	+2.35,+264.1,+20.6,HB	+2.86,+234.2,+19.8,BB	
1700054237.9518855	+6.70,+7.1,+21.4,IB	+6.69,+12.6,+21.4,BA	+2.92,+230.5,+21.4,CB	+2.73,+241.4,+19.8,LB	+2.35,+264.0,+20.6,IB	+2.86,+234.1,+19.8,AB	
1700054299.9559088	+6.70,+7.2,+21.4,JB	+6.69,+12.6,+21.4,BA	+2.92,+230.5,+21.4,CB	+2.73,+241.4,+19.8,LB	+2.34,+264.3,+20.6,KB	+2.86,+234.0,+19.8,@B	
1700054361.964285	+6.70,+7.2,+21.4,JB	+6.69,+12.6,+21.4,BA	+2.92,+230.5,+21.4,CB	+2.73,+241.6,+19.8,NB	+2.35,+264.2,+20.6,KB	+2.86,+234.1,+19.8,AB	
1700054423.9709094	+6.70,+7.2,+21.4,JB	+6.69,+12.6,+21.4,BA	+2.92,+230.5,+21.4,CB	+2.73,+241.5,+19.8,MB	+2.34,+264.2,+20.6,JB	+2.86,+234.1,+19.8,AB	
1700054485.9786506	+6.70,+7.2,+21.4,JB	+6.69,+12.6,+21.4,BA	+2.92,+230.6,+21.4,@B	+2.73,+241.6,+19.8,NB	+2.34,+264.8,+20.6,@B	+2.86,+234.1,+19.8,AB	
1700054547.9861333	+6.70,+7.2,+21.3,MB	+6.69,+12.6,+21.4,BA	+2.92,+230.5,+21.4,CB	+2.73,+241.5,+19.8,MB	+2.34,+264.5,+20.6,MB	+2.86,+234.1,+19.8,AB	
1700054609.9951227	+6.70,+7.1,+21.4,IB	+6.69,+12.6,+21.4,BA	+2.92,+230.5,+21.4,CB	+2.74,+241.1,+19.8,NB	+2.34,+264.6,+20.6,NB	+2.86,+234.1,+19.8,AB	
1700054672.001475	+6.70,+7.2,+21.4,JB	+6.69,+12.6,+21.4,BA	+2.92,+230.5,+21.4,CB	+2.74,+241.2,+19.8,MB	+2.33,+265.0,+20.6,NB	+2.86,+234.1,+19.8,AB	
1700054734.0068958	+6.70,+7.2,+21.4,JB	+6.69,+12.7,+21.4,CA	+2.92,+230.5,+21.4,CB	+2.74,+241.3,+19.8,LB	+2.34,+264.3,+20.6,KB	+2.86,+234.2,+19.8,BB	
1700054796.0164983	+6.70,+7.2,+21.4,JB	+6.69,+12.6,+21.4,BA	+2.92,+230.5,+21.4,CB	+2.74,+241.3,+19.8,LB	+2.34,+264.5,+20.6,MB	+2.86,+234.1,+19.8,AB	
1700054858.0249875	+6.70,+7.1,+21.3,NB	+6.69,+12.6,+21.4,BA	+2.92,+230.5,+21.4,CB	+2.74,+241.2,+19.8,MB	+2.34,+264.5,+20.6,MB	+2.86,+234.0,+19.8,@B	
1700054920.0328786	+6.70,+7.2,+21.3,MB	+6.69,+12.6,+21.4,BA	+2.92,+230.6,+21.4,@B	+2.74,+241.2,+19.8,MB	+2.34,+264.6,+20.6,NB	+2.86,+234.1,+19.8,AB	
1700054982.0399323	+6.70,+7.2,+21.3,MB	+6.69,+12.6,+21.4,BA	+2.92,+230.5,+21.4,CB	+2.74,+241.2,+19.8,MB	+2.34,+264.4,+20.6,LB	+2.86,+234.1,+19.7,NB	
1700055044.0451274	+6.70,+7.1,+21.4,IB	+6.69,+12.6,+21.4,BA	+2.92,+230.5,+21.4,CB	+2.73,+241.4,+19.8,LB	+2.34,+264.5,+20.6,MB	+2.86,+234.1,+19.8,AB	
1700055106.0538654	+6.70,+7.2,+21.4,JB	+6.69,+12.6,+21.4,BA	+2.92,+230.5,+21.4,CB	+2.73,+241.5,+19.8,MB	+2.34,+264.2,+20.6,JB	+2.86,+234.0,+19.7,OB	
1700055168.0588074	+6.70,+7.2,+21.3,MB	+6.69,+12.5,+21.4,AA	+2.92,+230.5,+21.4,CB	+2.74,+241.3,+19.8,LB	+2.34,+264.2,+20.6,JB	+2.86,+234.1,+19.8,AB	
1700055230.0668492	+6.70,+7.2,+21.4,JB	+6.69,+12.6,+21.4,BA	+2.92,+230.5,+21.4,CB	+2.74,+241.3,+19.8,LB	+2.35,+264.1,+20.6,HB	+2.86,+234.1,+19.7,NB	
1700055292.0728872	+6.70,+7.2,+21.4,JB	+6.69,+12.6,+21.4,BA	+2.92,+230.5,+21.4,CB	+2.73,+241.4,+19.8,LB	+2.36,+263.5,+20.6,HB	+2.86,+234.1,+19.8,AB	
1700055354.082837	+6.70,+7.2,+21.4,JB	+6.69,+12.5,+21.4,AA	+2.92,+230.5,+21.4,CB	+2.74,+241.3,+19.8,LB	+2.36,+263.6,+20.6,KB	+2.86,+234.1,+19.7,NB	
1700055416.0937834	+6.70,+7.1,+21.4,IB	+6.69,+12.6,+21.4,BA	+2.92,+230.5,+21.4,CB	+2.73,+241.4,+19.8,LB	+2.36,+263.6,+20.6,KB	+2.86,+234.1,+19.8,AB	
1700055478.1002808	+6.70,+7.2,+21.3,MB	+6.69,+12.6,+21.4,BA	+2.92,+230.5,+21.4,CB	+2.73,+241.5,+19.8,MB	+2.36,+263.5,+20.6,HB	+2.86,+234.1,+19.8,AB	
1700055540.1099923	+6.70,+7.1,+21.4,IB	+6.69,+12.5,+21.4,AA	+2.92,+230.5,+21.4,CB	+2.73,+241.5,+19.8,MB	+2.35,+264.0,+20.6,IB	+2.86,+234.1,+19.7,NB	
1700055602.1145077	+6.70,+7.1,+21.3,NB	+6.69,+12.6,+21.4,BA	+2.92,+230.4,+21.4,BB	+2.73,+241.5,+19.8,MB	+2.35,+263.7,+20.6,IB	+2.86,+234.2,+19.8,BB	
1700055664.1213717	+6.70,+7.1,+21.3,NB	+6.69,+12.6,+21.4,BA	+2.92,+230.5,+21.4,CB	+2.73,+241.5,+19.8,MB	+2.34,+264.5,+20.6,MB	+2.86,+234.1,+19.8,AB	
1700055726.131156	+6.70,+7.1,+21.4,IB	+6.69,+12.6,+21.4,BA	+2.92,+230.5,+21.4,CB	+2.73,+241.7,+19.8,OB	+2.35,+264.0,+20.6,IB	+2.86,+234.1,+19.7,NB	
1700055788.1385152	+6.70,+7.0,+21.3,OB	+6.69,+12.6,+21.4,BA	+2.92,+230.6,+21.4,@B	+2.73,+241.7,+19.8,OB	+2.35,+264.2,+20.6,KB	+2.86,+234.1,+19.7,NB	
1700055850.1474962	+6.70,+7.1,+21.3,NB	+6.69,+12.6,+21.4,BA	+2.92,+230.5,+21.4,CB	+2.73,+241.8,+19.8,@B	+2.36,+263.6,+20.6,KB	+2.86,+234.1,+19.7,NB	
1700055912.156352	+6.70,+7.0,+21.3,OB	+6.69,+12.6,+21.4,BA	+2.92,+230.5,+21.4,CB	+2.73,+241.8,+19.8,@B	+2.36,+263.3,+20.6,NB	+2.86,+234.1,+19.7,NB	
1700055974.1631882	+6.70,+7.1,+21.3,NB	+6.69,+12.6,+21.4,BA	+2.92,+230.5,+21.4,CB	+2.73,+241.9,+19.8,AB	+2.37,+263.0,+20.6,LB	+2.86,+234.1,+19.7,NB	
1700056036.1716833	+6.70,+7.1,+21.3,NB	+6.69,+12.6,+21.4,BA	+2.92,+230.5,+21.4,CB	+2.73,+241.9,+19.7,NB	+2.36,+263.3,+20.6,NB	+2.86,+234.0,+19.7,OB	
1700056098.180256	+6.70,+7.0,+21.3,OB	+6.69,+12.6,+21.4,BA	+2.92,+230.6,+21.4,@B	+2.73,+241.8,+19.8,@B	+2.37,+262.9,+20.6,DB	+2.86,+234.1,+19.8,AB	
1700056343.7802527	+6.70,+7.1,+21.3,NB	+6.69,+12.6,+21.4,BA	+2.92,+230.5,+21.4,CB	+2.73,+241.8,+19.8,@B	+2.39,+261.7,+20.6,GB	+2.86,+233.8,+19.7,@B	
1700056405.7887952	+6.70,+7.1,+21.3,NB	+6.69,+12.6,+21.4,BA	+2.92,+230.5,+21.4,CB	+2.73,+241.9,+19.8,AB	+2.38,+262.1,+20.6,CB	+2.86,+234.1,+19.7,NB	
1700056467.797745	+6.70,+7.0,+21.3,OB	+6.69,+12.6,+21.4,BA	+2.92,+230.4,+21.3,EB	+2.73,+241.9,+19.8,AB	+2.39,+261.5,+20.5,FB	+2.86,+234.0,+19.7,OB	
1700056529.8075986	+6.70,+7.1,+21.3,NB	+6.69,+12.7,+21.4,CA	+2.92,+230.5,+21.4,CB	+2.73,+241.9,+19.8,AB	+2.40,+260.8,+20.5,DB	+2.86,+234.1,+19.7,NB	
1700056591.818467	+6.70,+7.1,+21.3,NB	+6.69,+12.6,+21.4,BA	+2.92,+230.5,+21.4,CB	+2.73,+241.7,+19.8,OB	+2.40,+260.9,+20.6,FB	+2.86,+234.0,+19.7,OB	
1700056653.8275378	+6.70,+7.1,+21.3,NB	+6.69,+12.6,+21.4,BA	+2.92,+230.5,+21.4,CB	+2.73,+241.7,+19.8,OB	+2.40,+261.1,+20.6,OB	+2.86,+234.1,+19.7,NB	
1700056715.8380086	+6.70,+7.1,+21.3,NB	+6.69,+12.6,+21.4,BA	+2.92,+230.5,+21.4,CB	+2.73,+241.8,+19.8,@B	+2.41,+260.7,+20.6,IB	+2.86,+234.1,+19.7,NB	
1700056777.847702	+6.70,+7.1,+21.3,NB	+6.69,+12.6,+21.4,BA	+2.92,+230.5,+21.4,CB	+2.73,+241.4,+19.8,LB	+2.42,+260.0,+20.5,NB	+2.86,+234.1,+19.7,NB	
1700056839.8581896	+6.70,+7.0,+21.3,OB	+6.69,+12.6,+21.4,BA	+2.92,+230.5,+21.4,CB	+2.73,+241.4,+19.7,CB	+2.41,+260.2,+20.5,OB	+2.86,+234.1,+19.7,NB	
1700056901.8661337	+6.70,+7.1,+21.3,NB	+6.69,+12.6,+21.4,BA	+2.92,+230.5,+21.4,CB	+2.73,+241.4,+19.8,LB	+2.42,+259.8,+20.6,OB	+2.86,+234.1,+19.7,NB	
1700056963.8723922	+6.70,+7.0,+21.3,OB	+6.69,+12.7,+21.4,CA	+2.92,+230.5,+21.4,CB	+2.73,+241.5,+19.8,MB	+2.43,+259.1,+20.6,GB	+2.86,+234.1,+19.7,NB	
1700057025.8850381	+6.70,+7.1,+21.3,NB	+6.69,+12.6,+21.4,BA	+2.92,+230.5,+21.4,CB	+2.73,+241.4,+19.8,LB	+2.44,+258.8,+20.5,KB	+2.86,+234.1,+19.7,NB	
1700057087.8932247	+6.70,+7.1,+21.3,NB	+6.69,+12.6,+21.4,BA	+2.92,+230.5,+21.4,CB	+2.73,+241.5,+19.7,BB	+2.44,+258.7,+20.6,GB	+2.86,+234.1,+19.7,NB	
1700057149.9027474	+6.70,+7.0,+21.3,OB	+6.69,+12.6,+21.4,BA	+2.92,+230.5,+21.4,CB	+2.73,+241.5,+19.7,BB	+2.46,+257.8,+20.5,FB	+2.86,+234.0,+19.7,OB	
1700057211.912658	+6.70,+7.1,+21.3,NB	+6.69,+12.6,+21.3,EA	+2.92,+230.5,+21.4,CB	+2.73,+241.5,+19.7,BB	+2.46,+257.8,+20.6,EB	+2.86,+234.0,+19.7,OB	
1700057273.9215524	+6.70,+7.1,+21.3,NB	+6.69,+12.6,+21.4,BA	+2.92,+230.5,+21.4,CB	+2.73,+241.6,+19.7,AB	+2.46,+257.5,+20.5,KB	+2.86,+234.0,+19.7,OB	
1700057335.9292958	+6.70,+7.1,+21.3,NB	+6.69,+12.6,+21.4,BA	+2.92,+230.5,+21.3,DB	+2.73,+241.6,+19.7,AB	+2.48,+256.3,+20.5,BB	+2.86,+234.0,+19.7,OB	
1700057397.9388762	+6.70,+7.1,+21.3,NB	+6.69,+12.6,+21.4,BA	+2.92,+230.5,+21.4,CB	+2.73,+241.7,+19.8,OB	+2.47,+257.0,+20.5,OB	+2.86,+234.1,+19.7,NB	
1700057459.948939	+6.70,+7.1,+21.3,NB	+6.69,+12.6,+21.4,BA	+2.92,+230.4,+21.3,EB	+2.73,+241.7,+19.8,OB	+2.47,+257.3,+20.5,LB	+2.86,+234.1,+19.7,NB	
1700057521.9570765	+6.70,+7.0,+21.3,OB	+6.69,+12.5,+21.4,AA	+2.92,+230.5,+21.4,CB	+2.73,+241.6,+19.8,NB	+2.46,+257.3,+20.5,MB	+2.86,+234.0,+19.7,OB	
1700057583.9648232	+6.70,+7.1,+21.3,NB	+6.69,+12.6,+21.4,BA	+2.92,+230.5,+21.4,CB	+2.73,+241.8,+19.7,OB	+2.47,+256.9,+20.5,GB	+2.86,+234.1,+19.7,NB	
1700057645.9750051	+6.70,+7.0,+21.3,OB	+6.69,+12.6,+21.4,BA	+2.92,+230.5,+21.4,CB	+2.73,+241.7,+19.7,@B	+2.47,+256.8,+20.5,FB	+2.86,+234.1,+19.7,NB	
1700057707.9861195	+6.70,+7.0,+21.3,OB	+6.69,+12.6,+21.4,BA	+2.92,+230.5,+21.4,CB	+2.73,+241.7,+19.8,OB	+2.47,+256.9,+20.6,DB	+2.86,+234.1,+19.7,NB	
1700057769.9948416	+6.70,+7.0,+21.3,OB	+6.69,+12.6,+21.4,BA	+2.92,+230.5,+21.4,CB	+2.73,+241.8,+19.7,OB	+2.47,+257.2,+20.5,MB	+2.86,+234.1,+19.7,NB	
1700057832.002215	+6.70,+7.1,+21.3,NB	+6.69,+12.6,+21.4,BA	+2.92,+230.5,+21.4,CB	+2.73,+241.8,+19.7,OB	+2.47,+256.9,+20.5,GB	+2.86,+234.1,+19.7,NB	
1700057894.0122986	+6.70,+7.1,+21.3,NB	+6.69,+12.6,+21.3,EA	+2.92,+230.5,+21.4,CB	+2.73,+241.8,+19.7,OB	+2.47,+257.2,+20.5,MB	+2.86,+234.1,+19.7,NB	
1700057956.0214133	+6.70,+7.0,+21.3,OB	+6.69,+12.6,+21.3,EA	+2.92,+230.4,+21.4,BB	+2.73,+241.9,+19.7,NB	+2.47,+257.2,+20.5,MB	+2.86,+234.1,+19.7,NB	
1700058018.0304885	+6.70,+7.0,+21.3,OB	+6.69,+12.6,+21.4,BA	+2.92,+230.5,+21.3,DB	+2.72,+241.9,+19.7,OB	+2.46,+257.6,+20.5,HB	+2.86,+234.1,+19.7,NB	
1700058080.039736	+6.70,+7.1,+21.3,NB	+6.69,+12.6,+21.4,BA	+2.92,+230.4,+21.4,BB	+2.72,+242.0,+19.7,EB	+2.46,+257.8,+20.5,FB	+2.86,+234.1,+19.7,NB	
1700058142.0499692	+6.70,+7.0,+21.3,OB	+6.69,+12.6,+21.4,BA	+2.92,+230.4,+21.4,BB	+2.72,+242.0,+19.7,EB	+2.46,+257.5,+20.5,KB	+2.86,+234.0,+19.7,OB	
1700058204.0584524	+6.70,+7.1,+21.3,NB	+6.69,+12.6,+21.3,EA	+2.92,+230.5,+21.3,DB	+2.72,+242.0,+19.7,EB	+2.46,+257.5,+20.5,KB	+2.86,+234.1,+19.7,NB	
1700058266.068142	+6.70,+7.2,+21.3,MB	+6.69,+12.7,+21.4,CA	+2.92,+230.5,+21.4,CB	+2.72,+242.1,+19.7,DB	+2.46,+257.8,+20.5,FB	+2.86,+234.0,+19.7,OB	
1700058328.078524	+6.70,+7.2,+21.3,MB	+6.69,+12.6,+21.4,BA	+2.92,+230.4,+21.3,EB	+2.73,+241.9,+19.7,NB	+2.46,+257.7,+20.5,IB	+2.86,+234.0,+19.7,OB	
1700058390.085559	+6.70,+7.2,+21.3,MB	+6.69,+12.6,+21.4,BA	+2.92,+230.5,+21.4,CB	+2.73,+241.7,+19.7,@B	+2.45,+258.3,+20.5,AB	+2.86,+234.0,+19.7,OB	
1700058452.0974603	+6.70,+7.2,+21.3,MB	+6.69,+12.6,+21.4,BA	+2.92,+230.4,+21.4,BB	+2.73,+241.7,+19.8,OB	+2.44,+258.5,+20.5,FB	+2.86,+234.1,+19.7,NB	
1700058514.1078153	+6.70,+7.3,+21.3,LB	+6.69,+12.7,+21.4,CA	+2.92,+230.5,+21.4,CB	+2.73,+241.7,+19.8,OB	+2.45,+257.9,+20.5,DB	+2.86,+234.1,+19.7,NB	
1700058576.1183555	+6.70,+7.3,+21.3,LB	+6.69,+12.6,+21.4,BA	+2.92,+230.4,+21.3,EB	+2.73,+241.6,+19.7,AB	+2.45,+258.2,+20.5,@B	+2.86,+234.0,+19.7,OB	
1700058638.1293862	+6.70,+7.3,+21.3,LB	+6.69,+12.6,+21.4,BA	+2.92,+230.4,+21.3,EB	+2.73,+241.6,+19.7,AB	+2.45,+258.2,+20.5,@B	+2.86,+234.0,+19.7,OB	
1700058700.138048	+6.70,+7.4,+21.3,KB	+6.69,+12.6,+21.3,EA	+2.92,+230.4,+21.3,EB	+2.73,+241.7,+19.7,@B	+2.44,+258.7,+20.5,DB	+2.86,+234.0,+19.7,OB	
1700058762.1464481	+6.69,+7.4,+21.3,CB	+6.69,+12.6,+21.4,BA	+2.92,+230.5,+21.4,CB	+2.73,+241.7,+19.7,@B	+2.43,+259.5,+20.5,@B	+2.86,+234.0,+19.7,OB	
1700058824.1564026	+6.69,+7.6,+21.3,AB	+6.69,+12.6,+21.4,BA	+2.92,+230.5,+21.3,DB	+2.73,+241.8,+19.7,OB	+2.43,+259.3,+20.5,FB	+2.86,+234.0,+19.7,OB	
1700058886.166396	+6.69,+7.7,+21.3,@B	+6.69,+12.6,+21.3,EA	+2.92,+230.4,+21.4,BB	+2.73,+241.7,+19.7,@B	+2.43,+259.4,+20.5,AB	+2.86,+234.1,+19.7,NB	
1700058948.177822	+6.68,+8.0,+21.3,IB	+6.69,+12.7,+21.4,CA	+2.92,+230.5,+21.4,CB	+2.73,+241.7,+19.7,@B	+2.43,+259.2,+20.5,GB	+2.86,+234.0,+19.7,OB	
1700059010.1875782	+6.68,+8.2,+21.3,KB	+6.68,+12.7,+21.3,EA	+2.92,+230.5,+21.3,DB	+2.73,+241.5,+19.7,BB	+2.43,+259.4,+20.5,AB	+2.86,+234.0,+19.7,OB	
1700059072.197891	+6.68,+8.4,+21.3,MB	+6.69,+12.7,+21.3,DA	+2.92,+230.5,+21.4,CB	+2.73,+241.5,+19.7,BB	+2.44,+258.9,+20.5,JB	+2.86,+234.0,+19.7,OB	
1700059134.2047968	+6.68,+8.5,+21.3,LB	+6.69,+12.6,+21.4,BA	+2.92,+230.5,+21.3,DB	+2.73,+241.5,+19.7,BB	+2.43,+259.1,+20.5,DB	+2.86,+234.0,+19.7,OB	
1700059196.2147863	+6.67,+8.7,+21.3,AB	+6.69,+12.6,+21.4,BA	+2.92,+230.5,+21.3,DB	+2.73,+241.5,+19.7,BB	+2.43,+259.2,+20.5,GB	+2.86,+234.1,+19.7,NB	
1700059258.2264183	+6.67,+8.7,+21.3,AB	+6.69,+12.6,+21.3,EA	+2.92,+230.5,+21.3,DB	+2.73,+241.6,+19.7,AB	+2.43,+259.4,+20.5,AB	+2.86,+234.0,+19.7,OB	
1700059320.236383	+6.67,+8.8,+21.3,NB	+6.69,+12.6,+21.4,BA	+2.92,+230.5,+21.3,DB	+2.73,+241.6,+19.7,AB	+2.43,+259.5,+20.5,@B	+2.86,+234.1,+19.7,NB	
1700059382.2467775	+6.67,+8.8,+21.3,NB	+6.69,+12.6,+21.4,BA	+2.92,+230.4,+21.3,EB	+2.73,+241.4,+19.7,CB	+2.42,+259.8,+20.5,LB	+2.86,+234.0,+19.7,OB	
1700059444.2555828	+6.67,+8.7,+21.3,AB	+6.69,+12.6,+21.3,EA	+2.92,+230.5,+21.3,DB	+2.73,+241.5,+19.7,BB	+2.42,+259.8,+20.5,LB	+2.86,+234.0,+19.7,OB	
1700059506.2655337	+6.67,+8.7,+21.3,AB	+6.69,+12.5,+21.3,FA	+2.92,+230.5,+21.3,DB	+2.73,+241.5,+19.7,BB	+2.42,+260.0,+20.5,NB	+2.86,+234.1,+19.7,NB	
1700059568.2763171	+6.67,+8.6,+21.3,@B	+6.69,+12.6,+21.3,EA	+2.92,+230.4,+21.3,EB	+2.73,+241.5,+19.7,BB	+2.42,+260.1,+20.5,OB	+2.86,+234.1,+19.7,NB	
1700059630.28662	+6.67,+8.7,+21.3,AB	+6.69,+12.6,+21.3,EA	+2.92,+230.5,+21.3,DB	+2.73,+241.5,+19.7,BB	+2.43,+259.5,+20.5,@B	+2.86,+234.0,+19.7,OB	
1700059692.2967925	+6.67,+8.6,+21.3,@B	+6.69,+12.5,+21.3,FA	+2.92,+230.5,+21.3,DB	+2.73,+241.6,+19.7,AB	+2.43,+259.3,+20.5,FB	+2.86,+234.0,+19.7,OB	
1700059754.305528	+6.67,+8.6,+21.3,@B	+6.69,+12.6,+21.4,BA	+2.92,+230.4,+21.3,EB	+2.73,+241.6,+19.7,AB	+2.43,+259.2,+20.5,GB	+2.86,+234.0,+19.7,OB	
1700059816.3142316	+6.67,+8.7,+21.3,AB	+6.69,+12.6,+21.3,EA	+2.92,+230.5,+21.3,DB	+2.73,+241.6,+19.7,AB	+2.43,+259.5,+20.5,@B	+2.86,+234.0,+19.7,OB	
1700059878.3237731	+6.67,+8.7,+21.3,AB	+6.69,+12.7,+21.3,DA	+2.92,+230.4,+21.4,BB	+2.73,+241.6,+19.7,AB	+2.42,+259.7,+20.5,CB	+2.86,+234.0,+19.7,OB	
1700059940.3336356	+6.67,+8.7,+21.3,AB	+6.69,+12.6,+21.3,EA	+2.92,+230.4,+21.3,EB	+2.73,+241.8,+19.7,OB	+2.41,+260.4,+20.5,IB	+2.86,+234.0,+19.7,OB	
1700060185.9455037	+6.67,+8.8,+21.3,NB	+6.69,+12.7,+21.3,DA	+2.92,+230.4,+21.3,EB	+2.73,+241.5,+19.7,BB	+2.42,+260.1,+20.5,OB	+2.86,+233.8,+19.7,@B	
1700060247.9547865	+6.67,+8.8,+21.3,NB	+6.68,+12.8,+21.4,MA	+2.92,+230.6,+21.3,GB	+2.73,+241.5,+19.7,BB	+2.41,+260.1,+20.5,LB	+2.86,+234.0,+19.7,OB	
1700060309.9645703	+6.67,+8.8,+21.3,NB	+6.69,+12.7,+21.3,DA	+2.92,+230.5,+21.4,CB	+2.73,+241.4,+19.7,CB	+2.41,+260.3,+20.5,NB	+2.86,+234.0,+19.7,OB	
1700060371.9750183	+6.67,+8.8,+21.3,NB	+6.69,+12.7,+21.3,DA	+2.92,+230.4,+21.3,EB	+2.73,+241.4,+19.7,CB	+2.41,+260.3,+20.5,NB	+2.86,+234.0,+19.7,OB	
1700060433.9820106	+6.67,+8.7,+21.3,AB	+6.69,+12.7,+21.3,DA	+2.92,+230.5,+21.3,DB	+2.73,+241.5,+19.7,BB	+2.41,+260.4,+20.5,IB	+2.86,+234.1,+19.7,NB	
1700060495.99314	+6.67,+8.7,+21.3,AB	+6.69,+12.7,+21.4,CA	+2.92,+230.5,+21.3,DB	+2.73,+241.5,+19.7,BB	+2.41,+260.5,+20.5,HB	+2.86,+234.0,+19.7,OB	
1700060558.0023818	+6.67,+8.7,+21.3,AB	+6.69,+12.7,+21.3,DA	+2.92,+230.4,+21.3,EB	+2.73,+241.6,+19.7,AB	+2.43,+259.4,+20.5,AB	+2.86,+234.0,+19.7,OB	
1700060620.0137086	+6.67,+8.7,+21.3,AB	+6.69,+12.7,+21.3,DA	+2.92,+230.4,+21.3,EB	+2.73,+241.7,+19.7,@B	+2.43,+259.2,+20.5,GB	+2.86,+234.0,+19.7,OB	
1700060682.0185654	+6.67,+8.7,+21.3,AB	+6.69,+12.7,+21.3,DA	+2.92,+230.5,+21.3,DB	+2.73,+241.8,+19.7,OB	+2.44,+258.8,+20.5,KB	+2.86,+234.0,+19.7,OB	
1700060744.0249074	+6.67,+8.6,+21.3,@B	+6.69,+12.6,+21.3,EA	+2.92,+230.5,+21.3,DB	+2.73,+241.8,+19.7,OB	+2.46,+257.4,+20.5,JB	+2.86,+234.0,+19.7,OB	
1700060806.0359468	+6.68,+8.5,+21.3,LB	+6.69,+12.7,+21.4,CA	+2.92,+230.5,+21.3,DB	+2.73,+241.8,+19.7,OB	+2.46,+257.4,+20.5,JB	+2.86,+234.0,+19.7,OB	
1700060868.045199	+6.68,+8.5,+21.3,LB	+6.69,+12.7,+21.4,CA	+2.92,+230.5,+21.3,DB	+2.72,+242.0,+19.7,EB	+2.45,+258.0,+20.5,BB	+2.86,+234.0,+19.7,OB	
1700060930.0537171	+6.68,+8.5,+21.3,LB	+6.69,+12.7,+21.3,DA	+2.92,+230.4,+21.3,EB	+2.72,+241.9,+19.7,OB	+2.44,+258.4,+20.5,GB	+2.86,+234.0,+19.7,OB	
1700060992.0624106	+6.67,+8.6,+21.3,@B	+6.69,+12.7,+21.3,DA	+2.92,+230.4,+21.3,EB	+2.72,+242.0,+19.7,EB	+2.45,+258.2,+20.5,@B	+2.86,+233.9,+19.7,AB	
1700061054.070339	+6.67,+8.6,+21.3,@B	+6.69,+12.7,+21.3,DA	+2.92,+230.4,+21.3,EB	+2.73,+241.7,+19.7,@B	+2.45,+258.2,+20.5,@B	+2.86,+234.0,+19.7,OB	
1700061116.0808454	+6.67,+8.6,+21.3,@B	+6.68,+12.9,+21.4,LA	+2.92,+230.5,+21.4,CB	+2.73,+241.7,+19.7,@B	+2.45,+258.3,+20.5,AB	+2.86,+234.0,+19.7,OB	
1700061178.0891542	+6.67,+8.6,+21.3,@B	+6.68,+12.8,+21.4,MA	+2.92,+230.5,+21.3,DB	+2.72,+241.9,+19.7,OB	+2.45,+258.2,+20.5,@B	+2.86,+234.0,+19.7,OB	
1700061240.0998194	+6.67,+8.5,+21.3,CB	+6.68,+12.8,+21.3,JA	+2.92,+230.5,+21.3,DB	+2.72,+242.0,+19.7,EB	+2.44,+258.5,+20.5,FB	+2.86,+234.0,+19.7,OB	
1700061302.107435	+6.68,+8.4,+21.3,MB	+6.68,+12.8,+21.3,JA	+2.92,+230.4,+21.3,EB	+2.72,+242.1,+19.7,DB	+2.44,+258.7,+20.5,DB	+2.86,+234.0,+19.7,OB	
1700061364.1168225	+6.68,+8.4,+21.3,MB	+6.68,+12.8,+21.3,JA	+2.92,+230.4,+21.3,EB	+2.72,+242.2,+19.7,GB	+2.44,+258.8,+20.5,KB	+2.86,+234.0,+19.7,OB	
1700061426.126276	+6.68,+8.3,+21.3,JB	+6.68,+12.8,+21.3,JA	+2.92,+230.5,+21.3,DB	+2.72,+242.1,+19.7,DB	+2.44,+258.8,+20.5,KB	+2.86,+234.0,+19.7,OB	
1700061488.1339316	+6.68,+8.5,+21.3,LB	+6.69,+12.7,+21.3,DA	+2.92,+230.4,+21.4,BB	+2.72,+242.1,+19.7,DB	+2.43,+259.1,+20.5,DB	+2.86,+234.0,+19.7,OB	
1700061550.1442742	+6.68,+8.4,+21.3,MB	+6.69,+12.7,+21.4,CA	+2.92,+230.5,+21.3,DB	+2.72,+242.1,+19.7,DB	+2.43,+259.3,+20.5,FB	+2.86,+234.1,+19.7,NB	
1700061612.1543727	+6.68,+8.5,+21.3,LB	+6.69,+12.7,+21.4,CA	+2.92,+230.5,+21.3,DB	+2.72,+242.2,+19.7,GB	+2.43,+259.4,+20.5,AB	+2.86,+234.0,+19.7,OB	
1700061674.1639102	+6.68,+8.5,+21.3,LB	+6.69,+12.7,+21.3,DA	+2.92,+230.4,+21.3,EB	+2.72,+242.1,+19.7,DB	+2.43,+259.0,+20.5,EB	+2.86,+234.0,+19.7,OB	
1700061736.1739573	+6.68,+8.5,+21.3,LB	+6.69,+12.7,+21.3,DA	+2.92,+230.5,+21.3,DB	+2.72,+242.3,+19.7,FB	+2.44,+258.8,+20.5,KB	+2.86,+234.0,+19.7,OB	
1700061798.1840067	+6.68,+8.5,+21.3,LB	+6.69,+12.7,+21.3,DA	+2.92,+230.4,+21.3,EB	+2.71,+242.5,+19.7,CB	+2.44,+258.9,+20.5,JB	+2.86,+234.0,+19.7,OB	
1700061860.1936677	+6.68,+8.5,+21.3,LB	+6.69,+12.6,+21.3,EA	+2.92,+230.5,+21.3,DB	+2.72,+242.4,+19.7,AB	+2.43,+259.4,+20.5,AB	+2.86,+234.0,+19.7,OB	
1700061922.2041876	+6.68,+8.5,+21.3,LB	+6.68,+12.7,+21.3,EA	+2.92,+230.5,+21.3,DB	+2.72,+242.3,+19.7,FB	+2.42,+259.9,+20.5,MB	+2.86,+234.0,+19.7,OB	
1700061984.210664	+6.68,+8.4,+21.3,MB	+6.69,+12.7,+21.3,DA	+2.92,+230.4,+21.3,EB	+2.71,+242.5,+19.7,CB	+2.42,+260.1,+20.5,OB	+2.86,+234.0,+19.7,OB	
1700062046.222671	+6.68,+8.5,+21.3,LB	+6.69,+12.7,+21.3,DA	+2.92,+230.5,+21.3,DB	+2.72,+242.3,+19.7,FB	+2.41,+260.3,+20.5,NB	+2.86,+234.0,+19.7,OB	
1700062108.2324886	+6.67,+8.6,+21.3,@B	+6.68,+12.8,+21.3,JA	+2.92,+230.4,+21.3,EB	+2.72,+242.3,+19.7,FB	+2.42,+259.5,+20.5,AB	+2.86,+234.0,+19.7,OB	
1700062170.244136	+6.67,+8.5,+21.3,CB	+6.69,+12.7,+21.3,DA	+2.92,+230.5,+21.4,CB	+2.72,+242.2,+19.7,GB	+2.42,+259.8,+20.5,LB	+2.86,+234.0,+19.7,OB	
1700062232.2528708	+6.68,+8.5,+21.3,LB	+6.69,+12.7,+21.3,DA	+2.92,+230.4,+21.3,EB	+2.72,+242.2,+19.7,GB	+2.42,+259.9,+20.5,MB	+2.86,+234.0,+19.7,OB	
1700062294.258994	+6.68,+8.5,+21.2,MB	+6.69,+12.7,+21.3,DA	+2.92,+230.4,+21.3,EB	+2.72,+242.2,+19.7,GB	+2.42,+259.9,+20.5,MB	+2.86,+234.1,+19.7,NB	
1700062356.2696576	+6.68,+8.4,+21.3,MB	+6.69,+12.6,+21.3,EA	+2.92,+230.5,+21.3,DB	+2.71,+242.5,+19.7,CB	+2.42,+260.0,+20.5,NB	+2.86,+234.0,+19.7,OB	
1700062418.2782602	+6.68,+8.4,+21.3,MB	+6.69,+12.7,+21.3,DA	+2.92,+230.4,+21.3,EB	+2.72,+242.3,+19.7,FB	+2.42,+259.7,+20.5,CB	+2.86,+234.1,+19.7,NB	
1700062480.2849762	+6.68,+8.4,+21.3,MB	+6.69,+12.6,+21.3,EA	+2.92,+230.4,+21.3,EB	+2.72,+242.4,+19.7,AB	+2.41,+260.4,+20.5,IB	+2.86,+234.0,+19.7,OB	
1700062542.2921083	+6.68,+8.4,+21.3,MB	+6.69,+12.6,+21.3,EA	+2.92,+230.5,+21.3,DB	+2.72,+242.3,+19.7,FB	+2.40,+260.8,+20.5,DB	+2.86,+234.0,+19.7,OB	
1700062604.3026137	+6.68,+8.4,+21.3,MB	+6.69,+12.7,+21.3,DA	+2.92,+230.4,+21.3,EB	+2.72,+242.3,+19.7,FB	+2.41,+260.7,+20.5,JB	+2.86,+234.0,+19.7,OB	
1700062666.3127718	+6.68,+8.5,+21.3,LB	+6.69,+12.6,+21.3,EA	+2.92,+230.5,+21.3,DB	+2.72,+242.2,+19.7,GB	+2.40,+261.0,+20.5,MB	+2.86,+234.0,+19.7,OB	
1700062728.3216822	+6.68,+8.4,+21.3,MB	+6.69,+12.6,+21.3,EA	+2.92,+230.5,+21.3,DB	+2.72,+242.2,+19.7,GB	+2.40,+261.1,+20.5,LB	+2.86,+234.0,+19.7,OB	
1700062790.3322487	+6.68,+8.5,+21.3,LB	+6.69,+12.6,+21.3,EA	+2.92,+230.5,+21.3,DB	+2.72,+242.3,+19.7,FB	+2.39,+261.5,+20.5,FB	+2.86,+234.0,+19.7,OB	
1700062852.3384771	+6.67,+8.5,+21.3,CB	+6.69,+12.6,+21.3,EA	+2.92,+230.5,+21.3,DB	+2.72,+242.4,+19.7,AB	+2.39,+261.5,+20.5,FB	+2.86,+233.9,+19.7,AB	
1700062914.347253	+6.67,+8.6,+21.3,@B	+6.69,+12.7,+21.3,DA	+2.92,+230.5,+21.3,DB	+2.72,+242.4,+19.7,AB	+2.39,+261.8,+20.5,KB	+2.86,+233.9,+19.7,AB	
1700062976.3570824	+6.67,+8.6,+21.3,@B	+6.69,+12.7,+21.3,DA	+2.92,+230.4,+21.3,EB	+2.71,+242.4,+19.7,BB	+2.39,+261.4,+20.5,GB	+2.86,+233.9,+19.7,AB	
1700063038.3661096	+6.67,+8.7,+21.3,AB	+6.69,+12.7,+21.3,DA	+2.92,+230.5,+21.3,DB	+2.71,+242.5,+19.7,CB	+2.39,+261.7,+20.5,DB	+2.86,+234.0,+19.7,OB	
1700063100.3763764	+6.67,+8.7,+21.3,AB	+6.69,+12.7,+21.3,DA	+2.92,+230.5,+21.3,DB	+2.71,+242.6,+19.7,@B	+2.38,+262.2,+20.5,CB	+2.86,+234.0,+19.7,OB	
1700063162.3847415	+6.68,+8.5,+21.3,LB	+6.69,+12.7,+21.3,DA	+2.92,+230.5,+21.3,DB	+2.71,+242.6,+19.7,@B	+2.37,+262.9,+20.5,GB	+2.86,+234.0,+19.7,OB	
1700063224.39458	+6.68,+8.5,+21.3,LB	+6.69,+12.6,+21.3,EA	+2.92,+230.5,+21.3,DB	+2.71,+242.7,+19.7,AB	+2.37,+262.7,+20.5,IB	+2.86,+234.0,+19.7,OB	
1700063286.4009366	+6.68,+8.4,+21.3,MB	+6.69,+12.7,+21.3,DA	+2.92,+230.4,+21.3,EB	+2.71,+242.7,+19.7,AB	+2.41,+260.3,+20.5,NB	+2.86,+234.0,+19.7,OB	
1700063348.4110928	+6.68,+8.3,+21.3,JB	+6.69,+12.6,+21.3,EA	+2.92,+230.4,+21.3,EB	+2.71,+242.7,+19.7,AB	+2.43,+259.3,+20.5,FB	+2.86,+234.0,+19.7,OB	
1700063410.4208367	+6.68,+8.3,+21.3,JB	+6.69,+12.6,+21.3,EA	+2.92,+230.4,+21.3,EB	+2.71,+242.7,+19.7,AB	+2.43,+259.2,+20.5,GB	+2.86,+234.0,+19.7,OB	
1700063472.4298773	+6.68,+8.4,+21.3,MB	+6.69,+12.7,+21.3,DA	+2.92,+230.4,+21.3,EB	+2.71,+242.7,+19.7,AB	+2.43,+259.3,+20.5,FB	+2.86,+234.0,+19.7,OB	
1700063534.4381545	+6.68,+8.4,+21.3,MB	+6.69,+12.7,+21.3,DA	+2.92,+230.5,+21.3,DB	+2.71,+242.9,+19.7,OB	+2.43,+259.4,+20.5,AB	+2.86,+234.0,+19.7,OB	
1700063596.4461484	+6.68,+8.5,+21.3,LB	+6.69,+12.6,+21.3,EA	+2.92,+230.4,+21.3,EB	+2.71,+242.9,+19.7,OB	+2.43,+259.3,+20.5,FB	+2.86,+234.0,+19.7,OB	
1700063658.4567022	+6.68,+8.5,+21.3,LB	+6.69,+12.7,+21.3,DA	+2.92,+230.4,+21.4,BB	+2.70,+243.1,+19.7,GB	+2.43,+259.3,+20.5,FB	+2.86,+234.0,+19.7,OB	
1700063720.4639196	+6.67,+8.6,+21.3,@B	+6.69,+12.6,+21.3,EA	+2.92,+230.5,+21.4,CB	+2.70,+243.1,+19.7,GB	+2.42,+259.6,+20.5,BB	+2.86,+233.9,+19.7,AB	
1700063782.4735699	+6.67,+8.6,+21.3,@B	+6.69,+12.7,+21.3,DA	+2.92,+230.4,+21.3,EB	+2.70,+243.1,+19.7,GB	+2.44,+258.9,+20.5,JB	+2.86,+233.9,+19.7,AB	
1700064028.0792787	+6.67,+8.7,+21.3,AB	+6.68,+12.8,+21.3,JA	+2.92,+230.4,+21.3,EB	+2.70,+243.0,+19.7,FB	+2.41,+260.3,+20.5,NB	+2.87,+233.7,+19.7,NB	
1700064090.0903163	+6.67,+8.7,+21.3,AB	+6.68,+12.7,+21.3,EA	+2.92,+230.4,+21.3,EB	+2.70,+243.2,+19.7,DB	+2.40,+260.8,+20.5,DB	+2.86,+234.0,+19.7,OB	
1700064152.1015086	+6.67,+8.6,+21.3,@B	+6.68,+12.8,+21.3,JA	+2.92,+230.5,+21.3,DB	+2.70,+243.0,+19.7,FB	+2.39,+261.3,+20.5,@B	+2.86,+233.9,+19.7,AB	
1700064214.1109006	+6.67,+8.7,+21.3,AB	+6.69,+12.7,+21.3,DA	+2.92,+230.4,+21.3,EB	+2.70,+243.1,+19.7,GB	+2.39,+261.4,+20.5,GB	+2.86,+234.0,+19.7,OB	
1700064276.1210256	+6.67,+8.6,+21.3,@B	+6.68,+12.8,+21.3,JA	+2.92,+230.5,+21.3,DB	+2.70,+243.1,+19.7,GB	+2.39,+261.4,+20.5,GB	+2.86,+234.0,+19.7,OB	
1700064338.1298406	+6.67,+8.6,+21.3,@B	+6.68,+12.8,+21.3,JA	+2.92,+230.4,+21.3,EB	+2.70,+243.1,+19.7,GB	+2.39,+261.7,+20.5,DB	+2.86,+234.0,+19.7,OB	
1700064400.139181	+6.67,+8.6,+21.3,@B	+6.68,+12.8,+21.3,JA	+2.92,+230.4,+21.3,EB	+2.70,+243.1,+19.7,GB	+2.39,+261.6,+20.5,EB	+2.86,+234.0,+19.7,OB	
1700064462.1468961	+6.68,+8.5,+21.3,LB	+6.69,+12.7,+21.3,DA	+2.92,+230.5,+21.3,DB	+2.71,+242.9,+19.7,OB	+2.41,+260.5,+20.5,HB	+2.86,+234.0,+19.7,OB	
1700064524.1569426	+6.67,+8.6,+21.3,@B	+6.69,+12.7,+21.3,DA	+2.92,+230.5,+21.3,DB	+2.71,+242.8,+19.7,NB	+2.41,+260.2,+20.5,OB	+2.86,+233.9,+19.7,AB	
1700064586.1681094	+6.67,+8.7,+21.3,AB	+6.69,+12.6,+21.3,EA	+2.92,+230.4,+21.3,EB	+2.71,+242.9,+19.7,OB	+2.42,+260.1,+20.5,OB	+2.86,+233.9,+19.7,AB	
1700064648.1784227	+6.67,+8.9,+21.3,OB	+6.68,+12.8,+21.3,JA	+2.92,+230.4,+21.3,EB	+2.71,+242.9,+19.7,OB	+2.41,+260.6,+20.5,KB	+2.86,+233.9,+19.7,AB	
1700064710.1884754	+6.67,+8.9,+21.3,OB	+6.68,+12.8,+21.3,JA	+2.92,+230.4,+21.3,EB	+2.71,+242.9,+19.7,OB	+2.40,+261.0,+20.5,MB	+2.86,+234.0,+19.7,OB	
1700064772.1971023	+6.67,+8.9,+21.3,OB	+6.68,+12.8,+21.3,JA	+2.92,+230.5,+21.3,DB	+2.70,+243.0,+19.7,FB	+2.40,+261.2,+20.5,OB	+2.86,+234.0,+19.7,OB	
1700064834.2062032	+6.67,+8.9,+21.3,OB	+6.68,+12.8,+21.3,JA	+2.92,+230.5,+21.3,DB	+2.70,+243.1,+19.7,GB	+2.39,+261.6,+20.5,EB	+2.86,+233.9,+19.7,AB	
1700064896.2177877	+6.67,+9.0,+21.3,GB	+6.68,+12.8,+21.3,JA	+2.92,+230.4,+21.3,EB	+2.70,+243.1,+19.7,GB	+2.38,+262.1,+20.5,@B	+2.86,+233.9,+19.7,AB	
1700064958.226824	+6.67,+8.8,+21.3,NB	+6.69,+12.7,+21.3,DA	+2.92,+230.5,+21.3,DB	+2.70,+243.1,+19.7,GB	+2.37,+262.6,+20.5,HB	+2.86,+233.9,+19.7,AB	
1700065020.236223	+6.67,+8.6,+21.3,@B	+6.68,+12.7,+21.3,EA	+2.92,+230.4,+21.3,EB	+2.70,+243.2,+19.7,DB	+2.37,+262.4,+20.5,JB	+2.86,+234.0,+19.7,OB	
1700065082.2437346	+6.67,+8.6,+21.3,@B	+6.68,+12.7,+21.3,EA	+2.92,+230.4,+21.3,EB	+2.70,+243.3,+19.7,EB	+2.38,+262.3,+20.5,BB	+2.86,+234.0,+19.7,OB	
1700065144.2508428	+6.67,+8.6,+21.3,@B	+6.69,+12.7,+21.3,DA	+2.92,+230.4,+21.3,EB	+2.70,+243.5,+19.7,CB	+2.37,+262.7,+20.5,IB	+2.86,+234.0,+19.7,OB	
1700065206.2604933	+6.67,+8.5,+21.3,CB	+6.68,+12.9,+21.3,KA	+2.92,+230.5,+21.3,DB	+2.69,+243.6,+19.7,HB	+2.37,+263.0,+20.5,OB	+2.86,+234.0,+19.7,OB	
1700065268.2692034	+6.67,+8.6,+21.3,@B	+6.68,+12.8,+21.3,JA	+2.92,+230.4,+21.3,EB	+2.69,+243.7,+19.7,IB	+2.36,+263.4,+20.5,JB	+2.86,+234.0,+19.7,OB	
1700065330.278923	+6.67,+8.6,+21.3,@B	+6.68,+12.9,+21.3,KA	+2.92,+230.4,+21.3,EB	+2.69,+243.6,+19.7,HB	+2.36,+263.1,+20.5,OB	+2.86,+233.9,+19.7,AB	
1700065392.287915	+6.67,+8.6,+21.3,@B	+6.68,+12.9,+21.3,KA	+2.92,+230.4,+21.3,EB	+2.69,+243.7,+19.7,IB	+2.36,+263.2,+20.5,LB	+2.86,+233.9,+19.7,AB	
1700065454.2974184	+6.67,+8.7,+21.3,AB	+6.68,+12.8,+21.3,JA	+2.92,+230.4,+21.3,EB	+2.69,+243.7,+19.7,IB	+2.37,+262.9,+20.5,GB	+2.86,+233.9,+19.7,AB	
1700065516.307722	+6.67,+8.7,+21.3,AB	+6.68,+12.8,+21.4,MA	+2.92,+230.5,+21.3,DB	+2.69,+243.6,+19.7,HB	+2.37,+262.6,+20.5,HB	+2.86,+234.0,+19.7,OB	
1700065578.3168042	+6.67,+8.7,+21.3,AB	+6.68,+12.9,+21.3,KA	+2.92,+230.5,+21.3,DB	+2.69,+243.8,+19.7,FB	+2.38,+262.0,+20.5,AB	+2.86,+233.9,+19.7,AB	
1700065640.325306	+6.67,+8.7,+21.3,AB	+6.68,+12.9,+21.3,KA	+2.92,+230.4,+21.3,EB	+2.69,+243.8,+19.7,FB	+2.38,+262.1,+20.5,@B	+2.86,+233.9,+19.7,AB	
1700065702.335516	+6.67,+8.7,+21.3,AB	+6.68,+12.9,+21.3,KA	+2.92,+230.4,+21.3,EB	+2.69,+243.8,+19.7,FB	+2.39,+261.7,+20.5,DB	+2.86,+233.9,+19.7,AB	
1700065764.3441792	+6.67,+8.8,+21.3,NB	+6.68,+12.9,+21.3,KA	+2.92,+230.4,+21.3,EB	+2.69,+243.7,+19.7,IB	+2.38,+262.4,+20.5,EB	+2.86,+233.9,+19.7,AB	
1700065826.3549826	+6.67,+8.8,+21.3,NB	+6.68,+12.8,+21.3,JA	+2.92,+230.4,+21.4,BB	+2.69,+243.7,+19.7,IB	+2.38,+262.3,+20.5,BB	+2.86,+233.9,+19.7,AB	
1700065888.3640046	+6.67,+8.7,+21.3,AB	+6.68,+12.9,+21.3,KA	+2.92,+230.5,+21.3,DB	+2.69,+243.8,+19.7,FB	+2.37,+262.8,+20.5,FB	+2.86,+233.9,+19.7,AB	
1700065950.3727295	+6.67,+8.6,+21.3,@B	+6.68,+12.8,+21.3,JA	+2.92,+230.4,+21.4,BB	+2.69,+243.6,+19.7,HB	+2.37,+263.0,+20.5,OB	+2.86,+234.0,+19.7,OB	
1700066012.3844023	+6.67,+8.6,+21.3,@B	+6.68,+12.8,+21.3,JA	+2.92,+230.5,+21.3,DB	+2.69,+243.6,+19.7,HB	+2.37,+262.7,+20.5,IB	+2.86,+234.0,+19.7,OB	
1700066074.3932586	+6.67,+8.6,+21.3,@B	+6.68,+12.7,+21.3,EA	+2.92,+230.5,+21.3,DB	+2.69,+243.6,+19.7,HB	+2.37,+262.6,+20.5,HB	+2.86,+234.0,+19.7,OB	
1700066136.4007752	+6.67,+8.6,+21.3,@B	+6.68,+12.8,+21.3,JA	+2.92,+230.4,+21.3,EB	+2.70,+243.5,+19.7,CB	+2.40,+261.1,+20.5,LB	+2.86,+233.9,+19.7,AB	
1700066198.411263	+6.67,+8.5,+21.3,CB	+6.68,+12.8,+21.3,JA	+2.92,+230.4,+21.3,EB	+2.70,+243.5,+19.7,CB	+2.40,+261.1,+20.5,LB	+2.86,+234.0,+19.7,OB	
1700066260.419318	+6.67,+8.6,+21.3,@B	+6.68,+12.7,+21.3,EA	+2.92,+230.4,+21.3,EB	+2.70,+243.4,+19.7,BB	+2.40,+260.7,+20.5,KB	+2.86,+234.0,+19.7,OB	
1700066322.4227786	+6.67,+8.7,+21.3,AB	+6.68,+12.8,+21.4,MA	+2.92,+230.4,+21.3,EB	+2.70,+243.5,+19.7,CB	+2.40,+260.9,+20.5,EB	+2.86,+234.0,+19.7,OB	
1700066384.4246025	+6.67,+8.7,+21.3,AB	+6.68,+12.8,+21.3,JA	+2.92,+230.5,+21.3,DB	+2.70,+243.3,+19.7,EB	+2.39,+261.4,+20.5,GB	+2.86,+233.9,+19.7,AB	
1700066446.4277747	+6.67,+8.7,+21.3,AB	+6.68,+12.8,+21.3,JA	+2.92,+230.4,+21.3,EB	+2.70,+243.4,+19.7,BB	+2.39,+261.8,+20.5,KB	+2.86,+234.0,+19.7,OB	
1700066508.4338865	+6.67,+8.7,+21.3,AB	+6.68,+12.8,+21.3,JA	+2.92,+230.4,+21.3,EB	+2.70,+243.4,+19.7,BB	+2.39,+261.4,+20.5,GB	+2.86,+233.9,+19.7,AB	
1700066570.4411368	+6.67,+8.8,+21.3,NB	+6.68,+12.8,+21.3,JA	+2.92,+230.5,+21.3,DB	+2.70,+243.5,+19.7,CB	+2.38,+261.9,+20.5,KB	+2.86,+234.0,+19.7,OB	
1700066632.4476533	+6.67,+8.9,+21.3,OB	+6.68,+12.8,+21.3,JA	+2.92,+230.5,+21.3,DB	+2.70,+243.5,+19.7,CB	+2.41,+260.7,+20.5,JB	+2.86,+234.0,+19.7,OB	
1700066694.4566336	+6.67,+8.9,+21.3,OB	+6.68,+12.8,+21.3,JA	+2.92,+230.4,+21.3,EB	+2.70,+243.5,+19.7,CB	+2.43,+259.5,+20.5,@B	+2.86,+234.0,+19.7,OB	
1700066756.4653838	+6.67,+8.7,+21.3,AB	+6.68,+12.8,+21.4,MA	+2.92,+230.5,+21.3,DB	+2.70,+243.2,+19.7,DB	+2.43,+259.1,+20.5,DB	+2.86,+234.0,+19.7,OB	
1700066818.473564	+6.67,+8.7,+21.3,AB	+6.68,+12.7,+21.3,EA	+2.92,+230.5,+21.3,DB	+2.70,+243.1,+19.7,GB	+2.43,+259.1,+20.5,DB	+2.86,+234.0,+19.7,OB	
1700066880.480217	+6.67,+8.6,+21.3,@B	+6.68,+12.7,+21.3,EA	+2.92,+230.5,+21.3,DB	+2.70,+243.2,+19.7,DB	+2.44,+258.9,+20.5,JB	+2.86,+233.9,+19.7,AB	
1700066942.490288	+6.67,+8.6,+21.3,@B	+6.68,+12.8,+21.3,JA	+2.92,+230.5,+21.4,CB	+2.71,+243.0,+19.7,GB	+2.44,+258.9,+20.5,JB	+2.86,+234.0,+19.7,OB	
1700067004.4970996	+6.67,+8.6,+21.3,@B	+6.69,+12.7,+21.3,DA	+2.92,+230.4,+21.3,EB	+2.70,+243.1,+19.7,GB	+2.43,+259.2,+20.5,GB	+2.86,+234.0,+19.7,OB	
1700067066.5069098	+6.67,+8.6,+21.3,@B	+6.68,+12.7,+21.3,EA	+2.92,+230.5,+21.3,DB	+2.70,+243.1,+19.7,GB	+2.44,+258.6,+20.5,EB	+2.86,+234.0,+19.7,OB	
1700067128.5163753	+6.67,+8.6,+21.3,@B	+6.69,+12.7,+21.3,DA	+2.92,+230.4,+21.3,EB	+2.71,+242.9,+19.7,OB	+2.44,+258.5,+20.5,FB	+2.86,+234.0,+19.7,OB	
1700067190.5249603	+6.67,+8.6,+21.3,@B	+6.69,+12.7,+21.3,DA	+2.92,+230.4,+21.3,EB	+2.71,+242.9,+19.7,OB	+2.44,+258.7,+20.5,DB	+2.86,+234.0,+19.7,OB	
1700067252.5341666	+6.67,+8.7,+21.3,AB	+6.68,+12.8,+21.3,JA	+2.92,+230.5,+21.3,DB	+2.71,+242.9,+19.7,OB	+2.44,+258.8,+20.5,KB	+2.86,+233.9,+19.7,AB	
1700067314.5403383	+6.67,+8.7,+21.3,AB	+6.68,+12.8,+21.3,JA	+2.92,+230.5,+21.4,CB	+2.71,+242.8,+19.7,NB	+2.43,+259.1,+20.5,DB	+2.86,+233.9,+19.7,AB	
1700067376.5502267	+6.67,+8.8,+21.3,NB	+6.68,+12.8,+21.3,JA	+2.92,+230.4,+21.3,EB	+2.71,+242.9,+19.8,@B	+2.43,+259.4,+20.5,AB	+2.86,+234.0,+19.7,OB	
1700067438.5607343	+6.67,+8.9,+21.3,OB	+6.68,+12.8,+21.3,JA	+2.92,+230.5,+21.4,CB	+2.71,+242.8,+19.7,NB	+2.42,+259.6,+20.5,BB	+2.86,+233.9,+19.7,AB	
1700067500.5704024	+6.67,+8.9,+21.3,OB	+6.68,+12.9,+21.3,KA	+2.92,+230.5,+21.4,CB	+2.71,+242.8,+19.7,NB	+2.43,+259.5,+20.5,@B	+2.86,+233.9,+19.7,AB	
1700067562.5787408	+6.67,+8.9,+21.3,OB	+6.68,+12.9,+21.3,KA	+2.92,+230.5,+21.3,DB	+2.71,+242.5,+19.7,CB	+2.42,+259.9,+20.5,MB	+2.86,+233.9,+19.7,AB	
1700067624.5884686	+6.67,+9.0,+21.3,GB	+6.68,+12.9,+21.3,KA	+2.92,+230.5,+21.3,DB	+2.72,+242.4,+19.7,AB	+2.42,+260.1,+20.5,OB	+2.86,+233.9,+19.7,AB	
1700067870.1432104	+6.67,+8.9,+21.3,OB	+6.68,+12.8,+21.3,JA	+2.92,+230.5,+21.3,DB	+2.72,+242.4,+19.7,AB	+2.42,+260.1,+20.5,OB	+2.86,+233.8,+19.7,@B	
1700067932.1528773	+6.67,+8.8,+21.3,NB	+6.68,+12.8,+21.3,JA	+2.92,+230.5,+21.3,DB	+2.72,+242.4,+19.8,NB	+2.41,+260.5,+20.5,HB	+2.86,+233.9,+19.7,AB	
1700067994.1631813	+6.67,+8.8,+21.3,NB	+6.68,+12.9,+21.3,KA	+2.92,+230.5,+21.3,DB	+2.72,+242.4,+19.7,AB	+2.40,+260.9,+20.5,EB	+2.86,+233.9,+19.7,AB	
1700068056.1726143	+6.67,+8.8,+21.3,NB	+6.68,+12.9,+21.3,KA	+2.92,+230.4,+21.4,BB	+2.72,+242.3,+19.7,FB	+2.40,+261.1,+20.5,LB	+2.86,+233.9,+19.7,AB	
1700068118.1824706	+6.67,+8.8,+21.3,NB	+6.68,+12.9,+21.4,LA	+2.92,+230.5,+21.4,CB	+2.72,+242.3,+19.7,FB	+2.39,+261.4,+20.5,GB	+2.86,+233.9,+19.7,AB	
1700068180.1916585	+6.67,+8.9,+21.3,OB	+6.68,+12.9,+21.4,LA	+2.92,+230.5,+21.3,DB	+2.72,+242.3,+19.7,FB	+2.39,+261.4,+20.5,GB	+2.86,+234.0,+19.7,OB	
1700068242.199653	+6.67,+8.9,+21.3,OB	+6.68,+12.8,+21.4,MA	+2.92,+230.5,+21.3,DB	+2.72,+242.4,+19.8,NB	+2.40,+260.9,+20.5,EB	+2.86,+233.9,+19.7,AB	
1700068304.20695	+6.67,+8.9,+21.3,OB	+6.68,+12.8,+21.3,JA	+2.92,+230.5,+21.3,DB	+2.72,+242.4,+19.7,AB	+2.40,+261.2,+20.5,OB	+2.86,+233.9,+19.7,AB	
1700068366.2171257	+6.67,+8.9,+21.3,OB	+6.68,+12.8,+21.3,JA	+2.92,+230.5,+21.4,CB	+2.72,+242.4,+19.8,NB	+2.39,+261.4,+20.5,GB	+2.86,+233.9,+19.7,AB	
1700068428.2279513	+6.66,+9.4,+21.3,BB	+6.68,+12.8,+21.4,MA	+2.92,+230.5,+21.3,DB	+2.71,+242.5,+19.8,LB	+2.39,+261.6,+20.5,EB	+2.86,+234.0,+19.7,OB	
1700068490.2386467	+6.64,+10.3,+21.3,OA	+6.68,+12.8,+21.3,JA	+2.92,+230.5,+21.3,DB	+2.72,+242.4,+19.8,NB	+2.40,+261.0,+20.5,MB	+2.86,+233.9,+19.8,NB	
1700068552.2481444	+6.64,+10.5,+21.3,IA	+6.68,+12.9,+21.4,LA	+2.92,+230.5,+21.3,DB	+2.72,+242.4,+19.8,NB	+2.40,+261.2,+20.6,LB	+2.86,+234.0,+19.7,OB	
1700068614.2583349	+6.64,+10.4,+21.3,HA	+6.68,+12.9,+21.4,LA	+2.92,+230.5,+21.3,DB	+2.71,+242.5,+19.8,LB	+2.39,+261.3,+20.5,@B	+2.86,+234.0,+19.7,OB	
1700068676.2666667	+6.64,+10.3,+21.3,OA	+6.68,+12.9,+21.4,LA	+2.92,+230.5,+21.4,CB	+2.72,+242.4,+19.7,AB	+2.39,+261.7,+20.5,DB	+2.86,+234.0,+19.7,OB	
1700068738.2767963	+6.65,+10.1,+21.3,LA	+6.68,+12.8,+21.4,MA	+2.92,+230.5,+21.4,CB	+2.71,+242.6,+19.8,OB	+2.38,+262.0,+20.5,AB	+2.86,+234.0,+19.7,OB	
1700068800.2865188	+6.65,+10.0,+21.3,MA	+6.68,+12.8,+21.4,MA	+2.92,+230.4,+21.4,BB	+2.71,+242.6,+19.8,OB	+2.37,+262.6,+20.5,HB	+2.86,+233.9,+19.7,AB	
1700068862.2960584	+6.65,+9.9,+21.3,LB	+6.68,+12.8,+21.4,MA	+2.92,+230.5,+21.4,CB	+2.71,+242.5,+19.8,LB	+2.41,+260.4,+20.5,IB	+2.86,+234.0,+19.7,OB	
1700068924.3035643	+6.65,+9.8,+21.3,MB	+6.68,+12.8,+21.3,JA	+2.92,+230.5,+21.3,DB	+2.71,+242.5,+19.8,LB	+2.41,+260.4,+20.6,JB	+2.86,+234.0,+19.8,@B	
1700068986.3129044	+6.65,+9.7,+21.3,BB	+6.68,+12.9,+21.4,LA	+2.92,+230.6,+21.4,@B	+2.71,+242.7,+19.8,NB	+2.41,+260.4,+20.5,IB	+2.86,+234.0,+19.8,@B	
1700069048.322558	+6.66,+9.7,+21.3,AB	+6.68,+12.8,+21.4,MA	+2.92,+230.6,+21.4,@B	+2.71,+242.7,+19.8,NB	+2.40,+260.8,+20.6,GB	+2.86,+234.0,+19.8,@B	
1700069110.3319383	+6.66,+9.6,+21.3,@B	+6.68,+12.8,+21.4,MA	+2.92,+230.4,+21.3,EB	+2.71,+242.6,+19.8,OB	+2.39,+261.5,+20.5,FB	+2.86,+234.0,+19.7,OB	
1700069172.3414352	+6.66,+9.6,+21.3,@B	+6.68,+12.9,+21.4,LA	+2.92,+230.5,+21.4,CB	+2.71,+242.6,+19.7,@B	+2.39,+261.8,+20.5,KB	+2.86,+234.0,+19.7,OB	
1700069234.3503382	+6.66,+9.6,+21.3,@B	+6.68,+12.9,+21.4,LA	+2.92,+230.5,+21.4,CB	+2.71,+242.6,+19.8,OB	+2.38,+262.2,+20.5,CB	+2.86,+233.9,+19.7,AB	
1700069296.3598883	+6.66,+9.5,+21.3,CB	+6.68,+12.8,+21.4,MA	+2.92,+230.4,+21.4,BB	+2.71,+242.6,+19.8,OB	+2.37,+262.8,+20.5,FB	+2.86,+233.9,+19.8,NB	
