62309060476	62309060477	62309060478	62309060479	62309060481	62309060482	
1701063036.9180648	+6.58,+14.2,+22.2,GA	+6.25,+38.3,+22.1,AA	+6.53,+23.3,+22.2,IA	+6.87,+4.5,+20.6,EB	+2.34,+265.3,+21.4,IB	+6.88,+5.0,+20.6,NB	
1701063098.9272952	+6.58,+14.2,+22.2,GA	+6.25,+38.3,+22.1,AA	+6.53,+23.3,+22.2,IA	+6.87,+4.5,+20.6,EB	+2.34,+265.3,+21.3,NB	+6.88,+5.0,+20.6,NB	
1701063160.9329922	+6.58,+14.2,+22.2,GA	+6.25,+38.2,+22.1,@A	+6.53,+23.4,+22.1,MA	+6.87,+4.5,+20.6,EB	+2.34,+265.3,+21.3,NB	+6.88,+4.9,+20.6,FB	
1701063222.9429371	+6.58,+14.2,+22.2,GA	+6.25,+38.2,+22.1,@A	+6.53,+23.3,+22.1,JA	+6.87,+4.5,+20.6,EB	+2.34,+265.2,+21.3,OB	+6.88,+4.9,+20.6,FB	
1701063284.9519305	+6.58,+14.2,+22.2,GA	+6.25,+38.2,+22.1,@A	+6.53,+23.3,+22.1,JA	+6.87,+4.5,+20.6,EB	+2.34,+265.4,+21.3,IB	+6.88,+5.0,+20.6,NB	
1701063346.9619226	+6.58,+14.2,+22.2,GA	+6.25,+38.3,+22.1,AA	+6.53,+23.3,+22.2,IA	+6.88,+4.5,+20.6,JB	+2.34,+265.2,+21.4,HB	+6.88,+5.0,+20.6,NB	
1701063408.9706078	+6.58,+14.2,+22.2,GA	+6.25,+38.2,+22.2,CA	+6.53,+23.4,+22.1,MA	+6.87,+4.5,+20.6,EB	+2.34,+265.1,+21.3,LB	+6.88,+5.0,+20.6,NB	
1701063470.9747624	+6.58,+14.2,+22.1,DA	+6.25,+38.2,+22.1,@A	+6.53,+23.3,+22.1,JA	+6.87,+4.6,+20.6,FB	+2.34,+265.2,+21.3,OB	+6.88,+5.0,+20.6,NB	
1701063532.9855826	+6.58,+14.2,+22.1,DA	+6.25,+38.3,+22.1,AA	+6.53,+23.3,+22.1,JA	+6.88,+4.5,+20.6,JB	+2.34,+265.3,+21.3,NB	+6.88,+5.0,+20.6,NB	
1701063594.9905744	+6.58,+14.2,+22.1,DA	+6.25,+38.2,+22.1,@A	+6.53,+23.4,+22.1,MA	+6.87,+4.5,+20.6,EB	+2.34,+265.0,+21.3,MB	+6.88,+5.0,+20.6,NB	
1701063656.9972742	+6.58,+14.2,+22.1,DA	+6.25,+38.2,+22.1,@A	+6.53,+23.3,+22.1,JA	+6.87,+4.5,+20.6,EB	+2.34,+265.0,+21.3,MB	+6.88,+4.9,+20.6,FB	
1701063719.0060155	+6.58,+14.2,+22.2,GA	+6.25,+38.2,+22.1,@A	+6.53,+23.3,+22.1,JA	+6.87,+4.5,+20.6,EB	+2.35,+264.9,+21.3,DB	+6.88,+4.9,+20.6,FB	
1701063781.014553	+6.58,+14.3,+22.2,FA	+6.25,+38.2,+22.1,@A	+6.53,+23.4,+22.1,MA	+6.87,+4.5,+20.6,EB	+2.34,+265.1,+21.3,LB	+6.88,+4.9,+20.6,FB	
1701063843.0248594	+6.58,+14.2,+22.2,GA	+6.25,+38.2,+22.1,@A	+6.53,+23.3,+22.1,JA	+6.88,+4.4,+20.6,KB	+2.34,+265.3,+21.3,NB	+6.88,+4.9,+20.6,FB	
1701063905.0327237	+6.58,+14.1,+22.2,DA	+6.25,+38.2,+22.1,@A	+6.53,+23.3,+22.1,JA	+6.87,+4.5,+20.6,EB	+2.34,+265.4,+21.3,IB	+6.88,+4.9,+20.6,FB	
1701063967.0421028	+6.58,+14.2,+22.1,DA	+6.25,+38.3,+22.2,BA	+6.53,+23.3,+22.1,JA	+6.87,+4.5,+20.6,EB	+2.34,+265.3,+21.3,NB	+6.88,+5.0,+20.6,NB	
1701064029.047875	+6.58,+14.2,+22.2,GA	+6.25,+38.3,+22.1,AA	+6.53,+23.3,+22.1,JA	+6.88,+4.5,+20.6,JB	+2.33,+265.5,+21.3,OB	+6.88,+4.9,+20.6,FB	
1701064091.05683	+6.58,+14.2,+22.2,GA	+6.25,+38.2,+22.1,@A	+6.53,+23.3,+22.1,JA	+6.87,+4.5,+20.6,EB	+2.34,+265.3,+21.3,NB	+6.88,+4.9,+20.6,FB	
1701064153.0647707	+6.58,+14.2,+22.1,DA	+6.25,+38.2,+22.1,@A	+6.53,+23.4,+22.1,MA	+6.87,+4.5,+20.6,EB	+2.33,+265.5,+21.3,OB	+6.88,+5.0,+20.6,NB	
1701064215.0734565	+6.58,+14.2,+22.1,DA	+6.25,+38.3,+22.2,BA	+6.53,+23.3,+22.1,JA	+6.87,+4.5,+20.6,EB	+2.33,+265.5,+21.3,OB	+6.88,+4.9,+20.6,FB	
1701064277.0827842	+6.58,+14.2,+22.2,GA	+6.25,+38.2,+22.2,CA	+6.53,+23.4,+22.2,NA	+6.87,+4.5,+20.6,EB	+2.33,+265.5,+21.3,OB	+6.88,+4.9,+20.6,FB	
1701064339.0901675	+6.58,+14.2,+22.2,GA	+6.25,+38.3,+22.1,AA	+6.53,+23.3,+22.1,JA	+6.87,+4.5,+20.6,EB	+2.34,+265.4,+21.3,IB	+6.88,+5.0,+20.6,NB	
1701064401.098271	+6.58,+14.2,+22.1,DA	+6.25,+38.3,+22.1,AA	+6.53,+23.4,+22.1,MA	+6.87,+4.5,+20.6,EB	+2.34,+265.4,+21.3,IB	+6.88,+5.0,+20.6,NB	
1701064463.1056046	+6.58,+14.2,+22.2,GA	+6.25,+38.2,+22.1,@A	+6.53,+23.3,+22.2,IA	+6.88,+4.4,+20.6,KB	+2.34,+265.5,+21.4,OB	+6.88,+4.9,+20.6,FB	
1701064525.1152263	+6.58,+14.2,+22.2,GA	+6.25,+38.3,+22.1,AA	+6.53,+23.3,+22.2,IA	+6.87,+4.5,+20.6,EB	+2.33,+265.5,+21.4,HB	+6.88,+5.0,+20.6,NB	
1701064587.120838	+6.58,+14.2,+22.2,GA	+6.25,+38.2,+22.2,CA	+6.53,+23.4,+22.1,MA	+6.87,+4.5,+20.6,EB	+2.34,+265.4,+21.3,IB	+6.88,+4.9,+20.6,FB	
1701064649.1304438	+6.58,+14.2,+22.2,GA	+6.25,+38.2,+22.1,@A	+6.53,+23.3,+22.1,JA	+6.88,+4.4,+20.6,KB	+2.34,+265.5,+21.4,OB	+6.88,+5.0,+20.6,NB	
1701064711.14465	+6.58,+14.2,+22.2,GA	+6.25,+38.2,+22.2,CA	+6.53,+23.3,+22.2,IA	+6.87,+4.5,+20.6,EB	+2.33,+265.5,+21.4,HB	+6.88,+5.0,+20.6,NB	
1701064773.1533194	+6.58,+14.3,+22.2,FA	+6.25,+38.2,+22.2,CA	+6.53,+23.4,+22.2,NA	+6.87,+4.5,+20.6,EB	+2.33,+265.7,+21.4,JB	+6.88,+5.0,+20.6,NB	
1701064835.1619773	+6.58,+14.3,+22.2,FA	+6.25,+38.3,+22.2,BA	+6.53,+23.3,+22.2,IA	+6.88,+4.5,+20.6,JB	+2.33,+265.8,+21.3,BB	+6.88,+5.0,+20.6,NB	
1701064897.170783	+6.58,+14.2,+22.2,GA	+6.25,+38.3,+22.1,AA	+6.53,+23.3,+22.1,JA	+6.87,+4.5,+20.6,EB	+2.33,+265.7,+21.3,MB	+6.88,+5.0,+20.6,NB	
1701064959.1799781	+6.58,+14.2,+22.2,GA	+6.25,+38.3,+22.2,BA	+6.53,+23.3,+22.2,IA	+6.88,+4.4,+20.6,KB	+2.33,+265.8,+21.4,EB	+6.88,+5.0,+20.6,NB	
1701065021.1890395	+6.58,+14.2,+22.2,GA	+6.25,+38.3,+22.1,AA	+6.53,+23.3,+22.2,IA	+6.88,+4.5,+20.6,JB	+2.33,+265.9,+21.3,CB	+6.88,+5.0,+20.6,NB	
1701065083.1981378	+6.58,+14.2,+22.2,GA	+6.25,+38.3,+22.1,AA	+6.53,+23.3,+22.2,IA	+6.88,+4.5,+20.6,JB	+2.33,+265.9,+21.3,CB	+6.88,+5.0,+20.6,NB	
1701065145.2068665	+6.58,+14.2,+22.1,DA	+6.24,+38.4,+22.1,GA	+6.53,+23.3,+22.2,IA	+6.88,+4.5,+20.6,JB	+2.33,+265.9,+21.4,DB	+6.88,+5.1,+20.6,OB	
1701065207.2156708	+6.58,+14.2,+22.2,GA	+6.24,+38.4,+22.2,DA	+6.53,+23.3,+22.2,IA	+6.88,+4.4,+20.6,KB	+2.33,+265.9,+21.4,DB	+6.88,+5.0,+20.6,NB	
1701065269.2249088	+6.58,+14.2,+22.2,GA	+6.24,+38.4,+22.1,GA	+6.53,+23.3,+22.1,JA	+6.87,+4.5,+20.6,EB	+2.33,+265.9,+21.3,CB	+6.88,+5.0,+20.6,NB	
1701065331.234002	+6.58,+14.2,+22.2,GA	+6.24,+38.3,+22.1,@A	+6.53,+23.3,+22.2,IA	+6.88,+4.4,+20.6,KB	+2.33,+265.8,+21.4,EB	+6.88,+5.0,+20.6,NB	
1701065393.2422116	+6.58,+14.2,+22.1,DA	+6.24,+38.3,+22.1,@A	+6.53,+23.3,+22.1,JA	+6.88,+4.5,+20.6,JB	+2.33,+266.0,+21.4,NB	+6.88,+5.0,+20.6,NB	
1701065455.2520049	+6.58,+14.2,+22.2,GA	+6.25,+38.3,+22.1,AA	+6.53,+23.4,+22.2,NA	+6.88,+4.4,+20.6,KB	+2.32,+266.1,+21.4,NB	+6.88,+5.0,+20.6,NB	
1701065517.258896	+6.58,+14.2,+22.2,GA	+6.25,+38.3,+22.1,AA	+6.53,+23.4,+22.1,MA	+6.87,+4.5,+20.6,EB	+2.32,+266.2,+21.4,MB	+6.88,+5.0,+20.6,NB	
1701065579.2703383	+6.58,+14.2,+22.2,GA	+6.25,+38.3,+22.1,AA	+6.53,+23.3,+22.2,IA	+6.88,+4.5,+20.6,JB	+2.32,+266.1,+21.4,NB	+6.88,+5.0,+20.6,NB	
1701065641.2783644	+6.58,+14.2,+22.2,GA	+6.25,+38.2,+22.1,@A	+6.53,+23.3,+22.1,JA	+6.88,+4.4,+20.6,KB	+2.32,+266.1,+21.4,NB	+6.88,+5.0,+20.6,NB	
1701065703.2870722	+6.58,+14.2,+22.1,DA	+6.25,+38.3,+22.1,AA	+6.53,+23.3,+22.2,IA	+6.88,+4.4,+20.6,KB	+2.32,+266.2,+21.3,JB	+6.88,+5.0,+20.6,NB	
1701065765.2936127	+6.58,+14.2,+22.2,GA	+6.25,+38.3,+22.1,AA	+6.53,+23.4,+22.1,MA	+6.88,+4.4,+20.6,KB	+2.32,+266.2,+21.4,MB	+6.88,+5.0,+20.6,NB	
1701065827.2999988	+6.58,+14.2,+22.2,GA	+6.25,+38.2,+22.1,@A	+6.53,+23.4,+22.1,MA	+6.87,+4.5,+20.6,EB	+2.32,+266.2,+21.4,MB	+6.88,+5.1,+20.6,OB	
1701065889.3079188	+6.58,+14.2,+22.2,GA	+6.25,+38.3,+22.2,BA	+6.53,+23.4,+22.1,MA	+6.88,+4.5,+20.6,JB	+2.32,+266.3,+21.3,KB	+6.88,+5.0,+20.6,NB	
1701065951.316751	+6.58,+14.2,+22.2,GA	+6.24,+38.3,+22.1,@A	+6.53,+23.3,+22.1,JA	+6.88,+4.4,+20.6,KB	+2.32,+266.2,+21.3,JB	+6.88,+5.0,+20.6,NB	
1701066013.3257012	+6.58,+14.2,+22.2,GA	+6.25,+38.3,+22.1,AA	+6.53,+23.3,+22.1,JA	+6.87,+4.5,+20.6,EB	+2.32,+266.4,+21.3,LB	+6.88,+5.0,+20.6,NB	
1701066075.3316855	+6.58,+14.2,+22.2,GA	+6.25,+38.3,+22.1,AA	+6.53,+23.4,+22.1,MA	+6.88,+4.4,+20.6,KB	+2.32,+266.4,+21.4,KB	+6.88,+5.0,+20.6,NB	
1701066137.3416848	+6.58,+14.2,+22.1,DA	+6.25,+38.3,+22.1,AA	+6.53,+23.4,+22.1,MA	+6.88,+4.4,+20.6,KB	+2.32,+266.3,+21.3,KB	+6.88,+5.0,+20.6,NB	
1701066199.3492045	+6.58,+14.2,+22.2,GA	+6.25,+38.3,+22.1,AA	+6.53,+23.4,+22.1,MA	+6.88,+4.4,+20.6,KB	+2.32,+266.4,+21.4,KB	+6.88,+5.0,+20.6,NB	
1701066261.3571167	+6.58,+14.2,+22.2,GA	+6.25,+38.3,+22.2,BA	+6.53,+23.4,+22.1,MA	+6.88,+4.5,+20.6,JB	+2.32,+266.4,+21.4,KB	+6.88,+5.0,+20.6,NB	
1701066323.363749	+6.58,+14.2,+22.2,GA	+6.25,+38.3,+22.1,AA	+6.53,+23.3,+22.1,JA	+6.88,+4.4,+20.6,KB	+2.32,+266.5,+21.4,JB	+6.88,+5.0,+20.6,NB	
1701066385.3720217	+6.58,+14.2,+22.2,GA	+6.25,+38.3,+22.1,AA	+6.53,+23.3,+22.1,JA	+6.88,+4.4,+20.6,KB	+2.32,+266.5,+21.4,JB	+6.88,+5.0,+20.6,NB	
1701066447.3806198	+6.58,+14.2,+22.2,GA	+6.24,+38.3,+22.1,@A	+6.53,+23.4,+22.1,MA	+6.88,+4.4,+20.6,KB	+2.32,+266.5,+21.4,JB	+6.88,+5.0,+20.6,NB	
1701066509.3904138	+6.58,+14.2,+22.2,GA	+6.25,+38.2,+22.1,@A	+6.53,+23.3,+22.1,JA	+6.88,+4.4,+20.6,KB	+2.32,+266.4,+21.4,KB	+6.88,+4.9,+20.6,FB	
1701066571.4000268	+6.58,+14.2,+22.2,GA	+6.24,+38.4,+22.1,GA	+6.53,+23.4,+22.2,NA	+6.88,+4.5,+20.6,JB	+2.32,+266.2,+21.3,JB	+6.88,+5.1,+20.6,OB	
1701066816.9616885	+6.58,+14.2,+22.2,GA	+6.25,+38.3,+22.2,BA	+6.53,+23.4,+22.2,NA	+6.88,+4.4,+20.6,KB	+2.32,+266.5,+21.3,MB	+6.88,+4.9,+20.6,FB	
1701066878.9706542	+6.58,+14.2,+22.2,GA	+6.25,+38.3,+22.1,AA	+6.53,+23.4,+22.2,NA	+6.87,+4.5,+20.6,EB	+2.32,+266.1,+21.3,IB	+6.88,+5.0,+20.6,NB	
1701066940.977781	+6.58,+14.2,+22.2,GA	+6.25,+38.3,+22.2,BA	+6.53,+23.4,+22.1,MA	+6.88,+4.4,+20.6,KB	+2.32,+266.3,+21.4,LB	+6.88,+4.9,+20.6,FB	
1701067002.9849398	+6.58,+14.2,+22.2,GA	+6.25,+38.3,+22.2,BA	+6.53,+23.3,+22.2,IA	+6.87,+4.5,+20.6,EB	+2.32,+266.3,+21.4,LB	+6.88,+4.9,+20.6,FB	
1701067064.993963	+6.58,+14.2,+22.2,GA	+6.24,+38.4,+22.2,DA	+6.53,+23.4,+22.1,MA	+6.88,+4.4,+20.6,KB	+2.32,+266.3,+21.4,LB	+6.88,+5.0,+20.6,NB	
1701067127.0032308	+6.58,+14.2,+22.2,GA	+6.24,+38.3,+22.2,CA	+6.53,+23.4,+22.2,NA	+6.88,+4.4,+20.6,KB	+2.32,+266.3,+21.4,LB	+6.88,+5.0,+20.6,NB	
1701067189.0106194	+6.58,+14.2,+22.2,GA	+6.25,+38.3,+22.2,BA	+6.53,+23.4,+22.2,NA	+6.87,+4.5,+20.6,EB	+2.33,+265.7,+21.3,MB	+6.88,+4.9,+20.6,FB	
1701067251.0188007	+6.58,+14.2,+22.2,GA	+6.25,+38.3,+22.2,BA	+6.53,+23.4,+22.2,NA	+6.88,+4.5,+20.6,JB	+2.32,+266.2,+21.4,MB	+6.88,+5.0,+20.6,NB	
1701067313.0289218	+6.58,+14.2,+22.2,GA	+6.25,+38.3,+22.2,BA	+6.53,+23.4,+22.2,NA	+6.88,+4.4,+20.6,KB	+2.32,+266.2,+21.3,JB	+6.88,+5.0,+20.6,NB	
1701067375.0349064	+6.58,+14.2,+22.2,GA	+6.24,+38.3,+22.2,CA	+6.53,+23.4,+22.1,MA	+6.88,+4.4,+20.6,KB	+2.32,+266.2,+21.4,MB	+6.88,+5.0,+20.6,NB	
1701067437.0430772	+6.58,+14.3,+22.2,FA	+6.24,+38.4,+22.2,DA	+6.53,+23.4,+22.2,NA	+6.88,+4.4,+20.6,KB	+2.33,+266.0,+21.4,NB	+6.88,+5.0,+20.6,NB	
1701067499.0510788	+6.58,+14.2,+22.2,GA	+6.24,+38.4,+22.2,DA	+6.53,+23.3,+22.1,JA	+6.88,+4.4,+20.6,KB	+2.32,+266.1,+21.4,NB	+6.88,+5.0,+20.6,NB	
1701067561.0608344	+6.58,+14.2,+22.2,GA	+6.24,+38.4,+22.2,DA	+6.53,+23.4,+22.2,NA	+6.88,+4.4,+20.6,KB	+2.33,+265.7,+21.4,JB	+6.88,+5.0,+20.6,NB	
1701067623.0694132	+6.58,+14.2,+22.2,GA	+6.24,+38.3,+22.2,CA	+6.53,+23.4,+22.2,NA	+6.88,+4.4,+20.6,KB	+2.33,+266.1,+21.4,OB	+6.88,+5.0,+20.6,NB	
1701067685.0783772	+6.58,+14.2,+22.2,GA	+6.24,+38.4,+22.2,DA	+6.53,+23.4,+22.2,NA	+6.88,+4.4,+20.6,KB	+2.32,+266.2,+21.4,MB	+6.88,+5.0,+20.6,NB	
1701067747.0886877	+6.58,+14.2,+22.2,GA	+6.24,+38.4,+22.1,GA	+6.53,+23.4,+22.2,NA	+6.88,+4.4,+20.6,KB	+2.32,+266.5,+21.4,JB	+6.88,+5.0,+20.6,NB	
1701067809.0979192	+6.58,+14.1,+22.2,DA	+6.24,+38.4,+22.1,GA	+6.53,+23.4,+22.2,NA	+6.88,+4.4,+20.6,KB	+2.32,+266.4,+21.4,KB	+6.88,+4.9,+20.6,FB	
1701067871.105174	+6.58,+14.2,+22.2,GA	+6.24,+38.4,+22.1,GA	+6.53,+23.4,+22.2,NA	+6.88,+4.4,+20.6,KB	+2.32,+266.2,+21.3,JB	+6.88,+5.0,+20.6,NB	
1701067933.1135209	+6.58,+14.2,+22.2,GA	+6.24,+38.4,+22.2,DA	+6.53,+23.4,+22.2,NA	+6.88,+4.4,+20.6,KB	+2.32,+266.2,+21.4,MB	+6.88,+5.0,+20.6,NB	
1701067995.1214874	+6.58,+14.2,+22.2,GA	+6.24,+38.4,+22.1,GA	+6.53,+23.4,+22.1,MA	+6.88,+4.4,+20.6,KB	+2.32,+266.4,+21.4,KB	+6.88,+4.9,+20.6,FB	
1701068057.1302521	+6.58,+14.1,+22.2,DA	+6.24,+38.3,+22.1,@A	+6.53,+23.4,+22.1,MA	+6.88,+4.4,+20.6,KB	+2.32,+266.5,+21.4,JB	+6.88,+4.9,+20.6,FB	
1701068119.1392057	+6.58,+14.1,+22.2,DA	+6.25,+38.3,+22.2,BA	+6.53,+23.4,+22.2,NA	+6.88,+4.4,+20.6,KB	+2.32,+266.4,+21.4,KB	+6.88,+5.0,+20.6,NB	
1701068181.148825	+6.58,+14.2,+22.2,GA	+6.24,+38.4,+22.2,DA	+6.53,+23.4,+22.1,MA	+6.88,+4.4,+20.6,KB	+2.32,+266.3,+21.4,LB	+6.88,+5.0,+20.6,NB	
1701068243.154654	+6.58,+14.2,+22.2,GA	+6.24,+38.4,+22.1,GA	+6.53,+23.3,+22.2,IA	+6.88,+4.4,+20.6,KB	+2.32,+266.3,+21.4,LB	+6.88,+5.1,+20.6,OB	
1701068305.164587	+6.58,+14.2,+22.2,GA	+6.25,+38.3,+22.1,AA	+6.53,+23.5,+22.1,LA	+6.88,+4.4,+20.6,KB	+2.32,+266.5,+21.4,JB	+6.88,+5.0,+20.6,NB	
1701068367.1713946	+6.58,+14.1,+22.2,DA	+6.24,+38.4,+22.1,GA	+6.53,+23.4,+22.2,NA	+6.88,+4.3,+20.6,LB	+2.32,+266.3,+21.4,LB	+6.88,+5.0,+20.6,NB	
1701068429.182807	+6.58,+14.2,+22.2,GA	+6.25,+38.3,+22.1,AA	+6.53,+23.4,+22.1,MA	+6.88,+4.4,+20.6,KB	+2.32,+266.5,+21.4,JB	+6.88,+5.0,+20.6,NB	
1701068491.191148	+6.58,+14.2,+22.2,GA	+6.25,+38.3,+22.1,AA	+6.53,+23.4,+22.1,MA	+6.88,+4.4,+20.6,KB	+2.32,+266.5,+21.4,JB	+6.88,+5.1,+20.6,OB	
1701068553.200785	+6.58,+14.2,+22.2,GA	+6.24,+38.4,+22.1,GA	+6.53,+23.4,+22.1,MA	+6.88,+4.4,+20.6,KB	+2.32,+266.2,+21.4,MB	+6.88,+5.0,+20.6,NB	
1701068615.2091231	+6.58,+14.2,+22.2,GA	+6.25,+38.3,+22.2,BA	+6.53,+23.4,+22.1,MA	+6.88,+4.5,+20.6,JB	+2.32,+266.4,+21.4,KB	+6.88,+5.1,+20.6,OB	
1701068677.2153323	+6.58,+14.2,+22.2,GA	+6.25,+38.3,+22.1,AA	+6.53,+23.4,+22.1,MA	+6.88,+4.4,+20.6,KB	+2.32,+266.5,+21.4,JB	+6.88,+5.1,+20.6,OB	
1701068739.2241588	+6.58,+14.1,+22.2,DA	+6.24,+38.3,+22.1,@A	+6.53,+23.4,+22.2,NA	+6.88,+4.3,+20.6,LB	+2.32,+266.3,+21.4,LB	+6.88,+5.0,+20.6,NB	
1701068801.230509	+6.58,+14.2,+22.2,GA	+6.24,+38.3,+22.1,@A	+6.53,+23.4,+22.2,NA	+6.88,+4.4,+20.6,KB	+2.32,+266.3,+21.4,LB	+6.88,+5.0,+20.6,NB	
1701068863.2398832	+6.58,+14.2,+22.2,GA	+6.24,+38.4,+22.1,GA	+6.53,+23.4,+22.1,MA	+6.88,+4.4,+20.6,KB	+2.32,+266.1,+21.4,NB	+6.88,+5.1,+20.6,OB	
1701068925.2491572	+6.58,+14.2,+22.2,GA	+6.24,+38.4,+22.1,GA	+6.53,+23.4,+22.2,NA	+6.88,+4.4,+20.6,KB	+2.32,+266.4,+21.4,KB	+6.88,+5.0,+20.6,NB	
1701068987.2581508	+6.58,+14.2,+22.2,GA	+6.24,+38.4,+22.2,DA	+6.53,+23.4,+22.1,MA	+6.88,+4.4,+20.6,KB	+2.32,+266.4,+21.4,KB	+6.88,+5.0,+20.6,NB	
1701069049.2678607	+6.58,+14.2,+22.2,GA	+6.24,+38.4,+22.2,DA	+6.53,+23.4,+22.2,NA	+6.88,+4.4,+20.6,KB	+2.32,+266.3,+21.4,LB	+6.88,+5.1,+20.6,OB	
1701069111.277023	+6.58,+14.2,+22.2,GA	+6.24,+38.3,+22.1,@A	+6.53,+23.4,+22.2,NA	+6.88,+4.4,+20.6,KB	+2.33,+266.0,+21.4,NB	+6.88,+5.0,+20.6,NB	
1701069173.28684	+6.58,+14.1,+22.2,DA	+6.24,+38.4,+22.2,DA	+6.53,+23.4,+22.2,NA	+6.88,+4.4,+20.6,KB	+2.34,+265.5,+21.4,OB	+6.88,+5.1,+20.6,OB	
1701069235.2906969	+6.58,+14.1,+22.2,DA	+6.24,+38.4,+22.1,GA	+6.53,+23.4,+22.1,MA	+6.88,+4.5,+20.6,JB	+2.33,+265.6,+21.4,KB	+6.88,+5.1,+20.6,OB	
1701069297.298483	+6.58,+14.2,+22.2,GA	+6.24,+38.4,+22.2,DA	+6.53,+23.5,+22.2,OA	+6.88,+4.4,+20.6,KB	+2.33,+265.6,+21.4,KB	+6.88,+5.0,+20.6,NB	
1701069359.3056505	+6.58,+14.2,+22.2,GA	+6.24,+38.3,+22.2,CA	+6.53,+23.5,+22.2,OA	+6.88,+4.4,+20.6,KB	+2.33,+265.7,+21.4,JB	+6.88,+5.0,+20.6,NB	
1701069421.313861	+6.58,+14.2,+22.2,GA	+6.24,+38.3,+22.1,@A	+6.53,+23.4,+22.2,NA	+6.88,+4.4,+20.6,KB	+2.33,+265.9,+21.4,DB	+6.88,+5.1,+20.6,OB	
1701069483.3229153	+6.58,+14.2,+22.2,GA	+6.24,+38.4,+22.1,GA	+6.53,+23.4,+22.1,MA	+6.88,+4.3,+20.6,LB	+2.33,+265.9,+21.4,DB	+6.88,+5.1,+20.6,OB	
1701069545.3305292	+6.58,+14.2,+22.2,GA	+6.24,+38.3,+22.2,CA	+6.53,+23.4,+22.2,NA	+6.88,+4.4,+20.6,KB	+2.33,+265.8,+21.3,BB	+6.88,+5.0,+20.6,NB	
1701069607.339189	+6.58,+14.2,+22.2,GA	+6.24,+38.3,+22.1,@A	+6.53,+23.5,+22.1,LA	+6.88,+4.4,+20.6,KB	+2.33,+265.9,+21.4,DB	+6.88,+5.0,+20.6,NB	
1701069669.3471956	+6.58,+14.1,+22.2,DA	+6.24,+38.4,+22.2,DA	+6.53,+23.5,+22.2,OA	+6.88,+4.4,+20.6,KB	+2.33,+265.7,+21.4,JB	+6.88,+5.0,+20.6,NB	
1701069731.3552256	+6.58,+14.2,+22.2,GA	+6.24,+38.4,+22.1,GA	+6.53,+23.4,+22.1,MA	+6.88,+4.4,+20.6,KB	+2.33,+266.0,+21.4,NB	+6.88,+5.0,+20.6,NB	
1701069793.3634	+6.58,+14.2,+22.2,GA	+6.24,+38.4,+22.2,DA	+6.53,+23.4,+22.2,NA	+6.88,+4.4,+20.6,KB	+2.33,+266.0,+21.4,NB	+6.88,+5.0,+20.6,NB	
1701069855.3720407	+6.58,+14.2,+22.2,GA	+6.24,+38.4,+22.2,DA	+6.53,+23.4,+22.1,MA	+6.88,+4.4,+20.6,KB	+2.32,+266.2,+21.4,MB	+6.88,+5.0,+20.6,NB	
1701069917.3795736	+6.58,+14.2,+22.2,GA	+6.24,+38.3,+22.2,CA	+6.53,+23.4,+22.2,NA	+6.88,+4.4,+20.6,KB	+2.32,+266.3,+21.4,LB	+6.88,+5.1,+20.6,OB	
1701069979.389742	+6.58,+14.1,+22.2,DA	+6.24,+38.3,+22.1,@A	+6.53,+23.5,+22.2,OA	+6.88,+4.4,+20.6,KB	+2.32,+266.3,+21.4,LB	+6.88,+5.2,+20.6,LB	
1701070041.398407	+6.58,+14.2,+22.2,GA	+6.25,+38.3,+22.1,AA	+6.53,+23.4,+22.1,MA	+6.88,+4.4,+20.6,KB	+2.32,+266.5,+21.4,JB	+6.88,+5.1,+20.6,OB	
1701070103.4064097	+6.58,+14.2,+22.2,GA	+6.24,+38.4,+22.2,DA	+6.53,+23.4,+22.2,NA	+6.88,+4.4,+20.6,KB	+2.32,+266.3,+21.4,LB	+6.88,+5.1,+20.6,OB	
1701070165.4171336	+6.58,+14.2,+22.2,GA	+6.24,+38.4,+22.2,DA	+6.53,+23.4,+22.2,NA	+6.88,+4.4,+20.6,KB	+2.32,+266.3,+21.4,LB	+6.88,+5.0,+20.6,NB	
1701070227.426825	+6.58,+14.2,+22.2,GA	+6.24,+38.4,+22.2,DA	+6.53,+23.4,+22.2,NA	+6.88,+4.4,+20.6,KB	+2.32,+266.3,+21.4,LB	+6.88,+5.0,+20.6,NB	
1701070289.4365861	+6.58,+14.1,+22.2,DA	+6.24,+38.3,+22.2,CA	+6.53,+23.4,+22.1,MA	+6.88,+4.3,+20.6,LB	+2.32,+266.3,+21.4,LB	+6.88,+5.0,+20.6,NB	
1701070351.4461765	+6.58,+14.2,+22.2,GA	+6.24,+38.4,+22.2,DA	+6.53,+23.4,+22.2,NA	+6.88,+4.3,+20.6,LB	+2.32,+266.4,+21.4,KB	+6.88,+5.0,+20.6,NB	
1701070413.454303	+6.58,+14.2,+22.2,GA	+6.24,+38.4,+22.2,DA	+6.53,+23.4,+22.1,MA	+6.88,+4.3,+20.6,LB	+2.32,+266.4,+21.4,KB	+6.88,+5.1,+20.6,OB	
1701070659.0305665	+6.58,+14.2,+22.2,GA	+6.25,+38.3,+22.2,BA	+6.53,+23.4,+22.2,NA	+6.88,+4.4,+20.6,KB	+2.32,+266.3,+21.4,LB	+6.88,+5.1,+20.6,OB	
1701070721.0389032	+6.58,+14.2,+22.2,GA	+6.24,+38.4,+22.2,DA	+6.53,+23.4,+22.2,NA	+6.88,+4.4,+20.7,JB	+2.32,+266.4,+21.4,KB	+6.88,+5.0,+20.6,NB	
1701070783.0483637	+6.58,+14.2,+22.2,GA	+6.25,+38.3,+22.2,BA	+6.53,+23.4,+22.1,MA	+6.88,+4.4,+20.6,KB	+2.32,+266.2,+21.4,MB	+6.88,+5.1,+20.6,OB	
1701070845.0571826	+6.58,+14.2,+22.2,GA	+6.24,+38.3,+22.1,@A	+6.53,+23.4,+22.2,NA	+6.88,+4.3,+20.6,LB	+2.32,+266.1,+21.4,NB	+6.88,+5.1,+20.6,OB	
1701070907.0655022	+6.58,+14.1,+22.2,DA	+6.25,+38.3,+22.2,BA	+6.53,+23.4,+22.2,NA	+6.88,+4.4,+20.6,KB	+2.32,+266.1,+21.4,NB	+6.88,+5.1,+20.6,OB	
1701070969.0709445	+6.58,+14.2,+22.2,GA	+6.25,+38.3,+22.2,BA	+6.53,+23.4,+22.1,MA	+6.88,+4.4,+20.6,KB	+2.32,+266.2,+21.4,MB	+6.88,+5.0,+20.6,NB	
1701071031.0803735	+6.58,+14.2,+22.2,GA	+6.25,+38.3,+22.1,AA	+6.53,+23.4,+22.1,MA	+6.88,+4.4,+20.6,KB	+2.32,+266.1,+21.4,NB	+6.88,+5.1,+20.6,OB	
1701071093.088902	+6.58,+14.2,+22.2,GA	+6.25,+38.3,+22.2,BA	+6.53,+23.5,+22.2,OA	+6.88,+4.3,+20.6,LB	+2.32,+266.3,+21.4,LB	+6.88,+5.1,+20.6,OB	
1701071155.0975552	+6.58,+14.2,+22.2,GA	+6.25,+38.3,+22.1,AA	+6.53,+23.4,+22.2,NA	+6.88,+4.4,+20.6,KB	+2.33,+265.9,+21.4,DB	+6.88,+5.1,+20.6,OB	
1701071217.1052468	+6.58,+14.2,+22.2,GA	+6.25,+38.3,+22.1,AA	+6.53,+23.4,+22.2,NA	+6.88,+4.3,+20.6,LB	+2.33,+265.7,+21.4,JB	+6.88,+5.0,+20.6,NB	
1701071279.1118264	+6.58,+14.1,+22.2,DA	+6.25,+38.3,+22.2,BA	+6.53,+23.4,+22.2,NA	+6.88,+4.3,+20.6,LB	+2.33,+265.7,+21.4,JB	+6.88,+5.1,+20.6,OB	
1701071341.122509	+6.58,+14.2,+22.2,GA	+6.24,+38.4,+22.1,GA	+6.53,+23.4,+22.1,MA	+6.88,+4.3,+20.6,LB	+2.33,+265.6,+21.4,KB	+6.88,+5.0,+20.6,NB	
1701071403.1311316	+6.58,+14.1,+22.2,DA	+6.24,+38.4,+22.1,GA	+6.53,+23.4,+22.2,NA	+6.88,+4.4,+20.6,KB	+2.33,+265.7,+21.4,JB	+6.88,+5.1,+20.6,OB	
1701071465.140198	+6.58,+14.1,+22.2,DA	+6.25,+38.3,+22.1,AA	+6.53,+23.5,+22.2,OA	+6.88,+4.4,+20.6,KB	+2.33,+265.7,+21.4,JB	+6.88,+5.1,+20.6,OB	
1701071527.1469233	+6.58,+14.1,+22.2,DA	+6.24,+38.3,+22.1,@A	+6.53,+23.5,+22.1,LA	+6.88,+4.3,+20.6,LB	+2.33,+265.9,+21.4,DB	+6.88,+5.1,+20.6,OB	
1701071589.1558883	+6.58,+14.1,+22.2,DA	+6.24,+38.3,+22.2,CA	+6.53,+23.5,+22.1,LA	+6.88,+4.3,+20.6,LB	+2.33,+265.8,+21.4,EB	+6.88,+5.0,+20.6,NB	
1701071651.16431	+6.58,+14.1,+22.2,DA	+6.24,+38.4,+22.2,DA	+6.53,+23.5,+22.2,OA	+6.88,+4.4,+20.6,KB	+2.33,+265.7,+21.4,JB	+6.88,+5.1,+20.6,OB	
1701071713.1735313	+6.58,+14.1,+22.2,DA	+6.24,+38.4,+22.2,DA	+6.53,+23.4,+22.2,NA	+6.88,+4.4,+20.6,KB	+2.33,+265.6,+21.4,KB	+6.88,+5.1,+20.6,OB	
1701071775.1829267	+6.58,+14.1,+22.2,DA	+6.24,+38.3,+22.1,@A	+6.53,+23.5,+22.2,OA	+6.88,+4.3,+20.6,LB	+2.33,+265.7,+21.4,JB	+6.88,+5.1,+20.6,OB	
1701071837.190066	+6.58,+14.1,+22.2,DA	+6.24,+38.4,+22.2,DA	+6.53,+23.4,+22.1,MA	+6.88,+4.3,+20.6,LB	+2.33,+265.6,+21.4,KB	+6.88,+5.0,+20.6,NB	
1701071899.1989243	+6.58,+14.1,+22.2,DA	+6.25,+38.3,+22.2,BA	+6.53,+23.5,+22.2,OA	+6.88,+4.3,+20.6,LB	+2.33,+265.7,+21.4,JB	+6.88,+5.0,+20.6,NB	
1701071961.2056565	+6.58,+14.1,+22.2,DA	+6.25,+38.3,+22.2,BA	+6.53,+23.5,+22.2,OA	+6.88,+4.3,+20.6,LB	+2.34,+265.3,+21.4,IB	+6.88,+5.1,+20.6,OB	
1701072023.214793	+6.58,+14.2,+22.2,GA	+6.24,+38.4,+22.2,DA	+6.53,+23.4,+22.1,MA	+6.88,+4.3,+20.6,LB	+2.33,+265.6,+21.4,KB	+6.88,+5.0,+20.6,NB	
1701072085.223729	+6.58,+14.1,+22.2,DA	+6.24,+38.4,+22.2,DA	+6.53,+23.4,+22.2,NA	+6.88,+4.4,+20.6,KB	+2.33,+265.6,+21.4,KB	+6.88,+5.0,+20.6,NB	
1701072147.232644	+6.58,+14.2,+22.2,GA	+6.24,+38.3,+22.2,CA	+6.53,+23.5,+22.2,OA	+6.88,+4.4,+20.6,KB	+2.33,+265.7,+21.4,JB	+6.88,+5.1,+20.6,OB	
1701072209.2422414	+6.58,+14.2,+22.2,GA	+6.25,+38.3,+22.2,BA	+6.53,+23.5,+22.2,OA	+6.88,+4.3,+20.6,LB	+2.33,+265.9,+21.4,DB	+6.88,+5.2,+20.6,LB	
1701072271.2503629	+6.58,+14.1,+22.2,DA	+6.24,+38.4,+22.2,DA	+6.53,+23.5,+22.1,LA	+6.88,+4.4,+20.6,KB	+2.32,+266.1,+21.4,NB	+6.88,+5.1,+20.6,OB	
1701072333.25934	+6.58,+14.1,+22.2,DA	+6.24,+38.4,+22.2,DA	+6.53,+23.5,+22.2,OA	+6.88,+4.4,+20.6,KB	+2.32,+266.2,+21.4,MB	+6.88,+5.1,+20.6,OB	
1701072395.267078	+6.58,+14.1,+22.2,DA	+6.24,+38.4,+22.2,DA	+6.53,+23.4,+22.2,NA	+6.88,+4.3,+20.6,LB	+2.32,+266.2,+21.3,JB	+6.88,+5.1,+20.6,OB	
1701072457.2760067	+6.58,+14.2,+22.2,GA	+6.24,+38.3,+22.2,CA	+6.53,+23.5,+22.2,OA	+6.88,+4.4,+20.6,KB	+2.33,+265.9,+21.4,DB	+6.88,+5.0,+20.6,NB	
1701072519.2858326	+6.58,+14.1,+22.2,DA	+6.25,+38.3,+22.2,BA	+6.53,+23.5,+22.1,LA	+6.88,+4.3,+20.6,LB	+2.33,+265.9,+21.4,DB	+6.88,+5.1,+20.6,OB	
1701072581.2940526	+6.58,+14.1,+22.2,DA	+6.25,+38.3,+22.2,BA	+6.53,+23.5,+22.1,LA	+6.88,+4.3,+20.6,LB	+2.33,+265.8,+21.4,EB	+6.88,+5.0,+20.6,NB	
1701072643.3049104	+6.58,+14.1,+22.2,DA	+6.24,+38.3,+22.2,CA	+6.53,+23.5,+22.2,OA	+6.88,+4.3,+20.6,LB	+2.33,+265.8,+21.4,EB	+6.88,+5.0,+20.6,NB	
1701072705.3138185	+6.58,+14.1,+22.2,DA	+6.24,+38.3,+22.1,@A	+6.53,+23.4,+22.2,NA	+6.88,+4.4,+20.6,KB	+2.33,+265.7,+21.4,JB	+6.88,+5.0,+20.6,NB	
1701072767.3223588	+6.58,+14.2,+22.2,GA	+6.24,+38.4,+22.2,DA	+6.53,+23.5,+22.2,OA	+6.88,+4.3,+20.6,LB	+2.33,+265.7,+21.4,JB	+6.88,+5.1,+20.6,OB	
1701072829.324725	+6.58,+14.1,+22.2,DA	+6.25,+38.3,+22.1,AA	+6.53,+23.5,+22.2,OA	+6.88,+4.4,+20.6,KB	+2.33,+265.7,+21.4,JB	+6.88,+5.1,+20.6,OB	
1701072891.3342433	+6.58,+14.2,+22.2,GA	+6.25,+38.3,+22.2,BA	+6.53,+23.5,+22.2,OA	+6.88,+4.3,+20.6,LB	+2.33,+265.5,+21.4,HB	+6.88,+5.1,+20.6,OB	
1701072953.3428643	+6.58,+14.2,+22.2,GA	+6.24,+38.4,+22.2,DA	+6.53,+23.5,+22.2,OA	+6.88,+4.4,+20.6,KB	+2.34,+265.5,+21.4,OB	+6.88,+5.1,+20.6,OB	
1701073015.350519	+6.58,+14.2,+22.2,GA	+6.24,+38.3,+22.2,CA	+6.53,+23.5,+22.2,OA	+6.88,+4.3,+20.6,LB	+2.33,+265.6,+21.4,KB	+6.88,+5.1,+20.6,OB	
1701073077.358189	+6.58,+14.1,+22.2,DA	+6.25,+38.3,+22.1,AA	+6.53,+23.5,+22.2,OA	+6.88,+4.4,+20.6,KB	+2.34,+265.4,+21.4,NB	+6.88,+5.1,+20.6,OB	
1701073139.3685904	+6.58,+14.1,+22.2,DA	+6.24,+38.3,+22.2,CA	+6.53,+23.5,+22.2,OA	+6.88,+4.4,+20.6,KB	+2.33,+265.6,+21.4,KB	+6.88,+5.1,+20.6,OB	
1701073201.3782787	+6.58,+14.2,+22.2,GA	+6.25,+38.3,+22.2,BA	+6.53,+23.4,+22.2,NA	+6.88,+4.3,+20.7,MB	+2.33,+265.8,+21.4,EB	+6.88,+5.0,+20.6,NB	
1701073263.3861506	+6.58,+14.1,+22.2,DA	+6.24,+38.4,+22.2,DA	+6.53,+23.5,+22.2,OA	+6.88,+4.4,+20.6,KB	+2.33,+265.9,+21.4,DB	+6.88,+5.0,+20.6,NB	
1701073325.3952909	+6.58,+14.1,+22.2,DA	+6.24,+38.3,+22.2,CA	+6.53,+23.5,+22.2,OA	+6.88,+4.3,+20.7,MB	+2.33,+265.9,+21.4,DB	+6.88,+5.1,+20.6,OB	
1701073387.4059446	+6.58,+14.2,+22.2,GA	+6.25,+38.3,+22.2,BA	+6.53,+23.5,+22.2,OA	+6.88,+4.3,+20.7,MB	+2.33,+265.9,+21.4,DB	+6.88,+5.1,+20.6,OB	
1701073449.414963	+6.58,+14.1,+22.2,DA	+6.24,+38.3,+22.2,CA	+6.53,+23.5,+22.2,OA	+6.88,+4.3,+20.7,MB	+2.33,+265.9,+21.4,DB	+6.88,+5.1,+20.6,OB	
1701073511.4253323	+6.58,+14.1,+22.2,DA	+6.25,+38.3,+22.2,BA	+6.53,+23.5,+22.2,OA	+6.88,+4.3,+20.7,MB	+2.33,+265.9,+21.4,DB	+6.88,+5.0,+20.6,NB	
1701073573.4344275	+6.58,+14.2,+22.2,GA	+6.24,+38.4,+22.2,DA	+6.53,+23.5,+22.2,OA	+6.88,+4.4,+20.6,KB	+2.33,+266.0,+21.4,NB	+6.88,+5.1,+20.6,OB	
1701073635.4424913	+6.58,+14.1,+22.2,DA	+6.24,+38.4,+22.2,DA	+6.53,+23.5,+22.1,LA	+6.88,+4.3,+20.6,LB	+2.33,+266.0,+21.4,NB	+6.88,+5.1,+20.6,OB	
1701073697.4514115	+6.58,+14.1,+22.2,DA	+6.25,+38.3,+22.2,BA	+6.53,+23.5,+22.2,OA	+6.88,+4.3,+20.6,LB	+2.33,+265.5,+21.4,HB	+6.88,+5.1,+20.7,NB	
1701073759.4610457	+6.58,+14.2,+22.2,GA	+6.24,+38.4,+22.2,DA	+6.53,+23.5,+22.2,OA	+6.88,+4.4,+20.7,JB	+2.33,+265.7,+21.4,JB	+6.88,+5.1,+20.7,NB	
1701073821.471568	+6.58,+14.1,+22.2,DA	+6.24,+38.3,+22.2,CA	+6.53,+23.4,+22.2,NA	+6.88,+4.3,+20.6,LB	+2.33,+265.8,+21.4,EB	+6.88,+5.1,+20.7,NB	
1701073883.4783816	+6.58,+14.2,+22.2,GA	+6.25,+38.3,+22.2,BA	+6.53,+23.5,+22.2,OA	+6.88,+4.3,+20.7,MB	+2.33,+265.7,+21.4,JB	+6.88,+5.0,+20.6,NB	
1701073945.4882133	+6.58,+14.2,+22.2,GA	+6.25,+38.3,+22.2,BA	+6.53,+23.5,+22.2,OA	+6.88,+4.3,+20.7,MB	+2.33,+265.8,+21.4,EB	+6.88,+5.1,+20.6,OB	
1701074007.4981751	+6.58,+14.2,+22.2,GA	+6.24,+38.4,+22.2,DA	+6.53,+23.5,+22.2,OA	+6.88,+4.3,+20.7,MB	+2.33,+265.8,+21.4,EB	+6.88,+5.1,+20.6,OB	
1701074069.5086234	+6.58,+14.1,+22.2,DA	+6.24,+38.4,+22.2,DA	+6.53,+23.5,+22.2,OA	+6.88,+4.3,+20.6,LB	+2.33,+265.7,+21.4,JB	+6.88,+5.1,+20.7,NB	
1701074131.5162988	+6.58,+14.1,+22.2,DA	+6.24,+38.4,+22.2,DA	+6.53,+23.5,+22.2,OA	+6.88,+4.3,+20.7,MB	+2.33,+265.8,+21.4,EB	+6.88,+5.1,+20.7,NB	
1701074193.5263531	+6.58,+14.2,+22.2,GA	+6.24,+38.3,+22.2,CA	+6.53,+23.5,+22.2,OA	+6.88,+4.3,+20.7,MB	+2.33,+265.7,+21.4,JB	+6.88,+5.1,+20.6,OB	
1701074255.5347602	+6.58,+14.1,+22.2,DA	+6.25,+38.3,+22.2,BA	+6.53,+23.5,+22.2,OA	+6.88,+4.3,+20.7,MB	+2.33,+265.6,+21.4,KB	+6.88,+5.1,+20.6,OB	
1701074501.1369734	+6.58,+14.1,+22.2,DA	+6.25,+38.3,+22.2,BA	+6.53,+23.5,+22.2,OA	+6.88,+4.3,+20.6,LB	+2.34,+265.4,+21.4,NB	+6.88,+5.1,+20.6,OB	
1701074563.1466606	+6.58,+14.1,+22.2,DA	+6.24,+38.3,+22.2,CA	+6.53,+23.5,+22.2,OA	+6.88,+4.3,+20.7,MB	+2.33,+265.6,+21.4,KB	+6.88,+5.0,+20.6,NB	
1701074625.1540866	+6.58,+14.1,+22.2,DA	+6.24,+38.4,+22.2,DA	+6.53,+23.4,+22.2,NA	+6.88,+4.3,+20.7,MB	+2.33,+265.6,+21.4,KB	+6.88,+5.0,+20.6,NB	
1701074687.164295	+6.58,+14.2,+22.2,GA	+6.25,+38.3,+22.2,BA	+6.53,+23.5,+22.2,OA	+6.88,+4.3,+20.6,LB	+2.33,+265.6,+21.4,KB	+6.88,+5.2,+20.7,MB	
1701074749.1736803	+6.58,+14.1,+22.2,DA	+6.24,+38.4,+22.2,DA	+6.53,+23.5,+22.2,OA	+6.88,+4.3,+20.6,LB	+2.33,+265.5,+21.4,HB	+6.88,+5.0,+20.6,NB	
1701074811.1840227	+6.58,+14.2,+22.2,GA	+6.24,+38.4,+22.2,DA	+6.53,+23.5,+22.2,OA	+6.88,+4.3,+20.6,LB	+2.33,+265.6,+21.4,KB	+6.88,+5.1,+20.6,OB	
1701074873.1954005	+6.58,+14.2,+22.2,GA	+6.24,+38.4,+22.2,DA	+6.53,+23.4,+22.2,NA	+6.88,+4.3,+20.6,LB	+2.33,+265.6,+21.4,KB	+6.88,+5.1,+20.6,OB	
1701074935.2049923	+6.58,+14.1,+22.2,DA	+6.24,+38.4,+22.1,GA	+6.53,+23.5,+22.2,OA	+6.88,+4.3,+20.6,LB	+2.33,+265.6,+21.4,KB	+6.88,+5.1,+20.6,OB	
1701074997.2125554	+6.58,+14.1,+22.2,DA	+6.25,+38.3,+22.2,BA	+6.53,+23.5,+22.2,OA	+6.88,+4.3,+20.6,LB	+2.33,+265.6,+21.4,KB	+6.88,+5.1,+20.6,OB	
1701075059.2229645	+6.58,+14.1,+22.2,DA	+6.24,+38.3,+22.2,CA	+6.53,+23.5,+22.1,LA	+6.88,+4.3,+20.6,LB	+2.33,+265.6,+21.4,KB	+6.88,+5.1,+20.6,OB	
1701075121.231536	+6.58,+14.1,+22.2,DA	+6.24,+38.4,+22.2,DA	+6.53,+23.5,+22.2,OA	+6.88,+4.3,+20.7,MB	+2.34,+265.5,+21.4,OB	+6.88,+5.1,+20.6,OB	
1701075183.239767	+6.58,+14.2,+22.2,GA	+6.25,+38.3,+22.2,BA	+6.53,+23.5,+22.1,LA	+6.88,+4.3,+20.6,LB	+2.33,+265.7,+21.4,JB	+6.88,+5.1,+20.6,OB	
1701075245.249958	+6.58,+14.1,+22.2,DA	+6.24,+38.3,+22.2,CA	+6.53,+23.5,+22.1,LA	+6.88,+4.3,+20.6,LB	+2.33,+265.6,+21.4,KB	+6.88,+5.0,+20.6,NB	
1701075307.2589087	+6.58,+14.2,+22.2,GA	+6.24,+38.3,+22.2,CA	+6.53,+23.6,+22.2,LA	+6.88,+4.3,+20.6,LB	+2.33,+266.0,+21.4,NB	+6.88,+5.0,+20.6,NB	
1701075369.268167	+6.58,+14.1,+22.2,DA	+6.24,+38.3,+22.2,CA	+6.53,+23.6,+22.2,LA	+6.88,+4.3,+20.6,LB	+2.33,+266.0,+21.4,NB	+6.88,+5.1,+20.6,OB	
1701075431.2767198	+6.58,+14.2,+22.2,GA	+6.25,+38.3,+22.2,BA	+6.53,+23.5,+22.2,OA	+6.88,+4.3,+20.6,LB	+2.33,+266.0,+21.4,NB	+6.88,+5.1,+20.6,OB	
1701075493.2862382	+6.58,+14.1,+22.2,DA	+6.24,+38.3,+22.2,CA	+6.53,+23.5,+22.1,LA	+6.88,+4.3,+20.6,LB	+2.33,+265.9,+21.4,DB	+6.88,+5.1,+20.6,OB	
1701075555.2957814	+6.58,+14.1,+22.2,DA	+6.24,+38.3,+22.2,CA	+6.53,+23.5,+22.2,OA	+6.88,+4.3,+20.6,LB	+2.33,+266.1,+21.4,OB	+6.88,+5.1,+20.6,OB	
1701075617.3037236	+6.58,+14.2,+22.2,GA	+6.24,+38.4,+22.2,DA	+6.53,+23.5,+22.1,LA	+6.88,+4.3,+20.6,LB	+2.33,+266.0,+21.4,NB	+6.88,+5.1,+20.6,OB	
1701075679.3135934	+6.58,+14.1,+22.2,DA	+6.25,+38.3,+22.2,BA	+6.53,+23.5,+22.2,OA	+6.88,+4.3,+20.7,MB	+2.32,+266.3,+21.4,LB	+6.88,+5.0,+20.6,NB	
1701075741.3236847	+6.58,+14.1,+22.2,DA	+6.24,+38.4,+22.2,DA	+6.53,+23.6,+22.2,LA	+6.88,+4.4,+20.6,KB	+2.32,+266.3,+21.4,LB	+6.88,+5.1,+20.6,OB	
1701075803.3343146	+6.58,+14.1,+22.2,DA	+6.24,+38.4,+22.1,GA	+6.53,+23.5,+22.1,LA	+6.88,+4.3,+20.6,LB	+2.32,+266.4,+21.4,KB	+6.88,+5.1,+20.6,OB	
1701075865.3439066	+6.58,+14.0,+22.2,EA	+6.24,+38.3,+22.2,CA	+6.53,+23.5,+22.2,OA	+6.88,+4.3,+20.6,LB	+2.32,+266.4,+21.4,KB	+6.88,+5.1,+20.6,OB	
1701075927.3526669	+6.58,+14.1,+22.2,DA	+6.24,+38.3,+22.2,CA	+6.53,+23.5,+22.2,OA	+6.88,+4.3,+20.6,LB	+2.32,+266.4,+21.4,KB	+6.88,+5.1,+20.6,OB	
1701075989.3603773	+6.58,+14.1,+22.2,DA	+6.24,+38.3,+22.2,CA	+6.53,+23.5,+22.2,OA	+6.88,+4.3,+20.6,LB	+2.32,+266.4,+21.4,KB	+6.88,+5.1,+20.6,OB	
1701076051.366281	+6.58,+14.1,+22.2,DA	+6.25,+38.3,+22.2,BA	+6.53,+23.5,+22.2,OA	+6.88,+4.3,+20.6,LB	+2.32,+266.3,+21.4,LB	+6.88,+5.1,+20.6,OB	
1701076113.3759198	+6.58,+14.2,+22.2,GA	+6.24,+38.3,+22.2,CA	+6.53,+23.6,+22.1,OA	+6.88,+4.4,+20.6,KB	+2.32,+266.2,+21.4,MB	+6.88,+5.1,+20.6,OB	
1701076175.3871343	+6.58,+14.1,+22.2,DA	+6.24,+38.3,+22.1,@A	+6.53,+23.5,+22.2,OA	+6.88,+4.3,+20.6,LB	+2.32,+266.4,+21.4,KB	+6.88,+5.0,+20.6,NB	
1701076237.395584	+6.58,+14.1,+22.2,DA	+6.25,+38.3,+22.1,AA	+6.53,+23.5,+22.2,OA	+6.88,+4.3,+20.6,LB	+2.32,+266.5,+21.3,MB	+6.88,+5.1,+20.6,OB	
1701076299.40327	+6.58,+14.1,+22.2,DA	+6.25,+38.3,+22.2,BA	+6.53,+23.5,+22.2,OA	+6.88,+4.4,+20.7,JB	+2.32,+266.4,+21.4,KB	+6.88,+5.1,+20.6,OB	
1701076361.4113615	+6.58,+14.1,+22.2,DA	+6.25,+38.3,+22.2,BA	+6.53,+23.5,+22.2,OA	+6.88,+4.3,+20.6,LB	+2.32,+266.5,+21.4,JB	+6.88,+5.1,+20.6,OB	
1701076423.4202025	+6.58,+14.1,+22.2,DA	+6.25,+38.3,+22.2,BA	+6.53,+23.5,+22.2,OA	+6.88,+4.3,+20.6,LB	+2.32,+266.5,+21.4,JB	+6.88,+5.1,+20.6,OB	
1701076485.4233038	+6.58,+14.1,+22.2,DA	+6.24,+38.3,+22.1,@A	+6.53,+23.6,+22.2,LA	+6.88,+4.3,+20.6,LB	+2.32,+266.4,+21.4,KB	+6.88,+5.1,+20.6,OB	
1701076547.4328475	+6.58,+14.1,+22.2,DA	+6.25,+38.3,+22.2,BA	+6.53,+23.5,+22.1,LA	+6.88,+4.3,+20.6,LB	+2.32,+266.4,+21.4,KB	+6.88,+5.1,+20.6,OB	
1701076609.4412332	+6.58,+14.1,+22.2,DA	+6.24,+38.3,+22.1,@A	+6.53,+23.5,+22.2,OA	+6.88,+4.3,+20.6,LB	+2.32,+266.4,+21.4,KB	+6.88,+5.1,+20.6,OB	
1701076671.4506285	+6.58,+14.1,+22.2,DA	+6.24,+38.3,+22.2,CA	+6.53,+23.6,+22.2,LA	+6.88,+4.3,+20.6,LB	+2.32,+266.4,+21.4,KB	+6.88,+5.1,+20.6,OB	
1701076733.458668	+6.58,+14.1,+22.2,DA	+6.25,+38.3,+22.1,AA	+6.53,+23.6,+22.2,LA	+6.88,+4.3,+20.6,LB	+2.32,+266.4,+21.4,KB	+6.88,+5.1,+20.6,OB	
1701076795.4662206	+6.58,+14.1,+22.2,DA	+6.25,+38.3,+22.2,BA	+6.53,+23.5,+22.2,OA	+6.88,+4.3,+20.6,LB	+2.32,+266.4,+21.4,KB	+6.88,+5.1,+20.6,OB	
1701076857.4739742	+6.58,+14.1,+22.2,DA	+6.24,+38.4,+22.2,DA	+6.53,+23.6,+22.2,LA	+6.88,+4.3,+20.6,LB	+2.32,+266.5,+21.4,JB	+6.88,+5.0,+20.6,NB	
1701076919.4836357	+6.58,+14.1,+22.2,DA	+6.24,+38.4,+22.2,DA	+6.53,+23.6,+22.2,LA	+6.88,+4.4,+20.6,KB	+2.32,+266.4,+21.4,KB	+6.88,+5.0,+20.6,NB	
1701076981.4946856	+6.58,+14.1,+22.2,DA	+6.24,+38.3,+22.2,CA	+6.53,+23.5,+22.1,LA	+6.88,+4.3,+20.6,LB	+2.32,+266.1,+21.4,NB	+6.88,+5.1,+20.6,OB	
1701077043.5028627	+6.58,+14.1,+22.2,DA	+6.24,+38.3,+22.2,CA	+6.53,+23.6,+22.2,LA	+6.88,+4.3,+20.6,LB	+2.32,+266.3,+21.4,LB	+6.88,+5.1,+20.6,OB	
1701077105.511986	+6.58,+14.1,+22.2,DA	+6.24,+38.4,+22.1,GA	+6.53,+23.5,+22.2,OA	+6.88,+4.3,+20.6,LB	+2.32,+266.2,+21.4,MB	+6.88,+5.1,+20.6,OB	
1701077167.521026	+6.58,+14.1,+22.2,DA	+6.24,+38.3,+22.2,CA	+6.53,+23.6,+22.1,OA	+6.88,+4.3,+20.6,LB	+2.32,+266.5,+21.4,JB	+6.88,+5.0,+20.6,NB	
1701077229.530433	+6.58,+14.1,+22.2,DA	+6.25,+38.3,+22.2,BA	+6.53,+23.5,+22.2,OA	+6.88,+4.3,+20.6,LB	+2.32,+266.4,+21.4,KB	+6.88,+5.0,+20.6,NB	
1701077291.5366619	+6.58,+14.1,+22.2,DA	+6.24,+38.3,+22.2,CA	+6.53,+23.5,+22.2,OA	+6.88,+4.3,+20.6,LB	+2.31,+266.7,+21.4,KB	+6.88,+5.0,+20.6,NB	
1701077353.5419624	+6.58,+14.1,+22.2,DA	+6.24,+38.4,+22.2,DA	+6.53,+23.6,+22.2,LA	+6.88,+4.3,+20.6,LB	+2.32,+266.7,+21.4,HB	+6.88,+5.0,+20.6,NB	
1701077415.5508482	+6.58,+14.2,+22.2,GA	+6.25,+38.3,+22.2,BA	+6.53,+23.5,+22.2,OA	+6.88,+4.3,+20.6,LB	+2.31,+266.7,+21.4,KB	+6.88,+5.1,+20.6,OB	
1701077477.5589328	+6.58,+14.1,+22.2,DA	+6.25,+38.3,+22.1,AA	+6.53,+23.6,+22.2,LA	+6.88,+4.4,+20.6,KB	+2.32,+266.6,+21.4,IB	+6.88,+5.1,+20.6,OB	
1701077539.568934	+6.58,+14.1,+22.2,DA	+6.25,+38.3,+22.2,BA	+6.53,+23.6,+22.1,OA	+6.88,+4.3,+20.6,LB	+2.32,+266.6,+21.4,IB	+6.88,+5.1,+20.6,OB	
1701077601.5782168	+6.58,+14.2,+22.2,GA	+6.24,+38.4,+22.2,DA	+6.53,+23.6,+22.2,LA	+6.88,+4.3,+20.6,LB	+2.32,+266.6,+21.4,IB	+6.88,+5.0,+20.6,NB	
1701077663.586307	+6.58,+14.1,+22.2,DA	+6.24,+38.4,+22.2,DA	+6.53,+23.6,+22.1,OA	+6.88,+4.3,+20.6,LB	+2.32,+266.7,+21.4,HB	+6.88,+5.1,+20.6,OB	
1701077725.5984392	+6.58,+14.1,+22.2,DA	+6.24,+38.5,+22.2,EA	+6.53,+23.6,+22.2,LA	+6.88,+4.3,+20.6,LB	+2.31,+266.9,+21.4,EB	+6.88,+5.0,+20.6,NB	
1701077787.6043408	+6.58,+14.2,+22.2,GA	+6.24,+38.4,+22.2,DA	+6.53,+23.5,+22.2,OA	+6.88,+4.2,+20.6,MB	+2.31,+266.8,+21.4,DB	+6.88,+5.0,+20.6,NB	
1701077849.614643	+6.58,+14.1,+22.2,DA	+6.24,+38.3,+22.2,CA	+6.53,+23.5,+22.2,OA	+6.88,+4.3,+20.6,LB	+2.31,+266.8,+21.4,DB	+6.88,+5.0,+20.6,NB	
1701077911.6233416	+6.58,+14.1,+22.2,DA	+6.24,+38.4,+22.2,DA	+6.53,+23.5,+22.2,OA	+6.88,+4.3,+20.6,LB	+2.32,+266.5,+21.4,JB	+6.88,+5.0,+20.6,NB	
1701077973.6320872	+6.58,+14.1,+22.2,DA	+6.24,+38.4,+22.2,DA	+6.53,+23.5,+22.1,LA	+6.88,+4.3,+20.6,LB	+2.31,+266.8,+21.4,DB	+6.88,+5.0,+20.6,NB	
1701078035.6424074	+6.58,+14.1,+22.2,DA	+6.24,+38.4,+22.2,DA	+6.53,+23.5,+22.2,OA	+6.88,+4.3,+20.6,LB	+2.31,+266.9,+21.4,EB	+6.88,+5.0,+20.6,NB	
1701078097.6492908	+6.58,+14.1,+22.2,DA	+6.24,+38.4,+22.2,DA	+6.53,+23.6,+22.2,LA	+6.88,+4.3,+20.6,LB	+2.31,+266.9,+21.4,EB	+6.88,+5.1,+20.6,OB	
1701078343.2350454	+6.58,+14.1,+22.2,DA	+6.24,+38.4,+22.2,DA	+6.53,+23.5,+22.1,LA	+6.88,+4.2,+20.6,MB	+2.31,+266.7,+21.4,KB	+6.88,+5.0,+20.6,NB	
1701078405.244314	+6.58,+14.1,+22.2,DA	+6.24,+38.5,+22.2,EA	+6.53,+23.5,+22.2,OA	+6.88,+4.3,+20.6,LB	+2.31,+266.8,+21.4,DB	+6.88,+5.1,+20.6,OB	
1701078467.254357	+6.58,+14.1,+22.2,DA	+6.24,+38.4,+22.1,GA	+6.53,+23.6,+22.2,LA	+6.88,+4.2,+20.6,MB	+2.31,+267.0,+21.4,MB	+6.88,+5.1,+20.6,OB	
1701078529.266128	+6.58,+14.1,+22.2,DA	+6.24,+38.5,+22.2,EA	+6.53,+23.5,+22.1,LA	+6.88,+4.2,+20.6,MB	+2.31,+267.0,+21.4,MB	+6.88,+5.0,+20.6,NB	
1701078591.2763689	+6.58,+14.1,+22.2,DA	+6.24,+38.5,+22.2,EA	+6.53,+23.6,+22.2,LA	+6.88,+4.2,+20.6,MB	+2.31,+267.1,+21.4,LB	+6.88,+5.0,+20.6,NB	
1701078653.2858317	+6.58,+14.1,+22.2,DA	+6.24,+38.5,+22.2,EA	+6.53,+23.6,+22.2,LA	+6.88,+4.3,+20.6,LB	+2.31,+266.8,+21.4,DB	+6.88,+5.1,+20.6,OB	
1701078715.2954226	+6.58,+14.2,+22.2,GA	+6.24,+38.5,+22.2,EA	+6.53,+23.5,+22.1,LA	+6.88,+4.3,+20.6,LB	+2.31,+266.9,+21.4,EB	+6.88,+5.0,+20.6,NB	
1701078777.3026419	+6.58,+14.1,+22.2,DA	+6.24,+38.5,+22.2,EA	+6.53,+23.5,+22.1,LA	+6.88,+4.2,+20.6,MB	+2.31,+266.8,+21.4,DB	+6.88,+5.1,+20.6,OB	
1701078839.312567	+6.58,+14.1,+22.2,DA	+6.24,+38.5,+22.2,EA	+6.53,+23.5,+22.1,LA	+6.88,+4.3,+20.6,LB	+2.32,+266.6,+21.4,IB	+6.88,+5.0,+20.6,NB	
1701078901.3215823	+6.58,+14.1,+22.2,DA	+6.24,+38.5,+22.1,FA	+6.53,+23.5,+22.1,LA	+6.88,+4.2,+20.6,MB	+2.32,+266.6,+21.4,IB	+6.88,+5.0,+20.6,NB	
1701078963.3297951	+6.58,+14.2,+22.2,GA	+6.24,+38.5,+22.2,EA	+6.53,+23.6,+22.2,LA	+6.88,+4.2,+20.6,MB	+2.32,+266.6,+21.4,IB	+6.88,+5.0,+20.6,NB	
1701079025.3360326	+6.58,+14.1,+22.2,DA	+6.24,+38.5,+22.1,FA	+6.53,+23.5,+22.2,OA	+6.88,+4.3,+20.6,LB	+2.32,+266.5,+21.4,JB	+6.88,+5.0,+20.6,NB	
1701079087.3440313	+6.58,+14.1,+22.2,DA	+6.24,+38.5,+22.1,FA	+6.53,+23.5,+22.2,OA	+6.88,+4.2,+20.6,MB	+2.32,+266.6,+21.4,IB	+6.88,+5.0,+20.6,NB	
1701079149.3527322	+6.58,+14.1,+22.2,DA	+6.24,+38.5,+22.2,EA	+6.53,+23.6,+22.2,LA	+6.88,+4.2,+20.6,MB	+2.32,+266.6,+21.4,IB	+6.88,+5.0,+20.6,NB	
1701079211.3611417	+6.58,+14.1,+22.2,DA	+6.24,+38.6,+22.1,EA	+6.53,+23.6,+22.1,OA	+6.88,+4.3,+20.6,LB	+2.32,+266.6,+21.4,IB	+6.88,+4.9,+20.6,FB	
1701079273.370945	+6.58,+14.1,+22.2,DA	+6.24,+38.5,+22.2,EA	+6.53,+23.6,+22.2,LA	+6.88,+4.3,+20.6,LB	+2.31,+266.8,+21.4,DB	+6.88,+5.0,+20.6,NB	
1701079335.3791373	+6.58,+14.1,+22.2,DA	+6.24,+38.5,+22.1,FA	+6.53,+23.6,+22.2,LA	+6.88,+4.3,+20.6,LB	+2.31,+266.7,+21.4,KB	+6.88,+5.0,+20.6,NB	
1701079397.3879757	+6.58,+14.1,+22.2,DA	+6.24,+38.5,+22.2,EA	+6.53,+23.5,+22.2,OA	+6.88,+4.2,+20.6,MB	+2.31,+266.8,+21.4,DB	+6.88,+5.0,+20.6,NB	
1701079459.3975446	+6.58,+14.1,+22.2,DA	+6.24,+38.5,+22.2,EA	+6.53,+23.6,+22.1,OA	+6.88,+4.3,+20.6,LB	+2.31,+266.9,+21.4,EB	+6.88,+5.1,+20.6,OB	
1701079521.4036763	+6.58,+14.1,+22.2,DA	+6.24,+38.5,+22.2,EA	+6.53,+23.6,+22.1,OA	+6.88,+4.2,+20.6,MB	+2.31,+266.9,+21.4,EB	+6.88,+5.0,+20.6,NB	
1701079583.4120073	+6.58,+14.1,+22.2,DA	+6.24,+38.5,+22.2,EA	+6.53,+23.6,+22.1,OA	+6.88,+4.3,+20.6,LB	+2.31,+267.0,+21.4,MB	+6.88,+5.0,+20.6,NB	
1701079645.4221292	+6.58,+14.2,+22.2,GA	+6.24,+38.5,+22.2,EA	+6.53,+23.6,+22.1,OA	+6.88,+4.2,+20.6,MB	+2.31,+267.0,+21.4,MB	+6.88,+5.1,+20.6,OB	
1701079707.4321246	+6.58,+14.1,+22.2,DA	+6.24,+38.5,+22.2,EA	+6.53,+23.6,+22.1,OA	+6.88,+4.3,+20.6,LB	+2.31,+267.1,+21.4,LB	+6.88,+5.0,+20.6,NB	
1701079769.4426014	+6.58,+14.1,+22.2,DA	+6.24,+38.5,+22.2,EA	+6.53,+23.5,+22.2,OA	+6.88,+4.3,+20.6,LB	+2.31,+267.1,+21.4,LB	+6.88,+5.0,+20.6,NB	
1701079831.4519393	+6.58,+14.1,+22.2,DA	+6.24,+38.5,+22.2,EA	+6.53,+23.6,+22.2,LA	+6.88,+4.3,+20.6,LB	+2.31,+267.2,+21.4,OB	+6.88,+5.1,+20.6,OB	
1701079893.4602792	+6.58,+14.1,+22.2,DA	+6.24,+38.4,+22.2,DA	+6.53,+23.6,+22.2,LA	+6.88,+4.3,+20.6,LB	+2.31,+266.7,+21.4,KB	+6.88,+5.0,+20.6,NB	
1701079955.46646	+6.58,+14.1,+22.2,DA	+6.24,+38.5,+22.2,EA	+6.53,+23.5,+22.1,LA	+6.88,+4.3,+20.6,LB	+2.32,+266.6,+21.4,IB	+6.88,+5.0,+20.6,NB	
1701080017.475997	+6.58,+14.1,+22.2,DA	+6.24,+38.5,+22.1,FA	+6.53,+23.5,+22.2,OA	+6.88,+4.2,+20.6,MB	+2.34,+265.3,+21.4,IB	+6.88,+5.0,+20.6,NB	
1701080079.4846945	+6.58,+14.1,+22.2,DA	+6.24,+38.5,+22.2,EA	+6.53,+23.6,+22.2,LA	+6.88,+4.2,+20.6,MB	+2.34,+265.4,+21.4,NB	+6.88,+5.0,+20.6,NB	
1701080141.492288	+6.58,+14.1,+22.2,DA	+6.24,+38.5,+22.1,FA	+6.53,+23.6,+22.1,OA	+6.88,+4.2,+20.6,MB	+2.34,+265.5,+21.4,OB	+6.88,+5.0,+20.6,NB	
1701080203.4997387	+6.58,+14.1,+22.2,DA	+6.24,+38.5,+22.1,FA	+6.53,+23.6,+22.2,LA	+6.88,+4.2,+20.6,MB	+2.34,+265.3,+21.4,IB	+6.88,+5.1,+20.6,OB	
1701080265.5049798	+6.58,+14.1,+22.2,DA	+6.24,+38.5,+22.1,FA	+6.53,+23.6,+22.1,OA	+6.88,+4.3,+20.6,LB	+2.33,+265.7,+21.4,JB	+6.88,+5.0,+20.6,NB	
1701080327.5133893	+6.58,+14.1,+22.2,DA	+6.24,+38.4,+22.1,GA	+6.53,+23.6,+22.1,OA	+6.88,+4.3,+20.6,LB	+2.33,+265.6,+21.4,KB	+6.88,+5.0,+20.6,NB	
1701080389.5207763	+6.58,+14.1,+22.2,DA	+6.24,+38.6,+22.1,EA	+6.53,+23.6,+22.1,OA	+6.88,+4.2,+20.6,MB	+2.33,+265.8,+21.4,EB	+6.88,+5.0,+20.6,NB	
1701080451.5296369	+6.58,+14.1,+22.2,DA	+6.24,+38.5,+22.2,EA	+6.53,+23.6,+22.1,OA	+6.88,+4.2,+20.6,MB	+2.33,+265.6,+21.4,KB	+6.88,+5.0,+20.6,NB	
1701080513.5381396	+6.58,+14.1,+22.2,DA	+6.24,+38.4,+22.1,GA	+6.53,+23.6,+22.2,LA	+6.88,+4.2,+20.6,MB	+2.33,+265.8,+21.4,EB	+6.88,+5.0,+20.6,NB	
1701080575.5409746	+6.58,+14.1,+22.2,DA	+6.24,+38.6,+22.1,EA	+6.53,+23.6,+22.1,OA	+6.88,+4.2,+20.6,MB	+2.33,+265.7,+21.4,JB	+6.88,+5.1,+20.6,OB	
1701080637.5472825	+6.58,+14.1,+22.2,DA	+6.24,+38.5,+22.2,EA	+6.53,+23.6,+22.1,OA	+6.88,+4.3,+20.6,LB	+2.33,+265.6,+21.4,KB	+6.88,+5.1,+20.6,OB	
1701080699.5562205	+6.58,+14.1,+22.2,DA	+6.24,+38.6,+22.2,FA	+6.53,+23.7,+22.2,MA	+6.88,+4.2,+20.6,MB	+2.34,+265.4,+21.4,NB	+6.88,+5.1,+20.6,OB	
1701080761.562268	+6.58,+14.1,+22.2,DA	+6.24,+38.5,+22.2,EA	+6.53,+23.6,+22.2,LA	+6.88,+4.2,+20.6,MB	+2.33,+266.0,+21.4,NB	+6.88,+5.1,+20.6,OB	
1701080823.5712783	+6.58,+14.1,+22.2,DA	+6.24,+38.6,+22.1,EA	+6.53,+23.6,+22.1,OA	+6.88,+4.2,+20.6,MB	+2.33,+266.0,+21.4,NB	+6.88,+5.0,+20.6,NB	
1701080885.5803668	+6.58,+14.1,+22.2,DA	+6.24,+38.5,+22.2,EA	+6.53,+23.6,+22.2,LA	+6.88,+4.3,+20.6,LB	+2.33,+266.1,+21.4,OB	+6.88,+5.1,+20.6,OB	
1701080947.5860717	+6.58,+14.1,+22.2,DA	+6.24,+38.5,+22.1,FA	+6.53,+23.6,+22.1,OA	+6.88,+4.2,+20.6,MB	+2.33,+265.9,+21.4,DB	+6.88,+5.1,+20.6,OB	
1701081009.591485	+6.58,+14.1,+22.2,DA	+6.24,+38.6,+22.2,FA	+6.53,+23.6,+22.1,OA	+6.88,+4.2,+20.6,MB	+2.32,+266.1,+21.4,NB	+6.88,+5.1,+20.6,OB	
1701081071.5992522	+6.58,+14.1,+22.2,DA	+6.24,+38.5,+22.2,EA	+6.53,+23.6,+22.1,OA	+6.88,+4.2,+20.6,MB	+2.33,+266.0,+21.4,NB	+6.88,+5.1,+20.6,OB	
1701081133.606707	+6.58,+14.1,+22.2,DA	+6.24,+38.6,+22.2,FA	+6.53,+23.6,+22.2,LA	+6.88,+4.3,+20.6,LB	+2.32,+266.1,+21.4,NB	+6.88,+5.1,+20.6,OB	
1701081195.6167204	+6.58,+14.1,+22.2,DA	+6.24,+38.5,+22.2,EA	+6.53,+23.6,+22.1,OA	+6.88,+4.2,+20.6,MB	+2.32,+266.3,+21.4,LB	+6.88,+5.0,+20.6,NB	
1701081257.6258557	+6.58,+14.1,+22.2,DA	+6.24,+38.5,+22.2,EA	+6.53,+23.6,+22.1,OA	+6.88,+4.2,+20.6,MB	+2.32,+266.3,+21.4,LB	+6.88,+5.1,+20.6,OB	
1701081319.635679	+6.58,+14.1,+22.2,DA	+6.24,+38.6,+22.1,EA	+6.53,+23.6,+22.1,OA	+6.88,+4.2,+20.6,MB	+2.32,+266.4,+21.4,KB	+6.88,+5.1,+20.6,OB	
1701081381.6420403	+6.58,+14.1,+22.2,DA	+6.24,+38.5,+22.2,EA	+6.53,+23.6,+22.1,OA	+6.88,+4.3,+20.6,LB	+2.32,+266.4,+21.4,KB	+6.88,+5.1,+20.6,OB	
1701081443.6476622	+6.58,+14.1,+22.2,DA	+6.24,+38.6,+22.2,FA	+6.53,+23.6,+22.1,OA	+6.88,+4.2,+20.6,MB	+2.32,+266.4,+21.4,KB	+6.88,+5.0,+20.6,NB	
1701081505.658444	+6.58,+14.1,+22.2,DA	+6.24,+38.7,+22.1,DA	+6.53,+23.6,+22.1,OA	+6.88,+4.2,+20.6,MB	+2.33,+265.8,+21.4,EB	+6.88,+5.1,+20.6,OB	
1701081567.6666448	+6.58,+14.1,+22.2,DA	+6.24,+38.6,+22.1,EA	+6.53,+23.6,+22.2,LA	+6.88,+4.3,+20.6,LB	+2.33,+265.6,+21.4,KB	+6.88,+5.0,+20.6,NB	
1701081629.6740503	+6.58,+14.1,+22.2,DA	+6.24,+38.7,+22.2,GA	+6.53,+23.6,+22.1,OA	+6.88,+4.2,+20.6,MB	+2.33,+265.7,+21.4,JB	+6.88,+5.1,+20.6,OB	
1701081691.678983	+6.58,+14.1,+22.2,DA	+6.24,+38.6,+22.1,EA	+6.53,+23.6,+22.1,OA	+6.88,+4.2,+20.6,MB	+2.33,+265.7,+21.4,JB	+6.88,+5.1,+20.6,OB	
1701081753.6887832	+6.58,+14.1,+22.2,DA	+6.24,+38.6,+22.2,FA	+6.53,+23.6,+22.1,OA	+6.88,+4.3,+20.6,LB	+2.33,+265.9,+21.4,DB	+6.88,+5.1,+20.6,OB	
1701081815.69822	+6.58,+14.0,+22.2,EA	+6.24,+38.6,+22.2,FA	+6.53,+23.6,+22.1,OA	+6.88,+4.2,+20.6,MB	+2.36,+264.3,+21.4,JB	+6.88,+5.0,+20.6,NB	
1701081877.7062926	+6.58,+14.1,+22.2,DA	+6.24,+38.6,+22.2,FA	+6.53,+23.6,+22.1,OA	+6.88,+4.2,+20.6,MB	+2.35,+264.4,+21.4,NB	+6.88,+5.0,+20.6,NB	
1701081939.716624	+6.58,+14.1,+22.2,DA	+6.24,+38.7,+22.2,GA	+6.53,+23.6,+22.1,OA	+6.88,+4.2,+20.6,MB	+2.35,+264.9,+21.4,CB	+6.88,+5.1,+20.6,OB	
1701082185.2668314	+6.58,+14.1,+22.2,DA	+6.24,+38.7,+22.2,GA	+6.53,+23.6,+22.2,LA	+6.88,+4.2,+20.6,MB	+2.34,+265.5,+21.4,OB	+6.88,+5.0,+20.6,NB	
1701082247.276667	+6.58,+14.1,+22.2,DA	+6.24,+38.6,+22.2,FA	+6.53,+23.6,+22.2,LA	+6.88,+4.2,+20.6,MB	+2.33,+265.6,+21.4,KB	+6.88,+5.0,+20.6,NB	
1701082309.2859855	+6.58,+14.1,+22.2,DA	+6.24,+38.6,+22.2,FA	+6.53,+23.6,+22.2,LA	+6.88,+4.2,+20.6,MB	+2.33,+265.7,+21.4,JB	+6.88,+5.1,+20.6,OB	
1701082371.297047	+6.58,+14.1,+22.2,DA	+6.24,+38.6,+22.2,FA	+6.53,+23.6,+22.2,LA	+6.88,+4.2,+20.6,MB	+2.34,+265.4,+21.4,NB	+6.88,+5.1,+20.6,OB	
1701082433.3062425	+6.58,+14.1,+22.2,DA	+6.24,+38.6,+22.2,FA	+6.53,+23.6,+22.1,OA	+6.88,+4.2,+20.7,LB	+2.34,+265.4,+21.4,NB	+6.88,+5.1,+20.6,OB	
1701082495.3157525	+6.58,+14.1,+22.2,DA	+6.24,+38.6,+22.2,FA	+6.53,+23.7,+22.2,MA	+6.88,+4.3,+20.6,LB	+2.34,+265.5,+21.4,OB	+6.88,+5.1,+20.6,OB	
1701082557.32406	+6.58,+14.0,+22.2,EA	+6.24,+38.6,+22.2,FA	+6.53,+23.6,+22.2,LA	+6.88,+4.2,+20.6,MB	+2.33,+265.7,+21.4,JB	+6.88,+5.1,+20.6,OB	
1701082619.330935	+6.58,+14.1,+22.2,DA	+6.24,+38.7,+22.2,GA	+6.53,+23.6,+22.2,LA	+6.88,+4.2,+20.6,MB	+2.33,+265.7,+21.4,JB	+6.88,+5.1,+20.6,OB	
1701082681.3392756	+6.58,+14.0,+22.2,EA	+6.24,+38.6,+22.1,EA	+6.53,+23.6,+22.2,LA	+6.88,+4.3,+20.6,LB	+2.33,+266.0,+21.4,NB	+6.88,+5.1,+20.6,OB	
1701082743.34644	+6.58,+14.1,+22.2,DA	+6.24,+38.7,+22.2,GA	+6.53,+23.6,+22.2,LA	+6.88,+4.2,+20.6,MB	+2.33,+265.9,+21.4,DB	+6.88,+5.0,+20.6,NB	
1701082805.3556356	+6.58,+14.1,+22.2,DA	+6.24,+38.7,+22.2,GA	+6.53,+23.6,+22.1,OA	+6.88,+4.2,+20.6,MB	+2.32,+266.2,+21.4,MB	+6.88,+5.0,+20.6,NB	
1701082867.3655396	+6.58,+14.1,+22.2,DA	+6.24,+38.6,+22.2,FA	+6.53,+23.6,+22.2,LA	+6.88,+4.2,+20.6,MB	+2.32,+266.6,+21.4,IB	+6.88,+5.0,+20.6,NB	
1701082929.374027	+6.58,+14.1,+22.2,DA	+6.24,+38.6,+22.2,FA	+6.53,+23.6,+22.2,LA	+6.88,+4.2,+20.6,MB	+2.31,+266.8,+21.4,DB	+6.88,+5.0,+20.6,NB	
1701082991.3834019	+6.58,+14.1,+22.2,DA	+6.24,+38.6,+22.2,FA	+6.53,+23.6,+22.1,OA	+6.88,+4.2,+20.6,MB	+2.31,+266.8,+21.4,DB	+6.88,+5.1,+20.6,OB	
1701083053.3926585	+6.58,+14.0,+22.2,EA	+6.24,+38.6,+22.2,FA	+6.53,+23.6,+22.1,OA	+6.88,+4.2,+20.6,MB	+2.31,+266.8,+21.4,DB	+6.88,+5.1,+20.6,OB	
1701083115.4034448	+6.58,+14.0,+22.2,EA	+6.24,+38.7,+22.2,GA	+6.53,+23.6,+22.2,LA	+6.88,+4.2,+20.6,MB	+2.31,+266.9,+21.4,EB	+6.88,+5.1,+20.6,OB	
1701083177.4119744	+6.58,+14.1,+22.2,DA	+6.24,+38.6,+22.2,FA	+6.53,+23.6,+22.2,LA	+6.88,+4.2,+20.6,MB	+2.32,+266.2,+21.4,MB	+6.88,+5.1,+20.6,OB	
1701083239.4219031	+6.58,+14.1,+22.2,DA	+6.24,+38.6,+22.2,FA	+6.53,+23.6,+22.1,OA	+6.88,+4.2,+20.6,MB	+2.32,+266.2,+21.4,MB	+6.88,+5.1,+20.6,OB	
1701083301.4317172	+6.58,+14.0,+22.2,EA	+6.24,+38.7,+22.2,GA	+6.53,+23.7,+22.2,MA	+6.88,+4.2,+20.6,MB	+2.32,+266.4,+21.4,KB	+6.88,+5.0,+20.6,NB	
1701083363.4407368	+6.58,+14.0,+22.2,EA	+6.24,+38.6,+22.2,FA	+6.53,+23.7,+22.2,MA	+6.88,+4.2,+20.6,MB	+2.32,+266.6,+21.4,IB	+6.88,+5.0,+20.6,NB	
1701083425.450706	+6.58,+14.0,+22.2,EA	+6.24,+38.6,+22.2,FA	+6.53,+23.6,+22.2,LA	+6.88,+4.2,+20.6,MB	+2.35,+264.6,+21.4,LB	+6.88,+5.0,+20.6,NB	
1701083487.4556146	+6.58,+14.1,+22.2,DA	+6.24,+38.6,+22.2,FA	+6.53,+23.6,+22.1,OA	+6.88,+4.2,+20.6,MB	+2.35,+264.8,+21.4,BB	+6.88,+5.0,+20.6,NB	
1701083549.4652655	+6.58,+14.1,+22.2,DA	+6.24,+38.7,+22.2,GA	+6.53,+23.7,+22.2,MA	+6.88,+4.2,+20.6,MB	+2.35,+264.9,+21.4,CB	+6.88,+5.0,+20.6,NB	
1701083611.4730287	+6.58,+14.1,+22.2,DA	+6.24,+38.7,+22.2,GA	+6.53,+23.6,+22.2,LA	+6.88,+4.2,+20.6,MB	+2.34,+265.2,+21.4,HB	+6.88,+5.0,+20.6,NB	
1701083673.480421	+6.58,+14.1,+22.2,DA	+6.24,+38.7,+22.2,GA	+6.53,+23.7,+22.2,MA	+6.88,+4.2,+20.6,MB	+2.32,+266.2,+21.4,MB	+6.88,+5.1,+20.6,OB	
1701083735.4872892	+6.58,+14.1,+22.2,DA	+6.24,+38.6,+22.2,FA	+6.53,+23.6,+22.2,LA	+6.88,+4.1,+20.6,NB	+2.31,+266.7,+21.4,KB	+6.88,+5.1,+20.6,OB	
1701083797.4960525	+6.58,+14.1,+22.2,DA	+6.24,+38.7,+22.2,GA	+6.53,+23.6,+22.2,LA	+6.88,+4.2,+20.6,MB	+2.31,+266.7,+21.4,KB	+6.88,+5.0,+20.6,NB	
1701083859.5032177	+6.58,+14.1,+22.2,DA	+6.24,+38.7,+22.2,GA	+6.53,+23.7,+22.2,MA	+6.88,+4.2,+20.6,MB	+2.31,+266.8,+21.4,DB	+6.88,+5.1,+20.6,OB	
1701083921.5109243	+6.58,+14.0,+22.2,EA	+6.24,+38.7,+22.2,GA	+6.53,+23.6,+22.2,LA	+6.88,+4.2,+20.6,MB	+2.31,+266.9,+21.4,EB	+6.88,+5.0,+20.6,NB	
1701083983.5193434	+6.58,+14.0,+22.2,EA	+6.24,+38.8,+22.2,HA	+6.53,+23.6,+22.1,OA	+6.88,+4.3,+20.6,LB	+2.31,+267.0,+21.4,MB	+6.88,+5.0,+20.6,NB	
1701084045.5279982	+6.58,+14.1,+22.2,DA	+6.24,+38.7,+22.2,GA	+6.53,+23.6,+22.2,LA	+6.88,+4.2,+20.6,MB	+2.31,+266.7,+21.4,KB	+6.88,+5.0,+20.6,NB	
1701084107.5362144	+6.58,+14.1,+22.2,DA	+6.24,+38.7,+22.2,GA	+6.53,+23.6,+22.2,LA	+6.88,+4.2,+20.6,MB	+2.32,+266.6,+21.4,IB	+6.88,+5.0,+20.6,NB	
1701084169.544638	+6.58,+14.0,+22.2,EA	+6.24,+38.7,+22.2,GA	+6.53,+23.6,+22.1,OA	+6.88,+4.2,+20.6,MB	+2.31,+266.9,+21.4,EB	+6.88,+5.1,+20.6,OB	
1701084231.5519626	+6.58,+14.0,+22.2,EA	+6.24,+38.6,+22.2,FA	+6.53,+23.6,+22.2,LA	+6.88,+4.2,+20.6,MB	+2.31,+266.9,+21.4,EB	+6.88,+5.1,+20.6,OB	
1701084293.561453	+6.58,+14.1,+22.2,DA	+6.24,+38.7,+22.2,GA	+6.53,+23.6,+22.2,LA	+6.88,+4.2,+20.6,MB	+2.31,+266.7,+21.4,KB	+6.88,+5.1,+20.6,OB	
1701084355.5672169	+6.58,+14.1,+22.2,DA	+6.24,+38.8,+22.1,KA	+6.53,+23.7,+22.2,MA	+6.88,+4.2,+20.6,MB	+2.31,+267.0,+21.4,MB	+6.88,+5.0,+20.6,NB	
1701084417.5760171	+6.58,+14.1,+22.2,DA	+6.24,+38.7,+22.2,GA	+6.53,+23.6,+22.2,LA	+6.88,+4.2,+20.6,MB	+2.31,+267.0,+21.4,MB	+6.88,+5.1,+20.6,OB	
1701084479.5841537	+6.58,+14.0,+22.2,EA	+6.24,+38.7,+22.2,GA	+6.53,+23.6,+22.2,LA	+6.88,+4.2,+20.6,MB	+2.31,+267.0,+21.4,MB	+6.88,+5.0,+20.6,NB	
1701084541.5927866	+6.58,+14.1,+22.2,DA	+6.24,+38.7,+22.2,GA	+6.53,+23.7,+22.2,MA	+6.88,+4.2,+20.6,MB	+2.32,+266.1,+21.4,NB	+6.88,+5.1,+20.6,OB	
1701084603.5999475	+6.58,+14.1,+22.2,DA	+6.24,+38.7,+22.2,GA	+6.53,+23.6,+22.2,LA	+6.88,+4.2,+20.6,MB	+2.32,+266.5,+21.4,JB	+6.88,+5.1,+20.6,OB	
1701084665.608379	+6.58,+14.1,+22.2,DA	+6.24,+38.7,+22.1,DA	+6.53,+23.6,+22.1,OA	+6.88,+4.2,+20.6,MB	+2.32,+266.5,+21.4,JB	+6.88,+5.0,+20.6,NB	
1701084727.6167886	+6.58,+14.0,+22.2,EA	+6.24,+38.8,+22.2,HA	+6.53,+23.6,+22.1,OA	+6.88,+4.2,+20.6,MB	+2.32,+266.5,+21.4,JB	+6.88,+5.0,+20.6,NB	
1701084789.6247454	+6.58,+14.1,+22.2,DA	+6.24,+38.7,+22.2,GA	+6.53,+23.7,+22.1,NA	+6.88,+4.2,+20.6,MB	+2.32,+266.7,+21.4,HB	+6.88,+5.0,+20.6,NB	
1701084851.632145	+6.58,+14.1,+22.2,DA	+6.24,+38.7,+22.2,GA	+6.53,+23.6,+22.2,LA	+6.88,+4.2,+20.6,MB	+2.32,+266.6,+21.4,IB	+6.88,+5.0,+20.6,NB	
1701084913.6410265	+6.58,+14.1,+22.2,DA	+6.24,+38.7,+22.2,GA	+6.53,+23.7,+22.1,NA	+6.88,+4.2,+20.6,MB	+2.32,+266.4,+21.4,KB	+6.88,+5.1,+20.6,OB	
1701084975.6499104	+6.58,+14.0,+22.2,EA	+6.24,+38.7,+22.2,GA	+6.53,+23.6,+22.2,LA	+6.88,+4.2,+20.6,MB	+2.32,+266.3,+21.4,LB	+6.88,+5.0,+20.6,NB	
1701085037.6585548	+6.58,+14.1,+22.2,DA	+6.24,+38.7,+22.2,GA	+6.53,+23.6,+22.2,LA	+6.88,+4.2,+20.6,MB	+2.32,+266.5,+21.4,JB	+6.88,+5.1,+20.6,OB	
1701085099.6678908	+6.58,+14.1,+22.2,DA	+6.24,+38.7,+22.2,GA	+6.53,+23.6,+22.2,LA	+6.88,+4.2,+20.6,MB	+2.31,+266.7,+21.4,KB	+6.88,+5.0,+20.6,NB	
1701085161.6774378	+6.58,+14.0,+22.2,EA	+6.24,+38.7,+22.2,GA	+6.53,+23.6,+22.1,OA	+6.88,+4.1,+20.6,NB	+2.31,+266.7,+21.4,KB	+6.88,+5.0,+20.6,NB	
1701085223.685215	+6.58,+14.1,+22.2,DA	+6.24,+38.8,+22.2,HA	+6.53,+23.6,+22.2,LA	+6.88,+4.2,+20.6,MB	+2.32,+266.6,+21.4,IB	+6.88,+5.0,+20.6,NB	
1701085285.694651	+6.58,+14.0,+22.2,EA	+6.24,+38.7,+22.2,GA	+6.53,+23.6,+22.2,LA	+6.88,+4.2,+20.6,MB	+2.32,+266.7,+21.4,HB	+6.88,+5.1,+20.6,OB	
1701085347.7047553	+6.58,+14.1,+22.2,DA	+6.24,+38.7,+22.2,GA	+6.53,+23.6,+22.2,LA	+6.88,+4.2,+20.6,MB	+2.31,+266.8,+21.4,DB	+6.88,+5.1,+20.6,OB	
1701085409.7138996	+6.58,+14.0,+22.2,EA	+6.24,+38.7,+22.1,DA	+6.53,+23.5,+22.1,LA	+6.88,+4.2,+20.6,MB	+2.31,+266.9,+21.4,EB	+6.88,+5.0,+20.6,NB	
1701085471.724007	+6.58,+14.0,+22.2,EA	+6.24,+38.7,+22.2,GA	+6.53,+23.6,+22.2,LA	+6.88,+4.2,+20.6,MB	+2.31,+267.0,+21.4,MB	+6.88,+5.0,+20.6,NB	
1701085533.7307131	+6.58,+14.0,+22.2,EA	+6.24,+38.7,+22.2,GA	+6.53,+23.7,+22.1,NA	+6.88,+4.2,+20.6,MB	+2.31,+267.0,+21.4,MB	+6.88,+5.0,+20.6,NB	
1701085595.7410014	+6.58,+14.0,+22.2,EA	+6.24,+38.7,+22.1,DA	+6.53,+23.6,+22.1,OA	+6.88,+4.2,+20.6,MB	+2.31,+267.1,+21.4,LB	+6.88,+5.0,+20.6,NB	
1701085657.7504551	+6.58,+14.1,+22.2,DA	+6.24,+38.7,+22.1,DA	+6.53,+23.6,+22.1,OA	+6.88,+4.2,+20.6,MB	+2.31,+267.0,+21.4,MB	+6.88,+5.1,+20.6,OB	
1701085719.759968	+6.58,+14.0,+22.2,EA	+6.24,+38.7,+22.2,GA	+6.53,+23.6,+22.1,OA	+6.88,+4.2,+20.6,MB	+2.32,+266.6,+21.4,IB	+6.88,+4.9,+20.6,FB	
1701085781.7697268	+6.58,+14.1,+22.2,DA	+6.24,+38.7,+22.1,DA	+6.53,+23.6,+22.1,OA	+6.88,+4.2,+20.6,MB	+2.31,+266.7,+21.4,KB	+6.88,+5.0,+20.6,NB	
1701086027.3430512	+6.58,+14.0,+22.2,EA	+6.24,+38.8,+22.1,KA	+6.53,+23.6,+22.1,OA	+6.88,+4.2,+20.6,MB	+2.30,+267.4,+21.4,HB	+6.88,+5.1,+20.6,OB	
1701086089.353961	+6.58,+14.0,+22.2,EA	+6.24,+38.7,+22.2,GA	+6.53,+23.7,+22.2,MA	+6.88,+4.2,+20.6,MB	+2.30,+267.7,+21.4,KB	+6.88,+5.0,+20.6,NB	
1701086151.364692	+6.58,+14.1,+22.2,DA	+6.24,+38.7,+22.2,GA	+6.53,+23.6,+22.2,LA	+6.88,+4.2,+20.6,MB	+2.30,+267.8,+21.4,DB	+6.88,+5.0,+20.6,NB	
1701086213.3734965	+6.58,+14.0,+22.2,EA	+6.24,+38.7,+22.2,GA	+6.53,+23.6,+22.1,OA	+6.88,+4.1,+20.6,NB	+2.30,+267.8,+21.4,DB	+6.88,+5.0,+20.6,NB	
1701086275.3785236	+6.58,+14.0,+22.2,EA	+6.24,+38.7,+22.2,GA	+6.53,+23.6,+22.1,OA	+6.88,+4.2,+20.6,MB	+2.30,+267.8,+21.4,DB	+6.88,+5.1,+20.6,OB	
1701086337.3860447	+6.58,+14.1,+22.2,DA	+6.24,+38.7,+22.2,GA	+6.53,+23.6,+22.2,LA	+6.88,+4.2,+20.6,MB	+2.30,+267.8,+21.4,DB	+6.88,+5.1,+20.6,OB	
1701086399.3925815	+6.58,+14.1,+22.2,DA	+6.24,+38.7,+22.1,DA	+6.53,+23.6,+22.1,OA	+6.88,+4.2,+20.6,MB	+2.29,+267.8,+21.4,LB	+6.88,+5.1,+20.6,OB	
1701086461.402645	+6.58,+14.0,+22.2,EA	+6.24,+38.7,+22.2,GA	+6.53,+23.6,+22.2,LA	+6.88,+4.2,+20.6,MB	+2.30,+267.7,+21.4,KB	+6.88,+5.1,+20.6,OB	
1701086523.4124103	+6.58,+14.0,+22.2,EA	+6.24,+38.8,+22.1,KA	+6.53,+23.6,+22.1,OA	+6.88,+4.2,+20.6,MB	+2.30,+267.7,+21.4,KB	+6.88,+5.0,+20.6,NB	
1701086585.4223804	+6.58,+14.1,+22.1,GA	+6.24,+38.7,+22.1,DA	+6.53,+23.6,+22.1,OA	+6.88,+4.2,+20.6,MB	+2.29,+267.8,+21.4,LB	+6.88,+5.0,+20.6,NB	
1701086647.432389	+6.58,+14.0,+22.2,EA	+6.24,+38.7,+22.2,GA	+6.53,+23.6,+22.1,OA	+6.88,+4.1,+20.6,NB	+2.33,+266.0,+21.4,NB	+6.88,+5.1,+20.6,OB	
1701086709.4422677	+6.58,+14.1,+22.2,DA	+6.24,+38.7,+22.1,DA	+6.53,+23.6,+22.1,OA	+6.88,+4.2,+20.6,MB	+2.32,+266.2,+21.4,MB	+6.88,+5.0,+20.6,NB	
1701086771.4519546	+6.58,+14.0,+22.2,EA	+6.24,+38.7,+22.1,DA	+6.53,+23.6,+22.1,OA	+6.88,+4.2,+20.6,MB	+2.31,+266.8,+21.4,DB	+6.88,+5.0,+20.6,NB	
1701086833.462765	+6.58,+14.0,+22.1,FA	+6.24,+38.7,+22.1,DA	+6.53,+23.6,+22.1,OA	+6.88,+4.2,+20.6,MB	+2.33,+265.9,+21.4,DB	+6.88,+5.1,+20.6,OB	
1701086895.4728847	+6.58,+14.0,+22.2,EA	+6.24,+38.7,+22.1,DA	+6.53,+23.6,+22.1,OA	+6.88,+4.2,+20.6,MB	+2.34,+265.3,+21.4,IB	+6.88,+5.1,+20.6,OB	
1701086957.4810119	+6.58,+14.0,+22.2,EA	+6.24,+38.7,+22.1,DA	+6.53,+23.6,+22.1,OA	+6.88,+4.1,+20.6,NB	+2.33,+265.9,+21.4,DB	+6.88,+5.1,+20.6,OB	
1701087019.489225	+6.58,+14.0,+22.1,FA	+6.24,+38.7,+22.1,DA	+6.53,+23.6,+22.1,OA	+6.88,+4.1,+20.6,NB	+2.32,+266.1,+21.4,NB	+6.88,+5.1,+20.6,OB	
1701087081.4990058	+6.58,+14.1,+22.2,DA	+6.24,+38.7,+22.1,DA	+6.53,+23.6,+22.1,OA	+6.88,+4.2,+20.6,MB	+2.33,+266.1,+21.4,OB	+6.88,+5.0,+20.6,NB	
1701087143.5051866	+6.58,+14.1,+22.1,GA	+6.24,+38.7,+22.1,DA	+6.53,+23.7,+22.1,NA	+6.88,+4.2,+20.6,MB	+2.33,+266.0,+21.4,NB	+6.88,+5.1,+20.6,OB	
1701087205.513675	+6.58,+14.1,+22.2,DA	+6.24,+38.7,+22.1,DA	+6.53,+23.6,+22.1,OA	+6.88,+4.2,+20.6,MB	+2.33,+265.9,+21.4,DB	+6.88,+5.1,+20.6,OB	
1701087267.5238643	+6.58,+14.1,+22.2,DA	+6.24,+38.7,+22.1,DA	+6.53,+23.7,+22.1,NA	+6.88,+4.2,+20.6,MB	+2.33,+265.8,+21.4,EB	+6.88,+5.1,+20.6,OB	
1701087329.533897	+6.58,+14.0,+22.1,FA	+6.24,+38.8,+22.1,KA	+6.53,+23.6,+22.1,OA	+6.88,+4.1,+20.6,NB	+2.33,+265.9,+21.4,DB	+6.88,+5.1,+20.6,OB	
1701087391.5448844	+6.58,+14.0,+22.2,EA	+6.24,+38.9,+22.1,JA	+6.53,+23.7,+22.1,NA	+6.88,+4.2,+20.6,MB	+2.33,+265.8,+21.4,EB	+6.88,+5.1,+20.6,OB	
1701087453.5565667	+6.58,+14.1,+22.2,DA	+6.24,+38.7,+22.1,DA	+6.53,+23.6,+22.1,OA	+6.88,+4.2,+20.6,MB	+2.33,+265.7,+21.4,JB	+6.88,+5.0,+20.6,NB	
1701087515.5667856	+6.58,+14.1,+22.1,GA	+6.24,+38.8,+22.1,KA	+6.53,+23.6,+22.1,OA	+6.88,+4.2,+20.6,MB	+2.33,+265.7,+21.4,JB	+6.88,+5.1,+20.6,OB	
1701087577.5767157	+6.58,+14.0,+22.2,EA	+6.24,+38.8,+22.1,KA	+6.53,+23.6,+22.1,OA	+6.88,+4.2,+20.6,MB	+2.33,+265.5,+21.4,HB	+6.88,+5.1,+20.6,OB	
1701087639.5846775	+6.58,+14.0,+22.2,EA	+6.24,+38.7,+22.1,DA	+6.53,+23.6,+22.1,OA	+6.88,+4.1,+20.6,NB	+2.34,+265.5,+21.4,OB	+6.88,+5.0,+20.6,NB	
1701087701.594149	+6.58,+14.1,+22.2,DA	+6.24,+38.8,+22.1,KA	+6.53,+23.6,+22.1,OA	+6.88,+4.2,+20.6,MB	+2.33,+265.6,+21.4,KB	+6.88,+5.1,+20.6,OB	
1701087763.6034644	+6.58,+14.0,+22.2,EA	+6.24,+38.8,+22.1,KA	+6.53,+23.6,+22.1,OA	+6.88,+4.2,+20.6,MB	+2.33,+265.8,+21.4,EB	+6.88,+5.0,+20.6,NB	
1701087825.613574	+6.58,+14.0,+22.2,EA	+6.24,+38.8,+22.1,KA	+6.53,+23.7,+22.1,NA	+6.88,+4.1,+20.6,NB	+2.33,+265.7,+21.4,JB	+6.88,+5.1,+20.6,OB	
1701087887.6234295	+6.58,+14.1,+22.1,GA	+6.24,+38.8,+22.1,KA	+6.53,+23.6,+22.1,OA	+6.88,+4.2,+20.6,MB	+2.33,+265.8,+21.4,EB	+6.88,+5.0,+20.6,NB	
1701087949.632936	+6.58,+14.0,+22.1,FA	+6.24,+38.7,+22.1,DA	+6.53,+23.5,+22.1,LA	+6.88,+4.2,+20.6,MB	+2.33,+265.8,+21.4,EB	+6.88,+5.1,+20.6,OB	
1701088011.6375022	+6.58,+14.0,+22.1,FA	+6.24,+38.8,+22.1,KA	+6.53,+23.6,+22.1,OA	+6.88,+4.2,+20.6,MB	+2.33,+265.8,+21.4,EB	+6.88,+5.1,+20.6,OB	
1701088073.6465523	+6.58,+14.1,+22.1,GA	+6.24,+38.7,+22.1,DA	+6.53,+23.7,+22.1,NA	+6.88,+4.2,+20.6,MB	+2.33,+265.7,+21.4,JB	+6.88,+5.0,+20.6,NB	
1701088135.6536212	+6.58,+14.0,+22.1,FA	+6.24,+38.7,+22.1,DA	+6.53,+23.6,+22.1,OA	+6.88,+4.1,+20.6,NB	+2.33,+265.9,+21.4,DB	+6.88,+5.0,+20.6,NB	
1701088197.6616514	+6.58,+14.1,+22.1,GA	+6.24,+38.7,+22.1,DA	+6.53,+23.6,+22.1,OA	+6.88,+4.1,+20.6,NB	+2.33,+265.9,+21.4,DB	+6.88,+5.1,+20.5,LB	
1701088259.6712897	+6.58,+14.0,+22.1,FA	+6.24,+38.7,+22.1,DA	+6.53,+23.6,+22.1,OA	+6.88,+4.2,+20.6,MB	+2.33,+265.7,+21.4,JB	+6.88,+5.1,+20.6,OB	
1701088321.6778615	+6.58,+14.0,+22.1,FA	+6.24,+38.7,+22.1,DA	+6.53,+23.7,+22.1,NA	+6.88,+4.2,+20.6,MB	+2.33,+265.7,+21.4,JB	+6.88,+5.0,+20.5,MB	
1701088383.685188	+6.58,+14.0,+22.1,FA	+6.24,+38.7,+22.1,DA	+6.53,+23.6,+22.1,OA	+6.88,+4.1,+20.6,NB	+2.33,+265.7,+21.4,JB	+6.88,+5.1,+20.5,LB	
1701088445.6941361	+6.58,+14.0,+22.1,FA	+6.24,+38.7,+22.1,DA	+6.53,+23.6,+22.1,OA	+6.88,+4.1,+20.6,NB	+2.33,+265.8,+21.4,EB	+6.88,+5.0,+20.5,MB	
1701088507.7042859	+6.58,+14.0,+22.1,FA	+6.24,+38.6,+22.1,EA	+6.53,+23.6,+22.1,OA	+6.88,+4.1,+20.6,NB	+2.33,+265.9,+21.4,DB	+6.88,+5.1,+20.5,LB	
1701088569.710687	+6.58,+14.0,+22.1,FA	+6.24,+38.6,+22.1,EA	+6.53,+23.6,+22.1,OA	+6.88,+4.1,+20.6,NB	+2.32,+266.4,+21.4,KB	+6.88,+5.1,+20.6,OB	
1701088631.7189105	+6.58,+14.0,+22.1,FA	+6.24,+38.6,+22.1,EA	+6.53,+23.6,+22.1,OA	+6.88,+4.2,+20.6,MB	+2.32,+266.2,+21.4,MB	+6.88,+5.0,+20.6,NB	
1701088693.728944	+6.58,+14.1,+22.1,GA	+6.24,+38.7,+22.1,DA	+6.53,+23.6,+22.1,OA	+6.88,+4.1,+20.6,NB	+2.36,+264.3,+21.3,MB	+6.88,+5.0,+20.5,MB	
1701088755.7350225	+6.58,+14.0,+22.1,FA	+6.24,+38.7,+22.1,DA	+6.53,+23.6,+22.1,OA	+6.88,+4.1,+20.6,NB	+2.35,+264.5,+21.4,OB	+6.88,+5.0,+20.6,NB	
1701088817.744545	+6.58,+14.0,+22.1,FA	+6.24,+38.7,+22.1,DA	+6.53,+23.6,+22.1,OA	+6.88,+4.1,+20.6,NB	+2.35,+264.6,+21.4,LB	+6.88,+5.1,+20.5,LB	
1701088879.7551112	+6.58,+14.0,+22.1,FA	+6.24,+38.6,+22.1,EA	+6.53,+23.6,+22.1,OA	+6.88,+4.1,+20.6,NB	+2.35,+264.8,+21.4,BB	+6.88,+5.0,+20.5,MB	
1701088941.765513	+6.58,+14.0,+22.1,FA	+6.24,+38.6,+22.1,EA	+6.53,+23.6,+22.1,OA	+6.88,+4.1,+20.6,NB	+2.34,+265.1,+21.4,KB	+6.88,+5.0,+20.6,NB	
1701089003.7749023	+6.58,+14.0,+22.1,FA	+6.24,+38.6,+22.1,EA	+6.53,+23.6,+22.1,OA	+6.88,+4.1,+20.6,NB	+2.33,+265.8,+21.3,BB	+6.88,+5.1,+20.5,LB	
1701089065.7841752	+6.58,+14.0,+22.1,FA	+6.24,+38.7,+22.1,DA	+6.53,+23.7,+22.0,OA	+6.88,+4.1,+20.5,MB	+2.33,+266.0,+21.4,NB	+6.88,+5.1,+20.5,LB	
1701089127.7945826	+6.58,+14.0,+22.1,FA	+6.24,+38.6,+22.1,EA	+6.53,+23.5,+22.0,MA	+6.88,+4.2,+20.5,NB	+2.32,+266.1,+21.3,IB	+6.88,+5.0,+20.5,MB	
1701089189.8047123	+6.58,+14.0,+22.1,FA	+6.24,+38.6,+22.1,EA	+6.53,+23.6,+22.0,NA	+6.88,+4.1,+20.5,MB	+2.33,+266.0,+21.3,IB	+6.88,+5.1,+20.5,LB	
1701089251.814336	+6.58,+14.0,+22.1,FA	+6.24,+38.6,+22.1,EA	+6.53,+23.6,+22.0,NA	+6.88,+4.2,+20.5,NB	+2.32,+266.1,+21.3,IB	+6.88,+5.1,+20.5,LB	
1701089313.823515	+6.58,+14.0,+22.1,FA	+6.24,+38.6,+22.1,EA	+6.53,+23.6,+22.0,NA	+6.88,+4.1,+20.5,MB	+2.33,+266.0,+21.3,IB	+6.88,+5.0,+20.5,MB	
1701089375.833604	+6.58,+14.0,+22.1,FA	+6.24,+38.6,+22.1,EA	+6.53,+23.6,+22.1,OA	+6.88,+4.1,+20.5,MB	+2.32,+266.1,+21.3,IB	+6.88,+5.0,+20.5,MB	
1701089437.8436933	+6.58,+14.0,+22.1,FA	+6.24,+38.7,+22.1,DA	+6.53,+23.6,+22.1,OA	+6.88,+4.2,+20.6,MB	+2.32,+266.2,+21.4,MB	+6.88,+5.0,+20.5,MB	
1701089499.8519351	+6.58,+14.0,+22.1,FA	+6.24,+38.5,+22.1,FA	+6.53,+23.6,+22.0,NA	+6.88,+4.2,+20.5,NB	+2.33,+266.0,+21.4,NB	+6.88,+5.0,+20.5,MB	
1701089561.862768	+6.58,+14.0,+22.1,FA	+6.24,+38.5,+22.1,FA	+6.53,+23.6,+22.1,OA	+6.88,+4.2,+20.5,NB	+2.33,+266.0,+21.3,IB	+6.88,+5.0,+20.5,MB	
1701089623.8698978	+6.58,+14.0,+22.1,FA	+6.24,+38.5,+22.1,FA	+6.53,+23.6,+22.0,NA	+6.88,+4.1,+20.5,MB	+2.33,+265.6,+21.4,KB	+6.88,+4.9,+20.5,EB	
1701089869.4257157	+6.58,+14.0,+22.1,FA	+6.24,+38.6,+22.1,EA	+6.53,+23.6,+22.0,NA	+6.88,+4.1,+20.5,MB	+2.34,+265.3,+21.3,NB	+6.88,+5.1,+20.5,LB	
1701089931.4344552	+6.58,+14.0,+22.1,FA	+6.24,+38.6,+22.1,EA	+6.53,+23.6,+22.0,NA	+6.88,+4.1,+20.5,MB	+2.33,+265.9,+21.3,CB	+6.88,+5.0,+20.5,MB	
1701089993.4443345	+6.58,+14.0,+22.1,FA	+6.24,+38.5,+22.1,FA	+6.53,+23.7,+22.0,OA	+6.88,+4.2,+20.6,MB	+2.33,+265.9,+21.3,CB	+6.88,+5.0,+20.5,MB	
1701090055.4504426	+6.58,+14.0,+22.1,FA	+6.24,+38.6,+22.1,EA	+6.53,+23.6,+22.0,NA	+6.88,+4.1,+20.5,MB	+2.33,+266.0,+21.3,IB	+6.88,+5.0,+20.5,MB	
1701090117.457637	+6.58,+14.0,+22.1,FA	+6.24,+38.5,+22.1,FA	+6.53,+23.6,+22.0,NA	+6.88,+4.1,+20.5,MB	+2.33,+265.7,+21.3,MB	+6.88,+5.0,+20.5,MB	
1701090179.4665792	+6.58,+14.0,+22.1,FA	+6.24,+38.5,+22.1,FA	+6.53,+23.6,+22.0,NA	+6.88,+4.1,+20.5,MB	+2.33,+265.7,+21.3,MB	+6.88,+5.0,+20.5,MB	
1701090241.4744194	+6.58,+14.0,+22.1,FA	+6.24,+38.6,+22.1,EA	+6.53,+23.6,+22.0,NA	+6.88,+4.1,+20.5,MB	+2.33,+265.6,+21.3,LB	+6.88,+5.0,+20.5,MB	
1701090303.4825056	+6.58,+14.0,+22.1,FA	+6.24,+38.6,+22.1,EA	+6.53,+23.6,+22.0,NA	+6.88,+4.1,+20.5,MB	+2.33,+265.9,+21.3,CB	+6.88,+5.0,+20.5,MB	
1701090365.4913077	+6.58,+14.0,+22.1,FA	+6.24,+38.5,+22.0,GA	+6.53,+23.6,+22.0,NA	+6.88,+4.1,+20.5,MB	+2.33,+265.9,+21.3,CB	+6.88,+5.0,+20.5,MB	
1701090427.5007493	+6.58,+14.0,+22.1,FA	+6.24,+38.5,+22.1,FA	+6.53,+23.6,+22.0,NA	+6.88,+4.1,+20.5,MB	+2.32,+266.1,+21.3,IB	+6.88,+5.0,+20.5,MB	
1701090489.5079987	+6.58,+14.0,+22.1,FA	+6.24,+38.5,+22.0,GA	+6.53,+23.6,+22.0,NA	+6.88,+4.1,+20.5,MB	+2.32,+266.1,+21.3,IB	+6.88,+5.1,+20.5,LB	
1701090551.5167568	+6.58,+14.0,+22.1,FA	+6.24,+38.5,+22.1,FA	+6.53,+23.6,+22.0,NA	+6.88,+4.1,+20.5,MB	+2.32,+266.1,+21.3,IB	+6.88,+5.1,+20.5,LB	
1701090613.526456	+6.58,+14.0,+22.1,FA	+6.24,+38.5,+22.1,FA	+6.53,+23.6,+22.0,NA	+6.88,+4.2,+20.5,NB	+2.32,+266.2,+21.3,JB	+6.88,+5.0,+20.5,MB	
1701090675.5345528	+6.58,+14.0,+22.1,FA	+6.24,+38.6,+22.1,EA	+6.53,+23.6,+22.0,NA	+6.88,+4.1,+20.5,MB	+2.32,+266.2,+21.3,JB	+6.88,+5.0,+20.5,MB	
1701090737.543186	+6.58,+14.0,+22.1,FA	+6.24,+38.6,+22.1,EA	+6.53,+23.6,+22.0,NA	+6.88,+4.1,+20.5,MB	+2.32,+266.2,+21.3,JB	+6.88,+5.1,+20.5,LB	
1701090799.5515654	+6.58,+14.0,+22.1,FA	+6.24,+38.5,+22.0,GA	+6.53,+23.5,+22.0,MA	+6.88,+4.2,+20.5,NB	+2.32,+266.3,+21.3,KB	+6.88,+5.0,+20.5,MB	
1701090861.5610905	+6.58,+14.0,+22.1,FA	+6.24,+38.6,+22.0,DA	+6.53,+23.6,+22.0,NA	+6.88,+4.1,+20.5,MB	+2.32,+266.4,+21.3,LB	+6.88,+5.1,+20.5,LB	
1701090923.5701597	+6.58,+14.0,+22.1,FA	+6.24,+38.5,+22.0,GA	+6.53,+23.6,+22.0,NA	+6.88,+4.2,+20.5,NB	+2.32,+266.3,+21.3,KB	+6.88,+4.9,+20.5,EB	
1701090985.5788915	+6.58,+14.0,+22.1,FA	+6.24,+38.5,+22.1,FA	+6.53,+23.6,+22.0,NA	+6.88,+4.1,+20.5,MB	+2.32,+266.2,+21.3,JB	+6.88,+5.0,+20.5,MB	
1701091047.5869696	+6.58,+14.0,+22.1,FA	+6.24,+38.5,+22.1,FA	+6.53,+23.6,+22.0,NA	+6.88,+4.1,+20.5,MB	+2.33,+266.0,+21.3,IB	+6.88,+5.0,+20.5,MB	
1701091109.597204	+6.58,+14.0,+22.1,FA	+6.24,+38.6,+22.0,DA	+6.53,+23.7,+22.0,OA	+6.88,+4.1,+20.5,MB	+2.32,+266.3,+21.3,KB	+6.88,+5.1,+20.5,LB	
1701091171.60675	+6.58,+14.0,+22.1,FA	+6.24,+38.6,+22.0,DA	+6.53,+23.6,+22.0,NA	+6.88,+4.1,+20.5,MB	+2.32,+266.2,+21.3,JB	+6.88,+5.1,+20.5,LB	
1701091233.614512	+6.58,+14.0,+22.1,FA	+6.24,+38.5,+22.0,GA	+6.53,+23.6,+22.0,NA	+6.88,+4.1,+20.5,MB	+2.32,+266.4,+21.3,LB	+6.88,+4.9,+20.5,EB	
1701091295.6224709	+6.58,+14.0,+22.1,FA	+6.24,+38.6,+22.0,DA	+6.53,+23.6,+22.0,NA	+6.88,+4.1,+20.5,MB	+2.32,+266.5,+21.3,MB	+6.88,+5.0,+20.5,MB	
1701091357.6288338	+6.58,+14.0,+22.1,FA	+6.24,+38.5,+22.0,GA	+6.53,+23.6,+22.0,NA	+6.88,+4.1,+20.5,MB	+2.32,+266.5,+21.3,MB	+6.88,+5.0,+20.5,MB	
1701091419.6384835	+6.58,+14.0,+22.1,FA	+6.24,+38.5,+22.0,GA	+6.53,+23.6,+22.0,NA	+6.88,+4.1,+20.5,MB	+2.32,+266.5,+21.3,MB	+6.88,+5.0,+20.4,LB	
1701091481.646806	+6.58,+13.9,+22.1,HA	+6.24,+38.5,+22.1,FA	+6.53,+23.6,+22.0,NA	+6.88,+4.1,+20.5,MB	+2.32,+266.6,+21.3,NB	+6.88,+5.1,+20.4,MB	
1701091543.655618	+6.58,+14.0,+22.1,FA	+6.24,+38.5,+22.0,GA	+6.53,+23.6,+22.0,NA	+6.88,+4.1,+20.5,MB	+2.31,+266.6,+21.3,MB	+6.88,+5.0,+20.5,MB	
1701091605.664066	+6.58,+14.0,+22.0,GA	+6.24,+38.5,+22.0,GA	+6.53,+23.6,+22.0,NA	+6.88,+4.1,+20.5,MB	+2.32,+266.4,+21.3,LB	+6.88,+5.0,+20.5,MB	
1701091667.6728494	+6.58,+14.0,+22.0,GA	+6.24,+38.5,+22.0,GA	+6.53,+23.6,+22.0,NA	+6.88,+4.1,+20.5,MB	+2.32,+266.4,+21.3,LB	+6.88,+5.1,+20.4,MB	
1701091729.682576	+6.58,+13.9,+22.1,HA	+6.24,+38.6,+22.0,DA	+6.53,+23.6,+22.0,NA	+6.88,+4.1,+20.5,MB	+2.32,+266.5,+21.3,MB	+6.88,+5.0,+20.5,MB	
1701091791.690275	+6.58,+14.0,+22.0,GA	+6.24,+38.5,+22.0,GA	+6.53,+23.6,+22.0,NA	+6.88,+4.2,+20.5,NB	+2.32,+266.5,+21.3,MB	+6.88,+5.1,+20.5,LB	
1701091853.6996715	+6.58,+14.0,+22.1,FA	+6.24,+38.5,+22.0,GA	+6.53,+23.7,+22.0,OA	+6.88,+4.1,+20.5,MB	+2.32,+266.5,+21.3,MB	+6.88,+5.0,+20.5,MB	
1701091915.7066839	+6.58,+14.0,+22.0,GA	+6.24,+38.5,+22.0,GA	+6.53,+23.6,+22.0,NA	+6.88,+4.1,+20.5,MB	+2.32,+266.5,+21.3,MB	+6.88,+5.0,+20.5,MB	
1701091977.7161572	+6.58,+14.0,+22.0,GA	+6.24,+38.6,+22.0,DA	+6.53,+23.6,+22.0,NA	+6.88,+4.1,+20.5,MB	+2.32,+266.5,+21.3,MB	+6.88,+5.0,+20.5,MB	
1701092039.7241683	+6.58,+14.0,+22.0,GA	+6.24,+38.6,+22.0,DA	+6.53,+23.6,+22.0,NA	+6.88,+4.1,+20.5,MB	+2.32,+266.4,+21.3,LB	+6.88,+5.0,+20.4,LB	
1701092101.7346575	+6.58,+13.9,+22.0,IA	+6.24,+38.6,+22.0,DA	+6.53,+23.6,+22.0,NA	+6.88,+4.1,+20.5,MB	+2.32,+266.5,+21.3,MB	+6.88,+5.1,+20.5,LB	
1701092163.7448363	+6.58,+14.0,+22.1,FA	+6.24,+38.5,+22.0,GA	+6.53,+23.6,+22.0,NA	+6.88,+4.1,+20.5,MB	+2.31,+266.6,+21.3,MB	+6.88,+5.0,+20.4,LB	
1701092225.7523112	+6.58,+14.0,+22.0,GA	+6.24,+38.6,+22.0,DA	+6.53,+23.6,+22.0,NA	+6.88,+4.1,+20.5,MB	+2.31,+266.8,+21.3,CB	+6.88,+5.0,+20.5,MB	
1701092287.7615864	+6.58,+14.0,+22.0,GA	+6.24,+38.6,+22.0,DA	+6.53,+23.6,+22.0,NA	+6.88,+4.1,+20.5,MB	+2.31,+266.8,+21.3,CB	+6.88,+5.0,+20.4,LB	
1701092349.770292	+6.58,+14.0,+22.0,GA	+6.24,+38.6,+22.0,DA	+6.53,+23.6,+22.0,NA	+6.88,+4.1,+20.5,MB	+2.31,+266.6,+21.3,MB	+6.88,+5.1,+20.4,MB	
1701092411.780245	+6.58,+14.0,+22.0,GA	+6.24,+38.5,+22.0,GA	+6.53,+23.5,+22.0,MA	+6.88,+4.1,+20.5,MB	+2.31,+266.7,+21.3,LB	+6.88,+5.0,+20.5,MB	
1701092473.7896333	+6.58,+14.0,+22.1,FA	+6.24,+38.6,+22.0,DA	+6.53,+23.5,+22.0,MA	+6.88,+4.1,+20.5,MB	+2.31,+266.7,+21.3,LB	+6.88,+5.0,+20.4,LB	
1701092535.7966154	+6.58,+14.0,+22.0,GA	+6.24,+38.7,+22.0,EA	+6.53,+23.6,+22.0,NA	+6.88,+4.1,+20.5,MB	+2.35,+264.7,+21.3,JB	+6.88,+5.0,+20.4,LB	
1701092597.8063955	+6.58,+14.0,+22.0,GA	+6.24,+38.6,+22.0,DA	+6.53,+23.6,+22.0,NA	+6.88,+4.2,+20.5,NB	+2.35,+264.7,+21.3,JB	+6.88,+5.0,+20.4,LB	
1701092659.8136883	+6.58,+14.0,+22.0,GA	+6.24,+38.6,+22.0,DA	+6.53,+23.6,+22.0,NA	+6.88,+4.1,+20.5,MB	+2.34,+264.9,+21.3,EB	+6.88,+5.1,+20.4,MB	
1701092721.823533	+6.58,+13.9,+22.0,IA	+6.24,+38.6,+22.0,DA	+6.53,+23.5,+21.9,GA	+6.88,+4.1,+20.5,MB	+2.34,+265.3,+21.3,NB	+6.88,+5.0,+20.4,LB	
1701092783.833156	+6.58,+13.9,+22.0,IA	+6.24,+38.6,+22.0,DA	+6.53,+23.6,+22.0,NA	+6.88,+4.1,+20.5,MB	+2.33,+265.6,+21.3,LB	+6.88,+5.1,+20.4,MB	
1701092845.8415976	+6.58,+13.9,+22.0,IA	+6.24,+38.6,+22.0,DA	+6.53,+23.6,+22.0,NA	+6.88,+4.1,+20.4,LB	+2.33,+265.8,+21.3,BB	+6.88,+5.1,+20.4,MB	
1701092907.851531	+6.58,+14.0,+22.0,GA	+6.24,+38.5,+22.0,GA	+6.53,+23.6,+22.0,NA	+6.88,+4.1,+20.4,LB	+2.32,+266.1,+21.3,IB	+6.88,+5.1,+20.4,MB	
1701092969.8606513	+6.58,+13.9,+22.0,IA	+6.24,+38.6,+22.0,DA	+6.53,+23.6,+22.0,NA	+6.88,+4.1,+20.4,LB	+2.32,+266.1,+21.3,IB	+6.88,+5.1,+20.4,MB	
1701093031.870319	+6.58,+13.9,+22.0,IA	+6.24,+38.6,+22.0,DA	+6.53,+23.6,+21.9,DA	+6.88,+4.1,+20.4,LB	+2.32,+266.5,+21.3,MB	+6.88,+5.1,+20.4,MB	
1701093093.8753073	+6.58,+14.0,+22.0,GA	+6.24,+38.5,+22.0,GA	+6.53,+23.6,+22.0,NA	+6.88,+4.1,+20.5,MB	+2.32,+266.5,+21.3,MB	+6.88,+5.0,+20.4,LB	
1701093155.8846009	+6.58,+13.9,+22.0,IA	+6.24,+38.6,+22.0,DA	+6.53,+23.6,+22.0,NA	+6.88,+4.1,+20.4,LB	+2.32,+266.5,+21.3,MB	+6.88,+5.0,+20.4,LB	
1701093217.8937447	+6.58,+13.9,+22.0,IA	+6.24,+38.6,+22.0,DA	+6.53,+23.6,+22.0,NA	+6.88,+4.1,+20.4,LB	+2.32,+266.5,+21.3,MB	+6.88,+5.1,+20.4,MB	
1701093279.9032116	+6.58,+13.9,+22.0,IA	+6.24,+38.5,+22.0,GA	+6.53,+23.6,+22.0,NA	+6.88,+4.1,+20.5,MB	+2.32,+266.4,+21.3,LB	+6.88,+4.9,+20.4,DB	
1701093341.913166	+6.58,+13.9,+22.0,IA	+6.24,+38.6,+22.0,DA	+6.53,+23.5,+21.9,GA	+6.88,+4.1,+20.4,LB	+2.32,+266.3,+21.3,KB	+6.88,+5.1,+20.4,MB	
1701093403.9211476	+6.58,+14.0,+22.0,GA	+6.24,+38.5,+22.0,GA	+6.53,+23.6,+22.0,NA	+6.88,+4.1,+20.4,LB	+2.32,+266.1,+21.3,IB	+6.88,+5.0,+20.4,LB	
1701093465.9305408	+6.58,+13.9,+22.0,IA	+6.24,+38.6,+22.0,DA	+6.53,+23.6,+21.9,DA	+6.88,+4.1,+20.4,LB	+2.33,+266.0,+21.3,IB	+6.88,+4.9,+20.4,DB	
1701093711.472821	+6.58,+13.9,+22.0,IA	+6.24,+38.5,+22.0,GA	+6.53,+23.6,+22.0,NA	+6.88,+4.1,+20.4,LB	+2.33,+265.6,+21.3,LB	+6.88,+5.0,+20.4,LB	
1701093773.4824805	+6.58,+13.9,+22.0,IA	+6.24,+38.6,+22.0,DA	+6.53,+23.6,+21.9,DA	+6.88,+4.1,+20.4,LB	+2.32,+266.0,+21.3,HB	+6.88,+5.1,+20.4,MB	
1701093835.488811	+6.58,+14.0,+22.0,GA	+6.24,+38.5,+22.0,GA	+6.53,+23.6,+21.9,DA	+6.88,+4.1,+20.4,LB	+2.32,+266.1,+21.2,HB	+6.88,+5.0,+20.4,LB	
1701093897.4972143	+6.58,+14.0,+22.0,GA	+6.24,+38.6,+22.0,DA	+6.53,+23.6,+21.9,DA	+6.88,+4.1,+20.4,LB	+2.32,+266.2,+21.3,JB	+6.88,+5.0,+20.4,LB	
1701093959.5070853	+6.58,+13.9,+22.0,IA	+6.24,+38.5,+22.0,GA	+6.53,+23.5,+21.9,GA	+6.88,+4.1,+20.4,LB	+2.33,+265.8,+21.2,CB	+6.88,+5.0,+20.4,LB	
1701094021.517693	+6.58,+13.9,+22.0,IA	+6.24,+38.6,+22.0,DA	+6.53,+23.6,+21.9,DA	+6.88,+4.1,+20.4,LB	+2.32,+266.1,+21.3,IB	+6.88,+4.9,+20.4,DB	
1701094083.526904	+6.58,+13.9,+22.0,IA	+6.24,+38.5,+22.0,GA	+6.53,+23.5,+21.9,GA	+6.88,+4.0,+20.4,MB	+2.32,+266.2,+21.3,JB	+6.88,+5.0,+20.4,LB	
1701094145.5355115	+6.58,+14.0,+22.0,GA	+6.24,+38.5,+22.0,GA	+6.53,+23.5,+21.9,GA	+6.88,+4.1,+20.4,LB	+2.32,+266.0,+21.2,IB	+6.88,+5.1,+20.4,MB	
1701094207.545507	+6.58,+13.9,+22.0,IA	+6.24,+38.6,+22.0,DA	+6.53,+23.5,+21.9,GA	+6.88,+4.1,+20.4,LB	+2.32,+266.3,+21.3,KB	+6.88,+5.1,+20.4,MB	
1701094269.5520837	+6.58,+14.0,+22.0,GA	+6.24,+38.6,+22.0,DA	+6.53,+23.6,+21.9,DA	+6.88,+4.1,+20.4,LB	+2.32,+266.2,+21.2,KB	+6.88,+5.0,+20.4,LB	
1701094331.5607216	+6.58,+13.9,+22.0,IA	+6.24,+38.6,+22.0,DA	+6.53,+23.6,+21.9,DA	+6.88,+4.1,+20.4,LB	+2.32,+266.3,+21.2,JB	+6.88,+5.0,+20.4,LB	
1701094393.5696995	+6.58,+13.9,+22.0,IA	+6.24,+38.5,+21.9,MA	+6.53,+23.6,+21.9,DA	+6.88,+4.1,+20.4,LB	+2.32,+266.3,+21.2,JB	+6.88,+5.0,+20.4,LB	
1701094455.5788713	+6.58,+13.9,+22.0,IA	+6.24,+38.5,+21.9,MA	+6.53,+23.6,+21.9,DA	+6.88,+4.1,+20.4,LB	+2.32,+266.3,+21.2,JB	+6.88,+5.0,+20.3,KB	
1701094517.5882316	+6.58,+13.9,+22.0,IA	+6.24,+38.6,+21.9,NA	+6.53,+23.6,+21.9,DA	+6.88,+4.1,+20.4,LB	+2.32,+266.3,+21.2,JB	+6.88,+4.9,+20.3,CB	
1701094579.597875	+6.58,+13.9,+22.0,IA	+6.24,+38.6,+22.0,DA	+6.53,+23.6,+21.9,DA	+6.88,+4.1,+20.4,LB	+2.32,+266.4,+21.2,MB	+6.88,+4.9,+20.4,DB	
1701094641.6075883	+6.58,+13.9,+22.0,IA	+6.24,+38.6,+21.9,NA	+6.53,+23.6,+21.9,DA	+6.88,+4.1,+20.4,LB	+2.31,+266.6,+21.2,LB	+6.88,+5.0,+20.3,KB	
1701094703.617405	+6.58,+14.0,+22.0,GA	+6.24,+38.6,+21.9,NA	+6.53,+23.6,+21.9,DA	+6.88,+4.1,+20.3,KB	+2.31,+266.7,+21.2,MB	+6.88,+5.0,+20.3,KB	
1701094765.6256702	+6.58,+13.9,+22.0,IA	+6.24,+38.6,+21.9,NA	+6.53,+23.6,+21.9,DA	+6.88,+4.0,+20.4,MB	+2.31,+266.8,+21.3,CB	+6.88,+4.9,+20.3,CB	
1701094827.6327794	+6.58,+13.9,+22.0,IA	+6.24,+38.5,+21.9,MA	+6.53,+23.6,+21.9,DA	+6.88,+4.1,+20.4,LB	+2.31,+266.8,+21.2,BB	+6.88,+5.0,+20.3,KB	
1701094889.6421502	+6.58,+14.0,+22.0,GA	+6.24,+38.5,+21.9,MA	+6.53,+23.6,+21.9,DA	+6.88,+4.1,+20.4,LB	+2.31,+266.6,+21.2,LB	+6.88,+5.0,+20.3,KB	
1701094951.6502013	+6.58,+13.9,+22.0,IA	+6.24,+38.6,+21.9,NA	+6.53,+23.6,+21.9,DA	+6.88,+4.1,+20.4,LB	+2.31,+266.7,+21.2,MB	+6.88,+4.9,+20.3,CB	
1701095013.659061	+6.58,+13.9,+21.9,CA	+6.24,+38.6,+21.9,NA	+6.53,+23.6,+21.9,DA	+6.88,+4.0,+20.4,MB	+2.31,+266.8,+21.2,BB	+6.88,+5.0,+20.3,KB	
1701095075.6672735	+6.58,+13.9,+22.0,IA	+6.24,+38.6,+21.9,NA	+6.53,+23.6,+21.9,DA	+6.88,+4.1,+20.4,LB	+2.31,+266.8,+21.2,BB	+6.88,+5.0,+20.3,KB	
1701095137.6743262	+6.58,+13.9,+21.9,CA	+6.24,+38.6,+21.9,NA	+6.53,+23.6,+21.9,DA	+6.88,+4.1,+20.4,LB	+2.31,+266.8,+21.2,BB	+6.88,+5.0,+20.3,KB	
1701095199.6845386	+6.58,+13.9,+21.9,CA	+6.24,+38.7,+21.9,OA	+6.53,+23.6,+21.9,DA	+6.88,+4.1,+20.4,LB	+2.31,+266.9,+21.2,CB	+6.88,+5.0,+20.3,KB	
1701095261.6918366	+6.58,+13.9,+22.0,IA	+6.24,+38.6,+21.9,NA	+6.53,+23.6,+21.9,DA	+6.88,+4.1,+20.4,LB	+2.31,+266.8,+21.2,BB	+6.88,+5.0,+20.3,KB	
1701095323.7005765	+6.58,+13.9,+21.9,CA	+6.24,+38.5,+21.9,MA	+6.53,+23.5,+21.9,GA	+6.88,+4.1,+20.4,LB	+2.31,+266.6,+21.2,LB	+6.88,+5.0,+20.3,KB	
1701095385.7106128	+6.58,+13.9,+21.9,CA	+6.24,+38.6,+21.9,NA	+6.53,+23.6,+21.8,EA	+6.88,+4.0,+20.4,MB	+2.31,+266.6,+21.2,LB	+6.88,+5.0,+20.3,KB	
1701095447.7203398	+6.58,+13.9,+21.9,CA	+6.24,+38.6,+21.9,NA	+6.53,+23.5,+21.9,GA	+6.88,+4.1,+20.4,LB	+2.31,+266.6,+21.2,LB	+6.88,+5.0,+20.3,KB	
1701095509.7287376	+6.58,+14.0,+21.9,MA	+6.24,+38.6,+21.9,NA	+6.53,+23.5,+21.9,GA	+6.88,+4.1,+20.4,LB	+2.31,+266.6,+21.2,LB	+6.88,+5.0,+20.3,KB	
1701095571.7368727	+6.58,+13.9,+21.9,CA	+6.24,+38.6,+21.9,NA	+6.53,+23.5,+21.9,GA	+6.88,+4.0,+20.3,JB	+2.32,+266.5,+21.2,LB	+6.88,+5.0,+20.3,KB	
1701095633.745635	+6.58,+13.9,+21.9,CA	+6.24,+38.6,+21.9,NA	+6.53,+23.5,+21.9,GA	+6.88,+4.1,+20.4,LB	+2.31,+266.5,+21.2,OB	+6.88,+4.9,+20.3,CB	
1701095695.7540426	+6.58,+13.9,+21.9,CA	+6.24,+38.6,+21.9,NA	+6.53,+23.6,+21.9,DA	+6.88,+4.0,+20.4,MB	+2.32,+266.4,+21.2,MB	+6.88,+5.0,+20.3,KB	
1701095757.762437	+6.58,+13.9,+22.0,IA	+6.24,+38.7,+21.9,OA	+6.53,+23.6,+21.9,DA	+6.88,+4.1,+20.4,LB	+2.31,+266.8,+21.2,BB	+6.88,+5.0,+20.3,KB	
1701095819.7689772	+6.58,+13.9,+21.9,CA	+6.24,+38.7,+21.9,OA	+6.53,+23.6,+21.9,DA	+6.88,+4.0,+20.3,JB	+2.31,+266.8,+21.2,BB	+6.88,+5.0,+20.3,KB	
1701095881.778413	+6.58,+13.9,+21.9,CA	+6.24,+38.7,+21.9,OA	+6.53,+23.6,+21.9,DA	+6.88,+4.1,+20.4,LB	+2.31,+266.9,+21.2,CB	+6.88,+5.0,+20.3,KB	
1701095943.788992	+6.58,+13.9,+21.9,CA	+6.24,+38.6,+21.9,NA	+6.53,+23.6,+21.8,EA	+6.88,+4.1,+20.3,KB	+2.31,+266.9,+21.2,CB	+6.88,+4.9,+20.3,CB	
1701096005.79987	+6.58,+13.9,+21.9,CA	+6.24,+38.6,+21.9,NA	+6.53,+23.6,+21.9,DA	+6.88,+4.1,+20.3,KB	+2.31,+267.0,+21.2,KB	+6.88,+5.0,+20.3,KB	
1701096067.8079953	+6.58,+13.9,+21.9,CA	+6.24,+38.6,+21.9,NA	+6.53,+23.6,+21.9,DA	+6.88,+4.1,+20.3,KB	+2.31,+266.7,+21.2,MB	+6.88,+4.9,+20.3,CB	
1701096129.8165486	+6.58,+13.8,+21.9,BA	+6.24,+38.6,+21.9,NA	+6.53,+23.5,+21.9,GA	+6.88,+4.0,+20.3,JB	+2.33,+265.8,+21.2,CB	+6.88,+5.0,+20.3,KB	
1701096191.82356	+6.58,+13.9,+21.9,CA	+6.24,+38.6,+21.9,NA	+6.53,+23.6,+21.9,DA	+6.88,+4.1,+20.4,LB	+2.32,+266.2,+21.2,KB	+6.88,+5.0,+20.3,KB	
1701096253.8295143	+6.58,+13.9,+21.9,CA	+6.24,+38.7,+21.9,OA	+6.53,+23.6,+21.9,DA	+6.88,+4.0,+20.3,JB	+2.32,+266.4,+21.2,MB	+6.88,+5.0,+20.3,KB	
1701096315.8386505	+6.58,+13.9,+21.9,CA	+6.24,+38.7,+21.9,OA	+6.53,+23.6,+21.8,EA	+6.88,+4.1,+20.3,KB	+2.31,+266.5,+21.2,OB	+6.88,+5.0,+20.3,KB	
1701096377.8490205	+6.58,+13.9,+21.9,CA	+6.24,+38.7,+21.9,OA	+6.53,+23.5,+21.8,FA	+6.88,+4.0,+20.3,JB	+2.31,+266.7,+21.2,MB	+6.88,+4.9,+20.3,CB	
1701096439.8567383	+6.58,+13.8,+21.9,BA	+6.24,+38.6,+21.9,NA	+6.53,+23.6,+21.9,DA	+6.88,+4.0,+20.3,JB	+2.31,+266.6,+21.2,LB	+6.88,+5.0,+20.3,KB	
1701096501.8661373	+6.58,+13.9,+21.9,CA	+6.24,+38.7,+21.9,OA	+6.53,+23.5,+21.8,FA	+6.88,+4.0,+20.3,JB	+2.31,+266.7,+21.2,MB	+6.88,+4.9,+20.3,CB	
1701096563.875756	+6.58,+13.9,+21.9,CA	+6.24,+38.6,+21.9,NA	+6.53,+23.5,+21.9,GA	+6.88,+4.0,+20.3,JB	+2.31,+266.8,+21.2,BB	+6.88,+4.9,+20.3,CB	
1701096625.8848312	+6.58,+13.9,+21.9,CA	+6.24,+38.7,+21.9,OA	+6.53,+23.5,+21.8,FA	+6.88,+4.1,+20.3,KB	+2.31,+266.9,+21.2,CB	+6.88,+5.0,+20.3,KB	
1701096687.8917363	+6.58,+13.9,+21.9,CA	+6.24,+38.6,+21.9,NA	+6.53,+23.6,+21.8,EA	+6.88,+4.0,+20.3,JB	+2.31,+266.9,+21.2,CB	+6.88,+5.0,+20.3,KB	
1701096749.9000118	+6.58,+13.9,+21.9,CA	+6.24,+38.7,+21.9,OA	+6.53,+23.6,+21.8,EA	+6.88,+4.1,+20.3,KB	+2.31,+267.0,+21.2,KB	+6.88,+5.1,+20.3,JB	
1701096811.9088483	+6.58,+13.8,+21.9,BA	+6.23,+38.9,+21.9,FA	+6.53,+23.6,+21.9,DA	+6.88,+4.0,+20.3,JB	+2.31,+267.1,+21.2,JB	+6.88,+5.1,+20.3,JB	
1701096873.916794	+6.58,+13.9,+21.9,CA	+6.23,+38.9,+21.9,FA	+6.53,+23.6,+21.8,EA	+6.88,+4.0,+20.3,JB	+2.30,+267.1,+21.2,KB	+6.88,+5.1,+20.3,JB	
1701096935.9264052	+6.58,+13.9,+21.9,CA	+6.23,+38.9,+21.9,FA	+6.53,+23.5,+21.8,FA	+6.88,+4.0,+20.3,JB	+2.30,+267.2,+21.2,HB	+6.88,+5.0,+20.3,KB	
1701096997.9357288	+6.58,+13.8,+21.9,BA	+6.23,+39.0,+21.9,NA	+6.53,+23.5,+21.8,FA	+6.88,+4.1,+20.3,KB	+2.30,+267.3,+21.2,IB	+6.88,+5.0,+20.3,KB	
1701097059.9458177	+6.58,+13.9,+21.9,CA	+6.23,+39.0,+21.9,NA	+6.53,+23.6,+21.8,EA	+6.88,+4.0,+20.3,JB	+2.30,+267.1,+21.2,KB	+6.88,+5.0,+20.3,KB	
1701097121.952137	+6.58,+13.9,+21.9,CA	+6.23,+38.9,+21.9,FA	+6.53,+23.6,+21.8,EA	+6.88,+4.0,+20.3,JB	+2.31,+267.0,+21.2,KB	+6.88,+5.0,+20.3,KB	
1701097183.9618351	+6.58,+13.9,+21.9,CA	+6.23,+38.9,+21.9,FA	+6.53,+23.5,+21.8,FA	+6.88,+4.1,+20.3,KB	+2.31,+267.0,+21.2,KB	+6.88,+5.0,+20.3,KB	
1701097245.971921	+6.58,+13.9,+21.9,CA	+6.23,+38.9,+21.9,FA	+6.53,+23.5,+21.8,FA	+6.88,+4.1,+20.3,KB	+2.30,+267.2,+21.2,HB	+6.88,+5.0,+20.3,KB	
1701097307.9816992	+6.58,+13.9,+21.9,CA	+6.24,+38.8,+21.9,@A	+6.53,+23.6,+21.8,EA	+6.88,+4.0,+20.3,JB	+2.30,+267.3,+21.2,IB	+6.88,+5.0,+20.3,KB	
1701097553.5320966	+6.58,+13.9,+21.9,CA	+6.24,+38.8,+21.9,@A	+6.53,+23.5,+21.8,FA	+6.88,+4.0,+20.3,JB	+2.30,+267.2,+21.2,HB	+6.88,+5.0,+20.3,KB	
1701097615.5423193	+6.58,+13.9,+21.9,CA	+6.24,+38.9,+21.9,AA	+6.53,+23.5,+21.8,FA	+6.88,+4.0,+20.3,JB	+2.33,+265.9,+21.2,BB	+6.88,+5.0,+20.3,KB	
1701097677.550396	+6.58,+13.9,+21.9,CA	+6.24,+38.7,+21.9,OA	+6.53,+23.5,+21.8,FA	+6.88,+4.0,+20.3,JB	+2.33,+265.6,+21.2,MB	+6.88,+5.1,+20.3,JB	
1701097739.5566063	+6.58,+13.9,+21.9,CA	+6.24,+38.8,+21.9,@A	+6.53,+23.5,+21.8,FA	+6.88,+4.0,+20.3,JB	+2.33,+265.6,+21.2,MB	+6.88,+5.0,+20.3,KB	
1701097801.5662472	+6.58,+13.8,+21.9,BA	+6.24,+38.8,+21.9,@A	+6.53,+23.5,+21.8,FA	+6.88,+4.0,+20.3,JB	+2.33,+265.7,+21.2,LB	+6.88,+5.0,+20.3,KB	
1701097863.5743124	+6.58,+13.9,+21.9,CA	+6.24,+38.9,+21.9,AA	+6.53,+23.5,+21.8,FA	+6.88,+4.0,+20.3,JB	+2.33,+265.6,+21.2,MB	+6.88,+5.1,+20.3,JB	
1701097925.5822463	+6.58,+13.8,+21.9,BA	+6.24,+38.7,+21.9,OA	+6.53,+23.5,+21.8,FA	+6.88,+4.1,+20.3,KB	+2.33,+265.4,+21.2,OB	+6.88,+5.0,+20.3,KB	
1701097987.5890636	+6.58,+13.9,+21.9,CA	+6.23,+38.9,+21.9,FA	+6.53,+23.5,+21.8,FA	+6.88,+4.1,+20.3,KB	+2.33,+265.4,+21.2,OB	+6.88,+5.1,+20.3,JB	
1701098049.5979	+6.58,+13.9,+21.9,CA	+6.24,+38.8,+21.9,@A	+6.53,+23.6,+21.8,EA	+6.88,+4.0,+20.3,JB	+2.33,+265.4,+21.1,LB	+6.88,+4.9,+20.3,CB	
1701098111.605894	+6.58,+13.8,+21.9,BA	+6.24,+38.8,+21.9,@A	+6.53,+23.6,+21.8,EA	+6.88,+4.1,+20.3,KB	+2.34,+265.3,+21.2,OB	+6.88,+5.1,+20.3,JB	
1701098173.6117404	+6.58,+13.9,+21.9,CA	+6.23,+38.9,+21.8,GA	+6.53,+23.5,+21.8,FA	+6.88,+4.0,+20.3,JB	+2.33,+265.4,+21.2,OB	+6.88,+5.0,+20.3,KB	
1701098235.618739	+6.58,+13.9,+21.9,CA	+6.23,+38.9,+21.9,FA	+6.53,+23.6,+21.8,EA	+6.88,+4.1,+20.3,KB	+2.33,+265.4,+21.2,OB	+6.88,+5.1,+20.3,JB	
1701098297.6263418	+6.58,+13.8,+21.9,BA	+6.23,+39.0,+21.9,NA	+6.53,+23.5,+21.8,FA	+6.88,+4.1,+20.3,KB	+2.34,+265.3,+21.1,LB	+6.88,+5.1,+20.3,JB	
1701098359.6344311	+6.58,+13.9,+21.9,CA	+6.24,+38.8,+21.8,AA	+6.53,+23.5,+21.8,FA	+6.88,+4.0,+20.3,JB	+2.34,+265.3,+21.1,LB	+6.88,+5.1,+20.3,JB	
1701098421.644594	+6.58,+13.8,+21.9,BA	+6.23,+38.9,+21.9,FA	+6.53,+23.5,+21.8,FA	+6.88,+4.1,+20.3,KB	+2.34,+265.3,+21.1,LB	+6.88,+5.0,+20.3,KB	
1701098483.6519237	+6.58,+13.9,+21.9,CA	+6.23,+38.9,+21.9,FA	+6.53,+23.6,+21.8,EA	+6.88,+4.0,+20.3,JB	+2.34,+265.2,+21.1,MB	+6.88,+5.1,+20.3,JB	
1701098545.6580367	+6.58,+13.8,+21.9,BA	+6.23,+38.9,+21.8,GA	+6.53,+23.5,+21.8,FA	+6.88,+4.1,+20.3,KB	+2.34,+265.3,+21.2,OB	+6.88,+5.0,+20.3,KB	
1701098607.6664653	+6.58,+13.9,+21.9,CA	+6.23,+38.9,+21.8,GA	+6.53,+23.5,+21.8,FA	+6.88,+4.0,+20.3,JB	+2.33,+265.4,+21.1,LB	+6.88,+5.1,+20.3,JB	
1701098669.6730003	+6.58,+13.9,+21.9,CA	+6.23,+38.9,+21.9,FA	+6.53,+23.6,+21.8,EA	+6.88,+4.1,+20.3,KB	+2.33,+265.3,+21.1,KB	+6.88,+5.2,+20.2,HB	
1701098731.679655	+6.58,+13.9,+21.9,CA	+6.23,+38.9,+21.9,FA	+6.53,+23.6,+21.8,EA	+6.88,+4.0,+20.3,JB	+2.33,+265.4,+21.1,LB	+6.88,+5.2,+20.3,IB	
1701098793.6867743	+6.58,+13.9,+21.9,CA	+6.23,+38.9,+21.9,FA	+6.53,+23.5,+21.8,FA	+6.88,+4.1,+20.3,KB	+2.33,+265.6,+21.1,NB	+6.88,+5.1,+20.3,JB	
1701098855.6924312	+6.58,+13.8,+21.9,BA	+6.23,+38.9,+21.8,GA	+6.53,+23.5,+21.8,FA	+6.88,+4.0,+20.3,JB	+2.33,+265.5,+21.2,NB	+6.88,+5.0,+20.2,JB	
1701098917.6978405	+6.58,+13.8,+21.9,BA	+6.23,+38.9,+21.8,GA	+6.53,+23.6,+21.8,EA	+6.88,+4.1,+20.3,KB	+2.33,+265.4,+21.1,LB	+6.88,+5.0,+20.2,JB	
1701098979.703945	+6.58,+13.8,+21.9,BA	+6.24,+38.9,+21.9,AA	+6.53,+23.5,+21.8,FA	+6.88,+4.0,+20.3,JB	+2.33,+265.6,+21.1,NB	+6.88,+5.1,+20.2,KB	
1701099041.7130842	+6.58,+13.9,+21.9,CA	+6.23,+38.9,+21.9,FA	+6.53,+23.6,+21.8,EA	+6.88,+4.0,+20.3,JB	+2.33,+265.5,+21.1,MB	+6.88,+5.1,+20.2,KB	
1701099103.723142	+6.58,+13.8,+21.9,BA	+6.24,+38.8,+21.8,AA	+6.53,+23.5,+21.8,FA	+6.88,+4.0,+20.3,JB	+2.33,+265.6,+21.1,NB	+6.88,+5.1,+20.3,JB	
1701099165.731447	+6.58,+13.8,+21.9,BA	+6.24,+38.8,+21.8,AA	+6.53,+23.5,+21.8,FA	+6.88,+4.0,+20.3,JB	+2.32,+265.9,+21.1,@B	+6.88,+5.1,+20.2,KB	
1701099227.7400167	+6.58,+13.9,+21.9,CA	+6.24,+38.8,+21.9,@A	+6.53,+23.6,+21.8,EA	+6.88,+4.0,+20.3,JB	+2.32,+266.0,+21.1,JB	+6.88,+5.1,+20.3,JB	
1701099289.7455888	+6.58,+13.9,+21.9,CA	+6.24,+38.9,+21.8,@A	+6.53,+23.5,+21.8,FA	+6.88,+4.0,+20.3,JB	+2.32,+266.1,+21.1,KB	+6.88,+5.1,+20.2,KB	
1701099351.756244	+6.58,+13.9,+21.9,CA	+6.23,+38.9,+21.8,GA	+6.53,+23.5,+21.8,FA	+6.88,+4.1,+20.3,KB	+2.32,+265.9,+21.1,@B	+6.88,+5.2,+20.3,IB	
1701099413.7635791	+6.58,+13.9,+21.9,CA	+6.23,+38.9,+21.8,GA	+6.53,+23.6,+21.8,EA	+6.88,+4.0,+20.3,JB	+2.32,+266.0,+21.1,JB	+6.88,+5.1,+20.3,JB	
1701099475.7717988	+6.58,+13.9,+21.9,CA	+6.23,+38.9,+21.8,GA	+6.53,+23.5,+21.8,FA	+6.88,+4.0,+20.3,JB	+2.33,+265.8,+21.1,@B	+6.88,+5.1,+20.2,KB	
1701099537.778576	+6.58,+13.9,+21.9,CA	+6.23,+38.9,+21.9,FA	+6.53,+23.6,+21.8,EA	+6.88,+4.0,+20.3,JB	+2.33,+265.8,+21.1,@B	+6.88,+5.0,+20.2,JB	
1701099599.7892642	+6.58,+13.9,+21.9,CA	+6.23,+38.9,+21.8,GA	+6.53,+23.6,+21.8,EA	+6.88,+4.0,+20.3,JB	+2.33,+265.7,+21.1,OB	+6.88,+5.1,+20.3,JB	
1701099661.7981493	+6.58,+13.9,+21.9,CA	+6.23,+38.9,+21.9,FA	+6.53,+23.6,+21.8,EA	+6.88,+4.0,+20.3,JB	+2.32,+266.0,+21.1,JB	+6.88,+5.1,+20.2,KB	
1701099723.805674	+6.58,+13.9,+21.9,CA	+6.23,+38.9,+21.8,GA	+6.53,+23.5,+21.8,FA	+6.88,+4.0,+20.3,JB	+2.32,+266.3,+21.1,IB	+6.88,+5.1,+20.2,KB	
1701099785.814637	+6.58,+13.8,+21.9,BA	+6.23,+38.9,+21.9,FA	+6.53,+23.5,+21.8,FA	+6.88,+4.0,+20.3,JB	+2.32,+266.2,+21.1,HB	+6.88,+5.1,+20.3,JB	
1701099847.8227134	+6.58,+13.8,+21.9,BA	+6.23,+39.1,+21.8,NA	+6.53,+23.6,+21.8,EA	+6.88,+4.1,+20.3,KB	+2.32,+266.2,+21.1,HB	+6.88,+5.1,+20.2,KB	
1701099909.8298025	+6.58,+13.9,+21.9,CA	+6.23,+39.0,+21.9,NA	+6.53,+23.6,+21.8,EA	+6.88,+4.0,+20.3,JB	+2.32,+266.2,+21.1,HB	+6.88,+5.2,+20.2,HB	
1701099971.8358784	+6.58,+13.9,+21.8,BA	+6.23,+39.0,+21.8,OA	+6.53,+23.5,+21.8,FA	+6.88,+4.0,+20.3,JB	+2.33,+265.8,+21.1,@B	+6.88,+5.2,+20.2,HB	
1701100033.8422875	+6.58,+13.8,+21.9,BA	+6.23,+39.0,+21.9,NA	+6.53,+23.6,+21.8,EA	+6.88,+3.9,+20.3,DB	+2.33,+265.9,+21.1,AB	+6.88,+5.0,+20.3,KB	
1701100095.8511863	+6.58,+13.8,+21.9,BA	+6.23,+39.0,+21.9,NA	+6.53,+23.6,+21.8,EA	+6.88,+4.0,+20.3,JB	+2.34,+265.1,+21.1,NB	+6.88,+5.0,+20.2,JB	
1701100157.8587878	+6.58,+13.9,+21.9,CA	+6.23,+39.0,+21.8,OA	+6.53,+23.6,+21.8,EA	+6.88,+4.0,+20.3,JB	+2.34,+264.9,+21.1,GB	+6.88,+5.0,+20.2,JB	
1701100219.866248	+6.58,+13.9,+21.8,BA	+6.23,+39.0,+21.9,NA	+6.53,+23.5,+21.8,FA	+6.88,+4.0,+20.3,JB	+2.34,+265.0,+21.1,OB	+6.88,+5.0,+20.3,KB	
1701100281.8718312	+6.58,+13.9,+21.9,CA	+6.23,+39.0,+21.9,NA	+6.53,+23.6,+21.8,EA	+6.88,+4.0,+20.3,JB	+2.34,+265.2,+21.1,MB	+6.88,+4.9,+20.3,CB	
1701100343.8760238	+6.58,+13.8,+21.9,BA	+6.23,+39.0,+21.8,OA	+6.53,+23.6,+21.8,EA	+6.88,+4.0,+20.3,JB	+2.34,+265.1,+21.1,NB	+6.88,+5.0,+20.2,JB	
1701100405.884696	+6.58,+13.8,+21.9,BA	+6.23,+39.0,+21.8,OA	+6.53,+23.5,+21.8,FA	+6.88,+4.0,+20.3,JB	+2.37,+263.4,+21.1,NB	+6.88,+5.0,+20.2,JB	
1701100467.8928094	+6.58,+13.8,+21.9,BA	+6.23,+39.0,+21.8,OA	+6.53,+23.5,+21.8,FA	+6.88,+4.0,+20.3,JB	+2.37,+263.4,+21.1,NB	+6.88,+5.0,+20.2,JB	
1701100529.8982942	+6.58,+13.9,+21.9,CA	+6.23,+39.0,+21.9,NA	+6.53,+23.5,+21.8,FA	+6.88,+4.0,+20.3,JB	+2.36,+263.9,+21.1,BB	+6.88,+5.0,+20.2,JB	
1701100591.905288	+6.58,+13.9,+21.9,CA	+6.23,+39.1,+21.8,NA	+6.53,+23.4,+21.8,GA	+6.88,+4.1,+20.3,KB	+2.35,+264.4,+21.1,KB	+6.88,+5.0,+20.2,JB	
1701100653.9119353	+6.58,+13.8,+21.8,CA	+6.23,+39.0,+21.8,OA	+6.53,+23.5,+21.8,FA	+6.88,+4.0,+20.3,JB	+2.34,+264.8,+21.1,FB	+6.88,+5.1,+20.2,KB	
1701100715.9205744	+6.58,+13.8,+21.9,BA	+6.23,+39.0,+21.8,OA	+6.53,+23.5,+21.8,FA	+6.88,+4.0,+20.3,JB	+2.34,+265.2,+21.1,MB	+6.88,+5.1,+20.2,KB	
1701100777.9297502	+6.58,+13.8,+21.9,BA	+6.23,+39.0,+21.8,OA	+6.53,+23.6,+21.8,EA	+6.88,+4.0,+20.3,JB	+2.34,+265.2,+21.1,MB	+6.88,+5.1,+20.2,KB	
1701100839.939063	+6.58,+13.9,+21.8,BA	+6.23,+39.1,+21.8,NA	+6.53,+23.5,+21.8,FA	+6.88,+4.1,+20.3,KB	+2.33,+265.3,+21.1,KB	+6.88,+5.1,+20.2,KB	
1701100901.9468405	+6.58,+13.8,+21.8,CA	+6.23,+39.0,+21.8,OA	+6.53,+23.5,+21.8,FA	+6.88,+4.0,+20.3,JB	+2.34,+265.3,+21.1,LB	+6.88,+5.0,+20.2,JB	
1701100963.9576948	+6.58,+13.8,+21.8,CA	+6.23,+39.0,+21.9,NA	+6.53,+23.6,+21.8,EA	+6.88,+4.0,+20.3,JB	+2.33,+265.4,+21.1,LB	+6.88,+5.0,+20.2,JB	
1701101025.9637213	+6.58,+13.8,+21.9,BA	+6.23,+38.9,+21.8,GA	+6.53,+23.5,+21.8,FA	+6.88,+3.9,+20.3,DB	+2.33,+265.4,+21.1,LB	+6.88,+5.1,+20.2,KB	
1701101087.969811	+6.58,+13.8,+21.8,CA	+6.23,+39.1,+21.8,NA	+6.53,+23.5,+21.8,FA	+6.88,+4.0,+20.3,JB	+2.33,+265.6,+21.1,NB	+6.88,+5.0,+20.2,JB	
1701101149.972258	+6.58,+13.9,+21.8,BA	+6.23,+39.0,+21.8,OA	+6.53,+23.5,+21.8,FA	+6.88,+4.0,+20.3,JB	+2.33,+265.5,+21.1,MB	+6.88,+5.1,+20.2,KB	
1701101395.5453007	+6.58,+13.8,+21.8,CA	+6.23,+39.1,+21.8,NA	+6.53,+23.6,+21.8,EA	+6.88,+4.0,+20.2,KB	+2.33,+265.4,+21.1,LB	+6.88,+5.1,+20.2,KB	
1701101457.5497193	+6.58,+13.8,+21.9,BA	+6.23,+39.0,+21.8,OA	+6.53,+23.6,+21.8,EA	+6.88,+4.0,+20.2,KB	+2.33,+265.7,+21.1,OB	+6.88,+5.0,+20.3,KB	
1701101519.5378509	+6.58,+13.8,+21.8,CA	+6.23,+39.0,+21.8,OA	+6.53,+23.5,+21.8,FA	+6.88,+4.0,+20.2,KB	+2.33,+265.6,+21.1,NB	+6.88,+5.0,+20.2,JB	
1701101581.5469213	+6.58,+13.8,+21.8,CA	+6.23,+39.0,+21.8,OA	+6.53,+23.5,+21.8,FA	+6.88,+3.9,+20.3,DB	+2.33,+265.6,+21.1,NB	+6.88,+5.1,+20.2,KB	
1701101643.5580363	+6.58,+13.9,+21.9,CA	+6.23,+39.0,+21.8,OA	+6.53,+23.6,+21.8,EA	+6.88,+4.0,+20.3,JB	+2.33,+265.5,+21.1,MB	+6.88,+5.1,+20.2,KB	
1701101705.5680614	+6.58,+13.8,+21.9,BA	+6.23,+39.0,+21.8,OA	+6.53,+23.5,+21.8,FA	+6.88,+4.0,+20.3,JB	+2.33,+265.7,+21.1,OB	+6.88,+5.1,+20.2,KB	
1701101767.5768325	+6.58,+13.8,+21.8,CA	+6.23,+39.1,+21.8,NA	+6.53,+23.6,+21.8,EA	+6.88,+4.0,+20.3,JB	+2.33,+265.6,+21.1,NB	+6.88,+5.0,+20.2,JB	
1701101829.589154	+6.58,+13.8,+21.8,CA	+6.23,+39.0,+21.8,OA	+6.53,+23.6,+21.8,EA	+6.88,+4.0,+20.3,JB	+2.33,+265.6,+21.1,NB	+6.88,+5.1,+20.2,KB	
1701101891.598598	+6.58,+13.9,+21.8,BA	+6.23,+39.1,+21.8,NA	+6.53,+23.5,+21.8,FA	+6.88,+4.0,+20.3,JB	+2.33,+265.5,+21.1,MB	+6.88,+5.1,+20.2,KB	
1701101953.608646	+6.58,+13.8,+21.8,CA	+6.23,+39.0,+21.8,OA	+6.53,+23.5,+21.8,FA	+6.88,+4.0,+20.3,JB	+2.33,+265.6,+21.1,NB	+6.88,+5.1,+20.2,KB	
1701102015.61798	+6.58,+13.8,+21.8,CA	+6.23,+39.1,+21.8,NA	+6.53,+23.5,+21.8,FA	+6.88,+4.0,+20.3,JB	+2.33,+265.6,+21.1,NB	+6.88,+5.1,+20.2,KB	
1701102077.626661	+6.58,+13.8,+21.8,CA	+6.23,+39.0,+21.8,OA	+6.53,+23.6,+21.8,EA	+6.88,+4.0,+20.2,KB	+2.33,+265.8,+21.1,@B	+6.88,+5.0,+20.2,JB	
1701102139.6359637	+6.58,+13.9,+21.8,BA	+6.23,+39.0,+21.8,OA	+6.53,+23.5,+21.8,FA	+6.88,+4.0,+20.3,JB	+2.32,+265.9,+21.1,@B	+6.88,+5.0,+20.2,JB	
1701102201.6448917	+6.58,+13.8,+21.9,BA	+6.23,+39.0,+21.8,OA	+6.53,+23.5,+21.8,FA	+6.88,+3.9,+20.3,DB	+2.33,+265.7,+21.1,OB	+6.88,+5.0,+20.2,JB	
1701102263.654842	+6.58,+13.9,+21.8,BA	+6.23,+39.1,+21.8,NA	+6.53,+23.5,+21.8,FA	+6.88,+4.0,+20.2,KB	+2.33,+265.6,+21.1,NB	+6.88,+5.0,+20.2,JB	
1701102325.6630661	+6.58,+13.8,+21.8,CA	+6.23,+39.0,+21.8,OA	+6.53,+23.5,+21.8,FA	+6.88,+4.0,+20.3,JB	+2.33,+265.8,+21.1,@B	+6.88,+5.1,+20.2,KB	
1701102387.6709366	+6.58,+13.8,+21.8,CA	+6.23,+39.1,+21.8,NA	+6.53,+23.5,+21.8,FA	+6.88,+3.9,+20.2,EB	+2.33,+265.8,+21.1,@B	+6.88,+5.1,+20.2,KB	
1701102449.6802738	+6.58,+13.8,+21.8,CA	+6.23,+39.1,+21.8,NA	+6.53,+23.5,+21.8,FA	+6.88,+4.0,+20.3,JB	+2.32,+265.9,+21.1,@B	+6.88,+5.0,+20.2,JB	
1701102511.690261	+6.58,+13.9,+21.8,BA	+6.23,+39.1,+21.8,NA	+6.53,+23.5,+21.8,FA	+6.88,+3.9,+20.3,DB	+2.32,+266.0,+21.1,JB	+6.88,+5.0,+20.2,JB	
1701102573.6982043	+6.58,+13.8,+21.8,CA	+6.23,+39.1,+21.8,NA	+6.53,+23.5,+21.8,FA	+6.88,+4.0,+20.3,JB	+2.32,+266.2,+21.1,HB	+6.88,+5.1,+20.2,KB	
1701102635.706502	+6.58,+13.8,+21.8,CA	+6.23,+39.1,+21.8,NA	+6.53,+23.5,+21.7,IA	+6.88,+4.0,+20.3,JB	+2.32,+266.1,+21.1,KB	+6.88,+5.0,+20.2,JB	
1701102697.714602	+6.58,+13.8,+21.8,CA	+6.23,+39.0,+21.8,OA	+6.53,+23.5,+21.8,FA	+6.88,+4.0,+20.3,JB	+2.32,+266.3,+21.1,IB	+6.88,+5.0,+20.2,JB	
1701102759.7230923	+6.58,+13.8,+21.8,CA	+6.23,+39.1,+21.8,NA	+6.53,+23.5,+21.8,FA	+6.88,+4.0,+20.2,KB	+2.32,+266.3,+21.1,IB	+6.88,+5.1,+20.2,KB	
1701102821.7330408	+6.58,+13.8,+21.8,CA	+6.23,+39.1,+21.8,NA	+6.53,+23.5,+21.8,FA	+6.88,+3.9,+20.2,EB	+2.32,+266.4,+21.1,NB	+6.88,+5.1,+20.2,KB	
1701102883.7375464	+6.58,+13.8,+21.8,CA	+6.23,+39.1,+21.8,NA	+6.53,+23.5,+21.8,FA	+6.88,+3.9,+20.2,EB	+2.32,+266.4,+21.1,NB	+6.88,+5.2,+20.2,HB	
1701102945.7472944	+6.58,+13.8,+21.8,CA	+6.23,+39.1,+21.8,NA	+6.53,+23.5,+21.8,FA	+6.88,+4.0,+20.3,JB	+2.31,+266.4,+21.1,MB	+6.88,+5.0,+20.2,JB	
1701103007.7568278	+6.58,+13.8,+21.8,CA	+6.23,+39.0,+21.8,OA	+6.53,+23.5,+21.8,FA	+6.88,+3.9,+20.2,EB	+2.32,+266.4,+21.1,NB	+6.88,+5.0,+20.2,JB	
1701103069.7640605	+6.58,+13.7,+21.8,LA	+6.23,+39.1,+21.8,NA	+6.53,+23.5,+21.8,FA	+6.88,+4.0,+20.3,JB	+2.31,+266.5,+21.1,LB	+6.88,+5.0,+20.2,JB	
1701103131.7739873	+6.58,+13.8,+21.8,CA	+6.23,+39.1,+21.8,NA	+6.53,+23.5,+21.7,IA	+6.88,+3.9,+20.2,EB	+2.31,+266.5,+21.1,LB	+6.88,+5.0,+20.2,JB	
1701103193.7811494	+6.58,+13.8,+21.8,CA	+6.23,+39.1,+21.8,NA	+6.53,+23.5,+21.8,FA	+6.88,+3.9,+20.3,DB	+2.32,+266.3,+21.1,IB	+6.88,+5.0,+20.2,JB	
1701103255.7869515	+6.58,+13.8,+21.8,CA	+6.23,+39.0,+21.8,OA	+6.53,+23.5,+21.8,FA	+6.88,+3.9,+20.2,EB	+2.31,+266.4,+21.1,MB	+6.88,+5.0,+20.2,JB	
1701103317.791337	+6.58,+13.8,+21.8,CA	+6.23,+39.1,+21.8,NA	+6.53,+23.5,+21.8,FA	+6.88,+4.0,+20.3,JB	+2.31,+266.6,+21.1,OB	+6.88,+5.0,+20.2,JB	
1701103379.79987	+6.58,+13.8,+21.8,CA	+6.23,+39.1,+21.8,NA	+6.53,+23.5,+21.8,FA	+6.88,+3.9,+20.2,EB	+2.31,+266.5,+21.1,LB	+6.88,+5.0,+20.2,JB	
1701103441.808544	+6.58,+13.8,+21.8,CA	+6.23,+39.0,+21.8,OA	+6.53,+23.6,+21.8,EA	+6.88,+3.9,+20.2,EB	+2.31,+266.6,+21.1,OB	+6.88,+5.1,+20.2,KB	
1701103503.8191261	+6.58,+13.8,+21.8,CA	+6.23,+39.1,+21.8,NA	+6.53,+23.5,+21.8,FA	+6.88,+3.9,+20.2,EB	+2.31,+266.7,+21.1,NB	+6.88,+5.0,+20.2,JB	
1701103565.8280704	+6.58,+13.8,+21.8,CA	+6.23,+39.0,+21.8,OA	+6.53,+23.5,+21.8,FA	+6.88,+3.9,+20.2,EB	+2.32,+266.3,+21.1,IB	+6.88,+5.0,+20.2,JB	
1701103627.8358805	+6.58,+13.8,+21.8,CA	+6.23,+39.0,+21.8,OA	+6.53,+23.5,+21.8,FA	+6.88,+4.0,+20.2,KB	+2.32,+266.3,+21.1,IB	+6.88,+5.0,+20.2,JB	
1701103689.8460126	+6.58,+13.9,+21.8,BA	+6.23,+39.0,+21.8,OA	+6.53,+23.5,+21.7,IA	+6.88,+3.9,+20.2,EB	+2.31,+266.5,+21.1,LB	+6.88,+5.0,+20.2,JB	
1701103751.8544068	+6.58,+13.8,+21.8,CA	+6.23,+39.1,+21.8,NA	+6.53,+23.5,+21.8,FA	+6.88,+4.0,+20.2,KB	+2.31,+266.6,+21.1,OB	+6.88,+5.0,+20.2,JB	
1701103813.8647788	+6.58,+13.8,+21.8,CA	+6.23,+39.1,+21.8,NA	+6.53,+23.6,+21.8,EA	+6.88,+3.9,+20.2,EB	+2.31,+266.5,+21.1,LB	+6.88,+4.9,+20.2,BB	
1701103875.874138	+6.58,+13.8,+21.8,CA	+6.23,+39.0,+21.8,OA	+6.53,+23.6,+21.7,JA	+6.88,+3.9,+20.2,EB	+2.31,+266.9,+21.1,@B	+6.88,+5.0,+20.2,JB	
1701103937.883362	+6.59,+13.7,+21.8,MA	+6.23,+39.0,+21.8,OA	+6.53,+23.6,+21.8,EA	+6.88,+4.0,+20.2,KB	+2.31,+266.9,+21.1,@B	+6.88,+4.9,+20.2,BB	
1701103999.8928208	+6.58,+13.8,+21.8,CA	+6.23,+39.1,+21.8,NA	+6.53,+23.5,+21.7,IA	+6.88,+4.0,+20.2,KB	+2.30,+267.0,+21.0,HB	+6.88,+4.9,+20.2,BB	
1701104061.9031048	+6.58,+13.8,+21.8,CA	+6.23,+39.1,+21.8,NA	+6.53,+23.6,+21.8,EA	+6.88,+3.9,+20.2,EB	+2.30,+267.0,+21.1,IB	+6.88,+4.9,+20.2,BB	
1701104123.9128432	+6.58,+13.8,+21.8,CA	+6.23,+39.1,+21.8,NA	+6.53,+23.5,+21.7,IA	+6.88,+4.0,+20.2,KB	+2.31,+266.9,+21.1,@B	+6.88,+4.9,+20.2,BB	
1701104185.9218926	+6.58,+13.8,+21.8,CA	+6.23,+39.0,+21.8,OA	+6.53,+23.5,+21.7,IA	+6.88,+3.9,+20.2,EB	+2.31,+266.9,+21.1,@B	+6.88,+4.9,+20.2,BB	
1701104247.9304264	+6.58,+13.8,+21.8,CA	+6.23,+39.0,+21.8,OA	+6.53,+23.6,+21.8,EA	+6.88,+3.9,+20.2,EB	+2.30,+267.1,+21.0,IB	+6.88,+4.9,+20.2,BB	
1701104309.9392378	+6.58,+13.8,+21.8,CA	+6.23,+39.0,+21.8,OA	+6.53,+23.5,+21.8,FA	+6.88,+3.9,+20.2,EB	+2.31,+266.9,+21.1,@B	+6.88,+5.0,+20.2,JB	
1701104371.9498355	+6.58,+13.8,+21.8,CA	+6.23,+39.0,+21.8,OA	+6.53,+23.5,+21.7,IA	+6.88,+3.9,+20.2,EB	+2.30,+267.1,+21.1,HB	+6.89,+4.8,+20.2,BB	
1701104433.9601119	+6.58,+13.8,+21.8,CA	+6.23,+39.0,+21.8,OA	+6.53,+23.5,+21.7,IA	+6.88,+3.9,+20.2,EB	+2.30,+267.0,+21.1,IB	+6.89,+4.9,+20.2,CB	
1701104495.9687088	+6.58,+13.8,+21.8,CA	+6.23,+39.0,+21.8,OA	+6.53,+23.5,+21.8,FA	+6.88,+3.9,+20.2,EB	+2.31,+266.9,+21.1,@B	+6.88,+4.9,+20.2,BB	
1701104557.9792259	+6.58,+13.8,+21.8,CA	+6.23,+39.0,+21.8,OA	+6.53,+23.5,+21.8,FA	+6.88,+3.9,+20.2,EB	+2.30,+267.0,+21.0,HB	+6.88,+4.9,+20.2,BB	
1701104619.986745	+6.58,+13.8,+21.8,CA	+6.23,+39.0,+21.8,OA	+6.53,+23.6,+21.7,JA	+6.88,+3.9,+20.2,EB	+2.31,+266.4,+21.0,LB	+6.88,+4.9,+20.2,BB	
1701104681.9963672	+6.58,+13.8,+21.8,CA	+6.23,+39.1,+21.8,NA	+6.53,+23.6,+21.7,JA	+6.88,+3.9,+20.2,EB	+2.31,+266.8,+21.1,AB	+6.88,+5.0,+20.2,JB	
1701104744.007091	+6.58,+13.8,+21.8,CA	+6.23,+39.0,+21.8,OA	+6.53,+23.5,+21.8,FA	+6.88,+3.9,+20.2,EB	+2.31,+266.8,+21.1,AB	+6.89,+4.8,+20.2,BB	
1701104806.0149386	+6.58,+13.8,+21.8,CA	+6.23,+39.1,+21.8,NA	+6.53,+23.5,+21.8,FA	+6.88,+3.9,+20.2,EB	+2.31,+266.8,+21.1,AB	+6.88,+4.9,+20.2,BB	
1701104868.024198	+6.58,+13.8,+21.8,CA	+6.23,+39.0,+21.8,OA	+6.53,+23.5,+21.7,IA	+6.88,+3.9,+20.2,EB	+2.31,+266.9,+21.0,AB	+6.88,+4.9,+20.2,BB	
1701104930.0328794	+6.58,+13.8,+21.8,CA	+6.23,+39.0,+21.8,OA	+6.53,+23.5,+21.8,FA	+6.88,+3.9,+20.2,EB	+2.31,+266.8,+21.1,AB	+6.88,+4.9,+20.2,BB	
1701104992.042511	+6.58,+13.8,+21.8,CA	+6.23,+39.1,+21.8,NA	+6.53,+23.5,+21.7,IA	+6.88,+3.9,+20.2,EB	+2.31,+266.9,+21.0,AB	+6.88,+4.9,+20.2,BB	
1701105237.632389	+6.58,+13.8,+21.8,CA	+6.23,+39.0,+21.8,OA	+6.53,+23.5,+21.7,IA	+6.88,+4.0,+20.2,KB	+2.31,+266.8,+21.1,AB	+6.89,+4.8,+20.2,BB	
1701105299.6413252	+6.58,+13.8,+21.8,CA	+6.23,+39.1,+21.8,NA	+6.53,+23.5,+21.7,IA	+6.88,+4.0,+20.2,KB	+2.31,+266.9,+21.1,@B	+6.88,+4.9,+20.2,BB	
1701105361.650414	+6.58,+13.8,+21.8,CA	+6.23,+39.0,+21.8,OA	+6.53,+23.5,+21.7,IA	+6.88,+3.9,+20.3,DB	+2.30,+267.1,+21.0,IB	+6.88,+4.9,+20.2,BB	
1701105423.657058	+6.58,+13.8,+21.8,CA	+6.23,+39.0,+21.8,OA	+6.53,+23.5,+21.7,IA	+6.88,+3.9,+20.2,EB	+2.30,+267.0,+21.0,HB	+6.89,+4.8,+20.2,BB	
1701105485.6664977	+6.58,+13.8,+21.8,CA	+6.23,+39.1,+21.8,NA	+6.53,+23.5,+21.7,IA	+6.88,+3.9,+20.2,EB	+2.30,+267.3,+21.0,KB	+6.88,+4.9,+20.2,BB	
1701105547.6752598	+6.58,+13.8,+21.8,CA	+6.23,+39.2,+21.8,MA	+6.53,+23.5,+21.7,IA	+6.89,+3.9,+20.2,DB	+2.30,+267.2,+21.0,JB	+6.88,+4.9,+20.2,BB	
1701105609.684647	+6.58,+13.8,+21.7,LA	+6.23,+39.0,+21.8,OA	+6.53,+23.5,+21.7,IA	+6.88,+3.9,+20.2,EB	+2.30,+267.2,+21.1,KB	+6.89,+4.8,+20.2,BB	
1701105671.694633	+6.58,+13.8,+21.8,CA	+6.23,+39.0,+21.8,OA	+6.53,+23.5,+21.7,IA	+6.88,+4.0,+20.2,KB	+2.30,+267.3,+21.0,KB	+6.88,+4.9,+20.2,BB	
1701105733.7027962	+6.58,+13.8,+21.8,CA	+6.23,+39.1,+21.8,NA	+6.53,+23.5,+21.7,IA	+6.88,+3.9,+20.2,EB	+2.30,+267.4,+21.0,LB	+6.89,+4.8,+20.2,BB	
1701105795.7124414	+6.58,+13.8,+21.8,CA	+6.23,+39.0,+21.8,OA	+6.53,+23.5,+21.7,IA	+6.88,+4.0,+20.2,KB	+2.30,+267.1,+21.0,IB	+6.88,+4.9,+20.2,BB	
1701105857.7208662	+6.58,+13.8,+21.8,CA	+6.23,+39.1,+21.8,NA	+6.53,+23.6,+21.7,JA	+6.89,+3.9,+20.2,DB	+2.30,+267.2,+21.0,JB	+6.88,+4.9,+20.2,BB	
1701105919.7305412	+6.58,+13.8,+21.8,CA	+6.23,+39.0,+21.8,OA	+6.53,+23.5,+21.7,IA	+6.88,+3.9,+20.2,EB	+2.30,+267.4,+21.0,LB	+6.89,+4.8,+20.2,BB	
1701105981.7393541	+6.58,+13.8,+21.8,CA	+6.23,+39.0,+21.8,OA	+6.53,+23.5,+21.7,IA	+6.88,+3.9,+20.2,EB	+2.30,+267.4,+21.0,LB	+6.89,+4.8,+20.2,BB	
1701106043.7492204	+6.58,+13.8,+21.8,CA	+6.23,+39.1,+21.8,NA	+6.53,+23.5,+21.7,IA	+6.88,+3.9,+20.2,EB	+2.30,+267.3,+21.0,KB	+6.89,+4.8,+20.2,BB	
1701106105.7582989	+6.59,+13.7,+21.7,BA	+6.23,+39.1,+21.8,NA	+6.53,+23.6,+21.7,JA	+6.88,+3.9,+20.2,EB	+2.30,+267.4,+21.1,MB	+6.88,+4.9,+20.2,BB	
1701106167.766879	+6.58,+13.8,+21.8,CA	+6.23,+39.0,+21.8,OA	+6.53,+23.5,+21.8,FA	+6.89,+3.9,+20.2,DB	+2.30,+267.3,+21.0,KB	+6.89,+4.8,+20.2,BB	
