62309060476	62309060477	62309060478	62309060479	62309060481	62309060482	
1701711296.8222528	+6.66,+9.6,+21.2,AB	+6.41,+28.5,+21.3,EA	+6.77,+9.6,+21.3,@B	+7.03,-4.4,+19.7,DB	+2.28,+267.9,+20.6,OB	+6.98,-0.8,+19.7,OB	
1701711358.8301072	+6.66,+9.6,+21.2,AB	+6.41,+28.7,+21.3,GA	+6.77,+9.5,+21.3,CB	+7.03,-4.4,+19.7,DB	+2.27,+268.6,+20.6,@B	+6.98,-0.8,+19.7,OB	
1701711420.8388174	+6.66,+9.6,+21.2,AB	+6.41,+28.6,+21.3,FA	+6.77,+9.6,+21.3,@B	+7.03,-4.4,+19.8,KB	+2.28,+268.0,+20.6,IB	+6.98,-0.7,+19.7,@B	
1701711482.8500016	+6.65,+9.7,+21.3,BB	+6.41,+28.7,+21.3,GA	+6.77,+9.4,+21.3,BB	+7.03,-4.3,+19.7,CB	+2.29,+267.7,+20.6,@B	+6.98,-0.7,+19.7,@B	
1701711544.8566	+6.66,+9.6,+21.2,AB	+6.41,+28.6,+21.3,FA	+6.77,+9.4,+21.3,BB	+7.03,-4.3,+19.7,CB	+2.27,+268.4,+20.6,BB	+6.98,-0.7,+19.7,@B	
1701711606.864296	+6.66,+9.6,+21.2,AB	+6.41,+28.8,+21.3,HA	+6.77,+9.5,+21.3,CB	+7.03,-4.3,+19.8,LB	+2.28,+268.1,+20.6,HB	+6.98,-0.8,+19.7,OB	
1701711668.87259	+6.66,+9.6,+21.2,AB	+6.41,+28.8,+21.3,HA	+6.77,+9.6,+21.3,@B	+7.03,-4.4,+19.7,DB	+2.28,+267.8,+20.6,NB	+6.98,-0.8,+19.7,OB	
1701711730.8832092	+6.66,+9.6,+21.2,AB	+6.41,+28.7,+21.3,GA	+6.77,+9.4,+21.3,BB	+7.03,-4.4,+19.7,DB	+2.34,+264.5,+20.6,MB	+6.98,-0.7,+19.7,@B	
1701711792.8911319	+6.66,+9.7,+21.2,@B	+6.41,+28.8,+21.3,HA	+6.77,+9.5,+21.3,CB	+7.03,-4.4,+19.8,KB	+2.28,+267.8,+20.6,NB	+6.98,-0.8,+19.7,OB	
1701711854.8996854	+6.66,+9.6,+21.2,AB	+6.41,+28.7,+21.3,GA	+6.78,+9.4,+21.3,MB	+7.03,-4.3,+19.8,LB	+2.29,+267.6,+20.6,AB	+6.98,-0.8,+19.7,OB	
1701711916.9091053	+6.66,+9.6,+21.2,AB	+6.41,+28.8,+21.3,HA	+6.77,+9.4,+21.3,BB	+7.03,-4.5,+19.8,JB	+2.29,+267.4,+20.6,CB	+6.98,-0.8,+19.7,OB	
1701711978.9171262	+6.66,+9.6,+21.3,@B	+6.41,+28.8,+21.3,HA	+6.77,+9.5,+21.3,CB	+7.03,-4.4,+19.8,KB	+2.29,+267.4,+20.6,CB	+6.98,-0.8,+19.7,OB	
1701712040.9258273	+6.66,+9.6,+21.2,AB	+6.41,+28.9,+21.3,IA	+6.77,+9.5,+21.3,CB	+7.03,-4.4,+19.8,KB	+2.29,+267.2,+20.6,EB	+6.98,-0.8,+19.7,OB	
1701712286.5002973	+6.65,+9.7,+21.2,CB	+6.40,+29.0,+21.3,@A	+6.77,+9.4,+21.3,BB	+7.03,-4.4,+19.7,DB	+2.32,+265.8,+20.6,GB	+6.98,-0.8,+19.7,OB	
1701712348.5087533	+6.65,+9.7,+21.2,CB	+6.41,+28.9,+21.3,IA	+6.77,+9.4,+21.3,BB	+7.03,-4.5,+19.8,JB	+2.30,+266.8,+20.6,FB	+6.98,-0.8,+19.7,OB	
1701712410.5162752	+6.65,+9.7,+21.2,CB	+6.41,+28.9,+21.3,IA	+6.77,+9.6,+21.3,@B	+7.03,-4.4,+19.8,KB	+2.30,+266.6,+20.6,HB	+6.98,-0.8,+19.7,OB	
1701712472.5252407	+6.65,+9.7,+21.2,CB	+6.40,+29.0,+21.3,@A	+6.77,+9.5,+21.3,CB	+7.03,-4.3,+19.8,LB	+2.30,+266.5,+20.6,KB	+6.98,-0.8,+19.7,OB	
1701712534.5347624	+6.65,+9.7,+21.2,CB	+6.40,+29.1,+21.3,AA	+6.78,+9.4,+21.3,MB	+7.03,-4.4,+19.8,KB	+2.31,+266.4,+20.6,KB	+6.98,-0.8,+19.7,OB	
1701712596.5443113	+6.65,+9.7,+21.3,BB	+6.40,+29.1,+21.3,AA	+6.77,+9.4,+21.2,CB	+7.03,-4.4,+19.8,KB	+2.31,+266.2,+20.6,MB	+6.98,-0.8,+19.7,OB	
1701712658.5524786	+6.65,+9.7,+21.3,BB	+6.40,+29.0,+21.3,@A	+6.77,+9.6,+21.3,@B	+7.03,-4.5,+19.7,EB	+2.30,+267.0,+20.6,OB	+6.98,-0.8,+19.7,OB	
1701712720.557812	+6.65,+9.7,+21.2,CB	+6.40,+29.1,+21.3,AA	+6.77,+9.5,+21.3,CB	+7.03,-4.5,+19.8,JB	+2.30,+266.8,+20.6,FB	+6.98,-0.7,+19.7,@B	
1701712782.5671504	+6.65,+9.7,+21.2,CB	+6.40,+29.0,+21.3,@A	+6.77,+9.4,+21.3,BB	+7.03,-4.4,+19.8,KB	+2.30,+266.7,+20.6,IB	+6.98,-0.7,+19.7,@B	
1701712844.5738354	+6.65,+9.8,+21.2,LB	+6.40,+29.1,+21.3,AA	+6.77,+9.4,+21.3,BB	+7.03,-4.4,+19.7,DB	+2.30,+266.6,+20.6,HB	+6.98,-0.7,+19.7,@B	
1701712906.583228	+6.65,+9.7,+21.2,CB	+6.40,+29.0,+21.3,@A	+6.78,+9.4,+21.2,LB	+7.03,-4.4,+19.8,KB	+2.31,+266.4,+20.6,KB	+6.98,-0.8,+19.7,OB	
1701712968.591807	+6.65,+9.7,+21.2,CB	+6.40,+29.1,+21.3,AA	+6.77,+9.4,+21.2,CB	+7.03,-4.4,+19.7,DB	+2.29,+267.1,+20.6,FB	+6.98,-0.8,+19.7,OB	
1701713030.5998602	+6.65,+9.7,+21.2,CB	+6.40,+29.1,+21.3,AA	+6.77,+9.4,+21.2,CB	+7.03,-4.4,+19.7,DB	+2.30,+266.9,+20.6,GB	+6.98,-0.8,+19.7,OB	
1701713092.6102452	+6.65,+9.8,+21.2,LB	+6.40,+29.0,+21.3,@A	+6.77,+9.4,+21.3,BB	+7.03,-4.5,+19.7,EB	+2.30,+266.7,+20.6,IB	+6.98,-0.7,+19.7,@B	
1701713154.6197295	+6.65,+9.8,+21.2,LB	+6.41,+28.9,+21.3,IA	+6.77,+9.4,+21.3,BB	+7.03,-4.5,+19.7,EB	+2.31,+266.5,+20.6,JB	+6.98,-0.8,+19.7,OB	
1701713216.6289375	+6.65,+9.8,+21.2,LB	+6.41,+28.9,+21.3,IA	+6.77,+9.4,+21.3,BB	+7.03,-4.5,+19.7,EB	+2.29,+267.1,+20.6,FB	+6.98,-0.8,+19.7,OB	
1701713278.6370833	+6.65,+9.7,+21.2,CB	+6.40,+29.0,+21.3,@A	+6.77,+9.4,+21.2,CB	+7.03,-4.4,+19.7,DB	+2.30,+266.8,+20.6,FB	+6.98,-0.7,+19.7,@B	
1701713340.647012	+6.65,+9.8,+21.2,LB	+6.41,+28.9,+21.3,IA	+6.77,+9.4,+21.3,BB	+7.03,-4.5,+19.7,EB	+2.30,+266.7,+20.6,IB	+6.98,-0.8,+19.7,OB	
1701713402.6568167	+6.65,+9.8,+21.2,LB	+6.40,+29.0,+21.3,@A	+6.77,+9.5,+21.3,CB	+7.03,-4.4,+19.7,DB	+2.30,+266.6,+20.6,HB	+6.98,-0.7,+19.7,@B	
1701713464.6633072	+6.65,+9.8,+21.2,LB	+6.40,+29.0,+21.3,@A	+6.77,+9.4,+21.2,CB	+7.03,-4.5,+19.7,EB	+2.29,+267.2,+20.6,EB	+6.98,-0.7,+19.7,@B	
1701713526.6694493	+6.65,+9.7,+21.3,BB	+6.40,+29.0,+21.3,@A	+6.77,+9.4,+21.3,BB	+7.03,-4.4,+19.7,DB	+2.30,+267.1,+20.6,NB	+6.98,-0.8,+19.7,OB	
1701713588.67498	+6.65,+9.8,+21.2,LB	+6.41,+28.9,+21.3,IA	+6.77,+9.5,+21.3,CB	+7.03,-4.4,+19.7,DB	+2.30,+266.9,+20.6,GB	+6.98,-0.8,+19.7,OB	
1701713650.6834044	+6.65,+9.8,+21.2,LB	+6.41,+28.9,+21.3,IA	+6.77,+9.5,+21.3,CB	+7.03,-4.5,+19.7,EB	+2.30,+266.7,+20.6,IB	+6.98,-0.8,+19.7,OB	
1701713712.6904225	+6.65,+9.7,+21.2,CB	+6.40,+29.0,+21.3,@A	+6.78,+9.3,+21.3,JB	+7.03,-4.4,+19.7,DB	+2.34,+264.3,+20.6,KB	+6.98,-0.8,+19.7,OB	
1701713774.6989346	+6.65,+9.8,+21.3,MB	+6.41,+28.9,+21.3,IA	+6.77,+9.4,+21.3,BB	+7.03,-4.4,+19.8,KB	+2.29,+267.2,+20.6,EB	+6.98,-0.8,+19.7,OB	
1701713836.7064385	+6.65,+9.7,+21.2,CB	+6.40,+29.0,+21.3,@A	+6.77,+9.4,+21.3,BB	+7.03,-4.4,+19.7,DB	+2.30,+267.1,+20.6,NB	+6.98,-0.8,+19.7,OB	
1701713898.7162793	+6.65,+9.7,+21.2,CB	+6.41,+28.9,+21.3,IA	+6.77,+9.6,+21.3,@B	+7.03,-4.4,+19.8,KB	+2.30,+266.7,+20.6,IB	+6.98,-0.8,+19.7,OB	
1701713960.7261374	+6.65,+9.8,+21.2,LB	+6.41,+28.9,+21.3,IA	+6.77,+9.4,+21.3,BB	+7.03,-4.4,+19.7,DB	+2.30,+266.5,+20.6,KB	+6.98,-0.8,+19.7,OB	
1701714022.733132	+6.65,+9.8,+21.3,MB	+6.41,+28.9,+21.3,IA	+6.77,+9.5,+21.3,CB	+7.03,-4.4,+19.8,KB	+2.29,+267.2,+20.6,EB	+6.98,-0.8,+19.7,OB	
1701714084.742259	+6.65,+9.8,+21.2,LB	+6.40,+29.1,+21.3,AA	+6.77,+9.4,+21.3,BB	+7.03,-4.5,+19.7,EB	+2.30,+267.0,+20.6,OB	+6.98,-0.8,+19.7,OB	
1701714146.7513554	+6.65,+9.8,+21.2,LB	+6.40,+29.0,+21.3,@A	+6.78,+9.4,+21.3,MB	+7.03,-4.4,+19.8,KB	+2.30,+266.7,+20.6,IB	+6.98,-0.8,+19.7,OB	
1701714208.7614512	+6.65,+9.8,+21.3,MB	+6.40,+29.1,+21.3,AA	+6.77,+9.5,+21.3,CB	+7.03,-4.4,+19.8,KB	+2.35,+264.1,+20.6,HB	+6.98,-0.8,+19.7,OB	
1701714270.7707326	+6.65,+9.8,+21.2,LB	+6.40,+29.0,+21.3,@A	+6.77,+9.5,+21.3,CB	+7.03,-4.5,+19.8,JB	+2.30,+266.8,+20.6,FB	+6.98,-0.8,+19.7,OB	
1701714332.7808452	+6.65,+9.8,+21.3,MB	+6.41,+28.9,+21.3,IA	+6.78,+9.3,+21.3,JB	+7.03,-4.4,+19.8,KB	+2.31,+266.5,+20.6,JB	+6.98,-0.7,+19.7,@B	
1701714394.7899117	+6.65,+9.8,+21.2,LB	+6.41,+28.7,+21.3,GA	+6.78,+9.4,+21.3,MB	+7.03,-4.4,+19.8,KB	+2.31,+266.4,+20.6,KB	+6.98,-0.8,+19.7,OB	
1701714456.7984772	+6.65,+9.8,+21.2,LB	+6.41,+28.8,+21.3,HA	+6.78,+9.3,+21.3,JB	+7.03,-4.5,+19.7,EB	+2.30,+267.1,+20.6,NB	+6.98,-0.7,+19.7,@B	
1701714518.80645	+6.65,+9.8,+21.2,LB	+6.41,+28.9,+21.3,IA	+6.77,+9.4,+21.3,BB	+7.03,-4.5,+19.8,JB	+2.30,+266.8,+20.6,FB	+6.98,-0.7,+19.7,@B	
1701714580.8148487	+6.65,+9.8,+21.3,MB	+6.41,+28.7,+21.3,GA	+6.78,+9.3,+21.3,JB	+7.03,-4.4,+19.8,KB	+2.30,+266.5,+20.6,KB	+6.98,-0.7,+19.7,@B	
1701714642.8228152	+6.65,+9.8,+21.2,LB	+6.41,+28.7,+21.3,GA	+6.77,+9.5,+21.3,CB	+7.03,-4.4,+19.8,KB	+2.32,+265.7,+20.6,HB	+6.98,-0.8,+19.7,OB	
1701714704.8306015	+6.65,+9.7,+21.2,CB	+6.41,+28.7,+21.3,GA	+6.78,+9.3,+21.3,JB	+7.03,-4.4,+19.7,DB	+2.30,+267.1,+20.6,NB	+6.98,-0.8,+19.7,OB	
1701714766.8395336	+6.65,+9.8,+21.2,LB	+6.41,+28.8,+21.3,HA	+6.77,+9.5,+21.3,CB	+7.03,-4.4,+19.8,KB	+2.30,+266.9,+20.6,GB	+6.98,-0.7,+19.7,@B	
1701714828.850315	+6.65,+9.8,+21.2,LB	+6.41,+28.8,+21.3,HA	+6.77,+9.4,+21.3,BB	+7.03,-4.5,+19.7,EB	+2.30,+266.6,+20.6,HB	+6.98,-0.8,+19.7,OB	
1701714890.859654	+6.65,+9.8,+21.2,LB	+6.41,+28.9,+21.3,IA	+6.77,+9.4,+21.2,CB	+7.03,-4.4,+19.7,DB	+2.31,+266.1,+20.6,NB	+6.98,-0.8,+19.7,OB	
1701714952.8692987	+6.65,+9.8,+21.2,LB	+6.41,+28.8,+21.3,HA	+6.77,+9.4,+21.3,BB	+7.03,-4.4,+19.8,KB	+2.29,+267.1,+20.6,FB	+6.98,-0.7,+19.7,@B	
1701715014.8792279	+6.65,+9.8,+21.3,MB	+6.41,+28.9,+21.3,IA	+6.78,+9.4,+21.3,MB	+7.03,-4.4,+19.7,DB	+2.30,+266.8,+20.6,FB	+6.98,-0.8,+19.7,OB	
1701715076.8892386	+6.65,+9.8,+21.2,LB	+6.40,+29.0,+21.3,@A	+6.77,+9.4,+21.2,CB	+7.03,-4.5,+19.7,EB	+2.30,+266.6,+20.6,HB	+6.98,-0.8,+19.7,OB	
1701715138.8982582	+6.65,+9.8,+21.2,LB	+6.41,+28.9,+21.3,IA	+6.77,+9.5,+21.2,BB	+7.03,-4.5,+19.7,EB	+2.29,+267.3,+20.6,DB	+6.98,-0.7,+19.7,@B	
1701715200.9060729	+6.65,+9.8,+21.2,LB	+6.41,+28.9,+21.3,IA	+6.77,+9.4,+21.3,BB	+7.03,-4.5,+19.8,JB	+2.30,+267.0,+20.5,LB	+6.98,-0.7,+19.7,@B	
1701715262.9168668	+6.66,+9.7,+21.2,@B	+6.41,+28.9,+21.3,IA	+6.77,+9.5,+21.2,BB	+7.03,-4.5,+19.7,EB	+2.30,+266.6,+20.6,HB	+6.98,-0.8,+19.7,OB	
1701715324.9245965	+6.66,+9.7,+21.2,@B	+6.41,+28.9,+21.3,IA	+6.77,+9.4,+21.2,CB	+7.03,-4.4,+19.7,DB	+2.29,+267.5,+20.6,BB	+6.98,-0.8,+19.7,OB	
1701715386.9311914	+6.66,+9.6,+21.2,AB	+6.41,+28.9,+21.3,IA	+6.78,+9.3,+21.2,KB	+7.03,-4.4,+19.7,DB	+2.29,+267.1,+20.6,FB	+6.98,-0.8,+19.7,OB	
1701715448.9401536	+6.66,+9.6,+21.2,AB	+6.41,+28.8,+21.3,HA	+6.77,+9.4,+21.3,BB	+7.03,-4.5,+19.7,EB	+2.30,+266.8,+20.5,EB	+6.98,-0.8,+19.7,OB	
1701715510.948358	+6.66,+9.6,+21.2,AB	+6.41,+28.9,+21.3,IA	+6.77,+9.4,+21.2,CB	+7.03,-4.5,+19.7,EB	+2.31,+266.3,+20.6,LB	+6.98,-0.8,+19.7,OB	
1701715572.9548519	+6.66,+9.6,+21.2,AB	+6.40,+29.1,+21.3,AA	+6.77,+9.4,+21.3,BB	+7.03,-4.5,+19.7,EB	+2.29,+267.2,+20.6,EB	+6.98,-0.8,+19.7,OB	
1701715634.961639	+6.66,+9.6,+21.2,AB	+6.40,+29.1,+21.3,AA	+6.77,+9.4,+21.2,CB	+7.03,-4.5,+19.8,JB	+2.30,+266.9,+20.6,GB	+6.98,-0.8,+19.7,OB	
1701715696.9703522	+6.66,+9.6,+21.2,AB	+6.40,+28.9,+21.3,HA	+6.78,+9.3,+21.3,JB	+7.03,-4.5,+19.7,EB	+2.30,+266.6,+20.6,HB	+6.98,-0.8,+19.7,OB	
1701715758.980633	+6.66,+9.6,+21.2,AB	+6.40,+29.0,+21.3,@A	+6.78,+9.3,+21.3,JB	+7.03,-4.4,+19.8,KB	+2.29,+267.2,+20.6,EB	+6.98,-0.8,+19.7,OB	
1701715820.9920394	+6.66,+9.6,+21.2,AB	+6.40,+29.0,+21.3,@A	+6.78,+9.3,+21.3,JB	+7.03,-4.5,+19.7,EB	+2.30,+267.0,+20.6,OB	+6.98,-0.8,+19.7,OB	
1701715883.0018291	+6.66,+9.6,+21.2,AB	+6.40,+29.1,+21.3,AA	+6.77,+9.5,+21.3,CB	+7.03,-4.5,+19.8,JB	+2.30,+266.7,+20.6,IB	+6.98,-0.8,+19.7,OB	
1701716128.548741	+6.66,+9.6,+21.2,AB	+6.40,+29.1,+21.3,AA	+6.77,+9.4,+21.3,BB	+7.03,-4.5,+19.8,JB	+2.32,+265.6,+20.6,IB	+6.98,-0.7,+19.7,@B	
1701716190.554968	+6.66,+9.6,+21.2,AB	+6.40,+29.1,+21.3,AA	+6.77,+9.5,+21.3,CB	+7.03,-4.5,+19.8,JB	+2.32,+265.8,+20.6,GB	+6.98,-0.8,+19.7,OB	
1701716252.5639389	+6.66,+9.6,+21.2,AB	+6.40,+29.2,+21.3,BA	+6.78,+9.4,+21.3,MB	+7.03,-4.5,+19.7,EB	+2.36,+263.0,+20.5,NB	+6.98,-0.8,+19.7,OB	
1701716314.5733356	+6.66,+9.6,+21.2,AB	+6.40,+29.2,+21.3,BA	+6.77,+9.4,+21.2,CB	+7.03,-4.5,+19.7,EB	+2.30,+266.5,+20.6,KB	+6.98,-0.8,+19.7,OB	
1701716376.5799768	+6.66,+9.6,+21.2,AB	+6.40,+29.1,+21.3,AA	+6.78,+9.3,+21.3,JB	+7.03,-4.5,+19.8,JB	+2.30,+266.5,+20.6,KB	+6.98,-0.8,+19.7,OB	
1701716438.5907788	+6.66,+9.6,+21.2,AB	+6.40,+29.2,+21.3,BA	+6.77,+9.4,+21.3,BB	+7.03,-4.5,+19.7,EB	+2.31,+266.3,+20.5,OB	+6.98,-0.8,+19.7,OB	
1701716500.6003332	+6.66,+9.5,+21.2,BB	+6.40,+29.3,+21.3,CA	+6.78,+9.3,+21.3,JB	+7.03,-4.5,+19.8,JB	+2.31,+266.3,+20.6,LB	+6.98,-0.8,+19.7,OB	
1701716562.6080463	+6.66,+9.6,+21.2,AB	+6.40,+29.1,+21.3,AA	+6.77,+9.4,+21.3,BB	+7.03,-4.5,+19.8,JB	+2.30,+267.1,+20.5,MB	+6.98,-0.8,+19.7,OB	
1701716624.6165187	+6.66,+9.5,+21.2,BB	+6.40,+29.1,+21.3,AA	+6.78,+9.3,+21.2,KB	+7.03,-4.5,+19.7,EB	+2.31,+266.3,+20.6,LB	+6.98,-0.8,+19.7,OB	
1701716686.6258416	+6.66,+9.5,+21.2,BB	+6.40,+29.1,+21.3,AA	+6.77,+9.4,+21.3,BB	+7.03,-4.6,+19.8,IB	+2.31,+266.0,+20.5,LB	+6.98,-0.7,+19.7,@B	
1701716748.6345055	+6.66,+9.5,+21.2,BB	+6.40,+29.2,+21.3,BA	+6.78,+9.4,+21.3,MB	+7.03,-4.5,+19.8,JB	+2.32,+265.8,+20.6,GB	+6.98,-0.8,+19.7,OB	
1701716810.6439345	+6.66,+9.6,+21.2,AB	+6.40,+29.2,+21.3,BA	+6.78,+9.3,+21.3,JB	+7.03,-4.5,+19.7,EB	+2.29,+267.2,+20.5,FB	+6.98,-0.8,+19.7,OB	
1701716872.6519344	+6.66,+9.6,+21.2,AB	+6.40,+29.1,+21.3,AA	+6.77,+9.4,+21.2,CB	+7.03,-4.4,+19.7,DB	+2.29,+267.1,+20.6,FB	+6.98,-0.8,+19.7,OB	
1701716934.661075	+6.66,+9.6,+21.2,AB	+6.40,+29.1,+21.3,AA	+6.77,+9.5,+21.2,BB	+7.03,-4.5,+19.7,EB	+2.30,+266.8,+20.6,FB	+6.98,-0.8,+19.7,OB	
1701716996.67054	+6.66,+9.5,+21.2,BB	+6.40,+29.2,+21.3,BA	+6.78,+9.3,+21.2,KB	+7.03,-4.5,+19.7,EB	+2.30,+266.7,+20.6,IB	+6.98,-0.8,+19.7,OB	
1701717058.6780348	+6.66,+9.5,+21.2,BB	+6.40,+29.2,+21.3,BA	+6.78,+9.3,+21.2,KB	+7.03,-4.5,+19.7,EB	+2.29,+267.3,+20.6,DB	+6.98,-0.8,+19.7,OB	
1701717120.6868033	+6.66,+9.5,+21.2,BB	+6.40,+29.2,+21.3,BA	+6.78,+9.3,+21.2,KB	+7.03,-4.5,+19.7,EB	+2.29,+267.1,+20.6,FB	+6.98,-0.8,+19.7,OB	
1701717182.6948678	+6.66,+9.6,+21.2,AB	+6.40,+29.1,+21.3,AA	+6.78,+9.4,+21.2,LB	+7.03,-4.5,+19.7,EB	+2.30,+266.9,+20.5,DB	+6.98,-0.8,+19.7,OB	
1701717244.7027843	+6.66,+9.6,+21.2,AB	+6.40,+29.2,+21.3,BA	+6.77,+9.5,+21.3,CB	+7.03,-4.4,+19.7,DB	+2.31,+266.0,+20.5,LB	+6.98,-0.8,+19.7,OB	
1701717306.709611	+6.66,+9.7,+21.2,@B	+6.40,+29.0,+21.3,@A	+6.78,+9.3,+21.2,KB	+7.03,-4.5,+19.7,EB	+2.30,+266.5,+20.5,HB	+6.98,-0.8,+19.7,OB	
1701717368.7169893	+6.66,+9.6,+21.2,AB	+6.40,+29.1,+21.3,AA	+6.78,+9.4,+21.2,LB	+7.03,-4.4,+19.7,DB	+2.31,+266.1,+20.5,MB	+6.98,-0.8,+19.7,OB	
1701717430.7252662	+6.65,+9.7,+21.2,CB	+6.40,+29.0,+21.3,@A	+6.78,+9.3,+21.2,KB	+7.03,-4.5,+19.7,EB	+2.30,+266.8,+20.6,FB	+6.98,-0.8,+19.7,OB	
1701717492.735213	+6.66,+9.6,+21.2,AB	+6.40,+29.2,+21.3,BA	+6.77,+9.5,+21.2,BB	+7.03,-4.5,+19.7,EB	+2.30,+266.5,+20.5,HB	+6.98,-0.8,+19.7,OB	
1701717554.742649	+6.65,+9.7,+21.2,CB	+6.40,+29.0,+21.3,@A	+6.77,+9.5,+21.2,BB	+7.03,-4.5,+19.7,EB	+2.31,+266.4,+20.5,HB	+6.98,-0.8,+19.7,OB	
1701717616.7503371	+6.66,+9.6,+21.2,AB	+6.40,+29.1,+21.3,AA	+6.78,+9.4,+21.2,LB	+7.03,-4.5,+19.7,EB	+2.29,+267.0,+20.5,DB	+6.98,-0.8,+19.7,OB	
1701717678.7578487	+6.66,+9.7,+21.2,@B	+6.40,+29.1,+21.3,AA	+6.78,+9.3,+21.2,KB	+7.03,-4.4,+19.7,DB	+2.31,+266.4,+20.5,HB	+6.98,-0.8,+19.7,OB	
1701717740.7647986	+6.65,+9.7,+21.2,CB	+6.40,+29.0,+21.3,@A	+6.78,+9.3,+21.2,KB	+7.03,-4.5,+19.7,EB	+2.31,+266.2,+20.5,NB	+6.98,-0.8,+19.7,OB	
1701717802.7729414	+6.66,+9.7,+21.2,@B	+6.40,+29.1,+21.3,AA	+6.77,+9.4,+21.2,CB	+7.03,-4.5,+19.7,EB	+2.30,+266.7,+20.6,IB	+6.98,-0.8,+19.7,OB	
1701717864.7809966	+6.66,+9.7,+21.2,@B	+6.40,+29.2,+21.3,BA	+6.78,+9.3,+21.2,KB	+7.03,-4.5,+19.7,EB	+2.31,+266.3,+20.5,OB	+6.98,-0.7,+19.7,@B	
1701717926.789318	+6.65,+9.7,+21.2,CB	+6.40,+29.1,+21.3,AA	+6.77,+9.4,+21.2,CB	+7.03,-4.5,+19.7,EB	+2.30,+266.9,+20.5,DB	+6.98,-0.8,+19.7,OB	
1701717988.7947397	+6.65,+9.7,+21.2,CB	+6.40,+29.1,+21.3,AA	+6.77,+9.5,+21.3,CB	+7.03,-4.5,+19.7,EB	+2.30,+266.6,+20.5,KB	+6.98,-0.8,+19.7,OB	
1701718050.8023205	+6.65,+9.7,+21.2,CB	+6.40,+29.2,+21.3,BA	+6.77,+9.4,+21.3,BB	+7.03,-4.5,+19.7,EB	+2.31,+266.3,+20.5,OB	+6.98,-0.8,+19.7,OB	
1701718112.811702	+6.65,+9.7,+21.2,CB	+6.40,+29.3,+21.3,CA	+6.78,+9.3,+21.2,KB	+7.03,-4.5,+19.7,EB	+2.33,+265.1,+20.5,LB	+6.98,-0.8,+19.7,OB	
1701718174.818527	+6.65,+9.7,+21.2,CB	+6.40,+29.1,+21.3,AA	+6.78,+9.4,+21.2,LB	+7.03,-4.5,+19.7,EB	+2.30,+266.8,+20.5,EB	+6.98,-0.8,+19.7,OB	
1701718236.824937	+6.66,+9.7,+21.2,@B	+6.40,+29.1,+21.3,AA	+6.77,+9.4,+21.2,CB	+7.03,-4.6,+19.7,FB	+2.31,+266.5,+20.6,JB	+6.98,-0.8,+19.7,OB	
1701718298.8331208	+6.66,+9.7,+21.2,@B	+6.41,+28.9,+21.3,IA	+6.77,+9.4,+21.2,CB	+7.03,-4.6,+19.7,FB	+2.32,+265.5,+20.5,IB	+6.98,-0.8,+19.7,OB	
1701718360.8416996	+6.65,+9.7,+21.2,CB	+6.41,+28.9,+21.3,IA	+6.77,+9.4,+21.2,CB	+7.03,-4.5,+19.7,EB	+2.30,+266.9,+20.6,GB	+6.98,-0.8,+19.7,OB	
1701718422.849225	+6.66,+9.7,+21.2,@B	+6.40,+29.2,+21.3,BA	+6.78,+9.4,+21.2,LB	+7.03,-4.5,+19.7,EB	+2.30,+266.5,+20.5,HB	+6.98,-0.8,+19.7,OB	
1701718484.8586	+6.65,+9.7,+21.2,CB	+6.40,+29.0,+21.3,@A	+6.78,+9.3,+21.2,KB	+7.03,-4.5,+19.7,EB	+2.31,+266.4,+20.6,KB	+6.98,-0.8,+19.7,OB	
1701718546.8679338	+6.65,+9.7,+21.2,CB	+6.40,+29.1,+21.3,AA	+6.78,+9.3,+21.2,KB	+7.03,-4.5,+19.7,EB	+2.29,+267.1,+20.6,FB	+6.98,-0.8,+19.7,OB	
1701718608.8766513	+6.66,+9.7,+21.2,@B	+6.40,+29.1,+21.3,AA	+6.77,+9.4,+21.3,BB	+7.03,-4.5,+19.7,EB	+2.30,+266.6,+20.6,HB	+6.98,-0.8,+19.7,OB	
1701718670.8860462	+6.65,+9.7,+21.2,CB	+6.40,+29.1,+21.3,AA	+6.78,+9.4,+21.3,MB	+7.03,-4.5,+19.7,EB	+2.31,+266.3,+20.5,OB	+6.98,-0.8,+19.7,OB	
1701718732.8959537	+6.65,+9.7,+21.2,CB	+6.40,+29.2,+21.3,BA	+6.78,+9.4,+21.2,LB	+7.03,-4.5,+19.7,EB	+2.30,+267.1,+20.6,NB	+6.98,-0.8,+19.7,OB	
1701718794.9052866	+6.65,+9.8,+21.2,LB	+6.40,+29.2,+21.3,BA	+6.78,+9.2,+21.3,KB	+7.03,-4.5,+19.7,EB	+2.30,+267.0,+20.5,LB	+6.98,-0.8,+19.7,OB	
1701718856.9141247	+6.65,+9.7,+21.2,CB	+6.40,+29.3,+21.3,CA	+6.77,+9.4,+21.2,CB	+7.03,-4.5,+19.7,EB	+2.30,+266.8,+20.5,EB	+6.98,-0.8,+19.7,OB	
1701718918.9228084	+6.65,+9.7,+21.2,CB	+6.40,+29.1,+21.3,AA	+6.78,+9.2,+21.2,JB	+7.03,-4.5,+19.7,EB	+2.29,+267.3,+20.5,GB	+6.98,-0.8,+19.7,OB	
1701718980.927812	+6.65,+9.7,+21.2,CB	+6.40,+29.2,+21.3,BA	+6.78,+9.3,+21.2,KB	+7.03,-4.6,+19.7,FB	+2.29,+267.4,+20.6,CB	+6.98,-0.8,+19.7,OB	
1701719042.9366794	+6.65,+9.7,+21.2,CB	+6.40,+29.3,+21.3,CA	+6.78,+9.4,+21.2,LB	+7.03,-4.5,+19.7,EB	+2.31,+266.4,+20.5,HB	+6.98,-0.8,+19.7,OB	
1701719104.9436378	+6.65,+9.8,+21.2,LB	+6.40,+29.2,+21.3,BA	+6.77,+9.4,+21.2,CB	+7.03,-4.5,+19.7,EB	+2.33,+265.1,+20.5,LB	+6.98,-0.8,+19.7,OB	
1701719166.9515958	+6.65,+9.7,+21.2,CB	+6.40,+29.1,+21.3,AA	+6.78,+9.3,+21.2,KB	+7.03,-4.5,+19.7,EB	+2.29,+267.1,+20.5,EB	+6.98,-0.8,+19.7,OB	
1701719228.962437	+6.65,+9.7,+21.2,CB	+6.40,+29.2,+21.3,BA	+6.77,+9.4,+21.2,CB	+7.03,-4.5,+19.7,EB	+2.30,+266.8,+20.5,EB	+6.98,-0.8,+19.7,OB	
1701719290.9728827	+6.65,+9.7,+21.2,CB	+6.40,+29.3,+21.3,CA	+6.78,+9.3,+21.2,KB	+7.03,-4.4,+19.7,DB	+2.36,+263.4,+20.5,JB	+6.98,-0.8,+19.7,OB	
1701719352.9806643	+6.65,+9.7,+21.2,CB	+6.40,+29.3,+21.3,CA	+6.77,+9.4,+21.2,CB	+7.03,-4.6,+19.7,FB	+2.30,+266.8,+20.5,EB	+6.98,-0.7,+19.7,@B	
1701719414.9878323	+6.65,+9.8,+21.2,LB	+6.40,+29.4,+21.3,DA	+6.78,+9.3,+21.2,KB	+7.03,-4.5,+19.7,EB	+2.30,+266.8,+20.5,EB	+6.98,-0.8,+19.7,OB	
1701719476.9942513	+6.65,+9.7,+21.2,CB	+6.40,+29.5,+21.3,EA	+6.78,+9.3,+21.2,KB	+7.03,-4.5,+19.7,EB	+2.34,+264.6,+20.5,MB	+6.98,-0.8,+19.7,OB	
1701719539.0008547	+6.65,+9.7,+21.2,CB	+6.40,+29.4,+21.3,DA	+6.78,+9.4,+21.2,LB	+7.03,-4.5,+19.7,EB	+2.31,+266.0,+20.5,LB	+6.98,-0.8,+19.7,OB	
1701719601.0082655	+6.65,+9.7,+21.2,CB	+6.40,+29.4,+21.3,DA	+6.78,+9.2,+21.2,JB	+7.03,-4.5,+19.7,EB	+2.32,+265.7,+20.5,KB	+6.98,-0.8,+19.7,OB	
1701719663.0160215	+6.65,+9.7,+21.2,CB	+6.40,+29.4,+21.3,DA	+6.77,+9.4,+21.2,CB	+7.03,-4.5,+19.7,EB	+2.32,+265.6,+20.5,JB	+6.98,-0.8,+19.6,NB	
1701719725.023013	+6.65,+9.8,+21.2,LB	+6.40,+29.0,+21.3,@A	+6.77,+9.4,+21.2,CB	+7.03,-4.5,+19.7,EB	+2.31,+266.3,+20.5,OB	+6.98,-0.8,+19.7,OB	
1701719970.6481836	+6.65,+9.7,+21.2,CB	+6.41,+28.9,+21.3,IA	+6.78,+9.3,+21.2,KB	+7.03,-4.5,+19.7,EB	+2.31,+265.9,+20.5,FB	+6.98,-0.8,+19.7,OB	
1701720032.6551058	+6.65,+9.7,+21.2,CB	+6.41,+28.9,+21.3,IA	+6.78,+9.4,+21.2,LB	+7.03,-4.5,+19.7,EB	+2.32,+265.9,+20.5,EB	+6.98,-0.8,+19.7,OB	
1701720094.6646492	+6.65,+9.7,+21.2,CB	+6.41,+28.9,+21.3,IA	+6.78,+9.3,+21.2,KB	+7.03,-4.5,+19.7,EB	+2.32,+265.7,+20.5,KB	+6.98,-0.8,+19.7,OB	
1701720156.674232	+6.65,+9.7,+21.2,CB	+6.41,+28.9,+21.3,IA	+6.78,+9.4,+21.2,LB	+7.03,-4.5,+19.7,EB	+2.31,+266.1,+20.5,MB	+6.98,-0.8,+19.7,OB	
1701720218.6827652	+6.65,+9.8,+21.2,LB	+6.41,+28.9,+21.3,IA	+6.78,+9.2,+21.2,JB	+7.03,-4.6,+19.7,FB	+2.31,+265.9,+20.5,FB	+6.98,-0.8,+19.7,OB	
1701720280.691844	+6.65,+9.7,+21.2,CB	+6.41,+28.9,+21.3,IA	+6.78,+9.3,+21.2,KB	+7.03,-4.6,+19.7,FB	+2.32,+265.8,+20.5,DB	+6.98,-0.8,+19.7,OB	
1701720342.6976151	+6.65,+9.8,+21.2,LB	+6.40,+29.0,+21.3,@A	+6.78,+9.3,+21.2,KB	+7.03,-4.6,+19.7,FB	+2.30,+266.6,+20.5,KB	+6.98,-0.8,+19.7,OB	
1701720404.7067015	+6.66,+9.6,+21.2,AB	+6.40,+29.2,+21.3,BA	+6.78,+9.2,+21.3,KB	+7.03,-4.5,+19.7,EB	+2.31,+266.3,+20.5,OB	+6.98,-0.8,+19.7,OB	
1701720466.7156622	+6.66,+9.6,+21.2,AB	+6.40,+29.1,+21.3,AA	+6.78,+9.3,+21.2,KB	+7.03,-4.6,+19.7,FB	+2.31,+266.1,+20.5,MB	+6.98,-0.8,+19.7,OB	
1701720528.7236962	+6.66,+9.6,+21.2,AB	+6.40,+29.3,+21.3,CA	+6.78,+9.3,+21.2,KB	+7.03,-4.5,+19.7,EB	+2.33,+265.2,+20.5,OB	+6.98,-0.8,+19.7,OB	
1701720590.7341545	+6.66,+9.6,+21.2,AB	+6.40,+29.2,+21.3,BA	+6.78,+9.3,+21.2,KB	+7.03,-4.6,+19.7,FB	+2.30,+266.5,+20.5,HB	+6.98,-0.8,+19.7,OB	
1701720652.7421443	+6.66,+9.5,+21.2,BB	+6.40,+29.2,+21.3,BA	+6.78,+9.3,+21.3,JB	+7.03,-4.5,+19.7,EB	+2.31,+266.3,+20.5,OB	+6.98,-0.8,+19.7,OB	
1701720714.748689	+6.66,+9.6,+21.2,AB	+6.40,+29.3,+21.3,CA	+6.78,+9.3,+21.2,KB	+7.03,-4.5,+19.7,EB	+2.31,+266.1,+20.5,MB	+6.98,-0.8,+19.7,OB	
1701720776.7561927	+6.66,+9.6,+21.2,AB	+6.40,+29.3,+21.3,CA	+6.78,+9.3,+21.3,JB	+7.03,-4.5,+19.7,EB	+2.37,+262.9,+20.5,GB	+6.98,-0.8,+19.7,OB	
1701720838.766102	+6.66,+9.5,+21.2,BB	+6.40,+29.3,+21.3,CA	+6.78,+9.3,+21.2,KB	+7.03,-4.6,+19.7,FB	+2.32,+265.9,+20.5,EB	+6.98,-0.8,+19.7,OB	
1701720900.7767382	+6.66,+9.5,+21.2,BB	+6.40,+29.3,+21.3,CA	+6.78,+9.3,+21.2,KB	+7.03,-4.6,+19.7,FB	+2.32,+265.7,+20.5,KB	+6.98,-0.8,+19.7,OB	
1701720962.7870276	+6.66,+9.5,+21.2,BB	+6.40,+29.4,+21.3,DA	+6.78,+9.3,+21.2,KB	+7.03,-4.6,+19.7,FB	+2.32,+265.3,+20.5,OB	+6.98,-0.8,+19.7,OB	
1701721024.7963448	+6.66,+9.5,+21.2,BB	+6.40,+29.3,+21.3,CA	+6.78,+9.3,+21.3,JB	+7.03,-4.6,+19.7,FB	+2.31,+266.1,+20.5,MB	+6.98,-0.8,+19.7,OB	
1701721086.803024	+6.66,+9.5,+21.2,BB	+6.40,+29.3,+21.3,CA	+6.78,+9.2,+21.2,JB	+7.03,-4.6,+19.7,FB	+2.32,+265.9,+20.5,EB	+6.98,-0.8,+19.7,OB	
1701721148.8143277	+6.66,+9.6,+21.2,AB	+6.40,+29.4,+21.3,DA	+6.78,+9.3,+21.2,KB	+7.03,-4.6,+19.7,FB	+2.32,+265.7,+20.5,KB	+6.98,-0.8,+19.7,OB	
1701721210.8239126	+6.66,+9.5,+21.2,BB	+6.40,+29.4,+21.3,DA	+6.78,+9.3,+21.3,JB	+7.03,-4.6,+19.7,FB	+2.32,+265.5,+20.5,IB	+6.98,-0.8,+19.7,OB	
1701721272.8311777	+6.66,+9.5,+21.2,BB	+6.40,+29.4,+21.3,DA	+6.77,+9.4,+21.2,CB	+7.03,-4.5,+19.7,EB	+2.38,+262.3,+20.5,BB	+6.98,-0.8,+19.7,OB	
1701721334.8430107	+6.66,+9.5,+21.2,BB	+6.40,+29.3,+21.3,CA	+6.77,+9.4,+21.2,CB	+7.03,-4.6,+19.7,FB	+2.31,+266.1,+20.5,MB	+6.98,-0.8,+19.7,OB	
1701721396.8525636	+6.66,+9.5,+21.2,BB	+6.40,+29.4,+21.3,DA	+6.78,+9.3,+21.2,KB	+7.03,-4.6,+19.7,FB	+2.32,+265.8,+20.5,DB	+6.99,-0.9,+19.7,OB	
1701721458.85982	+6.66,+9.5,+21.2,BB	+6.40,+29.3,+21.3,CA	+6.78,+9.3,+21.2,KB	+7.03,-4.6,+19.7,FB	+2.32,+265.7,+20.5,KB	+6.98,-0.8,+19.7,OB	
1701721520.8693364	+6.66,+9.5,+21.2,BB	+6.40,+29.3,+21.3,CA	+6.78,+9.2,+21.2,JB	+7.03,-4.6,+19.7,FB	+2.32,+265.6,+20.5,JB	+6.98,-0.8,+19.7,OB	
1701721582.844173	+6.66,+9.6,+21.2,AB	+6.40,+29.4,+21.3,DA	+6.78,+9.2,+21.2,JB	+7.03,-4.6,+19.7,FB	+2.31,+266.1,+20.5,MB	+6.98,-0.8,+19.7,OB	
1701721644.8520439	+6.66,+9.5,+21.2,BB	+6.40,+29.3,+21.3,CA	+6.78,+9.3,+21.2,KB	+7.03,-4.7,+19.7,GB	+2.31,+266.0,+20.5,LB	+6.98,-0.8,+19.7,OB	
1701721706.8460243	+6.66,+9.6,+21.2,AB	+6.40,+29.4,+21.3,DA	+6.78,+9.4,+21.2,LB	+7.03,-4.6,+19.7,FB	+2.32,+265.7,+20.5,KB	+6.98,-0.8,+19.7,OB	
1701721768.8502626	+6.66,+9.5,+21.2,BB	+6.40,+29.3,+21.3,CA	+6.78,+9.3,+21.2,KB	+7.03,-4.6,+19.7,FB	+2.32,+265.5,+20.5,IB	+6.98,-0.8,+19.7,OB	
1701721830.8594997	+6.66,+9.5,+21.2,BB	+6.40,+29.4,+21.3,DA	+6.78,+9.2,+21.2,JB	+7.03,-4.6,+19.7,FB	+2.31,+266.1,+20.5,MB	+6.98,-0.8,+19.7,OB	
1701721892.8657162	+6.66,+9.5,+21.2,BB	+6.40,+29.3,+21.3,CA	+6.78,+9.3,+21.2,KB	+7.03,-4.6,+19.7,FB	+2.31,+266.0,+20.5,LB	+6.98,-0.8,+19.7,OB	
1701721954.8751185	+6.66,+9.5,+21.2,BB	+6.40,+29.3,+21.3,CA	+6.78,+9.3,+21.2,KB	+7.03,-4.5,+19.7,EB	+2.32,+265.9,+20.5,EB	+6.98,-0.8,+19.7,OB	
1701722016.8836844	+6.66,+9.5,+21.2,BB	+6.40,+29.2,+21.3,BA	+6.78,+9.3,+21.2,KB	+7.03,-4.6,+19.7,FB	+2.33,+265.2,+20.5,OB	+6.98,-0.8,+19.7,OB	
1701722078.8911664	+6.66,+9.6,+21.2,AB	+6.40,+29.3,+21.3,CA	+6.78,+9.3,+21.2,KB	+7.03,-4.6,+19.7,FB	+2.32,+265.8,+20.5,DB	+6.98,-0.8,+19.7,OB	
1701722140.9002469	+6.66,+9.5,+21.2,BB	+6.40,+29.1,+21.3,AA	+6.78,+9.3,+21.2,KB	+7.03,-4.6,+19.7,FB	+2.32,+265.5,+20.5,IB	+6.98,-0.8,+19.7,OB	
1701722202.9084473	+6.66,+9.5,+21.2,BB	+6.40,+29.2,+21.3,BA	+6.77,+9.4,+21.2,CB	+7.03,-4.6,+19.7,FB	+2.32,+265.3,+20.5,OB	+6.98,-0.8,+19.7,OB	
1701722264.9152236	+6.66,+9.5,+21.2,BB	+6.40,+29.3,+21.3,CA	+6.78,+9.3,+21.2,KB	+7.03,-4.6,+19.7,FB	+2.33,+264.9,+20.5,EB	+6.98,-0.8,+19.7,OB	
1701722326.9234648	+6.66,+9.6,+21.2,AB	+6.40,+29.3,+21.3,CA	+6.78,+9.2,+21.2,JB	+7.03,-4.5,+19.7,EB	+2.32,+265.8,+20.5,DB	+6.98,-0.8,+19.7,OB	
1701722388.9334793	+6.66,+9.6,+21.2,AB	+6.40,+29.3,+21.3,CA	+6.78,+9.3,+21.2,KB	+7.03,-4.5,+19.7,EB	+2.32,+265.6,+20.5,JB	+6.98,-0.8,+19.7,OB	
1701722450.9418619	+6.66,+9.6,+21.2,AB	+6.40,+29.2,+21.3,BA	+6.78,+9.2,+21.2,JB	+7.03,-4.6,+19.7,FB	+2.32,+265.4,+20.5,HB	+6.98,-0.8,+19.7,OB	
1701722512.9503415	+6.65,+9.7,+21.2,CB	+6.40,+29.2,+21.3,BA	+6.78,+9.3,+21.2,KB	+7.03,-4.6,+19.7,FB	+2.31,+266.1,+20.5,MB	+6.98,-0.8,+19.7,OB	
1701722574.9586282	+6.66,+9.6,+21.2,AB	+6.40,+29.2,+21.3,BA	+6.78,+9.2,+21.2,JB	+7.03,-4.6,+19.7,FB	+2.32,+265.9,+20.5,EB	+6.98,-0.8,+19.7,OB	
1701722636.9656363	+6.66,+9.6,+21.2,AB	+6.40,+29.3,+21.3,CA	+6.78,+9.3,+21.3,JB	+7.03,-4.6,+19.7,FB	+2.32,+265.5,+20.5,IB	+6.98,-0.8,+19.7,OB	
1701722698.9771662	+6.66,+9.6,+21.2,AB	+6.40,+29.4,+21.3,DA	+6.78,+9.4,+21.3,MB	+7.03,-4.6,+19.8,IB	+2.32,+265.4,+20.5,HB	+6.98,-0.8,+19.7,OB	
1701722760.985455	+6.66,+9.6,+21.2,AB	+6.40,+29.4,+21.3,DA	+6.78,+9.3,+21.3,JB	+7.03,-4.6,+19.7,FB	+2.31,+266.0,+20.5,LB	+6.98,-0.8,+19.7,OB	
1701722822.9958467	+6.66,+9.6,+21.2,AB	+6.40,+29.3,+21.3,CA	+6.78,+9.1,+21.3,HB	+7.03,-4.6,+19.7,FB	+2.31,+265.9,+20.5,FB	+6.98,-0.8,+19.7,OB	
1701722885.0035493	+6.66,+9.7,+21.2,@B	+6.40,+29.4,+21.3,DA	+6.78,+9.3,+21.3,JB	+7.03,-4.5,+19.7,EB	+2.32,+265.6,+20.5,JB	+6.98,-0.8,+19.7,OB	
1701722947.0091982	+6.66,+9.7,+21.2,@B	+6.40,+29.3,+21.3,CA	+6.78,+9.3,+21.2,KB	+7.03,-4.7,+19.7,GB	+2.32,+265.3,+20.5,OB	+6.98,-0.8,+19.7,OB	
1701723009.0188096	+6.66,+9.6,+21.2,AB	+6.40,+29.3,+21.3,CA	+6.78,+9.3,+21.3,JB	+7.03,-4.6,+19.7,FB	+2.31,+266.1,+20.5,MB	+6.98,-0.8,+19.7,OB	
1701723071.0251455	+6.66,+9.6,+21.2,AB	+6.39,+29.6,+21.3,HA	+6.78,+9.3,+21.2,KB	+7.03,-4.7,+19.8,HB	+2.32,+265.9,+20.5,EB	+6.98,-0.8,+19.7,OB	
1701723133.0346484	+6.66,+9.6,+21.2,AB	+6.39,+29.6,+21.3,HA	+6.78,+9.2,+21.2,JB	+7.03,-4.6,+19.7,FB	+2.32,+265.7,+20.5,KB	+6.98,-0.8,+19.7,OB	
1701723195.0415516	+6.66,+9.7,+21.2,@B	+6.39,+29.6,+21.3,HA	+6.78,+9.3,+21.3,JB	+7.03,-4.5,+19.7,EB	+2.30,+266.6,+20.5,KB	+6.98,-0.8,+19.7,OB	
1701723257.0478413	+6.66,+9.6,+21.2,AB	+6.39,+29.6,+21.3,HA	+6.78,+9.3,+21.3,JB	+7.03,-4.6,+19.7,FB	+2.31,+266.2,+20.5,NB	+6.99,-0.9,+19.7,OB	
1701723319.05677	+6.66,+9.6,+21.2,AB	+6.39,+29.6,+21.3,HA	+6.78,+9.1,+21.3,HB	+7.03,-4.6,+19.7,FB	+2.31,+266.1,+20.5,MB	+6.99,-0.9,+19.7,OB	
1701723381.0632474	+6.66,+9.7,+21.2,@B	+6.39,+29.6,+21.3,HA	+6.78,+9.2,+21.3,KB	+7.03,-4.6,+19.8,IB	+2.30,+266.7,+20.5,JB	+6.98,-0.7,+19.7,@B	
1701723443.069039	+6.66,+9.6,+21.2,AB	+6.39,+29.6,+21.3,HA	+6.78,+9.3,+21.2,KB	+7.03,-4.6,+19.7,FB	+2.31,+266.2,+20.5,NB	+6.98,-0.8,+19.7,OB	
1701723505.0775216	+6.66,+9.6,+21.2,AB	+6.39,+29.6,+21.3,HA	+6.78,+9.1,+21.3,HB	+7.03,-4.6,+19.8,IB	+2.37,+262.9,+20.5,GB	+6.98,-0.8,+19.7,OB	
1701723567.0868273	+6.65,+9.7,+21.2,CB	+6.40,+29.5,+21.3,EA	+6.78,+9.1,+21.2,IB	+7.03,-4.6,+19.8,IB	+2.30,+266.6,+20.5,KB	+6.98,-0.8,+19.7,OB	
1701723812.6266463	+6.65,+9.7,+21.2,CB	+6.39,+29.6,+21.3,HA	+6.78,+9.2,+21.3,KB	+7.03,-4.6,+19.7,FB	+2.32,+265.7,+20.5,KB	+6.98,-0.8,+19.7,OB	
1701723874.6359851	+6.65,+9.7,+21.2,CB	+6.39,+29.5,+21.3,KA	+6.78,+9.2,+21.3,KB	+7.03,-4.7,+19.8,HB	+2.30,+266.6,+20.5,KB	+6.98,-0.8,+19.7,OB	
1701723936.6453004	+6.66,+9.7,+21.2,@B	+6.39,+29.6,+21.3,HA	+6.78,+9.2,+21.2,JB	+7.03,-4.6,+19.8,IB	+2.31,+266.0,+20.5,LB	+6.99,-0.9,+19.7,OB	
1701723998.6524775	+6.65,+9.7,+21.2,CB	+6.39,+29.7,+21.3,IA	+6.78,+9.3,+21.2,KB	+7.03,-4.5,+19.7,EB	+2.30,+266.9,+20.5,DB	+6.98,-0.8,+19.7,OB	
1701724060.6612923	+6.65,+9.7,+21.2,CB	+6.39,+29.6,+21.3,HA	+6.78,+9.2,+21.2,JB	+7.03,-4.7,+19.8,HB	+2.30,+266.5,+20.5,HB	+6.98,-0.8,+19.7,OB	
1701724122.6679952	+6.65,+9.7,+21.2,CB	+6.39,+29.6,+21.3,HA	+6.78,+9.3,+21.3,JB	+7.03,-4.6,+19.7,FB	+2.31,+266.2,+20.5,NB	+6.98,-0.8,+19.7,OB	
1701724184.6752038	+6.66,+9.6,+21.2,AB	+6.39,+29.6,+21.3,HA	+6.78,+9.1,+21.2,IB	+7.03,-4.6,+19.7,FB	+2.30,+266.8,+20.5,EB	+6.98,-0.8,+19.7,OB	
1701724246.6820784	+6.66,+9.7,+21.2,@B	+6.39,+29.7,+21.3,IA	+6.78,+9.2,+21.2,JB	+7.03,-4.6,+19.8,IB	+2.30,+266.5,+20.5,HB	+6.98,-0.8,+19.7,OB	
1701724308.6908484	+6.65,+9.7,+21.2,CB	+6.39,+29.7,+21.3,IA	+6.78,+9.2,+21.2,JB	+7.03,-4.6,+19.7,FB	+2.33,+265.0,+20.5,MB	+6.98,-0.8,+19.7,OB	
1701724370.6987956	+6.65,+9.7,+21.2,CB	+6.39,+29.7,+21.3,IA	+6.78,+9.2,+21.2,JB	+7.03,-4.6,+19.7,FB	+2.30,+266.8,+20.5,EB	+6.98,-0.8,+19.7,OB	
1701724432.7092595	+6.65,+9.7,+21.2,CB	+6.39,+29.7,+21.3,IA	+6.78,+9.2,+21.2,JB	+7.03,-4.6,+19.7,FB	+2.31,+266.4,+20.5,HB	+6.98,-0.8,+19.7,OB	
1701724494.7174032	+6.65,+9.7,+21.2,CB	+6.39,+29.8,+21.3,FA	+6.78,+9.2,+21.2,JB	+7.03,-4.6,+19.7,FB	+2.30,+266.9,+20.5,DB	+6.98,-0.8,+19.7,OB	
1701724556.7279994	+6.65,+9.7,+21.2,CB	+6.39,+29.7,+21.3,IA	+6.78,+9.3,+21.3,JB	+7.03,-4.7,+19.7,GB	+2.30,+266.5,+20.5,HB	+6.98,-0.8,+19.7,OB	
1701724618.7365983	+6.65,+9.7,+21.2,CB	+6.39,+29.6,+21.3,HA	+6.78,+9.3,+21.3,JB	+7.03,-4.7,+19.7,GB	+2.29,+267.1,+20.5,EB	+6.98,-0.8,+19.7,OB	
1701724680.7436314	+6.65,+9.7,+21.2,CB	+6.39,+29.6,+21.3,HA	+6.78,+9.2,+21.2,JB	+7.03,-4.7,+19.7,GB	+2.30,+266.6,+20.5,KB	+6.98,-0.8,+19.7,OB	
1701724742.7537136	+6.65,+9.7,+21.2,CB	+6.39,+29.7,+21.3,IA	+6.78,+9.2,+21.2,JB	+7.03,-4.6,+19.7,FB	+2.29,+267.1,+20.5,EB	+6.98,-0.8,+19.7,OB	
1701724804.760579	+6.65,+9.7,+21.2,CB	+6.39,+29.6,+21.3,HA	+6.78,+9.2,+21.2,JB	+7.04,-4.7,+19.7,@B	+2.30,+266.6,+20.5,KB	+6.98,-0.8,+19.7,OB	
1701724866.7671561	+6.66,+9.7,+21.2,@B	+6.39,+29.8,+21.3,FA	+6.78,+9.2,+21.2,JB	+7.03,-4.5,+19.7,EB	+2.29,+267.1,+20.5,EB	+6.98,-0.8,+19.7,OB	
1701724928.7768533	+6.65,+9.7,+21.2,CB	+6.39,+29.7,+21.3,IA	+6.78,+9.2,+21.2,JB	+7.04,-4.7,+19.7,@B	+2.30,+266.6,+20.5,KB	+6.98,-0.8,+19.7,OB	
1701724990.7854545	+6.65,+9.7,+21.2,CB	+6.39,+29.6,+21.3,HA	+6.78,+9.1,+21.2,IB	+7.04,-4.7,+19.7,@B	+2.29,+267.1,+20.5,EB	+6.98,-0.8,+19.7,OB	
1701725052.7939076	+6.65,+9.7,+21.2,CB	+6.39,+29.8,+21.3,FA	+6.78,+9.2,+21.2,JB	+7.03,-4.7,+19.7,GB	+2.30,+266.6,+20.5,KB	+6.98,-0.8,+19.7,OB	
1701725114.8024738	+6.65,+9.7,+21.2,CB	+6.39,+29.8,+21.3,FA	+6.78,+9.1,+21.2,IB	+7.04,-4.7,+19.7,@B	+2.29,+267.2,+20.5,FB	+6.98,-0.8,+19.6,NB	
1701725176.811786	+6.66,+9.6,+21.2,AB	+6.39,+29.7,+21.3,IA	+6.78,+9.2,+21.2,JB	+7.04,-4.7,+19.7,@B	+2.30,+266.7,+20.5,JB	+6.98,-0.8,+19.6,NB	
1701725238.8203626	+6.66,+9.6,+21.2,AB	+6.39,+29.7,+21.3,IA	+6.78,+9.2,+21.2,JB	+7.04,-4.7,+19.7,@B	+2.29,+267.2,+20.5,FB	+6.98,-0.8,+19.7,OB	
1701725300.8302267	+6.66,+9.5,+21.2,BB	+6.39,+29.8,+21.3,FA	+6.78,+9.2,+21.2,JB	+7.03,-4.7,+19.7,GB	+2.30,+266.7,+20.5,JB	+6.98,-0.8,+19.7,OB	
1701725362.8371236	+6.66,+9.5,+21.2,BB	+6.39,+29.8,+21.3,FA	+6.78,+9.2,+21.2,JB	+7.03,-4.6,+19.7,FB	+2.29,+267.2,+20.5,FB	+6.98,-0.8,+19.6,NB	
1701725424.8452852	+6.66,+9.5,+21.2,BB	+6.39,+29.6,+21.3,HA	+6.78,+9.1,+21.2,IB	+7.03,-4.6,+19.7,FB	+2.30,+266.6,+20.5,KB	+6.98,-0.8,+19.7,OB	
1701725486.8545024	+6.66,+9.5,+21.2,BB	+6.39,+29.8,+21.3,FA	+6.78,+9.2,+21.2,JB	+7.03,-4.6,+19.7,FB	+2.29,+267.1,+20.5,EB	+6.98,-0.8,+19.7,OB	
1701725548.859761	+6.66,+9.5,+21.2,BB	+6.39,+29.7,+21.3,IA	+6.78,+9.2,+21.2,JB	+7.03,-4.6,+19.7,FB	+2.30,+266.5,+20.5,HB	+6.98,-0.8,+19.7,OB	
1701725610.8697393	+6.66,+9.6,+21.2,AB	+6.39,+29.6,+21.3,HA	+6.78,+9.3,+21.2,KB	+7.04,-4.7,+19.7,@B	+2.29,+267.0,+20.5,DB	+6.98,-0.8,+19.7,OB	
1701725672.877303	+6.66,+9.6,+21.2,AB	+6.39,+29.6,+21.2,IA	+6.78,+9.3,+21.2,KB	+7.04,-4.7,+19.7,@B	+2.31,+266.4,+20.5,HB	+6.98,-0.8,+19.7,OB	
1701725734.8859632	+6.66,+9.5,+21.2,BB	+6.39,+29.8,+21.3,FA	+6.78,+9.2,+21.2,JB	+7.03,-4.6,+19.7,FB	+2.30,+267.0,+20.5,LB	+6.98,-0.8,+19.7,OB	
1701725796.8908951	+6.66,+9.5,+21.2,BB	+6.39,+29.7,+21.3,IA	+6.78,+9.1,+21.2,IB	+7.03,-4.6,+19.7,FB	+2.31,+266.4,+20.5,HB	+6.99,-0.9,+19.7,OB	
1701725858.8980126	+6.66,+9.5,+21.2,BB	+6.39,+29.8,+21.3,FA	+6.78,+9.2,+21.2,JB	+7.03,-4.7,+19.7,GB	+2.30,+266.8,+20.5,EB	+6.98,-0.8,+19.7,OB	
1701725920.9071364	+6.66,+9.5,+21.2,BB	+6.39,+29.7,+21.3,IA	+6.78,+9.2,+21.3,KB	+7.04,-4.7,+19.7,@B	+2.31,+266.3,+20.5,OB	+6.98,-0.8,+19.7,OB	
1701725982.9163415	+6.66,+9.5,+21.2,BB	+6.39,+29.9,+21.3,GA	+6.78,+9.3,+21.3,JB	+7.03,-4.7,+19.7,GB	+2.30,+266.7,+20.5,JB	+6.98,-0.8,+19.7,OB	
1701726044.924353	+6.66,+9.5,+21.2,BB	+6.39,+29.9,+21.3,GA	+6.78,+9.2,+21.2,JB	+7.03,-4.7,+19.7,GB	+2.37,+262.9,+20.5,GB	+6.98,-0.8,+19.7,OB	
1701726106.9312208	+6.66,+9.5,+21.2,BB	+6.39,+29.7,+21.3,IA	+6.78,+9.2,+21.3,KB	+7.03,-4.6,+19.7,FB	+2.30,+266.7,+20.5,JB	+6.98,-0.8,+19.7,OB	
1701726168.9405205	+6.66,+9.5,+21.2,BB	+6.39,+29.9,+21.3,GA	+6.78,+9.1,+21.3,HB	+7.03,-4.7,+19.7,GB	+2.29,+267.1,+20.5,EB	+6.98,-0.8,+19.7,OB	
1701726230.9489124	+6.66,+9.5,+21.2,BB	+6.39,+29.8,+21.3,FA	+6.78,+9.2,+21.2,JB	+7.04,-4.7,+19.7,@B	+2.30,+266.7,+20.5,JB	+6.99,-0.9,+19.7,OB	
1701726292.956497	+6.66,+9.5,+21.2,BB	+6.39,+29.8,+21.3,FA	+6.78,+9.2,+21.3,KB	+7.03,-4.6,+19.7,FB	+2.31,+266.3,+20.5,OB	+6.98,-0.8,+19.7,OB	
1701726354.9646425	+6.66,+9.5,+21.2,BB	+6.39,+29.8,+21.3,FA	+6.78,+9.2,+21.3,KB	+7.04,-4.7,+19.7,@B	+2.30,+266.9,+20.5,DB	+6.99,-0.9,+19.7,OB	
1701726416.9673295	+6.66,+9.5,+21.2,BB	+6.39,+29.9,+21.3,GA	+6.78,+9.1,+21.3,HB	+7.04,-4.8,+19.7,OB	+2.31,+266.4,+20.5,HB	+6.98,-0.8,+19.7,OB	
1701726478.9745638	+6.66,+9.5,+21.2,BB	+6.39,+29.8,+21.3,FA	+6.78,+9.2,+21.3,KB	+7.03,-4.7,+19.7,GB	+2.29,+267.0,+20.5,DB	+6.98,-0.8,+19.7,OB	
1701726540.9802313	+6.66,+9.5,+21.2,BB	+6.39,+29.9,+21.3,GA	+6.78,+9.3,+21.2,KB	+7.03,-4.7,+19.7,GB	+2.30,+266.6,+20.5,KB	+6.98,-0.8,+19.7,OB	
1701726602.9911242	+6.66,+9.5,+21.2,BB	+6.39,+29.8,+21.3,FA	+6.78,+9.2,+21.2,JB	+7.04,-4.7,+19.7,@B	+2.31,+266.2,+20.5,NB	+6.98,-0.8,+19.7,OB	
1701726665.000338	+6.66,+9.5,+21.2,BB	+6.39,+29.8,+21.3,FA	+6.78,+9.2,+21.3,KB	+7.03,-4.7,+19.7,GB	+2.30,+266.9,+20.5,DB	+6.98,-0.8,+19.7,OB	
1701726727.0044653	+6.66,+9.5,+21.2,BB	+6.39,+29.8,+21.3,FA	+6.78,+9.0,+21.3,IB	+7.03,-4.6,+19.7,FB	+2.31,+266.4,+20.5,HB	+6.98,-0.8,+19.7,OB	
1701726789.013679	+6.66,+9.5,+21.2,BB	+6.39,+29.9,+21.3,GA	+6.78,+9.3,+21.3,JB	+7.03,-4.7,+19.7,GB	+2.30,+267.0,+20.5,LB	+6.98,-0.8,+19.7,OB	
1701726851.019803	+6.66,+9.5,+21.2,BB	+6.39,+30.0,+21.3,FA	+6.78,+9.2,+21.2,JB	+7.04,-4.7,+19.7,@B	+2.30,+266.5,+20.5,HB	+6.98,-0.8,+19.7,OB	
1701726913.0265222	+6.66,+9.5,+21.2,BB	+6.39,+29.8,+21.3,FA	+6.78,+9.1,+21.3,HB	+7.03,-4.7,+19.7,GB	+2.30,+266.9,+20.5,DB	+6.99,-0.9,+19.7,OB	
1701726975.0328689	+6.66,+9.5,+21.2,BB	+6.39,+29.8,+21.3,FA	+6.78,+9.1,+21.2,IB	+7.03,-4.7,+19.7,GB	+2.30,+266.5,+20.5,HB	+6.99,-0.9,+19.7,OB	
1701727037.0406764	+6.66,+9.5,+21.2,BB	+6.39,+29.9,+21.3,GA	+6.78,+9.0,+21.2,HB	+7.04,-4.7,+19.8,OB	+2.29,+267.1,+20.5,EB	+6.98,-0.8,+19.7,OB	
1701727099.050028	+6.66,+9.5,+21.2,BB	+6.39,+29.9,+21.3,GA	+6.78,+9.2,+21.3,KB	+7.04,-4.7,+19.7,@B	+2.36,+263.1,+20.5,OB	+6.98,-0.8,+19.7,OB	
1701727161.057795	+6.66,+9.6,+21.2,AB	+6.39,+29.8,+21.3,FA	+6.78,+9.1,+21.2,IB	+7.03,-4.7,+19.7,GB	+2.37,+263.0,+20.5,OB	+6.98,-0.8,+19.7,OB	
1701727223.0662837	+6.66,+9.5,+21.2,BB	+6.39,+29.9,+21.3,GA	+6.78,+9.2,+21.2,JB	+7.04,-4.8,+19.7,OB	+2.36,+263.1,+20.5,OB	+6.98,-0.8,+19.7,OB	
1701727285.077494	+6.66,+9.5,+21.2,BB	+6.39,+29.9,+21.3,GA	+6.78,+9.1,+21.2,IB	+7.04,-4.7,+19.7,@B	+2.36,+263.0,+20.5,NB	+6.98,-0.8,+19.7,OB	
1701727347.0860894	+6.66,+9.6,+21.2,AB	+6.39,+29.9,+21.3,GA	+6.78,+9.2,+21.2,JB	+7.04,-4.8,+19.7,OB	+2.37,+263.0,+20.5,OB	+6.99,-0.9,+19.7,OB	
1701727409.095022	+6.66,+9.6,+21.2,AB	+6.39,+29.9,+21.3,GA	+6.78,+9.2,+21.2,JB	+7.04,-4.7,+19.7,@B	+2.36,+263.0,+20.5,NB	+6.99,-0.9,+19.7,OB	
1701727654.6628013	+6.66,+9.6,+21.2,AB	+6.39,+29.9,+21.3,GA	+6.78,+9.0,+21.2,HB	+7.04,-4.8,+19.7,OB	+2.37,+262.7,+20.5,IB	+6.98,-0.8,+19.7,OB	
1701727716.6726851	+6.66,+9.6,+21.2,AB	+6.39,+29.8,+21.3,FA	+6.78,+9.2,+21.2,JB	+7.03,-4.7,+19.7,GB	+2.36,+263.1,+20.5,OB	+6.98,-0.8,+19.7,OB	
1701727778.6822946	+6.66,+9.6,+21.2,AB	+6.39,+29.8,+21.3,FA	+6.78,+9.3,+21.2,KB	+7.03,-4.6,+19.7,FB	+2.36,+263.1,+20.5,OB	+6.98,-0.8,+19.7,OB	
1701727840.6912105	+6.66,+9.6,+21.2,AB	+6.39,+29.9,+21.3,GA	+6.78,+9.1,+21.2,IB	+7.04,-4.8,+19.7,OB	+2.36,+263.1,+20.5,OB	+6.98,-0.8,+19.6,NB	
1701727902.6967328	+6.66,+9.6,+21.2,AB	+6.39,+29.8,+21.3,FA	+6.78,+9.3,+21.2,KB	+7.04,-4.7,+19.7,@B	+2.36,+263.2,+20.5,LB	+6.98,-0.8,+19.7,OB	
1701727964.7045767	+6.66,+9.6,+21.2,AB	+6.39,+29.8,+21.3,FA	+6.78,+9.1,+21.2,IB	+7.04,-4.8,+19.7,OB	+2.36,+263.0,+20.5,NB	+6.98,-0.8,+19.6,NB	
1701728026.7133114	+6.66,+9.6,+21.2,AB	+6.39,+29.8,+21.3,FA	+6.78,+9.1,+21.2,IB	+7.04,-4.7,+19.7,@B	+2.36,+263.3,+20.5,MB	+6.98,-0.8,+19.6,NB	
1701728088.7214987	+6.66,+9.6,+21.2,AB	+6.39,+29.9,+21.2,FA	+6.78,+9.1,+21.2,IB	+7.03,-4.7,+19.7,GB	+2.36,+263.1,+20.5,OB	+6.98,-0.8,+19.7,OB	
1701728150.7303078	+6.66,+9.6,+21.2,AB	+6.39,+29.8,+21.3,FA	+6.78,+9.0,+21.2,HB	+7.03,-4.7,+19.7,GB	+2.36,+263.3,+20.5,MB	+6.98,-0.8,+19.7,OB	
1701728212.7387438	+6.66,+9.6,+21.2,AB	+6.39,+29.9,+21.3,GA	+6.78,+9.1,+21.2,IB	+7.04,-4.7,+19.7,@B	+2.36,+263.1,+20.5,OB	+6.99,-0.9,+19.6,NB	
1701728274.7485101	+6.66,+9.7,+21.2,@B	+6.39,+29.9,+21.3,GA	+6.78,+9.2,+21.2,JB	+7.04,-4.7,+19.7,@B	+2.36,+263.3,+20.5,MB	+6.98,-0.8,+19.7,OB	
1701728336.7565496	+6.66,+9.6,+21.2,AB	+6.39,+29.8,+21.3,FA	+6.78,+9.1,+21.2,IB	+7.04,-4.7,+19.7,@B	+2.36,+263.3,+20.5,MB	+6.98,-0.8,+19.7,OB	
1701728398.7664132	+6.66,+9.6,+21.2,AB	+6.39,+29.9,+21.3,GA	+6.78,+9.1,+21.2,IB	+7.04,-4.7,+19.7,@B	+2.36,+263.3,+20.5,MB	+6.99,-0.9,+19.6,NB	
1701728460.7762864	+6.66,+9.6,+21.2,AB	+6.39,+29.9,+21.3,GA	+6.78,+9.3,+21.2,KB	+7.04,-4.7,+19.7,@B	+2.37,+263.0,+20.5,OB	+6.98,-0.8,+19.6,NB	
1701728522.7842865	+6.66,+9.6,+21.2,AB	+6.39,+29.9,+21.2,FA	+6.78,+9.3,+21.2,KB	+7.03,-4.7,+19.7,GB	+2.36,+263.1,+20.5,OB	+6.99,-0.9,+19.6,NB	
1701728584.7941136	+6.65,+9.7,+21.2,CB	+6.39,+30.0,+21.3,FA	+6.78,+9.2,+21.2,JB	+7.04,-4.7,+19.7,@B	+2.36,+263.3,+20.5,MB	+6.98,-0.8,+19.6,NB	
1701728646.8020277	+6.66,+9.6,+21.2,AB	+6.39,+29.8,+21.2,GA	+6.78,+9.2,+21.2,JB	+7.04,-4.7,+19.7,@B	+2.36,+263.4,+20.5,JB	+6.98,-0.8,+19.6,NB	
1701728708.8129637	+6.66,+9.7,+21.2,@B	+6.39,+29.8,+21.2,GA	+6.78,+9.2,+21.2,JB	+7.04,-4.8,+19.7,OB	+2.36,+263.4,+20.5,JB	+6.98,-0.8,+19.6,NB	
1701728770.8236485	+6.66,+9.7,+21.2,@B	+6.39,+29.7,+21.2,HA	+6.78,+9.2,+21.2,JB	+7.04,-4.7,+19.7,@B	+2.36,+263.4,+20.5,JB	+6.98,-0.8,+19.6,NB	
1701728832.833103	+6.66,+9.7,+21.2,@B	+6.39,+29.8,+21.3,FA	+6.78,+9.1,+21.2,IB	+7.04,-4.8,+19.7,OB	+2.36,+263.0,+20.5,NB	+6.99,-0.9,+19.6,NB	
1701728894.8433073	+6.66,+9.6,+21.2,AB	+6.39,+29.9,+21.3,GA	+6.78,+9.1,+21.2,IB	+7.04,-4.8,+19.7,OB	+2.36,+263.1,+20.5,OB	+6.98,-0.8,+19.6,NB	
1701728956.8526952	+6.65,+9.7,+21.2,CB	+6.39,+29.7,+21.2,HA	+6.78,+9.2,+21.2,JB	+7.04,-4.7,+19.7,@B	+2.36,+263.2,+20.5,LB	+6.98,-0.8,+19.6,NB	
1701729018.8627682	+6.66,+9.6,+21.2,AB	+6.39,+29.8,+21.2,GA	+6.78,+9.2,+21.2,JB	+7.04,-4.7,+19.7,@B	+2.36,+263.4,+20.5,JB	+6.98,-0.8,+19.6,NB	
1701729080.871258	+6.66,+9.6,+21.2,AB	+6.39,+29.8,+21.2,GA	+6.78,+9.1,+21.2,IB	+7.04,-4.8,+19.7,OB	+2.36,+263.4,+20.5,JB	+6.99,-0.9,+19.6,NB	
1701729142.881053	+6.66,+9.7,+21.2,@B	+6.39,+29.8,+21.2,GA	+6.78,+9.1,+21.2,IB	+7.04,-4.8,+19.7,OB	+2.36,+263.4,+20.5,JB	+6.99,-0.9,+19.6,NB	
1701729204.8875048	+6.66,+9.6,+21.2,AB	+6.39,+29.8,+21.2,GA	+6.78,+9.2,+21.2,JB	+7.04,-4.7,+19.7,@B	+2.36,+263.4,+20.5,JB	+6.99,-0.9,+19.6,NB	
1701729266.8952982	+6.66,+9.6,+21.2,AB	+6.39,+29.8,+21.2,GA	+6.78,+9.1,+21.2,IB	+7.04,-4.7,+19.7,@B	+2.36,+263.3,+20.5,MB	+6.98,-0.8,+19.6,NB	
1701729328.9026055	+6.66,+9.7,+21.2,@B	+6.39,+29.8,+21.2,GA	+6.78,+9.1,+21.2,IB	+7.04,-4.7,+19.7,@B	+2.36,+263.3,+20.5,MB	+6.98,-0.8,+19.6,NB	
1701729390.9116387	+6.66,+9.7,+21.2,@B	+6.39,+29.9,+21.2,FA	+6.78,+9.3,+21.2,KB	+7.04,-4.9,+19.6,OB	+2.36,+263.1,+20.5,OB	+6.98,-0.8,+19.6,NB	
1701729452.9219763	+6.65,+9.7,+21.1,@B	+6.39,+29.8,+21.2,GA	+6.78,+9.1,+21.2,IB	+7.04,-4.8,+19.7,OB	+2.36,+263.2,+20.5,LB	+6.98,-0.8,+19.6,NB	
1701729514.9312863	+6.65,+9.7,+21.2,CB	+6.39,+29.8,+21.2,GA	+6.78,+9.1,+21.2,IB	+7.04,-4.8,+19.7,OB	+2.36,+263.1,+20.5,OB	+6.99,-0.9,+19.6,NB	
1701729576.9390144	+6.66,+9.6,+21.2,AB	+6.39,+29.8,+21.2,GA	+6.78,+9.2,+21.2,JB	+7.04,-4.8,+19.7,OB	+2.36,+263.1,+20.5,OB	+6.98,-0.8,+19.6,NB	
1701729638.948337	+6.66,+9.7,+21.2,@B	+6.39,+29.7,+21.2,HA	+6.78,+9.1,+21.2,IB	+7.04,-4.7,+19.6,AB	+2.36,+263.2,+20.5,LB	+6.99,-0.9,+19.6,NB	
1701729700.9577653	+6.66,+9.7,+21.1,CB	+6.39,+29.7,+21.2,HA	+6.78,+9.2,+21.2,JB	+7.04,-4.8,+19.7,OB	+2.36,+263.2,+20.5,LB	+6.98,-0.8,+19.6,NB	
1701729762.9657917	+6.66,+9.6,+21.1,BB	+6.39,+29.8,+21.2,GA	+6.78,+9.2,+21.2,JB	+7.04,-4.8,+19.6,NB	+2.36,+263.2,+20.5,LB	+6.98,-0.8,+19.6,NB	
1701729824.9740937	+6.66,+9.6,+21.1,BB	+6.39,+29.7,+21.2,HA	+6.78,+9.2,+21.1,IB	+7.04,-4.8,+19.7,OB	+2.38,+262.3,+20.5,BB	+6.98,-0.8,+19.6,NB	
1701729886.9836488	+6.65,+9.7,+21.1,@B	+6.39,+29.7,+21.2,HA	+6.78,+9.2,+21.2,JB	+7.04,-4.8,+19.7,OB	+2.37,+262.4,+20.5,JB	+6.98,-0.8,+19.5,MB	
1701729948.9942844	+6.66,+9.5,+21.1,AB	+6.39,+29.8,+21.2,GA	+6.78,+9.1,+21.2,IB	+7.04,-4.7,+19.6,AB	+2.37,+262.4,+20.5,JB	+6.99,-0.9,+19.6,NB	
1701730011.0027015	+6.66,+9.5,+21.1,AB	+6.39,+29.6,+21.2,IA	+6.78,+9.2,+21.2,JB	+7.04,-4.7,+19.7,@B	+2.37,+262.5,+20.5,KB	+6.98,-0.8,+19.6,NB	
1701730073.0117686	+6.66,+9.5,+21.1,AB	+6.39,+29.7,+21.2,HA	+6.78,+9.2,+21.1,IB	+7.04,-4.7,+19.6,AB	+2.37,+262.6,+20.5,HB	+6.98,-0.8,+19.6,NB	
1701730135.0232146	+6.66,+9.5,+21.1,AB	+6.39,+29.8,+21.2,GA	+6.78,+9.1,+21.1,JB	+7.04,-4.7,+19.6,AB	+2.37,+262.7,+20.5,IB	+6.99,-0.9,+19.6,NB	
1701730197.030882	+6.66,+9.5,+21.1,AB	+6.39,+29.8,+21.2,GA	+6.78,+9.1,+21.1,JB	+7.04,-4.8,+19.6,NB	+2.37,+262.7,+20.5,IB	+6.99,-0.9,+19.5,MB	
1701730259.0378225	+6.66,+9.5,+21.1,AB	+6.39,+29.7,+21.2,HA	+6.78,+9.1,+21.1,JB	+7.04,-4.8,+19.6,NB	+2.37,+262.7,+20.5,IB	+6.98,-0.8,+19.6,NB	
1701730321.0449364	+6.66,+9.5,+21.1,AB	+6.39,+29.6,+21.2,IA	+6.78,+9.2,+21.1,IB	+7.04,-4.8,+19.6,NB	+2.37,+262.7,+20.4,HB	+6.99,-0.9,+19.6,NB	
1701730383.0549145	+6.66,+9.5,+21.1,AB	+6.39,+29.6,+21.2,IA	+6.78,+9.1,+21.2,IB	+7.04,-4.8,+19.6,NB	+2.37,+262.7,+20.5,IB	+6.99,-0.9,+19.6,NB	
1701730445.0634737	+6.66,+9.5,+21.1,AB	+6.39,+29.6,+21.2,IA	+6.78,+9.1,+21.2,IB	+7.04,-4.8,+19.6,NB	+2.37,+262.7,+20.5,IB	+6.99,-0.9,+19.6,NB	
1701730507.0713694	+6.66,+9.5,+21.1,AB	+6.39,+29.7,+21.2,HA	+6.78,+9.2,+21.1,IB	+7.04,-4.8,+19.6,NB	+2.37,+262.7,+20.5,IB	+6.99,-0.9,+19.6,NB	
1701730569.0836449	+6.66,+9.4,+21.1,@B	+6.39,+29.7,+21.2,HA	+6.78,+9.2,+21.2,JB	+7.04,-4.8,+19.6,NB	+2.37,+262.7,+20.5,IB	+6.99,-0.9,+19.6,NB	
1701730631.0938325	+6.66,+9.4,+21.1,@B	+6.39,+29.7,+21.2,HA	+6.78,+9.2,+21.1,IB	+7.04,-4.8,+19.6,NB	+2.37,+262.7,+20.5,IB	+6.98,-0.8,+19.6,NB	
1701730693.1040058	+6.66,+9.5,+21.1,AB	+6.39,+29.7,+21.2,HA	+6.78,+9.1,+21.2,IB	+7.04,-4.8,+19.7,OB	+2.37,+262.7,+20.4,HB	+6.98,-0.8,+19.6,NB	
1701730755.114472	+6.66,+9.4,+21.1,@B	+6.39,+29.8,+21.2,GA	+6.78,+9.0,+21.2,HB	+7.04,-4.8,+19.7,OB	+2.37,+262.7,+20.5,IB	+6.98,-0.8,+19.6,NB	
1701730817.1233673	+6.66,+9.4,+21.1,@B	+6.39,+29.8,+21.2,GA	+6.78,+9.3,+21.2,KB	+7.04,-4.8,+19.7,OB	+2.37,+262.9,+20.5,GB	+6.98,-0.8,+19.6,NB	
1701730879.131596	+6.66,+9.5,+21.1,AB	+6.39,+29.8,+21.2,GA	+6.78,+9.1,+21.2,IB	+7.04,-4.8,+19.7,OB	+2.37,+262.9,+20.5,GB	+6.98,-0.8,+19.6,NB	
1701730941.1387455	+6.66,+9.5,+21.2,BB	+6.39,+29.9,+21.2,FA	+6.78,+9.1,+21.2,IB	+7.04,-4.8,+19.7,OB	+2.36,+263.0,+20.5,NB	+6.99,-0.9,+19.6,NB	
1701731003.1482913	+6.66,+9.4,+21.1,@B	+6.39,+29.8,+21.2,GA	+6.78,+9.1,+21.2,IB	+7.04,-4.8,+19.7,OB	+2.36,+263.1,+20.4,NB	+6.99,-0.9,+19.6,NB	
1701731065.1576147	+6.66,+9.5,+21.1,AB	+6.39,+29.7,+21.2,HA	+6.78,+9.0,+21.2,HB	+7.04,-4.7,+19.7,@B	+2.36,+263.1,+20.5,OB	+6.98,-0.8,+19.6,NB	
1701731127.1656768	+6.66,+9.4,+21.1,@B	+6.39,+29.7,+21.2,HA	+6.78,+9.1,+21.2,IB	+7.04,-4.8,+19.7,OB	+2.36,+263.2,+20.5,LB	+6.98,-0.8,+19.6,NB	
1701731189.1719496	+6.66,+9.5,+21.2,BB	+6.39,+29.8,+21.2,GA	+6.78,+9.2,+21.2,JB	+7.04,-4.8,+19.7,OB	+2.36,+263.1,+20.5,OB	+6.99,-0.9,+19.6,NB	
1701731251.178844	+6.66,+9.5,+21.1,AB	+6.39,+29.8,+21.2,GA	+6.78,+9.1,+21.2,IB	+7.04,-4.8,+19.7,OB	+2.36,+263.3,+20.5,MB	+6.99,-0.9,+19.6,NB	
1701731496.7386644	+6.66,+9.5,+21.1,AB	+6.39,+29.8,+21.2,GA	+6.78,+9.2,+21.2,JB	+7.04,-4.8,+19.7,OB	+2.36,+263.3,+20.5,MB	+6.98,-0.8,+19.6,NB	
1701731558.745309	+6.66,+9.4,+21.1,@B	+6.39,+29.7,+21.2,HA	+6.78,+9.0,+21.2,HB	+7.04,-4.8,+19.7,OB	+2.35,+263.8,+20.5,EB	+6.99,-0.9,+19.6,NB	
1701731620.7549272	+6.66,+9.5,+21.2,BB	+6.39,+29.7,+21.2,HA	+6.78,+9.1,+21.2,IB	+7.04,-4.7,+19.7,@B	+2.35,+263.9,+20.5,DB	+6.99,-0.9,+19.6,NB	
1701731682.7644694	+6.66,+9.5,+21.1,AB	+6.39,+29.7,+21.2,HA	+6.78,+9.1,+21.2,IB	+7.04,-4.8,+19.7,OB	+2.35,+263.9,+20.4,EB	+6.99,-0.9,+19.6,NB	
1701731744.7741678	+6.66,+9.5,+21.2,BB	+6.39,+29.7,+21.2,HA	+6.78,+9.2,+21.2,JB	+7.04,-4.8,+19.7,OB	+2.35,+264.0,+20.4,KB	+6.99,-0.9,+19.6,NB	
1701731806.7839792	+6.66,+9.5,+21.1,AB	+6.39,+29.7,+21.2,HA	+6.78,+9.2,+21.2,JB	+7.04,-4.7,+19.7,@B	+2.35,+263.5,+20.4,IB	+6.99,-0.9,+19.6,NB	
1701731868.7936814	+6.66,+9.6,+21.1,BB	+6.39,+29.6,+21.2,IA	+6.78,+9.2,+21.2,JB	+7.04,-4.8,+19.7,OB	+2.35,+263.7,+20.5,JB	+6.99,-0.9,+19.6,NB	
1701731930.7999635	+6.66,+9.5,+21.2,BB	+6.39,+29.7,+21.2,HA	+6.78,+9.1,+21.2,IB	+7.04,-4.8,+19.7,OB	+2.35,+263.8,+20.4,DB	+6.98,-0.8,+19.6,NB	
1701731992.807226	+6.66,+9.5,+21.1,AB	+6.39,+29.6,+21.2,IA	+6.78,+9.1,+21.2,IB	+7.04,-4.8,+19.7,OB	+2.35,+263.8,+20.5,EB	+6.98,-0.8,+19.6,NB	
1701732054.8170164	+6.66,+9.6,+21.1,BB	+6.39,+29.6,+21.2,IA	+6.78,+9.2,+21.2,JB	+7.04,-4.8,+19.7,OB	+2.35,+264.0,+20.5,JB	+6.99,-0.9,+19.6,NB	
1701732116.8253937	+6.66,+9.6,+21.1,BB	+6.39,+29.6,+21.2,IA	+6.78,+9.1,+21.2,IB	+7.04,-4.8,+19.7,OB	+2.35,+263.8,+20.5,EB	+6.99,-0.9,+19.6,NB	
1701732178.833823	+6.66,+9.6,+21.2,AB	+6.39,+29.6,+21.2,IA	+6.78,+9.1,+21.2,IB	+7.04,-4.8,+19.7,OB	+2.35,+263.8,+20.5,EB	+6.98,-0.8,+19.6,NB	
1701732240.8446882	+6.66,+9.5,+21.1,AB	+6.39,+29.6,+21.2,IA	+6.78,+9.2,+21.2,JB	+7.04,-4.9,+19.7,NB	+2.35,+263.7,+20.5,JB	+6.99,-0.9,+19.6,NB	
1701732302.8536568	+6.66,+9.5,+21.1,AB	+6.39,+29.6,+21.2,IA	+6.78,+9.1,+21.2,IB	+7.04,-4.8,+19.6,NB	+2.36,+263.2,+20.5,LB	+6.99,-0.9,+19.6,NB	
1701732364.862616	+6.66,+9.6,+21.1,BB	+6.39,+29.6,+21.2,IA	+6.78,+9.2,+21.2,JB	+7.04,-4.8,+19.7,OB	+2.36,+263.2,+20.5,LB	+6.99,-0.9,+19.6,NB	
1701732426.869856	+6.66,+9.5,+21.1,AB	+6.39,+29.6,+21.2,IA	+6.78,+9.0,+21.1,KB	+7.04,-4.8,+19.6,NB	+2.36,+263.5,+20.5,KB	+6.99,-0.9,+19.6,NB	
1701732488.8783526	+6.66,+9.6,+21.1,BB	+6.39,+29.7,+21.2,HA	+6.78,+9.1,+21.2,IB	+7.04,-4.8,+19.6,NB	+2.36,+263.5,+20.5,KB	+6.98,-0.8,+19.6,NB	
1701732550.8865905	+6.66,+9.5,+21.1,AB	+6.39,+29.7,+21.2,HA	+6.78,+9.1,+21.2,IB	+7.04,-4.9,+19.6,OB	+2.36,+263.5,+20.5,KB	+6.99,-0.9,+19.6,NB	
1701732612.8940716	+6.66,+9.5,+21.1,AB	+6.39,+29.6,+21.2,IA	+6.78,+9.0,+21.1,KB	+7.04,-4.8,+19.6,NB	+2.36,+263.4,+20.5,JB	+6.99,-0.9,+19.6,NB	
1701732674.9016738	+6.66,+9.5,+21.1,AB	+6.39,+29.8,+21.2,GA	+6.78,+9.1,+21.1,JB	+7.04,-4.9,+19.6,OB	+2.36,+263.4,+20.4,KB	+6.98,-0.8,+19.6,NB	
1701732736.9110746	+6.66,+9.6,+21.1,BB	+6.39,+29.7,+21.2,HA	+6.78,+9.1,+21.2,IB	+7.04,-4.8,+19.7,OB	+2.36,+263.4,+20.4,KB	+6.99,-0.9,+19.6,NB	
1701732798.9209733	+6.66,+9.6,+21.2,AB	+6.39,+29.6,+21.2,IA	+6.78,+9.1,+21.2,IB	+7.04,-4.8,+19.6,NB	+2.36,+263.4,+20.4,KB	+6.99,-0.9,+19.6,NB	
1701732860.928026	+6.66,+9.6,+21.1,BB	+6.39,+29.7,+21.2,HA	+6.78,+9.2,+21.1,IB	+7.04,-4.7,+19.6,AB	+2.35,+263.5,+20.5,HB	+6.99,-0.9,+19.6,NB	
1701732922.9368536	+6.66,+9.5,+21.1,AB	+6.39,+29.7,+21.2,HA	+6.78,+9.1,+21.1,JB	+7.04,-4.9,+19.7,NB	+2.35,+263.7,+20.5,JB	+6.98,-0.8,+19.6,NB	
1701732984.9462843	+6.66,+9.6,+21.1,BB	+6.39,+29.7,+21.2,HA	+6.78,+9.1,+21.2,IB	+7.04,-4.8,+19.6,NB	+2.35,+263.8,+20.5,EB	+6.99,-0.9,+19.6,NB	
1701733046.9560053	+6.66,+9.6,+21.1,BB	+6.39,+29.6,+21.2,IA	+6.78,+9.1,+21.1,JB	+7.04,-4.8,+19.6,NB	+2.36,+263.3,+20.5,MB	+6.98,-0.8,+19.6,NB	
1701733108.9655926	+6.66,+9.6,+21.1,BB	+6.39,+29.7,+21.2,HA	+6.78,+9.1,+21.2,IB	+7.04,-4.8,+19.6,NB	+2.35,+263.6,+20.5,KB	+6.99,-0.9,+19.6,NB	
1701733170.9748158	+6.66,+9.6,+21.1,BB	+6.39,+29.6,+21.2,IA	+6.78,+9.0,+21.2,HB	+7.04,-4.8,+19.6,NB	+2.35,+263.7,+20.4,KB	+6.98,-0.8,+19.6,NB	
1701733232.9851162	+6.66,+9.6,+21.1,BB	+6.39,+29.7,+21.2,HA	+6.78,+9.1,+21.1,JB	+7.04,-4.8,+19.6,NB	+2.35,+263.7,+20.5,JB	+6.99,-0.9,+19.6,NB	
1701733294.994763	+6.66,+9.6,+21.1,BB	+6.39,+29.6,+21.2,IA	+6.78,+9.0,+21.2,HB	+7.04,-4.8,+19.6,NB	+2.35,+263.7,+20.4,KB	+6.99,-0.9,+19.6,NB	
1701733357.003024	+6.66,+9.6,+21.1,BB	+6.39,+29.7,+21.2,HA	+6.78,+9.0,+21.2,HB	+7.04,-4.8,+19.6,NB	+2.35,+263.9,+20.5,DB	+6.98,-0.8,+19.6,NB	
1701733419.0120869	+6.66,+9.6,+21.1,BB	+6.39,+29.6,+21.2,IA	+6.78,+9.1,+21.2,IB	+7.04,-4.8,+19.6,NB	+2.36,+263.5,+20.5,KB	+6.99,-0.9,+19.6,NB	
1701733481.0209525	+6.66,+9.6,+21.2,AB	+6.39,+29.7,+21.2,HA	+6.78,+9.0,+21.2,HB	+7.04,-4.8,+19.7,OB	+2.35,+263.6,+20.4,JB	+6.98,-0.8,+19.6,NB	
1701733543.0302687	+6.66,+9.6,+21.1,BB	+6.39,+29.7,+21.2,HA	+6.78,+9.0,+21.2,HB	+7.04,-4.8,+19.6,NB	+2.36,+263.5,+20.4,JB	+6.99,-0.9,+19.6,NB	
1701733605.0377324	+6.66,+9.6,+21.1,BB	+6.39,+29.6,+21.2,IA	+6.78,+8.9,+21.2,@B	+7.04,-4.9,+19.6,OB	+2.36,+263.5,+20.4,JB	+6.99,-0.9,+19.6,NB	
1701733667.0471084	+6.66,+9.6,+21.1,BB	+6.39,+29.8,+21.2,GA	+6.78,+9.1,+21.2,IB	+7.04,-4.9,+19.6,OB	+2.35,+263.6,+20.4,JB	+6.99,-0.9,+19.6,NB	
1701733729.0562444	+6.66,+9.6,+21.1,BB	+6.39,+29.7,+21.2,HA	+6.78,+9.1,+21.1,JB	+7.04,-4.9,+19.6,OB	+2.35,+263.6,+20.5,KB	+6.99,-0.9,+19.6,NB	
1701733791.0627878	+6.66,+9.6,+21.1,BB	+6.40,+29.5,+21.2,DA	+6.78,+9.1,+21.2,IB	+7.04,-4.9,+19.6,OB	+2.35,+263.7,+20.5,JB	+6.99,-0.9,+19.6,NB	
1701733853.070531	+6.66,+9.7,+21.1,CB	+6.40,+29.5,+21.2,DA	+6.78,+9.0,+21.2,HB	+7.04,-4.8,+19.7,OB	+2.35,+263.9,+20.4,EB	+6.99,-0.9,+19.6,NB	
1701733915.0786104	+6.66,+9.6,+21.1,BB	+6.39,+29.6,+21.2,IA	+6.78,+9.0,+21.2,HB	+7.04,-4.9,+19.7,NB	+2.35,+263.6,+20.4,JB	+6.99,-0.9,+19.6,NB	
1701733977.0854473	+6.66,+9.6,+21.1,BB	+6.39,+29.5,+21.2,JA	+6.78,+9.2,+21.2,JB	+7.04,-4.8,+19.7,OB	+2.35,+263.7,+20.4,KB	+6.99,-0.9,+19.6,NB	
1701734039.0942154	+6.66,+9.6,+21.1,BB	+6.40,+29.5,+21.2,DA	+6.78,+9.0,+21.2,HB	+7.04,-4.8,+19.7,OB	+2.35,+263.7,+20.4,KB	+6.99,-0.9,+19.6,NB	
1701734101.1024272	+6.66,+9.6,+21.1,BB	+6.39,+29.5,+21.2,JA	+6.78,+9.1,+21.2,IB	+7.04,-4.8,+19.7,OB	+2.35,+263.7,+20.4,KB	+6.99,-0.9,+19.6,NB	
1701734163.1160274	+6.66,+9.6,+21.1,BB	+6.39,+29.6,+21.2,IA	+6.78,+9.1,+21.2,IB	+7.04,-4.9,+19.6,OB	+2.36,+263.0,+20.5,NB	+6.99,-0.9,+19.6,NB	
1701734225.122278	+6.66,+9.6,+21.1,BB	+6.39,+29.7,+21.2,HA	+6.78,+9.0,+21.1,KB	+7.04,-4.9,+19.6,OB	+2.36,+263.1,+20.4,NB	+6.99,-0.9,+19.6,NB	
1701734287.1279702	+6.66,+9.6,+21.1,BB	+6.39,+29.8,+21.2,GA	+6.78,+9.0,+21.1,KB	+7.04,-4.9,+19.6,OB	+2.36,+263.2,+20.5,LB	+6.99,-0.9,+19.6,NB	
1701734349.1341965	+6.66,+9.6,+21.1,BB	+6.39,+29.6,+21.2,IA	+6.78,+9.1,+21.2,IB	+7.04,-4.9,+19.6,OB	+2.36,+263.2,+20.4,MB	+6.98,-0.8,+19.6,NB	
1701734411.1433225	+6.66,+9.6,+21.1,BB	+6.39,+29.8,+21.2,GA	+6.78,+9.0,+21.2,HB	+7.04,-4.9,+19.6,OB	+2.36,+263.2,+20.4,MB	+6.99,-0.9,+19.6,NB	
1701734473.1532025	+6.66,+9.6,+21.1,BB	+6.39,+29.6,+21.2,IA	+6.78,+9.1,+21.1,JB	+7.04,-4.8,+19.7,OB	+2.36,+263.2,+20.5,LB	+6.99,-0.9,+19.6,NB	
1701734535.1635404	+6.66,+9.6,+21.1,BB	+6.39,+29.7,+21.2,HA	+6.78,+9.0,+21.1,KB	+7.04,-4.8,+19.6,NB	+2.36,+263.3,+20.5,MB	+6.99,-0.9,+19.6,NB	
1701734597.1731439	+6.66,+9.6,+21.1,BB	+6.39,+29.8,+21.2,GA	+6.78,+9.0,+21.2,HB	+7.04,-4.8,+19.7,OB	+2.36,+263.3,+20.4,LB	+6.98,-0.8,+19.6,NB	
1701734659.179615	+6.66,+9.6,+21.1,BB	+6.39,+29.8,+21.2,GA	+6.78,+9.0,+21.1,KB	+7.04,-4.8,+19.6,NB	+2.36,+263.4,+20.4,KB	+6.99,-0.9,+19.6,NB	
1701734721.1889992	+6.66,+9.6,+21.1,BB	+6.39,+29.8,+21.2,GA	+6.78,+8.9,+21.1,CB	+7.04,-4.8,+19.6,NB	+2.36,+263.4,+20.4,KB	+6.99,-0.9,+19.6,NB	
1701734783.1950026	+6.66,+9.7,+21.1,CB	+6.39,+29.8,+21.2,GA	+6.78,+9.1,+21.2,IB	+7.04,-4.9,+19.6,OB	+2.36,+263.5,+20.4,JB	+6.99,-0.9,+19.6,NB	
1701734845.2046869	+6.66,+9.4,+21.1,@B	+6.39,+29.8,+21.2,GA	+6.78,+8.9,+21.1,CB	+7.04,-4.8,+19.6,NB	+2.36,+263.5,+20.4,JB	+6.98,-0.8,+19.6,NB	
1701734907.214201	+6.66,+9.5,+21.2,BB	+6.39,+29.8,+21.2,GA	+6.78,+9.1,+21.2,IB	+7.04,-4.9,+19.7,NB	+2.36,+263.0,+20.4,OB	+6.99,-0.9,+19.6,NB	
1701734969.2230265	+6.66,+9.5,+21.1,AB	+6.39,+29.8,+21.2,GA	+6.78,+8.9,+21.2,@B	+7.04,-4.8,+19.6,NB	+2.37,+262.9,+20.5,GB	+6.99,-0.9,+19.6,NB	
1701735031.233183	+6.66,+9.4,+21.1,@B	+6.39,+29.8,+21.2,GA	+6.78,+8.9,+21.2,@B	+7.04,-4.8,+19.7,OB	+2.37,+262.8,+20.4,GB	+6.99,-0.9,+19.6,NB	
1701735093.242843	+6.66,+9.4,+21.2,CB	+6.39,+29.9,+21.2,FA	+6.78,+9.1,+21.2,IB	+7.04,-4.9,+19.7,NB	+2.36,+263.1,+20.5,OB	+6.99,-0.9,+19.6,NB	
1701735338.8158705	+6.66,+9.4,+21.2,CB	+6.39,+29.7,+21.2,HA	+6.78,+9.1,+21.2,IB	+7.04,-4.9,+19.7,NB	+2.37,+262.6,+20.5,HB	+6.99,-0.9,+19.6,NB	
1701735400.8241777	+6.66,+9.4,+21.1,@B	+6.39,+29.8,+21.2,GA	+6.78,+9.1,+21.2,IB	+7.04,-4.9,+19.7,NB	+2.36,+263.0,+20.4,OB	+6.99,-0.9,+19.6,NB	
1701735462.8334434	+6.66,+9.4,+21.2,CB	+6.39,+29.9,+21.2,FA	+6.78,+9.1,+21.2,IB	+7.04,-4.9,+19.7,NB	+2.36,+263.0,+20.4,OB	+6.99,-0.9,+19.7,OB	
1701735524.8403294	+6.66,+9.4,+21.2,CB	+6.39,+29.9,+21.2,FA	+6.78,+9.0,+21.2,HB	+7.04,-5.0,+19.7,FB	+2.36,+263.0,+20.5,NB	+6.99,-0.9,+19.6,NB	
1701735586.8487368	+6.66,+9.4,+21.2,CB	+6.39,+29.8,+21.2,GA	+6.78,+9.1,+21.2,IB	+7.04,-4.9,+19.7,NB	+2.36,+263.0,+20.4,OB	+6.99,-0.9,+19.6,NB	
1701735648.858818	+6.66,+9.4,+21.2,CB	+6.39,+29.9,+21.2,FA	+6.78,+9.0,+21.2,HB	+7.04,-5.0,+19.7,FB	+2.36,+263.0,+20.5,NB	+6.99,-0.9,+19.7,OB	
1701735710.8682506	+6.66,+9.4,+21.1,@B	+6.38,+30.2,+21.2,DA	+6.78,+9.0,+21.2,HB	+7.04,-4.9,+19.7,NB	+2.37,+262.9,+20.5,GB	+6.99,-0.9,+19.6,NB	
1701735772.8770247	+6.66,+9.4,+21.2,CB	+6.38,+30.1,+21.2,GA	+6.78,+9.1,+21.2,IB	+7.04,-4.9,+19.7,NB	+2.36,+263.0,+20.4,OB	+6.99,-0.9,+19.7,OB	
1701735834.886539	+6.66,+9.4,+21.2,CB	+6.39,+30.1,+21.2,FA	+6.78,+9.2,+21.2,JB	+7.04,-4.9,+19.7,NB	+2.36,+263.0,+20.4,OB	+6.99,-0.9,+19.6,NB	
1701735896.8969052	+6.66,+9.4,+21.2,CB	+6.39,+29.9,+21.2,FA	+6.78,+8.9,+21.2,@B	+7.04,-5.0,+19.7,FB	+2.36,+263.0,+20.5,NB	+6.99,-0.9,+19.6,NB	
1701735958.9071438	+6.66,+9.4,+21.2,CB	+6.40,+29.5,+21.2,DA	+6.78,+9.0,+21.2,HB	+7.04,-4.9,+19.7,NB	+2.36,+263.3,+20.4,LB	+6.99,-0.9,+19.6,NB	
1701736020.9161472	+6.66,+9.4,+21.2,CB	+6.39,+29.6,+21.2,IA	+6.78,+8.9,+21.2,@B	+7.04,-4.9,+19.7,NB	+2.36,+263.2,+20.5,LB	+6.99,-0.9,+19.6,NB	
1701736082.926532	+6.66,+9.4,+21.1,@B	+6.39,+29.7,+21.2,HA	+6.78,+9.0,+21.2,HB	+7.04,-4.9,+19.7,NB	+2.36,+263.2,+20.5,LB	+6.99,-0.9,+19.6,NB	
1701736144.9348853	+6.66,+9.4,+21.2,CB	+6.39,+29.7,+21.2,HA	+6.78,+8.9,+21.2,@B	+7.04,-4.9,+19.7,NB	+2.36,+263.3,+20.5,MB	+6.99,-0.9,+19.6,NB	
1701736206.941507	+6.66,+9.4,+21.2,CB	+6.39,+29.7,+21.2,HA	+6.78,+9.0,+21.2,HB	+7.04,-5.0,+19.7,FB	+2.36,+263.3,+20.4,LB	+6.99,-0.9,+19.6,NB	
1701736268.946452	+6.66,+9.4,+21.2,CB	+6.39,+29.7,+21.2,HA	+6.78,+9.0,+21.2,HB	+7.04,-4.9,+19.7,NB	+2.36,+263.4,+20.4,KB	+6.99,-0.9,+19.7,OB	
1701736330.9545093	+6.66,+9.4,+21.1,@B	+6.39,+29.8,+21.2,GA	+6.78,+9.1,+21.2,IB	+7.04,-5.0,+19.7,FB	+2.36,+263.4,+20.5,JB	+6.99,-0.9,+19.6,NB	
1701736392.9626565	+6.66,+9.5,+21.2,BB	+6.39,+29.7,+21.2,HA	+6.78,+9.0,+21.2,HB	+7.04,-4.9,+19.7,NB	+2.36,+263.4,+20.5,JB	+6.99,-0.9,+19.7,OB	
1701736454.973143	+6.66,+9.4,+21.2,CB	+6.39,+29.8,+21.2,GA	+6.78,+9.0,+21.2,HB	+7.04,-4.8,+19.7,OB	+2.36,+263.3,+20.4,LB	+6.99,-0.9,+19.6,NB	
1701736516.9821174	+6.66,+9.4,+21.2,CB	+6.39,+29.8,+21.3,FA	+6.78,+9.0,+21.2,HB	+7.04,-4.9,+19.7,NB	+2.36,+263.4,+20.4,KB	+6.99,-0.9,+19.7,OB	
1701736578.9901242	+6.66,+9.4,+21.2,CB	+6.39,+29.8,+21.2,GA	+6.78,+9.0,+21.2,HB	+7.04,-5.0,+19.7,FB	+2.36,+263.3,+20.4,LB	+6.99,-0.9,+19.7,OB	
1701736641.0022933	+6.66,+9.4,+21.2,CB	+6.39,+29.8,+21.3,FA	+6.78,+8.9,+21.2,@B	+7.04,-5.0,+19.7,FB	+2.36,+263.3,+20.5,MB	+6.99,-0.9,+19.7,OB	
1701736703.0100555	+6.66,+9.4,+21.2,CB	+6.39,+29.8,+21.3,FA	+6.78,+9.0,+21.3,IB	+7.04,-5.0,+19.7,FB	+2.36,+263.4,+20.5,JB	+6.99,-0.9,+19.7,OB	
1701736765.0187747	+6.66,+9.4,+21.2,CB	+6.39,+29.8,+21.2,GA	+6.78,+9.0,+21.2,HB	+7.04,-4.9,+19.7,NB	+2.36,+263.3,+20.4,LB	+6.99,-0.9,+19.7,OB	
1701736827.0256739	+6.66,+9.5,+21.2,BB	+6.39,+29.8,+21.3,FA	+6.78,+8.9,+21.2,@B	+7.04,-5.0,+19.7,FB	+2.36,+263.3,+20.5,MB	+6.99,-0.9,+19.7,OB	
1701736889.0337367	+6.66,+9.5,+21.2,BB	+6.39,+30.0,+21.3,FA	+6.78,+8.9,+21.2,@B	+7.04,-4.9,+19.7,NB	+2.36,+263.3,+20.5,MB	+6.99,-0.9,+19.7,OB	
1701736951.040012	+6.66,+9.5,+21.2,BB	+6.39,+29.8,+21.3,FA	+6.78,+9.0,+21.2,HB	+7.04,-4.9,+19.7,NB	+2.36,+263.4,+20.5,JB	+6.99,-0.9,+19.7,OB	
1701737013.0475845	+6.66,+9.5,+21.2,BB	+6.39,+29.8,+21.3,FA	+6.78,+9.0,+21.3,IB	+7.04,-5.0,+19.7,FB	+2.36,+263.3,+20.5,MB	+6.99,-0.9,+19.7,OB	
1701737075.0556428	+6.66,+9.5,+21.2,BB	+6.39,+29.9,+21.3,GA	+6.78,+8.9,+21.2,@B	+7.04,-5.0,+19.7,FB	+2.36,+263.3,+20.5,MB	+6.99,-0.9,+19.7,OB	
1701737137.0635417	+6.66,+9.5,+21.2,BB	+6.39,+29.8,+21.3,FA	+6.78,+9.1,+21.2,IB	+7.04,-4.9,+19.7,NB	+2.36,+263.3,+20.5,MB	+6.99,-0.9,+19.7,OB	
1701737199.071946	+6.66,+9.5,+21.2,BB	+6.39,+29.8,+21.3,FA	+6.78,+9.1,+21.2,IB	+7.04,-5.0,+19.7,FB	+2.37,+262.7,+20.5,IB	+6.99,-0.9,+19.7,OB	
1701737261.078813	+6.66,+9.5,+21.2,BB	+6.39,+29.8,+21.3,FA	+6.78,+9.0,+21.2,HB	+7.04,-4.9,+19.7,NB	+2.37,+262.7,+20.5,IB	+6.99,-0.9,+19.7,OB	
1701737323.08716	+6.66,+9.5,+21.2,BB	+6.39,+30.0,+21.3,FA	+6.78,+9.1,+21.2,IB	+7.04,-5.0,+19.7,FB	+2.37,+262.8,+20.5,FB	+6.99,-0.9,+19.7,OB	
1701737385.0962584	+6.66,+9.5,+21.2,BB	+6.39,+29.9,+21.3,GA	+6.78,+8.9,+21.3,AB	+7.04,-5.0,+19.7,FB	+2.37,+262.8,+20.5,FB	+6.99,-1.0,+19.7,GB	
1701737447.106349	+6.66,+9.5,+21.2,BB	+6.39,+29.9,+21.3,GA	+6.78,+9.0,+21.2,HB	+7.04,-5.1,+19.7,GB	+2.37,+262.9,+20.5,GB	+6.99,-0.9,+19.7,OB	
1701737509.113947	+6.66,+9.6,+21.2,AB	+6.39,+29.8,+21.3,FA	+6.78,+8.9,+21.2,@B	+7.04,-5.0,+19.7,FB	+2.37,+262.7,+20.5,IB	+6.99,-0.9,+19.7,OB	
1701737571.1203113	+6.66,+9.5,+21.2,BB	+6.39,+30.0,+21.3,FA	+6.78,+9.0,+21.2,HB	+7.04,-5.0,+19.7,FB	+2.37,+262.8,+20.5,FB	+6.99,-0.9,+19.7,OB	
1701737633.1294305	+6.66,+9.5,+21.2,BB	+6.39,+30.0,+21.3,FA	+6.78,+9.0,+21.2,HB	+7.04,-5.0,+19.7,FB	+2.37,+262.7,+20.5,IB	+6.99,-0.9,+19.7,OB	
1701737695.138102	+6.66,+9.5,+21.2,BB	+6.39,+30.0,+21.3,FA	+6.78,+9.0,+21.2,HB	+7.04,-5.1,+19.7,GB	+2.37,+262.8,+20.5,FB	+6.99,-0.9,+19.7,OB	
1701737757.1478558	+6.66,+9.6,+21.2,AB	+6.39,+29.9,+21.3,GA	+6.78,+8.9,+21.2,@B	+7.04,-5.0,+19.7,FB	+2.37,+262.8,+20.5,FB	+6.99,-0.9,+19.7,OB	
1701737819.1544766	+6.66,+9.5,+21.2,BB	+6.39,+30.0,+21.3,FA	+6.78,+9.0,+21.2,HB	+7.04,-5.0,+19.7,FB	+2.37,+262.8,+20.5,FB	+6.99,-0.9,+19.7,OB	
1701737881.1648571	+6.66,+9.6,+21.2,AB	+6.39,+30.0,+21.3,FA	+6.78,+8.8,+21.2,AB	+7.04,-5.0,+19.7,FB	+2.37,+262.9,+20.5,GB	+6.99,-0.9,+19.7,OB	
1701737943.1754346	+6.66,+9.5,+21.2,BB	+6.39,+30.0,+21.2,GA	+6.78,+8.9,+21.2,@B	+7.04,-5.0,+19.7,FB	+2.37,+262.8,+20.5,FB	+6.99,-0.9,+19.7,OB	
1701738005.1803298	+6.66,+9.6,+21.2,AB	+6.39,+30.0,+21.3,FA	+6.79,+8.8,+21.3,AB	+7.04,-5.0,+19.7,FB	+2.37,+262.9,+20.5,GB	+6.99,-0.9,+19.7,OB	
1701738067.189187	+6.66,+9.6,+21.2,AB	+6.38,+30.1,+21.3,FA	+6.78,+8.9,+21.2,@B	+7.04,-5.0,+19.7,FB	+2.37,+262.9,+20.5,GB	+6.99,-0.9,+19.7,OB	
1701738129.1987936	+6.66,+9.5,+21.2,BB	+6.38,+30.1,+21.3,FA	+6.78,+9.0,+21.3,IB	+7.04,-5.0,+19.7,FB	+2.37,+262.9,+20.4,FB	+6.99,-0.9,+19.7,OB	
1701738191.208738	+6.66,+9.5,+21.2,BB	+6.38,+30.1,+21.3,FA	+6.78,+8.8,+21.3,@B	+7.04,-5.0,+19.7,FB	+2.37,+263.0,+20.5,OB	+6.99,-0.9,+19.7,OB	
1701738253.2188885	+6.66,+9.6,+21.2,AB	+6.38,+30.2,+21.3,EA	+6.78,+8.8,+21.2,AB	+7.04,-5.0,+19.7,FB	+2.37,+262.9,+20.5,GB	+6.99,-0.9,+19.7,OB	
1701738315.2290719	+6.66,+9.6,+21.2,AB	+6.38,+30.2,+21.3,EA	+6.78,+8.9,+21.3,AB	+7.04,-5.0,+19.7,FB	+2.37,+262.9,+20.5,GB	+6.99,-0.9,+19.7,OB	
1701738377.237813	+6.66,+9.6,+21.2,AB	+6.38,+30.2,+21.3,EA	+6.78,+8.8,+21.3,@B	+7.04,-5.1,+19.7,GB	+2.37,+263.0,+20.5,OB	+6.99,-0.9,+19.7,OB	
1701738439.2444642	+6.66,+9.6,+21.2,AB	+6.38,+30.3,+21.3,DA	+6.78,+8.8,+21.3,@B	+7.04,-5.0,+19.7,FB	+2.36,+263.0,+20.5,NB	+6.99,-0.9,+19.7,OB	
1701738501.2542994	+6.66,+9.6,+21.2,AB	+6.38,+30.2,+21.3,EA	+6.78,+9.0,+21.3,IB	+7.04,-5.0,+19.8,IB	+2.38,+262.1,+20.5,@B	+6.99,-0.9,+19.7,OB	
1701738563.2606966	+6.66,+9.6,+21.2,AB	+6.38,+30.2,+21.3,EA	+6.78,+9.0,+21.3,IB	+7.04,-5.0,+19.8,IB	+2.38,+261.9,+20.5,KB	+6.99,-0.9,+19.7,OB	
1701738625.2689867	+6.66,+9.6,+21.2,AB	+6.38,+30.2,+21.3,EA	+6.78,+8.9,+21.3,AB	+7.04,-5.0,+19.8,IB	+2.38,+261.9,+20.5,KB	+6.99,-0.9,+19.7,OB	
1701738687.2797477	+6.66,+9.7,+21.2,@B	+6.38,+30.3,+21.3,DA	+6.79,+8.8,+21.3,AB	+7.04,-5.0,+19.7,FB	+2.38,+262.0,+20.5,AB	+6.99,-0.9,+19.7,OB	
1701738749.2886503	+6.66,+9.5,+21.2,BB	+6.38,+30.3,+21.3,DA	+6.78,+9.0,+21.3,IB	+7.04,-5.0,+19.8,IB	+2.38,+262.1,+20.5,@B	+6.99,-0.9,+19.7,OB	
1701738811.299117	+6.66,+9.6,+21.2,AB	+6.38,+30.2,+21.3,EA	+6.79,+8.8,+21.3,AB	+7.04,-4.9,+19.7,NB	+2.38,+262.2,+20.5,CB	+6.99,-0.9,+19.7,OB	
1701738873.3091207	+6.66,+9.6,+21.2,AB	+6.38,+30.2,+21.3,EA	+6.78,+8.9,+21.2,@B	+7.04,-5.0,+19.8,IB	+2.38,+262.2,+20.5,CB	+6.99,-0.9,+19.7,OB	
1701738935.3192182	+6.66,+9.6,+21.2,AB	+6.38,+30.4,+21.3,CA	+6.78,+8.9,+21.3,AB	+7.04,-5.1,+19.8,HB	+2.38,+262.3,+20.5,BB	+6.99,-0.9,+19.8,@B	
1701739180.8739514	+6.66,+9.6,+21.3,@B	+6.38,+30.3,+21.3,DA	+6.78,+8.8,+21.3,@B	+7.04,-5.1,+19.8,HB	+2.38,+262.1,+20.5,@B	+6.98,-0.8,+19.7,OB	
1701739242.882659	+6.66,+9.6,+21.2,AB	+6.38,+30.2,+21.3,EA	+6.78,+8.8,+21.3,@B	+7.04,-5.0,+19.7,FB	+2.37,+262.4,+20.5,JB	+6.99,-0.9,+19.7,OB	
1701739304.8907642	+6.66,+9.6,+21.2,AB	+6.38,+30.3,+21.3,DA	+6.78,+8.9,+21.3,AB	+7.04,-5.0,+19.8,IB	+2.37,+262.5,+20.5,KB	+6.99,-0.9,+19.7,OB	
1701739366.8995426	+6.66,+9.6,+21.2,AB	+6.38,+30.3,+21.3,DA	+6.78,+8.9,+21.3,AB	+7.04,-5.0,+19.8,IB	+2.38,+262.2,+20.5,CB	+6.99,-0.9,+19.7,OB	
1701739428.9081774	+6.66,+9.7,+21.3,AB	+6.38,+30.4,+21.3,CA	+6.79,+8.8,+21.3,AB	+7.04,-5.1,+19.7,GB	+2.38,+262.4,+20.5,EB	+6.99,-0.9,+19.7,OB	
1701739490.9175987	+6.66,+9.6,+21.2,AB	+6.38,+30.3,+21.3,DA	+6.78,+8.9,+21.3,AB	+7.04,-5.0,+19.8,IB	+2.38,+262.4,+20.5,EB	+6.99,-0.9,+19.7,OB	
1701739552.92679	+6.66,+9.6,+21.3,@B	+6.38,+30.4,+21.3,CA	+6.78,+8.9,+21.3,AB	+7.04,-5.0,+19.8,IB	+2.37,+262.5,+20.5,KB	+6.99,-0.9,+19.7,OB	
1701739614.934494	+6.66,+9.6,+21.2,AB	+6.38,+30.4,+21.3,CA	+6.78,+8.9,+21.3,AB	+7.04,-5.1,+19.8,HB	+2.37,+262.6,+20.5,HB	+6.99,-0.9,+19.7,OB	
1701739676.943555	+6.66,+9.5,+21.2,BB	+6.38,+30.4,+21.3,CA	+6.78,+9.0,+21.3,IB	+7.04,-5.0,+19.8,IB	+2.38,+262.4,+20.5,EB	+6.99,-1.0,+19.8,HB	
1701739738.9529052	+6.66,+9.6,+21.2,AB	+6.38,+30.4,+21.3,CA	+6.78,+8.8,+21.3,@B	+7.04,-5.0,+19.8,IB	+2.37,+262.5,+20.5,KB	+6.99,-0.9,+19.8,@B	
1701739800.9598832	+6.66,+9.6,+21.3,@B	+6.38,+30.2,+21.3,EA	+6.78,+8.9,+21.3,AB	+7.04,-4.9,+19.8,AB	+2.37,+262.5,+20.5,KB	+6.99,-0.9,+19.8,@B	
1701739862.9699128	+6.66,+9.6,+21.3,@B	+6.38,+30.2,+21.3,EA	+6.78,+8.9,+21.3,AB	+7.04,-5.0,+19.8,IB	+2.37,+262.6,+20.5,HB	+6.99,-0.9,+19.8,@B	
1701739924.977385	+6.66,+9.6,+21.3,@B	+6.38,+30.1,+21.3,FA	+6.78,+8.9,+21.3,AB	+7.04,-5.1,+19.8,HB	+2.37,+262.7,+20.5,IB	+6.99,-0.9,+19.8,@B	
1701739986.9829907	+6.66,+9.4,+21.2,CB	+6.38,+30.1,+21.3,FA	+6.78,+8.8,+21.3,@B	+7.04,-5.1,+19.8,HB	+2.37,+262.5,+20.5,KB	+6.99,-0.9,+19.8,@B	
1701740048.9901474	+6.66,+9.4,+21.3,BB	+6.38,+30.2,+21.3,EA	+6.78,+8.9,+21.3,AB	+7.04,-5.1,+19.8,HB	+2.37,+262.6,+20.5,HB	+6.99,-0.9,+19.8,@B	
1701740110.9996507	+6.66,+9.4,+21.3,BB	+6.38,+30.2,+21.3,EA	+6.78,+8.9,+21.3,AB	+7.04,-5.0,+19.8,IB	+2.37,+262.8,+20.5,FB	+6.99,-0.9,+19.8,@B	
1701740173.0074198	+6.66,+9.4,+21.3,BB	+6.38,+30.4,+21.3,CA	+6.79,+8.8,+21.3,AB	+7.04,-5.0,+19.8,IB	+2.37,+262.8,+20.5,FB	+6.99,-0.9,+19.8,@B	
1701740235.0165474	+6.66,+9.4,+21.3,BB	+6.38,+30.4,+21.3,CA	+6.78,+8.9,+21.3,AB	+7.04,-5.1,+19.8,HB	+2.37,+262.8,+20.5,FB	+6.99,-0.9,+19.8,@B	
1701740297.0257945	+6.66,+9.4,+21.3,BB	+6.38,+30.5,+21.3,BA	+6.78,+8.9,+21.3,AB	+7.04,-5.1,+19.8,HB	+2.37,+262.6,+20.5,HB	+6.99,-0.9,+19.8,@B	
1701740359.0349033	+6.66,+9.4,+21.3,BB	+6.38,+30.3,+21.3,DA	+6.78,+8.8,+21.3,@B	+7.04,-5.1,+19.8,HB	+2.37,+262.6,+20.5,HB	+6.99,-0.9,+19.8,@B	
1701740421.045042	+6.66,+9.4,+21.2,CB	+6.38,+30.5,+21.3,BA	+6.78,+8.9,+21.3,AB	+7.04,-5.1,+19.8,HB	+2.37,+262.7,+20.5,IB	+6.99,-0.9,+19.8,@B	
1701740483.054234	+6.66,+9.4,+21.2,CB	+6.38,+30.3,+21.3,DA	+6.78,+8.9,+21.3,AB	+7.04,-5.0,+19.8,IB	+2.37,+262.7,+20.5,IB	+6.99,-0.9,+19.8,@B	
1701740545.0618246	+6.66,+9.4,+21.3,BB	+6.38,+30.5,+21.3,BA	+6.79,+8.8,+21.3,AB	+7.04,-5.1,+19.8,HB	+2.37,+262.9,+20.5,GB	+6.99,-0.9,+19.8,@B	
1701740607.0715425	+6.66,+9.4,+21.3,BB	+6.38,+30.4,+21.3,CA	+6.79,+8.8,+21.3,AB	+7.04,-5.1,+19.8,HB	+2.37,+262.7,+20.5,IB	+6.99,-0.9,+19.8,@B	
1701740669.0807803	+6.66,+9.4,+21.3,BB	+6.38,+30.3,+21.3,DA	+6.79,+8.8,+21.3,AB	+7.04,-5.1,+19.8,HB	+2.37,+263.0,+20.5,OB	+6.99,-0.9,+19.8,@B	
1701740731.090736	+6.66,+9.3,+21.3,EB	+6.38,+30.4,+21.3,CA	+6.79,+8.7,+21.3,NB	+7.04,-5.1,+19.8,HB	+2.36,+263.0,+20.5,NB	+6.99,-0.9,+19.8,@B	
1701740793.0987294	+6.66,+9.4,+21.3,BB	+6.38,+30.4,+21.3,CA	+6.78,+8.8,+21.3,@B	+7.04,-5.1,+19.8,HB	+2.37,+262.7,+20.5,IB	+6.99,-0.9,+19.8,@B	
1701740855.1087635	+6.66,+9.4,+21.3,BB	+6.38,+30.4,+21.3,CA	+6.79,+8.8,+21.3,AB	+7.04,-5.2,+19.8,KB	+2.37,+262.7,+20.5,IB	+6.99,-0.9,+19.8,@B	
1701740917.1186886	+6.66,+9.4,+21.3,BB	+6.38,+30.4,+21.3,CA	+6.79,+8.8,+21.3,AB	+7.04,-5.1,+19.8,HB	+2.37,+262.7,+20.5,IB	+6.99,-0.9,+19.8,@B	
1701740979.1273525	+6.66,+9.4,+21.3,BB	+6.38,+30.3,+21.4,CA	+6.78,+8.9,+21.3,AB	+7.04,-5.1,+19.8,HB	+2.37,+262.8,+20.5,FB	+6.99,-1.0,+19.8,HB	
1701741041.13744	+6.66,+9.4,+21.3,BB	+6.38,+30.3,+21.3,DA	+6.79,+8.7,+21.3,NB	+7.04,-5.1,+19.8,HB	+2.37,+262.8,+20.5,FB	+6.99,-0.9,+19.8,@B	
1701741103.1462317	+6.66,+9.4,+21.3,BB	+6.38,+30.2,+21.4,BA	+6.79,+8.7,+21.3,NB	+7.04,-5.1,+19.8,HB	+2.37,+262.9,+20.5,GB	+6.99,-0.9,+19.8,@B	
1701741165.1544294	+6.66,+9.3,+21.3,EB	+6.38,+30.3,+21.4,CA	+6.78,+8.8,+21.3,@B	+7.04,-5.2,+19.8,KB	+2.37,+262.8,+20.5,FB	+6.99,-0.9,+19.8,@B	
1701741227.1631021	+6.66,+9.4,+21.3,BB	+6.38,+30.3,+21.4,CA	+6.79,+8.8,+21.4,FB	+7.04,-5.1,+19.8,HB	+2.37,+262.9,+20.5,GB	+6.99,-0.9,+19.8,@B	
1701741289.1724923	+6.66,+9.4,+21.3,BB	+6.38,+30.2,+21.4,BA	+6.79,+8.8,+21.4,FB	+7.04,-5.1,+19.8,HB	+2.37,+262.8,+20.5,FB	+6.99,-1.0,+19.8,HB	
1701741351.1805258	+6.66,+9.4,+21.3,BB	+6.38,+30.3,+21.4,CA	+6.78,+8.9,+21.4,FB	+7.04,-5.1,+19.8,HB	+2.37,+262.9,+20.5,GB	+6.99,-0.9,+19.8,@B	
1701741413.1879444	+6.66,+9.4,+21.3,BB	+6.38,+30.3,+21.4,CA	+6.78,+8.9,+21.3,AB	+7.04,-5.2,+19.8,KB	+2.36,+263.1,+20.5,OB	+6.99,-0.9,+19.8,@B	
1701741475.196943	+6.66,+9.4,+21.3,BB	+6.38,+30.2,+21.4,BA	+6.79,+8.7,+21.3,NB	+7.04,-5.1,+19.8,HB	+2.36,+263.1,+20.5,OB	+6.99,-0.9,+19.8,@B	
1701741537.206841	+6.66,+9.4,+21.3,BB	+6.38,+30.3,+21.4,CA	+6.79,+8.7,+21.3,NB	+7.04,-5.1,+19.8,HB	+2.36,+263.2,+20.5,LB	+6.99,-0.9,+19.8,@B	
1701741599.2167773	+6.66,+9.4,+21.3,BB	+6.38,+30.4,+21.4,DA	+6.79,+8.7,+21.3,NB	+7.04,-5.2,+19.8,KB	+2.36,+263.2,+20.5,LB	+6.99,-0.9,+19.8,@B	
1701741661.226545	+6.66,+9.4,+21.3,BB	+6.38,+30.5,+21.4,EA	+6.79,+8.7,+21.3,NB	+7.04,-5.1,+19.8,HB	+2.36,+263.3,+20.5,MB	+6.99,-0.9,+19.8,@B	
1701741723.236212	+6.66,+9.4,+21.3,BB	+6.38,+30.5,+21.4,EA	+6.79,+8.7,+21.3,NB	+7.04,-5.1,+19.8,HB	+2.36,+263.2,+20.5,LB	+6.99,-0.9,+19.8,@B	
1701741785.2432535	+6.66,+9.3,+21.3,EB	+6.38,+30.3,+21.4,CA	+6.79,+8.8,+21.3,AB	+7.04,-5.0,+19.8,IB	+2.36,+263.1,+20.5,OB	+6.99,-0.9,+19.8,@B	
1701741847.2504044	+6.66,+9.4,+21.3,BB	+6.38,+30.4,+21.4,DA	+6.78,+8.8,+21.3,@B	+7.04,-5.1,+19.8,HB	+2.36,+263.2,+20.5,LB	+6.99,-0.9,+19.8,@B	
1701741909.2593288	+6.66,+9.4,+21.3,BB	+6.38,+30.3,+21.4,CA	+6.79,+8.7,+21.4,IB	+7.04,-5.1,+19.8,HB	+2.36,+263.1,+20.5,OB	+6.99,-0.9,+19.8,@B	
1701741971.2659705	+6.66,+9.4,+21.3,BB	+6.38,+30.5,+21.4,EA	+6.79,+8.6,+21.3,OB	+7.04,-5.2,+19.8,KB	+2.37,+263.0,+20.6,LB	+6.99,-0.9,+19.8,@B	
1701742033.2754683	+6.66,+9.4,+21.3,BB	+6.38,+30.5,+21.4,EA	+6.79,+8.6,+21.3,OB	+7.04,-5.2,+19.8,KB	+2.36,+263.2,+20.5,LB	+6.99,-0.9,+19.8,@B	
1701742095.2856214	+6.66,+9.4,+21.3,BB	+6.38,+30.5,+21.4,EA	+6.79,+8.7,+21.3,NB	+7.04,-5.1,+19.8,HB	+2.36,+263.3,+20.5,MB	+6.99,-0.9,+19.8,@B	
1701742157.295794	+6.66,+9.4,+21.3,BB	+6.38,+30.5,+21.4,EA	+6.79,+8.8,+21.3,AB	+7.04,-5.1,+19.8,HB	+2.36,+263.3,+20.5,MB	+6.99,-0.9,+19.8,@B	
1701742219.3059146	+6.66,+9.4,+21.3,BB	+6.38,+30.6,+21.4,FA	+6.79,+8.7,+21.3,NB	+7.04,-5.2,+19.8,KB	+2.36,+263.1,+20.5,OB	+6.99,-0.9,+19.8,@B	
1701742281.3100798	+6.66,+9.5,+21.3,CB	+6.38,+30.5,+21.4,EA	+6.79,+8.7,+21.3,NB	+7.04,-5.1,+19.8,HB	+2.37,+262.9,+20.5,GB	+6.99,-0.9,+19.8,@B	
1701742343.3202488	+6.66,+9.5,+21.3,CB	+6.38,+30.6,+21.4,FA	+6.79,+8.7,+21.3,NB	+7.04,-5.2,+19.8,KB	+2.36,+263.1,+20.5,OB	+6.99,-0.9,+19.8,@B	
1701742405.3282466	+6.66,+9.4,+21.3,BB	+6.38,+30.6,+21.4,FA	+6.79,+8.7,+21.3,NB	+7.04,-5.1,+19.8,HB	+2.36,+263.0,+20.5,NB	+6.99,-0.9,+19.8,@B	
1701742467.3377388	+6.66,+9.5,+21.3,CB	+6.37,+30.8,+21.4,GA	+6.79,+8.7,+21.4,IB	+7.04,-5.2,+19.9,JB	+2.37,+262.8,+20.5,FB	+6.99,-0.9,+19.8,@B	
1701742529.34741	+6.66,+9.5,+21.3,CB	+6.38,+30.6,+21.4,FA	+6.79,+8.6,+21.4,HB	+7.04,-5.1,+19.8,HB	+2.37,+263.0,+20.5,OB	+6.99,-0.9,+19.8,@B	
1701742591.356325	+6.66,+9.5,+21.3,CB	+6.37,+30.7,+21.4,HA	+6.79,+8.7,+21.4,IB	+7.04,-5.2,+19.8,KB	+2.36,+263.2,+20.5,LB	+6.99,-0.9,+19.8,@B	
1701742653.3635097	+6.66,+9.5,+21.3,CB	+6.37,+30.7,+21.4,HA	+6.79,+8.7,+21.4,IB	+7.04,-5.2,+19.8,KB	+2.36,+263.2,+20.6,OB	+6.99,-0.9,+19.8,@B	
1701742715.3728712	+6.66,+9.4,+21.3,BB	+6.37,+30.7,+21.4,HA	+6.79,+8.6,+21.4,HB	+7.04,-5.2,+19.9,JB	+2.36,+263.2,+20.6,OB	+6.99,-0.9,+19.8,@B	
1701742777.3839474	+6.66,+9.5,+21.3,CB	+6.38,+30.7,+21.4,GA	+6.79,+8.6,+21.4,HB	+7.04,-5.1,+19.9,IB	+2.37,+262.7,+20.6,JB	+6.99,-1.0,+19.9,IB	
1701743022.9886386	+6.66,+9.5,+21.3,CB	+6.38,+30.7,+21.4,GA	+6.79,+8.6,+21.4,HB	+7.04,-5.1,+19.9,IB	+2.38,+262.0,+20.6,BB	+6.99,-0.9,+19.8,@B	
1701743084.9971962	+6.66,+9.5,+21.3,CB	+6.37,+30.7,+21.4,HA	+6.79,+8.7,+21.4,IB	+7.04,-5.2,+19.9,JB	+2.38,+262.4,+20.5,EB	+6.99,-0.9,+19.8,@B	
1701743147.0034537	+6.66,+9.5,+21.3,CB	+6.37,+30.8,+21.5,FA	+6.79,+8.5,+21.4,KB	+7.04,-5.2,+19.9,JB	+2.37,+262.8,+20.6,EB	+6.99,-0.9,+19.8,@B	
1701743209.0128868	+6.66,+9.5,+21.3,CB	+6.37,+30.7,+21.4,HA	+6.79,+8.6,+21.4,HB	+7.04,-5.2,+19.9,JB	+2.37,+262.8,+20.6,EB	+6.99,-0.9,+19.8,@B	
1701743271.0227466	+6.66,+9.5,+21.3,CB	+6.37,+30.7,+21.4,HA	+6.79,+8.7,+21.4,IB	+7.04,-5.1,+19.9,IB	+2.37,+262.8,+20.6,EB	+6.99,-0.9,+19.9,AB	
1701743333.0275447	+6.66,+9.5,+21.3,CB	+6.37,+30.8,+21.4,GA	+6.79,+8.6,+21.4,HB	+7.04,-5.2,+19.8,KB	+2.37,+262.5,+20.5,KB	+6.99,-0.9,+19.8,@B	
1701743395.0341904	+6.66,+9.5,+21.3,CB	+6.37,+30.9,+21.4,FA	+6.79,+8.6,+21.4,HB	+7.04,-5.2,+19.9,JB	+2.37,+262.8,+20.6,EB	+6.99,-0.9,+19.8,@B	
1701743457.041994	+6.66,+9.5,+21.3,CB	+6.37,+30.7,+21.4,HA	+6.79,+8.7,+21.4,IB	+7.04,-5.2,+19.9,JB	+2.37,+262.8,+20.6,EB	+6.99,-0.9,+19.8,@B	
1701743519.0503392	+6.66,+9.5,+21.3,CB	+6.37,+30.8,+21.4,GA	+6.79,+8.6,+21.4,HB	+7.04,-5.2,+19.9,JB	+2.37,+262.9,+20.6,DB	+6.99,-0.9,+19.9,AB	
1701743581.0608218	+6.66,+9.5,+21.3,CB	+6.37,+30.8,+21.4,GA	+6.79,+8.6,+21.3,OB	+7.04,-5.2,+19.9,JB	+2.37,+262.9,+20.6,DB	+6.99,-0.9,+19.8,@B	
1701743643.0709076	+6.66,+9.5,+21.3,CB	+6.37,+30.9,+21.4,FA	+6.79,+8.6,+21.4,HB	+7.04,-5.3,+19.9,KB	+2.37,+263.0,+20.6,LB	+6.99,-1.0,+19.8,HB	
1701743705.0793543	+6.66,+9.6,+21.3,@B	+6.37,+30.9,+21.4,FA	+6.79,+8.7,+21.4,IB	+7.04,-5.2,+19.9,JB	+2.37,+263.0,+20.6,LB	+6.99,-0.9,+19.8,@B	
1701743767.0833848	+6.66,+9.5,+21.3,CB	+6.37,+30.8,+21.4,GA	+6.79,+8.6,+21.4,HB	+7.04,-5.1,+19.9,IB	+2.37,+263.0,+20.6,LB	+6.98,-0.8,+19.9,AB	
1701743829.0899143	+6.66,+9.6,+21.3,@B	+6.37,+30.8,+21.5,FA	+6.79,+8.6,+21.4,HB	+7.04,-5.2,+19.9,JB	+2.37,+262.9,+20.6,DB	+6.99,-1.0,+19.9,IB	
1701743891.09811	+6.66,+9.5,+21.3,CB	+6.38,+30.6,+21.5,GA	+6.79,+8.6,+21.4,HB	+7.04,-5.2,+19.9,JB	+2.37,+262.9,+20.6,DB	+6.99,-1.0,+19.9,IB	
1701743953.1075172	+6.66,+9.6,+21.4,GB	+6.38,+30.6,+21.4,FA	+6.79,+8.5,+21.4,KB	+7.04,-5.2,+19.9,JB	+2.37,+262.9,+20.6,DB	+6.99,-0.9,+19.9,AB	
1701744015.115205	+6.66,+9.5,+21.4,DB	+6.38,+30.6,+21.4,FA	+6.79,+8.6,+21.4,HB	+7.04,-5.3,+19.9,KB	+2.37,+262.9,+20.6,DB	+6.99,-1.0,+19.9,IB	
1701744077.1242368	+6.66,+9.6,+21.4,GB	+6.38,+30.6,+21.5,GA	+6.79,+8.6,+21.4,HB	+7.05,-5.3,+19.9,JB	+2.37,+262.9,+20.6,DB	+6.99,-0.9,+19.9,AB	
1701744139.1326003	+6.66,+9.6,+21.4,GB	+6.38,+30.6,+21.5,GA	+6.79,+8.7,+21.4,IB	+7.05,-5.3,+19.9,JB	+2.37,+263.0,+20.6,LB	+6.99,-0.9,+19.9,AB	
1701744201.1403525	+6.66,+9.6,+21.4,GB	+6.38,+30.5,+21.4,EA	+6.79,+8.7,+21.4,IB	+7.05,-5.3,+19.9,JB	+2.37,+262.5,+20.6,HB	+6.99,-0.9,+19.9,AB	
1701744263.1489177	+6.66,+9.5,+21.4,DB	+6.38,+30.5,+21.4,EA	+6.79,+8.6,+21.4,HB	+7.04,-5.2,+19.9,JB	+2.38,+262.3,+20.6,AB	+6.99,-1.0,+19.9,IB	
1701744325.159102	+6.66,+9.5,+21.4,DB	+6.38,+30.6,+21.5,GA	+6.79,+8.6,+21.4,HB	+7.04,-5.3,+19.9,KB	+2.37,+262.6,+20.6,KB	+6.99,-1.0,+19.9,IB	
1701744387.1680572	+6.66,+9.5,+21.4,DB	+6.38,+30.6,+21.4,FA	+6.79,+8.7,+21.4,IB	+7.04,-5.3,+19.9,KB	+2.37,+262.7,+20.6,JB	+6.99,-0.9,+19.9,AB	
1701744449.1781063	+6.66,+9.5,+21.4,DB	+6.38,+30.6,+21.5,GA	+6.79,+8.6,+21.4,HB	+7.04,-5.3,+19.9,KB	+2.37,+262.7,+20.6,JB	+6.99,-0.9,+19.9,AB	
1701744511.1849875	+6.66,+9.6,+21.4,GB	+6.38,+30.6,+21.4,FA	+6.79,+8.6,+21.4,HB	+7.04,-5.3,+19.9,KB	+2.37,+262.6,+20.6,KB	+6.99,-0.9,+19.9,AB	
1701744573.1930962	+6.66,+9.5,+21.4,DB	+6.38,+30.6,+21.5,GA	+6.79,+8.6,+21.4,HB	+7.04,-5.3,+19.9,KB	+2.37,+262.8,+20.6,EB	+6.99,-0.9,+19.9,AB	
1701744635.199859	+6.66,+9.5,+21.4,DB	+6.38,+30.7,+21.5,FA	+6.79,+8.6,+21.4,HB	+7.05,-5.3,+19.9,JB	+2.37,+262.8,+20.6,EB	+6.99,-0.9,+19.9,AB	
1701744697.2072012	+6.66,+9.6,+21.4,GB	+6.37,+30.7,+21.5,IA	+6.79,+8.5,+21.4,KB	+7.05,-5.3,+19.9,JB	+2.37,+262.8,+20.6,EB	+6.99,-0.9,+19.9,AB	
1701744759.2148113	+6.66,+9.6,+21.4,GB	+6.37,+30.8,+21.5,FA	+6.79,+8.6,+21.4,HB	+7.05,-5.3,+19.9,JB	+2.37,+262.8,+20.6,EB	+6.99,-1.0,+19.9,IB	
1701744821.2251706	+6.66,+9.6,+21.4,GB	+6.38,+30.3,+21.5,BA	+6.79,+8.5,+21.4,KB	+7.04,-5.2,+19.9,JB	+2.37,+262.8,+20.6,EB	+6.99,-1.0,+19.9,IB	
1701744883.2345042	+6.66,+9.6,+21.4,GB	+6.37,+30.8,+21.5,FA	+6.79,+8.6,+21.4,HB	+7.04,-5.2,+19.9,JB	+2.37,+262.9,+20.6,DB	+6.99,-0.9,+19.9,AB	
1701744945.2422695	+6.66,+9.6,+21.4,GB	+6.38,+30.4,+21.5,EA	+6.79,+8.4,+21.4,JB	+7.04,-5.2,+19.9,JB	+2.37,+262.9,+20.6,DB	+6.99,-0.9,+19.9,AB	
1701745007.2502565	+6.66,+9.6,+21.4,GB	+6.38,+30.6,+21.5,GA	+6.79,+8.6,+21.4,HB	+7.05,-5.3,+19.9,JB	+2.37,+262.8,+20.6,EB	+6.99,-0.9,+19.9,AB	
1701745069.2569885	+6.66,+9.6,+21.4,GB	+6.38,+30.4,+21.5,EA	+6.79,+8.5,+21.4,KB	+7.04,-5.2,+19.9,JB	+2.37,+262.7,+20.6,JB	+6.99,-0.9,+19.9,AB	
1701745131.2650356	+6.66,+9.6,+21.4,GB	+6.38,+30.4,+21.5,EA	+6.79,+8.4,+21.4,JB	+7.04,-5.3,+20.0,HB	+2.37,+262.7,+20.6,JB	+6.99,-0.9,+19.9,AB	
1701745193.2742684	+6.66,+9.5,+21.4,DB	+6.38,+30.5,+21.5,DA	+6.79,+8.4,+21.5,KB	+7.04,-5.2,+19.9,JB	+2.38,+262.3,+20.6,AB	+6.99,-0.9,+19.9,AB	
1701745255.2826936	+6.66,+9.6,+21.4,GB	+6.38,+30.5,+21.5,DA	+6.79,+8.6,+21.5,IB	+7.05,-5.3,+19.9,JB	+2.38,+262.4,+20.6,FB	+6.99,-1.0,+19.9,IB	
1701745317.291019	+6.66,+9.6,+21.4,GB	+6.38,+30.5,+21.5,DA	+6.79,+8.6,+21.4,HB	+7.05,-5.3,+19.9,JB	+2.38,+262.4,+20.6,FB	+6.99,-0.9,+19.9,AB	
1701745379.2997656	+6.66,+9.6,+21.4,GB	+6.38,+30.4,+21.5,EA	+6.79,+8.6,+21.5,IB	+7.05,-5.3,+19.9,JB	+2.37,+262.5,+20.6,HB	+6.99,-0.9,+19.9,AB	
1701745441.3077228	+6.66,+9.5,+21.4,DB	+6.38,+30.4,+21.5,EA	+6.79,+8.5,+21.5,JB	+7.04,-5.2,+20.0,IB	+2.37,+262.7,+20.6,JB	+6.99,-1.0,+19.9,IB	
1701745503.317823	+6.66,+9.5,+21.4,DB	+6.38,+30.5,+21.5,DA	+6.79,+8.4,+21.5,KB	+7.05,-5.3,+19.9,JB	+2.38,+262.4,+20.6,FB	+6.99,-0.9,+19.9,AB	
1701745565.3251724	+6.66,+9.6,+21.4,GB	+6.38,+30.6,+21.5,GA	+6.79,+8.4,+21.4,JB	+7.05,-5.3,+20.0,IB	+2.37,+262.6,+20.6,KB	+6.99,-0.9,+20.0,BB	
1701745627.3316562	+6.66,+9.6,+21.4,GB	+6.38,+30.4,+21.5,EA	+6.79,+8.6,+21.5,IB	+7.04,-5.3,+20.0,HB	+2.37,+262.7,+20.6,JB	+6.99,-1.0,+19.9,IB	
1701745689.342336	+6.66,+9.6,+21.4,GB	+6.38,+30.6,+21.5,GA	+6.79,+8.4,+21.5,KB	+7.04,-5.3,+20.0,HB	+2.38,+262.4,+20.6,FB	+6.99,-1.0,+20.0,JB	
1701745751.351412	+6.66,+9.6,+21.4,GB	+6.38,+30.5,+21.5,DA	+6.79,+8.5,+21.5,JB	+7.04,-5.2,+20.0,IB	+2.38,+262.4,+20.6,FB	+6.99,-1.0,+20.0,JB	
1701745813.3598745	+6.66,+9.5,+21.4,DB	+6.38,+30.6,+21.5,GA	+6.79,+8.4,+21.5,KB	+7.05,-5.3,+20.0,IB	+2.38,+262.4,+20.6,FB	+6.99,-0.9,+20.0,BB	
1701745875.3687692	+6.66,+9.4,+21.4,EB	+6.38,+30.6,+21.5,GA	+6.79,+8.3,+21.5,LB	+7.05,-5.3,+20.0,IB	+2.38,+262.5,+20.6,GB	+6.99,-1.0,+19.9,IB	
1701745937.3738012	+6.66,+9.4,+21.4,EB	+6.38,+30.4,+21.5,EA	+6.79,+8.5,+21.5,JB	+7.04,-5.2,+20.0,IB	+2.38,+262.4,+20.6,FB	+6.99,-1.0,+19.9,IB	
1701745999.3815196	+6.66,+9.3,+21.4,BB	+6.38,+30.6,+21.5,GA	+6.79,+8.4,+21.5,KB	+7.05,-5.3,+20.0,IB	+2.38,+262.4,+20.6,FB	+6.99,-0.9,+20.0,BB	
1701746061.3903468	+6.66,+9.4,+21.4,EB	+6.37,+30.7,+21.5,IA	+6.79,+8.3,+21.5,LB	+7.05,-5.4,+20.0,NB	+2.38,+262.5,+20.6,GB	+6.99,-1.0,+20.0,JB	
1701746123.400494	+6.66,+9.4,+21.4,EB	+6.38,+30.6,+21.5,GA	+6.79,+8.5,+21.5,JB	+7.04,-5.2,+20.0,IB	+2.38,+262.5,+20.6,GB	+6.99,-1.0,+19.9,IB	
1701746185.4098516	+6.66,+9.4,+21.5,DB	+6.37,+30.7,+21.5,IA	+6.79,+8.4,+21.5,KB	+7.05,-5.3,+20.0,IB	+2.38,+262.5,+20.6,GB	+6.99,-0.9,+20.0,BB	
1701746247.4180856	+6.66,+9.4,+21.4,EB	+6.38,+30.6,+21.5,GA	+6.79,+8.3,+21.5,LB	+7.05,-5.3,+20.0,IB	+2.38,+262.5,+20.6,GB	+6.99,-1.0,+20.0,JB	
1701746309.4295542	+6.66,+9.4,+21.4,EB	+6.38,+30.6,+21.5,GA	+6.79,+8.4,+21.5,KB	+7.04,-5.2,+20.0,IB	+2.38,+262.5,+20.6,GB	+6.99,-1.0,+19.9,IB	
1701746371.438137	+6.66,+9.3,+21.4,BB	+6.38,+30.7,+21.5,FA	+6.79,+8.4,+21.5,KB	+7.05,-5.3,+20.0,IB	+2.39,+261.9,+20.6,IB	+6.99,-0.9,+20.0,BB	
1701746433.4469945	+6.66,+9.3,+21.4,BB	+6.37,+30.8,+21.5,FA	+6.79,+8.4,+21.5,KB	+7.05,-5.4,+20.0,NB	+2.38,+262.0,+20.6,BB	+6.99,-0.9,+20.0,BB	
1701746495.4564857	+6.66,+9.3,+21.4,BB	+6.37,+30.7,+21.5,IA	+6.79,+8.4,+21.5,KB	+7.05,-5.4,+20.0,NB	+2.38,+262.1,+20.6,CB	+6.99,-0.9,+20.0,BB	
1701746557.465288	+6.66,+9.4,+21.4,EB	+6.38,+30.7,+21.5,FA	+6.79,+8.3,+21.5,LB	+7.04,-5.3,+20.0,HB	+2.39,+261.8,+20.6,HB	+6.99,-0.9,+20.0,BB	
1701746619.4749417	+6.66,+9.4,+21.4,EB	+6.37,+30.8,+21.5,FA	+6.79,+8.4,+21.5,KB	+7.05,-5.3,+20.0,IB	+2.38,+262.1,+20.6,CB	+6.99,-0.9,+20.0,BB	
1701746865.0408485	+6.66,+9.4,+21.5,DB	+6.38,+30.6,+21.6,DA	+6.79,+8.3,+21.5,LB	+7.05,-5.3,+20.0,IB	+2.38,+262.1,+20.6,CB	+6.99,-0.9,+20.0,BB	
1701746927.0505466	+6.66,+9.3,+21.4,BB	+6.38,+30.6,+21.6,DA	+6.79,+8.4,+21.5,KB	+7.05,-5.3,+20.0,IB	+2.38,+262.3,+20.7,@B	+6.99,-0.9,+20.0,BB	
1701746989.0599473	+6.66,+9.4,+21.5,DB	+6.38,+30.6,+21.6,DA	+6.79,+8.3,+21.5,LB	+7.05,-5.4,+20.0,NB	+2.38,+262.1,+20.7,BB	+6.99,-1.0,+20.0,JB	
1701747051.0630271	+6.66,+9.3,+21.5,CB	+6.38,+30.5,+21.5,DA	+6.79,+8.5,+21.5,JB	+7.05,-5.3,+20.0,IB	+2.38,+262.4,+20.7,GB	+6.99,-0.9,+20.0,BB	
1701747113.0705318	+6.66,+9.3,+21.5,CB	+6.38,+30.5,+21.6,GA	+6.79,+8.4,+21.5,KB	+7.05,-5.3,+20.0,IB	+2.38,+262.5,+20.7,FB	+6.99,-0.9,+20.0,BB	
1701747175.0778315	+6.66,+9.4,+21.4,EB	+6.38,+30.6,+21.5,GA	+6.79,+8.3,+21.5,LB	+7.05,-5.4,+20.0,NB	+2.38,+262.3,+20.6,AB	+6.99,-1.0,+20.0,JB	
1701747237.0876167	+6.66,+9.4,+21.5,DB	+6.38,+30.6,+21.5,GA	+6.79,+8.4,+21.5,KB	+7.05,-5.3,+20.0,IB	+2.38,+262.4,+20.7,GB	+6.99,-1.0,+20.0,JB	
1701747299.0963457	+6.66,+9.4,+21.5,DB	+6.38,+30.7,+21.6,EA	+6.79,+8.3,+21.5,LB	+7.05,-5.4,+20.0,NB	+2.38,+262.2,+20.7,AB	+6.99,-0.9,+20.0,BB	
1701747361.1060493	+6.66,+9.4,+21.5,DB	+6.38,+30.7,+21.6,EA	+6.79,+8.4,+21.5,KB	+7.05,-5.3,+20.0,IB	+2.38,+262.4,+20.7,GB	+6.99,-0.9,+20.0,BB	
1701747423.1120207	+6.66,+9.3,+21.5,CB	+6.38,+30.6,+21.6,DA	+6.79,+8.5,+21.5,JB	+7.05,-5.3,+20.0,IB	+2.38,+262.4,+20.6,FB	+6.99,-0.9,+20.0,BB	
1701747485.1202776	+6.66,+9.3,+21.5,CB	+6.38,+30.6,+21.6,DA	+6.79,+8.3,+21.5,LB	+7.05,-5.3,+20.0,IB	+2.38,+262.5,+20.7,FB	+6.99,-1.0,+20.0,JB	
1701747547.1255758	+6.66,+9.3,+21.5,CB	+6.37,+30.7,+21.6,JA	+6.79,+8.4,+21.5,KB	+7.05,-5.4,+20.0,NB	+2.38,+262.4,+20.7,GB	+6.99,-1.0,+20.0,JB	
1701747609.1348844	+6.66,+9.3,+21.5,CB	+6.37,+30.7,+21.5,IA	+6.79,+8.3,+21.5,LB	+7.05,-5.4,+20.0,NB	+2.38,+262.6,+20.7,EB	+6.99,-0.9,+20.0,BB	
1701747671.1416283	+6.66,+9.3,+21.5,CB	+6.37,+30.7,+21.6,JA	+6.79,+8.3,+21.5,LB	+7.05,-5.4,+20.0,NB	+2.38,+262.3,+20.7,@B	+6.99,-1.0,+20.0,JB	
1701747733.151768	+6.66,+9.3,+21.5,CB	+6.38,+30.7,+21.6,EA	+6.79,+8.3,+21.5,LB	+7.05,-5.3,+20.0,IB	+2.38,+262.4,+20.7,GB	+6.99,-0.9,+20.0,BB	
1701747795.1602914	+6.66,+9.3,+21.5,CB	+6.37,+30.7,+21.6,JA	+6.79,+8.3,+21.5,LB	+7.05,-5.4,+20.0,NB	+2.38,+262.5,+20.7,FB	+6.99,-1.0,+20.0,JB	
1701747857.1664033	+6.66,+9.3,+21.5,CB	+6.38,+30.6,+21.6,DA	+6.79,+8.3,+21.5,LB	+7.05,-5.4,+20.1,OB	+2.38,+262.2,+20.7,AB	+6.99,-0.9,+20.0,BB	
1701747919.1734788	+6.66,+9.4,+21.5,DB	+6.38,+30.7,+21.6,EA	+6.79,+8.2,+21.5,MB	+7.05,-5.4,+20.1,OB	+2.38,+262.5,+20.7,FB	+6.99,-1.0,+20.0,JB	
1701747981.1819127	+6.66,+9.5,+21.5,EB	+6.37,+30.8,+21.6,EA	+6.79,+8.4,+21.6,HB	+7.05,-5.4,+20.1,OB	+2.38,+262.5,+20.7,FB	+6.99,-0.9,+20.0,BB	
1701748043.1926506	+6.66,+9.4,+21.5,DB	+6.37,+30.8,+21.6,EA	+6.79,+8.2,+21.6,NB	+7.05,-5.5,+20.1,NB	+2.38,+262.5,+20.7,FB	+6.99,-1.0,+20.0,JB	
1701748105.200717	+6.66,+9.4,+21.5,DB	+6.37,+30.7,+21.6,JA	+6.79,+8.3,+21.6,OB	+7.05,-5.4,+20.0,NB	+2.38,+262.5,+20.7,FB	+6.99,-1.0,+20.0,JB	
1701748167.2074966	+6.66,+9.5,+21.5,EB	+6.38,+30.7,+21.6,EA	+6.79,+8.3,+21.6,OB	+7.05,-5.4,+20.0,NB	+2.38,+262.5,+20.7,FB	+6.99,-1.0,+20.0,JB	
1701748229.2165248	+6.66,+9.4,+21.5,DB	+6.37,+30.8,+21.6,EA	+6.80,+8.2,+21.6,HB	+7.05,-5.4,+20.1,OB	+2.39,+262.0,+20.7,BB	+6.99,-0.9,+20.0,BB	
1701748291.2256107	+6.66,+9.4,+21.5,DB	+6.38,+30.6,+21.6,DA	+6.79,+8.3,+21.6,OB	+7.05,-5.3,+20.1,HB	+2.39,+262.0,+20.7,BB	+6.99,-0.9,+20.0,BB	
1701748353.233711	+6.66,+9.5,+21.5,EB	+6.37,+30.7,+21.6,JA	+6.80,+8.2,+21.5,KB	+7.05,-5.4,+20.1,OB	+2.39,+262.0,+20.7,BB	+6.99,-1.0,+20.0,JB	
1701748415.2410421	+6.66,+9.5,+21.5,EB	+6.38,+30.5,+21.6,GA	+6.79,+8.4,+21.6,HB	+7.05,-5.3,+20.1,HB	+2.39,+261.9,+20.7,HB	+6.99,-1.0,+20.1,KB	
1701748477.2515314	+6.66,+9.5,+21.5,EB	+6.38,+30.6,+21.6,DA	+6.79,+8.3,+21.6,OB	+7.05,-5.4,+20.0,NB	+2.39,+262.0,+20.7,BB	+6.99,-0.9,+20.0,BB	
1701748539.257494	+6.66,+9.5,+21.5,EB	+6.38,+30.7,+21.6,EA	+6.79,+8.2,+21.5,MB	+7.05,-5.4,+20.1,OB	+2.39,+262.0,+20.7,BB	+6.99,-0.9,+20.1,CB	
1701748601.2667875	+6.66,+9.5,+21.5,EB	+6.38,+30.6,+21.6,DA	+6.80,+8.2,+21.6,HB	+7.05,-5.4,+20.0,NB	+2.39,+262.0,+20.7,BB	+6.99,-1.0,+20.1,KB	
1701748663.2750955	+6.66,+9.5,+21.5,EB	+6.38,+30.7,+21.6,EA	+6.79,+8.3,+21.6,OB	+7.05,-5.3,+20.1,HB	+2.39,+262.0,+20.7,BB	+6.99,-1.0,+20.0,JB	
1701748725.283724	+6.66,+9.5,+21.5,EB	+6.37,+30.7,+21.6,JA	+6.80,+8.2,+21.5,KB	+7.05,-5.4,+20.1,OB	+2.39,+262.0,+20.7,BB	+6.99,-0.9,+20.1,CB	
1701748787.2938747	+6.66,+9.5,+21.5,EB	+6.38,+30.6,+21.6,DA	+6.80,+8.2,+21.6,HB	+7.05,-5.4,+20.1,OB	+2.38,+262.0,+20.7,CB	+6.99,-1.0,+20.0,JB	
1701748849.3060591	+6.66,+9.5,+21.5,EB	+6.38,+30.6,+21.6,DA	+6.80,+8.1,+21.6,KB	+7.05,-5.5,+20.1,NB	+2.38,+262.2,+20.7,AB	+6.99,-1.0,+20.0,JB	
1701748911.3161495	+6.66,+9.5,+21.5,EB	+6.38,+30.6,+21.6,DA	+6.80,+8.2,+21.6,HB	+7.05,-5.4,+20.1,OB	+2.38,+262.2,+20.7,AB	+6.99,-1.0,+20.0,JB	
1701748973.3254766	+6.66,+9.5,+21.5,EB	+6.38,+30.7,+21.6,EA	+6.79,+8.3,+21.6,OB	+7.05,-5.4,+20.1,OB	+2.38,+262.2,+20.7,AB	+6.99,-0.9,+20.1,CB	
1701749035.3339918	+6.66,+9.5,+21.5,EB	+6.38,+30.7,+21.6,EA	+6.80,+8.2,+21.6,HB	+7.05,-5.4,+20.1,OB	+2.38,+262.2,+20.7,AB	+6.99,-1.0,+20.1,KB	
1701749097.3456707	+6.66,+9.5,+21.5,EB	+6.37,+30.7,+21.6,JA	+6.80,+8.2,+21.6,HB	+7.05,-5.4,+20.1,OB	+2.38,+262.3,+20.7,@B	+6.99,-1.0,+20.0,JB	
1701749159.3535032	+6.66,+9.5,+21.5,EB	+6.38,+30.7,+21.6,EA	+6.79,+8.2,+21.6,NB	+7.05,-5.4,+20.1,OB	+2.38,+262.2,+20.7,AB	+6.99,-1.0,+20.1,KB	
1701749221.3636162	+6.66,+9.5,+21.5,EB	+6.38,+30.7,+21.6,EA	+6.79,+8.3,+21.6,OB	+7.05,-5.5,+20.1,NB	+2.38,+262.3,+20.7,@B	+6.99,-0.9,+20.1,CB	
1701749283.3727002	+6.66,+9.5,+21.5,EB	+6.38,+30.6,+21.6,DA	+6.79,+8.3,+21.6,OB	+7.05,-5.4,+20.1,OB	+2.38,+262.2,+20.7,AB	+6.99,-1.0,+20.1,KB	
1701749345.3814802	+6.66,+9.5,+21.5,EB	+6.37,+30.7,+21.6,JA	+6.80,+8.1,+21.6,KB	+7.05,-5.4,+20.1,OB	+2.38,+262.2,+20.7,AB	+6.99,-0.9,+20.1,CB	
1701749407.386091	+6.66,+9.5,+21.5,EB	+6.38,+30.6,+21.6,DA	+6.79,+8.3,+21.6,OB	+7.05,-5.5,+20.1,NB	+2.38,+262.1,+20.7,BB	+6.99,-0.9,+20.1,CB	
1701749469.3963585	+6.66,+9.5,+21.6,FB	+6.38,+30.6,+21.6,DA	+6.80,+8.1,+21.6,KB	+7.05,-5.4,+20.1,OB	+2.38,+262.2,+20.7,AB	+6.99,-1.0,+20.1,KB	
1701749531.4065278	+6.66,+9.5,+21.5,EB	+6.38,+30.7,+21.6,EA	+6.80,+8.1,+21.6,KB	+7.05,-5.4,+20.1,OB	+2.38,+262.1,+20.7,BB	+6.99,-0.9,+20.1,CB	
1701749593.4147005	+6.66,+9.5,+21.5,EB	+6.38,+30.6,+21.6,DA	+6.79,+8.3,+21.6,OB	+7.05,-5.5,+20.1,NB	+2.38,+262.1,+20.7,BB	+6.99,-1.0,+20.1,KB	
1701749655.4247682	+6.66,+9.5,+21.5,EB	+6.38,+30.7,+21.6,EA	+6.80,+8.2,+21.6,HB	+7.05,-5.4,+20.1,OB	+2.38,+262.5,+20.8,IB	+6.99,-1.0,+20.1,KB	
1701749717.4343843	+6.66,+9.5,+21.6,FB	+6.38,+30.7,+21.6,EA	+6.80,+8.2,+21.6,HB	+7.05,-5.4,+20.1,OB	+2.38,+262.5,+20.8,IB	+6.99,-1.0,+20.1,KB	
1701749779.445525	+6.66,+9.5,+21.5,EB	+6.38,+30.6,+21.6,DA	+6.80,+8.1,+21.6,KB	+7.05,-5.5,+20.1,NB	+2.37,+262.7,+20.7,KB	+6.99,-1.0,+20.1,KB	
1701749841.4559045	+6.66,+9.5,+21.6,FB	+6.38,+30.6,+21.7,EA	+6.79,+8.3,+21.6,OB	+7.05,-5.4,+20.1,OB	+2.37,+262.8,+20.7,DB	+6.99,-1.0,+20.1,KB	
1701749903.4630177	+6.66,+9.6,+21.5,FB	+6.38,+30.6,+21.6,DA	+6.80,+8.2,+21.6,HB	+7.05,-5.4,+20.1,OB	+2.38,+262.6,+20.7,EB	+6.99,-0.9,+20.1,CB	
1701749965.471393	+6.66,+9.5,+21.6,FB	+6.38,+30.4,+21.6,FA	+6.80,+8.1,+21.6,KB	+7.05,-5.4,+20.1,OB	+2.37,+262.9,+20.7,EB	+6.99,-1.0,+20.1,KB	
1701750027.481149	+6.66,+9.5,+21.5,EB	+6.38,+30.4,+21.6,FA	+6.79,+8.3,+21.6,OB	+7.05,-5.5,+20.1,NB	+2.37,+262.9,+20.7,EB	+6.99,-0.9,+20.1,CB	
1701750089.4903872	+6.66,+9.5,+21.6,FB	+6.38,+30.3,+21.6,AA	+6.80,+8.1,+21.6,KB	+7.05,-5.4,+20.1,OB	+2.37,+263.2,+20.8,@B	+6.99,-0.9,+20.1,CB	
1701750151.4991932	+6.66,+9.5,+21.5,EB	+6.38,+30.4,+21.6,FA	+6.79,+8.3,+21.6,OB	+7.05,-5.4,+20.1,OB	+2.37,+263.1,+20.8,CB	+6.99,-0.9,+20.1,CB	
1701750213.5089753	+6.66,+9.5,+21.5,EB	+6.38,+30.5,+21.6,GA	+6.80,+8.2,+21.6,HB	+7.05,-5.4,+20.1,OB	+2.37,+263.1,+20.8,CB	+6.99,-0.9,+20.1,CB	
1701750275.5161853	+6.66,+9.5,+21.6,FB	+6.38,+30.4,+21.6,FA	+6.80,+8.1,+21.6,KB	+7.05,-5.5,+20.1,NB	+2.37,+262.8,+20.7,DB	+6.99,-1.0,+20.1,KB	
1701750337.5251832	+6.66,+9.5,+21.6,FB	+6.38,+30.4,+21.6,FA	+6.80,+8.2,+21.6,HB	+7.05,-5.5,+20.1,NB	+2.37,+263.1,+20.8,CB	+6.99,-1.0,+20.1,KB	
1701750399.53479	+6.66,+9.5,+21.6,FB	+6.38,+30.4,+21.6,FA	+6.80,+8.1,+21.6,KB	+7.05,-5.4,+20.1,OB	+2.37,+262.9,+20.7,EB	+6.99,-1.0,+20.1,KB	
1701750461.544111	+6.66,+9.5,+21.5,EB	+6.38,+30.4,+21.6,FA	+6.80,+8.2,+21.6,HB	+7.05,-5.5,+20.1,NB	+2.37,+262.7,+20.8,DB	+6.99,-0.9,+20.1,CB	
1701750707.1370013	+6.66,+9.5,+21.6,FB	+6.38,+30.3,+21.7,@A	+6.79,+8.3,+21.6,OB	+7.05,-5.5,+20.1,NB	+2.38,+262.3,+20.8,OB	+6.99,-1.0,+20.1,KB	
1701750769.1431422	+6.66,+9.5,+21.6,FB	+6.38,+30.3,+21.6,AA	+6.80,+8.2,+21.6,HB	+7.05,-5.4,+20.2,LB	+2.38,+262.6,+20.8,JB	+6.99,-1.0,+20.1,KB	
1701750831.1527493	+6.66,+9.6,+21.6,EB	+6.38,+30.3,+21.7,@A	+6.80,+8.1,+21.6,KB	+7.05,-5.5,+20.1,NB	+2.38,+262.6,+20.8,JB	+6.99,-1.0,+20.1,KB	
1701750893.1601248	+6.66,+9.5,+21.6,FB	+6.38,+30.4,+21.7,GA	+6.80,+8.1,+21.7,JB	+7.05,-5.5,+20.1,NB	+2.37,+262.7,+20.7,KB	+6.99,-0.9,+20.1,CB	
1701750955.1689312	+6.66,+9.5,+21.6,FB	+6.38,+30.4,+21.7,GA	+6.80,+8.0,+21.6,JB	+7.05,-5.5,+20.2,MB	+2.38,+262.6,+20.8,JB	+6.99,-0.9,+20.2,@B	
1701751017.176878	+6.66,+9.6,+21.6,EB	+6.38,+30.3,+21.7,@A	+6.80,+8.1,+21.6,KB	+7.05,-5.5,+20.1,NB	+2.38,+262.6,+20.8,JB	+6.99,-0.9,+20.1,CB	
1701751079.184671	+6.66,+9.5,+21.6,FB	+6.38,+30.4,+21.7,GA	+6.80,+8.0,+21.6,JB	+7.05,-5.5,+20.1,NB	+2.38,+262.6,+20.8,JB	+6.99,-1.0,+20.1,KB	
1701751141.1926453	+6.66,+9.5,+21.6,FB	+6.38,+30.3,+21.7,@A	+6.80,+8.2,+21.6,HB	+7.05,-5.4,+20.2,LB	+2.38,+262.6,+20.8,JB	+6.99,-0.9,+20.1,CB	
1701751203.2015529	+6.66,+9.5,+21.6,FB	+6.38,+30.2,+21.7,AA	+6.80,+8.2,+21.6,HB	+7.05,-5.4,+20.1,OB	+2.37,+262.7,+20.8,DB	+6.99,-1.0,+20.1,KB	
1701751265.2092006	+6.66,+9.6,+21.6,EB	+6.38,+30.3,+21.7,@A	+6.80,+8.1,+21.6,KB	+7.05,-5.5,+20.1,NB	+2.38,+262.7,+20.8,KB	+6.99,-1.0,+20.1,KB	
1701751327.214766	+6.66,+9.5,+21.6,FB	+6.38,+30.3,+21.7,@A	+6.80,+8.2,+21.6,HB	+7.05,-5.4,+20.1,OB	+2.38,+262.7,+20.8,KB	+6.99,-1.0,+20.1,KB	
1701751389.2250571	+6.66,+9.4,+21.6,GB	+6.38,+30.3,+21.7,@A	+6.80,+8.2,+21.6,HB	+7.05,-5.5,+20.1,NB	+2.38,+262.6,+20.8,JB	+6.99,-1.0,+20.1,KB	
1701751451.233977	+6.66,+9.4,+21.6,GB	+6.38,+30.3,+21.7,@A	+6.80,+8.0,+21.6,JB	+7.05,-5.5,+20.1,NB	+2.38,+262.7,+20.8,KB	+6.99,-0.9,+20.1,CB	
1701751513.24358	+6.66,+9.4,+21.6,GB	+6.38,+30.3,+21.7,@A	+6.80,+8.0,+21.6,JB	+7.05,-5.5,+20.2,MB	+2.37,+262.7,+20.8,DB	+6.99,-0.9,+20.1,CB	
1701751575.2511058	+6.66,+9.4,+21.6,GB	+6.38,+30.4,+21.7,GA	+6.80,+8.2,+21.7,IB	+7.05,-5.5,+20.2,MB	+2.38,+262.6,+20.8,JB	+6.99,-1.0,+20.1,KB	
1701751637.260407	+6.66,+9.4,+21.6,GB	+6.38,+30.3,+21.7,@A	+6.80,+8.0,+21.6,JB	+7.05,-5.5,+20.2,MB	+2.38,+262.6,+20.8,JB	+6.99,-1.0,+20.1,KB	
1701751699.2699473	+6.66,+9.4,+21.6,GB	+6.38,+30.3,+21.7,@A	+6.80,+8.0,+21.6,JB	+7.05,-5.5,+20.2,MB	+2.37,+262.7,+20.8,DB	+6.99,-1.0,+20.1,KB	
1701751761.2770677	+6.66,+9.3,+21.6,@B	+6.38,+30.3,+21.7,@A	+6.80,+8.1,+21.6,KB	+7.05,-5.4,+20.2,LB	+2.38,+262.7,+20.8,KB	+6.99,-1.0,+20.1,KB	
1701751823.2853203	+6.66,+9.3,+21.6,@B	+6.38,+30.3,+21.7,@A	+6.80,+8.1,+21.6,KB	+7.05,-5.5,+20.2,MB	+2.38,+262.6,+20.8,JB	+6.99,-1.0,+20.1,KB	
1701751885.294071	+6.66,+9.3,+21.6,@B	+6.38,+30.4,+21.7,GA	+6.80,+8.1,+21.6,KB	+7.05,-5.5,+20.2,MB	+2.38,+262.6,+20.8,JB	+6.99,-1.0,+20.1,KB	
1701751947.3036506	+6.66,+9.3,+21.6,@B	+6.38,+30.3,+21.7,@A	+6.80,+8.1,+21.7,JB	+7.05,-5.5,+20.2,MB	+2.38,+262.6,+20.8,JB	+6.99,-1.0,+20.1,KB	
1701752009.312762	+6.66,+9.3,+21.6,@B	+6.38,+30.3,+21.7,@A	+6.80,+8.1,+21.6,KB	+7.05,-5.6,+20.2,NB	+2.38,+262.7,+20.8,KB	+6.99,-1.0,+20.2,HB	
1701752071.3200731	+6.66,+9.3,+21.6,@B	+6.38,+30.4,+21.7,GA	+6.80,+8.0,+21.7,KB	+7.05,-5.5,+20.2,MB	+2.38,+262.6,+20.8,JB	+6.99,-1.0,+20.1,KB	
1701752133.3306825	+6.66,+9.3,+21.6,@B	+6.38,+30.2,+21.7,AA	+6.80,+8.2,+21.7,IB	+7.05,-5.5,+20.2,MB	+2.38,+262.6,+20.8,JB	+6.99,-1.0,+20.2,HB	
1701752195.3382125	+6.66,+9.3,+21.6,@B	+6.38,+30.4,+21.7,GA	+6.80,+8.0,+21.7,KB	+7.05,-5.5,+20.2,MB	+2.38,+262.6,+20.8,JB	+6.99,-0.9,+20.2,@B	
1701752257.3481648	+6.66,+9.3,+21.6,@B	+6.38,+30.4,+21.7,GA	+6.80,+8.0,+21.7,KB	+7.05,-5.6,+20.2,NB	+2.38,+262.6,+20.8,JB	+6.99,-1.0,+20.2,HB	
1701752319.3580182	+6.66,+9.3,+21.6,@B	+6.38,+30.3,+21.7,@A	+6.80,+8.2,+21.7,IB	+7.05,-5.5,+20.2,MB	+2.38,+262.6,+20.8,JB	+6.99,-1.0,+20.2,HB	
1701752381.3676808	+6.66,+9.3,+21.6,@B	+6.39,+30.1,+21.7,CA	+6.80,+8.0,+21.7,KB	+7.05,-5.5,+20.2,MB	+2.38,+262.3,+20.8,OB	+6.99,-1.0,+20.2,HB	
1701752443.3779562	+6.66,+9.3,+21.6,@B	+6.39,+30.1,+21.7,CA	+6.80,+7.9,+21.7,MB	+7.05,-5.5,+20.2,MB	+2.38,+262.6,+20.8,JB	+6.99,-1.0,+20.2,HB	
1701752505.386231	+6.66,+9.3,+21.6,@B	+6.38,+30.1,+21.7,BA	+6.80,+8.2,+21.7,IB	+7.05,-5.5,+20.2,MB	+2.38,+262.6,+20.8,JB	+6.99,-1.0,+20.2,HB	
1701752567.3977263	+6.66,+9.3,+21.6,@B	+6.39,+30.1,+21.7,CA	+6.80,+8.0,+21.7,KB	+7.05,-5.5,+20.2,MB	+2.38,+262.6,+20.8,JB	+6.99,-1.0,+20.2,HB	
1701752629.4047182	+6.66,+9.4,+21.6,GB	+6.39,+30.1,+21.7,CA	+6.80,+7.9,+21.7,MB	+7.05,-5.6,+20.2,NB	+2.38,+262.6,+20.8,JB	+6.99,-1.0,+20.2,HB	
1701752691.4115396	+6.66,+9.3,+21.6,@B	+6.39,+30.1,+21.7,CA	+6.80,+8.1,+21.7,JB	+7.05,-5.5,+20.2,MB	+2.38,+262.6,+20.8,JB	+6.99,-0.9,+20.2,@B	
1701752753.4223528	+6.66,+9.4,+21.6,GB	+6.39,+30.1,+21.7,CA	+6.80,+8.0,+21.7,KB	+7.05,-5.5,+20.2,MB	+2.38,+262.5,+20.8,IB	+6.99,-1.0,+20.2,HB	
1701752815.4309087	+6.66,+9.3,+21.6,@B	+6.39,+30.1,+21.7,CA	+6.80,+8.0,+21.7,KB	+7.05,-5.6,+20.2,NB	+2.38,+262.6,+20.8,JB	+6.99,-1.0,+20.2,HB	
1701752877.4398134	+6.66,+9.3,+21.6,@B	+6.38,+30.3,+21.7,@A	+6.80,+8.1,+21.7,JB	+7.05,-5.5,+20.2,MB	+2.38,+262.6,+20.8,JB	+6.99,-0.9,+20.1,CB	
1701752939.449232	+6.66,+9.3,+21.6,@B	+6.38,+30.2,+21.7,AA	+6.80,+7.9,+21.7,MB	+7.05,-5.5,+20.2,MB	+2.38,+262.7,+20.8,KB	+6.99,-0.9,+20.2,@B	
1701753001.4591644	+6.66,+9.3,+21.6,@B	+6.38,+30.3,+21.7,@A	+6.80,+8.1,+21.7,JB	+7.05,-5.6,+20.2,NB	+2.38,+262.3,+20.8,OB	+6.99,-1.0,+20.2,HB	
1701753063.4685035	+6.66,+9.3,+21.6,@B	+6.38,+30.3,+21.7,@A	+6.80,+8.1,+21.7,JB	+7.05,-5.6,+20.2,NB	+2.37,+262.7,+20.8,DB	+6.99,-0.9,+20.2,@B	
1701753125.4749954	+6.66,+9.4,+21.6,GB	+6.38,+30.2,+21.7,AA	+6.80,+8.0,+21.7,KB	+7.05,-5.5,+20.2,MB	+2.38,+262.7,+20.8,KB	+6.99,-1.0,+20.2,HB	
1701753187.482083	+6.66,+9.3,+21.6,@B	+6.38,+30.2,+21.7,AA	+6.80,+8.1,+21.7,JB	+7.05,-5.5,+20.2,MB	+2.38,+262.7,+20.8,KB	+6.99,-1.0,+20.2,HB	
1701753249.4919558	+6.66,+9.3,+21.6,@B	+6.38,+30.3,+21.7,@A	+6.80,+8.0,+21.7,KB	+7.05,-5.5,+20.2,MB	+2.38,+262.7,+20.8,KB	+6.99,-1.0,+20.2,HB	
1701753311.502614	+6.66,+9.3,+21.6,@B	+6.38,+30.3,+21.7,@A	+6.80,+8.1,+21.7,JB	+7.05,-5.5,+20.2,MB	+2.37,+262.8,+20.8,KB	+6.99,-1.0,+20.2,HB	
1701753373.5111654	+6.66,+9.3,+21.6,@B	+6.38,+30.3,+21.8,OA	+6.80,+8.0,+21.7,KB	+7.05,-5.5,+20.2,MB	+2.38,+262.7,+20.8,KB	+6.99,-1.0,+20.2,HB	
1701753435.521197	+6.66,+9.4,+21.7,FB	+6.38,+30.1,+21.7,BA	+6.80,+8.1,+21.7,JB	+7.05,-5.6,+20.2,NB	+2.37,+262.7,+20.8,DB	+6.99,-1.0,+20.2,HB	
1701753497.5308967	+6.66,+9.5,+21.7,GB	+6.38,+30.2,+21.8,NA	+6.80,+8.0,+21.7,KB	+7.05,-5.6,+20.2,NB	+2.37,+262.8,+20.8,KB	+6.99,-1.0,+20.2,HB	
1701753559.5411549	+6.66,+9.4,+21.6,GB	+6.38,+30.3,+21.7,@A	+6.80,+7.9,+21.7,MB	+7.05,-5.6,+20.2,NB	+2.38,+262.7,+20.9,JB	+6.99,-1.0,+20.2,HB	
1701753621.5505195	+6.66,+9.4,+21.7,FB	+6.38,+30.2,+21.7,AA	+6.80,+7.8,+21.7,LB	+7.05,-5.6,+20.2,NB	+2.37,+262.8,+20.8,KB	+6.99,-1.0,+20.2,HB	
1701753683.5609033	+6.66,+9.4,+21.7,FB	+6.39,+30.1,+21.7,CA	+6.80,+8.1,+21.7,JB	+7.05,-5.6,+20.2,NB	+2.37,+262.8,+20.9,JB	+6.99,-1.0,+20.2,HB	
1701753745.5715277	+6.66,+9.4,+21.7,FB	+6.39,+30.1,+21.8,LA	+6.80,+7.9,+21.7,MB	+7.05,-5.6,+20.2,NB	+2.37,+262.8,+20.8,KB	+6.99,-1.0,+20.2,HB	
1701753807.5785155	+6.66,+9.4,+21.6,GB	+6.38,+30.2,+21.8,NA	+6.80,+8.1,+21.7,JB	+7.05,-5.5,+20.2,MB	+2.38,+262.6,+20.8,JB	+6.99,-1.0,+20.2,HB	
1701753869.5879602	+6.66,+9.4,+21.7,FB	+6.38,+30.3,+21.8,OA	+6.80,+8.0,+21.7,KB	+7.05,-5.5,+20.2,MB	+2.38,+262.5,+20.9,HB	+6.99,-1.0,+20.2,HB	
1701753931.59792	+6.66,+9.4,+21.7,FB	+6.39,+30.1,+21.7,CA	+6.80,+7.9,+21.7,MB	+7.05,-5.5,+20.2,MB	+2.38,+262.6,+20.9,KB	+6.99,-1.0,+20.2,HB	
1701753993.6076293	+6.66,+9.5,+21.6,FB	+6.38,+30.2,+21.7,AA	+6.80,+8.0,+21.7,KB	+7.05,-5.6,+20.2,NB	+2.38,+262.6,+20.9,KB	+6.99,-1.0,+20.2,HB	
1701754055.615687	+6.66,+9.4,+21.7,FB	+6.38,+30.2,+21.7,AA	+6.80,+8.0,+21.7,KB	+7.05,-5.5,+20.2,MB	+2.38,+262.5,+20.8,IB	+6.99,-1.0,+20.2,HB	
1701754117.6242526	+6.66,+9.4,+21.7,FB	+6.38,+30.3,+21.8,OA	+6.80,+8.0,+21.7,KB	+7.05,-5.5,+20.2,MB	+2.38,+262.6,+20.9,KB	+6.99,-1.0,+20.2,HB	
1701754179.634284	+6.66,+9.4,+21.7,FB	+6.38,+30.2,+21.7,AA	+6.80,+8.0,+21.7,KB	+7.05,-5.6,+20.2,NB	+2.38,+262.6,+20.8,JB	+6.99,-1.0,+20.2,HB	
1701754241.6439164	+6.66,+9.4,+21.7,FB	+6.38,+30.2,+21.8,NA	+6.80,+8.1,+21.7,JB	+7.05,-5.6,+20.2,NB	+2.38,+262.5,+20.9,HB	+6.99,-1.0,+20.2,HB	
1701754303.6541612	+6.66,+9.4,+21.7,FB	+6.38,+30.3,+21.7,@A	+6.80,+7.9,+21.7,MB	+7.05,-5.6,+20.2,NB	+2.38,+262.6,+20.9,KB	+6.99,-0.9,+20.2,@B	
1701754549.217458	+6.66,+9.4,+21.7,FB	+6.38,+30.3,+21.8,OA	+6.80,+8.0,+21.7,KB	+7.05,-5.6,+20.2,NB	+2.38,+262.3,+20.9,NB	+6.99,-1.0,+20.2,HB	
