62309060476	62309060477	62309060478	62309060479	62309060481	62309060482	
1701019784.228004	+6.57,+14.6,+22.3,MA	+6.24,+38.5,+22.3,DA	+6.54,+23.0,+22.4,KA	+6.86,+5.2,+20.8,LB	+2.37,+263.5,+21.5,KB	+6.88,+5.3,+20.8,CB	
1701019846.2370455	+6.57,+14.6,+22.4,JA	+6.24,+38.5,+22.3,DA	+6.54,+23.1,+22.3,MA	+6.86,+5.1,+20.8,OB	+2.37,+263.6,+21.5,HB	+6.88,+5.3,+20.8,CB	
1701019908.2469463	+6.57,+14.6,+22.4,JA	+6.24,+38.6,+22.3,GA	+6.54,+23.1,+22.4,JA	+6.86,+5.1,+20.8,OB	+2.37,+263.5,+21.5,KB	+6.88,+5.4,+20.8,DB	
1701019970.2568436	+6.57,+14.6,+22.4,JA	+6.24,+38.6,+22.3,GA	+6.54,+23.1,+22.4,JA	+6.86,+5.1,+20.8,OB	+2.38,+263.3,+21.5,BB	+6.88,+5.3,+20.8,CB	
1701020032.2650578	+6.57,+14.6,+22.4,JA	+6.24,+38.6,+22.3,GA	+6.54,+23.1,+22.3,MA	+6.86,+5.1,+20.8,OB	+2.37,+263.4,+21.5,JB	+6.88,+5.4,+20.8,DB	
1701020094.2748027	+6.57,+14.7,+22.3,LA	+6.24,+38.6,+22.3,GA	+6.54,+23.1,+22.4,JA	+6.86,+5.1,+20.8,OB	+2.37,+263.6,+21.5,HB	+6.88,+5.3,+20.8,CB	
1701020156.2828417	+6.57,+14.6,+22.3,MA	+6.24,+38.6,+22.3,GA	+6.54,+23.1,+22.4,JA	+6.86,+5.2,+20.8,LB	+2.38,+263.3,+21.5,BB	+6.88,+5.3,+20.8,CB	
1701020218.2897549	+6.57,+14.6,+22.3,MA	+6.24,+38.6,+22.3,GA	+6.54,+23.1,+22.4,JA	+6.86,+5.1,+20.8,OB	+2.37,+263.7,+21.5,IB	+6.88,+5.3,+20.8,CB	
1701020280.3015053	+6.57,+14.6,+22.3,MA	+6.24,+38.6,+22.3,GA	+6.54,+23.1,+22.4,JA	+6.86,+5.1,+20.8,OB	+2.37,+263.6,+21.5,HB	+6.88,+5.4,+20.8,DB	
1701020342.3093219	+6.57,+14.6,+22.4,JA	+6.24,+38.6,+22.3,GA	+6.54,+23.1,+22.3,MA	+6.86,+5.2,+20.8,LB	+2.37,+263.7,+21.5,IB	+6.88,+5.4,+20.8,DB	
1701020404.318487	+6.57,+14.6,+22.3,MA	+6.24,+38.6,+22.3,GA	+6.54,+23.1,+22.3,MA	+6.86,+5.2,+20.8,LB	+2.36,+264.0,+21.5,HB	+6.88,+5.4,+20.8,DB	
1701020466.3267763	+6.57,+14.6,+22.4,JA	+6.24,+38.5,+22.3,DA	+6.54,+23.1,+22.4,JA	+6.86,+5.1,+20.8,OB	+2.36,+264.1,+21.5,IB	+6.88,+5.4,+20.8,DB	
1701020711.902206	+6.57,+14.6,+22.3,MA	+6.24,+38.6,+22.3,GA	+6.54,+23.1,+22.3,MA	+6.86,+5.1,+20.8,OB	+2.37,+263.7,+21.5,IB	+6.88,+5.3,+20.8,CB	
1701020773.911955	+6.57,+14.6,+22.3,MA	+6.24,+38.5,+22.3,DA	+6.54,+23.1,+22.3,MA	+6.86,+5.1,+20.8,OB	+2.37,+263.8,+21.5,FB	+6.88,+5.4,+20.8,DB	
1701020835.918896	+6.57,+14.6,+22.3,MA	+6.24,+38.5,+22.3,DA	+6.54,+23.1,+22.3,MA	+6.86,+5.1,+20.8,OB	+2.37,+263.8,+21.5,FB	+6.88,+5.3,+20.8,CB	
1701020897.9265716	+6.57,+14.6,+22.3,MA	+6.24,+38.5,+22.3,DA	+6.54,+23.1,+22.4,JA	+6.86,+5.1,+20.8,OB	+2.37,+263.7,+21.5,IB	+6.88,+5.3,+20.8,CB	
1701020959.935988	+6.57,+14.6,+22.3,MA	+6.24,+38.5,+22.3,DA	+6.54,+23.1,+22.4,JA	+6.86,+5.1,+20.8,OB	+2.37,+263.8,+21.5,FB	+6.88,+5.4,+20.8,DB	
1701021021.9428468	+6.57,+14.6,+22.3,MA	+6.24,+38.6,+22.3,GA	+6.54,+23.1,+22.3,MA	+6.86,+5.1,+20.8,OB	+2.36,+263.9,+21.5,FB	+6.88,+5.3,+20.8,CB	
1701021083.9523408	+6.57,+14.6,+22.4,JA	+6.24,+38.6,+22.3,GA	+6.54,+23.0,+22.3,LA	+6.86,+5.1,+20.8,OB	+2.37,+263.9,+21.5,GB	+6.88,+5.3,+20.8,CB	
1701021145.957799	+6.57,+14.6,+22.3,MA	+6.24,+38.5,+22.3,DA	+6.54,+23.1,+22.3,MA	+6.86,+5.1,+20.8,OB	+2.36,+264.0,+21.5,HB	+6.88,+5.3,+20.8,CB	
1701021207.966315	+6.57,+14.6,+22.3,MA	+6.24,+38.5,+22.3,DA	+6.54,+23.1,+22.3,MA	+6.86,+5.2,+20.8,LB	+2.37,+263.8,+21.5,FB	+6.88,+5.3,+20.8,CB	
1701021269.9747202	+6.57,+14.6,+22.3,MA	+6.24,+38.5,+22.3,DA	+6.54,+23.1,+22.4,JA	+6.86,+5.1,+20.8,OB	+2.36,+264.1,+21.5,IB	+6.88,+5.3,+20.8,CB	
1701021331.982853	+6.57,+14.6,+22.3,MA	+6.24,+38.5,+22.3,DA	+6.54,+23.1,+22.3,MA	+6.86,+5.1,+20.8,OB	+2.36,+264.3,+21.5,KB	+6.88,+5.3,+20.8,CB	
1701021393.990304	+6.57,+14.6,+22.3,MA	+6.24,+38.5,+22.3,DA	+6.54,+23.1,+22.4,JA	+6.86,+5.1,+20.8,OB	+2.36,+264.2,+21.5,JB	+6.88,+5.3,+20.8,CB	
1701021455.9986105	+6.57,+14.6,+22.4,JA	+6.24,+38.5,+22.3,DA	+6.54,+23.1,+22.4,JA	+6.86,+5.1,+20.8,OB	+2.36,+264.0,+21.5,HB	+6.88,+5.3,+20.8,CB	
1701021518.0075965	+6.57,+14.6,+22.3,MA	+6.24,+38.6,+22.3,GA	+6.54,+23.1,+22.4,JA	+6.86,+5.1,+20.8,OB	+2.37,+263.3,+21.5,MB	+6.88,+5.3,+20.8,CB	
1701021580.016121	+6.57,+14.6,+22.3,MA	+6.24,+38.5,+22.3,DA	+6.54,+23.1,+22.4,JA	+6.86,+5.1,+20.8,OB	+2.37,+263.6,+21.5,HB	+6.88,+5.4,+20.8,DB	
1701021642.025971	+6.57,+14.6,+22.3,MA	+6.24,+38.5,+22.3,DA	+6.54,+23.1,+22.4,JA	+6.86,+5.1,+20.8,OB	+2.37,+263.7,+21.5,IB	+6.88,+5.3,+20.8,CB	
1701021704.0350602	+6.57,+14.6,+22.4,JA	+6.24,+38.4,+22.3,EA	+6.54,+23.0,+22.4,KA	+6.86,+5.1,+20.8,OB	+2.37,+263.7,+21.5,IB	+6.88,+5.4,+20.8,DB	
1701021766.0433471	+6.57,+14.6,+22.3,MA	+6.24,+38.5,+22.3,DA	+6.54,+23.1,+22.4,JA	+6.86,+5.1,+20.8,OB	+2.37,+263.8,+21.5,FB	+6.88,+5.3,+20.8,CB	
1701021828.0353842	+6.57,+14.6,+22.3,MA	+6.24,+38.5,+22.3,DA	+6.54,+23.1,+22.4,JA	+6.87,+5.0,+20.8,OB	+2.37,+263.7,+21.5,IB	+6.88,+5.3,+20.8,CB	
1701021890.0430782	+6.57,+14.6,+22.3,MA	+6.24,+38.5,+22.3,DA	+6.54,+23.1,+22.4,JA	+6.86,+5.1,+20.8,OB	+2.37,+263.8,+21.5,FB	+6.88,+5.3,+20.8,CB	
1701021952.049411	+6.57,+14.5,+22.4,IA	+6.24,+38.5,+22.3,DA	+6.54,+23.1,+22.4,JA	+6.86,+5.1,+20.8,OB	+2.37,+263.8,+21.5,FB	+6.88,+5.4,+20.8,DB	
1701022014.0576358	+6.57,+14.6,+22.3,MA	+6.24,+38.5,+22.3,DA	+6.54,+23.1,+22.4,JA	+6.86,+5.1,+20.8,OB	+2.37,+263.8,+21.5,FB	+6.88,+5.4,+20.8,DB	
1701022076.0649295	+6.57,+14.6,+22.3,MA	+6.24,+38.5,+22.3,DA	+6.54,+23.1,+22.3,MA	+6.86,+5.1,+20.8,OB	+2.37,+263.8,+21.5,FB	+6.88,+5.4,+20.8,DB	
1701022138.0726569	+6.57,+14.6,+22.4,JA	+6.24,+38.5,+22.3,DA	+6.54,+23.1,+22.3,MA	+6.86,+5.1,+20.8,OB	+2.36,+264.0,+21.5,HB	+6.88,+5.4,+20.8,DB	
1701022200.0838249	+6.57,+14.6,+22.3,MA	+6.24,+38.4,+22.3,EA	+6.54,+23.1,+22.4,JA	+6.86,+5.1,+20.8,OB	+2.39,+262.5,+21.5,DB	+6.88,+5.4,+20.8,DB	
1701022262.0895185	+6.57,+14.6,+22.3,MA	+6.24,+38.5,+22.3,DA	+6.54,+23.1,+22.4,JA	+6.86,+5.1,+20.8,OB	+2.36,+263.9,+21.5,FB	+6.88,+5.4,+20.8,DB	
1701022324.0977418	+6.57,+14.6,+22.3,MA	+6.24,+38.5,+22.3,DA	+6.54,+23.1,+22.3,MA	+6.86,+5.1,+20.8,OB	+2.37,+263.8,+21.5,FB	+6.88,+5.2,+20.8,BB	
1701022386.1018655	+6.57,+14.5,+22.3,NA	+6.24,+38.5,+22.3,DA	+6.54,+23.1,+22.3,MA	+6.87,+5.0,+20.8,OB	+2.36,+264.1,+21.5,IB	+6.88,+5.3,+20.8,CB	
1701022448.1112814	+6.57,+14.6,+22.3,MA	+6.24,+38.4,+22.3,EA	+6.54,+23.1,+22.4,JA	+6.86,+5.1,+20.8,OB	+2.36,+264.3,+21.5,KB	+6.88,+5.4,+20.8,DB	
1701022510.1201267	+6.57,+14.6,+22.4,JA	+6.24,+38.5,+22.3,DA	+6.54,+23.1,+22.4,JA	+6.86,+5.1,+20.8,OB	+2.36,+264.1,+21.5,IB	+6.88,+5.3,+20.8,CB	
1701022572.125504	+6.57,+14.6,+22.3,MA	+6.24,+38.4,+22.3,EA	+6.54,+23.2,+22.4,IA	+6.86,+5.1,+20.8,OB	+2.36,+264.3,+21.5,KB	+6.88,+5.3,+20.8,CB	
1701022634.1336272	+6.57,+14.6,+22.3,MA	+6.24,+38.5,+22.3,DA	+6.54,+23.1,+22.3,MA	+6.86,+5.1,+20.8,OB	+2.36,+264.4,+21.5,LB	+6.88,+5.3,+20.8,CB	
1701022696.1416707	+6.57,+14.6,+22.3,MA	+6.24,+38.5,+22.3,DA	+6.54,+23.1,+22.3,MA	+6.87,+5.0,+20.8,OB	+2.36,+264.4,+21.5,LB	+6.88,+5.3,+20.8,CB	
1701022758.1501462	+6.57,+14.6,+22.3,MA	+6.24,+38.4,+22.3,EA	+6.54,+23.1,+22.4,JA	+6.86,+5.1,+20.8,OB	+2.35,+264.5,+21.5,NB	+6.88,+5.3,+20.8,CB	
1701022820.1590915	+6.57,+14.6,+22.3,MA	+6.24,+38.5,+22.3,DA	+6.54,+23.1,+22.4,JA	+6.86,+5.1,+20.8,OB	+2.36,+264.5,+21.5,MB	+6.88,+5.3,+20.8,CB	
1701022882.167341	+6.57,+14.6,+22.4,JA	+6.24,+38.5,+22.3,DA	+6.54,+23.1,+22.4,JA	+6.86,+5.1,+20.8,OB	+2.35,+264.7,+21.5,LB	+6.88,+5.3,+20.8,CB	
1701022944.1754994	+6.57,+14.6,+22.4,JA	+6.24,+38.4,+22.3,EA	+6.54,+23.1,+22.4,JA	+6.86,+5.1,+20.8,OB	+2.35,+264.8,+21.5,CB	+6.88,+5.3,+20.8,CB	
1701023006.1838832	+6.57,+14.5,+22.3,NA	+6.24,+38.4,+22.4,BA	+6.54,+23.1,+22.4,JA	+6.86,+5.1,+20.8,OB	+2.36,+264.3,+21.5,KB	+6.88,+5.3,+20.8,CB	
1701023068.1923842	+6.57,+14.6,+22.4,JA	+6.24,+38.4,+22.3,EA	+6.54,+23.1,+22.4,JA	+6.86,+5.1,+20.8,OB	+2.36,+264.3,+21.5,KB	+6.88,+5.2,+20.8,BB	
1701023130.2016752	+6.57,+14.6,+22.4,JA	+6.24,+38.4,+22.4,BA	+6.54,+23.1,+22.4,JA	+6.86,+5.1,+20.8,OB	+2.35,+264.6,+21.5,MB	+6.88,+5.2,+20.8,BB	
1701023192.2104683	+6.57,+14.6,+22.3,MA	+6.24,+38.4,+22.3,EA	+6.54,+23.1,+22.4,JA	+6.86,+5.1,+20.8,OB	+2.35,+264.7,+21.5,LB	+6.88,+5.3,+20.8,CB	
1701023254.220785	+6.57,+14.7,+22.4,KA	+6.24,+38.4,+22.4,BA	+6.54,+23.1,+22.3,MA	+6.86,+5.1,+20.8,OB	+2.34,+265.1,+21.5,JB	+6.88,+5.4,+20.8,DB	
1701023316.2285573	+6.57,+14.6,+22.3,MA	+6.24,+38.5,+22.4,CA	+6.54,+23.1,+22.3,MA	+6.86,+5.1,+20.8,OB	+2.34,+265.1,+21.5,JB	+6.88,+5.4,+20.8,DB	
1701023378.236471	+6.57,+14.6,+22.4,JA	+6.24,+38.4,+22.3,EA	+6.54,+23.1,+22.4,JA	+6.86,+5.1,+20.8,OB	+2.35,+264.9,+21.5,BB	+6.88,+5.2,+20.8,BB	
1701023440.2451391	+6.57,+14.6,+22.4,JA	+6.24,+38.4,+22.3,EA	+6.54,+23.1,+22.4,JA	+6.86,+5.1,+20.8,OB	+2.34,+265.2,+21.5,IB	+6.88,+5.3,+20.8,CB	
1701023502.2541046	+6.57,+14.6,+22.4,JA	+6.24,+38.4,+22.3,EA	+6.54,+23.0,+22.3,LA	+6.86,+5.1,+20.8,OB	+2.34,+265.3,+21.5,HB	+6.88,+5.2,+20.8,BB	
1701023564.2626176	+6.57,+14.6,+22.3,MA	+6.24,+38.4,+22.3,EA	+6.54,+23.1,+22.3,MA	+6.86,+5.1,+20.8,OB	+2.34,+265.4,+21.5,OB	+6.88,+5.2,+20.8,BB	
1701023626.2715635	+6.57,+14.6,+22.3,MA	+6.24,+38.4,+22.3,EA	+6.54,+23.1,+22.4,JA	+6.87,+5.0,+20.8,OB	+2.34,+265.4,+21.5,OB	+6.88,+5.2,+20.8,BB	
1701023688.2824912	+6.57,+14.6,+22.4,JA	+6.24,+38.4,+22.3,EA	+6.54,+23.1,+22.3,MA	+6.86,+5.1,+20.8,OB	+2.34,+265.3,+21.5,HB	+6.88,+5.3,+20.8,CB	
1701023750.2926939	+6.57,+14.6,+22.3,MA	+6.24,+38.4,+22.3,EA	+6.54,+23.1,+22.3,MA	+6.86,+5.1,+20.8,OB	+2.34,+265.2,+21.5,IB	+6.88,+5.3,+20.8,CB	
1701023812.3011203	+6.57,+14.6,+22.3,MA	+6.24,+38.5,+22.3,DA	+6.54,+23.1,+22.3,MA	+6.86,+5.1,+20.8,OB	+2.34,+265.3,+21.5,HB	+6.88,+5.2,+20.8,BB	
1701023874.3104362	+6.57,+14.6,+22.3,MA	+6.24,+38.4,+22.3,EA	+6.54,+23.1,+22.4,JA	+6.86,+5.1,+20.8,OB	+2.34,+265.5,+21.5,NB	+6.88,+5.3,+20.8,CB	
1701023936.3180833	+6.57,+14.6,+22.3,MA	+6.24,+38.4,+22.3,EA	+6.54,+23.1,+22.4,JA	+6.86,+5.1,+20.8,OB	+2.34,+265.5,+21.5,NB	+6.88,+5.3,+20.8,CB	
1701023998.3259175	+6.57,+14.6,+22.3,MA	+6.24,+38.4,+22.3,EA	+6.54,+23.1,+22.4,JA	+6.86,+5.1,+20.8,OB	+2.34,+265.5,+21.5,NB	+6.88,+5.3,+20.8,CB	
1701024060.3376603	+6.57,+14.6,+22.4,JA	+6.24,+38.4,+22.3,EA	+6.54,+23.1,+22.4,JA	+6.87,+5.0,+20.8,OB	+2.34,+265.3,+21.5,HB	+6.88,+5.3,+20.8,CB	
1701024122.3464696	+6.57,+14.6,+22.4,JA	+6.24,+38.4,+22.3,EA	+6.54,+23.1,+22.3,MA	+6.86,+5.1,+20.8,OB	+2.34,+265.2,+21.5,IB	+6.88,+5.3,+20.8,CB	
1701024184.3569098	+6.57,+14.6,+22.4,JA	+6.24,+38.4,+22.3,EA	+6.54,+23.1,+22.4,JA	+6.86,+5.1,+20.8,OB	+2.36,+264.0,+21.5,HB	+6.88,+5.3,+20.8,CB	
1701024246.3670638	+6.57,+14.6,+22.3,MA	+6.24,+38.4,+22.3,EA	+6.54,+23.1,+22.3,MA	+6.86,+5.1,+20.8,OB	+2.33,+265.7,+21.5,KB	+6.88,+5.2,+20.8,BB	
1701024308.3756871	+6.57,+14.6,+22.3,MA	+6.24,+38.4,+22.3,EA	+6.54,+23.1,+22.3,MA	+6.87,+5.0,+20.8,OB	+2.34,+265.6,+21.5,MB	+6.88,+5.2,+20.8,BB	
1701024553.9996092	+6.57,+14.6,+22.3,MA	+6.24,+38.4,+22.4,BA	+6.54,+23.1,+22.4,JA	+6.87,+5.0,+20.8,OB	+2.34,+265.4,+21.5,OB	+6.88,+5.3,+20.8,CB	
1701024616.007068	+6.57,+14.6,+22.4,JA	+6.24,+38.4,+22.3,EA	+6.54,+23.1,+22.4,JA	+6.87,+5.0,+20.8,OB	+2.34,+265.6,+21.5,MB	+6.88,+5.4,+20.8,DB	
1701024678.016358	+6.57,+14.6,+22.4,JA	+6.24,+38.4,+22.3,EA	+6.54,+23.1,+22.4,JA	+6.86,+5.1,+20.8,OB	+2.33,+265.7,+21.5,KB	+6.88,+5.3,+20.8,CB	
1701024740.0260081	+6.57,+14.6,+22.3,MA	+6.24,+38.4,+22.3,EA	+6.54,+23.0,+22.3,LA	+6.87,+5.0,+20.8,OB	+2.34,+265.5,+21.5,NB	+6.88,+5.3,+20.8,CB	
1701024802.035584	+6.57,+14.6,+22.4,JA	+6.24,+38.4,+22.3,EA	+6.54,+23.1,+22.4,JA	+6.86,+5.1,+20.8,OB	+2.34,+265.5,+21.5,NB	+6.88,+5.3,+20.8,CB	
1701024864.0451965	+6.57,+14.5,+22.4,IA	+6.24,+38.4,+22.4,BA	+6.54,+23.1,+22.3,MA	+6.86,+5.1,+20.8,OB	+2.34,+265.6,+21.5,MB	+6.88,+5.3,+20.8,CB	
1701024926.055993	+6.57,+14.5,+22.3,NA	+6.24,+38.4,+22.3,EA	+6.54,+23.1,+22.3,MA	+6.87,+5.0,+20.8,OB	+2.33,+265.7,+21.5,KB	+6.88,+5.3,+20.8,CB	
1701024988.0652275	+6.57,+14.5,+22.4,IA	+6.25,+38.3,+22.3,CA	+6.54,+23.0,+22.4,KA	+6.87,+5.0,+20.8,OB	+2.33,+265.7,+21.5,KB	+6.88,+5.3,+20.8,CB	
1701025050.0747583	+6.57,+14.5,+22.3,NA	+6.25,+38.3,+22.3,CA	+6.54,+23.1,+22.3,MA	+6.87,+5.0,+20.8,OB	+2.33,+265.8,+21.5,DB	+6.88,+5.3,+20.8,CB	
1701025112.0845034	+6.57,+14.6,+22.3,MA	+6.25,+38.3,+22.3,CA	+6.54,+23.1,+22.3,MA	+6.86,+5.1,+20.8,OB	+2.33,+265.9,+21.5,EB	+6.88,+5.3,+20.8,CB	
1701025174.0915487	+6.57,+14.6,+22.3,MA	+6.24,+38.4,+22.3,EA	+6.54,+23.0,+22.4,KA	+6.87,+5.0,+20.8,OB	+2.33,+265.9,+21.5,EB	+6.88,+5.3,+20.8,CB	
1701025236.1013818	+6.57,+14.6,+22.3,MA	+6.25,+38.3,+22.3,CA	+6.54,+23.1,+22.4,JA	+6.86,+5.1,+20.8,OB	+2.33,+265.8,+21.5,DB	+6.88,+5.3,+20.8,CB	
1701025298.110112	+6.57,+14.6,+22.3,MA	+6.24,+38.4,+22.3,EA	+6.54,+23.1,+22.4,JA	+6.87,+5.0,+20.8,OB	+2.33,+265.8,+21.5,DB	+6.88,+5.3,+20.8,CB	
1701025360.1201317	+6.57,+14.6,+22.3,MA	+6.24,+38.4,+22.3,EA	+6.54,+23.1,+22.3,MA	+6.87,+5.0,+20.8,OB	+2.34,+265.6,+21.5,MB	+6.88,+5.3,+20.8,CB	
1701025422.126911	+6.57,+14.6,+22.3,MA	+6.24,+38.4,+22.3,EA	+6.54,+23.1,+22.3,MA	+6.87,+5.0,+20.8,OB	+2.33,+265.7,+21.5,KB	+6.88,+5.2,+20.8,BB	
1701025484.1358562	+6.57,+14.6,+22.4,JA	+6.25,+38.3,+22.3,CA	+6.54,+23.1,+22.4,JA	+6.86,+5.1,+20.8,OB	+2.34,+265.6,+21.5,MB	+6.88,+5.4,+20.8,DB	
1701025546.1463504	+6.57,+14.6,+22.3,MA	+6.25,+38.3,+22.3,CA	+6.54,+23.1,+22.3,MA	+6.87,+5.0,+20.8,OB	+2.33,+265.8,+21.5,DB	+6.88,+5.2,+20.8,BB	
1701025608.1568806	+6.57,+14.6,+22.3,MA	+6.24,+38.4,+22.3,EA	+6.54,+23.1,+22.3,MA	+6.87,+5.0,+20.8,OB	+2.33,+265.8,+21.5,DB	+6.88,+5.2,+20.8,BB	
1701025670.1669974	+6.57,+14.6,+22.3,MA	+6.25,+38.3,+22.3,CA	+6.54,+23.1,+22.3,MA	+6.86,+5.1,+20.8,OB	+2.33,+265.9,+21.5,EB	+6.88,+5.3,+20.8,CB	
1701025732.177807	+6.57,+14.5,+22.3,NA	+6.25,+38.3,+22.3,CA	+6.54,+23.1,+22.3,MA	+6.86,+5.0,+20.8,NB	+2.33,+265.8,+21.5,DB	+6.88,+5.3,+20.8,CB	
1701025794.1884363	+6.57,+14.6,+22.3,MA	+6.25,+38.3,+22.3,CA	+6.54,+23.1,+22.3,MA	+6.87,+5.0,+20.8,OB	+2.33,+265.8,+21.5,DB	+6.88,+5.2,+20.8,BB	
1701025856.195587	+6.57,+14.6,+22.3,MA	+6.25,+38.3,+22.3,CA	+6.54,+23.1,+22.4,JA	+6.87,+5.0,+20.8,OB	+2.35,+264.9,+21.5,BB	+6.88,+5.3,+20.8,CB	
1701025918.2024071	+6.57,+14.6,+22.3,MA	+6.25,+38.3,+22.3,CA	+6.54,+23.1,+22.4,JA	+6.86,+5.1,+20.8,OB	+2.35,+264.8,+21.5,CB	+6.88,+5.2,+20.8,BB	
1701025980.214056	+6.57,+14.5,+22.3,NA	+6.25,+38.3,+22.3,CA	+6.54,+23.1,+22.4,JA	+6.86,+5.1,+20.8,OB	+2.35,+264.8,+21.5,CB	+6.88,+5.3,+20.8,CB	
1701026042.2229383	+6.57,+14.5,+22.3,NA	+6.25,+38.2,+22.3,BA	+6.54,+23.1,+22.4,JA	+6.87,+5.0,+20.8,OB	+2.36,+264.4,+21.5,LB	+6.88,+5.2,+20.8,BB	
1701026104.232025	+6.57,+14.6,+22.3,MA	+6.25,+38.3,+22.3,CA	+6.54,+23.1,+22.4,JA	+6.87,+5.0,+20.8,OB	+2.35,+264.7,+21.5,LB	+6.88,+5.3,+20.8,CB	
1701026166.240629	+6.57,+14.5,+22.3,NA	+6.25,+38.3,+22.4,DA	+6.54,+23.1,+22.4,JA	+6.86,+5.0,+20.8,NB	+2.42,+260.6,+21.5,IB	+6.88,+5.3,+20.8,CB	
1701026228.250409	+6.57,+14.6,+22.3,MA	+6.25,+38.3,+22.4,DA	+6.54,+23.1,+22.4,JA	+6.86,+5.1,+20.8,OB	+2.42,+260.6,+21.5,IB	+6.88,+5.3,+20.8,CB	
1701026290.2596374	+6.57,+14.6,+22.4,JA	+6.25,+38.3,+22.3,CA	+6.54,+23.1,+22.4,JA	+6.87,+5.0,+20.8,OB	+2.42,+260.9,+21.5,FB	+6.88,+5.3,+20.8,CB	
1701026352.2674947	+6.57,+14.6,+22.3,MA	+6.25,+38.3,+22.3,CA	+6.54,+23.1,+22.4,JA	+6.87,+5.0,+20.8,OB	+2.42,+260.8,+21.5,GB	+6.88,+5.3,+20.8,CB	
1701026414.27879	+6.57,+14.5,+22.4,IA	+6.24,+38.4,+22.3,EA	+6.54,+23.1,+22.4,JA	+6.87,+5.0,+20.8,OB	+2.42,+260.9,+21.5,FB	+6.88,+5.3,+20.8,CB	
1701026476.2874289	+6.57,+14.6,+22.3,MA	+6.25,+38.2,+22.3,BA	+6.54,+23.1,+22.4,JA	+6.87,+5.0,+20.8,OB	+2.41,+261.2,+21.5,OB	+6.88,+5.3,+20.8,CB	
1701026538.2972763	+6.57,+14.5,+22.3,NA	+6.25,+38.3,+22.3,CA	+6.54,+23.1,+22.3,MA	+6.87,+5.0,+20.8,OB	+2.41,+261.3,+21.5,NB	+6.88,+5.3,+20.8,CB	
1701026600.3067904	+6.57,+14.5,+22.3,NA	+6.25,+38.3,+22.3,CA	+6.54,+23.1,+22.4,JA	+6.87,+5.0,+20.8,OB	+2.41,+261.5,+21.5,HB	+6.88,+5.3,+20.8,CB	
1701026662.316215	+6.57,+14.6,+22.3,MA	+6.25,+38.3,+22.3,CA	+6.54,+23.1,+22.3,MA	+6.87,+5.0,+20.8,OB	+2.41,+261.6,+21.5,KB	+6.88,+5.3,+20.8,CB	
1701026724.3255317	+6.57,+14.6,+22.3,MA	+6.25,+38.3,+22.3,CA	+6.54,+23.1,+22.3,MA	+6.86,+5.0,+20.8,NB	+2.40,+261.7,+21.5,KB	+6.88,+5.3,+20.8,CB	
1701026786.3337202	+6.57,+14.5,+22.3,NA	+6.25,+38.3,+22.3,CA	+6.54,+23.1,+22.3,MA	+6.87,+5.0,+20.8,OB	+2.41,+261.5,+21.5,HB	+6.88,+5.3,+20.8,CB	
1701026848.3426921	+6.57,+14.6,+22.3,MA	+6.25,+38.2,+22.3,BA	+6.54,+23.1,+22.3,MA	+6.87,+5.0,+20.8,OB	+2.40,+261.7,+21.5,KB	+6.88,+5.3,+20.8,CB	
1701026910.351977	+6.57,+14.5,+22.3,NA	+6.25,+38.2,+22.3,BA	+6.54,+23.1,+22.3,MA	+6.87,+5.0,+20.8,OB	+2.37,+263.8,+21.5,FB	+6.88,+5.2,+20.8,BB	
1701026972.3613977	+6.57,+14.6,+22.3,MA	+6.25,+38.2,+22.3,BA	+6.54,+23.1,+22.3,MA	+6.87,+5.0,+20.8,OB	+2.37,+263.9,+21.5,GB	+6.88,+5.3,+20.8,CB	
1701027034.368014	+6.57,+14.6,+22.3,MA	+6.25,+38.3,+22.3,CA	+6.54,+23.1,+22.3,MA	+6.87,+5.0,+20.8,OB	+2.37,+263.8,+21.5,FB	+6.88,+5.3,+20.8,CB	
1701027096.377541	+6.57,+14.5,+22.3,NA	+6.25,+38.3,+22.3,CA	+6.54,+23.1,+22.3,MA	+6.87,+5.0,+20.8,OB	+2.37,+263.6,+21.5,HB	+6.88,+5.3,+20.8,CB	
1701027158.3855002	+6.57,+14.6,+22.3,MA	+6.25,+38.2,+22.3,BA	+6.54,+23.1,+22.3,MA	+6.86,+5.1,+20.8,OB	+2.37,+263.8,+21.5,FB	+6.88,+5.3,+20.8,CB	
1701027220.392695	+6.57,+14.5,+22.3,NA	+6.25,+38.2,+22.3,BA	+6.54,+23.1,+22.3,MA	+6.87,+5.0,+20.8,OB	+2.36,+264.0,+21.5,HB	+6.88,+5.3,+20.8,CB	
1701027282.3999705	+6.57,+14.5,+22.3,NA	+6.25,+38.2,+22.3,BA	+6.54,+23.1,+22.3,MA	+6.87,+5.0,+20.8,OB	+2.37,+263.9,+21.5,GB	+6.88,+5.3,+20.8,CB	
1701027344.4080324	+6.57,+14.5,+22.3,NA	+6.25,+38.2,+22.3,BA	+6.54,+23.1,+22.4,JA	+6.86,+5.0,+20.8,NB	+2.36,+264.0,+21.5,HB	+6.88,+5.3,+20.8,CB	
1701027406.4174309	+6.57,+14.5,+22.3,NA	+6.25,+38.2,+22.3,BA	+6.54,+23.1,+22.3,MA	+6.87,+5.0,+20.8,OB	+2.36,+264.0,+21.5,HB	+6.88,+5.3,+20.8,CB	
1701027468.4264293	+6.57,+14.5,+22.3,NA	+6.25,+38.3,+22.3,CA	+6.54,+23.1,+22.4,JA	+6.87,+5.0,+20.8,OB	+2.36,+264.1,+21.5,IB	+6.88,+5.2,+20.8,BB	
1701027530.4351513	+6.57,+14.5,+22.3,NA	+6.25,+38.2,+22.3,BA	+6.54,+23.0,+22.3,LA	+6.87,+5.0,+20.8,OB	+2.36,+264.1,+21.5,IB	+6.88,+5.2,+20.8,BB	
1701027592.4441385	+6.57,+14.5,+22.3,NA	+6.25,+38.2,+22.3,BA	+6.54,+23.0,+22.3,LA	+6.87,+5.0,+20.8,OB	+2.36,+264.2,+21.5,JB	+6.88,+5.3,+20.8,CB	
1701027654.4512222	+6.57,+14.6,+22.3,MA	+6.25,+38.2,+22.3,BA	+6.54,+23.1,+22.3,MA	+6.87,+5.0,+20.8,OB	+2.36,+264.3,+21.5,KB	+6.88,+5.3,+20.8,CB	
1701027716.4583697	+6.57,+14.5,+22.3,NA	+6.25,+38.2,+22.3,BA	+6.54,+23.1,+22.3,MA	+6.87,+5.0,+20.8,OB	+2.36,+264.3,+21.5,KB	+6.88,+5.3,+20.8,CB	
1701027778.4676707	+6.57,+14.5,+22.3,NA	+6.25,+38.3,+22.3,CA	+6.54,+23.1,+22.3,MA	+6.87,+5.0,+20.8,OB	+2.36,+264.4,+21.5,LB	+6.88,+5.3,+20.8,CB	
1701027840.4781647	+6.57,+14.6,+22.3,MA	+6.25,+38.2,+22.3,BA	+6.54,+23.1,+22.3,MA	+6.87,+5.0,+20.7,@B	+2.35,+264.7,+21.5,LB	+6.88,+5.3,+20.8,CB	
1701027902.4873035	+6.57,+14.6,+22.3,MA	+6.25,+38.2,+22.3,BA	+6.54,+23.1,+22.3,MA	+6.87,+5.0,+20.8,OB	+2.35,+264.7,+21.5,LB	+6.88,+5.3,+20.7,LB	
1701027964.4976127	+6.57,+14.5,+22.3,NA	+6.25,+38.2,+22.3,BA	+6.54,+23.1,+22.3,MA	+6.87,+4.9,+20.8,GB	+2.35,+264.7,+21.5,LB	+6.88,+5.2,+20.7,MB	
1701028026.507039	+6.57,+14.5,+22.3,NA	+6.25,+38.2,+22.3,BA	+6.54,+23.0,+22.3,LA	+6.87,+5.0,+20.8,OB	+2.35,+264.8,+21.5,CB	+6.88,+5.2,+20.8,BB	
1701028088.515215	+6.57,+14.6,+22.3,MA	+6.25,+38.2,+22.3,BA	+6.54,+23.1,+22.3,MA	+6.87,+4.9,+20.8,GB	+2.35,+264.9,+21.5,BB	+6.88,+5.3,+20.7,LB	
1701028150.5255504	+6.57,+14.5,+22.3,NA	+6.25,+38.1,+22.3,AA	+6.54,+23.1,+22.3,MA	+6.87,+5.0,+20.7,@B	+2.35,+265.0,+21.5,JB	+6.88,+5.3,+20.7,LB	
1701028396.085993	+6.57,+14.6,+22.3,MA	+6.25,+38.2,+22.3,BA	+6.54,+23.1,+22.3,MA	+6.87,+5.0,+20.7,@B	+2.34,+265.1,+21.5,JB	+6.88,+5.3,+20.7,LB	
1701028458.0950923	+6.57,+14.6,+22.3,MA	+6.25,+38.2,+22.3,BA	+6.54,+23.1,+22.3,MA	+6.87,+5.0,+20.7,@B	+2.34,+265.3,+21.5,HB	+6.88,+5.3,+20.7,LB	
1701028520.1034625	+6.57,+14.5,+22.3,NA	+6.25,+38.1,+22.3,AA	+6.54,+23.1,+22.3,MA	+6.87,+4.9,+20.7,HB	+2.34,+265.5,+21.5,NB	+6.88,+5.2,+20.7,MB	
1701028582.1123352	+6.57,+14.5,+22.3,NA	+6.25,+38.2,+22.3,BA	+6.54,+23.1,+22.3,MA	+6.87,+5.0,+20.8,OB	+2.34,+265.4,+21.5,OB	+6.88,+5.2,+20.7,MB	
1701028644.1217122	+6.57,+14.5,+22.3,NA	+6.25,+38.1,+22.3,AA	+6.54,+23.1,+22.3,MA	+6.87,+4.9,+20.7,HB	+2.34,+265.3,+21.5,HB	+6.88,+5.3,+20.7,LB	
1701028706.1305826	+6.57,+14.5,+22.3,NA	+6.25,+38.2,+22.3,BA	+6.54,+23.1,+22.3,MA	+6.87,+5.0,+20.8,OB	+2.34,+265.4,+21.5,OB	+6.88,+5.2,+20.7,MB	
1701028768.1400645	+6.57,+14.5,+22.3,NA	+6.25,+38.1,+22.3,AA	+6.54,+23.1,+22.3,MA	+6.87,+4.9,+20.8,GB	+2.34,+265.4,+21.5,OB	+6.88,+5.2,+20.7,MB	
1701028830.1492767	+6.57,+14.5,+22.3,NA	+6.25,+38.2,+22.3,BA	+6.54,+23.1,+22.3,MA	+6.87,+5.0,+20.7,@B	+2.34,+265.5,+21.5,NB	+6.88,+5.2,+20.7,MB	
1701028892.1590343	+6.57,+14.5,+22.3,NA	+6.25,+38.1,+22.3,AA	+6.54,+23.0,+22.3,LA	+6.87,+4.9,+20.8,GB	+2.34,+265.3,+21.5,HB	+6.88,+5.2,+20.7,MB	
1701028954.1663537	+6.57,+14.5,+22.3,NA	+6.25,+38.1,+22.3,AA	+6.54,+23.0,+22.3,LA	+6.87,+5.0,+20.7,@B	+2.34,+265.6,+21.5,MB	+6.88,+5.3,+20.7,LB	
1701029016.1760204	+6.57,+14.5,+22.3,NA	+6.25,+38.1,+22.3,AA	+6.54,+23.1,+22.3,MA	+6.87,+5.0,+20.8,OB	+2.34,+265.6,+21.5,MB	+6.88,+5.2,+20.7,MB	
1701029078.1838055	+6.57,+14.5,+22.3,NA	+6.25,+38.2,+22.3,BA	+6.54,+23.1,+22.3,MA	+6.87,+4.9,+20.8,GB	+2.34,+265.6,+21.5,MB	+6.88,+5.2,+20.7,MB	
1701029140.1945999	+6.57,+14.6,+22.3,MA	+6.25,+38.1,+22.3,AA	+6.54,+23.1,+22.3,MA	+6.87,+4.9,+20.8,GB	+2.34,+265.4,+21.5,OB	+6.88,+5.2,+20.7,MB	
1701029202.201577	+6.57,+14.5,+22.3,NA	+6.25,+38.1,+22.3,AA	+6.54,+23.1,+22.3,MA	+6.87,+5.0,+20.8,OB	+2.34,+265.2,+21.5,IB	+6.88,+5.2,+20.7,MB	
1701029264.2108839	+6.57,+14.6,+22.3,MA	+6.25,+38.1,+22.3,AA	+6.54,+23.1,+22.3,MA	+6.87,+5.0,+20.7,@B	+2.35,+264.9,+21.5,BB	+6.88,+5.3,+20.7,LB	
1701029326.2199166	+6.57,+14.5,+22.3,NA	+6.25,+38.1,+22.3,AA	+6.54,+23.1,+22.3,MA	+6.87,+5.0,+20.7,@B	+2.35,+264.8,+21.5,CB	+6.88,+5.3,+20.7,LB	
1701029388.2264304	+6.57,+14.5,+22.3,NA	+6.25,+38.1,+22.3,AA	+6.54,+23.1,+22.3,MA	+6.87,+5.0,+20.7,@B	+2.35,+264.6,+21.5,MB	+6.88,+5.3,+20.7,LB	
1701029450.2367811	+6.57,+14.5,+22.3,NA	+6.25,+38.1,+22.3,AA	+6.54,+23.0,+22.3,LA	+6.87,+5.0,+20.7,@B	+2.35,+264.6,+21.5,MB	+6.88,+5.3,+20.7,LB	
1701029512.2447052	+6.57,+14.5,+22.3,NA	+6.25,+38.2,+22.3,BA	+6.54,+23.0,+22.3,LA	+6.87,+5.0,+20.7,@B	+2.35,+264.8,+21.5,CB	+6.88,+5.2,+20.7,MB	
1701029574.253758	+6.57,+14.5,+22.3,NA	+6.25,+38.1,+22.3,AA	+6.54,+23.1,+22.3,MA	+6.87,+4.9,+20.7,HB	+2.35,+264.5,+21.5,NB	+6.88,+5.3,+20.7,LB	
1701029636.2614348	+6.57,+14.5,+22.3,NA	+6.25,+38.1,+22.3,AA	+6.54,+23.1,+22.3,MA	+6.87,+4.9,+20.7,HB	+2.35,+264.9,+21.5,BB	+6.88,+5.3,+20.7,LB	
1701029698.2691727	+6.57,+14.5,+22.3,NA	+6.25,+38.1,+22.3,AA	+6.54,+23.2,+22.3,NA	+6.87,+5.0,+20.7,@B	+2.35,+264.7,+21.5,LB	+6.88,+5.3,+20.7,LB	
1701029760.2795546	+6.57,+14.5,+22.3,NA	+6.25,+38.1,+22.3,AA	+6.54,+23.1,+22.3,MA	+6.87,+5.0,+20.7,@B	+2.35,+264.9,+21.5,BB	+6.88,+5.4,+20.7,KB	
1701029822.289649	+6.57,+14.5,+22.3,NA	+6.25,+38.1,+22.3,AA	+6.54,+23.1,+22.3,MA	+6.87,+4.9,+20.7,HB	+2.35,+265.0,+21.5,JB	+6.88,+5.4,+20.7,KB	
1701029884.2985516	+6.57,+14.5,+22.3,NA	+6.25,+38.1,+22.3,AA	+6.54,+23.1,+22.3,MA	+6.87,+5.0,+20.7,@B	+2.34,+265.3,+21.5,HB	+6.88,+5.3,+20.7,LB	
1701029946.3059642	+6.57,+14.5,+22.3,NA	+6.25,+38.2,+22.3,BA	+6.54,+23.1,+22.2,LA	+6.87,+5.0,+20.7,@B	+2.34,+265.4,+21.5,OB	+6.88,+5.3,+20.7,LB	
1701030008.314097	+6.57,+14.5,+22.3,NA	+6.25,+38.0,+22.3,@A	+6.54,+23.1,+22.3,MA	+6.87,+5.0,+20.7,@B	+2.34,+265.4,+21.5,OB	+6.88,+5.3,+20.7,LB	
1701030070.3241372	+6.57,+14.5,+22.3,NA	+6.25,+38.1,+22.3,AA	+6.54,+23.1,+22.3,MA	+6.87,+4.9,+20.7,HB	+2.33,+265.7,+21.5,KB	+6.88,+5.3,+20.7,LB	
1701030132.3337555	+6.57,+14.5,+22.3,NA	+6.25,+38.1,+22.3,AA	+6.54,+23.0,+22.3,LA	+6.87,+4.9,+20.7,HB	+2.33,+265.7,+21.5,KB	+6.88,+5.3,+20.7,LB	
1701030194.342872	+6.57,+14.5,+22.3,NA	+6.25,+38.1,+22.3,AA	+6.54,+23.1,+22.3,MA	+6.87,+5.0,+20.7,@B	+2.33,+265.8,+21.5,DB	+6.88,+5.3,+20.7,LB	
1701030256.3521144	+6.57,+14.5,+22.3,NA	+6.25,+38.1,+22.2,@A	+6.54,+23.1,+22.3,MA	+6.87,+5.0,+20.7,@B	+2.33,+265.9,+21.5,EB	+6.88,+5.4,+20.7,KB	
1701030318.362434	+6.57,+14.5,+22.3,NA	+6.25,+38.1,+22.3,AA	+6.54,+23.1,+22.3,MA	+6.87,+5.0,+20.7,@B	+2.33,+266.0,+21.5,OB	+6.88,+5.3,+20.7,LB	
1701030380.3704243	+6.57,+14.5,+22.3,NA	+6.25,+38.1,+22.3,AA	+6.54,+23.1,+22.3,MA	+6.87,+5.0,+20.7,@B	+2.33,+266.0,+21.5,OB	+6.88,+5.3,+20.7,LB	
1701030442.3785145	+6.57,+14.4,+22.3,OA	+6.25,+38.1,+22.3,AA	+6.54,+23.1,+22.3,MA	+6.87,+4.9,+20.7,HB	+2.33,+265.9,+21.5,EB	+6.88,+5.3,+20.7,LB	
1701030504.3870032	+6.57,+14.5,+22.3,NA	+6.25,+38.2,+22.3,BA	+6.54,+23.1,+22.2,LA	+6.87,+4.9,+20.7,HB	+2.33,+265.7,+21.5,KB	+6.88,+5.4,+20.7,KB	
1701030566.3969476	+6.57,+14.5,+22.3,NA	+6.25,+38.1,+22.3,AA	+6.54,+23.1,+22.2,LA	+6.87,+5.0,+20.7,@B	+2.33,+265.9,+21.5,EB	+6.88,+5.4,+20.7,KB	
1701030628.4067612	+6.57,+14.5,+22.3,NA	+6.25,+38.2,+22.3,BA	+6.54,+23.1,+22.3,MA	+6.87,+5.0,+20.7,@B	+2.32,+266.2,+21.5,LB	+6.88,+5.4,+20.7,KB	
1701030690.4117477	+6.57,+14.5,+22.3,NA	+6.25,+38.2,+22.3,BA	+6.54,+23.1,+22.2,LA	+6.87,+5.0,+20.7,@B	+2.32,+266.5,+21.5,KB	+6.88,+5.3,+20.7,LB	
1701030752.4207969	+6.57,+14.5,+22.3,NA	+6.25,+38.1,+22.3,AA	+6.54,+23.1,+22.2,LA	+6.87,+5.0,+20.7,@B	+2.32,+266.3,+21.5,MB	+6.88,+5.4,+20.7,KB	
1701030814.4274895	+6.57,+14.5,+22.2,OA	+6.25,+38.1,+22.3,AA	+6.54,+23.1,+22.2,LA	+6.87,+4.9,+20.7,HB	+2.32,+266.4,+21.5,JB	+6.88,+5.3,+20.7,LB	
1701030876.436227	+6.57,+14.5,+22.3,NA	+6.25,+38.1,+22.2,@A	+6.54,+23.1,+22.2,LA	+6.87,+5.0,+20.7,@B	+2.32,+266.5,+21.5,KB	+6.88,+5.3,+20.7,LB	
1701030938.4443557	+6.57,+14.5,+22.2,OA	+6.25,+38.2,+22.2,CA	+6.54,+23.1,+22.2,LA	+6.87,+4.9,+20.7,HB	+2.32,+266.6,+21.5,HB	+6.88,+5.4,+20.7,KB	
1701031000.4518516	+6.57,+14.5,+22.2,OA	+6.25,+38.1,+22.2,@A	+6.54,+23.0,+22.2,MA	+6.87,+4.9,+20.7,HB	+2.32,+266.5,+21.5,KB	+6.88,+5.3,+20.6,MB	
1701031062.4617007	+6.57,+14.5,+22.2,OA	+6.25,+38.2,+22.3,BA	+6.54,+23.1,+22.2,LA	+6.87,+4.9,+20.7,HB	+2.32,+266.5,+21.5,KB	+6.88,+5.3,+20.6,MB	
1701031124.470072	+6.57,+14.5,+22.2,OA	+6.25,+38.1,+22.2,@A	+6.54,+23.1,+22.2,LA	+6.87,+4.9,+20.7,HB	+2.32,+266.6,+21.5,HB	+6.88,+5.2,+20.7,MB	
1701031186.4790888	+6.57,+14.5,+22.2,OA	+6.25,+38.1,+22.2,@A	+6.54,+23.1,+22.2,LA	+6.87,+5.0,+20.7,@B	+2.32,+266.5,+21.5,KB	+6.88,+5.3,+20.7,LB	
1701031248.4862318	+6.57,+14.4,+22.3,OA	+6.25,+38.1,+22.2,@A	+6.54,+23.1,+22.3,MA	+6.87,+5.0,+20.7,@B	+2.32,+266.6,+21.4,IB	+6.88,+5.3,+20.6,MB	
1701031310.4952548	+6.57,+14.5,+22.2,OA	+6.25,+38.1,+22.2,@A	+6.54,+23.1,+22.2,LA	+6.87,+4.9,+20.7,HB	+2.32,+266.4,+21.5,JB	+6.88,+5.4,+20.7,KB	
1701031372.5030608	+6.57,+14.5,+22.2,OA	+6.25,+38.1,+22.2,@A	+6.54,+23.1,+22.2,LA	+6.87,+4.9,+20.7,HB	+2.32,+266.5,+21.5,KB	+6.88,+5.4,+20.6,JB	
1701031434.5110762	+6.57,+14.5,+22.3,NA	+6.25,+38.2,+22.2,CA	+6.54,+23.1,+22.3,MA	+6.87,+5.0,+20.7,@B	+2.32,+266.6,+21.4,IB	+6.88,+5.3,+20.6,MB	
1701031496.5183861	+6.57,+14.5,+22.3,NA	+6.25,+38.2,+22.2,CA	+6.54,+23.1,+22.2,LA	+6.87,+4.9,+20.7,HB	+2.31,+266.8,+21.5,EB	+6.88,+5.3,+20.7,LB	
1701031558.5263176	+6.57,+14.5,+22.3,NA	+6.25,+38.1,+22.3,AA	+6.54,+23.1,+22.2,LA	+6.87,+5.0,+20.7,@B	+2.32,+266.6,+21.5,HB	+6.88,+5.2,+20.7,MB	
1701031620.5367126	+6.57,+14.5,+22.2,OA	+6.25,+38.2,+22.2,CA	+6.54,+23.1,+22.2,LA	+6.87,+5.0,+20.7,@B	+2.31,+266.8,+21.5,EB	+6.88,+5.3,+20.7,LB	
1701031682.5444322	+6.57,+14.4,+22.2,NA	+6.25,+38.1,+22.2,@A	+6.54,+23.1,+22.2,LA	+6.87,+5.0,+20.7,@B	+2.31,+266.8,+21.5,EB	+6.88,+5.2,+20.7,MB	
1701031744.5531566	+6.57,+14.5,+22.2,OA	+6.25,+38.1,+22.2,@A	+6.54,+23.1,+22.2,LA	+6.87,+4.9,+20.7,HB	+2.32,+266.6,+21.5,HB	+6.88,+5.3,+20.6,MB	
1701031806.560567	+6.57,+14.5,+22.3,NA	+6.25,+38.1,+22.2,@A	+6.54,+23.0,+22.2,MA	+6.87,+5.0,+20.7,@B	+2.32,+266.6,+21.5,HB	+6.88,+5.3,+20.6,MB	
1701031868.5673184	+6.57,+14.5,+22.2,OA	+6.25,+38.2,+22.2,CA	+6.54,+23.1,+22.2,LA	+6.87,+4.9,+20.6,IB	+2.32,+266.7,+21.5,IB	+6.88,+5.4,+20.6,JB	
1701031930.5748699	+6.57,+14.5,+22.2,OA	+6.25,+38.1,+22.2,@A	+6.54,+23.0,+22.2,MA	+6.87,+4.9,+20.7,HB	+2.32,+266.6,+21.5,HB	+6.88,+5.3,+20.6,MB	
1701031992.586411	+6.57,+14.5,+22.2,OA	+6.25,+38.2,+22.2,CA	+6.54,+23.1,+22.2,LA	+6.87,+5.0,+20.7,@B	+2.32,+266.3,+21.5,MB	+6.88,+5.4,+20.6,JB	
1701032238.1502979	+6.57,+14.5,+22.2,OA	+6.25,+38.2,+22.2,CA	+6.54,+23.1,+22.2,LA	+6.87,+4.9,+20.7,HB	+2.32,+266.2,+21.4,MB	+6.88,+5.3,+20.6,MB	
1701032300.1583207	+6.57,+14.4,+22.2,NA	+6.25,+38.1,+22.2,@A	+6.54,+23.1,+22.2,LA	+6.87,+4.9,+20.6,IB	+2.32,+266.3,+21.5,MB	+6.88,+5.3,+20.6,MB	
1701032362.1679707	+6.57,+14.4,+22.2,NA	+6.25,+38.1,+22.2,@A	+6.54,+23.1,+22.2,LA	+6.87,+4.9,+20.6,IB	+2.32,+266.5,+21.4,JB	+6.88,+5.3,+20.6,MB	
1701032424.1771588	+6.57,+14.5,+22.2,OA	+6.25,+38.2,+22.2,CA	+6.54,+23.1,+22.2,LA	+6.87,+4.9,+20.6,IB	+2.32,+266.2,+21.4,MB	+6.88,+5.3,+20.6,MB	
1701032486.1854908	+6.57,+14.5,+22.2,OA	+6.25,+38.1,+22.2,@A	+6.54,+23.1,+22.2,LA	+6.87,+5.0,+20.6,AB	+2.32,+266.2,+21.5,LB	+6.88,+5.2,+20.6,LB	
1701032548.19499	+6.57,+14.5,+22.2,OA	+6.25,+38.1,+22.2,@A	+6.54,+23.1,+22.2,LA	+6.87,+5.0,+20.6,AB	+2.32,+266.2,+21.4,MB	+6.88,+5.2,+20.6,LB	
1701032610.2040079	+6.57,+14.5,+22.2,OA	+6.25,+38.1,+22.2,@A	+6.54,+23.1,+22.2,LA	+6.87,+5.0,+20.6,AB	+2.32,+266.2,+21.4,MB	+6.88,+5.2,+20.6,LB	
1701032672.213146	+6.57,+14.6,+22.2,LA	+6.25,+38.2,+22.2,CA	+6.54,+23.1,+22.2,LA	+6.87,+5.0,+20.6,AB	+2.32,+266.2,+21.4,MB	+6.88,+5.2,+20.6,LB	
1701032734.223245	+6.57,+14.5,+22.2,OA	+6.25,+38.1,+22.2,@A	+6.54,+23.1,+22.2,LA	+6.87,+4.9,+20.6,IB	+2.33,+266.1,+21.4,OB	+6.88,+5.3,+20.6,MB	
1701032796.2332468	+6.57,+14.5,+22.2,OA	+6.25,+38.1,+22.2,@A	+6.54,+23.1,+22.2,LA	+6.87,+4.9,+20.6,IB	+2.33,+266.0,+21.4,NB	+6.88,+5.2,+20.6,LB	
1701032858.2396607	+6.57,+14.5,+22.2,OA	+6.25,+38.2,+22.2,CA	+6.54,+23.1,+22.2,LA	+6.87,+4.9,+20.7,HB	+2.33,+265.7,+21.4,JB	+6.88,+5.3,+20.6,MB	
1701032920.2482958	+6.57,+14.5,+22.2,OA	+6.25,+38.1,+22.2,@A	+6.54,+23.1,+22.2,LA	+6.87,+4.9,+20.6,IB	+2.33,+265.8,+21.4,EB	+6.88,+5.2,+20.6,LB	
1701032982.2557595	+6.57,+14.5,+22.2,OA	+6.25,+38.2,+22.2,CA	+6.54,+23.1,+22.2,LA	+6.87,+5.0,+20.6,AB	+2.33,+266.1,+21.4,OB	+6.88,+5.3,+20.6,MB	
1701033044.2646787	+6.57,+14.5,+22.2,OA	+6.25,+38.1,+22.2,@A	+6.54,+23.1,+22.2,LA	+6.87,+4.9,+20.6,IB	+2.33,+265.8,+21.4,EB	+6.88,+5.2,+20.6,LB	
1701033106.2749465	+6.57,+14.5,+22.2,OA	+6.25,+38.2,+22.2,CA	+6.54,+23.1,+22.2,LA	+6.87,+4.9,+20.6,IB	+2.33,+266.1,+21.4,OB	+6.88,+5.2,+20.6,LB	
1701033168.2847822	+6.57,+14.4,+22.2,NA	+6.25,+38.2,+22.2,CA	+6.54,+23.1,+22.2,LA	+6.87,+4.9,+20.6,IB	+2.33,+265.9,+21.4,DB	+6.88,+5.2,+20.6,LB	
1701033230.295298	+6.57,+14.5,+22.2,OA	+6.25,+38.1,+22.2,@A	+6.54,+23.0,+22.2,MA	+6.87,+5.0,+20.6,AB	+2.33,+265.9,+21.4,DB	+6.88,+5.3,+20.6,MB	
1701033292.3032594	+6.57,+14.5,+22.2,OA	+6.25,+38.2,+22.2,CA	+6.54,+23.0,+22.2,MA	+6.87,+5.0,+20.6,AB	+2.33,+266.0,+21.4,NB	+6.88,+5.2,+20.6,LB	
1701033354.3134646	+6.57,+14.5,+22.2,OA	+6.25,+38.2,+22.1,@A	+6.54,+23.1,+22.2,LA	+6.87,+4.9,+20.6,IB	+2.32,+266.2,+21.4,MB	+6.88,+5.2,+20.6,LB	
1701033416.318201	+6.57,+14.5,+22.2,OA	+6.25,+38.2,+22.2,CA	+6.54,+23.1,+22.2,LA	+6.87,+5.0,+20.6,AB	+2.32,+266.2,+21.4,MB	+6.88,+5.2,+20.6,LB	
1701033478.3265836	+6.57,+14.5,+22.2,OA	+6.25,+38.2,+22.2,CA	+6.54,+23.1,+22.2,LA	+6.87,+4.9,+20.6,IB	+2.33,+266.0,+21.4,NB	+6.88,+5.2,+20.6,LB	
1701033540.3363383	+6.57,+14.5,+22.2,OA	+6.25,+38.2,+22.1,@A	+6.54,+23.1,+22.2,LA	+6.87,+4.9,+20.6,IB	+2.33,+266.0,+21.4,NB	+6.88,+5.2,+20.6,LB	
1701033602.3448837	+6.57,+14.5,+22.2,OA	+6.25,+38.2,+22.1,@A	+6.54,+23.1,+22.2,LA	+6.87,+4.9,+20.6,IB	+2.34,+265.4,+21.4,NB	+6.88,+5.2,+20.6,LB	
1701033664.3541129	+6.57,+14.4,+22.2,NA	+6.25,+38.1,+22.1,CA	+6.54,+23.1,+22.2,LA	+6.87,+5.0,+20.6,AB	+2.34,+265.3,+21.4,IB	+6.88,+5.2,+20.6,LB	
1701033726.3614287	+6.57,+14.5,+22.2,OA	+6.25,+38.2,+22.1,@A	+6.54,+23.1,+22.2,LA	+6.87,+4.9,+20.6,IB	+2.34,+265.3,+21.4,IB	+6.88,+5.2,+20.6,LB	
1701033788.3697288	+6.57,+14.5,+22.2,OA	+6.25,+38.1,+22.2,@A	+6.54,+23.1,+22.2,LA	+6.87,+4.9,+20.6,IB	+2.34,+265.4,+21.4,NB	+6.88,+5.2,+20.6,LB	
1701033850.3757858	+6.57,+14.5,+22.2,OA	+6.25,+38.2,+22.2,CA	+6.54,+23.1,+22.2,LA	+6.87,+4.9,+20.6,IB	+2.34,+265.3,+21.4,IB	+6.88,+5.2,+20.6,LB	
1701033912.3833191	+6.57,+14.4,+22.2,NA	+6.25,+38.1,+22.1,CA	+6.54,+23.1,+22.2,LA	+6.87,+4.9,+20.6,IB	+2.34,+265.2,+21.4,HB	+6.88,+5.2,+20.6,LB	
1701033974.391356	+6.57,+14.4,+22.2,NA	+6.25,+38.2,+22.1,@A	+6.54,+23.1,+22.2,LA	+6.87,+4.9,+20.6,IB	+2.34,+265.3,+21.4,IB	+6.88,+5.2,+20.6,LB	
1701034036.3999374	+6.57,+14.5,+22.2,OA	+6.25,+38.2,+22.2,CA	+6.54,+23.1,+22.2,LA	+6.87,+4.9,+20.6,IB	+2.34,+265.3,+21.4,IB	+6.88,+5.2,+20.6,LB	
1701034098.4065793	+6.57,+14.4,+22.2,NA	+6.25,+38.2,+22.1,@A	+6.54,+23.1,+22.2,LA	+6.87,+4.9,+20.6,IB	+2.34,+265.2,+21.4,HB	+6.88,+5.3,+20.6,MB	
1701034160.415959	+6.57,+14.4,+22.2,NA	+6.25,+38.2,+22.2,CA	+6.54,+23.1,+22.2,LA	+6.87,+4.9,+20.6,IB	+2.34,+265.2,+21.4,HB	+6.88,+5.2,+20.6,LB	
1701034222.4247348	+6.57,+14.5,+22.2,OA	+6.25,+38.1,+22.1,CA	+6.54,+23.1,+22.2,LA	+6.87,+5.0,+20.6,AB	+2.34,+265.2,+21.4,HB	+6.88,+5.3,+20.6,MB	
1701034284.4309564	+6.57,+14.5,+22.2,OA	+6.25,+38.2,+22.1,@A	+6.54,+23.0,+22.2,MA	+6.87,+4.9,+20.6,IB	+2.34,+265.2,+21.4,HB	+6.88,+5.3,+20.6,MB	
1701034346.438265	+6.57,+14.5,+22.2,OA	+6.25,+38.3,+22.1,AA	+6.54,+23.1,+22.2,LA	+6.87,+4.9,+20.6,IB	+2.34,+265.2,+21.4,HB	+6.88,+5.2,+20.6,LB	
1701034408.447635	+6.57,+14.5,+22.2,OA	+6.25,+38.3,+22.2,BA	+6.54,+23.1,+22.1,OA	+6.87,+4.9,+20.6,IB	+2.34,+265.1,+21.4,KB	+6.88,+5.3,+20.6,MB	
1701034470.4565833	+6.57,+14.5,+22.2,OA	+6.25,+38.3,+22.1,AA	+6.54,+23.1,+22.2,LA	+6.87,+4.9,+20.6,IB	+2.34,+265.2,+21.4,HB	+6.88,+5.3,+20.6,MB	
1701034532.465463	+6.57,+14.5,+22.2,OA	+6.25,+38.2,+22.1,@A	+6.54,+23.1,+22.1,OA	+6.87,+5.0,+20.6,AB	+2.34,+265.2,+21.4,HB	+6.88,+5.2,+20.6,LB	
1701034594.472789	+6.57,+14.5,+22.2,OA	+6.25,+38.3,+22.1,AA	+6.54,+23.1,+22.1,OA	+6.87,+4.9,+20.6,IB	+2.34,+265.4,+21.4,NB	+6.88,+5.2,+20.6,LB	
1701034656.481871	+6.57,+14.5,+22.2,OA	+6.25,+38.2,+22.1,@A	+6.54,+23.1,+22.2,LA	+6.87,+4.9,+20.6,IB	+2.34,+265.2,+21.4,HB	+6.88,+5.2,+20.6,LB	
1701034718.4913828	+6.57,+14.5,+22.2,OA	+6.25,+38.2,+22.1,@A	+6.54,+23.1,+22.2,LA	+6.87,+4.9,+20.6,IB	+2.34,+265.3,+21.4,IB	+6.88,+5.3,+20.5,NB	
1701034780.5008178	+6.57,+14.5,+22.2,OA	+6.25,+38.3,+22.1,AA	+6.54,+23.0,+22.2,MA	+6.87,+4.9,+20.6,IB	+2.34,+265.2,+21.4,HB	+6.88,+5.2,+20.6,LB	
1701034842.5102005	+6.57,+14.5,+22.2,OA	+6.25,+38.2,+22.1,@A	+6.54,+23.1,+22.1,OA	+6.87,+4.9,+20.6,IB	+2.34,+265.3,+21.4,IB	+6.88,+5.3,+20.5,NB	
1701034904.5188508	+6.57,+14.5,+22.1,LA	+6.25,+38.2,+22.1,@A	+6.54,+23.1,+22.1,OA	+6.87,+4.9,+20.6,IB	+2.34,+265.3,+21.4,IB	+6.88,+5.3,+20.5,NB	
1701034966.5277615	+6.57,+14.4,+22.2,NA	+6.25,+38.2,+22.1,@A	+6.54,+23.0,+22.1,NA	+6.87,+4.9,+20.6,IB	+2.34,+265.4,+21.4,NB	+6.88,+5.3,+20.5,NB	
1701035028.5387976	+6.57,+14.5,+22.2,OA	+6.25,+38.2,+22.1,@A	+6.54,+23.2,+22.1,LA	+6.87,+4.9,+20.6,IB	+2.34,+265.5,+21.4,OB	+6.88,+5.2,+20.5,OB	
1701035090.5490038	+6.57,+14.4,+22.2,NA	+6.25,+38.3,+22.1,AA	+6.54,+23.1,+22.1,OA	+6.87,+4.9,+20.6,IB	+2.34,+265.1,+21.4,KB	+6.88,+5.3,+20.6,MB	
1701035152.557018	+6.57,+14.5,+22.2,OA	+6.25,+38.2,+22.1,@A	+6.54,+23.1,+22.2,LA	+6.87,+4.9,+20.6,IB	+2.34,+265.4,+21.4,NB	+6.88,+5.2,+20.6,LB	
1701035214.5664394	+6.57,+14.5,+22.2,OA	+6.25,+38.3,+22.1,AA	+6.54,+23.1,+22.1,OA	+6.87,+4.9,+20.6,IB	+2.34,+265.5,+21.4,OB	+6.88,+5.2,+20.6,LB	
1701035276.5718663	+6.57,+14.4,+22.2,NA	+6.25,+38.3,+22.1,AA	+6.54,+23.1,+22.1,OA	+6.87,+4.9,+20.6,IB	+2.34,+265.4,+21.4,NB	+6.88,+5.2,+20.6,LB	
1701035338.5792038	+6.57,+14.5,+22.2,OA	+6.25,+38.2,+22.1,@A	+6.54,+23.0,+22.2,MA	+6.87,+4.9,+20.6,IB	+2.33,+266.0,+21.4,NB	+6.88,+5.1,+20.6,OB	
1701035400.589458	+6.57,+14.5,+22.2,OA	+6.25,+38.2,+22.1,@A	+6.54,+23.1,+22.1,OA	+6.87,+4.9,+20.6,IB	+2.33,+265.6,+21.4,KB	+6.88,+5.2,+20.6,LB	
1701035462.5969944	+6.57,+14.4,+22.2,NA	+6.25,+38.3,+22.1,AA	+6.54,+23.1,+22.1,OA	+6.87,+4.9,+20.6,IB	+2.33,+265.6,+21.4,KB	+6.88,+5.2,+20.6,LB	
1701035524.6051779	+6.57,+14.4,+22.2,NA	+6.25,+38.3,+22.1,AA	+6.54,+23.0,+22.2,MA	+6.87,+4.9,+20.6,IB	+2.33,+265.6,+21.4,KB	+6.88,+5.3,+20.6,MB	
1701035586.6106334	+6.57,+14.4,+22.2,NA	+6.25,+38.3,+22.1,AA	+6.54,+23.1,+22.1,OA	+6.87,+4.9,+20.6,IB	+2.34,+265.4,+21.4,NB	+6.88,+5.2,+20.6,LB	
1701035648.61995	+6.57,+14.4,+22.1,MA	+6.24,+38.4,+22.1,GA	+6.54,+23.1,+22.2,LA	+6.87,+4.9,+20.6,IB	+2.34,+265.2,+21.4,HB	+6.88,+5.3,+20.5,NB	
1701035710.6290553	+6.57,+14.4,+22.2,NA	+6.24,+38.3,+22.1,@A	+6.54,+23.1,+22.2,LA	+6.87,+4.9,+20.6,IB	+2.34,+265.3,+21.4,IB	+6.88,+5.3,+20.5,NB	
1701035772.6377504	+6.57,+14.5,+22.2,OA	+6.25,+38.3,+22.1,AA	+6.54,+23.1,+22.1,OA	+6.87,+4.9,+20.6,IB	+2.34,+265.3,+21.4,IB	+6.88,+5.2,+20.6,LB	
1701035834.6467822	+6.57,+14.4,+22.2,NA	+6.25,+38.3,+22.1,AA	+6.54,+23.1,+22.1,OA	+6.87,+4.9,+20.6,IB	+2.34,+265.4,+21.4,NB	+6.88,+5.2,+20.5,OB	
1701036080.3306184	+6.57,+14.4,+22.1,MA	+6.25,+38.3,+22.1,AA	+6.54,+23.1,+22.1,OA	+6.87,+4.9,+20.6,IB	+2.34,+265.0,+21.4,JB	+6.88,+5.3,+20.5,NB	
1701036142.3420088	+6.57,+14.4,+22.1,MA	+6.24,+38.3,+22.1,@A	+6.54,+23.0,+22.1,NA	+6.87,+4.9,+20.6,IB	+2.34,+265.1,+21.4,KB	+6.88,+5.3,+20.5,NB	
1701036204.3534946	+6.57,+14.4,+22.1,MA	+6.25,+38.2,+22.1,@A	+6.54,+23.1,+22.1,OA	+6.87,+4.9,+20.6,IB	+2.34,+265.2,+21.4,HB	+6.88,+5.2,+20.5,OB	
1701036266.3617752	+6.57,+14.4,+22.1,MA	+6.25,+38.3,+22.1,AA	+6.54,+23.1,+22.1,OA	+6.87,+4.9,+20.5,JB	+2.34,+265.1,+21.4,KB	+6.88,+5.3,+20.5,NB	
1701036328.3719995	+6.57,+14.4,+22.1,MA	+6.25,+38.3,+22.1,AA	+6.54,+23.1,+22.1,OA	+6.87,+4.9,+20.6,IB	+2.34,+265.1,+21.4,KB	+6.88,+5.3,+20.5,NB	
1701036390.3811462	+6.57,+14.4,+22.1,MA	+6.25,+38.3,+22.1,AA	+6.54,+23.1,+22.1,OA	+6.87,+4.9,+20.6,IB	+2.34,+265.0,+21.4,JB	+6.88,+5.3,+20.5,NB	
1701036452.3914382	+6.57,+14.4,+22.1,MA	+6.25,+38.2,+22.1,@A	+6.54,+23.1,+22.1,OA	+6.87,+4.9,+20.5,JB	+2.35,+264.9,+21.4,CB	+6.88,+5.2,+20.5,OB	
1701036514.4009755	+6.57,+14.4,+22.1,MA	+6.25,+38.3,+22.1,AA	+6.54,+23.1,+22.1,OA	+6.87,+4.9,+20.5,JB	+2.35,+264.8,+21.4,BB	+6.88,+5.2,+20.5,OB	
1701036576.4100873	+6.57,+14.4,+22.1,MA	+6.24,+38.3,+22.1,@A	+6.54,+23.1,+22.1,OA	+6.87,+4.8,+20.6,HB	+2.35,+264.9,+21.4,CB	+6.88,+5.2,+20.5,OB	
1701036638.4196556	+6.57,+14.5,+22.1,LA	+6.25,+38.3,+22.1,AA	+6.54,+23.1,+22.1,OA	+6.87,+4.9,+20.5,JB	+2.35,+264.6,+21.4,LB	+6.88,+5.2,+20.5,OB	
1701036700.4283576	+6.57,+14.4,+22.1,MA	+6.24,+38.3,+22.1,@A	+6.54,+23.2,+22.1,LA	+6.87,+4.9,+20.5,JB	+2.35,+264.7,+21.4,MB	+6.88,+5.1,+20.5,LB	
1701036762.437468	+6.57,+14.4,+22.2,NA	+6.25,+38.3,+22.1,AA	+6.54,+23.1,+22.1,OA	+6.87,+4.9,+20.6,IB	+2.35,+264.9,+21.4,CB	+6.88,+5.2,+20.5,OB	
1701036824.4434247	+6.57,+14.4,+22.1,MA	+6.25,+38.3,+22.1,AA	+6.54,+23.1,+22.1,OA	+6.87,+4.8,+20.5,KB	+2.35,+264.8,+21.4,BB	+6.88,+5.1,+20.5,LB	
1701036886.4522161	+6.57,+14.4,+22.1,MA	+6.25,+38.3,+22.1,AA	+6.54,+23.1,+22.1,OA	+6.87,+4.9,+20.5,JB	+2.35,+264.7,+21.4,MB	+6.88,+5.2,+20.5,OB	
1701036948.4617932	+6.57,+14.4,+22.1,MA	+6.24,+38.3,+22.1,@A	+6.54,+23.1,+22.1,OA	+6.87,+4.9,+20.5,JB	+2.35,+264.7,+21.4,MB	+6.88,+5.1,+20.5,LB	
1701037010.4716637	+6.57,+14.4,+22.1,MA	+6.25,+38.3,+22.1,AA	+6.54,+23.1,+22.1,OA	+6.87,+4.8,+20.5,KB	+2.35,+264.6,+21.4,LB	+6.88,+5.2,+20.5,OB	
1701037072.4824493	+6.57,+14.4,+22.1,MA	+6.25,+38.3,+22.1,AA	+6.54,+23.1,+22.1,OA	+6.87,+4.9,+20.5,JB	+2.36,+264.2,+21.4,KB	+6.88,+5.2,+20.5,OB	
1701037134.492043	+6.57,+14.4,+22.1,MA	+6.25,+38.3,+22.1,AA	+6.54,+23.1,+22.1,OA	+6.87,+4.9,+20.6,IB	+2.36,+264.1,+21.4,HB	+6.88,+5.2,+20.5,OB	
1701037196.5002232	+6.57,+14.4,+22.1,MA	+6.24,+38.3,+22.1,@A	+6.54,+23.0,+22.1,NA	+6.87,+4.9,+20.5,JB	+2.36,+264.2,+21.4,KB	+6.88,+5.3,+20.5,NB	
1701037258.508548	+6.57,+14.4,+22.1,MA	+6.25,+38.3,+22.1,AA	+6.54,+23.1,+22.0,NA	+6.87,+4.9,+20.5,JB	+2.36,+264.2,+21.4,KB	+6.88,+5.3,+20.5,NB	
1701037320.5187323	+6.57,+14.4,+22.1,MA	+6.24,+38.3,+22.1,@A	+6.54,+23.1,+22.1,OA	+6.87,+4.9,+20.5,JB	+2.36,+264.2,+21.4,KB	+6.88,+5.3,+20.5,NB	
1701037382.5285199	+6.57,+14.4,+22.1,MA	+6.25,+38.3,+22.1,AA	+6.54,+23.1,+22.1,OA	+6.87,+4.9,+20.5,JB	+2.36,+264.2,+21.4,KB	+6.88,+5.2,+20.5,OB	
1701037444.5348883	+6.57,+14.4,+22.1,MA	+6.25,+38.2,+22.1,@A	+6.54,+23.1,+22.1,OA	+6.87,+4.9,+20.5,JB	+2.36,+264.2,+21.4,KB	+6.88,+5.3,+20.5,NB	
1701037506.544326	+6.57,+14.4,+22.1,MA	+6.25,+38.2,+22.1,@A	+6.54,+23.1,+22.1,OA	+6.87,+4.9,+20.5,JB	+2.36,+264.1,+21.3,OB	+6.88,+5.2,+20.5,OB	
1701037568.5526419	+6.57,+14.4,+22.1,MA	+6.25,+38.2,+22.1,@A	+6.54,+23.1,+22.1,OA	+6.87,+4.9,+20.5,JB	+2.36,+264.2,+21.4,KB	+6.88,+5.3,+20.4,OB	
1701037630.5604475	+6.57,+14.4,+22.1,MA	+6.24,+38.3,+22.0,AA	+6.54,+23.1,+22.0,NA	+6.87,+4.9,+20.5,JB	+2.36,+264.2,+21.3,LB	+6.88,+5.2,+20.5,OB	
1701037692.569703	+6.57,+14.4,+22.1,MA	+6.25,+38.3,+22.1,AA	+6.54,+23.1,+22.1,OA	+6.87,+4.9,+20.5,JB	+2.36,+264.2,+21.4,KB	+6.88,+5.3,+20.5,NB	
1701037754.5794358	+6.57,+14.4,+22.1,MA	+6.25,+38.3,+22.1,AA	+6.54,+23.1,+22.1,OA	+6.87,+4.9,+20.5,JB	+2.36,+264.3,+21.4,JB	+6.88,+5.3,+20.5,NB	
1701037816.588769	+6.57,+14.4,+22.1,MA	+6.25,+38.2,+22.1,@A	+6.54,+23.1,+22.1,OA	+6.87,+4.9,+20.5,JB	+2.36,+264.2,+21.4,KB	+6.88,+5.3,+20.5,NB	
1701037878.5978632	+6.57,+14.4,+22.1,MA	+6.25,+38.2,+22.1,@A	+6.54,+23.1,+22.0,NA	+6.87,+4.9,+20.5,JB	+2.36,+264.1,+21.3,OB	+6.88,+5.3,+20.5,NB	
1701037940.605278	+6.57,+14.4,+22.1,MA	+6.25,+38.2,+22.1,@A	+6.54,+23.1,+22.0,NA	+6.87,+4.9,+20.5,JB	+2.36,+264.1,+21.3,OB	+6.88,+5.2,+20.5,OB	
1701038002.6134312	+6.57,+14.4,+22.1,MA	+6.25,+38.2,+22.1,@A	+6.54,+23.1,+22.1,OA	+6.87,+4.9,+20.5,JB	+2.36,+264.1,+21.3,OB	+6.88,+5.2,+20.5,OB	
1701038064.6211123	+6.57,+14.4,+22.1,MA	+6.25,+38.2,+22.1,@A	+6.54,+23.1,+22.1,OA	+6.87,+4.9,+20.5,JB	+2.36,+264.1,+21.3,OB	+6.88,+5.3,+20.5,NB	
1701038126.630326	+6.57,+14.4,+22.1,MA	+6.25,+38.2,+22.1,@A	+6.54,+23.1,+22.1,OA	+6.87,+4.9,+20.5,JB	+2.36,+264.2,+21.4,KB	+6.88,+5.2,+20.5,OB	
1701038188.6387546	+6.57,+14.4,+22.1,MA	+6.25,+38.2,+22.1,@A	+6.54,+23.1,+22.1,OA	+6.87,+4.8,+20.5,KB	+2.36,+264.3,+21.3,MB	+6.88,+5.2,+20.5,OB	
1701038250.6477225	+6.57,+14.4,+22.1,MA	+6.25,+38.2,+22.1,@A	+6.54,+23.1,+22.1,OA	+6.87,+4.8,+20.5,KB	+2.36,+264.2,+21.4,KB	+6.88,+5.3,+20.5,NB	
1701038312.6555576	+6.57,+14.4,+22.1,MA	+6.24,+38.3,+22.1,@A	+6.54,+23.1,+22.0,NA	+6.87,+4.8,+20.5,KB	+2.36,+264.3,+21.4,JB	+6.88,+5.2,+20.5,OB	
1701038374.6646698	+6.57,+14.4,+22.1,MA	+6.25,+38.3,+22.1,AA	+6.54,+23.1,+22.1,OA	+6.87,+4.9,+20.5,JB	+2.36,+264.3,+21.4,JB	+6.88,+5.2,+20.5,OB	
1701038436.6735845	+6.57,+14.4,+22.1,MA	+6.25,+38.3,+22.1,AA	+6.54,+23.1,+22.0,NA	+6.87,+4.9,+20.5,JB	+2.36,+264.2,+21.3,LB	+6.88,+5.2,+20.5,OB	
1701038498.6826642	+6.57,+14.4,+22.1,MA	+6.25,+38.3,+22.1,AA	+6.54,+23.1,+22.1,OA	+6.87,+4.8,+20.5,KB	+2.35,+264.3,+21.3,NB	+6.88,+5.2,+20.5,OB	
1701038560.6912394	+6.57,+14.4,+22.1,MA	+6.25,+38.3,+22.0,@A	+6.54,+23.1,+22.1,OA	+6.87,+4.9,+20.5,JB	+2.35,+264.3,+21.3,NB	+6.88,+5.2,+20.5,OB	
1701038622.6977642	+6.57,+14.4,+22.1,MA	+6.25,+38.3,+22.1,AA	+6.54,+23.0,+22.0,OA	+6.87,+4.8,+20.5,KB	+2.35,+264.4,+21.3,IB	+6.88,+5.3,+20.5,NB	
1701038684.7040193	+6.57,+14.4,+22.1,MA	+6.25,+38.3,+22.1,AA	+6.54,+23.1,+22.0,NA	+6.87,+4.9,+20.5,JB	+2.35,+264.4,+21.3,IB	+6.88,+5.3,+20.5,NB	
1701038746.7139413	+6.57,+14.4,+22.1,MA	+6.24,+38.3,+22.1,@A	+6.54,+23.0,+22.0,OA	+6.87,+4.9,+20.5,JB	+2.35,+264.6,+21.3,KB	+6.88,+5.3,+20.5,NB	
1701038808.7227938	+6.57,+14.4,+22.1,MA	+6.24,+38.3,+22.0,AA	+6.54,+23.0,+22.0,OA	+6.87,+4.9,+20.5,JB	+2.35,+264.7,+21.3,JB	+6.88,+5.2,+20.5,OB	
1701038870.7318692	+6.57,+14.4,+22.1,MA	+6.24,+38.3,+22.1,@A	+6.54,+23.1,+22.0,NA	+6.87,+5.0,+20.5,BB	+2.35,+264.7,+21.4,MB	+6.88,+5.3,+20.5,NB	
1701038932.7417204	+6.57,+14.4,+22.1,MA	+6.24,+38.3,+22.0,AA	+6.54,+23.0,+22.0,OA	+6.87,+4.8,+20.5,KB	+2.35,+264.8,+21.3,EB	+6.88,+5.2,+20.4,NB	
1701038994.750568	+6.57,+14.4,+22.1,MA	+6.25,+38.3,+22.0,@A	+6.54,+23.1,+22.0,NA	+6.87,+4.9,+20.5,JB	+2.34,+265.0,+21.3,MB	+6.88,+5.2,+20.5,OB	
1701039056.757908	+6.57,+14.4,+22.1,MA	+6.25,+38.3,+22.0,@A	+6.54,+23.1,+22.1,OA	+6.87,+4.9,+20.5,JB	+2.34,+264.9,+21.3,EB	+6.88,+5.2,+20.4,NB	
1701039118.7668717	+6.57,+14.4,+22.1,MA	+6.24,+38.3,+22.0,AA	+6.54,+23.2,+22.0,MA	+6.87,+4.9,+20.5,JB	+2.35,+264.7,+21.3,JB	+6.88,+5.3,+20.4,OB	
1701039180.7772546	+6.57,+14.4,+22.1,MA	+6.25,+38.3,+22.0,@A	+6.54,+23.0,+22.0,OA	+6.87,+4.9,+20.5,JB	+2.35,+264.6,+21.3,KB	+6.88,+5.2,+20.4,NB	
1701039242.786004	+6.57,+14.4,+22.1,MA	+6.25,+38.3,+22.0,@A	+6.54,+23.1,+22.0,NA	+6.87,+4.8,+20.5,KB	+2.35,+264.4,+21.3,IB	+6.88,+5.3,+20.4,OB	
1701039304.7952166	+6.57,+14.4,+22.1,MA	+6.25,+38.3,+22.1,AA	+6.54,+23.1,+22.0,NA	+6.87,+4.9,+20.5,JB	+2.35,+264.5,+21.3,HB	+6.88,+5.3,+20.4,OB	
1701039366.8049042	+6.57,+14.4,+22.1,MA	+6.25,+38.2,+22.0,AA	+6.54,+23.1,+22.0,NA	+6.87,+4.9,+20.5,JB	+2.36,+264.2,+21.3,LB	+6.88,+5.1,+20.5,LB	
1701039428.8118582	+6.57,+14.4,+22.1,MA	+6.24,+38.3,+22.1,@A	+6.54,+23.1,+22.0,NA	+6.87,+4.9,+20.5,JB	+2.36,+264.1,+21.3,OB	+6.88,+5.3,+20.4,OB	
1701039490.8223016	+6.57,+14.4,+22.1,MA	+6.25,+38.3,+22.0,@A	+6.54,+23.1,+22.0,NA	+6.87,+4.9,+20.5,JB	+2.36,+264.3,+21.3,MB	+6.88,+5.2,+20.4,NB	
1701039552.8318667	+6.57,+14.4,+22.1,MA	+6.24,+38.3,+22.0,AA	+6.54,+23.1,+22.0,NA	+6.87,+4.9,+20.5,JB	+2.36,+264.3,+21.3,MB	+6.88,+5.2,+20.4,NB	
1701039614.8413007	+6.57,+14.4,+22.1,MA	+6.24,+38.3,+22.0,AA	+6.54,+23.1,+22.0,NA	+6.87,+4.8,+20.5,KB	+2.36,+264.1,+21.3,OB	+6.88,+5.3,+20.4,OB	
1701039676.851016	+6.57,+14.4,+22.1,MA	+6.25,+38.2,+22.0,AA	+6.54,+23.1,+22.0,NA	+6.87,+4.9,+20.5,JB	+2.36,+264.2,+21.3,LB	+6.88,+5.3,+20.5,NB	
1701039922.452111	+6.57,+14.4,+22.1,MA	+6.25,+38.3,+22.1,AA	+6.54,+23.1,+22.0,NA	+6.87,+4.8,+20.5,KB	+2.36,+264.0,+21.3,NB	+6.88,+5.3,+20.5,NB	
1701039984.4611497	+6.57,+14.4,+22.1,MA	+6.24,+38.3,+22.0,AA	+6.54,+23.1,+22.1,OA	+6.87,+4.8,+20.5,KB	+2.36,+264.2,+21.3,LB	+6.88,+5.3,+20.5,NB	
1701040046.4699967	+6.57,+14.4,+22.1,MA	+6.24,+38.4,+22.0,FA	+6.54,+23.1,+22.1,OA	+6.87,+4.8,+20.5,KB	+2.35,+264.3,+21.3,NB	+6.88,+5.3,+20.5,NB	
1701040108.4784257	+6.57,+14.4,+22.1,MA	+6.24,+38.3,+22.0,AA	+6.54,+23.1,+22.0,NA	+6.87,+4.8,+20.5,KB	+2.35,+264.3,+21.3,NB	+6.88,+5.3,+20.4,OB	
1701040170.4848619	+6.57,+14.4,+22.1,MA	+6.24,+38.4,+22.0,FA	+6.54,+23.0,+22.0,OA	+6.87,+4.8,+20.5,KB	+2.35,+264.5,+21.3,HB	+6.88,+5.3,+20.5,NB	
1701040232.4944594	+6.57,+14.4,+22.1,MA	+6.24,+38.4,+22.1,GA	+6.54,+23.1,+22.0,NA	+6.87,+4.8,+20.5,KB	+2.35,+264.5,+21.3,HB	+6.88,+5.2,+20.4,NB	
1701040294.5000467	+6.57,+14.4,+22.1,MA	+6.24,+38.4,+22.0,FA	+6.54,+23.1,+22.0,NA	+6.87,+4.8,+20.5,KB	+2.35,+264.5,+21.3,HB	+6.88,+5.1,+20.5,LB	
1701040356.5036376	+6.57,+14.4,+22.0,LA	+6.24,+38.4,+22.0,FA	+6.54,+23.0,+22.0,OA	+6.87,+4.9,+20.5,JB	+2.35,+264.5,+21.3,HB	+6.88,+5.2,+20.4,NB	
1701040418.511774	+6.57,+14.4,+22.1,MA	+6.24,+38.3,+22.0,AA	+6.54,+23.0,+22.0,OA	+6.87,+4.9,+20.4,KB	+2.35,+264.4,+21.3,IB	+6.88,+5.2,+20.4,NB	
1701040480.5207682	+6.57,+14.3,+22.1,JA	+6.24,+38.3,+22.1,@A	+6.54,+23.1,+22.0,NA	+6.87,+4.9,+20.5,JB	+2.35,+264.4,+21.3,IB	+6.88,+5.3,+20.4,OB	
1701040542.5284417	+6.57,+14.4,+22.0,LA	+6.24,+38.4,+22.0,FA	+6.54,+23.1,+22.0,NA	+6.87,+4.8,+20.5,KB	+2.36,+264.3,+21.3,MB	+6.88,+5.3,+20.4,OB	
1701040604.5371835	+6.57,+14.4,+22.1,MA	+6.24,+38.3,+22.0,AA	+6.54,+23.1,+22.0,NA	+6.87,+4.8,+20.5,KB	+2.36,+264.2,+21.3,LB	+6.88,+5.2,+20.4,NB	
1701040666.5461724	+6.57,+14.4,+22.1,MA	+6.24,+38.4,+22.0,FA	+6.54,+23.1,+22.0,NA	+6.87,+4.9,+20.5,JB	+2.36,+264.3,+21.3,MB	+6.88,+5.3,+20.4,OB	
1701040728.554394	+6.57,+14.3,+22.1,JA	+6.25,+38.3,+22.0,@A	+6.54,+23.1,+22.0,NA	+6.87,+4.8,+20.5,KB	+2.36,+264.3,+21.3,MB	+6.88,+5.2,+20.4,NB	
1701040790.562633	+6.57,+14.4,+22.0,LA	+6.24,+38.3,+22.0,AA	+6.54,+23.1,+22.0,NA	+6.87,+4.9,+20.5,JB	+2.36,+264.3,+21.3,MB	+6.88,+5.2,+20.4,NB	
1701040852.5696666	+6.57,+14.4,+22.1,MA	+6.25,+38.3,+22.0,@A	+6.54,+23.1,+22.0,NA	+6.87,+4.8,+20.5,KB	+2.35,+264.3,+21.3,NB	+6.88,+5.2,+20.4,NB	
1701040914.5800023	+6.58,+14.3,+22.1,EA	+6.24,+38.3,+22.0,AA	+6.54,+23.2,+22.0,MA	+6.87,+4.8,+20.5,KB	+2.35,+264.5,+21.3,HB	+6.88,+5.3,+20.5,NB	
1701040976.5875916	+6.57,+14.4,+22.1,MA	+6.25,+38.3,+22.0,@A	+6.54,+23.1,+22.0,NA	+6.87,+4.8,+20.5,KB	+2.35,+264.6,+21.3,KB	+6.88,+5.3,+20.5,NB	
1701041038.594526	+6.57,+14.4,+22.1,MA	+6.24,+38.3,+22.1,@A	+6.54,+23.1,+22.0,NA	+6.87,+4.8,+20.5,KB	+2.35,+264.6,+21.3,KB	+6.88,+5.3,+20.5,NB	
1701041100.6046505	+6.57,+14.3,+22.1,JA	+6.24,+38.4,+22.0,FA	+6.54,+23.1,+22.0,NA	+6.87,+4.8,+20.5,KB	+2.35,+264.5,+21.3,HB	+6.88,+5.3,+20.4,OB	
1701041162.6146686	+6.57,+14.4,+22.0,LA	+6.24,+38.3,+22.0,AA	+6.54,+23.1,+22.0,NA	+6.87,+4.9,+20.5,JB	+2.35,+264.5,+21.3,HB	+6.88,+5.3,+20.5,NB	
1701041224.6239727	+6.57,+14.4,+22.1,MA	+6.24,+38.3,+22.0,AA	+6.54,+23.1,+22.0,NA	+6.87,+4.9,+20.5,JB	+2.35,+264.5,+21.3,HB	+6.88,+5.2,+20.5,OB	
1701041286.630498	+6.57,+14.4,+22.1,MA	+6.25,+38.3,+22.0,@A	+6.54,+23.1,+22.0,NA	+6.87,+4.8,+20.5,KB	+2.35,+264.4,+21.3,IB	+6.88,+5.2,+20.5,OB	
1701041348.6384711	+6.57,+14.4,+22.0,LA	+6.25,+38.3,+22.0,@A	+6.54,+23.1,+22.0,NA	+6.87,+4.8,+20.5,KB	+2.35,+264.4,+21.3,IB	+6.88,+5.1,+20.5,LB	
1701041410.645435	+6.58,+14.3,+22.1,EA	+6.25,+38.3,+22.1,AA	+6.54,+23.1,+22.0,NA	+6.87,+4.8,+20.5,KB	+2.35,+264.5,+21.3,HB	+6.88,+5.3,+20.5,NB	
1701041472.6530929	+6.57,+14.4,+22.1,MA	+6.25,+38.3,+22.1,AA	+6.54,+23.1,+22.0,NA	+6.87,+4.8,+20.5,KB	+2.35,+264.5,+21.3,HB	+6.88,+5.2,+20.5,OB	
1701041534.660025	+6.57,+14.4,+22.1,MA	+6.24,+38.4,+22.0,FA	+6.54,+23.1,+22.1,OA	+6.87,+4.8,+20.5,KB	+2.35,+264.4,+21.3,IB	+6.88,+5.3,+20.5,NB	
1701041596.6688838	+6.57,+14.4,+22.1,MA	+6.24,+38.4,+22.0,FA	+6.54,+23.1,+22.0,NA	+6.87,+4.8,+20.5,KB	+2.36,+264.1,+21.3,OB	+6.88,+5.2,+20.5,OB	
1701041658.6771338	+6.57,+14.4,+22.1,MA	+6.24,+38.4,+22.1,GA	+6.54,+23.1,+22.0,NA	+6.87,+4.8,+20.5,KB	+2.36,+264.0,+21.3,NB	+6.88,+5.2,+20.5,OB	
1701041720.6861985	+6.57,+14.4,+22.1,MA	+6.24,+38.4,+22.0,FA	+6.54,+23.0,+22.0,OA	+6.87,+4.8,+20.5,KB	+2.36,+263.9,+21.3,@B	+6.88,+5.2,+20.4,NB	
1701041782.6941152	+6.57,+14.4,+22.1,MA	+6.24,+38.4,+22.0,FA	+6.54,+23.1,+22.0,NA	+6.87,+4.8,+20.5,KB	+2.37,+263.7,+21.3,OB	+6.88,+5.1,+20.5,LB	
1701041844.7023714	+6.57,+14.4,+22.1,MA	+6.24,+38.3,+22.0,AA	+6.54,+23.1,+22.0,NA	+6.87,+4.8,+20.5,KB	+2.36,+263.9,+21.3,@B	+6.88,+5.2,+20.4,NB	
1701041906.710659	+6.57,+14.4,+22.1,MA	+6.24,+38.4,+22.0,FA	+6.54,+23.1,+22.0,NA	+6.87,+4.8,+20.5,KB	+2.36,+263.9,+21.3,@B	+6.88,+5.3,+20.4,OB	
1701041968.7209702	+6.57,+14.4,+22.1,MA	+6.25,+38.3,+22.0,@A	+6.54,+23.1,+22.0,NA	+6.87,+4.8,+20.5,KB	+2.37,+263.5,+21.3,MB	+6.88,+5.2,+20.5,OB	
1701042030.7271948	+6.58,+14.3,+22.1,EA	+6.24,+38.4,+22.0,FA	+6.54,+23.1,+22.0,NA	+6.87,+4.8,+20.5,KB	+2.36,+263.9,+21.3,@B	+6.88,+5.2,+20.4,NB	
1701042092.735767	+6.57,+14.4,+22.1,MA	+6.25,+38.3,+22.0,@A	+6.54,+23.1,+22.0,NA	+6.87,+4.8,+20.5,KB	+2.36,+263.8,+21.3,AB	+6.88,+5.2,+20.4,NB	
1701042154.7424698	+6.57,+14.4,+22.1,MA	+6.24,+38.3,+22.0,AA	+6.54,+23.1,+22.0,NA	+6.87,+4.8,+20.5,KB	+2.36,+264.0,+21.3,NB	+6.88,+5.2,+20.4,NB	
1701042216.7491977	+6.57,+14.4,+22.1,MA	+6.25,+38.3,+22.0,@A	+6.54,+23.1,+22.0,NA	+6.87,+4.8,+20.5,KB	+2.36,+263.9,+21.3,@B	+6.88,+5.3,+20.4,OB	
1701042278.7577815	+6.57,+14.3,+22.1,JA	+6.24,+38.4,+22.0,FA	+6.54,+23.1,+22.0,NA	+6.87,+4.8,+20.5,KB	+2.36,+263.9,+21.3,@B	+6.88,+5.2,+20.4,NB	
1701042340.7669053	+6.57,+14.4,+22.0,LA	+6.24,+38.3,+22.0,AA	+6.54,+23.1,+22.0,NA	+6.87,+4.8,+20.5,KB	+2.36,+263.9,+21.3,@B	+6.88,+5.3,+20.5,NB	
1701042402.7767477	+6.57,+14.3,+22.1,JA	+6.24,+38.4,+22.0,FA	+6.54,+23.2,+22.0,MA	+6.87,+4.8,+20.5,KB	+2.37,+263.6,+21.3,NB	+6.88,+5.2,+20.5,OB	
1701042464.7839587	+6.57,+14.4,+22.1,MA	+6.25,+38.3,+22.0,@A	+6.54,+23.1,+22.0,NA	+6.87,+4.8,+20.5,KB	+2.37,+263.7,+21.3,OB	+6.88,+5.3,+20.4,OB	
1701042526.7941382	+6.57,+14.4,+22.1,MA	+6.24,+38.3,+22.0,AA	+6.54,+23.1,+22.0,NA	+6.87,+4.8,+20.5,KB	+2.36,+263.8,+21.3,AB	+6.88,+5.2,+20.4,NB	
1701042588.8050847	+6.57,+14.4,+22.1,MA	+6.25,+38.2,+22.0,AA	+6.54,+23.1,+22.0,NA	+6.87,+4.8,+20.5,KB	+2.37,+263.6,+21.3,NB	+6.88,+5.2,+20.5,OB	
1701042650.8155007	+6.57,+14.4,+22.1,MA	+6.24,+38.3,+22.0,AA	+6.54,+23.1,+22.0,NA	+6.87,+4.8,+20.5,KB	+2.37,+263.4,+21.3,LB	+6.88,+5.2,+20.5,OB	
1701042712.8232741	+6.57,+14.4,+22.1,MA	+6.24,+38.4,+22.0,FA	+6.54,+23.1,+22.0,NA	+6.87,+4.8,+20.5,KB	+2.37,+263.4,+21.3,LB	+6.88,+5.2,+20.4,NB	
1701042774.8316782	+6.57,+14.4,+22.1,MA	+6.24,+38.3,+22.0,AA	+6.54,+23.1,+22.0,NA	+6.87,+4.8,+20.5,KB	+2.37,+263.3,+21.3,KB	+6.88,+5.3,+20.5,NB	
1701042836.8393798	+6.58,+14.3,+22.1,EA	+6.24,+38.3,+22.0,AA	+6.54,+23.1,+22.0,NA	+6.87,+4.8,+20.5,KB	+2.37,+263.5,+21.3,MB	+6.88,+5.2,+20.5,OB	
1701042898.847984	+6.57,+14.3,+22.1,JA	+6.24,+38.4,+22.1,GA	+6.54,+23.1,+22.0,NA	+6.87,+4.9,+20.5,JB	+2.37,+263.5,+21.3,MB	+6.88,+5.2,+20.5,OB	
1701042960.8566906	+6.57,+14.4,+22.1,MA	+6.24,+38.3,+22.1,@A	+6.54,+23.1,+22.0,NA	+6.87,+4.9,+20.5,JB	+2.37,+263.4,+21.3,LB	+6.88,+5.2,+20.5,OB	
1701043022.8635857	+6.57,+14.4,+22.1,MA	+6.25,+38.3,+22.1,AA	+6.54,+23.1,+22.1,OA	+6.87,+4.8,+20.5,KB	+2.37,+263.3,+21.3,KB	+6.88,+5.3,+20.5,NB	
1701043084.8726301	+6.57,+14.4,+22.1,MA	+6.24,+38.4,+22.1,GA	+6.54,+23.1,+22.0,NA	+6.87,+4.8,+20.5,KB	+2.37,+263.4,+21.3,LB	+6.88,+5.2,+20.5,OB	
1701043146.880128	+6.57,+14.5,+22.1,LA	+6.25,+38.3,+22.0,@A	+6.54,+23.1,+22.1,OA	+6.87,+4.8,+20.5,KB	+2.37,+263.4,+21.3,LB	+6.88,+5.2,+20.5,OB	
1701043208.889857	+6.57,+14.4,+22.1,MA	+6.24,+38.4,+22.0,FA	+6.54,+23.1,+22.0,NA	+6.87,+4.8,+20.5,KB	+2.37,+263.3,+21.3,KB	+6.88,+5.3,+20.5,NB	
1701043270.899486	+6.57,+14.4,+22.1,MA	+6.24,+38.4,+22.1,GA	+6.54,+23.1,+22.0,NA	+6.87,+4.8,+20.5,KB	+2.37,+263.4,+21.3,LB	+6.88,+5.3,+20.5,NB	
1701043332.90879	+6.57,+14.4,+22.1,MA	+6.24,+38.4,+22.0,FA	+6.54,+23.1,+22.0,NA	+6.87,+4.8,+20.5,KB	+2.38,+263.1,+21.3,FB	+6.88,+5.2,+20.5,OB	
1701043394.916883	+6.57,+14.3,+22.1,JA	+6.24,+38.3,+22.0,AA	+6.54,+23.1,+22.1,OA	+6.87,+4.8,+20.5,KB	+2.37,+263.3,+21.3,KB	+6.88,+5.2,+20.5,OB	
1701043456.9222908	+6.57,+14.4,+22.1,MA	+6.24,+38.4,+22.0,FA	+6.54,+23.1,+22.0,NA	+6.87,+4.9,+20.5,JB	+2.37,+263.3,+21.3,KB	+6.88,+5.2,+20.5,OB	
1701043518.9312496	+6.57,+14.4,+22.1,MA	+6.24,+38.4,+22.0,FA	+6.54,+23.1,+22.0,NA	+6.87,+4.8,+20.5,KB	+2.37,+263.5,+21.3,MB	+6.88,+5.3,+20.5,NB	
1701043764.4651406	+6.57,+14.3,+22.1,JA	+6.24,+38.4,+22.0,FA	+6.54,+23.1,+22.0,NA	+6.87,+4.8,+20.5,KB	+2.37,+263.4,+21.3,LB	+6.88,+5.3,+20.5,NB	
1701043826.474646	+6.57,+14.4,+22.0,LA	+6.24,+38.4,+22.0,FA	+6.54,+23.1,+22.0,NA	+6.87,+4.8,+20.5,KB	+2.37,+263.6,+21.3,NB	+6.88,+5.2,+20.4,NB	
1701043888.4819167	+6.58,+14.3,+22.1,EA	+6.24,+38.4,+22.0,FA	+6.54,+23.1,+22.0,NA	+6.87,+4.8,+20.5,KB	+2.37,+263.6,+21.3,NB	+6.88,+5.3,+20.4,OB	
1701043950.48882	+6.58,+14.3,+22.1,EA	+6.24,+38.3,+22.0,AA	+6.54,+23.1,+22.0,NA	+6.87,+4.8,+20.5,KB	+2.37,+263.4,+21.3,LB	+6.88,+5.3,+20.5,NB	
1701044012.498165	+6.57,+14.4,+22.1,MA	+6.24,+38.3,+22.0,AA	+6.54,+23.1,+22.0,NA	+6.87,+4.8,+20.5,KB	+2.37,+263.5,+21.3,MB	+6.88,+5.2,+20.5,OB	
1701044074.5033417	+6.57,+14.4,+22.1,MA	+6.24,+38.4,+22.0,FA	+6.54,+23.0,+22.0,OA	+6.87,+4.8,+20.5,KB	+2.37,+263.4,+21.3,LB	+6.88,+5.3,+20.5,NB	
1701044136.5104492	+6.57,+14.3,+22.1,JA	+6.24,+38.4,+22.0,FA	+6.54,+23.1,+22.0,NA	+6.87,+4.8,+20.5,KB	+2.37,+263.4,+21.3,LB	+6.88,+5.3,+20.5,NB	
1701044198.5179634	+6.58,+14.3,+22.1,EA	+6.24,+38.3,+22.0,AA	+6.54,+23.1,+22.0,NA	+6.87,+4.8,+20.5,KB	+2.37,+263.5,+21.3,MB	+6.88,+5.2,+20.5,OB	
1701044260.5287752	+6.57,+14.3,+22.1,JA	+6.24,+38.4,+22.0,FA	+6.54,+23.2,+22.0,MA	+6.87,+4.8,+20.5,KB	+2.37,+263.2,+21.3,JB	+6.88,+5.3,+20.5,NB	
1701044322.537232	+6.57,+14.3,+22.1,JA	+6.24,+38.3,+22.0,AA	+6.54,+23.1,+22.0,NA	+6.87,+4.8,+20.5,KB	+2.37,+263.4,+21.3,LB	+6.88,+5.3,+20.5,NB	
1701044384.5475574	+6.57,+14.4,+22.1,MA	+6.24,+38.4,+22.0,FA	+6.54,+23.2,+22.1,LA	+6.87,+4.8,+20.5,KB	+2.37,+263.2,+21.3,JB	+6.88,+5.1,+20.5,LB	
1701044446.5571127	+6.57,+14.3,+22.1,JA	+6.24,+38.4,+22.0,FA	+6.54,+23.2,+22.1,LA	+6.87,+4.8,+20.5,KB	+2.37,+263.3,+21.3,KB	+6.88,+5.2,+20.5,OB	
1701044508.563752	+6.57,+14.4,+22.1,MA	+6.24,+38.4,+22.1,GA	+6.54,+23.1,+22.0,NA	+6.87,+4.9,+20.5,JB	+2.37,+263.3,+21.3,KB	+6.88,+5.2,+20.5,OB	
1701044570.574258	+6.57,+14.3,+22.1,JA	+6.24,+38.3,+22.0,AA	+6.54,+23.1,+22.0,NA	+6.87,+4.8,+20.5,KB	+2.37,+263.6,+21.3,NB	+6.88,+5.2,+20.5,OB	
1701044632.5832155	+6.57,+14.4,+22.1,MA	+6.24,+38.3,+22.0,AA	+6.54,+23.1,+22.0,NA	+6.87,+4.8,+20.5,KB	+2.36,+263.7,+21.3,NB	+6.88,+5.1,+20.5,LB	
1701044694.593916	+6.58,+14.3,+22.1,EA	+6.24,+38.3,+22.0,AA	+6.54,+23.1,+22.1,OA	+6.87,+4.8,+20.5,KB	+2.37,+263.7,+21.3,OB	+6.88,+5.2,+20.5,OB	
1701044756.6010883	+6.57,+14.4,+22.1,MA	+6.24,+38.4,+22.0,FA	+6.54,+23.1,+22.1,OA	+6.87,+4.8,+20.5,KB	+2.36,+263.8,+21.3,AB	+6.88,+5.2,+20.5,OB	
1701044818.6095655	+6.58,+14.3,+22.1,EA	+6.24,+38.4,+22.1,GA	+6.54,+23.1,+22.0,NA	+6.87,+4.8,+20.5,KB	+2.36,+263.8,+21.3,AB	+6.88,+5.2,+20.5,OB	
1701044880.618709	+6.57,+14.3,+22.1,JA	+6.24,+38.5,+22.1,FA	+6.54,+23.1,+22.0,NA	+6.87,+4.8,+20.5,KB	+2.36,+263.7,+21.3,NB	+6.88,+5.3,+20.5,NB	
1701044942.626439	+6.57,+14.4,+22.1,MA	+6.24,+38.4,+22.0,FA	+6.54,+23.1,+22.1,OA	+6.87,+4.8,+20.5,KB	+2.37,+263.7,+21.3,OB	+6.88,+5.2,+20.5,OB	
1701045004.6348667	+6.57,+14.4,+22.1,MA	+6.24,+38.4,+22.0,FA	+6.54,+23.1,+22.0,NA	+6.87,+4.8,+20.5,KB	+2.38,+263.0,+21.3,GB	+6.88,+5.2,+20.5,OB	
1701045066.6446116	+6.57,+14.4,+22.1,MA	+6.24,+38.4,+22.0,FA	+6.54,+23.1,+22.0,NA	+6.87,+4.8,+20.5,KB	+2.38,+262.9,+21.3,OB	+6.88,+5.3,+20.5,NB	
1701045128.6542375	+6.58,+14.3,+22.1,EA	+6.24,+38.4,+22.0,FA	+6.54,+23.1,+22.0,NA	+6.87,+4.8,+20.5,KB	+2.38,+263.0,+21.3,GB	+6.88,+5.2,+20.5,OB	
1701045190.6641552	+6.58,+14.3,+22.1,EA	+6.24,+38.4,+22.0,FA	+6.54,+23.1,+22.0,NA	+6.87,+4.8,+20.5,KB	+2.38,+263.0,+21.3,GB	+6.88,+5.2,+20.5,OB	
1701045252.6741657	+6.57,+14.4,+22.1,MA	+6.24,+38.4,+22.1,GA	+6.54,+23.2,+22.0,MA	+6.87,+4.8,+20.5,KB	+2.38,+263.1,+21.3,FB	+6.88,+5.3,+20.5,NB	
1701045314.6824453	+6.57,+14.4,+22.1,MA	+6.24,+38.5,+22.1,FA	+6.54,+23.1,+22.0,NA	+6.87,+4.8,+20.5,KB	+2.38,+263.1,+21.3,FB	+6.88,+5.3,+20.4,OB	
1701045376.6901011	+6.57,+14.4,+22.1,MA	+6.24,+38.4,+22.1,GA	+6.54,+23.2,+22.0,MA	+6.87,+4.8,+20.5,KB	+2.37,+263.2,+21.3,JB	+6.88,+5.1,+20.5,LB	
1701045438.7012813	+6.57,+14.4,+22.1,MA	+6.24,+38.4,+22.0,FA	+6.54,+23.1,+22.0,NA	+6.87,+4.8,+20.5,KB	+2.37,+263.1,+21.3,IB	+6.88,+5.3,+20.5,NB	
1701045500.710419	+6.57,+14.4,+22.1,MA	+6.24,+38.4,+22.0,FA	+6.54,+23.1,+22.0,NA	+6.87,+4.8,+20.5,KB	+2.37,+263.2,+21.3,JB	+6.88,+5.2,+20.5,OB	
1701045562.7195344	+6.57,+14.4,+22.1,MA	+6.24,+38.4,+22.1,GA	+6.54,+23.1,+22.0,NA	+6.87,+4.8,+20.5,KB	+2.37,+263.3,+21.3,KB	+6.88,+5.2,+20.5,OB	
1701045624.727543	+6.58,+14.3,+22.1,EA	+6.24,+38.4,+22.0,FA	+6.54,+23.2,+22.0,MA	+6.87,+4.7,+20.5,DB	+2.37,+263.2,+21.3,JB	+6.88,+5.1,+20.5,LB	
1701045686.737029	+6.57,+14.3,+22.1,JA	+6.24,+38.3,+22.1,@A	+6.54,+23.2,+22.0,MA	+6.87,+4.8,+20.5,KB	+2.37,+263.4,+21.3,LB	+6.88,+5.1,+20.5,LB	
1701045748.7459648	+6.57,+14.4,+22.0,LA	+6.24,+38.4,+22.1,GA	+6.54,+23.1,+22.0,NA	+6.87,+4.8,+20.5,KB	+2.37,+263.3,+21.3,KB	+6.88,+5.2,+20.5,OB	
1701045810.7533913	+6.58,+14.3,+22.1,EA	+6.24,+38.4,+22.1,GA	+6.54,+23.2,+22.0,MA	+6.87,+4.8,+20.5,KB	+2.38,+263.1,+21.3,FB	+6.88,+5.2,+20.5,OB	
1701045872.763182	+6.57,+14.3,+22.1,JA	+6.24,+38.3,+22.1,@A	+6.54,+23.1,+22.1,OA	+6.87,+4.8,+20.5,KB	+2.37,+263.3,+21.3,KB	+6.88,+5.2,+20.5,OB	
1701045934.7727854	+6.57,+14.4,+22.1,MA	+6.24,+38.4,+22.1,GA	+6.54,+23.1,+22.0,NA	+6.87,+4.8,+20.5,KB	+2.37,+263.3,+21.3,KB	+6.88,+5.2,+20.5,OB	
1701045996.7832282	+6.57,+14.4,+22.1,MA	+6.24,+38.4,+22.0,FA	+6.54,+23.1,+22.1,OA	+6.87,+4.7,+20.5,DB	+2.37,+263.2,+21.3,JB	+6.88,+5.1,+20.5,LB	
1701046058.790745	+6.58,+14.3,+22.1,EA	+6.24,+38.4,+22.1,GA	+6.54,+23.2,+22.1,LA	+6.87,+4.8,+20.5,KB	+2.37,+263.3,+21.3,KB	+6.88,+5.2,+20.5,OB	
1701046120.8003292	+6.57,+14.4,+22.1,MA	+6.24,+38.4,+22.1,GA	+6.54,+23.2,+22.1,LA	+6.87,+4.8,+20.5,KB	+2.37,+263.4,+21.3,LB	+6.88,+5.1,+20.5,LB	
1701046182.8094347	+6.58,+14.3,+22.1,EA	+6.24,+38.4,+22.1,GA	+6.54,+23.1,+22.1,OA	+6.87,+4.8,+20.5,KB	+2.37,+263.4,+21.3,LB	+6.88,+5.2,+20.5,OB	
1701046244.8164177	+6.58,+14.3,+22.1,EA	+6.24,+38.4,+22.1,GA	+6.54,+23.1,+22.0,NA	+6.87,+4.7,+20.5,DB	+2.37,+263.6,+21.3,NB	+6.88,+5.2,+20.5,OB	
1701046306.8222804	+6.58,+14.3,+22.1,EA	+6.24,+38.5,+22.1,FA	+6.54,+23.1,+22.0,NA	+6.87,+4.8,+20.5,KB	+2.37,+263.7,+21.3,OB	+6.88,+5.1,+20.5,LB	
1701046368.8312628	+6.57,+14.4,+22.1,MA	+6.24,+38.4,+22.0,FA	+6.54,+23.2,+22.1,LA	+6.87,+4.8,+20.5,KB	+2.36,+263.9,+21.3,@B	+6.88,+5.1,+20.5,LB	
1701046430.8407876	+6.57,+14.4,+22.1,MA	+6.24,+38.5,+22.1,FA	+6.54,+23.2,+22.1,LA	+6.87,+4.8,+20.5,KB	+2.36,+264.0,+21.3,NB	+6.88,+5.1,+20.5,LB	
1701046492.8478076	+6.57,+14.4,+22.1,MA	+6.24,+38.5,+22.0,GA	+6.54,+23.1,+22.1,OA	+6.87,+4.8,+20.5,KB	+2.36,+264.0,+21.3,NB	+6.88,+5.2,+20.5,OB	
1701046554.8587441	+6.57,+14.4,+22.1,MA	+6.24,+38.4,+22.1,GA	+6.54,+23.1,+22.0,NA	+6.87,+4.8,+20.5,KB	+2.36,+264.0,+21.3,NB	+6.88,+5.2,+20.5,OB	
1701046616.86879	+6.57,+14.3,+22.1,JA	+6.24,+38.4,+22.1,GA	+6.54,+23.1,+22.1,OA	+6.87,+4.8,+20.5,KB	+2.36,+264.0,+21.3,NB	+6.88,+5.1,+20.5,LB	
1701046678.8758616	+6.57,+14.4,+22.1,MA	+6.24,+38.5,+22.1,FA	+6.54,+23.1,+22.0,NA	+6.87,+4.8,+20.5,KB	+2.36,+264.0,+21.3,NB	+6.88,+5.2,+20.5,OB	
1701046740.8846953	+6.57,+14.3,+22.1,JA	+6.24,+38.4,+22.1,GA	+6.54,+23.1,+22.0,NA	+6.87,+4.8,+20.5,KB	+2.36,+264.2,+21.3,LB	+6.88,+5.2,+20.5,OB	
1701046802.8942184	+6.57,+14.4,+22.1,MA	+6.24,+38.4,+22.1,GA	+6.54,+23.1,+22.1,OA	+6.87,+4.8,+20.5,KB	+2.36,+264.2,+21.3,LB	+6.88,+5.2,+20.5,OB	
1701046864.9040537	+6.57,+14.3,+22.1,JA	+6.24,+38.5,+22.0,GA	+6.54,+23.1,+22.0,NA	+6.87,+4.8,+20.5,KB	+2.36,+264.2,+21.3,LB	+6.88,+5.2,+20.5,OB	
1701046926.9155498	+6.57,+14.4,+22.1,MA	+6.24,+38.5,+22.1,FA	+6.54,+23.1,+22.0,NA	+6.87,+4.8,+20.5,KB	+2.35,+264.4,+21.3,IB	+6.88,+5.2,+20.5,OB	
1701046988.9245782	+6.58,+14.3,+22.1,EA	+6.24,+38.4,+22.0,FA	+6.54,+23.1,+22.1,OA	+6.87,+4.8,+20.5,KB	+2.35,+264.3,+21.3,NB	+6.88,+5.2,+20.5,OB	
1701047050.9325795	+6.58,+14.3,+22.1,EA	+6.24,+38.4,+22.0,FA	+6.54,+23.2,+22.0,MA	+6.87,+4.8,+20.5,KB	+2.35,+264.4,+21.3,IB	+6.88,+5.1,+20.5,LB	
1701047112.9411619	+6.58,+14.3,+22.1,EA	+6.24,+38.4,+22.0,FA	+6.54,+23.2,+22.1,LA	+6.87,+4.9,+20.5,JB	+2.36,+264.3,+21.3,MB	+6.88,+5.1,+20.5,LB	
1701047174.9502869	+6.57,+14.4,+22.1,MA	+6.24,+38.4,+22.1,GA	+6.54,+23.1,+22.1,OA	+6.87,+4.8,+20.5,KB	+2.35,+264.3,+21.3,NB	+6.88,+5.2,+20.5,OB	
1701047236.9593637	+6.58,+14.3,+22.1,EA	+6.24,+38.4,+22.1,GA	+6.54,+23.2,+22.1,LA	+6.87,+4.7,+20.5,DB	+2.36,+264.2,+21.3,LB	+6.88,+5.2,+20.5,OB	
1701047298.9695342	+6.57,+14.4,+22.1,MA	+6.24,+38.5,+22.0,GA	+6.54,+23.1,+22.1,OA	+6.87,+4.8,+20.5,KB	+2.36,+264.2,+21.3,LB	+6.88,+5.2,+20.5,OB	
1701047360.9787748	+6.58,+14.3,+22.1,EA	+6.24,+38.5,+22.0,GA	+6.54,+23.2,+22.1,LA	+6.87,+4.8,+20.5,KB	+2.35,+264.4,+21.3,IB	+6.88,+5.2,+20.5,OB	
1701047606.5409045	+6.58,+14.3,+22.1,EA	+6.24,+38.4,+22.1,GA	+6.54,+23.2,+22.1,LA	+6.87,+4.8,+20.5,KB	+2.36,+264.2,+21.3,LB	+6.88,+5.1,+20.5,LB	
1701047668.5505736	+6.58,+14.3,+22.1,EA	+6.24,+38.5,+22.1,FA	+6.54,+23.2,+22.1,LA	+6.87,+4.8,+20.5,KB	+2.35,+264.5,+21.3,HB	+6.88,+5.2,+20.5,OB	
1701047730.5555074	+6.58,+14.3,+22.1,EA	+6.24,+38.4,+22.1,GA	+6.54,+23.1,+22.1,OA	+6.87,+4.8,+20.5,KB	+2.35,+264.5,+21.3,HB	+6.88,+5.1,+20.5,LB	
1701047792.5642977	+6.58,+14.3,+22.1,EA	+6.24,+38.5,+22.1,FA	+6.54,+23.2,+22.1,LA	+6.87,+4.7,+20.5,DB	+2.35,+264.7,+21.3,JB	+6.88,+5.1,+20.5,LB	
1701047854.5750117	+6.57,+14.4,+22.1,MA	+6.24,+38.4,+22.1,GA	+6.54,+23.1,+22.1,OA	+6.87,+4.8,+20.5,KB	+2.35,+264.7,+21.3,JB	+6.88,+5.2,+20.5,OB	
1701047916.584	+6.58,+14.3,+22.1,EA	+6.24,+38.5,+22.1,FA	+6.54,+23.2,+22.1,LA	+6.87,+4.8,+20.5,KB	+2.35,+264.7,+21.3,JB	+6.88,+5.1,+20.5,LB	
1701047978.5943398	+6.58,+14.3,+22.1,EA	+6.24,+38.4,+22.1,GA	+6.54,+23.1,+22.1,OA	+6.87,+4.8,+20.5,KB	+2.35,+264.5,+21.3,HB	+6.88,+5.2,+20.5,OB	
1701048040.605023	+6.58,+14.3,+22.1,EA	+6.24,+38.4,+22.1,GA	+6.54,+23.2,+22.1,LA	+6.87,+4.8,+20.5,KB	+2.35,+264.7,+21.3,JB	+6.88,+5.1,+20.5,LB	
1701048102.6148682	+6.58,+14.3,+22.1,EA	+6.24,+38.4,+22.1,GA	+6.54,+23.1,+22.1,OA	+6.87,+4.8,+20.5,KB	+2.35,+264.6,+21.3,KB	+6.88,+5.1,+20.5,LB	
1701048164.6236322	+6.58,+14.3,+22.1,EA	+6.24,+38.5,+22.1,FA	+6.54,+23.2,+22.1,LA	+6.87,+4.8,+20.5,KB	+2.35,+264.7,+21.3,JB	+6.88,+5.1,+20.5,LB	
1701048226.6326437	+6.58,+14.3,+22.1,EA	+6.24,+38.4,+22.1,GA	+6.54,+23.1,+22.1,OA	+6.87,+4.7,+20.5,DB	+2.35,+264.7,+21.3,JB	+6.88,+5.1,+20.5,LB	
1701048288.6392593	+6.58,+14.3,+22.1,EA	+6.24,+38.5,+22.1,FA	+6.54,+23.1,+22.1,OA	+6.87,+4.8,+20.5,KB	+2.35,+264.7,+21.3,JB	+6.88,+5.1,+20.5,LB	
1701048350.6483226	+6.58,+14.3,+22.1,EA	+6.24,+38.4,+22.1,GA	+6.54,+23.1,+22.1,OA	+6.87,+4.7,+20.5,DB	+2.35,+264.7,+21.3,JB	+6.88,+5.1,+20.5,LB	
1701048412.6553996	+6.57,+14.3,+22.1,JA	+6.24,+38.5,+22.1,FA	+6.54,+23.1,+22.1,OA	+6.87,+4.8,+20.5,KB	+2.35,+264.7,+21.3,JB	+6.88,+5.2,+20.5,OB	
1701048474.6658785	+6.58,+14.3,+22.1,EA	+6.24,+38.4,+22.1,GA	+6.54,+23.1,+22.0,NA	+6.87,+4.7,+20.5,DB	+2.35,+264.6,+21.3,KB	+6.88,+5.1,+20.5,LB	
1701048536.6735256	+6.58,+14.3,+22.1,EA	+6.24,+38.5,+22.1,FA	+6.54,+23.1,+22.1,OA	+6.87,+4.7,+20.6,GB	+2.35,+264.7,+21.3,JB	+6.88,+5.1,+20.5,LB	
1701048598.6810038	+6.57,+14.4,+22.1,MA	+6.24,+38.5,+22.1,FA	+6.54,+23.2,+22.1,LA	+6.87,+4.8,+20.5,KB	+2.35,+264.6,+21.3,KB	+6.88,+5.1,+20.5,LB	
1701048660.692708	+6.57,+14.3,+22.1,JA	+6.24,+38.4,+22.1,GA	+6.54,+23.2,+22.1,LA	+6.87,+4.8,+20.5,KB	+2.35,+264.6,+21.3,KB	+6.88,+5.2,+20.5,OB	
1701048722.702654	+6.58,+14.3,+22.1,EA	+6.24,+38.5,+22.1,FA	+6.54,+23.2,+22.1,LA	+6.87,+4.8,+20.5,KB	+2.35,+264.6,+21.3,KB	+6.88,+5.1,+20.5,LB	
1701048784.711846	+6.58,+14.3,+22.1,EA	+6.24,+38.4,+22.1,GA	+6.54,+23.2,+22.1,LA	+6.87,+4.8,+20.5,KB	+2.35,+264.6,+21.3,KB	+6.88,+5.2,+20.5,OB	
1701048846.7205615	+6.58,+14.3,+22.1,EA	+6.24,+38.4,+22.1,GA	+6.54,+23.2,+22.1,LA	+6.87,+4.7,+20.6,GB	+2.35,+264.5,+21.3,HB	+6.88,+5.0,+20.5,MB	
1701048908.7300684	+6.58,+14.3,+22.1,EA	+6.24,+38.4,+22.1,GA	+6.54,+23.1,+22.1,OA	+6.87,+4.7,+20.5,DB	+2.35,+264.5,+21.3,HB	+6.88,+5.0,+20.5,MB	
1701048970.7399004	+6.58,+14.3,+22.1,EA	+6.24,+38.5,+22.1,FA	+6.54,+23.2,+22.1,LA	+6.87,+4.8,+20.5,KB	+2.35,+264.5,+21.3,HB	+6.88,+5.1,+20.5,LB	
1701049032.7475648	+6.58,+14.3,+22.1,EA	+6.24,+38.4,+22.1,GA	+6.54,+23.2,+22.1,LA	+6.87,+4.8,+20.6,HB	+2.35,+264.6,+21.3,KB	+6.88,+5.1,+20.5,LB	
1701049094.7570653	+6.58,+14.3,+22.1,EA	+6.24,+38.4,+22.1,GA	+6.54,+23.2,+22.1,LA	+6.87,+4.8,+20.5,KB	+2.35,+264.6,+21.3,KB	+6.88,+5.0,+20.5,MB	
1701049156.7629485	+6.58,+14.3,+22.1,EA	+6.24,+38.5,+22.1,FA	+6.54,+23.1,+22.1,OA	+6.87,+4.7,+20.5,DB	+2.35,+264.5,+21.3,HB	+6.88,+5.0,+20.5,MB	
1701049218.7712116	+6.58,+14.3,+22.1,EA	+6.24,+38.5,+22.1,FA	+6.54,+23.2,+22.1,LA	+6.87,+4.7,+20.5,DB	+2.35,+264.6,+21.3,KB	+6.88,+5.0,+20.5,MB	
1701049280.7810507	+6.58,+14.3,+22.1,EA	+6.24,+38.5,+22.1,FA	+6.54,+23.1,+22.1,OA	+6.87,+4.8,+20.6,HB	+2.35,+264.6,+21.3,KB	+6.88,+5.0,+20.5,MB	
1701049342.7892213	+6.58,+14.3,+22.1,EA	+6.24,+38.5,+22.1,FA	+6.54,+23.2,+22.1,LA	+6.87,+4.7,+20.6,GB	+2.35,+264.7,+21.3,JB	+6.88,+5.0,+20.6,NB	
1701049404.7980213	+6.58,+14.3,+22.1,EA	+6.24,+38.5,+22.1,FA	+6.54,+23.2,+22.1,LA	+6.87,+4.7,+20.6,GB	+2.35,+264.7,+21.3,JB	+6.88,+5.0,+20.5,MB	
1701049466.8036816	+6.58,+14.3,+22.1,EA	+6.24,+38.5,+22.1,FA	+6.54,+23.2,+22.1,LA	+6.87,+4.8,+20.6,HB	+2.35,+264.7,+21.3,JB	+6.88,+5.1,+20.5,LB	
1701049528.8120713	+6.57,+14.3,+22.1,JA	+6.24,+38.5,+22.1,FA	+6.53,+23.2,+22.1,KA	+6.87,+4.7,+20.6,GB	+2.35,+264.7,+21.3,JB	+6.88,+5.1,+20.6,OB	
1701049590.8190434	+6.57,+14.3,+22.1,JA	+6.24,+38.4,+22.1,GA	+6.54,+23.1,+22.1,OA	+6.87,+4.7,+20.6,GB	+2.35,+264.7,+21.3,JB	+6.88,+5.0,+20.6,NB	
1701049652.828111	+6.58,+14.3,+22.1,EA	+6.24,+38.5,+22.1,FA	+6.54,+23.1,+22.1,OA	+6.87,+4.7,+20.6,GB	+2.34,+265.0,+21.3,MB	+6.88,+5.0,+20.5,MB	
1701049714.83666	+6.58,+14.3,+22.1,EA	+6.24,+38.5,+22.1,FA	+6.54,+23.1,+22.1,OA	+6.87,+4.7,+20.6,GB	+2.35,+264.8,+21.3,EB	+6.88,+5.1,+20.6,OB	
1701049776.8455148	+6.57,+14.3,+22.1,JA	+6.24,+38.5,+22.1,FA	+6.54,+23.1,+22.1,OA	+6.87,+4.8,+20.6,HB	+2.35,+264.8,+21.3,EB	+6.88,+5.1,+20.5,LB	
1701049838.855596	+6.57,+14.4,+22.1,MA	+6.24,+38.5,+22.1,FA	+6.54,+23.2,+22.1,LA	+6.87,+4.8,+20.5,KB	+2.35,+264.9,+21.3,DB	+6.88,+5.0,+20.5,MB	
1701049900.8648226	+6.58,+14.3,+22.1,EA	+6.24,+38.5,+22.1,FA	+6.54,+23.2,+22.1,LA	+6.87,+4.7,+20.5,DB	+2.35,+264.8,+21.3,EB	+6.88,+5.0,+20.6,NB	
1701049962.8733745	+6.58,+14.3,+22.1,EA	+6.24,+38.5,+22.1,FA	+6.54,+23.2,+22.1,LA	+6.87,+4.7,+20.5,DB	+2.34,+264.9,+21.3,EB	+6.88,+5.0,+20.5,MB	
1701050024.8798788	+6.57,+14.3,+22.1,JA	+6.24,+38.5,+22.1,FA	+6.54,+23.2,+22.1,LA	+6.87,+4.7,+20.5,DB	+2.34,+265.0,+21.3,MB	+6.88,+5.0,+20.6,NB	
1701050086.8895352	+6.57,+14.3,+22.1,JA	+6.24,+38.5,+22.1,FA	+6.54,+23.2,+22.1,LA	+6.87,+4.7,+20.6,GB	+2.34,+265.3,+21.3,NB	+6.88,+5.0,+20.5,MB	
1701050148.8992515	+6.58,+14.3,+22.1,EA	+6.24,+38.5,+22.1,FA	+6.54,+23.2,+22.1,LA	+6.87,+4.8,+20.6,HB	+2.34,+265.2,+21.3,OB	+6.88,+5.0,+20.5,MB	
1701050210.9069884	+6.58,+14.3,+22.1,EA	+6.24,+38.5,+22.1,FA	+6.54,+23.2,+22.1,LA	+6.87,+4.7,+20.6,GB	+2.34,+265.1,+21.3,LB	+6.88,+5.1,+20.5,LB	
1701050272.9155025	+6.58,+14.3,+22.1,EA	+6.24,+38.4,+22.1,GA	+6.54,+23.2,+22.1,LA	+6.87,+4.7,+20.5,DB	+2.34,+264.9,+21.3,EB	+6.88,+5.1,+20.5,LB	
1701050334.922666	+6.58,+14.3,+22.1,EA	+6.24,+38.4,+22.1,GA	+6.53,+23.2,+22.1,KA	+6.87,+4.7,+20.6,GB	+2.35,+264.8,+21.3,EB	+6.88,+5.0,+20.5,MB	
1701050396.929943	+6.58,+14.3,+22.1,EA	+6.24,+38.5,+22.1,FA	+6.54,+23.2,+22.1,LA	+6.87,+4.7,+20.6,GB	+2.35,+264.7,+21.3,JB	+6.88,+5.0,+20.5,MB	
1701050458.936764	+6.58,+14.3,+22.1,EA	+6.24,+38.5,+22.1,FA	+6.54,+23.2,+22.1,LA	+6.87,+4.7,+20.6,GB	+2.35,+264.5,+21.3,HB	+6.88,+5.1,+20.5,LB	
1701050520.9449537	+6.57,+14.4,+22.1,MA	+6.24,+38.5,+22.1,FA	+6.54,+23.2,+22.1,LA	+6.87,+4.7,+20.6,GB	+2.35,+264.5,+21.3,HB	+6.88,+5.0,+20.5,MB	
1701050582.9516766	+6.58,+14.3,+22.1,EA	+6.24,+38.5,+22.1,FA	+6.54,+23.2,+22.1,LA	+6.87,+4.7,+20.6,GB	+2.35,+264.4,+21.3,IB	+6.88,+5.0,+20.6,NB	
1701050644.9597208	+6.58,+14.3,+22.1,EA	+6.24,+38.5,+22.1,FA	+6.54,+23.2,+22.1,LA	+6.87,+4.7,+20.6,GB	+2.35,+264.4,+21.3,IB	+6.88,+5.1,+20.6,OB	
1701050706.969049	+6.58,+14.3,+22.1,EA	+6.24,+38.4,+22.1,GA	+6.53,+23.2,+22.1,KA	+6.87,+4.7,+20.6,GB	+2.35,+264.3,+21.3,NB	+6.88,+5.0,+20.5,MB	
1701050768.9771388	+6.58,+14.3,+22.1,EA	+6.24,+38.5,+22.1,FA	+6.54,+23.2,+22.1,LA	+6.87,+4.7,+20.6,GB	+2.35,+264.4,+21.3,IB	+6.88,+5.1,+20.5,LB	
1701050830.9864087	+6.57,+14.3,+22.1,JA	+6.24,+38.5,+22.1,FA	+6.53,+23.2,+22.1,KA	+6.87,+4.7,+20.6,GB	+2.35,+264.3,+21.3,NB	+6.88,+5.0,+20.6,NB	
1701050892.9948478	+6.58,+14.3,+22.1,EA	+6.24,+38.6,+22.1,EA	+6.54,+23.1,+22.1,OA	+6.87,+4.7,+20.6,GB	+2.36,+264.3,+21.3,MB	+6.88,+5.0,+20.5,MB	
1701050955.002966	+6.58,+14.3,+22.1,EA	+6.24,+38.5,+22.1,FA	+6.54,+23.1,+22.1,OA	+6.87,+4.7,+20.6,GB	+2.36,+264.2,+21.3,LB	+6.88,+5.1,+20.6,OB	
1701051017.0114272	+6.58,+14.3,+22.1,EA	+6.24,+38.6,+22.1,EA	+6.54,+23.2,+22.1,LA	+6.87,+4.7,+20.6,GB	+2.36,+264.2,+21.3,LB	+6.88,+5.1,+20.6,OB	
1701051079.018094	+6.58,+14.3,+22.1,EA	+6.24,+38.5,+22.1,FA	+6.54,+23.2,+22.1,LA	+6.87,+4.7,+20.6,GB	+2.36,+264.2,+21.3,LB	+6.88,+5.0,+20.6,NB	
1701051141.0276868	+6.58,+14.3,+22.1,EA	+6.24,+38.6,+22.1,EA	+6.54,+23.2,+22.1,LA	+6.87,+4.7,+20.5,DB	+2.35,+264.3,+21.3,NB	+6.88,+5.0,+20.6,NB	
1701051203.036392	+6.57,+14.3,+22.1,JA	+6.24,+38.6,+22.1,EA	+6.54,+23.2,+22.1,LA	+6.87,+4.7,+20.6,GB	+2.36,+264.2,+21.3,LB	+6.88,+5.0,+20.6,NB	
1701051448.574242	+6.58,+14.3,+22.1,EA	+6.24,+38.6,+22.1,EA	+6.54,+23.1,+22.1,OA	+6.87,+4.7,+20.6,GB	+2.36,+264.0,+21.3,NB	+6.88,+5.0,+20.6,NB	
1701051510.5828683	+6.58,+14.3,+22.1,EA	+6.24,+38.6,+22.1,EA	+6.54,+23.2,+22.1,LA	+6.87,+4.7,+20.6,GB	+2.36,+264.3,+21.3,MB	+6.88,+4.9,+20.5,EB	
1701051572.5914133	+6.57,+14.3,+22.1,JA	+6.24,+38.5,+22.1,FA	+6.54,+23.2,+22.1,LA	+6.87,+4.7,+20.6,GB	+2.35,+264.3,+21.3,NB	+6.88,+5.0,+20.5,MB	
1701051634.6035917	+6.58,+14.3,+22.1,EA	+6.24,+38.6,+22.1,EA	+6.54,+23.2,+22.1,LA	+6.87,+4.7,+20.6,GB	+2.35,+264.3,+21.3,NB	+6.88,+5.0,+20.6,NB	
1701051696.6132507	+6.57,+14.4,+22.1,MA	+6.24,+38.5,+22.1,FA	+6.54,+23.2,+22.1,LA	+6.87,+4.8,+20.5,KB	+2.35,+264.4,+21.3,IB	+6.88,+4.9,+20.5,EB	
1701051758.6245656	+6.57,+14.4,+22.1,MA	+6.24,+38.5,+22.1,FA	+6.54,+23.2,+22.1,LA	+6.87,+4.7,+20.5,DB	+2.35,+264.4,+21.3,IB	+6.88,+5.0,+20.5,MB	
1701051820.634099	+6.57,+14.4,+22.1,MA	+6.24,+38.6,+22.1,EA	+6.53,+23.2,+22.1,KA	+6.87,+4.7,+20.5,DB	+2.35,+264.4,+21.3,IB	+6.88,+5.0,+20.6,NB	
1701051882.6445	+6.58,+14.3,+22.1,EA	+6.24,+38.5,+22.1,FA	+6.53,+23.3,+22.1,JA	+6.87,+4.7,+20.6,GB	+2.35,+264.4,+21.3,IB	+6.88,+5.0,+20.5,MB	
1701051944.6552002	+6.58,+14.3,+22.1,EA	+6.24,+38.5,+22.1,FA	+6.54,+23.2,+22.1,LA	+6.87,+4.7,+20.6,GB	+2.36,+264.2,+21.3,LB	+6.88,+5.0,+20.6,NB	
1701052006.6648078	+6.58,+14.3,+22.1,EA	+6.24,+38.5,+22.1,FA	+6.54,+23.2,+22.1,LA	+6.87,+4.7,+20.6,GB	+2.36,+264.1,+21.3,OB	+6.88,+5.0,+20.5,MB	
1701052068.6719873	+6.58,+14.3,+22.1,EA	+6.24,+38.5,+22.1,FA	+6.54,+23.2,+22.1,LA	+6.87,+4.7,+20.5,DB	+2.36,+264.2,+21.3,LB	+6.88,+5.1,+20.6,OB	
1701052130.6815257	+6.58,+14.3,+22.1,EA	+6.24,+38.6,+22.1,EA	+6.54,+23.2,+22.1,LA	+6.87,+4.7,+20.5,DB	+2.36,+264.2,+21.3,LB	+6.88,+4.9,+20.5,EB	
1701052192.6890042	+6.58,+14.3,+22.1,EA	+6.24,+38.6,+22.1,EA	+6.54,+23.2,+22.1,LA	+6.87,+4.7,+20.6,GB	+2.36,+264.2,+21.3,LB	+6.88,+5.0,+20.6,NB	
1701052254.6999736	+6.58,+14.3,+22.1,EA	+6.24,+38.5,+22.1,FA	+6.53,+23.2,+22.1,KA	+6.87,+4.7,+20.6,GB	+2.36,+264.3,+21.3,MB	+6.88,+5.0,+20.5,MB	
1701052316.7067177	+6.57,+14.3,+22.1,JA	+6.24,+38.5,+22.1,FA	+6.53,+23.3,+22.1,JA	+6.87,+4.7,+20.6,GB	+2.36,+264.2,+21.3,LB	+6.88,+4.9,+20.6,FB	
1701052378.7132485	+6.58,+14.3,+22.1,EA	+6.24,+38.6,+22.1,EA	+6.53,+23.2,+22.1,KA	+6.87,+4.7,+20.6,GB	+2.36,+264.2,+21.3,LB	+6.88,+5.0,+20.6,NB	
1701052440.7246115	+6.58,+14.3,+22.1,EA	+6.24,+38.5,+22.1,FA	+6.54,+23.2,+22.1,LA	+6.87,+4.7,+20.6,GB	+2.36,+264.2,+21.3,LB	+6.88,+5.0,+20.6,NB	
1701052502.7324295	+6.58,+14.3,+22.1,EA	+6.24,+38.5,+22.1,FA	+6.53,+23.2,+22.1,KA	+6.87,+4.7,+20.6,GB	+2.36,+264.1,+21.3,OB	+6.88,+5.0,+20.6,NB	
1701052564.740055	+6.58,+14.3,+22.1,EA	+6.24,+38.5,+22.1,FA	+6.53,+23.2,+22.1,KA	+6.87,+4.7,+20.6,GB	+2.36,+264.0,+21.3,NB	+6.88,+4.9,+20.6,FB	
1701052626.748931	+6.58,+14.3,+22.1,EA	+6.24,+38.5,+22.1,FA	+6.54,+23.2,+22.1,LA	+6.87,+4.7,+20.6,GB	+2.36,+264.0,+21.3,NB	+6.88,+4.9,+20.6,FB	
1701052688.7591183	+6.58,+14.2,+22.2,GA	+6.24,+38.5,+22.1,FA	+6.54,+23.2,+22.1,LA	+6.87,+4.7,+20.6,GB	+2.36,+264.1,+21.3,OB	+6.88,+5.0,+20.6,NB	
1701052750.769615	+6.58,+14.3,+22.1,EA	+6.24,+38.5,+22.1,FA	+6.54,+23.1,+22.1,OA	+6.87,+4.7,+20.6,GB	+2.36,+264.1,+21.3,OB	+6.88,+4.9,+20.6,FB	
1701052812.7786765	+6.57,+14.4,+22.1,MA	+6.24,+38.5,+22.1,FA	+6.53,+23.2,+22.1,KA	+6.87,+4.7,+20.6,GB	+2.36,+264.1,+21.3,OB	+6.88,+5.0,+20.6,NB	
1701052874.7883599	+6.58,+14.3,+22.2,FA	+6.24,+38.6,+22.1,EA	+6.54,+23.2,+22.1,LA	+6.87,+4.7,+20.6,GB	+2.36,+264.2,+21.3,LB	+6.88,+4.9,+20.6,FB	
1701052936.799429	+6.58,+14.3,+22.1,EA	+6.24,+38.6,+22.1,EA	+6.53,+23.2,+22.1,KA	+6.87,+4.7,+20.6,GB	+2.35,+264.3,+21.3,NB	+6.88,+4.9,+20.6,FB	
1701052998.8077998	+6.58,+14.3,+22.1,EA	+6.24,+38.6,+22.1,EA	+6.54,+23.2,+22.1,LA	+6.87,+4.7,+20.6,GB	+2.36,+264.2,+21.3,LB	+6.88,+4.9,+20.6,FB	
1701053060.8170874	+6.58,+14.3,+22.1,EA	+6.24,+38.5,+22.1,FA	+6.54,+23.2,+22.1,LA	+6.87,+4.7,+20.6,GB	+2.36,+264.1,+21.3,OB	+6.88,+4.9,+20.6,FB	
1701053122.8258858	+6.58,+14.3,+22.1,EA	+6.24,+38.5,+22.1,FA	+6.54,+23.2,+22.1,LA	+6.87,+4.7,+20.6,GB	+2.36,+264.2,+21.3,LB	+6.88,+4.9,+20.6,FB	
1701053184.8360908	+6.58,+14.3,+22.1,EA	+6.24,+38.5,+22.1,FA	+6.54,+23.2,+22.1,LA	+6.87,+4.7,+20.6,GB	+2.36,+264.2,+21.3,LB	+6.88,+4.9,+20.6,FB	
1701053246.8462396	+6.58,+14.3,+22.1,EA	+6.24,+38.6,+22.1,EA	+6.54,+23.1,+22.1,OA	+6.87,+4.7,+20.6,GB	+2.36,+264.2,+21.3,LB	+6.88,+4.9,+20.5,EB	
1701053308.8569293	+6.58,+14.3,+22.1,EA	+6.24,+38.5,+22.1,FA	+6.54,+23.2,+22.1,LA	+6.87,+4.7,+20.6,GB	+2.36,+264.1,+21.3,OB	+6.88,+4.9,+20.6,FB	
1701053370.8664498	+6.58,+14.3,+22.1,EA	+6.24,+38.6,+22.1,EA	+6.54,+23.2,+22.1,LA	+6.87,+4.7,+20.6,GB	+2.36,+264.2,+21.3,LB	+6.88,+5.0,+20.6,NB	
1701053432.8766143	+6.58,+14.2,+22.1,DA	+6.24,+38.6,+22.1,EA	+6.53,+23.3,+22.1,JA	+6.87,+4.7,+20.6,GB	+2.36,+264.0,+21.3,NB	+6.88,+4.9,+20.6,FB	
1701053494.886281	+6.58,+14.3,+22.1,EA	+6.24,+38.6,+22.1,EA	+6.54,+23.2,+22.1,LA	+6.87,+4.7,+20.6,GB	+2.36,+264.3,+21.3,MB	+6.88,+4.9,+20.6,FB	
1701053556.8949382	+6.58,+14.3,+22.1,EA	+6.24,+38.6,+22.1,EA	+6.54,+23.2,+22.1,LA	+6.87,+4.7,+20.6,GB	+2.36,+264.1,+21.3,OB	+6.88,+4.9,+20.5,EB	
1701053618.9055486	+6.58,+14.3,+22.1,EA	+6.24,+38.5,+22.1,FA	+6.54,+23.2,+22.1,LA	+6.87,+4.7,+20.6,GB	+2.36,+264.2,+21.3,LB	+6.88,+4.9,+20.6,FB	
1701053680.9127254	+6.57,+14.3,+22.1,JA	+6.24,+38.5,+22.1,FA	+6.54,+23.2,+22.1,LA	+6.87,+4.7,+20.6,GB	+2.36,+264.0,+21.3,NB	+6.88,+4.9,+20.6,FB	
1701053742.9223037	+6.58,+14.3,+22.1,EA	+6.24,+38.5,+22.1,FA	+6.53,+23.2,+22.1,KA	+6.87,+4.7,+20.6,GB	+2.36,+264.2,+21.3,LB	+6.88,+4.9,+20.5,EB	
1701053804.933315	+6.58,+14.3,+22.1,EA	+6.24,+38.6,+22.1,EA	+6.53,+23.2,+22.1,KA	+6.87,+4.7,+20.6,GB	+2.35,+264.4,+21.3,IB	+6.88,+5.0,+20.6,NB	
1701053866.9422307	+6.58,+14.3,+22.1,EA	+6.24,+38.5,+22.1,FA	+6.53,+23.2,+22.1,KA	+6.87,+4.7,+20.6,GB	+2.35,+264.4,+21.3,IB	+6.88,+5.0,+20.5,MB	
1701053928.9518259	+6.58,+14.3,+22.1,EA	+6.24,+38.6,+22.1,EA	+6.53,+23.3,+22.1,JA	+6.87,+4.6,+20.6,FB	+2.35,+264.3,+21.3,NB	+6.88,+4.9,+20.5,EB	
1701053990.9612803	+6.58,+14.3,+22.1,EA	+6.24,+38.5,+22.1,FA	+6.53,+23.2,+22.1,KA	+6.87,+4.6,+20.6,FB	+2.36,+264.3,+21.3,MB	+6.88,+4.9,+20.5,EB	
1701054052.9718635	+6.58,+14.3,+22.1,EA	+6.24,+38.5,+22.1,FA	+6.53,+23.3,+22.1,JA	+6.87,+4.6,+20.6,FB	+2.36,+264.2,+21.3,LB	+6.88,+5.0,+20.5,MB	
1701054114.9806736	+6.58,+14.2,+22.1,DA	+6.24,+38.6,+22.1,EA	+6.54,+23.2,+22.1,LA	+6.87,+4.6,+20.6,FB	+2.35,+264.3,+21.3,NB	+6.88,+4.9,+20.5,EB	
1701054176.9883597	+6.58,+14.3,+22.1,EA	+6.24,+38.5,+22.1,FA	+6.54,+23.2,+22.1,LA	+6.87,+4.7,+20.6,GB	+2.35,+264.3,+21.3,NB	+6.88,+4.9,+20.6,FB	
1701054238.99894	+6.58,+14.3,+22.1,EA	+6.24,+38.6,+22.1,EA	+6.54,+23.2,+22.1,LA	+6.87,+4.7,+20.6,GB	+2.35,+264.4,+21.3,IB	+6.88,+5.0,+20.6,NB	
1701054301.0081427	+6.58,+14.3,+22.1,EA	+6.24,+38.5,+22.1,FA	+6.54,+23.2,+22.1,LA	+6.87,+4.6,+20.6,FB	+2.35,+264.4,+21.3,IB	+6.88,+5.0,+20.6,NB	
1701054363.0172114	+6.58,+14.3,+22.2,FA	+6.24,+38.6,+22.1,EA	+6.53,+23.2,+22.1,KA	+6.87,+4.7,+20.6,GB	+2.35,+264.5,+21.3,HB	+6.88,+5.1,+20.6,OB	
1701054425.0260355	+6.58,+14.3,+22.1,EA	+6.24,+38.5,+22.1,FA	+6.54,+23.2,+22.1,LA	+6.87,+4.6,+20.6,FB	+2.35,+264.4,+21.3,IB	+6.88,+5.0,+20.6,NB	
1701054487.0353696	+6.58,+14.3,+22.1,EA	+6.24,+38.5,+22.1,FA	+6.53,+23.2,+22.1,KA	+6.87,+4.7,+20.6,GB	+2.36,+264.3,+21.3,MB	+6.88,+5.0,+20.6,NB	
1701054549.044835	+6.58,+14.3,+22.1,EA	+6.24,+38.6,+22.1,EA	+6.54,+23.2,+22.1,LA	+6.87,+4.7,+20.6,GB	+2.35,+264.4,+21.3,IB	+6.88,+5.0,+20.6,NB	
1701054611.0533159	+6.58,+14.2,+22.1,DA	+6.24,+38.6,+22.1,EA	+6.54,+23.2,+22.1,LA	+6.87,+4.7,+20.6,GB	+2.37,+263.5,+21.3,MB	+6.88,+4.9,+20.6,FB	
1701054673.062964	+6.58,+14.3,+22.1,EA	+6.24,+38.5,+22.1,FA	+6.53,+23.2,+22.1,KA	+6.87,+4.6,+20.6,FB	+2.38,+263.1,+21.3,FB	+6.88,+5.0,+20.6,NB	
1701054735.072878	+6.58,+14.2,+22.2,GA	+6.24,+38.6,+22.1,EA	+6.53,+23.2,+22.1,KA	+6.87,+4.7,+20.6,GB	+2.38,+262.9,+21.3,OB	+6.88,+5.0,+20.6,NB	
1701054797.0823216	+6.58,+14.2,+22.1,DA	+6.24,+38.6,+22.1,EA	+6.54,+23.2,+22.1,LA	+6.87,+4.7,+20.6,GB	+2.38,+262.9,+21.3,OB	+6.88,+5.0,+20.6,NB	
1701054859.0888054	+6.58,+14.3,+22.1,EA	+6.24,+38.5,+22.1,FA	+6.54,+23.2,+22.1,LA	+6.87,+4.6,+20.6,FB	+2.38,+262.9,+21.3,OB	+6.88,+5.0,+20.6,NB	
1701054921.0980618	+6.58,+14.3,+22.1,EA	+6.24,+38.6,+22.1,EA	+6.54,+23.2,+22.1,LA	+6.87,+4.7,+20.6,GB	+2.38,+262.9,+21.3,OB	+6.88,+4.9,+20.6,FB	
1701054983.1084175	+6.58,+14.3,+22.1,EA	+6.24,+38.5,+22.1,FA	+6.53,+23.2,+22.1,KA	+6.87,+4.7,+20.6,GB	+2.38,+262.8,+21.3,NB	+6.88,+5.0,+20.6,NB	
1701055045.117817	+6.58,+14.3,+22.1,EA	+6.24,+38.5,+22.1,FA	+6.54,+23.2,+22.1,LA	+6.87,+4.6,+20.6,FB	+2.38,+262.8,+21.3,NB	+6.88,+5.0,+20.6,NB	
1701055290.7289338	+6.58,+14.2,+22.1,DA	+6.24,+38.4,+22.1,GA	+6.53,+23.2,+22.1,KA	+6.87,+4.6,+20.6,FB	+2.39,+262.5,+21.3,BB	+6.88,+5.0,+20.6,NB	
1701055352.7370982	+6.58,+14.3,+22.1,EA	+6.24,+38.4,+22.1,GA	+6.53,+23.2,+22.1,KA	+6.87,+4.7,+20.6,GB	+2.38,+262.9,+21.3,OB	+6.88,+5.1,+20.6,OB	
1701055414.7470555	+6.58,+14.2,+22.1,DA	+6.24,+38.5,+22.1,FA	+6.54,+23.2,+22.1,LA	+6.87,+4.6,+20.6,FB	+2.38,+262.9,+21.3,OB	+6.88,+5.0,+20.6,NB	
1701055476.757026	+6.58,+14.2,+22.1,DA	+6.24,+38.5,+22.1,FA	+6.54,+23.2,+22.1,LA	+6.87,+4.7,+20.6,GB	+2.38,+262.7,+21.3,AB	+6.88,+5.0,+20.5,MB	
1701055538.7657485	+6.58,+14.3,+22.1,EA	+6.24,+38.5,+22.1,FA	+6.54,+23.2,+22.1,LA	+6.87,+4.6,+20.5,EB	+2.38,+262.7,+21.3,AB	+6.88,+5.0,+20.6,NB	
1701055600.7734754	+6.58,+14.3,+22.1,EA	+6.24,+38.5,+22.1,FA	+6.53,+23.2,+22.1,KA	+6.87,+4.7,+20.6,GB	+2.38,+262.9,+21.3,OB	+6.88,+5.1,+20.6,OB	
1701055662.7820325	+6.58,+14.3,+22.1,EA	+6.24,+38.4,+22.1,GA	+6.54,+23.2,+22.1,LA	+6.87,+4.6,+20.6,FB	+2.38,+262.8,+21.3,NB	+6.88,+5.0,+20.6,NB	
1701055724.79057	+6.58,+14.3,+22.1,EA	+6.24,+38.4,+22.1,GA	+6.54,+23.2,+22.1,LA	+6.87,+4.6,+20.6,FB	+2.38,+262.7,+21.3,AB	+6.88,+5.0,+20.6,NB	
1701055786.797205	+6.58,+14.3,+22.1,EA	+6.24,+38.4,+22.1,GA	+6.54,+23.2,+22.1,LA	+6.87,+4.6,+20.6,FB	+2.38,+262.6,+21.3,@B	+6.88,+5.0,+20.6,NB	
1701055848.8063967	+6.58,+14.2,+22.1,DA	+6.24,+38.5,+22.1,FA	+6.53,+23.2,+22.1,KA	+6.87,+4.6,+20.6,FB	+2.38,+262.7,+21.3,AB	+6.88,+5.1,+20.6,OB	
1701055910.8106194	+6.58,+14.3,+22.1,EA	+6.24,+38.5,+22.1,FA	+6.54,+23.2,+22.1,LA	+6.87,+4.6,+20.6,FB	+2.38,+262.6,+21.3,@B	+6.88,+5.1,+20.6,OB	
1701055972.8188224	+6.58,+14.3,+22.1,EA	+6.24,+38.5,+22.1,FA	+6.53,+23.2,+22.1,KA	+6.87,+4.6,+20.6,FB	+2.39,+262.6,+21.3,AB	+6.88,+5.1,+20.6,OB	
1701056034.8271286	+6.58,+14.3,+22.1,EA	+6.24,+38.4,+22.1,GA	+6.54,+23.2,+22.1,LA	+6.87,+4.6,+20.6,FB	+2.39,+262.5,+21.3,BB	+6.88,+5.1,+20.6,OB	
1701056096.8342419	+6.58,+14.3,+22.1,EA	+6.24,+38.4,+22.1,GA	+6.53,+23.2,+22.1,KA	+6.87,+4.6,+20.6,FB	+2.39,+262.5,+21.3,BB	+6.88,+5.1,+20.6,OB	
1701056158.8439124	+6.58,+14.3,+22.1,EA	+6.24,+38.4,+22.1,GA	+6.54,+23.2,+22.1,LA	+6.87,+4.6,+20.6,FB	+2.38,+262.6,+21.3,@B	+6.88,+5.1,+20.6,OB	
1701056220.852777	+6.58,+14.3,+22.1,EA	+6.24,+38.4,+22.1,GA	+6.53,+23.2,+22.1,KA	+6.87,+4.6,+20.6,FB	+2.38,+262.7,+21.3,AB	+6.88,+5.1,+20.6,OB	
1701056282.8631623	+6.58,+14.3,+22.1,EA	+6.24,+38.4,+22.1,GA	+6.53,+23.3,+22.1,JA	+6.87,+4.6,+20.6,FB	+2.38,+262.6,+21.3,@B	+6.88,+5.1,+20.6,OB	
1701056344.8716216	+6.58,+14.3,+22.2,FA	+6.24,+38.4,+22.1,GA	+6.53,+23.2,+22.1,KA	+6.87,+4.6,+20.6,FB	+2.38,+262.8,+21.3,NB	+6.88,+5.1,+20.6,OB	
1701056406.8800511	+6.58,+14.3,+22.1,EA	+6.24,+38.4,+22.1,GA	+6.54,+23.2,+22.1,LA	+6.87,+4.6,+20.6,FB	+2.39,+262.5,+21.3,BB	+6.88,+5.1,+20.6,OB	
1701056468.8862238	+6.58,+14.3,+22.1,EA	+6.24,+38.4,+22.1,GA	+6.54,+23.2,+22.1,LA	+6.87,+4.6,+20.6,FB	+2.39,+262.4,+21.3,CB	+6.88,+5.1,+20.6,OB	
1701056530.8958278	+6.58,+14.3,+22.2,FA	+6.24,+38.4,+22.1,GA	+6.53,+23.3,+22.2,IA	+6.87,+4.6,+20.6,FB	+2.38,+262.6,+21.3,@B	+6.88,+5.1,+20.6,OB	
1701056592.9042666	+6.58,+14.2,+22.1,DA	+6.24,+38.5,+22.1,FA	+6.53,+23.2,+22.1,KA	+6.87,+4.6,+20.6,FB	+2.39,+262.6,+21.3,AB	+6.88,+5.0,+20.6,NB	
1701056654.9128318	+6.58,+14.3,+22.1,EA	+6.24,+38.4,+22.1,GA	+6.54,+23.2,+22.1,LA	+6.87,+4.6,+20.6,FB	+2.38,+262.6,+21.3,@B	+6.88,+5.0,+20.6,NB	
1701056716.9218194	+6.58,+14.3,+22.1,EA	+6.24,+38.4,+22.1,GA	+6.54,+23.2,+22.1,LA	+6.87,+4.6,+20.6,FB	+2.39,+262.6,+21.3,AB	+6.88,+5.1,+20.6,OB	
1701056778.930701	+6.58,+14.3,+22.1,EA	+6.24,+38.4,+22.1,GA	+6.54,+23.2,+22.1,LA	+6.87,+4.7,+20.6,GB	+2.38,+262.6,+21.3,@B	+6.88,+5.1,+20.6,OB	
1701056840.9399962	+6.58,+14.3,+22.1,EA	+6.24,+38.4,+22.1,GA	+6.53,+23.2,+22.1,KA	+6.87,+4.6,+20.6,FB	+2.38,+262.7,+21.3,AB	+6.88,+5.1,+20.6,OB	
1701056902.9490585	+6.58,+14.3,+22.1,EA	+6.24,+38.4,+22.1,GA	+6.53,+23.3,+22.1,JA	+6.87,+4.6,+20.6,FB	+2.38,+262.6,+21.3,@B	+6.88,+5.1,+20.6,OB	
1701056964.9584348	+6.58,+14.3,+22.1,EA	+6.24,+38.4,+22.1,GA	+6.53,+23.3,+22.1,JA	+6.87,+4.6,+20.6,FB	+2.38,+262.7,+21.3,AB	+6.88,+5.1,+20.6,OB	
1701057026.9672594	+6.58,+14.3,+22.1,EA	+6.24,+38.4,+22.1,GA	+6.54,+23.2,+22.1,LA	+6.87,+4.6,+20.6,FB	+2.38,+262.7,+21.3,AB	+6.88,+5.1,+20.6,OB	
1701057088.9752858	+6.58,+14.2,+22.2,GA	+6.24,+38.4,+22.1,GA	+6.54,+23.2,+22.1,LA	+6.87,+4.6,+20.6,FB	+2.38,+262.8,+21.3,NB	+6.88,+5.1,+20.6,OB	
1701057150.984269	+6.58,+14.2,+22.1,DA	+6.24,+38.4,+22.1,GA	+6.53,+23.2,+22.1,KA	+6.87,+4.6,+20.6,FB	+2.38,+262.8,+21.3,NB	+6.88,+5.0,+20.6,NB	
1701057212.994531	+6.58,+14.3,+22.1,EA	+6.24,+38.4,+22.1,GA	+6.54,+23.2,+22.1,LA	+6.87,+4.6,+20.6,FB	+2.38,+262.8,+21.3,NB	+6.88,+5.0,+20.6,NB	
1701057275.0038784	+6.58,+14.3,+22.1,EA	+6.24,+38.4,+22.1,GA	+6.54,+23.2,+22.1,LA	+6.87,+4.6,+20.6,FB	+2.38,+262.8,+21.3,NB	+6.88,+5.1,+20.6,OB	
1701057337.013539	+6.58,+14.3,+22.1,EA	+6.24,+38.4,+22.1,GA	+6.53,+23.2,+22.1,KA	+6.87,+4.6,+20.6,FB	+2.38,+262.7,+21.3,AB	+6.88,+5.1,+20.5,LB	
1701057399.0249517	+6.58,+14.2,+22.2,GA	+6.24,+38.3,+22.1,@A	+6.53,+23.3,+22.1,JA	+6.87,+4.6,+20.6,FB	+2.38,+262.9,+21.3,OB	+6.88,+5.1,+20.5,LB	
1701057461.0344532	+6.58,+14.2,+22.1,DA	+6.24,+38.4,+22.1,GA	+6.53,+23.3,+22.1,JA	+6.87,+4.6,+20.6,FB	+2.38,+262.8,+21.3,NB	+6.88,+5.1,+20.5,LB	
1701057523.0419395	+6.58,+14.3,+22.1,EA	+6.25,+38.3,+22.1,AA	+6.53,+23.2,+22.1,KA	+6.87,+4.5,+20.6,EB	+2.38,+262.9,+21.3,OB	+6.88,+5.1,+20.6,OB	
1701057585.0505624	+6.58,+14.2,+22.1,DA	+6.24,+38.3,+22.1,@A	+6.54,+23.2,+22.1,LA	+6.87,+4.6,+20.6,FB	+2.38,+262.8,+21.3,NB	+6.88,+5.1,+20.5,LB	
1701057647.0582452	+6.58,+14.2,+22.1,DA	+6.24,+38.3,+22.1,@A	+6.53,+23.2,+22.1,KA	+6.87,+4.6,+20.6,FB	+2.38,+263.0,+21.3,GB	+6.88,+5.0,+20.6,NB	
1701057709.0700452	+6.58,+14.3,+22.1,EA	+6.24,+38.3,+22.1,@A	+6.53,+23.3,+22.1,JA	+6.87,+4.6,+20.6,FB	+2.38,+263.0,+21.3,GB	+6.88,+5.0,+20.6,NB	
1701057771.0786545	+6.58,+14.2,+22.2,GA	+6.24,+38.4,+22.1,GA	+6.53,+23.3,+22.1,JA	+6.87,+4.6,+20.6,FB	+2.38,+262.9,+21.3,OB	+6.88,+5.0,+20.6,NB	
1701057833.0872538	+6.58,+14.2,+22.1,DA	+6.25,+38.3,+22.1,AA	+6.53,+23.2,+22.1,KA	+6.87,+4.6,+20.6,FB	+2.38,+263.0,+21.3,GB	+6.88,+5.0,+20.6,NB	
1701057895.0950327	+6.58,+14.3,+22.2,FA	+6.24,+38.3,+22.1,@A	+6.53,+23.3,+22.1,JA	+6.87,+4.6,+20.6,FB	+2.38,+263.0,+21.3,GB	+6.88,+5.1,+20.6,OB	
1701057957.1002882	+6.58,+14.3,+22.2,FA	+6.24,+38.4,+22.1,GA	+6.53,+23.3,+22.1,JA	+6.87,+4.6,+20.6,FB	+2.38,+263.0,+21.3,GB	+6.88,+5.0,+20.6,NB	
1701058019.1089942	+6.58,+14.3,+22.2,FA	+6.24,+38.4,+22.1,GA	+6.53,+23.2,+22.1,KA	+6.87,+4.6,+20.6,FB	+2.38,+263.1,+21.3,FB	+6.88,+5.0,+20.6,NB	
1701058081.1164615	+6.58,+14.2,+22.1,DA	+6.24,+38.4,+22.1,GA	+6.53,+23.2,+22.1,KA	+6.87,+4.6,+20.6,FB	+2.38,+263.1,+21.3,FB	+6.88,+5.0,+20.6,NB	
1701058143.1258192	+6.58,+14.3,+22.2,FA	+6.24,+38.3,+22.1,@A	+6.53,+23.3,+22.1,JA	+6.87,+4.6,+20.6,FB	+2.38,+262.8,+21.3,NB	+6.88,+5.1,+20.6,OB	
1701058205.1337123	+6.58,+14.3,+22.2,FA	+6.25,+38.3,+22.1,AA	+6.53,+23.3,+22.1,JA	+6.87,+4.6,+20.6,FB	+2.38,+262.9,+21.3,OB	+6.88,+5.0,+20.6,NB	
1701058267.142581	+6.58,+14.2,+22.2,GA	+6.24,+38.4,+22.1,GA	+6.53,+23.2,+22.1,KA	+6.87,+4.6,+20.6,FB	+2.38,+263.0,+21.3,GB	+6.88,+5.0,+20.6,NB	
1701058329.1526523	+6.58,+14.2,+22.1,DA	+6.25,+38.3,+22.1,AA	+6.53,+23.2,+22.2,HA	+6.87,+4.6,+20.6,FB	+2.38,+263.1,+21.3,FB	+6.88,+5.0,+20.6,NB	
1701058391.1613746	+6.58,+14.2,+22.2,GA	+6.24,+38.3,+22.1,@A	+6.53,+23.3,+22.1,JA	+6.87,+4.6,+20.6,FB	+2.37,+263.4,+21.3,LB	+6.88,+5.1,+20.6,OB	
1701058453.1689901	+6.58,+14.2,+22.1,DA	+6.24,+38.4,+22.1,GA	+6.53,+23.2,+22.1,KA	+6.87,+4.6,+20.6,FB	+2.37,+263.4,+21.3,LB	+6.88,+5.0,+20.6,NB	
1701058515.1788304	+6.58,+14.2,+22.1,DA	+6.25,+38.3,+22.1,AA	+6.54,+23.2,+22.1,LA	+6.87,+4.6,+20.6,FB	+2.37,+263.4,+21.3,LB	+6.88,+5.1,+20.6,OB	
1701058577.187635	+6.58,+14.2,+22.1,DA	+6.24,+38.3,+22.1,@A	+6.53,+23.3,+22.1,JA	+6.87,+4.5,+20.6,EB	+2.37,+263.4,+21.3,LB	+6.88,+5.0,+20.6,NB	
1701058639.1968274	+6.58,+14.3,+22.1,EA	+6.25,+38.3,+22.1,AA	+6.54,+23.2,+22.1,LA	+6.87,+4.7,+20.6,GB	+2.37,+263.5,+21.3,MB	+6.88,+5.1,+20.6,OB	
1701058701.2049963	+6.58,+14.2,+22.1,DA	+6.25,+38.3,+22.1,AA	+6.53,+23.3,+22.1,JA	+6.87,+4.5,+20.6,EB	+2.37,+263.6,+21.3,NB	+6.88,+5.1,+20.6,OB	
1701058763.2153678	+6.58,+14.3,+22.1,EA	+6.25,+38.3,+22.1,AA	+6.53,+23.3,+22.1,JA	+6.87,+4.6,+20.6,FB	+2.37,+263.5,+21.3,MB	+6.88,+5.0,+20.6,NB	
1701058825.2247093	+6.58,+14.2,+22.2,GA	+6.25,+38.3,+22.1,AA	+6.53,+23.2,+22.1,KA	+6.87,+4.6,+20.6,FB	+2.37,+263.6,+21.3,NB	+6.88,+5.1,+20.6,OB	
1701058887.2340844	+6.58,+14.2,+22.1,DA	+6.24,+38.4,+22.1,GA	+6.53,+23.3,+22.1,JA	+6.87,+4.6,+20.6,FB	+2.37,+263.6,+21.3,NB	+6.88,+5.0,+20.6,NB	
1701059132.8528013	+6.58,+14.3,+22.1,EA	+6.25,+38.3,+22.1,AA	+6.53,+23.3,+22.1,JA	+6.87,+4.6,+20.6,FB	+2.37,+263.3,+21.3,KB	+6.88,+5.0,+20.5,MB	
1701059194.8611028	+6.58,+14.3,+22.1,EA	+6.24,+38.3,+22.1,@A	+6.53,+23.3,+22.1,JA	+6.87,+4.6,+20.6,FB	+2.37,+263.4,+21.3,LB	+6.88,+5.1,+20.6,OB	
1701059256.869475	+6.58,+14.3,+22.1,EA	+6.25,+38.2,+22.1,@A	+6.53,+23.2,+22.1,KA	+6.87,+4.6,+20.6,FB	+2.37,+263.4,+21.3,LB	+6.88,+5.0,+20.6,NB	
1701059318.8782372	+6.58,+14.2,+22.1,DA	+6.25,+38.3,+22.1,AA	+6.53,+23.2,+22.1,KA	+6.87,+4.6,+20.6,FB	+2.37,+263.4,+21.3,LB	+6.88,+5.0,+20.6,NB	
1701059380.8875809	+6.58,+14.3,+22.1,EA	+6.25,+38.2,+22.1,@A	+6.53,+23.3,+22.1,JA	+6.87,+4.6,+20.6,FB	+2.37,+263.2,+21.3,JB	+6.88,+5.1,+20.6,OB	
1701059442.8932009	+6.58,+14.3,+22.1,EA	+6.25,+38.2,+22.1,@A	+6.53,+23.2,+22.1,KA	+6.87,+4.6,+20.6,FB	+2.37,+263.3,+21.3,KB	+6.88,+5.0,+20.6,NB	
1701059504.903474	+6.58,+14.3,+22.1,EA	+6.25,+38.2,+22.1,@A	+6.53,+23.3,+22.1,JA	+6.87,+4.6,+20.6,FB	+2.37,+263.2,+21.3,JB	+6.88,+5.0,+20.6,NB	
1701059566.912713	+6.58,+14.3,+22.2,FA	+6.25,+38.2,+22.1,@A	+6.53,+23.2,+22.1,KA	+6.87,+4.6,+20.6,FB	+2.37,+263.2,+21.3,JB	+6.88,+5.0,+20.6,NB	
1701059628.9219186	+6.58,+14.2,+22.2,GA	+6.25,+38.2,+22.1,@A	+6.53,+23.3,+22.1,JA	+6.87,+4.6,+20.6,FB	+2.37,+263.3,+21.3,KB	+6.88,+5.0,+20.6,NB	
1701059690.9298189	+6.58,+14.3,+22.2,FA	+6.25,+38.2,+22.1,@A	+6.53,+23.3,+22.1,JA	+6.87,+4.6,+20.6,FB	+2.37,+263.3,+21.3,KB	+6.88,+5.1,+20.6,OB	
1701059752.9391532	+6.58,+14.3,+22.1,EA	+6.25,+38.3,+22.1,AA	+6.53,+23.3,+22.1,JA	+6.87,+4.6,+20.6,FB	+2.37,+263.5,+21.3,MB	+6.88,+5.0,+20.6,NB	
1701059814.947017	+6.58,+14.2,+22.1,DA	+6.25,+38.2,+22.1,@A	+6.53,+23.3,+22.1,JA	+6.87,+4.5,+20.6,EB	+2.37,+263.7,+21.3,OB	+6.88,+5.0,+20.6,NB	
1701059876.9541109	+6.58,+14.3,+22.1,EA	+6.24,+38.4,+22.1,GA	+6.53,+23.3,+22.1,JA	+6.87,+4.6,+20.6,FB	+2.37,+263.7,+21.3,OB	+6.88,+5.1,+20.6,OB	
1701059938.9622352	+6.58,+14.2,+22.2,GA	+6.25,+38.3,+22.1,AA	+6.53,+23.3,+22.1,JA	+6.87,+4.6,+20.6,FB	+2.37,+263.6,+21.3,NB	+6.88,+5.1,+20.6,OB	
1701060000.971666	+6.58,+14.2,+22.2,GA	+6.24,+38.3,+22.1,@A	+6.53,+23.3,+22.2,IA	+6.87,+4.6,+20.6,FB	+2.37,+263.7,+21.3,OB	+6.88,+5.1,+20.6,OB	
1701060062.9800012	+6.58,+14.3,+22.2,FA	+6.25,+38.3,+22.1,AA	+6.53,+23.3,+22.1,JA	+6.87,+4.6,+20.6,FB	+2.36,+263.8,+21.3,AB	+6.88,+5.0,+20.6,NB	
1701060124.9895165	+6.58,+14.2,+22.2,GA	+6.25,+38.2,+22.1,@A	+6.53,+23.3,+22.1,JA	+6.87,+4.5,+20.6,EB	+2.36,+263.9,+21.3,@B	+6.88,+5.2,+20.6,LB	
1701060186.995922	+6.58,+14.2,+22.2,GA	+6.25,+38.3,+22.1,AA	+6.53,+23.3,+22.1,JA	+6.87,+4.6,+20.6,FB	+2.36,+264.0,+21.3,NB	+6.88,+5.1,+20.6,OB	
1701060249.0039833	+6.58,+14.2,+22.2,GA	+6.25,+38.2,+22.1,@A	+6.53,+23.2,+22.1,KA	+6.87,+4.6,+20.6,FB	+2.36,+264.1,+21.3,OB	+6.88,+5.2,+20.6,LB	
1701060311.013389	+6.58,+14.3,+22.1,EA	+6.25,+38.3,+22.1,AA	+6.53,+23.3,+22.1,JA	+6.87,+4.6,+20.6,FB	+2.36,+264.0,+21.3,NB	+6.88,+5.1,+20.6,OB	
1701060373.0230002	+6.58,+14.2,+22.2,GA	+6.25,+38.2,+22.1,@A	+6.53,+23.2,+22.1,KA	+6.87,+4.5,+20.6,EB	+2.36,+264.2,+21.3,LB	+6.88,+5.0,+20.6,NB	
1701060435.031276	+6.58,+14.3,+22.2,FA	+6.25,+38.3,+22.1,AA	+6.54,+23.2,+22.1,LA	+6.87,+4.6,+20.6,FB	+2.35,+264.3,+21.3,NB	+6.88,+5.1,+20.6,OB	
1701060497.0406754	+6.58,+14.2,+22.2,GA	+6.25,+38.2,+22.1,@A	+6.53,+23.3,+22.1,JA	+6.87,+4.6,+20.6,FB	+2.35,+264.5,+21.3,HB	+6.88,+5.0,+20.6,NB	
1701060559.0496287	+6.58,+14.3,+22.2,FA	+6.25,+38.3,+22.1,AA	+6.53,+23.2,+22.1,KA	+6.87,+4.5,+20.6,EB	+2.35,+264.6,+21.3,KB	+6.88,+5.1,+20.6,OB	
1701060621.060293	+6.58,+14.3,+22.2,FA	+6.25,+38.2,+22.1,@A	+6.53,+23.2,+22.1,KA	+6.87,+4.5,+20.6,EB	+2.35,+264.5,+21.3,HB	+6.88,+5.1,+20.6,OB	
1701060683.0686285	+6.58,+14.3,+22.2,FA	+6.25,+38.3,+22.1,AA	+6.53,+23.2,+22.1,KA	+6.87,+4.6,+20.6,FB	+2.35,+264.5,+21.3,HB	+6.88,+5.1,+20.6,OB	
1701060745.0776978	+6.58,+14.3,+22.2,FA	+6.25,+38.2,+22.1,@A	+6.53,+23.2,+22.1,KA	+6.87,+4.5,+20.6,EB	+2.35,+264.6,+21.3,KB	+6.88,+5.1,+20.6,OB	
1701060807.0880775	+6.58,+14.2,+22.1,DA	+6.25,+38.3,+22.1,AA	+6.53,+23.3,+22.1,JA	+6.87,+4.5,+20.6,EB	+2.35,+264.5,+21.3,HB	+6.88,+5.0,+20.6,NB	
1701060869.096715	+6.58,+14.3,+22.2,FA	+6.25,+38.3,+22.1,AA	+6.53,+23.3,+22.1,JA	+6.87,+4.5,+20.6,EB	+2.35,+264.4,+21.3,IB	+6.88,+5.1,+20.6,OB	
1701060931.1062071	+6.58,+14.2,+22.2,GA	+6.25,+38.2,+22.1,@A	+6.53,+23.3,+22.1,JA	+6.87,+4.5,+20.6,EB	+2.36,+263.9,+21.3,@B	+6.88,+5.1,+20.6,OB	
1701060993.1128693	+6.58,+14.2,+22.1,DA	+6.25,+38.2,+22.1,@A	+6.53,+23.3,+22.1,JA	+6.87,+4.5,+20.6,EB	+2.36,+264.1,+21.3,OB	+6.88,+5.1,+20.6,OB	
1701061055.1194487	+6.58,+14.2,+22.1,DA	+6.25,+38.2,+22.1,@A	+6.53,+23.3,+22.1,JA	+6.87,+4.6,+20.6,FB	+2.35,+264.4,+21.3,IB	+6.88,+5.1,+20.6,OB	
1701061117.128577	+6.58,+14.3,+22.1,EA	+6.25,+38.3,+22.1,AA	+6.53,+23.3,+22.1,JA	+6.87,+4.5,+20.6,EB	+2.35,+264.4,+21.3,IB	+6.88,+5.1,+20.6,OB	
1701061179.138789	+6.58,+14.2,+22.2,GA	+6.25,+38.2,+22.1,@A	+6.53,+23.3,+22.1,JA	+6.87,+4.5,+20.6,EB	+2.35,+264.5,+21.3,HB	+6.88,+5.1,+20.6,OB	
1701061241.1484017	+6.58,+14.2,+22.2,GA	+6.25,+38.1,+22.1,CA	+6.53,+23.3,+22.1,JA	+6.87,+4.5,+20.6,EB	+2.35,+264.6,+21.3,KB	+6.88,+5.1,+20.6,OB	
1701061303.155272	+6.58,+14.3,+22.2,FA	+6.25,+38.2,+22.1,@A	+6.53,+23.3,+22.1,JA	+6.87,+4.5,+20.6,EB	+2.36,+264.3,+21.4,JB	+6.88,+5.1,+20.6,OB	
1701061365.1632493	+6.58,+14.2,+22.2,GA	+6.25,+38.2,+22.1,@A	+6.53,+23.3,+22.1,JA	+6.87,+4.5,+20.6,EB	+2.35,+264.5,+21.3,HB	+6.88,+5.0,+20.6,NB	
1701061427.1721232	+6.58,+14.3,+22.1,EA	+6.25,+38.1,+22.1,CA	+6.53,+23.3,+22.1,JA	+6.87,+4.5,+20.6,EB	+2.35,+264.5,+21.3,HB	+6.88,+5.1,+20.6,OB	
1701061489.1806707	+6.58,+14.2,+22.2,GA	+6.25,+38.3,+22.1,AA	+6.53,+23.3,+22.1,JA	+6.87,+4.5,+20.6,EB	+2.35,+264.6,+21.3,KB	+6.88,+5.1,+20.6,OB	
1701061551.1874864	+6.58,+14.3,+22.1,EA	+6.25,+38.2,+22.1,@A	+6.53,+23.2,+22.1,KA	+6.87,+4.5,+20.6,EB	+2.35,+264.6,+21.3,KB	+6.88,+5.0,+20.6,NB	
1701061613.1951382	+6.58,+14.3,+22.2,FA	+6.25,+38.2,+22.1,@A	+6.53,+23.3,+22.1,JA	+6.87,+4.5,+20.6,EB	+2.35,+264.4,+21.4,NB	+6.88,+5.0,+20.6,NB	
1701061675.2021942	+6.58,+14.2,+22.1,DA	+6.25,+38.2,+22.1,@A	+6.53,+23.3,+22.1,JA	+6.87,+4.5,+20.6,EB	+2.35,+264.6,+21.3,KB	+6.88,+5.0,+20.6,NB	
1701061737.2079508	+6.58,+14.3,+22.2,FA	+6.25,+38.2,+22.1,@A	+6.53,+23.3,+22.1,JA	+6.87,+4.5,+20.6,EB	+2.35,+264.7,+21.3,JB	+6.88,+5.0,+20.6,NB	
1701061799.2150106	+6.58,+14.2,+22.2,GA	+6.25,+38.2,+22.1,@A	+6.53,+23.3,+22.1,JA	+6.87,+4.5,+20.6,EB	+2.35,+264.8,+21.3,EB	+6.88,+5.0,+20.6,NB	
1701061861.224927	+6.58,+14.3,+22.1,EA	+6.25,+38.2,+22.1,@A	+6.53,+23.3,+22.1,JA	+6.87,+4.5,+20.6,EB	+2.35,+264.7,+21.3,JB	+6.88,+5.0,+20.6,NB	
1701061923.2337434	+6.58,+14.2,+22.2,GA	+6.25,+38.2,+22.1,@A	+6.53,+23.3,+22.1,JA	+6.87,+4.5,+20.6,EB	+2.35,+264.9,+21.3,DB	+6.88,+5.1,+20.6,OB	
1701061985.2385755	+6.58,+14.3,+22.2,FA	+6.25,+38.2,+22.1,@A	+6.53,+23.3,+22.2,IA	+6.87,+4.5,+20.6,EB	+2.35,+264.8,+21.3,EB	+6.88,+5.0,+20.6,NB	
1701062047.247735	+6.58,+14.2,+22.2,GA	+6.25,+38.2,+22.1,@A	+6.53,+23.3,+22.1,JA	+6.87,+4.5,+20.6,EB	+2.35,+264.9,+21.4,CB	+6.88,+5.0,+20.6,NB	
1701062109.255257	+6.58,+14.2,+22.1,DA	+6.25,+38.2,+22.2,CA	+6.53,+23.3,+22.1,JA	+6.87,+4.5,+20.6,EB	+2.34,+264.9,+21.3,EB	+6.88,+5.0,+20.6,NB	
1701062171.264188	+6.58,+14.2,+22.1,DA	+6.25,+38.2,+22.1,@A	+6.53,+23.3,+22.1,JA	+6.87,+4.5,+20.6,EB	+2.35,+264.9,+21.3,DB	+6.88,+5.0,+20.6,NB	
1701062233.2712374	+6.58,+14.2,+22.2,GA	+6.25,+38.3,+22.1,AA	+6.53,+23.4,+22.1,MA	+6.87,+4.5,+20.6,EB	+2.34,+265.0,+21.3,MB	+6.88,+5.0,+20.6,NB	
1701062295.2814705	+6.58,+14.2,+22.2,GA	+6.25,+38.2,+22.1,@A	+6.53,+23.4,+22.2,NA	+6.87,+4.6,+20.6,FB	+2.34,+265.1,+21.3,LB	+6.88,+5.0,+20.6,NB	
1701062357.2918785	+6.58,+14.2,+22.2,GA	+6.25,+38.2,+22.1,@A	+6.53,+23.3,+22.1,JA	+6.87,+4.5,+20.6,EB	+2.34,+265.0,+21.4,JB	+6.88,+4.9,+20.6,FB	
1701062419.2983418	+6.58,+14.3,+22.1,EA	+6.25,+38.2,+22.1,@A	+6.53,+23.3,+22.2,IA	+6.87,+4.5,+20.6,EB	+2.34,+265.1,+21.4,KB	+6.88,+5.0,+20.6,NB	
1701062481.3087611	+6.58,+14.2,+22.2,GA	+6.25,+38.2,+22.2,CA	+6.53,+23.3,+22.2,IA	+6.87,+4.5,+20.6,EB	+2.34,+264.9,+21.3,EB	+6.88,+5.0,+20.6,NB	
1701062543.316055	+6.58,+14.2,+22.2,GA	+6.25,+38.2,+22.1,@A	+6.53,+23.3,+22.1,JA	+6.88,+4.5,+20.6,JB	+2.34,+264.9,+21.4,BB	+6.88,+5.0,+20.6,NB	
1701062605.3247995	+6.58,+14.2,+22.2,GA	+6.25,+38.3,+22.2,BA	+6.53,+23.3,+22.1,JA	+6.87,+4.5,+20.6,EB	+2.34,+264.9,+21.4,BB	+6.88,+5.1,+20.6,OB	
1701062667.3333662	+6.58,+14.2,+22.1,DA	+6.25,+38.3,+22.1,AA	+6.53,+23.4,+22.1,MA	+6.87,+4.5,+20.6,EB	+2.34,+265.0,+21.3,MB	+6.88,+5.0,+20.6,NB	
1701062729.3429556	+6.58,+14.2,+22.1,DA	+6.25,+38.2,+22.2,CA	+6.53,+23.3,+22.1,JA	+6.87,+4.5,+20.6,EB	+2.34,+265.1,+21.4,KB	+6.88,+5.0,+20.6,NB	
1701062974.8985953	+6.58,+14.2,+22.2,GA	+6.25,+38.2,+22.1,@A	+6.53,+23.3,+22.1,JA	+6.87,+4.5,+20.6,EB	+2.35,+264.9,+21.4,CB	+6.88,+5.0,+20.6,NB	
