62309060476	62309060477	62309060478	62309060479	62309060481	62309060482	
1702230030.941388	+6.79,+2.2,+22.3,BB	+6.43,+27.4,+22.3,JA	+7.05,-6.5,+22.3,MB	+6.99,-2.3,+20.8,BB		+7.04,-3.9,+20.8,LB	
1702230092.9514563	+6.78,+2.2,+22.3,CB	+6.43,+27.4,+22.4,MA	+7.05,-6.5,+22.3,MB	+6.99,-2.2,+20.8,CB		+7.04,-4.0,+20.8,BB	
1702230154.9607916	+6.79,+2.1,+22.3,AB	+6.44,+27.1,+22.3,HA	+7.05,-6.6,+22.3,NB	+6.99,-2.0,+20.8,AB		+7.04,-4.1,+20.8,CB	
1702230216.9697163	+6.79,+2.2,+22.3,BB	+6.44,+27.3,+22.3,JA	+7.05,-6.5,+22.3,MB	+6.99,-2.2,+20.8,CB		+7.03,-3.5,+20.8,GB	
1702230278.9792469	+6.78,+2.2,+22.3,CB	+6.44,+27.1,+22.3,HA	+7.05,-6.5,+22.3,MB	+6.99,-1.9,+20.8,KB		+7.04,-3.8,+20.8,MB	
1702230340.9852057	+6.79,+2.1,+22.3,AB	+6.44,+27.0,+22.3,IA	+7.05,-6.5,+22.3,MB	+6.99,-2.2,+20.8,CB		+7.04,-4.2,+20.8,@B	
1702230402.995157	+6.79,+2.2,+22.3,BB	+6.44,+27.0,+22.3,IA	+7.05,-6.6,+22.3,NB	+6.99,-2.3,+20.8,BB		+7.04,-4.3,+20.8,AB	
1702230465.0031717	+6.79,+2.2,+22.3,BB	+6.44,+26.9,+22.3,AA	+7.05,-6.5,+22.3,MB	+6.99,-2.2,+20.8,CB		+7.04,-4.0,+20.8,BB	
1702230527.0134609	+6.79,+2.2,+22.3,BB	+6.44,+26.9,+22.3,AA	+7.05,-6.4,+22.3,LB	+6.99,-1.9,+20.8,KB		+7.03,-3.6,+20.8,DB	
1702230589.0224085	+6.79,+2.1,+22.3,AB	+6.44,+26.9,+22.4,FA	+7.05,-6.5,+22.3,MB	+6.99,-2.2,+20.8,CB		+7.04,-4.3,+20.8,AB	
1702230651.0303705	+6.79,+2.1,+22.3,AB	+6.45,+26.6,+22.3,OA	+7.05,-6.5,+22.3,MB	+6.99,-2.1,+20.8,@B		+7.03,-3.5,+20.8,GB	
1702230713.0407538	+6.79,+2.1,+22.2,@B	+6.45,+26.6,+22.3,OA	+7.05,-6.5,+22.3,MB	+6.99,-2.1,+20.8,@B		+7.03,-3.6,+20.8,DB	
1702230775.047194	+6.79,+2.1,+22.2,@B	+6.44,+26.7,+22.3,OA	+7.05,-6.6,+22.3,NB	+6.99,-2.4,+20.8,EB		+7.03,-3.6,+20.8,DB	
1702230837.056108	+6.78,+2.2,+22.2,BB	+6.45,+26.6,+22.3,OA	+7.05,-6.7,+22.3,OB	+6.99,-2.0,+20.8,AB		+7.04,-4.1,+20.8,CB	
1702231083.795727	+6.79,+2.1,+22.3,AB	+6.45,+26.6,+22.3,OA	+7.05,-6.5,+22.3,MB	+6.99,-2.3,+20.8,BB		+7.03,-3.6,+20.8,DB	
1702231145.8058548	+6.79,+2.1,+22.2,@B	+6.45,+26.5,+22.3,LA	+7.05,-6.5,+22.3,MB	+6.99,-2.3,+20.8,BB		+7.03,-3.7,+20.8,EB	
1702231207.8128939	+6.79,+2.1,+22.3,AB	+6.45,+26.5,+22.3,LA	+7.05,-6.4,+22.3,LB	+6.99,-2.0,+20.8,AB		+7.04,-4.0,+20.8,BB	
1702231269.8236609	+6.79,+2.1,+22.2,@B	+6.45,+26.2,+22.3,KA	+7.05,-6.5,+22.3,MB	+6.99,-2.3,+20.8,BB		+7.04,-3.9,+20.7,CB	
1702231331.8290374	+6.79,+2.1,+22.3,AB	+6.45,+26.4,+22.3,MA	+7.05,-6.5,+22.3,MB	+6.99,-2.0,+20.8,AB		+7.04,-4.2,+20.8,@B	
1702231393.8369474	+6.79,+2.1,+22.3,AB	+6.45,+26.4,+22.3,MA	+7.05,-6.4,+22.3,LB	+6.99,-2.1,+20.8,@B		+7.04,-4.2,+20.8,@B	
1702231455.8447633	+6.79,+2.1,+22.3,AB	+6.45,+26.4,+22.3,MA	+7.05,-6.5,+22.3,MB	+6.99,-2.4,+20.8,EB		+7.04,-4.1,+20.8,CB	
1702231517.8562145	+6.79,+2.1,+22.2,@B	+6.45,+26.5,+22.3,LA	+7.05,-6.4,+22.3,LB	+6.99,-2.0,+20.8,AB		+7.03,-3.7,+20.8,EB	
1702231579.864907	+6.79,+2.2,+22.3,BB	+6.45,+26.4,+22.3,MA	+7.05,-6.5,+22.3,MB	+6.99,-1.9,+20.8,KB		+7.03,-3.5,+20.8,GB	
1702231641.875147	+6.79,+2.1,+22.3,AB	+6.45,+26.2,+22.3,KA	+7.05,-6.3,+22.3,KB	+6.99,-2.3,+20.8,BB		+7.04,-4.1,+20.8,CB	
1702231703.8852873	+6.79,+2.1,+22.3,AB	+6.46,+26.0,+22.4,MA	+7.05,-6.4,+22.3,LB	+6.99,-2.3,+20.8,BB		+7.04,-3.9,+20.8,LB	
1702231765.8923435	+6.79,+2.2,+22.3,BB	+6.46,+26.0,+22.3,JA	+7.05,-6.4,+22.3,LB	+6.99,-2.4,+20.8,EB		+7.03,-3.5,+20.8,GB	
1702231827.902454	+6.79,+2.1,+22.2,@B	+6.46,+26.0,+22.3,JA	+7.05,-6.4,+22.3,LB	+6.99,-2.1,+20.8,@B		+7.03,-3.7,+20.8,EB	
1702231889.9089773	+6.79,+2.2,+22.3,BB	+6.46,+25.9,+22.3,@A	+7.05,-6.4,+22.3,LB	+6.99,-2.4,+20.8,EB		+7.03,-3.5,+20.8,GB	
1702231951.9194264	+6.79,+2.1,+22.3,AB	+6.46,+25.7,+22.4,IA	+7.05,-6.4,+22.3,LB	+6.99,-2.3,+20.8,BB		+7.04,-3.8,+20.8,MB	
1702232013.9277058	+6.79,+2.1,+22.3,AB	+6.47,+25.5,+22.3,MA	+7.05,-6.4,+22.3,LB	+6.99,-2.1,+20.8,@B		+7.03,-3.5,+20.8,GB	
1702232075.9376268	+6.79,+2.1,+22.2,@B	+6.47,+25.5,+22.3,MA	+7.05,-6.4,+22.3,LB	+6.99,-2.1,+20.8,@B		+7.04,-4.2,+20.8,@B	
1702232137.946468	+6.79,+2.1,+22.3,AB	+6.47,+25.4,+22.4,KA	+7.05,-6.4,+22.3,LB	+6.99,-2.3,+20.8,BB		+7.05,-4.3,+20.8,@B	
1702232199.9560688	+6.79,+2.1,+22.3,AB	+6.47,+25.2,+22.3,JA	+7.05,-6.4,+22.3,LB	+6.99,-2.3,+20.8,BB		+7.05,-4.4,+20.8,GB	
1702232261.9642465	+6.79,+2.1,+22.3,AB	+6.47,+25.1,+22.3,IA	+7.05,-6.4,+22.3,LB	+6.99,-2.4,+20.8,EB		+7.04,-4.1,+20.8,CB	
1702232323.9724987	+6.79,+2.1,+22.3,AB	+6.47,+25.0,+22.3,HA	+7.05,-6.4,+22.4,KB	+6.99,-1.9,+20.8,KB		+7.04,-4.1,+20.8,CB	
1702232385.9807289	+6.79,+2.0,+22.3,@B	+6.48,+24.8,+22.3,NA	+7.05,-6.4,+22.3,LB	+6.99,-2.3,+20.8,BB		+7.04,-3.9,+20.8,LB	
1702232447.9892185	+6.79,+2.1,+22.3,AB	+6.48,+24.9,+22.3,OA	+7.05,-6.3,+22.3,KB	+6.99,-1.9,+20.8,KB		+7.05,-4.3,+20.8,@B	
1702232509.9993658	+6.79,+2.0,+22.3,@B	+6.48,+24.8,+22.3,NA	+7.05,-6.4,+22.3,LB	+6.99,-2.1,+20.8,@B		+7.04,-4.0,+20.8,BB	
1702232572.0085466	+6.79,+2.1,+22.3,AB	+6.48,+24.8,+22.4,IA	+7.05,-6.3,+22.3,KB	+6.99,-1.9,+20.8,KB		+7.05,-4.3,+20.8,@B	
1702232634.0166547	+6.78,+2.4,+22.3,EB	+6.48,+24.6,+22.3,@A	+7.05,-6.4,+22.3,LB	+6.99,-1.9,+20.8,KB		+7.04,-3.8,+20.8,MB	
1702232696.0215282	+6.78,+2.5,+22.3,DB	+6.48,+24.4,+22.3,BA	+7.05,-6.4,+22.3,LB	+6.99,-2.0,+20.8,AB		+7.03,-3.6,+20.8,DB	
1702232758.0304716	+6.78,+2.5,+22.3,DB	+6.49,+24.3,+22.3,DA	+7.05,-6.4,+22.3,LB	+6.99,-1.9,+20.8,KB		+7.03,-3.5,+20.8,GB	
1702232820.0374255	+6.78,+2.5,+22.3,DB	+6.49,+24.4,+22.3,CA	+7.05,-6.3,+22.3,KB	+6.99,-2.1,+20.8,@B		+7.04,-4.2,+20.8,@B	
1702232882.0480642	+6.78,+2.6,+22.3,GB	+6.49,+24.3,+22.3,DA	+7.05,-6.3,+22.3,KB	+6.99,-2.1,+20.8,@B		+7.04,-3.8,+20.8,MB	
1702232944.057467	+6.78,+2.6,+22.2,FB	+6.49,+24.2,+22.3,EA	+7.05,-6.3,+22.3,KB	+6.99,-1.9,+20.8,KB		+7.03,-3.6,+20.8,DB	
1702233006.067353	+6.78,+2.6,+22.2,FB	+6.49,+24.0,+22.3,GA	+7.05,-6.3,+22.3,KB	+6.99,-2.1,+20.8,@B		+7.03,-3.6,+20.8,DB	
1702233068.0752397	+6.78,+2.6,+22.3,GB	+6.49,+24.0,+22.3,GA	+7.05,-6.4,+22.3,LB	+6.99,-1.9,+20.8,KB		+7.04,-3.8,+20.8,MB	
1702233130.0849473	+6.78,+2.6,+22.3,GB	+6.49,+23.9,+22.3,IA	+7.05,-6.4,+22.3,LB	+6.99,-1.9,+20.8,KB		+7.04,-4.2,+20.8,@B	
1702233192.0912466	+6.78,+2.6,+22.2,FB	+6.50,+23.6,+22.3,NA	+7.05,-6.3,+22.3,KB	+6.99,-2.3,+20.8,BB		+7.03,-3.7,+20.8,EB	
1702233254.099628	+6.78,+2.6,+22.2,FB	+6.50,+23.7,+22.3,OA	+7.05,-6.4,+22.3,LB	+6.99,-1.9,+20.8,KB		+7.04,-4.3,+20.8,AB	
1702233316.1128385	+6.78,+2.5,+22.2,EB	+6.50,+23.7,+22.3,OA	+7.05,-6.3,+22.3,KB	+6.99,-2.2,+20.8,CB		+7.03,-3.5,+20.7,HB	
1702233378.1214366	+6.78,+2.5,+22.3,DB	+6.50,+23.6,+22.3,NA	+7.05,-6.3,+22.3,KB	+6.99,-1.9,+20.8,KB		+7.04,-4.0,+20.8,BB	
1702233440.1318176	+6.78,+2.5,+22.2,EB	+6.50,+23.6,+22.3,NA	+7.05,-6.3,+22.3,KB	+6.99,-1.9,+20.8,KB		+7.04,-3.8,+20.8,MB	
1702233502.1411994	+6.78,+2.6,+22.3,GB	+6.50,+23.4,+22.3,LA	+7.05,-6.3,+22.3,KB	+6.99,-2.3,+20.8,BB		+7.04,-4.2,+20.8,@B	
1702233564.14968	+6.78,+2.5,+22.2,EB	+6.51,+23.2,+22.3,KA	+7.05,-6.3,+22.3,KB	+6.99,-2.3,+20.8,BB		+7.04,-4.2,+20.8,@B	
1702233626.1560652	+6.78,+2.6,+22.3,GB	+6.51,+23.2,+22.3,KA	+7.05,-6.3,+22.3,KB	+6.99,-1.9,+20.8,KB		+7.03,-3.6,+20.8,DB	
1702233688.1655552	+6.78,+2.6,+22.2,FB	+6.51,+23.1,+22.3,HA	+7.05,-6.2,+22.3,JB	+6.98,-1.8,+20.8,KB		+7.04,-4.0,+20.8,BB	
1702233750.1732936	+6.78,+2.5,+22.2,EB	+6.52,+22.6,+22.3,MA	+7.05,-6.3,+22.3,KB	+6.99,-2.2,+20.8,CB		+7.04,-4.2,+20.8,@B	
1702233812.1854646	+6.78,+2.6,+22.3,GB	+6.51,+22.7,+22.3,OA	+7.05,-6.3,+22.3,KB	+6.99,-2.3,+20.8,BB		+7.03,-3.5,+20.8,GB	
1702233874.194741	+6.78,+2.5,+22.2,EB	+6.51,+22.7,+22.3,OA	+7.05,-6.2,+22.3,JB	+6.99,-2.2,+20.8,CB		+7.03,-3.7,+20.8,EB	
1702233936.2029376	+6.78,+2.5,+22.3,DB	+6.51,+22.7,+22.3,OA	+7.05,-6.2,+22.3,JB	+6.99,-2.0,+20.8,AB		+7.04,-4.0,+20.8,BB	
1702233998.2122395	+6.78,+2.5,+22.2,EB	+6.52,+22.5,+22.3,NA	+7.05,-6.3,+22.3,KB	+6.99,-1.9,+20.8,KB		+7.04,-3.8,+20.8,MB	
1702234060.2206573	+6.78,+2.6,+22.2,FB	+6.52,+22.3,+22.3,HA	+7.05,-6.3,+22.3,KB	+6.99,-2.0,+20.8,AB		+7.03,-3.6,+20.8,DB	
1702234122.2295077	+6.78,+2.5,+22.2,EB	+6.52,+22.3,+22.3,HA	+7.05,-6.2,+22.3,JB	+6.99,-2.2,+20.8,CB		+7.05,-4.3,+20.8,@B	
1702234184.2391632	+6.78,+2.6,+22.3,GB	+6.52,+22.2,+22.3,IA	+7.05,-6.3,+22.3,KB	+6.99,-2.2,+20.8,CB		+7.04,-3.9,+20.8,LB	
1702234246.248572	+6.78,+2.5,+22.3,DB	+6.52,+22.2,+22.3,IA	+7.05,-6.3,+22.3,KB	+6.99,-2.2,+20.8,CB		+7.04,-4.0,+20.8,BB	
1702234308.2583647	+6.78,+2.6,+22.3,GB	+6.52,+22.2,+22.3,IA	+7.05,-6.2,+22.3,JB	+6.99,-2.0,+20.8,AB		+7.04,-3.7,+20.8,BB	
1702234370.2658837	+6.78,+2.5,+22.3,DB	+6.52,+22.1,+22.3,JA	+7.05,-6.3,+22.3,KB	+6.99,-1.9,+20.8,KB		+7.04,-3.7,+20.8,BB	
1702234432.2741153	+6.78,+2.5,+22.3,DB	+6.53,+21.8,+22.3,AA	+7.05,-6.2,+22.3,JB	+6.99,-2.1,+20.8,@B		+7.05,-4.3,+20.8,@B	
1702234494.2810457	+6.78,+2.5,+22.3,DB	+6.53,+22.0,+22.4,MA	+7.05,-6.3,+22.3,KB	+6.99,-1.9,+20.8,KB		+7.04,-4.1,+20.8,CB	
1702234556.2908645	+6.78,+2.5,+22.3,DB	+6.53,+21.8,+22.3,AA	+7.05,-6.2,+22.3,JB	+6.99,-2.4,+20.8,EB		+7.03,-3.6,+20.8,DB	
1702234618.301068	+6.78,+2.5,+22.3,DB	+6.53,+21.9,+22.3,@A	+7.05,-6.3,+22.3,KB	+6.99,-1.9,+20.8,KB		+7.04,-4.2,+20.8,@B	
1702234680.3106883	+6.78,+2.5,+22.2,EB	+6.53,+21.6,+22.3,OA	+7.05,-6.2,+22.3,JB	+6.99,-2.3,+20.8,BB		+7.03,-3.6,+20.8,DB	
1702234927.0248659	+6.78,+2.5,+22.3,DB	+6.54,+21.2,+22.3,LA	+7.05,-6.2,+22.3,JB	+6.99,-2.2,+20.8,CB		+7.04,-3.9,+20.8,LB	
1702234989.0344832	+6.78,+2.5,+22.3,DB	+6.54,+21.2,+22.3,LA	+7.04,-6.1,+22.3,HB	+6.99,-1.9,+20.8,KB		+7.03,-3.6,+20.8,DB	
1702235051.0408487	+6.78,+2.5,+22.3,DB	+6.54,+21.0,+22.3,NA	+7.05,-6.3,+22.3,KB	+6.99,-2.3,+20.8,BB		+7.04,-4.1,+20.8,CB	
1702235113.0505903	+6.78,+2.5,+22.3,DB	+6.54,+21.2,+22.3,LA	+7.05,-6.2,+22.3,JB	+6.99,-2.0,+20.8,AB		+7.04,-4.2,+20.8,@B	
1702235175.0584261	+6.78,+2.5,+22.3,DB	+6.54,+21.1,+22.3,OA	+7.05,-6.3,+22.3,KB	+6.99,-2.2,+20.8,CB		+7.04,-4.2,+20.8,@B	
1702235237.069615	+6.78,+2.5,+22.3,DB	+6.54,+21.0,+22.3,NA	+7.05,-6.3,+22.3,KB	+6.99,-2.2,+20.8,CB		+7.04,-3.8,+20.8,MB	
1702235299.0791552	+6.78,+2.5,+22.3,DB	+6.54,+21.0,+22.3,NA	+7.05,-6.1,+22.3,IB	+6.99,-2.2,+20.8,CB		+7.04,-3.9,+20.8,LB	
1702235361.0890074	+6.78,+2.5,+22.3,DB	+6.55,+20.9,+22.3,GA	+7.05,-6.3,+22.3,KB	+6.99,-2.0,+20.8,AB		+7.04,-3.7,+20.8,BB	
1702235423.0988967	+6.78,+2.4,+22.2,DB	+6.55,+20.8,+22.3,FA	+7.05,-6.2,+22.3,JB	+6.99,-1.8,+20.8,JB		+7.04,-3.8,+20.8,MB	
1702235485.106681	+6.78,+2.5,+22.3,DB	+6.55,+20.6,+22.3,HA	+7.05,-6.2,+22.3,JB	+6.99,-2.2,+20.8,CB		+7.05,-4.3,+20.8,@B	
1702235547.1161563	+6.78,+2.5,+22.3,DB	+6.55,+20.5,+22.3,KA	+7.05,-6.3,+22.3,KB	+6.99,-2.0,+20.8,AB		+7.03,-3.6,+20.8,DB	
1702235609.1212606	+6.78,+2.5,+22.2,EB	+6.55,+20.4,+22.3,JA	+7.05,-6.2,+22.3,JB	+6.99,-2.1,+20.8,@B		+7.04,-4.0,+20.8,BB	
1702235671.1307268	+6.78,+2.4,+22.2,DB	+6.55,+20.4,+22.3,JA	+7.05,-6.2,+22.3,JB	+6.99,-2.3,+20.8,BB		+7.04,-4.0,+20.8,BB	
1702235733.1408546	+6.78,+2.4,+22.2,DB	+6.56,+20.3,+22.3,NA	+7.05,-6.2,+22.3,JB	+6.99,-2.3,+20.8,BB		+7.04,-3.9,+20.7,CB	
1702235795.1506352	+6.78,+2.4,+22.3,EB	+6.55,+20.4,+22.3,JA	+7.05,-6.4,+22.3,LB	+6.98,-1.8,+20.8,KB		+7.04,-3.9,+20.8,LB	
1702235857.1601841	+6.78,+2.4,+22.3,EB	+6.56,+20.3,+22.3,NA	+7.05,-6.2,+22.3,JB	+6.99,-2.3,+20.8,BB		+7.03,-3.6,+20.8,DB	
1702235919.1671798	+6.78,+2.4,+22.3,EB	+6.54,+21.0,+22.3,NA	+7.05,-6.1,+22.3,IB	+6.99,-2.3,+20.8,BB		+7.03,-3.6,+20.8,DB	
1702235981.1759913	+6.78,+2.4,+22.3,EB	+6.55,+20.8,+22.3,FA	+7.05,-6.2,+22.3,JB	+6.99,-2.2,+20.8,CB		+7.03,-3.6,+20.8,DB	
1702236043.1848085	+6.78,+2.4,+22.3,EB	+6.55,+20.7,+22.3,IA	+7.05,-6.2,+22.3,JB	+6.98,-1.8,+20.8,KB		+7.04,-4.2,+20.8,@B	
1702236105.1944866	+6.78,+2.4,+22.3,EB	+6.55,+20.5,+22.3,KA	+7.05,-6.3,+22.3,KB	+6.98,-1.8,+20.8,KB		+7.04,-4.0,+20.8,BB	
1702236167.2040834	+6.78,+2.4,+22.3,EB	+6.55,+20.4,+22.3,JA	+7.05,-6.2,+22.3,JB	+6.99,-1.9,+20.8,KB		+7.04,-4.2,+20.8,@B	
1702236229.2118623	+6.78,+2.5,+22.2,EB	+6.56,+20.3,+22.3,NA	+7.05,-6.3,+22.3,KB	+6.99,-1.9,+20.8,KB		+7.04,-4.0,+20.8,BB	
1702236291.2207003	+6.78,+2.4,+22.3,EB	+6.56,+20.3,+22.3,NA	+7.05,-6.2,+22.3,JB	+6.98,-1.8,+20.8,KB		+7.03,-3.5,+20.8,GB	
1702236353.2280238	+6.78,+2.5,+22.3,DB	+6.56,+20.1,+22.3,LA	+7.05,-6.3,+22.3,KB	+6.99,-2.2,+20.8,CB		+7.05,-4.3,+20.8,@B	
1702236415.236696	+6.78,+2.5,+22.3,DB	+6.56,+20.0,+22.3,MA	+7.05,-6.2,+22.3,JB	+6.99,-2.0,+20.8,AB		+7.04,-4.2,+20.8,@B	
1702236477.2462494	+6.78,+2.4,+22.3,EB	+6.56,+19.8,+22.3,OA	+7.05,-6.2,+22.3,JB	+6.99,-2.3,+20.8,BB		+7.04,-3.7,+20.8,BB	
1702236539.2539847	+6.78,+2.4,+22.3,EB	+6.56,+19.9,+22.3,NA	+7.05,-6.3,+22.3,KB	+6.99,-2.0,+20.8,AB		+7.04,-4.3,+20.8,AB	
1702236601.264519	+6.78,+2.5,+22.3,DB	+6.56,+19.8,+22.3,OA	+7.05,-6.2,+22.3,JB	+6.99,-2.3,+20.8,BB		+7.03,-3.6,+20.8,DB	
1702236663.27429	+6.78,+2.4,+22.3,EB	+6.56,+19.9,+22.3,NA	+7.05,-6.2,+22.3,JB	+6.99,-2.3,+20.8,BB		+7.03,-3.6,+20.8,DB	
1702236725.2821167	+6.78,+2.4,+22.3,EB	+6.56,+19.9,+22.3,NA	+7.05,-6.2,+22.3,JB	+6.99,-2.2,+20.8,CB		+7.03,-3.6,+20.8,DB	
1702236787.2900147	+6.78,+2.4,+22.3,EB	+6.56,+19.8,+22.3,OA	+7.05,-6.2,+22.3,JB	+6.99,-2.3,+20.8,BB		+7.03,-3.7,+20.8,EB	
1702236849.2993562	+6.78,+2.3,+22.3,BB	+6.56,+20.0,+22.3,MA	+7.05,-6.3,+22.3,KB	+6.99,-1.9,+20.8,KB		+7.04,-4.0,+20.8,BB	
1702236911.3083026	+6.78,+2.4,+22.3,EB	+6.56,+19.9,+22.3,NA	+7.05,-6.3,+22.3,KB	+6.98,-1.8,+20.8,KB		+7.04,-3.9,+20.8,LB	
1702236973.3151107	+6.78,+2.4,+22.3,EB	+6.56,+19.9,+22.3,NA	+7.05,-6.3,+22.3,KB	+6.99,-1.9,+20.8,KB		+7.04,-3.7,+20.8,BB	
1702237035.3241923	+6.78,+2.4,+22.3,EB	+6.56,+19.8,+22.3,OA	+7.05,-6.4,+22.3,LB	+6.99,-1.9,+20.8,KB		+7.03,-3.5,+20.8,GB	
1702237097.3333905	+6.78,+2.3,+22.3,BB	+6.57,+19.7,+22.3,AA	+7.05,-6.2,+22.3,JB	+6.99,-2.2,+20.8,CB		+7.04,-4.3,+20.8,AB	
1702237159.3418646	+6.78,+2.3,+22.3,BB	+6.57,+19.7,+22.4,FA	+7.05,-6.3,+22.3,KB	+6.99,-2.3,+20.8,BB		+7.03,-3.7,+20.8,EB	
1702237221.3487065	+6.78,+2.3,+22.3,BB	+6.56,+19.8,+22.3,OA	+7.05,-6.2,+22.3,JB	+6.99,-1.9,+20.8,KB		+7.04,-4.3,+20.8,AB	
1702237283.3588533	+6.78,+2.3,+22.3,BB	+6.57,+19.7,+22.3,AA	+7.05,-6.3,+22.3,KB	+6.99,-2.3,+20.8,BB		+7.03,-3.6,+20.8,DB	
1702237345.3690035	+6.78,+2.3,+22.3,BB	+6.56,+19.8,+22.3,OA	+7.05,-6.2,+22.3,JB	+6.99,-2.0,+20.8,AB		+7.04,-3.8,+20.8,MB	
1702237407.3790388	+6.78,+2.4,+22.3,EB	+6.57,+19.7,+22.3,AA	+7.05,-6.2,+22.3,JB	+6.99,-2.1,+20.8,@B		+7.03,-3.6,+20.8,DB	
1702237469.3872852	+6.78,+2.3,+22.2,CB	+6.56,+19.8,+22.3,OA	+7.05,-6.3,+22.3,KB	+6.99,-1.9,+20.8,KB		+7.04,-3.8,+20.8,MB	
1702237531.396226	+6.78,+2.3,+22.3,BB	+6.56,+19.9,+22.3,NA	+7.05,-6.3,+22.3,KB	+6.99,-1.9,+20.8,KB		+7.04,-4.0,+20.8,BB	
1702237593.4036994	+6.78,+2.3,+22.3,BB	+6.56,+19.8,+22.3,OA	+7.05,-6.4,+22.3,LB	+6.99,-1.9,+20.8,KB		+7.04,-4.0,+20.8,BB	
1702237655.4130313	+6.78,+2.3,+22.3,BB	+6.56,+19.8,+22.3,OA	+7.05,-6.3,+22.3,KB	+6.99,-1.9,+20.8,KB		+7.03,-3.6,+20.8,DB	
1702237717.422963	+6.78,+2.3,+22.3,BB	+6.57,+19.7,+22.3,AA	+7.05,-6.3,+22.3,KB	+6.98,-1.8,+20.8,KB		+7.03,-3.6,+20.8,DB	
1702237779.4319692	+6.78,+2.4,+22.3,EB	+6.57,+19.7,+22.3,AA	+7.05,-6.4,+22.3,LB	+6.99,-2.1,+20.8,@B		+7.05,-4.3,+20.8,@B	
1702237841.440898	+6.78,+2.3,+22.3,BB	+6.57,+19.7,+22.3,AA	+7.05,-6.4,+22.3,LB	+6.99,-2.0,+20.8,AB		+7.05,-4.3,+20.8,@B	
1702237903.4504476	+6.78,+2.3,+22.3,BB	+6.56,+19.9,+22.3,NA	+7.05,-6.3,+22.3,KB	+6.98,-1.8,+20.8,KB		+7.04,-4.0,+20.8,BB	
1702237965.455528	+6.78,+2.3,+22.3,BB	+6.57,+19.7,+22.3,AA	+7.05,-6.5,+22.3,MB	+6.99,-2.1,+20.8,@B		+7.04,-4.0,+20.8,BB	
1702238027.465252	+6.78,+2.3,+22.3,BB	+6.56,+19.8,+22.3,OA	+7.05,-6.4,+22.3,LB	+6.99,-2.2,+20.8,CB		+7.03,-3.7,+20.8,EB	
1702238089.474438	+6.78,+2.3,+22.3,BB	+6.57,+19.5,+22.3,CA	+7.05,-6.4,+22.3,LB	+6.99,-2.1,+20.8,@B		+7.03,-3.6,+20.8,DB	
1702238151.481388	+6.78,+2.3,+22.3,BB	+6.57,+19.4,+22.3,BA	+7.05,-6.3,+22.3,KB	+6.99,-2.0,+20.8,AB		+7.05,-4.3,+20.8,@B	
1702238213.4906547	+6.78,+2.3,+22.3,BB	+6.57,+19.4,+22.3,BA	+7.05,-6.4,+22.3,LB	+6.99,-2.1,+20.8,@B		+7.03,-3.7,+20.8,EB	
1702238275.4977992	+6.78,+2.3,+22.2,CB	+6.57,+19.4,+22.3,BA	+7.05,-6.4,+22.3,LB	+6.99,-2.0,+20.8,AB		+7.03,-3.7,+20.8,EB	
1702238337.5077794	+6.78,+2.3,+22.3,BB	+6.57,+19.4,+22.3,BA	+7.05,-6.4,+22.3,LB	+6.99,-2.1,+20.8,@B		+7.04,-4.1,+20.8,CB	
1702238399.5160227	+6.78,+2.3,+22.3,BB	+6.57,+19.4,+22.3,BA	+7.05,-6.4,+22.3,LB	+6.98,-1.7,+20.8,DB		+7.03,-3.6,+20.8,DB	
1702238461.5270386	+6.78,+2.3,+22.3,BB	+6.57,+19.3,+22.4,BA	+7.05,-6.4,+22.3,LB	+6.99,-2.3,+20.8,BB		+7.04,-4.1,+20.8,CB	
1702238523.5372493	+6.78,+2.3,+22.3,BB	+6.57,+19.4,+22.4,EA	+7.05,-6.4,+22.3,LB	+6.99,-2.0,+20.8,AB		+7.03,-3.6,+20.8,DB	
1702238770.317853	+6.78,+2.2,+22.3,CB	+6.57,+19.4,+22.3,BA	+7.05,-6.4,+22.3,LB	+6.99,-1.9,+20.8,KB		+7.04,-4.0,+20.8,BB	
1702238832.3240345	+6.78,+2.2,+22.3,CB	+6.57,+19.2,+22.3,DA	+7.05,-6.5,+22.3,MB	+6.99,-2.3,+20.8,BB		+7.04,-3.8,+20.8,MB	
1702238894.3315535	+6.78,+2.2,+22.3,CB	+6.57,+19.3,+22.4,BA	+7.05,-6.5,+22.3,MB	+6.99,-2.3,+20.9,CB		+7.04,-4.0,+20.8,BB	
1702238956.3429887	+6.78,+2.2,+22.3,CB	+6.57,+19.6,+22.3,@A	+7.05,-6.3,+22.3,KB	+6.99,-1.9,+20.8,KB		+7.03,-3.6,+20.8,DB	
1702239018.352354	+6.78,+2.2,+22.3,CB	+6.57,+19.4,+22.3,BA	+7.05,-6.4,+22.3,LB	+6.99,-2.3,+20.8,BB		+7.05,-4.4,+20.8,GB	
1702239080.359371	+6.78,+2.2,+22.3,CB	+6.57,+19.6,+22.3,@A	+7.05,-6.3,+22.3,KB	+6.99,-1.9,+20.8,KB		+7.03,-3.7,+20.8,EB	
1702239142.3676727	+6.79,+2.2,+22.3,BB	+6.57,+19.6,+22.3,@A	+7.05,-6.4,+22.3,LB	+6.99,-1.9,+20.8,KB		+7.04,-4.1,+20.8,CB	
1702239204.3776662	+6.78,+2.2,+22.3,CB	+6.57,+19.7,+22.3,AA	+7.05,-6.4,+22.3,LB	+6.99,-1.9,+20.8,KB		+7.04,-4.3,+20.8,AB	
1702239266.386845	+6.78,+2.2,+22.3,CB	+6.57,+19.4,+22.3,BA	+7.05,-6.4,+22.3,LB	+6.99,-2.2,+20.8,CB		+7.03,-3.6,+20.8,DB	
1702239328.3967688	+6.79,+2.2,+22.3,BB	+6.57,+19.5,+22.3,CA	+7.05,-6.4,+22.3,LB	+6.99,-2.1,+20.8,@B		+7.03,-3.6,+20.8,DB	
1702239390.4068575	+6.79,+2.2,+22.3,BB	+6.57,+19.6,+22.3,@A	+7.05,-6.4,+22.3,LB	+6.99,-2.0,+20.8,AB		+7.04,-3.9,+20.8,LB	
1702239452.4162147	+6.78,+2.2,+22.2,BB	+6.57,+19.4,+22.3,BA	+7.05,-6.4,+22.3,LB	+6.99,-2.1,+20.8,@B		+7.04,-4.0,+20.8,BB	
1702239514.4245875	+6.78,+2.2,+22.3,CB	+6.57,+19.4,+22.3,BA	+7.05,-6.3,+22.3,KB	+6.99,-2.4,+20.8,EB		+7.04,-4.1,+20.8,CB	
1702239576.4346623	+6.79,+2.2,+22.3,BB	+6.57,+19.3,+22.3,EA	+7.05,-6.3,+22.3,KB	+6.99,-2.2,+20.8,CB		+7.04,-4.3,+20.8,AB	
1702239638.442529	+6.79,+2.2,+22.2,CB	+6.57,+19.2,+22.3,DA	+7.05,-6.3,+22.3,KB	+6.99,-2.1,+20.8,@B		+7.05,-4.4,+20.8,GB	
1702239700.4519148	+6.78,+2.2,+22.2,BB	+6.57,+19.4,+22.3,BA	+7.05,-6.4,+22.3,LB	+6.99,-2.2,+20.8,CB		+7.04,-4.2,+20.8,@B	
1702239762.4612892	+6.79,+2.2,+22.2,CB	+6.57,+19.4,+22.3,BA	+7.05,-6.4,+22.3,LB	+6.98,-1.8,+20.8,KB		+7.03,-3.5,+20.8,GB	
1702239824.4705248	+6.79,+2.2,+22.3,BB	+6.57,+19.5,+22.3,CA	+7.05,-6.3,+22.3,KB	+6.99,-2.0,+20.8,AB		+7.04,-4.0,+20.8,BB	
1702239886.480361	+6.79,+2.2,+22.3,BB	+6.57,+19.3,+22.3,EA	+7.05,-6.4,+22.3,LB	+6.99,-1.9,+20.8,KB		+7.03,-3.6,+20.8,DB	
1702239948.4891365	+6.78,+2.2,+22.2,BB	+6.57,+19.3,+22.3,EA	+7.05,-6.3,+22.3,KB	+6.99,-2.0,+20.8,AB		+7.05,-4.3,+20.8,@B	
1702240010.4974945	+6.79,+2.1,+22.2,@B	+6.57,+19.4,+22.3,BA	+7.05,-6.3,+22.3,KB	+6.98,-1.8,+20.8,KB		+7.04,-4.2,+20.8,@B	
1702240072.5073023	+6.78,+2.2,+22.3,CB	+6.57,+19.2,+22.3,DA	+7.05,-6.3,+22.3,KB	+6.99,-2.2,+20.8,CB		+7.04,-3.7,+20.8,BB	
1702240134.515119	+6.79,+2.2,+22.3,BB	+6.57,+19.3,+22.3,EA	+7.05,-6.4,+22.3,LB	+6.99,-2.1,+20.8,@B		+7.04,-3.8,+20.8,MB	
1702240196.5235696	+6.79,+2.1,+22.2,@B	+6.57,+19.4,+22.3,BA	+7.05,-6.3,+22.3,KB	+6.99,-1.9,+20.8,KB		+7.04,-3.9,+20.8,LB	
1702240258.5328722	+6.79,+2.1,+22.3,AB	+6.58,+19.2,+22.3,KA	+7.05,-6.3,+22.3,KB	+6.99,-2.0,+20.8,AB		+7.05,-4.3,+20.8,@B	
1702240320.5446894	+6.79,+2.1,+22.3,AB	+6.58,+19.1,+22.3,HA	+7.05,-6.4,+22.3,LB	+6.99,-2.2,+20.8,CB		+7.05,-4.3,+20.8,@B	
1702240382.5536196	+6.79,+2.1,+22.3,AB	+6.57,+19.2,+22.3,DA	+7.05,-6.4,+22.3,LB	+6.99,-2.2,+20.8,CB		+7.04,-4.1,+20.8,CB	
1702240444.5621684	+6.79,+2.2,+22.3,BB	+6.57,+19.2,+22.3,DA	+7.05,-6.3,+22.3,KB	+6.99,-1.9,+20.8,KB		+7.03,-3.6,+20.8,DB	
1702240506.5712452	+6.79,+2.1,+22.3,AB	+6.58,+19.1,+22.3,HA	+7.05,-6.3,+22.3,KB	+6.99,-2.2,+20.8,CB		+7.04,-4.1,+20.8,CB	
1702240568.5803914	+6.79,+2.1,+22.2,@B	+6.57,+19.3,+22.3,EA	+7.05,-6.5,+22.3,MB	+6.99,-2.0,+20.8,AB		+7.04,-4.3,+20.8,AB	
1702240630.5873368	+6.79,+2.1,+22.3,AB	+6.58,+19.1,+22.3,HA	+7.05,-6.3,+22.3,KB	+6.99,-2.0,+20.8,AB		+7.03,-3.6,+20.8,DB	
1702240692.5905323	+6.79,+2.1,+22.3,AB	+6.57,+19.3,+22.3,EA	+7.05,-6.5,+22.3,MB	+6.99,-1.8,+20.8,JB		+7.05,-4.4,+20.8,GB	
1702240754.5981772	+6.79,+2.1,+22.3,AB	+6.57,+19.2,+22.3,DA	+7.05,-6.5,+22.3,MB	+6.99,-1.9,+20.8,KB		+7.04,-4.3,+20.8,AB	
1702240816.6083128	+6.79,+2.1,+22.3,AB	+6.57,+19.2,+22.3,DA	+7.05,-6.4,+22.3,LB	+6.99,-2.2,+20.8,CB		+7.03,-3.6,+20.8,DB	
1702240878.616869	+6.79,+2.1,+22.3,AB	+6.58,+19.1,+22.3,HA	+7.05,-6.4,+22.3,LB	+6.99,-2.1,+20.8,@B		+7.04,-4.1,+20.8,CB	
1702240940.6261296	+6.79,+2.1,+22.3,AB	+6.58,+19.1,+22.3,HA	+7.05,-6.3,+22.3,KB	+6.99,-2.1,+20.8,@B		+7.03,-3.7,+20.8,EB	
1702241002.6362288	+6.79,+2.1,+22.2,@B	+6.58,+19.0,+22.3,IA	+7.05,-6.4,+22.3,LB	+6.99,-2.2,+20.8,CB		+7.05,-4.4,+20.8,GB	
1702241064.6436012	+6.79,+2.1,+22.3,AB	+6.57,+19.7,+22.3,AA	+7.05,-6.3,+22.3,KB	+6.99,-2.3,+20.8,BB		+7.04,-4.3,+20.8,AB	
1702241126.6487901	+6.79,+2.1,+22.3,AB	+6.57,+19.7,+22.3,AA	+7.05,-6.3,+22.3,KB	+6.99,-2.3,+20.8,BB		+7.05,-4.4,+20.8,GB	
1702241188.6578686	+6.79,+2.1,+22.3,AB	+6.57,+19.7,+22.3,AA	+7.05,-6.5,+22.3,MB	+6.99,-2.0,+20.8,AB		+7.04,-3.7,+20.8,BB	
1702241250.6665416	+6.79,+2.1,+22.2,@B	+6.57,+19.7,+22.3,AA	+7.05,-6.4,+22.3,LB	+6.99,-2.2,+20.8,CB		+7.04,-3.8,+20.8,MB	
1702241312.675672	+6.79,+2.1,+22.2,@B	+6.56,+19.9,+22.3,NA	+7.05,-6.4,+22.3,LB	+6.98,-1.7,+20.8,DB		+7.04,-4.3,+20.8,AB	
1702241374.6846633	+6.79,+2.1,+22.3,AB	+6.56,+19.8,+22.3,OA	+7.05,-6.4,+22.3,LB	+6.99,-2.3,+20.8,BB		+7.03,-3.7,+20.8,EB	
1702241436.6935182	+6.79,+2.1,+22.3,AB	+6.56,+19.9,+22.3,NA	+7.05,-6.4,+22.3,LB	+6.98,-1.8,+20.8,KB		+7.05,-4.4,+20.8,GB	
1702241498.7031376	+6.79,+2.1,+22.2,@B	+6.56,+20.0,+22.3,MA	+7.05,-6.3,+22.3,KB	+6.98,-1.7,+20.8,DB		+7.04,-4.3,+20.8,AB	
1702241560.7103393	+6.79,+2.1,+22.3,AB	+6.56,+20.0,+22.3,MA	+7.05,-6.4,+22.3,LB	+6.99,-1.9,+20.8,KB		+7.04,-3.8,+20.8,MB	
1702241622.7200787	+6.79,+2.1,+22.2,@B	+6.56,+19.9,+22.3,NA	+7.05,-6.5,+22.3,MB	+6.99,-2.1,+20.8,@B		+7.04,-4.2,+20.8,@B	
1702241684.7286344	+6.79,+2.2,+22.2,CB	+6.56,+19.9,+22.3,NA	+7.05,-6.4,+22.3,LB	+6.99,-2.2,+20.8,CB		+7.04,-4.3,+20.8,AB	
1702241746.7380686	+6.79,+2.1,+22.2,@B	+6.56,+19.8,+22.3,OA	+7.05,-6.4,+22.3,LB	+6.99,-2.2,+20.8,CB		+7.05,-4.3,+20.8,@B	
1702241808.7482576	+6.79,+2.1,+22.3,AB	+6.56,+19.9,+22.3,NA	+7.05,-6.3,+22.3,KB	+6.98,-1.8,+20.8,KB		+7.03,-3.6,+20.8,DB	
1702241870.7544594	+6.79,+2.1,+22.2,@B	+6.56,+20.0,+22.3,MA	+7.05,-6.3,+22.3,KB	+6.99,-1.9,+20.8,KB		+7.03,-3.5,+20.8,GB	
1702241932.7638767	+6.79,+2.1,+22.3,AB	+6.56,+20.0,+22.3,MA	+7.05,-6.5,+22.3,MB	+6.99,-2.0,+20.8,AB		+7.04,-4.3,+20.8,AB	
1702241994.773151	+6.79,+2.2,+22.2,CB	+6.56,+20.0,+22.3,MA	+7.05,-6.3,+22.3,KB	+6.98,-1.8,+20.8,KB		+7.04,-3.7,+20.8,BB	
1702242056.7830775	+6.79,+2.1,+22.2,@B	+6.56,+20.0,+22.3,MA	+7.05,-6.4,+22.3,LB	+6.99,-1.9,+20.8,KB		+7.05,-4.3,+20.8,@B	
1702242118.7929134	+6.79,+2.1,+22.3,AB	+6.56,+20.1,+22.3,LA	+7.05,-6.7,+22.3,OB	+6.99,-2.0,+20.8,AB		+7.04,-4.0,+20.8,BB	
1702242180.8022058	+6.79,+2.1,+22.3,AB	+6.56,+20.0,+22.3,MA	+7.05,-6.5,+22.3,MB	+6.99,-2.2,+20.8,CB		+7.03,-3.6,+20.8,DB	
1702242242.811895	+6.79,+2.1,+22.3,AB	+6.56,+19.9,+22.3,NA	+7.06,-6.9,+22.3,BB	+6.99,-1.9,+20.8,KB		+7.05,-4.3,+20.8,@B	
1702242304.8193884	+6.79,+2.1,+22.3,AB	+6.56,+19.8,+22.3,OA	+7.07,-7.7,+22.3,LB	+6.99,-2.3,+20.8,BB		+7.04,-4.1,+20.8,CB	
1702242366.8299203	+6.79,+2.1,+22.3,AB	+6.56,+20.0,+22.3,MA	+7.07,-7.8,+22.3,CB	+6.98,-1.8,+20.8,KB		+7.04,-3.8,+20.8,MB	
1702242613.5526335	+6.79,+2.1,+22.3,AB	+6.56,+20.0,+22.3,MA	+7.05,-6.4,+22.3,LB	+6.99,-2.1,+20.8,@B		+7.03,-3.6,+20.8,DB	
1702242675.5626724	+6.79,+2.1,+22.3,AB	+6.56,+20.1,+22.3,LA	+7.05,-6.3,+22.3,KB	+6.99,-1.9,+20.8,KB		+7.03,-3.6,+20.8,DB	
1702242737.5710075	+6.79,+2.1,+22.2,@B	+6.56,+20.3,+22.3,NA	+7.05,-6.4,+22.3,LB	+6.98,-1.8,+20.8,KB		+7.05,-4.4,+20.8,GB	
1702242799.5807376	+6.79,+2.0,+22.3,@B	+6.56,+20.1,+22.3,LA	+7.05,-6.3,+22.3,KB	+6.99,-2.0,+20.8,AB		+7.04,-3.8,+20.8,MB	
1702242861.5875483	+6.79,+2.0,+22.2,AB	+6.56,+20.2,+22.3,OA	+7.05,-6.2,+22.3,JB	+6.99,-2.1,+20.8,@B		+7.04,-3.8,+20.8,MB	
1702242923.596717	+6.79,+2.0,+22.3,@B	+6.56,+20.3,+22.3,NA	+7.05,-6.3,+22.3,KB	+6.98,-1.7,+20.8,DB		+7.05,-4.4,+20.8,GB	
1702242985.6047804	+6.79,+2.1,+22.2,@B	+6.56,+20.2,+22.3,OA	+7.05,-6.3,+22.3,KB	+6.99,-2.1,+20.8,@B		+7.04,-4.3,+20.8,AB	
1702243047.614169	+6.79,+2.1,+22.2,@B	+6.56,+20.3,+22.3,NA	+7.05,-6.3,+22.3,KB	+6.99,-2.0,+20.8,AB		+7.05,-4.3,+20.8,@B	
1702243109.6243522	+6.79,+2.0,+22.2,AB	+6.55,+20.4,+22.3,JA	+7.05,-6.3,+22.3,KB	+6.99,-1.8,+20.8,JB		+7.04,-4.1,+20.8,CB	
1702243171.6318986	+6.79,+2.0,+22.3,@B	+6.55,+20.5,+22.3,KA	+7.05,-6.4,+22.3,LB	+6.98,-1.8,+20.8,KB		+7.04,-3.7,+20.8,BB	
1702243233.6394584	+6.79,+2.0,+22.2,AB	+6.55,+20.4,+22.3,JA	+7.05,-6.2,+22.3,JB	+6.99,-2.2,+20.8,CB		+7.04,-4.3,+20.8,AB	
1702243295.646803	+6.79,+2.1,+22.2,@B	+6.55,+20.7,+22.3,IA	+7.05,-6.2,+22.3,JB	+6.98,-1.8,+20.8,KB		+7.04,-4.1,+20.8,CB	
1702243357.6572654	+6.79,+2.0,+22.2,AB	+6.55,+20.5,+22.3,KA	+7.05,-6.3,+22.3,KB	+6.99,-2.2,+20.8,CB		+7.03,-3.6,+20.7,KB	
1702243419.6652856	+6.79,+2.0,+22.2,AB	+6.54,+21.0,+22.3,NA	+7.05,-6.3,+22.3,KB	+6.99,-2.1,+20.8,@B		+7.03,-3.6,+20.7,KB	
1702243481.6753547	+6.79,+2.1,+22.2,@B	+6.55,+20.7,+22.3,IA	+7.05,-6.2,+22.3,JB	+6.99,-2.0,+20.8,AB		+7.04,-3.8,+20.8,MB	
1702243543.6855385	+6.79,+2.0,+22.2,AB	+6.55,+20.7,+22.3,IA	+7.05,-6.2,+22.3,JB	+6.99,-2.1,+20.8,@B		+7.04,-3.8,+20.8,MB	
1702243605.6963494	+6.79,+2.0,+22.2,AB	+6.54,+21.0,+22.3,NA	+7.04,-6.1,+22.3,HB	+6.99,-1.9,+20.8,KB		+7.04,-3.7,+20.8,BB	
1702243667.7067237	+6.79,+2.0,+22.2,AB	+6.54,+21.1,+22.3,OA	+7.05,-6.1,+22.3,IB	+6.99,-2.0,+20.8,AB		+7.03,-3.6,+20.8,DB	
1702243729.7165978	+6.79,+2.0,+22.3,@B	+6.54,+21.0,+22.3,NA	+7.04,-6.1,+22.3,HB	+6.99,-2.1,+20.8,@B		+7.05,-4.3,+20.8,@B	
1702243791.7267036	+6.79,+2.0,+22.3,@B	+6.54,+21.2,+22.3,LA	+7.06,-7.0,+22.3,JB	+6.99,-1.9,+20.8,KB		+7.03,-3.7,+20.8,EB	
1702243853.7370143	+6.79,+2.0,+22.2,AB	+6.54,+21.0,+22.3,NA	+7.05,-6.7,+22.3,OB	+6.99,-2.1,+20.8,@B		+7.05,-4.3,+20.8,@B	
1702243915.7465558	+6.78,+2.3,+22.3,BB	+6.53,+21.9,+22.3,@A	+7.08,-8.0,+22.3,KB	+6.98,-1.8,+20.8,KB		+7.04,-3.9,+20.8,LB	
1702243977.7572403	+6.78,+2.4,+22.2,DB	+6.53,+21.7,+22.3,NA	+7.07,-7.4,+22.3,OB	+6.99,-2.0,+20.8,AB		+7.03,-3.7,+20.8,EB	
1702244039.7668238	+6.78,+2.4,+22.3,EB	+6.53,+21.7,+22.3,NA	+7.05,-6.6,+22.3,NB	+6.99,-1.9,+20.8,KB		+7.03,-3.6,+20.8,DB	
1702244101.7775025	+6.78,+2.5,+22.3,DB	+6.53,+21.8,+22.3,AA	+7.05,-6.5,+22.3,MB	+6.98,-1.7,+20.8,DB		+7.04,-4.2,+20.8,@B	
1702244163.7854435	+6.78,+2.4,+22.3,EB	+6.53,+21.9,+22.3,@A	+7.05,-6.3,+22.3,KB	+6.99,-2.0,+20.8,AB		+7.04,-4.0,+20.8,BB	
1702244225.7943454	+6.78,+2.4,+22.3,EB	+6.53,+21.8,+22.3,AA	+7.05,-6.4,+22.3,LB	+6.98,-1.7,+20.8,DB		+7.05,-4.4,+20.8,GB	
1702244287.8049572	+6.78,+2.4,+22.3,EB	+6.53,+21.8,+22.3,AA	+7.05,-6.3,+22.3,KB	+6.99,-2.3,+20.8,BB		+7.04,-3.8,+20.8,MB	
1702244349.817542	+6.78,+2.5,+22.3,DB	+6.53,+21.9,+22.4,GA	+7.05,-6.2,+22.3,JB	+6.99,-2.1,+20.8,@B		+7.03,-3.6,+20.8,DB	
1702244411.8247008	+6.78,+2.5,+22.3,DB	+6.53,+21.8,+22.3,AA	+7.05,-6.4,+22.3,LB	+6.99,-2.0,+20.8,AB		+7.05,-4.4,+20.8,GB	
1702244473.8330004	+6.78,+2.5,+22.2,EB	+6.53,+22.0,+22.3,JA	+7.05,-6.3,+22.3,KB	+6.98,-1.8,+20.8,KB		+7.03,-3.6,+20.8,DB	
1702244535.8428743	+6.78,+2.5,+22.3,DB	+6.53,+21.8,+22.3,AA	+7.05,-6.4,+22.3,LB	+6.99,-2.0,+20.8,AB		+7.04,-3.9,+20.8,LB	
1702244597.8514493	+6.78,+2.4,+22.3,EB	+6.53,+21.9,+22.3,@A	+7.05,-6.3,+22.3,KB	+6.98,-1.7,+20.8,DB		+7.03,-3.6,+20.8,DB	
1702244659.8621714	+6.78,+2.5,+22.3,DB	+6.53,+21.9,+22.3,@A	+7.05,-6.4,+22.3,LB	+6.99,-2.0,+20.8,AB		+7.03,-3.7,+20.8,EB	
1702244721.8690653	+6.78,+2.5,+22.3,DB	+6.53,+21.9,+22.3,@A	+7.05,-6.5,+22.3,MB	+6.99,-2.0,+20.8,AB		+7.03,-3.6,+20.8,DB	
1702244783.8809826	+6.78,+2.5,+22.2,EB	+6.53,+22.0,+22.3,JA	+7.05,-6.4,+22.3,LB	+6.99,-2.1,+20.8,@B		+7.04,-4.1,+20.8,CB	
1702244845.8901966	+6.78,+2.5,+22.2,EB	+6.53,+22.0,+22.3,JA	+7.05,-6.3,+22.3,KB	+6.99,-1.9,+20.8,KB		+7.04,-4.2,+20.8,@B	
1702244907.9010906	+6.78,+2.5,+22.2,EB	+6.53,+22.0,+22.3,JA	+7.05,-6.3,+22.3,KB	+6.99,-2.0,+20.8,AB		+7.04,-3.9,+20.8,LB	
1702244969.9108174	+6.78,+2.6,+22.2,FB	+6.52,+22.1,+22.3,JA	+7.05,-6.4,+22.3,LB	+6.99,-2.1,+20.8,@B		+7.03,-3.6,+20.8,DB	
1702245031.9209995	+6.78,+2.4,+22.3,EB	+6.53,+21.7,+22.3,NA	+7.05,-6.3,+22.3,KB	+6.98,-1.7,+20.8,DB		+7.04,-4.1,+20.7,LB	
1702245093.9307761	+6.78,+2.5,+22.2,EB	+6.53,+21.7,+22.3,NA	+7.05,-6.3,+22.3,KB	+6.99,-2.1,+20.8,@B		+7.05,-4.3,+20.8,@B	
1702245155.9405189	+6.78,+2.5,+22.3,DB	+6.53,+21.7,+22.3,NA	+7.05,-6.4,+22.3,LB	+6.99,-2.1,+20.8,@B		+7.04,-4.2,+20.8,@B	
1702245217.9512038	+6.78,+2.5,+22.2,EB	+6.53,+21.8,+22.3,AA	+7.05,-6.2,+22.3,JB	+6.99,-2.3,+20.8,BB		+7.05,-4.4,+20.8,GB	
1702245279.9625206	+6.78,+2.5,+22.2,EB	+6.53,+21.8,+22.3,AA	+7.05,-6.2,+22.3,JB	+6.99,-2.1,+20.8,@B		+7.04,-3.9,+20.8,LB	
1702245341.972395	+6.78,+2.5,+22.2,EB	+6.53,+21.9,+22.3,@A	+7.05,-6.3,+22.3,KB	+6.99,-2.2,+20.8,CB		+7.04,-4.2,+20.8,@B	
1702245403.9826086	+6.78,+2.5,+22.3,DB	+6.53,+22.0,+22.3,JA	+7.05,-6.3,+22.3,KB	+6.99,-2.0,+20.8,AB		+7.05,-4.3,+20.8,@B	
1702245465.9898376	+6.78,+2.5,+22.2,EB	+6.53,+21.9,+22.3,@A	+7.05,-6.3,+22.3,KB	+6.99,-1.9,+20.8,KB		+7.04,-3.7,+20.8,BB	
1702245527.9979117	+6.78,+2.5,+22.3,DB	+6.53,+21.9,+22.3,@A	+7.05,-6.3,+22.3,KB	+6.99,-1.9,+20.8,KB		+7.04,-4.1,+20.8,CB	
1702245590.0087821	+6.78,+2.5,+22.2,EB	+6.53,+21.9,+22.3,@A	+7.05,-6.3,+22.3,KB	+6.98,-1.8,+20.8,KB		+7.04,-4.2,+20.8,@B	
1702245652.0164227	+6.78,+2.4,+22.2,DB	+6.52,+22.1,+22.3,JA	+7.05,-6.3,+22.3,KB	+6.98,-1.8,+20.8,KB		+7.04,-4.1,+20.8,CB	
1702245714.0261137	+6.78,+2.4,+22.3,EB	+6.53,+22.0,+22.3,JA	+7.05,-6.2,+22.3,JB	+6.99,-2.2,+20.8,CB		+7.04,-4.1,+20.8,CB	
1702245776.0343995	+6.78,+2.5,+22.2,EB	+6.53,+21.9,+22.3,@A	+7.05,-6.3,+22.3,KB	+6.99,-2.0,+20.8,AB		+7.05,-4.4,+20.8,GB	
1702245838.044683	+6.78,+2.4,+22.3,EB	+6.53,+22.0,+22.3,JA	+7.05,-6.3,+22.3,KB	+6.99,-1.9,+20.8,KB		+7.04,-4.2,+20.8,@B	
1702245900.0524206	+6.78,+2.4,+22.3,EB	+6.52,+22.1,+22.3,JA	+7.05,-6.3,+22.3,KB	+6.99,-2.2,+20.8,CB		+7.05,-4.4,+20.8,GB	
1702245962.0632625	+6.78,+2.5,+22.3,DB	+6.53,+22.0,+22.3,JA	+7.05,-6.3,+22.3,KB	+6.99,-2.1,+20.8,@B		+7.04,-4.0,+20.8,BB	
1702246024.0742016	+6.78,+2.4,+22.3,EB	+6.53,+22.1,+22.3,KA	+7.05,-6.2,+22.3,JB	+6.99,-2.0,+20.8,AB		+7.04,-3.7,+20.8,BB	
1702246086.0833294	+6.78,+2.4,+22.3,EB	+6.52,+22.1,+22.3,JA	+7.05,-6.3,+22.3,KB	+6.99,-2.0,+20.8,AB		+7.03,-3.6,+20.8,DB	
1702246148.0941098	+6.78,+2.5,+22.3,DB	+6.52,+22.1,+22.3,JA	+7.05,-6.2,+22.3,JB	+6.99,-1.9,+20.8,KB		+7.04,-3.8,+20.8,MB	
1702246210.1057634	+6.78,+2.4,+22.3,EB	+6.52,+22.1,+22.3,JA	+7.05,-6.3,+22.3,KB	+6.99,-2.2,+20.8,CB		+7.03,-3.6,+20.8,DB	
1702246456.8557765	+6.78,+2.4,+22.3,EB	+6.52,+22.3,+22.3,HA	+7.05,-6.3,+22.3,KB	+6.99,-2.1,+20.8,@B		+7.04,-3.7,+20.8,BB	
1702246518.866205	+6.78,+2.4,+22.3,EB	+6.52,+22.3,+22.3,HA	+7.04,-6.1,+22.3,HB	+6.99,-2.2,+20.8,CB		+7.05,-4.4,+20.8,GB	
1702246580.8753479	+6.78,+2.5,+22.3,DB	+6.52,+22.4,+22.3,OA	+7.05,-6.2,+22.3,JB	+6.98,-1.8,+20.8,KB		+7.03,-3.7,+20.8,EB	
1702246642.8847342	+6.78,+2.4,+22.3,EB	+6.52,+22.3,+22.3,HA	+7.05,-6.3,+22.3,KB	+6.98,-1.8,+20.8,KB		+7.04,-3.9,+20.8,LB	
1702246704.8902678	+6.78,+2.5,+22.3,DB	+6.52,+22.2,+22.3,IA	+7.05,-6.2,+22.3,JB	+6.98,-1.8,+20.8,KB		+7.03,-3.7,+20.8,EB	
1702246766.8965929	+6.78,+2.4,+22.2,DB	+6.52,+22.2,+22.3,IA	+7.05,-6.2,+22.3,JB	+6.99,-2.1,+20.8,@B		+7.04,-3.7,+20.8,BB	
1702246828.9049573	+6.78,+2.5,+22.2,EB	+6.52,+22.4,+22.3,OA	+7.05,-6.2,+22.3,JB	+6.98,-1.8,+20.8,KB		+7.05,-4.4,+20.8,GB	
1702246890.910984	+6.78,+2.5,+22.2,EB	+6.52,+22.3,+22.3,HA	+7.05,-6.2,+22.3,JB	+6.99,-1.9,+20.8,KB		+7.04,-3.8,+20.8,MB	
1702246952.9186544	+6.78,+2.5,+22.2,EB	+6.52,+22.5,+22.3,NA	+7.05,-6.1,+22.3,IB	+6.99,-2.1,+20.8,@B		+7.03,-3.7,+20.7,JB	
1702247014.927788	+6.78,+2.5,+22.2,EB	+6.52,+22.5,+22.3,NA	+7.04,-6.1,+22.3,HB	+6.98,-1.8,+20.8,KB		+7.04,-3.9,+20.8,LB	
1702247076.937403	+6.78,+2.5,+22.3,DB	+6.52,+22.3,+22.3,HA	+7.05,-6.2,+22.3,JB	+6.99,-2.0,+20.8,AB		+7.04,-4.2,+20.8,@B	
1702247138.9466946	+6.78,+2.6,+22.2,FB	+6.52,+22.3,+22.3,HA	+7.05,-6.2,+22.3,JB	+6.99,-2.0,+20.8,AB		+7.05,-4.3,+20.8,@B	
1702247200.9578996	+6.78,+2.5,+22.2,EB	+6.52,+22.3,+22.3,HA	+7.05,-6.2,+22.3,JB	+6.98,-1.7,+20.8,DB		+7.04,-3.8,+20.7,BB	
1702247262.965258	+6.78,+2.6,+22.3,GB	+6.52,+22.3,+22.3,HA	+7.05,-6.2,+22.3,JB	+6.99,-1.9,+20.8,KB		+7.04,-4.0,+20.7,MB	
1702247324.971574	+6.78,+2.5,+22.2,EB	+6.52,+22.4,+22.3,OA	+7.04,-6.1,+22.3,HB	+6.98,-1.7,+20.8,DB		+7.03,-3.5,+20.7,HB	
1702247386.9809694	+6.78,+2.6,+22.2,FB	+6.52,+22.3,+22.3,HA	+7.05,-6.2,+22.2,KB	+6.98,-1.8,+20.8,KB		+7.03,-3.7,+20.8,EB	
1702247448.9903042	+6.78,+2.6,+22.2,FB	+6.52,+22.4,+22.3,OA	+7.05,-6.3,+22.3,KB	+6.99,-2.1,+20.8,@B		+7.04,-3.9,+20.7,CB	
1702247510.999986	+6.78,+2.6,+22.2,FB	+6.52,+22.3,+22.3,HA	+7.04,-6.1,+22.3,HB	+6.98,-1.8,+20.8,KB		+7.03,-3.6,+20.7,KB	
1702247573.010232	+6.78,+2.6,+22.2,FB	+6.52,+22.5,+22.3,NA	+7.05,-6.2,+22.3,JB	+6.99,-2.1,+20.8,@B		+7.03,-3.6,+20.7,KB	
1702247635.0183864	+6.78,+2.6,+22.3,GB	+6.52,+22.4,+22.3,OA	+7.04,-6.1,+22.3,HB	+6.98,-1.7,+20.8,DB		+7.05,-4.3,+20.8,@B	
1702247697.0270853	+6.78,+2.6,+22.2,FB	+6.52,+22.4,+22.3,OA	+7.04,-6.1,+22.3,HB	+6.99,-2.0,+20.8,AB		+7.04,-4.1,+20.8,CB	
1702247759.0337467	+6.78,+2.6,+22.2,FB	+6.52,+22.5,+22.3,NA	+7.04,-6.1,+22.3,HB	+6.99,-2.1,+20.8,@B		+7.04,-3.8,+20.8,MB	
1702247821.0412643	+6.78,+2.6,+22.3,GB	+6.52,+22.5,+22.3,NA	+7.04,-6.1,+22.3,HB	+6.99,-2.3,+20.8,BB		+7.04,-4.1,+20.8,CB	
1702247883.0526857	+6.78,+2.6,+22.2,FB	+6.52,+22.6,+22.3,MA	+7.05,-6.1,+22.3,IB	+6.99,-2.2,+20.8,CB		+7.04,-4.1,+20.7,LB	
1702247945.0623422	+6.78,+2.6,+22.2,FB	+6.52,+22.6,+22.3,MA	+7.05,-6.2,+22.3,JB	+6.98,-1.8,+20.8,KB		+7.03,-3.7,+20.8,EB	
1702248007.0718126	+6.78,+2.5,+22.3,DB	+6.52,+22.5,+22.3,NA	+7.04,-6.1,+22.3,HB	+6.99,-2.1,+20.8,@B		+7.04,-4.1,+20.8,CB	
1702248069.081864	+6.78,+2.5,+22.3,DB	+6.52,+22.6,+22.3,MA	+7.05,-6.2,+22.3,JB	+6.98,-1.8,+20.8,KB		+7.03,-3.6,+20.8,DB	
1702248131.0904517	+6.78,+2.5,+22.3,DB	+6.52,+22.6,+22.3,MA	+7.04,-6.1,+22.3,HB	+6.99,-2.2,+20.8,CB		+7.04,-4.0,+20.8,BB	
1702248193.0974846	+6.78,+2.5,+22.3,DB	+6.52,+22.6,+22.3,MA	+7.05,-6.2,+22.3,JB	+6.98,-1.7,+20.8,DB		+7.04,-4.2,+20.8,@B	
1702248255.105905	+6.78,+2.5,+22.3,DB	+6.52,+22.6,+22.3,MA	+7.05,-6.2,+22.3,JB	+6.98,-1.8,+20.8,KB		+7.04,-4.1,+20.8,CB	
1702248317.1158612	+6.78,+2.5,+22.3,DB	+6.51,+22.7,+22.3,OA	+7.04,-6.1,+22.3,HB	+6.99,-1.9,+20.8,KB		+7.04,-3.9,+20.8,LB	
1702248379.125723	+6.78,+2.5,+22.3,DB	+6.52,+22.5,+22.3,NA	+7.05,-6.2,+22.3,JB	+6.98,-1.8,+20.8,KB		+7.05,-4.3,+20.8,@B	
1702248441.1354096	+6.78,+2.5,+22.3,DB	+6.51,+22.7,+22.3,OA	+7.04,-6.1,+22.3,HB	+6.98,-1.7,+20.8,DB		+7.04,-4.0,+20.8,BB	
1702248503.145257	+6.78,+2.5,+22.3,DB	+6.52,+22.6,+22.3,MA	+7.05,-6.2,+22.3,JB	+6.98,-1.7,+20.8,DB		+7.04,-4.0,+20.8,BB	
1702248565.1546586	+6.78,+2.5,+22.3,DB	+6.51,+22.7,+22.3,OA	+7.04,-6.1,+22.3,HB	+6.99,-2.0,+20.8,AB		+7.04,-4.0,+20.8,BB	
1702248627.1627712	+6.78,+2.5,+22.3,DB	+6.52,+22.6,+22.3,MA	+7.05,-6.3,+22.3,KB	+6.99,-2.0,+20.8,AB		+7.04,-4.3,+20.8,AB	
1702248689.171188	+6.78,+2.5,+22.3,DB	+6.52,+22.6,+22.3,MA	+7.04,-6.1,+22.3,HB	+6.98,-1.7,+20.8,DB		+7.03,-3.6,+20.8,DB	
1702248751.1803968	+6.78,+2.5,+22.3,DB	+6.52,+22.5,+22.3,NA	+7.05,-6.2,+22.3,JB	+6.98,-1.8,+20.8,KB		+7.03,-3.7,+20.8,EB	
1702248813.187666	+6.78,+2.5,+22.2,EB	+6.51,+22.7,+22.3,OA	+7.05,-6.2,+22.3,JB	+6.99,-1.9,+20.8,KB		+7.05,-4.4,+20.8,GB	
1702248875.1968744	+6.78,+2.5,+22.3,DB	+6.51,+22.7,+22.3,OA	+7.04,-6.1,+22.3,HB	+6.98,-1.6,+20.8,EB		+7.05,-4.3,+20.8,@B	
1702248937.2034388	+6.78,+2.5,+22.3,DB	+6.51,+22.7,+22.3,OA	+7.05,-6.2,+22.3,JB	+6.99,-2.0,+20.8,AB		+7.03,-3.6,+20.8,DB	
1702248999.2126274	+6.78,+2.5,+22.2,EB	+6.51,+22.9,+22.3,AA	+7.05,-6.2,+22.3,JB	+6.98,-1.8,+20.8,KB		+7.04,-4.1,+20.8,CB	
1702249061.2193584	+6.78,+2.5,+22.2,EB	+6.52,+22.6,+22.3,MA	+7.04,-6.1,+22.3,HB	+6.99,-1.9,+20.8,KB		+7.04,-4.1,+20.7,LB	
1702249123.226415	+6.78,+2.5,+22.2,EB	+6.51,+22.8,+22.3,@A	+7.04,-6.1,+22.3,HB	+6.98,-1.7,+20.8,DB		+7.04,-3.8,+20.8,MB	
1702249185.2353377	+6.78,+2.5,+22.2,EB	+6.52,+22.6,+22.3,MA	+7.04,-6.0,+22.3,IB	+6.99,-1.9,+20.8,KB		+7.05,-4.4,+20.8,GB	
1702249247.2440202	+6.78,+2.5,+22.2,EB	+6.51,+22.8,+22.3,@A	+7.05,-6.1,+22.3,IB	+6.98,-1.6,+20.8,EB		+7.03,-3.7,+20.7,JB	
1702249309.2539327	+6.78,+2.5,+22.2,EB	+6.51,+22.7,+22.3,OA	+7.04,-6.0,+22.3,IB	+6.99,-1.9,+20.8,KB		+7.04,-4.1,+20.8,CB	
1702249371.2627652	+6.78,+2.5,+22.3,DB	+6.51,+22.9,+22.3,AA	+7.04,-6.1,+22.3,HB	+6.99,-1.9,+20.8,KB		+7.04,-4.1,+20.8,CB	
1702249433.2726142	+6.78,+2.4,+22.3,EB	+6.51,+22.9,+22.3,AA	+7.04,-6.0,+22.3,IB	+6.99,-2.0,+20.8,AB		+7.05,-4.4,+20.8,GB	
1702249495.2812939	+6.78,+2.5,+22.2,EB	+6.51,+22.8,+22.3,@A	+7.04,-6.0,+22.3,IB	+6.99,-2.1,+20.8,@B		+7.04,-3.9,+20.8,LB	
1702249557.2896285	+6.78,+2.5,+22.3,DB	+6.51,+22.7,+22.3,OA	+7.04,-6.1,+22.3,HB	+6.98,-1.8,+20.8,KB		+7.04,-3.8,+20.7,BB	
1702249619.29993	+6.78,+2.5,+22.2,EB	+6.51,+22.8,+22.3,@A	+7.04,-6.1,+22.3,HB	+6.99,-2.2,+20.8,CB		+7.03,-3.6,+20.8,DB	
1702249681.309861	+6.78,+2.5,+22.3,DB	+6.51,+22.9,+22.3,AA	+7.04,-5.9,+22.3,CB	+6.98,-1.8,+20.8,KB		+7.04,-4.3,+20.8,AB	
1702249743.3202772	+6.78,+2.5,+22.2,EB	+6.51,+22.9,+22.3,AA	+7.04,-6.0,+22.3,IB	+6.99,-2.2,+20.8,CB		+7.03,-3.6,+20.8,DB	
1702249805.3281598	+6.78,+2.5,+22.2,EB	+6.51,+22.9,+22.3,AA	+7.04,-6.0,+22.3,IB	+6.99,-2.2,+20.8,CB		+7.04,-3.9,+20.8,LB	
1702249867.3382862	+6.78,+2.5,+22.2,EB	+6.51,+23.0,+22.3,IA	+7.04,-6.0,+22.3,IB	+6.99,-2.0,+20.8,AB		+7.03,-3.6,+20.8,DB	
1702249929.3489962	+6.78,+2.5,+22.2,EB	+6.51,+23.0,+22.3,IA	+7.04,-6.0,+22.3,IB	+6.99,-2.2,+20.8,CB		+7.05,-4.3,+20.8,@B	
1702249991.3584106	+6.78,+2.4,+22.2,DB	+6.51,+23.0,+22.3,IA	+7.04,-6.1,+22.3,HB	+6.99,-2.1,+20.8,@B		+7.04,-4.1,+20.8,CB	
1702250053.3662915	+6.78,+2.5,+22.2,EB	+6.51,+23.1,+22.3,HA	+7.04,-6.1,+22.3,HB	+6.99,-2.0,+20.8,AB		+7.04,-4.2,+20.8,@B	
1702250300.0738506	+6.78,+2.4,+22.3,EB	+6.51,+23.2,+22.3,KA	+7.04,-6.0,+22.3,IB	+6.99,-1.9,+20.8,KB		+7.04,-4.2,+20.8,@B	
1702250362.0831132	+6.78,+2.5,+22.3,DB	+6.51,+23.2,+22.3,KA	+7.04,-6.0,+22.3,IB	+6.99,-2.1,+20.8,@B		+7.03,-3.7,+20.8,EB	
1702250424.091137	+6.78,+2.4,+22.3,EB	+6.51,+23.1,+22.3,HA	+7.04,-6.0,+22.3,IB	+6.98,-1.7,+20.8,DB		+7.05,-4.3,+20.8,@B	
1702250486.0976682	+6.78,+2.4,+22.2,DB	+6.51,+23.1,+22.3,HA	+7.04,-6.1,+22.3,HB	+6.98,-1.7,+20.8,DB		+7.04,-4.0,+20.8,BB	
1702250548.099973	+6.78,+2.4,+22.2,DB	+6.51,+23.2,+22.3,KA	+7.04,-6.0,+22.3,IB	+6.99,-2.1,+20.8,@B		+7.04,-4.0,+20.8,BB	
1702250610.1102085	+6.78,+2.4,+22.3,EB	+6.50,+23.3,+22.3,KA	+7.04,-6.0,+22.3,IB	+6.99,-1.9,+20.8,KB		+7.03,-3.7,+20.8,EB	
1702250672.1205995	+6.78,+2.4,+22.3,EB	+6.51,+23.1,+22.3,HA	+7.04,-6.0,+22.3,IB	+6.98,-1.8,+20.8,KB		+7.04,-4.0,+20.8,BB	
1702250734.130808	+6.78,+2.4,+22.3,EB	+6.50,+23.3,+22.3,KA	+7.04,-5.9,+22.3,CB	+6.99,-2.0,+20.8,AB		+7.05,-4.4,+20.8,GB	
1702250796.1370265	+6.78,+2.4,+22.3,EB	+6.50,+23.3,+22.3,KA	+7.04,-5.9,+22.3,CB	+6.99,-2.1,+20.8,@B		+7.05,-4.4,+20.8,GB	
1702250858.14638	+6.78,+2.4,+22.3,EB	+6.51,+23.2,+22.3,KA	+7.04,-5.9,+22.3,CB	+6.99,-1.9,+20.8,KB		+7.03,-3.7,+20.8,EB	
1702250920.1549556	+6.78,+2.4,+22.3,EB	+6.50,+23.4,+22.3,LA	+7.04,-5.9,+22.3,CB	+6.99,-1.9,+20.8,KB		+7.05,-4.4,+20.8,GB	
1702250982.1632893	+6.78,+2.3,+22.2,CB	+6.50,+23.3,+22.3,KA	+7.04,-6.0,+22.3,IB	+6.99,-1.9,+20.8,KB		+7.04,-3.7,+20.8,BB	
1702251044.1725419	+6.78,+2.4,+22.2,DB	+6.50,+23.5,+22.3,MA	+7.04,-6.1,+22.3,HB	+6.99,-2.0,+20.8,AB		+7.04,-3.8,+20.8,MB	
1702251106.1810699	+6.78,+2.4,+22.3,EB	+6.50,+23.5,+22.3,MA	+7.04,-5.9,+22.3,CB	+6.99,-2.0,+20.8,AB		+7.03,-3.7,+20.8,EB	
1702251168.1897748	+6.78,+2.4,+22.2,DB	+6.50,+23.6,+22.3,NA	+7.04,-5.9,+22.3,CB	+6.99,-2.1,+20.8,@B		+7.03,-3.7,+20.8,EB	
1702251230.1981802	+6.78,+2.4,+22.2,DB	+6.50,+23.4,+22.3,LA	+7.04,-6.0,+22.3,IB	+6.99,-2.0,+20.8,AB		+7.05,-4.4,+20.8,GB	
1702251292.2081158	+6.78,+2.4,+22.3,EB	+6.50,+23.6,+22.3,NA	+7.04,-5.9,+22.3,CB	+6.98,-1.8,+20.8,KB		+7.03,-3.6,+20.7,KB	
1702251354.2167325	+6.78,+2.3,+22.3,BB	+6.50,+23.5,+22.3,MA	+7.04,-5.9,+22.3,CB	+6.98,-1.7,+20.8,DB		+7.03,-3.7,+20.8,EB	
1702251416.2257733	+6.78,+2.4,+22.2,DB	+6.50,+23.7,+22.3,OA	+7.04,-6.0,+22.3,IB	+6.99,-2.2,+20.8,CB		+7.05,-4.4,+20.8,GB	
1702251478.2354388	+6.78,+2.4,+22.3,EB	+6.50,+23.7,+22.3,OA	+7.04,-5.8,+22.3,BB	+6.98,-1.6,+20.8,EB		+7.03,-3.7,+20.8,EB	
1702251540.2443585	+6.78,+2.4,+22.2,DB	+6.50,+23.8,+22.3,@A	+7.04,-5.9,+22.3,CB	+6.99,-1.9,+20.8,KB		+7.05,-4.4,+20.8,GB	
1702251602.2538462	+6.78,+2.4,+22.2,DB	+6.50,+23.7,+22.3,OA	+7.04,-5.8,+22.3,BB	+6.98,-1.8,+20.8,KB		+7.04,-3.8,+20.8,MB	
1702251664.2654305	+6.78,+2.5,+22.2,EB	+6.50,+23.8,+22.3,@A	+7.04,-5.8,+22.3,BB	+6.98,-1.8,+20.8,KB		+7.04,-3.9,+20.8,LB	
1702251726.2753081	+6.78,+2.4,+22.2,DB	+6.50,+23.8,+22.3,@A	+7.04,-5.9,+22.3,CB	+6.98,-1.6,+20.8,EB		+7.05,-4.4,+20.8,GB	
1702251788.2850928	+6.78,+2.4,+22.3,EB	+6.49,+23.8,+22.3,HA	+7.04,-5.8,+22.3,BB	+6.99,-2.0,+20.8,AB		+7.04,-3.9,+20.8,LB	
1702251850.2959218	+6.78,+2.4,+22.3,EB	+6.50,+23.8,+22.3,@A	+7.04,-5.9,+22.3,CB	+6.98,-1.7,+20.8,DB		+7.05,-4.4,+20.8,GB	
1702251912.3032944	+6.78,+2.4,+22.2,DB	+6.49,+23.9,+22.3,IA	+7.04,-5.9,+22.3,CB	+6.98,-1.7,+20.8,DB		+7.04,-3.7,+20.8,BB	
1702251974.3107474	+6.78,+2.4,+22.2,DB	+6.49,+23.9,+22.3,IA	+7.04,-6.0,+22.3,IB	+6.98,-1.6,+20.8,EB		+7.03,-3.7,+20.8,EB	
1702252036.3231328	+6.78,+2.4,+22.3,EB	+6.49,+23.9,+22.3,IA	+7.04,-5.9,+22.3,CB	+6.98,-1.7,+20.8,DB		+7.04,-4.0,+20.8,BB	
1702252098.3299282	+6.78,+2.4,+22.2,DB	+6.49,+24.0,+22.3,GA	+7.04,-5.8,+22.3,BB	+6.99,-2.1,+20.8,@B		+7.05,-4.3,+20.8,@B	
1702252160.3378186	+6.78,+2.4,+22.3,EB	+6.49,+24.1,+22.3,FA	+7.04,-5.7,+22.3,MB	+6.99,-2.0,+20.8,AB		+7.05,-4.4,+20.8,GB	
1702252222.3478484	+6.78,+2.3,+22.2,CB	+6.49,+24.0,+22.3,GA	+7.04,-5.9,+22.3,CB	+6.98,-1.7,+20.8,DB		+7.04,-3.8,+20.8,MB	
1702252284.3569877	+6.78,+2.4,+22.2,DB	+6.49,+24.3,+22.3,DA	+7.04,-5.8,+22.3,BB	+6.99,-2.0,+20.8,AB		+7.04,-4.1,+20.8,CB	
1702252346.366937	+6.78,+2.4,+22.2,DB	+6.49,+24.2,+22.3,EA	+7.04,-5.9,+22.3,CB	+6.98,-1.6,+20.8,EB		+7.05,-4.3,+20.8,@B	
1702252408.3766274	+6.78,+2.3,+22.3,BB	+6.49,+24.3,+22.3,DA	+7.04,-5.8,+22.3,BB	+6.99,-1.9,+20.8,KB		+7.04,-3.9,+20.8,LB	
1702252470.3864038	+6.78,+2.3,+22.3,BB	+6.49,+24.2,+22.3,EA	+7.04,-5.9,+22.3,CB	+6.99,-1.9,+20.8,KB		+7.04,-4.1,+20.8,CB	
1702252532.3948925	+6.78,+2.3,+22.3,BB	+6.49,+24.4,+22.3,CA	+7.04,-5.9,+22.3,CB	+6.99,-2.1,+20.8,@B		+7.04,-4.1,+20.8,CB	
1702252594.4045138	+6.78,+2.4,+22.3,EB	+6.49,+24.3,+22.3,DA	+7.04,-5.7,+22.3,MB	+6.98,-1.6,+20.8,EB		+7.04,-3.9,+20.8,LB	
1702252656.411781	+6.78,+2.4,+22.3,EB	+6.49,+24.3,+22.3,DA	+7.04,-5.8,+22.3,BB	+6.98,-1.6,+20.8,EB		+7.04,-3.8,+20.8,MB	
1702252718.4180217	+6.78,+2.3,+22.3,BB	+6.49,+24.3,+22.3,DA	+7.04,-5.8,+22.3,BB	+6.98,-1.6,+20.8,EB		+7.03,-3.6,+20.8,DB	
1702252780.4250946	+6.78,+2.3,+22.3,BB	+6.48,+24.5,+22.3,CA	+7.04,-5.8,+22.3,BB	+6.99,-2.1,+20.8,@B		+7.05,-4.3,+20.8,@B	
1702252842.4332612	+6.78,+2.4,+22.3,EB	+6.48,+24.5,+22.3,CA	+7.04,-5.8,+22.3,BB	+6.98,-1.7,+20.8,DB		+7.04,-4.1,+20.8,CB	
1702252904.4417653	+6.78,+2.3,+22.3,BB	+6.48,+24.5,+22.3,CA	+7.04,-5.8,+22.3,BB	+6.98,-1.7,+20.8,DB		+7.04,-4.3,+20.8,AB	
1702252966.450572	+6.78,+2.3,+22.3,BB	+6.48,+24.6,+22.3,@A	+7.04,-5.8,+22.3,BB	+6.99,-2.1,+20.8,@B		+7.04,-3.8,+20.8,MB	
1702253028.459258	+6.78,+2.4,+22.2,DB	+6.48,+24.6,+22.3,@A	+7.04,-5.8,+22.3,BB	+6.98,-1.8,+20.8,KB		+7.05,-4.3,+20.8,@B	
1702253090.46915	+6.78,+2.3,+22.3,BB	+6.48,+24.5,+22.3,CA	+7.04,-5.8,+22.3,BB	+6.98,-1.7,+20.8,DB		+7.05,-4.4,+20.8,GB	
1702253152.4788327	+6.78,+2.3,+22.2,CB	+6.48,+24.7,+22.3,AA	+7.04,-5.7,+22.3,MB	+6.99,-2.0,+20.8,AB		+7.03,-3.6,+20.8,DB	
1702253214.4879124	+6.78,+2.3,+22.3,BB	+6.48,+24.5,+22.3,CA	+7.04,-5.8,+22.3,BB	+6.98,-1.6,+20.8,EB		+7.05,-4.3,+20.8,@B	
1702253276.4963386	+6.78,+2.3,+22.2,CB	+6.48,+24.6,+22.3,@A	+7.04,-5.7,+22.3,MB	+6.99,-2.0,+20.8,AB		+7.04,-4.3,+20.8,AB	
1702253338.505984	+6.78,+2.3,+22.2,CB	+6.48,+24.7,+22.3,AA	+7.04,-5.7,+22.3,MB	+6.99,-2.0,+20.8,AB		+7.04,-3.9,+20.7,CB	
1702253400.5150254	+6.78,+2.3,+22.2,CB	+6.48,+24.7,+22.3,AA	+7.04,-5.7,+22.3,MB	+6.99,-2.0,+20.8,AB		+7.04,-4.0,+20.8,BB	
1702253462.5257373	+6.78,+2.3,+22.2,CB	+6.48,+24.7,+22.3,AA	+7.04,-5.7,+22.3,MB	+6.98,-1.8,+20.8,KB		+7.04,-3.9,+20.8,LB	
1702253524.5348942	+6.78,+2.3,+22.2,CB	+6.48,+24.8,+22.3,NA	+7.04,-5.6,+22.3,LB	+6.99,-2.0,+20.8,AB		+7.05,-4.4,+20.8,GB	
1702253586.5448227	+6.78,+2.3,+22.2,CB	+6.48,+24.8,+22.3,NA	+7.04,-5.7,+22.3,MB	+6.99,-2.1,+20.8,@B		+7.04,-3.9,+20.7,CB	
1702253648.5561242	+6.78,+2.3,+22.2,CB	+6.48,+24.7,+22.3,AA	+7.04,-5.8,+22.3,BB	+6.98,-1.8,+20.8,KB		+7.04,-3.7,+20.8,BB	
1702253710.5680661	+6.78,+2.3,+22.2,CB	+6.48,+24.8,+22.3,NA	+7.04,-5.7,+22.3,MB	+6.99,-2.1,+20.8,@B		+7.03,-3.6,+20.7,KB	
1702253772.5766196	+6.78,+2.3,+22.2,CB	+6.48,+24.9,+22.3,OA	+7.04,-5.8,+22.3,BB	+6.99,-2.2,+20.8,CB		+7.03,-3.7,+20.8,EB	
1702253834.5871565	+6.78,+2.3,+22.2,CB	+6.48,+24.8,+22.3,NA	+7.04,-5.7,+22.3,MB	+6.99,-2.1,+20.8,@B		+7.03,-3.6,+20.8,DB	
1702253896.5987723	+6.78,+2.3,+22.2,CB	+6.48,+24.8,+22.3,NA	+7.04,-5.8,+22.3,BB	+6.99,-2.1,+20.8,@B		+7.04,-4.0,+20.8,BB	
1702254143.3429267	+6.78,+2.5,+22.2,EB	+6.48,+24.9,+22.3,OA	+7.04,-5.7,+22.3,MB	+6.99,-2.1,+20.8,@B		+7.04,-4.2,+20.8,@B	
1702254205.3528206	+6.78,+2.5,+22.3,DB	+6.47,+25.1,+22.3,IA	+7.04,-5.8,+22.3,BB	+6.99,-2.2,+20.8,CB		+7.05,-4.4,+20.8,GB	
1702254267.3620005	+6.78,+2.6,+22.3,GB	+6.48,+24.9,+22.3,OA	+7.04,-5.6,+22.3,LB	+6.99,-2.0,+20.8,AB		+7.04,-3.7,+20.8,BB	
1702254329.3715065	+6.78,+2.6,+22.3,GB	+6.48,+25.0,+22.3,GA	+7.04,-5.6,+22.3,LB	+6.99,-1.9,+20.8,KB		+7.03,-3.6,+20.8,DB	
1702254391.3788507	+6.78,+2.6,+22.3,GB	+6.47,+25.1,+22.3,IA	+7.04,-5.7,+22.3,MB	+6.99,-2.1,+20.8,@B		+7.03,-3.6,+20.8,DB	
1702254453.3885727	+6.78,+2.6,+22.3,GB	+6.48,+25.0,+22.3,GA	+7.04,-5.7,+22.3,MB	+6.98,-1.8,+20.8,KB		+7.04,-4.1,+20.8,CB	
1702254515.398576	+6.78,+2.6,+22.3,GB	+6.47,+25.0,+22.3,HA	+7.04,-5.8,+22.3,BB	+6.98,-1.8,+20.8,KB		+7.04,-4.2,+20.8,@B	
1702254577.4082754	+6.78,+2.6,+22.3,GB	+6.47,+25.0,+22.3,HA	+7.04,-5.8,+22.3,BB	+6.98,-1.8,+20.8,KB		+7.05,-4.4,+20.8,GB	
1702254639.418189	+6.78,+2.6,+22.2,FB	+6.47,+25.2,+22.3,JA	+7.04,-5.6,+22.3,LB	+6.99,-2.1,+20.8,@B		+7.04,-3.8,+20.8,MB	
1702254701.4240506	+6.78,+2.6,+22.3,GB	+6.47,+25.2,+22.3,JA	+7.04,-5.7,+22.3,MB	+6.99,-1.9,+20.8,KB		+7.03,-3.7,+20.8,EB	
1702254763.4333258	+6.78,+2.7,+22.3,FB	+6.47,+25.2,+22.3,JA	+7.04,-5.7,+22.3,MB	+6.98,-1.8,+20.8,KB		+7.04,-3.8,+20.8,MB	
1702254825.4414365	+6.78,+2.6,+22.3,GB	+6.47,+25.3,+22.3,KA	+7.04,-5.6,+22.3,LB	+6.99,-2.0,+20.8,AB		+7.05,-4.4,+20.8,GB	
1702254887.4511137	+6.78,+2.6,+22.3,GB	+6.47,+25.2,+22.3,JA	+7.04,-5.7,+22.3,MB	+6.98,-1.6,+20.8,EB		+7.03,-3.7,+20.8,EB	
1702254949.4602377	+6.78,+2.6,+22.3,GB	+6.47,+25.1,+22.3,IA	+7.04,-5.7,+22.3,MB	+6.98,-1.8,+20.8,KB		+7.05,-4.3,+20.8,@B	
1702255011.4682379	+6.78,+2.7,+22.3,FB	+6.47,+25.1,+22.3,IA	+7.04,-5.7,+22.3,MB	+6.98,-1.6,+20.8,EB		+7.04,-4.0,+20.8,BB	
1702255073.478093	+6.78,+2.6,+22.3,GB	+6.47,+25.2,+22.3,JA	+7.04,-5.8,+22.3,BB	+6.99,-2.1,+20.8,@B		+7.04,-3.7,+20.8,BB	
1702255135.4864483	+6.78,+2.7,+22.2,GB	+6.47,+25.2,+22.3,JA	+7.04,-5.7,+22.3,MB	+6.98,-1.6,+20.8,EB		+7.05,-4.4,+20.8,GB	
1702255197.494181	+6.78,+2.6,+22.3,GB	+6.47,+25.3,+22.3,KA	+7.04,-5.7,+22.3,MB	+6.98,-1.6,+20.8,EB		+7.05,-4.4,+20.8,GB	
1702255259.5034077	+6.78,+2.6,+22.2,FB	+6.47,+25.4,+22.3,LA	+7.04,-5.8,+22.3,BB	+6.98,-1.6,+20.8,EB		+7.04,-3.8,+20.8,MB	
1702255321.5133348	+6.78,+2.6,+22.2,FB	+6.47,+25.2,+22.3,JA	+7.04,-5.7,+22.3,MB	+6.98,-1.6,+20.8,EB		+7.05,-4.3,+20.8,@B	
1702255383.521815	+6.78,+2.6,+22.3,GB	+6.47,+25.2,+22.3,JA	+7.04,-5.7,+22.3,MB	+6.98,-1.6,+20.8,EB		+7.04,-4.0,+20.8,BB	
1702255445.5313206	+6.78,+2.7,+22.3,FB	+6.47,+25.3,+22.3,KA	+7.04,-5.7,+22.3,MB	+6.98,-1.5,+20.8,FB		+7.03,-3.6,+20.8,DB	
1702255507.540002	+6.78,+2.6,+22.3,GB	+6.47,+25.3,+22.3,KA	+7.04,-5.6,+22.3,LB	+6.98,-1.6,+20.8,EB		+7.04,-3.7,+20.7,MB	
1702255569.5456233	+6.78,+2.6,+22.3,GB	+6.47,+25.5,+22.3,MA	+7.04,-5.7,+22.3,MB	+6.99,-2.0,+20.8,AB		+7.04,-4.2,+20.8,@B	
1702255631.5528862	+6.78,+2.6,+22.2,FB	+6.47,+25.5,+22.3,MA	+7.04,-5.6,+22.3,LB	+6.99,-2.1,+20.8,@B		+7.04,-4.0,+20.7,MB	
1702255693.561019	+6.78,+2.6,+22.2,FB	+6.47,+25.4,+22.3,LA	+7.04,-5.9,+22.3,CB	+6.98,-1.6,+20.8,EB		+7.04,-4.3,+20.8,AB	
1702255755.5689273	+6.78,+2.6,+22.2,FB	+6.47,+25.5,+22.3,MA	+7.03,-5.6,+22.3,KB	+6.99,-1.9,+20.8,KB		+7.03,-3.6,+20.8,DB	
1702255817.5784798	+6.78,+2.7,+22.2,GB	+6.47,+25.4,+22.3,LA	+7.04,-5.7,+22.3,MB	+6.98,-1.6,+20.8,EB		+7.05,-4.3,+20.8,@B	
1702255879.5868042	+6.78,+2.6,+22.2,FB	+6.46,+25.6,+22.3,OA	+7.04,-5.7,+22.3,MB	+6.98,-1.7,+20.8,DB		+7.04,-4.3,+20.8,AB	
1702255941.595616	+6.78,+2.6,+22.2,FB	+6.46,+25.6,+22.3,OA	+7.04,-5.7,+22.3,MB	+6.99,-2.0,+20.8,AB		+7.05,-4.4,+20.8,GB	
1702256003.6037562	+6.78,+2.5,+22.2,EB	+6.46,+25.7,+22.3,NA	+7.03,-5.5,+22.3,HB	+6.98,-1.8,+20.8,KB		+7.03,-3.7,+20.8,EB	
1702256065.6134994	+6.78,+2.6,+22.2,FB	+6.46,+25.8,+22.3,AA	+7.04,-5.7,+22.3,MB	+6.99,-2.0,+20.8,AB		+7.04,-4.3,+20.8,AB	
1702256127.6212764	+6.78,+2.6,+22.2,FB	+6.46,+25.7,+22.3,NA	+7.04,-5.7,+22.3,MB	+6.98,-1.6,+20.8,EB		+7.04,-3.9,+20.7,CB	
1702256189.6313648	+6.78,+2.6,+22.2,FB	+6.46,+25.9,+22.3,@A	+7.04,-5.7,+22.3,MB	+6.99,-2.0,+20.8,AB		+7.05,-4.4,+20.8,GB	
1702256251.640084	+6.78,+2.6,+22.2,FB	+6.46,+25.8,+22.3,AA	+7.04,-5.7,+22.3,MB	+6.99,-2.0,+20.8,AB		+7.04,-4.0,+20.8,BB	
1702256313.6483278	+6.78,+2.6,+22.3,GB	+6.46,+25.9,+22.3,@A	+7.04,-5.7,+22.3,MB	+6.99,-1.9,+20.8,KB		+7.05,-4.4,+20.8,GB	
1702256375.6577747	+6.78,+2.6,+22.2,FB	+6.46,+25.9,+22.3,@A	+7.04,-5.6,+22.3,LB	+6.98,-1.8,+20.8,KB		+7.05,-4.5,+20.8,FB	
1702256437.6672554	+6.78,+2.6,+22.2,FB	+6.46,+25.9,+22.3,@A	+7.04,-5.6,+22.3,LB	+6.98,-1.8,+20.8,KB		+7.05,-4.3,+20.8,@B	
1702256499.676657	+6.78,+2.6,+22.2,FB	+6.46,+25.8,+22.3,AA	+7.04,-5.7,+22.3,MB	+6.98,-1.5,+20.8,FB		+7.05,-4.5,+20.8,FB	
1702256561.6860309	+6.78,+2.5,+22.2,EB	+6.46,+26.0,+22.3,JA	+7.04,-5.7,+22.3,MB	+6.99,-2.0,+20.8,AB		+7.03,-3.7,+20.8,EB	
1702256623.6938133	+6.78,+2.6,+22.2,FB	+6.46,+26.0,+22.3,JA	+7.04,-5.7,+22.3,MB	+6.99,-1.9,+20.8,KB		+7.04,-4.2,+20.8,@B	
1702256685.7045598	+6.78,+2.6,+22.3,GB	+6.46,+26.1,+22.3,KA	+7.04,-5.8,+22.3,BB	+6.99,-2.0,+20.8,AB		+7.04,-3.8,+20.8,MB	
1702256747.7145119	+6.78,+2.6,+22.3,GB	+6.46,+26.0,+22.3,JA	+7.04,-5.8,+22.3,BB	+6.98,-1.8,+20.8,KB		+7.03,-3.7,+20.8,EB	
1702256809.7244053	+6.78,+2.6,+22.3,GB	+6.46,+26.1,+22.3,KA	+7.04,-5.8,+22.3,BB	+6.99,-2.1,+20.8,@B		+7.04,-4.2,+20.8,@B	
1702256871.7350836	+6.78,+2.6,+22.3,GB	+6.46,+26.0,+22.3,JA	+7.04,-5.8,+22.3,BB	+6.98,-1.8,+20.8,KB		+7.04,-3.9,+20.8,LB	
1702256933.7458782	+6.78,+2.6,+22.3,GB	+6.46,+26.0,+22.3,JA	+7.04,-5.6,+22.3,LB	+6.98,-1.8,+20.8,KB		+7.04,-3.8,+20.8,MB	
1702256995.7552752	+6.78,+2.5,+22.3,DB	+6.46,+26.1,+22.3,KA	+7.04,-5.7,+22.3,MB	+6.99,-1.9,+20.8,KB		+7.05,-4.4,+20.8,GB	
1702257057.7652867	+6.78,+2.6,+22.3,GB	+6.46,+26.1,+22.4,LA	+7.04,-5.6,+22.3,LB	+6.99,-2.0,+20.8,AB		+7.04,-3.7,+20.8,BB	
1702257119.774121	+6.78,+2.5,+22.3,DB	+6.46,+26.0,+22.4,MA	+7.04,-5.8,+22.3,BB	+6.98,-1.6,+20.8,EB		+7.04,-4.2,+20.8,@B	
1702257181.7812986	+6.78,+2.5,+22.3,DB	+6.46,+26.0,+22.4,MA	+7.04,-5.8,+22.3,BB	+6.98,-1.6,+20.8,EB		+7.05,-4.4,+20.8,GB	
1702257243.791332	+6.78,+2.5,+22.3,DB	+6.46,+26.1,+22.4,LA	+7.04,-5.6,+22.3,LB	+6.99,-2.0,+20.9,@B		+7.04,-3.7,+20.8,BB	
1702257305.800761	+6.78,+2.5,+22.3,DB	+6.45,+26.2,+22.4,LA	+7.04,-5.6,+22.3,LB	+6.99,-2.1,+20.8,@B		+7.04,-3.7,+20.8,BB	
1702257367.8105874	+6.78,+2.5,+22.3,DB	+6.46,+26.1,+22.4,LA	+7.04,-5.7,+22.3,MB	+6.99,-1.9,+20.8,KB		+7.05,-4.4,+20.8,GB	
1702257429.8191576	+6.78,+2.5,+22.3,DB	+6.46,+26.1,+22.4,LA	+7.04,-5.8,+22.3,BB	+6.99,-1.9,+20.8,KB		+7.05,-4.4,+20.8,GB	
1702257491.8268266	+6.78,+2.5,+22.3,DB	+6.45,+26.2,+22.3,KA	+7.04,-5.6,+22.3,LB	+6.99,-1.9,+20.8,KB		+7.04,-4.1,+20.8,CB	
1702257553.837575	+6.78,+2.5,+22.3,DB	+6.45,+26.2,+22.4,LA	+7.04,-5.7,+22.3,MB	+6.99,-2.0,+20.8,AB		+7.05,-4.4,+20.8,GB	
1702257615.847059	+6.78,+2.6,+22.3,GB	+6.45,+26.2,+22.3,KA	+7.04,-5.7,+22.3,MB	+6.99,-2.0,+20.8,AB		+7.05,-4.4,+20.8,GB	
1702257677.856078	+6.78,+2.5,+22.3,DB	+6.45,+26.2,+22.3,KA	+7.04,-5.7,+22.3,MB	+6.98,-1.8,+20.8,KB		+7.05,-4.4,+20.8,GB	
1702257739.8656664	+6.78,+2.5,+22.3,DB	+6.45,+26.2,+22.3,KA	+7.04,-5.8,+22.3,BB	+6.99,-1.9,+20.8,KB		+7.04,-3.9,+20.8,LB	
1702257986.593871	+6.78,+2.5,+22.3,DB	+6.45,+26.3,+22.3,JA	+7.04,-5.6,+22.3,LB	+6.98,-1.5,+20.8,FB		+7.04,-4.0,+20.8,BB	
1702258048.6014256	+6.78,+2.5,+22.3,DB	+6.45,+26.3,+22.3,JA	+7.04,-5.6,+22.3,LB	+6.98,-1.6,+20.8,EB		+7.04,-4.2,+20.8,@B	
1702258110.6101897	+6.78,+2.5,+22.3,DB	+6.45,+26.2,+22.3,KA	+7.04,-5.7,+22.3,MB	+6.98,-1.8,+20.8,KB		+7.05,-4.4,+20.8,GB	
1702258172.6170437	+6.78,+2.5,+22.3,DB	+6.45,+26.3,+22.3,JA	+7.04,-5.7,+22.3,MB	+6.98,-1.6,+20.8,EB		+7.03,-3.7,+20.8,EB	
1702258234.6209834	+6.78,+2.5,+22.2,EB	+6.45,+26.3,+22.3,JA	+7.04,-5.8,+22.3,BB	+6.99,-1.9,+20.8,KB		+7.04,-4.3,+20.8,AB	
1702258296.6291358	+6.78,+2.5,+22.3,DB	+6.45,+26.5,+22.3,LA	+7.04,-5.7,+22.3,MB	+6.98,-1.5,+20.8,FB		+7.04,-3.8,+20.8,MB	
1702258358.635726	+6.78,+2.5,+22.2,EB	+6.45,+26.5,+22.3,LA	+7.04,-5.8,+22.3,BB	+6.98,-1.5,+20.8,FB		+7.04,-4.0,+20.8,BB	
1702258420.6461742	+6.78,+2.5,+22.3,DB	+6.45,+26.4,+22.3,MA	+7.04,-5.7,+22.3,MB	+6.98,-1.7,+20.8,DB		+7.05,-4.4,+20.8,GB	
1702258482.6534967	+6.78,+2.4,+22.2,DB	+6.45,+26.4,+22.3,MA	+7.04,-5.7,+22.3,MB	+6.98,-1.6,+20.8,EB		+7.04,-4.0,+20.8,BB	
1702258544.6623127	+6.78,+2.5,+22.3,DB	+6.45,+26.4,+22.3,MA	+7.04,-5.8,+22.3,BB	+6.98,-1.6,+20.8,EB		+7.04,-4.2,+20.8,@B	
1702258606.670947	+6.78,+2.5,+22.3,DB	+6.45,+26.3,+22.3,JA	+7.04,-5.7,+22.3,MB	+6.99,-1.9,+20.8,KB		+7.03,-3.6,+20.8,DB	
1702258668.680219	+6.78,+2.4,+22.3,EB	+6.45,+26.3,+22.3,JA	+7.04,-5.7,+22.3,MB	+6.99,-2.0,+20.8,AB		+7.04,-3.7,+20.8,BB	
1702258730.6890666	+6.78,+2.4,+22.3,EB	+6.45,+26.4,+22.3,MA	+7.04,-5.9,+22.3,CB	+6.98,-1.6,+20.8,EB		+7.05,-4.5,+20.8,FB	
1702258792.6989443	+6.78,+2.4,+22.3,EB	+6.45,+26.2,+22.3,KA	+7.04,-5.8,+22.3,BB	+6.99,-1.9,+20.8,KB		+7.05,-4.3,+20.8,@B	
1702258854.7088647	+6.78,+2.5,+22.3,DB	+6.45,+26.4,+22.4,JA	+7.04,-5.7,+22.3,MB	+6.98,-1.5,+20.8,FB		+7.03,-3.7,+20.8,EB	
1702258916.718244	+6.78,+2.4,+22.3,EB	+6.45,+26.4,+22.3,MA	+7.04,-5.7,+22.3,MB	+6.98,-1.7,+20.8,DB		+7.04,-3.9,+20.8,LB	
1702258978.7271678	+6.78,+2.4,+22.3,EB	+6.45,+26.3,+22.4,MA	+7.04,-5.8,+22.3,BB	+6.98,-1.6,+20.8,EB		+7.04,-3.8,+20.8,MB	
1702259040.7333047	+6.78,+2.4,+22.3,EB	+6.45,+26.3,+22.3,JA	+7.04,-5.7,+22.3,MB	+6.98,-1.5,+20.8,FB		+7.03,-3.7,+20.8,EB	
1702259102.742388	+6.78,+2.4,+22.3,EB	+6.45,+26.3,+22.3,JA	+7.04,-5.9,+22.3,CB	+6.99,-1.9,+20.8,KB		+7.04,-3.9,+20.8,LB	
1702259164.7527647	+6.78,+2.4,+22.3,EB	+6.45,+26.6,+22.3,OA	+7.04,-5.7,+22.3,MB	+6.98,-1.5,+20.8,FB		+7.04,-4.1,+20.8,CB	
1702259226.7629232	+6.78,+2.4,+22.3,EB	+6.45,+26.6,+22.3,OA	+7.04,-5.7,+22.3,MB	+6.98,-1.5,+20.8,FB		+7.05,-4.3,+20.8,@B	
1702259288.7713296	+6.78,+2.4,+22.3,EB	+6.45,+26.6,+22.4,HA	+7.04,-5.8,+22.3,BB	+6.98,-1.6,+20.8,EB		+7.04,-4.2,+20.8,@B	
1702259350.7785952	+6.78,+2.4,+22.3,EB	+6.45,+26.5,+22.4,KA	+7.04,-5.9,+22.4,DB	+6.99,-1.9,+20.8,KB		+7.04,-3.8,+20.8,MB	
1702259412.785133	+6.78,+2.3,+22.3,BB	+6.45,+26.6,+22.4,HA	+7.04,-5.8,+22.4,EB	+6.98,-1.5,+20.8,FB		+7.05,-4.4,+20.8,GB	
1702259474.7927935	+6.78,+2.4,+22.3,EB	+6.45,+26.6,+22.4,HA	+7.04,-5.9,+22.3,CB	+6.98,-1.8,+20.8,KB		+7.03,-3.7,+20.8,EB	
1702259536.803162	+6.78,+2.4,+22.3,EB	+6.45,+26.5,+22.4,KA	+7.04,-5.8,+22.3,BB	+6.99,-2.0,+20.8,AB		+7.04,-4.2,+20.8,@B	
1702259598.8119879	+6.78,+2.4,+22.3,EB	+6.45,+26.6,+22.4,HA	+7.04,-5.8,+22.3,BB	+6.98,-1.5,+20.8,FB		+7.04,-3.7,+20.8,BB	
1702259660.8212483	+6.78,+2.4,+22.3,EB	+6.45,+26.6,+22.4,HA	+7.04,-5.8,+22.3,BB	+6.98,-1.8,+20.8,KB		+7.04,-4.0,+20.8,BB	
1702259722.8310828	+6.78,+2.3,+22.3,BB	+6.45,+26.5,+22.4,KA	+7.04,-5.7,+22.4,JB	+6.99,-2.0,+20.9,@B		+7.04,-4.2,+20.8,@B	
1702259784.8394983	+6.78,+2.3,+22.3,BB	+6.45,+26.6,+22.4,HA	+7.04,-5.9,+22.3,CB	+6.98,-1.5,+20.8,FB		+7.04,-4.1,+20.8,CB	
1702259846.8508408	+6.78,+2.3,+22.3,BB	+6.45,+26.7,+22.4,IA	+7.04,-5.9,+22.4,DB	+6.98,-1.6,+20.8,EB		+7.05,-4.4,+20.8,GB	
1702259908.8609698	+6.78,+2.4,+22.3,EB	+6.45,+26.5,+22.4,KA	+7.04,-5.7,+22.4,JB	+6.98,-1.8,+20.8,KB		+7.04,-4.1,+20.8,CB	
1702259970.8704505	+6.78,+2.4,+22.3,EB	+6.45,+26.6,+22.3,OA	+7.04,-5.9,+22.3,CB	+6.98,-1.5,+20.9,GB		+7.05,-4.3,+20.8,@B	
1702260032.8769774	+6.78,+2.4,+22.3,EB	+6.45,+26.7,+22.4,IA	+7.04,-6.0,+22.3,IB	+6.98,-1.5,+20.8,FB		+7.05,-4.5,+20.8,FB	
1702260094.8860755	+6.78,+2.3,+22.3,BB	+6.45,+26.5,+22.4,KA	+7.04,-5.8,+22.3,BB	+6.99,-1.9,+20.8,KB		+7.04,-4.2,+20.8,@B	
1702260156.89565	+6.78,+2.3,+22.3,BB	+6.45,+26.6,+22.3,OA	+7.04,-5.9,+22.4,DB	+6.98,-1.5,+20.8,FB		+7.04,-4.2,+20.8,@B	
1702260218.906629	+6.78,+2.3,+22.3,BB	+6.45,+26.4,+22.3,MA	+7.04,-5.9,+22.3,CB	+6.99,-1.9,+20.8,KB		+7.04,-4.2,+20.8,@B	
1702260280.91596	+6.78,+2.3,+22.3,BB	+6.45,+26.5,+22.3,LA	+7.04,-5.8,+22.3,BB	+6.98,-1.8,+20.8,KB		+7.04,-4.1,+20.8,CB	
1702260342.9250379	+6.78,+2.3,+22.3,BB	+6.45,+26.5,+22.3,LA	+7.04,-5.8,+22.3,BB	+6.98,-1.8,+20.8,KB		+7.05,-4.3,+20.8,@B	
1702260404.9341466	+6.78,+2.3,+22.3,BB	+6.45,+26.6,+22.3,OA	+7.04,-5.7,+22.3,MB	+6.98,-1.5,+20.8,FB		+7.04,-3.9,+20.8,LB	
1702260466.9408834	+6.78,+2.3,+22.3,BB	+6.45,+26.6,+22.3,OA	+7.04,-5.9,+22.3,CB	+6.98,-1.8,+20.8,KB		+7.05,-4.4,+20.8,GB	
1702260528.9496462	+6.78,+2.3,+22.3,BB	+6.45,+26.6,+22.3,OA	+7.04,-5.8,+22.3,BB	+6.98,-1.6,+20.8,EB		+7.03,-3.7,+20.8,EB	
1702260590.9579275	+6.78,+2.3,+22.3,BB	+6.45,+26.6,+22.4,HA	+7.04,-5.8,+22.3,BB	+6.98,-1.6,+20.8,EB		+7.04,-3.9,+20.8,LB	
1702260652.9673824	+6.78,+2.3,+22.3,BB	+6.45,+26.7,+22.3,NA	+7.04,-5.9,+22.3,CB	+6.98,-1.7,+20.8,DB		+7.04,-4.0,+20.8,BB	
1702260714.976686	+6.78,+2.3,+22.3,BB	+6.45,+26.6,+22.3,OA	+7.04,-5.8,+22.3,BB	+6.98,-1.6,+20.8,EB		+7.05,-4.4,+20.8,GB	
1702260776.985066	+6.78,+2.3,+22.3,BB	+6.45,+26.6,+22.3,OA	+7.04,-5.9,+22.3,CB	+6.99,-2.0,+20.8,AB		+7.04,-3.9,+20.8,LB	
1702260838.9940658	+6.78,+2.3,+22.3,BB	+6.45,+26.7,+22.3,NA	+7.04,-6.0,+22.3,IB	+6.98,-1.7,+20.8,DB		+7.03,-3.7,+20.8,EB	
1702260901.004483	+6.78,+2.3,+22.3,BB	+6.45,+26.6,+22.3,OA	+7.04,-5.8,+22.3,BB	+6.98,-1.8,+20.8,KB		+7.05,-4.5,+20.8,FB	
1702260963.0148692	+6.78,+2.3,+22.3,BB	+6.45,+26.6,+22.4,HA	+7.04,-6.0,+22.3,IB	+6.99,-1.9,+20.8,KB		+7.05,-4.4,+20.8,GB	
1702261025.025998	+6.78,+2.3,+22.3,BB	+6.45,+26.7,+22.3,NA	+7.04,-5.9,+22.3,CB	+6.99,-1.9,+20.8,KB		+7.05,-4.5,+20.8,FB	
1702261087.0335207	+6.78,+2.2,+22.3,CB	+6.45,+26.7,+22.4,IA	+7.04,-5.8,+22.3,BB	+6.99,-1.9,+20.8,KB		+7.05,-4.4,+20.8,GB	
1702261149.043206	+6.78,+2.2,+22.3,CB	+6.45,+26.6,+22.3,OA	+7.04,-5.9,+22.3,CB	+6.99,-1.8,+20.8,JB		+7.04,-3.9,+20.8,LB	
1702261211.051902	+6.78,+2.3,+22.3,BB	+6.44,+26.8,+22.4,GA	+7.04,-6.0,+22.3,IB	+6.98,-1.4,+20.9,FB		+7.04,-4.3,+20.8,AB	
1702261273.0600104	+6.78,+2.3,+22.3,BB	+6.45,+26.6,+22.4,HA	+7.04,-5.9,+22.3,CB	+6.98,-1.8,+20.8,KB		+7.04,-3.7,+20.8,BB	
1702261335.0698838	+6.78,+2.3,+22.3,BB	+6.44,+26.9,+22.3,AA	+7.04,-5.8,+22.3,BB	+6.98,-1.7,+20.8,DB		+7.04,-4.0,+20.8,BB	
1702261397.0803726	+6.78,+2.3,+22.3,BB	+6.44,+26.9,+22.3,AA	+7.04,-5.9,+22.4,DB	+6.98,-1.6,+20.8,EB		+7.04,-3.9,+20.8,LB	
1702261459.0911694	+6.78,+2.2,+22.3,CB	+6.44,+27.0,+22.4,NA	+7.04,-5.8,+22.4,EB	+6.98,-1.5,+20.8,FB		+7.04,-4.0,+20.8,BB	
1702261521.1002867	+6.78,+2.3,+22.3,BB	+6.44,+26.9,+22.4,FA	+7.04,-6.0,+22.3,IB	+6.98,-1.5,+20.8,FB		+7.04,-4.2,+20.8,@B	
1702261583.110626	+6.78,+2.3,+22.3,BB	+6.44,+26.8,+22.4,GA	+7.04,-5.9,+22.4,DB	+6.99,-1.9,+20.8,KB		+7.05,-4.3,+20.8,@B	
1702261829.9026017	+6.79,+2.2,+22.3,BB	+6.44,+26.8,+22.4,GA	+7.04,-6.1,+22.4,OB	+6.98,-1.7,+20.8,DB		+7.05,-4.3,+20.8,@B	
1702261891.9131763	+6.78,+2.2,+22.3,CB	+6.45,+26.7,+22.4,IA	+7.04,-5.9,+22.4,DB	+6.98,-1.6,+20.9,DB		+7.05,-4.3,+20.8,@B	
1702261953.9227169	+6.78,+2.2,+22.3,CB	+6.44,+26.9,+22.4,FA	+7.04,-6.0,+22.4,NB	+6.99,-2.0,+20.9,@B		+7.04,-3.8,+20.8,MB	
1702262015.9320207	+6.78,+2.2,+22.3,CB	+6.44,+26.8,+22.4,GA	+7.04,-6.1,+22.4,OB	+6.98,-1.6,+20.9,DB		+7.04,-4.0,+20.8,BB	
1702262077.941252	+6.78,+2.2,+22.3,CB	+6.44,+26.8,+22.4,GA	+7.04,-6.1,+22.4,OB	+6.98,-1.7,+20.9,EB		+7.04,-3.8,+20.8,MB	
1702262139.9495964	+6.78,+2.2,+22.3,CB	+6.44,+26.8,+22.4,GA	+7.04,-6.0,+22.4,NB	+6.98,-1.8,+20.9,JB		+7.03,-3.7,+20.8,EB	
1702262201.9579372	+6.78,+2.2,+22.3,CB	+6.44,+26.7,+22.4,HA	+7.04,-5.9,+22.3,CB	+6.99,-1.9,+20.9,JB		+7.04,-4.0,+20.8,BB	
1702262263.9668787	+6.78,+2.2,+22.3,CB	+6.44,+26.7,+22.4,HA	+7.04,-6.0,+22.4,NB	+6.98,-1.8,+20.9,JB		+7.04,-3.9,+20.8,LB	
1702262325.9757016	+6.79,+2.1,+22.3,AB	+6.44,+26.9,+22.4,FA	+7.04,-5.9,+22.3,CB	+6.98,-1.8,+20.9,JB		+7.05,-4.4,+20.8,GB	
1702262387.9851952	+6.79,+2.2,+22.3,BB	+6.44,+26.8,+22.4,GA	+7.04,-6.1,+22.4,OB	+6.98,-1.5,+20.9,GB		+7.04,-3.8,+20.8,MB	
1702262449.994091	+6.78,+2.2,+22.3,CB	+6.45,+26.7,+22.4,IA	+7.04,-6.0,+22.4,NB	+6.98,-1.5,+20.9,GB		+7.04,-4.2,+20.8,@B	
1702262512.002302	+6.79,+2.2,+22.3,BB	+6.45,+26.7,+22.4,IA	+7.04,-6.1,+22.4,OB	+6.98,-1.4,+20.9,FB		+7.04,-4.2,+20.8,@B	
1702262574.0107875	+6.79,+2.1,+22.3,AB	+6.44,+26.8,+22.4,GA	+7.04,-6.0,+22.4,NB	+6.98,-1.5,+20.9,GB		+7.05,-4.5,+20.8,FB	
1702262636.0206292	+6.79,+2.1,+22.3,AB	+6.44,+26.9,+22.4,FA	+7.05,-6.3,+22.4,LB	+6.98,-1.5,+20.9,GB		+7.04,-4.1,+20.8,CB	
1702262698.0281959	+6.79,+2.2,+22.3,BB	+6.44,+26.9,+22.3,AA	+7.04,-6.0,+22.4,NB	+6.98,-1.8,+20.9,JB		+7.04,-3.7,+20.8,BB	
1702262760.0376933	+6.79,+2.1,+22.3,AB	+6.44,+26.9,+22.4,FA	+7.04,-6.1,+22.3,HB	+6.98,-1.4,+20.9,FB		+7.05,-4.4,+20.8,GB	
1702262822.0452282	+6.79,+2.1,+22.3,AB	+6.44,+26.9,+22.4,FA	+7.04,-6.1,+22.4,OB	+6.98,-1.5,+20.9,GB		+7.05,-4.5,+20.8,FB	
1702262884.0545769	+6.79,+2.1,+22.3,AB	+6.44,+26.8,+22.4,GA	+7.04,-6.0,+22.4,NB	+6.98,-1.4,+20.8,GB		+7.04,-3.9,+20.8,LB	
1702262946.062513	+6.79,+2.1,+22.3,AB	+6.44,+27.0,+22.4,NA	+7.04,-6.1,+22.3,HB	+6.98,-1.6,+20.8,EB		+7.05,-4.3,+20.8,@B	
1702263008.0726182	+6.79,+2.1,+22.3,AB	+6.44,+26.9,+22.4,FA	+7.04,-6.0,+22.3,IB	+6.98,-1.5,+20.8,FB		+7.04,-3.8,+20.8,MB	
1702263070.0827482	+6.79,+2.1,+22.3,AB	+6.44,+26.9,+22.3,AA	+7.04,-6.0,+22.3,IB	+6.98,-1.7,+20.8,DB		+7.04,-4.1,+20.8,CB	
1702263132.0900106	+6.79,+2.1,+22.3,AB	+6.44,+26.9,+22.4,FA	+7.04,-6.0,+22.3,IB	+6.98,-1.6,+20.8,EB		+7.04,-3.8,+20.8,MB	
1702263194.0972714	+6.79,+2.1,+22.3,AB	+6.44,+26.9,+22.3,AA	+7.04,-5.9,+22.3,CB	+6.98,-1.5,+20.9,GB		+7.04,-3.8,+20.8,MB	
1702263256.1083798	+6.79,+2.1,+22.3,AB	+6.44,+26.9,+22.3,AA	+7.04,-6.0,+22.3,IB	+6.98,-1.5,+20.8,FB		+7.05,-4.4,+20.8,GB	
1702263318.117758	+6.79,+2.2,+22.3,BB	+6.44,+27.0,+22.4,NA	+7.04,-6.0,+22.3,IB	+6.98,-1.7,+20.8,DB		+7.03,-3.7,+20.8,EB	
1702263380.1262522	+6.79,+2.1,+22.3,AB	+6.44,+27.0,+22.4,NA	+7.04,-6.1,+22.3,HB	+6.98,-1.8,+20.8,KB		+7.04,-3.8,+20.8,MB	
1702263442.1336124	+6.79,+2.1,+22.3,AB	+6.44,+27.1,+22.3,HA	+7.04,-6.0,+22.3,IB	+6.98,-1.6,+20.8,EB		+7.04,-4.2,+20.8,@B	
1702263504.1409948	+6.79,+2.1,+22.3,AB	+6.44,+27.0,+22.3,IA	+7.05,-6.2,+22.3,JB	+6.98,-1.5,+20.8,FB		+7.04,-3.9,+20.8,LB	
1702263566.149792	+6.79,+2.2,+22.3,BB	+6.44,+27.2,+22.4,LA	+7.04,-6.1,+22.4,OB	+6.98,-1.7,+20.9,EB		+7.05,-4.3,+20.8,@B	
1702263628.159477	+6.78,+2.2,+22.3,CB	+6.44,+27.1,+22.4,OA	+7.04,-6.1,+22.3,HB	+6.98,-1.6,+20.9,DB		+7.04,-3.8,+20.8,MB	
1702263690.1692307	+6.79,+2.2,+22.3,BB	+6.43,+27.4,+22.4,MA	+7.04,-6.0,+22.3,IB	+6.98,-1.6,+20.8,EB		+7.04,-4.2,+20.8,@B	
1702263752.1788266	+6.79,+2.2,+22.3,BB	+6.44,+27.2,+22.4,LA	+7.04,-6.0,+22.3,IB	+6.98,-1.6,+20.8,EB		+7.04,-4.2,+20.8,@B	
1702263814.1885378	+6.78,+2.2,+22.3,CB	+6.43,+27.3,+22.4,JA	+7.04,-6.1,+22.3,HB	+6.98,-1.6,+20.9,DB		+7.04,-4.0,+20.8,BB	
1702263876.1974566	+6.79,+2.2,+22.3,BB	+6.43,+27.3,+22.4,JA	+7.04,-6.0,+22.4,NB	+6.98,-1.8,+20.8,KB		+7.04,-4.1,+20.8,CB	
1702263938.2065434	+6.79,+2.2,+22.3,BB	+6.43,+27.3,+22.3,MA	+7.04,-6.0,+22.3,IB	+6.98,-1.8,+20.8,KB		+7.04,-4.0,+20.8,BB	
1702264000.216091	+6.79,+2.1,+22.3,AB	+6.43,+27.3,+22.4,JA	+7.04,-6.0,+22.3,IB	+6.98,-1.7,+20.8,DB		+7.04,-4.0,+20.8,BB	
1702264062.2264428	+6.79,+2.2,+22.3,BB	+6.44,+27.3,+22.4,MA	+7.04,-6.0,+22.3,IB	+6.98,-1.5,+20.9,GB		+7.04,-4.2,+20.8,@B	
1702264124.234379	+6.79,+2.2,+22.3,BB	+6.44,+27.2,+22.4,LA	+7.04,-6.0,+22.4,NB	+6.98,-1.4,+20.8,GB		+7.04,-4.3,+20.8,AB	
1702264186.2423604	+6.79,+2.2,+22.3,BB	+6.44,+27.3,+22.4,MA	+7.04,-6.1,+22.4,OB	+6.98,-1.7,+20.8,DB		+7.04,-4.2,+20.8,@B	
1702264248.2520895	+6.78,+2.2,+22.3,CB	+6.43,+27.4,+22.4,MA	+7.05,-6.2,+22.3,JB	+6.98,-1.7,+20.8,DB		+7.05,-4.4,+20.8,GB	
1702264310.2599764	+6.79,+2.2,+22.3,BB	+6.44,+27.3,+22.4,MA	+7.04,-6.1,+22.4,OB	+6.98,-1.3,+20.9,AB		+7.04,-3.8,+20.8,MB	
1702264372.267841	+6.79,+2.2,+22.3,BB	+6.44,+27.2,+22.4,LA	+7.04,-6.0,+22.4,NB	+6.98,-1.4,+20.9,FB		+7.03,-3.7,+20.8,EB	
1702264434.2779224	+6.79,+2.1,+22.3,AB	+6.43,+27.4,+22.4,MA	+7.05,-6.1,+22.4,NB	+6.98,-1.6,+20.9,DB		+7.04,-4.1,+20.8,CB	
1702264496.2866538	+6.79,+2.1,+22.3,AB	+6.44,+27.2,+22.4,LA	+7.05,-6.1,+22.4,NB	+6.98,-1.3,+20.9,AB		+7.04,-3.9,+20.8,LB	
1702264558.294908	+6.79,+2.1,+22.3,AB	+6.44,+27.2,+22.4,LA	+7.05,-6.2,+22.4,MB	+6.98,-1.5,+20.8,FB		+7.05,-4.5,+20.8,FB	
1702264620.3044126	+6.79,+2.1,+22.3,AB	+6.44,+27.3,+22.4,MA	+7.05,-6.2,+22.4,MB	+6.98,-1.7,+20.9,EB		+7.04,-4.2,+20.8,@B	
1702264682.3119848	+6.79,+2.2,+22.3,BB	+6.44,+27.3,+22.4,MA	+7.05,-6.2,+22.4,MB	+6.98,-1.3,+20.9,AB		+7.05,-4.4,+20.8,GB	
1702264744.3221283	+6.79,+2.1,+22.3,AB	+6.44,+27.3,+22.4,MA	+7.05,-6.3,+22.4,LB	+6.98,-1.5,+20.9,GB		+7.04,-4.2,+20.8,@B	
1702264806.3303607	+6.79,+2.2,+22.3,BB	+6.44,+27.3,+22.4,MA	+7.05,-6.3,+22.4,LB	+6.98,-1.5,+20.9,GB		+7.04,-4.0,+20.8,BB	
1702264868.3395152	+6.79,+2.1,+22.3,AB	+6.43,+27.4,+22.4,MA	+7.04,-6.1,+22.4,OB	+6.98,-1.7,+20.9,EB		+7.04,-4.1,+20.8,CB	
1702264930.3516638	+6.79,+2.1,+22.3,AB	+6.44,+27.2,+22.4,LA	+7.05,-6.2,+22.4,MB	+6.98,-1.5,+20.9,GB		+7.04,-3.8,+20.8,MB	
1702264992.3596425	+6.79,+2.1,+22.3,AB	+6.43,+27.3,+22.4,JA	+7.05,-6.2,+22.4,MB	+6.98,-1.3,+20.9,AB		+7.04,-4.1,+20.8,CB	
1702265054.3655047	+6.79,+2.2,+22.3,BB	+6.43,+27.3,+22.4,JA	+7.05,-6.3,+22.4,LB	+6.98,-1.4,+20.9,FB		+7.04,-4.2,+20.8,@B	
1702265116.3765988	+6.79,+2.2,+22.3,BB	+6.44,+27.2,+22.4,LA	+7.05,-6.5,+22.4,JB	+6.98,-1.3,+20.9,AB		+7.03,-3.7,+20.8,EB	
1702265178.3851788	+6.79,+2.1,+22.3,AB	+6.44,+27.2,+22.4,LA	+7.05,-6.2,+22.3,JB	+6.98,-1.7,+20.9,EB		+7.05,-4.4,+20.8,GB	
1702265240.3943603	+6.79,+2.1,+22.3,AB	+6.44,+27.0,+22.4,NA	+7.05,-6.3,+22.4,LB	+6.98,-1.3,+20.9,AB		+7.04,-3.8,+20.8,MB	
1702265302.402551	+6.79,+2.1,+22.3,AB	+6.44,+27.1,+22.4,OA	+7.04,-6.1,+22.3,HB	+6.98,-1.4,+20.9,FB		+7.04,-3.9,+20.8,LB	
1702265364.4124491	+6.79,+2.1,+22.3,AB	+6.44,+27.0,+22.4,NA	+7.04,-6.0,+22.4,NB	+6.98,-1.5,+20.9,GB		+7.05,-4.4,+20.8,GB	
1702265426.4212885	+6.79,+2.2,+22.3,BB	+6.44,+27.2,+22.4,LA	+7.04,-6.0,+22.3,IB	+6.98,-1.7,+20.8,DB		+7.04,-3.9,+20.8,LB	
1702265673.168427	+6.79,+2.1,+22.3,AB	+6.43,+27.4,+22.4,MA	+7.04,-5.8,+22.3,BB	+6.98,-1.3,+20.9,AB		+7.04,-3.7,+20.8,BB	
1702265735.1755629	+6.79,+2.1,+22.3,AB	+6.43,+27.4,+22.4,MA	+7.04,-5.8,+22.3,BB	+6.98,-1.3,+20.9,AB		+7.04,-3.7,+20.8,BB	
1702265797.1833148	+6.79,+2.1,+22.3,AB	+6.43,+27.4,+22.4,MA	+7.04,-5.8,+22.3,BB	+6.98,-1.3,+20.9,AB		+7.03,-3.7,+20.8,EB	
1702265859.1904895	+6.79,+2.2,+22.3,BB	+6.44,+27.2,+22.4,LA	+7.04,-5.9,+22.3,CB	+6.98,-1.5,+20.9,GB		+7.04,-4.2,+20.8,@B	
1702265921.1989815	+6.79,+2.1,+22.3,AB	+6.43,+27.3,+22.4,JA	+7.04,-5.9,+22.3,CB	+6.98,-1.3,+20.9,AB		+7.04,-4.2,+20.8,@B	
1702265983.205562	+6.79,+2.1,+22.3,AB	+6.43,+27.3,+22.3,MA	+7.04,-5.9,+22.3,CB	+6.98,-1.3,+20.8,@B		+7.05,-4.4,+20.8,GB	
1702266045.2111971	+6.79,+2.1,+22.3,AB	+6.43,+27.6,+22.4,OA	+7.04,-5.8,+22.3,BB	+6.98,-1.4,+20.9,FB		+7.04,-3.9,+20.8,LB	
1702266107.2167733	+6.79,+2.1,+22.3,AB	+6.43,+27.5,+22.4,LA	+7.04,-5.8,+22.3,BB	+6.98,-1.7,+20.8,DB		+7.03,-3.7,+20.8,EB	
1702266169.225256	+6.79,+2.1,+22.3,AB	+6.43,+27.4,+22.4,MA	+7.04,-5.8,+22.3,BB	+6.98,-1.5,+20.9,GB		+7.04,-3.9,+20.8,LB	
1702266231.2308097	+6.79,+2.1,+22.3,AB	+6.43,+27.4,+22.4,MA	+7.04,-5.7,+22.3,MB	+6.98,-1.8,+20.8,KB		+7.04,-3.9,+20.8,LB	
1702266293.2354407	+6.79,+2.1,+22.3,AB	+6.43,+27.4,+22.4,MA	+7.04,-5.8,+22.3,BB	+6.98,-1.5,+20.8,FB		+7.04,-3.9,+20.8,LB	
1702266355.2443402	+6.79,+2.1,+22.3,AB	+6.43,+27.4,+22.4,MA	+7.04,-5.8,+22.3,BB	+6.98,-1.3,+20.8,@B		+7.04,-3.8,+20.8,MB	
1702266417.2535727	+6.79,+2.1,+22.3,AB	+6.43,+27.4,+22.4,MA	+7.04,-5.8,+22.3,BB	+6.98,-1.3,+20.9,AB		+7.04,-3.9,+20.8,LB	
1702266479.2617674	+6.79,+2.1,+22.3,AB	+6.43,+27.4,+22.4,MA	+7.04,-5.6,+22.3,LB	+6.98,-1.6,+20.9,DB		+7.04,-4.2,+20.8,@B	
1702266541.2678816	+6.79,+2.1,+22.3,AB	+6.43,+27.5,+22.3,KA	+7.04,-5.6,+22.3,LB	+6.98,-1.7,+20.9,EB		+7.05,-4.5,+20.8,FB	
1702266603.2779086	+6.79,+2.1,+22.3,AB	+6.43,+27.3,+22.4,JA	+7.04,-5.6,+22.3,LB	+6.98,-1.4,+20.8,GB		+7.04,-4.2,+20.8,@B	
1702266665.286251	+6.79,+2.1,+22.3,AB	+6.43,+27.4,+22.3,JA	+7.04,-6.1,+22.3,HB	+6.98,-1.7,+20.8,DB		+7.04,-4.3,+20.8,AB	
1702266727.2949798	+6.79,+2.1,+22.3,AB	+6.43,+27.5,+22.4,LA	+7.04,-5.9,+22.3,CB	+6.98,-1.4,+20.9,FB		+7.04,-4.1,+20.8,CB	
1702266789.3010666	+6.79,+2.0,+22.3,@B	+6.43,+27.5,+22.4,LA	+7.04,-5.9,+22.3,CB	+6.98,-1.4,+20.9,FB		+7.04,-4.2,+20.8,@B	
1702266851.3083923	+6.79,+2.1,+22.3,AB	+6.43,+27.5,+22.4,LA	+7.04,-5.7,+22.4,JB	+6.98,-1.4,+20.9,FB		+7.05,-4.3,+20.8,@B	
1702266913.3170145	+6.79,+2.1,+22.3,AB	+6.43,+27.4,+22.4,MA	+7.04,-5.7,+22.3,MB	+6.98,-1.7,+20.9,EB		+7.04,-3.7,+20.8,BB	
1702266975.324424	+6.79,+2.1,+22.3,AB	+6.43,+27.3,+22.4,JA	+7.04,-5.7,+22.3,MB	+6.98,-1.7,+20.9,EB		+7.04,-3.9,+20.8,LB	
1702267037.3332431	+6.79,+2.1,+22.3,AB	+6.43,+27.4,+22.4,MA	+7.03,-5.5,+22.4,OB	+6.97,-1.2,+20.9,OB		+7.04,-4.0,+20.8,BB	
1702267099.3414085	+6.79,+2.0,+22.3,@B	+6.43,+27.5,+22.4,LA	+7.04,-5.6,+22.4,KB	+6.98,-1.4,+20.9,FB		+7.04,-4.2,+20.8,@B	
1702267161.3483763	+6.79,+2.1,+22.3,AB	+6.43,+27.4,+22.4,MA	+7.04,-5.6,+22.4,KB	+6.98,-1.3,+20.9,AB		+7.04,-3.7,+20.8,BB	
1702267223.3555276	+6.79,+2.0,+22.3,@B	+6.43,+27.3,+22.4,JA	+7.04,-5.7,+22.4,JB	+6.98,-1.5,+20.9,GB		+7.05,-4.3,+20.8,@B	
1702267285.361903	+6.79,+2.0,+22.3,@B	+6.43,+27.4,+22.4,MA	+7.04,-5.7,+22.4,JB	+6.98,-1.3,+20.9,AB		+7.04,-4.2,+20.8,@B	
1702267347.3710382	+6.79,+2.1,+22.3,AB	+6.43,+27.4,+22.4,MA	+7.04,-5.6,+22.4,KB	+6.98,-1.4,+20.9,FB		+7.04,-3.8,+20.9,LB	
1702267409.3781922	+6.79,+2.1,+22.3,AB	+6.43,+27.5,+22.4,LA	+7.03,-5.5,+22.4,OB	+6.98,-1.7,+20.9,EB		+7.04,-3.8,+20.9,LB	
1702267471.3852413	+6.78,+2.3,+22.3,BB	+6.44,+27.3,+22.4,MA	+7.04,-5.8,+22.4,EB	+6.98,-1.4,+20.9,FB		+7.05,-4.4,+20.8,GB	
1702267533.3921006	+6.78,+2.3,+22.3,BB	+6.43,+27.4,+22.4,MA	+7.04,-5.6,+22.4,KB	+6.98,-1.4,+20.9,FB		+7.05,-4.4,+20.8,GB	
1702267595.402452	+6.78,+2.4,+22.3,EB	+6.43,+27.4,+22.4,MA	+7.04,-5.6,+22.4,KB	+6.98,-1.5,+20.9,GB		+7.04,-3.9,+20.8,LB	
1702267657.4113257	+6.78,+2.3,+22.3,BB	+6.43,+27.5,+22.4,LA	+7.04,-5.7,+22.4,JB	+6.97,-1.3,+20.9,NB		+7.04,-4.2,+20.8,@B	
1702267719.4226947	+6.78,+2.3,+22.3,BB	+6.43,+27.4,+22.4,MA	+7.04,-5.6,+22.4,KB	+6.98,-1.5,+20.9,GB		+7.04,-3.8,+20.8,MB	
1702267781.4323688	+6.78,+2.3,+22.3,BB	+6.43,+27.4,+22.4,MA	+7.03,-5.5,+22.4,OB	+6.98,-1.5,+20.9,GB		+7.04,-3.8,+20.8,MB	
1702267843.4429219	+6.78,+2.3,+22.3,BB	+6.43,+27.6,+22.4,OA	+7.04,-5.7,+22.3,MB	+6.98,-1.5,+20.9,GB		+7.04,-4.1,+20.9,BB	
1702267905.4513078	+6.78,+2.4,+22.3,EB	+6.43,+27.5,+22.4,LA	+7.03,-5.5,+22.3,HB	+6.98,-1.6,+20.9,DB		+7.05,-4.5,+20.8,FB	
1702267967.4601295	+6.78,+2.4,+22.3,EB	+6.43,+27.5,+22.4,LA	+7.04,-5.7,+22.3,MB	+6.98,-1.5,+20.9,GB		+7.04,-3.7,+20.8,BB	
1702268029.470166	+6.78,+2.3,+22.3,BB	+6.43,+27.3,+22.4,JA	+7.04,-5.6,+22.3,LB	+6.98,-1.7,+20.9,EB		+7.04,-4.2,+20.8,@B	
1702268091.4800637	+6.78,+2.3,+22.3,BB	+6.43,+27.4,+22.4,MA	+7.04,-5.7,+22.4,JB	+6.98,-1.5,+20.8,FB		+7.04,-3.7,+20.8,BB	
1702268153.489668	+6.78,+2.3,+22.3,BB	+6.43,+27.3,+22.4,JA	+7.04,-5.7,+22.3,MB	+6.98,-1.8,+20.9,JB		+7.04,-3.8,+20.8,MB	
1702268215.4982061	+6.78,+2.3,+22.3,BB	+6.44,+27.3,+22.3,JA	+7.04,-5.7,+22.3,MB	+6.98,-1.7,+20.9,EB		+7.04,-3.7,+20.8,BB	
1702268277.5060654	+6.78,+2.3,+22.3,BB	+6.43,+27.4,+22.4,MA	+7.04,-5.6,+22.3,LB	+6.98,-1.5,+20.8,FB		+7.05,-4.3,+20.8,@B	
1702268339.5160282	+6.78,+2.3,+22.3,BB	+6.44,+27.2,+22.4,LA	+7.04,-5.7,+22.3,MB	+6.98,-1.7,+20.9,EB		+7.04,-4.0,+20.8,BB	
1702268401.5245707	+6.78,+2.3,+22.3,BB	+6.44,+27.2,+22.4,LA	+7.04,-5.6,+22.3,LB	+6.98,-1.3,+20.9,AB		+7.04,-3.9,+20.8,LB	
1702268463.5366945	+6.78,+2.3,+22.3,BB	+6.44,+27.3,+22.3,JA	+7.04,-5.7,+22.3,MB	+6.98,-1.7,+20.8,DB		+7.05,-4.5,+20.8,FB	
1702268525.5461571	+6.78,+2.3,+22.3,BB	+6.44,+27.2,+22.4,LA	+7.04,-5.6,+22.3,LB	+6.98,-1.4,+20.8,GB		+7.04,-3.9,+20.8,LB	
1702268587.5525599	+6.78,+2.3,+22.3,BB	+6.44,+27.2,+22.4,LA	+7.04,-5.7,+22.4,JB	+6.98,-1.3,+20.8,@B		+7.04,-3.8,+20.8,MB	
1702268649.5607703	+6.78,+2.3,+22.3,BB	+6.44,+27.2,+22.4,LA	+7.04,-5.6,+22.3,LB	+6.98,-1.6,+20.8,EB		+7.04,-3.9,+20.8,LB	
1702268711.5686402	+6.78,+2.3,+22.3,BB	+6.44,+27.1,+22.4,OA	+7.04,-5.7,+22.3,MB	+6.98,-1.5,+20.8,FB		+7.05,-4.5,+20.8,FB	
1702268773.5770133	+6.78,+2.3,+22.3,BB	+6.44,+27.3,+22.4,MA	+7.04,-5.7,+22.3,MB	+6.98,-1.4,+20.9,FB		+7.04,-3.9,+20.8,LB	
1702268835.5855548	+6.78,+2.3,+22.3,BB	+6.44,+27.1,+22.4,OA	+7.04,-5.7,+22.3,MB	+6.98,-1.7,+20.8,DB		+7.04,-3.8,+20.8,MB	
1702268897.5956845	+6.78,+2.3,+22.3,BB	+6.44,+27.2,+22.4,LA	+7.04,-5.8,+22.3,BB	+6.98,-1.4,+20.8,GB		+7.05,-4.4,+20.8,GB	
1702268959.6060781	+6.78,+2.3,+22.3,BB	+6.44,+27.0,+22.3,IA	+7.04,-5.7,+22.3,MB	+6.98,-1.5,+20.8,FB		+7.04,-3.9,+20.8,LB	
1702269021.6143675	+6.78,+2.3,+22.3,BB	+6.44,+27.0,+22.4,NA	+7.04,-5.7,+22.3,MB	+6.98,-1.6,+20.9,DB		+7.04,-3.7,+20.8,BB	
1702269083.62337	+6.78,+2.3,+22.3,BB	+6.44,+27.2,+22.4,LA	+7.04,-5.8,+22.3,BB	+6.98,-1.5,+20.8,FB		+7.05,-4.4,+20.8,GB	
1702269145.6322882	+6.78,+2.3,+22.3,BB	+6.44,+27.0,+22.4,NA	+7.04,-5.7,+22.4,JB	+6.98,-1.5,+20.9,GB		+7.04,-3.9,+20.8,LB	
1702269207.6381726	+6.78,+2.3,+22.3,BB	+6.44,+27.2,+22.4,LA	+7.04,-5.7,+22.3,MB	+6.98,-1.7,+20.9,EB		+7.05,-4.4,+20.8,GB	
1702269269.6452339	+6.78,+2.3,+22.3,BB	+6.43,+27.3,+22.4,JA	+7.04,-5.7,+22.4,JB	+6.97,-1.2,+20.8,NB		+7.03,-3.7,+20.8,EB	
1702269516.3605044	+6.78,+2.2,+22.3,CB	+6.43,+27.3,+22.4,JA	+7.04,-5.7,+22.3,MB	+6.98,-1.3,+20.8,@B		+7.04,-4.3,+20.8,AB	
1702269578.3715134	+6.78,+2.3,+22.3,BB	+6.43,+27.3,+22.4,JA	+7.04,-5.7,+22.3,MB	+6.98,-1.7,+20.8,DB		+7.04,-3.7,+20.8,BB	
1702269640.380963	+6.78,+2.2,+22.3,CB	+6.43,+27.4,+22.4,MA	+7.04,-5.8,+22.4,EB	+6.98,-1.5,+20.8,FB		+7.04,-3.9,+20.8,LB	
1702269702.3902292	+6.78,+2.2,+22.3,CB	+6.44,+27.2,+22.4,LA	+7.04,-5.7,+22.4,JB	+6.98,-1.7,+20.9,EB		+7.05,-4.4,+20.8,GB	
1702269764.4013891	+6.78,+2.2,+22.3,CB	+6.44,+27.3,+22.4,MA	+7.04,-5.7,+22.3,MB	+6.97,-1.2,+20.9,OB		+7.04,-4.0,+20.8,BB	
1702269826.4079144	+6.79,+2.2,+22.3,BB	+6.44,+27.3,+22.4,MA	+7.04,-5.7,+22.4,JB	+6.98,-1.5,+20.9,GB		+7.05,-4.5,+20.8,FB	
1702269888.4166822	+6.78,+2.2,+22.3,CB	+6.43,+27.4,+22.4,MA	+7.04,-5.8,+22.4,EB	+6.98,-1.5,+20.9,GB		+7.04,-4.2,+20.8,@B	
1702269950.4259927	+6.79,+2.2,+22.3,BB	+6.43,+27.4,+22.4,MA	+7.04,-5.7,+22.4,JB	+6.98,-1.6,+20.9,DB		+7.05,-4.5,+20.8,FB	
1702270012.435093	+6.79,+2.2,+22.3,BB	+6.43,+27.3,+22.4,JA	+7.04,-5.8,+22.3,BB	+6.98,-1.5,+20.9,GB		+7.05,-4.4,+20.8,GB	
1702270074.4445755	+6.79,+2.2,+22.3,BB	+6.44,+27.2,+22.4,LA	+7.04,-5.8,+22.4,EB	+6.97,-1.2,+20.8,NB		+7.04,-4.2,+20.8,@B	
1702270136.4520874	+6.79,+2.2,+22.3,BB	+6.44,+27.1,+22.4,OA	+7.04,-5.8,+22.4,EB	+6.98,-1.4,+20.9,FB		+7.04,-3.8,+20.8,MB	
1702270198.4622083	+6.78,+2.2,+22.3,CB	+6.44,+27.2,+22.4,LA	+7.04,-5.7,+22.4,JB	+6.98,-1.6,+20.8,EB		+7.04,-3.9,+20.8,LB	
1702270260.470473	+6.79,+2.2,+22.3,BB	+6.44,+27.3,+22.4,MA	+7.04,-5.8,+22.4,EB	+6.98,-1.5,+20.9,GB		+7.04,-4.1,+20.8,CB	
1702270322.4815605	+6.79,+2.2,+22.3,BB	+6.44,+27.3,+22.4,MA	+7.04,-5.7,+22.3,MB	+6.98,-1.5,+20.8,FB		+7.04,-3.8,+20.8,MB	
1702270384.4900808	+6.79,+2.2,+22.3,BB	+6.44,+26.9,+22.4,FA	+7.04,-5.8,+22.3,BB	+6.98,-1.6,+20.9,DB		+7.05,-4.4,+20.8,GB	
1702270446.5001748	+6.79,+2.2,+22.3,BB	+6.44,+27.0,+22.4,NA	+7.04,-5.8,+22.4,EB	+6.97,-1.2,+20.9,OB		+7.04,-4.1,+20.8,CB	
1702270508.509041	+6.79,+2.2,+22.3,BB	+6.44,+27.1,+22.4,OA	+7.04,-5.8,+22.3,BB	+6.97,-1.3,+20.9,NB		+7.04,-4.0,+20.8,BB	
1702270570.520027	+6.79,+2.1,+22.3,AB	+6.44,+27.2,+22.4,LA	+7.04,-5.8,+22.3,BB	+6.98,-1.7,+20.8,DB		+7.05,-4.6,+20.8,EB	
1702270632.5268123	+6.79,+2.2,+22.3,BB	+6.44,+27.2,+22.4,LA	+7.04,-5.7,+22.3,MB	+6.97,-1.2,+20.8,NB		+7.05,-4.4,+20.8,GB	
1702270694.5319142	+6.79,+2.2,+22.3,BB	+6.44,+27.1,+22.4,OA	+7.04,-5.9,+22.3,CB	+6.98,-1.5,+20.9,GB		+7.04,-3.9,+20.8,LB	
1702270756.5445006	+6.79,+2.2,+22.3,BB	+6.44,+27.1,+22.4,OA	+7.04,-5.8,+22.3,BB	+6.98,-1.4,+20.8,GB		+7.03,-3.7,+20.8,EB	
1702270818.5578403	+6.79,+2.2,+22.3,BB	+6.44,+27.1,+22.4,OA	+7.04,-5.8,+22.3,BB	+6.98,-1.5,+20.8,FB		+7.04,-3.7,+20.8,BB	
1702270880.5662973	+6.79,+2.2,+22.3,BB	+6.44,+27.2,+22.4,LA	+7.04,-5.8,+22.3,BB	+6.98,-1.6,+20.8,EB		+7.04,-4.0,+20.8,BB	
1702270942.5760303	+6.79,+2.1,+22.3,AB	+6.44,+27.2,+22.4,LA	+7.04,-5.9,+22.3,CB	+6.98,-1.6,+20.8,EB		+7.04,-3.8,+20.8,MB	
1702271004.585105	+6.79,+2.2,+22.3,BB	+6.44,+27.1,+22.4,OA	+7.04,-5.9,+22.3,CB	+6.98,-1.7,+20.8,DB		+7.04,-3.7,+20.8,BB	
1702271066.5939834	+6.79,+2.1,+22.3,AB	+6.44,+27.1,+22.3,HA	+7.04,-5.8,+22.3,BB	+6.98,-1.7,+20.8,DB		+7.04,-4.0,+20.8,BB	
1702271128.6018183	+6.79,+2.1,+22.3,AB	+6.44,+27.0,+22.4,NA	+7.04,-5.8,+22.3,BB	+6.97,-1.2,+20.8,NB		+7.04,-4.1,+20.8,CB	
1702271190.6123135	+6.79,+2.1,+22.3,AB	+6.44,+27.0,+22.4,NA	+7.04,-5.7,+22.4,JB	+6.98,-1.5,+20.8,FB		+7.05,-4.5,+20.8,FB	
1702271252.6203845	+6.79,+2.1,+22.3,AB	+6.44,+27.0,+22.3,IA	+7.04,-5.7,+22.3,MB	+6.98,-1.6,+20.8,EB		+7.05,-4.4,+20.8,GB	
1702271314.6303241	+6.79,+2.1,+22.3,AB	+6.44,+27.0,+22.3,IA	+7.04,-5.7,+22.3,MB	+6.98,-1.6,+20.8,EB		+7.04,-4.2,+20.8,@B	
1702271376.6401918	+6.79,+2.2,+22.3,BB	+6.44,+27.1,+22.4,OA	+7.04,-5.8,+22.3,BB	+6.98,-1.6,+20.8,EB		+7.05,-4.3,+20.8,@B	
1702271438.6473439	+6.79,+2.1,+22.3,AB	+6.44,+27.1,+22.3,HA	+7.04,-5.9,+22.3,CB	+6.97,-1.2,+20.9,OB		+7.04,-4.1,+20.8,CB	
1702271500.6565943	+6.79,+2.2,+22.3,BB	+6.44,+27.1,+22.4,OA	+7.04,-5.8,+22.3,BB	+6.98,-1.3,+20.8,@B		+7.04,-3.8,+20.8,MB	
1702271562.6632621	+6.79,+2.1,+22.3,AB	+6.44,+27.0,+22.4,NA	+7.04,-5.8,+22.3,BB	+6.98,-1.5,+20.8,FB		+7.04,-3.8,+20.8,MB	
1702271624.672648	+6.79,+2.1,+22.3,AB	+6.44,+27.0,+22.3,IA	+7.04,-5.9,+22.3,CB	+6.98,-1.4,+20.8,GB		+7.04,-4.3,+20.8,AB	
1702271686.6808207	+6.79,+2.1,+22.3,AB	+6.44,+27.0,+22.4,NA	+7.04,-5.7,+22.3,MB	+6.98,-1.6,+20.8,EB		+7.04,-3.8,+20.8,MB	
1702271748.690299	+6.79,+2.1,+22.3,AB	+6.44,+27.0,+22.4,NA	+7.04,-5.8,+22.3,BB	+6.97,-1.2,+20.8,NB		+7.05,-4.5,+20.8,FB	
1702271810.6982114	+6.79,+2.1,+22.3,AB	+6.44,+27.1,+22.3,HA	+7.04,-5.7,+22.3,MB	+6.98,-1.5,+20.8,FB		+7.05,-4.5,+20.8,FB	
1702271872.7053127	+6.79,+2.0,+22.3,@B	+6.44,+27.1,+22.4,OA	+7.04,-5.9,+22.3,CB	+6.98,-1.4,+20.9,FB		+7.05,-4.4,+20.8,GB	
1702271934.7148395	+6.79,+2.1,+22.3,AB	+6.44,+27.0,+22.4,NA	+7.04,-5.8,+22.3,BB	+6.98,-1.6,+20.8,EB		+7.05,-4.4,+20.8,GB	
1702271996.7218864	+6.79,+2.0,+22.3,@B	+6.44,+26.9,+22.3,AA	+7.04,-5.8,+22.3,BB	+6.98,-1.3,+20.8,@B		+7.04,-3.8,+20.8,MB	
1702272058.7312644	+6.79,+2.0,+22.3,@B	+6.44,+27.1,+22.4,OA	+7.04,-5.8,+22.3,BB	+6.98,-1.4,+20.8,GB		+7.05,-4.4,+20.8,GB	
1702272120.7402647	+6.79,+2.1,+22.3,AB	+6.44,+27.0,+22.4,NA	+7.04,-5.7,+22.3,MB	+6.97,-1.2,+20.8,NB		+7.05,-4.3,+20.8,@B	
1702272182.7503414	+6.79,+2.0,+22.3,@B	+6.44,+27.1,+22.4,OA	+7.04,-5.9,+22.4,DB	+6.98,-1.6,+20.8,EB		+7.04,-4.1,+20.8,CB	
1702272244.757932	+6.79,+2.0,+22.3,@B	+6.44,+27.1,+22.4,OA	+7.04,-5.8,+22.3,BB	+6.98,-1.3,+20.8,@B		+7.05,-4.5,+20.8,FB	
1702272306.7663312	+6.79,+2.0,+22.3,@B	+6.44,+27.0,+22.4,NA	+7.04,-5.7,+22.3,MB	+6.97,-1.2,+20.8,NB		+7.05,-4.6,+20.8,EB	
1702272368.7765613	+6.79,+2.0,+22.3,@B	+6.44,+26.9,+22.4,FA	+7.04,-5.9,+22.4,DB	+6.98,-1.5,+20.9,GB		+7.04,-3.9,+20.8,LB	
1702272430.7822943	+6.79,+2.0,+22.3,@B	+6.44,+27.2,+22.4,LA	+7.04,-5.9,+22.4,DB	+6.98,-1.3,+20.8,@B		+7.04,-3.8,+20.8,MB	
1702272492.7900405	+6.79,+2.0,+22.3,@B	+6.44,+27.0,+22.4,NA	+7.04,-5.9,+22.4,DB	+6.97,-1.2,+20.9,OB		+7.05,-4.3,+20.8,@B	
1702272554.7977288	+6.79,+2.0,+22.3,@B	+6.44,+27.1,+22.4,OA	+7.04,-5.8,+22.3,BB	+6.98,-1.6,+20.9,DB		+7.04,-4.2,+20.8,@B	
1702272616.807343	+6.79,+2.0,+22.3,@B	+6.44,+27.1,+22.4,OA	+7.04,-5.9,+22.4,DB	+6.97,-1.3,+20.9,NB		+7.04,-3.8,+20.8,MB	
1702272678.8169377	+6.79,+2.0,+22.3,@B	+6.44,+27.1,+22.4,OA	+7.04,-5.8,+22.4,EB	+6.98,-1.5,+20.9,GB		+7.04,-4.2,+20.8,@B	
1702272740.8255758	+6.79,+1.9,+22.3,JB	+6.44,+27.2,+22.4,LA	+7.04,-5.9,+22.4,DB	+6.98,-1.4,+20.9,FB		+7.05,-4.5,+20.8,FB	
1702272802.8258343	+6.79,+2.0,+22.3,@B	+6.44,+26.9,+22.4,FA	+7.04,-5.9,+22.4,DB	+6.98,-1.4,+20.9,FB		+7.04,-3.8,+20.8,MB	
1702272864.8339403	+6.79,+2.0,+22.3,@B	+6.44,+27.2,+22.4,LA	+7.04,-5.9,+22.4,DB	+6.98,-1.4,+20.9,FB		+7.05,-4.4,+20.8,GB	
1702272926.839617	+6.79,+2.0,+22.3,@B	+6.44,+27.2,+22.4,LA	+7.04,-5.8,+22.4,EB	+6.98,-1.5,+20.9,GB		+7.04,-4.1,+20.8,CB	
1702272988.8472302	+6.79,+2.0,+22.3,@B	+6.44,+27.1,+22.4,OA	+7.04,-6.0,+22.4,NB	+6.98,-1.4,+20.9,FB		+7.04,-4.0,+20.8,BB	
1702273050.8572986	+6.79,+2.0,+22.3,@B	+6.44,+27.0,+22.4,NA	+7.04,-6.0,+22.4,NB	+6.98,-1.3,+20.9,AB		+7.05,-4.4,+20.8,GB	
1702273112.8650746	+6.79,+2.0,+22.3,@B	+6.44,+27.1,+22.4,OA	+7.04,-5.8,+22.4,EB	+6.98,-1.5,+20.9,GB		+7.04,-3.8,+20.8,MB	
1702273359.6401496	+6.79,+2.0,+22.3,@B	+6.44,+27.1,+22.4,OA	+7.04,-5.9,+22.3,CB	+6.98,-1.4,+20.8,GB		+7.05,-4.5,+20.8,FB	
