62309060419	62309060427	62309060471	62309060472	62309060473	62309060475	
1702230029.9700422	+6.64,+20.7,+20.4,NA	+3.03,+231.3,+20.8,@B	+6.35,+37.6,+20.8,AA	+7.83,-49.0,+25.6,OA	+2.48,+266.8,+25.2,HB	+2.55,+263.1,+25.4,NB	
1702230091.981326	+6.64,+20.7,+20.4,NA	+3.03,+231.3,+20.8,@B	+6.35,+37.6,+20.8,AA	+7.83,-48.9,+25.5,DA	+2.49,+266.7,+25.2,FB	+2.55,+262.8,+25.4,FB	
1702230153.99014	+6.64,+20.7,+20.4,NA	+3.03,+231.3,+20.8,@B	+6.35,+37.7,+20.8,@A	+7.83,-49.0,+25.6,OA	+2.48,+267.0,+25.2,AB	+2.53,+264.0,+25.3,IB	
1702230215.999682	+6.64,+20.7,+20.4,NA	+3.03,+231.3,+20.8,@B	+6.35,+37.7,+20.8,@A	+7.83,-48.9,+25.6,GA	+2.48,+267.1,+25.2,@B	+2.54,+263.6,+25.3,OB	
1702230278.0092044	+6.64,+20.7,+20.4,NA	+3.02,+231.3,+20.8,AB	+6.35,+37.8,+20.8,OA	+7.80,-47.2,+25.6,@A	+2.49,+266.7,+25.2,FB	+2.55,+263.1,+25.3,IB	
1702230340.0140965	+6.64,+20.8,+20.4,AA	+3.03,+231.3,+20.8,@B	+6.35,+37.6,+20.8,AA	+7.84,-49.4,+25.5,OA	+2.48,+267.2,+25.2,CB	+2.53,+264.5,+25.4,KB	
1702230402.0249054	+6.64,+20.7,+20.4,NA	+3.03,+231.3,+20.8,@B	+6.35,+37.7,+20.8,@A	+7.82,-48.8,+25.6,GA	+2.48,+267.1,+25.2,@B	+2.53,+264.5,+25.4,KB	
1702230464.0329988	+6.64,+20.7,+20.4,NA	+3.03,+231.3,+20.8,@B	+6.35,+37.6,+20.8,AA	+7.82,-48.6,+25.6,IA	+2.48,+266.8,+25.2,HB	+2.53,+264.4,+25.3,MB	
1702230526.0433733	+6.64,+20.7,+20.4,NA	+3.03,+231.3,+20.8,@B	+6.35,+37.7,+20.8,@A	+7.81,-48.2,+25.6,NA	+2.48,+266.8,+25.2,HB	+2.55,+263.3,+25.4,LB	
1702230588.0524216	+6.64,+20.8,+20.3,FA	+3.03,+231.3,+20.8,@B	+6.35,+37.8,+20.8,OA	+7.82,-48.3,+25.5,OA	+2.48,+267.0,+25.2,AB	+2.53,+264.4,+25.4,JB	
1702230650.0599577	+6.64,+20.8,+20.4,AA	+3.02,+231.4,+20.8,FB	+6.35,+37.6,+20.8,AA	+7.81,-48.1,+25.6,MA	+2.49,+266.4,+25.2,EB	+2.54,+263.6,+25.3,OB	
1702230712.0707932	+6.64,+20.8,+20.4,AA	+3.02,+231.4,+20.8,FB	+6.35,+37.7,+20.8,@A	+7.82,-48.3,+25.6,LA	+2.49,+266.3,+25.2,BB	+2.54,+263.4,+25.4,JB	
1702230774.0770726	+6.64,+20.7,+20.4,NA	+3.03,+231.3,+20.8,@B	+6.35,+37.8,+20.8,OA	+7.82,-48.4,+25.6,KA	+2.49,+266.6,+25.2,GB	+2.53,+264.5,+25.4,KB	
1702230836.0855525	+6.64,+20.8,+20.3,FA	+3.03,+231.3,+20.8,@B	+6.35,+37.7,+20.8,@A	+7.81,-48.2,+25.6,NA	+2.47,+267.3,+25.2,MB	+2.52,+264.7,+25.4,HB	
1702231082.8260367	+6.64,+20.7,+20.4,NA	+3.02,+231.3,+20.7,NB	+6.35,+37.7,+20.8,@A	+7.82,-48.6,+25.6,IA	+2.48,+266.8,+25.2,HB	+2.53,+264.1,+25.4,OB	
1702231144.8351173	+6.64,+20.7,+20.4,NA	+3.03,+231.3,+20.8,@B	+6.35,+37.7,+20.8,@A	+7.82,-48.4,+25.6,KA	+2.48,+266.7,+25.2,GB	+2.53,+264.4,+25.3,MB	
1702231206.842787	+6.64,+20.8,+20.3,FA	+3.03,+231.3,+20.8,@B	+6.35,+37.7,+20.8,@A	+7.82,-48.2,+25.6,MA	+2.47,+267.4,+25.2,JB	+2.54,+263.5,+25.3,LB	
1702231268.8526764	+6.64,+20.8,+20.4,AA	+3.03,+231.3,+20.7,OB	+6.35,+37.6,+20.8,AA	+7.82,-48.3,+25.6,LA	+2.48,+266.8,+25.2,HB	+2.52,+264.9,+25.4,FB	
1702231330.859047	+6.64,+20.7,+20.3,IA	+3.02,+231.3,+20.8,AB	+6.35,+37.6,+20.8,AA	+7.82,-48.3,+25.6,LA	+2.48,+267.0,+25.2,AB	+2.54,+263.7,+25.3,NB	
1702231392.8670118	+6.64,+20.7,+20.4,NA	+3.03,+231.3,+20.7,OB	+6.35,+37.6,+20.8,AA	+7.82,-48.3,+25.5,OA	+2.48,+267.0,+25.2,AB	+2.54,+263.9,+25.4,GB	
1702231454.8748035	+6.64,+20.8,+20.4,AA	+3.03,+231.3,+20.8,@B	+6.35,+37.7,+20.8,@A	+7.82,-48.4,+25.5,HA	+2.48,+266.9,+25.2,IB	+2.52,+264.9,+25.3,AB	
1702231516.8842566	+6.64,+20.7,+20.4,NA	+3.03,+231.3,+20.8,@B	+6.35,+37.6,+20.8,AA	+7.82,-48.4,+25.5,HA	+2.47,+267.4,+25.2,JB	+2.55,+263.3,+25.4,LB	
1702231578.8949792	+6.64,+20.8,+20.4,AA	+3.03,+231.3,+20.7,OB	+6.35,+37.6,+20.8,AA	+7.82,-48.5,+25.6,JA	+2.48,+267.0,+25.2,AB	+2.55,+262.8,+25.3,AB	
1702231640.9041975	+6.64,+20.8,+20.4,AA	+3.03,+231.3,+20.8,@B	+6.35,+37.7,+20.8,@A	+7.82,-48.4,+25.6,KA	+2.49,+266.1,+25.2,@B	+2.53,+264.0,+25.4,NB	
1702231702.9154036	+6.64,+20.8,+20.3,FA	+3.02,+231.4,+20.8,FB	+6.35,+37.6,+20.8,AA	+7.82,-48.5,+25.6,JA	+2.49,+266.2,+25.2,CB	+2.53,+264.0,+25.3,IB	
1702231764.9222896	+6.64,+20.8,+20.4,AA	+3.03,+231.3,+20.8,@B	+6.35,+37.7,+20.8,@A	+7.81,-48.0,+25.6,LA	+2.49,+266.4,+25.2,EB	+2.55,+263.2,+25.4,MB	
1702231826.9322941	+6.64,+20.8,+20.4,AA	+3.03,+231.3,+20.7,OB	+6.35,+37.7,+20.8,@A	+7.81,-48.0,+25.6,LA	+2.49,+266.4,+25.2,EB	+2.56,+262.4,+25.4,IB	
1702231888.9387915	+6.64,+20.8,+20.4,AA	+3.03,+231.3,+20.8,@B	+6.35,+37.6,+20.8,AA	+7.82,-48.3,+25.6,LA	+2.49,+266.3,+25.2,BB	+2.56,+262.7,+25.4,JB	
1702231950.9488084	+6.64,+20.8,+20.4,AA	+3.02,+231.3,+20.8,AB	+6.35,+37.6,+20.8,AA	+7.82,-48.2,+25.5,NA	+2.49,+266.5,+25.2,DB	+2.56,+262.5,+25.3,OB	
1702232012.957772	+6.64,+20.8,+20.4,AA	+3.02,+231.3,+20.8,AB	+6.36,+37.5,+20.8,AA	+7.82,-48.5,+25.6,JA	+2.50,+266.0,+25.2,IB	+2.54,+263.6,+25.4,HB	
1702232074.9674933	+6.64,+20.9,+20.4,@A	+3.02,+231.3,+20.7,NB	+6.35,+37.6,+20.8,AA	+7.82,-48.5,+25.6,JA	+2.49,+266.5,+25.2,DB	+2.55,+263.3,+25.4,LB	
1702232136.9764318	+6.64,+20.8,+20.4,AA	+3.02,+231.3,+20.8,AB	+6.35,+37.6,+20.8,AA	+7.82,-48.5,+25.6,JA	+2.49,+266.7,+25.2,FB	+2.55,+262.7,+25.4,IB	
1702232198.986116	+6.64,+20.8,+20.4,AA	+3.02,+231.3,+20.8,AB	+6.35,+37.5,+20.8,BA	+7.82,-48.2,+25.5,NA	+2.49,+266.6,+25.2,GB	+2.56,+262.5,+25.3,OB	
1702232260.9943244	+6.64,+20.9,+20.4,@A	+3.03,+231.3,+20.8,@B	+6.35,+37.5,+20.8,BA	+7.81,-48.1,+25.5,NA	+2.49,+266.4,+25.2,EB	+2.56,+262.5,+25.4,HB	
1702232323.0023947	+6.64,+20.8,+20.4,AA	+3.02,+231.4,+20.8,FB	+6.35,+37.7,+20.8,@A	+7.81,-48.1,+25.6,MA	+2.50,+265.9,+25.2,CB	+2.54,+263.4,+25.3,MB	
1702232385.010635	+6.64,+20.9,+20.4,@A	+3.03,+231.3,+20.8,@B	+6.35,+37.5,+20.8,BA	+7.81,-48.1,+25.5,NA	+2.49,+266.2,+25.2,CB	+2.56,+262.7,+25.4,JB	
1702232447.0184944	+6.64,+20.8,+20.4,AA	+3.03,+231.3,+20.8,@B	+6.35,+37.7,+20.8,@A	+7.82,-48.3,+25.6,LA	+2.49,+266.3,+25.2,BB	+2.55,+262.9,+25.4,GB	
1702232509.028016	+6.64,+20.9,+20.4,@A	+3.03,+231.3,+20.8,@B	+6.35,+37.7,+20.8,@A	+7.82,-48.4,+25.6,KA	+2.49,+266.6,+25.2,GB	+2.56,+262.6,+25.3,LB	
1702232571.0384803	+6.64,+20.8,+20.4,AA	+3.02,+231.4,+20.8,FB	+6.35,+37.6,+20.8,AA	+7.82,-48.6,+25.5,JA	+2.50,+266.1,+25.2,HB	+2.54,+263.8,+25.4,FB	
1702232633.0463731	+6.64,+20.9,+20.4,@A	+3.03,+231.3,+20.8,@B	+6.35,+37.6,+20.8,AA	+7.81,-48.1,+25.6,MA	+2.49,+266.5,+25.2,DB	+2.56,+262.7,+25.4,JB	
1702232695.051296	+6.64,+20.9,+20.4,@A	+3.02,+231.3,+20.8,AB	+6.35,+37.7,+20.8,@A	+7.77,-45.3,+25.5,HA	+2.49,+266.6,+25.2,GB	+2.56,+262.6,+25.3,LB	
1702232757.0598683	+6.64,+20.8,+20.4,AA	+3.02,+231.4,+20.8,FB	+6.35,+37.6,+20.8,AA	+7.76,-44.8,+25.6,@A	+2.49,+266.6,+25.2,GB	+2.55,+262.9,+25.3,@B	
1702232819.0674071	+6.64,+20.8,+20.4,AA	+3.02,+231.4,+20.7,IB	+6.35,+37.6,+20.8,AA	+7.77,-45.3,+25.6,KA	+2.50,+266.0,+25.2,IB	+2.53,+264.3,+25.3,JB	
1702232881.0779393	+6.64,+20.7,+20.4,NA	+3.03,+231.3,+20.8,@B	+6.35,+37.6,+20.8,AA	+7.77,-45.5,+25.5,NA	+2.49,+266.3,+25.2,BB	+2.54,+263.9,+25.4,GB	
1702232943.0872045	+6.64,+20.7,+20.4,NA	+3.03,+231.3,+20.7,OB	+6.35,+37.6,+20.8,AA	+7.78,-46.2,+25.5,EA	+2.49,+266.6,+25.2,GB	+2.55,+263.0,+25.4,OB	
1702233005.097208	+6.65,+20.6,+20.4,NA	+3.03,+231.3,+20.8,@B	+6.35,+37.7,+20.8,@A	+7.79,-46.9,+25.5,OA	+2.49,+266.5,+25.2,DB	+2.54,+263.8,+25.4,FB	
1702233067.1050997	+6.64,+20.7,+20.4,NA	+3.02,+231.4,+20.8,FB	+6.35,+37.6,+20.8,AA	+7.79,-46.9,+25.6,LA	+2.48,+266.7,+25.2,GB	+2.55,+262.9,+25.4,GB	
1702233129.1136665	+6.64,+20.6,+20.3,HA	+3.03,+231.3,+20.8,@B	+6.35,+37.7,+20.8,@A	+7.80,-47.3,+25.5,BA	+2.49,+266.5,+25.2,DB	+2.55,+263.2,+25.4,MB	
1702233191.1210756	+6.65,+20.5,+20.4,MA	+3.02,+231.4,+20.8,FB	+6.35,+37.6,+20.8,AA	+7.76,-45.1,+25.6,HA	+2.49,+266.5,+25.2,DB	+2.52,+264.7,+25.4,HB	
1702233253.1286027	+6.64,+20.6,+20.4,OA	+3.02,+231.3,+20.8,AB	+6.35,+37.6,+20.8,AA	+7.72,-42.5,+25.6,OA	+2.49,+266.6,+25.2,GB	+2.55,+263.0,+25.4,OB	
1702233315.1427205	+6.65,+20.5,+20.4,MA	+3.03,+231.3,+20.8,@B	+6.35,+37.6,+20.8,AA	+7.78,-46.2,+25.5,EA	+2.49,+266.5,+25.2,DB	+2.52,+264.6,+25.3,NB	
1702233377.1511889	+6.64,+20.7,+20.4,NA	+3.02,+231.4,+20.8,FB	+6.35,+37.7,+20.8,@A	+7.80,-47.2,+25.6,@A	+2.49,+266.2,+25.1,@B	+2.54,+263.7,+25.4,IB	
1702233439.1615038	+6.65,+20.6,+20.4,NA	+3.03,+231.3,+20.8,@B	+6.35,+37.7,+20.8,@A	+7.80,-47.2,+25.5,CA	+2.49,+266.2,+25.2,CB	+2.54,+263.9,+25.4,GB	
1702233501.1710618	+6.64,+20.7,+20.3,IA	+3.02,+231.4,+20.8,FB	+6.36,+37.5,+20.8,AA	+7.80,-47.3,+25.5,BA	+2.48,+267.0,+25.2,AB	+2.54,+263.7,+25.4,IB	
1702233563.1791344	+6.64,+20.7,+20.3,IA	+3.03,+231.3,+20.8,@B	+6.36,+37.5,+20.8,AA	+7.80,-47.2,+25.6,@A	+2.49,+266.5,+25.2,DB	+2.55,+263.1,+25.4,NB	
1702233625.186003	+6.64,+20.6,+20.3,HA	+3.02,+231.3,+20.8,AB	+6.35,+37.7,+20.8,@A	+7.80,-47.3,+25.6,AA	+2.50,+266.1,+25.2,HB	+2.54,+263.8,+25.4,FB	
1702233687.1955261	+6.65,+20.6,+20.4,NA	+3.03,+231.3,+20.8,@B	+6.35,+37.7,+20.8,@A	+7.80,-47.5,+25.6,GA	+2.49,+266.5,+25.2,DB	+2.52,+264.6,+25.4,IB	
1702233749.2033472	+6.64,+20.7,+20.3,IA	+3.03,+231.3,+20.8,@B	+6.35,+37.6,+20.8,AA	+7.81,-47.6,+25.6,EA	+2.48,+266.9,+25.2,IB	+2.54,+263.5,+25.4,KB	
1702233811.2126617	+6.65,+20.6,+20.4,NA	+3.03,+231.3,+20.8,@B	+6.35,+37.6,+20.8,AA	+7.80,-47.4,+25.6,FA	+2.49,+266.4,+25.2,EB	+2.55,+263.1,+25.4,NB	
1702233873.2243388	+6.65,+20.6,+20.3,IA	+3.02,+231.4,+20.8,FB	+6.36,+37.5,+20.8,AA	+7.80,-47.4,+25.6,FA	+2.49,+266.3,+25.2,BB	+2.54,+263.5,+25.4,KB	
1702233935.2327406	+6.65,+20.6,+20.4,NA	+3.02,+231.4,+20.8,FB	+6.36,+37.4,+20.8,@A	+7.79,-47.0,+25.5,GA	+2.49,+266.3,+25.2,BB	+2.53,+263.9,+25.3,GB	
1702233997.242177	+6.64,+20.7,+20.4,NA	+3.03,+231.3,+20.8,@B	+6.35,+37.6,+20.8,AA	+7.80,-47.1,+25.6,CA	+2.48,+266.9,+25.2,IB	+2.54,+263.7,+25.4,IB	
1702234059.2506242	+6.64,+20.7,+20.4,NA	+3.02,+231.4,+20.8,FB	+6.35,+37.6,+20.8,AA	+7.80,-47.2,+25.5,CA	+2.48,+266.9,+25.2,IB	+2.54,+263.4,+25.4,JB	
1702234121.2594502	+6.65,+20.6,+20.4,NA	+3.03,+231.3,+20.8,@B	+6.35,+37.6,+20.8,AA	+7.81,-47.8,+25.6,KA	+2.49,+266.7,+25.2,FB	+2.53,+264.2,+25.4,LB	
1702234183.2691584	+6.64,+20.7,+20.3,IA	+3.02,+231.4,+20.8,FB	+6.36,+37.5,+20.8,AA	+7.81,-47.9,+25.5,IA	+2.49,+266.6,+25.2,GB	+2.55,+262.9,+25.4,GB	
1702234245.2785945	+6.64,+20.7,+20.3,IA	+3.02,+231.3,+20.8,AB	+6.35,+37.6,+20.8,AA	+7.81,-48.1,+25.6,MA	+2.49,+266.6,+25.2,GB	+2.55,+262.9,+25.4,GB	
1702234307.2881582	+6.64,+20.8,+20.3,FA	+3.02,+231.4,+20.8,FB	+6.35,+37.7,+20.8,@A	+7.81,-48.1,+25.6,MA	+2.47,+267.3,+25.2,MB	+2.52,+264.5,+25.3,MB	
1702234369.2949045	+6.64,+20.8,+20.4,AA	+3.02,+231.4,+20.8,FB	+6.36,+37.4,+20.8,@A	+7.81,-48.0,+25.6,LA	+2.48,+266.9,+25.2,IB	+2.54,+263.4,+25.3,MB	
1702234431.3040402	+6.64,+20.8,+20.4,AA	+3.03,+231.3,+20.8,@B	+6.35,+37.6,+20.8,AA	+7.81,-47.8,+25.6,KA	+2.47,+267.4,+25.2,JB	+2.52,+264.5,+25.4,JB	
1702234493.310861	+6.64,+20.8,+20.4,AA	+3.02,+231.4,+20.8,FB	+6.36,+37.5,+20.8,AA	+7.80,-47.6,+25.5,GA	+2.48,+266.9,+25.2,IB	+2.54,+263.3,+25.4,MB	
1702234555.3208265	+6.64,+20.8,+20.4,AA	+3.03,+231.3,+20.8,@B	+6.35,+37.6,+20.8,AA	+7.80,-47.3,+25.6,AA	+2.47,+267.3,+25.2,MB	+2.52,+264.6,+25.4,IB	
1702234617.3311214	+6.64,+20.9,+20.4,@A	+3.02,+231.3,+20.8,AB	+6.35,+37.6,+20.8,AA	+6.74,+15.6,+25.5,LA	+2.48,+266.9,+25.2,IB	+2.54,+263.4,+25.3,MB	
1702234679.3402615	+6.64,+20.8,+20.4,AA	+3.03,+231.3,+20.8,@B	+6.36,+37.5,+20.8,AA	+6.74,+15.5,+25.6,LA	+2.48,+267.2,+25.2,CB	+2.52,+264.5,+25.4,JB	
1702234926.0551827	+6.64,+20.9,+20.4,@A	+3.03,+231.3,+20.8,@B	+6.35,+37.6,+20.8,AA	+6.77,+13.5,+25.6,IA	+2.49,+266.5,+25.2,DB	+2.52,+264.7,+25.3,OB	
1702234988.0645223	+6.64,+20.8,+20.4,AA	+3.03,+231.3,+20.8,@B	+6.35,+37.6,+20.8,AA	+6.75,+14.9,+25.5,CA	+2.48,+267.0,+25.2,AB	+2.54,+263.4,+25.3,MB	
1702235050.0709188	+6.64,+20.9,+20.4,@A	+3.03,+231.3,+20.8,@B	+6.35,+37.6,+20.8,AA	+6.77,+13.8,+25.6,DA	+2.48,+267.1,+25.2,@B	+2.54,+263.6,+25.3,OB	
1702235112.0806773	+6.64,+20.9,+20.4,@A	+3.02,+231.4,+20.8,FB	+6.35,+37.6,+20.8,AA	+6.77,+13.7,+25.5,HA	+2.48,+266.8,+25.2,HB	+2.53,+264.3,+25.4,MB	
1702235174.086236	+6.64,+20.9,+20.4,@A	+3.03,+231.3,+20.8,@B	+6.35,+37.7,+20.8,@A	+6.75,+14.6,+25.5,LA	+2.48,+267.0,+25.2,AB	+2.53,+264.4,+25.3,MB	
1702235236.0966923	+6.64,+20.9,+20.4,@A	+3.02,+231.3,+20.8,AB	+6.35,+37.7,+20.8,@A	+6.75,+14.7,+25.6,NA	+2.48,+267.3,+25.2,BB	+2.53,+264.2,+25.4,LB	
1702235298.1090758	+6.64,+20.8,+20.3,FA	+3.02,+231.4,+20.8,FB	+6.35,+37.6,+20.8,AA	+6.76,+14.3,+25.6,IA	+2.47,+267.4,+25.2,JB	+2.55,+263.2,+25.3,JB	
1702235360.1189451	+6.64,+20.9,+20.4,@A	+3.03,+231.3,+20.8,@B	+6.35,+37.6,+20.8,AA	+6.75,+14.8,+25.6,AA	+2.48,+267.2,+25.2,CB	+2.52,+264.6,+25.3,NB	
1702235422.1288288	+6.64,+20.9,+20.4,@A	+3.02,+231.3,+20.8,AB	+6.36,+37.5,+20.8,AA	+6.76,+14.5,+25.6,OA	+2.48,+267.0,+25.2,AB	+2.52,+264.8,+25.3,@B	
1702235484.1361961	+6.64,+20.8,+20.4,AA	+3.02,+231.4,+20.8,FB	+6.35,+37.5,+20.8,BA	+6.77,+13.5,+25.6,IA	+2.47,+267.3,+25.2,MB	+2.54,+263.5,+25.4,KB	
1702235546.1459897	+6.64,+20.9,+20.4,@A	+3.02,+231.4,+20.8,FB	+6.36,+37.5,+20.8,AA	+6.79,+12.3,+25.5,CA	+2.47,+267.6,+25.2,HB	+2.53,+264.3,+25.4,MB	
1702235608.1512039	+6.64,+20.9,+20.4,@A	+3.03,+231.3,+20.8,@B	+6.36,+37.5,+20.8,AA	+6.75,+14.6,+25.5,LA	+2.47,+267.5,+25.2,KB	+2.54,+263.7,+25.4,IB	
1702235670.1606574	+6.64,+20.9,+20.4,@A	+3.03,+231.3,+20.8,@B	+6.35,+37.6,+20.8,AA	+6.76,+14.0,+25.6,JA	+2.48,+266.9,+25.2,IB	+2.53,+263.9,+25.3,GB	
1702235732.1707027	+6.64,+20.9,+20.4,@A	+3.02,+231.4,+20.8,FB	+6.36,+37.5,+20.8,AA	+6.78,+12.7,+25.6,EA	+2.48,+266.9,+25.2,IB	+2.54,+263.7,+25.3,NB	
1702235794.180399	+6.64,+20.9,+20.4,@A	+3.02,+231.4,+20.8,FB	+6.35,+37.6,+20.8,AA	+6.76,+14.0,+25.6,JA	+2.48,+267.3,+25.2,BB	+2.52,+264.8,+25.3,@B	
1702235856.19026	+6.64,+21.0,+20.3,OA	+3.02,+231.4,+20.8,FB	+6.36,+37.5,+20.8,AA	+6.77,+13.8,+25.5,GA	+2.48,+266.8,+25.2,HB	+2.53,+264.5,+25.3,LB	
1702235918.1971674	+6.64,+20.9,+20.3,GA	+3.02,+231.3,+20.8,AB	+6.36,+37.4,+20.8,@A	+6.76,+14.0,+25.6,JA	+2.48,+267.0,+25.2,AB	+2.54,+263.6,+25.3,OB	
1702235980.2052372	+6.64,+20.9,+20.4,@A	+3.02,+231.4,+20.8,FB	+6.36,+37.4,+20.8,@A	+6.75,+14.9,+25.6,@A	+2.48,+267.0,+25.2,AB	+2.54,+263.6,+25.3,OB	
1702236042.214647	+6.64,+20.9,+20.3,GA	+3.02,+231.4,+20.8,FB	+6.35,+37.6,+20.8,AA	+6.75,+14.6,+25.6,OA	+2.47,+267.7,+25.2,IB	+2.53,+264.0,+25.4,NB	
1702236104.2245338	+6.64,+20.9,+20.4,@A	+3.02,+231.4,+20.8,FB	+6.35,+37.6,+20.8,AA	+6.76,+14.4,+25.6,NA	+2.47,+267.6,+25.2,HB	+2.54,+263.8,+25.3,AB	
1702236166.2340558	+6.64,+20.9,+20.3,GA	+3.02,+231.4,+20.8,FB	+6.36,+37.5,+20.8,AA	+6.75,+15.1,+25.6,IA	+2.47,+267.4,+25.2,JB	+2.53,+264.3,+25.4,MB	
1702236228.2419543	+6.64,+20.9,+20.3,GA	+3.02,+231.4,+20.8,FB	+6.35,+37.6,+20.8,AA	+6.75,+15.0,+25.6,HA	+2.47,+267.5,+25.2,KB	+2.53,+264.2,+25.4,LB	
1702236290.2501998	+6.64,+20.9,+20.4,@A	+3.02,+231.4,+20.8,FB	+6.36,+37.5,+20.8,AA	+6.75,+14.7,+25.6,NA	+2.48,+266.9,+25.2,IB	+2.55,+263.3,+25.3,KB	
1702236352.257953	+6.64,+21.0,+20.4,HA	+3.02,+231.4,+20.8,FB	+6.35,+37.6,+20.8,AA	+6.75,+14.8,+25.6,AA	+2.48,+266.8,+25.2,HB	+2.52,+264.6,+25.4,IB	
1702236414.2664738	+6.64,+21.0,+20.4,HA	+3.02,+231.4,+20.8,FB	+6.35,+37.6,+20.8,AA	+6.75,+14.5,+25.6,LA	+2.49,+266.6,+25.2,GB	+2.54,+263.9,+25.3,@B	
1702236476.2761831	+6.64,+20.9,+20.4,@A	+3.03,+231.3,+20.8,@B	+6.36,+37.5,+20.8,AA	+6.76,+13.9,+25.6,DA	+2.48,+267.1,+25.2,@B	+2.53,+264.4,+25.3,MB	
1702236538.2839413	+6.64,+21.0,+20.4,HA	+3.03,+231.3,+20.8,@B	+6.36,+37.5,+20.8,AA	+6.77,+13.8,+25.6,DA	+2.48,+266.8,+25.2,HB	+2.53,+264.3,+25.4,MB	
1702236600.29454	+6.64,+21.0,+20.4,HA	+3.02,+231.4,+20.8,FB	+6.35,+37.6,+20.8,AA	+6.82,+10.7,+25.6,BA	+2.47,+267.4,+25.2,JB	+2.53,+264.4,+25.4,JB	
1702236662.3042395	+6.64,+20.9,+20.4,@A	+3.02,+231.4,+20.8,FB	+6.35,+37.6,+20.8,AA	+6.79,+12.3,+25.5,CA	+2.47,+267.4,+25.2,JB	+2.52,+264.5,+25.4,JB	
1702236724.3119292	+6.64,+20.9,+20.4,@A	+3.02,+231.3,+20.8,AB	+6.35,+37.6,+20.8,AA	+6.78,+13.0,+25.5,@A	+2.47,+267.4,+25.2,JB	+2.52,+264.7,+25.4,HB	
1702236786.3198817	+6.64,+21.0,+20.3,OA	+3.03,+231.3,+20.8,@B	+6.35,+37.6,+20.8,AA	+6.76,+14.3,+25.5,JA	+2.47,+267.3,+25.2,MB	+2.53,+264.3,+25.4,MB	
1702236848.329259	+6.64,+21.1,+20.4,IA	+3.02,+231.4,+20.8,FB	+6.36,+37.5,+20.8,AA	+6.76,+14.1,+25.6,KA	+2.49,+266.6,+25.2,GB	+2.54,+263.6,+25.4,HB	
1702236910.3379395	+6.64,+21.0,+20.4,HA	+3.02,+231.4,+20.8,FB	+6.35,+37.6,+20.8,AA	+6.77,+13.8,+25.6,DA	+2.49,+266.7,+25.2,FB	+2.54,+263.8,+25.4,FB	
1702236972.3450553	+6.64,+21.1,+20.4,IA	+3.02,+231.4,+20.8,FB	+6.35,+37.6,+20.8,AA	+6.76,+14.1,+25.5,HA	+2.48,+266.8,+25.2,HB	+2.54,+263.8,+25.4,FB	
1702237034.3519244	+6.64,+21.0,+20.4,HA	+3.02,+231.4,+20.8,FB	+6.35,+37.7,+20.8,@A	+6.76,+14.0,+25.6,JA	+2.48,+266.9,+25.2,IB	+2.53,+264.1,+25.3,HB	
1702237096.3633122	+6.64,+20.9,+20.4,@A	+3.02,+231.4,+20.8,FB	+6.36,+37.5,+20.8,AA	+6.78,+12.9,+25.5,HA	+2.48,+267.1,+25.2,@B	+2.54,+263.8,+25.4,FB	
1702237158.3718562	+6.64,+21.1,+20.4,IA	+3.02,+231.4,+20.8,FB	+6.35,+37.6,+20.8,AA	+6.80,+12.0,+25.6,EA	+2.48,+266.8,+25.2,HB	+2.55,+263.2,+25.4,MB	
1702237220.3787584	+6.64,+20.9,+20.4,@A	+3.02,+231.4,+20.8,FB	+6.35,+37.7,+20.8,@A	+6.80,+12.0,+25.5,FA	+2.47,+267.5,+25.2,KB	+2.52,+264.7,+25.4,HB	
1702237282.3888366	+6.64,+21.0,+20.4,HA	+3.02,+231.4,+20.8,FB	+6.36,+37.5,+20.8,AA	+6.82,+10.9,+25.5,OA	+2.48,+266.8,+25.2,HB	+2.55,+263.2,+25.4,MB	
1702237344.3988285	+6.64,+21.0,+20.4,HA	+3.02,+231.4,+20.8,FB	+6.35,+37.6,+20.8,AA	+6.78,+12.8,+25.6,JA	+2.48,+266.9,+25.2,IB	+2.54,+263.6,+25.4,HB	
1702237406.4090173	+6.64,+21.0,+20.4,HA	+3.02,+231.4,+20.8,FB	+6.35,+37.6,+20.8,AA	+6.78,+12.9,+25.5,HA	+2.49,+266.5,+25.2,DB	+2.54,+263.4,+25.4,JB	
1702237468.4172866	+6.64,+21.0,+20.4,HA	+3.02,+231.4,+20.8,FB	+6.35,+37.6,+20.8,AA	+6.78,+12.7,+25.6,EA	+2.48,+266.9,+25.2,IB	+2.53,+264.2,+25.3,KB	
1702237530.42626	+6.64,+21.0,+20.4,HA	+3.03,+231.3,+20.8,@B	+6.35,+37.6,+20.8,AA	+6.78,+12.9,+25.6,KA	+2.48,+267.2,+25.2,CB	+2.52,+264.7,+25.4,HB	
1702237592.4336035	+6.64,+21.0,+20.4,HA	+3.02,+231.4,+20.8,FB	+6.35,+37.6,+20.8,AA	+6.78,+13.0,+25.6,CA	+2.48,+267.2,+25.2,CB	+2.52,+264.8,+25.3,@B	
1702237654.442889	+6.64,+21.0,+20.4,HA	+3.02,+231.4,+20.8,FB	+6.35,+37.6,+20.8,AA	+6.78,+13.3,+25.5,CA	+2.48,+266.8,+25.2,HB	+2.52,+264.7,+25.3,OB	
1702237716.4520838	+6.64,+21.1,+20.4,IA	+3.02,+231.4,+20.8,FB	+6.35,+37.6,+20.8,AA	+6.79,+12.2,+25.6,AA	+2.49,+266.5,+25.2,DB	+2.54,+263.7,+25.3,NB	
1702237778.4620357	+6.64,+21.1,+20.3,NA	+3.02,+231.4,+20.8,FB	+6.35,+37.6,+20.8,AA	+6.79,+12.7,+25.6,DA	+2.48,+266.8,+25.2,HB	+2.54,+263.4,+25.4,JB	
1702237840.4708478	+6.64,+21.1,+20.3,NA	+3.02,+231.4,+20.8,FB	+6.35,+37.6,+20.8,AA	+6.79,+12.2,+25.5,BA	+2.49,+266.6,+25.2,GB	+2.54,+263.8,+25.3,AB	
1702237902.48048	+6.64,+21.1,+20.4,IA	+3.03,+231.3,+20.8,@B	+6.35,+37.5,+20.8,BA	+6.79,+12.5,+25.6,FA	+2.49,+266.1,+25.2,@B	+2.54,+263.7,+25.3,NB	
1702237964.4854717	+6.64,+21.1,+20.3,NA	+3.02,+231.4,+20.8,FB	+6.35,+37.6,+20.8,AA	+6.77,+13.3,+25.6,OA	+2.48,+267.0,+25.2,AB	+2.53,+264.0,+25.4,NB	
1702238026.4950414	+6.64,+21.0,+20.4,HA	+3.02,+231.4,+20.8,FB	+6.35,+37.6,+20.8,AA	+6.79,+12.5,+25.6,FA	+2.48,+267.2,+25.2,CB	+2.52,+264.6,+25.4,IB	
1702238088.5042765	+6.64,+21.0,+20.4,HA	+3.02,+231.4,+20.8,FB	+6.35,+37.6,+20.8,AA	+6.77,+13.4,+25.6,HA	+2.47,+267.4,+25.2,JB	+2.52,+264.7,+25.4,HB	
1702238150.511431	+6.64,+21.1,+20.4,IA	+3.02,+231.4,+20.8,FB	+6.35,+37.6,+20.8,AA	+6.81,+11.5,+25.5,AA	+2.49,+266.6,+25.2,GB	+2.53,+264.0,+25.4,NB	
1702238212.5198872	+6.64,+21.1,+20.3,NA	+3.02,+231.4,+20.8,FB	+6.35,+37.6,+20.8,AA	+6.79,+12.2,+25.5,BA	+2.47,+267.3,+25.2,MB	+2.52,+264.9,+25.4,FB	
1702238274.5276864	+6.64,+21.0,+20.4,HA	+3.02,+231.4,+20.8,FB	+6.35,+37.6,+20.8,AA	+6.79,+12.4,+25.5,DA	+2.47,+267.5,+25.1,HB	+2.52,+264.7,+25.4,HB	
1702238336.5371876	+6.64,+21.1,+20.4,IA	+3.02,+231.4,+20.8,FB	+6.35,+37.5,+20.8,BA	+6.79,+12.4,+25.6,GA	+2.48,+266.7,+25.2,GB	+2.54,+263.6,+25.4,HB	
1702238398.5460548	+6.64,+21.1,+20.3,NA	+3.02,+231.4,+20.8,FB	+6.35,+37.6,+20.8,AA	+6.78,+12.8,+25.6,JA	+2.47,+267.5,+25.2,KB	+2.53,+264.0,+25.4,NB	
1702238460.5568724	+6.64,+21.2,+20.4,JA	+3.03,+231.3,+20.8,@B	+6.36,+37.5,+20.8,AA	+6.79,+12.7,+25.5,GA	+2.48,+266.7,+25.2,GB	+2.53,+264.2,+25.4,LB	
1702238522.5665746	+6.64,+21.1,+20.3,NA	+3.02,+231.4,+20.8,FB	+6.35,+37.7,+20.8,@A	+6.83,+10.1,+25.6,EA	+2.48,+267.1,+25.2,@B	+2.55,+263.3,+25.4,LB	
1702238769.3474476	+6.64,+21.1,+20.3,NA	+3.02,+231.4,+20.8,FB	+6.35,+37.6,+20.8,AA	+6.79,+12.5,+25.5,EA	+2.47,+267.4,+25.2,JB	+2.54,+263.8,+25.4,FB	
1702238831.3540204	+6.64,+21.1,+20.4,IA	+3.02,+231.4,+20.8,FB	+6.35,+37.6,+20.8,AA	+6.80,+11.8,+25.6,NA	+2.48,+267.1,+25.2,@B	+2.55,+263.1,+25.4,NB	
1702238893.3616087	+6.64,+21.1,+20.4,IA	+3.02,+231.4,+20.8,FB	+6.35,+37.6,+20.8,AA	+6.78,+12.9,+25.6,KA	+2.48,+267.2,+25.2,CB	+2.55,+263.1,+25.4,NB	
1702238955.3729541	+6.64,+21.2,+20.4,JA	+3.02,+231.4,+20.8,FB	+6.35,+37.6,+20.8,AA	+6.79,+12.6,+25.5,FA	+2.48,+266.9,+25.2,IB	+2.53,+264.2,+25.3,KB	
1702239017.3818142	+6.64,+21.1,+20.4,IA	+3.02,+231.4,+20.8,FB	+6.35,+37.7,+20.8,@A	+6.82,+10.9,+25.5,OA	+2.47,+267.6,+25.2,HB	+2.54,+263.6,+25.4,HB	
1702239079.3893151	+6.64,+21.2,+20.4,JA	+3.02,+231.4,+20.8,FB	+6.35,+37.6,+20.8,AA	+6.88,+6.8,+25.6,@B	+2.48,+267.1,+25.2,@B	+2.52,+264.9,+25.3,AB	
1702239141.397688	+6.64,+21.1,+20.4,IA	+3.03,+231.3,+20.8,@B	+6.35,+37.6,+20.8,AA	+6.88,+7.2,+25.6,KB	+2.48,+267.2,+25.2,CB	+2.54,+263.8,+25.4,FB	
1702239203.4076915	+6.64,+21.2,+20.4,JA	+3.02,+231.4,+20.8,FB	+6.35,+37.6,+20.8,AA	+6.85,+9.1,+25.6,KB	+2.47,+267.3,+25.2,MB	+2.54,+263.6,+25.3,OB	
1702239265.416635	+6.64,+21.1,+20.4,IA	+3.02,+231.5,+20.8,GB	+6.35,+37.7,+20.8,@A	+6.82,+10.5,+25.5,CA	+2.47,+267.5,+25.2,KB	+2.53,+264.4,+25.4,JB	
1702239327.4263647	+6.64,+21.2,+20.4,JA	+3.02,+231.4,+20.8,FB	+6.35,+37.7,+20.8,@A	+6.83,+10.1,+25.6,EA	+2.48,+267.1,+25.2,@B	+2.52,+265.0,+25.3,IB	
1702239389.4367487	+6.64,+21.1,+20.3,NA	+3.02,+231.4,+20.8,FB	+6.35,+37.6,+20.8,AA	+6.84,+9.7,+25.6,LB	+2.47,+267.8,+25.2,FB	+2.54,+263.5,+25.4,KB	
1702239451.446258	+6.64,+21.2,+20.3,MA	+3.02,+231.4,+20.8,FB	+6.35,+37.7,+20.8,@A	+6.84,+9.4,+25.5,LB	+2.48,+267.0,+25.2,AB	+2.51,+265.1,+25.3,KB	
1702239513.453835	+6.64,+21.2,+20.4,JA	+3.02,+231.4,+20.8,FB	+6.35,+37.6,+20.8,AA	+6.84,+9.3,+25.6,HB	+2.48,+267.0,+25.2,AB	+2.51,+265.2,+25.4,OB	
1702239575.4646664	+6.64,+21.2,+20.4,JA	+3.02,+231.4,+20.8,FB	+6.35,+37.7,+20.8,@A	+6.85,+8.8,+25.5,@B	+2.48,+267.1,+25.2,@B	+2.51,+265.2,+25.3,HB	
1702239637.472662	+6.64,+21.2,+20.3,MA	+3.02,+231.4,+20.8,FB	+6.35,+37.7,+20.8,@A	+6.84,+9.2,+25.6,IB	+2.48,+267.0,+25.2,AB	+2.51,+265.1,+25.4,LB	
1702239699.4816318	+6.63,+21.2,+20.3,JA	+3.02,+231.4,+20.8,FB	+6.35,+37.6,+20.8,AA	+6.84,+9.5,+25.6,NB	+2.48,+267.3,+25.2,BB	+2.52,+265.0,+25.3,IB	
1702239761.4911618	+6.64,+21.1,+20.4,IA	+3.03,+231.3,+20.8,@B	+6.35,+37.7,+20.8,@A	+6.85,+8.9,+25.6,BB	+2.46,+268.0,+25.2,@B	+2.54,+263.8,+25.3,AB	
1702239823.4999738	+6.64,+21.2,+20.3,MA	+3.03,+231.3,+20.8,@B	+6.35,+37.7,+20.8,@A	+6.85,+8.8,+25.6,CB	+2.47,+267.7,+25.2,IB	+2.53,+264.1,+25.4,OB	
1702239885.5103943	+6.64,+21.1,+20.3,NA	+3.02,+231.4,+20.8,FB	+6.35,+37.6,+20.8,AA	+6.86,+8.4,+25.5,OB	+2.47,+267.6,+25.2,HB	+2.54,+263.7,+25.4,IB	
1702239947.5191538	+6.64,+21.2,+20.3,MA	+3.02,+231.4,+20.8,FB	+6.35,+37.6,+20.8,AA	+6.84,+9.2,+25.6,IB	+2.48,+267.1,+25.2,@B	+2.52,+264.8,+25.3,@B	
1702240009.5268285	+6.64,+21.2,+20.4,JA	+3.02,+231.4,+20.8,FB	+6.35,+37.6,+20.8,AA	+6.84,+9.7,+25.6,LB	+2.47,+267.7,+25.2,IB	+2.54,+263.7,+25.3,NB	
1702240071.5373998	+6.64,+21.1,+20.3,NA	+3.03,+231.3,+20.8,@B	+6.35,+37.6,+20.8,AA	+6.87,+7.9,+25.5,LB	+2.47,+267.3,+25.2,MB	+2.51,+265.2,+25.4,OB	
1702240133.545281	+6.63,+21.2,+20.4,MA	+3.02,+231.4,+20.8,FB	+6.35,+37.7,+20.8,@A	+6.86,+8.1,+25.6,IB	+2.48,+267.3,+25.2,BB	+2.51,+265.2,+25.3,HB	
1702240195.5536451	+6.63,+21.2,+20.4,MA	+3.02,+231.4,+20.8,FB	+6.35,+37.6,+20.8,AA	+6.87,+8.0,+25.5,JB	+2.48,+267.1,+25.2,@B	+2.52,+264.8,+25.3,@B	
1702240257.562933	+6.64,+21.2,+20.4,JA	+3.02,+231.4,+20.8,FB	+6.36,+37.5,+20.8,AA	+6.86,+8.1,+25.5,JB	+2.47,+267.8,+25.2,FB	+2.54,+263.5,+25.4,KB	
1702240319.5722666	+6.64,+21.2,+20.3,MA	+3.02,+231.4,+20.8,FB	+6.35,+37.7,+20.8,@A	+6.87,+7.6,+25.6,@B	+2.46,+267.9,+25.2,FB	+2.54,+263.7,+25.4,IB	
1702240381.58349	+6.64,+21.2,+20.3,MA	+3.02,+231.4,+20.8,FB	+6.35,+37.6,+20.8,AA	+6.91,+5.6,+25.6,EB	+2.47,+267.7,+25.2,IB	+2.53,+264.5,+25.4,KB	
1702240443.592228	+6.63,+21.3,+20.3,KA	+3.02,+231.4,+20.8,FB	+6.35,+37.6,+20.8,AA	+6.85,+8.6,+25.5,NB	+2.48,+267.2,+25.2,CB	+2.53,+264.3,+25.3,JB	
1702240505.6010444	+6.64,+21.2,+20.4,JA	+3.02,+231.4,+20.8,FB	+6.35,+37.6,+20.8,AA	+6.86,+8.4,+25.5,OB	+2.47,+267.7,+25.2,IB	+2.54,+263.5,+25.4,KB	
1702240567.6104176	+6.63,+21.2,+20.4,MA	+3.02,+231.4,+20.8,FB	+6.36,+37.5,+20.8,AA	+6.86,+8.1,+25.5,JB	+2.47,+267.6,+25.2,HB	+2.52,+264.7,+25.4,HB	
1702240629.6168187	+6.63,+21.3,+20.3,KA	+3.02,+231.4,+20.8,FB	+6.35,+37.6,+20.8,AA	+6.90,+6.1,+25.6,@B	+2.48,+267.1,+25.2,@B	+2.53,+264.4,+25.3,MB	
1702240691.6206074	+6.64,+21.2,+20.3,MA	+3.02,+231.3,+20.8,AB	+6.35,+37.6,+20.8,AA	+6.84,+9.7,+25.6,LB	+2.47,+267.7,+25.2,IB	+2.52,+264.8,+25.4,GB	
1702240753.6278741	+6.63,+21.2,+20.4,MA	+3.02,+231.4,+20.8,FB	+6.35,+37.6,+20.8,AA	+6.86,+8.3,+25.5,HB	+2.47,+267.4,+25.2,JB	+2.51,+265.2,+25.4,OB	
1702240815.637679	+6.64,+21.2,+20.4,JA	+3.02,+231.4,+20.8,FB	+6.36,+37.5,+20.8,AA	+6.96,+2.6,+25.6,EB	+2.47,+267.5,+25.1,HB	+2.54,+263.6,+25.4,HB	
1702240877.6468399	+6.63,+21.2,+20.4,MA	+3.02,+231.4,+20.8,FB	+6.35,+37.6,+20.8,AA	+6.87,+7.8,+25.6,NB	+2.48,+267.3,+25.2,BB	+2.52,+264.8,+25.4,GB	
1702240939.655896	+6.63,+21.3,+20.4,LA	+3.02,+231.4,+20.8,FB	+6.36,+37.5,+20.8,AA	+6.86,+8.1,+25.6,IB	+2.47,+267.5,+25.2,KB	+2.54,+263.7,+25.4,IB	
1702241001.6662474	+6.63,+21.3,+20.4,LA	+3.02,+231.5,+20.8,GB	+6.36,+37.5,+20.8,AA	+6.90,+6.1,+25.6,@B	+2.48,+267.3,+25.2,BB	+2.52,+265.0,+25.3,IB	
1702241063.6736917	+6.63,+21.3,+20.4,LA	+3.02,+231.4,+20.8,FB	+6.36,+37.5,+20.8,AA	+6.91,+5.0,+25.6,CB	+2.48,+267.2,+25.2,CB	+2.53,+264.3,+25.4,MB	
1702241125.678307	+6.63,+21.3,+20.4,LA	+3.02,+231.4,+20.8,FB	+6.36,+37.5,+20.8,AA	+6.88,+7.2,+25.6,KB	+2.48,+267.2,+25.2,CB	+2.53,+264.4,+25.4,JB	
1702241187.6877794	+6.64,+21.2,+20.4,JA	+3.02,+231.4,+20.8,FB	+6.36,+37.5,+20.8,AA	+6.90,+6.0,+25.5,BB	+2.47,+267.8,+25.2,FB	+2.51,+265.3,+25.4,NB	
1702241249.6964471	+6.63,+21.2,+20.4,MA	+3.02,+231.4,+20.8,FB	+6.36,+37.5,+20.8,AA	+6.88,+7.2,+25.5,HB	+2.47,+267.6,+25.2,HB	+2.51,+265.4,+25.4,IB	
1702241311.7048159	+6.63,+21.3,+20.4,LA	+3.02,+231.4,+20.8,FB	+6.35,+37.6,+20.8,AA	+6.87,+7.6,+25.6,@B	+2.47,+267.5,+25.2,KB	+2.54,+263.7,+25.4,IB	
1702241373.7147107	+6.63,+21.2,+20.4,MA	+3.02,+231.4,+20.8,FB	+6.35,+37.6,+20.8,AA	+6.88,+7.3,+25.6,JB	+2.47,+267.7,+25.2,IB	+2.51,+265.4,+25.4,IB	
1702241435.723419	+6.63,+21.3,+20.3,KA	+3.02,+231.4,+20.8,FB	+6.36,+37.5,+20.8,AA	+6.88,+7.3,+25.5,IB	+2.47,+267.5,+25.2,KB	+2.54,+263.9,+25.4,GB	
1702241497.7330947	+6.63,+21.3,+20.3,KA	+3.02,+231.4,+20.8,FB	+6.36,+37.5,+20.8,AA	+6.89,+6.7,+25.5,MB	+2.47,+267.3,+25.2,MB	+2.54,+263.8,+25.3,AB	
1702241559.7402349	+6.63,+21.3,+20.4,LA	+3.02,+231.4,+20.8,FB	+6.36,+37.5,+20.8,AA	+6.88,+6.9,+25.5,BB	+2.47,+267.3,+25.2,MB	+2.53,+264.4,+25.3,MB	
1702241621.7496052	+6.63,+21.3,+20.4,LA	+3.02,+231.4,+20.8,FB	+6.35,+37.6,+20.8,AA	+6.87,+7.5,+25.5,@B	+2.46,+267.9,+25.2,FB	+2.52,+264.7,+25.3,OB	
1702241683.7584743	+6.63,+21.2,+20.4,MA	+3.02,+231.4,+20.8,FB	+6.36,+37.5,+20.8,AA	+6.96,+2.1,+25.6,BB	+2.46,+268.0,+25.2,@B	+2.52,+264.7,+25.4,HB	
1702241745.7680318	+6.64,+21.2,+20.4,JA	+3.02,+231.4,+20.8,FB	+6.35,+37.6,+20.8,AA	+6.89,+6.6,+25.5,LB	+2.46,+267.9,+25.2,FB	+2.52,+264.5,+25.3,MB	
1702241807.7772992	+6.63,+21.3,+20.4,LA	+3.02,+231.4,+20.8,FB	+6.35,+37.5,+20.8,BA	+6.90,+5.8,+25.5,IB	+2.47,+267.3,+25.2,MB	+2.54,+263.8,+25.4,FB	
1702241869.7844443	+6.63,+21.2,+20.4,MA	+3.02,+231.4,+20.8,FB	+6.35,+37.6,+20.8,AA	+6.89,+6.6,+25.5,LB	+2.47,+267.3,+25.2,MB	+2.54,+263.8,+25.4,FB	
1702241931.793908	+6.64,+21.0,+20.4,HA	+3.02,+231.4,+20.8,FB	+6.36,+37.5,+20.8,AA	+7.01,-0.9,+25.6,AB	+2.46,+268.1,+25.2,AB	+2.51,+265.4,+25.3,NB	
1702241993.8032625	+6.64,+21.1,+20.4,IA	+3.02,+231.3,+20.8,AB	+6.36,+37.5,+20.8,AA	+6.89,+6.3,+25.5,IB	+2.47,+267.4,+25.2,JB	+2.53,+264.1,+25.4,OB	
1702242055.8132558	+6.64,+21.0,+20.4,HA	+3.02,+231.4,+20.8,FB	+6.35,+37.6,+20.8,AA	+6.92,+4.5,+25.6,DB	+2.46,+268.0,+25.2,@B	+2.51,+265.4,+25.4,IB	
1702242117.822412	+6.64,+21.1,+20.4,IA	+3.02,+231.4,+20.8,FB	+6.36,+37.4,+20.8,@A	+7.15,-8.7,+25.6,BB	+2.47,+267.8,+25.2,FB	+2.51,+265.1,+25.3,KB	
1702242179.8321142	+6.64,+21.1,+20.4,IA	+3.02,+231.4,+20.8,FB	+6.36,+37.4,+20.8,@A	+7.05,-2.7,+25.6,IB	+2.48,+267.2,+25.2,CB	+2.53,+264.1,+25.4,OB	
1702242241.8419807	+6.64,+21.0,+20.4,HA	+3.02,+231.4,+20.8,FB	+6.35,+37.6,+20.8,AA	+6.90,+6.1,+25.5,CB	+2.47,+267.4,+25.2,JB	+2.52,+264.7,+25.4,HB	
1702242303.8484793	+6.64,+21.0,+20.4,HA	+3.02,+231.4,+20.8,FB	+6.36,+37.4,+20.8,@A	+6.90,+6.1,+25.6,@B	+2.48,+267.2,+25.2,CB	+2.54,+263.8,+25.4,FB	
1702242365.859838	+6.64,+21.0,+20.4,HA	+3.02,+231.4,+20.8,FB	+6.36,+37.5,+20.8,AA	+6.90,+5.9,+25.5,HB	+2.47,+267.5,+25.2,KB	+2.51,+265.4,+25.4,IB	
1702242612.583056	+6.64,+20.9,+20.3,GA	+3.02,+231.4,+20.8,FB	+6.36,+37.3,+20.8,GA	+6.91,+5.4,+25.5,DB	+2.47,+267.7,+25.2,IB	+2.52,+264.9,+25.4,FB	
1702242674.5926728	+6.64,+21.0,+20.3,OA	+3.02,+231.4,+20.8,FB	+6.36,+37.3,+20.8,GA	+6.96,+2.4,+25.6,GB	+2.47,+267.5,+25.2,KB	+2.51,+265.5,+25.4,HB	
1702242736.6009235	+6.64,+21.1,+20.3,NA	+3.02,+231.4,+20.8,FB	+6.36,+37.4,+20.8,@A	+6.96,+2.4,+25.5,DB	+2.48,+267.0,+25.2,AB	+2.53,+264.0,+25.4,NB	
1702242798.610204	+6.64,+21.0,+20.3,OA	+3.02,+231.4,+20.8,FB	+6.36,+37.4,+20.8,@A	+6.96,+2.4,+25.5,DB	+2.47,+267.7,+25.2,IB	+2.51,+265.6,+25.4,KB	
1702242860.617599	+6.64,+21.0,+20.4,HA	+3.02,+231.4,+20.8,FB	+6.36,+37.4,+20.8,@A	+7.02,-1.1,+25.6,KB	+2.47,+267.8,+25.2,FB	+2.51,+265.5,+25.4,HB	
1702242922.6267998	+6.64,+21.1,+20.4,IA	+3.02,+231.4,+20.8,FB	+6.36,+37.3,+20.8,GA	+6.95,+2.9,+25.5,JB	+2.48,+266.9,+25.2,IB	+2.52,+264.5,+25.4,JB	
1702242984.6347592	+6.64,+21.0,+20.4,HA	+3.02,+231.4,+20.8,FB	+6.36,+37.4,+20.8,@A	+6.98,+1.2,+25.6,LB	+2.47,+267.5,+25.2,KB	+2.51,+265.5,+25.3,OB	
1702243046.6440687	+6.64,+21.0,+20.4,HA	+3.02,+231.4,+20.8,FB	+6.36,+37.4,+20.8,@A	+6.96,+2.2,+25.6,AB	+2.47,+267.4,+25.2,JB	+2.51,+265.3,+25.4,NB	
1702243108.6537733	+6.64,+21.0,+20.4,HA	+3.02,+231.4,+20.8,FB	+6.36,+37.4,+20.8,@A	+7.03,-1.5,+25.5,MB	+2.47,+267.3,+25.2,MB	+2.52,+265.0,+25.3,IB	
1702243170.6619735	+6.64,+21.0,+20.4,HA	+3.02,+231.4,+20.8,FB	+6.36,+37.4,+20.8,@A	+7.07,-4.3,+25.6,IB	+2.48,+267.3,+25.2,BB	+2.53,+264.3,+25.4,MB	
1702243232.6695313	+6.64,+21.0,+20.3,OA	+3.02,+231.4,+20.8,FB	+6.36,+37.4,+20.8,@A	+7.03,-1.8,+25.5,@B	+2.47,+267.7,+25.2,IB	+2.51,+265.6,+25.4,KB	
1702243294.675984	+6.64,+20.9,+20.3,GA	+3.02,+231.4,+20.8,FB	+6.36,+37.4,+20.8,@A	+6.94,+3.7,+25.6,GB	+2.46,+268.1,+25.2,AB	+2.52,+264.6,+25.4,IB	
1702243356.687238	+6.64,+21.0,+20.4,HA	+3.02,+231.4,+20.8,FB	+6.36,+37.4,+20.8,@A	+6.94,+3.4,+25.6,DB	+2.47,+267.4,+25.2,JB	+2.51,+265.2,+25.4,OB	
1702243418.6951435	+6.64,+21.0,+20.4,HA	+3.02,+231.4,+20.8,FB	+6.36,+37.4,+20.8,@A	+6.95,+2.8,+25.6,HB	+2.47,+267.4,+25.2,JB	+2.52,+264.6,+25.4,IB	
1702243480.7053018	+6.64,+20.9,+20.3,GA	+3.02,+231.4,+20.8,FB	+6.36,+37.5,+20.8,AA	+6.95,+2.8,+25.5,KB	+2.47,+267.6,+25.2,HB	+2.53,+264.2,+25.3,KB	
1702243542.71549	+6.64,+21.0,+20.4,HA	+3.02,+231.4,+20.8,FB	+6.36,+37.4,+20.8,@A	+7.03,-1.9,+25.5,AB	+2.47,+267.5,+25.2,KB	+2.53,+264.4,+25.3,MB	
1702243604.7256458	+6.64,+21.0,+20.4,HA	+3.02,+231.4,+20.8,FB	+6.36,+37.5,+20.8,AA	+6.99,+0.4,+25.5,IB	+2.47,+267.8,+25.2,FB	+2.51,+265.7,+25.4,JB	
1702243666.7364452	+6.64,+21.0,+20.3,OA	+3.02,+231.4,+20.8,FB	+6.36,+37.4,+20.8,@A	+7.02,-1.1,+25.5,HB	+2.47,+267.6,+25.2,HB	+2.50,+265.7,+25.4,KB	
1702243728.7465827	+6.64,+20.9,+20.4,@A	+3.02,+231.4,+20.8,FB	+6.36,+37.4,+20.8,@A	+7.03,-2.0,+25.5,KB	+2.47,+267.8,+25.2,FB	+2.53,+264.1,+25.3,HB	
1702243790.7558272	+6.64,+21.1,+20.4,IA	+3.02,+231.4,+20.8,FB	+6.36,+37.4,+20.8,@A	+7.03,-1.6,+25.6,MB	+2.47,+267.4,+25.2,JB	+2.51,+265.5,+25.3,OB	
1702243852.7669322	+6.64,+20.8,+20.4,AA	+3.02,+231.4,+20.8,FB	+6.36,+37.4,+20.8,@A	+7.01,-0.6,+25.6,NB	+2.47,+267.7,+25.2,IB	+2.54,+263.8,+25.4,FB	
1702243914.7764404	+6.64,+21.0,+20.3,OA	+3.02,+231.4,+20.8,FB	+6.36,+37.5,+20.8,AA	+6.97,+1.9,+25.6,HB	+2.48,+267.2,+25.2,CB	+2.51,+265.5,+25.4,HB	
1702243976.7869563	+6.64,+20.9,+20.3,GA	+3.02,+231.4,+20.8,FB	+6.36,+37.4,+20.8,@A	+6.99,+0.7,+25.6,IB	+2.46,+268.1,+25.2,AB	+2.53,+264.4,+25.4,JB	
1702244038.7965724	+6.64,+21.0,+20.4,HA	+3.02,+231.4,+20.8,FB	+6.36,+37.4,+20.8,@A	+7.20,-11.7,+25.6,LA	+2.46,+267.9,+25.2,FB	+2.52,+265.0,+25.3,IB	
1702244100.806836	+6.64,+21.0,+20.4,HA	+3.02,+231.4,+20.8,FB	+6.36,+37.5,+20.8,AA	+7.04,-2.2,+25.6,MB	+2.47,+267.5,+25.2,KB	+2.51,+265.6,+25.3,LB	
1702244162.8155267	+6.64,+20.9,+20.4,@A	+3.02,+231.4,+20.8,FB	+6.36,+37.5,+20.8,AA	+6.99,+0.7,+25.6,IB	+2.47,+267.8,+25.2,FB	+2.53,+264.0,+25.4,NB	
1702244224.8242095	+6.64,+20.9,+20.4,@A	+3.02,+231.4,+20.8,FB	+6.36,+37.4,+20.8,@A	+7.01,-0.5,+25.6,MB	+2.47,+267.3,+25.2,MB	+2.51,+265.4,+25.4,IB	
1702244286.8346643	+6.64,+20.9,+20.4,@A	+3.02,+231.4,+20.8,FB	+6.36,+37.5,+20.8,AA	+7.01,-0.4,+25.5,OB	+2.46,+268.0,+25.2,@B	+2.53,+264.3,+25.4,MB	
1702244348.8452382	+6.64,+20.9,+20.4,@A	+3.02,+231.4,+20.8,FB	+6.36,+37.4,+20.8,@A	+7.05,-2.9,+25.6,GB	+2.46,+268.3,+25.2,CB	+2.53,+264.1,+25.4,OB	
1702244410.854708	+6.64,+21.0,+20.4,HA	+3.02,+231.4,+20.8,FB	+6.35,+37.6,+20.8,AA	+6.98,+1.3,+25.5,NB	+2.47,+267.6,+25.2,HB	+2.50,+265.7,+25.4,KB	
1702244472.8631692	+6.64,+20.9,+20.4,@A	+3.02,+231.4,+20.8,FB	+6.36,+37.4,+20.8,@A	+7.00,-0.2,+25.6,KB	+2.46,+268.2,+25.2,BB	+2.53,+264.1,+25.3,HB	
1702244534.872787	+6.64,+20.9,+20.4,@A	+3.02,+231.4,+20.8,FB	+6.36,+37.5,+20.8,AA	+7.25,-14.8,+25.6,CA	+2.47,+267.6,+25.2,HB	+2.51,+265.6,+25.3,LB	
1702244596.8806818	+6.64,+20.9,+20.3,GA	+3.02,+231.4,+20.8,FB	+6.36,+37.5,+20.8,AA	+7.23,-13.4,+25.6,NA	+2.46,+267.9,+25.2,FB	+2.52,+264.6,+25.4,IB	
1702244658.892028	+6.64,+20.9,+20.3,GA	+3.02,+231.4,+20.8,FB	+6.36,+37.5,+20.8,AA	+7.21,-12.6,+25.5,LA	+2.47,+267.4,+25.2,JB	+2.51,+265.5,+25.4,HB	
1702244720.8987348	+6.64,+21.0,+20.3,OA	+3.02,+231.4,+20.8,FB	+6.36,+37.4,+20.8,@A	+7.12,-7.1,+25.5,OB	+2.47,+267.5,+25.2,KB	+2.51,+265.5,+25.4,HB	
1702244782.9096558	+6.64,+21.0,+20.3,OA	+3.02,+231.4,+20.8,FB	+6.36,+37.4,+20.8,@A	+7.03,-2.1,+25.6,IB	+2.47,+267.7,+25.2,IB	+2.51,+265.2,+25.4,OB	
1702244844.9200103	+6.64,+21.0,+20.4,HA	+3.02,+231.4,+20.8,FB	+6.36,+37.4,+20.8,@A	+7.02,-1.0,+25.6,JB	+2.46,+267.9,+25.2,FB	+2.52,+264.8,+25.4,GB	
1702244906.930331	+6.64,+21.0,+20.4,HA	+3.02,+231.4,+20.8,FB	+6.36,+37.5,+20.8,AA	+7.07,-4.1,+25.5,HB	+2.47,+267.7,+25.2,IB	+2.51,+265.2,+25.4,OB	
1702244968.9405713	+6.64,+21.0,+20.4,HA	+3.02,+231.4,+20.8,FB	+6.36,+37.4,+20.8,@A	+6.98,+1.4,+25.5,IB	+2.47,+267.4,+25.2,JB	+2.50,+265.9,+25.4,EB	
1702245030.9508586	+6.64,+21.0,+20.4,HA	+3.02,+231.4,+20.8,FB	+6.36,+37.5,+20.8,AA	+6.98,+1.0,+25.6,NB	+2.46,+267.9,+25.2,FB	+2.53,+264.4,+25.4,JB	
1702245092.95973	+6.64,+20.9,+20.3,GA	+3.02,+231.4,+20.8,FB	+6.36,+37.4,+20.8,@A	+6.95,+2.8,+25.6,HB	+2.47,+267.8,+25.2,FB	+2.51,+265.1,+25.4,LB	
1702245154.9703295	+6.64,+20.9,+20.3,GA	+3.02,+231.5,+20.8,GB	+6.36,+37.4,+20.8,@A	+6.97,+2.0,+25.6,BB	+2.47,+267.6,+25.2,HB	+2.50,+265.7,+25.4,KB	
1702245216.980958	+6.64,+20.9,+20.3,GA	+3.02,+231.4,+20.8,FB	+6.36,+37.5,+20.8,AA	+6.96,+2.2,+25.5,BB	+2.46,+268.0,+25.2,@B	+2.51,+265.1,+25.4,LB	
1702245278.9924686	+6.64,+20.9,+20.3,GA	+3.02,+231.4,+20.8,FB	+6.36,+37.5,+20.8,AA	+6.96,+2.5,+25.6,FB	+2.46,+268.1,+25.2,AB	+2.53,+264.3,+25.4,MB	
1702245341.0021555	+6.64,+20.9,+20.4,@A	+3.02,+231.4,+20.8,FB	+6.36,+37.5,+20.8,AA	+6.96,+2.5,+25.6,FB	+2.46,+268.0,+25.2,@B	+2.52,+265.0,+25.3,IB	
1702245403.0118058	+6.64,+20.9,+20.4,@A	+3.02,+231.4,+20.8,FB	+6.36,+37.4,+20.8,@A	+6.96,+2.3,+25.6,@B	+2.47,+267.7,+25.2,IB	+2.50,+265.8,+25.4,DB	
1702245465.019411	+6.64,+21.0,+20.4,HA	+3.02,+231.4,+20.8,FB	+6.36,+37.4,+20.8,@A	+6.96,+2.5,+25.5,EB	+2.47,+267.7,+25.2,IB	+2.52,+264.6,+25.3,NB	
1702245527.0274813	+6.64,+21.0,+20.3,OA	+3.02,+231.4,+20.8,FB	+6.36,+37.4,+20.8,@A	+6.96,+2.6,+25.5,FB	+2.47,+267.4,+25.2,JB	+2.51,+265.1,+25.3,KB	
1702245589.0382957	+6.64,+21.0,+20.3,OA	+3.02,+231.4,+20.8,FB	+6.36,+37.5,+20.8,AA	+6.95,+2.7,+25.6,GB	+2.47,+267.3,+25.2,MB	+2.52,+265.1,+25.4,OB	
1702245651.046222	+6.64,+20.9,+20.4,@A	+3.02,+231.4,+20.8,FB	+6.36,+37.4,+20.8,@A	+6.95,+2.8,+25.6,HB	+2.47,+267.8,+25.2,FB	+2.50,+265.8,+25.4,DB	
1702245713.05617	+6.64,+21.0,+20.4,HA	+3.02,+231.4,+20.8,FB	+6.36,+37.5,+20.8,AA	+6.95,+2.7,+25.6,GB	+2.47,+267.7,+25.2,IB	+2.53,+264.3,+25.4,MB	
1702245775.0641851	+6.64,+21.0,+20.4,HA	+3.02,+231.4,+20.8,FB	+6.36,+37.5,+20.8,AA	+6.95,+3.2,+25.5,@B	+2.47,+267.4,+25.2,JB	+2.52,+265.0,+25.4,NB	
1702245837.0747588	+6.64,+21.0,+20.3,OA	+3.02,+231.4,+20.8,FB	+6.35,+37.5,+20.8,BA	+6.94,+3.4,+25.6,DB	+2.47,+267.4,+25.2,JB	+2.51,+265.5,+25.3,OB	
1702245899.081586	+6.64,+21.0,+20.3,OA	+3.02,+231.5,+20.8,GB	+6.36,+37.5,+20.8,AA	+7.05,-2.9,+25.5,DB	+2.47,+267.3,+25.2,MB	+2.52,+264.9,+25.3,AB	
1702245961.0932086	+6.64,+20.9,+20.4,@A	+3.02,+231.5,+20.8,GB	+6.36,+37.5,+20.8,AA	+6.93,+3.9,+25.5,MB	+2.47,+267.4,+25.2,JB	+2.51,+265.0,+25.3,JB	
1702246023.1040542	+6.64,+21.0,+20.4,HA	+3.02,+231.4,+20.8,FB	+6.36,+37.5,+20.8,AA	+6.94,+3.4,+25.6,DB	+2.47,+267.5,+25.2,KB	+2.51,+265.4,+25.3,NB	
1702246085.1131089	+6.64,+21.0,+20.4,HA	+3.02,+231.4,+20.8,FB	+6.36,+37.5,+20.8,AA	+6.94,+3.5,+25.5,FB	+2.47,+267.6,+25.1,KB	+2.51,+265.5,+25.4,HB	
1702246147.1238344	+6.64,+20.9,+20.4,@A	+3.02,+231.4,+20.8,FB	+6.36,+37.5,+20.8,AA	+6.95,+3.1,+25.5,CB	+2.46,+268.0,+25.2,@B	+2.51,+265.4,+25.4,IB	
1702246209.1342936	+6.64,+21.0,+20.3,OA	+3.02,+231.4,+20.8,FB	+6.36,+37.4,+20.8,@A	+6.95,+3.1,+25.6,@B	+2.47,+267.3,+25.2,MB	+2.51,+265.3,+25.4,NB	
1702246455.8861477	+6.64,+21.0,+20.4,HA	+3.02,+231.4,+20.8,FB	+6.35,+37.6,+20.8,AA	+6.95,+2.7,+25.6,GB	+2.47,+267.8,+25.2,FB	+2.52,+265.0,+25.4,NB	
1702246517.896077	+6.64,+21.0,+20.4,HA	+3.02,+231.4,+20.8,FB	+6.35,+37.6,+20.8,AA	+7.03,-1.6,+25.5,NB	+2.48,+267.1,+25.2,@B	+2.51,+265.6,+25.4,KB	
1702246579.905276	+6.64,+21.0,+20.4,HA	+3.02,+231.4,+20.8,FB	+6.36,+37.5,+20.8,AA	+7.01,-0.7,+25.5,LB	+2.46,+267.9,+25.2,FB	+2.53,+264.5,+25.4,KB	
1702246641.914809	+6.64,+21.0,+20.4,HA	+3.02,+231.4,+20.8,FB	+6.35,+37.5,+20.8,BA	+7.00,+0.0,+25.5,LB	+2.46,+268.0,+25.2,@B	+2.52,+264.7,+25.3,OB	
1702246703.9196837	+6.64,+21.1,+20.3,NA	+3.02,+231.4,+20.8,FB	+6.36,+37.5,+20.8,AA	+7.01,-0.5,+25.5,NB	+2.46,+267.9,+25.2,FB	+2.53,+264.0,+25.3,IB	
1702246765.926693	+6.64,+21.1,+20.4,IA	+3.02,+231.5,+20.8,GB	+6.35,+37.6,+20.8,AA	+6.92,+4.6,+25.6,GB	+2.47,+267.4,+25.2,JB	+2.52,+264.8,+25.4,GB	
1702246827.9348671	+6.64,+21.1,+20.3,NA	+3.02,+231.4,+20.8,FB	+6.36,+37.5,+20.8,AA	+6.98,+1.4,+25.6,JB	+2.47,+267.6,+25.2,HB	+2.51,+265.2,+25.4,OB	
1702246889.9411082	+6.64,+21.1,+20.3,NA	+3.02,+231.4,+20.8,FB	+6.35,+37.6,+20.8,AA	+6.98,+0.9,+25.6,FB	+2.47,+267.8,+25.2,FB	+2.53,+264.2,+25.4,LB	
1702246951.9486756	+6.64,+21.1,+20.4,IA	+3.02,+231.4,+20.8,FB	+6.35,+37.6,+20.8,AA	+7.03,-1.7,+25.5,OB	+2.48,+267.2,+25.2,CB	+2.51,+265.5,+25.4,HB	
1702247013.9577737	+6.64,+21.1,+20.3,NA	+3.02,+231.4,+20.8,FB	+6.36,+37.5,+20.8,AA	+7.04,-2.3,+25.5,OB	+2.48,+267.3,+25.2,BB	+2.50,+265.8,+25.3,CB	
1702247075.9675603	+6.64,+21.1,+20.4,IA	+3.02,+231.4,+20.8,FB	+6.35,+37.6,+20.8,AA	+7.07,-4.0,+25.6,JB	+2.46,+268.0,+25.2,@B	+2.53,+264.2,+25.4,LB	
1702247137.9766514	+6.64,+21.2,+20.3,MA	+3.02,+231.5,+20.8,GB	+6.35,+37.6,+20.8,AA	+7.05,-2.8,+25.5,EB	+2.46,+268.0,+25.2,@B	+2.53,+264.1,+25.4,OB	
1702247199.9868126	+6.64,+21.0,+20.3,OA	+3.02,+231.4,+20.8,FB	+6.35,+37.6,+20.8,AA	+7.03,-2.0,+25.5,KB	+2.47,+267.6,+25.2,HB	+2.52,+265.0,+25.4,NB	
1702247261.9952056	+6.64,+21.0,+20.3,OA	+3.02,+231.5,+20.8,GB	+6.35,+37.6,+20.8,AA	+7.01,-0.6,+25.5,MB	+2.47,+267.8,+25.2,FB	+2.53,+264.5,+25.4,KB	
1702247324.0016468	+6.64,+21.1,+20.4,IA	+3.02,+231.4,+20.8,FB	+6.35,+37.6,+20.8,AA	+7.05,-3.0,+25.5,LB	+2.48,+266.9,+25.2,IB	+2.51,+265.6,+25.4,KB	
1702247386.0110247	+6.64,+21.1,+20.3,NA	+3.02,+231.4,+20.8,FB	+6.35,+37.6,+20.8,AA	+7.11,-6.6,+25.6,IB	+2.47,+267.3,+25.2,MB	+2.51,+265.3,+25.4,NB	
1702247448.0176656	+6.64,+21.1,+20.4,IA	+3.02,+231.5,+20.8,GB	+6.36,+37.5,+20.8,AA	+7.16,-9.5,+25.6,BB	+2.46,+268.0,+25.2,@B	+2.53,+264.1,+25.4,OB	
1702247510.0296159	+6.64,+21.1,+20.3,NA	+3.02,+231.4,+20.8,FB	+6.35,+37.6,+20.8,AA	+7.15,-9.1,+25.5,FB	+2.47,+267.4,+25.2,JB	+2.51,+265.2,+25.3,HB	
1702247572.0400796	+6.64,+21.1,+20.4,IA	+3.02,+231.4,+20.8,FB	+6.36,+37.5,+20.8,AA	+7.19,-11.2,+25.5,@A	+2.47,+267.6,+25.2,HB	+2.52,+264.7,+25.3,OB	
1702247634.0484004	+6.64,+21.1,+20.3,NA	+3.02,+231.4,+20.8,FB	+6.36,+37.5,+20.8,AA	+7.14,-8.0,+25.6,DB	+2.47,+267.3,+25.2,MB	+2.50,+265.9,+25.3,BB	
1702247696.0563645	+6.64,+21.1,+20.4,IA	+3.02,+231.4,+20.8,FB	+6.35,+37.5,+20.8,BA	+7.17,-9.9,+25.6,OB	+2.47,+267.4,+25.2,JB	+2.51,+265.5,+25.4,HB	
1702247758.0636172	+6.64,+21.1,+20.3,NA	+3.02,+231.5,+20.8,GB	+6.35,+37.5,+20.8,BA	+7.21,-12.1,+25.5,KA	+2.47,+267.5,+25.2,KB	+2.52,+264.8,+25.3,@B	
1702247820.071102	+6.64,+21.1,+20.3,NA	+3.02,+231.4,+20.8,FB	+6.35,+37.6,+20.8,AA	+7.29,-17.2,+25.6,FA	+2.47,+267.4,+25.2,JB	+2.52,+265.0,+25.4,NB	
1702247882.0827827	+6.64,+21.1,+20.3,NA	+3.02,+231.4,+20.8,FB	+6.35,+37.6,+20.8,AA	+7.38,-22.5,+25.5,DA	+2.47,+267.6,+25.2,HB	+2.52,+264.8,+25.4,GB	
1702247944.092413	+6.64,+21.1,+20.3,NA	+3.02,+231.4,+20.8,FB	+6.36,+37.5,+20.8,AA	+7.17,-10.3,+25.5,NA	+2.46,+268.1,+25.2,AB	+2.53,+264.3,+25.4,MB	
1702248006.1012974	+6.64,+21.2,+20.3,MA	+3.02,+231.4,+20.8,FB	+6.35,+37.7,+20.8,@A	+7.27,-15.9,+25.6,AA	+2.47,+267.5,+25.2,KB	+2.50,+265.7,+25.4,KB	
1702248068.1117756	+6.64,+21.2,+20.3,MA	+3.02,+231.4,+20.8,FB	+6.36,+37.5,+20.8,AA	+7.52,-30.9,+25.6,DA	+2.46,+268.1,+25.2,AB	+2.52,+264.7,+25.3,OB	
1702248130.1205618	+6.64,+21.2,+20.3,MA	+3.02,+231.5,+20.8,GB	+6.35,+37.5,+20.8,BA	+7.09,-5.4,+25.5,BB	+2.47,+267.5,+25.2,KB	+2.50,+265.8,+25.4,DB	
1702248192.127488	+6.64,+21.1,+20.4,IA	+3.02,+231.4,+20.8,FB	+6.35,+37.6,+20.8,AA	+7.17,-10.2,+25.6,LA	+2.46,+268.0,+25.2,@B	+2.53,+264.2,+25.4,LB	
1702248254.1344962	+6.64,+21.1,+20.4,IA	+3.02,+231.4,+20.8,FB	+6.35,+37.6,+20.8,AA	+7.22,-13.2,+25.6,IA	+2.46,+268.1,+25.2,AB	+2.53,+264.4,+25.3,MB	
1702248316.1428716	+6.64,+21.2,+20.4,JA	+3.02,+231.4,+20.8,FB	+6.35,+37.6,+20.8,AA	+7.25,-14.7,+25.5,OA	+2.47,+267.4,+25.2,JB	+2.51,+265.3,+25.3,IB	
1702248378.155725	+6.64,+21.1,+20.4,IA	+3.02,+231.4,+20.8,FB	+6.35,+37.7,+20.8,@A	+7.28,-16.6,+25.6,BA	+2.46,+268.2,+25.2,BB	+2.53,+264.5,+25.3,LB	
1702248440.1652899	+6.64,+21.2,+20.4,JA	+3.02,+231.5,+20.8,GB	+6.35,+37.6,+20.8,AA	+7.31,-18.6,+25.6,DA	+2.47,+267.6,+25.2,HB	+2.53,+264.4,+25.3,MB	
1702248502.174521	+6.64,+21.1,+20.4,IA	+3.02,+231.4,+20.8,FB	+6.35,+37.7,+20.8,@A	+7.27,-15.7,+25.5,LA	+2.47,+267.7,+25.2,IB	+2.53,+264.2,+25.4,LB	
1702248564.1845253	+6.63,+21.2,+20.4,MA	+3.02,+231.5,+20.8,GB	+6.36,+37.4,+20.8,@A	+7.28,-16.3,+25.5,DA	+2.46,+268.1,+25.2,AB	+2.50,+265.7,+25.3,LB	
1702248626.1928306	+6.64,+21.1,+20.4,IA	+3.02,+231.5,+20.8,GB	+6.35,+37.6,+20.8,AA	+7.28,-16.8,+25.5,OA	+2.46,+268.2,+25.2,BB	+2.53,+264.4,+25.4,JB	
1702248688.2011015	+6.64,+21.2,+20.3,MA	+3.02,+231.5,+20.8,GB	+6.35,+37.6,+20.8,AA	+7.34,-20.4,+25.5,KA	+2.47,+267.6,+25.2,HB	+2.52,+264.7,+25.4,HB	
1702248750.2102914	+6.64,+21.2,+20.3,MA	+3.02,+231.5,+20.8,GB	+6.36,+37.5,+20.8,AA	+7.27,-15.9,+25.6,AA	+2.47,+267.7,+25.2,IB	+2.53,+264.4,+25.4,JB	
1702248812.2172172	+6.64,+21.1,+20.4,IA	+3.02,+231.5,+20.8,GB	+6.35,+37.6,+20.8,AA	+7.29,-17.2,+25.5,EA	+2.46,+268.4,+25.2,DB	+2.51,+265.5,+25.4,HB	
1702248874.2268739	+6.63,+21.3,+20.4,LA	+3.02,+231.4,+20.8,FB	+6.35,+37.6,+20.8,AA	+7.35,-21.0,+25.6,LA	+2.46,+268.1,+25.2,AB	+2.50,+265.8,+25.3,CB	
1702248936.233453	+6.64,+21.2,+20.3,MA	+3.02,+231.4,+20.8,FB	+6.35,+37.6,+20.8,AA	+7.37,-21.8,+25.6,FA	+2.47,+267.7,+25.2,IB	+2.53,+264.3,+25.3,JB	
1702248998.2425044	+6.64,+21.1,+20.4,IA	+3.02,+231.4,+20.8,FB	+6.35,+37.7,+20.8,@A	+7.37,-21.6,+25.6,HA	+2.46,+268.3,+25.2,CB	+2.51,+265.6,+25.3,LB	
1702249060.2493188	+6.63,+21.2,+20.4,MA	+3.02,+231.5,+20.8,GB	+6.35,+37.6,+20.8,AA	+7.44,-26.2,+25.5,LA	+2.47,+267.5,+25.2,KB	+2.52,+264.9,+25.4,FB	
1702249122.2558675	+6.64,+21.1,+20.3,NA	+3.02,+231.4,+20.8,FB	+6.35,+37.6,+20.8,AA	+7.45,-26.7,+25.5,HA	+2.46,+268.2,+25.2,BB	+2.50,+265.8,+25.3,CB	
1702249184.26533	+6.63,+21.3,+20.4,LA	+3.02,+231.4,+20.8,FB	+6.35,+37.6,+20.8,AA	+7.47,-27.6,+25.6,IA	+2.47,+267.7,+25.2,IB	+2.51,+265.4,+25.4,IB	
1702249246.2740445	+6.64,+21.1,+20.3,NA	+3.02,+231.5,+20.8,GB	+6.35,+37.6,+20.8,AA	+7.41,-24.3,+25.5,JA	+2.46,+268.3,+25.2,CB	+2.50,+265.7,+25.3,LB	
1702249308.283054	+6.64,+21.2,+20.4,JA	+3.02,+231.4,+20.8,FB	+6.36,+37.5,+20.8,AA	+7.38,-22.5,+25.6,GA	+2.46,+268.1,+25.2,AB	+2.50,+265.7,+25.3,LB	
1702249370.2927122	+6.63,+21.2,+20.4,MA	+3.02,+231.4,+20.8,FB	+6.35,+37.6,+20.8,AA	+7.45,-26.4,+25.5,KA	+2.47,+267.7,+25.2,IB	+2.52,+264.6,+25.3,NB	
1702249432.3026726	+6.63,+21.2,+20.3,JA	+3.02,+231.4,+20.8,FB	+6.35,+37.6,+20.8,AA	+7.42,-24.9,+25.6,@A	+2.47,+267.5,+25.2,KB	+2.53,+264.5,+25.4,KB	
1702249494.3112543	+6.63,+21.2,+20.3,JA	+3.02,+231.4,+20.8,FB	+6.35,+37.7,+20.8,@A	+7.49,-28.9,+25.5,DA	+2.47,+267.8,+25.2,FB	+2.51,+265.4,+25.3,NB	
1702249556.3193698	+6.64,+21.2,+20.4,JA	+3.02,+231.4,+20.8,FB	+6.35,+37.7,+20.8,@A	+7.38,-22.7,+25.6,EA	+2.46,+268.1,+25.2,AB	+2.50,+265.8,+25.4,DB	
1702249618.3292692	+6.63,+21.3,+20.4,LA	+3.02,+231.5,+20.8,GB	+6.35,+37.6,+20.8,AA	+7.37,-21.6,+25.5,KA	+2.46,+268.3,+25.2,CB	+2.50,+266.0,+25.4,OB	
1702249680.3394775	+6.63,+21.3,+20.4,LA	+3.02,+231.5,+20.8,GB	+6.35,+37.6,+20.8,AA	+7.37,-21.6,+25.6,HA	+2.47,+267.6,+25.2,HB	+2.52,+264.5,+25.4,JB	
1702249742.3499281	+6.63,+21.3,+20.4,LA	+3.02,+231.4,+20.8,FB	+6.36,+37.5,+20.8,AA	+7.38,-22.6,+25.5,GA	+2.46,+268.2,+25.2,BB	+2.50,+265.8,+25.4,DB	
1702249804.3580918	+6.64,+21.2,+20.4,JA	+3.02,+231.4,+20.8,FB	+6.35,+37.5,+20.8,BA	+7.39,-23.3,+25.5,BA	+2.46,+268.4,+25.2,DB	+2.50,+266.2,+25.4,MB	
1702249866.3681192	+6.63,+21.3,+20.3,KA	+3.02,+231.4,+20.8,FB	+6.35,+37.6,+20.8,AA	+7.40,-23.8,+25.5,GA	+2.46,+268.2,+25.2,BB	+2.51,+265.5,+25.4,HB	
1702249928.3787472	+6.64,+21.1,+20.4,IA	+3.02,+231.4,+20.8,FB	+6.36,+37.5,+20.8,AA	+7.42,-24.9,+25.6,@A	+2.46,+268.3,+25.2,CB	+2.50,+266.2,+25.3,JB	
1702249990.3881726	+6.63,+21.2,+20.3,JA	+3.02,+231.4,+20.8,FB	+6.35,+37.6,+20.8,AA	+7.44,-26.0,+25.6,MA	+2.46,+268.2,+25.2,BB	+2.50,+265.8,+25.4,DB	
1702250052.3961117	+6.64,+21.2,+20.4,JA	+3.02,+231.4,+20.8,FB	+6.35,+37.6,+20.8,AA	+7.48,-28.4,+25.6,KA	+2.46,+268.3,+25.2,CB	+2.50,+265.9,+25.4,EB	
1702250299.1041873	+6.63,+21.2,+20.4,MA	+3.02,+231.4,+20.8,FB	+6.36,+37.5,+20.8,AA	+6.94,+3.3,+25.6,CB	+2.47,+267.6,+25.2,HB	+2.50,+266.1,+25.4,NB	
1702250361.1128597	+6.63,+21.3,+20.4,LA	+3.02,+231.5,+20.8,GB	+6.36,+37.5,+20.8,AA	+7.00,+0.1,+25.5,MB	+2.47,+267.4,+25.2,JB	+2.51,+265.7,+25.3,MB	
1702250423.1211703	+6.63,+21.2,+20.4,MA	+3.02,+231.4,+20.8,FB	+6.35,+37.6,+20.8,AA	+7.15,-9.2,+25.5,EB	+2.46,+267.9,+25.2,FB	+2.51,+265.2,+25.4,OB	
1702250485.127513	+6.64,+21.2,+20.4,JA	+3.02,+231.5,+20.8,GB	+6.35,+37.6,+20.8,AA	+7.27,-15.9,+25.5,BA	+2.47,+267.9,+25.2,GB	+2.50,+265.9,+25.4,EB	
1702250547.129811	+6.63,+21.3,+20.4,LA	+3.02,+231.5,+20.8,GB	+6.35,+37.6,+20.8,AA	+7.35,-20.6,+25.5,HA	+2.48,+267.3,+25.2,BB	+2.52,+264.7,+25.4,HB	
1702250609.1400626	+6.63,+21.3,+20.4,LA	+3.02,+231.5,+20.8,GB	+6.35,+37.6,+20.8,AA	+7.34,-20.0,+25.6,LA	+2.48,+267.2,+25.2,CB	+2.50,+265.7,+25.4,KB	
1702250671.1506672	+6.64,+21.2,+20.3,MA	+3.02,+231.4,+20.8,FB	+6.35,+37.6,+20.8,AA	+7.36,-21.5,+25.5,IA	+2.46,+267.9,+25.2,FB	+2.51,+265.2,+25.3,HB	
1702250733.160437	+6.63,+21.3,+20.3,KA	+3.02,+231.4,+20.8,FB	+6.35,+37.7,+20.8,@A	+7.41,-24.5,+25.6,OA	+2.47,+267.3,+25.2,MB	+2.52,+264.8,+25.3,@B	
1702250795.166999	+6.63,+21.3,+20.3,KA	+3.02,+231.5,+20.8,GB	+6.35,+37.7,+20.8,@A	+7.58,-34.6,+25.6,EA	+2.47,+267.4,+25.2,JB	+2.52,+264.6,+25.4,IB	
1702250857.175696	+6.63,+21.2,+20.4,MA	+3.02,+231.4,+20.8,FB	+6.35,+37.6,+20.8,AA	+7.20,-12.0,+25.6,HA	+2.46,+268.1,+25.2,AB	+2.51,+265.2,+25.4,OB	
1702250919.184927	+6.63,+21.3,+20.4,LA	+3.02,+231.4,+20.8,FB	+6.35,+37.7,+20.8,@A	+7.20,-12.0,+25.6,HA	+2.47,+267.3,+25.2,MB	+2.52,+264.9,+25.4,FB	
1702250981.1907003	+6.64,+21.2,+20.3,MA	+3.02,+231.5,+20.8,GB	+6.35,+37.6,+20.8,AA	+7.17,-10.2,+25.6,LA	+2.46,+267.9,+25.2,FB	+2.50,+265.7,+25.4,KB	
1702251043.202619	+6.63,+21.3,+20.3,KA	+3.02,+231.5,+20.8,GB	+6.35,+37.7,+20.8,@A	+7.15,-8.9,+25.6,LB	+2.47,+267.7,+25.2,IB	+2.53,+264.5,+25.4,KB	
1702251105.2110937	+6.63,+21.3,+20.4,LA	+3.02,+231.5,+20.8,GB	+6.35,+37.7,+20.8,@A	+7.16,-9.4,+25.6,CB	+2.46,+267.9,+25.2,FB	+2.53,+264.4,+25.4,JB	
1702251167.2198122	+6.63,+21.3,+20.3,KA	+3.02,+231.4,+20.8,FB	+6.35,+37.8,+20.8,OA	+7.27,-16.2,+25.5,JA	+2.46,+268.2,+25.2,BB	+2.52,+264.8,+25.4,GB	
1702251229.2270784	+6.63,+21.3,+20.3,KA	+3.02,+231.4,+20.8,FB	+6.35,+37.7,+20.8,@A	+7.29,-17.3,+25.6,GA	+2.46,+267.9,+25.2,FB	+2.50,+266.2,+25.3,JB	
1702251291.2379262	+6.63,+21.3,+20.3,KA	+3.02,+231.5,+20.8,GB	+6.35,+37.6,+20.8,AA	+7.30,-17.5,+25.5,JA	+2.46,+268.2,+25.2,BB	+2.52,+264.6,+25.3,NB	
1702251353.2464201	+6.63,+21.3,+20.3,KA	+3.02,+231.5,+20.8,GB	+6.35,+37.7,+20.8,@A	+7.37,-21.7,+25.6,IA	+2.47,+267.8,+25.2,FB	+2.51,+265.1,+25.4,LB	
1702251415.2556198	+6.63,+21.3,+20.4,LA	+3.02,+231.5,+20.8,GB	+6.35,+37.6,+20.8,AA	+7.39,-23.2,+25.5,CA	+2.46,+268.1,+25.2,AB	+2.50,+265.7,+25.4,KB	
1702251477.265217	+6.63,+21.3,+20.3,KA	+3.02,+231.4,+20.8,FB	+6.35,+37.7,+20.8,@A	+7.44,-26.1,+25.5,OA	+2.46,+268.0,+25.2,@B	+2.52,+265.0,+25.4,NB	
1702251539.2736673	+6.63,+21.2,+20.4,MA	+3.02,+231.4,+20.8,FB	+6.35,+37.6,+20.8,AA	+7.48,-28.6,+25.5,JA	+2.46,+268.4,+25.2,DB	+2.52,+265.0,+25.4,NB	
1702251601.2837245	+6.63,+21.2,+20.3,JA	+3.02,+231.5,+20.8,GB	+6.35,+37.8,+20.8,OA	+7.57,-33.8,+25.6,CA	+2.46,+267.9,+25.2,FB	+2.52,+265.1,+25.4,OB	
1702251663.2931387	+6.63,+21.3,+20.4,LA	+3.02,+231.5,+20.8,GB	+6.35,+37.7,+20.8,@A	+7.46,-27.1,+25.6,OA	+2.46,+268.1,+25.2,AB	+2.52,+265.0,+25.4,NB	
1702251725.3050628	+6.64,+21.2,+20.4,JA	+3.02,+231.4,+20.8,FB	+6.35,+37.7,+20.8,@A	+7.46,-27.0,+25.5,MA	+2.45,+268.5,+25.2,FB	+2.52,+264.7,+25.3,OB	
1702251787.3147843	+6.63,+21.2,+20.3,JA	+3.02,+231.5,+20.8,GB	+6.35,+37.6,+20.8,AA	+7.44,-25.9,+25.5,DA	+2.47,+267.9,+25.2,GB	+2.51,+265.5,+25.4,HB	
1702251849.3244324	+6.64,+21.2,+20.3,MA	+3.02,+231.4,+20.8,FB	+6.35,+37.7,+20.8,@A	+7.44,-26.1,+25.6,LA	+2.45,+268.6,+25.2,EB	+2.53,+264.5,+25.4,KB	
1702251911.333065	+6.63,+21.2,+20.3,JA	+3.02,+231.5,+20.8,GB	+6.35,+37.7,+20.8,@A	+7.46,-26.9,+25.6,FA	+2.46,+268.2,+25.2,BB	+2.50,+265.7,+25.3,LB	
1702251973.3409088	+6.64,+21.2,+20.3,MA	+3.02,+231.5,+20.8,GB	+6.35,+37.7,+20.8,@A	+7.45,-26.7,+25.5,HA	+2.46,+268.2,+25.2,BB	+2.51,+265.5,+25.3,OB	
1702252035.352444	+6.64,+21.2,+20.3,MA	+3.02,+231.5,+20.8,GB	+6.35,+37.6,+20.8,AA	+7.39,-22.9,+25.6,JA	+2.45,+268.6,+25.2,EB	+2.52,+264.7,+25.3,OB	
1702252097.359725	+6.63,+21.3,+20.3,KA	+3.02,+231.4,+20.8,FB	+6.35,+37.6,+20.8,AA	+7.32,-18.9,+25.6,HA	+2.46,+268.4,+25.2,DB	+2.52,+264.9,+25.4,FB	
1702252159.3677354	+6.64,+21.2,+20.4,JA	+3.02,+231.4,+20.8,FB	+6.35,+37.7,+20.8,@A	+7.31,-18.4,+25.6,FA	+2.46,+268.1,+25.2,AB	+2.51,+265.4,+25.4,IB	
1702252221.3778584	+6.63,+21.2,+20.4,MA	+3.02,+231.4,+20.8,FB	+6.35,+37.6,+20.8,AA	+7.31,-18.2,+25.5,CA	+2.46,+268.0,+25.2,@B	+2.51,+265.4,+25.4,IB	
1702252283.3871858	+6.64,+21.2,+20.4,JA	+3.02,+231.5,+20.8,GB	+6.35,+37.7,+20.8,@A	+7.01,-0.6,+25.5,MB	+2.46,+268.4,+25.2,DB	+2.52,+265.0,+25.4,NB	
1702252345.396559	+6.63,+21.2,+20.4,MA	+3.02,+231.5,+20.8,GB	+6.35,+37.6,+20.8,AA	+6.97,+1.5,+25.6,DB	+2.47,+267.9,+25.2,GB	+2.50,+265.9,+25.4,EB	
1702252407.4065166	+6.64,+21.2,+20.4,JA	+3.02,+231.5,+20.8,GB	+6.35,+37.7,+20.8,@A	+7.15,-9.1,+25.5,FB	+2.46,+268.4,+25.2,DB	+2.51,+265.1,+25.3,KB	
1702252469.416525	+6.63,+21.2,+20.4,MA	+3.02,+231.4,+20.8,FB	+6.35,+37.7,+20.8,@A	+7.34,-20.2,+25.5,MA	+2.46,+268.1,+25.2,AB	+2.52,+265.0,+25.4,NB	
1702252531.424242	+6.64,+21.2,+20.4,JA	+3.02,+231.5,+20.8,GB	+6.35,+37.7,+20.8,@A	+7.48,-28.3,+25.5,OA	+2.46,+268.3,+25.2,CB	+2.53,+264.4,+25.4,JB	
1702252593.434368	+6.63,+21.2,+20.4,MA	+3.02,+231.5,+20.8,GB	+6.35,+37.6,+20.8,AA	+7.52,-30.7,+25.6,JA	+2.47,+267.8,+25.2,FB	+2.50,+265.8,+25.3,CB	
1702252655.4417613	+6.63,+21.3,+20.4,LA	+3.02,+231.5,+20.8,GB	+6.35,+37.7,+20.8,@A	+7.42,-25.1,+25.5,JA	+2.47,+267.8,+25.2,FB	+2.50,+266.0,+25.4,OB	
1702252717.44796	+6.64,+21.2,+20.4,JA	+3.02,+231.4,+20.8,FB	+6.35,+37.7,+20.8,@A	+7.49,-29.0,+25.6,OA	+2.46,+267.9,+25.2,FB	+2.50,+265.8,+25.3,CB	
1702252779.4550703	+6.63,+21.3,+20.4,LA	+3.02,+231.5,+20.8,GB	+6.35,+37.6,+20.8,AA	+7.55,-32.3,+25.6,KA	+2.47,+267.7,+25.2,IB	+2.51,+265.2,+25.4,OB	
1702252841.4630015	+6.64,+21.2,+20.4,JA	+3.02,+231.5,+20.8,GB	+6.35,+37.7,+20.8,@A	+7.48,-28.6,+25.6,IA	+2.46,+268.4,+25.2,DB	+2.52,+265.0,+25.4,NB	
1702252903.4716692	+6.64,+21.1,+20.4,IA	+3.02,+231.4,+20.8,FB	+6.35,+37.6,+20.8,AA	+7.23,-13.7,+25.6,MA	+2.47,+267.7,+25.2,IB	+2.52,+264.7,+25.4,HB	
1702252965.480657	+6.63,+21.3,+20.4,LA	+3.02,+231.5,+20.8,GB	+6.35,+37.7,+20.8,@A	+7.29,-17.2,+25.5,EA	+2.48,+267.1,+25.1,CB	+2.50,+265.8,+25.4,DB	
1702253027.489102	+6.64,+21.2,+20.4,JA	+3.02,+231.5,+20.8,GB	+6.35,+37.7,+20.8,@A	+7.26,-15.4,+25.5,NA	+2.47,+267.5,+25.2,KB	+2.52,+264.6,+25.4,IB	
1702253089.4991572	+6.64,+21.2,+20.3,MA	+3.02,+231.5,+20.8,GB	+6.35,+37.8,+20.8,OA	+7.19,-11.1,+25.6,@A	+2.47,+267.5,+25.2,KB	+2.52,+264.9,+25.3,AB	
1702253151.5086377	+6.63,+21.3,+20.3,KA	+3.02,+231.5,+20.8,GB	+6.35,+37.7,+20.8,@A	+7.14,-8.0,+25.6,DB	+2.48,+266.9,+25.2,IB	+2.51,+265.6,+25.4,KB	
1702253213.517938	+6.64,+21.1,+20.3,NA	+3.02,+231.5,+20.8,GB	+6.35,+37.7,+20.8,@A	+7.09,-5.1,+25.6,DB	+2.48,+267.2,+25.2,CB	+2.52,+264.9,+25.3,AB	
1702253275.5263236	+6.64,+21.2,+20.4,JA	+3.02,+231.5,+20.8,GB	+6.35,+37.6,+20.8,AA	+7.11,-6.5,+25.5,IB	+2.47,+267.4,+25.2,JB	+2.50,+266.2,+25.3,JB	
1702253337.535037	+6.64,+21.2,+20.3,MA	+3.02,+231.5,+20.8,GB	+6.35,+37.7,+20.8,@A	+7.07,-4.1,+25.6,KB	+2.48,+267.0,+25.2,AB	+2.50,+265.8,+25.4,DB	
1702253399.544932	+6.63,+21.3,+20.3,KA	+3.02,+231.5,+20.8,GB	+6.35,+37.8,+20.8,OA	+7.11,-6.4,+25.6,KB	+2.48,+266.9,+25.2,IB	+2.50,+266.0,+25.4,OB	
1702253461.5555847	+6.63,+21.3,+20.3,KA	+3.02,+231.4,+20.8,FB	+6.35,+37.8,+20.8,OA	+7.19,-11.5,+25.6,DA	+2.48,+267.0,+25.2,AB	+2.51,+265.4,+25.4,IB	
1702253523.5648	+6.64,+21.2,+20.3,MA	+3.02,+231.5,+20.8,GB	+6.35,+37.7,+20.8,@A	+7.19,-11.2,+25.5,@A	+2.48,+267.3,+25.2,BB	+2.49,+266.3,+25.4,DB	
1702253585.5746877	+6.64,+21.2,+20.3,MA	+3.02,+231.5,+20.8,GB	+6.35,+37.7,+20.8,@A	+7.23,-13.6,+25.5,OA	+2.47,+267.7,+25.2,IB	+2.51,+265.6,+25.4,KB	
1702253647.5854523	+6.63,+21.3,+20.3,KA	+3.02,+231.4,+20.8,FB	+6.35,+37.6,+20.8,AA	+7.28,-16.7,+25.5,@A	+2.48,+267.1,+25.2,@B	+2.52,+264.8,+25.4,GB	
1702253709.5968103	+6.64,+21.2,+20.3,MA	+3.02,+231.4,+20.8,FB	+6.35,+37.7,+20.8,@A	+7.28,-16.3,+25.5,DA	+2.47,+267.5,+25.2,KB	+2.51,+265.1,+25.3,KB	
1702253771.6062603	+6.64,+21.2,+20.3,MA	+3.02,+231.5,+20.8,GB	+6.35,+37.8,+20.8,OA	+7.24,-14.2,+25.6,HA	+2.47,+267.5,+25.2,KB	+2.51,+265.3,+25.4,NB	
1702253833.6161723	+6.64,+21.1,+20.3,NA	+3.02,+231.5,+20.8,GB	+6.35,+37.7,+20.8,@A	+7.14,-8.4,+25.5,CB	+2.47,+267.6,+25.2,HB	+2.51,+265.7,+25.4,JB	
1702253895.6286852	+6.63,+21.2,+20.3,JA	+3.02,+231.5,+20.8,GB	+6.35,+37.8,+20.8,OA	+7.16,-9.7,+25.5,CB	+2.48,+267.1,+25.2,@B	+2.52,+264.8,+25.4,GB	
1702254142.3728352	+6.63,+21.3,+20.3,KA	+3.02,+231.5,+20.8,GB	+6.35,+37.7,+20.8,@A	+7.16,-9.5,+25.5,AB	+2.48,+266.8,+25.2,HB	+2.51,+265.3,+25.3,IB	
1702254204.3828826	+6.63,+21.3,+20.3,KA	+3.02,+231.4,+20.8,FB	+6.35,+37.8,+20.8,OA	+7.17,-9.9,+25.5,LB	+2.48,+266.8,+25.2,HB	+2.52,+264.8,+25.3,@B	
1702254266.391739	+6.64,+21.2,+20.3,MA	+3.02,+231.5,+20.8,GB	+6.35,+37.7,+20.8,@A	+7.17,-10.1,+25.5,LA	+2.48,+267.0,+25.2,AB	+2.50,+265.7,+25.4,KB	
1702254328.4006915	+6.64,+21.2,+20.3,MA	+3.02,+231.5,+20.8,GB	+6.35,+37.8,+20.8,OA	+7.17,-10.0,+25.6,NA	+2.48,+267.1,+25.2,@B	+2.50,+265.9,+25.4,EB	
1702254390.4086607	+6.64,+21.2,+20.3,MA	+3.02,+231.4,+20.8,FB	+6.35,+37.8,+20.8,OA	+7.18,-10.6,+25.6,GA	+2.48,+266.9,+25.2,IB	+2.51,+265.5,+25.4,HB	
1702254452.418461	+6.64,+21.2,+20.4,JA	+3.02,+231.4,+20.8,FB	+6.35,+37.8,+20.8,OA	+7.19,-11.0,+25.5,BA	+2.48,+267.1,+25.2,@B	+2.50,+266.2,+25.3,JB	
1702254514.428572	+6.63,+21.3,+20.4,LA	+3.02,+231.5,+20.8,GB	+6.35,+37.7,+20.8,@A	+7.20,-11.6,+25.6,MA	+2.49,+266.6,+25.2,GB	+2.51,+265.1,+25.4,LB	
1702254576.4382524	+6.64,+21.2,+20.3,MA	+3.02,+231.5,+20.8,GB	+6.35,+37.8,+20.8,OA	+7.22,-13.0,+25.5,HA	+2.48,+267.0,+25.2,AB	+2.50,+265.9,+25.3,BB	
1702254638.4473703	+6.63,+21.2,+20.4,MA	+3.02,+231.5,+20.8,GB	+6.35,+37.7,+20.8,@A	+7.22,-13.2,+25.6,IA	+2.49,+266.6,+25.2,GB	+2.52,+264.9,+25.3,AB	
1702254700.454028	+6.63,+21.3,+20.4,LA	+3.02,+231.5,+20.8,GB	+6.35,+37.7,+20.8,@A	+7.21,-12.1,+25.5,KA	+2.49,+266.4,+25.2,EB	+2.52,+264.7,+25.3,OB	
1702254762.4632866	+6.63,+21.2,+20.4,MA	+3.02,+231.5,+20.8,GB	+6.35,+37.7,+20.8,@A	+7.23,-13.8,+25.6,BA	+2.49,+266.4,+25.2,EB	+2.52,+264.6,+25.4,IB	
1702254824.47136	+6.64,+21.1,+20.4,IA	+3.02,+231.5,+20.8,GB	+6.35,+37.7,+20.8,@A	+7.25,-14.9,+25.6,BA	+2.48,+266.8,+25.2,HB	+2.51,+265.5,+25.4,HB	
1702254886.4810703	+6.63,+21.3,+20.4,LA	+3.02,+231.5,+20.8,GB	+6.35,+37.8,+20.8,OA	+7.29,-17.3,+25.6,GA	+2.49,+266.4,+25.2,EB	+2.52,+265.0,+25.4,NB	
1702254948.4902117	+6.64,+21.1,+20.4,IA	+3.02,+231.5,+20.8,GB	+6.35,+37.8,+20.8,OA	+7.13,-7.5,+25.6,IB	+2.49,+266.6,+25.2,GB	+2.51,+265.1,+25.3,KB	
1702255010.4981964	+6.64,+21.2,+20.4,JA	+3.02,+231.5,+20.8,GB	+6.35,+37.9,+20.8,NA	+7.19,-11.1,+25.5,CA	+2.49,+266.3,+25.2,BB	+2.52,+264.8,+25.4,GB	
1702255072.5081103	+6.64,+21.2,+20.3,MA	+3.02,+231.5,+20.8,GB	+6.35,+37.7,+20.8,@A	+7.23,-13.8,+25.5,AA	+2.48,+267.0,+25.2,AB	+2.49,+266.4,+25.3,DB	
1702255134.5157516	+6.64,+21.2,+20.4,JA	+3.02,+231.4,+20.8,FB	+6.35,+37.7,+20.8,@A	+7.21,-12.6,+25.5,LA	+2.49,+266.5,+25.2,DB	+2.52,+264.8,+25.4,GB	
1702255196.5241034	+6.64,+21.2,+20.4,JA	+3.02,+231.5,+20.8,GB	+6.35,+37.8,+20.8,OA	+7.20,-11.9,+25.5,AA	+2.49,+266.3,+25.2,BB	+2.52,+264.9,+25.4,FB	
1702255258.5334566	+6.64,+21.1,+20.4,IA	+3.02,+231.5,+20.8,GB	+6.35,+37.9,+20.8,NA	+7.14,-8.3,+25.5,DB	+2.48,+267.0,+25.2,AB	+2.50,+266.1,+25.4,NB	
1702255320.5433614	+6.64,+21.1,+20.3,NA	+3.02,+231.5,+20.8,GB	+6.35,+37.7,+20.8,@A	+7.12,-7.0,+25.5,NB	+2.49,+266.6,+25.2,GB	+2.52,+264.8,+25.4,GB	
1702255382.551483	+6.64,+21.1,+20.3,NA	+3.02,+231.5,+20.8,GB	+6.35,+37.8,+20.8,OA	+7.06,-3.4,+25.6,HB	+2.48,+266.9,+25.2,IB	+2.51,+265.1,+25.4,LB	
1702255444.561005	+6.64,+21.1,+20.4,IA	+3.02,+231.5,+20.8,GB	+6.35,+37.8,+20.8,OA	+7.05,-3.2,+25.6,MB	+2.48,+267.1,+25.2,@B	+2.50,+265.9,+25.4,EB	
1702255506.5698383	+6.64,+21.1,+20.3,NA	+3.02,+231.5,+20.8,GB	+6.35,+37.8,+20.8,OA	+7.05,-2.9,+25.6,GB	+2.48,+267.0,+25.2,AB	+2.51,+265.4,+25.3,NB	
1702255568.575334	+6.64,+21.1,+20.3,NA	+3.02,+231.4,+20.8,FB	+6.35,+37.8,+20.8,OA	+6.99,+0.4,+25.6,JB	+2.49,+266.5,+25.2,DB	+2.52,+264.9,+25.3,AB	
1702255630.5824223	+6.64,+21.1,+20.3,NA	+3.02,+231.5,+20.8,GB	+6.35,+37.9,+20.8,NA	+7.02,-1.4,+25.5,MB	+2.49,+266.6,+25.2,GB	+2.52,+264.9,+25.3,AB	
1702255692.591041	+6.64,+21.2,+20.3,MA	+3.02,+231.4,+20.8,FB	+6.35,+37.9,+20.8,NA	+7.06,-3.5,+25.5,JB	+2.48,+266.9,+25.2,IB	+2.49,+266.5,+25.3,EB	
1702255754.5986729	+6.64,+21.1,+20.3,NA	+3.02,+231.5,+20.8,GB	+6.35,+37.9,+20.8,NA	+7.08,-4.5,+25.5,CB	+2.48,+266.8,+25.2,HB	+2.52,+265.1,+25.4,OB	
1702255816.608382	+6.64,+21.1,+20.3,NA	+3.02,+231.5,+20.8,GB	+6.35,+37.8,+20.8,OA	+7.10,-5.7,+25.5,IB	+2.48,+266.9,+25.2,IB	+2.49,+266.4,+25.3,DB	
1702255878.616679	+6.64,+21.1,+20.3,NA	+3.02,+231.5,+20.8,GB	+6.35,+37.9,+20.8,NA	+7.09,-5.3,+25.5,EB	+2.48,+267.0,+25.2,AB	+2.50,+265.9,+25.3,BB	
1702255940.6248481	+6.64,+21.1,+20.3,NA	+3.02,+231.5,+20.8,GB	+6.35,+37.9,+20.8,NA	+7.07,-4.1,+25.5,HB	+2.48,+266.8,+25.2,HB	+2.49,+266.4,+25.4,CB	
1702256002.6337492	+6.64,+21.1,+20.3,NA	+3.02,+231.5,+20.8,GB	+6.35,+37.9,+20.8,NA	+7.09,-5.1,+25.6,DB	+2.49,+266.4,+25.2,EB	+2.51,+265.2,+25.3,HB	
1702256064.643308	+6.64,+21.0,+20.3,OA	+3.02,+231.5,+20.8,GB	+6.35,+37.8,+20.8,OA	+7.08,-4.6,+25.6,CB	+2.48,+267.0,+25.2,AB	+2.51,+265.1,+25.3,KB	
1702256126.6504664	+6.64,+21.2,+20.3,MA	+3.02,+231.4,+20.8,FB	+6.35,+37.9,+20.8,NA	+7.08,-4.5,+25.5,CB	+2.49,+266.5,+25.2,DB	+2.49,+266.4,+25.3,DB	
1702256188.6613238	+6.64,+21.0,+20.3,OA	+3.02,+231.5,+20.8,GB	+6.35,+37.8,+20.8,OA	+7.06,-3.5,+25.5,JB	+2.48,+267.1,+25.2,@B	+2.52,+265.1,+25.4,OB	
1702256250.6689222	+6.64,+21.1,+20.4,IA	+3.02,+231.5,+20.8,GB	+6.35,+37.8,+20.8,OA	+7.05,-3.2,+25.5,NB	+2.48,+266.8,+25.2,HB	+2.50,+266.0,+25.3,HB	
1702256312.6782875	+6.64,+21.0,+20.3,OA	+3.02,+231.5,+20.8,GB	+6.35,+37.9,+20.8,NA	+7.07,-3.9,+25.6,DB	+2.48,+267.0,+25.2,AB	+2.52,+264.8,+25.4,GB	
1702256374.6873488	+6.64,+21.1,+20.3,NA	+3.02,+231.5,+20.8,GB	+6.35,+37.9,+20.8,NA	+7.08,-4.6,+25.5,@B	+2.48,+267.0,+25.2,AB	+2.52,+264.8,+25.4,GB	
1702256436.6967103	+6.64,+21.1,+20.3,NA	+3.02,+231.5,+20.8,GB	+6.35,+37.9,+20.8,NA	+7.08,-4.8,+25.5,NB	+2.48,+267.1,+25.2,@B	+2.51,+265.2,+25.4,OB	
1702256498.706679	+6.64,+21.0,+20.4,HA	+3.02,+231.5,+20.8,GB	+6.35,+37.9,+20.8,NA	+7.06,-3.6,+25.5,IB	+2.49,+266.3,+25.2,BB	+2.52,+264.8,+25.4,GB	
1702256560.7159188	+6.64,+21.2,+20.4,JA	+3.02,+231.5,+20.8,GB	+6.35,+37.9,+20.8,NA	+7.08,-4.5,+25.5,CB	+2.50,+265.9,+25.2,CB	+2.49,+266.2,+25.3,BB	
1702256622.7238064	+6.64,+21.1,+20.3,NA	+3.02,+231.5,+20.8,GB	+6.35,+37.8,+20.8,OA	+7.09,-5.3,+25.5,EB	+2.50,+265.7,+25.2,MB	+2.50,+265.7,+25.3,LB	
1702256684.7345831	+6.64,+21.2,+20.3,MA	+3.02,+231.5,+20.8,GB	+6.35,+37.9,+20.8,NA	+7.10,-5.7,+25.6,JB	+2.50,+265.9,+25.2,CB	+2.50,+265.9,+25.3,BB	
1702256746.7446427	+6.64,+21.1,+20.3,NA	+3.02,+231.5,+20.8,GB	+6.35,+37.9,+20.8,NA	+7.10,-5.7,+25.6,JB	+2.49,+266.3,+25.2,BB	+2.51,+265.3,+25.4,NB	
1702256808.754317	+6.64,+21.1,+20.3,NA	+3.02,+231.5,+20.8,GB	+6.35,+38.0,+20.8,HA	+7.10,-5.9,+25.5,GB	+2.50,+265.9,+25.2,CB	+2.50,+265.9,+25.4,EB	
1702256870.7651908	+6.64,+21.2,+20.3,MA	+3.02,+231.5,+20.8,GB	+6.35,+37.8,+20.8,OA	+7.10,-6.0,+25.5,MB	+2.49,+266.3,+25.2,BB	+2.51,+265.2,+25.4,OB	
1702256932.7750394	+6.64,+21.0,+20.4,HA	+3.02,+231.5,+20.8,GB	+6.35,+37.9,+20.8,NA	+7.12,-7.3,+25.5,MB	+2.49,+266.6,+25.2,GB	+2.53,+264.3,+25.3,JB	
1702256994.7852373	+6.64,+21.2,+20.4,JA	+3.02,+231.5,+20.8,GB	+6.35,+37.9,+20.8,NA	+7.14,-8.2,+25.6,FB	+2.50,+265.9,+25.2,CB	+2.50,+266.0,+25.4,OB	
1702257056.7953808	+6.64,+21.0,+20.4,HA	+3.02,+231.5,+20.8,GB	+6.35,+37.9,+20.8,NA	+7.15,-8.6,+25.5,@B	+2.49,+266.3,+25.2,BB	+2.52,+264.7,+25.4,HB	
1702257118.8039548	+6.64,+21.1,+20.4,IA	+3.02,+231.5,+20.8,GB	+6.35,+37.9,+20.8,NA	+7.15,-9.0,+25.5,GB	+2.49,+266.2,+25.2,CB	+2.52,+265.0,+25.3,IB	
1702257180.8111503	+6.64,+21.1,+20.4,IA	+3.02,+231.5,+20.8,GB	+6.35,+37.9,+20.8,NA	+7.16,-9.4,+25.6,CB	+2.50,+266.1,+25.2,HB	+2.51,+265.4,+25.4,IB	
1702257242.8206925	+6.64,+21.0,+20.4,HA	+3.02,+231.5,+20.8,GB	+6.35,+37.8,+20.8,OA	+7.17,-9.9,+25.5,LB	+2.49,+266.2,+25.2,CB	+2.51,+265.5,+25.3,OB	
1702257304.8307655	+6.64,+21.0,+20.4,HA	+3.02,+231.5,+20.8,GB	+6.35,+37.8,+20.8,OA	+7.15,-8.6,+25.6,CB	+2.49,+266.5,+25.2,DB	+2.52,+265.0,+25.3,IB	
1702257366.840421	+6.64,+21.1,+20.4,IA	+3.02,+231.5,+20.8,GB	+6.35,+37.8,+20.8,OA	+7.15,-9.1,+25.5,FB	+2.49,+266.5,+25.2,DB	+2.53,+264.5,+25.4,KB	
1702257428.8478336	+6.64,+21.0,+20.4,HA	+3.02,+231.4,+20.8,FB	+6.35,+37.8,+20.8,OA	+7.17,-9.8,+25.5,MB	+2.49,+266.5,+25.2,DB	+2.53,+264.5,+25.3,LB	
1702257490.85691	+6.64,+21.0,+20.4,HA	+3.02,+231.6,+20.8,DB	+6.35,+37.8,+20.8,OA	+7.18,-10.8,+25.6,IA	+2.49,+266.7,+25.2,FB	+2.52,+264.9,+25.4,FB	
1702257552.867357	+6.64,+21.0,+20.4,HA	+3.02,+231.4,+20.8,FB	+6.35,+37.8,+20.8,OA	+7.20,-11.8,+25.5,@A	+2.48,+266.7,+25.2,GB	+2.52,+264.6,+25.4,IB	
1702257614.8767152	+6.64,+21.1,+20.4,IA	+3.02,+231.4,+20.8,FB	+6.35,+37.9,+20.8,NA	+7.23,-13.5,+25.5,LA	+2.48,+266.7,+25.2,GB	+2.52,+264.8,+25.3,@B	
1702257676.8861468	+6.64,+21.0,+20.4,HA	+3.02,+231.5,+20.8,GB	+6.35,+37.9,+20.8,NA	+7.24,-14.1,+25.5,HA	+2.48,+266.7,+25.2,GB	+2.53,+264.4,+25.4,JB	
1702257738.8950436	+6.64,+21.1,+20.4,IA	+3.02,+231.5,+20.8,GB	+6.35,+37.9,+20.8,NA	+7.24,-14.0,+25.5,IA	+2.49,+266.3,+25.2,BB	+2.52,+264.7,+25.3,OB	
1702257985.624207	+6.64,+21.0,+20.4,HA	+3.02,+231.6,+20.8,DB	+6.35,+38.0,+20.8,HA	+7.21,-12.4,+25.6,MA	+2.48,+266.8,+25.2,HB	+2.52,+265.0,+25.3,IB	
1702258047.631399	+6.64,+21.0,+20.3,OA	+3.02,+231.5,+20.8,GB	+6.35,+38.0,+20.8,HA	+7.23,-13.4,+25.5,MA	+2.48,+266.9,+25.2,IB	+2.53,+264.4,+25.4,JB	
1702258109.640047	+6.64,+21.0,+20.3,OA	+3.02,+231.5,+20.8,GB	+6.35,+37.9,+20.8,NA	+7.26,-15.2,+25.6,KA	+2.49,+266.4,+25.2,EB	+2.54,+263.7,+25.4,IB	
1702258171.6470225	+6.64,+21.1,+20.3,NA	+3.02,+231.5,+20.8,GB	+6.35,+38.0,+20.8,HA	+7.29,-16.9,+25.6,LA	+2.49,+266.6,+25.2,GB	+2.51,+265.5,+25.3,OB	
1702258233.6506615	+6.64,+21.1,+20.4,IA	+3.02,+231.5,+20.8,GB	+6.35,+38.0,+20.8,HA	+7.29,-17.2,+25.5,EA	+2.50,+266.1,+25.2,HB	+2.51,+265.1,+25.4,LB	
1702258295.6590605	+6.64,+21.1,+20.3,NA	+3.02,+231.5,+20.8,GB	+6.35,+38.0,+20.8,HA	+7.26,-15.5,+25.6,LA	+2.49,+266.5,+25.2,DB	+2.50,+266.1,+25.4,NB	
1702258357.6655364	+6.64,+21.0,+20.4,HA	+3.02,+231.5,+20.8,GB	+6.35,+37.9,+20.8,NA	+7.25,-14.7,+25.6,LA	+2.49,+266.4,+25.2,EB	+2.50,+266.0,+25.4,OB	
1702258419.676003	+6.64,+21.0,+20.4,HA	+3.02,+231.5,+20.8,GB	+6.35,+37.9,+20.8,NA	+7.25,-14.9,+25.6,BA	+2.50,+266.1,+25.2,HB	+2.51,+265.2,+25.4,OB	
1702258481.683313	+6.64,+21.1,+20.3,NA	+3.02,+231.5,+20.8,GB	+6.35,+37.9,+20.8,NA	+7.25,-15.1,+25.5,HA	+2.48,+266.7,+25.1,DB	+2.50,+265.7,+25.3,LB	
1702258543.6918497	+6.64,+21.0,+20.3,OA	+3.02,+231.5,+20.8,GB	+6.35,+37.9,+20.8,NA	+7.26,-15.2,+25.6,KA	+2.49,+266.6,+25.2,GB	+2.50,+266.0,+25.4,OB	
1702258605.700894	+6.64,+20.9,+20.3,GA	+3.02,+231.5,+20.8,GB	+6.35,+37.9,+20.8,NA	+7.26,-15.6,+25.5,LA	+2.48,+266.8,+25.2,HB	+2.53,+264.5,+25.3,LB	
1702258667.7101095	+6.64,+21.0,+20.4,HA	+3.02,+231.5,+20.8,GB	+6.35,+37.9,+20.8,NA	+7.26,-15.6,+25.5,LA	+2.48,+266.9,+25.2,IB	+2.52,+264.6,+25.3,NB	
1702258729.718455	+6.64,+21.1,+20.4,IA	+3.02,+231.5,+20.8,GB	+6.35,+37.9,+20.8,NA	+7.27,-15.8,+25.6,@A	+2.49,+266.4,+25.2,EB	+2.50,+266.1,+25.4,NB	
1702258791.7288425	+6.64,+21.0,+20.3,OA	+3.02,+231.5,+20.8,GB	+6.35,+37.9,+20.8,NA	+7.27,-16.0,+25.6,KA	+2.48,+266.8,+25.2,HB	+2.51,+265.2,+25.3,HB	
1702258853.7389655	+6.64,+21.0,+20.4,HA	+3.02,+231.5,+20.8,GB	+6.35,+37.9,+20.8,NA	+7.27,-16.2,+25.5,JA	+2.49,+266.6,+25.2,GB	+2.52,+264.6,+25.4,IB	
1702258915.7480457	+6.64,+21.0,+20.4,HA	+3.02,+231.5,+20.8,GB	+6.35,+37.9,+20.8,NA	+7.27,-16.2,+25.5,JA	+2.49,+266.7,+25.2,FB	+2.53,+264.4,+25.4,JB	
1702258977.7572253	+6.64,+21.1,+20.4,IA	+3.02,+231.5,+20.8,GB	+6.35,+38.0,+20.8,HA	+7.28,-16.3,+25.6,GA	+2.50,+265.9,+25.2,CB	+2.50,+265.7,+25.4,KB	
1702259039.7630193	+6.64,+21.0,+20.4,HA	+3.02,+231.5,+20.8,GB	+6.35,+37.9,+20.8,NA	+7.27,-15.8,+25.6,@A	+2.49,+266.3,+25.2,BB	+2.52,+264.8,+25.3,@B	
1702259101.772237	+6.64,+21.1,+20.4,IA	+3.02,+231.5,+20.8,GB	+6.35,+37.9,+20.8,NA	+7.26,-15.3,+25.6,JA	+2.50,+265.9,+25.2,CB	+2.50,+266.0,+25.3,HB	
1702259163.7825828	+6.64,+21.0,+20.4,HA	+3.02,+231.5,+20.8,GB	+6.35,+38.0,+20.8,HA	+7.28,-16.3,+25.5,DA	+2.49,+266.4,+25.2,EB	+2.52,+264.7,+25.3,OB	
1702259225.792769	+6.64,+21.0,+20.4,HA	+3.02,+231.5,+20.8,GB	+6.35,+37.9,+20.8,NA	+7.26,-15.6,+25.5,LA	+2.49,+266.5,+25.2,DB	+2.52,+264.7,+25.4,HB	
1702259287.8011394	+6.64,+21.1,+20.4,IA	+3.02,+231.5,+20.8,GB	+6.35,+37.9,+20.8,NA	+7.27,-16.1,+25.6,JA	+2.49,+266.6,+25.2,GB	+2.52,+264.8,+25.3,@B	
1702259349.807816	+6.64,+21.1,+20.4,IA	+3.02,+231.5,+20.8,GB	+6.35,+37.9,+20.8,NA	+7.29,-17.4,+25.5,CA	+2.49,+266.2,+25.1,@B	+2.51,+265.6,+25.3,LB	
1702259411.8151836	+6.64,+21.1,+20.4,IA	+3.02,+231.5,+20.8,GB	+6.35,+37.9,+20.8,NA	+7.30,-18.0,+25.5,@A	+2.48,+266.8,+25.2,HB	+2.53,+264.4,+25.3,MB	
1702259473.8219488	+6.64,+21.1,+20.4,IA	+3.02,+231.5,+20.8,GB	+6.35,+37.9,+20.8,NA	+7.31,-18.2,+25.5,CA	+2.50,+266.0,+25.2,IB	+2.50,+266.0,+25.4,OB	
1702259535.8320115	+6.64,+21.0,+20.4,HA	+3.02,+231.6,+20.8,DB	+6.35,+37.8,+20.8,OA	+7.32,-18.6,+25.5,DA	+2.49,+266.1,+25.2,@B	+2.50,+265.8,+25.4,DB	
1702259597.841849	+6.64,+21.0,+20.4,HA	+3.02,+231.5,+20.8,GB	+6.35,+37.9,+20.8,NA	+7.31,-18.5,+25.6,GA	+2.48,+266.8,+25.2,HB	+2.53,+264.4,+25.3,MB	
1702259659.8511033	+6.64,+21.1,+20.4,IA	+3.02,+231.5,+20.8,GB	+6.35,+37.8,+20.8,OA	+7.31,-18.5,+25.5,DA	+2.48,+266.8,+25.2,HB	+2.53,+264.5,+25.3,LB	
1702259721.8611293	+6.64,+20.9,+20.4,@A	+3.02,+231.6,+20.8,DB	+6.35,+37.9,+20.9,OA	+7.31,-18.3,+25.6,AA	+2.49,+266.7,+25.2,FB	+2.52,+265.0,+25.3,IB	
1702259783.8694646	+6.64,+21.0,+20.4,HA	+3.02,+231.6,+20.8,DB	+6.35,+37.8,+20.8,OA	+7.32,-18.9,+25.6,HA	+2.50,+266.0,+25.2,IB	+2.50,+265.7,+25.4,KB	
1702259845.8797677	+6.64,+21.0,+20.4,HA	+3.02,+231.5,+20.8,GB	+6.35,+37.8,+20.8,OA	+7.33,-19.4,+25.6,EA	+2.50,+265.8,+25.2,BB	+2.50,+266.0,+25.3,HB	
1702259907.890656	+6.64,+21.0,+20.4,HA	+3.02,+231.6,+20.8,DB	+6.35,+37.9,+20.8,NA	+7.34,-20.4,+25.6,HA	+2.49,+266.4,+25.2,EB	+2.51,+265.5,+25.3,OB	
1702259969.9003992	+6.64,+21.0,+20.4,HA	+3.02,+231.5,+20.8,GB	+6.35,+37.9,+20.8,NA	+7.35,-20.6,+25.6,KA	+2.50,+266.0,+25.2,IB	+2.51,+265.6,+25.4,KB	
1702260031.9066935	+6.64,+21.0,+20.4,HA	+3.02,+231.5,+20.8,GB	+6.35,+37.9,+20.8,NA	+7.37,-21.8,+25.6,FA	+2.50,+266.0,+25.2,IB	+2.50,+265.9,+25.4,EB	
1702260093.9158242	+6.64,+21.1,+20.4,IA	+3.02,+231.5,+20.8,GB	+6.35,+37.9,+20.9,OA	+7.38,-22.2,+25.5,CA	+2.49,+266.4,+25.2,EB	+2.52,+264.8,+25.3,@B	
1702260155.9255936	+6.64,+21.0,+20.4,HA	+3.02,+231.6,+20.8,DB	+6.35,+37.9,+20.8,NA	+7.38,-22.7,+25.6,EA	+2.50,+266.1,+25.2,HB	+2.50,+266.2,+25.4,MB	
1702260217.9366465	+6.64,+21.1,+20.4,IA	+3.02,+231.5,+20.8,GB	+6.35,+37.9,+20.8,NA	+7.39,-23.0,+25.6,BA	+2.48,+266.7,+25.2,GB	+2.52,+264.6,+25.4,IB	
1702260279.9459248	+6.64,+21.0,+20.4,HA	+3.02,+231.6,+20.8,DB	+6.35,+37.8,+20.8,OA	+7.39,-23.3,+25.5,BA	+2.48,+266.9,+25.2,IB	+2.52,+264.9,+25.3,AB	
1702260341.9547806	+6.64,+21.0,+20.4,HA	+3.02,+231.6,+20.8,DB	+6.35,+37.8,+20.8,OA	+7.37,-22.0,+25.6,MA	+2.49,+266.2,+25.2,CB	+2.52,+264.8,+25.4,GB	
1702260403.964034	+6.64,+21.0,+20.4,HA	+3.02,+231.5,+20.8,GB	+6.35,+37.9,+20.8,NA	+7.36,-21.3,+25.6,LA	+2.48,+266.8,+25.2,HB	+2.51,+265.7,+25.4,JB	
1702260465.9705257	+6.64,+21.1,+20.4,IA	+3.02,+231.5,+20.8,GB	+6.35,+37.8,+20.8,OA	+7.35,-20.6,+25.5,HA	+2.49,+266.7,+25.2,FB	+2.52,+264.8,+25.4,GB	
1702260527.9796197	+6.64,+21.0,+20.4,HA	+3.02,+231.6,+20.8,DB	+6.35,+37.9,+20.8,NA	+7.36,-21.1,+25.6,NA	+2.49,+266.4,+25.2,EB	+2.49,+266.5,+25.4,BB	
1702260589.9878805	+6.64,+21.0,+20.4,HA	+3.02,+231.5,+20.8,GB	+6.35,+37.9,+20.8,NA	+7.37,-22.0,+25.5,NA	+2.49,+266.6,+25.2,GB	+2.49,+266.5,+25.4,BB	
1702260651.9973054	+6.64,+21.1,+20.3,NA	+3.02,+231.5,+20.8,GB	+6.35,+37.9,+20.8,NA	+7.41,-24.3,+25.5,JA	+2.49,+266.4,+25.2,EB	+2.52,+265.1,+25.4,OB	
1702260714.006573	+6.64,+21.0,+20.4,HA	+3.02,+231.5,+20.8,GB	+6.35,+37.9,+20.8,NA	+7.41,-24.5,+25.5,LA	+2.48,+266.8,+25.2,HB	+2.50,+266.2,+25.3,JB	
1702260776.0150566	+6.64,+21.0,+20.4,HA	+3.02,+231.6,+20.8,DB	+6.35,+37.9,+20.8,NA	+7.44,-26.0,+25.6,MA	+2.49,+266.3,+25.2,BB	+2.50,+266.1,+25.3,IB	
1702260838.0232656	+6.64,+21.1,+20.4,IA	+3.02,+231.6,+20.8,DB	+6.35,+38.0,+20.8,HA	+7.44,-26.1,+25.5,OA	+2.49,+266.2,+25.2,CB	+2.51,+265.4,+25.4,IB	
1702260900.0343065	+6.64,+21.0,+20.4,HA	+3.02,+231.6,+20.8,DB	+6.35,+37.9,+20.8,NA	+7.42,-24.8,+25.5,BA	+2.48,+266.8,+25.2,HB	+2.49,+266.4,+25.4,CB	
1702260962.0445786	+6.64,+20.9,+20.4,@A	+3.02,+231.5,+20.8,GB	+6.35,+37.9,+20.8,NA	+7.34,-19.8,+25.6,NA	+2.49,+266.7,+25.2,FB	+2.49,+266.3,+25.4,DB	
1702261024.0558503	+6.64,+20.9,+20.4,@A	+3.02,+231.6,+20.8,DB	+6.35,+38.0,+20.8,HA	+7.33,-19.6,+25.6,GA	+2.48,+266.7,+25.2,GB	+2.49,+266.3,+25.3,CB	
1702261086.0633435	+6.64,+20.9,+20.4,@A	+3.02,+231.5,+20.8,GB	+6.35,+37.9,+20.8,NA	+7.33,-19.4,+25.5,FA	+2.48,+266.8,+25.2,HB	+2.49,+266.3,+25.4,DB	
1702261148.0724995	+6.64,+20.9,+20.4,@A	+3.02,+231.6,+20.8,DB	+6.35,+37.9,+20.8,NA	+7.34,-19.9,+25.6,OA	+2.48,+266.9,+25.2,IB	+2.51,+265.4,+25.3,NB	
1702261210.081585	+6.64,+20.8,+20.4,AA	+3.02,+231.5,+20.8,GB	+6.35,+37.9,+20.8,NA	+7.35,-20.6,+25.6,KA	+2.49,+266.2,+25.2,CB	+2.51,+265.3,+25.4,NB	
1702261272.0899556	+6.64,+20.9,+20.4,@A	+3.02,+231.6,+20.8,DB	+6.35,+37.9,+20.9,OA	+7.35,-20.5,+25.5,KA	+2.48,+267.0,+25.2,AB	+2.50,+265.7,+25.4,KB	
1702261334.0982082	+6.64,+20.8,+20.4,AA	+3.02,+231.6,+20.8,DB	+6.35,+37.8,+20.8,OA	+7.35,-20.8,+25.5,FA	+2.48,+266.8,+25.2,HB	+2.49,+266.3,+25.4,DB	
1702261396.1103048	+6.64,+20.8,+20.4,AA	+3.02,+231.5,+20.8,GB	+6.35,+37.9,+20.8,NA	+7.36,-21.0,+25.6,OA	+2.48,+266.9,+25.2,IB	+2.50,+265.9,+25.4,EB	
1702261458.1207678	+6.64,+20.8,+20.4,AA	+3.02,+231.6,+20.8,DB	+6.35,+37.8,+20.8,OA	+7.38,-22.3,+25.5,BA	+2.48,+266.8,+25.2,HB	+2.50,+265.8,+25.3,CB	
1702261520.130118	+6.64,+20.8,+20.4,AA	+3.02,+231.5,+20.8,GB	+6.35,+37.9,+20.8,NA	+7.40,-23.8,+25.6,DA	+2.49,+266.4,+25.2,EB	+2.52,+265.0,+25.4,NB	
1702261582.140454	+6.64,+20.9,+20.4,@A	+3.02,+231.6,+20.8,DB	+6.35,+37.9,+20.8,NA	+7.41,-24.3,+25.6,IA	+2.49,+266.7,+25.2,FB	+2.52,+264.6,+25.4,IB	
1702261828.9328673	+6.64,+20.9,+20.4,@A	+3.02,+231.6,+20.8,DB	+6.35,+38.0,+20.9,IA	+7.39,-23.2,+25.5,CA	+2.48,+266.7,+25.2,GB	+2.52,+264.8,+25.4,GB	
1702261890.9431014	+6.64,+20.9,+20.4,@A	+3.02,+231.5,+20.8,GB	+6.35,+37.9,+20.8,NA	+7.43,-25.4,+25.5,NA	+2.49,+266.4,+25.2,EB	+2.50,+265.8,+25.4,DB	
1702261952.9519513	+6.64,+20.8,+20.4,AA	+3.02,+231.5,+20.8,GB	+6.35,+38.0,+20.9,IA	+7.44,-26.1,+25.6,LA	+2.48,+267.1,+25.2,@B	+2.53,+264.2,+25.4,LB	
1702262014.961723	+6.64,+20.9,+20.4,@A	+3.02,+231.6,+20.8,DB	+6.35,+38.0,+20.9,IA	+7.47,-28.0,+25.6,@A	+2.48,+266.9,+25.2,IB	+2.52,+264.5,+25.3,MB	
1702262076.970045	+6.64,+20.9,+20.4,@A	+3.02,+231.5,+20.8,GB	+6.35,+38.0,+20.8,HA	+7.48,-28.3,+25.6,LA	+2.48,+267.0,+25.2,AB	+2.53,+264.1,+25.4,OB	
1702262138.979501	+6.64,+20.8,+20.4,AA	+3.02,+231.5,+20.8,GB	+6.35,+38.0,+20.9,IA	+7.47,-28.0,+25.6,@A	+2.48,+266.9,+25.2,IB	+2.53,+264.2,+25.3,KB	
1702262200.9878042	+6.64,+20.9,+20.4,@A	+3.02,+231.6,+20.8,DB	+6.35,+38.0,+20.9,IA	+7.47,-27.7,+25.6,HA	+2.48,+266.7,+25.2,GB	+2.52,+264.8,+25.3,@B	
1702262262.9967475	+6.64,+20.9,+20.4,@A	+3.02,+231.5,+20.8,GB	+6.35,+37.9,+20.9,OA	+7.48,-28.4,+25.6,KA	+2.48,+266.9,+25.2,IB	+2.53,+264.4,+25.3,MB	
1702262325.0055723	+6.64,+20.9,+20.4,@A	+3.02,+231.5,+20.8,GB	+6.35,+38.0,+20.9,IA	+7.48,-28.5,+25.6,JA	+2.49,+266.2,+25.2,CB	+2.50,+265.8,+25.3,CB	
1702262387.014769	+6.64,+21.0,+20.4,HA	+3.02,+231.5,+20.8,GB	+6.35,+38.0,+20.9,IA	+7.48,-28.6,+25.5,JA	+2.49,+266.7,+25.2,FB	+2.51,+265.5,+25.4,HB	
1702262449.0229442	+6.64,+20.8,+20.4,AA	+3.02,+231.5,+20.8,GB	+6.35,+38.0,+20.9,IA	+7.49,-29.2,+25.5,NA	+2.48,+266.9,+25.2,IB	+2.53,+264.4,+25.4,JB	
1702262511.0323398	+6.64,+20.9,+20.4,@A	+3.02,+231.5,+20.8,GB	+6.35,+38.1,+20.8,IA	+7.50,-29.7,+25.5,CA	+2.48,+267.0,+25.2,AB	+2.53,+264.5,+25.4,KB	
1702262573.040823	+6.64,+20.9,+20.4,@A	+3.02,+231.6,+20.8,DB	+6.35,+38.1,+20.8,IA	+7.50,-29.3,+25.6,DA	+2.49,+266.7,+25.2,FB	+2.52,+264.7,+25.4,HB	
1702262635.0507333	+6.64,+20.9,+20.4,@A	+3.02,+231.6,+20.8,DB	+6.35,+38.0,+20.9,IA	+7.51,-30.2,+25.5,OA	+2.48,+267.2,+25.2,CB	+2.52,+264.9,+25.3,AB	
1702262697.058101	+6.64,+21.0,+20.4,HA	+3.02,+231.6,+20.8,DB	+6.35,+38.0,+20.8,HA	+7.52,-31.0,+25.6,LA	+2.49,+266.5,+25.2,DB	+2.50,+266.2,+25.3,JB	
1702262759.0671334	+6.64,+20.9,+20.4,@A	+3.02,+231.6,+20.8,DB	+6.35,+38.0,+20.9,IA	+7.53,-31.2,+25.6,OA	+2.48,+267.0,+25.2,AB	+2.52,+264.7,+25.3,OB	
1702262821.0751605	+6.64,+20.9,+20.4,@A	+3.02,+231.6,+20.8,DB	+6.35,+37.9,+20.9,OA	+7.40,-23.7,+25.5,HA	+2.48,+267.1,+25.2,@B	+2.52,+264.7,+25.4,HB	
1702262883.0846462	+6.64,+21.0,+20.4,HA	+3.02,+231.6,+20.8,DB	+6.35,+38.0,+20.8,HA	+7.33,-19.5,+25.6,DA	+2.49,+266.5,+25.2,DB	+2.51,+265.3,+25.3,IB	
1702262945.0917056	+6.64,+20.9,+20.4,@A	+3.02,+231.6,+20.8,DB	+6.35,+37.9,+20.8,NA	+7.34,-20.0,+25.5,OA	+2.48,+267.1,+25.2,@B	+2.52,+264.8,+25.4,GB	
1702263007.1026742	+6.64,+20.9,+20.4,@A	+3.02,+231.6,+20.8,DB	+6.35,+37.9,+20.8,NA	+7.32,-18.7,+25.5,EA	+2.48,+266.7,+25.2,GB	+2.52,+264.7,+25.3,OB	
1702263069.1116352	+6.64,+20.9,+20.4,@A	+3.02,+231.6,+20.8,DB	+6.35,+38.0,+20.8,HA	+7.34,-20.3,+25.5,LA	+2.48,+267.0,+25.2,AB	+2.52,+264.6,+25.3,NB	
1702263131.1200435	+6.64,+20.9,+20.4,@A	+3.02,+231.6,+20.8,DB	+6.35,+38.0,+20.9,IA	+7.38,-22.2,+25.5,CA	+2.48,+267.0,+25.2,AB	+2.53,+264.4,+25.4,JB	
1702263193.1273074	+6.64,+21.0,+20.4,HA	+3.02,+231.6,+20.8,DB	+6.35,+38.0,+20.9,IA	+7.39,-23.1,+25.5,@A	+2.49,+266.5,+25.2,DB	+2.51,+265.1,+25.4,LB	
1702263255.1378503	+6.64,+21.0,+20.4,HA	+3.02,+231.6,+20.8,DB	+6.35,+37.9,+20.9,OA	+7.43,-25.3,+25.6,JA	+2.48,+266.8,+25.2,HB	+2.50,+266.3,+25.4,LB	
1702263317.1477141	+6.64,+20.9,+20.4,@A	+3.02,+231.5,+20.8,GB	+6.35,+38.1,+20.8,IA	+7.45,-26.6,+25.5,IA	+2.48,+266.8,+25.2,HB	+2.52,+264.7,+25.4,HB	
1702263379.1561317	+6.64,+20.9,+20.4,@A	+3.02,+231.6,+20.8,DB	+6.35,+38.0,+20.8,HA	+7.47,-27.8,+25.6,GA	+2.48,+267.0,+25.2,AB	+2.52,+265.0,+25.4,NB	
1702263441.1635392	+6.64,+21.0,+20.4,HA	+3.02,+231.6,+20.8,DB	+6.35,+38.1,+20.8,IA	+7.50,-29.6,+25.5,BA	+2.49,+266.5,+25.2,DB	+2.51,+265.3,+25.3,IB	
1702263503.171028	+6.64,+20.9,+20.4,@A	+3.02,+231.6,+20.8,DB	+6.35,+38.0,+20.8,HA	+7.53,-31.2,+25.5,LA	+2.48,+267.2,+25.2,CB	+2.50,+265.8,+25.4,DB	
1702263565.1797235	+6.64,+21.0,+20.4,HA	+3.02,+231.6,+20.8,DB	+6.35,+38.0,+20.8,HA	+7.53,-31.1,+25.5,OA	+2.49,+266.4,+25.2,EB	+2.52,+265.1,+25.4,OB	
1702263627.1894805	+6.64,+20.9,+20.4,@A	+3.02,+231.6,+20.8,DB	+6.35,+38.0,+20.9,IA	+7.52,-30.9,+25.6,DA	+2.48,+267.0,+25.2,AB	+2.51,+265.1,+25.3,KB	
1702263689.1991563	+6.64,+21.0,+20.4,HA	+3.02,+231.5,+20.8,GB	+6.35,+38.1,+20.9,HA	+7.54,-31.7,+25.6,MA	+2.48,+266.8,+25.2,HB	+2.51,+265.7,+25.4,JB	
1702263751.2079785	+6.64,+21.1,+20.4,IA	+3.02,+231.6,+20.8,DB	+6.35,+38.0,+20.8,HA	+7.56,-33.3,+25.5,JA	+2.48,+266.8,+25.2,HB	+2.53,+264.4,+25.4,JB	
1702263813.218365	+6.64,+21.0,+20.4,HA	+3.02,+231.5,+20.8,GB	+6.35,+37.9,+20.9,OA	+7.57,-33.7,+25.6,LA	+2.48,+266.8,+25.2,HB	+2.51,+265.6,+25.3,LB	
1702263875.2274828	+6.64,+21.1,+20.4,IA	+3.02,+231.5,+20.8,GB	+6.35,+37.9,+20.8,NA	+7.52,-30.7,+25.5,IA	+2.49,+266.6,+25.2,GB	+2.51,+265.2,+25.4,OB	
1702263937.2365003	+6.64,+21.0,+20.4,HA	+3.02,+231.6,+20.8,DB	+6.35,+37.9,+20.9,OA	+7.55,-32.4,+25.5,OA	+2.48,+266.8,+25.1,KB	+2.51,+265.4,+25.4,IB	
1702263999.2460747	+6.64,+21.1,+20.4,IA	+3.02,+231.6,+20.8,DB	+6.35,+38.0,+20.9,IA	+7.48,-28.3,+25.5,OA	+2.49,+266.6,+25.2,GB	+2.51,+265.2,+25.3,HB	
1702264061.255081	+6.64,+21.1,+20.4,IA	+3.02,+231.5,+20.8,GB	+6.35,+38.0,+20.9,IA	+7.48,-28.3,+25.5,OA	+2.49,+266.4,+25.2,EB	+2.52,+264.6,+25.4,IB	
1702264123.2642999	+6.64,+21.0,+20.4,HA	+3.02,+231.6,+20.8,DB	+6.35,+38.1,+20.8,IA	+7.51,-30.4,+25.6,JA	+2.49,+266.2,+25.2,CB	+2.53,+264.4,+25.3,MB	
1702264185.2723477	+6.64,+21.0,+20.4,HA	+3.02,+231.5,+20.8,GB	+6.35,+38.0,+20.8,HA	+7.54,-31.9,+25.5,@A	+2.48,+266.9,+25.2,IB	+2.50,+265.7,+25.4,KB	
1702264247.282145	+6.64,+20.9,+20.4,@A	+3.02,+231.6,+20.8,DB	+6.35,+38.0,+20.8,HA	+7.56,-33.2,+25.6,HA	+2.48,+267.0,+25.2,AB	+2.50,+265.7,+25.4,KB	
1702264309.289915	+6.64,+21.1,+20.4,IA	+3.02,+231.6,+20.8,DB	+6.35,+37.9,+20.9,OA	+7.46,-27.1,+25.5,LA	+2.49,+266.3,+25.2,BB	+2.53,+264.3,+25.3,JB	
1702264371.2975159	+6.64,+21.2,+20.4,JA	+3.02,+231.6,+20.8,DB	+6.35,+38.0,+20.9,IA	+7.47,-28.0,+25.5,CA	+2.49,+266.5,+25.2,DB	+2.52,+264.8,+25.3,@B	
1702264433.3078635	+6.64,+21.0,+20.4,HA	+3.02,+231.5,+20.8,GB	+6.35,+38.1,+20.9,HA	+7.47,-27.6,+25.6,IA	+2.48,+266.7,+25.2,GB	+2.51,+265.2,+25.4,OB	
1702264495.3165712	+6.64,+21.1,+20.4,IA	+3.02,+231.5,+20.8,GB	+6.35,+37.9,+20.9,OA	+7.49,-29.1,+25.6,NA	+2.49,+266.5,+25.2,DB	+2.53,+264.5,+25.4,KB	
1702264557.3240435	+6.64,+21.1,+20.4,IA	+3.02,+231.6,+20.8,DB	+6.35,+38.0,+20.9,IA	+7.51,-30.4,+25.6,JA	+2.48,+266.8,+25.2,HB	+2.51,+265.5,+25.4,HB	
1702264619.3344207	+6.64,+20.9,+20.4,@A	+3.02,+231.6,+20.8,DB	+6.35,+38.0,+20.9,IA	+7.53,-31.4,+25.6,IA	+2.48,+267.0,+25.2,AB	+2.50,+266.0,+25.4,OB	
1702264681.341656	+6.64,+21.0,+20.4,HA	+3.02,+231.5,+20.8,GB	+6.35,+38.0,+20.9,IA	+7.55,-32.4,+25.6,LA	+2.48,+266.9,+25.2,IB	+2.51,+265.2,+25.4,OB	
1702264743.3520315	+6.64,+20.9,+20.4,@A	+3.02,+231.5,+20.8,GB	+6.35,+37.9,+20.9,OA	+7.57,-33.6,+25.5,NA	+2.48,+267.2,+25.2,CB	+2.50,+266.1,+25.3,IB	
1702264805.3603225	+6.64,+21.0,+20.4,HA	+3.02,+231.6,+20.8,DB	+6.35,+38.0,+20.9,IA	+7.60,-35.2,+25.5,HA	+2.48,+267.1,+25.2,@B	+2.50,+266.1,+25.4,NB	
1702264867.3688803	+6.64,+21.1,+20.4,IA	+3.02,+231.6,+20.8,DB	+6.35,+38.0,+20.9,IA	+7.63,-37.0,+25.6,HA	+2.49,+266.3,+25.2,BB	+2.52,+264.6,+25.4,IB	
1702264929.380282	+6.64,+21.0,+20.4,HA	+3.02,+231.6,+20.8,DB	+6.35,+38.0,+20.8,HA	+7.55,-32.6,+25.6,NA	+2.48,+267.0,+25.2,AB	+2.50,+265.9,+25.4,EB	
1702264991.3895836	+6.64,+21.0,+20.4,HA	+3.02,+231.5,+20.8,GB	+6.35,+38.1,+20.9,HA	+7.55,-32.5,+25.6,MA	+2.48,+267.0,+25.2,AB	+2.51,+265.5,+25.4,HB	
1702265053.3955069	+6.64,+21.0,+20.4,HA	+3.02,+231.6,+20.8,DB	+6.35,+38.0,+20.9,IA	+7.54,-32.2,+25.6,KA	+2.48,+266.9,+25.2,IB	+2.51,+265.1,+25.4,LB	
1702265115.4064887	+6.64,+21.0,+20.4,HA	+3.02,+231.6,+20.8,DB	+6.35,+38.1,+20.9,HA	+7.48,-28.3,+25.5,OA	+2.48,+267.2,+25.2,CB	+2.50,+266.0,+25.3,HB	
1702265177.4150255	+6.64,+21.1,+20.4,IA	+3.02,+231.6,+20.8,DB	+6.35,+38.1,+20.9,HA	+7.56,-32.9,+25.6,BA	+2.49,+266.6,+25.2,GB	+2.52,+264.5,+25.4,JB	
1702265239.4240751	+6.64,+21.0,+20.4,HA	+3.02,+231.5,+20.8,GB	+6.35,+38.0,+20.9,IA	+7.60,-35.3,+25.6,JA	+2.48,+267.1,+25.2,@B	+2.50,+266.2,+25.4,MB	
1702265301.432613	+6.64,+21.0,+20.4,HA	+3.02,+231.6,+20.8,DB	+6.35,+38.0,+20.9,IA	+7.61,-36.2,+25.5,JA	+2.48,+267.2,+25.2,CB	+2.50,+266.1,+25.4,NB	
1702265363.4417922	+6.64,+21.1,+20.4,IA	+3.02,+231.6,+20.8,DB	+6.34,+38.2,+20.9,JA	+7.62,-36.8,+25.5,CA	+2.49,+266.6,+25.2,GB	+2.52,+264.9,+25.4,FB	
1702265425.451278	+6.64,+21.1,+20.4,IA	+3.02,+231.6,+20.8,DB	+6.34,+38.1,+20.8,HA	+7.42,-25.0,+25.5,KA	+2.48,+267.0,+25.2,AB	+2.53,+264.4,+25.3,MB	
1702265672.1983154	+6.64,+21.0,+20.4,HA	+3.02,+231.6,+20.8,DB	+6.35,+38.0,+20.8,HA	+7.48,-28.7,+25.6,HA	+2.49,+266.6,+25.2,GB	+2.51,+265.5,+25.4,HB	
1702265734.2056065	+6.64,+21.1,+20.4,IA	+3.02,+231.6,+20.8,DB	+6.35,+38.0,+20.9,IA	+7.50,-29.4,+25.6,CA	+2.48,+266.8,+25.2,HB	+2.51,+265.2,+25.4,OB	
1702265796.213173	+6.64,+21.0,+20.4,HA	+3.02,+231.6,+20.8,DB	+6.35,+38.0,+20.8,HA	+7.51,-30.0,+25.6,NA	+2.49,+266.5,+25.2,DB	+2.51,+265.3,+25.3,IB	
1702265858.2196434	+6.64,+21.1,+20.4,IA	+3.02,+231.6,+20.8,DB	+6.35,+38.0,+20.8,HA	+7.54,-32.2,+25.5,HA	+2.47,+267.4,+25.2,JB	+2.52,+264.8,+25.4,GB	
1702265920.2289402	+6.64,+21.1,+20.4,IA	+3.02,+231.6,+20.8,DB	+6.35,+38.0,+20.8,HA	+7.56,-33.2,+25.5,KA	+2.48,+267.2,+25.2,CB	+2.52,+264.6,+25.4,IB	
1702265982.2356303	+6.64,+21.1,+20.4,IA	+3.02,+231.6,+20.8,DB	+6.35,+38.1,+20.8,IA	+7.58,-34.5,+25.5,EA	+2.47,+267.4,+25.2,JB	+2.52,+264.8,+25.4,GB	
1702266044.241129	+6.64,+21.1,+20.4,IA	+3.02,+231.6,+20.8,DB	+6.35,+38.1,+20.9,HA	+7.61,-36.1,+25.5,IA	+2.48,+266.8,+25.2,HB	+2.51,+265.3,+25.4,NB	
1702266106.2466369	+6.64,+21.0,+20.4,HA	+3.02,+231.6,+20.8,DB	+6.35,+38.0,+20.8,HA	+7.62,-37.0,+25.5,JA	+2.49,+266.6,+25.2,GB	+2.50,+266.1,+25.4,NB	
1702266168.2545102	+6.64,+21.1,+20.4,IA	+3.02,+231.6,+20.8,DB	+6.35,+38.0,+20.8,HA	+7.64,-37.7,+25.5,KA	+2.48,+267.0,+25.2,AB	+2.50,+265.8,+25.4,DB	
1702266230.260801	+6.64,+21.0,+20.4,HA	+3.02,+231.6,+20.8,DB	+6.35,+37.9,+20.8,NA	+7.67,-39.9,+25.6,KA	+2.49,+266.5,+25.2,DB	+2.50,+266.1,+25.4,NB	
1702266292.2652938	+6.64,+21.1,+20.4,IA	+3.02,+231.5,+20.8,GB	+6.35,+38.1,+20.8,IA	+7.67,-39.8,+25.5,IA	+2.48,+267.1,+25.2,@B	+2.50,+265.7,+25.4,KB	
1702266354.2736	+6.64,+21.1,+20.4,IA	+3.02,+231.6,+20.8,DB	+6.35,+38.1,+20.8,IA	+7.67,-39.6,+25.6,DA	+2.48,+267.2,+25.2,CB	+2.51,+265.6,+25.4,KB	
1702266416.2835228	+6.64,+21.1,+20.4,IA	+3.02,+231.6,+20.8,DB	+6.35,+38.1,+20.9,HA	+7.66,-39.1,+25.6,BA	+2.47,+267.4,+25.2,JB	+2.51,+265.1,+25.3,KB	
1702266478.2916906	+6.64,+21.0,+20.4,HA	+3.02,+231.5,+20.8,GB	+6.35,+38.1,+20.8,IA	+7.37,-21.6,+25.5,KA	+2.48,+266.7,+25.2,GB	+2.49,+266.3,+25.4,DB	
1702266540.2979584	+6.64,+21.0,+20.4,HA	+3.02,+231.6,+20.8,DB	+6.35,+38.1,+20.8,IA	+7.37,-21.6,+25.6,HA	+2.48,+266.9,+25.2,IB	+2.51,+265.6,+25.4,KB	
1702266602.3077993	+6.64,+21.0,+20.4,HA	+3.02,+231.6,+20.8,DB	+6.35,+38.0,+20.9,IA	+7.37,-21.9,+25.6,GA	+2.48,+266.9,+25.2,IB	+2.50,+266.3,+25.3,KB	
1702266664.3156066	+6.64,+21.0,+20.4,HA	+3.02,+231.6,+20.8,DB	+6.35,+38.1,+20.8,IA	+7.35,-20.9,+25.5,GA	+2.48,+267.0,+25.2,AB	+2.51,+265.3,+25.4,NB	
1702266726.3248236	+6.64,+21.0,+20.4,HA	+3.02,+231.6,+20.8,DB	+6.35,+37.9,+20.8,NA	+7.35,-20.7,+25.5,IA	+2.48,+267.1,+25.2,@B	+2.51,+265.2,+25.4,OB	
1702266788.3309317	+6.64,+21.0,+20.4,HA	+3.02,+231.6,+20.8,DB	+6.35,+37.9,+20.9,OA	+7.35,-20.7,+25.5,IA	+2.48,+267.1,+25.2,@B	+2.51,+265.4,+25.3,NB	
1702266850.3383853	+6.64,+21.1,+20.4,IA	+3.02,+231.6,+20.8,DB	+6.35,+37.9,+20.9,OA	+7.34,-19.9,+25.5,LA	+2.48,+267.0,+25.2,AB	+2.50,+265.7,+25.3,LB	
1702266912.3467698	+6.64,+21.1,+20.4,IA	+3.02,+231.5,+20.8,GB	+6.35,+37.9,+20.9,OA	+7.36,-21.1,+25.6,NA	+2.47,+267.4,+25.2,JB	+2.52,+264.9,+25.3,AB	
1702266974.3523548	+6.64,+21.1,+20.4,IA	+3.02,+231.6,+20.8,DB	+6.35,+37.9,+20.9,OA	+7.37,-21.7,+25.6,IA	+2.47,+267.4,+25.2,JB	+2.52,+264.7,+25.3,OB	
1702267036.3632684	+6.64,+21.0,+20.4,HA	+3.02,+231.6,+20.8,DB	+6.35,+37.9,+20.8,NA	+7.37,-21.7,+25.5,JA	+2.48,+266.7,+25.1,DB	+2.49,+266.3,+25.4,DB	
1702267098.371532	+6.64,+21.0,+20.4,HA	+3.02,+231.5,+20.8,GB	+6.35,+38.0,+20.9,IA	+7.37,-21.8,+25.6,FA	+2.49,+266.7,+25.2,FB	+2.50,+266.3,+25.4,LB	
1702267160.3772597	+6.64,+21.0,+20.4,HA	+3.02,+231.6,+20.8,DB	+6.35,+37.9,+20.9,OA	+7.37,-22.1,+25.6,LA	+2.48,+266.8,+25.2,HB	+2.50,+266.2,+25.4,MB	
1702267222.385332	+6.64,+21.1,+20.4,IA	+3.02,+231.6,+20.8,DB	+6.35,+37.9,+20.9,OA	+7.38,-22.5,+25.5,DA	+2.47,+267.4,+25.2,JB	+2.52,+264.8,+25.4,GB	
1702267284.3917809	+6.64,+21.1,+20.4,IA	+3.02,+231.5,+20.8,GB	+6.35,+38.0,+20.9,IA	+7.38,-22.7,+25.6,EA	+2.47,+267.3,+25.2,MB	+2.51,+265.3,+25.3,IB	
1702267346.4009411	+6.64,+21.0,+20.4,HA	+3.02,+231.6,+20.8,DB	+6.35,+37.9,+20.9,OA	+7.38,-22.7,+25.6,EA	+2.48,+267.0,+25.2,AB	+2.50,+266.2,+25.4,MB	
1702267408.4081125	+6.64,+21.0,+20.4,HA	+3.02,+231.6,+20.8,DB	+6.35,+37.8,+20.9,NA	+7.39,-23.1,+25.5,@A	+2.48,+266.8,+25.2,HB	+2.49,+266.3,+25.4,DB	
1702267470.4146943	+6.64,+21.0,+20.4,HA	+3.02,+231.6,+20.8,DB	+6.35,+38.0,+20.9,IA	+7.40,-23.4,+25.6,HA	+2.48,+267.2,+25.2,CB	+2.52,+264.8,+25.4,GB	
1702267532.4218924	+6.64,+21.1,+20.4,IA	+3.02,+231.6,+20.8,DB	+6.35,+38.0,+20.9,IA	+7.39,-23.0,+25.5,AA	+2.47,+267.3,+25.2,MB	+2.50,+265.8,+25.4,DB	
1702267594.4322925	+6.64,+21.0,+20.4,HA	+3.02,+231.6,+20.8,DB	+6.35,+38.0,+20.9,IA	+7.40,-23.5,+25.5,JA	+2.48,+267.2,+25.2,CB	+2.52,+265.0,+25.4,NB	
1702267656.4412944	+6.64,+21.0,+20.4,HA	+3.02,+231.6,+20.8,DB	+6.35,+38.0,+20.8,HA	+7.40,-23.7,+25.5,HA	+2.47,+267.5,+25.2,KB	+2.52,+264.6,+25.4,IB	
1702267718.4526072	+6.64,+21.0,+20.4,HA	+3.02,+231.6,+20.8,DB	+6.34,+38.2,+20.8,KA	+7.40,-23.8,+25.5,GA	+2.48,+267.1,+25.2,@B	+2.51,+265.3,+25.4,NB	
1702267780.4622335	+6.64,+21.0,+20.4,HA	+3.02,+231.6,+20.8,DB	+6.34,+38.1,+20.9,IA	+7.43,-25.4,+25.5,NA	+2.48,+266.9,+25.2,IB	+2.51,+265.4,+25.4,IB	
1702267842.4725478	+6.64,+21.1,+20.4,IA	+3.02,+231.6,+20.8,DB	+6.35,+38.0,+20.9,IA	+7.44,-25.9,+25.6,GA	+2.47,+267.7,+25.2,IB	+2.51,+265.2,+25.4,OB	
1702267904.4811575	+6.64,+21.0,+20.4,HA	+3.02,+231.6,+20.8,DB	+6.34,+38.2,+20.8,KA	+7.37,-21.9,+25.6,GA	+2.48,+267.1,+25.2,@B	+2.50,+266.1,+25.4,NB	
1702267966.4893136	+6.64,+21.0,+20.4,HA	+3.02,+231.6,+20.8,DB	+6.35,+38.0,+20.8,HA	+7.35,-20.5,+25.6,HA	+2.47,+267.5,+25.2,KB	+2.53,+264.5,+25.3,LB	
1702268028.5001533	+6.64,+21.0,+20.4,HA	+3.02,+231.6,+20.8,DB	+6.34,+38.2,+20.8,KA	+7.35,-20.6,+25.5,HA	+2.47,+267.3,+25.2,MB	+2.50,+266.0,+25.4,OB	
1702268090.5100822	+6.64,+21.0,+20.4,HA	+3.02,+231.6,+20.8,DB	+6.35,+38.1,+20.8,IA	+7.39,-22.9,+25.6,JA	+2.47,+267.4,+25.2,JB	+2.53,+264.5,+25.3,LB	
1702268152.5196233	+6.64,+21.0,+20.4,HA	+3.02,+231.6,+20.8,DB	+6.34,+38.2,+20.8,KA	+7.40,-23.4,+25.6,HA	+2.47,+267.7,+25.2,IB	+2.51,+265.5,+25.3,OB	
1702268214.5280154	+6.64,+21.0,+20.4,HA	+3.02,+231.6,+20.8,DB	+6.34,+38.2,+20.8,KA	+7.42,-25.0,+25.5,KA	+2.47,+267.8,+25.2,FB	+2.51,+265.5,+25.4,HB	
1702268276.5351949	+6.64,+20.9,+20.4,@A	+3.02,+231.6,+20.8,DB	+6.34,+38.2,+20.8,KA	+7.40,-23.8,+25.6,DA	+2.48,+267.3,+25.2,BB	+2.52,+264.8,+25.4,GB	
1702268338.5455775	+6.64,+21.0,+20.4,HA	+3.02,+231.6,+20.8,DB	+6.34,+38.2,+20.9,JA	+7.40,-23.8,+25.5,GA	+2.47,+267.4,+25.2,JB	+2.51,+265.1,+25.3,KB	
1702268400.5544155	+6.64,+21.0,+20.4,HA	+3.02,+231.6,+20.8,DB	+6.34,+38.2,+20.8,KA	+7.42,-25.1,+25.5,JA	+2.48,+267.0,+25.2,AB	+2.50,+266.1,+25.4,NB	
1702268462.566505	+6.64,+20.9,+20.4,@A	+3.02,+231.6,+20.8,DB	+6.34,+38.3,+20.8,JA	+7.44,-26.1,+25.6,LA	+2.48,+266.8,+25.2,HB	+2.52,+264.8,+25.4,GB	
1702268524.5760884	+6.64,+21.0,+20.4,HA	+3.02,+231.6,+20.8,DB	+6.34,+38.2,+20.8,KA	+7.41,-24.4,+25.6,NA	+2.48,+266.9,+25.2,IB	+2.50,+265.8,+25.4,DB	
1702268586.5822995	+6.64,+21.0,+20.4,HA	+3.02,+231.6,+20.8,DB	+6.35,+38.1,+20.8,IA	+7.43,-25.6,+25.6,OA	+2.47,+267.4,+25.2,JB	+2.49,+266.3,+25.3,CB	
1702268648.5907292	+6.64,+20.9,+20.4,@A	+3.02,+231.6,+20.8,DB	+6.35,+38.1,+20.8,IA	+7.36,-21.5,+25.6,JA	+2.48,+266.8,+25.2,HB	+2.51,+265.5,+25.3,OB	
1702268710.5985405	+6.64,+21.0,+20.4,HA	+3.02,+231.7,+20.8,EB	+6.35,+38.1,+20.9,HA	+7.36,-21.5,+25.6,JA	+2.47,+267.5,+25.2,KB	+2.51,+265.4,+25.3,NB	
1702268772.6062455	+6.64,+21.0,+20.4,HA	+3.02,+231.6,+20.8,DB	+6.35,+38.1,+20.8,IA	+7.38,-22.4,+25.6,FA	+2.47,+267.3,+25.2,MB	+2.50,+266.2,+25.4,MB	
1702268834.6131973	+6.64,+20.9,+20.4,@A	+3.02,+231.6,+20.8,DB	+6.35,+38.0,+20.8,HA	+7.39,-23.1,+25.5,@A	+2.48,+266.9,+25.2,IB	+2.51,+265.2,+25.3,HB	
1702268896.6255713	+6.64,+21.0,+20.4,HA	+3.02,+231.6,+20.8,DB	+6.34,+38.1,+20.8,HA	+7.40,-23.9,+25.5,FA	+2.47,+267.7,+25.2,IB	+2.50,+266.1,+25.4,NB	
1702268958.6355758	+6.64,+20.9,+20.4,@A	+3.02,+231.6,+20.8,DB	+6.34,+38.1,+20.8,HA	+7.43,-25.5,+25.6,LA	+2.48,+267.2,+25.2,CB	+2.52,+264.7,+25.3,OB	
1702269020.6440694	+6.64,+20.9,+20.4,@A	+3.02,+231.6,+20.8,DB	+6.34,+38.2,+20.9,JA	+7.46,-27.5,+25.5,HA	+2.48,+267.1,+25.2,@B	+2.52,+264.6,+25.4,IB	
1702269082.6526284	+6.64,+21.0,+20.4,HA	+3.02,+231.6,+20.8,DB	+6.35,+38.0,+20.8,HA	+7.50,-29.5,+25.5,AA	+2.47,+267.7,+25.2,IB	+2.49,+266.3,+25.4,DB	
1702269144.6619515	+6.65,+20.6,+20.4,NA	+3.02,+231.6,+20.8,DB	+6.34,+38.2,+20.8,KA	+7.52,-30.6,+25.6,KA	+2.48,+266.9,+25.2,IB	+2.52,+264.9,+25.4,FB	
1702269206.6681583	+6.64,+20.7,+20.4,NA	+3.02,+231.6,+20.8,DB	+6.34,+38.2,+20.9,JA	+7.54,-31.8,+25.5,AA	+2.47,+267.3,+25.2,MB	+2.50,+265.8,+25.4,DB	
1702269268.6751611	+6.65,+20.6,+20.4,NA	+3.02,+231.6,+20.8,DB	+6.35,+38.1,+20.9,HA	+7.54,-32.0,+25.5,JA	+2.47,+267.4,+25.2,JB	+2.51,+265.4,+25.3,NB	
1702269515.3908014	+6.64,+20.7,+20.4,NA	+3.02,+231.6,+20.8,DB	+6.35,+38.1,+20.9,HA	+7.45,-26.4,+25.6,HA	+2.48,+267.2,+25.2,CB	+2.50,+266.1,+25.4,NB	
1702269577.4008	+6.64,+20.7,+20.4,NA	+3.02,+231.6,+20.8,DB	+6.34,+38.2,+20.9,JA	+7.49,-28.9,+25.6,GA	+2.46,+267.9,+25.2,FB	+2.52,+265.0,+25.4,NB	
1702269639.4109814	+6.64,+20.6,+20.4,OA	+3.02,+231.6,+20.8,DB	+6.34,+38.2,+20.9,JA	+7.46,-27.2,+25.6,LA	+2.47,+267.8,+25.2,FB	+2.51,+265.1,+25.3,KB	
1702269701.4199202	+6.65,+20.6,+20.4,NA	+3.02,+231.6,+20.8,DB	+6.34,+38.3,+20.9,KA	+7.47,-27.7,+25.5,KA	+2.47,+267.5,+25.2,KB	+2.51,+265.6,+25.3,LB	
1702269763.4277213	+6.64,+20.6,+20.4,OA	+3.02,+231.6,+20.8,DB	+6.34,+38.1,+20.9,IA	+7.48,-28.5,+25.6,JA	+2.47,+267.5,+25.1,HB	+2.50,+266.1,+25.3,IB	
1702269825.4378133	+6.65,+20.6,+20.4,NA	+3.02,+231.6,+20.8,DB	+6.34,+38.2,+20.9,JA	+7.36,-21.5,+25.5,IA	+2.48,+267.2,+25.2,CB	+2.50,+266.1,+25.4,NB	
1702269887.4466693	+6.65,+20.6,+20.4,NA	+3.02,+231.6,+20.8,DB	+6.34,+38.2,+20.9,JA	+7.39,-23.3,+25.6,AA	+2.46,+267.9,+25.2,FB	+2.52,+264.6,+25.4,IB	
1702269949.455319	+6.65,+20.6,+20.4,NA	+3.02,+231.6,+20.8,DB	+6.35,+38.1,+20.8,IA	+7.45,-26.7,+25.6,KA	+2.47,+267.4,+25.2,JB	+2.51,+265.2,+25.3,HB	
1702270011.4648557	+6.65,+20.6,+20.4,NA	+3.02,+231.6,+20.8,DB	+6.35,+38.1,+20.9,HA	+7.25,-14.7,+25.6,LA	+2.47,+267.7,+25.2,IB	+2.52,+264.6,+25.4,IB	
1702270073.474318	+6.65,+20.6,+20.4,NA	+3.02,+231.6,+20.8,DB	+6.34,+38.2,+20.9,JA	+7.25,-14.7,+25.5,OA	+2.47,+267.7,+25.2,IB	+2.52,+264.7,+25.3,OB	
1702270135.4809906	+6.64,+20.7,+20.4,NA	+3.02,+231.6,+20.8,DB	+6.35,+38.1,+20.8,IA	+7.25,-15.0,+25.5,IA	+2.47,+267.6,+25.2,HB	+2.51,+265.6,+25.4,KB	
1702270197.492043	+6.65,+20.6,+20.4,NA	+3.02,+231.6,+20.8,DB	+6.35,+38.1,+20.9,HA	+7.25,-14.9,+25.6,BA	+2.48,+267.1,+25.2,@B	+2.50,+266.1,+25.3,IB	
1702270259.5002143	+6.64,+20.7,+20.4,NA	+3.02,+231.6,+20.8,DB	+6.34,+38.2,+20.9,JA	+7.25,-15.0,+25.6,JA	+2.48,+267.1,+25.2,@B	+2.51,+265.3,+25.4,NB	
1702270321.511479	+6.65,+20.6,+20.4,NA	+3.02,+231.6,+20.8,DB	+6.34,+38.2,+20.9,JA	+7.25,-15.1,+25.5,HA	+2.48,+267.1,+25.2,@B	+2.50,+265.7,+25.3,LB	
1702270383.5201306	+6.64,+20.7,+20.4,NA	+3.02,+231.6,+20.8,DB	+6.35,+38.0,+20.8,HA	+7.26,-15.2,+25.6,KA	+2.46,+268.0,+25.2,@B	+2.51,+265.5,+25.4,HB	
1702270445.5294914	+6.65,+20.6,+20.4,NA	+3.02,+231.7,+20.8,EB	+6.35,+38.0,+20.9,IA	+7.26,-15.6,+25.5,LA	+2.47,+267.5,+25.2,KB	+2.52,+264.8,+25.4,GB	
1702270507.5389376	+6.65,+20.6,+20.4,NA	+3.02,+231.6,+20.8,DB	+6.35,+38.1,+20.8,IA	+7.20,-11.8,+25.6,CA	+2.47,+267.6,+25.2,HB	+2.52,+264.7,+25.3,OB	
1702270569.5485275	+6.64,+20.7,+20.4,NA	+3.02,+231.7,+20.8,EB	+6.35,+38.1,+20.8,IA	+7.30,-17.5,+25.5,JA	+2.46,+267.9,+25.2,FB	+2.50,+265.8,+25.3,CB	
1702270631.5569537	+6.65,+20.6,+20.4,NA	+3.02,+231.6,+20.8,DB	+6.35,+38.0,+20.9,IA	+7.22,-13.3,+25.5,KA	+2.48,+267.3,+25.2,BB	+2.51,+265.6,+25.3,LB	
1702270693.5619044	+6.65,+20.6,+20.4,NA	+3.02,+231.6,+20.8,DB	+6.34,+38.1,+20.8,HA	+7.25,-14.8,+25.6,CA	+2.47,+267.7,+25.2,IB	+2.52,+264.7,+25.3,OB	
1702270755.5743563	+6.65,+20.6,+20.4,NA	+3.02,+231.6,+20.8,DB	+6.35,+38.1,+20.9,HA	+7.27,-15.7,+25.6,OA	+2.47,+267.5,+25.2,KB	+2.52,+265.0,+25.3,IB	
1702270817.5876307	+6.65,+20.6,+20.4,NA	+3.02,+231.6,+20.8,DB	+6.34,+38.2,+20.9,JA	+7.17,-9.9,+25.6,OB	+2.47,+267.7,+25.2,IB	+2.52,+264.8,+25.4,GB	
1702270879.5963056	+6.64,+20.6,+20.4,OA	+3.02,+231.6,+20.8,DB	+6.34,+38.2,+20.8,KA	+7.14,-8.2,+25.5,EB	+2.46,+268.1,+25.2,AB	+2.51,+265.7,+25.4,JB	
1702270941.604898	+6.65,+20.6,+20.4,NA	+3.02,+231.7,+20.8,EB	+6.35,+38.1,+20.8,IA	+7.15,-8.7,+25.6,BB	+2.46,+268.1,+25.2,AB	+2.51,+265.5,+25.4,HB	
1702271003.6151366	+6.65,+20.6,+20.4,NA	+3.02,+231.6,+20.8,DB	+6.35,+38.1,+20.8,IA	+7.16,-9.3,+25.6,DB	+2.46,+267.9,+25.2,FB	+2.51,+265.1,+25.4,LB	
1702271065.623892	+6.65,+20.6,+20.4,NA	+3.02,+231.6,+20.8,DB	+6.34,+38.1,+20.9,IA	+7.16,-9.3,+25.5,GB	+2.47,+267.7,+25.2,IB	+2.52,+265.0,+25.4,NB	
1702271127.6316502	+6.64,+20.7,+20.4,NA	+3.02,+231.6,+20.8,DB	+6.34,+38.2,+20.8,KA	+7.16,-9.2,+25.6,EB	+2.47,+267.8,+25.2,FB	+2.49,+266.5,+25.4,BB	
1702271189.642256	+6.64,+20.7,+20.4,NA	+3.02,+231.6,+20.8,DB	+6.35,+38.1,+20.8,IA	+7.16,-9.6,+25.6,AB	+2.47,+267.4,+25.2,JB	+2.51,+265.3,+25.3,IB	
1702271251.6498604	+6.64,+20.7,+20.4,NA	+3.02,+231.6,+20.8,DB	+6.35,+38.1,+20.9,HA	+7.17,-10.2,+25.6,LA	+2.47,+267.4,+25.2,JB	+2.51,+265.5,+25.4,HB	
1702271313.6602068	+6.64,+20.6,+20.4,OA	+3.02,+231.6,+20.8,DB	+6.35,+38.1,+20.8,IA	+7.16,-9.3,+25.6,DB	+2.47,+267.5,+25.2,KB	+2.50,+265.7,+25.4,KB	
1702271375.6702275	+6.64,+20.7,+20.4,NA	+3.02,+231.7,+20.8,EB	+6.35,+38.0,+20.8,HA	+7.17,-10.0,+25.6,NA	+2.47,+267.5,+25.2,KB	+2.51,+265.5,+25.4,HB	
1702271437.6772761	+6.64,+20.7,+20.4,NA	+3.02,+231.6,+20.8,DB	+6.35,+38.1,+20.8,IA	+7.18,-10.8,+25.5,JA	+2.46,+268.1,+25.2,AB	+2.50,+266.2,+25.3,JB	
1702271499.6863883	+6.64,+20.7,+20.4,NA	+3.02,+231.6,+20.8,DB	+6.35,+38.0,+20.8,HA	+7.19,-11.4,+25.6,EA	+2.46,+268.3,+25.2,CB	+2.49,+266.7,+25.3,GB	
1702271561.6932623	+6.64,+20.7,+20.4,NA	+3.02,+231.6,+20.8,DB	+6.35,+38.0,+20.8,HA	+7.20,-11.8,+25.6,CA	+2.46,+268.2,+25.2,BB	+2.49,+266.7,+25.3,GB	
1702271623.7027051	+6.64,+20.7,+20.4,NA	+3.02,+231.6,+20.8,DB	+6.35,+38.1,+20.9,HA	+7.24,-14.2,+25.5,KA	+2.46,+268.3,+25.2,CB	+2.49,+266.6,+25.4,AB	
1702271685.7107916	+6.64,+20.7,+20.4,NA	+3.02,+231.6,+20.8,DB	+6.35,+38.1,+20.8,IA	+7.29,-17.3,+25.6,GA	+2.46,+267.9,+25.2,FB	+2.49,+266.4,+25.4,CB	
1702271747.7193935	+6.65,+20.6,+20.4,NA	+3.02,+231.6,+20.8,DB	+6.35,+38.0,+20.8,HA	+7.36,-21.4,+25.5,HA	+2.46,+268.0,+25.2,@B	+2.50,+266.0,+25.4,OB	
1702271809.7280958	+6.65,+20.6,+20.4,NA	+3.02,+231.6,+20.8,DB	+6.35,+38.1,+20.9,HA	+7.36,-21.5,+25.6,JA	+2.46,+268.0,+25.2,@B	+2.49,+266.4,+25.4,CB	
1702271871.7352803	+6.65,+20.6,+20.4,NA	+3.02,+231.6,+20.8,DB	+6.35,+38.1,+20.8,IA	+7.38,-22.8,+25.5,IA	+2.46,+268.0,+25.2,@B	+2.49,+266.3,+25.4,DB	
1702271933.7448087	+6.64,+20.7,+20.4,NA	+3.02,+231.6,+20.8,DB	+6.35,+38.1,+20.8,IA	+7.39,-23.2,+25.5,CA	+2.46,+268.1,+25.2,AB	+2.49,+266.5,+25.4,BB	
1702271995.7516792	+6.65,+20.6,+20.4,NA	+3.02,+231.6,+20.8,DB	+6.35,+38.1,+20.9,HA	+7.40,-23.7,+25.5,HA	+2.47,+267.5,+25.2,KB	+2.51,+265.3,+25.3,IB	
1702272057.7607958	+6.64,+20.7,+20.4,NA	+3.02,+231.7,+20.8,EB	+6.35,+38.0,+20.8,HA	+7.40,-23.9,+25.6,EA	+2.47,+267.8,+25.2,FB	+2.50,+265.9,+25.4,EB	
1702272119.7700014	+6.64,+20.7,+20.4,NA	+3.02,+231.6,+20.8,DB	+6.35,+38.1,+20.8,IA	+7.45,-26.4,+25.5,KA	+2.47,+267.7,+25.2,IB	+2.51,+265.4,+25.4,IB	
1702272181.7802718	+6.64,+20.7,+20.4,NA	+3.02,+231.6,+20.8,DB	+6.35,+38.0,+20.8,HA	+7.47,-27.7,+25.6,HA	+2.46,+268.2,+25.2,BB	+2.49,+266.7,+25.3,GB	
1702272243.7878494	+6.64,+20.7,+20.4,NA	+3.02,+231.6,+20.8,DB	+6.35,+38.0,+20.9,IA	+7.43,-25.7,+25.5,MA	+2.46,+268.1,+25.2,AB	+2.50,+266.0,+25.3,HB	
1702272305.796234	+6.64,+20.7,+20.4,NA	+3.02,+231.7,+20.8,EB	+6.35,+38.1,+20.8,IA	+7.43,-25.4,+25.6,MA	+2.46,+268.0,+25.2,@B	+2.51,+265.5,+25.4,HB	
1702272367.8066778	+6.65,+20.6,+20.4,NA	+3.02,+231.6,+20.8,DB	+6.35,+38.0,+20.8,HA	+7.42,-25.0,+25.5,KA	+2.46,+268.2,+25.2,BB	+2.49,+266.6,+25.4,AB	
1702272429.81135	+6.65,+20.6,+20.4,NA	+3.02,+231.6,+20.8,DB	+6.35,+38.0,+20.9,IA	+7.44,-25.8,+25.6,FA	+2.46,+268.1,+25.2,AB	+2.49,+266.6,+25.4,AB	
1702272491.8199043	+6.64,+20.7,+20.4,NA	+3.02,+231.6,+20.8,DB	+6.35,+38.1,+20.8,IA	+7.44,-26.3,+25.5,MA	+2.46,+268.0,+25.2,@B	+2.50,+265.7,+25.4,KB	
1702272553.8266506	+6.65,+20.6,+20.4,NA	+3.02,+231.6,+20.8,DB	+6.35,+38.0,+20.9,IA	+7.45,-26.5,+25.6,IA	+2.47,+267.5,+25.2,KB	+2.50,+266.0,+25.4,OB	
1702272615.8372593	+6.65,+20.6,+20.4,NA	+3.02,+231.6,+20.8,DB	+6.35,+38.1,+20.9,HA	+7.49,-29.0,+25.6,OA	+2.46,+268.0,+25.2,@B	+2.49,+266.7,+25.4,@B	
1702272677.8469894	+6.64,+20.7,+20.4,NA	+3.02,+231.6,+20.8,DB	+6.35,+38.1,+20.9,HA	+7.50,-29.7,+25.5,CA	+2.47,+267.8,+25.2,FB	+2.51,+265.1,+25.3,KB	
1702272739.8555717	+6.64,+20.7,+20.4,NA	+3.02,+231.6,+20.8,DB	+6.35,+38.1,+20.9,HA	+7.47,-27.8,+25.5,DA	+2.47,+267.6,+25.2,HB	+2.50,+266.1,+25.4,NB	
1702272801.8557665	+6.64,+20.7,+20.4,NA	+3.02,+231.6,+20.8,DB	+6.35,+38.0,+20.9,IA	+7.48,-28.7,+25.6,HA	+2.46,+268.1,+25.2,AB	+2.50,+265.7,+25.4,KB	
1702272863.863316	+6.64,+20.7,+20.4,NA	+3.02,+231.6,+20.8,DB	+6.35,+38.1,+20.9,HA	+7.51,-30.0,+25.6,NA	+2.47,+267.5,+25.2,KB	+2.51,+265.6,+25.4,KB	
1702272925.869693	+6.64,+20.7,+20.4,NA	+3.02,+231.6,+20.8,DB	+6.35,+38.1,+20.9,HA	+7.48,-28.5,+25.5,IA	+2.47,+267.8,+25.2,FB	+2.51,+265.3,+25.3,IB	
1702272987.8772812	+6.64,+20.7,+20.4,NA	+3.02,+231.7,+20.8,EB	+6.35,+38.0,+20.8,HA	+7.48,-28.2,+25.6,MA	+2.46,+268.4,+25.2,DB	+2.50,+265.9,+25.4,EB	
1702273049.8872914	+6.65,+20.6,+20.4,NA	+3.02,+231.6,+20.8,DB	+6.35,+37.9,+20.9,OA	+7.47,-28.0,+25.5,CA	+2.46,+268.2,+25.2,BB	+2.49,+266.7,+25.3,GB	
1702273111.8951714	+6.64,+20.8,+20.4,AA	+3.02,+231.6,+20.8,DB	+6.35,+38.1,+20.9,HA	+7.50,-29.4,+25.6,CA	+2.47,+267.7,+25.2,IB	+2.51,+265.2,+25.4,OB	
1702273358.6697578	+6.64,+20.8,+20.4,AA	+3.02,+231.6,+20.8,DB	+6.35,+38.1,+20.8,IA	+7.54,-32.1,+25.6,HA	+2.46,+268.3,+25.2,CB	+2.51,+265.5,+25.3,OB	
