62309060419	62309060427	62309060471	62309060472	62309060473	62309060475	
1701668102.860975	+6.48,+30.1,+19.9,@A	+2.32,+271.9,+20.4,AB	+6.46,+31.6,+20.5,NA	+2.24,+281.4,+25.5,@B	+2.09,+289.8,+25.2,LB	+2.07,+291.3,+25.4,FB	
1701668164.8683577	+6.48,+30.1,+19.9,@A	+2.32,+271.9,+20.4,AB	+6.46,+31.6,+20.5,NA	+2.24,+281.4,+25.5,@B	+2.11,+289.2,+25.2,OB	+2.08,+290.8,+25.4,CB	
1701668226.876233	+6.48,+30.1,+20.0,CA	+2.32,+271.8,+20.5,AB	+6.46,+31.6,+20.5,NA	+2.23,+282.3,+25.5,CB	+2.10,+289.4,+25.2,HB	+2.10,+289.8,+25.4,BB	
1701668288.8889856	+6.48,+30.1,+19.9,@A	+2.32,+271.9,+20.5,@B	+6.46,+31.5,+20.5,MA	+2.24,+281.3,+25.5,GB	+2.10,+289.3,+25.2,OB	+2.08,+290.9,+25.3,EB	
1701668350.8990111	+6.48,+30.2,+19.9,CA	+2.32,+271.8,+20.4,@B	+6.46,+31.4,+20.5,LA	+2.24,+281.6,+25.5,BB	+2.10,+289.2,+25.2,NB	+2.08,+290.5,+25.4,NB	
1701668412.9068651	+6.48,+30.1,+19.9,@A	+2.32,+271.8,+20.5,AB	+6.46,+31.4,+20.5,LA	+2.23,+281.8,+25.5,KB	+2.11,+289.1,+25.2,LB	+2.09,+290.3,+25.3,NB	
1701668474.9164083	+6.48,+30.0,+19.9,AA	+2.32,+271.9,+20.4,AB	+6.46,+31.5,+20.5,MA	+2.23,+282.0,+25.6,CB	+2.10,+289.6,+25.2,JB	+2.09,+290.5,+25.4,OB	
1701668536.9269643	+6.48,+30.0,+20.0,BA	+2.32,+271.9,+20.4,AB	+6.46,+31.5,+20.5,MA	+2.23,+282.0,+25.6,CB	+2.11,+289.1,+25.2,LB	+2.09,+290.1,+25.3,LB	
1701668598.9374802	+6.48,+30.1,+20.0,CA	+2.32,+271.9,+20.4,AB	+6.46,+31.4,+20.5,LA	+2.25,+281.0,+25.5,EB	+2.10,+289.6,+25.2,JB	+2.07,+291.5,+25.4,@B	
1701668660.9463065	+6.48,+30.0,+19.9,AA	+2.32,+271.9,+20.4,AB	+6.46,+31.4,+20.5,LA	+2.23,+282.0,+25.6,CB	+2.10,+289.2,+25.2,NB	+2.09,+290.1,+25.4,KB	
1701668722.9572508	+6.48,+30.0,+19.9,AA	+2.32,+271.9,+20.4,AB	+6.46,+31.4,+20.5,LA	+2.24,+281.3,+25.6,DB	+2.10,+289.2,+25.2,NB	+2.08,+290.8,+25.4,CB	
1701668784.9672172	+6.48,+30.0,+20.0,BA	+2.32,+271.9,+20.4,AB	+6.46,+31.3,+20.5,KA	+2.24,+281.7,+25.5,CB	+2.10,+289.5,+25.2,IB	+2.08,+290.6,+25.3,JB	
1701668846.9762218	+6.48,+30.0,+20.0,BA	+2.32,+271.9,+20.5,@B	+6.46,+31.4,+20.5,LA	+2.24,+281.3,+25.6,DB	+2.10,+289.6,+25.2,JB	+2.08,+291.1,+25.4,KB	
1701668908.9846098	+6.48,+30.0,+19.9,AA	+2.32,+271.9,+20.5,@B	+6.46,+31.3,+20.5,KA	+2.24,+281.8,+25.5,LB	+2.11,+289.1,+25.2,LB	+2.09,+290.3,+25.4,IB	
1701668970.9900827	+6.48,+29.9,+20.0,CA	+2.32,+271.8,+20.5,AB	+6.46,+31.3,+20.5,KA	+2.23,+282.0,+25.6,CB	+2.10,+289.1,+25.2,MB	+2.09,+290.2,+25.4,HB	
1701669033.0006156	+6.48,+30.0,+19.9,AA	+2.32,+271.9,+20.4,AB	+6.46,+31.3,+20.5,KA	+2.24,+281.3,+25.6,DB	+2.10,+289.6,+25.2,JB	+2.07,+291.1,+25.4,DB	
1701669095.0099347	+6.48,+29.9,+20.0,CA	+2.32,+271.9,+20.4,AB	+6.46,+31.5,+20.5,MA	+2.24,+281.4,+25.6,CB	+2.10,+289.6,+25.2,JB	+2.08,+291.1,+25.4,KB	
1701669157.0185347	+6.48,+29.9,+20.0,CA	+2.32,+271.9,+20.5,@B	+6.46,+31.5,+20.5,MA	+2.23,+282.2,+25.5,BB	+2.11,+289.1,+25.2,LB	+2.10,+289.8,+25.3,EB	
1701669219.0267026	+6.48,+30.0,+20.0,BA	+2.32,+271.8,+20.5,AB	+6.46,+31.5,+20.5,MA	+2.24,+281.8,+25.6,OB	+2.10,+289.5,+25.2,IB	+2.08,+290.6,+25.4,MB	
1701669281.035755	+6.48,+29.9,+20.0,CA	+2.32,+271.8,+20.4,@B	+6.46,+31.6,+20.5,NA	+2.23,+282.1,+25.6,BB	+2.10,+289.3,+25.2,OB	+2.09,+290.2,+25.4,HB	
1701669343.0444882	+6.49,+29.8,+20.0,CA	+2.32,+271.9,+20.4,AB	+6.46,+31.2,+20.5,JA	+2.25,+281.0,+25.5,EB	+2.10,+289.7,+25.2,KB	+2.07,+291.6,+25.3,DB	
1701669405.0542543	+6.49,+29.8,+19.9,@A	+2.32,+271.9,+20.5,@B	+6.46,+31.2,+20.5,JA	+2.25,+281.0,+25.5,EB	+2.10,+289.7,+25.2,KB	+2.07,+291.5,+25.4,@B	
1701669467.0631084	+6.49,+29.8,+19.9,@A	+2.32,+271.8,+20.4,@B	+6.46,+31.2,+20.5,JA	+2.24,+281.3,+25.6,DB	+2.10,+289.5,+25.2,IB	+2.08,+291.1,+25.4,KB	
1701669529.07155	+6.49,+29.8,+19.9,@A	+2.32,+271.9,+20.4,AB	+6.46,+31.3,+20.5,KA	+2.24,+281.4,+25.6,CB	+2.09,+289.8,+25.2,LB	+2.07,+291.2,+25.3,@B	
1701669591.081995	+6.49,+29.8,+19.9,@A	+2.32,+271.9,+20.4,AB	+6.46,+31.2,+20.5,JA	+2.23,+282.3,+25.6,@B	+2.10,+289.3,+25.2,OB	+2.09,+289.9,+25.3,LB	
1701669653.0893092	+6.49,+29.8,+20.0,CA	+2.32,+271.9,+20.4,AB	+6.46,+31.3,+20.5,KA	+2.25,+281.1,+25.5,DB	+2.10,+289.6,+25.2,JB	+2.07,+291.4,+25.3,FB	
1701669715.0998185	+6.49,+29.8,+19.9,@A	+2.32,+271.9,+20.5,@B	+6.46,+31.3,+20.5,KA	+2.24,+281.3,+25.6,DB	+2.10,+289.3,+25.2,OB	+2.08,+291.1,+25.3,LB	
1701669777.10917	+6.49,+29.8,+20.0,CA	+2.32,+271.9,+20.4,AB	+6.46,+31.2,+20.5,JA	+2.23,+282.2,+25.5,BB	+2.10,+289.6,+25.2,JB	+2.09,+290.4,+25.4,NB	
1701670022.6720307	+6.49,+29.8,+19.9,@A	+2.32,+271.9,+20.4,AB	+6.46,+31.2,+20.5,JA	+2.24,+281.4,+25.5,@B	+2.10,+289.2,+25.2,NB	+2.09,+290.0,+25.3,MB	
1701670084.6799328	+6.49,+29.8,+20.0,CA	+2.32,+271.8,+20.5,AB	+6.46,+31.2,+20.5,JA	+2.24,+281.5,+25.6,BB	+2.10,+289.1,+25.2,MB	+2.09,+290.1,+25.4,KB	
1701670146.6880038	+6.49,+29.7,+20.0,LA	+2.32,+271.9,+20.5,@B	+6.46,+31.2,+20.5,JA	+2.23,+282.4,+25.6,GB	+2.10,+289.3,+25.2,OB	+2.07,+291.3,+25.4,FB	
1701670208.6988273	+6.49,+29.6,+19.9,NA	+2.32,+271.9,+20.5,@B	+6.46,+31.2,+20.5,JA	+2.25,+281.2,+25.5,GB	+2.10,+289.5,+25.2,IB	+2.09,+289.9,+25.3,LB	
1701670270.7088046	+6.49,+29.7,+19.9,OA	+2.32,+271.9,+20.4,AB	+6.46,+31.3,+20.5,KA	+2.24,+281.3,+25.6,DB	+2.10,+289.3,+25.2,OB	+2.09,+290.0,+25.4,JB	
1701670332.7172298	+6.49,+29.7,+19.9,OA	+2.32,+271.9,+20.5,@B	+6.46,+31.2,+20.5,JA	+2.25,+281.1,+25.6,GB	+2.09,+289.9,+25.2,MB	+2.09,+290.4,+25.4,NB	
1701670394.7277591	+6.49,+29.6,+20.0,MA	+2.32,+271.9,+20.5,@B	+6.46,+31.2,+20.5,JA	+2.23,+282.3,+25.6,@B	+2.11,+289.1,+25.2,LB	+2.07,+291.1,+25.3,CB	
1701670456.7350411	+6.49,+29.6,+19.9,NA	+2.32,+271.8,+20.5,AB	+6.46,+31.2,+20.5,JA	+2.23,+282.2,+25.5,BB	+2.11,+289.1,+25.2,LB	+2.08,+291.0,+25.4,JB	
1701670518.7466033	+6.49,+29.6,+20.0,MA	+2.32,+271.8,+20.5,AB	+6.46,+31.3,+20.5,KA	+2.24,+281.5,+25.5,AB	+2.09,+289.8,+25.2,LB	+2.07,+291.1,+25.3,CB	
1701670580.7572367	+6.49,+29.6,+20.0,MA	+2.32,+271.9,+20.5,@B	+6.46,+31.3,+20.5,KA	+2.23,+281.9,+25.6,IB	+2.10,+289.6,+25.2,JB	+2.07,+291.5,+25.4,@B	
1701670642.7670286	+6.49,+29.6,+20.0,MA	+2.32,+271.9,+20.5,@B	+6.46,+31.2,+20.5,JA	+2.24,+281.3,+25.6,DB	+2.10,+289.5,+25.2,IB	+2.10,+289.9,+25.4,CB	
1701670704.7764552	+6.49,+29.6,+20.0,MA	+2.32,+271.9,+20.5,@B	+6.46,+31.2,+20.5,JA	+2.24,+281.7,+25.6,@B	+2.10,+289.6,+25.2,JB	+2.07,+291.3,+25.4,FB	
1701670766.783364	+6.49,+29.6,+20.0,MA	+2.32,+271.9,+20.5,@B	+6.46,+31.3,+20.5,KA	+2.23,+282.0,+25.6,CB	+2.10,+289.3,+25.2,OB	+2.08,+290.5,+25.4,NB	
1701670828.7939634	+6.49,+29.6,+20.0,MA	+2.32,+272.0,+20.5,JB	+6.46,+31.2,+20.5,JA	+2.23,+282.0,+25.6,CB	+2.10,+289.3,+25.2,OB	+2.07,+291.6,+25.4,CB	
1701670890.802719	+6.49,+29.5,+20.0,NA	+2.32,+271.9,+20.5,@B	+6.46,+31.3,+20.5,KA	+2.23,+282.4,+25.6,GB	+2.11,+289.1,+25.2,LB	+2.07,+291.2,+25.4,GB	
1701670952.8115928	+6.49,+29.4,+20.0,OA	+2.32,+271.9,+20.5,@B	+6.46,+31.3,+20.5,KA	+2.24,+281.8,+25.6,OB	+2.10,+289.5,+25.2,IB	+2.09,+290.2,+25.4,HB	
1701671014.8199496	+6.49,+29.5,+20.0,NA	+2.32,+271.9,+20.5,@B	+6.46,+31.3,+20.5,KA	+2.24,+281.4,+25.6,CB	+2.10,+289.5,+25.2,IB	+2.07,+291.1,+25.4,DB	
1701671076.8277748	+6.49,+29.5,+20.0,NA	+2.32,+271.9,+20.5,@B	+6.46,+31.2,+20.5,JA	+2.23,+282.3,+25.6,@B	+2.10,+289.2,+25.2,NB	+2.08,+290.9,+25.4,BB	
1701671138.8375535	+6.49,+29.4,+19.9,LA	+2.32,+271.9,+20.5,@B	+6.46,+31.2,+20.5,JA	+2.23,+282.2,+25.6,AB	+2.11,+289.1,+25.2,LB	+2.07,+291.5,+25.4,@B	
1701671200.8436594	+6.49,+29.3,+19.9,KA	+2.32,+271.9,+20.5,@B	+6.46,+31.3,+20.5,KA	+2.23,+282.2,+25.6,AB	+2.11,+289.1,+25.2,LB	+2.07,+291.6,+25.4,CB	
1701671262.8529623	+6.49,+29.3,+19.9,KA	+2.32,+271.9,+20.5,@B	+6.46,+31.3,+20.5,KA	+2.23,+281.9,+25.6,IB	+2.10,+289.2,+25.2,NB	+2.07,+291.6,+25.4,CB	
1701671324.8630028	+6.50,+29.2,+20.0,AA	+2.32,+271.9,+20.5,@B	+6.46,+31.3,+20.5,KA	+2.25,+281.1,+25.5,DB	+2.09,+290.0,+25.2,LB	+2.10,+289.8,+25.4,BB	
1701671386.8726313	+6.50,+29.3,+20.0,@A	+2.32,+271.9,+20.5,@B	+6.46,+31.3,+20.5,KA	+2.25,+281.0,+25.5,EB	+2.09,+289.8,+25.2,LB	+2.09,+290.4,+25.3,IB	
1701671448.882109	+6.50,+29.3,+20.0,@A	+2.32,+271.9,+20.5,@B	+6.46,+31.3,+20.5,KA	+2.23,+282.2,+25.6,AB	+2.10,+289.5,+25.2,IB	+2.08,+290.8,+25.4,CB	
1701671510.889525	+6.50,+29.2,+20.0,AA	+2.32,+271.8,+20.5,AB	+6.46,+31.3,+20.5,KA	+2.23,+282.2,+25.6,AB	+2.10,+289.2,+25.2,NB	+2.07,+291.5,+25.3,GB	
1701671572.8988595	+6.50,+29.2,+20.0,AA	+2.32,+271.9,+20.5,@B	+6.46,+31.3,+20.5,KA	+2.23,+282.1,+25.5,AB	+2.11,+289.2,+25.2,OB	+2.07,+291.6,+25.3,DB	
1701671634.908141	+6.50,+29.2,+20.0,AA	+2.32,+271.9,+20.5,@B	+6.46,+31.3,+20.5,KA	+2.25,+281.1,+25.6,GB	+2.09,+289.8,+25.2,LB	+2.09,+290.4,+25.3,IB	
1701671696.9181979	+6.50,+29.2,+20.0,AA	+2.32,+271.9,+20.5,@B	+6.46,+31.3,+20.5,KA	+2.25,+281.1,+25.6,GB	+2.10,+289.7,+25.2,KB	+2.08,+290.6,+25.4,MB	
1701671758.926591	+6.50,+29.1,+20.0,BA	+2.32,+271.9,+20.5,@B	+6.46,+31.3,+20.5,KA	+2.23,+281.9,+25.6,IB	+2.09,+290.0,+25.2,LB	+2.09,+290.1,+25.4,KB	
1701671820.9357889	+6.50,+29.1,+20.0,BA	+2.32,+271.9,+20.5,@B	+6.46,+31.3,+20.5,KA	+2.23,+282.0,+25.6,CB	+2.10,+289.2,+25.2,NB	+2.07,+291.6,+25.4,CB	
1701671882.9448605	+6.50,+29.1,+20.0,BA	+2.32,+271.9,+20.5,@B	+6.46,+31.3,+20.5,KA	+2.23,+282.0,+25.6,CB	+2.09,+289.9,+25.2,MB	+2.09,+290.2,+25.3,OB	
1701671944.9516613	+6.50,+29.1,+20.0,BA	+2.32,+271.9,+20.5,@B	+6.46,+31.3,+20.5,KA	+2.25,+281.2,+25.6,DB	+2.10,+289.3,+25.2,OB	+2.08,+291.1,+25.4,KB	
1701672006.9596536	+6.50,+29.1,+20.0,BA	+2.32,+271.9,+20.5,@B	+6.46,+31.3,+20.6,HA	+2.24,+281.5,+25.6,BB	+2.09,+289.9,+25.2,MB	+2.09,+290.0,+25.4,JB	
1701672068.9672828	+6.50,+29.1,+20.0,BA	+2.32,+271.9,+20.5,@B	+6.46,+31.3,+20.5,KA	+2.23,+282.3,+25.6,@B	+2.09,+289.8,+25.2,LB	+2.08,+290.7,+25.3,KB	
1701672130.977054	+6.50,+29.1,+20.0,BA	+2.32,+271.9,+20.5,@B	+6.46,+31.3,+20.5,KA	+2.23,+282.2,+25.6,AB	+2.09,+290.0,+25.2,LB	+2.08,+290.6,+25.4,MB	
1701672192.9885218	+6.50,+29.0,+20.0,CA	+2.32,+271.9,+20.5,@B	+6.46,+31.4,+20.5,LA	+2.25,+281.1,+25.6,GB	+2.10,+289.2,+25.2,NB	+2.07,+291.2,+25.4,GB	
1701672254.9976294	+6.50,+29.0,+20.0,CA	+2.32,+271.9,+20.5,@B	+6.46,+31.3,+20.6,HA	+2.25,+281.1,+25.6,GB	+2.10,+289.2,+25.2,NB	+2.07,+291.1,+25.3,CB	
1701672317.007382	+6.50,+29.0,+20.0,CA	+2.32,+271.9,+20.5,@B	+6.46,+31.3,+20.5,KA	+2.24,+281.3,+25.6,DB	+2.10,+289.2,+25.1,MB	+2.07,+291.6,+25.4,CB	
1701672379.0164318	+6.50,+29.0,+20.0,CA	+2.32,+271.9,+20.5,@B	+6.46,+31.3,+20.6,HA	+2.24,+281.3,+25.6,DB	+2.10,+289.7,+25.2,KB	+2.09,+290.0,+25.4,JB	
1701672441.0272102	+6.50,+29.0,+20.0,CA	+2.32,+271.9,+20.5,@B	+6.46,+31.3,+20.5,KA	+2.23,+282.0,+25.5,@B	+2.10,+289.7,+25.2,KB	+2.07,+291.4,+25.4,AB	
1701672503.0363877	+6.50,+29.0,+20.0,CA	+2.32,+272.0,+20.5,JB	+6.46,+31.3,+20.5,KA	+2.24,+281.2,+25.5,FB	+2.10,+289.2,+25.2,NB	+2.07,+291.4,+25.4,AB	
1701672565.0457165	+6.50,+29.0,+20.0,CA	+2.32,+272.0,+20.5,JB	+6.46,+31.3,+20.5,KA	+2.24,+281.4,+25.6,CB	+2.10,+289.4,+25.2,HB	+2.07,+291.7,+25.4,BB	
1701672627.054322	+6.50,+28.9,+20.0,KA	+2.32,+271.9,+20.5,@B	+6.46,+31.3,+20.5,KA	+2.24,+281.3,+25.6,DB	+2.10,+289.4,+25.2,HB	+2.09,+290.5,+25.4,OB	
1701672689.0641685	+6.50,+28.9,+19.9,HA	+2.32,+271.9,+20.5,@B	+6.46,+31.3,+20.5,KA	+2.23,+282.3,+25.6,@B	+2.09,+290.0,+25.2,LB	+2.07,+291.2,+25.4,GB	
1701672751.0728657	+6.50,+29.0,+20.0,CA	+2.32,+271.9,+20.5,@B	+6.46,+31.4,+20.5,LA	+2.24,+281.7,+25.6,@B	+2.10,+289.6,+25.2,JB	+2.06,+291.8,+25.3,KB	
1701672813.082746	+6.50,+29.0,+20.0,CA	+2.32,+271.9,+20.5,@B	+6.46,+31.4,+20.5,LA	+2.24,+281.4,+25.5,@B	+2.10,+289.4,+25.2,HB	+2.08,+290.6,+25.3,JB	
1701672875.0934474	+6.50,+28.9,+19.9,HA	+2.32,+271.9,+20.5,@B	+6.46,+31.3,+20.5,KA	+2.22,+282.4,+25.6,FB	+2.09,+289.9,+25.2,MB	+2.09,+290.1,+25.4,KB	
1701672937.103686	+6.50,+28.9,+19.9,HA	+2.32,+272.0,+20.5,JB	+6.46,+31.4,+20.5,LA	+2.24,+281.4,+25.6,CB	+2.10,+289.4,+25.2,HB	+2.07,+291.3,+25.4,FB	
1701672999.112619	+6.50,+28.9,+19.9,HA	+2.32,+271.9,+20.5,@B	+6.46,+31.3,+20.5,KA	+2.24,+281.4,+25.5,@B	+2.10,+289.3,+25.2,OB	+2.07,+291.3,+25.4,FB	
1701673061.1234698	+6.50,+28.9,+20.0,KA	+2.32,+271.9,+20.5,@B	+6.46,+31.3,+20.5,KA	+2.24,+281.5,+25.6,BB	+2.10,+289.5,+25.2,IB	+2.07,+291.5,+25.4,@B	
1701673123.1320443	+6.50,+28.9,+20.0,KA	+2.32,+271.9,+20.5,@B	+6.46,+31.4,+20.6,OA	+2.23,+282.0,+25.5,@B	+2.10,+289.4,+25.2,HB	+2.09,+290.1,+25.3,LB	
1701673185.1428983	+6.50,+28.9,+20.0,KA	+2.32,+271.9,+20.5,@B	+6.46,+31.3,+20.5,KA	+2.23,+282.1,+25.6,BB	+2.09,+290.0,+25.2,LB	+2.07,+291.5,+25.3,GB	
1701673247.1510696	+6.50,+28.8,+20.0,JA	+2.32,+272.0,+20.5,JB	+6.46,+31.3,+20.6,HA	+2.22,+282.6,+25.6,DB	+2.09,+290.0,+25.2,LB	+2.08,+291.0,+25.4,JB	
1701673309.1620843	+6.50,+28.8,+20.0,JA	+2.32,+271.9,+20.5,@B	+6.46,+31.4,+20.5,LA	+2.24,+281.5,+25.6,BB	+2.10,+289.6,+25.2,JB	+2.07,+291.3,+25.4,FB	
1701673371.1702204	+6.50,+28.8,+20.0,JA	+2.32,+272.0,+20.5,JB	+6.46,+31.3,+20.5,KA	+2.22,+282.6,+25.5,GB	+2.10,+289.6,+25.2,JB	+2.09,+290.0,+25.4,JB	
1701673433.1774614	+6.50,+28.9,+20.0,KA	+2.32,+271.9,+20.5,@B	+6.46,+31.4,+20.6,OA	+2.24,+281.5,+25.6,BB	+2.10,+289.7,+25.2,KB	+2.07,+291.5,+25.4,@B	
1701673495.1878452	+6.50,+28.9,+20.0,KA	+2.32,+271.9,+20.5,@B	+6.46,+31.2,+20.5,JA	+2.24,+281.7,+25.6,@B	+2.10,+289.3,+25.2,OB	+2.08,+290.8,+25.4,CB	
1701673557.1978867	+6.50,+28.8,+20.0,JA	+2.32,+271.9,+20.5,@B	+6.46,+31.3,+20.6,HA	+2.23,+281.9,+25.5,JB	+2.10,+289.3,+25.2,OB	+2.09,+290.4,+25.4,NB	
1701673619.2073805	+6.50,+28.9,+20.0,KA	+2.32,+272.0,+20.5,JB	+6.46,+31.3,+20.6,HA	+2.24,+281.7,+25.5,CB	+2.10,+289.3,+25.2,OB	+2.08,+290.7,+25.3,KB	
1701673864.7522986	+6.50,+28.8,+20.0,JA	+2.32,+271.9,+20.5,@B	+6.46,+31.3,+20.5,KA	+2.22,+282.5,+25.6,GB	+2.10,+289.4,+25.2,HB	+2.08,+290.6,+25.3,JB	
1701673926.7599037	+6.50,+28.8,+20.0,JA	+2.32,+272.0,+20.5,JB	+6.46,+31.3,+20.5,KA	+2.22,+282.7,+25.6,EB	+2.09,+290.1,+25.2,MB	+2.06,+291.7,+25.3,DB	
1701673988.7719266	+6.50,+28.8,+20.0,JA	+2.32,+272.0,+20.5,JB	+6.46,+31.3,+20.5,KA	+2.23,+281.9,+25.6,IB	+2.11,+289.1,+25.2,LB	+2.09,+290.0,+25.4,JB	
1701674050.7809985	+6.50,+28.8,+20.0,JA	+2.32,+271.9,+20.5,@B	+6.46,+31.3,+20.5,KA	+2.24,+281.8,+25.6,OB	+2.10,+289.3,+25.2,OB	+2.09,+290.0,+25.4,JB	
1701674112.7905405	+6.50,+28.8,+20.0,JA	+2.32,+272.0,+20.5,JB	+6.46,+31.2,+20.5,JA	+2.23,+282.2,+25.6,AB	+2.10,+289.4,+25.2,HB	+2.09,+290.3,+25.4,IB	
1701674174.801518	+6.50,+28.8,+20.0,JA	+2.32,+271.9,+20.5,@B	+6.46,+31.4,+20.5,LA	+2.23,+281.9,+25.6,IB	+2.10,+289.3,+25.2,OB	+2.09,+289.9,+25.4,KB	
1701674236.8107228	+6.50,+28.8,+20.0,JA	+2.32,+271.9,+20.5,@B	+6.46,+31.3,+20.5,KA	+2.22,+282.9,+25.6,KB	+2.09,+289.9,+25.2,MB	+2.07,+291.2,+25.3,@B	
1701674298.8192139	+6.50,+28.7,+20.0,EA	+2.32,+271.9,+20.5,@B	+6.46,+31.2,+20.5,JA	+2.22,+282.9,+25.6,KB	+2.09,+290.2,+25.2,NB	+2.06,+291.7,+25.3,DB	
1701674360.8295777	+6.50,+28.7,+20.0,EA	+2.32,+271.9,+20.5,@B	+6.46,+31.3,+20.5,KA	+2.24,+281.7,+25.6,@B	+2.10,+289.4,+25.2,HB	+2.09,+290.2,+25.4,HB	
1701674422.8348083	+6.50,+28.8,+20.0,JA	+2.32,+271.9,+20.5,@B	+6.46,+31.4,+20.6,OA	+2.22,+282.9,+25.6,KB	+2.09,+290.2,+25.2,NB	+2.07,+291.6,+25.4,CB	
1701674484.8435981	+6.51,+28.6,+20.0,EA	+2.32,+272.0,+20.5,JB	+6.46,+31.4,+20.5,LA	+2.22,+282.8,+25.6,JB	+2.09,+290.1,+25.2,MB	+2.06,+291.8,+25.4,LB	
1701674546.8514395	+6.51,+28.6,+20.0,EA	+2.32,+271.9,+20.5,@B	+6.46,+31.3,+20.5,KA	+2.22,+282.5,+25.6,GB	+2.09,+289.8,+25.2,LB	+2.07,+291.3,+25.4,FB	
1701674608.859939	+6.51,+28.6,+20.0,EA	+2.32,+271.9,+20.5,@B	+6.46,+31.3,+20.5,KA	+2.24,+281.7,+25.6,@B	+2.10,+289.4,+25.2,HB	+2.09,+290.0,+25.4,JB	
1701674670.848733	+6.51,+28.7,+20.0,DA	+2.32,+272.0,+20.5,JB	+6.46,+31.2,+20.5,JA	+2.24,+281.8,+25.6,OB	+2.10,+289.5,+25.2,IB	+2.09,+290.1,+25.4,KB	
1701674732.8573003	+6.51,+28.7,+20.0,DA	+2.32,+271.9,+20.5,@B	+6.46,+31.3,+20.6,HA	+2.22,+282.7,+25.6,EB	+2.09,+290.1,+25.2,MB	+2.08,+291.0,+25.3,MB	
1701674794.8677287	+6.51,+28.7,+20.0,DA	+2.32,+272.0,+20.5,JB	+6.46,+31.3,+20.5,KA	+2.23,+282.4,+25.6,GB	+2.10,+289.6,+25.2,JB	+2.07,+291.2,+25.4,GB	
1701674856.8772478	+6.51,+28.6,+20.0,EA	+2.32,+272.0,+20.5,JB	+6.46,+31.3,+20.6,HA	+2.22,+282.9,+25.6,KB	+2.09,+290.1,+25.2,MB	+2.06,+291.8,+25.3,KB	
1701674918.8863285	+6.51,+28.7,+20.0,DA	+2.32,+271.9,+20.5,@B	+6.46,+31.4,+20.6,OA	+2.23,+281.8,+25.6,HB	+2.10,+289.7,+25.2,KB	+2.09,+290.1,+25.4,KB	
1701674980.89496	+6.50,+28.8,+20.0,JA	+2.32,+271.9,+20.5,@B	+6.46,+31.4,+20.6,OA	+2.22,+282.7,+25.6,EB	+2.09,+290.2,+25.2,NB	+2.07,+291.1,+25.3,CB	
1701675042.903705	+6.50,+28.8,+20.0,JA	+2.32,+272.0,+20.5,JB	+6.46,+31.3,+20.6,HA	+2.22,+282.7,+25.5,FB	+2.09,+289.8,+25.2,LB	+2.07,+291.6,+25.3,DB	
1701675104.9122984	+6.50,+28.8,+20.0,JA	+2.32,+272.0,+20.5,JB	+6.46,+31.3,+20.5,KA	+2.22,+282.6,+25.6,DB	+2.10,+289.7,+25.2,KB	+2.07,+291.5,+25.4,@B	
1701675166.9208286	+6.51,+28.7,+20.0,DA	+2.32,+272.0,+20.5,JB	+6.46,+31.4,+20.6,OA	+2.22,+282.9,+25.6,KB	+2.09,+290.3,+25.2,OB	+2.07,+291.6,+25.4,CB	
1701675228.93097	+6.51,+28.7,+20.0,DA	+2.32,+271.9,+20.5,@B	+6.46,+31.3,+20.6,HA	+2.24,+281.7,+25.6,@B	+2.10,+289.6,+25.2,JB	+2.09,+290.2,+25.4,HB	
1701675290.9380333	+6.51,+28.5,+20.0,FA	+2.32,+272.0,+20.5,JB	+6.46,+31.3,+20.6,HA	+2.22,+282.9,+25.5,HB	+2.09,+290.1,+25.2,MB	+2.06,+291.8,+25.4,LB	
1701675352.9470365	+6.51,+28.6,+20.0,EA	+2.32,+272.0,+20.5,JB	+6.46,+31.4,+20.5,LA	+2.22,+282.7,+25.6,EB	+2.10,+289.7,+25.2,KB	+2.07,+291.4,+25.4,AB	
1701675414.9547453	+6.51,+28.6,+20.0,EA	+2.32,+271.9,+20.5,@B	+6.46,+31.4,+20.5,LA	+2.21,+283.0,+25.5,CB	+2.09,+289.9,+25.2,MB	+2.06,+291.8,+25.4,LB	
1701675476.965233	+6.51,+28.6,+20.0,EA	+2.32,+271.9,+20.5,@B	+6.46,+31.4,+20.5,LA	+2.23,+282.0,+25.6,CB	+2.09,+290.3,+25.2,OB	+2.09,+290.4,+25.4,NB	
1701675538.974828	+6.51,+28.6,+20.0,EA	+2.32,+272.0,+20.5,JB	+6.46,+31.4,+20.6,OA	+2.22,+282.8,+25.6,JB	+2.09,+290.2,+25.2,NB	+2.07,+291.5,+25.4,@B	
1701675600.9830132	+6.51,+28.6,+20.0,EA	+2.32,+271.9,+20.5,@B	+6.46,+31.4,+20.5,LA	+2.22,+283.0,+25.6,CB	+2.09,+290.1,+25.2,MB	+2.07,+291.7,+25.4,BB	
1701675662.991421	+6.51,+28.6,+20.0,EA	+2.32,+271.9,+20.5,@B	+6.46,+31.4,+20.6,OA	+2.22,+282.7,+25.6,EB	+2.10,+289.5,+25.2,IB	+2.07,+291.4,+25.4,AB	
1701675724.9954545	+6.51,+28.6,+20.0,EA	+2.32,+272.0,+20.5,JB	+6.46,+31.4,+20.5,LA	+2.22,+282.7,+25.6,EB	+2.10,+289.6,+25.2,JB	+2.07,+291.2,+25.3,@B	
1701675787.0054283	+6.51,+28.6,+20.0,EA	+2.32,+271.9,+20.5,@B	+6.46,+31.5,+20.5,MA	+2.23,+282.0,+25.6,CB	+2.09,+290.3,+25.2,OB	+2.09,+290.4,+25.4,NB	
1701675849.0131998	+6.51,+28.6,+20.0,EA	+2.32,+271.9,+20.5,@B	+6.46,+31.5,+20.6,NA	+2.23,+281.9,+25.5,JB	+2.09,+289.9,+25.2,MB	+2.09,+290.3,+25.4,IB	
1701675911.0229287	+6.51,+28.6,+20.0,EA	+2.32,+272.0,+20.5,JB	+6.46,+31.4,+20.5,LA	+2.22,+283.0,+25.5,@B	+2.10,+289.5,+25.2,IB	+2.06,+291.7,+25.3,DB	
1701675973.0319173	+6.51,+28.7,+20.0,DA	+2.32,+271.9,+20.5,@B	+6.46,+31.5,+20.5,MA	+2.22,+282.7,+25.5,FB	+2.09,+290.0,+25.2,LB	+2.07,+291.5,+25.4,@B	
1701676035.041632	+6.51,+28.6,+20.0,EA	+2.32,+271.9,+20.5,@B	+6.46,+31.4,+20.5,LA	+2.21,+283.0,+25.5,CB	+2.10,+289.7,+25.2,KB	+2.06,+291.8,+25.4,LB	
1701676097.0489354	+6.51,+28.6,+20.0,EA	+2.32,+272.0,+20.5,JB	+6.46,+31.3,+20.6,HA	+2.23,+281.8,+25.6,HB	+2.09,+290.2,+25.2,NB	+2.09,+290.0,+25.3,MB	
1701676159.0542793	+6.51,+28.6,+20.0,EA	+2.32,+271.9,+20.5,@B	+6.46,+31.3,+20.6,HA	+2.23,+282.1,+25.5,AB	+2.09,+290.0,+25.2,LB	+2.09,+290.3,+25.3,NB	
1701676221.0624998	+6.51,+28.6,+20.0,EA	+2.32,+272.0,+20.5,JB	+6.46,+31.3,+20.6,HA	+2.23,+281.9,+25.6,IB	+2.09,+290.2,+25.2,NB	+2.09,+290.1,+25.4,KB	
1701676283.0713313	+6.51,+28.5,+20.0,FA	+2.32,+271.9,+20.5,@B	+6.46,+31.3,+20.6,HA	+2.23,+281.9,+25.6,IB	+2.08,+290.4,+25.2,IB	+2.09,+290.3,+25.3,NB	
1701676345.081056	+6.51,+28.5,+20.0,FA	+2.32,+272.0,+20.5,JB	+6.46,+31.4,+20.6,OA	+2.23,+281.9,+25.6,IB	+2.08,+290.4,+25.2,IB	+2.09,+290.1,+25.3,LB	
1701676407.091079	+6.51,+28.5,+20.0,FA	+2.32,+271.9,+20.5,@B	+6.46,+31.4,+20.6,OA	+2.23,+282.4,+25.6,GB	+2.09,+290.1,+25.2,MB	+2.09,+290.4,+25.4,NB	
1701676469.1000264	+6.51,+28.6,+20.0,EA	+2.32,+271.9,+20.5,@B	+6.46,+31.3,+20.6,HA	+2.22,+282.8,+25.6,JB	+2.09,+289.9,+25.2,MB	+2.08,+290.9,+25.4,BB	
1701676531.1090877	+6.51,+28.6,+20.0,EA	+2.32,+272.0,+20.5,JB	+6.46,+31.4,+20.6,OA	+2.22,+282.9,+25.6,KB	+2.10,+289.7,+25.2,KB	+2.06,+291.7,+25.3,DB	
1701676593.114046	+6.51,+28.6,+20.0,EA	+2.32,+272.0,+20.5,JB	+6.46,+31.4,+20.6,OA	+2.22,+282.4,+25.6,FB	+2.09,+289.9,+25.2,MB	+2.07,+291.2,+25.3,@B	
1701676655.1222847	+6.51,+28.6,+20.0,EA	+2.32,+272.0,+20.5,JB	+6.46,+31.4,+20.6,OA	+2.22,+282.9,+25.6,KB	+2.10,+289.6,+25.2,JB	+2.06,+291.8,+25.4,LB	
1701676717.1321044	+6.51,+28.6,+20.0,EA	+2.32,+272.0,+20.5,JB	+6.46,+31.4,+20.6,OA	+2.23,+281.9,+25.5,JB	+2.09,+290.3,+25.2,OB	+2.09,+290.1,+25.3,LB	
1701676779.1411808	+6.51,+28.6,+20.0,EA	+2.32,+272.0,+20.5,JB	+6.46,+31.4,+20.6,OA	+2.23,+281.9,+25.6,IB	+2.08,+290.3,+25.2,NB	+2.09,+290.2,+25.4,HB	
1701676841.1473737	+6.51,+28.6,+20.0,EA	+2.32,+272.0,+20.5,JB	+6.46,+31.5,+20.6,NA	+2.22,+282.9,+25.6,KB	+2.09,+290.0,+25.2,LB	+2.08,+291.0,+25.3,MB	
1701676903.1529596	+6.51,+28.6,+20.0,EA	+2.32,+272.0,+20.5,JB	+6.46,+31.4,+20.6,OA	+2.23,+282.0,+25.6,CB	+2.09,+290.0,+25.2,LB	+2.08,+290.6,+25.3,JB	
1701676965.1613827	+6.51,+28.6,+20.0,EA	+2.32,+272.0,+20.5,JB	+6.46,+31.4,+20.6,OA	+2.22,+282.8,+25.5,IB	+2.10,+289.5,+25.2,IB	+2.06,+291.7,+25.4,CB	
1701677027.1687407	+6.51,+28.6,+20.0,EA	+2.32,+272.0,+20.5,JB	+6.46,+31.4,+20.6,OA	+2.22,+282.5,+25.6,GB	+2.08,+290.4,+25.2,IB	+2.09,+290.3,+25.4,IB	
1701677089.1780052	+6.51,+28.6,+20.0,EA	+2.32,+272.0,+20.5,JB	+6.46,+31.4,+20.6,OA	+2.21,+283.2,+25.5,AB	+2.10,+289.7,+25.2,KB	+2.06,+291.7,+25.4,CB	
1701677151.1887126	+6.51,+28.6,+20.0,EA	+2.32,+272.0,+20.5,JB	+6.46,+31.3,+20.6,HA	+2.22,+282.6,+25.5,GB	+2.10,+289.6,+25.2,JB	+2.07,+291.5,+25.4,@B	
1701677213.1967642	+6.51,+28.6,+20.0,EA	+2.32,+271.9,+20.5,@B	+6.46,+31.3,+20.6,HA	+2.22,+282.4,+25.6,FB	+2.08,+290.5,+25.2,HB	+2.09,+290.2,+25.3,OB	
1701677275.205911	+6.51,+28.6,+20.0,EA	+2.32,+272.0,+20.5,JB	+6.46,+31.2,+20.6,IA	+2.22,+283.0,+25.5,@B	+2.08,+290.3,+25.2,NB	+2.08,+291.0,+25.3,MB	
1701677337.2144127	+6.51,+28.6,+20.0,EA	+2.32,+272.0,+20.5,JB	+6.46,+31.3,+20.6,HA	+2.23,+282.4,+25.6,GB	+2.10,+289.7,+25.2,KB	+2.07,+291.4,+25.4,AB	
1701677399.221773	+6.51,+28.6,+20.0,EA	+2.32,+271.9,+20.5,@B	+6.46,+31.3,+20.5,KA	+2.21,+283.1,+25.6,AB	+2.09,+290.0,+25.2,LB	+2.07,+291.5,+25.3,GB	
1701677461.228985	+6.51,+28.7,+20.0,DA	+2.32,+271.9,+20.5,@B	+6.46,+31.3,+20.6,HA	+2.22,+282.8,+25.6,JB	+2.08,+290.5,+25.2,HB	+2.09,+290.5,+25.4,OB	
1701677706.7656972	+6.51,+28.6,+20.0,EA	+2.32,+272.0,+20.5,JB	+6.46,+31.5,+20.6,NA	+2.22,+283.0,+25.6,CB	+2.09,+290.0,+25.2,LB	+2.06,+291.7,+25.3,DB	
1701677768.7773106	+6.51,+28.6,+20.0,EA	+2.32,+272.0,+20.5,JB	+6.46,+31.5,+20.6,NA	+2.21,+283.1,+25.6,AB	+2.09,+290.1,+25.2,MB	+2.07,+291.2,+25.3,@B	
1701677830.7863672	+6.51,+28.6,+20.0,EA	+2.32,+271.9,+20.5,@B	+6.46,+31.4,+20.6,OA	+2.23,+282.2,+25.6,AB	+2.10,+289.7,+25.2,KB	+2.08,+290.9,+25.4,BB	
1701677892.7925262	+6.51,+28.6,+20.0,EA	+2.32,+271.9,+20.5,@B	+6.46,+31.5,+20.6,NA	+2.22,+282.5,+25.6,GB	+2.09,+290.2,+25.2,NB	+2.09,+289.9,+25.3,LB	
1701677954.802127	+6.51,+28.6,+20.0,EA	+2.32,+272.0,+20.5,JB	+6.46,+31.4,+20.6,OA	+2.22,+282.9,+25.6,KB	+2.08,+290.4,+25.2,IB	+2.09,+290.2,+25.3,OB	
1701678016.8104353	+6.51,+28.6,+20.0,EA	+2.32,+272.0,+20.5,JB	+6.46,+31.4,+20.6,OA	+2.22,+282.9,+25.6,KB	+2.09,+290.2,+25.2,NB	+2.06,+291.7,+25.4,CB	
1701678078.8193078	+6.51,+28.6,+20.0,EA	+2.32,+271.9,+20.5,@B	+6.46,+31.4,+20.6,OA	+2.23,+282.3,+25.6,@B	+2.09,+289.9,+25.2,MB	+2.09,+290.1,+25.4,KB	
1701678140.828358	+6.51,+28.6,+20.0,EA	+2.32,+272.0,+20.5,JB	+6.46,+31.4,+20.6,OA	+2.22,+282.8,+25.6,JB	+2.09,+290.1,+25.2,MB	+2.09,+290.2,+25.4,HB	
1701678202.8380256	+6.51,+28.7,+20.0,DA	+2.32,+271.9,+20.5,@B	+6.46,+31.4,+20.6,OA	+2.23,+282.0,+25.6,CB	+2.10,+289.6,+25.2,JB	+2.08,+290.6,+25.4,MB	
1701678264.8469875	+6.51,+28.6,+20.0,EA	+2.32,+271.9,+20.5,@B	+6.46,+31.5,+20.6,NA	+2.21,+283.1,+25.6,AB	+2.08,+290.3,+25.2,NB	+2.07,+291.6,+25.4,CB	
1701678326.8539455	+6.51,+28.6,+20.0,EA	+2.32,+271.9,+20.5,@B	+6.46,+31.4,+20.6,OA	+2.21,+283.1,+25.6,AB	+2.08,+290.3,+25.2,NB	+2.08,+290.7,+25.4,LB	
1701678388.8635383	+6.51,+28.5,+20.0,FA	+2.32,+272.0,+20.5,JB	+6.46,+31.2,+20.6,IA	+2.23,+282.0,+25.5,@B	+2.10,+289.7,+25.2,KB	+2.08,+290.5,+25.4,NB	
1701678450.8700757	+6.51,+28.5,+20.0,FA	+2.32,+272.0,+20.5,JB	+6.46,+31.2,+20.6,IA	+2.23,+282.3,+25.6,@B	+2.09,+289.9,+25.2,MB	+2.07,+291.5,+25.4,@B	
1701678512.8802462	+6.51,+28.6,+20.0,EA	+2.32,+272.0,+20.5,JB	+6.46,+31.3,+20.6,HA	+2.23,+282.2,+25.5,BB	+2.09,+290.0,+25.2,LB	+2.07,+291.4,+25.3,FB	
1701678574.8866892	+6.51,+28.6,+20.0,EA	+2.32,+271.9,+20.5,@B	+6.46,+31.2,+20.6,IA	+2.23,+282.1,+25.6,BB	+2.09,+289.9,+25.2,MB	+2.07,+291.2,+25.4,GB	
1701678636.8959756	+6.51,+28.5,+20.0,FA	+2.32,+272.0,+20.5,JB	+6.46,+31.3,+20.6,HA	+2.22,+282.9,+25.6,KB	+2.08,+290.5,+25.2,HB	+2.07,+291.7,+25.4,BB	
1701678698.9046452	+6.51,+28.5,+20.0,FA	+2.32,+271.9,+20.5,@B	+6.46,+31.3,+20.6,HA	+2.21,+283.0,+25.5,CB	+2.09,+290.1,+25.2,MB	+2.09,+290.4,+25.4,NB	
1701678760.913731	+6.51,+28.6,+20.0,EA	+2.32,+272.0,+20.5,JB	+6.46,+31.3,+20.6,HA	+2.21,+283.2,+25.6,BB	+2.09,+290.2,+25.2,NB	+2.08,+290.8,+25.4,CB	
1701678822.9233446	+6.51,+28.5,+20.0,FA	+2.32,+271.9,+20.5,@B	+6.46,+31.3,+20.6,HA	+2.23,+282.1,+25.6,BB	+2.09,+290.1,+25.2,MB	+2.07,+291.3,+25.4,FB	
1701678884.9330814	+6.51,+28.6,+20.0,EA	+2.32,+271.9,+20.5,@B	+6.46,+31.3,+20.6,HA	+2.21,+283.3,+25.5,@B	+2.09,+290.1,+25.2,MB	+2.08,+290.7,+25.3,KB	
1701678946.9428024	+6.51,+28.5,+20.0,FA	+2.32,+272.0,+20.5,JB	+6.46,+31.3,+20.6,HA	+2.23,+282.3,+25.6,@B	+2.09,+289.8,+25.2,LB	+2.09,+290.4,+25.4,NB	
1701679008.9506648	+6.51,+28.5,+20.0,FA	+2.32,+271.9,+20.5,@B	+6.46,+31.3,+20.6,HA	+2.21,+283.2,+25.6,BB	+2.09,+290.2,+25.2,NB	+2.08,+290.9,+25.3,EB	
1701679070.9602113	+6.51,+28.5,+20.0,FA	+2.32,+272.0,+20.5,JB	+6.46,+31.3,+20.6,HA	+2.23,+282.2,+25.6,AB	+2.09,+289.8,+25.2,LB	+2.08,+290.5,+25.4,NB	
1701679132.968333	+6.51,+28.5,+20.0,FA	+2.32,+271.9,+20.5,@B	+6.46,+31.4,+20.6,OA	+2.23,+281.9,+25.6,IB	+2.09,+290.2,+25.2,NB	+2.07,+291.3,+25.3,AB	
1701679194.9774327	+6.51,+28.5,+20.0,FA	+2.32,+272.0,+20.5,JB	+6.46,+31.4,+20.6,OA	+2.23,+282.0,+25.6,CB	+2.09,+290.2,+25.2,NB	+2.07,+291.2,+25.4,GB	
1701679256.9839616	+6.51,+28.5,+20.0,FA	+2.32,+272.0,+20.5,JB	+6.46,+31.5,+20.6,NA	+2.22,+282.7,+25.6,EB	+2.10,+289.7,+25.2,KB	+2.09,+290.1,+25.4,KB	
1701679318.9940083	+6.51,+28.5,+20.0,FA	+2.32,+271.9,+20.5,@B	+6.46,+31.4,+20.6,OA	+2.21,+283.1,+25.6,AB	+2.09,+290.2,+25.2,NB	+2.07,+291.2,+25.3,@B	
1701679381.003062	+6.51,+28.6,+20.0,EA	+2.32,+272.0,+20.5,JB	+6.46,+31.5,+20.6,NA	+2.23,+282.3,+25.6,@B	+2.08,+290.5,+25.2,HB	+2.06,+291.8,+25.4,LB	
1701679443.010551	+6.51,+28.5,+20.0,FA	+2.32,+272.0,+20.5,JB	+6.46,+31.5,+20.6,NA	+2.23,+282.3,+25.6,@B	+2.08,+290.5,+25.2,HB	+2.06,+291.7,+25.4,CB	
1701679505.019437	+6.51,+28.5,+20.0,FA	+2.32,+271.9,+20.5,@B	+6.46,+31.4,+20.6,OA	+2.21,+283.3,+25.6,CB	+2.09,+289.9,+25.2,MB	+2.08,+290.8,+25.3,DB	
1701679567.0251968	+6.51,+28.5,+20.0,FA	+2.32,+272.0,+20.5,JB	+6.46,+31.5,+20.6,NA	+2.23,+282.3,+25.6,@B	+2.08,+290.5,+25.2,HB	+2.06,+291.8,+25.4,LB	
1701679629.034491	+6.51,+28.6,+20.0,EA	+2.32,+272.0,+20.5,JB	+6.46,+31.5,+20.6,NA	+2.23,+282.0,+25.5,@B	+2.09,+290.3,+25.2,OB	+2.07,+291.2,+25.3,@B	
1701679691.0442123	+6.51,+28.5,+20.0,FA	+2.32,+271.9,+20.5,@B	+6.46,+31.4,+20.6,OA	+2.22,+282.7,+25.6,EB	+2.08,+290.3,+25.2,NB	+2.06,+291.7,+25.4,CB	
1701679753.0532439	+6.51,+28.5,+20.0,FA	+2.32,+272.0,+20.5,JB	+6.46,+31.2,+20.6,IA	+2.21,+283.2,+25.5,AB	+2.09,+289.8,+25.2,LB	+2.08,+290.9,+25.4,BB	
1701679815.063946	+6.51,+28.4,+20.0,GA	+2.32,+272.0,+20.5,JB	+6.46,+31.2,+20.6,IA	+2.21,+283.2,+25.6,BB	+2.09,+289.7,+25.2,CB	+2.09,+290.5,+25.3,HB	
1701679877.0691154	+6.51,+28.4,+20.0,GA	+2.32,+272.0,+20.5,JB	+6.46,+31.2,+20.6,IA	+2.22,+282.7,+25.6,EB	+2.09,+290.1,+25.2,MB	+2.09,+290.3,+25.4,IB	
1701679939.0779545	+6.51,+28.5,+20.0,FA	+2.32,+271.9,+20.5,@B	+6.46,+31.2,+20.6,IA	+2.23,+282.0,+25.5,@B	+2.08,+290.6,+25.2,KB	+2.07,+291.2,+25.4,GB	
1701680001.0864158	+6.51,+28.5,+20.0,FA	+2.32,+271.9,+20.5,@B	+6.46,+31.2,+20.6,IA	+2.23,+282.0,+25.5,@B	+2.08,+290.5,+25.2,HB	+2.07,+291.2,+25.4,GB	
1701680063.0950136	+6.51,+28.5,+20.0,FA	+2.32,+272.0,+20.5,JB	+6.46,+31.3,+20.6,HA	+2.21,+283.3,+25.6,CB	+2.09,+289.8,+25.2,LB	+2.09,+290.3,+25.3,NB	
1701680125.104191	+6.51,+28.5,+20.0,FA	+2.32,+272.0,+20.5,JB	+6.46,+31.3,+20.6,HA	+2.21,+283.1,+25.5,BB	+2.09,+289.9,+25.1,NB	+2.09,+290.1,+25.3,LB	
1701680187.113282	+6.51,+28.5,+20.0,FA	+2.32,+271.9,+20.5,@B	+6.46,+31.3,+20.6,HA	+2.21,+283.4,+25.5,GB	+2.09,+289.8,+25.2,LB	+2.08,+290.5,+25.4,NB	
1701680249.1220818	+6.51,+28.5,+20.0,FA	+2.32,+272.0,+20.5,JB	+6.46,+31.3,+20.6,HA	+2.21,+283.0,+25.6,@B	+2.09,+290.1,+25.2,MB	+2.09,+290.2,+25.4,HB	
1701680311.129311	+6.51,+28.5,+20.0,FA	+2.32,+272.0,+20.5,JB	+6.46,+31.4,+20.6,OA	+2.22,+282.5,+25.6,GB	+2.08,+290.4,+25.2,IB	+2.08,+290.7,+25.4,LB	
1701680373.137686	+6.51,+28.6,+20.0,EA	+2.32,+271.9,+20.5,@B	+6.46,+31.4,+20.6,OA	+2.23,+282.2,+25.6,AB	+2.09,+290.3,+25.2,OB	+2.06,+292.0,+25.4,GB	
1701680435.1462252	+6.51,+28.5,+20.0,FA	+2.32,+272.0,+20.5,JB	+6.46,+31.3,+20.6,HA	+2.23,+282.4,+25.6,GB	+2.09,+290.1,+25.2,MB	+2.06,+291.8,+25.4,LB	
1701680497.1555474	+6.51,+28.5,+20.0,FA	+2.32,+272.0,+20.5,JB	+6.46,+31.2,+20.6,IA	+2.23,+282.1,+25.6,BB	+2.08,+290.4,+25.2,IB	+2.06,+291.8,+25.3,KB	
1701680559.1622052	+6.51,+28.6,+20.0,EA	+2.32,+272.0,+20.5,JB	+6.46,+31.2,+20.6,IA	+2.21,+283.3,+25.6,CB	+2.09,+290.0,+25.2,LB	+2.09,+290.3,+25.3,NB	
1701680621.170174	+6.51,+28.5,+20.0,FA	+2.32,+271.9,+20.5,@B	+6.46,+31.2,+20.6,IA	+2.22,+282.5,+25.6,GB	+2.09,+289.9,+25.2,MB	+2.06,+291.7,+25.3,DB	
1701680683.1807714	+6.51,+28.6,+20.0,EA	+2.32,+272.0,+20.5,JB	+6.46,+31.2,+20.6,IA	+2.22,+282.8,+25.6,JB	+2.08,+290.5,+25.2,HB	+2.09,+290.5,+25.4,OB	
1701680745.1872091	+6.51,+28.5,+20.0,FA	+2.32,+271.9,+20.5,@B	+6.46,+31.2,+20.6,IA	+2.21,+283.1,+25.6,AB	+2.09,+289.8,+25.2,LB	+2.08,+290.9,+25.4,BB	
1701680807.1945143	+6.51,+28.5,+20.1,GA	+2.32,+272.0,+20.5,JB	+6.46,+31.3,+20.6,HA	+2.21,+283.3,+25.5,@B	+2.09,+290.0,+25.2,LB	+2.09,+290.2,+25.3,OB	
1701680869.1993737	+6.51,+28.5,+20.0,FA	+2.32,+271.9,+20.5,@B	+6.46,+31.2,+20.6,IA	+2.22,+282.6,+25.6,DB	+2.09,+289.8,+25.2,LB	+2.07,+291.6,+25.4,CB	
1701680931.2082791	+6.51,+28.5,+20.0,FA	+2.32,+272.0,+20.5,JB	+6.46,+31.2,+20.6,IA	+2.23,+282.1,+25.6,BB	+2.09,+290.3,+25.2,OB	+2.07,+291.7,+25.4,BB	
1701680993.2158444	+6.51,+28.5,+20.1,GA	+2.32,+272.0,+20.5,JB	+6.46,+31.2,+20.6,IA	+2.21,+283.1,+25.5,BB	+2.09,+290.0,+25.2,LB	+2.08,+290.8,+25.4,CB	
1701681055.2230756	+6.51,+28.5,+20.1,GA	+2.32,+272.0,+20.5,JB	+6.46,+31.2,+20.6,IA	+2.21,+283.2,+25.6,BB	+2.09,+290.0,+25.2,LB	+2.08,+290.7,+25.4,LB	
1701681117.232262	+6.51,+28.5,+20.0,FA	+2.32,+272.0,+20.5,JB	+6.46,+31.2,+20.6,IA	+2.21,+283.1,+25.6,AB	+2.09,+289.9,+25.2,MB	+2.08,+290.8,+25.3,DB	
1701681179.2389135	+6.51,+28.5,+20.0,FA	+2.32,+272.0,+20.5,JB	+6.46,+31.2,+20.6,IA	+2.23,+282.1,+25.6,BB	+2.09,+290.1,+25.2,MB	+2.07,+291.6,+25.4,CB	
1701681241.2475193	+6.51,+28.5,+20.0,FA	+2.32,+272.0,+20.5,JB	+6.46,+31.1,+20.6,JA	+2.21,+283.0,+25.6,@B	+2.08,+290.5,+25.2,HB	+2.09,+290.4,+25.4,NB	
1701681303.2558615	+6.51,+28.5,+20.0,FA	+2.32,+272.0,+20.5,JB	+6.46,+31.2,+20.6,IA	+2.23,+282.3,+25.5,CB	+2.09,+290.2,+25.2,NB	+2.07,+291.4,+25.3,FB	
1701681548.856705	+6.51,+28.6,+20.0,EA	+2.32,+272.0,+20.5,JB	+6.46,+31.3,+20.6,HA	+2.23,+282.1,+25.6,BB	+2.08,+290.6,+25.2,KB	+2.09,+290.2,+25.4,HB	
1701681610.8661084	+6.51,+28.5,+20.1,GA	+2.32,+272.0,+20.5,JB	+6.46,+31.2,+20.6,IA	+2.22,+282.7,+25.6,EB	+2.08,+290.4,+25.2,IB	+2.08,+291.0,+25.4,JB	
1701681672.8758557	+6.51,+28.5,+20.0,FA	+2.32,+272.0,+20.5,JB	+6.46,+31.2,+20.6,IA	+2.21,+283.0,+25.6,@B	+2.09,+289.9,+25.2,MB	+2.07,+291.6,+25.4,CB	
1701681734.8852882	+6.51,+28.4,+20.1,FA	+2.32,+272.0,+20.5,JB	+6.46,+31.2,+20.6,IA	+2.21,+283.1,+25.6,AB	+2.09,+289.9,+25.2,MB	+2.07,+291.7,+25.4,BB	
1701681796.8950393	+6.51,+28.5,+20.0,FA	+2.32,+272.0,+20.5,JB	+6.46,+31.1,+20.6,JA	+2.21,+283.4,+25.6,DB	+2.09,+289.9,+25.2,MB	+2.06,+291.8,+25.4,LB	
1701681858.9052825	+6.51,+28.5,+20.0,FA	+2.32,+272.0,+20.5,JB	+6.46,+31.2,+20.6,IA	+2.22,+282.8,+25.6,JB	+2.09,+290.2,+25.2,NB	+2.07,+291.1,+25.3,CB	
1701681920.9123833	+6.51,+28.4,+20.1,FA	+2.32,+272.0,+20.5,JB	+6.46,+31.2,+20.6,IA	+2.22,+282.7,+25.5,FB	+2.09,+290.3,+25.2,OB	+2.08,+291.1,+25.3,LB	
1701681982.9228277	+6.51,+28.4,+20.1,FA	+2.32,+272.0,+20.5,JB	+6.46,+31.2,+20.6,IA	+2.23,+282.2,+25.6,AB	+2.08,+290.7,+25.2,JB	+2.09,+290.3,+25.4,IB	
1701682044.9314318	+6.51,+28.5,+20.0,FA	+2.32,+272.0,+20.5,JB	+6.46,+31.2,+20.6,IA	+2.21,+283.2,+25.5,AB	+2.09,+290.1,+25.2,MB	+2.06,+291.7,+25.4,CB	
1701682106.9404154	+6.51,+28.4,+20.0,GA	+2.32,+272.0,+20.5,JB	+6.46,+31.3,+20.6,HA	+2.22,+282.8,+25.5,IB	+2.09,+290.1,+25.2,MB	+2.07,+291.1,+25.4,DB	
1701682168.9507565	+6.51,+28.4,+20.1,FA	+2.32,+272.0,+20.5,JB	+6.46,+31.2,+20.6,IA	+2.23,+282.2,+25.6,AB	+2.08,+290.7,+25.2,JB	+2.09,+290.1,+25.4,KB	
1701682230.9566863	+6.51,+28.5,+20.0,FA	+2.32,+271.9,+20.5,@B	+6.46,+31.3,+20.6,HA	+2.21,+283.3,+25.5,@B	+2.09,+290.2,+25.2,NB	+2.07,+291.5,+25.4,@B	
1701682292.9661832	+6.51,+28.4,+20.0,GA	+2.32,+272.0,+20.5,JB	+6.46,+31.2,+20.6,IA	+2.23,+282.0,+25.6,CB	+2.08,+290.5,+25.2,HB	+2.09,+290.0,+25.4,JB	
1701682354.975528	+6.51,+28.4,+20.1,FA	+2.32,+272.0,+20.5,JB	+6.46,+31.2,+20.6,IA	+2.21,+283.4,+25.5,GB	+2.09,+289.9,+25.2,MB	+2.06,+291.8,+25.4,LB	
1701682416.9840028	+6.51,+28.3,+20.0,@A	+2.32,+272.0,+20.5,JB	+6.46,+31.3,+20.6,HA	+2.23,+282.2,+25.6,AB	+2.09,+290.2,+25.2,NB	+2.09,+290.3,+25.3,NB	
1701682478.993757	+6.51,+28.3,+20.1,AA	+2.32,+272.0,+20.5,JB	+6.46,+31.3,+20.6,HA	+2.23,+282.2,+25.5,BB	+2.08,+290.3,+25.2,NB	+2.09,+290.3,+25.3,NB	
1701682541.00257	+6.51,+28.3,+20.1,AA	+2.32,+272.0,+20.5,JB	+6.46,+31.3,+20.6,HA	+2.23,+282.2,+25.6,AB	+2.09,+290.2,+25.2,NB	+2.09,+290.4,+25.4,NB	
1701682603.0121236	+6.51,+28.3,+20.0,@A	+2.32,+272.0,+20.5,JB	+6.46,+31.3,+20.6,HA	+2.22,+282.5,+25.5,DB	+2.09,+290.0,+25.2,LB	+2.08,+290.7,+25.4,LB	
1701682665.0188417	+6.51,+28.4,+20.1,FA	+2.32,+272.0,+20.5,JB	+6.46,+31.2,+20.6,IA	+2.21,+283.1,+25.5,BB	+2.09,+289.9,+25.2,MB	+2.07,+291.6,+25.4,CB	
1701682727.0268285	+6.51,+28.3,+20.0,@A	+2.32,+272.0,+20.5,JB	+6.46,+31.3,+20.6,HA	+2.22,+282.9,+25.5,HB	+2.09,+289.9,+25.2,MB	+2.07,+291.1,+25.4,DB	
1701682789.0355086	+6.51,+28.3,+20.1,AA	+2.32,+272.0,+20.5,JB	+6.46,+31.2,+20.6,IA	+2.22,+282.8,+25.5,IB	+2.09,+289.8,+25.2,LB	+2.07,+291.2,+25.4,GB	
1701682851.0439875	+6.51,+28.4,+20.0,GA	+2.32,+272.0,+20.5,JB	+6.46,+31.2,+20.6,IA	+2.21,+283.0,+25.6,@B	+2.08,+290.5,+25.2,HB	+2.09,+290.3,+25.4,IB	
1701682913.0527804	+6.51,+28.3,+20.0,@A	+2.32,+272.0,+20.5,JB	+6.46,+31.2,+20.6,IA	+2.23,+282.1,+25.6,BB	+2.08,+290.4,+25.2,IB	+2.07,+291.7,+25.4,BB	
1701682975.0602722	+6.51,+28.3,+20.1,AA	+2.32,+272.0,+20.5,JB	+6.46,+31.1,+20.6,JA	+2.22,+282.9,+25.6,KB	+2.08,+290.6,+25.2,KB	+2.08,+290.6,+25.4,MB	
1701683037.0679157	+6.51,+28.3,+20.1,AA	+2.32,+272.0,+20.5,JB	+6.46,+31.2,+20.6,IA	+2.21,+283.2,+25.6,BB	+2.08,+290.4,+25.2,IB	+2.09,+290.1,+25.4,KB	
1701683099.0747619	+6.51,+28.4,+20.0,GA	+2.32,+272.0,+20.5,JB	+6.46,+31.2,+20.6,IA	+2.21,+283.5,+25.6,EB	+2.09,+290.0,+25.2,LB	+2.09,+290.4,+25.4,NB	
1701683161.0840926	+6.51,+28.3,+20.0,@A	+2.32,+272.0,+20.5,JB	+6.46,+31.3,+20.6,HA	+2.21,+283.3,+25.6,CB	+2.09,+290.3,+25.2,OB	+2.09,+290.3,+25.4,IB	
1701683223.09099	+6.51,+28.3,+20.1,AA	+2.32,+272.0,+20.5,JB	+6.46,+31.3,+20.6,HA	+2.21,+283.4,+25.5,GB	+2.09,+289.8,+25.2,LB	+2.08,+290.7,+25.4,LB	
1701683285.098445	+6.51,+28.3,+20.1,AA	+2.32,+272.0,+20.5,JB	+6.46,+31.3,+20.6,HA	+2.21,+283.3,+25.5,@B	+2.09,+289.8,+25.2,LB	+2.08,+290.8,+25.4,CB	
1701683347.1061199	+6.51,+28.3,+20.0,@A	+2.32,+272.0,+20.5,JB	+6.46,+31.2,+20.6,IA	+2.22,+282.6,+25.5,GB	+2.08,+290.6,+25.2,KB	+2.08,+291.0,+25.4,JB	
1701683409.1154473	+6.51,+28.3,+20.1,AA	+2.32,+272.0,+20.5,JB	+6.46,+31.1,+20.6,JA	+2.23,+282.3,+25.6,@B	+2.08,+290.5,+25.2,HB	+2.07,+291.3,+25.4,FB	
1701683471.1226673	+6.51,+28.3,+20.1,AA	+2.32,+272.0,+20.5,JB	+6.46,+31.3,+20.6,HA	+2.21,+283.5,+25.6,EB	+2.09,+290.0,+25.2,LB	+2.10,+289.9,+25.4,CB	
1701683533.1317906	+6.51,+28.3,+20.1,AA	+2.32,+272.0,+20.6,IB	+6.46,+31.2,+20.6,IA	+2.21,+283.4,+25.6,DB	+2.09,+289.9,+25.2,MB	+2.09,+290.0,+25.4,JB	
1701683595.1417172	+6.51,+28.3,+20.1,AA	+2.32,+272.0,+20.5,JB	+6.46,+31.2,+20.6,IA	+2.22,+282.8,+25.5,IB	+2.08,+290.4,+25.2,IB	+2.09,+290.4,+25.4,NB	
1701683657.149004	+6.51,+28.3,+20.1,AA	+2.32,+272.0,+20.5,JB	+6.46,+31.1,+20.6,JA	+2.22,+282.8,+25.6,JB	+2.09,+290.2,+25.2,NB	+2.09,+290.4,+25.4,NB	
1701683719.1590855	+6.51,+28.3,+20.1,AA	+2.32,+271.9,+20.6,CB	+6.46,+31.2,+20.6,IA	+2.22,+282.9,+25.6,KB	+2.09,+290.2,+25.2,NB	+2.06,+291.7,+25.4,CB	
1701683781.1695626	+6.51,+28.3,+20.1,AA	+2.32,+272.0,+20.5,JB	+6.46,+31.1,+20.6,JA	+2.21,+283.2,+25.6,BB	+2.09,+289.9,+25.2,MB	+2.08,+290.8,+25.3,DB	
1701683843.1739707	+6.51,+28.3,+20.1,AA	+2.32,+272.0,+20.5,JB	+6.46,+31.2,+20.6,IA	+2.23,+282.2,+25.6,AB	+2.08,+290.6,+25.2,KB	+2.06,+291.9,+25.4,MB	
1701683905.1828735	+6.51,+28.3,+20.1,AA	+2.32,+272.0,+20.6,IB	+6.46,+31.3,+20.6,HA	+2.22,+282.7,+25.6,EB	+2.09,+290.1,+25.2,MB	+2.09,+290.4,+25.4,NB	
1701683967.1908696	+6.51,+28.3,+20.1,AA	+2.32,+272.0,+20.5,JB	+6.47,+31.0,+20.6,JA	+2.23,+282.1,+25.5,AB	+2.08,+290.5,+25.2,HB	+2.07,+291.2,+25.4,GB	
1701684029.2007189	+6.51,+28.3,+20.1,AA	+2.32,+272.0,+20.6,IB	+6.46,+31.2,+20.6,IA	+2.22,+282.6,+25.6,DB	+2.08,+290.4,+25.2,IB	+2.06,+291.8,+25.3,KB	
1701684091.2106767	+6.51,+28.3,+20.1,AA	+2.32,+272.0,+20.6,IB	+6.46,+31.2,+20.6,IA	+2.21,+283.2,+25.5,AB	+2.09,+290.1,+25.2,MB	+2.08,+290.9,+25.4,BB	
1701684153.2195225	+6.51,+28.3,+20.1,AA	+2.32,+272.1,+20.5,KB	+6.46,+31.2,+20.6,IA	+2.22,+282.9,+25.6,KB	+2.08,+290.4,+25.2,IB	+2.07,+291.5,+25.3,GB	
1701684215.2303154	+6.51,+28.3,+20.1,AA	+2.32,+272.0,+20.5,JB	+6.46,+31.2,+20.6,IA	+2.21,+283.3,+25.6,CB	+2.09,+290.2,+25.2,NB	+2.08,+291.1,+25.4,KB	
1701684277.2357843	+6.51,+28.2,+20.1,@A	+2.32,+272.1,+20.5,KB	+6.46,+31.2,+20.6,IA	+2.21,+283.3,+25.6,CB	+2.09,+289.9,+25.2,MB	+2.08,+290.5,+25.4,NB	
1701684339.2440276	+6.51,+28.3,+20.1,AA	+2.32,+272.0,+20.5,JB	+6.46,+31.2,+20.6,IA	+2.23,+282.3,+25.5,CB	+2.09,+290.2,+25.2,NB	+2.08,+290.9,+25.3,EB	
1701684401.2520764	+6.51,+28.2,+20.1,@A	+2.32,+272.0,+20.6,IB	+6.46,+31.2,+20.6,IA	+2.21,+283.3,+25.6,CB	+2.09,+290.3,+25.2,OB	+2.07,+291.2,+25.4,GB	
1701684463.2611005	+6.51,+28.3,+20.1,AA	+2.32,+272.0,+20.6,IB	+6.46,+31.2,+20.6,IA	+2.23,+282.2,+25.6,AB	+2.09,+290.1,+25.2,MB	+2.08,+291.0,+25.4,JB	
1701684525.2705576	+6.51,+28.3,+20.1,AA	+2.32,+272.0,+20.5,JB	+6.46,+31.1,+20.6,JA	+2.21,+283.3,+25.6,CB	+2.09,+290.2,+25.2,NB	+2.08,+290.9,+25.4,BB	
1701684587.279104	+6.51,+28.3,+20.1,AA	+2.32,+272.0,+20.6,IB	+6.46,+31.2,+20.6,IA	+2.22,+282.8,+25.6,JB	+2.08,+290.7,+25.2,JB	+2.06,+291.9,+25.4,MB	
1701684649.2899728	+6.51,+28.3,+20.1,AA	+2.32,+272.0,+20.5,JB	+6.46,+31.3,+20.6,HA	+2.21,+283.3,+25.6,CB	+2.08,+290.3,+25.2,NB	+2.08,+291.1,+25.3,LB	
1701684711.298819	+6.51,+28.2,+20.1,@A	+2.32,+272.0,+20.6,IB	+6.46,+31.3,+20.6,HA	+2.21,+283.3,+25.5,@B	+2.08,+290.4,+25.2,IB	+2.08,+291.1,+25.4,KB	
1701684773.309069	+6.51,+28.2,+20.1,@A	+2.32,+272.0,+20.6,IB	+6.46,+31.3,+20.6,HA	+2.22,+282.6,+25.6,DB	+2.09,+290.0,+25.2,LB	+2.09,+290.3,+25.4,IB	
1701684835.3169954	+6.51,+28.2,+20.1,@A	+2.32,+272.1,+20.6,HB	+6.46,+31.2,+20.6,IA	+2.22,+282.8,+25.6,JB	+2.08,+290.7,+25.2,JB	+2.06,+292.0,+25.3,@B	
1701684897.3272083	+6.51,+28.2,+20.1,@A	+2.32,+272.0,+20.5,JB	+6.46,+31.2,+20.6,IA	+2.23,+282.2,+25.6,AB	+2.09,+290.0,+25.2,LB	+2.08,+290.9,+25.4,BB	
1701684959.3347044	+6.51,+28.3,+20.0,@A	+2.32,+272.0,+20.6,IB	+6.46,+31.2,+20.6,IA	+2.22,+282.5,+25.5,DB	+2.09,+289.9,+25.2,MB	+2.09,+290.4,+25.4,NB	
1701685021.3444767	+6.51,+28.2,+20.1,@A	+2.32,+272.1,+20.6,HB	+6.46,+31.2,+20.6,IA	+2.23,+282.1,+25.6,BB	+2.09,+290.1,+25.2,MB	+2.07,+291.2,+25.3,@B	
1701685083.3548117	+6.51,+28.2,+20.1,@A	+2.32,+272.1,+20.6,HB	+6.46,+31.2,+20.6,IA	+2.21,+283.3,+25.5,@B	+2.08,+290.7,+25.2,JB	+2.07,+291.3,+25.4,FB	
1701685145.3611226	+6.51,+28.2,+20.1,@A	+2.32,+272.0,+20.5,JB	+6.46,+31.3,+20.6,HA	+2.23,+282.3,+25.6,@B	+2.08,+290.7,+25.2,JB	+2.06,+292.1,+25.4,FB	
1701685390.9356809	+6.52,+28.1,+20.1,@A	+2.32,+272.0,+20.6,IB	+6.46,+31.2,+20.6,IA	+2.21,+283.2,+25.6,BB	+2.09,+290.1,+25.2,MB	+2.06,+291.8,+25.4,LB	
1701685452.9426181	+6.52,+28.1,+20.1,@A	+2.32,+272.0,+20.5,JB	+6.46,+31.3,+20.6,HA	+2.23,+282.1,+25.6,BB	+2.08,+290.8,+25.2,EB	+2.07,+291.3,+25.4,FB	
1701685514.9515402	+6.52,+28.1,+20.1,@A	+2.32,+272.0,+20.6,IB	+6.46,+31.3,+20.6,HA	+2.22,+283.0,+25.6,CB	+2.09,+290.2,+25.2,NB	+2.09,+290.4,+25.4,NB	
1701685576.960594	+6.52,+28.1,+20.1,@A	+2.32,+272.1,+20.6,HB	+6.46,+31.2,+20.6,IA	+2.23,+282.2,+25.5,BB	+2.08,+290.5,+25.2,HB	+2.08,+290.6,+25.4,MB	
1701685638.9703107	+6.52,+28.1,+20.1,@A	+2.32,+272.0,+20.6,IB	+6.46,+31.3,+20.6,HA	+2.21,+283.1,+25.6,AB	+2.09,+290.2,+25.2,NB	+2.06,+292.0,+25.4,GB	
1701685700.9801214	+6.52,+28.1,+20.1,@A	+2.32,+272.1,+20.6,HB	+6.46,+31.3,+20.6,HA	+2.21,+283.3,+25.5,@B	+2.09,+290.1,+25.2,MB	+2.06,+291.7,+25.3,DB	
1701685762.988961	+6.51,+28.2,+20.1,@A	+2.32,+272.0,+20.5,JB	+6.46,+31.2,+20.6,IA	+2.23,+282.2,+25.6,AB	+2.08,+290.7,+25.2,JB	+2.07,+291.5,+25.4,@B	
1701685824.9993618	+6.52,+28.1,+20.1,@A	+2.32,+272.0,+20.6,IB	+6.46,+31.3,+20.6,HA	+2.22,+282.8,+25.5,IB	+2.08,+290.5,+25.2,HB	+2.06,+292.0,+25.4,GB	
1701685887.0094483	+6.52,+28.1,+20.1,@A	+2.32,+271.9,+20.6,CB	+6.46,+31.2,+20.6,IA	+2.21,+283.1,+25.6,AB	+2.09,+289.9,+25.2,MB	+2.08,+290.7,+25.4,LB	
1701685949.0188394	+6.52,+28.0,+20.1,AA	+2.32,+272.0,+20.6,IB	+6.46,+31.3,+20.6,HA	+2.22,+282.7,+25.6,EB	+2.08,+290.6,+25.2,KB	+2.06,+292.0,+25.4,GB	
1701686011.0286992	+6.52,+28.2,+20.1,CA	+2.32,+272.0,+20.6,IB	+6.46,+31.2,+20.6,IA	+2.22,+282.5,+25.6,GB	+2.08,+290.6,+25.2,KB	+2.06,+291.9,+25.4,MB	
1701686073.0367284	+6.52,+28.1,+20.1,@A	+2.32,+272.0,+20.6,IB	+6.46,+31.2,+20.6,IA	+2.22,+282.9,+25.6,KB	+2.09,+289.9,+25.2,MB	+2.08,+290.5,+25.4,NB	
1701686135.0465064	+6.52,+28.1,+20.1,@A	+2.32,+272.0,+20.6,IB	+6.46,+31.3,+20.6,HA	+2.22,+282.9,+25.5,HB	+2.09,+289.9,+25.2,MB	+2.08,+290.6,+25.4,MB	
1701686197.0476325	+6.52,+28.1,+20.1,@A	+2.32,+272.0,+20.6,IB	+6.46,+31.4,+20.7,NA	+2.22,+282.5,+25.6,GB	+2.09,+290.0,+25.2,LB	+2.09,+290.4,+25.4,NB	
1701686259.0556567	+6.52,+28.1,+20.1,@A	+2.32,+272.0,+20.6,IB	+6.46,+31.2,+20.6,IA	+2.23,+282.2,+25.5,BB	+2.08,+290.6,+25.2,KB	+2.07,+291.1,+25.4,DB	
1701686321.0649674	+6.52,+28.0,+20.1,AA	+2.32,+272.0,+20.6,IB	+6.46,+31.3,+20.6,HA	+2.21,+283.2,+25.5,AB	+2.08,+290.5,+25.2,HB	+2.06,+292.0,+25.4,GB	
1701686383.072167	+6.52,+28.1,+20.1,@A	+2.32,+272.0,+20.6,IB	+6.46,+31.4,+20.6,OA	+2.21,+283.5,+25.6,EB	+2.09,+290.3,+25.2,OB	+2.07,+291.5,+25.3,GB	
1701686445.0818758	+6.52,+28.1,+20.1,@A	+2.32,+272.0,+20.6,IB	+6.46,+31.3,+20.6,HA	+2.23,+282.4,+25.6,GB	+2.08,+290.7,+25.2,JB	+2.07,+291.5,+25.4,@B	
1701686507.089601	+6.52,+28.1,+20.1,@A	+2.32,+272.1,+20.6,HB	+6.46,+31.3,+20.6,HA	+2.21,+283.3,+25.5,@B	+2.09,+290.2,+25.2,NB	+2.07,+291.3,+25.4,FB	
1701686569.092498	+6.52,+28.1,+20.1,@A	+2.32,+272.0,+20.6,IB	+6.46,+31.3,+20.6,HA	+2.21,+283.2,+25.5,AB	+2.08,+290.8,+25.2,EB	+2.06,+292.1,+25.4,FB	
1701686631.0985157	+6.52,+28.1,+20.1,@A	+2.32,+272.0,+20.6,IB	+6.46,+31.4,+20.6,OA	+2.23,+282.3,+25.6,@B	+2.08,+290.5,+25.2,HB	+2.07,+291.2,+25.4,GB	
1701686693.108107	+6.52,+28.1,+20.1,@A	+2.32,+272.1,+20.6,HB	+6.46,+31.3,+20.6,HA	+2.21,+283.3,+25.5,@B	+2.08,+290.8,+25.2,EB	+2.06,+292.1,+25.4,FB	
1701686755.1162412	+6.52,+28.1,+20.1,@A	+2.32,+272.0,+20.6,IB	+6.46,+31.4,+20.6,OA	+2.23,+282.3,+25.6,@B	+2.08,+290.3,+25.2,NB	+2.08,+290.9,+25.4,BB	
1701686817.1246607	+6.52,+28.1,+20.1,@A	+2.32,+272.0,+20.6,IB	+6.46,+31.3,+20.6,HA	+2.21,+283.2,+25.5,AB	+2.08,+290.8,+25.2,EB	+2.06,+292.1,+25.4,FB	
1701686879.1336336	+6.52,+28.1,+20.1,@A	+2.32,+272.1,+20.6,HB	+6.46,+31.4,+20.6,OA	+2.22,+282.8,+25.5,IB	+2.09,+290.1,+25.2,MB	+2.08,+290.6,+25.4,MB	
1701686941.143311	+6.52,+28.1,+20.1,@A	+2.32,+272.0,+20.6,IB	+6.46,+31.3,+20.6,HA	+2.23,+282.4,+25.6,GB	+2.09,+289.9,+25.2,MB	+2.09,+290.4,+25.3,IB	
1701687003.151533	+6.52,+28.1,+20.1,@A	+2.32,+272.1,+20.6,HB	+6.46,+31.3,+20.6,HA	+2.23,+282.2,+25.5,BB	+2.09,+290.0,+25.2,LB	+2.08,+290.7,+25.3,KB	
1701687065.1579268	+6.52,+28.1,+20.1,@A	+2.32,+272.0,+20.6,IB	+6.46,+31.3,+20.7,IA	+2.22,+282.7,+25.6,EB	+2.09,+290.0,+25.2,LB	+2.08,+290.5,+25.3,IB	
1701687127.1656046	+6.52,+28.1,+20.1,@A	+2.32,+272.0,+20.6,IB	+6.46,+31.3,+20.6,HA	+2.23,+282.3,+25.6,@B	+2.09,+290.0,+25.2,LB	+2.08,+290.8,+25.4,CB	
1701687189.1760287	+6.52,+28.1,+20.1,@A	+2.32,+272.0,+20.6,IB	+6.46,+31.3,+20.7,IA	+2.22,+282.7,+25.5,FB	+2.09,+289.9,+25.2,MB	+2.09,+290.5,+25.3,HB	
1701687251.185952	+6.52,+28.0,+20.1,AA	+2.32,+272.1,+20.6,HB	+6.46,+31.4,+20.6,OA	+2.21,+283.5,+25.6,EB	+2.08,+290.6,+25.2,KB	+2.07,+291.5,+25.4,@B	
1701687313.1968772	+6.52,+28.0,+20.1,AA	+2.32,+272.1,+20.6,HB	+6.46,+31.3,+20.6,HA	+2.22,+282.6,+25.5,GB	+2.09,+290.0,+25.2,LB	+2.09,+290.4,+25.4,NB	
1701687375.2062793	+6.52,+28.0,+20.1,AA	+2.32,+272.1,+20.6,HB	+6.46,+31.3,+20.6,HA	+2.20,+283.6,+25.6,GB	+2.08,+290.6,+25.2,KB	+2.06,+291.8,+25.3,KB	
1701687437.2148483	+6.52,+28.0,+20.1,AA	+2.32,+272.1,+20.6,HB	+6.46,+31.3,+20.6,HA	+2.22,+282.9,+25.5,HB	+2.09,+290.1,+25.2,MB	+2.07,+291.6,+25.4,CB	
1701687499.2242048	+6.52,+28.0,+20.1,AA	+2.32,+272.0,+20.6,IB	+6.46,+31.2,+20.6,IA	+2.21,+283.6,+25.6,FB	+2.08,+290.7,+25.2,JB	+2.06,+292.0,+25.3,@B	
1701687561.2328289	+6.52,+28.0,+20.1,AA	+2.32,+272.0,+20.6,IB	+6.46,+31.3,+20.7,IA	+2.23,+282.3,+25.5,CB	+2.09,+289.9,+25.2,MB	+2.08,+290.7,+25.4,LB	
1701687623.2232938	+6.52,+28.0,+20.1,AA	+2.32,+272.1,+20.6,HB	+6.46,+31.3,+20.6,HA	+2.22,+282.8,+25.6,JB	+2.09,+290.1,+25.2,MB	+2.07,+291.6,+25.3,DB	
1701687685.2323518	+6.52,+28.0,+20.1,AA	+2.32,+272.0,+20.6,IB	+6.46,+31.3,+20.6,HA	+2.21,+283.4,+25.6,DB	+2.09,+289.8,+25.2,LB	+2.08,+290.8,+25.3,DB	
1701687747.2390604	+6.52,+28.0,+20.1,AA	+2.32,+272.1,+20.6,HB	+6.46,+31.2,+20.7,HA	+2.22,+282.6,+25.6,DB	+2.08,+290.6,+25.2,KB	+2.08,+290.5,+25.3,IB	
1701687809.2492316	+6.52,+28.0,+20.1,AA	+2.32,+272.1,+20.6,HB	+6.46,+31.2,+20.6,IA	+2.22,+282.6,+25.6,DB	+2.09,+290.1,+25.2,MB	+2.10,+289.9,+25.3,DB	
1701687871.2570584	+6.52,+28.0,+20.1,AA	+2.32,+272.1,+20.6,HB	+6.46,+31.3,+20.6,HA	+2.22,+282.5,+25.6,GB	+2.09,+290.2,+25.2,NB	+2.10,+289.7,+25.3,JB	
1701687933.26624	+6.52,+28.0,+20.1,AA	+2.32,+272.0,+20.6,IB	+6.46,+31.3,+20.6,HA	+2.23,+282.4,+25.6,GB	+2.08,+290.5,+25.2,HB	+2.09,+289.9,+25.3,LB	
1701687995.2720933	+6.52,+28.0,+20.1,AA	+2.32,+272.1,+20.6,HB	+6.46,+31.3,+20.6,HA	+2.21,+283.5,+25.6,EB	+2.09,+289.8,+25.2,LB	+2.08,+290.9,+25.4,BB	
1701688057.2757895	+6.52,+28.0,+20.1,AA	+2.32,+272.1,+20.6,HB	+6.46,+31.3,+20.6,HA	+2.22,+282.9,+25.6,KB	+2.09,+289.9,+25.2,MB	+2.09,+290.0,+25.3,MB	
1701688119.2829692	+6.52,+28.0,+20.1,AA	+2.32,+272.1,+20.6,HB	+6.46,+31.3,+20.6,HA	+2.20,+283.7,+25.6,FB	+2.09,+290.2,+25.2,NB	+2.08,+291.0,+25.4,JB	
1701688181.2909105	+6.52,+28.0,+20.1,AA	+2.32,+272.1,+20.6,HB	+6.46,+31.3,+20.7,IA	+2.22,+282.4,+25.6,FB	+2.09,+290.2,+25.2,NB	+2.10,+289.3,+25.3,NB	
1701688243.2990396	+6.52,+27.9,+20.1,GA	+2.32,+272.0,+20.6,IB	+6.46,+31.4,+20.6,OA	+2.22,+282.4,+25.6,FB	+2.09,+290.2,+25.1,MB	+2.11,+289.3,+25.4,HB	
1701688305.3075256	+6.52,+28.0,+20.1,AA	+2.32,+272.1,+20.6,HB	+6.46,+31.3,+20.6,HA	+2.22,+282.4,+25.6,FB	+2.09,+290.1,+25.2,MB	+2.11,+289.2,+25.4,IB	
1701688367.3160615	+6.52,+28.0,+20.1,AA	+2.32,+272.1,+20.6,HB	+6.46,+31.2,+20.6,IA	+2.21,+283.6,+25.6,FB	+2.08,+290.4,+25.2,IB	+2.08,+290.7,+25.3,KB	
1701688429.326026	+6.52,+28.0,+20.1,AA	+2.32,+272.1,+20.6,HB	+6.46,+31.3,+20.6,HA	+2.22,+282.9,+25.6,KB	+2.09,+289.8,+25.2,LB	+2.10,+289.6,+25.4,LB	
1701688491.3314228	+6.52,+28.0,+20.1,AA	+2.32,+272.1,+20.6,HB	+6.46,+31.3,+20.6,HA	+2.21,+283.6,+25.6,FB	+2.09,+290.2,+25.2,NB	+2.09,+290.3,+25.3,NB	
1701688553.3381703	+6.52,+28.0,+20.1,AA	+2.32,+272.1,+20.6,HB	+6.46,+31.3,+20.6,HA	+2.21,+283.6,+25.6,FB	+2.09,+290.3,+25.2,OB	+2.09,+290.3,+25.3,NB	
1701688615.3481777	+6.52,+27.9,+20.1,GA	+2.32,+272.1,+20.6,HB	+6.46,+31.4,+20.6,OA	+2.21,+283.3,+25.6,CB	+2.09,+290.0,+25.2,LB	+2.09,+290.0,+25.4,JB	
1701688677.3583145	+6.52,+27.9,+20.1,GA	+2.32,+272.0,+20.6,IB	+6.46,+31.3,+20.6,HA	+2.20,+283.7,+25.6,FB	+2.08,+290.4,+25.2,IB	+2.09,+290.5,+25.4,OB	
1701688739.3673894	+6.52,+27.9,+20.1,GA	+2.32,+272.1,+20.6,HB	+6.46,+31.3,+20.7,IA	+2.21,+283.0,+25.6,@B	+2.09,+289.8,+25.2,LB	+2.11,+289.2,+25.3,NB	
1701688801.3765607	+6.52,+28.0,+20.1,AA	+2.32,+272.1,+20.6,HB	+6.46,+31.2,+20.6,IA	+2.21,+283.1,+25.6,AB	+2.09,+289.9,+25.2,MB	+2.10,+289.3,+25.4,IB	
1701688863.380738	+6.52,+28.0,+20.1,AA	+2.32,+272.1,+20.6,HB	+6.46,+31.3,+20.6,HA	+2.21,+283.2,+25.6,BB	+2.08,+290.4,+25.2,IB	+2.11,+289.3,+25.4,HB	
1701688925.3872588	+6.52,+27.9,+20.1,GA	+2.32,+272.1,+20.6,HB	+6.46,+31.3,+20.7,IA	+2.22,+282.6,+25.6,DB	+2.09,+289.7,+25.2,CB	+2.11,+288.7,+25.3,JB	
1701688987.385578	+6.52,+27.9,+20.1,GA	+2.32,+272.1,+20.6,HB	+6.46,+31.2,+20.6,IA	+2.20,+283.6,+25.6,GB	+2.08,+290.4,+25.2,IB	+2.09,+290.3,+25.4,IB	
1701689232.9648526	+6.52,+28.0,+20.1,AA	+2.32,+272.0,+20.6,IB	+6.46,+31.3,+20.6,HA	+2.22,+283.0,+25.6,CB	+2.09,+290.0,+25.2,LB	+2.11,+289.0,+25.3,LB	
1701689294.9728134	+6.52,+28.0,+20.1,AA	+2.32,+272.1,+20.6,HB	+6.46,+31.3,+20.6,HA	+2.22,+283.0,+25.6,CB	+2.09,+290.1,+25.2,MB	+2.11,+289.0,+25.4,KB	
1701689356.9821327	+6.52,+28.0,+20.1,AA	+2.32,+272.1,+20.6,HB	+6.46,+31.4,+20.6,OA	+2.21,+283.6,+25.6,FB	+2.08,+290.6,+25.2,KB	+2.09,+290.1,+25.3,LB	
1701689418.9914393	+6.52,+27.9,+20.1,GA	+2.32,+272.1,+20.6,HB	+6.46,+31.4,+20.6,OA	+2.22,+282.8,+25.6,JB	+2.09,+290.2,+25.2,NB	+2.11,+289.1,+25.3,MB	
1701689480.9991307	+6.52,+28.0,+20.1,AA	+2.32,+272.1,+20.6,HB	+6.46,+31.4,+20.6,OA	+2.21,+283.3,+25.6,CB	+2.08,+290.5,+25.2,HB	+2.10,+289.9,+25.3,DB	
1701689543.0082526	+6.52,+28.0,+20.1,AA	+2.32,+272.1,+20.6,HB	+6.46,+31.3,+20.6,HA	+2.22,+282.5,+25.6,GB	+2.09,+289.8,+25.2,LB	+2.12,+288.4,+25.4,MB	
1701689605.018684	+6.52,+28.0,+20.1,AA	+2.32,+272.1,+20.6,HB	+6.46,+31.4,+20.6,OA	+2.20,+283.8,+25.6,IB	+2.08,+290.3,+25.2,NB	+2.09,+290.0,+25.4,JB	
1701689667.0231357	+6.52,+28.1,+20.1,@A	+2.32,+272.1,+20.6,HB	+6.46,+31.3,+20.6,HA	+2.22,+282.6,+25.6,DB	+2.09,+290.0,+25.2,LB	+2.12,+288.7,+25.4,NB	
1701689729.031266	+6.52,+28.1,+20.1,@A	+2.32,+272.1,+20.6,HB	+6.46,+31.3,+20.6,HA	+2.20,+283.6,+25.6,GB	+2.08,+290.5,+25.2,HB	+2.09,+289.9,+25.3,LB	
1701689791.0389557	+6.51,+28.2,+20.1,@A	+2.32,+272.1,+20.6,HB	+6.46,+31.3,+20.6,HA	+2.21,+283.2,+25.6,BB	+2.09,+289.8,+25.2,LB	+2.11,+288.9,+25.3,DB	
1701689853.0478833	+6.52,+28.1,+20.1,@A	+2.32,+272.1,+20.6,HB	+6.46,+31.3,+20.6,HA	+2.22,+282.9,+25.6,KB	+2.09,+289.7,+25.2,CB	+2.12,+288.4,+25.3,JB	
1701689915.0559945	+6.51,+28.2,+20.1,@A	+2.32,+272.1,+20.6,HB	+6.46,+31.3,+20.6,HA	+2.20,+283.6,+25.6,GB	+2.09,+289.9,+25.2,MB	+2.11,+289.3,+25.4,HB	
1701689977.0628114	+6.52,+28.1,+20.1,@A	+2.32,+272.1,+20.6,HB	+6.46,+31.2,+20.6,IA	+2.21,+283.0,+25.5,CB	+2.10,+289.7,+25.2,KB	+2.12,+288.4,+25.3,JB	
1701690039.071663	+6.52,+28.1,+20.1,@A	+2.32,+272.0,+20.6,IB	+6.46,+31.4,+20.6,OA	+2.22,+282.7,+25.6,EB	+2.09,+290.3,+25.2,OB	+2.11,+289.1,+25.4,JB	
1701690101.078912	+6.52,+28.1,+20.1,@A	+2.32,+272.1,+20.6,HB	+6.46,+31.3,+20.6,HA	+2.21,+283.3,+25.6,CB	+2.09,+289.7,+25.2,CB	+2.12,+288.7,+25.4,NB	
1701690163.0852573	+6.52,+28.1,+20.1,@A	+2.32,+272.0,+20.6,IB	+6.46,+31.3,+20.6,HA	+2.20,+283.7,+25.6,FB	+2.09,+290.0,+25.2,LB	+2.10,+289.4,+25.3,IB	
1701690225.096157	+6.52,+28.1,+20.1,@A	+2.32,+272.0,+20.6,IB	+6.46,+31.3,+20.6,HA	+2.21,+283.3,+25.6,CB	+2.09,+289.8,+25.2,LB	+2.12,+288.5,+25.3,KB	
1701690287.106213	+6.52,+28.1,+20.1,@A	+2.32,+272.1,+20.6,HB	+6.46,+31.2,+20.6,IA	+2.22,+282.5,+25.6,GB	+2.08,+290.4,+25.2,IB	+2.12,+288.5,+25.4,LB	
1701690349.1131494	+6.52,+28.1,+20.0,AA	+2.32,+272.1,+20.6,HB	+6.46,+31.3,+20.6,HA	+2.21,+283.1,+25.6,AB	+2.09,+289.9,+25.2,MB	+2.12,+288.2,+25.3,LB	
1701690411.1199732	+6.52,+28.1,+20.1,@A	+2.32,+272.1,+20.6,HB	+6.46,+31.3,+20.6,HA	+2.22,+282.8,+25.6,JB	+2.09,+290.0,+25.2,LB	+2.12,+288.2,+25.3,LB	
1701690473.1307414	+6.52,+28.1,+20.1,@A	+2.32,+272.1,+20.6,HB	+6.46,+31.4,+20.6,OA	+2.22,+282.9,+25.5,HB	+2.09,+290.0,+25.2,LB	+2.13,+288.1,+25.4,IB	
1701690535.13971	+6.52,+28.1,+20.1,@A	+2.32,+272.1,+20.6,HB	+6.46,+31.3,+20.6,HA	+2.21,+283.2,+25.6,BB	+2.09,+289.9,+25.2,MB	+2.12,+288.2,+25.4,KB	
1701690597.1514304	+6.52,+28.1,+20.0,AA	+2.32,+272.1,+20.6,HB	+6.46,+31.3,+20.6,HA	+2.22,+282.8,+25.5,IB	+2.09,+290.1,+25.2,MB	+2.13,+288.0,+25.4,HB	
1701690659.164388	+6.52,+28.1,+20.1,@A	+2.32,+272.1,+20.6,HB	+6.46,+31.3,+20.6,HA	+2.21,+283.6,+25.6,FB	+2.09,+290.2,+25.2,NB	+2.10,+289.7,+25.3,JB	
1701690721.1736841	+6.52,+28.1,+20.1,@A	+2.32,+272.1,+20.6,HB	+6.46,+31.3,+20.6,HA	+2.21,+283.1,+25.6,AB	+2.09,+290.2,+25.2,NB	+2.13,+288.1,+25.4,IB	
1701690783.1841137	+6.52,+28.0,+20.1,AA	+2.32,+272.1,+20.6,HB	+6.46,+31.4,+20.6,OA	+2.22,+282.7,+25.6,EB	+2.08,+290.6,+25.2,KB	+2.11,+289.1,+25.3,MB	
1701690845.1917257	+6.52,+28.0,+20.1,AA	+2.32,+272.1,+20.6,HB	+6.46,+31.3,+20.6,HA	+2.22,+282.7,+25.5,FB	+2.08,+290.7,+25.2,JB	+2.11,+288.8,+25.3,EB	
1701690907.1990633	+6.52,+28.1,+20.1,@A	+2.32,+272.1,+20.6,HB	+6.46,+31.3,+20.6,HA	+2.22,+282.6,+25.5,GB	+2.08,+290.6,+25.2,KB	+2.12,+288.2,+25.4,KB	
1701690969.2089183	+6.52,+28.1,+20.1,@A	+2.32,+272.1,+20.6,HB	+6.46,+31.3,+20.6,HA	+2.20,+283.7,+25.6,FB	+2.09,+289.9,+25.2,MB	+2.10,+289.6,+25.4,LB	
1701691031.2194004	+6.52,+28.1,+20.1,@A	+2.32,+272.0,+20.6,IB	+6.46,+31.3,+20.6,HA	+2.21,+283.3,+25.6,CB	+2.09,+290.2,+25.2,NB	+2.10,+289.6,+25.3,KB	
1701691093.227881	+6.52,+28.0,+20.1,AA	+2.32,+272.1,+20.6,HB	+6.46,+31.2,+20.6,IA	+2.21,+283.3,+25.6,CB	+2.09,+290.2,+25.2,NB	+2.10,+289.5,+25.3,HB	
1701691155.2369318	+6.52,+28.1,+20.0,AA	+2.32,+272.0,+20.6,IB	+6.46,+31.2,+20.6,IA	+2.22,+282.9,+25.6,KB	+2.08,+290.4,+25.2,IB	+2.11,+289.1,+25.4,JB	
1701691217.2460678	+6.52,+28.1,+20.0,AA	+2.32,+272.1,+20.6,HB	+6.46,+31.2,+20.6,IA	+2.21,+283.4,+25.6,DB	+2.09,+290.0,+25.2,LB	+2.10,+289.6,+25.4,LB	
1701691279.25215	+6.52,+28.0,+20.1,AA	+2.32,+272.1,+20.6,HB	+6.46,+31.2,+20.6,IA	+2.22,+282.7,+25.6,EB	+2.08,+290.6,+25.2,KB	+2.12,+288.7,+25.4,NB	
1701691341.2615771	+6.52,+28.1,+20.0,AA	+2.32,+272.1,+20.6,HB	+6.46,+31.2,+20.6,IA	+2.20,+283.7,+25.6,FB	+2.09,+290.2,+25.2,NB	+2.12,+288.3,+25.3,MB	
1701691403.2716432	+6.52,+28.1,+20.0,AA	+2.32,+272.1,+20.6,HB	+6.47,+31.1,+20.6,KA	+2.22,+282.8,+25.6,JB	+2.08,+290.6,+25.2,KB	+2.13,+288.0,+25.4,HB	
1701691465.281263	+6.52,+28.1,+20.0,AA	+2.32,+272.1,+20.6,HB	+6.46,+31.1,+20.6,JA	+2.21,+283.4,+25.6,DB	+2.09,+289.8,+25.2,LB	+2.10,+289.5,+25.4,OB	
1701691527.2906847	+6.52,+28.1,+20.0,AA	+2.32,+272.1,+20.6,HB	+6.47,+31.0,+20.6,JA	+2.21,+283.2,+25.5,AB	+2.08,+290.4,+25.2,IB	+2.13,+288.0,+25.4,HB	
1701691589.299611	+6.52,+28.1,+20.0,AA	+2.32,+272.1,+20.6,HB	+6.47,+31.0,+20.6,JA	+2.21,+283.3,+25.5,@B	+2.08,+290.5,+25.2,HB	+2.13,+288.0,+25.4,HB	
1701691651.3085008	+6.52,+28.1,+20.0,AA	+2.32,+272.0,+20.6,IB	+6.47,+31.0,+20.6,JA	+2.22,+282.8,+25.5,IB	+2.09,+290.1,+25.2,MB	+2.10,+289.3,+25.4,IB	
1701691713.3171148	+6.52,+28.1,+20.0,AA	+2.32,+272.1,+20.6,HB	+6.47,+31.1,+20.6,KA	+2.22,+282.8,+25.5,IB	+2.09,+290.1,+25.2,MB	+2.11,+289.1,+25.4,JB	
1701691775.326717	+6.51,+28.2,+20.0,AA	+2.32,+272.1,+20.6,HB	+6.47,+31.0,+20.6,JA	+2.21,+283.0,+25.6,@B	+2.08,+290.6,+25.2,KB	+2.13,+288.1,+25.4,IB	
1701691837.3361528	+6.52,+28.1,+20.0,AA	+2.32,+272.1,+20.6,HB	+6.47,+31.1,+20.6,KA	+2.21,+283.3,+25.5,@B	+2.09,+289.9,+25.2,MB	+2.10,+289.6,+25.4,LB	
1701691899.3476648	+6.51,+28.2,+20.0,AA	+2.32,+272.1,+20.6,HB	+6.47,+31.0,+20.6,JA	+2.22,+282.8,+25.6,JB	+2.09,+290.1,+25.2,MB	+2.11,+289.1,+25.3,MB	
1701691961.3527484	+6.52,+28.1,+20.0,AA	+2.32,+272.1,+20.5,KB	+6.47,+31.1,+20.6,KA	+2.21,+283.2,+25.5,AB	+2.09,+289.9,+25.2,MB	+2.10,+289.6,+25.4,LB	
1701692023.3604553	+6.51,+28.2,+20.0,AA	+2.32,+272.1,+20.6,HB	+6.47,+31.0,+20.5,IA	+2.20,+283.8,+25.6,IB	+2.08,+290.7,+25.2,JB	+2.13,+288.1,+25.4,IB	
1701692085.3697739	+6.51,+28.2,+20.0,AA	+2.32,+272.0,+20.6,IB	+6.47,+31.0,+20.6,JA	+2.20,+283.8,+25.6,IB	+2.09,+290.1,+25.2,MB	+2.11,+289.1,+25.4,JB	
1701692147.3784869	+6.52,+28.1,+20.0,AA	+2.32,+272.0,+20.6,IB	+6.47,+31.1,+20.6,KA	+2.20,+283.8,+25.6,IB	+2.09,+290.3,+25.2,OB	+2.11,+289.1,+25.4,JB	
1701692209.389899	+6.51,+28.2,+20.0,AA	+2.32,+272.1,+20.6,HB	+6.46,+31.2,+20.6,IA	+2.22,+282.7,+25.6,EB	+2.09,+290.0,+25.2,LB	+2.12,+288.2,+25.3,LB	
1701692271.4002278	+6.51,+28.2,+20.0,AA	+2.32,+272.1,+20.5,KB	+6.47,+31.1,+20.6,KA	+2.20,+283.8,+25.5,JB	+2.08,+290.4,+25.1,JB	+2.11,+289.2,+25.3,NB	
1701692333.410798	+6.52,+28.1,+20.0,AA	+2.32,+272.1,+20.6,HB	+6.46,+31.1,+20.6,JA	+2.22,+282.7,+25.6,EB	+2.09,+290.3,+25.2,OB	+2.12,+288.5,+25.4,LB	
1701692395.4182942	+6.52,+28.1,+20.0,AA	+2.32,+272.1,+20.6,HB	+6.47,+31.1,+20.6,KA	+2.22,+282.9,+25.6,KB	+2.09,+290.0,+25.2,LB	+2.10,+289.5,+25.3,HB	
1701692457.4251628	+6.52,+28.1,+20.0,AA	+2.32,+272.0,+20.5,JB	+6.47,+31.1,+20.6,KA	+2.22,+283.0,+25.5,@B	+2.09,+290.1,+25.2,MB	+2.10,+289.6,+25.4,LB	
1701692519.4355395	+6.52,+28.0,+20.0,@A	+2.32,+272.1,+20.5,KB	+6.46,+31.1,+20.6,JA	+2.20,+283.9,+25.6,HB	+2.08,+290.7,+25.2,JB	+2.11,+288.7,+25.4,MB	
1701692581.4442685	+6.52,+28.1,+20.0,AA	+2.32,+272.1,+20.5,KB	+6.47,+31.1,+20.6,KA	+2.20,+283.7,+25.6,FB	+2.08,+290.5,+25.2,HB	+2.11,+289.1,+25.3,MB	
1701692643.4493864	+6.52,+28.1,+20.0,AA	+2.32,+272.1,+20.6,HB	+6.46,+31.1,+20.5,IA	+2.21,+283.5,+25.6,EB	+2.08,+290.7,+25.2,JB	+2.13,+287.8,+25.4,OB	
1701692705.4567304	+6.52,+28.0,+20.0,@A	+2.32,+272.1,+20.5,KB	+6.47,+31.1,+20.6,KA	+2.20,+283.7,+25.6,FB	+2.08,+290.8,+25.2,EB	+2.12,+288.7,+25.4,NB	
1701692767.464833	+6.52,+28.1,+20.0,AA	+2.32,+272.1,+20.5,KB	+6.46,+31.2,+20.5,JA	+2.22,+282.6,+25.6,DB	+2.09,+290.2,+25.2,NB	+2.12,+288.5,+25.4,LB	
1701692829.4736369	+6.52,+28.1,+20.0,AA	+2.32,+272.1,+20.5,KB	+6.47,+31.1,+20.5,HA	+2.22,+282.8,+25.6,JB	+2.09,+290.2,+25.2,NB	+2.10,+289.5,+25.4,OB	
1701693075.0407398	+6.52,+28.0,+20.0,@A	+2.32,+272.1,+20.5,KB	+6.47,+31.0,+20.5,IA	+2.20,+283.8,+25.5,JB	+2.08,+290.9,+25.2,DB	+2.10,+289.4,+25.3,IB	
1701693137.0498059	+6.52,+28.1,+19.9,BA	+2.32,+272.0,+20.5,JB	+6.47,+31.1,+20.5,HA	+2.20,+283.8,+25.6,IB	+2.08,+290.9,+25.2,DB	+2.11,+288.8,+25.3,EB	
1701693199.0598202	+6.52,+28.1,+19.9,BA	+2.32,+272.1,+20.5,KB	+6.47,+31.1,+20.5,HA	+2.20,+283.6,+25.5,DB	+2.08,+290.7,+25.2,JB	+2.10,+289.5,+25.3,HB	
1701693261.069394	+6.52,+28.0,+20.0,@A	+2.32,+272.1,+20.5,KB	+6.47,+31.0,+20.5,IA	+2.22,+282.9,+25.5,HB	+2.09,+290.1,+25.2,MB	+2.11,+289.0,+25.3,LB	
1701693323.079488	+6.52,+28.1,+19.9,BA	+2.32,+272.1,+20.5,KB	+6.47,+31.1,+20.5,HA	+2.22,+282.7,+25.6,EB	+2.09,+290.1,+25.2,MB	+2.12,+288.7,+25.3,IB	
1701693385.0899663	+6.52,+28.0,+19.9,CA	+2.32,+272.1,+20.5,KB	+6.46,+31.1,+20.5,IA	+2.21,+283.1,+25.6,AB	+2.09,+290.2,+25.2,NB	+2.11,+289.2,+25.4,IB	
1701693447.0994523	+6.52,+28.0,+19.9,CA	+2.32,+272.1,+20.5,KB	+6.47,+31.0,+20.5,IA	+2.22,+282.7,+25.6,EB	+2.08,+290.5,+25.2,HB	+2.13,+287.9,+25.4,NB	
1701693509.1095133	+6.52,+28.0,+19.9,CA	+2.32,+272.1,+20.5,KB	+6.46,+31.1,+20.5,IA	+2.21,+283.2,+25.6,BB	+2.09,+290.1,+25.2,MB	+2.11,+289.2,+25.3,NB	
1701693571.1190999	+6.52,+27.9,+19.9,EA	+2.32,+272.1,+20.5,KB	+6.47,+31.1,+20.5,HA	+2.22,+282.8,+25.5,IB	+2.08,+290.8,+25.2,EB	+2.13,+287.9,+25.4,NB	
1701693633.1259594	+6.52,+28.0,+19.9,CA	+2.32,+272.1,+20.5,KB	+6.47,+31.0,+20.5,IA	+2.22,+282.6,+25.6,DB	+2.08,+290.6,+25.2,KB	+2.13,+287.9,+25.4,NB	
1701693695.1335049	+6.52,+28.0,+19.9,CA	+2.32,+272.0,+20.5,JB	+6.47,+31.1,+20.5,HA	+2.20,+283.7,+25.6,FB	+2.08,+290.8,+25.2,EB	+2.11,+288.9,+25.4,CB	
1701693757.1395261	+6.52,+27.9,+19.9,EA	+2.32,+272.0,+20.5,JB	+6.47,+31.0,+20.5,IA	+2.20,+283.6,+25.5,DB	+2.08,+290.3,+25.2,NB	+2.10,+289.5,+25.3,HB	
1701693819.1504772	+6.52,+27.9,+19.9,EA	+2.32,+272.1,+20.5,KB	+6.47,+31.1,+20.5,HA	+2.20,+283.8,+25.6,IB	+2.08,+290.6,+25.2,KB	+2.11,+289.2,+25.4,IB	
1701693881.1636658	+6.52,+27.9,+19.9,EA	+2.32,+272.1,+20.5,KB	+6.47,+31.0,+20.5,IA	+2.22,+282.8,+25.6,JB	+2.09,+290.1,+25.2,MB	+2.11,+289.2,+25.3,NB	
1701693943.172847	+6.52,+27.9,+19.9,EA	+2.32,+272.1,+20.5,KB	+6.47,+31.1,+20.5,HA	+2.22,+282.4,+25.5,EB	+2.08,+290.4,+25.2,IB	+2.12,+288.4,+25.4,MB	
1701694005.1844091	+6.52,+27.8,+19.9,DA	+2.32,+272.1,+20.5,KB	+6.46,+31.1,+20.5,IA	+2.21,+283.5,+25.6,EB	+2.09,+290.1,+25.2,MB	+2.10,+289.5,+25.3,HB	
1701694067.193329	+6.52,+27.9,+19.9,EA	+2.32,+272.0,+20.5,JB	+6.47,+31.1,+20.5,HA	+2.21,+283.1,+25.6,AB	+2.09,+290.2,+25.2,NB	+2.11,+289.0,+25.4,KB	
1701694129.2040575	+6.52,+27.9,+19.9,EA	+2.32,+272.1,+20.5,KB	+6.46,+31.2,+20.5,JA	+2.21,+283.5,+25.6,EB	+2.09,+290.1,+25.2,MB	+2.10,+289.4,+25.4,NB	
1701694191.2132888	+6.52,+27.9,+19.9,EA	+2.32,+272.0,+20.5,JB	+6.46,+31.1,+20.5,IA	+2.22,+282.8,+25.5,IB	+2.08,+290.6,+25.2,KB	+2.12,+288.4,+25.3,JB	
1701694253.2224886	+6.52,+27.9,+19.9,EA	+2.32,+272.0,+20.5,JB	+6.47,+31.0,+20.5,IA	+2.21,+283.0,+25.6,@B	+2.08,+290.7,+25.2,JB	+2.12,+288.4,+25.4,MB	
1701694315.2313433	+6.52,+27.8,+19.9,DA	+2.32,+272.0,+20.5,JB	+6.47,+31.0,+20.5,IA	+2.20,+283.7,+25.6,FB	+2.08,+290.4,+25.2,IB	+2.11,+289.1,+25.3,MB	
1701694377.239533	+6.52,+27.8,+19.9,DA	+2.32,+272.1,+20.5,KB	+6.47,+31.1,+20.5,HA	+2.21,+283.4,+25.6,DB	+2.08,+290.5,+25.2,HB	+2.11,+288.9,+25.4,CB	
1701694439.2491083	+6.52,+27.9,+19.9,EA	+2.32,+272.1,+20.5,KB	+6.46,+31.1,+20.5,IA	+2.22,+282.6,+25.5,GB	+2.07,+290.9,+25.2,KB	+2.13,+287.9,+25.4,NB	
1701694501.2600381	+6.52,+27.8,+19.9,DA	+2.32,+272.0,+20.5,JB	+6.47,+31.1,+20.5,HA	+2.21,+283.6,+25.6,FB	+2.08,+290.3,+25.2,NB	+2.11,+289.1,+25.3,MB	
1701694563.2712328	+6.52,+27.8,+19.9,DA	+2.32,+272.1,+20.5,KB	+6.47,+31.0,+20.4,HA	+2.21,+283.0,+25.5,CB	+2.08,+290.5,+25.2,HB	+2.11,+288.8,+25.3,EB	
1701694625.2800753	+6.52,+27.8,+19.9,DA	+2.32,+272.0,+20.5,JB	+6.46,+31.1,+20.4,HA	+2.22,+282.6,+25.5,GB	+2.07,+290.9,+25.2,KB	+2.13,+287.9,+25.4,NB	
1701694687.2879398	+6.52,+27.8,+19.9,DA	+2.32,+272.0,+20.5,JB	+6.47,+31.0,+20.5,IA	+2.22,+282.5,+25.6,GB	+2.07,+290.9,+25.2,KB	+2.13,+287.9,+25.4,NB	
1701694749.299195	+6.52,+27.8,+19.9,DA	+2.32,+272.0,+20.5,JB	+6.47,+31.0,+20.4,HA	+2.20,+283.7,+25.6,FB	+2.09,+290.1,+25.2,MB	+2.10,+289.5,+25.4,OB	
1701694811.3089426	+6.52,+27.7,+19.9,KA	+2.32,+272.1,+20.5,KB	+6.47,+31.1,+20.4,IA	+2.22,+282.8,+25.6,JB	+2.08,+290.7,+25.2,JB	+2.12,+288.5,+25.3,KB	
1701694873.318833	+6.52,+27.8,+19.9,DA	+2.32,+272.0,+20.5,JB	+6.47,+31.0,+20.4,HA	+2.21,+283.3,+25.6,CB	+2.09,+290.1,+25.2,MB	+2.11,+288.8,+25.4,BB	
1701694935.3252215	+6.52,+27.8,+19.9,DA	+2.32,+272.1,+20.5,KB	+6.47,+31.1,+20.5,HA	+2.20,+283.6,+25.5,DB	+2.09,+290.0,+25.2,LB	+2.11,+289.1,+25.4,JB	
1701694997.3352816	+6.52,+27.8,+19.9,DA	+2.32,+272.1,+20.5,KB	+6.47,+31.1,+20.4,IA	+2.22,+282.5,+25.5,DB	+2.08,+290.9,+25.2,DB	+2.13,+287.9,+25.4,NB	
1701695059.345324	+6.52,+27.8,+19.9,DA	+2.32,+272.0,+20.5,JB	+6.46,+31.1,+20.5,IA	+2.22,+283.0,+25.6,CB	+2.08,+290.4,+25.2,IB	+2.12,+288.5,+25.4,LB	
1701695121.354667	+6.52,+27.7,+19.9,KA	+2.32,+272.0,+20.5,JB	+6.46,+31.1,+20.4,HA	+2.20,+283.8,+25.6,IB	+2.09,+290.3,+25.2,OB	+2.10,+289.6,+25.4,LB	
1701695183.3645911	+6.52,+27.7,+19.9,KA	+2.32,+272.0,+20.5,JB	+6.47,+31.1,+20.4,IA	+2.20,+283.7,+25.6,FB	+2.08,+290.5,+25.2,HB	+2.10,+289.4,+25.4,NB	
1701695245.3748236	+6.52,+27.8,+19.9,DA	+2.32,+272.0,+20.5,JB	+6.46,+31.1,+20.5,IA	+2.21,+283.3,+25.6,CB	+2.08,+290.8,+25.2,EB	+2.11,+289.2,+25.3,NB	
1701695307.3851328	+6.52,+27.7,+19.9,KA	+2.32,+272.0,+20.5,JB	+6.46,+31.2,+20.5,JA	+2.22,+282.6,+25.6,DB	+2.08,+290.5,+25.2,HB	+2.12,+288.2,+25.3,LB	
1701695369.3947918	+6.52,+27.8,+19.9,DA	+2.32,+272.1,+20.5,KB	+6.46,+31.1,+20.4,HA	+2.20,+283.7,+25.6,FB	+2.09,+290.3,+25.2,OB	+2.10,+289.5,+25.3,HB	
1701695431.4039783	+6.52,+27.8,+19.9,DA	+2.32,+272.0,+20.5,JB	+6.46,+31.2,+20.4,KA	+2.22,+282.8,+25.5,IB	+2.09,+290.3,+25.2,OB	+2.12,+288.5,+25.3,KB	
1701695493.4114363	+6.52,+27.8,+19.9,DA	+2.32,+272.0,+20.5,JB	+6.46,+31.1,+20.4,HA	+2.22,+282.7,+25.6,EB	+2.08,+290.4,+25.2,IB	+2.12,+288.3,+25.4,JB	
1701695555.41996	+6.52,+27.9,+19.9,EA	+2.32,+272.0,+20.5,JB	+6.46,+31.2,+20.4,KA	+2.20,+283.8,+25.5,JB	+2.08,+290.6,+25.2,KB	+2.10,+289.5,+25.3,HB	
1701695617.431724	+6.52,+27.8,+19.8,EA	+2.32,+272.0,+20.5,JB	+6.46,+31.2,+20.4,KA	+2.20,+283.8,+25.6,IB	+2.08,+290.5,+25.2,HB	+2.10,+289.6,+25.3,KB	
1701695679.4398685	+6.52,+27.9,+19.8,DA	+2.32,+272.1,+20.5,KB	+6.46,+31.1,+20.4,HA	+2.20,+283.6,+25.6,GB	+2.07,+291.0,+25.2,CB	+2.11,+289.1,+25.4,JB	
1701695741.4464877	+6.52,+28.0,+19.8,BA	+2.32,+272.1,+20.5,KB	+6.47,+31.1,+20.4,IA	+2.21,+283.1,+25.6,AB	+2.09,+290.3,+25.2,OB	+2.11,+288.8,+25.4,BB	
1701695803.454825	+6.52,+28.0,+19.8,BA	+2.32,+272.0,+20.5,JB	+6.46,+31.2,+20.4,KA	+2.22,+282.7,+25.5,FB	+2.08,+290.7,+25.2,JB	+2.13,+287.9,+25.4,NB	
1701695865.4631588	+6.52,+27.9,+19.8,DA	+2.32,+272.0,+20.5,JB	+6.46,+31.1,+20.4,HA	+2.21,+283.1,+25.5,BB	+2.07,+291.0,+25.2,CB	+2.12,+288.4,+25.3,JB	
1701695927.4729536	+6.52,+27.9,+19.8,DA	+2.32,+272.0,+20.5,JB	+6.46,+31.2,+20.4,KA	+2.22,+282.9,+25.6,KB	+2.08,+290.9,+25.2,DB	+2.13,+288.0,+25.4,HB	
1701695989.4818585	+6.52,+27.8,+19.8,EA	+2.32,+272.0,+20.5,JB	+6.46,+31.1,+20.4,HA	+2.22,+282.7,+25.5,FB	+2.08,+290.7,+25.2,JB	+2.13,+287.9,+25.4,NB	
1701696051.4909883	+6.52,+27.9,+19.8,DA	+2.32,+272.0,+20.5,JB	+6.47,+31.0,+20.4,HA	+2.21,+283.2,+25.5,AB	+2.07,+291.1,+25.2,BB	+2.12,+288.5,+25.3,KB	
1701696113.4969585	+6.52,+27.8,+19.8,EA	+2.32,+272.1,+20.5,KB	+6.47,+31.0,+20.4,HA	+2.20,+283.6,+25.5,DB	+2.07,+291.1,+25.2,BB	+2.11,+288.8,+25.4,BB	
1701696175.5047486	+6.52,+27.8,+19.8,EA	+2.32,+272.0,+20.5,JB	+6.47,+31.0,+20.4,HA	+2.22,+282.7,+25.5,FB	+2.09,+290.3,+25.2,OB	+2.12,+288.3,+25.4,JB	
1701696237.5147986	+6.52,+27.8,+19.8,EA	+2.32,+272.0,+20.5,JB	+6.46,+31.1,+20.4,HA	+2.21,+283.4,+25.5,GB	+2.08,+290.7,+25.2,JB	+2.11,+289.1,+25.3,MB	
1701696299.523971	+6.52,+27.8,+19.8,EA	+2.32,+272.1,+20.5,KB	+6.47,+31.1,+20.4,IA	+2.22,+282.8,+25.6,JB	+2.08,+290.6,+25.2,KB	+2.13,+287.9,+25.3,IB	
1701696361.5336118	+6.52,+27.7,+19.8,JA	+2.32,+272.0,+20.5,JB	+6.47,+30.9,+20.4,@A	+2.22,+282.5,+25.5,DB	+2.09,+290.3,+25.2,OB	+2.12,+288.2,+25.4,KB	
1701696423.5407686	+6.52,+27.8,+19.8,EA	+2.32,+272.0,+20.5,JB	+6.47,+31.0,+20.4,HA	+2.22,+283.0,+25.6,CB	+2.08,+290.5,+25.2,HB	+2.11,+288.9,+25.4,CB	
1701696485.5495124	+6.52,+27.8,+19.8,EA	+2.32,+272.0,+20.5,JB	+6.47,+30.9,+20.4,@A	+2.21,+283.2,+25.6,BB	+2.08,+290.6,+25.2,KB	+2.11,+289.3,+25.3,OB	
1701696547.557511	+6.52,+27.8,+19.8,EA	+2.32,+272.0,+20.4,KB	+6.47,+31.0,+20.4,HA	+2.20,+283.6,+25.6,GB	+2.08,+290.9,+25.2,DB	+2.12,+288.6,+25.4,OB	
1701696609.5659764	+6.52,+27.7,+19.8,JA	+2.32,+272.0,+20.5,JB	+6.47,+30.9,+20.4,@A	+2.22,+283.0,+25.5,@B	+2.08,+290.6,+25.2,KB	+2.11,+289.0,+25.4,KB	
1701696671.5759485	+6.52,+27.8,+19.8,EA	+2.32,+272.0,+20.4,KB	+6.47,+31.0,+20.4,HA	+2.20,+283.8,+25.6,IB	+2.07,+291.1,+25.2,BB	+2.10,+289.4,+25.4,NB	
1701696917.1793566	+6.52,+27.7,+19.7,EA	+2.32,+272.0,+20.5,JB	+6.47,+31.1,+20.4,IA	+2.21,+283.3,+25.5,@B	+2.07,+290.9,+25.2,KB	+2.10,+289.3,+25.3,NB	
1701696979.1886652	+6.52,+27.8,+19.8,EA	+2.32,+272.0,+20.4,KB	+6.47,+31.0,+20.3,OA	+2.20,+283.8,+25.6,IB	+2.07,+291.0,+25.2,CB	+2.11,+289.2,+25.4,IB	
1701697041.198753	+6.52,+27.7,+19.7,EA	+2.32,+272.0,+20.4,KB	+6.47,+31.0,+20.4,HA	+2.21,+283.3,+25.6,CB	+2.08,+290.4,+25.2,IB	+2.13,+288.0,+25.4,HB	
1701697103.206381	+6.52,+27.8,+19.8,EA	+2.32,+272.0,+20.5,JB	+6.47,+31.0,+20.4,HA	+2.20,+283.6,+25.6,GB	+2.07,+291.1,+25.2,BB	+2.10,+289.4,+25.3,IB	
1701697165.2163312	+6.52,+27.7,+19.8,JA	+2.32,+272.0,+20.4,KB	+6.47,+31.0,+20.4,HA	+2.22,+282.9,+25.5,HB	+2.08,+290.3,+25.2,NB	+2.13,+287.9,+25.4,NB	
1701697227.2254333	+6.52,+27.8,+19.8,EA	+2.32,+272.0,+20.4,KB	+6.47,+31.0,+20.4,HA	+2.21,+283.4,+25.6,DB	+2.09,+290.3,+25.2,OB	+2.13,+287.9,+25.4,NB	
1701697289.2360187	+6.52,+27.7,+19.8,JA	+2.32,+272.0,+20.4,KB	+6.47,+30.9,+20.3,GA	+2.21,+283.2,+25.5,AB	+2.07,+291.1,+25.2,BB	+2.10,+289.4,+25.3,IB	
1701697351.2495215	+6.52,+27.7,+19.8,JA	+2.32,+272.0,+20.4,KB	+6.47,+31.0,+20.3,OA	+2.21,+283.5,+25.6,EB	+2.09,+290.3,+25.2,OB	+2.13,+288.0,+25.4,HB	
1701697413.2588654	+6.52,+27.7,+19.7,EA	+2.32,+271.9,+20.4,AB	+6.47,+31.0,+20.3,OA	+2.22,+282.6,+25.5,GB	+2.08,+290.9,+25.2,DB	+2.12,+288.6,+25.4,OB	
1701697475.266404	+6.52,+27.7,+19.7,EA	+2.32,+272.0,+20.4,KB	+6.47,+31.0,+20.3,OA	+2.22,+282.8,+25.6,JB	+2.08,+290.9,+25.2,DB	+2.12,+288.7,+25.3,IB	
1701697537.2756393	+6.52,+27.6,+19.7,DA	+2.32,+272.0,+20.4,KB	+6.47,+31.0,+20.3,OA	+2.21,+283.4,+25.6,DB	+2.09,+290.3,+25.2,OB	+2.13,+287.9,+25.4,NB	
1701697599.2827346	+6.52,+27.6,+19.7,DA	+2.32,+272.0,+20.4,KB	+6.47,+31.0,+20.3,OA	+2.20,+283.7,+25.6,FB	+2.08,+290.8,+25.2,EB	+2.11,+289.2,+25.4,IB	
1701697661.2923377	+6.52,+27.7,+19.7,EA	+2.32,+272.0,+20.4,KB	+6.47,+30.9,+20.3,GA	+2.21,+283.5,+25.6,EB	+2.09,+290.3,+25.2,OB	+2.13,+288.0,+25.4,HB	
1701697723.3018851	+6.52,+27.7,+19.7,EA	+2.32,+272.0,+20.4,KB	+6.47,+30.9,+20.3,GA	+2.22,+282.7,+25.6,EB	+2.07,+291.0,+25.2,CB	+2.11,+288.8,+25.4,BB	
1701697785.308961	+6.52,+27.7,+19.7,EA	+2.32,+272.0,+20.4,KB	+6.47,+31.0,+20.3,OA	+2.20,+283.8,+25.6,IB	+2.08,+290.4,+25.2,IB	+2.11,+288.8,+25.3,EB	
1701697847.3171184	+6.52,+27.7,+19.7,EA	+2.32,+272.0,+20.4,KB	+6.47,+30.9,+20.3,GA	+2.22,+282.7,+25.6,EB	+2.07,+291.1,+25.2,BB	+2.12,+288.6,+25.4,OB	
1701697909.3235698	+6.52,+27.8,+19.7,JA	+2.32,+272.0,+20.4,KB	+6.47,+30.9,+20.3,GA	+2.22,+282.8,+25.6,JB	+2.08,+290.6,+25.1,HB	+2.13,+287.9,+25.4,NB	
1701697971.3320312	+6.52,+27.8,+19.7,JA	+2.32,+272.0,+20.4,KB	+6.47,+30.9,+20.3,GA	+2.21,+283.3,+25.5,@B	+2.08,+290.6,+25.2,KB	+2.11,+289.2,+25.4,IB	
1701698033.3366935	+6.52,+27.8,+19.7,JA	+2.32,+272.0,+20.4,KB	+6.47,+30.8,+20.3,FA	+2.21,+283.1,+25.6,AB	+2.07,+291.0,+25.2,CB	+2.10,+289.4,+25.4,NB	
1701698095.3288991	+6.52,+27.8,+19.7,JA	+2.32,+272.0,+20.4,KB	+6.47,+30.9,+20.3,GA	+2.20,+283.7,+25.6,FB	+2.09,+290.3,+25.2,OB	+2.13,+288.0,+25.3,OB	
1701698157.3361232	+6.52,+27.8,+19.7,JA	+2.32,+272.0,+20.4,KB	+6.47,+30.8,+20.3,FA	+2.20,+283.9,+25.5,KB	+2.09,+290.2,+25.2,NB	+2.12,+288.5,+25.3,KB	
1701698219.3427062	+6.52,+27.8,+19.7,JA	+2.32,+272.0,+20.4,KB	+6.47,+30.9,+20.3,GA	+2.22,+282.7,+25.6,EB	+2.07,+291.0,+25.2,CB	+2.12,+288.2,+25.4,KB	
1701698281.3531325	+6.52,+27.8,+19.7,JA	+2.32,+272.0,+20.4,KB	+6.47,+30.9,+20.3,GA	+2.22,+282.9,+25.6,KB	+2.07,+290.9,+25.2,KB	+2.13,+288.0,+25.3,OB	
1701698343.3609686	+6.52,+27.8,+19.7,JA	+2.32,+271.9,+20.4,AB	+6.47,+30.9,+20.3,GA	+2.22,+282.6,+25.6,DB	+2.07,+291.1,+25.2,BB	+2.12,+288.6,+25.4,OB	
1701698405.3682284	+6.52,+27.7,+19.7,EA	+2.32,+272.0,+20.4,KB	+6.47,+30.9,+20.3,GA	+2.21,+283.0,+25.6,@B	+2.08,+290.6,+25.2,KB	+2.10,+289.3,+25.3,NB	
1701698467.3734791	+6.52,+27.7,+19.7,EA	+2.32,+272.0,+20.4,KB	+6.47,+30.8,+20.3,FA	+2.22,+282.9,+25.6,KB	+2.08,+290.9,+25.2,DB	+2.13,+288.0,+25.4,HB	
1701698529.3848977	+6.52,+27.7,+19.7,EA	+2.32,+272.0,+20.4,KB	+6.47,+30.9,+20.3,GA	+2.22,+282.9,+25.6,KB	+2.08,+290.9,+25.2,DB	+2.13,+288.0,+25.4,HB	
1701698591.3917139	+6.52,+27.7,+19.7,EA	+2.32,+272.0,+20.4,KB	+6.47,+30.9,+20.3,GA	+2.22,+283.0,+25.6,CB	+2.08,+290.6,+25.2,KB	+2.10,+289.4,+25.4,NB	
1701698653.4001338	+6.52,+27.6,+19.7,DA	+2.32,+272.0,+20.4,KB	+6.47,+30.9,+20.3,GA	+2.20,+283.9,+25.5,KB	+2.08,+290.4,+25.2,IB	+2.12,+288.2,+25.4,KB	
1701698715.410624	+6.52,+27.6,+19.7,DA	+2.32,+272.0,+20.4,KB	+6.47,+30.8,+20.3,FA	+2.22,+282.8,+25.6,JB	+2.08,+290.8,+25.2,EB	+2.11,+289.1,+25.4,JB	
1701698777.4188845	+6.52,+27.7,+19.7,EA	+2.32,+272.0,+20.4,KB	+6.47,+30.8,+20.3,FA	+2.22,+282.9,+25.6,KB	+2.08,+290.7,+25.2,JB	+2.11,+289.3,+25.3,OB	
1701698839.4280295	+6.52,+27.7,+19.7,EA	+2.32,+272.0,+20.4,KB	+6.47,+30.8,+20.3,FA	+2.22,+282.8,+25.6,JB	+2.08,+290.7,+25.2,JB	+2.11,+289.1,+25.4,JB	
1701698901.4371688	+6.52,+27.6,+19.7,DA	+2.32,+272.0,+20.4,KB	+6.47,+30.9,+20.3,GA	+2.20,+284.1,+25.6,GB	+2.08,+290.3,+25.2,NB	+2.12,+288.2,+25.3,LB	
1701698963.4469204	+6.52,+27.6,+19.7,DA	+2.32,+271.9,+20.4,AB	+6.47,+30.9,+20.3,GA	+2.22,+282.7,+25.6,EB	+2.08,+290.8,+25.2,EB	+2.12,+288.5,+25.3,KB	
1701699025.4556053	+6.52,+27.7,+19.7,EA	+2.32,+272.0,+20.4,KB	+6.47,+30.9,+20.3,GA	+2.20,+284.1,+25.6,GB	+2.09,+290.2,+25.2,NB	+2.12,+288.2,+25.4,KB	
1701699087.466032	+6.52,+27.7,+19.7,EA	+2.32,+272.0,+20.4,KB	+6.47,+31.0,+20.3,OA	+2.20,+283.6,+25.5,DB	+2.09,+290.2,+25.2,NB	+2.12,+288.7,+25.4,NB	
1701699149.4736946	+6.52,+27.6,+19.7,DA	+2.32,+272.0,+20.4,KB	+6.47,+30.9,+20.3,GA	+2.20,+284.0,+25.6,FB	+2.09,+290.3,+25.2,OB	+2.12,+288.3,+25.4,JB	
1701699211.4826024	+6.52,+27.6,+19.7,DA	+2.32,+272.0,+20.4,KB	+6.47,+30.9,+20.3,GA	+2.20,+284.0,+25.6,FB	+2.08,+290.8,+25.2,EB	+2.14,+287.3,+25.4,CB	
1701699273.4920495	+6.52,+27.6,+19.6,EA	+2.32,+271.9,+20.4,AB	+6.47,+30.9,+20.2,FA	+2.20,+284.1,+25.5,DB	+2.08,+290.6,+25.2,KB	+2.13,+287.8,+25.3,HB	
1701699335.5029855	+6.52,+27.5,+19.7,GA	+2.32,+272.0,+20.4,KB	+6.47,+30.8,+20.2,GA	+2.22,+282.8,+25.5,IB	+2.08,+290.8,+25.2,EB	+2.12,+288.2,+25.4,KB	
1701699397.5104938	+6.52,+27.5,+19.6,FA	+2.32,+272.0,+20.4,KB	+6.47,+30.9,+20.3,GA	+2.21,+283.5,+25.6,EB	+2.07,+291.1,+25.2,BB	+2.14,+287.3,+25.3,DB	
1701699459.5198286	+6.52,+27.5,+19.6,FA	+2.32,+272.0,+20.4,KB	+6.47,+30.9,+20.3,GA	+2.20,+284.0,+25.6,FB	+2.08,+290.7,+25.2,JB	+2.13,+287.8,+25.4,OB	
1701699521.5296333	+6.53,+27.5,+19.6,GA	+2.32,+272.0,+20.4,KB	+6.47,+30.9,+20.3,GA	+2.21,+283.3,+25.6,CB	+2.07,+291.1,+25.2,BB	+2.13,+287.6,+25.3,FB	
1701699583.5380769	+6.53,+27.5,+19.6,GA	+2.32,+272.0,+20.4,KB	+6.47,+30.9,+20.2,FA	+2.22,+282.8,+25.6,JB	+2.08,+290.7,+25.2,JB	+2.12,+288.3,+25.4,JB	
1701699645.5471427	+6.52,+27.6,+19.6,EA	+2.32,+272.0,+20.3,LB	+6.47,+30.8,+20.2,GA	+2.20,+283.9,+25.6,HB	+2.08,+290.6,+25.2,KB	+2.13,+288.0,+25.4,HB	
1701699707.5571349	+6.52,+27.6,+19.6,EA	+2.32,+271.9,+20.4,AB	+6.47,+30.8,+20.3,FA	+2.21,+283.2,+25.5,AB	+2.09,+290.3,+25.2,OB	+2.11,+288.8,+25.3,EB	
1701699769.566679	+6.53,+27.5,+19.6,GA	+2.32,+272.0,+20.4,KB	+6.47,+30.9,+20.3,GA	+2.20,+283.6,+25.6,GB	+2.08,+290.6,+25.2,KB	+2.12,+288.3,+25.4,JB	
1701699831.5755131	+6.52,+27.6,+19.6,EA	+2.32,+271.9,+20.3,FB	+6.47,+30.9,+20.3,GA	+2.22,+282.7,+25.6,EB	+2.08,+290.3,+25.2,NB	+2.12,+288.5,+25.4,LB	
1701699893.5839982	+6.53,+27.5,+19.6,GA	+2.32,+271.9,+20.3,FB	+6.47,+30.9,+20.3,GA	+2.21,+283.5,+25.6,EB	+2.08,+290.5,+25.2,HB	+2.12,+288.4,+25.3,JB	
1701699955.59301	+6.52,+27.6,+19.6,EA	+2.32,+272.0,+20.3,LB	+6.47,+30.9,+20.2,FA	+2.20,+283.7,+25.6,FB	+2.08,+290.6,+25.2,KB	+2.12,+288.2,+25.4,KB	
1701700017.601388	+6.52,+27.5,+19.6,FA	+2.32,+271.9,+20.4,AB	+6.47,+30.7,+20.2,HA	+2.22,+282.8,+25.6,JB	+2.08,+290.4,+25.2,IB	+2.12,+288.3,+25.4,JB	
1701700079.6106138	+6.53,+27.5,+19.6,GA	+2.32,+271.9,+20.3,FB	+6.47,+30.8,+20.3,FA	+2.22,+282.7,+25.6,EB	+2.09,+290.2,+25.2,NB	+2.12,+288.7,+25.4,NB	
1701700141.6204278	+6.53,+27.5,+19.6,GA	+2.32,+271.9,+20.3,FB	+6.47,+30.8,+20.2,GA	+2.20,+283.9,+25.5,KB	+2.07,+291.0,+25.2,CB	+2.14,+287.2,+25.4,BB	
1701700203.632129	+6.53,+27.5,+19.6,GA	+2.32,+271.9,+20.3,FB	+6.47,+30.8,+20.2,GA	+2.21,+283.1,+25.6,AB	+2.08,+290.3,+25.2,NB	+2.13,+287.9,+25.4,NB	
1701700265.6393397	+6.53,+27.5,+19.6,GA	+2.32,+271.9,+20.3,FB	+6.47,+30.8,+20.2,GA	+2.20,+284.0,+25.6,FB	+2.08,+290.9,+25.2,DB	+2.14,+287.1,+25.3,FB	
1701700327.6466393	+6.52,+27.6,+19.6,EA	+2.32,+271.9,+20.3,FB	+6.47,+30.8,+20.2,GA	+2.20,+283.9,+25.6,HB	+2.08,+290.9,+25.2,DB	+2.14,+287.1,+25.3,FB	
1701700389.6574352	+6.53,+27.5,+19.6,GA	+2.32,+271.9,+20.3,FB	+6.47,+30.8,+20.2,GA	+2.21,+283.1,+25.5,BB	+2.08,+290.5,+25.2,HB	+2.12,+288.6,+25.4,OB	
1701700451.665501	+6.53,+27.5,+19.6,GA	+2.32,+271.9,+20.3,FB	+6.47,+30.8,+20.2,GA	+2.21,+283.2,+25.6,BB	+2.09,+290.2,+25.2,NB	+2.13,+288.0,+25.4,HB	
1701700513.6763732	+6.53,+27.4,+19.6,FA	+2.32,+271.9,+20.3,FB	+6.47,+30.8,+20.2,GA	+2.22,+282.6,+25.6,DB	+2.09,+290.2,+25.2,NB	+2.11,+288.8,+25.4,BB	
1701700759.2308424	+6.53,+27.4,+19.6,FA	+2.32,+271.9,+20.3,FB	+6.47,+30.8,+20.2,GA	+2.21,+283.3,+25.6,CB	+2.09,+290.2,+25.2,NB	+2.13,+288.0,+25.4,HB	
1701700821.2404819	+6.53,+27.4,+19.6,FA	+2.32,+271.9,+20.3,FB	+6.47,+30.7,+20.2,HA	+2.22,+282.9,+25.6,KB	+2.09,+290.2,+25.2,NB	+2.12,+288.5,+25.4,LB	
1701700883.2484624	+6.53,+27.4,+19.6,FA	+2.32,+271.9,+20.3,FB	+6.47,+30.7,+20.2,HA	+2.21,+283.3,+25.6,CB	+2.09,+290.2,+25.2,NB	+2.13,+287.9,+25.4,NB	
1701700945.25853	+6.53,+27.4,+19.6,FA	+2.32,+271.9,+20.3,FB	+6.47,+30.8,+20.2,GA	+2.20,+283.9,+25.5,KB	+2.08,+290.9,+25.2,DB	+2.14,+287.3,+25.4,CB	
1701701007.2673216	+6.53,+27.4,+19.6,FA	+2.32,+271.9,+20.3,FB	+6.47,+30.7,+20.2,HA	+2.21,+283.3,+25.5,@B	+2.07,+291.0,+25.2,CB	+2.13,+288.1,+25.3,NB	
1701701069.27476	+6.53,+27.4,+19.6,FA	+2.32,+271.9,+20.3,FB	+6.47,+30.8,+20.2,GA	+2.20,+284.0,+25.6,FB	+2.08,+290.6,+25.2,KB	+2.14,+287.2,+25.4,BB	
1701701131.2855701	+6.53,+27.3,+19.6,AA	+2.32,+271.9,+20.3,FB	+6.47,+30.8,+20.2,GA	+2.22,+282.8,+25.6,JB	+2.08,+290.8,+25.2,EB	+2.11,+288.8,+25.3,EB	
1701701193.2947118	+6.53,+27.4,+19.6,FA	+2.32,+271.9,+20.3,FB	+6.47,+30.8,+20.2,GA	+2.20,+283.7,+25.6,FB	+2.09,+290.2,+25.2,NB	+2.13,+287.6,+25.4,AB	
1701701255.3079388	+6.53,+27.4,+19.6,FA	+2.32,+271.9,+20.3,FB	+6.47,+30.7,+20.2,HA	+2.20,+284.0,+25.6,FB	+2.08,+290.7,+25.2,JB	+2.14,+287.2,+25.3,EB	
1701701317.3161793	+6.53,+27.3,+19.6,AA	+2.32,+271.9,+20.3,FB	+6.47,+30.8,+20.2,GA	+2.22,+282.8,+25.6,JB	+2.08,+290.5,+25.2,HB	+2.12,+288.6,+25.4,OB	
1701701379.3252516	+6.53,+27.3,+19.6,AA	+2.32,+271.9,+20.3,FB	+6.47,+30.8,+20.2,GA	+2.22,+282.7,+25.6,EB	+2.08,+290.7,+25.2,JB	+2.11,+288.8,+25.4,BB	
1701701441.333146	+6.53,+27.4,+19.5,EA	+2.32,+271.9,+20.3,FB	+6.47,+30.7,+20.2,HA	+2.20,+283.9,+25.6,HB	+2.09,+290.3,+25.2,OB	+2.14,+287.2,+25.4,BB	
1701701503.3425338	+6.53,+27.3,+19.6,AA	+2.32,+271.9,+20.3,FB	+6.47,+30.7,+20.2,HA	+2.20,+283.8,+25.6,IB	+2.09,+290.2,+25.2,NB	+2.13,+287.7,+25.4,@B	
1701701565.3527505	+6.53,+27.3,+19.6,AA	+2.32,+271.9,+20.3,FB	+6.47,+30.8,+20.2,GA	+2.20,+284.0,+25.5,EB	+2.08,+290.5,+25.2,HB	+2.14,+287.1,+25.3,FB	
1701701627.3624294	+6.53,+27.2,+19.5,CA	+2.32,+271.9,+20.3,FB	+6.47,+30.8,+20.2,GA	+2.20,+283.8,+25.6,IB	+2.09,+290.3,+25.2,OB	+2.13,+287.7,+25.4,@B	
1701701689.3711224	+6.53,+27.2,+19.5,CA	+2.32,+271.9,+20.3,FB	+6.47,+30.7,+20.1,KA	+2.22,+282.9,+25.6,KB	+2.07,+291.0,+25.2,CB	+2.12,+288.2,+25.3,LB	
1701701751.3799322	+6.53,+27.2,+19.5,CA	+2.32,+271.9,+20.3,FB	+6.47,+30.7,+20.1,KA	+2.20,+283.7,+25.5,EB	+2.08,+290.5,+25.2,HB	+2.14,+287.3,+25.4,CB	
1701701813.3881555	+6.53,+27.2,+19.5,CA	+2.32,+271.9,+20.3,FB	+6.47,+30.7,+20.2,HA	+2.22,+282.9,+25.5,HB	+2.07,+291.0,+25.2,CB	+2.12,+288.3,+25.4,JB	
1701701875.4001117	+6.53,+27.2,+19.5,CA	+2.32,+271.9,+20.2,GB	+6.47,+30.8,+20.2,GA	+2.20,+283.8,+25.5,JB	+2.09,+290.2,+25.2,NB	+2.13,+287.6,+25.4,AB	
1701701937.408671	+6.53,+27.2,+19.5,CA	+2.32,+271.8,+20.3,GB	+6.47,+30.8,+20.2,GA	+2.21,+283.2,+25.6,BB	+2.08,+290.7,+25.2,JB	+2.13,+287.8,+25.4,OB	
1701701999.418974	+6.53,+27.3,+19.5,BA	+2.32,+271.9,+20.3,FB	+6.47,+30.8,+20.2,GA	+2.20,+283.9,+25.6,HB	+2.09,+290.1,+25.2,MB	+2.14,+287.2,+25.4,BB	
1701702061.4258945	+6.53,+27.3,+19.5,BA	+2.32,+271.8,+20.3,GB	+6.47,+30.8,+20.2,GA	+2.22,+282.8,+25.6,JB	+2.08,+290.9,+25.2,DB	+2.11,+288.7,+25.3,JB	
1701702123.4342208	+6.53,+27.3,+19.5,BA	+2.32,+271.8,+20.2,FB	+6.47,+30.8,+20.2,GA	+2.22,+282.7,+25.6,EB	+2.08,+290.8,+25.2,EB	+2.11,+288.7,+25.3,JB	
1701702185.437716	+6.53,+27.3,+19.5,BA	+2.32,+271.8,+20.3,GB	+6.47,+30.9,+20.1,EA	+2.21,+283.3,+25.5,@B	+2.08,+290.4,+25.2,IB	+2.14,+287.4,+25.3,CB	
1701702247.444134	+6.53,+27.3,+19.5,BA	+2.32,+271.9,+20.2,GB	+6.47,+30.7,+20.1,KA	+2.21,+283.0,+25.6,@B	+2.08,+290.8,+25.2,EB	+2.12,+288.6,+25.4,OB	
1701702309.4557908	+6.53,+27.3,+19.5,BA	+2.32,+271.8,+20.2,FB	+6.47,+30.8,+20.1,DA	+2.20,+283.6,+25.6,GB	+2.09,+290.2,+25.2,NB	+2.14,+287.2,+25.4,BB	
1701702371.4658763	+6.53,+27.3,+19.5,BA	+2.32,+271.9,+20.2,GB	+6.47,+30.8,+20.1,DA	+2.21,+283.2,+25.5,AB	+2.08,+290.4,+25.2,IB	+2.13,+287.6,+25.3,FB	
1701702433.4745202	+6.53,+27.2,+19.5,CA	+2.32,+271.9,+20.2,GB	+6.47,+30.8,+20.1,DA	+2.21,+283.4,+25.6,DB	+2.08,+290.7,+25.2,JB	+2.12,+288.2,+25.4,KB	
1701702495.483118	+6.53,+27.2,+19.5,CA	+2.32,+271.8,+20.2,FB	+6.47,+30.8,+20.1,DA	+2.20,+283.8,+25.5,JB	+2.09,+290.2,+25.2,NB	+2.14,+287.2,+25.4,BB	
1701702557.4913108	+6.53,+27.2,+19.5,CA	+2.32,+271.8,+20.2,FB	+6.47,+30.8,+20.1,DA	+2.22,+282.7,+25.5,FB	+2.08,+290.7,+25.2,JB	+2.12,+288.5,+25.4,LB	
1701702619.4981103	+6.53,+27.3,+19.5,BA	+2.32,+271.8,+20.2,FB	+6.47,+30.8,+20.1,DA	+2.22,+282.7,+25.5,FB	+2.09,+290.3,+25.2,OB	+2.13,+288.1,+25.4,IB	
1701702681.5072896	+6.53,+27.3,+19.5,BA	+2.32,+271.8,+20.2,FB	+6.47,+30.8,+20.1,DA	+2.22,+283.0,+25.5,@B	+2.09,+290.1,+25.2,MB	+2.13,+287.7,+25.4,@B	
1701702743.516021	+6.53,+27.3,+19.5,BA	+2.32,+271.8,+20.2,FB	+6.47,+30.8,+20.1,DA	+2.21,+283.1,+25.5,BB	+2.08,+290.7,+25.2,JB	+2.12,+288.5,+25.4,LB	
1701702805.5259626	+6.53,+27.2,+19.5,CA	+2.32,+271.8,+20.2,FB	+6.47,+30.8,+20.1,DA	+2.20,+283.7,+25.5,EB	+2.08,+290.5,+25.2,HB	+2.13,+287.9,+25.4,NB	
1701702867.5347261	+6.53,+27.3,+19.5,BA	+2.32,+271.8,+20.2,FB	+6.47,+30.7,+20.1,KA	+2.20,+283.8,+25.5,JB	+2.08,+290.4,+25.2,IB	+2.13,+287.6,+25.4,AB	
1701702929.5424788	+6.53,+27.2,+19.5,CA	+2.32,+271.8,+20.2,FB	+6.47,+30.9,+20.1,EA	+2.22,+282.9,+25.5,HB	+2.09,+290.1,+25.2,MB	+2.13,+287.7,+25.4,@B	
1701702991.55208	+6.53,+27.2,+19.5,CA	+2.32,+271.8,+20.2,FB	+6.47,+30.8,+20.1,DA	+2.22,+282.9,+25.5,HB	+2.09,+289.9,+25.2,MB	+2.13,+287.7,+25.3,GB	
1701703053.5606399	+6.53,+27.2,+19.4,BA	+2.32,+271.8,+20.2,FB	+6.47,+30.8,+20.1,DA	+2.21,+283.4,+25.6,DB	+2.09,+289.9,+25.2,MB	+2.14,+287.2,+25.3,EB	
1701703115.5697587	+6.53,+27.2,+19.5,CA	+2.32,+271.8,+20.2,FB	+6.47,+30.8,+20.1,DA	+2.20,+283.8,+25.5,JB	+2.08,+290.6,+25.2,KB	+2.13,+288.0,+25.4,HB	
1701703177.5792296	+6.53,+27.3,+19.5,BA	+2.32,+271.8,+20.2,FB	+6.47,+30.8,+20.1,DA	+2.21,+283.3,+25.5,@B	+2.08,+290.8,+25.2,EB	+2.12,+288.6,+25.4,OB	
1701703239.5878782	+6.53,+27.2,+19.5,CA	+2.32,+271.8,+20.2,FB	+6.47,+30.7,+20.1,KA	+2.22,+282.6,+25.6,DB	+2.09,+290.0,+25.2,LB	+2.13,+287.8,+25.3,HB	
1701703301.5960555	+6.53,+27.2,+19.5,CA	+2.32,+271.8,+20.2,FB	+6.47,+30.8,+20.1,DA	+2.20,+283.6,+25.5,DB	+2.08,+290.7,+25.2,JB	+2.12,+288.2,+25.4,KB	
1701703363.6052318	+6.53,+27.2,+19.5,CA	+2.32,+271.8,+20.2,FB	+6.47,+30.7,+20.1,KA	+2.21,+283.3,+25.5,@B	+2.09,+290.1,+25.2,MB	+2.14,+287.2,+25.4,BB	
1701703425.6146448	+6.53,+27.2,+19.5,CA	+2.32,+271.8,+20.2,FB	+6.47,+30.8,+20.1,DA	+2.22,+282.7,+25.6,EB	+2.08,+290.4,+25.2,IB	+2.12,+288.7,+25.4,NB	
1701703487.6252842	+6.53,+27.2,+19.5,CA	+2.32,+271.8,+20.2,FB	+6.47,+30.7,+20.1,KA	+2.20,+283.7,+25.5,EB	+2.08,+290.4,+25.2,IB	+2.14,+287.3,+25.4,CB	
1701703549.6359026	+6.53,+27.2,+19.5,CA	+2.32,+271.8,+20.2,FB	+6.47,+30.8,+20.1,DA	+2.21,+283.4,+25.5,GB	+2.08,+290.7,+25.2,JB	+2.12,+288.4,+25.4,MB	
1701703611.6449802	+6.53,+27.2,+19.4,BA	+2.32,+271.8,+20.2,FB	+6.47,+30.8,+20.1,DA	+2.22,+282.5,+25.5,DB	+2.09,+290.0,+25.2,LB	+2.12,+288.3,+25.4,JB	
1701703673.6521778	+6.53,+27.2,+19.4,BA	+2.32,+271.8,+20.2,FB	+6.47,+30.7,+20.1,KA	+2.20,+283.7,+25.6,FB	+2.08,+290.6,+25.2,KB	+2.13,+287.6,+25.4,AB	
1701703735.6642928	+6.53,+27.1,+19.4,AA	+2.32,+271.8,+20.2,FB	+6.47,+30.7,+20.1,KA	+2.22,+282.5,+25.6,GB	+2.09,+290.0,+25.2,LB	+2.12,+288.3,+25.4,JB	
1701703797.6741648	+6.53,+27.2,+19.4,BA	+2.32,+271.8,+20.2,FB	+6.47,+30.7,+20.1,KA	+2.22,+282.8,+25.6,JB	+2.09,+290.3,+25.2,OB	+2.12,+288.6,+25.4,OB	
1701703859.6837754	+6.53,+27.1,+19.5,@A	+2.32,+271.8,+20.2,FB	+6.47,+30.8,+20.1,DA	+2.21,+283.0,+25.5,CB	+2.09,+290.3,+25.2,OB	+2.14,+287.1,+25.4,AB	
1701703921.6938462	+6.53,+27.1,+19.4,AA	+2.32,+271.8,+20.2,FB	+6.47,+30.7,+20.1,KA	+2.22,+282.8,+25.5,IB	+2.09,+290.1,+25.2,MB	+2.12,+288.7,+25.4,NB	
1701703983.703182	+6.53,+27.1,+19.4,AA	+2.32,+271.7,+20.2,IB	+6.47,+30.7,+20.1,KA	+2.21,+283.0,+25.6,@B	+2.09,+290.3,+25.2,OB	+2.12,+288.7,+25.4,NB	
1701704045.7112186	+6.53,+27.1,+19.4,AA	+2.32,+271.8,+20.2,FB	+6.47,+30.7,+20.1,KA	+2.21,+283.1,+25.5,BB	+2.08,+290.4,+25.2,IB	+2.14,+287.0,+25.3,GB	
1701704107.7189727	+6.53,+27.1,+19.5,@A	+2.32,+271.8,+20.2,FB	+6.47,+30.7,+20.1,KA	+2.22,+282.6,+25.6,DB	+2.09,+290.1,+25.2,MB	+2.14,+287.4,+25.4,DB	
1701704169.7276893	+6.53,+27.1,+19.4,AA	+2.32,+271.8,+20.2,FB	+6.47,+30.6,+20.1,JA	+2.21,+283.2,+25.5,AB	+2.08,+290.7,+25.2,JB	+2.13,+287.6,+25.3,FB	
1701704231.7363932	+6.53,+27.0,+19.4,@A	+2.32,+271.8,+20.2,FB	+6.47,+30.7,+20.1,KA	+2.22,+282.9,+25.6,KB	+2.09,+290.2,+25.2,NB	+2.12,+288.7,+25.4,NB	
1701704293.7461565	+6.53,+27.0,+19.4,@A	+2.32,+271.7,+20.2,IB	+6.47,+30.6,+20.0,KA	+2.22,+282.8,+25.6,JB	+2.08,+290.4,+25.2,IB	+2.14,+287.1,+25.4,AB	
1701704355.756489	+6.53,+27.1,+19.4,AA	+2.32,+271.8,+20.2,FB	+6.47,+30.7,+20.1,KA	+2.21,+283.3,+25.6,CB	+2.08,+290.6,+25.2,KB	+2.14,+287.2,+25.3,EB	
1701704601.3427474	+6.53,+27.0,+19.4,@A	+2.32,+271.8,+20.2,FB	+6.47,+30.6,+20.1,JA	+2.21,+283.5,+25.6,EB	+2.09,+290.1,+25.2,MB	+2.14,+287.2,+25.3,EB	
1701704663.352164	+6.53,+27.0,+19.4,@A	+2.32,+271.7,+20.2,IB	+6.47,+30.6,+20.1,JA	+2.21,+283.5,+25.6,EB	+2.08,+290.5,+25.2,HB	+2.13,+288.1,+25.4,IB	
1701704725.3609774	+6.53,+27.1,+19.4,AA	+2.32,+271.7,+20.2,IB	+6.47,+30.6,+20.0,KA	+2.22,+282.5,+25.5,DB	+2.09,+290.0,+25.2,LB	+2.13,+287.7,+25.4,@B	
1701704787.3716311	+6.53,+27.0,+19.4,@A	+2.32,+271.8,+20.2,FB	+6.47,+30.6,+20.0,KA	+2.22,+282.8,+25.5,IB	+2.09,+289.8,+25.2,LB	+2.14,+287.4,+25.4,DB	
1701704849.3782177	+6.53,+27.0,+19.4,@A	+2.32,+271.8,+20.2,FB	+6.47,+30.7,+20.0,JA	+2.22,+282.7,+25.6,EB	+2.08,+290.6,+25.2,KB	+2.12,+288.7,+25.3,IB	
1701704911.3866262	+6.53,+27.0,+19.4,@A	+2.32,+271.8,+20.2,FB	+6.47,+30.7,+20.0,JA	+2.22,+282.5,+25.5,DB	+2.09,+290.1,+25.2,MB	+2.13,+287.6,+25.4,AB	
1701704973.3932462	+6.53,+27.0,+19.4,@A	+2.32,+271.7,+20.2,IB	+6.47,+30.6,+20.0,KA	+2.21,+283.3,+25.6,CB	+2.09,+289.9,+25.2,MB	+2.14,+287.0,+25.4,@B	
1701705035.4005253	+6.53,+27.0,+19.4,@A	+2.32,+271.7,+20.2,IB	+6.47,+30.6,+20.0,KA	+2.22,+282.6,+25.5,GB	+2.09,+290.1,+25.2,MB	+2.13,+287.7,+25.4,@B	
1701705097.4091864	+6.53,+27.0,+19.4,@A	+2.32,+271.7,+20.2,IB	+6.47,+30.7,+20.0,JA	+2.21,+283.4,+25.6,DB	+2.09,+289.9,+25.2,MB	+2.14,+287.0,+25.3,GB	
1701705159.4179995	+6.53,+27.0,+19.4,@A	+2.32,+271.7,+20.2,IB	+6.47,+30.7,+20.0,JA	+2.20,+283.7,+25.6,FB	+2.09,+290.1,+25.2,MB	+2.14,+287.5,+25.3,BB	
1701705221.4292471	+6.53,+27.1,+19.4,AA	+2.32,+271.7,+20.2,IB	+6.47,+30.6,+20.0,KA	+2.20,+283.7,+25.5,EB	+2.09,+290.0,+25.2,LB	+2.14,+287.4,+25.3,CB	
1701705283.4385056	+6.53,+27.0,+19.4,@A	+2.32,+271.7,+20.2,IB	+6.47,+30.6,+20.0,KA	+2.21,+283.6,+25.6,FB	+2.09,+290.2,+25.2,NB	+2.13,+287.8,+25.4,OB	
1701705345.4478807	+6.53,+27.0,+19.4,@A	+2.32,+271.7,+20.2,IB	+6.47,+30.6,+20.0,KA	+2.22,+283.0,+25.6,CB	+2.08,+290.5,+25.2,HB	+2.12,+288.5,+25.4,LB	
1701705407.4567647	+6.53,+27.0,+19.4,@A	+2.32,+271.7,+20.1,JB	+6.47,+30.5,+20.0,HA	+2.21,+283.4,+25.5,GB	+2.09,+289.8,+25.2,LB	+2.15,+287.0,+25.4,AB	
1701705469.466146	+6.53,+27.1,+19.4,AA	+2.32,+271.7,+20.1,JB	+6.47,+30.6,+20.0,KA	+2.22,+282.9,+25.5,HB	+2.09,+290.1,+25.2,MB	+2.14,+287.3,+25.4,CB	
1701705531.4767573	+6.53,+27.0,+19.4,@A	+2.32,+271.7,+20.1,JB	+6.47,+30.6,+20.0,KA	+2.20,+283.8,+25.5,JB	+2.10,+289.7,+25.2,KB	+2.14,+287.1,+25.4,AB	
1701705593.4833853	+6.53,+27.1,+19.4,AA	+2.32,+271.7,+20.1,JB	+6.47,+30.6,+20.0,KA	+2.22,+282.7,+25.5,FB	+2.09,+290.2,+25.2,NB	+2.13,+287.7,+25.4,@B	
1701705655.4927216	+6.53,+27.0,+19.4,@A	+2.32,+271.7,+20.1,JB	+6.47,+30.7,+20.0,JA	+2.22,+282.8,+25.5,IB	+2.09,+290.3,+25.2,OB	+2.12,+288.5,+25.4,LB	
1701705717.5007534	+6.53,+27.0,+19.4,@A	+2.32,+271.7,+20.1,JB	+6.47,+30.6,+20.0,KA	+2.20,+283.6,+25.6,GB	+2.10,+289.8,+25.2,DB	+2.13,+287.5,+25.3,EB	
1701705779.5100327	+6.53,+27.0,+19.4,@A	+2.32,+271.7,+20.1,JB	+6.47,+30.6,+20.0,KA	+2.20,+283.6,+25.6,GB	+2.10,+289.7,+25.2,KB	+2.14,+287.3,+25.4,CB	
1701705841.5178008	+6.53,+27.0,+19.4,@A	+2.32,+271.7,+20.1,JB	+6.47,+30.7,+20.0,JA	+2.20,+283.6,+25.6,GB	+2.10,+289.7,+25.2,KB	+2.14,+287.2,+25.4,BB	
1701705903.5263968	+6.53,+27.0,+19.4,@A	+2.32,+271.7,+20.1,JB	+6.47,+30.6,+20.0,KA	+2.21,+283.1,+25.6,AB	+2.09,+290.0,+25.2,LB	+2.13,+288.0,+25.4,HB	
1701705965.5328622	+6.53,+27.1,+19.4,AA	+2.32,+271.7,+20.2,IB	+6.47,+30.6,+20.0,KA	+2.21,+283.2,+25.6,BB	+2.09,+289.9,+25.2,MB	+2.13,+288.0,+25.3,OB	
1701706027.5390496	+6.53,+27.0,+19.4,@A	+2.32,+271.7,+20.1,JB	+6.47,+30.6,+20.0,KA	+2.21,+283.2,+25.5,AB	+2.10,+289.8,+25.2,DB	+2.13,+287.8,+25.4,OB	
1701706089.5506253	+6.53,+27.1,+19.4,AA	+2.32,+271.7,+20.1,JB	+6.47,+30.7,+20.0,JA	+2.21,+283.3,+25.6,CB	+2.09,+290.1,+25.2,MB	+2.14,+287.2,+25.4,BB	
1701706151.561196	+6.53,+27.1,+19.4,AA	+2.32,+271.7,+20.1,JB	+6.47,+30.7,+20.0,JA	+2.21,+283.1,+25.5,BB	+2.09,+290.2,+25.2,NB	+2.14,+287.2,+25.4,BB	
1701706213.571233	+6.53,+27.1,+19.4,AA	+2.32,+271.7,+20.1,JB	+6.47,+30.7,+20.0,JA	+2.22,+282.4,+25.6,FB	+2.08,+290.4,+25.2,IB	+2.12,+288.6,+25.4,OB	
1701706275.5778453	+6.53,+27.1,+19.4,AA	+2.32,+271.7,+20.1,JB	+6.47,+30.7,+20.0,JA	+2.22,+282.5,+25.5,DB	+2.09,+290.2,+25.2,NB	+2.12,+288.6,+25.4,OB	
1701706337.5879211	+6.53,+27.1,+19.4,AA	+2.32,+271.7,+20.1,JB	+6.47,+30.6,+20.0,KA	+2.21,+283.4,+25.5,GB	+2.09,+290.1,+25.2,MB	+2.14,+287.1,+25.3,FB	
1701706399.5983608	+6.53,+27.1,+19.4,AA	+2.32,+271.6,+20.1,KB	+6.47,+30.6,+20.0,KA	+2.21,+283.3,+25.6,CB	+2.10,+289.6,+25.2,JB	+2.14,+287.6,+25.4,FB	
1701706461.6069508	+6.53,+27.0,+19.4,@A	+2.32,+271.7,+20.1,JB	+6.47,+30.7,+20.0,JA	+2.21,+283.3,+25.5,@B	+2.10,+289.5,+25.2,IB	+2.14,+287.5,+25.4,EB	
1701706523.6147356	+6.53,+27.0,+19.4,@A	+2.32,+271.7,+20.1,JB	+6.47,+30.6,+20.0,KA	+2.22,+282.9,+25.5,HB	+2.08,+290.5,+25.2,HB	+2.13,+287.8,+25.4,OB	
1701706585.6240852	+6.53,+27.0,+19.3,GA	+2.32,+271.7,+20.1,JB	+6.47,+30.7,+20.0,JA	+2.20,+283.7,+25.5,EB	+2.09,+289.8,+25.2,LB	+2.14,+287.1,+25.4,AB	
1701706647.636456	+6.53,+27.0,+19.3,GA	+2.32,+271.7,+20.1,JB	+6.47,+30.5,+20.0,HA	+2.22,+282.4,+25.5,EB	+2.09,+290.0,+25.2,LB	+2.12,+288.7,+25.4,NB	
1701706709.643719	+6.53,+27.0,+19.3,GA	+2.32,+271.7,+20.1,JB	+6.47,+30.5,+20.0,HA	+2.22,+282.5,+25.5,DB	+2.09,+289.8,+25.2,LB	+2.12,+288.6,+25.4,OB	
1701706771.6527076	+6.53,+27.0,+19.3,GA	+2.32,+271.7,+20.1,JB	+6.47,+30.6,+20.0,KA	+2.21,+283.6,+25.5,EB	+2.09,+289.9,+25.2,MB	+2.14,+287.2,+25.4,BB	
1701706833.6630595	+6.53,+27.0,+19.3,GA	+2.32,+271.7,+20.1,JB	+6.47,+30.5,+20.0,HA	+2.22,+282.6,+25.5,GB	+2.10,+289.7,+25.2,KB	+2.12,+288.4,+25.4,MB	
1701706895.6742692	+6.53,+27.0,+19.3,GA	+2.32,+271.7,+20.1,JB	+6.47,+30.6,+20.0,KA	+2.21,+283.2,+25.5,AB	+2.08,+290.6,+25.2,KB	+2.14,+287.5,+25.4,EB	
1701706957.6846983	+6.53,+27.0,+19.3,GA	+2.32,+271.7,+20.1,JB	+6.47,+30.6,+20.0,KA	+2.22,+282.7,+25.6,EB	+2.10,+289.5,+25.2,IB	+2.12,+288.2,+25.4,KB	
1701707019.6941545	+6.53,+27.0,+19.3,GA	+2.32,+271.7,+20.1,JB	+6.47,+30.6,+20.0,KA	+2.22,+282.6,+25.6,DB	+2.09,+290.0,+25.2,LB	+2.12,+288.3,+25.4,JB	
1701707081.7040431	+6.54,+26.9,+19.3,HA	+2.32,+271.6,+20.1,KB	+6.47,+30.6,+20.0,KA	+2.22,+282.5,+25.5,DB	+2.09,+289.9,+25.2,MB	+2.12,+288.4,+25.4,MB	
1701707143.712729	+6.54,+26.9,+19.3,HA	+2.32,+271.6,+20.1,KB	+6.47,+30.6,+20.0,KA	+2.22,+282.7,+25.5,FB	+2.10,+289.5,+25.2,IB	+2.13,+288.1,+25.4,IB	
1701707205.7225595	+6.53,+27.0,+19.3,GA	+2.32,+271.6,+20.1,KB	+6.47,+30.5,+20.0,HA	+2.23,+282.3,+25.6,@B	+2.10,+289.6,+25.2,JB	+2.12,+288.7,+25.4,NB	
1701707267.7321672	+6.53,+27.0,+19.3,GA	+2.32,+271.6,+20.1,KB	+6.47,+30.6,+19.9,HA	+2.21,+283.4,+25.5,GB	+2.09,+290.1,+25.2,MB	+2.14,+287.1,+25.4,AB	
1701707329.7403572	+6.53,+27.0,+19.3,GA	+2.32,+271.6,+20.1,KB	+6.47,+30.5,+20.0,HA	+2.23,+282.3,+25.5,CB	+2.10,+289.6,+25.2,JB	+2.12,+288.6,+25.4,OB	
1701707391.75093	+6.53,+27.0,+19.3,GA	+2.32,+271.6,+20.1,KB	+6.47,+30.5,+20.0,HA	+2.22,+282.8,+25.5,IB	+2.09,+290.0,+25.2,LB	+2.12,+288.3,+25.4,JB	
1701707453.7581718	+6.53,+27.0,+19.3,GA	+2.32,+271.6,+20.1,KB	+6.47,+30.6,+20.0,KA	+2.21,+283.3,+25.5,@B	+2.09,+290.2,+25.2,NB	+2.14,+287.5,+25.4,EB	
1701707515.7684875	+6.53,+27.0,+19.3,GA	+2.32,+271.6,+20.1,KB	+6.47,+30.5,+20.0,HA	+2.21,+283.1,+25.6,AB	+2.09,+289.9,+25.2,MB	+2.14,+287.3,+25.4,CB	
1701707577.7771466	+6.53,+27.0,+19.3,GA	+2.32,+271.7,+20.1,JB	+6.47,+30.5,+20.0,HA	+2.21,+283.2,+25.5,AB	+2.09,+290.1,+25.2,MB	+2.14,+287.0,+25.4,@B	
1701707639.7869272	+6.53,+27.0,+19.3,GA	+2.32,+271.6,+20.1,KB	+6.47,+30.5,+20.0,HA	+2.23,+282.3,+25.5,CB	+2.10,+289.4,+25.2,HB	+2.12,+288.6,+25.3,HB	
1701707701.7949798	+6.53,+27.0,+19.3,GA	+2.32,+271.6,+20.1,KB	+6.48,+30.4,+20.0,FA	+2.21,+283.2,+25.6,BB	+2.09,+290.1,+25.2,MB	+2.14,+287.0,+25.4,@B	
1701707763.804054	+6.53,+27.0,+19.3,GA	+2.32,+271.6,+20.1,KB	+6.47,+30.6,+20.0,KA	+2.22,+282.4,+25.5,EB	+2.10,+289.6,+25.2,JB	+2.13,+288.0,+25.4,HB	
1701707825.8112087	+6.53,+26.9,+19.3,OA	+2.32,+271.6,+20.1,KB	+6.47,+30.5,+20.0,HA	+2.22,+282.8,+25.5,IB	+2.10,+289.7,+25.2,KB	+2.13,+288.2,+25.4,JB	
1701707887.8187726	+6.53,+27.0,+19.3,GA	+2.32,+271.6,+20.1,KB	+6.47,+30.5,+20.0,HA	+2.21,+283.2,+25.6,BB	+2.09,+289.9,+25.2,MB	+2.13,+287.7,+25.4,@B	
1701707949.8274245	+6.53,+27.0,+19.3,GA	+2.32,+271.6,+20.1,KB	+6.47,+30.5,+20.0,HA	+2.23,+282.3,+25.5,CB	+2.10,+289.5,+25.2,IB	+2.12,+288.5,+25.4,LB	
1701708011.8357086	+6.53,+27.0,+19.3,GA	+2.32,+271.6,+20.1,KB	+6.47,+30.5,+20.0,HA	+2.21,+283.3,+25.5,@B	+2.09,+289.8,+25.2,LB	+2.13,+287.8,+25.4,OB	
1701708073.844438	+6.53,+27.0,+19.3,GA	+2.32,+271.6,+20.1,KB	+6.47,+30.5,+20.0,HA	+2.21,+283.1,+25.6,AB	+2.10,+289.6,+25.2,JB	+2.13,+288.0,+25.3,OB	
1701708135.852831	+6.53,+27.0,+19.3,GA	+2.32,+271.6,+20.0,JB	+6.47,+30.5,+19.9,KA	+2.21,+283.3,+25.5,@B	+2.09,+290.2,+25.2,NB	+2.15,+287.0,+25.4,AB	
1701708197.862324	+6.53,+27.0,+19.3,GA	+2.32,+271.6,+20.1,KB	+6.47,+30.6,+20.0,KA	+2.22,+283.0,+25.5,@B	+2.10,+289.5,+25.2,IB	+2.12,+288.1,+25.3,OB	
1701708443.4306424	+6.53,+26.9,+19.3,OA	+2.32,+271.6,+20.1,KB	+6.47,+30.5,+20.0,HA	+2.22,+282.6,+25.6,DB	+2.10,+289.5,+25.2,IB	+2.14,+287.0,+25.4,@B	
1701708505.4408305	+6.53,+27.0,+19.3,GA	+2.32,+271.6,+20.1,KB	+6.47,+30.5,+19.9,KA	+2.23,+282.2,+25.6,AB	+2.09,+289.7,+25.2,CB	+2.14,+287.3,+25.4,CB	
1701708567.449594	+6.53,+27.0,+19.3,GA	+2.32,+271.6,+20.0,JB	+6.47,+30.5,+19.9,KA	+2.23,+282.3,+25.5,CB	+2.09,+290.0,+25.2,LB	+2.13,+287.6,+25.3,FB	
1701708629.4560704	+6.53,+27.0,+19.3,GA	+2.32,+271.6,+20.1,KB	+6.48,+30.5,+20.0,GA	+2.21,+283.5,+25.5,FB	+2.10,+289.6,+25.2,JB	+2.13,+287.9,+25.4,NB	
1701708691.4657614	+6.53,+27.0,+19.3,GA	+2.32,+271.6,+20.1,KB	+6.48,+30.4,+19.9,EA	+2.21,+283.4,+25.5,GB	+2.10,+289.5,+25.2,IB	+2.14,+287.6,+25.4,FB	
1701708753.4735467	+6.53,+27.0,+19.3,GA	+2.32,+271.5,+20.0,IB	+6.47,+30.5,+19.9,KA	+2.22,+282.9,+25.6,KB	+2.09,+290.3,+25.2,OB	+2.12,+288.5,+25.4,LB	
1701708815.4816134	+6.53,+27.0,+19.3,GA	+2.32,+271.5,+20.1,HB	+6.48,+30.4,+19.9,EA	+2.23,+282.4,+25.6,GB	+2.09,+289.9,+25.2,MB	+2.14,+287.2,+25.4,BB	
1701708877.4901822	+6.53,+27.0,+19.3,GA	+2.32,+271.6,+20.0,JB	+6.48,+30.4,+19.9,EA	+2.22,+282.6,+25.6,DB	+2.09,+290.2,+25.2,NB	+2.12,+288.1,+25.4,HB	
1701708939.4998586	+6.53,+27.0,+19.3,GA	+2.32,+271.6,+20.0,JB	+6.48,+30.4,+19.9,EA	+2.20,+283.6,+25.6,GB	+2.10,+289.6,+25.2,JB	+2.13,+287.9,+25.4,NB	
1701709001.509941	+6.53,+27.0,+19.3,GA	+2.32,+271.6,+20.0,JB	+6.47,+30.5,+19.9,KA	+2.21,+283.4,+25.5,GB	+2.10,+289.4,+25.2,HB	+2.14,+287.5,+25.4,EB	
1701709063.5183454	+6.53,+27.0,+19.3,GA	+2.32,+271.6,+20.0,JB	+6.48,+30.4,+19.9,EA	+2.23,+282.4,+25.6,GB	+2.09,+289.9,+25.2,MB	+2.14,+287.2,+25.3,EB	
1701709125.5282545	+6.53,+27.0,+19.3,GA	+2.32,+271.6,+20.0,JB	+6.48,+30.4,+19.9,EA	+2.20,+283.6,+25.5,DB	+2.10,+289.4,+25.2,HB	+2.13,+288.0,+25.4,HB	
1701709187.5365098	+6.53,+26.9,+19.3,OA	+2.32,+271.5,+20.0,IB	+6.48,+30.4,+19.9,EA	+2.20,+283.6,+25.6,GB	+2.10,+289.5,+25.2,IB	+2.12,+288.2,+25.3,LB	
1701709249.5427186	+6.53,+27.0,+19.3,GA	+2.32,+271.6,+20.0,JB	+6.48,+30.4,+19.9,EA	+2.22,+282.7,+25.6,EB	+2.09,+289.9,+25.2,MB	+2.14,+287.0,+25.4,@B	
1701709311.551771	+6.53,+27.0,+19.3,GA	+2.32,+271.6,+20.0,JB	+6.47,+30.5,+19.9,KA	+2.23,+282.4,+25.6,GB	+2.09,+290.2,+25.2,NB	+2.14,+287.5,+25.4,EB	
1701709373.5600932	+6.53,+27.0,+19.3,GA	+2.32,+271.6,+20.0,JB	+6.48,+30.4,+19.9,EA	+2.22,+283.0,+25.5,@B	+2.10,+289.7,+25.2,KB	+2.15,+286.9,+25.4,IB	
1701709435.569181	+6.53,+27.0,+19.3,GA	+2.32,+271.6,+20.0,JB	+6.47,+30.5,+19.9,KA	+2.21,+283.2,+25.5,AB	+2.10,+289.6,+25.2,JB	+2.12,+288.5,+25.4,LB	
1701709497.572656	+6.53,+27.0,+19.3,GA	+2.32,+271.5,+20.0,IB	+6.48,+30.4,+19.9,EA	+2.21,+283.4,+25.5,GB	+2.10,+289.5,+25.2,IB	+2.14,+287.2,+25.4,BB	
1701709559.58309	+6.53,+26.9,+19.3,OA	+2.32,+271.5,+20.0,IB	+6.48,+30.5,+19.9,DA	+2.21,+283.5,+25.5,FB	+2.10,+289.5,+25.2,IB	+2.14,+287.5,+25.4,EB	
1701709621.5926864	+6.53,+26.9,+19.3,OA	+2.32,+271.6,+20.0,JB	+6.48,+30.4,+19.9,EA	+2.22,+282.5,+25.5,DB	+2.09,+289.9,+25.2,MB	+2.12,+288.2,+25.4,KB	
1701709683.5983355	+6.53,+27.0,+19.3,GA	+2.32,+271.5,+20.0,IB	+6.47,+30.5,+19.9,KA	+2.21,+283.2,+25.5,AB	+2.10,+289.7,+25.2,KB	+2.14,+287.0,+25.3,GB	
1701709745.6046813	+6.54,+26.9,+19.3,HA	+2.32,+271.5,+20.0,IB	+6.48,+30.4,+19.9,EA	+2.21,+283.0,+25.5,CB	+2.10,+289.5,+25.2,IB	+2.12,+288.5,+25.4,LB	
1701709807.6118398	+6.54,+26.9,+19.3,HA	+2.32,+271.6,+20.0,JB	+6.48,+30.4,+19.9,EA	+2.22,+282.9,+25.5,HB	+2.10,+289.6,+25.2,JB	+2.12,+288.5,+25.4,LB	
1701709869.6228254	+6.54,+26.9,+19.3,HA	+2.32,+271.5,+20.0,IB	+6.47,+30.5,+19.9,KA	+2.20,+283.6,+25.5,DB	+2.10,+289.5,+25.2,IB	+2.14,+287.5,+25.4,EB	
1701709931.6317163	+6.54,+26.9,+19.3,HA	+2.32,+271.5,+20.0,IB	+6.47,+30.5,+19.9,KA	+2.23,+282.4,+25.5,DB	+2.09,+290.1,+25.2,MB	+2.13,+287.8,+25.4,OB	
1701709993.6418924	+6.53,+26.9,+19.3,OA	+2.32,+271.5,+20.0,IB	+6.47,+30.5,+19.9,KA	+2.23,+282.4,+25.5,DB	+2.09,+289.8,+25.2,LB	+2.13,+288.2,+25.4,JB	
1701710055.6475022	+6.54,+26.9,+19.3,HA	+2.32,+271.6,+20.0,JB	+6.48,+30.4,+19.9,EA	+2.22,+283.0,+25.6,CB	+2.10,+289.4,+25.2,HB	+2.12,+288.6,+25.4,OB	
1701710117.6569955	+6.54,+26.9,+19.3,HA	+2.32,+271.5,+20.0,IB	+6.47,+30.5,+19.9,KA	+2.21,+283.2,+25.5,AB	+2.10,+289.4,+25.2,HB	+2.12,+288.6,+25.4,OB	
1701710179.6644757	+6.54,+26.8,+19.3,IA	+2.32,+271.5,+20.0,IB	+6.47,+30.5,+19.9,KA	+2.21,+283.2,+25.5,AB	+2.10,+289.2,+25.2,NB	+2.12,+288.4,+25.4,MB	
1701710241.6718338	+6.54,+26.9,+19.3,HA	+2.32,+271.5,+20.0,IB	+6.47,+30.5,+19.9,KA	+2.21,+283.2,+25.6,BB	+2.10,+289.4,+25.2,HB	+2.12,+288.3,+25.4,JB	
1701710303.6805713	+6.54,+26.9,+19.3,HA	+2.32,+271.5,+20.0,IB	+6.48,+30.5,+19.9,DA	+2.21,+283.3,+25.6,CB	+2.10,+289.4,+25.2,HB	+2.12,+288.3,+25.4,JB	
1701710365.6878777	+6.54,+26.9,+19.3,HA	+2.32,+271.5,+20.0,IB	+6.48,+30.4,+19.9,EA	+2.21,+283.4,+25.5,GB	+2.09,+290.0,+25.2,LB	+2.14,+287.0,+25.4,@B	
1701710427.6972349	+6.54,+26.9,+19.3,HA	+2.32,+271.4,+20.0,HB	+6.48,+30.4,+19.9,EA	+2.23,+282.3,+25.6,@B	+2.09,+289.7,+25.2,CB	+2.13,+288.0,+25.4,HB	
1701710489.7061198	+6.54,+26.9,+19.3,HA	+2.32,+271.6,+20.0,JB	+6.48,+30.4,+19.9,EA	+2.21,+283.4,+25.6,DB	+2.10,+289.5,+25.2,IB	+2.13,+288.1,+25.4,IB	
1701710551.7141182	+6.54,+26.9,+19.3,HA	+2.32,+271.5,+20.0,IB	+6.48,+30.4,+19.9,EA	+2.20,+283.6,+25.6,GB	+2.10,+289.7,+25.2,KB	+2.13,+287.6,+25.4,AB	
1701710613.7235215	+6.54,+26.9,+19.3,HA	+2.32,+271.5,+20.0,IB	+6.48,+30.4,+19.9,EA	+2.22,+282.6,+25.5,GB	+2.10,+289.2,+25.2,NB	+2.12,+288.6,+25.4,OB	
1701710675.7319603	+6.54,+26.9,+19.3,HA	+2.32,+271.5,+20.0,IB	+6.48,+30.5,+19.9,DA	+2.23,+282.4,+25.5,DB	+2.10,+289.6,+25.2,JB	+2.13,+287.9,+25.4,NB	
1701710737.7420347	+6.54,+26.9,+19.3,HA	+2.32,+271.5,+20.0,IB	+6.48,+30.4,+19.9,EA	+2.21,+283.1,+25.5,BB	+2.09,+290.0,+25.2,LB	+2.15,+287.0,+25.4,AB	
1701710799.7490168	+6.54,+26.9,+19.3,HA	+2.32,+271.5,+20.0,IB	+6.48,+30.3,+19.9,BA	+2.22,+283.0,+25.6,CB	+2.09,+290.0,+25.2,LB	+2.14,+287.1,+25.4,AB	
1701710861.7589903	+6.54,+26.9,+19.3,HA	+2.32,+271.5,+20.0,IB	+6.48,+30.4,+19.9,EA	+2.22,+282.8,+25.5,IB	+2.09,+289.9,+25.2,MB	+2.14,+287.3,+25.4,CB	
1701710923.7676384	+6.54,+26.8,+19.3,IA	+2.32,+271.5,+20.0,IB	+6.48,+30.3,+19.9,BA	+2.21,+283.2,+25.5,AB	+2.09,+290.0,+25.2,LB	+2.14,+287.0,+25.4,@B	
1701710985.7766287	+6.54,+26.9,+19.3,HA	+2.32,+271.5,+20.0,IB	+6.48,+30.3,+19.9,BA	+2.21,+283.0,+25.5,CB	+2.09,+290.0,+25.2,LB	+2.14,+287.2,+25.4,BB	
1701711047.785488	+6.54,+26.8,+19.3,IA	+2.32,+271.5,+20.0,IB	+6.48,+30.4,+19.9,EA	+2.22,+282.7,+25.5,FB	+2.10,+289.2,+25.2,NB	+2.12,+288.6,+25.4,OB	
1701711109.79365	+6.54,+26.9,+19.3,HA	+2.32,+271.5,+20.0,IB	+6.48,+30.3,+19.9,BA	+2.22,+282.4,+25.5,EB	+2.10,+289.2,+25.2,NB	+2.12,+288.6,+25.4,OB	
1701711171.803624	+6.54,+26.8,+19.3,IA	+2.32,+271.5,+20.0,IB	+6.48,+30.3,+19.9,BA	+2.22,+282.4,+25.6,FB	+2.10,+289.2,+25.2,NB	+2.12,+288.6,+25.4,OB	
1701711233.810732	+6.54,+26.9,+19.3,HA	+2.32,+271.5,+20.0,IB	+6.48,+30.4,+19.9,EA	+2.20,+283.7,+25.6,FB	+2.09,+289.9,+25.2,MB	+2.14,+287.1,+25.4,AB	
