62309060419	62309060427	62309060471	62309060472	62309060473	62309060475	
1702057081.6517909	+6.63,+21.7,+19.3,EA	+3.05,+229.1,+19.8,GB	+6.46,+31.2,+19.9,LA	+2.81,+248.1,+25.6,LB	+2.73,+252.5,+25.2,JB	+2.68,+255.3,+25.3,@B	
1702057143.6635332	+6.62,+21.7,+19.3,DA	+3.05,+229.2,+19.8,DB	+6.46,+31.3,+19.9,MA	+2.81,+247.6,+25.6,DB	+2.72,+253.1,+25.2,NB	+2.70,+254.5,+25.4,IB	
1702057205.6901274	+6.63,+21.7,+19.3,EA	+3.05,+229.1,+19.8,GB	+6.46,+31.1,+19.9,OA	+2.79,+248.9,+25.5,@B	+2.72,+252.8,+25.2,FB	+2.70,+254.4,+25.3,OB	
1702057267.7037072	+6.63,+21.7,+19.4,BA	+3.05,+229.1,+19.9,FB	+6.46,+31.2,+19.9,LA	+2.81,+247.7,+25.6,EB	+2.72,+252.8,+25.2,FB	+2.68,+255.3,+25.4,GB	
1702057329.7144954	+6.63,+21.7,+19.3,EA	+3.05,+229.2,+19.9,EB	+6.46,+31.2,+19.9,LA	+2.79,+248.8,+25.5,AB	+2.72,+252.6,+25.2,HB	+2.69,+255.0,+25.4,EB	
1702057391.719855	+6.63,+21.7,+19.3,EA	+3.05,+229.2,+19.8,DB	+6.46,+31.3,+19.9,MA	+2.80,+248.2,+25.6,NB	+2.72,+252.6,+25.2,HB	+2.68,+255.3,+25.4,GB	
1702057453.735755	+6.62,+21.7,+19.4,CA	+3.05,+229.2,+19.8,DB	+6.46,+31.2,+19.9,LA	+2.82,+247.1,+25.6,@B	+2.71,+253.1,+25.2,MB	+2.69,+254.9,+25.4,MB	
1702057515.7544274	+6.63,+21.7,+19.3,EA	+3.05,+229.2,+19.8,DB	+6.46,+31.2,+19.9,LA	+2.81,+248.0,+25.6,MB	+2.72,+252.7,+25.2,IB	+2.67,+255.8,+25.4,CB	
1702057577.7637634	+6.62,+21.8,+19.3,KA	+3.05,+229.2,+19.8,DB	+6.46,+31.2,+19.9,LA	+2.81,+247.5,+25.6,GB	+2.71,+253.4,+25.2,HB	+2.70,+254.2,+25.4,NB	
1702057639.7761443	+6.62,+21.8,+19.3,KA	+3.05,+229.2,+19.8,DB	+6.46,+31.3,+19.9,MA	+2.80,+248.5,+25.6,IB	+2.72,+252.8,+25.2,FB	+2.69,+254.7,+25.4,CB	
1702057701.7838795	+6.62,+21.8,+19.3,KA	+3.05,+229.2,+19.9,EB	+6.46,+31.2,+19.9,LA	+2.80,+248.4,+25.5,KB	+2.72,+253.0,+25.2,OB	+2.70,+254.4,+25.4,HB	
1702057763.795557	+6.62,+21.8,+19.3,KA	+3.05,+229.2,+19.9,EB	+6.46,+31.2,+19.9,LA	+2.81,+247.5,+25.6,GB	+2.71,+253.1,+25.2,MB	+2.68,+255.3,+25.4,GB	
1702057825.8224847	+6.62,+21.8,+19.3,KA	+3.05,+229.2,+19.8,DB	+6.46,+31.3,+19.9,MA	+2.82,+247.4,+25.5,FB	+2.71,+253.4,+25.2,HB	+2.69,+254.7,+25.4,CB	
1702057887.83454	+6.62,+21.7,+19.3,DA	+3.05,+229.2,+19.9,EB	+6.46,+31.2,+19.9,LA	+2.80,+248.5,+25.6,IB	+2.72,+252.6,+25.2,HB	+2.68,+255.6,+25.4,BB	
1702058134.618101	+6.62,+21.7,+19.3,DA	+3.05,+229.2,+19.8,DB	+6.46,+31.3,+19.9,MA	+2.81,+247.8,+25.5,IB	+2.72,+253.0,+25.2,OB	+2.70,+254.1,+25.4,MB	
1702058196.6274006	+6.62,+21.7,+19.4,CA	+3.05,+229.2,+19.9,EB	+6.46,+31.3,+19.9,MA	+2.80,+248.3,+25.5,LB	+2.72,+252.8,+25.2,FB	+2.70,+254.3,+25.4,OB	
1702058258.6475658	+6.62,+21.8,+19.3,KA	+3.05,+229.2,+19.9,EB	+6.46,+31.2,+19.9,LA	+2.81,+248.0,+25.6,MB	+2.71,+253.2,+25.2,NB	+2.67,+255.7,+25.4,LB	
1702058320.6628342	+6.62,+21.7,+19.3,DA	+3.05,+229.2,+19.9,EB	+6.46,+31.3,+19.9,MA	+2.80,+248.5,+25.5,JB	+2.72,+253.0,+25.2,OB	+2.67,+256.0,+25.4,HB	
1702058382.6817095	+6.62,+21.7,+19.4,CA	+3.05,+229.2,+19.8,DB	+6.46,+31.3,+19.9,MA	+2.80,+248.3,+25.6,OB	+2.72,+253.1,+25.2,NB	+2.67,+256.0,+25.4,HB	
1702058444.694841	+6.62,+21.8,+19.3,KA	+3.05,+229.2,+19.9,EB	+6.46,+31.3,+19.9,MA	+2.81,+248.0,+25.6,MB	+2.71,+253.4,+25.2,HB	+2.68,+255.6,+25.4,BB	
1702058506.7102706	+6.63,+21.7,+19.3,EA	+3.05,+229.2,+19.9,EB	+6.46,+31.2,+19.9,LA	+2.80,+248.6,+25.5,IB	+2.72,+252.7,+25.2,IB	+2.68,+255.4,+25.4,@B	
1702058568.7355924	+6.63,+21.7,+19.3,EA	+3.05,+229.2,+19.9,EB	+6.46,+31.2,+19.9,LA	+2.80,+248.7,+25.6,KB	+2.72,+252.7,+25.2,IB	+2.68,+255.2,+25.3,AB	
1702058630.74652	+6.63,+21.7,+19.3,EA	+3.05,+229.2,+19.9,EB	+6.46,+31.2,+19.9,LA	+2.80,+248.6,+25.6,JB	+2.72,+252.7,+25.2,IB	+2.68,+255.3,+25.4,GB	
1702058692.7571194	+6.63,+21.7,+19.3,EA	+3.05,+229.2,+19.8,DB	+6.46,+31.2,+19.9,LA	+2.79,+248.7,+25.6,MB	+2.72,+252.9,+25.2,GB	+2.68,+255.3,+25.4,GB	
1702058754.7673135	+6.62,+21.8,+19.3,KA	+3.05,+229.2,+19.8,DB	+6.46,+31.3,+19.9,MA	+2.81,+247.6,+25.5,GB	+2.71,+253.4,+25.2,HB	+2.69,+254.8,+25.4,LB	
1702058816.7754252	+6.62,+21.7,+19.3,DA	+3.05,+229.2,+19.9,EB	+6.46,+31.2,+19.9,LA	+2.81,+248.0,+25.6,MB	+2.71,+253.4,+25.2,HB	+2.68,+255.5,+25.4,AB	
1702058878.7880042	+6.63,+21.6,+19.4,CA	+3.05,+229.2,+19.9,EB	+6.46,+31.3,+19.9,MA	+2.81,+247.9,+25.6,KB	+2.72,+252.7,+25.2,IB	+2.70,+254.2,+25.4,NB	
1702058940.7985942	+6.62,+21.7,+19.3,DA	+3.05,+229.2,+19.8,DB	+6.46,+31.2,+19.9,LA	+2.80,+248.4,+25.6,HB	+2.71,+253.4,+25.2,HB	+2.68,+255.6,+25.4,BB	
1702059002.8078706	+6.62,+21.7,+19.3,DA	+3.05,+229.2,+19.8,DB	+6.46,+31.3,+19.9,MA	+2.79,+248.8,+25.5,AB	+2.71,+253.3,+25.2,OB	+2.68,+255.6,+25.4,BB	
1702059064.818897	+6.62,+21.7,+19.3,DA	+3.05,+229.2,+19.9,EB	+6.46,+31.2,+19.9,LA	+2.80,+248.2,+25.5,MB	+2.71,+253.5,+25.2,IB	+2.68,+255.6,+25.4,BB	
1702059126.8303528	+6.63,+21.7,+19.3,EA	+3.05,+229.2,+19.9,EB	+6.46,+31.2,+19.9,LA	+2.81,+247.5,+25.6,GB	+2.72,+252.8,+25.2,FB	+2.70,+254.2,+25.4,NB	
1702059188.85769	+6.62,+21.7,+19.3,DA	+3.05,+229.2,+19.9,EB	+6.46,+31.3,+19.9,MA	+2.79,+248.7,+25.6,MB	+2.72,+253.0,+25.2,OB	+2.68,+255.1,+25.4,EB	
1702059250.8666036	+6.62,+21.7,+19.3,DA	+3.05,+229.2,+19.8,DB	+6.46,+31.3,+19.9,MA	+2.79,+248.8,+25.6,BB	+2.71,+253.3,+25.2,OB	+2.68,+255.6,+25.4,BB	
1702059312.878135	+6.62,+21.7,+19.3,DA	+3.05,+229.2,+19.9,EB	+6.46,+31.3,+19.9,MA	+2.81,+248.0,+25.6,MB	+2.71,+253.4,+25.2,HB	+2.68,+255.5,+25.4,AB	
1702059374.8985598	+6.63,+21.7,+19.3,EA	+3.05,+229.2,+19.8,DB	+6.46,+31.2,+19.9,LA	+2.81,+247.8,+25.6,JB	+2.72,+252.8,+25.2,FB	+2.70,+254.3,+25.4,OB	
1702059436.918973	+6.63,+21.7,+19.3,EA	+3.05,+229.2,+19.9,EB	+6.46,+31.3,+19.9,MA	+2.81,+247.8,+25.6,JB	+2.71,+253.2,+25.2,NB	+2.69,+254.9,+25.4,MB	
1702059498.939671	+6.62,+21.7,+19.3,DA	+3.05,+229.2,+19.9,EB	+6.46,+31.2,+19.9,LA	+2.80,+248.7,+25.6,KB	+2.71,+253.4,+25.2,HB	+2.68,+255.6,+25.4,BB	
1702059560.9490745	+6.63,+21.7,+19.3,EA	+3.05,+229.2,+19.9,EB	+6.46,+31.2,+19.9,LA	+2.80,+248.2,+25.6,NB	+2.71,+253.4,+25.2,HB	+2.68,+255.4,+25.4,@B	
1702059622.969993	+6.62,+21.8,+19.3,KA	+3.05,+229.2,+19.8,DB	+6.46,+31.4,+19.9,JA	+2.80,+248.3,+25.6,OB	+2.72,+253.0,+25.2,OB	+2.69,+254.8,+25.4,LB	
1702059684.9875326	+6.62,+21.8,+19.3,KA	+3.05,+229.2,+19.9,EB	+6.46,+31.2,+19.9,LA	+2.80,+248.7,+25.6,KB	+2.71,+253.6,+25.2,JB	+2.67,+255.8,+25.4,CB	
1702059747.006388	+6.62,+21.7,+19.3,DA	+3.05,+229.2,+19.9,EB	+6.46,+31.2,+19.9,LA	+2.81,+247.7,+25.6,EB	+2.72,+252.8,+25.2,FB	+2.70,+254.4,+25.4,HB	
1702059809.0162249	+6.63,+21.7,+19.3,EA	+3.05,+229.2,+19.9,EB	+6.46,+31.2,+19.9,LA	+2.81,+248.0,+25.5,NB	+2.72,+253.0,+25.2,OB	+2.69,+254.8,+25.4,LB	
1702059871.0254385	+6.63,+21.7,+19.3,EA	+3.05,+229.2,+19.8,DB	+6.46,+31.2,+19.9,LA	+2.81,+247.9,+25.5,HB	+2.72,+252.9,+25.2,GB	+2.69,+254.5,+25.4,AB	
1702059933.0445457	+6.63,+21.7,+19.3,EA	+3.05,+229.2,+19.9,EB	+6.46,+31.3,+19.9,MA	+2.79,+248.8,+25.6,BB	+2.71,+253.5,+25.2,IB	+2.68,+255.6,+25.4,BB	
1702059995.0682504	+6.63,+21.7,+19.3,EA	+3.05,+229.2,+19.8,DB	+6.46,+31.3,+19.9,MA	+2.81,+248.0,+25.6,MB	+2.72,+252.8,+25.2,FB	+2.70,+254.5,+25.4,IB	
1702060057.0850322	+6.63,+21.6,+19.3,DA	+3.05,+229.2,+19.9,EB	+6.46,+31.3,+19.9,MA	+2.81,+248.1,+25.6,LB	+2.72,+252.9,+25.2,GB	+2.69,+254.7,+25.4,CB	
1702060119.0989342	+6.62,+21.8,+19.3,KA	+3.05,+229.2,+19.8,DB	+6.46,+31.2,+19.9,LA	+2.79,+248.8,+25.6,BB	+2.71,+253.5,+25.2,IB	+2.68,+255.3,+25.4,GB	
1702060181.1208339	+6.62,+21.7,+19.3,DA	+3.05,+229.2,+19.8,DB	+6.46,+31.2,+19.9,LA	+2.79,+248.8,+25.6,BB	+2.71,+253.6,+25.2,JB	+2.68,+255.4,+25.4,@B	
1702060243.1363316	+6.62,+21.7,+19.3,DA	+3.05,+229.2,+19.8,DB	+6.46,+31.2,+19.9,LA	+2.80,+248.6,+25.5,IB	+2.71,+253.5,+25.2,IB	+2.68,+255.1,+25.4,EB	
1702060305.1513653	+6.62,+21.8,+19.3,KA	+3.05,+229.2,+19.8,DB	+6.46,+31.2,+19.9,LA	+2.79,+248.9,+25.6,CB	+2.71,+253.4,+25.2,HB	+2.67,+255.9,+25.4,BB	
1702060367.1754842	+6.62,+21.7,+19.3,DA	+3.05,+229.2,+19.8,DB	+6.46,+31.2,+19.9,LA	+2.81,+247.6,+25.6,DB	+2.72,+252.7,+25.2,IB	+2.70,+254.2,+25.4,NB	
1702060429.194742	+6.62,+21.8,+19.3,KA	+3.05,+229.2,+19.8,DB	+6.46,+31.3,+19.9,MA	+2.80,+248.2,+25.5,MB	+2.71,+253.5,+25.2,IB	+2.68,+255.1,+25.4,EB	
1702060491.215346	+6.62,+21.7,+19.3,DA	+3.05,+229.2,+19.8,DB	+6.46,+31.2,+19.9,LA	+2.80,+248.1,+25.5,NB	+2.71,+253.2,+25.2,NB	+2.69,+254.6,+25.4,BB	
1702060553.2349002	+6.63,+21.7,+19.3,EA	+3.05,+229.2,+19.8,DB	+6.46,+31.2,+19.9,LA	+2.81,+247.9,+25.6,KB	+2.72,+253.1,+25.2,NB	+2.70,+254.3,+25.4,OB	
1702060615.2507455	+6.62,+21.7,+19.3,DA	+3.05,+229.2,+19.8,DB	+6.46,+31.3,+19.9,MA	+2.79,+249.0,+25.6,KB	+2.71,+253.5,+25.2,IB	+2.67,+255.8,+25.4,CB	
1702060677.2681623	+6.62,+21.7,+19.3,DA	+3.05,+229.2,+19.9,EB	+6.46,+31.3,+19.9,MA	+2.79,+248.8,+25.5,AB	+2.71,+253.6,+25.2,JB	+2.68,+255.5,+25.4,AB	
1702060739.284652	+6.62,+21.7,+19.3,DA	+3.05,+229.2,+19.8,DB	+6.46,+31.3,+19.9,MA	+2.80,+248.5,+25.6,IB	+2.72,+252.8,+25.2,FB	+2.69,+254.9,+25.4,MB	
1702060801.3020992	+6.63,+21.7,+19.3,EA	+3.05,+229.2,+19.9,EB	+6.46,+31.3,+19.9,MA	+2.79,+249.0,+25.6,KB	+2.72,+253.0,+25.2,OB	+2.68,+255.5,+25.4,AB	
1702060863.3191776	+6.63,+21.7,+19.3,EA	+3.05,+229.2,+19.9,EB	+6.46,+31.3,+19.9,MA	+2.79,+249.1,+25.5,IB	+2.71,+253.4,+25.2,HB	+2.67,+255.7,+25.4,LB	
1702060925.3368816	+6.62,+21.7,+19.3,DA	+3.05,+229.2,+19.8,DB	+6.46,+31.2,+19.9,LA	+2.79,+248.8,+25.6,BB	+2.72,+252.9,+25.2,GB	+2.69,+254.8,+25.4,LB	
1702060987.3497825	+6.63,+21.7,+19.3,EA	+3.05,+229.2,+19.9,EB	+6.46,+31.2,+19.9,LA	+2.80,+248.5,+25.5,JB	+2.72,+252.9,+25.2,GB	+2.70,+254.4,+25.4,HB	
1702061049.3568766	+6.62,+21.7,+19.3,DA	+3.05,+229.2,+19.8,DB	+6.46,+31.3,+19.9,MA	+2.81,+248.0,+25.6,MB	+2.71,+253.6,+25.2,JB	+2.70,+254.1,+25.4,MB	
1702061111.3641553	+6.63,+21.7,+19.3,EA	+3.05,+229.2,+19.8,DB	+6.46,+31.2,+19.9,LA	+2.80,+248.5,+25.5,JB	+2.72,+253.1,+25.2,NB	+2.70,+254.4,+25.4,HB	
1702061173.3756635	+6.63,+21.7,+19.3,EA	+3.05,+229.2,+19.9,EB	+6.46,+31.2,+19.9,LA	+2.79,+248.9,+25.5,@B	+2.72,+252.9,+25.2,GB	+2.69,+255.0,+25.4,EB	
1702061235.4025984	+6.62,+21.8,+19.3,KA	+3.05,+229.2,+19.8,DB	+6.46,+31.3,+19.9,MA	+2.80,+248.2,+25.6,NB	+2.71,+253.7,+25.2,KB	+2.69,+254.8,+25.4,LB	
1702061297.4189208	+6.62,+21.7,+19.3,DA	+3.05,+229.1,+19.8,GB	+6.46,+31.2,+19.9,LA	+2.80,+248.1,+25.5,NB	+2.71,+253.3,+25.2,OB	+2.70,+254.2,+25.4,NB	
1702061359.436805	+6.63,+21.7,+19.3,EA	+3.05,+229.2,+19.8,DB	+6.46,+31.3,+19.9,MA	+2.79,+249.2,+25.5,JB	+2.72,+253.1,+25.2,NB	+2.67,+256.0,+25.4,HB	
1702061421.4501026	+6.63,+21.6,+19.3,DA	+3.05,+229.2,+19.8,DB	+6.46,+31.3,+19.9,MA	+2.78,+249.3,+25.5,JB	+2.72,+252.9,+25.2,GB	+2.67,+255.7,+25.4,LB	
1702061483.4659762	+6.62,+21.7,+19.3,DA	+3.05,+229.2,+19.8,DB	+6.46,+31.2,+19.9,LA	+2.81,+248.0,+25.5,NB	+2.71,+253.7,+25.2,KB	+2.70,+254.3,+25.3,HB	
1702061545.4923446	+6.62,+21.7,+19.3,DA	+3.05,+229.2,+19.8,DB	+6.46,+31.3,+19.9,MA	+2.81,+247.9,+25.5,HB	+2.71,+253.7,+25.2,KB	+2.70,+254.3,+25.4,OB	
1702061607.5118594	+6.63,+21.6,+19.3,DA	+3.05,+229.2,+19.8,DB	+6.46,+31.2,+19.9,LA	+2.81,+248.1,+25.6,LB	+2.71,+253.5,+25.2,IB	+2.68,+255.6,+25.4,BB	
1702061669.5268843	+6.63,+21.6,+19.3,DA	+3.05,+229.2,+19.9,EB	+6.46,+31.2,+19.9,LA	+2.80,+248.7,+25.5,HB	+2.72,+253.0,+25.2,OB	+2.68,+255.2,+25.4,FB	
1702061731.5407934	+6.63,+21.7,+19.3,EA	+3.05,+229.2,+19.8,DB	+6.46,+31.3,+19.9,MA	+2.81,+247.9,+25.5,HB	+2.70,+253.8,+25.2,EB	+2.69,+254.5,+25.4,AB	
1702061978.2827187	+6.63,+21.7,+19.3,EA	+3.05,+229.2,+19.8,DB	+6.46,+31.2,+19.9,LA	+2.79,+249.2,+25.6,IB	+2.72,+252.9,+25.2,GB	+2.67,+255.7,+25.4,LB	
1702062040.2918758	+6.63,+21.7,+19.3,EA	+3.05,+229.2,+19.8,DB	+6.46,+31.1,+19.9,OA	+2.79,+248.8,+25.5,AB	+2.72,+253.0,+25.2,OB	+2.68,+255.6,+25.4,BB	
1702062102.3068957	+6.63,+21.7,+19.3,EA	+3.05,+229.2,+19.8,DB	+6.46,+31.3,+19.9,MA	+2.80,+248.2,+25.6,NB	+2.71,+253.4,+25.2,HB	+2.68,+255.1,+25.4,EB	
1702062164.3232007	+6.63,+21.7,+19.3,EA	+3.05,+229.2,+19.8,DB	+6.46,+31.3,+19.9,MA	+2.81,+247.9,+25.5,HB	+2.71,+253.5,+25.2,IB	+2.68,+255.1,+25.4,EB	
1702062226.3413725	+6.63,+21.7,+19.3,EA	+3.05,+229.2,+19.8,DB	+6.46,+31.2,+19.9,LA	+2.80,+248.4,+25.5,KB	+2.72,+253.1,+25.2,NB	+2.67,+255.8,+25.4,CB	
1702062288.3604593	+6.62,+21.7,+19.3,DA	+3.05,+229.2,+19.8,DB	+6.46,+31.3,+19.9,MA	+2.80,+248.3,+25.5,LB	+2.71,+253.2,+25.2,NB	+2.68,+255.6,+25.4,BB	
1702062350.3805468	+6.62,+21.7,+19.3,DA	+3.05,+229.2,+19.8,DB	+6.46,+31.2,+19.9,LA	+2.81,+247.9,+25.6,KB	+2.71,+253.6,+25.2,JB	+2.69,+254.8,+25.4,LB	
1702062412.3972132	+6.63,+21.6,+19.3,DA	+3.05,+229.2,+19.8,DB	+6.46,+31.3,+19.9,MA	+2.79,+249.2,+25.5,JB	+2.71,+253.3,+25.2,OB	+2.67,+255.7,+25.4,LB	
1702062474.4117463	+6.63,+21.6,+19.3,DA	+3.05,+229.2,+19.8,DB	+6.46,+31.2,+19.9,LA	+2.79,+248.9,+25.5,@B	+2.71,+253.6,+25.2,JB	+2.69,+255.0,+25.4,EB	
1702062536.4273288	+6.63,+21.7,+19.3,EA	+3.05,+229.2,+19.8,DB	+6.46,+31.2,+19.9,LA	+2.80,+248.2,+25.5,MB	+2.70,+253.8,+25.2,EB	+2.70,+254.5,+25.4,IB	
1702062598.4435802	+6.63,+21.6,+19.3,DA	+3.05,+229.2,+19.8,DB	+6.46,+31.3,+19.9,MA	+2.79,+249.1,+25.6,JB	+2.71,+253.1,+25.2,MB	+2.67,+256.0,+25.4,HB	
1702062660.4595659	+6.63,+21.7,+19.3,EA	+3.05,+229.2,+19.8,DB	+6.46,+31.3,+19.9,MA	+2.78,+249.3,+25.5,JB	+2.71,+253.3,+25.2,OB	+2.67,+255.9,+25.4,BB	
1702062722.479576	+6.62,+21.7,+19.3,DA	+3.05,+229.2,+19.8,DB	+6.46,+31.2,+19.9,LA	+2.80,+248.3,+25.5,LB	+2.71,+253.6,+25.2,JB	+2.69,+254.6,+25.4,BB	
1702062784.4956312	+6.63,+21.7,+19.3,EA	+3.05,+229.2,+19.8,DB	+6.46,+31.3,+19.9,MA	+2.80,+248.3,+25.5,LB	+2.71,+253.5,+25.2,IB	+2.69,+254.6,+25.4,BB	
1702062846.5119877	+6.62,+21.7,+19.3,DA	+3.05,+229.2,+19.8,DB	+6.46,+31.2,+19.9,LA	+2.80,+248.4,+25.6,HB	+2.71,+253.1,+25.2,MB	+2.68,+255.4,+25.4,@B	
1702062908.526315	+6.63,+21.7,+19.3,EA	+3.05,+229.2,+19.8,DB	+6.46,+31.2,+19.9,LA	+2.78,+249.5,+25.5,LB	+2.71,+253.6,+25.2,JB	+2.68,+255.2,+25.4,FB	
1702062970.5322115	+6.63,+21.6,+19.3,DA	+3.05,+229.2,+19.8,DB	+6.46,+31.1,+19.9,OA	+2.78,+249.5,+25.5,LB	+2.71,+253.6,+25.2,JB	+2.69,+254.9,+25.4,MB	
1702063032.5414248	+6.63,+21.6,+19.3,DA	+3.05,+229.2,+19.8,DB	+6.46,+31.3,+19.9,MA	+2.79,+248.9,+25.6,CB	+2.71,+253.2,+25.2,NB	+2.67,+255.7,+25.4,LB	
1702063094.5610971	+6.62,+21.7,+19.3,DA	+3.05,+229.2,+19.8,DB	+6.46,+31.2,+19.9,LA	+2.80,+248.6,+25.5,IB	+2.70,+253.7,+25.2,JB	+2.70,+254.0,+25.4,LB	
1702063156.5735037	+6.63,+21.7,+19.3,EA	+3.05,+229.2,+19.9,EB	+6.46,+31.2,+19.9,LA	+2.79,+248.9,+25.6,CB	+2.70,+253.9,+25.2,DB	+2.70,+254.4,+25.4,HB	
1702063218.587111	+6.63,+21.7,+19.3,EA	+3.05,+229.2,+19.8,DB	+6.46,+31.3,+19.9,MA	+2.79,+249.1,+25.6,JB	+2.70,+253.8,+25.2,EB	+2.68,+255.1,+25.4,EB	
1702063280.5988708	+6.63,+21.7,+19.3,EA	+3.05,+229.2,+19.8,DB	+6.46,+31.2,+19.9,LA	+2.79,+248.9,+25.6,CB	+2.71,+253.5,+25.2,IB	+2.67,+256.0,+25.4,HB	
1702063342.610044	+6.62,+21.7,+19.3,DA	+3.05,+229.3,+19.8,EB	+6.46,+31.2,+19.9,LA	+2.81,+248.0,+25.6,MB	+2.71,+253.2,+25.2,NB	+2.68,+255.3,+25.4,GB	
1702063404.6326115	+6.63,+21.7,+19.3,EA	+3.05,+229.2,+19.8,DB	+6.46,+31.2,+19.9,LA	+2.79,+248.7,+25.6,MB	+2.71,+253.5,+25.2,IB	+2.67,+256.1,+25.4,IB	
1702063466.6521251	+6.63,+21.7,+19.3,EA	+3.05,+229.2,+19.8,DB	+6.46,+31.2,+19.9,LA	+2.78,+249.3,+25.6,IB	+2.70,+253.9,+25.2,DB	+2.68,+255.2,+25.4,FB	
1702063528.6641078	+6.63,+21.6,+19.3,DA	+3.05,+229.2,+19.8,DB	+6.46,+31.2,+19.9,LA	+2.80,+248.2,+25.6,NB	+2.71,+253.2,+25.2,NB	+2.67,+256.0,+25.4,HB	
1702063590.678947	+6.63,+21.6,+19.3,DA	+3.05,+229.2,+19.8,DB	+6.46,+31.2,+19.9,LA	+2.79,+248.9,+25.6,CB	+2.70,+253.8,+25.2,EB	+2.67,+255.8,+25.3,DB	
1702063652.6914227	+6.62,+21.7,+19.3,DA	+3.05,+229.2,+19.8,DB	+6.46,+31.3,+19.9,MA	+2.81,+247.8,+25.6,JB	+2.71,+253.2,+25.2,NB	+2.67,+255.7,+25.3,KB	
1702063714.7082913	+6.62,+21.8,+19.3,KA	+3.05,+229.2,+19.8,DB	+6.46,+31.2,+19.9,LA	+2.80,+248.6,+25.6,JB	+2.71,+253.4,+25.2,HB	+2.69,+254.5,+25.4,AB	
1702063776.7185307	+6.62,+21.8,+19.3,KA	+3.05,+229.3,+19.8,EB	+6.46,+31.2,+19.9,LA	+2.78,+249.4,+25.5,MB	+2.70,+253.7,+25.2,JB	+2.69,+254.6,+25.4,BB	
1702063838.73882	+6.62,+21.7,+19.3,DA	+3.05,+229.2,+19.8,DB	+6.46,+31.2,+19.9,LA	+2.78,+249.5,+25.6,OB	+2.70,+253.9,+25.2,DB	+2.68,+255.4,+25.4,@B	
1702063900.7476833	+6.63,+21.7,+19.3,EA	+3.05,+229.2,+19.8,DB	+6.46,+31.3,+19.9,MA	+2.80,+248.3,+25.5,LB	+2.71,+253.2,+25.2,NB	+2.68,+255.3,+25.4,GB	
1702063962.7564628	+6.62,+21.7,+19.3,DA	+3.05,+229.2,+19.8,DB	+6.46,+31.2,+19.9,LA	+2.78,+249.3,+25.5,JB	+2.71,+253.6,+25.2,JB	+2.70,+254.2,+25.4,NB	
1702064024.7766867	+6.63,+21.7,+19.3,EA	+3.05,+229.2,+19.8,DB	+6.46,+31.2,+19.9,LA	+2.80,+248.4,+25.5,KB	+2.71,+253.1,+25.2,MB	+2.69,+254.9,+25.4,MB	
1702064086.8022406	+6.62,+21.8,+19.3,KA	+3.05,+229.1,+19.8,GB	+6.46,+31.3,+19.9,MA	+2.79,+249.2,+25.5,JB	+2.71,+253.5,+25.2,IB	+2.70,+254.2,+25.4,NB	
1702064148.8118815	+6.63,+21.6,+19.3,DA	+3.05,+229.2,+19.8,DB	+6.46,+31.1,+19.9,OA	+2.80,+248.5,+25.5,JB	+2.71,+253.6,+25.2,JB	+2.67,+255.9,+25.4,BB	
1702064210.8239143	+6.63,+21.7,+19.3,EA	+3.05,+229.2,+19.8,DB	+6.46,+31.3,+19.9,MA	+2.79,+248.7,+25.5,NB	+2.71,+253.2,+25.2,NB	+2.69,+254.6,+25.4,BB	
1702064272.8358097	+6.62,+21.8,+19.3,KA	+3.05,+229.3,+19.8,EB	+6.46,+31.1,+19.9,OA	+2.78,+249.5,+25.6,OB	+2.70,+253.9,+25.2,DB	+2.69,+255.0,+25.3,BB	
1702064334.8462029	+6.62,+21.7,+19.3,DA	+3.05,+229.2,+19.8,DB	+6.46,+31.2,+19.9,LA	+2.78,+249.5,+25.5,LB	+2.71,+253.7,+25.2,KB	+2.69,+254.8,+25.4,LB	
1702064396.858218	+6.63,+21.6,+19.3,DA	+3.05,+229.2,+19.8,DB	+6.46,+31.3,+19.9,MA	+2.80,+248.4,+25.6,HB	+2.71,+253.2,+25.2,NB	+2.68,+255.1,+25.4,EB	
1702064458.8715684	+6.63,+21.7,+19.3,EA	+3.05,+229.2,+19.9,EB	+6.46,+31.3,+19.9,MA	+2.79,+249.0,+25.5,HB	+2.70,+254.1,+25.2,KB	+2.67,+255.8,+25.4,CB	
1702064520.8815885	+6.62,+21.7,+19.3,DA	+3.04,+229.8,+19.8,OB	+6.46,+31.2,+19.9,LA	+2.79,+249.1,+25.6,JB	+2.71,+253.3,+25.2,OB	+2.69,+254.6,+25.4,BB	
1702064582.9023879	+6.63,+21.7,+19.3,EA	+3.05,+229.3,+19.8,EB	+6.46,+31.2,+19.9,LA	+2.79,+249.2,+25.6,IB	+2.71,+253.2,+25.2,NB	+2.70,+254.4,+25.4,HB	
1702064644.9114475	+6.63,+21.7,+19.3,EA	+3.05,+229.2,+19.8,DB	+6.46,+31.2,+19.9,LA	+2.80,+248.2,+25.6,NB	+2.71,+253.7,+25.2,KB	+2.67,+255.7,+25.4,LB	
1702064706.9192593	+6.63,+21.6,+19.3,DA	+3.05,+229.2,+19.8,DB	+6.46,+31.2,+19.9,LA	+2.80,+248.3,+25.6,OB	+2.70,+253.7,+25.2,JB	+2.68,+255.6,+25.4,BB	
1702064768.928271	+6.63,+21.6,+19.3,DA	+3.05,+229.1,+19.8,GB	+6.46,+31.2,+19.9,LA	+2.80,+248.3,+25.6,OB	+2.70,+253.7,+25.2,JB	+2.68,+255.6,+25.4,BB	
1702064830.935803	+6.62,+21.7,+19.3,DA	+3.05,+229.2,+19.8,DB	+6.46,+31.3,+19.9,MA	+2.78,+249.4,+25.5,MB	+2.70,+253.8,+25.2,EB	+2.69,+255.0,+25.4,EB	
1702064892.9488432	+6.63,+21.7,+19.3,EA	+3.05,+229.2,+19.8,DB	+6.46,+31.2,+19.9,LA	+2.80,+248.3,+25.5,LB	+2.70,+253.8,+25.2,EB	+2.68,+255.3,+25.4,GB	
1702064954.956089	+6.63,+21.6,+19.3,DA	+3.05,+229.2,+19.8,DB	+6.46,+31.3,+19.9,MA	+2.79,+248.8,+25.6,BB	+2.71,+253.4,+25.2,HB	+2.68,+255.4,+25.4,@B	
1702065016.964611	+6.63,+21.6,+19.3,DA	+3.05,+229.2,+19.8,DB	+6.46,+31.2,+19.9,LA	+2.79,+248.8,+25.6,BB	+2.71,+253.4,+25.2,HB	+2.69,+254.6,+25.4,BB	
1702065078.9736218	+6.63,+21.6,+19.3,DA	+3.05,+229.2,+19.9,EB	+6.46,+31.2,+19.9,LA	+2.78,+249.5,+25.6,OB	+2.71,+253.4,+25.2,HB	+2.70,+254.4,+25.4,HB	
1702065140.995273	+6.63,+21.6,+19.3,DA	+3.05,+229.2,+19.8,DB	+6.46,+31.3,+19.9,MA	+2.79,+248.9,+25.5,@B	+2.71,+253.5,+25.2,IB	+2.69,+254.5,+25.4,AB	
1702065203.0025523	+6.63,+21.6,+19.3,DA	+3.05,+229.2,+19.8,DB	+6.46,+31.2,+19.9,LA	+2.79,+249.2,+25.5,JB	+2.71,+253.3,+25.2,OB	+2.70,+254.2,+25.4,NB	
1702065265.0091538	+6.63,+21.6,+19.3,DA	+3.05,+229.2,+19.8,DB	+6.46,+31.3,+19.9,MA	+2.80,+248.2,+25.6,NB	+2.70,+254.0,+25.2,JB	+2.67,+255.8,+25.4,CB	
1702065327.0296342	+6.63,+21.7,+19.3,EA	+3.05,+229.2,+19.8,DB	+6.46,+31.3,+19.9,MA	+2.80,+248.5,+25.5,JB	+2.70,+253.8,+25.2,EB	+2.68,+255.5,+25.4,AB	
1702065389.04771	+6.63,+21.6,+19.3,DA	+3.05,+229.2,+19.8,DB	+6.46,+31.2,+19.9,LA	+2.79,+249.0,+25.6,KB	+2.71,+253.5,+25.2,IB	+2.69,+254.5,+25.3,FB	
1702065451.064362	+6.63,+21.6,+19.3,DA	+3.05,+229.2,+19.8,DB	+6.46,+31.3,+19.9,MA	+2.79,+249.0,+25.5,HB	+2.71,+253.5,+25.2,IB	+2.70,+254.4,+25.4,HB	
1702065513.0881367	+6.63,+21.7,+19.3,EA	+3.05,+229.2,+19.9,EB	+6.46,+31.3,+19.9,MA	+2.79,+248.7,+25.5,NB	+2.71,+253.6,+25.2,JB	+2.68,+255.2,+25.4,FB	
1702065575.1070452	+6.63,+21.7,+19.3,EA	+3.05,+229.3,+19.8,EB	+6.46,+31.2,+19.9,LA	+2.80,+248.2,+25.6,NB	+2.71,+253.6,+25.2,JB	+2.68,+255.4,+25.4,@B	
1702065821.8400166	+6.62,+21.7,+19.3,DA	+3.05,+229.2,+19.8,DB	+6.46,+31.3,+19.9,MA	+2.79,+249.0,+25.6,KB	+2.70,+253.9,+25.2,DB	+2.67,+255.8,+25.4,CB	
1702065883.8490312	+6.63,+21.7,+19.3,EA	+3.05,+229.2,+19.8,DB	+6.46,+31.3,+19.9,MA	+2.80,+248.6,+25.6,JB	+2.70,+254.0,+25.2,JB	+2.69,+254.8,+25.3,KB	
1702065945.8600605	+6.63,+21.6,+19.3,DA	+3.05,+229.2,+19.8,DB	+6.46,+31.4,+19.9,JA	+2.79,+249.0,+25.6,KB	+2.70,+254.2,+25.2,HB	+2.68,+255.4,+25.4,@B	
1702066007.8709164	+6.62,+21.8,+19.3,KA	+3.05,+229.2,+19.8,DB	+6.46,+31.3,+19.9,MA	+2.79,+249.2,+25.5,JB	+2.70,+253.9,+25.2,DB	+2.67,+255.7,+25.4,LB	
1702066069.8808591	+6.62,+21.7,+19.3,DA	+3.05,+229.2,+19.8,DB	+6.46,+31.2,+19.9,LA	+2.79,+249.2,+25.5,JB	+2.70,+254.1,+25.2,KB	+2.67,+255.7,+25.4,LB	
1702066131.8996434	+6.63,+21.6,+19.3,DA	+3.05,+229.2,+19.8,DB	+6.46,+31.2,+19.9,LA	+2.81,+248.0,+25.5,NB	+2.71,+253.4,+25.2,HB	+2.70,+254.2,+25.4,NB	
1702066193.9199722	+6.62,+21.7,+19.3,DA	+3.05,+229.3,+19.8,EB	+6.46,+31.2,+19.9,LA	+2.80,+248.4,+25.6,HB	+2.70,+254.1,+25.2,KB	+2.69,+254.9,+25.4,MB	
1702066255.9291523	+6.62,+21.8,+19.3,KA	+3.05,+229.2,+19.8,DB	+6.46,+31.2,+19.9,LA	+2.80,+248.3,+25.6,OB	+2.70,+254.2,+25.2,HB	+2.68,+255.2,+25.4,FB	
1702066317.9384894	+6.63,+21.6,+19.3,DA	+3.05,+229.2,+19.8,DB	+6.46,+31.3,+19.9,MA	+2.81,+248.0,+25.6,MB	+2.71,+253.4,+25.2,HB	+2.69,+254.6,+25.4,BB	
1702066379.9464524	+6.62,+21.7,+19.3,DA	+3.05,+229.2,+19.8,DB	+6.46,+31.2,+19.9,LA	+2.79,+248.8,+25.6,BB	+2.70,+254.0,+25.2,JB	+2.67,+255.9,+25.4,BB	
1702066441.9565544	+6.63,+21.6,+19.3,DA	+3.05,+229.2,+19.8,DB	+6.46,+31.3,+19.9,MA	+2.81,+247.8,+25.5,IB	+2.70,+253.8,+25.2,EB	+2.70,+254.2,+25.4,NB	
1702066503.9768314	+6.63,+21.7,+19.3,EA	+3.05,+229.2,+19.8,DB	+6.46,+31.2,+19.9,LA	+2.81,+247.9,+25.5,HB	+2.70,+253.9,+25.2,DB	+2.70,+254.3,+25.4,OB	
1702066565.985861	+6.63,+21.7,+19.3,EA	+3.05,+229.2,+19.9,EB	+6.46,+31.2,+19.9,LA	+2.79,+248.9,+25.6,CB	+2.71,+253.6,+25.2,JB	+2.68,+255.6,+25.4,BB	
1702066628.0047307	+6.63,+21.6,+19.3,DA	+3.05,+229.2,+19.8,DB	+6.46,+31.2,+19.9,LA	+2.80,+248.6,+25.5,IB	+2.71,+253.4,+25.2,HB	+2.68,+255.3,+25.4,GB	
1702066690.0121868	+6.63,+21.7,+19.3,EA	+3.05,+229.3,+19.8,EB	+6.46,+31.3,+19.9,MA	+2.79,+248.8,+25.6,BB	+2.71,+253.7,+25.2,KB	+2.67,+255.9,+25.4,BB	
1702066752.0155432	+6.63,+21.7,+19.3,EA	+3.05,+229.2,+19.8,DB	+6.46,+31.2,+19.9,LA	+2.81,+248.0,+25.6,MB	+2.70,+253.7,+25.2,JB	+2.69,+254.5,+25.4,AB	
1702066814.0338328	+6.63,+21.7,+19.3,EA	+3.05,+229.2,+19.8,DB	+6.46,+31.3,+19.9,MA	+2.79,+249.0,+25.6,KB	+2.70,+253.8,+25.2,EB	+2.67,+255.8,+25.4,CB	
1702066876.0490763	+6.63,+21.6,+19.3,DA	+3.05,+229.3,+19.8,EB	+6.46,+31.3,+19.9,MA	+2.79,+248.8,+25.6,BB	+2.71,+253.6,+25.2,JB	+2.69,+254.9,+25.4,MB	
1702066938.071461	+6.63,+21.7,+19.3,EA	+3.05,+229.3,+19.8,EB	+6.46,+31.3,+19.9,MA	+2.81,+248.1,+25.6,LB	+2.70,+254.1,+25.2,KB	+2.70,+254.4,+25.4,HB	
1702067000.0873694	+6.62,+21.7,+19.3,DA	+3.05,+229.2,+19.8,DB	+6.46,+31.3,+19.9,MA	+2.81,+248.0,+25.6,MB	+2.70,+254.0,+25.2,JB	+2.70,+254.1,+25.3,JB	
1702067062.1003933	+6.63,+21.7,+19.3,EA	+3.05,+229.2,+19.8,DB	+6.46,+31.2,+19.9,LA	+2.79,+249.1,+25.5,IB	+2.71,+253.6,+25.2,JB	+2.67,+255.8,+25.4,CB	
1702067124.1181443	+6.62,+21.8,+19.3,KA	+3.05,+229.2,+19.8,DB	+6.46,+31.3,+19.9,MA	+2.81,+247.8,+25.5,IB	+2.69,+254.3,+25.2,AB	+2.69,+254.6,+25.4,BB	
1702067186.1364515	+6.62,+21.7,+19.3,DA	+3.05,+229.2,+19.8,DB	+6.46,+31.3,+19.9,MA	+2.81,+247.7,+25.6,EB	+2.69,+254.3,+25.2,AB	+2.69,+254.6,+25.4,BB	
1702067248.1538641	+6.62,+21.8,+19.3,KA	+3.05,+229.2,+19.8,DB	+6.46,+31.4,+19.9,JA	+2.80,+248.3,+25.6,OB	+2.70,+254.0,+25.2,JB	+2.68,+255.5,+25.4,AB	
1702067310.171316	+6.62,+21.7,+19.3,DA	+3.05,+229.2,+19.8,DB	+6.46,+31.3,+19.9,MA	+2.80,+248.2,+25.6,NB	+2.70,+254.2,+25.2,HB	+2.68,+255.1,+25.4,EB	
1702067372.188367	+6.62,+21.8,+19.3,KA	+3.05,+229.2,+19.8,DB	+6.46,+31.3,+19.9,MA	+2.80,+248.1,+25.6,MB	+2.69,+254.3,+25.2,AB	+2.69,+255.0,+25.4,EB	
1702067434.196109	+6.63,+21.7,+19.3,EA	+3.05,+229.2,+19.8,DB	+6.46,+31.3,+19.9,MA	+2.79,+249.1,+25.5,IB	+2.71,+253.6,+25.2,JB	+2.67,+255.8,+25.4,CB	
1702067496.215567	+6.62,+21.8,+19.3,KA	+3.05,+229.2,+19.8,DB	+6.46,+31.2,+19.9,LA	+2.80,+248.2,+25.6,NB	+2.70,+254.2,+25.2,HB	+2.69,+254.6,+25.4,BB	
1702067558.242681	+6.62,+21.8,+19.3,KA	+3.05,+229.2,+19.8,DB	+6.46,+31.3,+19.9,MA	+2.79,+249.0,+25.5,HB	+2.71,+253.6,+25.2,JB	+2.67,+255.8,+25.4,CB	
1702067620.2591345	+6.63,+21.7,+19.3,EA	+3.05,+229.2,+19.8,DB	+6.46,+31.3,+19.9,MA	+2.79,+249.0,+25.5,HB	+2.71,+253.5,+25.2,IB	+2.67,+256.1,+25.4,IB	
1702067682.2788062	+6.63,+21.7,+19.3,EA	+3.05,+229.2,+19.8,DB	+6.46,+31.2,+19.9,LA	+2.79,+249.3,+25.5,KB	+2.71,+253.6,+25.2,JB	+2.67,+256.1,+25.4,IB	
1702067744.3022816	+6.62,+21.7,+19.3,DA	+3.05,+229.2,+19.8,DB	+6.46,+31.2,+19.9,LA	+2.79,+249.0,+25.5,HB	+2.71,+253.7,+25.2,KB	+2.67,+256.0,+25.4,HB	
1702067806.3172636	+6.62,+21.7,+19.3,DA	+3.05,+229.2,+19.8,DB	+6.46,+31.2,+19.9,LA	+2.79,+248.9,+25.6,CB	+2.71,+253.6,+25.2,JB	+2.67,+256.0,+25.4,HB	
1702067868.331911	+6.62,+21.7,+19.3,DA	+3.05,+229.2,+19.8,DB	+6.46,+31.3,+19.9,MA	+2.80,+248.6,+25.5,IB	+2.71,+253.7,+25.2,KB	+2.67,+255.7,+25.4,LB	
1702067930.3519938	+6.62,+21.7,+19.3,DA	+3.05,+229.2,+19.8,DB	+6.46,+31.3,+19.9,MA	+2.80,+248.3,+25.5,LB	+2.71,+253.5,+25.2,IB	+2.67,+255.7,+25.4,LB	
1702067992.3675869	+6.62,+21.7,+19.3,DA	+3.05,+229.2,+19.8,DB	+6.46,+31.3,+19.9,MA	+2.81,+248.0,+25.5,NB	+2.70,+253.8,+25.2,EB	+2.68,+255.4,+25.4,@B	
1702068054.386716	+6.62,+21.7,+19.3,DA	+3.05,+229.2,+19.8,DB	+6.46,+31.2,+19.9,LA	+2.79,+249.2,+25.6,IB	+2.70,+253.8,+25.2,EB	+2.68,+255.3,+25.3,@B	
1702068116.4105737	+6.62,+21.8,+19.3,KA	+3.05,+229.2,+19.8,DB	+6.46,+31.2,+19.9,LA	+2.80,+248.1,+25.5,NB	+2.70,+254.1,+25.2,KB	+2.70,+254.2,+25.4,NB	
1702068178.4206586	+6.62,+21.8,+19.3,KA	+3.05,+229.2,+19.8,DB	+6.46,+31.3,+19.9,MA	+2.78,+249.4,+25.5,MB	+2.70,+253.9,+25.2,DB	+2.68,+255.3,+25.4,GB	
1702068240.434793	+6.62,+21.7,+19.3,DA	+3.05,+229.2,+19.8,DB	+6.46,+31.3,+19.9,MA	+2.78,+249.3,+25.5,JB	+2.71,+253.7,+25.2,KB	+2.67,+255.9,+25.3,EB	
1702068302.4543777	+6.62,+21.7,+19.3,DA	+3.05,+229.2,+19.8,DB	+6.46,+31.3,+19.9,MA	+2.78,+249.3,+25.5,JB	+2.70,+253.9,+25.2,DB	+2.67,+255.8,+25.4,CB	
1702068364.480435	+6.62,+21.8,+19.3,KA	+3.05,+229.2,+19.8,DB	+6.46,+31.3,+19.9,MA	+2.81,+247.8,+25.6,JB	+2.71,+253.6,+25.2,JB	+2.68,+255.5,+25.4,AB	
1702068426.5010343	+6.62,+21.7,+19.3,DA	+3.05,+229.2,+19.8,DB	+6.46,+31.3,+19.9,MA	+2.80,+248.5,+25.5,JB	+2.71,+253.5,+25.2,IB	+2.67,+256.2,+25.4,JB	
1702068488.515876	+6.62,+21.8,+19.3,KA	+3.05,+229.2,+19.8,DB	+6.46,+31.3,+19.9,MA	+2.79,+248.9,+25.5,@B	+2.70,+254.3,+25.2,IB	+2.69,+254.9,+25.4,MB	
1702068550.5224326	+6.62,+21.7,+19.3,DA	+3.05,+229.2,+19.8,DB	+6.46,+31.4,+19.9,JA	+2.80,+248.2,+25.5,MB	+2.70,+254.0,+25.2,JB	+2.69,+254.7,+25.4,CB	
1702068612.5323062	+6.62,+21.7,+19.3,DA	+3.05,+229.2,+19.8,DB	+6.46,+31.4,+19.9,JA	+2.80,+248.4,+25.5,KB	+2.70,+253.9,+25.2,DB	+2.69,+254.6,+25.4,BB	
1702068674.5552256	+6.62,+21.7,+19.3,DA	+3.05,+229.3,+19.8,EB	+6.46,+31.3,+19.9,MA	+2.79,+249.2,+25.6,IB	+2.70,+253.9,+25.2,DB	+2.67,+255.9,+25.4,BB	
1702068736.5699313	+6.62,+21.8,+19.3,KA	+3.05,+229.2,+19.8,DB	+6.46,+31.3,+19.9,MA	+2.79,+249.2,+25.6,IB	+2.70,+254.1,+25.2,KB	+2.68,+255.7,+25.4,CB	
1702068798.5811384	+6.62,+21.7,+19.3,DA	+3.05,+229.3,+19.8,EB	+6.46,+31.3,+19.9,MA	+2.81,+247.8,+25.6,JB	+2.71,+253.6,+25.2,JB	+2.68,+255.3,+25.4,GB	
1702068860.5941744	+6.62,+21.8,+19.3,KA	+3.05,+229.2,+19.8,DB	+6.46,+31.3,+19.9,MA	+2.80,+248.2,+25.5,MB	+2.70,+253.8,+25.2,EB	+2.69,+254.5,+25.4,AB	
1702068922.6166844	+6.62,+21.8,+19.3,KA	+3.05,+229.2,+19.8,DB	+6.46,+31.3,+19.9,MA	+2.79,+248.9,+25.6,CB	+2.70,+253.8,+25.2,EB	+2.67,+256.1,+25.4,IB	
1702068984.6343086	+6.62,+21.7,+19.3,DA	+3.05,+229.2,+19.8,DB	+6.46,+31.3,+19.9,MA	+2.80,+248.6,+25.5,IB	+2.71,+253.7,+25.2,KB	+2.67,+255.9,+25.4,BB	
1702069046.6489165	+6.62,+21.7,+19.3,DA	+3.05,+229.2,+19.8,DB	+6.46,+31.3,+19.9,MA	+2.80,+248.4,+25.6,HB	+2.71,+253.6,+25.2,JB	+2.68,+255.1,+25.4,EB	
1702069108.661683	+6.63,+21.7,+19.3,EA	+3.05,+229.3,+19.8,EB	+6.46,+31.3,+19.9,MA	+2.80,+248.2,+25.6,NB	+2.71,+253.5,+25.2,IB	+2.68,+255.4,+25.4,@B	
1702069170.6750016	+6.62,+21.7,+19.3,DA	+3.05,+229.3,+19.8,EB	+6.46,+31.4,+19.9,JA	+2.80,+248.3,+25.5,LB	+2.71,+253.7,+25.2,KB	+2.69,+254.9,+25.4,MB	
1702069232.6885703	+6.62,+21.8,+19.3,KA	+3.05,+229.3,+19.8,EB	+6.46,+31.4,+19.9,JA	+2.80,+248.3,+25.6,OB	+2.70,+253.8,+25.2,EB	+2.66,+256.3,+25.4,JB	
1702069294.715152	+6.62,+21.7,+19.3,DA	+3.05,+229.2,+19.8,DB	+6.46,+31.3,+19.9,MA	+2.80,+248.5,+25.5,JB	+2.70,+253.9,+25.2,DB	+2.66,+256.4,+25.4,MB	
1702069356.7258632	+6.62,+21.8,+19.3,KA	+3.05,+229.2,+19.8,DB	+6.46,+31.3,+19.9,MA	+2.78,+249.4,+25.6,NB	+2.69,+254.4,+25.2,FB	+2.68,+255.7,+25.4,CB	
1702069418.7364545	+6.62,+21.7,+19.3,DA	+3.05,+229.2,+19.8,DB	+6.46,+31.3,+19.9,MA	+2.80,+248.6,+25.5,IB	+2.71,+253.6,+25.2,JB	+2.68,+255.2,+25.4,FB	
1702069665.5005617	+6.62,+21.7,+19.3,DA	+3.05,+229.2,+19.8,DB	+6.46,+31.4,+19.9,JA	+2.79,+249.2,+25.5,JB	+2.70,+254.0,+25.2,JB	+2.69,+254.8,+25.4,LB	
1702069727.5110123	+6.62,+21.8,+19.3,KA	+3.05,+229.2,+19.8,DB	+6.46,+31.3,+19.9,MA	+2.80,+248.1,+25.5,NB	+2.70,+253.7,+25.2,JB	+2.67,+255.8,+25.4,CB	
1702069789.5344453	+6.63,+21.7,+19.3,EA	+3.05,+229.2,+19.8,DB	+6.46,+31.4,+19.9,JA	+2.79,+249.0,+25.5,HB	+2.70,+253.7,+25.2,JB	+2.69,+254.7,+25.4,CB	
1702069851.5544336	+6.62,+21.8,+19.3,KA	+3.05,+229.3,+19.8,EB	+6.46,+31.4,+19.9,JA	+2.80,+248.5,+25.5,JB	+2.70,+253.8,+25.2,EB	+2.68,+255.4,+25.3,GB	
1702069913.567238	+6.62,+21.8,+19.3,KA	+3.05,+229.2,+19.8,DB	+6.46,+31.3,+19.9,MA	+2.79,+248.9,+25.5,@B	+2.69,+254.4,+25.2,FB	+2.66,+256.4,+25.4,MB	
1702069975.5812557	+6.62,+21.8,+19.3,KA	+3.05,+229.2,+19.8,DB	+6.46,+31.3,+19.9,MA	+2.78,+249.7,+25.6,MB	+2.69,+254.3,+25.2,AB	+2.68,+255.6,+25.3,EB	
1702070037.5947785	+6.62,+21.8,+19.3,KA	+3.05,+229.2,+19.8,DB	+6.46,+31.3,+19.9,MA	+2.78,+249.7,+25.6,MB	+2.69,+254.3,+25.2,AB	+2.68,+255.6,+25.4,BB	
1702070099.61928	+6.62,+21.8,+19.3,KA	+3.05,+229.2,+19.8,DB	+6.46,+31.4,+19.9,JA	+2.78,+249.4,+25.6,NB	+2.69,+254.3,+25.2,AB	+2.67,+255.8,+25.4,CB	
1702070161.632091	+6.62,+21.8,+19.3,KA	+3.05,+229.2,+19.8,DB	+6.46,+31.5,+19.9,KA	+2.80,+248.3,+25.6,OB	+2.69,+254.4,+25.2,FB	+2.66,+256.5,+25.4,LB	
1702070223.6448512	+6.62,+21.7,+19.3,DA	+3.05,+229.3,+19.8,EB	+6.46,+31.4,+19.9,JA	+2.78,+249.4,+25.5,MB	+2.70,+253.9,+25.2,DB	+2.69,+255.0,+25.4,EB	
1702070285.666518	+6.62,+21.8,+19.3,KA	+3.05,+229.2,+19.8,DB	+6.46,+31.5,+19.9,KA	+2.79,+249.0,+25.5,HB	+2.69,+254.6,+25.2,DB	+2.66,+256.4,+25.4,MB	
1702070347.6904984	+6.62,+21.8,+19.3,KA	+3.05,+229.2,+19.8,DB	+6.46,+31.5,+19.9,KA	+2.79,+249.2,+25.5,JB	+2.69,+254.5,+25.2,GB	+2.66,+256.4,+25.4,MB	
1702070409.6969986	+6.62,+21.8,+19.3,KA	+3.05,+229.2,+19.8,DB	+6.46,+31.5,+19.9,KA	+2.78,+249.4,+25.5,MB	+2.69,+254.3,+25.2,AB	+2.67,+256.0,+25.4,HB	
1702070471.7037244	+6.62,+21.8,+19.3,KA	+3.05,+229.3,+19.8,EB	+6.46,+31.4,+19.9,JA	+2.79,+248.8,+25.5,AB	+2.69,+254.6,+25.2,DB	+2.66,+256.5,+25.4,LB	
1702070533.71853	+6.62,+21.7,+19.3,DA	+3.05,+229.2,+19.8,DB	+6.46,+31.4,+19.9,JA	+2.79,+249.1,+25.5,IB	+2.70,+254.3,+25.2,IB	+2.67,+255.9,+25.4,BB	
1702070595.73843	+6.62,+21.7,+19.3,DA	+3.05,+229.2,+19.8,DB	+6.46,+31.5,+19.9,KA	+2.79,+249.0,+25.5,HB	+2.70,+253.9,+25.2,DB	+2.69,+255.1,+25.4,DB	
1702070657.759808	+6.63,+21.7,+19.3,EA	+3.05,+229.2,+19.8,DB	+6.46,+31.4,+19.9,JA	+2.79,+249.2,+25.5,JB	+2.70,+254.3,+25.2,IB	+2.67,+255.7,+25.4,LB	
1702070719.770192	+6.62,+21.7,+19.3,DA	+3.05,+229.2,+19.8,DB	+6.46,+31.5,+19.9,KA	+2.80,+248.7,+25.5,HB	+2.70,+254.3,+25.2,IB	+2.68,+255.7,+25.4,CB	
1702070781.797737	+6.62,+21.7,+19.3,DA	+3.05,+229.2,+19.8,DB	+6.46,+31.4,+19.9,JA	+2.78,+249.5,+25.6,OB	+2.70,+254.2,+25.2,HB	+2.67,+255.8,+25.4,CB	
1702070843.8100438	+6.62,+21.7,+19.3,DA	+3.05,+229.2,+19.8,DB	+6.46,+31.4,+19.9,JA	+2.78,+249.8,+25.6,BB	+2.70,+253.8,+25.2,EB	+2.69,+254.6,+25.4,BB	
1702070905.817317	+6.62,+21.8,+19.3,KA	+3.05,+229.2,+19.8,DB	+6.46,+31.5,+19.9,KA	+2.78,+249.4,+25.6,NB	+2.70,+254.2,+25.2,HB	+2.67,+255.7,+25.4,LB	
1702070967.826821	+6.62,+21.8,+19.3,KA	+3.05,+229.2,+19.8,DB	+6.46,+31.4,+19.9,JA	+2.78,+249.4,+25.5,MB	+2.70,+254.0,+25.2,JB	+2.69,+254.8,+25.4,LB	
1702071029.8479633	+6.62,+21.7,+19.3,DA	+3.05,+229.2,+19.8,DB	+6.46,+31.5,+19.9,KA	+2.79,+249.2,+25.5,JB	+2.70,+254.1,+25.2,KB	+2.68,+255.5,+25.4,AB	
1702071091.8598447	+6.62,+21.8,+19.3,KA	+3.05,+229.2,+19.8,DB	+6.46,+31.4,+19.9,JA	+2.79,+249.3,+25.5,KB	+2.70,+253.9,+25.2,DB	+2.70,+254.4,+25.4,HB	
1702071153.887501	+6.62,+21.8,+19.3,KA	+3.05,+229.2,+19.8,DB	+6.46,+31.4,+19.9,JA	+2.80,+248.3,+25.6,OB	+2.69,+254.6,+25.2,DB	+2.67,+255.7,+25.4,LB	
1702071215.9080477	+6.62,+21.7,+19.3,DA	+3.05,+229.2,+19.8,DB	+6.46,+31.4,+19.9,JA	+2.79,+248.7,+25.6,MB	+2.69,+254.6,+25.2,DB	+2.68,+255.3,+25.3,@B	
1702071277.9148	+6.63,+21.7,+19.3,EA	+3.05,+229.2,+19.8,DB	+6.46,+31.5,+19.9,KA	+2.78,+249.5,+25.5,LB	+2.70,+253.8,+25.2,EB	+2.69,+254.8,+25.4,LB	
1702071339.9337509	+6.62,+21.8,+19.3,KA	+3.05,+229.2,+19.8,DB	+6.46,+31.5,+19.9,KA	+2.79,+249.2,+25.5,JB	+2.69,+254.3,+25.2,AB	+2.68,+255.1,+25.3,BB	
1702071401.955863	+6.62,+21.8,+19.3,KA	+3.05,+229.2,+19.8,DB	+6.46,+31.4,+19.9,JA	+2.80,+248.6,+25.5,IB	+2.70,+254.3,+25.2,IB	+2.67,+256.0,+25.4,HB	
1702071463.966808	+6.62,+21.8,+19.3,KA	+3.05,+229.2,+19.8,DB	+6.46,+31.4,+19.9,JA	+2.80,+248.5,+25.6,IB	+2.70,+254.2,+25.2,HB	+2.67,+255.9,+25.4,BB	
1702071525.9747214	+6.62,+21.8,+19.3,KA	+3.05,+229.2,+19.8,DB	+6.46,+31.5,+19.9,KA	+2.80,+248.2,+25.6,NB	+2.69,+254.6,+25.2,DB	+2.66,+256.3,+25.4,JB	
1702071587.9984782	+6.62,+21.8,+19.3,KA	+3.05,+229.2,+19.8,DB	+6.46,+31.5,+19.9,KA	+2.80,+248.3,+25.6,OB	+2.69,+254.6,+25.2,DB	+2.66,+256.4,+25.3,JB	
1702071650.007531	+6.62,+21.8,+19.3,KA	+3.05,+229.2,+19.8,DB	+6.46,+31.4,+19.9,JA	+2.78,+249.5,+25.5,LB	+2.70,+254.3,+25.2,IB	+2.69,+254.6,+25.4,BB	
1702071712.0161948	+6.62,+21.8,+19.3,KA	+3.05,+229.3,+19.8,EB	+6.46,+31.4,+19.9,JA	+2.78,+249.5,+25.6,OB	+2.70,+254.2,+25.2,HB	+2.69,+254.6,+25.4,BB	
1702071774.0358047	+6.62,+21.8,+19.3,KA	+3.05,+229.2,+19.8,DB	+6.46,+31.4,+19.9,JA	+2.78,+249.5,+25.5,LB	+2.69,+254.4,+25.2,FB	+2.69,+254.6,+25.4,BB	
1702071836.0495589	+6.62,+21.8,+19.3,KA	+3.05,+229.2,+19.8,DB	+6.46,+31.4,+19.9,JA	+2.78,+249.5,+25.6,OB	+2.70,+254.0,+25.2,JB	+2.69,+254.8,+25.4,LB	
1702071898.0646925	+6.62,+21.8,+19.3,KA	+3.05,+229.2,+19.8,DB	+6.46,+31.5,+19.9,KA	+2.80,+248.2,+25.6,NB	+2.70,+254.3,+25.2,IB	+2.67,+256.2,+25.4,JB	
1702071960.0827281	+6.62,+21.7,+19.3,DA	+3.05,+229.3,+19.8,EB	+6.46,+31.4,+19.9,JA	+2.80,+248.3,+25.5,LB	+2.70,+254.2,+25.2,HB	+2.67,+256.2,+25.4,JB	
1702072022.100406	+6.62,+21.7,+19.3,DA	+3.05,+229.2,+19.9,EB	+6.46,+31.4,+19.9,JA	+2.79,+249.0,+25.6,KB	+2.70,+254.0,+25.2,JB	+2.68,+255.4,+25.4,@B	
1702072084.1240764	+6.62,+21.8,+19.3,KA	+3.05,+229.2,+19.8,DB	+6.46,+31.5,+19.9,KA	+2.78,+249.7,+25.6,MB	+2.69,+254.3,+25.2,AB	+2.69,+254.5,+25.4,AB	
1702072146.1373112	+6.62,+21.7,+19.3,DA	+3.05,+229.3,+19.9,DB	+6.46,+31.4,+19.9,JA	+2.79,+248.9,+25.5,@B	+2.70,+254.0,+25.2,JB	+2.68,+255.6,+25.4,BB	
1702072208.155516	+6.62,+21.8,+19.4,LA	+3.05,+229.2,+19.8,DB	+6.46,+31.4,+19.9,JA	+2.80,+248.5,+25.5,JB	+2.70,+254.3,+25.2,IB	+2.67,+256.1,+25.4,IB	
1702072270.1602352	+6.62,+21.8,+19.3,KA	+3.05,+229.2,+19.9,EB	+6.46,+31.5,+19.9,KA	+2.78,+249.6,+25.6,LB	+2.69,+254.4,+25.2,FB	+2.70,+254.3,+25.4,OB	
1702072332.1641324	+6.62,+21.8,+19.3,KA	+3.05,+229.3,+19.8,EB	+6.46,+31.5,+19.9,KA	+2.79,+249.2,+25.5,JB	+2.69,+254.7,+25.2,EB	+2.69,+254.9,+25.4,MB	
1702072394.1754866	+6.62,+21.8,+19.3,KA	+3.05,+229.3,+19.8,EB	+6.46,+31.5,+20.0,HA	+2.79,+248.8,+25.6,BB	+2.69,+254.5,+25.2,GB	+2.67,+255.7,+25.4,LB	
1702072456.1946964	+6.62,+21.8,+19.3,KA	+3.05,+229.2,+19.9,EB	+6.46,+31.5,+20.0,HA	+2.79,+249.1,+25.6,JB	+2.69,+254.7,+25.2,EB	+2.68,+255.2,+25.4,FB	
1702072518.2118123	+6.62,+21.9,+19.3,JA	+3.05,+229.3,+19.8,EB	+6.46,+31.5,+20.0,HA	+2.79,+248.7,+25.6,MB	+2.70,+254.0,+25.2,JB	+2.68,+255.1,+25.4,EB	
1702072580.2242541	+6.62,+21.8,+19.3,KA	+3.05,+229.2,+19.8,DB	+6.46,+31.4,+20.0,IA	+2.79,+249.2,+25.5,JB	+2.69,+254.6,+25.2,DB	+2.68,+255.4,+25.4,@B	
1702072642.2363281	+6.62,+21.9,+19.3,JA	+3.05,+229.2,+19.8,DB	+6.46,+31.5,+19.9,KA	+2.78,+249.7,+25.6,MB	+2.69,+254.7,+25.2,EB	+2.68,+255.2,+25.4,FB	
1702072704.2492073	+6.62,+21.8,+19.3,KA	+3.05,+229.3,+19.8,EB	+6.46,+31.5,+20.0,HA	+2.79,+249.1,+25.6,JB	+2.69,+254.3,+25.2,AB	+2.67,+255.9,+25.4,BB	
1702072766.2661474	+6.62,+21.9,+19.3,JA	+3.05,+229.3,+19.8,EB	+6.46,+31.6,+20.0,KA	+2.78,+249.8,+25.6,BB	+2.69,+254.6,+25.2,DB	+2.69,+254.6,+25.4,BB	
1702072828.2775328	+6.62,+21.8,+19.4,LA	+3.05,+229.2,+19.9,EB	+6.46,+31.5,+20.0,HA	+2.79,+249.1,+25.5,IB	+2.69,+254.4,+25.2,FB	+2.68,+255.4,+25.4,@B	
1702072890.2925124	+6.62,+21.8,+19.4,LA	+3.05,+229.2,+19.8,DB	+6.46,+31.5,+20.0,HA	+2.78,+249.4,+25.6,NB	+2.69,+254.5,+25.2,GB	+2.69,+254.9,+25.4,MB	
1702072952.304523	+6.62,+21.8,+19.4,LA	+3.05,+229.3,+19.8,EB	+6.46,+31.6,+20.0,KA	+2.78,+249.8,+25.5,AB	+2.69,+254.8,+25.2,JB	+2.69,+254.9,+25.4,MB	
1702073014.3252847	+6.62,+21.8,+19.4,LA	+3.05,+229.3,+19.8,EB	+6.46,+31.6,+20.0,KA	+2.80,+248.4,+25.5,KB	+2.70,+254.1,+25.2,KB	+2.67,+256.1,+25.4,IB	
1702073076.3501623	+6.62,+21.7,+19.4,CA	+3.05,+229.2,+19.9,EB	+6.46,+31.6,+20.0,KA	+2.79,+248.7,+25.5,NB	+2.70,+254.1,+25.2,KB	+2.66,+256.4,+25.4,MB	
1702073138.3663347	+6.62,+21.8,+19.4,LA	+3.05,+229.3,+19.8,EB	+6.46,+31.5,+20.0,HA	+2.79,+248.9,+25.6,CB	+2.69,+254.3,+25.2,AB	+2.68,+255.5,+25.4,AB	
1702073200.384611	+6.62,+21.8,+19.4,LA	+3.05,+229.2,+19.8,DB	+6.46,+31.5,+20.0,HA	+2.78,+249.8,+25.5,AB	+2.69,+254.9,+25.2,KB	+2.69,+254.6,+25.4,BB	
1702073262.4085844	+6.62,+21.8,+19.4,LA	+3.05,+229.3,+19.8,EB	+6.46,+31.4,+20.0,IA	+2.78,+249.7,+25.6,MB	+2.69,+254.5,+25.2,GB	+2.68,+255.6,+25.4,BB	
1702073509.1713097	+6.62,+21.8,+19.4,LA	+3.05,+229.3,+19.9,DB	+6.46,+31.5,+20.0,HA	+2.77,+249.9,+25.6,LB	+2.69,+254.8,+25.2,JB	+2.66,+256.5,+25.4,LB	
1702073571.2006097	+6.62,+21.8,+19.4,LA	+3.05,+229.3,+19.9,DB	+6.46,+31.5,+20.0,HA	+2.78,+249.5,+25.6,OB	+2.70,+254.2,+25.2,HB	+2.68,+255.3,+25.4,GB	
1702073633.2295625	+6.62,+21.8,+19.4,LA	+3.05,+229.3,+19.9,DB	+6.46,+31.6,+20.0,KA	+2.78,+249.3,+25.5,JB	+2.68,+254.9,+25.2,JB	+2.66,+256.7,+25.4,NB	
1702073695.2376719	+6.62,+21.8,+19.4,LA	+3.05,+229.3,+19.8,EB	+6.46,+31.5,+20.0,HA	+2.79,+249.2,+25.5,JB	+2.70,+254.1,+25.2,KB	+2.68,+255.4,+25.4,@B	
1702073757.2614245	+6.62,+21.8,+19.4,LA	+3.05,+229.3,+19.9,DB	+6.46,+31.5,+20.0,HA	+2.79,+249.0,+25.5,HB	+2.70,+254.1,+25.2,KB	+2.68,+255.1,+25.4,EB	
1702073819.2766347	+6.62,+21.8,+19.4,LA	+3.05,+229.3,+19.9,DB	+6.46,+31.6,+19.9,HA	+2.78,+249.8,+25.5,AB	+2.68,+255.0,+25.2,BB	+2.65,+256.9,+25.4,CB	
1702073881.2940624	+6.62,+21.7,+19.4,CA	+3.05,+229.3,+19.9,DB	+6.46,+31.6,+20.0,KA	+2.79,+248.8,+25.6,BB	+2.69,+254.7,+25.2,EB	+2.67,+255.9,+25.4,BB	
1702073943.308138	+6.62,+21.8,+19.4,LA	+3.05,+229.3,+19.9,DB	+6.46,+31.6,+19.9,HA	+2.78,+249.6,+25.5,OB	+2.69,+254.9,+25.2,KB	+2.65,+256.8,+25.4,BB	
1702074005.326242	+6.62,+21.8,+19.4,LA	+3.05,+229.3,+19.9,DB	+6.46,+31.6,+20.0,KA	+2.79,+248.9,+25.6,CB	+2.69,+254.4,+25.2,FB	+2.68,+255.1,+25.4,EB	
1702074067.3426552	+6.62,+21.8,+19.4,LA	+3.05,+229.3,+19.9,DB	+6.46,+31.6,+20.0,KA	+2.79,+248.9,+25.5,@B	+2.68,+254.9,+25.2,JB	+2.66,+256.4,+25.4,MB	
1702074129.351097	+6.62,+21.8,+19.4,LA	+3.05,+229.3,+19.9,DB	+6.45,+31.7,+19.9,JA	+2.78,+249.4,+25.6,NB	+2.69,+254.3,+25.2,AB	+2.68,+255.1,+25.4,EB	
1702074191.3585706	+6.62,+21.8,+19.4,LA	+3.05,+229.2,+19.9,EB	+6.46,+31.5,+20.0,HA	+2.78,+249.4,+25.5,MB	+2.68,+254.9,+25.2,JB	+2.66,+256.8,+25.4,AB	
1702074253.3696942	+6.63,+21.7,+19.4,BA	+3.05,+229.3,+19.8,EB	+6.45,+31.7,+20.0,IA	+2.79,+248.8,+25.6,BB	+2.68,+254.9,+25.2,JB	+2.67,+255.9,+25.4,BB	
1702074315.3771114	+6.62,+21.8,+19.4,LA	+3.05,+229.3,+19.9,DB	+6.45,+31.7,+20.0,IA	+2.78,+249.5,+25.6,OB	+2.69,+254.9,+25.2,KB	+2.65,+257.0,+25.4,KB	
1702074377.380281	+6.62,+21.8,+19.4,LA	+3.05,+229.2,+19.9,EB	+6.46,+31.6,+19.9,HA	+2.78,+249.4,+25.5,MB	+2.69,+254.4,+25.2,FB	+2.68,+255.4,+25.4,@B	
1702074439.3902645	+6.62,+21.8,+19.4,LA	+3.05,+229.3,+19.9,DB	+6.46,+31.6,+19.9,HA	+2.79,+249.2,+25.6,IB	+2.69,+254.5,+25.2,GB	+2.68,+255.4,+25.4,@B	
1702074501.3998067	+6.62,+21.8,+19.4,LA	+3.05,+229.3,+19.9,DB	+6.46,+31.6,+19.9,HA	+2.78,+249.8,+25.5,AB	+2.70,+254.3,+25.2,IB	+2.67,+256.1,+25.3,NB	
1702074563.4078667	+6.62,+21.9,+19.4,MA	+3.05,+229.3,+19.8,EB	+6.45,+31.6,+19.9,KA	+2.77,+250.1,+25.5,OB	+2.70,+254.3,+25.2,IB	+2.66,+256.3,+25.4,JB	
1702074625.4183426	+6.62,+21.8,+19.4,LA	+3.05,+229.3,+19.9,DB	+6.45,+31.7,+19.9,JA	+2.77,+250.1,+25.5,OB	+2.70,+254.3,+25.2,IB	+2.66,+256.4,+25.4,MB	
1702074687.4282362	+6.62,+21.8,+19.4,LA	+3.05,+229.2,+19.8,DB	+6.46,+31.6,+19.9,HA	+2.79,+248.9,+25.5,@B	+2.68,+255.1,+25.2,CB	+2.67,+256.2,+25.4,JB	
1702074749.435687	+6.62,+21.9,+19.4,MA	+3.05,+229.3,+19.9,DB	+6.46,+31.6,+19.9,HA	+2.77,+250.1,+25.5,OB	+2.69,+254.4,+25.2,FB	+2.66,+256.5,+25.3,KB	
1702074811.4470053	+6.62,+21.8,+19.4,LA	+3.05,+229.3,+19.8,EB	+6.45,+31.7,+19.9,JA	+2.77,+249.9,+25.5,OB	+2.69,+254.3,+25.2,AB	+2.67,+256.2,+25.3,MB	
1702074873.4560215	+6.62,+21.9,+19.4,MA	+3.05,+229.3,+19.9,DB	+6.46,+31.6,+19.9,HA	+2.78,+249.9,+25.5,@B	+2.69,+254.3,+25.2,AB	+2.66,+256.5,+25.4,LB	
1702074935.4656324	+6.62,+21.8,+19.4,LA	+3.05,+229.3,+19.9,DB	+6.45,+31.7,+19.9,JA	+2.79,+248.8,+25.6,BB	+2.68,+255.2,+25.2,@B	+2.67,+255.9,+25.4,BB	
1702074997.470807	+6.62,+21.8,+19.4,LA	+3.05,+229.2,+19.8,DB	+6.45,+31.7,+19.9,JA	+2.79,+248.9,+25.6,CB	+2.68,+255.2,+25.2,@B	+2.67,+255.8,+25.4,CB	
1702075059.4807642	+6.62,+21.9,+19.3,JA	+3.05,+229.3,+19.9,DB	+6.46,+31.6,+19.9,HA	+2.78,+249.7,+25.6,MB	+2.69,+254.4,+25.2,FB	+2.66,+256.8,+25.4,AB	
1702075121.49084	+6.62,+21.8,+19.4,LA	+3.05,+229.3,+19.9,DB	+6.46,+31.5,+19.9,KA	+2.77,+250.1,+25.6,LB	+2.69,+254.4,+25.2,FB	+2.67,+256.2,+25.4,JB	
1702075183.5009553	+6.62,+21.8,+19.4,LA	+3.05,+229.3,+19.8,EB	+6.46,+31.6,+19.9,HA	+2.77,+250.1,+25.5,OB	+2.69,+254.4,+25.2,FB	+2.67,+256.2,+25.4,JB	
1702075245.5109863	+6.62,+21.9,+19.4,MA	+3.05,+229.3,+19.8,EB	+6.46,+31.6,+20.0,KA	+2.80,+248.5,+25.5,JB	+2.69,+254.8,+25.2,JB	+2.66,+256.8,+25.4,AB	
1702075307.5196877	+6.62,+21.8,+19.3,KA	+3.05,+229.3,+19.9,DB	+6.45,+31.7,+19.9,JA	+2.79,+249.1,+25.5,IB	+2.69,+254.3,+25.2,AB	+2.65,+257.1,+25.4,JB	
1702075369.528685	+6.62,+21.8,+19.4,LA	+3.05,+229.3,+19.9,DB	+6.46,+31.5,+19.9,KA	+2.80,+248.5,+25.5,JB	+2.68,+255.1,+25.2,CB	+2.67,+256.1,+25.4,IB	
1702075431.5382462	+6.62,+21.7,+19.3,DA	+3.05,+229.3,+19.9,DB	+6.46,+31.6,+19.9,HA	+2.78,+249.6,+25.6,LB	+2.68,+255.0,+25.2,BB	+2.68,+255.5,+25.4,AB	
1702075493.547941	+6.62,+21.8,+19.3,KA	+3.05,+229.3,+19.8,EB	+6.45,+31.7,+19.9,JA	+2.78,+249.3,+25.6,IB	+2.68,+255.2,+25.2,@B	+2.68,+255.4,+25.4,@B	
1702075555.556985	+6.62,+21.8,+19.3,KA	+3.05,+229.3,+19.9,DB	+6.46,+31.6,+19.9,HA	+2.78,+249.7,+25.6,MB	+2.69,+254.6,+25.2,DB	+2.66,+256.5,+25.4,LB	
1702075617.566935	+6.62,+21.7,+19.3,DA	+3.05,+229.3,+19.9,DB	+6.46,+31.6,+19.9,HA	+2.80,+248.7,+25.5,HB	+2.69,+254.6,+25.2,DB	+2.66,+256.5,+25.4,LB	
1702075679.5764635	+6.62,+21.8,+19.3,KA	+3.05,+229.3,+19.9,DB	+6.46,+31.6,+19.9,HA	+2.78,+249.7,+25.6,MB	+2.69,+254.6,+25.2,DB	+2.66,+256.5,+25.4,LB	
1702075741.5867848	+6.62,+21.9,+19.4,MA	+3.05,+229.3,+19.9,DB	+6.46,+31.6,+19.9,HA	+2.79,+248.7,+25.5,NB	+2.69,+254.7,+25.2,EB	+2.65,+256.9,+25.4,CB	
1702075803.600022	+6.62,+21.8,+19.3,KA	+3.05,+229.3,+19.9,DB	+6.46,+31.6,+19.9,HA	+2.79,+249.0,+25.5,HB	+2.69,+254.5,+25.2,GB	+2.65,+257.0,+25.4,KB	
1702075865.6078193	+6.62,+21.8,+19.4,LA	+3.05,+229.3,+19.8,EB	+6.46,+31.6,+19.9,HA	+2.78,+249.6,+25.5,OB	+2.68,+255.2,+25.2,@B	+2.68,+255.3,+25.4,GB	
1702075927.6175296	+6.62,+21.8,+19.3,KA	+3.05,+229.3,+19.9,DB	+6.46,+31.6,+19.9,HA	+2.78,+249.8,+25.5,AB	+2.69,+254.8,+25.2,JB	+2.67,+256.2,+25.4,JB	
1702075989.6250944	+6.62,+21.8,+19.3,KA	+3.05,+229.2,+19.9,EB	+6.46,+31.6,+19.9,HA	+2.77,+249.9,+25.5,OB	+2.68,+254.9,+25.2,JB	+2.67,+256.2,+25.4,JB	
1702076051.6317039	+6.62,+21.8,+19.3,KA	+3.05,+229.3,+19.9,DB	+6.46,+31.6,+19.9,HA	+2.79,+249.1,+25.6,JB	+2.68,+255.1,+25.2,CB	+2.67,+255.9,+25.4,BB	
1702076113.6431768	+6.62,+21.8,+19.3,KA	+3.05,+229.3,+19.9,DB	+6.45,+31.7,+19.9,JA	+2.78,+249.6,+25.6,LB	+2.69,+254.9,+25.2,KB	+2.66,+256.5,+25.4,LB	
1702076175.651847	+6.62,+21.8,+19.3,KA	+3.05,+229.3,+19.9,DB	+6.46,+31.6,+19.9,HA	+2.79,+248.9,+25.6,CB	+2.69,+254.7,+25.2,EB	+2.67,+256.0,+25.4,HB	
1702076237.660256	+6.62,+21.8,+19.3,KA	+3.05,+229.3,+19.8,EB	+6.46,+31.6,+19.9,HA	+2.79,+248.8,+25.6,BB	+2.69,+254.6,+25.2,DB	+2.66,+256.3,+25.4,JB	
1702076299.667713	+6.62,+21.8,+19.3,KA	+3.05,+229.3,+19.9,DB	+6.45,+31.7,+19.9,JA	+2.79,+249.1,+25.6,JB	+2.69,+254.6,+25.2,DB	+2.67,+256.0,+25.4,HB	
1702076361.6760976	+6.62,+21.7,+19.3,DA	+3.05,+229.3,+19.8,EB	+6.45,+31.6,+19.9,KA	+2.78,+249.4,+25.6,NB	+2.69,+254.4,+25.2,FB	+2.65,+257.0,+25.4,KB	
1702076423.6847157	+6.62,+21.8,+19.3,KA	+3.05,+229.2,+19.9,EB	+6.45,+31.6,+19.9,KA	+2.79,+249.0,+25.5,HB	+2.69,+254.4,+25.2,FB	+2.66,+256.4,+25.4,MB	
1702076485.6936395	+6.62,+21.8,+19.4,LA	+3.05,+229.3,+19.9,DB	+6.45,+31.6,+19.9,KA	+2.77,+250.0,+25.5,NB	+2.68,+255.0,+25.2,BB	+2.67,+255.6,+25.3,JB	
1702076547.701854	+6.62,+21.8,+19.3,KA	+3.05,+229.2,+19.9,EB	+6.46,+31.6,+19.9,HA	+2.78,+249.8,+25.6,BB	+2.68,+255.0,+25.2,BB	+2.67,+255.7,+25.4,LB	
1702076609.708981	+6.62,+21.8,+19.3,KA	+3.05,+229.3,+19.9,DB	+6.46,+31.6,+19.9,HA	+2.78,+249.7,+25.6,MB	+2.69,+254.9,+25.2,KB	+2.68,+255.4,+25.4,@B	
1702076671.7202613	+6.62,+21.8,+19.3,KA	+3.05,+229.3,+19.8,EB	+6.46,+31.6,+19.9,HA	+2.78,+249.7,+25.5,NB	+2.69,+254.8,+25.2,JB	+2.68,+255.4,+25.4,@B	
1702076733.7287917	+6.62,+21.8,+19.3,KA	+3.05,+229.3,+19.9,DB	+6.45,+31.6,+19.9,KA	+2.77,+249.9,+25.6,LB	+2.68,+255.0,+25.2,BB	+2.67,+255.9,+25.4,BB	
1702076795.7376692	+6.62,+21.8,+19.3,KA	+3.05,+229.3,+19.8,EB	+6.45,+31.6,+19.9,KA	+2.79,+248.9,+25.5,@B	+2.69,+254.3,+25.2,AB	+2.66,+256.8,+25.4,AB	
1702076857.7461715	+6.62,+21.8,+19.3,KA	+3.05,+229.3,+19.9,DB	+6.45,+31.7,+19.9,JA	+2.77,+250.2,+25.5,LB	+2.68,+255.0,+25.2,BB	+2.68,+255.5,+25.4,AB	
1702076919.754471	+6.63,+21.7,+19.3,EA	+3.05,+229.3,+19.8,EB	+6.45,+31.7,+19.9,JA	+2.79,+248.9,+25.5,@B	+2.69,+254.6,+25.2,DB	+2.65,+257.1,+25.4,JB	
1702076981.763985	+6.62,+21.8,+19.3,KA	+3.05,+229.3,+19.8,EB	+6.45,+31.7,+19.9,JA	+2.79,+249.1,+25.6,JB	+2.69,+254.4,+25.2,FB	+2.66,+256.5,+25.4,LB	
1702077043.7728512	+6.62,+21.8,+19.3,KA	+3.05,+229.3,+19.9,DB	+6.45,+31.6,+19.9,KA	+2.79,+249.1,+25.6,JB	+2.68,+255.0,+25.2,BB	+2.65,+256.8,+25.4,BB	
1702077105.7804399	+6.62,+21.7,+19.3,DA	+3.05,+229.3,+19.9,DB	+6.45,+31.7,+19.9,JA	+2.79,+249.0,+25.6,KB	+2.69,+254.5,+25.2,GB	+2.66,+256.5,+25.4,LB	
1702077352.4962647	+6.62,+21.8,+19.3,KA	+3.05,+229.3,+19.9,DB	+6.45,+31.7,+19.9,JA	+2.78,+249.5,+25.6,OB	+2.68,+255.4,+25.2,FB	+2.67,+256.2,+25.4,JB	
1702077414.5065722	+6.62,+21.7,+19.3,DA	+3.05,+229.3,+19.9,DB	+6.45,+31.7,+19.9,JA	+2.79,+248.8,+25.6,BB	+2.68,+254.9,+25.2,JB	+2.67,+255.7,+25.4,LB	
1702077476.5162773	+6.62,+21.8,+19.3,KA	+3.05,+229.3,+19.9,DB	+6.45,+31.8,+19.9,EA	+2.79,+249.0,+25.6,KB	+2.68,+255.3,+25.2,AB	+2.68,+255.6,+25.4,BB	
1702077538.5238705	+6.62,+21.7,+19.3,DA	+3.05,+229.3,+19.8,EB	+6.45,+31.7,+19.9,JA	+2.78,+249.8,+25.6,BB	+2.69,+254.8,+25.2,JB	+2.65,+257.0,+25.4,KB	
1702077600.5296636	+6.62,+21.8,+19.3,KA	+3.05,+229.3,+19.9,DB	+6.45,+31.7,+19.9,JA	+2.77,+250.0,+25.6,MB	+2.68,+254.9,+25.2,JB	+2.65,+257.2,+25.4,IB	
1702077662.5390062	+6.62,+21.8,+19.3,KA	+3.05,+229.3,+19.9,DB	+6.45,+31.7,+19.9,JA	+2.77,+250.0,+25.6,MB	+2.68,+255.1,+25.2,CB	+2.65,+257.1,+25.4,JB	
1702077724.5477965	+6.62,+21.8,+19.3,KA	+3.05,+229.3,+19.8,EB	+6.45,+31.7,+19.9,JA	+2.79,+248.9,+25.6,CB	+2.68,+255.4,+25.2,FB	+2.68,+255.5,+25.4,AB	
1702077786.555846	+6.62,+21.7,+19.3,DA	+3.05,+229.3,+19.8,EB	+6.45,+31.7,+19.9,JA	+2.78,+249.8,+25.6,BB	+2.69,+254.8,+25.2,JB	+2.66,+256.6,+25.4,OB	
1702077848.5613058	+6.62,+21.8,+19.3,KA	+3.05,+229.3,+19.9,DB	+6.45,+31.8,+19.9,EA	+2.77,+250.0,+25.6,MB	+2.69,+254.8,+25.2,JB	+2.65,+257.0,+25.4,KB	
1702077910.566795	+6.62,+21.7,+19.3,DA	+3.05,+229.3,+19.8,EB	+6.45,+31.7,+19.9,JA	+2.77,+250.0,+25.5,NB	+2.69,+254.8,+25.2,JB	+2.65,+257.0,+25.4,KB	
1702077972.5741322	+6.62,+21.7,+19.3,DA	+3.05,+229.3,+19.9,DB	+6.45,+31.8,+19.9,EA	+2.78,+249.5,+25.5,LB	+2.69,+254.7,+25.2,EB	+2.66,+256.6,+25.4,OB	
1702078034.5807216	+6.62,+21.7,+19.3,DA	+3.05,+229.3,+19.8,EB	+6.45,+31.7,+19.9,JA	+2.78,+249.7,+25.5,NB	+2.69,+254.7,+25.2,EB	+2.66,+256.6,+25.4,OB	
1702078096.5889535	+6.62,+21.8,+19.3,KA	+3.05,+229.3,+19.9,DB	+6.45,+31.8,+19.9,EA	+2.79,+249.2,+25.5,JB	+2.68,+255.4,+25.2,FB	+2.67,+256.2,+25.4,JB	
1702078158.5974174	+6.62,+21.7,+19.3,DA	+3.05,+229.3,+19.8,EB	+6.45,+31.7,+19.9,JA	+2.78,+249.4,+25.5,MB	+2.68,+255.0,+25.2,BB	+2.66,+256.3,+25.4,JB	
1702078220.604841	+6.62,+21.7,+19.3,DA	+3.05,+229.3,+19.8,EB	+6.45,+31.7,+19.9,JA	+2.77,+250.1,+25.5,OB	+2.69,+254.9,+25.2,KB	+2.65,+257.3,+25.4,HB	
1702078282.611902	+6.62,+21.8,+19.3,KA	+3.05,+229.3,+19.8,EB	+6.45,+31.8,+19.9,EA	+2.79,+249.1,+25.5,IB	+2.67,+255.5,+25.2,HB	+2.67,+256.2,+25.4,JB	
1702078344.6213806	+6.63,+21.6,+19.3,DA	+3.05,+229.3,+19.8,EB	+6.45,+31.7,+19.9,JA	+2.78,+249.6,+25.5,OB	+2.68,+255.1,+25.2,CB	+2.66,+256.5,+25.4,LB	
1702078406.6332319	+6.62,+21.7,+19.3,DA	+3.05,+229.3,+19.8,EB	+6.45,+31.8,+19.9,EA	+2.79,+248.8,+25.6,BB	+2.67,+255.5,+25.2,HB	+2.67,+256.2,+25.4,JB	
1702078468.6429703	+6.62,+21.7,+19.3,DA	+3.05,+229.3,+19.9,DB	+6.45,+31.8,+19.9,EA	+2.79,+248.8,+25.5,AB	+2.67,+255.7,+25.2,JB	+2.67,+255.7,+25.4,LB	
1702078530.6516685	+6.63,+21.7,+19.3,EA	+3.05,+229.3,+19.8,EB	+6.45,+31.8,+19.9,EA	+2.77,+250.0,+25.6,MB	+2.68,+254.9,+25.2,JB	+2.65,+257.1,+25.4,JB	
1702078592.660444	+6.62,+21.7,+19.3,DA	+3.05,+229.3,+19.9,DB	+6.45,+31.7,+19.9,JA	+2.78,+249.4,+25.6,NB	+2.68,+255.2,+25.2,@B	+2.66,+256.8,+25.4,AB	
1702078654.6713262	+6.63,+21.6,+19.3,DA	+3.05,+229.3,+19.8,EB	+6.45,+31.8,+19.9,EA	+2.78,+249.9,+25.5,@B	+2.68,+255.1,+25.2,CB	+2.66,+256.3,+25.4,JB	
1702078716.680066	+6.63,+21.7,+19.3,EA	+3.05,+229.3,+19.8,EB	+6.45,+31.7,+19.9,JA	+2.77,+250.1,+25.6,LB	+2.68,+255.0,+25.2,BB	+2.66,+256.8,+25.4,AB	
1702078778.6882017	+6.63,+21.7,+19.3,EA	+3.05,+229.3,+19.8,EB	+6.45,+31.7,+19.9,JA	+2.78,+249.3,+25.5,JB	+2.68,+255.2,+25.2,@B	+2.66,+256.6,+25.4,OB	
1702078840.6985846	+6.62,+21.7,+19.3,DA	+3.05,+229.3,+19.8,EB	+6.45,+31.8,+19.9,EA	+2.79,+248.8,+25.6,BB	+2.67,+255.7,+25.2,JB	+2.68,+255.4,+25.4,@B	
1702078902.708331	+6.63,+21.7,+19.3,EA	+3.05,+229.3,+19.8,EB	+6.45,+31.7,+19.9,JA	+2.78,+249.5,+25.6,OB	+2.68,+255.0,+25.2,BB	+2.66,+256.7,+25.4,NB	
1702078964.7179756	+6.62,+21.7,+19.3,DA	+3.05,+229.3,+19.8,EB	+6.45,+31.7,+19.9,JA	+2.77,+250.1,+25.5,OB	+2.68,+255.3,+25.2,AB	+2.66,+256.4,+25.4,MB	
1702079026.7233052	+6.62,+21.8,+19.3,KA	+3.05,+229.3,+19.9,DB	+6.45,+31.8,+19.9,EA	+2.79,+248.9,+25.5,@B	+2.67,+255.5,+25.2,HB	+2.68,+255.6,+25.4,BB	
1702079088.7332852	+6.62,+21.8,+19.3,KA	+3.05,+229.3,+19.8,EB	+6.45,+31.7,+19.9,JA	+2.79,+248.9,+25.6,CB	+2.67,+255.7,+25.2,JB	+2.68,+255.3,+25.4,GB	
1702079150.742069	+6.62,+21.7,+19.3,DA	+3.05,+229.3,+19.8,EB	+6.45,+31.8,+19.9,EA	+2.79,+248.9,+25.6,CB	+2.68,+255.2,+25.2,@B	+2.67,+256.0,+25.4,HB	
1702079212.7522063	+6.62,+21.8,+19.3,KA	+3.05,+229.3,+19.8,EB	+6.45,+31.7,+19.9,JA	+2.79,+248.8,+25.6,BB	+2.67,+255.5,+25.2,HB	+2.68,+255.4,+25.3,GB	
1702079274.76254	+6.62,+21.8,+19.3,KA	+3.05,+229.3,+19.8,EB	+6.45,+31.7,+19.9,JA	+2.80,+248.6,+25.5,IB	+2.67,+255.6,+25.2,KB	+2.68,+255.6,+25.4,BB	
1702079336.7709563	+6.63,+21.7,+19.3,EA	+3.05,+229.3,+19.8,EB	+6.45,+31.8,+19.8,DA	+2.78,+249.9,+25.6,CB	+2.68,+255.2,+25.2,@B	+2.65,+257.1,+25.4,JB	
1702079398.7811506	+6.62,+21.8,+19.3,KA	+3.05,+229.3,+19.8,EB	+6.45,+31.8,+19.9,EA	+2.79,+248.9,+25.5,@B	+2.68,+255.4,+25.2,FB	+2.67,+255.7,+25.3,KB	
1702079460.7921584	+6.62,+21.7,+19.3,DA	+3.05,+229.3,+19.8,EB	+6.45,+31.8,+19.9,EA	+2.79,+249.1,+25.5,IB	+2.68,+255.2,+25.2,@B	+2.66,+256.3,+25.4,JB	
1702079522.8020406	+6.63,+21.7,+19.3,EA	+3.05,+229.3,+19.8,EB	+6.45,+31.8,+19.8,DA	+2.77,+250.0,+25.6,MB	+2.68,+255.2,+25.2,@B	+2.65,+257.2,+25.4,IB	
1702079584.8138428	+6.62,+21.7,+19.3,DA	+3.05,+229.3,+19.8,EB	+6.45,+31.9,+19.8,EA	+2.79,+249.0,+25.6,KB	+2.67,+255.5,+25.2,HB	+2.68,+255.5,+25.4,AB	
1702079646.8244917	+6.63,+21.7,+19.3,EA	+3.05,+229.3,+19.8,EB	+6.45,+31.8,+19.8,DA	+2.79,+249.2,+25.5,JB	+2.68,+255.1,+25.2,CB	+2.65,+257.0,+25.4,KB	
1702079708.8313642	+6.63,+21.7,+19.3,EA	+3.05,+229.3,+19.8,EB	+6.45,+31.9,+19.9,DA	+2.79,+249.1,+25.5,IB	+2.68,+255.1,+25.2,CB	+2.66,+256.8,+25.4,AB	
1702079770.839277	+6.62,+21.8,+19.3,KA	+3.05,+229.3,+19.8,EB	+6.45,+31.8,+19.9,EA	+2.79,+248.7,+25.5,NB	+2.68,+255.3,+25.2,AB	+2.67,+255.9,+25.4,BB	
1702079832.847862	+6.62,+21.7,+19.3,DA	+3.05,+229.3,+19.8,EB	+6.45,+31.7,+19.8,KA	+2.78,+249.5,+25.6,OB	+2.67,+255.8,+25.2,EB	+2.68,+255.5,+25.4,AB	
1702079894.8582597	+6.63,+21.7,+19.3,EA	+3.05,+229.3,+19.8,EB	+6.45,+31.8,+19.9,EA	+2.77,+250.2,+25.5,LB	+2.67,+255.7,+25.2,JB	+2.66,+256.7,+25.4,NB	
1702079956.8669374	+6.62,+21.7,+19.3,DA	+3.05,+229.3,+19.8,EB	+6.45,+31.8,+19.8,DA	+2.77,+249.9,+25.6,LB	+2.68,+255.5,+25.2,GB	+2.65,+257.0,+25.4,KB	
1702080018.8761542	+6.62,+21.7,+19.3,DA	+3.05,+229.3,+19.8,EB	+6.45,+31.9,+19.9,DA	+2.77,+250.2,+25.5,LB	+2.67,+255.8,+25.2,EB	+2.66,+256.5,+25.4,LB	
1702080080.885639	+6.63,+21.7,+19.3,EA	+3.05,+229.3,+19.8,EB	+6.45,+31.8,+19.9,EA	+2.78,+249.4,+25.6,NB	+2.68,+255.3,+25.2,AB	+2.66,+256.8,+25.4,AB	
1702080142.8942869	+6.63,+21.7,+19.3,EA	+3.05,+229.3,+19.8,EB	+6.45,+31.9,+19.9,DA	+2.79,+248.9,+25.6,CB	+2.68,+255.4,+25.2,FB	+2.68,+255.3,+25.4,GB	
1702080204.9044454	+6.62,+21.7,+19.3,DA	+3.05,+229.3,+19.8,EB	+6.45,+31.8,+19.9,EA	+2.77,+250.0,+25.6,MB	+2.67,+255.9,+25.2,DB	+2.66,+256.4,+25.4,MB	
1702080266.9136126	+6.62,+21.9,+19.3,JA	+3.05,+229.3,+19.8,EB	+6.45,+31.8,+19.8,DA	+2.77,+250.1,+25.5,OB	+2.67,+255.8,+25.2,EB	+2.66,+256.3,+25.3,MB	
1702080328.9187195	+6.62,+21.8,+19.3,KA	+3.05,+229.3,+19.8,EB	+6.45,+31.8,+19.9,EA	+2.77,+250.1,+25.6,LB	+2.67,+255.8,+25.2,EB	+2.67,+255.8,+25.4,CB	
1702080390.9294577	+6.62,+21.7,+19.3,DA	+3.05,+229.3,+19.8,EB	+6.45,+31.9,+19.8,EA	+2.78,+249.6,+25.6,LB	+2.67,+255.5,+25.2,HB	+2.65,+256.9,+25.4,CB	
1702080452.938788	+6.62,+21.7,+19.3,DA	+3.05,+229.3,+19.8,EB	+6.45,+31.9,+19.8,EA	+2.78,+249.5,+25.5,LB	+2.68,+255.5,+25.2,GB	+2.68,+255.3,+25.3,@B	
1702080514.9472742	+6.62,+21.7,+19.3,DA	+3.05,+229.3,+19.8,EB	+6.45,+31.9,+19.8,EA	+2.77,+249.9,+25.6,LB	+2.67,+255.9,+25.2,DB	+2.65,+256.9,+25.4,CB	
1702080576.9590986	+6.63,+21.6,+19.2,EA	+3.05,+229.3,+19.8,EB	+6.45,+31.8,+19.8,DA	+2.79,+249.0,+25.6,KB	+2.68,+255.1,+25.2,CB	+2.68,+255.6,+25.4,BB	
1702080638.9693148	+6.63,+21.7,+19.3,EA	+3.05,+229.3,+19.8,EB	+6.45,+31.8,+19.8,DA	+2.79,+248.9,+25.6,CB	+2.68,+255.2,+25.2,@B	+2.67,+255.7,+25.3,KB	
1702080700.9798293	+6.63,+21.7,+19.2,DA	+3.05,+229.3,+19.8,EB	+6.45,+31.8,+19.8,DA	+2.79,+248.8,+25.5,AB	+2.68,+255.3,+25.2,AB	+2.67,+256.0,+25.4,HB	
1702080762.9863021	+6.63,+21.6,+19.2,EA	+3.05,+229.3,+19.8,EB	+6.45,+31.7,+19.8,KA	+2.79,+249.0,+25.6,KB	+2.68,+255.3,+25.2,AB	+2.67,+256.0,+25.4,HB	
1702080824.9962945	+6.63,+21.7,+19.3,EA	+3.05,+229.3,+19.8,EB	+6.45,+31.8,+19.8,DA	+2.77,+250.0,+25.5,NB	+2.67,+255.5,+25.2,HB	+2.68,+255.5,+25.4,AB	
1702080887.004703	+6.62,+21.7,+19.3,DA	+3.05,+229.2,+19.8,DB	+6.45,+31.9,+19.8,EA	+2.77,+250.2,+25.6,OB	+2.67,+255.9,+25.2,DB	+2.66,+256.5,+25.4,LB	
1702080949.0141933	+6.63,+21.7,+19.3,EA	+3.05,+229.3,+19.8,EB	+6.45,+31.8,+19.8,DA	+2.79,+249.1,+25.6,JB	+2.67,+255.6,+25.2,KB	+2.66,+256.7,+25.4,NB	
1702081195.8114326	+6.63,+21.6,+19.2,EA	+3.05,+229.3,+19.8,EB	+6.45,+31.8,+19.8,DA	+2.77,+250.1,+25.5,OB	+2.68,+255.3,+25.2,AB	+2.68,+255.2,+25.4,FB	
1702081257.820092	+6.62,+21.7,+19.2,EA	+3.05,+229.3,+19.8,EB	+6.45,+31.8,+19.9,EA	+2.79,+249.1,+25.5,IB	+2.68,+255.4,+25.2,FB	+2.67,+255.7,+25.4,LB	
1702081319.8285098	+6.63,+21.7,+19.2,DA	+3.05,+229.3,+19.8,EB	+6.45,+31.8,+19.8,DA	+2.77,+250.0,+25.5,NB	+2.68,+255.1,+25.2,CB	+2.69,+255.0,+25.4,EB	
1702081381.8370075	+6.62,+21.7,+19.3,DA	+3.05,+229.3,+19.8,EB	+6.45,+31.9,+19.9,DA	+2.77,+250.0,+25.6,MB	+2.67,+255.7,+25.2,JB	+2.67,+256.1,+25.4,IB	
1702081443.8452396	+6.62,+21.7,+19.3,DA	+3.05,+229.3,+19.8,EB	+6.45,+31.9,+19.8,EA	+2.77,+249.9,+25.5,OB	+2.67,+255.7,+25.2,JB	+2.67,+256.2,+25.4,JB	
1702081505.852805	+6.63,+21.7,+19.3,EA	+3.05,+229.2,+19.8,DB	+6.45,+31.8,+19.8,DA	+2.79,+249.1,+25.5,IB	+2.68,+255.4,+25.2,FB	+2.68,+255.4,+25.4,@B	
1702081567.8614452	+6.62,+21.7,+19.3,DA	+3.05,+229.3,+19.8,EB	+6.45,+31.8,+19.8,DA	+2.79,+249.2,+25.5,JB	+2.67,+256.0,+25.2,NB	+2.65,+256.9,+25.4,CB	
1702081629.8679585	+6.63,+21.7,+19.3,EA	+3.05,+229.3,+19.8,EB	+6.45,+31.9,+19.8,EA	+2.78,+249.8,+25.6,BB	+2.68,+255.2,+25.2,@B	+2.68,+255.2,+25.4,FB	
1702081691.8755665	+6.63,+21.7,+19.3,EA	+3.05,+229.3,+19.8,EB	+6.45,+31.8,+19.8,DA	+2.77,+250.0,+25.6,MB	+2.68,+255.5,+25.2,GB	+2.67,+256.0,+25.4,HB	
1702081753.8855207	+6.63,+21.7,+19.2,DA	+3.05,+229.3,+19.8,EB	+6.45,+31.9,+19.8,EA	+2.79,+249.0,+25.6,KB	+2.67,+256.0,+25.2,NB	+2.66,+256.8,+25.4,AB	
1702081815.8947132	+6.63,+21.7,+19.3,EA	+3.05,+229.3,+19.8,EB	+6.45,+32.0,+19.8,OA	+2.78,+249.3,+25.5,JB	+2.67,+255.6,+25.2,KB	+2.67,+255.7,+25.4,LB	
1702081877.904503	+6.63,+21.7,+19.2,DA	+3.05,+229.3,+19.8,EB	+6.45,+31.9,+19.8,EA	+2.78,+249.7,+25.6,MB	+2.67,+255.6,+25.2,KB	+2.66,+256.3,+25.4,JB	
1702081939.913616	+6.62,+21.7,+19.2,EA	+3.05,+229.2,+19.8,DB	+6.45,+31.9,+19.8,EA	+2.78,+249.3,+25.6,IB	+2.67,+255.7,+25.2,JB	+2.68,+255.6,+25.4,BB	
1702082001.9227989	+6.63,+21.7,+19.2,DA	+3.05,+229.3,+19.8,EB	+6.45,+31.8,+19.8,DA	+2.78,+249.7,+25.6,MB	+2.68,+255.4,+25.2,FB	+2.68,+255.2,+25.4,FB	
1702082063.9290812	+6.63,+21.6,+19.2,EA	+3.05,+229.3,+19.8,EB	+6.45,+32.0,+19.8,OA	+2.77,+250.0,+25.6,MB	+2.67,+255.5,+25.2,HB	+2.67,+256.1,+25.4,IB	
1702082125.9372437	+6.62,+21.8,+19.3,KA	+3.05,+229.3,+19.8,EB	+6.45,+31.9,+19.9,DA	+2.79,+249.2,+25.6,IB	+2.67,+256.0,+25.2,NB	+2.66,+256.8,+25.4,AB	
1702082187.946067	+6.63,+21.7,+19.3,EA	+3.05,+229.2,+19.8,DB	+6.45,+32.0,+19.8,OA	+2.78,+249.7,+25.6,MB	+2.67,+255.6,+25.2,KB	+2.66,+256.5,+25.4,LB	
1702082249.95638	+6.63,+21.6,+19.3,DA	+3.05,+229.2,+19.8,DB	+6.45,+31.9,+19.8,EA	+2.77,+249.9,+25.6,LB	+2.67,+255.5,+25.2,HB	+2.67,+256.2,+25.4,JB	
1702082311.9666626	+6.62,+21.7,+19.3,DA	+3.05,+229.2,+19.8,DB	+6.45,+31.8,+19.8,DA	+2.79,+249.2,+25.5,JB	+2.67,+256.1,+25.2,OB	+2.66,+256.5,+25.4,LB	
1702082373.974648	+6.63,+21.7,+19.2,DA	+3.05,+229.3,+19.8,EB	+6.45,+31.9,+19.8,EA	+2.77,+250.0,+25.6,MB	+2.68,+255.4,+25.2,FB	+2.67,+255.8,+25.3,DB	
1702082435.9834862	+6.62,+21.8,+19.3,KA	+3.05,+229.3,+19.8,EB	+6.45,+31.9,+19.8,EA	+2.77,+250.2,+25.5,LB	+2.68,+255.3,+25.2,AB	+2.68,+255.1,+25.4,EB	
1702082497.9895136	+6.62,+21.7,+19.3,DA	+3.05,+229.3,+19.8,EB	+6.45,+31.8,+19.9,EA	+2.79,+249.2,+25.5,JB	+2.67,+255.6,+25.2,KB	+2.66,+256.6,+25.4,OB	
1702082559.995823	+6.62,+21.8,+19.3,KA	+3.05,+229.3,+19.8,EB	+6.45,+31.9,+19.9,DA	+2.79,+249.0,+25.5,HB	+2.66,+256.1,+25.2,NB	+2.66,+256.3,+25.3,MB	
1702082622.0024247	+6.63,+21.7,+19.3,EA	+3.05,+229.3,+19.8,EB	+6.45,+31.8,+19.9,EA	+2.78,+249.5,+25.6,OB	+2.67,+255.6,+25.2,KB	+2.66,+256.5,+25.4,LB	
1702082684.0122728	+6.62,+21.8,+19.3,KA	+3.05,+229.3,+19.8,EB	+6.45,+31.9,+19.9,DA	+2.79,+249.2,+25.6,IB	+2.67,+255.8,+25.2,EB	+2.65,+256.8,+25.4,BB	
1702082746.0200992	+6.62,+21.8,+19.2,JA	+3.05,+229.3,+19.8,EB	+6.45,+31.9,+19.8,EA	+2.78,+249.5,+25.5,LB	+2.66,+256.1,+25.2,NB	+2.67,+255.9,+25.4,BB	
1702082808.029542	+6.62,+21.9,+19.2,KA	+3.05,+229.3,+19.8,EB	+6.45,+31.9,+19.8,EA	+2.78,+249.8,+25.5,AB	+2.67,+256.0,+25.2,NB	+2.68,+255.4,+25.4,@B	
1702082870.0383496	+6.62,+21.8,+19.2,JA	+3.05,+229.3,+19.8,EB	+6.45,+31.9,+19.8,EA	+2.78,+249.8,+25.5,AB	+2.67,+255.9,+25.2,DB	+2.68,+255.3,+25.4,GB	
1702082932.0458193	+6.62,+21.9,+19.3,JA	+3.05,+229.3,+19.8,EB	+6.45,+31.9,+19.9,DA	+2.77,+250.0,+25.5,NB	+2.67,+256.0,+25.2,NB	+2.68,+255.3,+25.4,GB	
1702082994.0547268	+6.62,+21.8,+19.3,KA	+3.05,+229.3,+19.8,EB	+6.45,+32.0,+19.8,OA	+2.78,+249.9,+25.6,CB	+2.68,+255.4,+25.2,FB	+2.67,+255.8,+25.4,CB	
1702083056.0630763	+6.62,+21.7,+19.3,DA	+3.05,+229.2,+19.8,DB	+6.45,+32.0,+19.8,OA	+2.78,+249.6,+25.5,OB	+2.68,+255.4,+25.2,FB	+2.67,+255.7,+25.3,KB	
1702083118.0727777	+6.62,+21.8,+19.2,JA	+3.05,+229.3,+19.8,EB	+6.45,+31.9,+19.8,EA	+2.79,+249.2,+25.6,IB	+2.67,+255.6,+25.2,KB	+2.65,+256.9,+25.4,CB	
1702083180.0819914	+6.62,+21.8,+19.3,KA	+3.05,+229.3,+19.8,EB	+6.45,+31.9,+19.8,EA	+2.77,+249.9,+25.6,LB	+2.68,+255.5,+25.2,GB	+2.67,+256.0,+25.4,HB	
1702083242.0919714	+6.62,+21.9,+19.3,JA	+3.05,+229.3,+19.8,EB	+6.45,+32.0,+19.8,OA	+2.77,+250.1,+25.5,OB	+2.66,+256.2,+25.2,MB	+2.68,+255.5,+25.4,AB	
1702083304.1020913	+6.62,+21.8,+19.3,KA	+3.05,+229.3,+19.8,EB	+6.45,+32.0,+19.9,NA	+2.77,+250.2,+25.5,LB	+2.66,+256.1,+25.2,NB	+2.68,+255.3,+25.4,GB	
1702083366.1077104	+6.62,+21.9,+19.3,JA	+3.05,+229.3,+19.8,EB	+6.45,+31.9,+19.8,EA	+2.78,+249.7,+25.6,MB	+2.67,+255.5,+25.2,HB	+2.67,+256.1,+25.3,NB	
1702083428.1167014	+6.62,+21.8,+19.3,KA	+3.05,+229.3,+19.8,EB	+6.45,+32.0,+19.8,OA	+2.79,+248.9,+25.5,@B	+2.67,+255.5,+25.2,HB	+2.65,+256.9,+25.4,CB	
1702083490.1232708	+6.62,+21.9,+19.3,JA	+3.05,+229.3,+19.8,EB	+6.45,+32.0,+19.8,OA	+2.79,+249.1,+25.6,JB	+2.67,+255.8,+25.2,EB	+2.66,+256.6,+25.4,OB	
1702083552.1307652	+6.62,+21.9,+19.2,KA	+3.05,+229.3,+19.8,EB	+6.45,+31.9,+19.8,EA	+2.77,+250.3,+25.6,NB	+2.66,+256.1,+25.2,NB	+2.68,+255.5,+25.4,AB	
1702083614.1424665	+6.62,+21.9,+19.2,KA	+3.05,+229.3,+19.8,EB	+6.45,+32.0,+19.9,NA	+2.77,+249.9,+25.5,OB	+2.67,+255.6,+25.2,KB	+2.67,+256.0,+25.4,HB	
1702083676.1521811	+6.62,+21.9,+19.3,JA	+3.05,+229.3,+19.8,EB	+6.45,+32.0,+19.8,OA	+2.78,+249.3,+25.6,IB	+2.67,+255.7,+25.2,JB	+2.66,+256.8,+25.4,AB	
1702083738.163409	+6.62,+21.9,+19.3,JA	+3.05,+229.3,+19.8,EB	+6.45,+31.9,+19.8,EA	+2.79,+249.2,+25.6,IB	+2.67,+255.7,+25.2,JB	+2.66,+256.6,+25.4,OB	
1702083800.1698418	+6.62,+21.9,+19.3,JA	+3.05,+229.2,+19.8,DB	+6.45,+32.0,+19.9,NA	+2.78,+249.9,+25.6,CB	+2.67,+256.1,+25.2,OB	+2.67,+255.8,+25.4,CB	
1702083862.1791837	+6.62,+22.0,+19.3,@A	+3.05,+229.3,+19.8,EB	+6.45,+32.0,+19.8,OA	+2.77,+250.2,+25.6,OB	+2.66,+256.1,+25.2,NB	+2.68,+255.3,+25.4,GB	
1702083924.1929283	+6.62,+21.9,+19.3,JA	+3.05,+229.2,+19.8,DB	+6.45,+32.0,+19.9,NA	+2.79,+249.1,+25.6,JB	+2.68,+255.4,+25.2,FB	+2.66,+256.8,+25.4,AB	
1702083986.2017908	+6.62,+21.9,+19.3,JA	+3.05,+229.3,+19.8,EB	+6.45,+31.9,+19.8,EA	+2.78,+249.4,+25.6,NB	+2.67,+255.5,+25.2,HB	+2.66,+256.4,+25.4,MB	
1702084048.2137988	+6.62,+21.9,+19.3,JA	+3.05,+229.2,+19.8,DB	+6.45,+32.0,+19.8,OA	+2.77,+250.4,+25.5,JB	+2.66,+256.2,+25.2,MB	+2.68,+255.3,+25.4,GB	
1702084110.2228584	+6.62,+21.9,+19.3,JA	+3.05,+229.3,+19.8,EB	+6.45,+32.1,+19.8,NA	+2.78,+249.3,+25.5,JB	+2.67,+255.5,+25.2,HB	+2.65,+256.9,+25.4,CB	
1702084172.2325253	+6.62,+22.0,+19.3,@A	+3.05,+229.3,+19.8,EB	+6.45,+32.0,+19.8,OA	+2.78,+249.5,+25.6,OB	+2.67,+255.8,+25.2,EB	+2.67,+256.2,+25.4,JB	
1702084234.2410574	+6.62,+21.9,+19.2,KA	+3.05,+229.3,+19.8,EB	+6.45,+32.1,+19.8,NA	+2.79,+249.0,+25.5,HB	+2.67,+255.6,+25.2,KB	+2.65,+257.0,+25.4,KB	
1702084296.250003	+6.62,+22.0,+19.3,@A	+3.05,+229.2,+19.8,DB	+6.45,+32.1,+19.8,NA	+2.78,+249.3,+25.5,JB	+2.67,+255.8,+25.2,EB	+2.67,+256.1,+25.4,IB	
1702084358.2598746	+6.62,+21.9,+19.3,JA	+3.05,+229.3,+19.8,EB	+6.45,+32.1,+19.8,NA	+2.77,+250.2,+25.5,LB	+2.66,+256.1,+25.2,NB	+2.68,+255.4,+25.4,@B	
1702084420.2690785	+6.62,+22.0,+19.3,@A	+3.05,+229.3,+19.8,EB	+6.45,+32.0,+19.9,NA	+2.78,+249.5,+25.5,LB	+2.68,+255.4,+25.2,FB	+2.66,+256.8,+25.4,AB	
1702084482.2775512	+6.62,+22.0,+19.3,@A	+3.05,+229.3,+19.8,EB	+6.45,+32.0,+19.8,OA	+2.79,+249.2,+25.6,IB	+2.67,+255.6,+25.2,KB	+2.65,+256.9,+25.3,DB	
1702084544.285474	+6.62,+22.0,+19.3,@A	+3.05,+229.3,+19.8,EB	+6.45,+32.1,+19.8,NA	+2.78,+249.5,+25.5,LB	+2.67,+256.1,+25.2,OB	+2.67,+256.0,+25.4,HB	
1702084606.2957833	+6.62,+22.0,+19.3,@A	+3.05,+229.3,+19.8,EB	+6.45,+32.0,+19.8,OA	+2.79,+249.2,+25.6,IB	+2.67,+255.6,+25.2,KB	+2.66,+256.7,+25.4,NB	
1702084668.305302	+6.62,+22.0,+19.3,@A	+3.05,+229.3,+19.8,EB	+6.45,+32.0,+19.8,OA	+2.78,+249.4,+25.6,NB	+2.67,+256.0,+25.2,NB	+2.67,+256.1,+25.4,IB	
1702084730.3147979	+6.62,+22.0,+19.3,@A	+3.05,+229.3,+19.8,EB	+6.45,+32.0,+19.8,OA	+2.78,+249.4,+25.5,MB	+2.67,+256.0,+25.2,NB	+2.67,+255.7,+25.4,LB	
1702084792.322812	+6.62,+21.9,+19.3,JA	+3.05,+229.3,+19.8,EB	+6.45,+32.1,+19.8,NA	+2.77,+249.9,+25.6,LB	+2.68,+255.3,+25.2,AB	+2.67,+256.0,+25.4,HB	
1702085039.0324554	+6.62,+22.0,+19.3,@A	+3.05,+229.3,+19.8,EB	+6.45,+32.1,+19.8,NA	+2.78,+249.4,+25.5,MB	+2.67,+255.6,+25.2,KB	+2.68,+255.2,+25.3,AB	
1702085101.044369	+6.62,+22.0,+19.3,@A	+3.05,+229.3,+19.8,EB	+6.45,+32.1,+19.8,NA	+2.77,+250.2,+25.6,OB	+2.68,+255.5,+25.2,GB	+2.67,+255.7,+25.3,KB	
1702085163.0552244	+6.62,+22.0,+19.3,@A	+3.05,+229.3,+19.8,EB	+6.45,+32.1,+19.8,NA	+2.77,+250.4,+25.5,JB	+2.68,+255.4,+25.2,FB	+2.67,+256.2,+25.4,JB	
1702085225.0643735	+6.62,+22.0,+19.3,@A	+3.05,+229.3,+19.8,EB	+6.45,+32.0,+19.9,NA	+2.78,+249.6,+25.6,LB	+2.67,+256.1,+25.2,OB	+2.66,+256.7,+25.4,NB	
1702085287.0745578	+6.62,+21.9,+19.3,JA	+3.05,+229.3,+19.8,EB	+6.45,+32.0,+19.8,OA	+2.77,+250.3,+25.6,NB	+2.67,+255.6,+25.2,KB	+2.66,+256.4,+25.4,MB	
1702085349.0844746	+6.62,+22.0,+19.3,@A	+3.05,+229.3,+19.8,EB	+6.45,+31.9,+19.9,DA	+2.78,+249.8,+25.5,AB	+2.67,+255.5,+25.2,HB	+2.68,+255.3,+25.4,GB	
1702085411.091993	+6.62,+22.0,+19.3,@A	+3.05,+229.3,+19.8,EB	+6.45,+31.9,+19.8,EA	+2.77,+250.1,+25.5,OB	+2.68,+255.4,+25.2,FB	+2.68,+255.6,+25.4,BB	
1702085473.0967882	+6.62,+22.1,+19.3,AA	+3.05,+229.3,+19.8,EB	+6.45,+32.0,+19.9,NA	+2.78,+249.4,+25.5,MB	+2.67,+255.9,+25.2,DB	+2.68,+255.4,+25.4,@B	
1702085535.1046774	+6.62,+22.0,+19.3,@A	+3.05,+229.3,+19.8,EB	+6.45,+32.1,+19.8,NA	+2.77,+250.2,+25.6,OB	+2.67,+256.0,+25.2,NB	+2.65,+256.9,+25.4,CB	
1702085597.1126955	+6.62,+22.0,+19.3,@A	+3.05,+229.3,+19.8,EB	+6.45,+32.0,+19.9,NA	+2.78,+249.3,+25.6,IB	+2.66,+256.4,+25.2,KB	+2.67,+255.8,+25.4,CB	
1702085659.1210432	+6.62,+21.9,+19.3,JA	+3.05,+229.3,+19.8,EB	+6.45,+32.1,+19.8,NA	+2.77,+250.4,+25.5,JB	+2.67,+255.9,+25.2,DB	+2.65,+257.0,+25.4,KB	
1702085721.1311598	+6.62,+22.0,+19.3,@A	+3.05,+229.3,+19.8,EB	+6.45,+32.1,+19.8,NA	+2.77,+250.4,+25.5,JB	+2.67,+255.7,+25.2,JB	+2.66,+256.3,+25.4,JB	
1702085783.1378706	+6.62,+22.0,+19.3,@A	+3.05,+229.4,+19.8,BB	+6.45,+32.1,+19.8,NA	+2.77,+250.3,+25.5,MB	+2.67,+255.7,+25.2,JB	+2.67,+256.2,+25.4,JB	
1702085845.148737	+6.62,+22.0,+19.3,@A	+3.05,+229.3,+19.8,EB	+6.45,+32.0,+19.9,NA	+2.78,+249.5,+25.6,OB	+2.66,+256.2,+25.2,MB	+2.65,+256.9,+25.4,CB	
1702085907.1558897	+6.62,+22.1,+19.3,AA	+3.05,+229.3,+19.8,EB	+6.45,+32.1,+19.8,NA	+2.77,+250.3,+25.6,NB	+2.67,+255.6,+25.2,KB	+2.67,+256.1,+25.4,IB	
1702085969.1667113	+6.62,+22.1,+19.3,AA	+3.05,+229.2,+19.8,DB	+6.45,+32.1,+19.8,NA	+2.78,+249.3,+25.5,JB	+2.66,+256.3,+25.2,LB	+2.68,+255.6,+25.4,BB	
1702086031.174284	+6.62,+22.0,+19.3,@A	+3.05,+229.2,+19.8,DB	+6.45,+32.1,+19.8,NA	+2.78,+249.3,+25.6,IB	+2.66,+256.4,+25.2,KB	+2.67,+255.7,+25.4,LB	
1702086093.1833785	+6.62,+22.0,+19.2,AA	+3.05,+229.3,+19.8,EB	+6.45,+32.1,+19.8,NA	+2.78,+249.5,+25.6,OB	+2.66,+256.3,+25.2,LB	+2.66,+256.6,+25.4,OB	
1702086155.190812	+6.62,+22.0,+19.2,AA	+3.05,+229.3,+19.8,EB	+6.45,+32.0,+19.8,OA	+2.77,+250.1,+25.5,OB	+2.67,+255.8,+25.2,EB	+2.65,+257.0,+25.4,KB	
1702086217.1990185	+6.62,+22.0,+19.3,@A	+3.05,+229.3,+19.8,EB	+6.45,+32.1,+19.8,NA	+2.78,+249.5,+25.6,OB	+2.66,+256.1,+25.2,NB	+2.66,+256.6,+25.4,OB	
1702086279.2089865	+6.62,+22.1,+19.3,AA	+3.05,+229.3,+19.8,EB	+6.45,+32.0,+19.8,OA	+2.78,+249.6,+25.6,LB	+2.66,+256.4,+25.2,KB	+2.68,+255.5,+25.4,AB	
1702086341.2153733	+6.62,+22.0,+19.3,@A	+3.05,+229.3,+19.8,EB	+6.45,+32.1,+19.8,NA	+2.77,+250.5,+25.5,KB	+2.67,+255.7,+25.2,JB	+2.66,+256.3,+25.4,JB	
1702086403.2271078	+6.62,+22.0,+19.3,@A	+3.05,+229.3,+19.8,EB	+6.45,+32.0,+19.8,OA	+2.78,+249.8,+25.5,AB	+2.66,+256.3,+25.2,LB	+2.68,+255.2,+25.4,FB	
1702086465.2350461	+6.62,+21.9,+19.3,JA	+3.05,+229.3,+19.8,EB	+6.45,+32.1,+19.8,NA	+2.79,+249.1,+25.6,JB	+2.66,+256.2,+25.2,MB	+2.66,+256.5,+25.4,LB	
1702086527.2438543	+6.62,+21.9,+19.3,JA	+3.05,+229.3,+19.8,EB	+6.45,+32.0,+19.8,OA	+2.78,+249.4,+25.5,MB	+2.67,+255.9,+25.2,DB	+2.65,+257.0,+25.4,KB	
1702086589.2538157	+6.62,+21.9,+19.3,JA	+3.05,+229.3,+19.8,EB	+6.45,+32.2,+19.8,MA	+2.77,+250.2,+25.5,LB	+2.66,+256.3,+25.2,LB	+2.68,+255.4,+25.4,@B	
1702086651.263073	+6.62,+21.9,+19.3,JA	+3.05,+229.3,+19.8,EB	+6.45,+32.1,+19.8,NA	+2.78,+249.4,+25.6,NB	+2.66,+256.4,+25.2,KB	+2.67,+255.9,+25.4,BB	
1702086713.2720885	+6.62,+21.9,+19.2,KA	+3.05,+229.2,+19.8,DB	+6.45,+32.1,+19.8,NA	+2.78,+249.6,+25.5,OB	+2.66,+256.5,+25.2,JB	+2.68,+255.6,+25.4,BB	
1702086775.2799737	+6.62,+21.9,+19.3,JA	+3.05,+229.3,+19.8,EB	+6.45,+32.2,+19.8,MA	+2.78,+249.4,+25.5,MB	+2.66,+256.3,+25.2,LB	+2.67,+256.2,+25.4,JB	
1702086837.2879448	+6.62,+22.0,+19.3,@A	+3.05,+229.3,+19.8,EB	+6.45,+32.1,+19.8,NA	+2.77,+250.4,+25.5,JB	+2.67,+255.9,+25.2,DB	+2.66,+256.7,+25.4,NB	
1702086899.298035	+6.62,+22.0,+19.3,@A	+3.05,+229.3,+19.8,EB	+6.45,+32.1,+19.8,NA	+2.76,+250.5,+25.5,JB	+2.67,+256.0,+25.2,NB	+2.66,+256.3,+25.3,MB	
1702086961.3081546	+6.62,+22.0,+19.3,@A	+3.05,+229.3,+19.8,EB	+6.45,+32.2,+19.8,MA	+2.78,+249.7,+25.6,MB	+2.67,+255.8,+25.2,EB	+2.65,+257.1,+25.4,JB	
1702087023.316306	+6.62,+21.9,+19.2,KA	+3.05,+229.3,+19.8,EB	+6.45,+32.0,+19.8,OA	+2.77,+250.0,+25.6,MB	+2.66,+256.5,+25.2,JB	+2.68,+255.5,+25.3,FB	
1702087085.3271837	+6.62,+22.0,+19.3,@A	+3.05,+229.3,+19.8,EB	+6.45,+32.2,+19.8,MA	+2.78,+249.9,+25.6,CB	+2.67,+255.8,+25.2,EB	+2.65,+257.0,+25.4,KB	
1702087147.3360133	+6.62,+21.9,+19.3,JA	+3.05,+229.3,+19.8,EB	+6.45,+32.1,+19.8,NA	+2.78,+249.4,+25.5,MB	+2.67,+255.7,+25.2,JB	+2.66,+256.3,+25.4,JB	
1702087209.3422995	+6.62,+21.9,+19.3,JA	+3.05,+229.3,+19.8,EB	+6.45,+32.1,+19.8,NA	+2.77,+249.9,+25.6,LB	+2.67,+256.1,+25.2,OB	+2.67,+255.7,+25.3,KB	
1702087271.3498313	+6.62,+22.0,+19.2,AA	+3.05,+229.3,+19.8,EB	+6.45,+32.1,+19.8,NA	+2.77,+249.9,+25.6,LB	+2.67,+255.9,+25.2,DB	+2.67,+255.8,+25.4,CB	
1702087333.361327	+6.62,+21.9,+19.2,KA	+3.05,+229.2,+19.8,DB	+6.45,+32.2,+19.8,MA	+2.77,+250.1,+25.5,OB	+2.67,+256.0,+25.2,NB	+2.68,+255.5,+25.4,AB	
1702087395.3713846	+6.62,+22.1,+19.2,@A	+3.05,+229.3,+19.8,EB	+6.45,+32.1,+19.8,NA	+2.78,+249.4,+25.6,NB	+2.68,+255.3,+25.2,AB	+2.65,+257.1,+25.4,JB	
1702087457.3822951	+6.62,+22.0,+19.2,AA	+3.05,+229.3,+19.8,EB	+6.44,+32.2,+19.8,LA	+2.77,+250.4,+25.6,IB	+2.66,+256.2,+25.2,MB	+2.67,+255.6,+25.4,MB	
1702087519.3892946	+6.62,+22.0,+19.2,AA	+3.05,+229.3,+19.8,EB	+6.44,+32.2,+19.8,LA	+2.77,+250.2,+25.5,LB	+2.66,+256.2,+25.2,MB	+2.68,+255.4,+25.4,@B	
1702087581.3996124	+6.62,+22.1,+19.2,@A	+3.05,+229.3,+19.8,EB	+6.45,+32.1,+19.8,NA	+2.76,+250.6,+25.6,JB	+2.66,+256.2,+25.2,MB	+2.67,+256.0,+25.4,HB	
1702087643.4063418	+6.62,+22.0,+19.2,AA	+3.05,+229.3,+19.8,EB	+6.45,+32.1,+19.8,NA	+2.77,+250.2,+25.5,LB	+2.67,+256.0,+25.2,NB	+2.66,+256.4,+25.4,MB	
1702087705.4161122	+6.62,+22.0,+19.2,AA	+3.05,+229.3,+19.8,EB	+6.45,+32.1,+19.8,NA	+2.77,+250.4,+25.6,IB	+2.66,+256.2,+25.2,MB	+2.67,+255.8,+25.4,CB	
1702087767.426191	+6.62,+22.1,+19.2,@A	+3.05,+229.3,+19.8,EB	+6.45,+32.2,+19.8,MA	+2.78,+249.3,+25.5,JB	+2.67,+255.5,+25.2,HB	+2.66,+256.6,+25.4,OB	
1702087829.433765	+6.62,+22.0,+19.2,AA	+3.05,+229.3,+19.8,EB	+6.45,+32.2,+19.8,MA	+2.78,+249.5,+25.6,OB	+2.67,+255.5,+25.2,HB	+2.66,+256.6,+25.4,OB	
1702087891.4437134	+6.62,+22.1,+19.2,@A	+3.05,+229.3,+19.8,EB	+6.44,+32.3,+19.8,MA	+2.76,+250.5,+25.5,JB	+2.66,+256.2,+25.2,MB	+2.66,+256.6,+25.4,OB	
1702087953.4553568	+6.62,+22.0,+19.2,AA	+3.05,+229.3,+19.8,EB	+6.44,+32.2,+19.8,LA	+2.76,+250.7,+25.5,HB	+2.66,+256.3,+25.2,LB	+2.67,+255.9,+25.4,BB	
1702088015.4614046	+6.62,+22.0,+19.2,AA	+3.05,+229.3,+19.8,EB	+6.44,+32.3,+19.8,MA	+2.77,+250.2,+25.5,LB	+2.67,+255.9,+25.2,DB	+2.67,+255.8,+25.4,CB	
1702088077.4718645	+6.62,+22.1,+19.2,@A	+3.05,+229.3,+19.8,EB	+6.45,+32.2,+19.8,MA	+2.78,+249.3,+25.5,JB	+2.67,+255.6,+25.2,KB	+2.65,+256.9,+25.4,CB	
1702088139.480753	+6.62,+22.1,+19.2,@A	+3.05,+229.3,+19.8,EB	+6.45,+32.2,+19.8,MA	+2.78,+249.3,+25.6,IB	+2.67,+255.7,+25.2,JB	+2.65,+257.0,+25.4,KB	
1702088201.4900255	+6.62,+22.0,+19.2,AA	+3.05,+229.3,+19.8,EB	+6.45,+32.1,+19.8,NA	+2.77,+250.1,+25.6,LB	+2.66,+256.2,+25.2,MB	+2.66,+256.6,+25.4,OB	
1702088263.500922	+6.62,+22.0,+19.2,AA	+3.05,+229.3,+19.8,EB	+6.44,+32.3,+19.8,MA	+2.77,+250.1,+25.6,LB	+2.67,+255.7,+25.2,JB	+2.67,+255.9,+25.4,BB	
1702088325.5109072	+6.62,+22.1,+19.2,@A	+3.05,+229.3,+19.8,EB	+6.44,+32.3,+19.8,MA	+2.78,+249.7,+25.6,MB	+2.67,+256.0,+25.2,NB	+2.65,+257.4,+25.4,OB	
1702088387.5206378	+6.62,+22.1,+19.2,@A	+3.05,+229.2,+19.8,DB	+6.44,+32.2,+19.8,LA	+2.77,+250.3,+25.5,MB	+2.66,+256.3,+25.2,LB	+2.66,+256.8,+25.4,AB	
1702088449.5278692	+6.62,+22.0,+19.2,AA	+3.05,+229.3,+19.8,EB	+6.44,+32.2,+19.8,LA	+2.77,+250.4,+25.6,IB	+2.66,+256.3,+25.2,LB	+2.66,+256.6,+25.4,OB	
1702088511.5361674	+6.62,+22.0,+19.2,AA	+3.05,+229.3,+19.8,EB	+6.44,+32.2,+19.8,LA	+2.77,+250.4,+25.5,JB	+2.66,+256.3,+25.2,LB	+2.66,+256.3,+25.4,JB	
1702088573.5446265	+6.62,+22.0,+19.2,AA	+3.05,+229.3,+19.8,EB	+6.44,+32.3,+19.8,MA	+2.77,+249.9,+25.6,LB	+2.66,+256.3,+25.2,LB	+2.66,+256.7,+25.3,IB	
1702088635.5529797	+6.62,+22.1,+19.2,@A	+3.05,+229.3,+19.8,EB	+6.44,+32.2,+19.8,LA	+2.77,+250.0,+25.5,NB	+2.67,+255.6,+25.2,KB	+2.67,+256.0,+25.4,HB	
1702088882.2618115	+6.62,+22.2,+19.2,CA	+3.05,+229.3,+19.8,EB	+6.44,+32.2,+19.8,LA	+2.78,+249.7,+25.6,MB	+2.67,+255.9,+25.2,DB	+2.66,+256.8,+25.4,AB	
1702088944.2687845	+6.62,+22.1,+19.2,@A	+3.05,+229.2,+19.8,DB	+6.44,+32.2,+19.8,LA	+2.76,+250.6,+25.6,JB	+2.67,+255.7,+25.2,JB	+2.68,+255.5,+25.4,AB	
1702089006.2773197	+6.62,+22.0,+19.2,AA	+3.05,+229.3,+19.8,EB	+6.45,+32.2,+19.8,MA	+2.78,+249.8,+25.6,BB	+2.66,+256.4,+25.2,KB	+2.66,+256.6,+25.4,OB	
1702089068.2844987	+6.62,+22.1,+19.2,@A	+3.05,+229.2,+19.8,DB	+6.44,+32.2,+19.8,LA	+2.77,+250.4,+25.6,IB	+2.67,+255.7,+25.2,JB	+2.68,+255.4,+25.4,@B	
1702089130.2901247	+6.62,+22.0,+19.2,AA	+3.05,+229.3,+19.8,EB	+6.44,+32.2,+19.8,LA	+2.78,+249.6,+25.6,LB	+2.66,+256.4,+25.2,KB	+2.66,+256.6,+25.4,OB	
1702089192.2947698	+6.62,+22.1,+19.2,@A	+3.05,+229.3,+19.8,EB	+6.45,+32.2,+19.8,MA	+2.77,+250.4,+25.6,IB	+2.67,+256.1,+25.2,OB	+2.67,+255.7,+25.4,LB	
1702089254.3029463	+6.62,+22.1,+19.2,@A	+3.05,+229.3,+19.8,EB	+6.45,+32.2,+19.8,MA	+2.76,+250.5,+25.5,JB	+2.67,+255.9,+25.2,DB	+2.68,+255.5,+25.4,AB	
1702089316.3118088	+6.62,+22.2,+19.2,CA	+3.05,+229.3,+19.8,EB	+6.44,+32.3,+19.8,MA	+2.78,+249.7,+25.6,MB	+2.66,+256.4,+25.2,KB	+2.66,+256.6,+25.4,OB	
1702089378.3202212	+6.62,+22.1,+19.2,@A	+3.05,+229.3,+19.8,EB	+6.45,+32.2,+19.8,MA	+2.78,+249.5,+25.5,LB	+2.66,+256.2,+25.2,MB	+2.66,+256.8,+25.4,AB	
1702089440.327281	+6.62,+22.1,+19.2,@A	+3.05,+229.3,+19.8,EB	+6.45,+32.2,+19.8,MA	+2.78,+249.5,+25.6,OB	+2.66,+256.4,+25.2,KB	+2.66,+256.7,+25.4,NB	
1702089502.3340456	+6.62,+22.1,+19.2,@A	+3.05,+229.3,+19.8,EB	+6.44,+32.2,+19.8,LA	+2.77,+250.0,+25.6,MB	+2.67,+255.9,+25.2,DB	+2.67,+255.9,+25.4,BB	
1702089564.342649	+6.62,+22.1,+19.2,@A	+3.05,+229.3,+19.8,EB	+6.44,+32.3,+19.8,MA	+2.77,+250.4,+25.6,IB	+2.67,+255.7,+25.2,JB	+2.68,+255.3,+25.4,GB	
1702089626.3482401	+6.62,+22.1,+19.2,@A	+3.05,+229.3,+19.8,EB	+6.45,+32.2,+19.8,MA	+2.78,+249.3,+25.6,IB	+2.66,+256.5,+25.2,JB	+2.65,+256.9,+25.4,CB	
1702089688.3577495	+6.62,+22.1,+19.2,@A	+3.05,+229.3,+19.8,EB	+6.45,+32.2,+19.8,MA	+2.78,+249.6,+25.6,LB	+2.66,+256.4,+25.2,KB	+2.66,+256.6,+25.4,OB	
1702089750.3675737	+6.62,+22.0,+19.2,AA	+3.05,+229.3,+19.8,EB	+6.44,+32.2,+19.8,LA	+2.78,+249.4,+25.5,MB	+2.66,+256.6,+25.2,IB	+2.65,+257.1,+25.4,JB	
1702089812.3749855	+6.62,+22.1,+19.2,@A	+3.05,+229.3,+19.8,EB	+6.44,+32.3,+19.8,MA	+2.77,+250.2,+25.5,LB	+2.67,+255.8,+25.2,EB	+2.67,+255.7,+25.4,LB	
1702089874.3849387	+6.62,+22.1,+19.2,@A	+3.05,+229.3,+19.8,EB	+6.44,+32.3,+19.8,MA	+2.78,+249.7,+25.5,NB	+2.66,+256.4,+25.2,KB	+2.66,+256.7,+25.3,IB	
1702089936.3942645	+6.62,+22.1,+19.2,@A	+3.05,+229.3,+19.8,EB	+6.44,+32.3,+19.8,MA	+2.78,+249.3,+25.6,IB	+2.66,+256.1,+25.2,NB	+2.66,+256.5,+25.4,LB	
1702089998.403686	+6.62,+22.1,+19.2,@A	+3.05,+229.3,+19.8,EB	+6.44,+32.3,+19.8,MA	+2.78,+249.7,+25.6,MB	+2.67,+255.9,+25.2,DB	+2.67,+255.9,+25.4,BB	
1702090060.4142153	+6.62,+22.1,+19.2,@A	+3.05,+229.3,+19.8,EB	+6.44,+32.3,+19.8,MA	+2.78,+249.3,+25.6,IB	+2.66,+256.4,+25.2,KB	+2.65,+256.9,+25.4,CB	
1702090122.4231462	+6.62,+22.1,+19.2,@A	+3.05,+229.3,+19.8,EB	+6.44,+32.3,+19.8,MA	+2.76,+250.6,+25.5,IB	+2.67,+256.0,+25.2,NB	+2.67,+255.8,+25.4,CB	
1702090184.433105	+6.62,+22.1,+19.2,@A	+3.05,+229.3,+19.8,EB	+6.44,+32.3,+19.8,MA	+2.78,+249.9,+25.5,@B	+2.67,+255.8,+25.2,EB	+2.67,+256.2,+25.4,JB	
1702090246.4436772	+6.62,+22.1,+19.2,@A	+3.05,+229.3,+19.8,EB	+6.44,+32.2,+19.8,LA	+2.78,+249.7,+25.6,MB	+2.66,+256.5,+25.2,JB	+2.65,+257.1,+25.4,JB	
1702090308.454333	+6.62,+22.1,+19.2,@A	+3.05,+229.3,+19.8,EB	+6.44,+32.3,+19.8,MA	+2.76,+250.5,+25.6,IB	+2.66,+256.3,+25.2,LB	+2.67,+256.1,+25.4,IB	
1702090370.4648495	+6.62,+22.1,+19.2,@A	+3.05,+229.3,+19.8,EB	+6.44,+32.3,+19.8,MA	+2.76,+250.6,+25.5,IB	+2.66,+256.1,+25.2,NB	+2.68,+255.6,+25.4,BB	
1702090432.4742396	+6.62,+22.0,+19.2,AA	+3.05,+229.3,+19.8,EB	+6.44,+32.3,+19.8,MA	+2.78,+249.4,+25.5,MB	+2.66,+256.5,+25.2,JB	+2.65,+257.1,+25.4,JB	
1702090494.4811802	+6.62,+22.1,+19.2,@A	+3.05,+229.3,+19.8,EB	+6.44,+32.3,+19.8,MA	+2.78,+249.4,+25.6,NB	+2.67,+255.9,+25.2,DB	+2.66,+256.4,+25.4,MB	
1702090556.491121	+6.62,+22.1,+19.2,@A	+3.05,+229.3,+19.8,EB	+6.44,+32.3,+19.8,MA	+2.76,+250.6,+25.5,IB	+2.66,+256.2,+25.2,MB	+2.67,+255.8,+25.4,CB	
1702090618.4983144	+6.62,+22.0,+19.2,AA	+3.05,+229.3,+19.8,EB	+6.44,+32.4,+19.8,JA	+2.78,+249.7,+25.5,NB	+2.66,+256.4,+25.2,KB	+2.65,+257.3,+25.4,HB	
1702090680.5110776	+6.62,+22.0,+19.2,AA	+3.05,+229.3,+19.7,JB	+6.44,+32.3,+19.8,MA	+2.76,+250.9,+25.6,EB	+2.66,+256.3,+25.2,LB	+2.67,+256.0,+25.4,HB	
1702090742.5195765	+6.62,+22.1,+19.2,@A	+3.05,+229.3,+19.8,EB	+6.44,+32.4,+19.8,JA	+2.78,+249.7,+25.5,NB	+2.67,+255.9,+25.2,DB	+2.66,+256.8,+25.4,AB	
1702090804.5270615	+6.62,+22.1,+19.2,@A	+3.05,+229.3,+19.8,EB	+6.44,+32.4,+19.8,JA	+2.77,+250.1,+25.6,LB	+2.67,+255.8,+25.2,EB	+2.67,+256.0,+25.4,HB	
1702090866.5372384	+6.62,+22.1,+19.2,@A	+3.05,+229.3,+19.8,EB	+6.44,+32.4,+19.8,JA	+2.77,+250.0,+25.5,NB	+2.67,+255.8,+25.2,EB	+2.67,+256.1,+25.4,IB	
1702090928.543384	+6.62,+22.0,+19.2,AA	+3.05,+229.3,+19.8,EB	+6.44,+32.3,+19.8,MA	+2.77,+250.1,+25.6,LB	+2.66,+256.5,+25.2,JB	+2.65,+257.2,+25.3,NB	
1702090990.551366	+6.62,+22.0,+19.2,AA	+3.05,+229.3,+19.8,EB	+6.44,+32.4,+19.8,JA	+2.76,+250.7,+25.6,KB	+2.66,+256.6,+25.2,IB	+2.66,+256.4,+25.4,MB	
1702091052.5583272	+6.62,+22.1,+19.2,@A	+3.05,+229.3,+19.8,EB	+6.44,+32.3,+19.8,MA	+2.78,+249.9,+25.5,@B	+2.67,+255.9,+25.2,DB	+2.67,+256.1,+25.4,IB	
1702091114.5679545	+6.62,+22.0,+19.2,AA	+3.05,+229.3,+19.8,EB	+6.44,+32.3,+19.8,MA	+2.77,+249.9,+25.6,LB	+2.66,+256.3,+25.2,LB	+2.65,+257.2,+25.4,IB	
1702091176.5772355	+6.62,+22.0,+19.2,AA	+3.05,+229.3,+19.8,EB	+6.44,+32.4,+19.8,JA	+2.77,+250.3,+25.5,MB	+2.66,+256.2,+25.2,MB	+2.68,+255.5,+25.4,AB	
1702091238.5861578	+6.62,+22.1,+19.2,@A	+3.05,+229.3,+19.8,EB	+6.44,+32.3,+19.8,MA	+2.78,+249.5,+25.6,OB	+2.67,+255.9,+25.2,DB	+2.67,+256.1,+25.4,IB	
1702091300.5959444	+6.62,+22.0,+19.2,AA	+3.05,+229.3,+19.8,EB	+6.44,+32.4,+19.8,JA	+2.79,+249.2,+25.6,IB	+2.67,+255.8,+25.2,EB	+2.65,+256.9,+25.4,CB	
1702091362.6047926	+6.62,+22.1,+19.2,@A	+3.05,+229.3,+19.7,JB	+6.44,+32.4,+19.8,JA	+2.78,+249.6,+25.6,LB	+2.66,+256.1,+25.2,NB	+2.65,+257.1,+25.4,JB	
1702091424.6138043	+6.62,+22.1,+19.2,@A	+3.05,+229.3,+19.7,JB	+6.44,+32.4,+19.8,JA	+2.78,+249.6,+25.5,OB	+2.67,+255.9,+25.2,DB	+2.67,+256.1,+25.4,IB	
1702091486.623272	+6.62,+22.1,+19.2,@A	+3.05,+229.3,+19.8,EB	+6.44,+32.4,+19.8,JA	+2.77,+250.0,+25.5,NB	+2.67,+256.0,+25.2,NB	+2.68,+255.6,+25.4,BB	
1702091548.6320632	+6.62,+22.0,+19.2,AA	+3.05,+229.3,+19.8,EB	+6.44,+32.3,+19.8,MA	+2.76,+250.7,+25.6,KB	+2.66,+256.5,+25.2,JB	+2.66,+256.5,+25.4,LB	
1702091610.6403086	+6.62,+22.0,+19.2,AA	+3.05,+229.2,+19.8,DB	+6.44,+32.3,+19.8,MA	+2.77,+250.1,+25.5,OB	+2.66,+256.1,+25.2,NB	+2.65,+257.0,+25.4,KB	
1702091672.64798	+6.62,+22.0,+19.2,AA	+3.05,+229.2,+19.8,DB	+6.44,+32.4,+19.8,JA	+2.77,+250.4,+25.5,JB	+2.66,+256.4,+25.2,KB	+2.66,+256.6,+25.4,OB	
1702091734.6572666	+6.62,+22.1,+19.3,AA	+3.05,+229.3,+19.7,JB	+6.44,+32.4,+19.8,JA	+2.77,+250.4,+25.5,JB	+2.66,+256.4,+25.2,KB	+2.66,+256.3,+25.3,MB	
1702091796.6654332	+6.62,+22.1,+19.2,@A	+3.05,+229.3,+19.7,JB	+6.44,+32.3,+19.8,MA	+2.77,+250.2,+25.5,LB	+2.66,+256.1,+25.2,NB	+2.66,+256.8,+25.4,AB	
1702091858.6741915	+6.62,+22.1,+19.2,@A	+3.05,+229.3,+19.8,EB	+6.44,+32.3,+19.8,MA	+2.78,+249.5,+25.6,OB	+2.67,+255.8,+25.2,EB	+2.66,+256.5,+25.4,LB	
1702091920.6837645	+6.62,+22.1,+19.3,AA	+3.05,+229.3,+19.7,JB	+6.44,+32.3,+19.8,MA	+2.78,+249.6,+25.6,LB	+2.67,+256.0,+25.2,NB	+2.67,+256.0,+25.4,HB	
1702091982.694754	+6.62,+22.1,+19.3,AA	+3.05,+229.3,+19.7,JB	+6.44,+32.4,+19.8,JA	+2.77,+249.9,+25.5,OB	+2.67,+255.8,+25.2,EB	+2.66,+256.8,+25.4,AB	
1702092044.7040305	+6.62,+22.1,+19.3,AA	+3.05,+229.2,+19.8,DB	+6.44,+32.3,+19.8,MA	+2.78,+249.5,+25.5,LB	+2.67,+255.9,+25.2,DB	+2.66,+256.4,+25.4,MB	
1702092106.7111979	+6.62,+22.1,+19.2,@A	+3.05,+229.3,+19.8,EB	+6.44,+32.4,+19.8,JA	+2.78,+249.5,+25.5,LB	+2.67,+255.8,+25.2,EB	+2.66,+256.6,+25.4,OB	
1702092168.719569	+6.62,+22.1,+19.3,AA	+3.05,+229.3,+19.8,EB	+6.44,+32.4,+19.8,JA	+2.77,+249.9,+25.6,LB	+2.67,+255.9,+25.2,DB	+2.66,+256.8,+25.4,AB	
1702092230.72816	+6.62,+22.1,+19.3,AA	+3.05,+229.3,+19.8,EB	+6.44,+32.3,+19.8,MA	+2.77,+250.4,+25.6,IB	+2.65,+256.7,+25.2,KB	+2.68,+255.4,+25.3,GB	
1702092292.7381024	+6.62,+22.0,+19.3,@A	+3.05,+229.3,+19.8,EB	+6.44,+32.3,+19.8,MA	+2.76,+250.8,+25.5,GB	+2.66,+256.4,+25.2,KB	+2.67,+256.1,+25.4,IB	
1702092354.7471123	+6.62,+22.0,+19.2,AA	+3.05,+229.3,+19.8,EB	+6.44,+32.4,+19.9,KA	+2.78,+249.7,+25.6,MB	+2.66,+256.4,+25.2,KB	+2.68,+255.6,+25.4,BB	
1702092416.756674	+6.62,+22.1,+19.2,@A	+3.05,+229.3,+19.8,EB	+6.44,+32.3,+19.8,MA	+2.78,+249.6,+25.5,OB	+2.66,+256.2,+25.2,MB	+2.67,+256.3,+25.4,KB	
1702092478.765253	+6.62,+22.1,+19.2,@A	+3.05,+229.3,+19.8,EB	+6.44,+32.4,+19.8,JA	+2.77,+250.5,+25.6,HB	+2.66,+256.6,+25.2,IB	+2.68,+255.5,+25.4,AB	
1702092725.4807246	+6.62,+22.1,+19.3,AA	+3.05,+229.3,+19.8,EB	+6.44,+32.3,+19.8,MA	+2.78,+249.7,+25.6,MB	+2.65,+256.7,+25.2,KB	+2.68,+255.4,+25.4,@B	
1702092787.4896898	+6.62,+22.1,+19.2,@A	+3.05,+229.3,+19.8,EB	+6.44,+32.4,+19.8,JA	+2.77,+250.3,+25.6,NB	+2.65,+256.7,+25.2,KB	+2.68,+255.3,+25.4,GB	
1702092849.4978924	+6.62,+22.1,+19.3,AA	+3.05,+229.3,+19.8,EB	+6.44,+32.5,+19.9,JA	+2.78,+249.8,+25.5,AB	+2.65,+256.7,+25.2,KB	+2.68,+255.6,+25.4,BB	
1702092911.5033514	+6.62,+22.1,+19.3,AA	+3.05,+229.2,+19.8,DB	+6.44,+32.4,+19.8,JA	+2.76,+250.6,+25.6,JB	+2.66,+256.3,+25.2,LB	+2.67,+255.7,+25.4,LB	
1702092973.5137243	+6.62,+22.0,+19.3,@A	+3.05,+229.3,+19.8,EB	+6.44,+32.5,+19.9,JA	+2.77,+249.9,+25.5,OB	+2.66,+256.1,+25.2,NB	+2.65,+256.9,+25.3,DB	
1702093035.5230386	+6.62,+22.0,+19.3,@A	+3.05,+229.3,+19.8,EB	+6.44,+32.4,+19.8,JA	+2.77,+250.4,+25.6,IB	+2.67,+256.0,+25.2,NB	+2.65,+257.2,+25.4,IB	
1702093097.530924	+6.62,+22.0,+19.3,@A	+3.05,+229.3,+19.8,EB	+6.44,+32.5,+19.8,KA	+2.77,+249.9,+25.6,LB	+2.66,+256.7,+25.2,HB	+2.68,+255.3,+25.4,GB	
1702093159.540207	+6.62,+22.1,+19.3,AA	+3.05,+229.3,+19.8,EB	+6.44,+32.4,+19.8,JA	+2.78,+249.7,+25.6,MB	+2.65,+256.7,+25.2,KB	+2.67,+256.1,+25.4,IB	
1702093221.5492375	+6.62,+22.0,+19.3,@A	+3.05,+229.3,+19.8,EB	+6.44,+32.4,+19.8,JA	+2.77,+250.0,+25.6,MB	+2.66,+256.5,+25.2,JB	+2.66,+256.4,+25.4,MB	
1702093283.5551636	+6.62,+22.0,+19.3,@A	+3.05,+229.3,+19.8,EB	+6.44,+32.4,+19.8,JA	+2.77,+250.5,+25.6,HB	+2.66,+256.3,+25.2,LB	+2.66,+256.7,+25.4,NB	
1702093345.5647533	+6.62,+22.0,+19.3,@A	+3.05,+229.3,+19.8,EB	+6.44,+32.5,+19.9,JA	+2.77,+250.4,+25.5,JB	+2.66,+256.4,+25.2,KB	+2.66,+256.7,+25.4,NB	
1702093407.5736148	+6.62,+22.1,+19.3,AA	+3.05,+229.3,+19.8,EB	+6.44,+32.5,+19.8,KA	+2.77,+250.3,+25.5,MB	+2.66,+256.4,+25.2,KB	+2.68,+255.5,+25.4,AB	
1702093469.581931	+6.62,+21.9,+19.3,JA	+3.05,+229.3,+19.7,JB	+6.44,+32.5,+19.8,KA	+2.76,+250.8,+25.5,GB	+2.67,+256.1,+25.2,OB	+2.66,+256.5,+25.4,LB	
1702093531.5874634	+6.62,+22.0,+19.3,@A	+3.05,+229.3,+19.8,EB	+6.44,+32.5,+19.9,JA	+2.77,+250.0,+25.5,NB	+2.66,+256.5,+25.2,JB	+2.68,+255.3,+25.4,GB	
1702093593.5952103	+6.62,+22.1,+19.3,AA	+3.05,+229.3,+19.7,JB	+6.44,+32.5,+19.9,JA	+2.75,+251.1,+25.6,OB	+2.66,+256.2,+25.2,MB	+2.65,+257.0,+25.4,KB	
1702093655.600652	+6.62,+22.0,+19.3,@A	+3.05,+229.2,+19.8,DB	+6.44,+32.5,+19.9,JA	+2.75,+251.1,+25.6,OB	+2.67,+256.1,+25.2,OB	+2.66,+256.5,+25.4,LB	
1702093717.607154	+6.62,+22.0,+19.3,@A	+3.05,+229.3,+19.8,EB	+6.44,+32.5,+19.8,KA	+2.77,+250.2,+25.6,OB	+2.66,+256.4,+25.2,KB	+2.66,+256.8,+25.4,AB	
1702093779.6145267	+6.62,+22.1,+19.3,AA	+3.05,+229.3,+19.8,EB	+6.44,+32.5,+19.9,JA	+2.76,+250.6,+25.6,JB	+2.66,+256.6,+25.2,IB	+2.66,+256.7,+25.4,NB	
1702093841.6227825	+6.62,+22.1,+19.3,AA	+3.05,+229.3,+19.8,EB	+6.44,+32.5,+19.9,JA	+2.76,+250.5,+25.5,JB	+2.66,+256.6,+25.2,IB	+2.66,+256.7,+25.4,NB	
1702093903.6311572	+6.62,+22.1,+19.3,AA	+3.05,+229.3,+19.8,EB	+6.44,+32.5,+19.9,JA	+2.76,+250.5,+25.5,JB	+2.66,+256.5,+25.2,JB	+2.66,+256.7,+25.4,NB	
1702093965.6393812	+6.62,+22.1,+19.3,AA	+3.05,+229.3,+19.8,EB	+6.44,+32.4,+19.9,KA	+2.78,+249.8,+25.6,BB	+2.65,+256.8,+25.2,DB	+2.67,+255.8,+25.3,DB	
1702094027.6471014	+6.62,+22.1,+19.3,AA	+3.05,+229.3,+19.8,EB	+6.44,+32.5,+19.9,JA	+2.76,+251.0,+25.6,MB	+2.66,+256.4,+25.2,KB	+2.65,+256.9,+25.4,CB	
1702094089.6542552	+6.62,+22.1,+19.3,AA	+3.05,+229.4,+19.8,BB	+6.44,+32.5,+19.9,JA	+2.77,+249.9,+25.5,OB	+2.66,+256.5,+25.2,JB	+2.68,+255.5,+25.4,AB	
1702094151.6637402	+6.62,+22.0,+19.3,@A	+3.05,+229.4,+19.8,BB	+6.44,+32.5,+19.9,JA	+2.75,+251.1,+25.5,LB	+2.66,+256.1,+25.2,NB	+2.66,+256.6,+25.4,OB	
1702094213.6717997	+6.62,+22.0,+19.3,@A	+3.05,+229.3,+19.8,EB	+6.44,+32.5,+19.9,JA	+2.77,+250.1,+25.6,LB	+2.66,+256.2,+25.2,MB	+2.68,+255.5,+25.4,AB	
1702094275.676792	+6.62,+22.0,+19.3,@A	+3.05,+229.3,+19.8,EB	+6.44,+32.6,+19.9,IA	+2.76,+250.6,+25.5,IB	+2.65,+256.9,+25.2,EB	+2.66,+256.5,+25.4,LB	
1702094337.6847281	+6.62,+22.1,+19.3,AA	+3.05,+229.3,+19.8,EB	+6.44,+32.6,+19.9,IA	+2.77,+250.4,+25.5,JB	+2.65,+256.9,+25.2,EB	+2.66,+256.5,+25.3,KB	
1702094399.6938972	+6.62,+22.0,+19.3,@A	+3.05,+229.3,+19.8,EB	+6.44,+32.5,+19.9,JA	+2.76,+250.8,+25.6,DB	+2.66,+256.5,+25.2,JB	+2.65,+256.9,+25.4,CB	
1702094461.7016592	+6.62,+22.0,+19.3,@A	+3.05,+229.3,+19.8,EB	+6.44,+32.6,+19.9,IA	+2.77,+250.2,+25.6,OB	+2.66,+256.1,+25.2,NB	+2.67,+255.7,+25.4,LB	
1702094523.7104907	+6.62,+22.1,+19.3,AA	+3.05,+229.4,+19.8,BB	+6.44,+32.5,+19.9,JA	+2.76,+250.9,+25.5,FB	+2.65,+256.8,+25.1,GB	+2.66,+256.8,+25.4,AB	
1702094585.7192297	+6.62,+22.1,+19.3,AA	+3.05,+229.3,+19.8,EB	+6.44,+32.6,+19.9,IA	+2.76,+251.0,+25.6,MB	+2.65,+256.9,+25.2,EB	+2.65,+257.0,+25.4,KB	
1702094647.7270055	+6.62,+22.0,+19.3,@A	+3.05,+229.4,+19.8,BB	+6.44,+32.7,+19.9,HA	+2.77,+250.2,+25.6,OB	+2.66,+256.1,+25.2,NB	+2.68,+255.6,+25.4,BB	
1702094709.7360804	+6.62,+22.0,+19.3,@A	+3.05,+229.3,+19.8,EB	+6.44,+32.7,+19.9,HA	+2.76,+250.7,+25.5,HB	+2.66,+256.4,+25.2,KB	+2.66,+256.6,+25.4,OB	
1702094771.7436588	+6.62,+22.0,+19.3,@A	+3.05,+229.3,+19.8,EB	+6.44,+32.6,+19.9,IA	+2.76,+250.5,+25.5,JB	+2.65,+257.0,+25.2,MB	+2.65,+257.0,+25.4,KB	
1702094833.7541873	+6.62,+22.0,+19.3,@A	+3.05,+229.3,+19.8,EB	+6.44,+32.5,+19.9,JA	+2.78,+249.7,+25.6,MB	+2.66,+256.5,+25.2,JB	+2.67,+256.0,+25.4,HB	
1702094895.7642393	+6.62,+22.0,+19.3,@A	+3.05,+229.3,+19.8,EB	+6.44,+32.7,+19.9,HA	+2.76,+250.7,+25.6,KB	+2.65,+256.9,+25.2,EB	+2.65,+257.1,+25.4,JB	
1702094957.773184	+6.62,+22.0,+19.3,@A	+3.05,+229.3,+19.8,EB	+6.44,+32.6,+19.9,IA	+2.77,+250.1,+25.5,OB	+2.66,+256.3,+25.2,LB	+2.67,+256.2,+25.4,JB	
1702095019.7824204	+6.62,+22.1,+19.3,AA	+3.05,+229.3,+19.8,EB	+6.44,+32.5,+19.9,JA	+2.77,+250.4,+25.5,JB	+2.66,+256.4,+25.2,KB	+2.67,+256.2,+25.4,JB	
1702095081.7907953	+6.62,+22.1,+19.3,AA	+3.05,+229.3,+19.8,EB	+6.44,+32.6,+19.9,IA	+2.75,+251.2,+25.6,LB	+2.65,+256.9,+25.2,EB	+2.65,+257.1,+25.4,JB	
1702095143.7989454	+6.62,+22.0,+19.3,@A	+3.05,+229.3,+19.8,EB	+6.44,+32.6,+19.9,IA	+2.76,+250.5,+25.6,IB	+2.65,+256.7,+25.2,KB	+2.66,+256.2,+25.4,KB	
1702095205.8092616	+6.62,+22.0,+19.3,@A	+3.05,+229.3,+19.8,EB	+6.44,+32.7,+19.9,HA	+2.77,+250.2,+25.6,OB	+2.66,+256.4,+25.2,KB	+2.67,+256.0,+25.4,HB	
1702095267.8191872	+6.62,+22.0,+19.3,@A	+3.05,+229.3,+19.8,EB	+6.44,+32.7,+19.9,HA	+2.77,+249.9,+25.6,LB	+2.66,+256.1,+25.2,NB	+2.68,+255.5,+25.4,AB	
1702095329.8290787	+6.62,+22.0,+19.3,@A	+3.05,+229.4,+19.8,BB	+6.44,+32.6,+19.9,IA	+2.77,+250.2,+25.5,LB	+2.66,+256.4,+25.2,KB	+2.67,+255.9,+25.3,EB	
1702095391.8366666	+6.62,+22.0,+19.3,@A	+3.05,+229.4,+19.8,BB	+6.44,+32.6,+19.9,IA	+2.77,+250.2,+25.5,LB	+2.66,+256.4,+25.2,KB	+2.67,+256.0,+25.4,HB	
1702095453.8461926	+6.62,+21.9,+19.3,JA	+3.05,+229.4,+19.8,BB	+6.44,+32.6,+19.9,IA	+2.76,+250.6,+25.6,JB	+2.65,+256.7,+25.2,KB	+2.66,+256.5,+25.4,LB	
1702095515.8566806	+6.62,+22.0,+19.3,@A	+3.05,+229.3,+19.8,EB	+6.44,+32.6,+19.9,IA	+2.76,+250.5,+25.6,IB	+2.66,+256.5,+25.2,JB	+2.66,+256.3,+25.4,JB	
1702095577.8660908	+6.62,+22.0,+19.3,@A	+3.05,+229.4,+19.8,BB	+6.44,+32.6,+19.9,IA	+2.78,+249.9,+25.5,@B	+2.66,+256.2,+25.2,MB	+2.68,+255.4,+25.4,@B	
1702095639.8745868	+6.62,+22.0,+19.3,@A	+3.05,+229.3,+19.8,EB	+6.44,+32.7,+19.9,HA	+2.76,+250.5,+25.6,IB	+2.66,+256.3,+25.2,LB	+2.67,+255.7,+25.4,LB	
1702095701.8852477	+6.62,+22.1,+19.3,AA	+3.05,+229.4,+19.8,BB	+6.44,+32.6,+19.9,IA	+2.76,+250.7,+25.6,KB	+2.65,+256.9,+25.2,EB	+2.66,+256.6,+25.4,OB	
1702095763.895368	+6.62,+22.0,+19.3,@A	+3.05,+229.3,+19.8,EB	+6.44,+32.7,+19.9,HA	+2.77,+250.3,+25.6,NB	+2.66,+256.2,+25.2,MB	+2.68,+255.6,+25.4,BB	
1702095825.9043171	+6.62,+22.1,+19.3,AA	+3.05,+229.3,+19.8,EB	+6.44,+32.6,+19.9,IA	+2.77,+250.2,+25.6,OB	+2.65,+256.9,+25.2,EB	+2.66,+256.3,+25.4,JB	
1702095887.9139786	+6.62,+21.9,+19.3,JA	+3.05,+229.3,+19.8,EB	+6.44,+32.7,+19.9,HA	+2.76,+250.5,+25.6,IB	+2.66,+256.4,+25.2,KB	+2.66,+256.3,+25.4,JB	
1702095949.9235322	+6.62,+22.0,+19.4,GA	+3.05,+229.4,+19.8,BB	+6.44,+32.7,+19.9,HA	+2.77,+250.4,+25.6,IB	+2.65,+257.0,+25.2,MB	+2.66,+256.5,+25.4,LB	
1702096011.934234	+6.62,+22.0,+19.3,@A	+3.05,+229.3,+19.8,EB	+6.44,+32.7,+19.9,HA	+2.76,+250.7,+25.5,HB	+2.65,+257.1,+25.2,LB	+2.66,+256.8,+25.4,AB	
1702096073.9432526	+6.62,+22.0,+19.3,@A	+3.05,+229.4,+19.8,BB	+6.44,+32.7,+19.9,HA	+2.76,+250.9,+25.6,EB	+2.66,+256.3,+25.2,LB	+2.67,+256.2,+25.4,JB	
1702096135.9511435	+6.62,+22.0,+19.3,@A	+3.05,+229.4,+19.8,BB	+6.44,+32.8,+19.9,GA	+2.76,+250.5,+25.5,JB	+2.65,+257.0,+25.2,MB	+2.66,+256.7,+25.4,NB	
1702096197.9608142	+6.62,+22.0,+19.3,@A	+3.05,+229.4,+19.8,BB	+6.44,+32.7,+19.9,HA	+2.78,+249.8,+25.5,AB	+2.65,+256.7,+25.2,KB	+2.68,+255.5,+25.4,AB	
1702096259.9694688	+6.62,+21.9,+19.4,MA	+3.05,+229.3,+19.8,EB	+6.44,+32.7,+19.9,HA	+2.77,+250.2,+25.5,LB	+2.66,+256.4,+25.2,KB	+2.67,+256.0,+25.4,HB	
1702096321.9795654	+6.62,+22.0,+19.3,@A	+3.05,+229.3,+19.8,EB	+6.44,+32.7,+19.9,HA	+2.77,+250.0,+25.5,NB	+2.65,+257.1,+25.2,LB	+2.66,+256.7,+25.4,NB	
1702096568.6980104	+6.62,+22.0,+19.4,GA	+3.05,+229.4,+19.8,BB	+6.44,+32.7,+19.9,HA	+2.77,+250.1,+25.6,LB	+2.65,+257.1,+25.2,LB	+2.65,+256.9,+25.4,CB	
1702096630.705	+6.62,+22.0,+19.3,@A	+3.05,+229.3,+19.8,EB	+6.43,+32.8,+19.9,@A	+2.78,+249.7,+25.6,MB	+2.65,+256.9,+25.2,EB	+2.67,+255.7,+25.4,LB	
1702096692.7138343	+6.62,+22.0,+19.4,GA	+3.05,+229.3,+19.8,EB	+6.44,+32.8,+19.9,GA	+2.76,+250.7,+25.6,KB	+2.66,+256.4,+25.2,KB	+2.65,+257.0,+25.4,KB	
1702096754.721839	+6.62,+22.0,+19.4,GA	+3.05,+229.3,+19.8,EB	+6.44,+32.8,+20.0,DA	+2.77,+250.2,+25.5,LB	+2.66,+256.5,+25.2,JB	+2.67,+255.8,+25.4,CB	
1702096816.730192	+6.62,+22.0,+19.4,GA	+3.05,+229.3,+19.8,EB	+6.43,+32.8,+19.9,@A	+2.77,+249.9,+25.5,OB	+2.65,+257.1,+25.2,LB	+2.66,+256.6,+25.4,OB	
1702096878.7375288	+6.62,+22.0,+19.4,GA	+3.05,+229.3,+19.8,EB	+6.44,+32.7,+19.9,HA	+2.76,+251.0,+25.5,NB	+2.66,+256.4,+25.2,KB	+2.65,+257.0,+25.4,KB	
1702096940.7473934	+6.62,+21.9,+19.4,MA	+3.05,+229.3,+19.8,EB	+6.43,+32.8,+19.9,@A	+2.76,+250.6,+25.6,JB	+2.65,+256.9,+25.2,EB	+2.65,+257.1,+25.3,MB	
1702097002.7563548	+6.62,+22.1,+19.4,FA	+3.05,+229.3,+19.8,EB	+6.43,+32.8,+19.9,@A	+2.78,+249.8,+25.6,BB	+2.65,+257.2,+25.2,OB	+2.67,+256.1,+25.4,IB	
1702097064.7656734	+6.62,+22.0,+19.4,GA	+3.05,+229.4,+19.8,BB	+6.43,+32.8,+19.9,@A	+2.77,+249.9,+25.6,LB	+2.65,+257.1,+25.2,LB	+2.66,+256.6,+25.4,OB	
1702097126.7743385	+6.62,+22.1,+19.4,FA	+3.05,+229.3,+19.8,EB	+6.43,+32.8,+19.9,@A	+2.76,+250.6,+25.5,IB	+2.66,+256.6,+25.2,IB	+2.67,+256.0,+25.4,HB	
1702097188.7828476	+6.62,+22.1,+19.4,FA	+3.05,+229.4,+19.8,BB	+6.43,+32.8,+19.9,@A	+2.78,+249.8,+25.6,BB	+2.65,+257.1,+25.2,LB	+2.67,+255.7,+25.4,LB	
1702097250.7927232	+6.62,+22.0,+19.4,GA	+3.05,+229.4,+19.8,BB	+6.43,+32.8,+19.9,@A	+2.75,+251.1,+25.5,LB	+2.66,+256.3,+25.2,LB	+2.66,+256.7,+25.4,NB	
1702097312.8022077	+6.62,+22.1,+19.4,FA	+3.05,+229.4,+19.8,BB	+6.43,+32.8,+20.0,CA	+2.75,+251.1,+25.5,LB	+2.66,+256.5,+25.2,JB	+2.66,+256.3,+25.4,JB	
1702097374.8106217	+6.62,+22.0,+19.4,GA	+3.05,+229.3,+19.8,EB	+6.43,+32.8,+19.9,@A	+2.75,+251.1,+25.5,LB	+2.66,+256.4,+25.2,KB	+2.66,+256.8,+25.4,AB	
1702097436.8162255	+6.62,+22.0,+19.4,GA	+3.05,+229.4,+19.8,BB	+6.43,+32.8,+19.9,@A	+2.77,+250.3,+25.6,NB	+2.65,+256.7,+25.2,KB	+2.65,+256.9,+25.4,CB	
1702097498.8240125	+6.62,+22.0,+19.4,GA	+3.05,+229.4,+19.8,BB	+6.43,+32.9,+19.9,AA	+2.78,+249.8,+25.6,BB	+2.66,+256.2,+25.2,MB	+2.67,+255.7,+25.4,LB	
1702097560.8339846	+6.62,+21.9,+19.4,MA	+3.05,+229.4,+19.8,BB	+6.43,+32.9,+19.9,AA	+2.77,+250.1,+25.5,OB	+2.66,+256.5,+25.2,JB	+2.65,+256.9,+25.4,CB	
1702097622.84151	+6.62,+22.0,+19.4,GA	+3.05,+229.4,+19.8,BB	+6.43,+32.9,+19.9,AA	+2.77,+250.2,+25.5,LB	+2.66,+256.4,+25.2,KB	+2.65,+257.1,+25.4,JB	
1702097684.8509295	+6.62,+22.0,+19.4,GA	+3.05,+229.3,+19.8,EB	+6.44,+32.8,+19.9,GA	+2.76,+251.0,+25.6,MB	+2.66,+256.6,+25.2,IB	+2.67,+256.2,+25.4,JB	
1702097746.8606508	+6.62,+22.0,+19.4,GA	+3.05,+229.4,+19.8,BB	+6.43,+32.9,+20.0,BA	+2.77,+250.4,+25.5,JB	+2.66,+256.4,+25.2,KB	+2.65,+257.2,+25.4,IB	
1702097808.8692462	+6.62,+22.0,+19.4,GA	+3.05,+229.4,+19.8,BB	+6.43,+32.9,+20.0,BA	+2.76,+250.7,+25.6,KB	+2.66,+256.3,+25.2,LB	+2.65,+257.2,+25.4,IB	
1702097870.8783355	+6.62,+22.1,+19.4,FA	+3.05,+229.3,+19.8,EB	+6.43,+32.9,+20.0,BA	+2.75,+251.1,+25.6,OB	+2.66,+256.4,+25.2,KB	+2.66,+256.8,+25.4,AB	
1702097932.8867629	+6.62,+22.0,+19.4,GA	+3.05,+229.4,+19.8,BB	+6.43,+32.8,+20.0,CA	+2.77,+250.4,+25.5,JB	+2.66,+256.3,+25.2,LB	+2.65,+257.2,+25.4,IB	
1702097994.894815	+6.62,+21.9,+19.4,MA	+3.05,+229.4,+19.8,BB	+6.43,+32.8,+20.0,CA	+2.78,+249.6,+25.6,LB	+2.66,+256.6,+25.2,IB	+2.66,+256.6,+25.4,OB	
1702098056.9031508	+6.62,+22.0,+19.4,GA	+3.05,+229.4,+19.9,CB	+6.43,+32.9,+20.0,BA	+2.76,+250.9,+25.5,FB	+2.65,+256.8,+25.2,DB	+2.67,+256.1,+25.4,IB	
1702098118.915065	+6.62,+21.9,+19.4,MA	+3.05,+229.4,+19.8,BB	+6.43,+32.9,+20.0,BA	+2.77,+249.9,+25.6,LB	+2.65,+257.0,+25.2,MB	+2.67,+255.7,+25.4,LB	
1702098180.9241338	+6.62,+22.1,+19.4,FA	+3.05,+229.4,+19.8,BB	+6.43,+32.8,+20.0,CA	+2.76,+251.0,+25.6,MB	+2.65,+256.7,+25.2,KB	+2.65,+256.9,+25.4,CB	
1702098242.934347	+6.62,+21.9,+19.4,MA	+3.05,+229.4,+19.9,CB	+6.43,+32.9,+20.0,BA	+2.77,+250.1,+25.6,LB	+2.65,+256.9,+25.2,EB	+2.67,+256.1,+25.4,IB	
1702098304.943921	+6.62,+22.0,+19.4,GA	+3.05,+229.4,+19.8,BB	+6.43,+32.9,+20.0,BA	+2.76,+251.0,+25.6,MB	+2.65,+257.2,+25.2,OB	+2.67,+255.9,+25.4,BB	
1702098366.954053	+6.62,+22.0,+19.4,GA	+3.05,+229.4,+19.9,CB	+6.43,+32.8,+20.0,CA	+2.76,+250.8,+25.6,DB	+2.65,+257.2,+25.2,OB	+2.68,+255.6,+25.4,BB	
1702098428.9634173	+6.62,+22.0,+19.4,GA	+3.05,+229.4,+19.8,BB	+6.43,+32.8,+20.0,CA	+2.76,+250.9,+25.6,EB	+2.64,+257.3,+25.2,OB	+2.67,+255.7,+25.4,LB	
1702098490.9702177	+6.62,+22.0,+19.4,GA	+3.04,+229.4,+19.8,CB	+6.43,+32.9,+20.0,BA	+2.76,+250.9,+25.5,FB	+2.65,+257.1,+25.2,LB	+2.66,+256.6,+25.4,OB	
1702098552.9822428	+6.62,+22.0,+19.4,GA	+3.05,+229.4,+19.9,CB	+6.43,+32.9,+20.0,BA	+2.76,+251.0,+25.5,NB	+2.65,+257.1,+25.2,LB	+2.66,+256.5,+25.4,LB	
1702098614.9909804	+6.62,+21.9,+19.4,MA	+3.04,+229.5,+19.8,BB	+6.43,+32.8,+20.0,CA	+2.77,+250.3,+25.5,MB	+2.65,+257.0,+25.2,MB	+2.67,+255.8,+25.4,CB	
1702098676.9991395	+6.62,+21.9,+19.4,MA	+3.05,+229.4,+19.8,BB	+6.43,+32.8,+20.0,CA	+2.77,+250.1,+25.6,LB	+2.65,+256.8,+25.2,DB	+2.67,+256.1,+25.4,IB	
1702098739.0084841	+6.62,+22.0,+19.4,GA	+3.04,+229.4,+19.8,CB	+6.43,+33.0,+20.0,JA	+2.76,+251.0,+25.6,MB	+2.65,+257.0,+25.2,MB	+2.66,+256.8,+25.4,AB	
1702098801.016577	+6.62,+21.9,+19.4,MA	+3.04,+229.5,+19.9,CB	+6.43,+33.0,+19.9,IA	+2.77,+250.0,+25.5,NB	+2.66,+256.6,+25.2,IB	+2.66,+256.6,+25.4,OB	
1702098863.0244021	+6.62,+21.9,+19.4,MA	+3.05,+229.4,+19.8,BB	+6.43,+32.9,+20.0,BA	+2.75,+251.1,+25.6,OB	+2.64,+257.3,+25.2,OB	+2.66,+256.3,+25.4,JB	
1702098925.032316	+6.62,+21.9,+19.4,MA	+3.04,+229.4,+19.8,CB	+6.43,+32.9,+20.0,BA	+2.77,+250.4,+25.5,JB	+2.65,+256.8,+25.2,DB	+2.65,+257.1,+25.4,JB	
1702098987.0413344	+6.62,+21.8,+19.4,LA	+3.05,+229.4,+19.8,BB	+6.43,+32.9,+20.0,BA	+2.75,+251.1,+25.6,OB	+2.65,+257.2,+25.2,OB	+2.67,+256.2,+25.4,JB	
1702099049.050769	+6.62,+22.0,+19.4,GA	+3.05,+229.4,+19.9,CB	+6.43,+33.0,+20.0,JA	+2.77,+250.0,+25.6,MB	+2.66,+256.6,+25.2,IB	+2.66,+256.8,+25.4,AB	
1702099111.060176	+6.62,+22.0,+19.4,GA	+3.04,+229.5,+19.9,CB	+6.43,+33.0,+20.0,JA	+2.77,+250.1,+25.6,LB	+2.66,+256.6,+25.2,IB	+2.65,+257.1,+25.4,JB	
1702099173.0685441	+6.62,+21.9,+19.4,MA	+3.05,+229.4,+19.8,BB	+6.43,+33.0,+20.0,JA	+2.76,+250.5,+25.6,IB	+2.66,+256.7,+25.2,HB	+2.67,+255.8,+25.3,DB	
1702099235.0783741	+6.62,+21.9,+19.4,MA	+3.05,+229.4,+19.8,BB	+6.43,+33.0,+20.0,JA	+2.75,+251.2,+25.5,OB	+2.65,+257.2,+25.2,OB	+2.67,+255.7,+25.4,LB	
1702099297.0858605	+6.62,+21.9,+19.4,MA	+3.05,+229.4,+19.9,CB	+6.43,+33.0,+20.0,JA	+2.75,+251.1,+25.5,LB	+2.64,+257.3,+25.2,OB	+2.67,+256.0,+25.4,HB	
1702099359.0955777	+6.62,+21.9,+19.4,MA	+3.05,+229.4,+19.8,BB	+6.43,+33.0,+20.0,JA	+2.77,+250.4,+25.5,JB	+2.65,+256.8,+25.2,DB	+2.68,+255.5,+25.4,AB	
1702099421.1058495	+6.62,+22.0,+19.4,GA	+3.05,+229.4,+19.8,BB	+6.43,+33.0,+20.0,JA	+2.78,+249.5,+25.6,OB	+2.65,+256.7,+25.2,KB	+2.66,+256.8,+25.4,AB	
1702099483.1123333	+6.62,+22.0,+19.4,GA	+3.05,+229.4,+19.9,CB	+6.43,+33.0,+20.0,JA	+2.77,+250.3,+25.5,MB	+2.65,+256.8,+25.2,DB	+2.67,+255.8,+25.4,CB	
1702099545.1220202	+6.62,+21.9,+19.4,MA	+3.04,+229.5,+19.9,CB	+6.43,+33.1,+20.0,KA	+2.76,+250.9,+25.6,EB	+2.65,+257.0,+25.2,MB	+2.68,+255.4,+25.4,@B	
1702099607.130671	+6.62,+22.0,+19.4,GA	+3.05,+229.4,+19.9,CB	+6.43,+33.0,+20.0,JA	+2.77,+250.0,+25.6,MB	+2.66,+256.4,+25.2,KB	+2.65,+257.1,+25.4,JB	
1702099669.1381776	+6.62,+22.0,+19.4,GA	+3.05,+229.4,+19.9,CB	+6.43,+33.1,+20.0,KA	+2.77,+250.1,+25.6,LB	+2.66,+256.6,+25.2,IB	+2.65,+257.0,+25.4,KB	
1702099731.1470983	+6.62,+21.9,+19.4,MA	+3.05,+229.4,+19.9,CB	+6.43,+33.0,+20.0,JA	+2.76,+250.8,+25.6,DB	+2.66,+256.4,+25.2,KB	+2.67,+255.8,+25.4,CB	
1702099793.1556845	+6.62,+21.9,+19.4,MA	+3.05,+229.4,+19.9,CB	+6.43,+33.0,+20.0,JA	+2.76,+250.9,+25.5,FB	+2.65,+257.2,+25.2,OB	+2.66,+256.6,+25.4,OB	
1702099855.1647449	+6.62,+21.9,+19.4,MA	+3.05,+229.4,+19.9,CB	+6.43,+33.0,+20.0,JA	+2.75,+251.5,+25.6,KB	+2.65,+256.8,+25.2,DB	+2.67,+255.7,+25.3,KB	
1702099917.1746612	+6.62,+21.9,+19.4,MA	+3.04,+229.5,+19.9,CB	+6.43,+33.0,+20.0,JA	+2.75,+251.4,+25.5,IB	+2.65,+256.8,+25.2,DB	+2.68,+255.7,+25.4,CB	
1702099979.1851187	+6.62,+21.9,+19.4,MA	+3.05,+229.4,+19.9,CB	+6.43,+33.0,+20.0,JA	+2.75,+251.1,+25.5,LB	+2.66,+256.5,+25.2,JB	+2.67,+255.9,+25.4,BB	
1702100041.1908605	+6.62,+21.9,+19.4,MA	+3.05,+229.4,+19.9,CB	+6.43,+33.1,+20.0,KA	+2.75,+251.5,+25.6,KB	+2.66,+256.6,+25.2,IB	+2.67,+255.8,+25.4,CB	
1702100103.202539	+6.62,+21.8,+19.4,LA	+3.05,+229.4,+19.9,CB	+6.43,+33.1,+20.0,KA	+2.76,+251.0,+25.5,NB	+2.65,+257.0,+25.2,MB	+2.66,+256.8,+25.4,AB	
1702100165.2110417	+6.62,+21.9,+19.4,MA	+3.04,+229.5,+19.9,CB	+6.43,+33.1,+20.0,KA	+2.75,+251.2,+25.5,OB	+2.65,+257.0,+25.2,MB	+2.67,+256.2,+25.4,JB	
1702100411.9491758	+6.62,+22.0,+19.4,GA	+3.04,+229.5,+19.9,CB	+6.43,+33.2,+20.0,HA	+2.77,+250.4,+25.6,IB	+2.65,+256.9,+25.2,EB	+2.66,+256.3,+25.4,JB	
