62309060419	62309060427	62309060471	62309060472	62309060473	62309060475	
1700501349.1168268	+2.83,+241.4,+19.5,NB	+2.88,+238.8,+19.9,KB	+7.13,-7.4,+20.0,KB	+2.44,+269.7,+25.5,CB	+2.29,+278.4,+25.2,LB	+2.48,+267.3,+25.4,DB	
1700501411.1250982	+2.83,+241.5,+19.4,NB	+2.88,+238.8,+19.9,KB	+7.13,-7.4,+20.0,KB	+2.44,+269.9,+25.5,MB	+2.29,+278.2,+25.2,JB	+2.46,+268.5,+25.4,CB	
1700501473.1334586	+2.83,+241.4,+19.4,OB	+2.88,+238.8,+19.9,KB	+7.13,-7.5,+20.0,JB	+2.44,+269.6,+25.5,BB	+2.29,+278.4,+25.2,LB	+2.48,+267.2,+25.4,EB	
1700501535.1407928	+2.83,+241.5,+19.4,NB	+2.88,+238.9,+19.9,JB	+7.12,-7.0,+20.0,NB	+2.43,+270.5,+25.6,MB	+2.28,+278.6,+25.2,OB	+2.45,+268.7,+25.4,BB	
1700501597.149869	+2.83,+241.5,+19.4,NB	+2.88,+238.9,+19.9,JB	+7.13,-7.5,+20.0,JB	+2.43,+270.1,+25.6,IB	+2.29,+278.2,+25.2,JB	+2.48,+267.3,+25.4,DB	
1700501659.1590297	+2.83,+241.5,+19.5,OB	+2.88,+238.8,+19.9,KB	+7.11,-6.3,+20.0,OB	+2.44,+269.6,+25.6,AB	+2.29,+278.0,+25.2,HB	+2.46,+268.5,+25.4,CB	
1700501721.1694858	+2.83,+241.5,+19.5,OB	+2.88,+238.9,+19.9,JB	+7.12,-7.1,+20.0,OB	+2.43,+270.2,+25.6,JB	+2.29,+278.2,+25.2,JB	+2.45,+268.9,+25.3,KB	
1700501783.1796389	+2.83,+241.5,+19.5,OB	+2.88,+238.9,+19.9,JB	+7.13,-7.3,+20.0,LB	+2.44,+269.5,+25.6,BB	+2.29,+278.0,+25.2,HB	+2.46,+268.1,+25.4,GB	
1700502028.7821088	+2.83,+241.6,+19.4,MB	+2.88,+238.9,+19.9,JB	+7.12,-7.2,+20.0,LB	+2.43,+270.6,+25.6,NB	+2.28,+278.5,+25.2,LB	+2.47,+267.6,+25.4,NB	
1700502090.7920573	+2.83,+241.6,+19.4,MB	+2.88,+238.9,+19.9,JB	+7.12,-6.9,+20.0,FB	+2.42,+270.7,+25.6,NB	+2.29,+278.4,+25.2,LB	+2.48,+267.3,+25.4,DB	
1700502152.8011973	+2.83,+241.6,+19.5,LB	+2.88,+238.9,+19.9,JB	+7.12,-6.8,+20.0,GB	+2.43,+270.4,+25.6,LB	+2.29,+278.1,+25.2,IB	+2.47,+267.5,+25.4,MB	
1700502214.811494	+2.83,+241.6,+19.4,MB	+2.88,+238.9,+19.9,JB	+7.12,-6.8,+20.0,GB	+2.42,+270.7,+25.6,NB	+2.29,+278.4,+25.2,LB	+2.47,+267.5,+25.3,JB	
1700502276.8181174	+2.83,+241.5,+19.5,OB	+2.88,+238.9,+19.9,JB	+7.12,-6.8,+20.0,GB	+2.43,+270.3,+25.6,KB	+2.28,+278.7,+25.2,NB	+2.47,+267.9,+25.4,AB	
1700502338.8277442	+2.83,+241.6,+19.5,LB	+2.88,+238.9,+19.9,JB	+7.12,-6.8,+20.0,GB	+2.43,+270.2,+25.6,JB	+2.29,+278.1,+25.2,IB	+2.47,+267.7,+25.4,OB	
1700502400.8355	+2.83,+241.6,+19.4,MB	+2.88,+238.9,+19.9,JB	+7.12,-6.7,+20.0,HB	+2.44,+269.8,+25.5,LB	+2.29,+278.3,+25.2,KB	+2.46,+268.1,+25.4,GB	
1700502462.8434808	+2.83,+241.6,+19.5,LB	+2.88,+238.9,+19.9,JB	+7.12,-6.7,+20.0,HB	+2.45,+269.3,+25.6,EB	+2.28,+278.9,+25.2,@B	+2.45,+269.0,+25.3,CB	
1700502524.85345	+2.83,+241.6,+19.5,LB	+2.88,+238.9,+19.9,JB	+7.12,-6.7,+20.0,HB	+2.44,+269.5,+25.6,BB	+2.28,+278.6,+25.2,OB	+2.45,+268.8,+25.4,MB	
1700502586.861096	+2.83,+241.6,+19.5,LB	+2.88,+239.0,+19.9,BB	+7.11,-6.6,+20.0,JB	+2.44,+269.8,+25.6,OB	+2.28,+278.7,+25.2,NB	+2.45,+268.7,+25.4,BB	
1700502648.8653798	+2.83,+241.6,+19.5,LB	+2.88,+238.9,+19.9,JB	+7.11,-6.5,+20.0,IB	+2.43,+270.1,+25.6,IB	+2.28,+278.5,+25.2,LB	+2.46,+268.1,+25.3,@B	
1700502710.873398	+2.83,+241.6,+19.4,MB	+2.88,+238.9,+19.9,JB	+7.11,-6.5,+20.0,IB	+2.43,+270.4,+25.6,LB	+2.29,+278.1,+25.2,IB	+2.47,+267.5,+25.4,MB	
1700502772.882917	+2.83,+241.7,+19.4,LB	+2.88,+239.0,+19.9,BB	+7.11,-6.1,+20.0,MB	+2.43,+270.3,+25.6,KB	+2.29,+278.3,+25.2,KB	+2.47,+267.7,+25.4,OB	
1700502834.8926187	+2.83,+241.7,+19.5,MB	+2.88,+239.0,+19.9,BB	+7.11,-6.2,+20.0,NB	+2.43,+270.2,+25.6,JB	+2.29,+278.3,+25.2,KB	+2.47,+267.8,+25.3,GB	
1700502896.901859	+2.83,+241.6,+19.5,LB	+2.88,+238.9,+19.9,JB	+7.11,-6.1,+20.0,MB	+2.43,+270.3,+25.5,HB	+2.29,+278.3,+25.2,KB	+2.47,+267.6,+25.4,NB	
1700502958.9132745	+2.83,+241.6,+19.5,LB	+2.88,+239.0,+19.9,BB	+7.10,-6.0,+20.0,MB	+2.44,+269.5,+25.6,BB	+2.28,+278.7,+25.2,NB	+2.46,+268.3,+25.4,EB	
1700503020.9231365	+2.83,+241.6,+19.5,LB	+2.88,+239.0,+19.9,BB	+7.10,-5.6,+20.0,HB	+2.45,+269.1,+25.6,GB	+2.28,+278.8,+25.2,AB	+2.45,+269.0,+25.4,DB	
1700503082.9317813	+2.83,+241.7,+19.5,MB	+2.88,+239.0,+19.9,BB	+7.10,-5.8,+20.0,FB	+2.44,+269.9,+25.6,NB	+2.29,+278.4,+25.2,LB	+2.46,+268.1,+25.4,GB	
1700503144.9424956	+2.83,+241.6,+19.5,LB	+2.88,+239.0,+19.9,BB	+7.10,-5.9,+20.0,GB	+2.45,+269.1,+25.6,GB	+2.28,+278.8,+25.2,AB	+2.45,+269.1,+25.4,EB	
1700503206.9519575	+2.83,+241.7,+19.4,LB	+2.88,+239.0,+19.9,BB	+7.10,-5.9,+20.0,GB	+2.44,+269.6,+25.6,AB	+2.29,+278.3,+25.2,KB	+2.46,+268.5,+25.4,CB	
1700503268.961413	+2.83,+241.6,+19.4,MB	+2.88,+239.0,+19.9,BB	+7.10,-6.0,+20.0,MB	+2.45,+269.4,+25.6,BB	+2.28,+278.9,+25.2,@B	+2.45,+269.1,+25.4,EB	
1700503330.969626	+2.83,+241.7,+19.5,MB	+2.88,+239.0,+19.9,BB	+7.10,-6.0,+20.0,MB	+2.43,+270.3,+25.6,KB	+2.29,+278.1,+25.2,IB	+2.47,+267.8,+25.4,@B	
1700503392.9789484	+2.83,+241.7,+19.5,MB	+2.88,+239.0,+19.9,BB	+7.10,-5.5,+20.0,KB	+2.43,+270.1,+25.6,IB	+2.28,+278.8,+25.2,AB	+2.46,+268.4,+25.3,EB	
1700503454.9874883	+2.83,+241.7,+19.5,MB	+2.88,+239.0,+19.9,BB	+7.10,-5.7,+20.0,IB	+2.44,+270.0,+25.5,LB	+2.29,+278.3,+25.2,KB	+2.46,+268.3,+25.3,BB	
1700503516.9967687	+2.83,+241.7,+19.5,MB	+2.88,+239.0,+19.9,BB	+7.10,-5.8,+20.0,FB	+2.44,+269.9,+25.6,NB	+2.28,+279.0,+25.2,HB	+2.45,+269.0,+25.4,DB	
1700503579.0072358	+2.83,+241.7,+19.4,LB	+2.88,+239.0,+19.9,BB	+7.10,-5.7,+20.0,IB	+2.42,+270.6,+25.6,OB	+2.29,+278.2,+25.2,JB	+2.47,+267.6,+25.3,IB	
1700503641.0162628	+2.83,+241.7,+19.4,LB	+2.88,+239.0,+19.9,BB	+7.10,-5.9,+20.0,GB	+2.45,+269.4,+25.6,BB	+2.29,+278.5,+25.2,MB	+2.45,+269.0,+25.4,DB	
1700503703.0251143	+2.83,+241.7,+19.5,MB	+2.88,+239.0,+19.9,BB	+7.10,-6.0,+20.0,MB	+2.43,+270.5,+25.5,NB	+2.28,+278.7,+25.2,NB	+2.47,+268.0,+25.4,GB	
1700503765.0346797	+2.83,+241.7,+19.4,LB	+2.88,+239.0,+19.9,BB	+7.10,-6.0,+20.0,MB	+2.44,+269.6,+25.5,BB	+2.29,+278.3,+25.2,KB	+2.46,+268.6,+25.4,@B	
1700503827.042129	+2.83,+241.7,+19.4,LB	+2.88,+239.0,+19.9,BB	+7.10,-6.0,+20.0,MB	+2.43,+270.2,+25.5,IB	+2.29,+278.2,+25.2,JB	+2.47,+268.0,+25.4,GB	
1700503889.0505795	+2.83,+241.7,+19.4,LB	+2.88,+239.0,+19.9,BB	+7.10,-6.1,+20.0,LB	+2.44,+269.5,+25.6,BB	+2.28,+278.6,+25.2,OB	+2.45,+269.1,+25.4,EB	
1700503951.0576348	+2.83,+241.7,+19.5,MB	+2.88,+239.1,+19.9,CB	+7.08,-4.4,+20.0,BB	+2.43,+270.3,+25.5,HB	+2.28,+279.1,+25.2,IB	+2.45,+268.7,+25.4,BB	
1700504013.0652044	+2.83,+241.8,+19.4,CB	+2.88,+239.0,+19.9,BB	?0.0,+2999.9,+999.9,O@	+2.42,+270.7,+25.6,NB	+2.28,+279.1,+25.2,IB	+2.46,+268.5,+25.4,CB	
1700504075.0754325	+2.83,+241.7,+19.4,LB	+2.88,+239.1,+19.9,CB	?0.0,+2999.9,+999.9,O@	+2.43,+270.1,+25.5,JB	+2.28,+278.8,+25.2,AB	+2.45,+269.1,+25.4,EB	
1700504137.0861022	+2.83,+241.8,+19.5,BB	+2.88,+239.0,+19.9,BB	?0.0,+2999.9,+999.9,O@	+2.42,+270.6,+25.5,LB	+2.28,+279.0,+25.2,HB	+2.46,+268.4,+25.4,BB	
1700504199.094756	+2.83,+241.7,+19.4,LB	+2.88,+239.1,+19.9,CB	+6.85,+9.4,+35.3,JB	+2.42,+270.6,+25.6,OB	+2.28,+279.0,+25.2,HB	+2.47,+267.9,+25.4,AB	
1700504261.1043978	+2.83,+241.8,+19.4,CB	+2.88,+239.1,+19.9,CB	+6.99,+0.6,+21.3,IB	+2.44,+269.6,+25.6,AB	+2.29,+278.3,+25.2,KB	+2.45,+268.8,+25.4,MB	
1700504323.1141846	+2.83,+241.8,+19.4,CB	+2.88,+239.1,+19.9,CB	+6.98,+1.1,+21.2,OB	+2.42,+270.6,+25.6,OB	+2.28,+278.9,+25.2,@B	+2.46,+268.1,+25.4,GB	
1700504385.1234944	+2.83,+241.8,+19.4,CB	+2.88,+239.0,+19.9,BB	+6.98,+1.2,+21.2,LB	+2.42,+270.7,+25.5,MB	+2.28,+279.0,+25.2,HB	+2.46,+268.2,+25.3,CB	
1700504447.1291318	+2.83,+241.8,+19.4,CB	+2.88,+239.1,+19.9,CB	+6.98,+1.0,+21.1,MB	+2.43,+270.5,+25.6,MB	+2.27,+279.2,+25.2,EB	+2.45,+268.9,+25.4,LB	
1700504509.1335647	+2.83,+241.8,+19.4,CB	+2.88,+239.1,+19.9,CB	+6.99,+0.7,+21.0,KB	+2.43,+270.3,+25.5,HB	+2.28,+278.8,+25.2,AB	+2.45,+268.7,+25.3,EB	
1700504571.1425438	+2.83,+241.8,+19.5,BB	+2.88,+239.1,+19.9,CB	+6.99,+0.5,+20.9,AB	+2.43,+270.5,+25.6,MB	+2.28,+279.0,+25.2,HB	+2.47,+267.8,+25.3,GB	
1700504633.1511245	+2.83,+241.8,+19.4,CB	+2.88,+239.0,+19.9,BB	+7.00,+0.1,+20.9,DB	+2.45,+269.3,+25.5,FB	+2.29,+278.2,+25.2,JB	+2.45,+268.7,+25.4,BB	
1700504695.162286	+2.83,+241.8,+19.4,CB	+2.88,+239.1,+19.9,CB	+7.00,-0.1,+20.8,CB	+2.43,+270.4,+25.6,LB	+2.28,+278.8,+25.2,AB	+2.46,+268.4,+25.4,BB	
1700504757.1707397	+2.83,+241.8,+19.4,CB	+2.88,+239.1,+19.9,CB	+7.00,-0.2,+20.8,@B	+2.43,+270.2,+25.6,JB	+2.28,+278.6,+25.2,OB	+2.46,+268.6,+25.3,GB	
1700504819.181292	+2.83,+241.8,+19.4,CB	+2.88,+239.1,+19.9,CB	+7.01,-0.4,+20.7,HB	+2.44,+269.4,+25.6,CB	+2.29,+278.2,+25.2,JB	+2.46,+268.6,+25.4,@B	
1700504881.192354	+2.83,+241.8,+19.4,CB	+2.88,+239.1,+19.9,CB	+7.01,-0.6,+20.7,JB	+2.44,+269.4,+25.6,CB	+2.29,+278.2,+25.2,JB	+2.46,+268.5,+25.3,DB	
1700504943.20165	+2.83,+241.8,+19.4,CB	+2.88,+239.1,+19.9,CB	+7.01,-0.7,+20.6,JB	+2.43,+270.6,+25.6,NB	+2.28,+279.1,+25.2,IB	+2.48,+267.3,+25.4,DB	
1700505005.210778	+2.83,+241.8,+19.4,CB	+2.88,+239.1,+19.9,CB	+7.01,-0.7,+20.6,JB	+2.43,+270.5,+25.6,MB	+2.28,+278.8,+25.2,AB	+2.46,+268.2,+25.4,DB	
1700505067.2208228	+2.82,+241.9,+19.4,CB	+2.88,+239.2,+19.9,@B	+7.01,-0.7,+20.6,JB	+2.43,+270.6,+25.6,NB	+2.28,+279.1,+25.2,IB	+2.48,+267.4,+25.4,CB	
1700505129.2311378	+2.82,+241.9,+19.4,CB	+2.88,+239.1,+19.9,CB	+7.01,-0.7,+20.5,IB	+2.42,+270.9,+25.6,@B	+2.28,+279.0,+25.2,HB	+2.47,+267.9,+25.4,AB	
1700505191.2381644	+2.83,+241.8,+19.5,BB	+2.88,+239.1,+19.9,CB	+7.01,-0.6,+20.5,HB	+2.42,+270.9,+25.6,@B	+2.29,+278.4,+25.2,LB	+2.46,+268.2,+25.4,DB	
1700505253.2465553	+2.82,+241.9,+19.4,CB	+2.88,+239.2,+19.9,@B	+7.01,-0.5,+20.4,JB	+2.43,+270.6,+25.6,NB	+2.28,+278.6,+25.2,OB	+2.46,+268.4,+25.4,BB	
1700505315.2570276	+2.82,+241.9,+19.5,BB	+2.88,+239.2,+19.9,@B	+7.01,-0.4,+20.4,KB	+2.42,+270.7,+25.6,NB	+2.28,+279.0,+25.2,HB	+2.47,+267.6,+25.3,IB	
1700505377.2670968	+2.82,+241.9,+19.5,BB	+2.88,+239.1,+19.9,CB	+7.00,-0.2,+20.4,LB	+2.44,+269.8,+25.5,LB	+2.29,+278.3,+25.2,KB	+2.45,+269.0,+25.4,DB	
1700505439.2764943	+2.82,+242.0,+19.4,IB	+2.88,+239.1,+19.9,CB	+7.00,-0.2,+20.4,LB	+2.43,+270.5,+25.6,MB	+2.29,+278.5,+25.2,MB	+2.45,+268.9,+25.3,KB	
1700505501.28547	+2.82,+241.9,+19.5,BB	+2.88,+239.2,+19.9,@B	+7.00,-0.1,+20.3,HB	+2.44,+269.5,+25.6,BB	+2.28,+278.7,+25.2,NB	+2.46,+268.2,+25.3,CB	
1700505563.2956178	+2.82,+241.9,+19.4,CB	+2.88,+239.2,+19.9,@B	+7.00,+0.1,+20.3,NB	+2.43,+270.2,+25.5,IB	+2.27,+279.2,+25.2,EB	+2.48,+267.4,+25.3,DB	
1700505625.3064218	+2.82,+241.9,+19.4,CB	+2.88,+239.2,+19.9,@B	+6.99,+0.4,+20.3,JB	+2.43,+270.3,+25.6,KB	+2.27,+279.1,+25.2,FB	+2.47,+267.5,+25.4,MB	
1700505870.8691838	+2.82,+242.0,+19.4,IB	+2.88,+239.2,+19.9,@B	+6.98,+1.2,+20.2,MB	+2.43,+270.3,+25.6,KB	+2.29,+278.4,+25.2,LB	+2.48,+267.1,+25.4,FB	
1700505932.879268	+2.82,+242.0,+19.4,IB	+2.88,+239.2,+20.0,CB	+6.98,+1.4,+20.3,JB	+2.44,+269.7,+25.6,@B	+2.28,+278.8,+25.2,AB	+2.47,+267.6,+25.4,NB	
1700505994.8885143	+2.82,+241.9,+19.4,CB	+2.88,+239.2,+19.9,@B	+6.97,+1.5,+20.2,EB	+2.42,+271.0,+25.5,KB	+2.28,+278.8,+25.2,AB	+2.46,+268.2,+25.4,DB	
1700506056.898951	+2.82,+242.0,+19.4,IB	+2.88,+239.2,+19.9,@B	+6.97,+1.7,+20.2,GB	+2.42,+270.9,+25.6,@B	+2.28,+278.7,+25.2,NB	+2.47,+267.9,+25.4,AB	
1700506118.908315	+2.82,+242.0,+19.5,HB	+2.88,+239.2,+19.9,@B	+6.97,+1.9,+20.2,IB	+2.42,+270.8,+25.5,BB	+2.29,+278.4,+25.2,LB	+2.49,+266.9,+25.4,NB	
1700506180.9202793	+2.82,+242.0,+19.4,IB	+2.88,+239.2,+19.9,@B	+6.96,+2.2,+20.2,@B	+2.44,+270.0,+25.6,OB	+2.27,+279.2,+25.2,EB	+2.46,+268.3,+25.4,EB	
1700506242.9259727	+2.82,+241.9,+19.4,CB	+2.88,+239.2,+19.9,@B	+6.96,+2.4,+20.2,FB	+2.44,+269.8,+25.6,OB	+2.28,+279.0,+25.2,HB	+2.47,+267.6,+25.4,NB	
1700506304.9350572	+2.82,+242.0,+19.4,IB	+2.88,+239.2,+19.9,@B	+6.95,+2.7,+20.2,FB	+2.45,+269.3,+25.5,FB	+2.27,+279.2,+25.2,EB	+2.47,+267.9,+25.3,FB	
1700506366.9319923	+2.82,+242.0,+19.4,IB	+2.88,+239.2,+19.9,@B	+6.95,+2.8,+20.1,JB	+2.43,+270.1,+25.5,JB	+2.28,+279.0,+25.2,HB	+2.46,+268.6,+25.4,@B	
1700506428.9391205	+2.82,+242.0,+19.4,IB	+2.88,+239.2,+19.9,@B	+6.95,+3.1,+20.1,BB	+2.43,+270.0,+25.6,HB	+2.28,+278.8,+25.2,AB	+2.48,+267.2,+25.4,EB	
1700506490.9460018	+2.82,+242.0,+19.4,IB	+2.88,+239.2,+19.9,@B	+6.94,+3.3,+20.1,AB	+2.42,+270.9,+25.6,@B	+2.29,+278.4,+25.2,LB	+2.47,+267.6,+25.3,IB	
1700506552.954541	+2.82,+242.1,+19.4,HB	+2.88,+239.2,+19.9,@B	+6.94,+3.5,+20.1,GB	+2.42,+270.9,+25.6,@B	+2.29,+278.4,+25.2,LB	+2.47,+267.8,+25.4,@B	
1700506614.9550707	+2.82,+242.0,+19.4,IB	+2.88,+239.2,+19.9,@B	+6.94,+3.7,+20.1,EB	+2.42,+271.0,+25.5,KB	+2.29,+278.4,+25.2,LB	+2.47,+267.7,+25.3,HB	
1700506676.9610097	+2.82,+242.0,+19.4,IB	+2.88,+239.2,+19.9,@B	+6.93,+3.9,+20.1,LB	+2.43,+270.2,+25.6,JB	+2.28,+279.0,+25.2,HB	+2.48,+267.3,+25.4,DB	
1700506738.9609716	+2.82,+242.0,+19.4,IB	+2.88,+239.2,+19.9,@B	+6.93,+4.2,+20.1,@B	+2.43,+270.2,+25.6,JB	+2.28,+278.8,+25.2,AB	+2.45,+268.7,+25.3,EB	
1700506800.9671395	+2.82,+242.0,+19.4,IB	+2.88,+239.2,+19.9,@B	+6.92,+4.4,+20.1,GB	+2.42,+271.0,+25.6,HB	+2.29,+278.4,+25.2,LB	+2.47,+268.0,+25.4,GB	
1700506862.975688	+2.82,+242.0,+19.4,IB	+2.88,+239.2,+19.9,@B	+6.92,+4.6,+20.1,EB	+2.43,+270.5,+25.6,MB	+2.28,+278.9,+25.2,@B	+2.48,+267.0,+25.4,GB	
1700506924.9833527	+2.82,+242.1,+19.4,HB	+2.88,+239.2,+19.9,@B	+6.92,+4.7,+20.1,DB	+2.42,+271.1,+25.6,IB	+2.29,+278.4,+25.2,LB	+2.47,+267.5,+25.3,JB	
1700506986.9912803	+2.82,+242.0,+19.4,IB	+2.88,+239.2,+19.9,@B	+6.92,+4.8,+20.1,KB	+2.43,+270.5,+25.6,MB	+2.28,+278.6,+25.2,OB	+2.46,+268.2,+25.4,DB	
1700507048.9966557	+2.82,+242.0,+19.4,IB	+2.88,+239.3,+19.9,AB	+6.91,+5.0,+20.1,AB	+2.44,+269.6,+25.5,BB	+2.28,+278.9,+25.2,@B	+2.45,+268.7,+25.3,EB	
1700507111.0059214	+2.82,+242.0,+19.4,IB	+2.88,+239.2,+19.9,@B	+6.91,+5.1,+20.1,@B	+2.43,+270.1,+25.6,IB	+2.27,+279.3,+25.2,DB	+2.48,+267.4,+25.4,CB	
1700507173.0146756	+2.82,+242.0,+19.4,IB	+2.88,+239.3,+19.9,AB	+6.91,+5.3,+20.0,CB	+2.44,+269.9,+25.6,NB	+2.28,+278.6,+25.2,OB	+2.45,+268.7,+25.3,EB	
1700507235.0221205	+2.82,+242.0,+19.4,IB	+2.88,+239.2,+19.9,@B	+6.90,+5.5,+20.0,DB	+2.43,+270.6,+25.6,NB	+2.28,+279.0,+25.2,HB	+2.48,+267.2,+25.4,EB	
1700507297.032427	+2.82,+242.1,+19.4,HB	+2.88,+239.3,+19.9,AB	+6.90,+5.7,+20.0,FB	+2.44,+269.7,+25.6,@B	+2.27,+279.3,+25.2,DB	+2.46,+268.2,+25.4,DB	
1700507359.0409496	+2.82,+242.1,+19.4,HB	+2.88,+239.3,+19.9,AB	+6.90,+5.9,+20.0,HB	+2.44,+269.8,+25.6,OB	+2.28,+279.0,+25.2,HB	+2.45,+268.8,+25.3,JB	
1700507421.0464284	+2.82,+242.0,+19.4,IB	+2.88,+239.3,+19.9,AB	+6.90,+6.1,+20.0,CB	+2.43,+270.3,+25.6,KB	+2.29,+278.5,+25.2,MB	+2.45,+268.7,+25.4,BB	
1700507483.0537233	+2.82,+242.1,+19.4,HB	+2.88,+239.3,+19.9,AB	+6.89,+6.2,+20.0,HB	+2.42,+270.6,+25.5,LB	+2.27,+279.3,+25.2,DB	+2.47,+267.6,+25.4,NB	
1700507545.0614119	+2.82,+242.1,+19.4,HB	+2.88,+239.3,+19.9,AB	+6.89,+6.3,+20.0,IB	+2.43,+270.4,+25.5,OB	+2.28,+278.6,+25.2,OB	+2.46,+268.4,+25.4,BB	
1700507607.0682266	+2.82,+242.1,+19.4,HB	+2.88,+239.3,+19.9,AB	+6.89,+6.5,+20.0,OB	+2.44,+270.0,+25.6,OB	+2.28,+278.5,+25.2,LB	+2.45,+268.9,+25.4,LB	
1700507669.0802016	+2.82,+242.1,+19.4,HB	+2.88,+239.3,+19.9,AB	+6.89,+6.6,+20.0,LB	+2.43,+270.4,+25.6,LB	+2.27,+279.2,+25.2,EB	+2.47,+268.0,+25.4,GB	
1700507731.0871177	+2.82,+242.1,+19.4,HB	+2.88,+239.3,+19.9,AB	+6.88,+6.8,+20.0,CB	+2.44,+269.8,+25.6,OB	+2.28,+278.7,+25.2,NB	+2.45,+268.8,+25.4,MB	
1700507793.097273	+2.82,+242.1,+19.4,HB	+2.88,+239.3,+19.9,AB	+6.88,+6.9,+20.0,BB	+2.42,+270.6,+25.5,LB	+2.29,+278.4,+25.2,LB	+2.46,+268.3,+25.4,EB	
1700507855.1040847	+2.82,+242.1,+19.4,HB	+2.88,+239.3,+19.9,AB	+6.88,+7.1,+20.0,KB	+2.42,+271.1,+25.6,IB	+2.28,+279.0,+25.2,HB	+2.48,+267.3,+25.4,DB	
1700507917.1129172	+2.82,+242.2,+19.4,KB	+2.88,+239.3,+19.9,AB	+6.88,+7.2,+20.0,HB	+2.42,+270.6,+25.5,LB	+2.27,+279.2,+25.2,EB	+2.47,+267.7,+25.4,OB	
1700507979.12118	+2.82,+242.1,+19.4,HB	+2.88,+239.3,+19.9,AB	+6.87,+7.4,+20.0,AB	+2.44,+269.6,+25.6,AB	+2.29,+278.5,+25.2,MB	+2.45,+268.8,+25.4,MB	
1700508041.1312895	+2.82,+242.2,+19.4,KB	+2.88,+239.3,+19.9,AB	+6.87,+7.6,+20.0,CB	+2.44,+270.0,+25.6,OB	+2.29,+278.5,+25.2,MB	+2.45,+268.7,+25.4,BB	
1700508103.140527	+2.82,+242.2,+19.4,KB	+2.88,+239.3,+19.9,AB	+6.87,+7.6,+20.1,BB	+2.42,+270.8,+25.6,AB	+2.28,+278.9,+25.2,@B	+2.47,+267.7,+25.4,OB	
1700508165.149768	+2.82,+242.2,+19.4,KB	+2.88,+239.3,+19.9,AB	+6.87,+7.8,+20.0,MB	+2.42,+270.8,+25.6,AB	+2.28,+279.0,+25.2,HB	+2.48,+267.2,+25.4,EB	
1700508227.1565492	+2.82,+242.2,+19.4,KB	+2.88,+239.3,+19.9,AB	+6.86,+8.0,+20.0,KB	+2.43,+270.5,+25.6,MB	+2.28,+278.8,+25.2,AB	+2.47,+267.8,+25.3,GB	
1700508289.1604292	+2.82,+242.2,+19.4,KB	+2.87,+239.4,+19.9,IB	+6.86,+8.1,+20.0,JB	+2.42,+271.0,+25.6,HB	+2.27,+279.1,+25.2,FB	+2.48,+267.3,+25.3,CB	
1700508351.170736	+2.82,+242.2,+19.4,KB	+2.88,+239.3,+19.9,AB	+6.86,+8.3,+20.1,IB	+2.43,+270.0,+25.5,KB	+2.28,+278.6,+25.2,OB	+2.46,+268.4,+25.4,BB	
1700508413.177663	+2.82,+242.2,+19.4,KB	+2.88,+239.4,+19.9,FB	+6.85,+8.4,+20.0,LB	+2.42,+271.0,+25.5,KB	+2.27,+279.1,+25.2,FB	+2.48,+267.4,+25.4,CB	
1700508475.1867816	+2.82,+242.2,+19.4,KB	+2.88,+239.3,+19.9,AB	+6.85,+8.5,+20.0,MB	+2.43,+270.5,+25.5,NB	+2.28,+278.9,+25.2,@B	+2.47,+267.9,+25.4,AB	
1700508537.1972132	+2.82,+242.2,+19.4,KB	+2.87,+239.4,+19.9,IB	+6.85,+8.6,+20.0,NB	+2.42,+271.1,+25.6,IB	+2.27,+279.1,+25.2,FB	+2.48,+267.4,+25.4,CB	
1700508599.2061522	+2.82,+242.1,+19.4,HB	+2.88,+239.3,+19.9,AB	+6.85,+8.8,+20.0,@B	+2.42,+271.1,+25.5,JB	+2.27,+279.2,+25.2,EB	+2.48,+267.3,+25.3,CB	
1700508661.2146811	+2.82,+242.2,+19.4,KB	+2.88,+239.3,+19.9,AB	+6.85,+8.9,+20.0,AB	+2.43,+270.5,+25.6,MB	+2.28,+278.7,+25.2,NB	+2.47,+267.6,+25.4,NB	
1700508723.2237387	+2.82,+242.2,+19.4,KB	+2.87,+239.4,+19.9,IB	+6.84,+9.0,+20.0,HB	+2.41,+271.2,+25.5,JB	+2.27,+279.1,+25.2,FB	+2.49,+266.8,+25.3,HB	
1700508785.2334082	+2.82,+242.2,+19.4,KB	+2.88,+239.3,+19.9,AB	+6.84,+9.1,+20.0,IB	+2.41,+271.2,+25.5,JB	+2.28,+279.0,+25.2,HB	+2.49,+266.8,+25.4,OB	
1700508847.2390544	+2.82,+242.2,+19.4,KB	+2.87,+239.4,+19.9,IB	+6.84,+9.2,+20.0,JB	+2.42,+271.1,+25.5,JB	+2.27,+279.2,+25.2,EB	+2.49,+266.9,+25.4,NB	
1700508909.2488048	+2.82,+242.3,+19.4,JB	+2.88,+239.3,+19.9,AB	+6.84,+9.4,+20.1,MB	+2.42,+271.1,+25.5,JB	+2.28,+278.8,+25.2,AB	+2.48,+267.1,+25.4,FB	
1700508971.25863	+2.82,+242.2,+19.4,KB	+2.87,+239.4,+19.9,IB	+6.84,+9.5,+20.0,MB	+2.42,+271.1,+25.6,IB	+2.27,+279.1,+25.2,FB	+2.48,+267.0,+25.4,GB	
1700509033.2681346	+2.82,+242.2,+19.4,KB	+2.88,+239.3,+19.9,AB	+6.83,+9.6,+20.1,HB	+2.43,+270.0,+25.6,HB	+2.29,+278.4,+25.2,LB	+2.46,+268.5,+25.4,CB	
1700509095.2776778	+2.82,+242.2,+19.4,KB	+2.87,+239.4,+19.9,IB	+6.83,+9.7,+20.1,IB	+2.41,+271.3,+25.5,KB	+2.28,+279.1,+25.2,IB	+2.48,+266.9,+25.4,OB	
1700509157.284543	+2.82,+242.3,+19.4,JB	+2.87,+239.4,+19.9,IB	+6.83,+9.8,+20.0,GB	+2.41,+271.4,+25.6,OB	+2.28,+278.9,+25.2,@B	+2.48,+267.1,+25.3,AB	
1700509219.2943816	+2.82,+242.3,+19.4,JB	+2.87,+239.4,+19.9,IB	+6.83,+9.9,+20.0,FB	+2.43,+270.4,+25.6,LB	+2.29,+278.5,+25.2,MB	+2.46,+268.1,+25.4,GB	
1700509281.3027716	+2.82,+242.3,+19.4,JB	+2.87,+239.4,+19.9,IB	+6.83,+10.0,+20.1,FA	+2.44,+269.9,+25.5,MB	+2.28,+278.8,+25.2,AB	+2.46,+268.1,+25.4,GB	
1700509343.3135846	+2.82,+242.2,+19.4,KB	+2.87,+239.4,+19.9,IB	+6.83,+10.1,+20.1,GA	+2.42,+270.7,+25.6,NB	+2.27,+279.2,+25.2,EB	+2.48,+267.2,+25.3,BB	
1700509405.320795	+2.82,+242.3,+19.4,JB	+2.87,+239.5,+19.9,HB	+6.82,+10.3,+20.1,DA	+2.43,+270.3,+25.6,KB	+2.27,+279.2,+25.2,EB	+2.47,+268.0,+25.4,GB	
1700509467.3286912	+2.82,+242.3,+19.4,JB	+2.87,+239.4,+19.9,IB	+6.82,+10.4,+20.1,CA	+2.42,+271.0,+25.6,HB	+2.29,+278.4,+25.2,LB	+2.47,+267.6,+25.3,IB	
1700509712.9544249	+2.82,+242.3,+19.4,JB	+2.87,+239.4,+19.9,IB	+6.82,+10.7,+20.1,@A	+2.42,+271.2,+25.6,JB	+2.28,+278.9,+25.2,@B	+2.45,+268.7,+25.4,BB	
1700509774.9651513	+2.82,+242.3,+19.4,JB	+2.87,+239.4,+19.9,IB	+6.82,+10.7,+20.1,@A	+2.43,+270.2,+25.6,JB	+2.27,+279.3,+25.2,DB	+2.47,+267.7,+25.4,OB	
1700509836.9766119	+2.82,+242.3,+19.4,JB	+2.87,+239.4,+19.9,IB	+6.81,+10.8,+20.0,MA	+2.43,+270.4,+25.6,LB	+2.27,+279.3,+25.2,DB	+2.47,+268.0,+25.4,GB	
1700509898.9853048	+2.82,+242.3,+19.4,JB	+2.87,+239.4,+19.9,IB	+6.81,+10.9,+20.0,LA	+2.42,+270.8,+25.6,AB	+2.28,+278.7,+25.2,NB	+2.48,+267.4,+25.4,CB	
1700509960.9933858	+2.82,+242.3,+19.4,JB	+2.87,+239.5,+19.9,HB	+6.81,+10.9,+20.1,MA	+2.43,+270.6,+25.6,NB	+2.28,+278.9,+25.2,@B	+2.48,+267.2,+25.4,EB	
1700510023.0027277	+2.82,+242.3,+19.4,JB	+2.87,+239.5,+19.9,HB	+6.81,+11.0,+20.0,DA	+2.41,+271.5,+25.5,MB	+2.28,+278.5,+25.2,LB	+2.46,+268.4,+25.4,BB	
1700510085.0094771	+2.82,+242.3,+19.4,JB	+2.87,+239.4,+19.9,IB	+6.81,+11.1,+20.1,DA	+2.42,+270.7,+25.6,NB	+2.27,+279.2,+25.2,EB	+2.46,+268.6,+25.4,@B	
1700510147.01709	+2.82,+242.3,+19.4,JB	+2.87,+239.4,+19.9,IB	+6.81,+11.2,+20.1,GA	+2.43,+270.2,+25.6,JB	+2.27,+279.5,+25.2,BB	+2.47,+267.6,+25.4,NB	
1700510209.0237305	+2.82,+242.4,+19.4,MB	+2.87,+239.5,+19.9,HB	+6.81,+11.3,+20.1,FA	+2.43,+270.2,+25.6,JB	+2.27,+279.5,+25.2,BB	+2.47,+268.0,+25.4,GB	
1700510271.032949	+2.82,+242.4,+19.4,MB	+2.87,+239.5,+19.9,HB	+6.80,+11.4,+20.1,@A	+2.43,+270.3,+25.6,KB	+2.27,+279.5,+25.2,BB	+2.47,+267.8,+25.3,GB	
1700510333.0406187	+2.82,+242.4,+19.4,MB	+2.87,+239.5,+19.9,HB	+6.80,+11.4,+20.1,@A	+2.42,+271.0,+25.6,HB	+2.28,+279.1,+25.2,IB	+2.47,+267.5,+25.3,JB	
1700510395.049913	+2.82,+242.4,+19.4,MB	+2.87,+239.5,+19.9,HB	+6.80,+11.5,+20.1,AA	+2.41,+271.2,+25.5,JB	+2.28,+278.9,+25.2,@B	+2.47,+267.9,+25.4,AB	
1700510457.0601525	+2.82,+242.3,+19.4,JB	+2.87,+239.5,+19.9,HB	+6.80,+11.6,+20.1,BA	+2.43,+270.1,+25.6,IB	+2.27,+279.4,+25.2,CB	+2.47,+267.8,+25.4,@B	
1700510519.066183	+2.82,+242.5,+19.5,MB	+2.87,+239.5,+19.9,HB	+6.80,+11.6,+20.1,BA	+2.41,+271.6,+25.6,MB	+2.28,+278.7,+25.2,NB	+2.46,+268.2,+25.4,DB	
1700510581.0739846	+2.82,+242.4,+19.4,MB	+2.87,+239.5,+19.9,HB	+6.80,+11.7,+20.1,CA	+2.42,+270.9,+25.6,@B	+2.27,+279.3,+25.2,DB	+2.48,+267.2,+25.4,EB	
1700510643.0837095	+2.82,+242.4,+19.4,MB	+2.87,+239.5,+19.9,HB	+6.80,+11.8,+20.1,LA	+2.43,+270.2,+25.5,IB	+2.27,+279.5,+25.2,BB	+2.47,+267.5,+25.4,MB	
1700510705.0914502	+2.81,+242.5,+19.5,NB	+2.87,+239.5,+19.9,HB	+6.80,+11.8,+20.1,LA	+2.43,+270.3,+25.5,HB	+2.28,+279.1,+25.2,IB	+2.46,+268.4,+25.4,BB	
1700510767.1015224	+2.82,+242.4,+19.4,MB	+2.87,+239.5,+19.9,HB	+6.80,+11.9,+20.1,MA	+2.44,+269.8,+25.6,OB	+2.28,+279.0,+25.2,HB	+2.45,+268.7,+25.3,EB	
1700510829.1094825	+2.82,+242.4,+19.4,MB	+2.87,+239.5,+19.9,HB	+6.79,+11.9,+20.1,KA	+2.44,+269.9,+25.6,NB	+2.27,+279.4,+25.2,CB	+2.47,+267.8,+25.4,@B	
1700510891.1175635	+2.82,+242.4,+19.4,MB	+2.87,+239.5,+19.9,HB	+6.79,+12.0,+20.1,AA	+2.43,+270.2,+25.6,JB	+2.28,+278.9,+25.2,@B	+2.45,+268.7,+25.4,BB	
1700510953.1257796	+2.82,+242.4,+19.4,MB	+2.87,+239.5,+19.9,HB	+6.79,+12.1,+20.1,@A	+2.44,+269.8,+25.5,LB	+2.27,+279.5,+25.2,BB	+2.47,+267.6,+25.4,NB	
1700511015.1339476	+2.81,+242.5,+19.5,NB	+2.87,+239.5,+19.9,HB	+6.79,+12.1,+20.1,@A	+2.43,+270.1,+25.5,JB	+2.27,+279.5,+25.2,BB	+2.48,+267.3,+25.4,DB	
1700511077.1418478	+2.81,+242.5,+19.5,NB	+2.87,+239.6,+19.9,KB	+6.79,+12.1,+20.1,@A	+2.42,+270.9,+25.6,@B	+2.28,+279.0,+25.2,HB	+2.46,+268.1,+25.4,GB	
1700511139.151238	+2.81,+242.5,+19.4,OB	+2.87,+239.5,+19.9,HB	+6.79,+12.2,+20.1,CA	+2.43,+270.0,+25.5,KB	+2.27,+279.4,+25.2,CB	+2.48,+267.2,+25.4,EB	
1700511201.1595714	+2.81,+242.5,+19.5,NB	+2.87,+239.6,+19.9,KB	+6.79,+12.3,+20.1,BA	+2.42,+270.6,+25.6,OB	+2.28,+278.6,+25.2,OB	+2.45,+268.9,+25.4,LB	
1700511263.1688006	+2.81,+242.5,+19.5,NB	+2.87,+239.6,+19.9,KB	+6.79,+12.3,+20.1,BA	+2.42,+270.8,+25.6,AB	+2.28,+278.7,+25.2,NB	+2.46,+268.5,+25.4,CB	
1700511325.1787126	+2.81,+242.5,+19.5,NB	+2.87,+239.6,+19.9,KB	+6.79,+12.4,+20.1,EA	+2.44,+269.9,+25.5,MB	+2.27,+279.4,+25.2,CB	+2.47,+267.7,+25.4,OB	
1700511387.1861572	+2.82,+242.4,+19.5,LB	+2.87,+239.6,+19.9,KB	+6.79,+12.5,+20.1,DA	+2.43,+270.2,+25.5,IB	+2.28,+278.7,+25.2,NB	+2.45,+268.9,+25.4,LB	
1700511449.195396	+2.81,+242.5,+19.5,NB	+2.87,+239.6,+19.9,KB	+6.78,+12.5,+20.1,EA	+2.43,+270.1,+25.5,JB	+2.28,+279.0,+25.2,HB	+2.46,+268.4,+25.4,BB	
1700511511.2022548	+2.81,+242.5,+19.5,NB	+2.87,+239.6,+19.9,KB	+6.78,+12.6,+20.1,FA	+2.42,+270.9,+25.6,@B	+2.27,+279.2,+25.2,EB	+2.48,+267.2,+25.4,EB	
1700511573.2104363	+2.81,+242.5,+19.5,NB	+2.87,+239.6,+19.9,KB	+6.78,+12.6,+20.1,FA	+2.42,+271.1,+25.6,IB	+2.28,+278.7,+25.2,NB	+2.46,+268.4,+25.4,BB	
1700511635.2188928	+2.81,+242.5,+19.5,NB	+2.87,+239.7,+19.9,JB	+6.78,+12.7,+20.1,GA	+2.43,+270.1,+25.5,JB	+2.27,+279.2,+25.2,EB	+2.46,+268.1,+25.4,GB	
1700511697.2229602	+2.81,+242.5,+19.5,NB	+2.87,+239.7,+19.9,JB	+6.78,+12.7,+20.1,GA	+2.42,+270.9,+25.5,CB	+2.27,+279.2,+25.2,EB	+2.48,+267.0,+25.4,GB	
1700511759.2318234	+2.81,+242.6,+19.4,LB	+2.87,+239.6,+19.9,KB	+6.78,+12.7,+20.1,GA	+2.43,+270.0,+25.6,HB	+2.27,+279.3,+25.2,DB	+2.46,+268.1,+25.4,GB	
1700511821.2404895	+2.81,+242.5,+19.5,NB	+2.87,+239.6,+19.9,KB	+6.78,+12.8,+20.1,HA	+2.42,+271.1,+25.6,IB	+2.28,+278.7,+25.2,NB	+2.45,+268.7,+25.4,BB	
1700511883.248842	+2.81,+242.6,+19.5,MB	+2.87,+239.7,+20.0,IB	+6.78,+12.9,+20.1,IA	+2.42,+270.9,+25.5,CB	+2.28,+279.1,+25.2,IB	+2.48,+267.4,+25.3,DB	
1700511945.2580729	+2.81,+242.6,+19.5,MB	+2.87,+239.6,+19.9,KB	+6.78,+12.9,+20.1,IA	+2.42,+270.9,+25.5,CB	+2.28,+278.9,+25.2,@B	+2.45,+269.0,+25.4,DB	
1700512007.2664838	+2.81,+242.6,+19.5,MB	+2.87,+239.7,+19.9,JB	+6.78,+12.9,+20.1,IA	+2.41,+271.4,+25.6,OB	+2.28,+278.7,+25.2,NB	+2.45,+268.8,+25.4,MB	
1700512069.2737875	+2.81,+242.6,+19.5,MB	+2.87,+239.7,+19.9,JB	+6.78,+13.0,+20.1,AA	+2.42,+270.9,+25.5,CB	+2.28,+279.1,+25.2,IB	+2.47,+267.9,+25.3,FB	
1700512131.2852435	+2.81,+242.5,+19.5,NB	+2.87,+239.7,+19.9,JB	+6.78,+13.0,+20.1,AA	+2.43,+270.1,+25.5,JB	+2.27,+279.6,+25.2,AB	+2.47,+267.9,+25.3,FB	
1700512193.293171	+2.81,+242.6,+19.5,MB	+2.87,+239.7,+19.9,JB	+6.77,+13.1,+20.1,OA	+2.42,+271.1,+25.6,IB	+2.28,+279.1,+25.2,IB	+2.45,+269.2,+25.4,FB	
1700512255.3020883	+2.81,+242.6,+19.5,MB	+2.87,+239.7,+19.9,JB	+6.77,+13.1,+20.1,OA	+2.42,+270.7,+25.5,MB	+2.27,+279.3,+25.2,DB	+2.47,+267.6,+25.4,NB	
1700512317.3112571	+2.81,+242.6,+19.4,LB	+2.87,+239.7,+19.9,JB	+6.77,+13.2,+20.1,LA	+2.41,+271.7,+25.6,LB	+2.28,+278.9,+25.2,@B	+2.45,+269.0,+25.4,DB	
1700512379.3204677	+2.81,+242.6,+19.5,MB	+2.87,+239.6,+19.9,KB	+6.77,+13.2,+20.1,LA	+2.42,+270.8,+25.5,BB	+2.28,+279.1,+25.2,IB	+2.47,+267.9,+25.4,AB	
1700512441.3287346	+2.81,+242.6,+19.5,MB	+2.87,+239.7,+19.9,JB	+6.77,+13.3,+20.1,MA	+2.41,+271.7,+25.6,LB	+2.28,+278.9,+25.2,@B	+2.45,+269.2,+25.4,FB	
1700512503.3385923	+2.81,+242.6,+19.5,MB	+2.87,+239.7,+19.9,JB	+6.77,+13.3,+20.1,MA	+2.42,+270.9,+25.6,@B	+2.28,+279.0,+25.2,HB	+2.47,+267.9,+25.4,AB	
1700512565.3471563	+2.81,+242.6,+19.4,LB	+2.87,+239.7,+19.9,JB	+6.77,+13.3,+20.1,MA	+2.43,+270.4,+25.6,LB	+2.27,+279.6,+25.2,AB	+2.46,+268.2,+25.3,CB	
1700512627.3571525	+2.81,+242.6,+19.5,MB	+2.87,+239.7,+19.9,JB	+6.77,+13.4,+20.1,JA	+2.41,+271.3,+25.6,HB	+2.28,+278.8,+25.2,AB	+2.46,+268.3,+25.4,EB	
1700512689.3650644	+2.81,+242.6,+19.5,MB	+2.87,+239.7,+19.9,JB	+6.77,+13.5,+20.1,KA	+2.41,+271.4,+25.6,OB	+2.27,+279.4,+25.2,CB	+2.44,+269.4,+25.4,AB	
1700512751.3727896	+2.81,+242.6,+19.4,LB	+2.87,+239.7,+19.9,JB	+6.77,+13.5,+20.1,KA	+2.42,+270.9,+25.5,CB	+2.27,+279.6,+25.2,AB	+2.45,+269.0,+25.3,CB	
1700512813.3815577	+2.81,+242.7,+19.4,MB	+2.87,+239.7,+19.9,JB	+6.77,+13.6,+20.1,HA	+2.42,+270.6,+25.6,OB	+2.27,+279.2,+25.2,EB	+2.47,+267.7,+25.4,OB	
1700512875.3906918	+2.81,+242.7,+19.4,MB	+2.87,+239.8,+19.9,EB	+6.77,+13.6,+20.1,HA	+2.41,+271.7,+25.6,LB	+2.28,+278.9,+25.2,@B	+2.45,+268.9,+25.4,LB	
1700512937.398791	+2.81,+242.7,+19.5,LB	+2.87,+239.8,+19.9,EB	+6.76,+13.7,+20.1,HA	+2.42,+270.9,+25.5,CB	+2.27,+279.5,+25.2,BB	+2.45,+268.7,+25.3,EB	
1700512999.4081292	+2.81,+242.7,+19.4,MB	+2.87,+239.8,+19.9,EB	+6.76,+13.7,+20.1,HA	+2.40,+271.9,+25.6,CB	+2.27,+279.3,+25.2,DB	+2.44,+269.4,+25.4,AB	
1700513061.4163592	+2.81,+242.7,+19.5,LB	+2.87,+239.8,+19.9,EB	+6.76,+13.7,+20.1,HA	+2.43,+270.4,+25.6,LB	+2.28,+279.0,+25.2,HB	+2.48,+267.2,+25.4,EB	
1700513123.4243946	+2.81,+242.7,+19.5,LB	+2.87,+239.8,+19.9,EB	+6.76,+13.8,+20.1,GA	+2.43,+270.2,+25.6,JB	+2.27,+279.3,+25.2,DB	+2.47,+267.7,+25.4,OB	
1700513185.4338462	+2.81,+242.7,+19.5,LB	+2.87,+239.8,+19.9,EB	+6.76,+13.7,+20.1,HA	+2.42,+271.0,+25.6,HB	+2.28,+278.9,+25.2,@B	+2.47,+267.8,+25.4,@B	
1700513247.4414032	+2.81,+242.7,+19.5,LB	+2.87,+239.8,+19.9,EB	+6.76,+13.8,+20.1,GA	+2.41,+271.5,+25.6,NB	+2.27,+279.4,+25.2,CB	+2.45,+269.1,+25.3,BB	
1700513309.4489434	+2.81,+242.7,+19.5,LB	+2.87,+239.8,+19.9,EB	+6.76,+13.9,+20.0,GA	+2.42,+270.8,+25.5,BB	+2.28,+278.8,+25.2,AB	+2.47,+267.8,+25.4,@B	
1700513555.018052	+2.81,+242.7,+19.4,MB	+2.87,+239.8,+19.9,EB	+6.76,+14.0,+20.1,HA	+2.43,+270.3,+25.6,KB	+2.27,+279.3,+25.2,DB	+2.47,+267.5,+25.4,MB	
1700513617.027565	+2.81,+242.7,+19.5,LB	+2.87,+239.9,+19.9,DB	+6.76,+14.0,+20.1,HA	+2.42,+270.9,+25.6,@B	+2.28,+279.0,+25.2,HB	+2.45,+268.7,+25.4,BB	
1700513679.0362992	+2.81,+242.7,+19.5,LB	+2.87,+239.8,+19.9,EB	+6.76,+14.1,+20.1,IA	+2.43,+270.2,+25.6,JB	+2.27,+279.6,+25.2,AB	+2.47,+267.6,+25.4,NB	
1700513741.0446374	+2.81,+242.7,+19.5,LB	+2.87,+239.8,+19.9,EB	+6.76,+14.1,+20.0,HA	+2.41,+271.4,+25.5,LB	+2.27,+279.1,+25.2,FB	+2.45,+268.8,+25.4,MB	
1700513803.0529268	+2.81,+242.8,+19.5,CB	+2.87,+239.8,+19.9,EB	+6.76,+14.1,+20.0,HA	+2.43,+270.4,+25.6,LB	+2.27,+279.6,+25.2,AB	+2.47,+267.9,+25.4,AB	
1700513865.0618174	+2.81,+242.8,+19.5,CB	+2.87,+239.9,+20.0,GB	+6.76,+14.1,+20.0,HA	+2.42,+270.6,+25.6,OB	+2.27,+279.4,+25.2,CB	+2.46,+268.1,+25.4,GB	
1700513927.0698235	+2.81,+242.8,+19.4,BB	+2.87,+239.9,+19.9,DB	+6.75,+14.2,+20.0,HA	+2.40,+271.9,+25.6,CB	+2.28,+278.8,+25.2,AB	+2.44,+269.5,+25.4,@B	
1700513989.0776074	+2.81,+242.8,+19.5,CB	+2.87,+239.9,+19.9,DB	+6.75,+14.3,+20.0,IA	+2.43,+270.1,+25.6,IB	+2.27,+279.6,+25.2,AB	+2.47,+267.5,+25.4,MB	
1700514051.088465	+2.81,+242.8,+19.4,BB	+2.87,+239.9,+19.9,DB	+6.75,+14.3,+20.0,IA	+2.43,+270.6,+25.6,NB	+2.27,+279.5,+25.2,BB	+2.47,+267.9,+25.4,AB	
1700514113.0983884	+2.81,+242.8,+19.4,BB	+2.87,+239.9,+19.9,DB	+6.75,+14.3,+20.0,IA	+2.41,+271.5,+25.6,NB	+2.28,+278.9,+25.2,@B	+2.45,+269.1,+25.4,EB	
1700514175.1062489	+2.81,+242.8,+19.5,CB	+2.87,+239.9,+19.9,DB	+6.75,+14.4,+20.0,NA	+2.41,+271.4,+25.6,OB	+2.28,+278.8,+25.2,AB	+2.45,+268.9,+25.3,KB	
1700514237.1158864	+2.81,+242.8,+19.5,CB	+2.87,+239.9,+19.9,DB	+6.75,+14.4,+20.0,NA	+2.43,+270.5,+25.6,MB	+2.27,+279.4,+25.2,CB	+2.47,+267.8,+25.3,GB	
1700514299.125096	+2.81,+242.8,+19.4,BB	+2.87,+239.9,+19.9,DB	+6.75,+14.4,+20.0,NA	+2.41,+271.6,+25.5,NB	+2.28,+278.5,+25.2,LB	+2.44,+269.3,+25.3,AB	
1700514361.132856	+2.81,+242.8,+19.5,CB	+2.87,+239.9,+19.9,DB	+6.75,+14.5,+20.0,OA	+2.43,+270.5,+25.6,MB	+2.27,+279.2,+25.2,EB	+2.47,+267.9,+25.4,AB	
1700514423.143293	+2.81,+242.9,+19.4,CB	+2.87,+239.9,+19.9,DB	+6.75,+14.5,+20.0,OA	+2.42,+271.2,+25.6,JB	+2.27,+279.2,+25.2,EB	+2.46,+268.6,+25.4,@B	
1700514485.1519876	+2.81,+242.8,+19.5,CB	+2.87,+239.8,+19.9,EB	+6.75,+14.6,+20.0,LA	+2.41,+271.6,+25.6,MB	+2.28,+278.6,+25.2,OB	+2.44,+269.2,+25.4,GB	
1700514547.1629176	+2.81,+242.8,+19.5,CB	+2.87,+239.9,+19.9,DB	+6.75,+14.5,+20.1,NA	+2.41,+271.4,+25.6,OB	+2.27,+279.2,+25.2,EB	+2.45,+268.8,+25.4,MB	
1700514609.1724527	+2.81,+242.8,+19.5,CB	+2.87,+239.9,+19.9,DB	+6.75,+14.7,+20.0,MA	+2.42,+271.2,+25.6,JB	+2.29,+278.5,+25.2,MB	+2.45,+268.9,+25.4,LB	
1700514671.18139	+2.81,+242.9,+19.4,CB	+2.87,+240.0,+19.9,CB	+6.75,+14.7,+20.0,MA	+2.41,+271.6,+25.6,MB	+2.28,+279.1,+25.2,IB	+2.45,+269.0,+25.4,DB	
1700514733.1916113	+2.81,+242.8,+19.4,BB	+2.87,+239.9,+19.9,DB	+6.75,+14.7,+20.0,MA	+2.43,+270.5,+25.6,MB	+2.28,+279.0,+25.2,HB	+2.46,+268.1,+25.3,@B	
1700514795.1998906	+2.81,+242.9,+19.4,CB	+2.86,+240.0,+19.9,BB	+6.75,+14.7,+20.0,MA	+2.41,+271.7,+25.6,LB	+2.28,+279.0,+25.2,HB	+2.44,+269.4,+25.4,AB	
1700514857.210314	+2.81,+242.9,+19.5,BB	+2.87,+239.9,+19.9,DB	+6.75,+14.8,+20.0,BA	+2.41,+271.6,+25.6,MB	+2.27,+279.2,+25.2,EB	+2.44,+269.2,+25.4,GB	
1700514919.21638	+2.81,+242.9,+19.4,CB	+2.87,+239.9,+19.9,DB	+6.74,+14.8,+20.0,CA	+2.41,+271.6,+25.6,MB	+2.28,+278.6,+25.2,OB	+2.44,+269.5,+25.3,GB	
1700514981.2260454	+2.81,+242.9,+19.4,CB	+2.86,+240.0,+19.9,BB	+6.74,+14.9,+20.0,BA	+2.42,+271.1,+25.6,IB	+2.27,+279.2,+25.2,EB	+2.46,+268.3,+25.4,EB	
1700515043.235828	+2.81,+242.9,+19.4,CB	+2.86,+240.0,+19.9,BB	+6.74,+14.9,+20.0,BA	+2.43,+270.4,+25.6,LB	+2.28,+278.9,+25.2,@B	+2.47,+267.9,+25.3,FB	
1700515105.2457597	+2.81,+242.9,+19.4,CB	+2.86,+240.0,+19.9,BB	+6.74,+14.9,+20.0,BA	+2.42,+270.9,+25.5,CB	+2.29,+278.5,+25.2,MB	+2.45,+268.8,+25.4,MB	
1700515167.2564158	+2.81,+242.9,+19.5,BB	+2.86,+240.0,+19.9,BB	+6.74,+15.0,+20.0,JA	+2.42,+271.1,+25.6,IB	+2.28,+279.1,+25.2,IB	+2.46,+268.3,+25.4,EB	
1700515229.2660725	+2.81,+242.9,+19.4,CB	+2.86,+240.0,+19.9,BB	+6.74,+15.1,+20.0,KA	+2.41,+271.7,+25.6,LB	+2.27,+279.2,+25.2,EB	+2.45,+269.0,+25.4,DB	
1700515291.2764697	+2.81,+242.9,+19.4,CB	+2.86,+240.0,+19.9,BB	+6.74,+15.0,+20.0,JA	+2.42,+270.9,+25.6,@B	+2.29,+278.3,+25.2,KB	+2.45,+268.9,+25.4,LB	
1700515353.2849994	+2.81,+242.9,+19.5,BB	+2.87,+239.9,+19.9,DB	+6.74,+15.0,+20.0,JA	+2.42,+270.8,+25.6,AB	+2.28,+278.8,+25.2,AB	+2.47,+268.0,+25.4,GB	
1700515415.295562	+2.81,+242.9,+19.4,CB	+2.86,+240.0,+19.9,BB	+6.74,+15.1,+20.0,KA	+2.40,+271.9,+25.6,CB	+2.28,+279.1,+25.2,IB	+2.44,+269.4,+25.4,AB	
1700515477.3075955	+2.81,+242.9,+19.4,CB	+2.86,+240.0,+19.9,BB	+6.74,+15.2,+20.0,HA	+2.42,+271.0,+25.6,HB	+2.29,+278.3,+25.2,KB	+2.45,+269.2,+25.4,FB	
1700515539.3170319	+2.81,+243.0,+19.4,KB	+2.86,+239.9,+19.9,EB	+6.74,+15.2,+20.0,HA	+2.41,+271.4,+25.6,OB	+2.28,+279.0,+25.2,HB	+2.46,+268.6,+25.4,@B	
1700515601.3261116	+2.81,+242.9,+19.4,CB	+2.86,+240.0,+19.9,BB	+6.74,+15.3,+20.0,IA	+2.42,+270.6,+25.6,OB	+2.29,+278.4,+25.2,LB	+2.46,+268.2,+25.4,DB	
1700515663.3343797	+2.81,+242.9,+19.4,CB	+2.86,+240.0,+19.9,BB	+6.74,+15.3,+20.0,IA	+2.42,+271.0,+25.6,HB	+2.28,+278.6,+25.2,OB	+2.47,+268.0,+25.4,GB	
1700515725.3438253	+2.81,+243.0,+19.4,KB	+2.87,+239.9,+19.9,DB	+6.74,+15.2,+20.0,HA	+2.41,+271.6,+25.6,MB	+2.27,+279.2,+25.2,EB	+2.44,+269.3,+25.4,FB	
1700515787.3532236	+2.81,+243.0,+19.4,KB	+2.86,+240.0,+19.9,BB	+6.74,+15.3,+20.0,IA	+2.42,+270.7,+25.6,NB	+2.28,+278.6,+25.2,OB	+2.46,+268.4,+25.3,EB	
1700515849.36017	+2.81,+243.0,+19.4,KB	+2.86,+240.0,+19.9,BB	+6.73,+15.4,+20.0,IA	+2.42,+270.9,+25.6,@B	+2.28,+278.7,+25.2,NB	+2.46,+268.5,+25.4,CB	
1700515911.372332	+2.81,+242.9,+19.4,CB	+2.86,+240.0,+19.9,BB	+6.73,+15.4,+20.0,IA	+2.43,+270.5,+25.5,NB	+2.29,+278.3,+25.2,KB	+2.46,+268.3,+25.4,EB	
1700515973.3825636	+2.81,+242.9,+19.4,CB	+2.86,+240.0,+19.9,BB	+6.73,+15.4,+20.0,IA	+2.43,+270.5,+25.6,MB	+2.29,+278.4,+25.2,LB	+2.46,+268.6,+25.4,@B	
1700516035.3921013	+2.81,+243.0,+19.4,KB	+2.86,+240.0,+19.9,BB	+6.73,+15.5,+20.0,HA	+2.42,+270.6,+25.6,OB	+2.29,+278.4,+25.2,LB	+2.46,+268.4,+25.4,BB	
1700516097.4030056	+2.81,+243.0,+19.4,KB	+2.86,+240.0,+19.9,BB	+6.73,+15.5,+20.0,HA	+2.40,+271.9,+25.6,CB	+2.28,+279.1,+25.2,IB	+2.44,+269.3,+25.4,FB	
1700516159.4126859	+2.81,+243.0,+19.4,KB	+2.86,+240.1,+19.9,CB	+6.73,+15.6,+20.0,KA	+2.41,+271.3,+25.6,HB	+2.28,+278.6,+25.2,OB	+2.46,+268.2,+25.4,DB	
1700516221.4211664	+2.81,+243.0,+19.4,KB	+2.86,+240.0,+19.9,BB	+6.73,+15.6,+20.0,KA	+2.42,+270.6,+25.6,OB	+2.28,+278.7,+25.2,NB	+2.45,+268.9,+25.3,KB	
1700516283.429308	+2.81,+243.0,+19.4,KB	+2.86,+240.0,+19.9,BB	+6.73,+15.6,+20.0,KA	+2.40,+271.9,+25.6,CB	+2.27,+279.1,+25.2,FB	+2.44,+269.3,+25.4,FB	
1700516345.4389997	+2.81,+243.0,+19.4,KB	+2.86,+240.0,+19.9,BB	+6.73,+15.6,+20.0,KA	+2.41,+271.3,+25.6,HB	+2.28,+279.0,+25.2,HB	+2.44,+269.6,+25.4,CB	
1700516407.449205	+2.81,+243.0,+19.4,KB	+2.86,+240.0,+19.9,BB	+6.73,+15.7,+20.0,JA	+2.42,+270.9,+25.5,CB	+2.29,+278.3,+25.2,KB	+2.46,+268.1,+25.4,GB	
1700516469.4593291	+2.80,+243.0,+19.4,JB	+2.86,+240.1,+19.9,CB	+6.73,+15.7,+20.0,JA	+2.41,+271.3,+25.6,HB	+2.28,+279.1,+25.2,IB	+2.43,+269.8,+25.3,MB	
1700516531.4697115	+2.80,+243.0,+19.4,JB	+2.86,+240.0,+19.9,BB	+6.73,+15.8,+20.0,EA	+2.42,+270.6,+25.6,OB	+2.28,+278.7,+25.2,NB	+2.45,+268.9,+25.4,LB	
1700516593.4786766	+2.81,+243.0,+19.4,KB	+2.86,+240.1,+19.9,CB	+6.73,+15.7,+20.0,JA	+2.42,+271.0,+25.6,HB	+2.29,+278.4,+25.2,LB	+2.46,+268.1,+25.4,GB	
1700516655.487891	+2.80,+243.0,+19.4,JB	+2.86,+240.1,+19.9,CB	+6.73,+15.8,+20.0,EA	+2.42,+271.0,+25.6,HB	+2.27,+279.2,+25.2,EB	+2.44,+269.8,+25.4,MB	
1700516717.4974113	+2.80,+243.0,+19.4,JB	+2.86,+240.1,+19.9,CB	+6.73,+15.8,+20.0,EA	+2.42,+270.7,+25.6,NB	+2.28,+278.6,+25.2,OB	+2.46,+268.4,+25.4,BB	
1700516779.5075188	+2.80,+243.1,+19.4,KB	+2.86,+240.1,+19.9,CB	+6.73,+15.9,+20.0,DA	+2.42,+270.9,+25.5,CB	+2.29,+278.4,+25.2,LB	+2.46,+268.2,+25.4,DB	
1700516841.5172617	+2.80,+243.0,+19.4,JB	+2.86,+240.1,+19.9,CB	+6.73,+15.9,+20.0,DA	+2.41,+271.6,+25.6,MB	+2.29,+278.4,+25.2,LB	+2.46,+268.6,+25.4,@B	
1700516903.523814	+2.80,+243.0,+19.4,JB	+2.86,+240.1,+19.9,CB	+6.73,+16.0,+20.0,NA	+2.42,+271.1,+25.6,IB	+2.27,+279.2,+25.2,EB	+2.44,+269.8,+25.4,MB	
1700516965.5320876	+2.80,+243.0,+19.4,JB	+2.86,+240.0,+19.9,BB	+6.72,+16.0,+20.0,OA	+2.41,+271.4,+25.5,LB	+2.27,+279.1,+25.2,FB	+2.44,+269.6,+25.4,CB	
1700517027.5424106	+2.80,+243.0,+19.4,JB	+2.86,+240.1,+19.9,CB	+6.72,+16.0,+20.0,OA	+2.42,+270.8,+25.6,AB	+2.28,+278.6,+25.2,OB	+2.46,+268.3,+25.4,EB	
1700517089.5507588	+2.80,+243.1,+19.4,KB	+2.86,+240.1,+19.9,CB	+6.72,+16.0,+20.0,OA	+2.43,+270.6,+25.6,NB	+2.28,+279.1,+25.2,IB	+2.45,+269.0,+25.3,CB	
1700517151.5599644	+2.80,+243.0,+19.4,JB	+2.86,+240.1,+19.9,CB	+6.72,+16.1,+20.0,NA	+2.41,+271.5,+25.6,NB	+2.29,+278.4,+25.2,LB	+2.46,+268.2,+25.3,CB	
1700517397.1022046	+2.80,+243.1,+19.4,KB	+2.86,+240.2,+19.9,@B	+6.72,+16.2,+20.0,MA	+2.42,+270.8,+25.6,AB	+2.28,+278.9,+25.2,@B	+2.45,+269.2,+25.4,FB	
1700517459.1063087	+2.80,+243.1,+19.4,KB	+2.86,+240.1,+19.9,CB	+6.72,+16.2,+20.0,MA	+2.42,+270.9,+25.6,@B	+2.28,+279.1,+25.2,IB	+2.47,+267.9,+25.4,AB	
1700517521.1137352	+2.80,+243.1,+19.4,KB	+2.86,+240.1,+19.9,CB	+6.72,+16.2,+20.0,MA	+2.43,+270.5,+25.6,MB	+2.28,+279.1,+25.2,IB	+2.45,+268.7,+25.3,EB	
1700517583.1231184	+2.80,+243.1,+19.4,KB	+2.86,+240.1,+19.9,CB	+6.72,+16.3,+20.0,LA	+2.41,+271.4,+25.5,LB	+2.29,+278.4,+25.2,LB	+2.46,+268.4,+25.4,BB	
1700517645.132621	+2.80,+243.1,+19.4,KB	+2.86,+240.1,+19.9,CB	+6.72,+16.3,+20.0,LA	+2.42,+270.6,+25.6,OB	+2.28,+278.7,+25.2,NB	+2.44,+269.3,+25.4,FB	
1700517707.1370184	+2.80,+243.1,+19.4,KB	+2.86,+240.2,+19.9,@B	+6.72,+16.3,+20.0,LA	+2.43,+270.6,+25.6,NB	+2.28,+278.9,+25.2,@B	+2.47,+267.8,+25.4,@B	
1700517769.1450453	+2.80,+243.2,+19.4,HB	+2.86,+240.2,+19.9,@B	+6.72,+16.3,+20.0,LA	+2.42,+271.1,+25.6,IB	+2.28,+278.6,+25.2,OB	+2.44,+269.5,+25.4,@B	
1700517831.1525095	+2.80,+243.1,+19.4,KB	+2.86,+240.2,+19.9,@B	+6.72,+16.3,+20.0,LA	+2.43,+270.5,+25.6,MB	+2.28,+278.8,+25.2,AB	+2.47,+267.9,+25.3,FB	
1700517893.1598115	+2.80,+243.2,+19.4,HB	+2.86,+240.2,+19.9,@B	+6.72,+16.3,+20.0,LA	+2.43,+270.3,+25.6,KB	+2.28,+279.1,+25.2,IB	+2.45,+268.7,+25.4,BB	
1700517955.1693861	+2.80,+243.2,+19.4,HB	+2.86,+240.2,+19.9,@B	+6.72,+16.3,+20.0,LA	+2.41,+271.5,+25.5,MB	+2.29,+278.5,+25.2,MB	+2.44,+269.5,+25.4,@B	
1700518017.1789715	+2.80,+243.2,+19.4,HB	+2.86,+240.2,+19.9,@B	+6.72,+16.3,+20.0,LA	+2.42,+271.0,+25.5,KB	+2.29,+278.2,+25.2,JB	+2.45,+268.8,+25.4,MB	
1700518079.1881952	+2.80,+243.2,+19.5,IB	+2.86,+240.2,+19.9,@B	+6.72,+16.4,+20.0,KA	+2.44,+269.6,+25.6,AB	+2.28,+279.0,+25.2,HB	+2.46,+268.2,+25.4,DB	
1700518141.196934	+2.80,+243.2,+19.4,HB	+2.86,+240.2,+19.9,@B	+6.72,+16.3,+20.0,LA	+2.43,+270.5,+25.6,MB	+2.28,+279.0,+25.2,HB	+2.45,+269.1,+25.3,BB	
1700518203.2073345	+2.80,+243.2,+19.4,HB	+2.86,+240.1,+19.9,CB	+6.72,+16.4,+20.0,KA	+2.42,+270.6,+25.6,OB	+2.29,+278.3,+25.2,KB	+2.46,+268.1,+25.4,GB	
1700518265.2194314	+2.80,+243.2,+19.4,HB	+2.86,+240.2,+19.9,@B	+6.72,+16.4,+20.0,KA	+2.44,+269.9,+25.6,NB	+2.28,+278.9,+25.2,@B	+2.46,+268.1,+25.4,GB	
1700518327.229326	+2.80,+243.2,+19.4,HB	+2.86,+240.2,+19.9,@B	+6.72,+16.4,+20.0,KA	+2.43,+270.0,+25.6,HB	+2.28,+279.0,+25.2,HB	+2.46,+268.4,+25.4,BB	
1700518389.2387161	+2.80,+243.2,+19.4,HB	+2.86,+240.2,+19.9,@B	+6.72,+16.5,+20.0,JA	+2.41,+271.5,+25.6,NB	+2.28,+278.8,+25.2,AB	+2.44,+269.4,+25.4,AB	
1700518451.2486405	+2.80,+243.2,+19.4,HB	+2.86,+240.3,+19.9,AB	+6.72,+16.5,+20.0,JA	+2.43,+270.3,+25.6,KB	+2.29,+278.5,+25.2,MB	+2.47,+267.9,+25.4,AB	
1700518513.2588093	+2.80,+243.2,+19.4,HB	+2.86,+240.2,+19.9,@B	+6.72,+16.4,+20.0,KA	+2.43,+270.5,+25.5,NB	+2.29,+278.3,+25.2,KB	+2.47,+267.9,+25.4,AB	
1700518575.2717674	+2.80,+243.2,+19.4,HB	+2.86,+240.2,+19.9,@B	+6.72,+16.4,+20.0,KA	+2.41,+271.4,+25.6,OB	+2.29,+278.4,+25.2,LB	+2.45,+268.9,+25.4,LB	
1700518637.284151	+2.80,+243.2,+19.4,HB	+2.86,+240.3,+19.9,AB	+6.72,+16.4,+20.0,KA	+2.41,+271.4,+25.6,OB	+2.29,+278.3,+25.2,KB	+2.45,+268.7,+25.4,BB	
1700518699.2945364	+2.80,+243.2,+19.4,HB	+2.86,+240.3,+19.9,AB	+6.72,+16.5,+20.0,JA	+2.43,+270.3,+25.6,KB	+2.28,+278.8,+25.2,AB	+2.46,+268.4,+25.4,BB	
1700518761.3037524	+2.80,+243.3,+19.4,IB	+2.86,+240.3,+19.9,AB	+6.72,+16.4,+20.1,JA	+2.41,+271.6,+25.5,NB	+2.28,+278.8,+25.2,AB	+2.44,+269.3,+25.3,AB	
1700518823.313677	+2.80,+243.3,+19.4,IB	+2.86,+240.2,+19.9,@B	+6.72,+16.5,+20.1,KA	+2.41,+271.4,+25.6,OB	+2.28,+278.6,+25.2,OB	+2.45,+268.9,+25.4,LB	
1700518885.3209043	+2.80,+243.2,+19.4,HB	+2.86,+240.3,+19.9,AB	+6.72,+16.5,+20.1,KA	+2.43,+270.1,+25.6,IB	+2.29,+278.4,+25.2,LB	+2.47,+267.9,+25.4,AB	
1700518947.3298264	+2.80,+243.3,+19.4,IB	+2.86,+240.3,+19.9,AB	+6.72,+16.5,+20.0,JA	+2.43,+270.1,+25.5,JB	+2.29,+278.5,+25.2,MB	+2.46,+268.3,+25.4,EB	
1700519009.3370528	+2.80,+243.3,+19.4,IB	+2.86,+240.3,+19.9,AB	+6.71,+16.5,+20.0,IA	+2.41,+271.4,+25.6,OB	+2.28,+278.9,+25.2,@B	+2.44,+269.7,+25.4,BB	
1700519071.3466806	+2.80,+243.3,+19.4,IB	+2.86,+240.3,+19.9,AB	+6.72,+16.5,+20.1,KA	+2.42,+271.0,+25.5,KB	+2.28,+278.5,+25.2,LB	+2.45,+269.0,+25.4,DB	
1700519133.3554356	+2.80,+243.3,+19.4,IB	+2.86,+240.3,+19.9,AB	+6.72,+16.5,+20.0,JA	+2.43,+270.2,+25.6,JB	+2.29,+278.4,+25.2,LB	+2.46,+268.4,+25.4,BB	
1700519195.3662634	+2.80,+243.2,+19.4,HB	+2.86,+240.3,+19.9,AB	+6.72,+16.5,+20.1,KA	+2.41,+271.6,+25.6,MB	+2.28,+278.9,+25.2,@B	+2.44,+269.6,+25.3,DB	
1700519257.3726082	+2.80,+243.2,+19.5,IB	+2.86,+240.3,+19.9,AB	+6.72,+16.5,+20.1,KA	+2.41,+271.2,+25.6,IB	+2.28,+278.7,+25.2,NB	+2.44,+269.4,+25.4,AB	
1700519319.3819168	+2.80,+243.2,+19.4,HB	+2.86,+240.4,+19.9,FB	+6.71,+16.5,+20.0,IA	+2.41,+271.2,+25.5,JB	+2.28,+279.0,+25.2,HB	+2.43,+269.9,+25.4,KB	
1700519381.3910172	+2.80,+243.2,+19.4,HB	+2.86,+240.3,+19.9,AB	+6.72,+16.5,+20.0,JA	+2.42,+270.7,+25.5,MB	+2.28,+278.7,+25.2,NB	+2.45,+269.0,+25.4,DB	
1700519443.3974152	+2.80,+243.3,+19.4,IB	+2.86,+240.4,+19.9,FB	+6.71,+16.5,+20.0,IA	+2.42,+270.8,+25.6,AB	+2.28,+279.0,+25.2,HB	+2.44,+269.5,+25.3,GB	
1700519505.4058373	+2.80,+243.2,+19.4,HB	+2.86,+240.3,+19.9,AB	+6.71,+16.6,+20.0,JA	+2.44,+269.9,+25.6,NB	+2.29,+278.3,+25.2,KB	+2.46,+268.4,+25.4,BB	
1700519567.4144905	+2.80,+243.2,+19.4,HB	+2.86,+240.3,+19.9,AB	+6.71,+16.6,+20.1,KA	+2.44,+269.9,+25.6,NB	+2.29,+278.3,+25.2,KB	+2.46,+268.4,+25.4,BB	
1700519629.422472	+2.80,+243.3,+19.5,HB	+2.86,+240.3,+19.9,AB	+6.71,+16.6,+20.0,JA	+2.42,+270.6,+25.5,LB	+2.28,+278.6,+25.2,OB	+2.46,+268.6,+25.4,@B	
1700519691.4329565	+2.80,+243.3,+19.4,IB	+2.86,+240.4,+19.9,FB	+6.71,+16.6,+20.0,JA	+2.42,+271.0,+25.5,KB	+2.28,+278.9,+25.2,@B	+2.45,+269.2,+25.4,FB	
1700519753.44261	+2.80,+243.3,+19.4,IB	+2.86,+240.4,+19.9,FB	+6.71,+16.6,+20.1,KA	+2.42,+271.1,+25.6,IB	+2.28,+278.9,+25.2,@B	+2.44,+269.4,+25.3,FB	
1700519815.4509788	+2.80,+243.3,+19.5,HB	+2.86,+240.4,+19.9,FB	+6.71,+16.6,+20.1,KA	+2.41,+271.3,+25.5,KB	+2.28,+278.8,+25.2,AB	+2.44,+269.8,+25.4,MB	
1700519877.4603562	+2.80,+243.3,+19.4,IB	+2.86,+240.3,+19.9,AB	+6.71,+16.6,+20.0,JA	+2.42,+270.6,+25.6,OB	+2.29,+278.3,+25.2,KB	+2.45,+268.9,+25.4,LB	
1700519939.4689567	+2.80,+243.3,+19.4,IB	+2.86,+240.4,+19.9,FB	+6.71,+16.6,+20.0,JA	+2.42,+271.0,+25.5,KB	+2.28,+279.0,+25.2,HB	+2.44,+269.2,+25.3,@B	
1700520001.4801586	+2.80,+243.3,+19.4,IB	+2.86,+240.3,+19.9,AB	+6.71,+16.6,+20.1,KA	+2.41,+271.6,+25.5,NB	+2.27,+279.1,+25.2,FB	+2.43,+270.1,+25.4,KB	
1700520063.490711	+2.80,+243.3,+19.4,IB	+2.86,+240.4,+19.9,FB	+6.71,+16.6,+20.0,JA	+2.43,+270.3,+25.6,KB	+2.28,+278.6,+25.2,OB	+2.46,+268.6,+25.4,@B	
1700520125.5008986	+2.80,+243.4,+19.5,OB	+2.86,+240.4,+19.9,FB	+6.71,+16.7,+20.0,KA	+2.42,+270.9,+25.6,@B	+2.28,+279.1,+25.2,IB	+2.44,+269.4,+25.4,AB	
1700520187.5106964	+2.80,+243.3,+19.4,IB	+2.86,+240.4,+19.9,FB	+6.71,+16.7,+20.0,KA	+2.43,+270.2,+25.6,JB	+2.28,+278.6,+25.2,OB	+2.45,+268.7,+25.4,BB	
1700520249.5196185	+2.80,+243.4,+19.4,NB	+2.86,+240.4,+19.9,FB	+6.71,+16.6,+20.0,JA	+2.41,+271.5,+25.5,MB	+2.28,+278.8,+25.2,AB	+2.43,+270.2,+25.4,HB	
1700520311.5302866	+2.80,+243.4,+19.4,NB	+2.86,+240.4,+19.9,FB	+6.71,+16.7,+20.0,KA	+2.42,+271.1,+25.5,JB	+2.29,+278.5,+25.2,MB	+2.44,+269.6,+25.4,CB	
1700520373.5403056	+2.80,+243.3,+19.4,IB	+2.86,+240.3,+19.9,AB	+6.71,+16.7,+20.0,KA	+2.41,+271.5,+25.6,NB	+2.28,+279.0,+25.2,HB	+2.43,+270.3,+25.4,IB	
1700520435.549066	+2.80,+243.3,+19.4,IB	+2.86,+240.4,+19.9,FB	+6.71,+16.7,+20.0,KA	+2.42,+271.2,+25.6,JB	+2.29,+278.5,+25.2,MB	+2.44,+269.7,+25.4,BB	
1700520497.5631418	+2.80,+243.4,+19.4,NB	+2.86,+240.4,+19.9,FB	+6.71,+16.8,+20.0,DA	+2.42,+271.1,+25.6,IB	+2.27,+279.2,+25.2,EB	+2.43,+269.9,+25.4,KB	
1700520559.5720422	+2.80,+243.4,+19.4,NB	+2.86,+240.4,+19.9,FB	+6.71,+16.8,+20.1,EA	+2.42,+270.9,+25.6,@B	+2.29,+278.4,+25.2,LB	+2.45,+269.1,+25.4,EB	
1700520621.584479	+2.80,+243.4,+19.4,NB	+2.86,+240.5,+19.9,GB	+6.71,+16.8,+20.0,DA	+2.41,+271.3,+25.6,HB	+2.29,+278.4,+25.2,LB	+2.44,+269.3,+25.3,AB	
1700520683.595066	+2.80,+243.4,+19.4,NB	+2.86,+240.4,+19.9,FB	+6.71,+16.7,+20.0,KA	+2.41,+271.3,+25.6,HB	+2.28,+278.8,+25.2,AB	+2.45,+269.0,+25.4,DB	
1700520745.6039393	+2.80,+243.4,+19.4,NB	+2.86,+240.5,+19.9,GB	+6.71,+16.8,+20.0,DA	+2.41,+271.6,+25.6,MB	+2.28,+278.6,+25.2,OB	+2.45,+268.9,+25.3,KB	
1700520807.6131213	+2.80,+243.4,+19.4,NB	+2.86,+240.5,+19.9,GB	+6.71,+16.8,+20.0,DA	+2.41,+271.6,+25.6,MB	+2.29,+278.4,+25.2,LB	+2.46,+268.4,+25.4,BB	
1700520869.623816	+2.80,+243.4,+19.4,NB	+2.86,+240.4,+19.9,FB	+6.71,+16.9,+20.1,DA	+2.42,+270.6,+25.5,LB	+2.27,+279.2,+25.2,EB	+2.47,+268.0,+25.4,GB	
1700520931.627826	+2.80,+243.5,+19.4,OB	+2.86,+240.5,+19.9,GB	+6.71,+16.8,+20.0,DA	+2.42,+271.0,+25.5,KB	+2.27,+279.2,+25.2,EB	+2.46,+268.2,+25.3,CB	
1700520993.6397128	+2.80,+243.4,+19.4,NB	+2.86,+240.5,+19.9,GB	+6.71,+16.9,+20.1,DA	+2.42,+270.9,+25.6,@B	+2.28,+279.1,+25.2,IB	+2.46,+268.4,+25.4,BB	
1700521239.2063117	+2.80,+243.4,+19.4,NB	+2.86,+240.5,+19.9,GB	+6.71,+16.9,+20.1,DA	+2.43,+270.1,+25.6,IB	+2.28,+278.9,+25.2,@B	+2.48,+267.0,+25.4,GB	
1700521301.2139933	+2.80,+243.5,+19.4,OB	+2.86,+240.5,+19.9,GB	+6.71,+16.9,+20.0,EA	+2.42,+270.8,+25.6,AB	+2.29,+278.4,+25.2,LB	+2.49,+266.8,+25.3,HB	
1700521363.2240803	+2.80,+243.5,+19.4,OB	+2.86,+240.5,+19.9,GB	+6.71,+16.9,+20.0,EA	+2.43,+270.2,+25.6,JB	+2.28,+278.7,+25.2,NB	+2.46,+268.5,+25.3,DB	
1700521425.2334778	+2.80,+243.4,+19.5,OB	+2.86,+240.5,+19.9,GB	+6.71,+16.9,+20.0,EA	+2.42,+270.8,+25.5,BB	+2.29,+278.5,+25.2,MB	+2.48,+266.9,+25.4,OB	
1700521487.2410402	+2.80,+243.5,+19.4,OB	+2.85,+240.5,+19.9,DB	+6.71,+17.0,+20.0,MA	+2.43,+270.2,+25.6,JB	+2.28,+278.8,+25.2,AB	+2.47,+267.6,+25.4,NB	
1700521549.2475414	+2.80,+243.5,+19.4,OB	+2.85,+240.5,+19.9,DB	+6.71,+17.0,+20.1,LA	+2.42,+270.7,+25.6,NB	+2.29,+278.5,+25.2,MB	+2.48,+267.1,+25.4,FB	
1700521611.256135	+2.80,+243.5,+19.4,OB	+2.85,+240.6,+19.9,GB	+6.71,+17.0,+20.0,MA	+2.44,+269.6,+25.6,AB	+2.28,+279.1,+25.2,IB	+2.46,+268.4,+25.4,BB	
1700521673.2649293	+2.80,+243.5,+19.4,OB	+2.85,+240.5,+19.9,DB	+6.71,+17.0,+20.0,MA	+2.43,+270.3,+25.5,HB	+2.28,+278.9,+25.2,@B	+2.45,+268.9,+25.4,LB	
1700521735.2765133	+2.80,+243.6,+19.4,LB	+2.85,+240.6,+19.9,GB	+6.71,+17.1,+20.0,LA	+2.44,+269.9,+25.6,NB	+2.27,+279.1,+25.2,FB	+2.46,+268.6,+25.4,@B	
1700521797.2849169	+2.80,+243.5,+19.4,OB	+2.85,+240.6,+19.9,GB	+6.71,+17.1,+20.0,LA	+2.41,+271.2,+25.6,IB	+2.29,+278.4,+25.2,LB	+2.48,+267.2,+25.4,EB	
1700521859.2918231	+2.80,+243.6,+19.4,LB	+2.85,+240.6,+19.9,GB	+6.71,+17.0,+20.0,MA	+2.41,+271.4,+25.6,OB	+2.28,+278.6,+25.2,OB	+2.46,+268.1,+25.4,GB	
1700521921.3022466	+2.80,+243.6,+19.4,LB	+2.86,+240.5,+19.9,GB	+6.71,+17.1,+20.0,LA	+2.42,+270.6,+25.6,OB	+2.27,+279.1,+25.2,FB	+2.45,+268.7,+25.4,BB	
1700521983.3111985	+2.80,+243.5,+19.4,OB	+2.85,+240.6,+19.9,GB	+6.71,+17.1,+20.0,LA	+2.42,+271.1,+25.5,JB	+2.28,+279.0,+25.2,HB	+2.46,+268.4,+25.4,BB	
1700522045.3216333	+2.80,+243.6,+19.4,LB	+2.85,+240.6,+19.9,GB	+6.71,+17.0,+20.1,LA	+2.43,+270.1,+25.6,IB	+2.28,+279.1,+25.2,IB	+2.46,+268.5,+25.4,CB	
1700522107.3303728	+2.80,+243.6,+19.4,LB	+2.85,+240.6,+19.9,GB	+6.71,+17.1,+20.0,LA	+2.41,+271.5,+25.6,NB	+2.28,+278.6,+25.2,OB	+2.47,+267.6,+25.4,NB	
1700522169.3383322	+2.80,+243.6,+19.4,LB	+2.85,+240.6,+19.9,GB	+6.71,+17.1,+20.1,MA	+2.41,+271.3,+25.6,HB	+2.29,+278.5,+25.2,MB	+2.47,+267.5,+25.3,JB	
1700522231.3467004	+2.80,+243.6,+19.4,LB	+2.85,+240.6,+19.9,GB	+6.71,+17.1,+20.1,MA	+2.41,+271.4,+25.6,OB	+2.28,+278.8,+25.2,AB	+2.47,+267.9,+25.3,FB	
1700522293.3562775	+2.80,+243.6,+19.4,LB	+2.85,+240.6,+19.9,GB	+6.71,+17.1,+20.1,MA	+2.43,+270.4,+25.6,LB	+2.29,+278.3,+25.2,KB	+2.47,+267.5,+25.4,MB	
1700522355.365441	+2.80,+243.5,+19.4,OB	+2.85,+240.6,+19.9,GB	+6.71,+17.1,+20.1,MA	+2.41,+271.3,+25.6,HB	+2.28,+279.0,+25.2,HB	+2.46,+268.5,+25.4,CB	
1700522417.3733897	+2.80,+243.6,+19.5,MB	+2.85,+240.6,+19.9,GB	+6.71,+17.1,+20.1,MA	+2.43,+270.2,+25.6,JB	+2.29,+278.4,+25.2,LB	+2.47,+267.8,+25.3,GB	
1700522479.381239	+2.80,+243.6,+19.4,LB	+2.85,+240.7,+19.9,FB	+6.71,+17.1,+20.1,MA	+2.41,+271.4,+25.6,OB	+2.28,+279.0,+25.2,HB	+2.46,+268.5,+25.4,CB	
1700522541.391188	+2.79,+243.6,+19.4,JB	+2.85,+240.6,+19.9,GB	+6.70,+17.1,+20.1,LA	+2.43,+270.3,+25.6,KB	+2.28,+279.1,+25.2,IB	+2.45,+269.1,+25.4,EB	
1700522603.4008355	+2.79,+243.7,+19.4,KB	+2.85,+240.6,+19.9,GB	+6.71,+17.1,+20.1,MA	+2.42,+270.9,+25.5,CB	+2.28,+278.5,+25.2,LB	+2.47,+267.7,+25.4,OB	
1700522665.4110503	+2.80,+243.5,+19.4,OB	+2.85,+240.7,+19.9,FB	+6.70,+17.1,+20.0,MA	+2.44,+269.9,+25.6,NB	+2.29,+278.4,+25.2,LB	+2.47,+267.9,+25.3,FB	
1700522727.4199138	+2.80,+243.6,+19.4,LB	+2.85,+240.7,+19.9,FB	+6.70,+17.2,+20.1,OA	+2.43,+270.4,+25.5,OB	+2.29,+278.4,+25.2,LB	+2.47,+267.5,+25.4,MB	
1700522789.429583	+2.79,+243.7,+19.4,KB	+2.85,+240.7,+19.9,FB	+6.71,+17.1,+20.1,MA	+2.42,+271.0,+25.6,HB	+2.28,+279.1,+25.2,IB	+2.45,+268.9,+25.4,LB	
1700522851.439518	+2.79,+243.7,+19.4,KB	+2.85,+240.7,+19.9,FB	+6.70,+17.2,+20.0,NA	+2.43,+270.4,+25.6,LB	+2.28,+278.9,+25.2,@B	+2.45,+269.0,+25.4,DB	
1700522913.447383	+2.79,+243.7,+19.4,KB	+2.85,+240.7,+19.9,FB	+6.70,+17.2,+20.1,OA	+2.43,+270.5,+25.6,MB	+2.29,+278.5,+25.2,MB	+2.47,+267.6,+25.4,NB	
1700522975.453041	+2.79,+243.6,+19.4,JB	+2.85,+240.7,+19.9,FB	+6.70,+17.2,+20.1,OA	+2.43,+270.0,+25.6,HB	+2.29,+278.3,+25.2,KB	+2.47,+268.0,+25.4,GB	
1700523037.4646327	+2.79,+243.6,+19.4,JB	+2.85,+240.7,+19.9,FB	+6.70,+17.2,+20.0,NA	+2.41,+271.3,+25.6,HB	+2.27,+279.1,+25.2,FB	+2.45,+268.7,+25.4,BB	
1700523099.4728234	+2.79,+243.7,+19.4,KB	+2.85,+240.7,+19.9,FB	+6.70,+17.2,+20.1,OA	+2.41,+271.2,+25.6,IB	+2.28,+279.1,+25.2,IB	+2.46,+268.1,+25.4,GB	
1700523161.4803784	+2.79,+243.7,+19.4,KB	+2.85,+240.7,+19.9,FB	+6.70,+17.2,+20.1,OA	+2.43,+270.0,+25.5,KB	+2.29,+278.5,+25.2,MB	+2.48,+267.3,+25.3,CB	
1700523223.4902809	+2.79,+243.7,+19.4,KB	+2.85,+240.6,+19.9,GB	+6.70,+17.3,+20.1,NA	+2.43,+270.5,+25.5,NB	+2.28,+278.8,+25.2,AB	+2.45,+268.9,+25.4,LB	
1700523285.5002363	+2.79,+243.7,+19.4,KB	+2.85,+240.7,+19.9,FB	+6.70,+17.3,+20.1,NA	+2.41,+271.3,+25.6,HB	+2.29,+278.4,+25.2,LB	+2.47,+268.1,+25.4,FB	
1700523347.507831	+2.79,+243.7,+19.4,KB	+2.85,+240.7,+19.9,FB	+6.70,+17.2,+20.1,OA	+2.43,+270.2,+25.6,JB	+2.29,+278.5,+25.2,MB	+2.46,+268.3,+25.4,EB	
1700523409.5152283	+2.79,+243.7,+19.5,JB	+2.85,+240.7,+19.9,FB	+6.70,+17.2,+20.1,OA	+2.42,+271.1,+25.6,IB	+2.28,+279.1,+25.2,IB	+2.46,+268.3,+25.4,EB	
1700523471.5269783	+2.79,+243.7,+19.4,KB	+2.85,+240.7,+19.9,FB	+6.70,+17.2,+20.1,OA	+2.44,+269.7,+25.5,CB	+2.29,+278.4,+25.2,LB	+2.47,+267.8,+25.3,GB	
1700523533.534873	+2.79,+243.7,+19.4,KB	+2.85,+240.7,+19.9,FB	+6.70,+17.2,+20.1,OA	+2.43,+270.3,+25.6,KB	+2.28,+278.6,+25.2,OB	+2.46,+268.5,+25.4,CB	
1700523595.5426552	+2.79,+243.7,+19.4,KB	+2.85,+240.7,+19.9,FB	+6.70,+17.3,+20.1,NA	+2.43,+270.2,+25.6,JB	+2.28,+278.9,+25.2,@B	+2.48,+267.2,+25.4,EB	
1700523657.552462	+2.79,+243.7,+19.4,KB	+2.85,+240.8,+19.9,IB	+6.70,+17.2,+20.1,OA	+2.43,+270.2,+25.6,JB	+2.28,+279.0,+25.2,HB	+2.48,+267.4,+25.4,CB	
1700523719.5612385	+2.79,+243.8,+19.5,EB	+2.85,+240.7,+19.9,FB	+6.70,+17.2,+20.0,NA	+2.44,+270.0,+25.6,OB	+2.28,+279.0,+25.2,HB	+2.47,+267.5,+25.4,MB	
1700523781.5697339	+2.79,+243.8,+19.4,DB	+2.85,+240.7,+19.9,FB	+6.70,+17.3,+20.1,NA	+2.42,+270.6,+25.6,OB	+2.27,+279.2,+25.2,EB	+2.47,+267.8,+25.4,@B	
1700523843.579811	+2.79,+243.8,+19.4,DB	+2.85,+240.7,+19.9,FB	+6.70,+17.3,+20.1,NA	+2.43,+270.2,+25.5,IB	+2.29,+278.5,+25.2,MB	+2.45,+269.0,+25.4,DB	
1700523905.591014	+2.79,+243.8,+19.4,DB	+2.85,+240.8,+19.9,IB	+6.70,+17.3,+20.1,NA	+2.44,+269.9,+25.6,NB	+2.29,+278.4,+25.2,LB	+2.45,+268.8,+25.4,MB	
1700523967.5980694	+2.79,+243.8,+19.4,DB	+2.85,+240.8,+19.9,IB	+6.70,+17.3,+20.0,OA	+2.44,+269.8,+25.5,LB	+2.28,+278.6,+25.2,OB	+2.46,+268.6,+25.4,@B	
1700524029.607947	+2.79,+243.8,+19.4,DB	+2.85,+240.7,+19.9,FB	+6.70,+17.3,+20.0,OA	+2.43,+270.2,+25.6,JB	+2.27,+279.2,+25.2,EB	+2.47,+267.8,+25.4,@B	
1700524091.618232	+2.79,+243.8,+19.5,EB	+2.85,+240.7,+19.9,FB	+6.70,+17.3,+20.0,OA	+2.44,+269.7,+25.6,@B	+2.28,+278.9,+25.2,@B	+2.46,+268.1,+25.4,GB	
1700524153.6271646	+2.79,+243.8,+19.4,DB	+2.85,+240.7,+19.9,FB	+6.70,+17.4,+20.1,IA	+2.43,+270.6,+25.5,MB	+2.27,+279.4,+25.2,CB	+2.46,+268.1,+25.4,GB	
1700524215.6362128	+2.79,+243.7,+19.4,KB	+2.85,+240.8,+19.9,IB	+6.70,+17.3,+20.1,NA	+2.42,+270.8,+25.6,AB	+2.27,+279.3,+25.2,DB	+2.46,+268.3,+25.4,EB	
1700524277.645243	+2.79,+243.8,+19.4,DB	+2.85,+240.8,+19.9,IB	+6.70,+17.3,+20.0,OA	+2.43,+270.0,+25.6,HB	+2.27,+279.2,+25.2,EB	+2.47,+267.6,+25.4,NB	
1700524339.6547449	+2.79,+243.8,+19.5,EB	+2.85,+240.7,+19.9,FB	+6.70,+17.3,+20.1,NA	+2.43,+270.5,+25.5,NB	+2.27,+279.3,+25.2,DB	+2.47,+267.8,+25.4,@B	
1700524401.6631014	+2.79,+243.8,+19.4,DB	+2.85,+240.7,+19.9,FB	+6.70,+17.3,+20.1,NA	+2.42,+270.7,+25.5,MB	+2.28,+278.6,+25.2,OB	+2.45,+269.2,+25.4,FB	
1700524463.6730633	+2.79,+243.8,+19.4,DB	+2.85,+240.8,+19.9,IB	+6.70,+17.4,+20.1,IA	+2.42,+270.8,+25.6,AB	+2.28,+278.6,+25.2,OB	+2.45,+269.0,+25.4,DB	
1700524525.6831312	+2.79,+243.8,+19.4,DB	+2.85,+240.8,+19.9,IB	+6.70,+17.4,+20.1,IA	+2.42,+270.7,+25.5,MB	+2.28,+278.7,+25.2,NB	+2.45,+269.0,+25.4,DB	
1700524587.6896205	+2.79,+243.9,+19.4,EB	+2.85,+240.8,+19.9,IB	+6.70,+17.4,+20.1,IA	+2.42,+270.7,+25.6,NB	+2.27,+279.3,+25.2,DB	+2.46,+268.2,+25.3,CB	
1700524649.697856	+2.79,+243.9,+19.4,EB	+2.85,+240.8,+19.9,IB	+6.70,+17.4,+20.1,IA	+2.42,+270.7,+25.6,NB	+2.28,+278.8,+25.2,AB	+2.45,+268.8,+25.4,MB	
1700524711.7059877	+2.79,+243.9,+19.4,EB	+2.85,+240.8,+19.9,IB	+6.70,+17.4,+20.1,IA	+2.42,+271.1,+25.6,IB	+2.28,+278.6,+25.2,OB	+2.44,+269.3,+25.4,FB	
1700524773.7152886	+2.79,+243.9,+19.4,EB	+2.85,+240.8,+19.9,IB	+6.70,+17.3,+20.1,NA	+2.42,+270.7,+25.5,MB	+2.27,+279.3,+25.2,DB	+2.46,+268.3,+25.3,BB	
1700524835.7230933	+2.79,+243.9,+19.4,EB	+2.85,+240.8,+19.9,IB	+6.70,+17.4,+20.1,IA	+2.41,+271.4,+25.6,OB	+2.28,+278.6,+25.2,OB	+2.44,+269.6,+25.4,CB	
1700525081.2673824	+2.79,+243.9,+19.4,EB	+2.85,+240.9,+19.9,HB	+6.70,+17.4,+20.1,IA	+2.42,+271.1,+25.6,IB	+2.28,+278.8,+25.2,AB	+2.45,+269.0,+25.4,DB	
1700525143.2766058	+2.79,+243.9,+19.5,DB	+2.85,+240.8,+19.9,IB	+6.70,+17.4,+20.0,HA	+2.43,+270.6,+25.6,NB	+2.28,+279.1,+25.2,IB	+2.45,+268.9,+25.4,LB	
1700525205.285727	+2.79,+244.0,+19.4,KB	+2.85,+240.8,+19.9,IB	+6.70,+17.4,+20.1,IA	+2.42,+271.0,+25.6,HB	+2.28,+278.8,+25.2,AB	+2.45,+269.0,+25.4,DB	
1700525267.2933106	+2.79,+243.9,+19.4,EB	+2.85,+240.9,+19.9,HB	+6.70,+17.5,+20.0,IA	+2.41,+271.3,+25.5,KB	+2.28,+278.6,+25.2,OB	+2.44,+269.4,+25.4,AB	
1700525329.3008187	+2.79,+243.9,+19.4,EB	+2.85,+240.9,+19.9,HB	+6.70,+17.5,+20.0,IA	+2.45,+269.4,+25.6,BB	+2.27,+279.4,+25.2,CB	+2.47,+267.9,+25.3,FB	
1700525391.3099458	+2.79,+243.9,+19.5,DB	+2.85,+240.9,+19.9,HB	+6.70,+17.5,+20.0,IA	+2.43,+270.3,+25.6,KB	+2.28,+279.1,+25.2,IB	+2.45,+269.2,+25.4,FB	
1700525453.320346	+2.79,+244.0,+19.4,KB	+2.85,+240.9,+19.9,HB	+6.70,+17.5,+20.0,IA	+2.43,+270.4,+25.6,LB	+2.28,+278.8,+25.2,AB	+2.45,+268.8,+25.4,MB	
1700525515.3294196	+2.79,+243.9,+19.4,EB	+2.85,+240.9,+19.9,HB	+6.70,+17.4,+20.1,IA	+2.44,+269.8,+25.6,OB	+2.27,+279.3,+25.2,DB	+2.47,+267.9,+25.4,AB	
1700525577.338353	+2.79,+244.0,+19.4,KB	+2.85,+240.9,+19.9,HB	+6.70,+17.5,+20.1,HA	+2.44,+270.0,+25.6,OB	+2.28,+279.1,+25.2,IB	+2.46,+268.1,+25.4,GB	
1700525639.3485134	+2.79,+244.0,+19.4,KB	+2.85,+240.9,+19.9,HB	+6.70,+17.5,+20.1,HA	+2.42,+270.9,+25.5,CB	+2.28,+278.6,+25.2,OB	+2.44,+269.3,+25.4,FB	
1700525701.3571184	+2.79,+244.0,+19.4,KB	+2.85,+240.9,+19.9,HB	+6.70,+17.5,+20.1,HA	+2.44,+269.9,+25.6,NB	+2.27,+279.3,+25.2,DB	+2.47,+267.8,+25.4,@B	
1700525763.370289	+2.79,+244.0,+19.4,KB	+2.85,+240.9,+19.9,HB	+6.70,+17.5,+20.1,HA	+2.44,+269.8,+25.5,LB	+2.27,+279.3,+25.2,DB	+2.47,+267.8,+25.3,GB	
1700525825.3793063	+2.79,+244.0,+19.4,KB	+2.85,+240.9,+19.9,HB	+6.70,+17.5,+20.1,HA	+2.42,+270.9,+25.6,@B	+2.28,+278.7,+25.2,NB	+2.44,+269.3,+25.4,FB	
1700525887.388341	+2.79,+244.0,+19.5,JB	+2.85,+240.9,+19.9,HB	+6.70,+17.5,+20.1,HA	+2.41,+271.3,+25.5,KB	+2.28,+278.9,+25.2,@B	+2.44,+269.6,+25.4,CB	
1700525949.3971498	+2.79,+243.9,+19.4,EB	+2.85,+240.9,+19.9,HB	+6.70,+17.5,+20.1,HA	+2.43,+270.3,+25.6,KB	+2.28,+278.7,+25.2,NB	+2.46,+268.6,+25.3,GB	
1700526011.4068098	+2.79,+244.0,+19.4,KB	+2.85,+241.0,+19.9,@B	+6.70,+17.5,+20.1,HA	+2.42,+270.7,+25.6,NB	+2.28,+278.6,+25.2,OB	+2.45,+269.1,+25.3,BB	
1700526073.414637	+2.79,+244.0,+19.4,KB	+2.85,+240.9,+19.9,HB	+6.70,+17.5,+20.0,IA	+2.41,+271.5,+25.6,NB	+2.28,+279.1,+25.2,IB	+2.44,+269.6,+25.4,CB	
1700526135.4234424	+2.79,+244.1,+19.4,JB	+2.85,+241.0,+19.9,@B	+6.70,+17.5,+20.1,HA	+2.43,+270.4,+25.6,LB	+2.27,+279.2,+25.2,EB	+2.47,+268.0,+25.4,GB	
1700526197.4311326	+2.79,+244.0,+19.4,KB	+2.85,+240.9,+19.9,HB	+6.70,+17.6,+20.0,JA	+2.42,+271.0,+25.6,HB	+2.27,+279.3,+25.2,DB	+2.46,+268.5,+25.4,CB	
1700526259.4384644	+2.79,+244.0,+19.5,JB	+2.85,+240.9,+19.9,HB	+6.70,+17.6,+20.0,JA	+2.42,+270.9,+25.6,@B	+2.27,+279.4,+25.2,CB	+2.46,+268.4,+25.4,BB	
1700526321.446321	+2.79,+244.1,+19.4,JB	+2.85,+241.0,+19.9,@B	+6.70,+17.6,+20.0,JA	+2.41,+271.4,+25.5,LB	+2.27,+279.4,+25.2,CB	+2.44,+269.2,+25.4,GB	
1700526383.4556804	+2.79,+244.0,+19.4,KB	+2.85,+241.0,+19.9,@B	+6.70,+17.6,+20.1,KA	+2.42,+271.1,+25.6,IB	+2.28,+279.0,+25.2,HB	+2.44,+269.4,+25.4,AB	
1700526445.4656248	+2.79,+244.0,+19.4,KB	+2.85,+241.0,+19.9,@B	+6.70,+17.6,+20.0,JA	+2.42,+270.9,+25.5,CB	+2.28,+278.8,+25.2,AB	+2.45,+269.0,+25.4,DB	
1700526507.4751554	+2.79,+244.0,+19.4,KB	+2.85,+240.9,+19.9,HB	+6.70,+17.6,+20.0,JA	+2.43,+270.4,+25.6,LB	+2.28,+278.6,+25.2,OB	+2.46,+268.6,+25.4,@B	
1700526569.485486	+2.79,+244.0,+19.5,JB	+2.85,+241.0,+19.9,@B	+6.70,+17.6,+20.1,KA	+2.42,+270.8,+25.6,AB	+2.27,+279.2,+25.2,EB	+2.46,+268.3,+25.3,BB	
1700526631.4945498	+2.79,+244.1,+19.4,JB	+2.85,+241.0,+19.9,@B	+6.70,+17.6,+20.0,JA	+2.43,+270.0,+25.5,KB	+2.27,+279.2,+25.2,EB	+2.46,+268.1,+25.3,@B	
1700526693.5048044	+2.79,+244.0,+19.4,KB	+2.85,+241.1,+19.9,AB	+6.70,+17.6,+20.0,JA	+2.42,+270.9,+25.5,CB	+2.27,+279.1,+25.2,FB	+2.44,+269.4,+25.4,AB	
1700526755.5128791	+2.79,+244.0,+19.4,KB	+2.85,+241.0,+19.9,@B	+6.70,+17.6,+20.0,JA	+2.44,+269.9,+25.5,MB	+2.27,+279.5,+25.2,BB	+2.45,+269.1,+25.4,EB	
1700526817.5227234	+2.79,+244.0,+19.4,KB	+2.85,+241.1,+19.9,AB	+6.70,+17.7,+20.0,KA	+2.41,+271.2,+25.6,IB	+2.27,+279.3,+25.2,DB	+2.45,+269.2,+25.4,FB	
1700526879.5319886	+2.79,+244.0,+19.5,JB	+2.85,+241.0,+19.9,@B	+6.70,+17.7,+20.0,KA	+2.43,+270.2,+25.6,JB	+2.28,+278.8,+25.2,AB	+2.47,+267.9,+25.4,AB	
1700526941.5406008	+2.79,+244.0,+19.4,KB	+2.85,+241.0,+19.9,@B	+6.70,+17.6,+20.1,KA	+2.43,+270.6,+25.6,NB	+2.27,+279.3,+25.2,DB	+2.46,+268.4,+25.4,BB	
1700527003.5492635	+2.79,+244.0,+19.4,KB	+2.85,+241.1,+19.9,AB	+6.70,+17.7,+20.1,JA	+2.44,+269.6,+25.6,AB	+2.28,+278.6,+25.2,OB	+2.46,+268.5,+25.4,CB	
1700527065.5571046	+2.79,+244.0,+19.4,KB	+2.85,+241.1,+19.9,AB	+6.70,+17.6,+20.1,KA	+2.43,+270.0,+25.6,HB	+2.28,+278.8,+25.2,AB	+2.45,+268.7,+25.4,BB	
1700527127.5666401	+2.79,+244.1,+19.4,JB	+2.85,+241.1,+19.9,AB	+6.70,+17.7,+20.1,JA	+2.44,+269.9,+25.6,NB	+2.28,+278.7,+25.2,NB	+2.45,+268.9,+25.4,LB	
1700527189.5726464	+2.79,+244.0,+19.4,KB	+2.84,+241.1,+19.9,@B	+6.70,+17.6,+20.0,JA	+2.42,+270.9,+25.5,CB	+2.27,+279.1,+25.2,FB	+2.45,+268.9,+25.4,LB	
1700527251.5837555	+2.79,+244.1,+19.4,JB	+2.85,+241.1,+19.9,AB	+6.70,+17.7,+20.1,JA	+2.43,+270.2,+25.6,JB	+2.29,+278.5,+25.2,MB	+2.47,+268.0,+25.4,GB	
1700527313.5935621	+2.79,+244.1,+19.4,JB	+2.84,+241.1,+19.9,@B	+6.70,+17.6,+20.0,JA	+2.43,+270.2,+25.5,IB	+2.28,+278.9,+25.2,@B	+2.44,+269.5,+25.4,@B	
1700527375.6023095	+2.79,+244.1,+19.4,JB	+2.84,+241.1,+19.9,@B	+6.69,+17.7,+20.1,BA	+2.42,+271.1,+25.5,JB	+2.28,+279.0,+25.2,HB	+2.45,+269.0,+25.3,CB	
1700527437.6111405	+2.79,+244.1,+19.4,JB	+2.84,+241.1,+19.9,@B	+6.69,+17.7,+20.1,BA	+2.43,+270.0,+25.5,KB	+2.28,+278.6,+25.2,OB	+2.46,+268.5,+25.3,DB	
1700527499.6185124	+2.79,+244.0,+19.4,KB	+2.85,+241.1,+19.9,AB	+6.70,+17.7,+20.0,KA	+2.41,+271.2,+25.6,IB	+2.28,+278.8,+25.2,AB	+2.45,+268.9,+25.4,LB	
1700527561.6284294	+2.79,+244.1,+19.5,KB	+2.85,+241.1,+19.9,AB	+6.70,+17.7,+20.0,KA	+2.44,+269.9,+25.6,NB	+2.28,+278.6,+25.2,OB	+2.46,+268.5,+25.4,CB	
1700527623.6366274	+2.79,+244.1,+19.4,JB	+2.85,+241.1,+19.9,AB	+6.69,+17.8,+20.0,LA	+2.42,+271.0,+25.6,HB	+2.28,+279.0,+25.2,HB	+2.45,+268.9,+25.4,LB	
1700527685.6447687	+2.79,+244.1,+19.4,JB	+2.84,+241.1,+19.9,@B	+6.69,+17.8,+20.1,MA	+2.43,+270.0,+25.5,KB	+2.28,+278.7,+25.2,NB	+2.46,+268.5,+25.4,CB	
1700527747.652834	+2.79,+244.1,+19.5,KB	+2.84,+241.1,+19.9,@B	+6.69,+17.8,+20.0,LA	+2.43,+270.4,+25.5,OB	+2.28,+279.1,+25.2,IB	+2.44,+269.3,+25.3,AB	
1700527809.6612122	+2.79,+244.1,+19.4,JB	+2.84,+241.1,+19.9,@B	+6.69,+17.7,+20.0,CA	+2.42,+270.7,+25.6,NB	+2.27,+279.2,+25.2,EB	+2.44,+269.7,+25.4,BB	
1700527871.669026	+2.79,+244.1,+19.4,JB	+2.84,+241.2,+19.9,CB	+6.70,+17.7,+20.1,JA	+2.42,+271.1,+25.6,IB	+2.29,+278.4,+25.2,LB	+2.46,+268.0,+25.3,AB	
1700527933.6761706	+2.79,+244.1,+19.4,JB	+2.84,+241.1,+19.9,@B	+6.69,+17.7,+20.0,CA	+2.41,+271.4,+25.5,LB	+2.29,+278.4,+25.2,LB	+2.46,+268.5,+25.4,CB	
1700527995.6847665	+2.79,+244.1,+19.5,KB	+2.84,+241.1,+19.9,@B	+6.69,+17.8,+20.0,LA	+2.42,+271.0,+25.5,KB	+2.27,+279.1,+25.2,FB	+2.44,+269.7,+25.4,BB	
1700528057.6925535	+2.79,+244.2,+19.5,HB	+2.84,+241.2,+19.9,CB	+6.69,+17.8,+20.0,LA	+2.42,+270.6,+25.5,LB	+2.27,+279.2,+25.2,EB	+2.44,+269.6,+25.4,CB	
1700528119.702448	+2.79,+244.2,+19.4,IB	+2.84,+241.1,+19.9,@B	+6.69,+17.8,+20.0,LA	+2.41,+271.5,+25.6,NB	+2.28,+278.9,+25.2,@B	+2.44,+269.5,+25.4,@B	
1700528181.7120643	+2.79,+244.2,+19.4,IB	+2.84,+241.2,+19.9,CB	+6.69,+17.8,+20.0,LA	+2.43,+270.2,+25.5,IB	+2.28,+278.9,+25.2,@B	+2.46,+268.5,+25.4,CB	
1700528243.7225106	+2.78,+244.2,+19.4,HB	+2.84,+241.1,+19.9,@B	+6.69,+17.8,+20.0,LA	+2.43,+270.4,+25.6,LB	+2.27,+279.2,+25.2,EB	+2.45,+269.2,+25.4,FB	
1700528305.7305646	+2.79,+244.2,+19.4,IB	+2.84,+241.2,+19.9,CB	+6.69,+17.8,+20.0,LA	+2.41,+271.3,+25.6,HB	+2.29,+278.5,+25.2,MB	+2.46,+268.1,+25.4,GB	
1700528367.7378547	+2.79,+244.2,+19.4,IB	+2.84,+241.2,+19.9,CB	+6.69,+17.8,+20.0,LA	+2.41,+271.4,+25.5,LB	+2.29,+278.4,+25.2,LB	+2.45,+268.8,+25.4,MB	
1700528429.7467148	+2.79,+244.1,+19.4,JB	+2.84,+241.1,+19.9,@B	+6.69,+17.8,+20.0,LA	+2.41,+271.3,+25.6,HB	+2.29,+278.5,+25.2,MB	+2.45,+268.8,+25.4,MB	
1700528491.7551968	+2.79,+244.2,+19.5,HB	+2.84,+241.2,+19.9,CB	+6.69,+17.8,+20.0,LA	+2.43,+270.2,+25.5,IB	+2.27,+279.2,+25.2,EB	+2.45,+269.1,+25.3,BB	
1700528553.7645745	+2.79,+244.2,+19.4,IB	+2.84,+241.2,+19.9,CB	+6.69,+17.9,+20.0,MA	+2.42,+271.0,+25.6,HB	+2.28,+278.7,+25.2,NB	+2.46,+268.5,+25.4,CB	
1700528615.7711232	+2.78,+244.2,+19.4,HB	+2.84,+241.2,+19.9,CB	+6.69,+17.9,+20.0,MA	+2.41,+271.3,+25.6,HB	+2.28,+278.9,+25.2,@B	+2.43,+270.0,+25.4,JB	
1700528677.783822	+2.78,+244.2,+19.4,HB	+2.84,+241.2,+19.9,CB	+6.69,+17.9,+20.0,MA	+2.42,+270.8,+25.5,BB	+2.28,+278.9,+25.2,@B	+2.46,+268.5,+25.4,CB	
1700528923.352737	+2.78,+244.2,+19.4,HB	+2.84,+241.2,+19.9,CB	+6.69,+17.9,+20.0,MA	+2.43,+270.1,+25.5,JB	+2.28,+278.7,+25.2,NB	+2.43,+270.0,+25.4,JB	
1700528985.3610563	+2.78,+244.3,+19.5,HB	+2.84,+241.2,+19.9,CB	+6.69,+17.9,+20.0,MA	+2.42,+270.8,+25.6,AB	+2.28,+278.8,+25.2,AB	+2.46,+268.4,+25.4,BB	
1700529047.367448	+2.78,+244.3,+19.4,IB	+2.84,+241.2,+19.9,CB	+6.69,+17.9,+20.0,MA	+2.43,+270.3,+25.6,KB	+2.29,+278.5,+25.2,MB	+2.44,+269.4,+25.4,AB	
1700529109.3749645	+2.78,+244.2,+19.4,HB	+2.84,+241.2,+19.9,CB	+6.69,+17.9,+20.0,MA	+2.44,+269.9,+25.5,MB	+2.28,+278.6,+25.2,OB	+2.44,+269.4,+25.3,FB	
1700529171.3816097	+2.78,+244.3,+19.4,IB	+2.84,+241.2,+19.9,CB	+6.69,+18.0,+20.0,KA	+2.43,+270.3,+25.5,HB	+2.28,+278.9,+25.2,@B	+2.43,+269.9,+25.3,LB	
1700529233.3803747	+2.78,+244.3,+19.4,IB	+2.84,+241.2,+19.9,CB	+6.69,+18.0,+20.0,KA	+2.41,+271.6,+25.6,MB	+2.27,+279.1,+25.2,FB	+2.45,+268.7,+25.3,EB	
1700529295.3898063	+2.78,+244.3,+19.4,IB	+2.84,+241.2,+19.9,CB	+6.69,+17.9,+20.0,MA	+2.41,+271.5,+25.6,NB	+2.27,+279.4,+25.2,CB	+2.44,+269.2,+25.3,@B	
1700529357.3983963	+2.78,+244.3,+19.5,HB	+2.84,+241.3,+19.9,BB	+6.69,+17.9,+20.0,MA	+2.41,+271.5,+25.6,NB	+2.27,+279.2,+25.2,EB	+2.45,+269.0,+25.4,DB	
1700529419.3837452	+2.78,+244.3,+19.4,IB	+2.84,+241.2,+19.9,CB	+6.69,+18.0,+20.0,KA	+2.42,+271.1,+25.6,IB	+2.28,+278.6,+25.2,OB	+2.46,+268.6,+25.3,GB	
1700529481.3935502	+2.78,+244.3,+19.4,IB	+2.84,+241.3,+19.9,BB	+6.69,+18.0,+20.0,KA	+2.41,+271.3,+25.6,HB	+2.28,+278.8,+25.2,AB	+2.46,+268.4,+25.4,BB	
1700529543.4005513	+2.78,+244.3,+19.4,IB	+2.84,+241.2,+19.9,CB	+6.69,+18.0,+20.0,KA	+2.41,+271.3,+25.5,KB	+2.28,+278.7,+25.2,NB	+2.46,+268.5,+25.4,CB	
1700529605.4098845	+2.78,+244.3,+19.4,IB	+2.84,+241.3,+19.9,BB	+6.69,+18.0,+20.0,KA	+2.42,+270.8,+25.6,AB	+2.27,+279.3,+25.2,DB	+2.43,+269.9,+25.4,KB	
1700529667.4168878	+2.78,+244.3,+19.5,HB	+2.84,+241.3,+19.9,BB	+6.69,+18.0,+20.0,KA	+2.42,+270.7,+25.6,NB	+2.29,+278.5,+25.2,MB	+2.45,+269.1,+25.4,EB	
1700529729.423604	+2.78,+244.3,+19.4,IB	+2.84,+241.3,+19.9,BB	+6.69,+18.0,+20.0,KA	+2.42,+270.6,+25.6,OB	+2.28,+279.0,+25.2,HB	+2.43,+270.1,+25.4,KB	
1700529791.431977	+2.78,+244.3,+19.4,IB	+2.84,+241.3,+19.9,BB	+6.69,+18.0,+20.0,KA	+2.41,+271.7,+25.6,LB	+2.28,+278.6,+25.2,OB	+2.46,+268.5,+25.4,CB	
1700529853.4416769	+2.78,+244.3,+19.4,IB	+2.84,+241.3,+19.9,BB	+6.69,+18.1,+20.0,JA	+2.41,+271.4,+25.6,OB	+2.28,+279.1,+25.2,IB	+2.44,+269.3,+25.4,FB	
1700529915.4506032	+2.78,+244.3,+19.4,IB	+2.84,+241.3,+19.9,BB	+6.69,+18.1,+20.0,JA	+2.43,+270.6,+25.6,NB	+2.27,+279.2,+25.2,EB	+2.43,+270.2,+25.4,HB	
1700529977.4601448	+2.78,+244.3,+19.4,IB	+2.84,+241.3,+19.9,BB	+6.69,+18.1,+20.0,JA	+2.41,+271.4,+25.6,OB	+2.29,+278.5,+25.2,MB	+2.46,+268.5,+25.3,DB	
1700530039.4685616	+2.78,+244.3,+19.4,IB	+2.84,+241.3,+19.9,BB	+6.69,+18.1,+20.0,JA	+2.43,+270.5,+25.6,MB	+2.27,+279.2,+25.2,EB	+2.43,+270.1,+25.4,KB	
1700530101.479243	+2.78,+244.3,+19.4,IB	+2.84,+241.3,+19.9,BB	+6.69,+18.1,+20.0,JA	+2.43,+270.4,+25.6,LB	+2.28,+278.9,+25.2,@B	+2.44,+269.6,+25.4,CB	
1700530163.473191	+2.78,+244.3,+19.4,IB	+2.84,+241.3,+19.9,BB	+6.69,+18.0,+20.0,KA	+2.41,+271.7,+25.6,LB	+2.28,+278.6,+25.2,OB	+2.46,+268.7,+25.4,AB	
1700530225.4830334	+2.78,+244.3,+19.4,IB	+2.84,+241.3,+19.9,BB	+6.69,+18.1,+20.0,JA	+2.41,+271.5,+25.6,NB	+2.28,+278.6,+25.2,OB	+2.45,+268.7,+25.3,EB	
1700530287.4941127	+2.78,+244.4,+19.4,NB	+2.84,+241.3,+19.9,BB	+6.69,+18.1,+20.0,JA	+2.42,+270.8,+25.6,AB	+2.27,+279.3,+25.2,DB	+2.43,+269.9,+25.4,KB	
1700530349.5043397	+2.78,+244.4,+19.4,NB	+2.84,+241.3,+19.9,BB	+6.69,+18.1,+20.0,JA	+2.42,+270.6,+25.6,OB	+2.27,+279.3,+25.2,DB	+2.43,+270.0,+25.3,MB	
1700530411.511674	+2.78,+244.4,+19.4,NB	+2.84,+241.3,+19.9,BB	+6.69,+18.1,+20.0,JA	+2.41,+271.7,+25.5,OB	+2.29,+278.5,+25.2,MB	+2.46,+268.1,+25.3,@B	
1700530473.5212524	+2.78,+244.3,+19.5,HB	+2.84,+241.3,+19.9,BB	+6.69,+18.1,+20.0,JA	+2.42,+271.0,+25.5,KB	+2.28,+278.8,+25.2,AB	+2.46,+268.6,+25.4,@B	
1700530535.5308266	+2.78,+244.4,+19.4,NB	+2.84,+241.3,+19.9,BB	+6.69,+18.1,+20.0,JA	+2.42,+270.8,+25.6,AB	+2.28,+278.9,+25.2,@B	+2.46,+268.6,+25.4,@B	
1700530597.5378988	+2.78,+244.4,+19.4,NB	+2.84,+241.3,+19.9,BB	+6.69,+18.1,+20.0,JA	+2.43,+270.5,+25.6,MB	+2.27,+279.3,+25.2,DB	+2.44,+269.3,+25.4,FB	
1700530659.5484421	+2.78,+244.4,+19.4,NB	+2.84,+241.3,+19.9,BB	+6.69,+18.1,+20.0,JA	+2.41,+271.7,+25.6,LB	+2.28,+278.6,+25.2,OB	+2.46,+268.3,+25.4,EB	
1700530721.5593877	+2.78,+244.4,+19.4,NB	+2.84,+241.3,+19.9,BB	+6.69,+18.1,+20.0,JA	+2.42,+271.2,+25.5,IB	+2.28,+279.0,+25.2,HB	+2.45,+268.7,+25.4,BB	
1700530783.5700972	+2.78,+244.4,+19.4,NB	+2.84,+241.3,+19.9,BB	+6.69,+18.1,+20.0,JA	+2.42,+270.8,+25.5,BB	+2.27,+279.1,+25.2,FB	+2.44,+269.7,+25.4,BB	
1700530845.5786147	+2.78,+244.4,+19.4,NB	+2.84,+241.3,+19.9,BB	+6.69,+18.1,+20.0,JA	+2.41,+271.4,+25.5,LB	+2.28,+278.9,+25.2,@B	+2.45,+268.6,+25.4,CB	
1700530907.5885003	+2.78,+244.4,+19.4,NB	+2.84,+241.3,+19.9,BB	+6.69,+18.1,+20.0,JA	+2.43,+270.5,+25.6,MB	+2.27,+279.3,+25.2,DB	+2.43,+270.0,+25.4,JB	
1700530969.595695	+2.78,+244.4,+19.4,NB	+2.84,+241.3,+19.9,BB	+6.69,+18.1,+20.0,JA	+2.42,+271.0,+25.6,HB	+2.27,+279.3,+25.2,DB	+2.44,+269.3,+25.4,FB	
1700531031.6058142	+2.78,+244.4,+19.4,NB	+2.84,+241.4,+19.9,EB	+6.69,+18.2,+20.0,IA	+2.40,+271.9,+25.6,CB	+2.28,+278.7,+25.2,NB	+2.46,+268.3,+25.4,EB	
1700531093.6155457	+2.78,+244.4,+19.4,NB	+2.84,+241.3,+19.9,BB	+6.69,+18.1,+20.0,JA	+2.42,+270.6,+25.5,LB	+2.27,+279.2,+25.2,EB	+2.43,+270.0,+25.4,JB	
1700531155.624659	+2.78,+244.4,+19.4,NB	+2.84,+241.3,+19.9,BB	+6.69,+18.2,+20.0,IA	+2.43,+270.5,+25.6,MB	+2.27,+279.2,+25.2,EB	+2.43,+269.9,+25.4,KB	
1700531217.6354697	+2.78,+244.4,+19.4,NB	+2.84,+241.4,+19.9,EB	+6.69,+18.2,+20.0,IA	+2.40,+271.8,+25.6,BB	+2.28,+278.8,+25.2,AB	+2.46,+268.4,+25.4,BB	
1700531279.6436954	+2.78,+244.4,+19.4,NB	+2.84,+241.4,+19.9,EB	+6.69,+18.1,+20.0,JA	+2.42,+270.7,+25.6,NB	+2.28,+278.8,+25.2,AB	+2.43,+269.8,+25.3,MB	
1700531341.654903	+2.78,+244.5,+19.4,OB	+2.84,+241.3,+19.9,BB	+6.69,+18.1,+20.0,JA	+2.42,+270.7,+25.6,NB	+2.27,+279.3,+25.2,DB	+2.44,+269.7,+25.3,EB	
1700531403.6618779	+2.78,+244.4,+19.4,NB	+2.84,+241.4,+19.9,EB	+6.69,+18.2,+20.0,IA	+2.40,+271.9,+25.5,@B	+2.28,+278.9,+25.2,@B	+2.46,+268.5,+25.4,CB	
1700531465.670905	+2.78,+244.5,+19.4,OB	+2.84,+241.4,+19.9,EB	+6.69,+18.2,+20.0,IA	+2.41,+271.2,+25.5,JB	+2.28,+278.6,+25.2,OB	+2.44,+269.4,+25.4,AB	
1700531527.6808329	+2.78,+244.5,+19.4,OB	+2.84,+241.4,+19.9,EB	+6.67,+19.2,+20.0,FA	+2.42,+271.1,+25.6,IB	+2.28,+278.6,+25.2,OB	+2.44,+269.3,+25.4,FB	
1700531589.6909697	+2.78,+244.5,+19.4,OB	+2.84,+241.4,+19.9,EB	+6.67,+19.2,+20.0,FA	+2.42,+270.8,+25.6,AB	+2.28,+278.5,+25.2,LB	+2.44,+269.4,+25.4,AB	
1700531651.701553	+2.78,+244.5,+19.4,OB	+2.84,+241.4,+19.9,EB	+6.67,+19.0,+20.0,DA	+2.42,+271.1,+25.5,JB	+2.28,+278.6,+25.2,OB	+2.45,+268.8,+25.4,MB	
1700531713.7096143	+2.78,+244.5,+19.4,OB	+2.84,+241.4,+19.9,EB	+6.67,+19.0,+20.0,DA	+2.41,+271.4,+25.6,OB	+2.27,+279.3,+25.2,DB	+2.45,+268.7,+25.4,BB	
1700531775.719747	+2.78,+244.5,+19.4,OB	+2.84,+241.4,+19.9,EB	+6.68,+18.8,+20.0,BA	+2.43,+270.2,+25.6,JB	+2.28,+278.8,+25.2,AB	+2.44,+269.6,+25.4,CB	
1700531837.7292721	+2.78,+244.5,+19.4,OB	+2.84,+241.4,+19.9,EB	+6.68,+18.8,+20.0,BA	+2.42,+270.7,+25.6,NB	+2.29,+278.5,+25.2,MB	+2.45,+268.8,+25.4,MB	
1700531899.738049	+2.78,+244.5,+19.4,OB	+2.84,+241.5,+19.9,DB	+6.68,+18.8,+20.0,BA	+2.43,+270.4,+25.6,LB	+2.28,+278.9,+25.2,@B	+2.44,+269.5,+25.4,@B	
1700531961.7469776	+2.78,+244.5,+19.4,OB	+2.84,+241.4,+19.9,EB	+6.68,+18.7,+20.0,MA	+2.43,+270.5,+25.5,NB	+2.28,+278.7,+25.2,NB	+2.44,+269.4,+25.4,AB	
1700532023.7564673	+2.78,+244.5,+19.4,OB	+2.84,+241.5,+19.9,DB	+6.68,+18.6,+20.0,LA	+2.41,+271.4,+25.6,OB	+2.27,+279.3,+25.2,DB	+2.45,+268.9,+25.4,LB	
1700532085.7654152	+2.78,+244.5,+19.4,OB	+2.84,+241.5,+19.9,DB	+6.68,+18.6,+20.0,LA	+2.42,+270.7,+25.6,NB	+2.28,+278.5,+25.2,LB	+2.45,+269.1,+25.4,EB	
1700532147.774793	+2.78,+244.5,+19.4,OB	+2.84,+241.4,+19.9,EB	+6.68,+18.4,+20.0,NA	+2.42,+270.8,+25.5,BB	+2.28,+279.1,+25.2,IB	+2.44,+269.5,+25.4,@B	
1700532209.7834406	+2.78,+244.6,+19.4,LB	+2.84,+241.5,+19.9,DB	+6.68,+18.4,+20.0,NA	+2.43,+270.2,+25.5,IB	+2.28,+278.7,+25.2,NB	+2.44,+269.4,+25.4,AB	
1700532271.7929473	+2.78,+244.5,+19.4,OB	+2.84,+241.5,+19.9,DB	+6.68,+18.3,+20.0,IA	+2.44,+269.8,+25.5,LB	+2.28,+278.9,+25.2,@B	+2.44,+269.6,+25.4,CB	
1700532333.8029957	+2.78,+244.5,+19.4,OB	+2.84,+241.5,+19.9,DB	+6.69,+18.3,+20.0,HA	+2.44,+269.6,+25.5,BB	+2.29,+278.6,+25.2,NB	+2.44,+269.3,+25.4,FB	
1700532395.811589	+2.78,+244.6,+19.4,LB	+2.84,+241.5,+19.9,DB	+6.69,+18.3,+20.0,HA	+2.42,+270.7,+25.5,MB	+2.27,+279.2,+25.2,EB	+2.45,+268.8,+25.4,MB	
1700532457.821026	+2.78,+244.5,+19.4,OB	+2.84,+241.5,+19.9,DB	+6.69,+18.2,+20.0,IA	+2.42,+270.9,+25.6,@B	+2.27,+279.2,+25.2,EB	+2.45,+268.8,+25.4,MB	
1700532519.8307054	+2.78,+244.5,+19.4,OB	+2.84,+241.5,+19.9,DB	+6.69,+18.2,+20.0,IA	+2.43,+270.3,+25.6,KB	+2.28,+278.8,+25.2,AB	+2.45,+268.7,+25.4,BB	
1700532765.400462	+2.78,+244.6,+19.4,LB	+2.84,+241.5,+19.9,DB	+6.68,+18.3,+20.0,IA	+2.43,+270.3,+25.6,KB	+2.28,+278.9,+25.2,@B	+2.46,+268.3,+25.4,EB	
1700532827.4079766	+2.78,+244.6,+19.4,LB	+2.84,+241.5,+19.9,DB	+6.69,+18.3,+20.0,HA	+2.42,+271.0,+25.6,HB	+2.28,+278.7,+25.2,NB	+2.46,+268.6,+25.3,GB	
1700532889.4140737	+2.78,+244.5,+19.4,OB	+2.84,+241.5,+19.9,DB	+6.68,+18.3,+20.0,IA	+2.43,+270.5,+25.6,MB	+2.27,+279.2,+25.2,EB	+2.44,+269.5,+25.4,@B	
1700532951.423588	+2.78,+244.6,+19.4,LB	+2.84,+241.6,+19.9,GB	+6.69,+18.2,+20.0,IA	+2.42,+271.0,+25.6,HB	+2.28,+278.9,+25.2,@B	+2.45,+268.7,+25.4,BB	
1700533013.4327316	+2.78,+244.6,+19.4,LB	+2.84,+241.5,+19.9,DB	+6.69,+18.3,+20.0,HA	+2.44,+269.9,+25.6,NB	+2.27,+279.4,+25.2,CB	+2.44,+269.6,+25.4,CB	
1700533075.4426177	+2.78,+244.6,+19.4,LB	+2.84,+241.5,+19.9,DB	+6.69,+18.3,+20.0,HA	+2.42,+271.0,+25.6,HB	+2.28,+278.6,+25.2,OB	+2.46,+268.2,+25.4,DB	
1700533137.4520586	+2.78,+244.6,+19.4,LB	+2.84,+241.6,+19.9,GB	+6.69,+18.3,+20.0,HA	+2.44,+269.8,+25.6,OB	+2.28,+279.1,+25.2,IB	+2.45,+269.2,+25.4,FB	
1700533199.4601328	+2.78,+244.6,+19.4,LB	+2.84,+241.6,+19.9,GB	+6.69,+18.2,+20.0,IA	+2.43,+270.4,+25.5,OB	+2.27,+279.4,+25.2,CB	+2.43,+269.9,+25.4,KB	
1700533261.4713783	+2.78,+244.6,+19.4,LB	+2.84,+241.6,+19.9,GB	+6.68,+18.3,+20.0,IA	+2.43,+270.5,+25.5,NB	+2.27,+279.4,+25.2,CB	+2.43,+269.9,+25.4,KB	
1700533323.4809773	+2.78,+244.6,+19.4,LB	+2.84,+241.6,+19.9,GB	+6.69,+18.2,+20.0,IA	+2.42,+271.0,+25.6,HB	+2.28,+278.7,+25.2,NB	+2.46,+268.3,+25.4,EB	
1700533385.4921203	+2.78,+244.6,+19.4,LB	+2.84,+241.6,+19.9,GB	+6.69,+18.3,+20.0,HA	+2.42,+271.0,+25.6,HB	+2.28,+278.7,+25.2,NB	+2.46,+268.4,+25.3,EB	
1700533447.5011387	+2.78,+244.6,+19.4,LB	+2.84,+241.6,+19.9,GB	+6.69,+18.3,+20.0,HA	+2.44,+269.8,+25.5,LB	+2.27,+279.2,+25.2,EB	+2.44,+269.6,+25.4,CB	
1700533509.5099251	+2.78,+244.7,+19.4,MB	+2.84,+241.7,+19.9,FB	+6.68,+18.3,+20.0,IA	+2.43,+270.3,+25.6,KB	+2.28,+278.7,+25.2,NB	+2.46,+268.5,+25.4,CB	
1700533571.518582	+2.78,+244.6,+19.4,LB	+2.84,+241.6,+19.9,GB	+6.69,+18.3,+20.0,HA	+2.42,+271.0,+25.6,HB	+2.27,+279.5,+25.2,BB	+2.44,+269.5,+25.4,@B	
1700533633.5276217	+2.78,+244.6,+19.4,LB	+2.84,+241.6,+19.9,GB	+6.68,+18.3,+20.0,IA	+2.44,+269.7,+25.6,@B	+2.28,+279.0,+25.2,HB	+2.45,+269.2,+25.4,FB	
1700533695.536077	+2.78,+244.6,+19.4,LB	+2.83,+241.7,+19.9,AB	+6.69,+18.2,+20.0,IA	+2.43,+270.5,+25.6,MB	+2.27,+279.5,+25.2,BB	+2.44,+269.7,+25.3,EB	
1700533757.5447478	+2.78,+244.7,+19.4,MB	+2.84,+241.6,+19.9,GB	+6.69,+18.3,+20.0,HA	+2.41,+271.2,+25.5,JB	+2.27,+279.1,+25.2,FB	+2.46,+268.6,+25.4,@B	
1700533819.5548239	+2.78,+244.6,+19.4,LB	+2.84,+241.6,+19.9,GB	+6.69,+18.3,+20.0,HA	+2.44,+269.9,+25.5,MB	+2.28,+278.8,+25.2,AB	+2.45,+268.8,+25.4,MB	
1700533881.5660508	+2.78,+244.7,+19.4,MB	+2.84,+241.6,+19.9,GB	+6.68,+18.3,+20.0,IA	+2.43,+270.3,+25.5,HB	+2.28,+278.7,+25.2,NB	+2.46,+268.2,+25.4,DB	
1700533943.575497	+2.78,+244.7,+19.4,MB	+2.84,+241.7,+19.9,FB	+6.69,+18.2,+20.0,IA	+2.42,+270.8,+25.6,AB	+2.28,+278.9,+25.2,@B	+2.46,+268.1,+25.4,GB	
1700534005.585547	+2.78,+244.7,+19.4,MB	+2.84,+241.7,+19.9,FB	+6.68,+18.3,+20.0,IA	+2.43,+270.1,+25.5,JB	+2.28,+278.8,+25.2,AB	+2.45,+269.0,+25.4,DB	
1700534067.5940945	+2.78,+244.7,+19.4,MB	+2.83,+241.7,+19.9,AB	+6.68,+18.3,+20.1,HA	+2.43,+270.5,+25.6,MB	+2.28,+278.8,+25.2,AB	+2.46,+268.3,+25.4,EB	
1700534129.604426	+2.78,+244.7,+19.4,MB	+2.83,+241.7,+19.9,AB	+6.68,+18.3,+20.0,IA	+2.43,+270.1,+25.6,IB	+2.28,+278.6,+25.2,OB	+2.45,+268.8,+25.4,MB	
1700534191.6151404	+2.78,+244.7,+19.4,MB	+2.83,+241.7,+19.9,AB	+6.68,+18.4,+20.0,NA	+2.41,+271.3,+25.5,KB	+2.27,+279.3,+25.2,DB	+2.45,+268.8,+25.4,MB	
1700534253.6249695	+2.78,+244.7,+19.4,MB	+2.83,+241.7,+19.9,AB	+6.68,+18.3,+20.0,IA	+2.42,+271.0,+25.6,HB	+2.28,+279.1,+25.2,IB	+2.46,+268.5,+25.3,DB	
1700534315.6343505	+2.78,+244.7,+19.4,MB	+2.83,+241.7,+19.9,AB	+6.69,+18.3,+20.0,HA	+2.42,+270.9,+25.6,@B	+2.27,+279.3,+25.2,DB	+2.43,+270.1,+25.3,LB	
1700534377.6431508	+2.78,+244.6,+19.4,LB	+2.84,+241.7,+19.9,FB	+6.69,+18.3,+20.0,HA	+2.41,+271.5,+25.6,NB	+2.27,+279.5,+25.2,BB	+2.44,+269.7,+25.3,EB	
1700534439.6516383	+2.78,+244.7,+19.4,MB	+2.83,+241.7,+19.9,AB	+6.68,+18.3,+20.0,IA	+2.42,+270.8,+25.5,BB	+2.27,+279.2,+25.2,EB	+2.46,+268.6,+25.4,@B	
1700534501.6607053	+2.78,+244.7,+19.4,MB	+2.83,+241.7,+19.9,AB	+6.69,+18.3,+20.0,HA	+2.43,+270.2,+25.6,JB	+2.28,+278.8,+25.2,AB	+2.44,+269.3,+25.4,FB	
1700534563.6679685	+2.78,+244.6,+19.4,LB	+2.83,+241.7,+19.9,AB	+6.68,+18.3,+20.0,IA	+2.42,+270.9,+25.6,@B	+2.28,+279.1,+25.2,IB	+2.43,+270.2,+25.4,HB	
1700534625.6776857	+2.78,+244.7,+19.4,MB	+2.83,+241.7,+19.9,AB	+6.68,+18.4,+20.0,NA	+2.41,+271.4,+25.6,OB	+2.27,+279.4,+25.2,CB	+2.43,+270.0,+25.4,JB	
1700534687.6852033	+2.78,+244.7,+19.4,MB	+2.83,+241.7,+19.9,AB	+6.68,+18.4,+20.0,NA	+2.43,+270.0,+25.5,KB	+2.28,+278.9,+25.2,@B	+2.45,+269.0,+25.3,CB	
1700534749.6921005	+2.78,+244.7,+19.4,MB	+2.83,+241.7,+19.9,AB	+6.68,+18.3,+20.0,IA	+2.41,+271.5,+25.6,NB	+2.27,+279.5,+25.2,BB	+2.44,+269.5,+25.4,@B	
1700534811.7023864	+2.78,+244.7,+19.4,MB	+2.83,+241.7,+19.9,AB	+6.68,+18.3,+20.0,IA	+2.43,+270.3,+25.5,HB	+2.28,+278.8,+25.2,AB	+2.45,+269.2,+25.4,FB	
1700534873.709762	+2.78,+244.7,+19.4,MB	+2.83,+241.8,+19.9,NB	+6.69,+18.2,+20.0,IA	+2.43,+270.3,+25.6,KB	+2.27,+279.1,+25.2,FB	+2.46,+268.5,+25.3,DB	
1700534935.7137268	+2.78,+244.8,+19.4,BB	+2.83,+241.7,+19.9,AB	+6.68,+18.3,+20.0,IA	+2.41,+271.3,+25.6,HB	+2.27,+279.7,+25.2,@B	+2.45,+269.0,+25.4,DB	
1700534997.7228901	+2.78,+244.7,+19.4,MB	+2.83,+241.7,+19.9,AB	+6.68,+18.3,+20.0,IA	+2.43,+270.2,+25.6,JB	+2.27,+279.2,+25.2,EB	+2.46,+268.6,+25.4,@B	
1700535059.73275	+2.78,+244.7,+19.4,MB	+2.83,+241.7,+19.9,AB	+6.68,+18.3,+20.0,IA	+2.41,+271.6,+25.6,MB	+2.27,+279.3,+25.2,DB	+2.43,+269.9,+25.4,KB	
1700535121.7417305	+2.78,+244.8,+19.4,BB	+2.83,+241.7,+19.9,AB	+6.68,+18.4,+20.0,NA	+2.44,+269.9,+25.6,NB	+2.28,+279.1,+25.2,IB	+2.45,+269.0,+25.4,DB	
1700535183.7517228	+2.77,+244.8,+19.4,MB	+2.83,+241.7,+19.9,AB	+6.68,+18.4,+20.0,NA	+2.42,+270.9,+25.6,@B	+2.27,+279.7,+25.2,@B	+2.45,+269.0,+25.4,DB	
1700535245.7589884	+2.77,+244.8,+19.4,MB	+2.83,+241.7,+19.9,AB	+6.68,+18.4,+20.0,NA	+2.42,+271.1,+25.6,IB	+2.28,+279.1,+25.2,IB	+2.43,+270.0,+25.4,JB	
1700535307.7679963	+2.77,+244.8,+19.4,MB	+2.83,+241.8,+19.9,NB	+6.68,+18.3,+20.0,IA	+2.43,+270.4,+25.6,LB	+2.28,+278.9,+25.2,@B	+2.44,+269.7,+25.3,EB	
1700535369.7763946	+2.77,+244.8,+19.4,MB	+2.83,+241.8,+19.9,NB	+6.68,+18.3,+20.0,IA	+2.43,+270.4,+25.5,OB	+2.27,+279.6,+25.2,AB	+2.45,+269.0,+25.4,DB	
1700535431.78495	+2.77,+244.8,+19.4,MB	+2.83,+241.8,+19.9,NB	+6.68,+18.3,+20.0,IA	+2.43,+270.5,+25.6,MB	+2.26,+279.7,+25.2,AB	+2.45,+268.8,+25.3,JB	
1700535493.793661	+2.77,+244.8,+19.4,MB	+2.83,+241.8,+19.9,NB	+6.68,+18.4,+20.0,NA	+2.44,+270.0,+25.6,OB	+2.27,+279.5,+25.2,BB	+2.46,+268.4,+25.4,BB	
1700535555.799978	+2.77,+244.8,+19.4,MB	+2.83,+241.8,+19.9,NB	+6.68,+18.4,+20.0,NA	+2.41,+271.4,+25.6,OB	+2.27,+279.2,+25.2,EB	+2.44,+269.8,+25.4,MB	
1700535617.8088331	+2.77,+244.8,+19.4,MB	+2.83,+241.8,+19.9,NB	+6.68,+18.3,+20.0,IA	+2.41,+271.3,+25.6,HB	+2.27,+279.1,+25.2,FB	+2.44,+269.8,+25.4,MB	
1700535679.8164387	+2.77,+244.9,+19.4,LB	+2.83,+241.9,+19.9,OB	+6.68,+18.4,+20.0,NA	+2.42,+270.7,+25.5,MB	+2.26,+279.7,+25.2,AB	+2.45,+268.8,+25.4,MB	
1700535741.826152	+2.77,+244.8,+19.4,MB	+2.83,+241.8,+19.9,NB	+6.68,+18.4,+20.0,NA	+2.41,+271.6,+25.6,MB	+2.28,+279.0,+25.2,HB	+2.44,+269.7,+25.3,EB	
1700535803.8359244	+2.77,+244.8,+19.4,MB	+2.83,+241.8,+19.9,NB	+6.68,+18.3,+20.0,IA	+2.41,+271.5,+25.5,MB	+2.28,+278.9,+25.2,@B	+2.44,+269.8,+25.4,MB	
1700535865.8433533	+2.77,+244.8,+19.4,MB	+2.83,+241.8,+19.9,NB	+6.68,+18.4,+20.0,NA	+2.41,+271.3,+25.6,HB	+2.28,+279.0,+25.2,HB	+2.44,+269.8,+25.4,MB	
1700535927.8532867	+2.77,+244.8,+19.4,MB	+2.83,+241.8,+19.9,NB	+6.68,+18.4,+20.0,NA	+2.43,+270.3,+25.6,KB	+2.27,+279.7,+25.2,@B	+2.46,+268.2,+25.4,DB	
1700535989.8593447	+2.77,+244.9,+19.4,LB	+2.83,+241.8,+19.9,NB	+6.68,+18.4,+20.1,OA	+2.43,+270.4,+25.6,LB	+2.27,+279.5,+25.2,BB	+2.46,+268.6,+25.4,@B	
1700536051.8679438	+2.77,+244.9,+19.4,LB	+2.83,+241.7,+19.9,AB	+6.68,+18.4,+20.1,OA	+2.43,+270.5,+25.5,NB	+2.26,+279.7,+25.2,AB	+2.46,+268.3,+25.4,EB	
1700536113.876489	+2.77,+244.9,+19.5,MB	+2.84,+241.6,+19.9,GB	+6.68,+18.4,+20.1,OA	+2.41,+271.4,+25.6,OB	+2.27,+279.3,+25.2,DB	+2.45,+269.1,+25.4,EB	
1700536175.8841841	+2.77,+244.9,+19.4,LB	+2.84,+241.6,+19.9,GB	+6.68,+18.4,+20.1,OA	+2.41,+271.2,+25.6,IB	+2.27,+279.5,+25.2,BB	+2.46,+268.3,+25.4,EB	
1700536237.8954635	+2.77,+244.9,+19.4,LB	+2.83,+241.7,+19.9,AB	+6.68,+18.4,+20.1,OA	+2.40,+271.8,+25.6,BB	+2.28,+279.1,+25.2,IB	+2.45,+268.8,+25.4,MB	
1700536299.9044278	+2.77,+244.9,+19.4,LB	+2.83,+241.7,+19.9,AB	+6.68,+18.4,+20.1,OA	+2.40,+271.8,+25.5,AB	+2.28,+279.0,+25.2,HB	+2.46,+268.6,+25.3,GB	
1700536361.9125376	+2.77,+244.9,+19.4,LB	+2.83,+241.8,+19.9,NB	+6.68,+18.4,+20.1,OA	+2.42,+270.7,+25.6,NB	+2.26,+279.8,+25.2,NB	+2.48,+266.9,+25.3,HB	
1700536607.520613	+2.77,+244.9,+19.4,LB	+2.83,+241.8,+19.9,NB	+6.68,+18.4,+20.1,OA	+2.42,+271.0,+25.6,HB	+2.26,+279.8,+25.2,NB	+2.47,+267.5,+25.4,MB	
1700536669.5273411	+2.77,+244.9,+19.5,MB	+2.83,+241.8,+19.9,NB	+6.68,+18.3,+20.1,HA	+2.41,+271.6,+25.6,MB	+2.27,+279.3,+25.2,DB	+2.46,+268.4,+25.3,EB	
1700536731.5359669	+2.77,+244.9,+19.4,LB	+2.83,+241.9,+19.9,OB	+6.68,+18.4,+20.1,OA	+2.41,+271.2,+25.6,IB	+2.27,+279.7,+25.2,@B	+2.47,+267.6,+25.3,IB	
1700536793.542225	+2.77,+244.9,+19.4,LB	+2.83,+241.8,+19.9,NB	+6.68,+18.4,+20.1,OA	+2.41,+271.3,+25.6,HB	+2.27,+279.6,+25.2,AB	+2.47,+267.9,+25.3,FB	
1700536855.5528784	+2.77,+245.0,+19.4,DB	+2.83,+241.8,+19.9,NB	+6.68,+18.4,+20.1,OA	+2.42,+271.0,+25.5,KB	+2.27,+279.2,+25.2,EB	+2.48,+267.3,+25.3,CB	
1700536917.5624826	+2.77,+244.9,+19.4,LB	+2.83,+241.8,+19.9,NB	+6.68,+18.4,+20.1,OA	+2.41,+271.6,+25.6,MB	+2.28,+279.0,+25.2,HB	+2.46,+268.2,+25.4,DB	
1700536979.5713997	+2.77,+244.9,+19.4,LB	+2.83,+241.8,+19.9,NB	+6.68,+18.3,+20.1,HA	+2.41,+271.6,+25.6,MB	+2.28,+279.0,+25.2,HB	+2.46,+268.2,+25.3,CB	
1700537041.582324	+2.77,+244.9,+19.4,LB	+2.83,+241.8,+19.9,NB	+6.68,+18.4,+20.1,OA	+2.40,+272.0,+25.6,IB	+2.27,+279.4,+25.2,CB	+2.45,+268.7,+25.4,BB	
1700537103.5908763	+2.77,+244.8,+19.4,MB	+2.83,+241.8,+19.9,NB	+6.68,+18.4,+20.1,OA	+2.42,+270.8,+25.6,AB	+2.27,+279.7,+25.2,@B	+2.48,+267.1,+25.4,FB	
1700537165.6012554	+2.77,+244.9,+19.4,LB	+2.83,+241.8,+19.9,NB	+6.68,+18.3,+20.1,HA	+2.42,+270.6,+25.6,OB	+2.27,+279.5,+25.2,BB	+2.48,+267.0,+25.4,GB	
1700537227.6111467	+2.77,+244.9,+19.4,LB	+2.83,+241.9,+19.9,OB	+6.68,+18.3,+20.1,HA	+2.42,+270.7,+25.6,NB	+2.27,+279.6,+25.2,AB	+2.48,+267.3,+25.4,DB	
1700537289.6197996	+2.77,+244.9,+19.4,LB	+2.83,+241.9,+19.9,OB	+6.68,+18.4,+20.1,OA	+2.42,+271.1,+25.6,IB	+2.27,+279.6,+25.2,AB	+2.48,+267.5,+25.4,BB	
1700537351.6280591	+2.77,+244.9,+19.5,MB	+2.83,+241.9,+19.9,OB	+6.68,+18.4,+20.1,OA	+2.41,+271.5,+25.6,NB	+2.28,+279.0,+25.2,HB	+2.46,+268.3,+25.4,EB	
1700537413.6402545	+2.77,+244.9,+19.4,LB	+2.83,+241.8,+19.9,NB	+6.68,+18.4,+20.1,OA	+2.42,+271.0,+25.5,KB	+2.27,+279.3,+25.2,DB	+2.48,+267.2,+25.4,EB	
1700537475.650746	+2.77,+244.9,+19.5,MB	+2.83,+241.9,+19.9,OB	+6.68,+18.3,+20.1,HA	+2.40,+272.2,+25.5,HB	+2.26,+279.7,+25.2,AB	+2.45,+268.6,+25.3,DB	
1700537537.6590354	+2.77,+245.0,+19.4,DB	+2.83,+241.9,+19.9,OB	+6.68,+18.4,+20.1,OA	+2.40,+272.1,+25.6,HB	+2.27,+279.4,+25.2,CB	+2.45,+268.8,+25.4,MB	
1700537599.668357	+2.77,+244.9,+19.4,LB	+2.83,+241.9,+19.9,OB	+6.68,+18.4,+20.1,OA	+2.41,+271.3,+25.6,HB	+2.28,+279.0,+25.2,HB	+2.47,+267.9,+25.3,FB	
1700537661.6760814	+2.77,+245.0,+19.4,DB	+2.83,+241.9,+19.9,OB	+6.69,+18.3,+20.1,IA	+2.41,+271.5,+25.5,MB	+2.27,+279.1,+25.2,FB	+2.46,+268.2,+25.4,DB	
1700537723.6820002	+2.77,+245.0,+19.4,DB	+2.83,+241.9,+19.9,OB	+6.68,+18.4,+20.1,OA	+2.41,+271.7,+25.5,OB	+2.26,+279.8,+25.2,NB	+2.47,+268.0,+25.4,GB	
1700537785.6909409	+2.77,+245.0,+19.4,DB	+2.83,+241.9,+19.9,OB	+6.68,+18.5,+20.1,NA	+2.40,+272.0,+25.6,IB	+2.27,+279.5,+25.2,BB	+2.45,+268.9,+25.4,LB	
1700537847.698389	+2.77,+245.0,+19.5,EB	+2.83,+241.9,+19.9,OB	+6.68,+18.4,+20.1,OA	+2.42,+271.1,+25.6,IB	+2.28,+279.1,+25.2,IB	+2.47,+267.6,+25.4,NB	
1700537909.7085996	+2.77,+245.0,+19.5,EB	+2.83,+241.9,+19.9,OB	+6.68,+18.4,+20.1,OA	+2.40,+272.0,+25.5,JB	+2.27,+279.5,+25.2,BB	+2.45,+269.0,+25.4,DB	
1700537971.7180655	+2.77,+245.0,+19.4,DB	+2.83,+241.9,+19.9,OB	+6.68,+18.3,+20.1,HA	+2.40,+272.2,+25.5,HB	+2.26,+279.8,+25.2,NB	+2.45,+269.0,+25.4,DB	
1700538033.7287538	+2.77,+244.9,+19.5,MB	+2.83,+242.0,+19.9,EB	+6.68,+18.4,+20.1,OA	+2.40,+272.3,+25.6,JB	+2.27,+279.7,+25.2,@B	+2.45,+269.1,+25.4,EB	
1700538095.737891	+2.77,+245.0,+19.5,EB	+2.83,+242.0,+19.9,EB	+6.68,+18.3,+20.1,HA	+2.42,+271.1,+25.5,JB	+2.28,+279.0,+25.2,HB	+2.47,+267.7,+25.3,HB	
1700538157.7452207	+2.77,+245.0,+19.5,EB	+2.83,+241.9,+19.9,OB	+6.68,+18.4,+20.1,OA	+2.42,+271.1,+25.6,IB	+2.28,+279.1,+25.2,IB	+2.47,+267.9,+25.4,AB	
1700538219.75313	+2.77,+245.0,+19.5,EB	+2.83,+242.0,+19.9,EB	+6.68,+18.4,+20.1,OA	+2.42,+271.0,+25.6,HB	+2.28,+279.1,+25.2,IB	+2.48,+267.4,+25.4,CB	
1700538281.7654521	+2.77,+245.0,+19.4,DB	+2.83,+242.0,+19.9,EB	+6.68,+18.4,+20.1,OA	+2.41,+271.3,+25.5,KB	+2.27,+279.5,+25.2,BB	+2.45,+268.8,+25.3,JB	
1700538343.7741072	+2.77,+245.0,+19.5,EB	+2.83,+241.9,+19.9,OB	+6.68,+18.4,+20.1,OA	+2.42,+270.8,+25.5,BB	+2.27,+279.3,+25.2,DB	+2.46,+268.2,+25.4,DB	
1700538405.7855957	+2.77,+245.0,+19.4,DB	+2.83,+241.9,+19.9,OB	+6.68,+18.3,+20.1,HA	+2.42,+270.8,+25.6,AB	+2.28,+279.1,+25.2,IB	+2.47,+267.9,+25.4,AB	
1700538467.7934353	+2.77,+245.1,+19.5,DB	+2.83,+242.0,+19.9,EB	+6.68,+18.4,+20.1,OA	+2.42,+270.7,+25.6,NB	+2.28,+279.1,+25.2,IB	+2.47,+267.8,+25.4,@B	
1700538529.798672	+2.77,+245.1,+19.5,DB	+2.83,+241.9,+19.9,OB	+6.68,+18.3,+20.1,HA	+2.42,+271.0,+25.6,HB	+2.28,+279.0,+25.2,HB	+2.47,+267.5,+25.4,MB	
1700538591.8105657	+2.77,+245.1,+19.5,DB	+2.83,+241.9,+19.9,OB	+6.68,+18.3,+20.1,HA	+2.42,+270.9,+25.6,@B	+2.27,+279.3,+25.2,DB	+2.46,+268.1,+25.4,GB	
1700538653.8171966	+2.77,+245.1,+19.5,DB	+2.83,+242.0,+19.9,EB	+6.68,+18.4,+20.1,OA	+2.41,+271.4,+25.5,LB	+2.28,+279.0,+25.2,HB	+2.47,+267.6,+25.4,NB	
1700538715.8280394	+2.77,+245.1,+19.5,DB	+2.83,+242.0,+19.9,EB	+6.68,+18.4,+20.1,OA	+2.41,+271.6,+25.5,NB	+2.26,+279.7,+25.2,AB	+2.45,+268.9,+25.4,LB	
1700538777.8386004	+2.77,+245.1,+19.5,DB	+2.83,+242.0,+19.9,EB	+6.68,+18.4,+20.1,OA	+2.41,+271.7,+25.6,LB	+2.26,+279.9,+25.2,OB	+2.45,+269.1,+25.3,BB	
1700538839.8480792	+2.77,+245.1,+19.5,DB	+2.83,+242.0,+19.9,EB	+6.68,+18.4,+20.1,OA	+2.42,+271.0,+25.6,HB	+2.27,+279.5,+25.2,BB	+2.46,+268.2,+25.3,CB	
1700538901.8574393	+2.77,+245.1,+19.5,DB	+2.83,+242.0,+19.9,EB	+6.68,+18.4,+20.1,OA	+2.42,+270.9,+25.6,@B	+2.27,+279.5,+25.2,BB	+2.46,+268.2,+25.3,CB	
1700538963.8673065	+2.77,+245.1,+19.5,DB	+2.83,+242.0,+19.9,EB	+6.68,+18.4,+20.1,OA	+2.40,+271.9,+25.6,CB	+2.26,+279.9,+25.2,OB	+2.44,+269.3,+25.3,AB	
1700539025.878839	+2.77,+245.1,+19.5,DB	+2.83,+242.0,+19.9,EB	+6.68,+18.4,+20.1,OA	+2.41,+271.2,+25.6,IB	+2.26,+279.9,+25.2,OB	+2.45,+269.1,+25.3,BB	
1700539087.8885	+2.77,+245.1,+19.5,DB	+2.83,+242.0,+19.9,EB	+6.68,+18.5,+20.1,NA	+2.40,+271.9,+25.6,CB	+2.26,+279.9,+25.2,OB	+2.45,+269.2,+25.4,FB	
1700539149.8988056	+2.77,+245.1,+19.5,DB	+2.83,+242.1,+19.9,DB	+6.68,+18.4,+20.1,OA	+2.42,+271.0,+25.5,KB	+2.26,+279.8,+25.2,NB	+2.45,+268.7,+25.4,BB	
1700539211.9094496	+2.77,+245.1,+19.5,DB	+2.83,+242.0,+19.9,EB	+6.68,+18.4,+20.1,OA	+2.40,+272.0,+25.6,IB	+2.26,+279.8,+25.2,NB	+2.45,+269.2,+25.4,FB	
1700539273.918662	+2.77,+245.2,+19.5,GB	+2.83,+242.0,+19.9,EB	+6.68,+18.4,+20.1,OA	+2.40,+272.3,+25.6,JB	+2.27,+279.2,+25.2,EB	+2.46,+268.1,+25.3,@B	
1700539335.9303799	+2.77,+245.2,+19.5,GB	+2.83,+242.1,+19.9,DB	+6.68,+18.4,+20.1,OA	+2.41,+271.5,+25.5,MB	+2.27,+279.3,+25.2,DB	+2.47,+267.6,+25.4,NB	
1700539397.9409862	+2.77,+245.1,+19.5,DB	+2.83,+242.1,+19.9,DB	+6.68,+18.4,+20.1,OA	+2.40,+272.1,+25.5,KB	+2.27,+279.5,+25.2,BB	+2.45,+268.8,+25.4,MB	
1700539459.949227	+2.77,+245.1,+19.5,DB	+2.83,+242.1,+19.9,DB	+6.68,+18.4,+20.1,OA	+2.41,+271.5,+25.5,MB	+2.26,+279.8,+25.2,NB	+2.44,+269.3,+25.4,FB	
1700539521.9596634	+2.77,+245.2,+19.4,FB	+2.83,+242.1,+20.0,GB	+6.68,+18.4,+20.1,OA	+2.41,+271.7,+25.6,LB	+2.27,+279.6,+25.2,AB	+2.45,+269.1,+25.4,EB	
1700539583.96974	+2.77,+245.1,+19.5,DB	+2.83,+242.1,+20.0,GB	+6.68,+18.4,+20.1,OA	+2.42,+271.1,+25.6,IB	+2.26,+279.9,+25.2,OB	+2.45,+269.1,+25.3,BB	
1700539645.980466	+2.77,+245.1,+19.5,DB	+2.83,+242.1,+20.0,GB	+6.68,+18.3,+20.1,HA	+2.42,+271.1,+25.5,JB	+2.27,+279.6,+25.2,AB	+2.47,+267.8,+25.4,@B	
1700539707.9899461	+2.77,+245.2,+19.5,GB	+2.83,+242.1,+19.9,DB	+6.68,+18.4,+20.1,OA	+2.40,+272.0,+25.5,JB	+2.27,+279.2,+25.2,EB	+2.46,+268.1,+25.3,@B	
1700539769.9997888	+2.77,+245.2,+19.5,GB	+2.83,+242.1,+19.9,DB	+6.68,+18.4,+20.1,OA	+2.41,+271.6,+25.5,NB	+2.27,+279.7,+25.2,@B	+2.44,+269.3,+25.4,FB	
1700539832.008975	+2.77,+245.2,+19.5,GB	+2.83,+242.1,+20.0,GB	+6.68,+18.4,+20.1,OA	+2.40,+272.0,+25.6,IB	+2.27,+279.4,+25.2,CB	+2.47,+267.8,+25.4,@B	
1700539894.0194259	+2.77,+245.2,+19.5,GB	+2.83,+242.1,+19.9,DB	+6.68,+18.4,+20.1,OA	+2.41,+271.3,+25.5,KB	+2.27,+279.6,+25.2,AB	+2.47,+267.8,+25.4,@B	
1700539956.0282514	+2.77,+245.2,+19.5,GB	+2.83,+242.1,+20.0,GB	+6.68,+18.4,+20.1,OA	+2.41,+271.5,+25.6,NB	+2.27,+279.2,+25.2,EB	+2.45,+268.8,+25.3,JB	
1700540018.037128	+2.77,+245.2,+19.4,FB	+2.83,+242.1,+19.9,DB	+6.68,+18.4,+20.1,OA	+2.43,+270.4,+25.5,OB	+2.26,+280.0,+25.2,@B	+2.46,+268.4,+25.4,BB	
1700540080.0479763	+2.77,+245.2,+19.4,FB	+2.83,+242.2,+19.9,GB	+6.68,+18.5,+20.1,NA	+2.43,+270.3,+25.6,KB	+2.26,+280.1,+25.2,AB	+2.46,+268.4,+25.3,EB	
1700540142.0586026	+2.77,+245.2,+19.5,GB	+2.83,+242.1,+20.0,GB	+6.68,+18.4,+20.1,OA	+2.41,+271.3,+25.6,HB	+2.27,+279.7,+25.2,@B	+2.47,+267.8,+25.4,@B	
1700540204.0696607	+2.77,+245.2,+19.5,GB	+2.83,+242.2,+19.9,GB	+6.68,+18.5,+20.1,NA	+2.42,+270.6,+25.5,LB	+2.26,+280.0,+25.2,@B	+2.46,+268.3,+25.3,BB	
1700540449.6394277	+2.77,+245.2,+19.5,GB	+2.83,+242.2,+19.9,GB	+6.68,+18.4,+20.1,OA	+2.42,+270.7,+25.6,NB	+2.26,+280.0,+25.2,@B	+2.46,+268.1,+25.4,GB	
1700540511.6504502	+2.77,+245.2,+19.5,GB	+2.83,+242.2,+20.0,DB	+6.68,+18.4,+20.1,OA	+2.41,+271.7,+25.5,OB	+2.26,+279.8,+25.2,NB	+2.44,+269.5,+25.3,GB	
1700540573.6594577	+2.77,+245.2,+19.5,GB	+2.83,+242.2,+20.0,DB	+6.68,+18.4,+20.1,OA	+2.42,+270.8,+25.6,AB	+2.26,+280.1,+25.2,AB	+2.45,+268.9,+25.3,KB	
1700540635.6692379	+2.77,+245.3,+19.5,FB	+2.83,+242.2,+20.0,DB	+6.68,+18.4,+20.1,OA	+2.42,+270.7,+25.5,MB	+2.26,+280.0,+25.2,@B	+2.46,+268.6,+25.4,@B	
1700540697.6801164	+2.77,+245.2,+19.5,GB	+2.83,+242.2,+19.9,GB	+6.68,+18.4,+20.1,OA	+2.41,+271.3,+25.6,HB	+2.26,+280.0,+25.2,@B	+2.44,+269.5,+25.3,GB	
1700540759.6901507	+2.77,+245.2,+19.5,GB	+2.83,+242.3,+20.0,EB	+6.68,+18.5,+20.1,NA	+2.40,+271.9,+25.6,CB	+2.27,+279.5,+25.2,BB	+2.45,+269.2,+25.4,FB	
1700540821.6993513	+2.77,+245.2,+19.5,GB	+2.83,+242.2,+20.0,DB	+6.68,+18.4,+20.1,OA	+2.43,+270.2,+25.6,JB	+2.26,+279.7,+25.2,AB	+2.46,+268.4,+25.4,BB	
1700540883.7080667	+2.77,+245.2,+19.5,GB	+2.83,+242.3,+19.9,FB	+6.68,+18.4,+20.1,OA	+2.43,+270.3,+25.6,KB	+2.26,+279.9,+25.2,OB	+2.45,+268.8,+25.3,JB	
1700540945.7188349	+2.77,+245.3,+19.5,FB	+2.83,+242.2,+19.9,GB	+6.68,+18.4,+20.1,OA	+2.42,+270.7,+25.5,MB	+2.27,+279.5,+25.2,BB	+2.46,+268.1,+25.4,GB	
1700541007.7282422	+2.77,+245.3,+19.5,FB	+2.82,+242.3,+19.9,GB	+6.68,+18.4,+20.1,OA	+2.43,+270.6,+25.6,NB	+2.26,+279.8,+25.2,NB	+2.45,+268.7,+25.3,EB	
1700541069.7379165	+2.77,+245.3,+19.5,FB	+2.83,+242.2,+20.0,DB	+6.68,+18.4,+20.1,OA	+2.42,+270.9,+25.6,@B	+2.26,+280.0,+25.2,@B	+2.45,+269.2,+25.4,FB	
1700541131.747181	+2.77,+245.4,+19.5,AB	+2.83,+242.3,+19.9,FB	+6.68,+18.4,+20.1,OA	+2.41,+271.2,+25.5,JB	+2.27,+279.4,+25.2,CB	+2.46,+268.3,+25.4,EB	
1700541193.7570212	+2.77,+245.3,+19.5,FB	+2.82,+242.3,+19.9,GB	+6.68,+18.4,+20.1,OA	+2.40,+271.8,+25.6,BB	+2.26,+280.2,+25.2,BB	+2.43,+269.8,+25.4,JB	
1700541255.7654133	+2.77,+245.3,+19.4,GB	+2.83,+242.3,+19.9,FB	+6.68,+18.4,+20.1,OA	+2.42,+271.0,+25.5,KB	+2.26,+279.8,+25.2,NB	+2.45,+268.9,+25.4,LB	
1700541317.7758584	+2.77,+245.3,+19.5,FB	+2.83,+242.3,+19.9,FB	+6.68,+18.5,+20.1,NA	+2.41,+271.7,+25.5,OB	+2.26,+280.2,+25.2,BB	+2.44,+269.7,+25.4,BB	
1700541379.7847424	+2.77,+245.3,+19.5,FB	+2.83,+242.3,+19.9,FB	+6.68,+18.4,+20.1,OA	+2.42,+271.1,+25.5,JB	+2.27,+279.3,+25.2,DB	+2.47,+268.1,+25.4,FB	
1700541441.7930317	+2.77,+245.3,+19.5,FB	+2.83,+242.3,+19.9,FB	+6.68,+18.5,+20.1,NA	+2.41,+271.4,+25.6,OB	+2.27,+279.5,+25.2,BB	+2.46,+268.2,+25.4,DB	
1700541503.8037117	+2.77,+245.3,+19.5,FB	+2.83,+242.2,+19.9,GB	+6.68,+18.5,+20.1,NA	+2.42,+271.0,+25.5,KB	+2.27,+279.5,+25.2,BB	+2.46,+268.4,+25.4,BB	
1700541565.812413	+2.77,+245.3,+19.5,FB	+2.83,+242.3,+19.9,FB	+6.68,+18.4,+20.1,OA	+2.40,+271.9,+25.5,@B	+2.26,+280.2,+25.2,BB	+2.44,+269.6,+25.4,CB	
1700541627.8228962	+2.77,+245.3,+19.5,FB	+2.83,+242.3,+19.9,FB	+6.68,+18.4,+20.1,OA	+2.40,+272.3,+25.5,IB	+2.26,+280.3,+25.2,CB	+2.44,+269.7,+25.4,BB	
1700541689.831654	+2.77,+245.3,+19.5,FB	+2.82,+242.3,+20.0,DB	+6.68,+18.4,+20.1,OA	+2.40,+272.1,+25.6,HB	+2.26,+280.2,+25.2,BB	+2.45,+269.1,+25.4,EB	
1700541751.8390386	+2.76,+245.3,+19.4,FB	+2.83,+242.3,+19.9,FB	+6.68,+18.5,+20.1,NA	+2.40,+272.2,+25.6,KB	+2.26,+280.2,+25.2,BB	+2.45,+269.0,+25.4,DB	
1700541813.8497176	+2.77,+245.3,+19.5,FB	+2.83,+242.3,+19.9,FB	+6.68,+18.4,+20.1,OA	+2.40,+272.3,+25.5,IB	+2.26,+280.3,+25.2,CB	+2.44,+269.5,+25.3,GB	
1700541875.8608997	+2.76,+245.4,+19.5,@B	+2.82,+242.3,+19.9,GB	+6.68,+18.4,+20.1,OA	+2.39,+272.4,+25.6,CB	+2.26,+280.2,+25.2,BB	+2.45,+269.2,+25.4,FB	
1700541937.8698509	+2.77,+245.4,+19.5,AB	+2.82,+242.3,+19.9,GB	+6.68,+18.4,+20.1,OA	+2.41,+271.3,+25.6,HB	+2.27,+279.7,+25.2,@B	+2.46,+268.1,+25.3,@B	
1700541999.8807418	+2.77,+245.4,+19.5,AB	+2.82,+242.3,+19.9,GB	+6.68,+18.4,+20.1,OA	+2.40,+271.8,+25.5,AB	+2.26,+280.1,+25.2,AB	+2.45,+268.8,+25.4,MB	
1700542061.8892217	+2.77,+245.3,+19.4,GB	+2.82,+242.3,+19.9,GB	+6.68,+18.4,+20.1,OA	+2.39,+272.7,+25.5,CB	+2.26,+280.3,+25.2,CB	+2.44,+269.8,+25.4,MB	
1700542123.8994055	+2.76,+245.4,+19.4,AB	+2.82,+242.3,+20.0,DB	+6.68,+18.5,+20.1,NA	+2.41,+271.3,+25.6,HB	+2.27,+279.6,+25.2,AB	+2.46,+268.1,+25.4,GB	
1700542185.908016	+2.76,+245.4,+19.5,@B	+2.82,+242.3,+19.9,GB	+6.68,+18.4,+20.1,OA	+2.40,+272.3,+25.6,JB	+2.25,+280.4,+25.2,GB	+2.44,+269.4,+25.4,AB	
1700542247.9155498	+2.77,+245.3,+19.5,FB	+2.82,+242.4,+20.0,CB	+6.68,+18.4,+20.1,OA	+2.39,+272.5,+25.6,BB	+2.26,+280.0,+25.2,@B	+2.44,+269.7,+25.4,BB	
1700542309.9234996	+2.76,+245.4,+19.5,@B	+2.82,+242.3,+20.0,DB	+6.68,+18.4,+20.1,OA	+2.40,+272.1,+25.6,HB	+2.27,+279.7,+25.2,@B	+2.45,+269.1,+25.4,EB	
1700542371.9371815	+2.76,+245.4,+19.5,@B	+2.82,+242.4,+19.9,@B	+6.68,+18.4,+20.1,OA	+2.40,+272.3,+25.6,JB	+2.26,+280.0,+25.2,@B	+2.44,+269.4,+25.4,AB	
1700542433.9474084	+2.76,+245.4,+19.5,@B	+2.82,+242.4,+19.9,@B	+6.68,+18.5,+20.1,NA	+2.39,+272.5,+25.5,AB	+2.26,+280.0,+25.2,@B	+2.44,+269.5,+25.3,GB	
1700542495.9560242	+2.76,+245.4,+19.5,@B	+2.82,+242.3,+19.9,GB	+6.68,+18.5,+20.1,NA	+2.39,+272.6,+25.5,BB	+2.26,+280.2,+25.2,BB	+2.44,+269.3,+25.4,FB	
1700542557.966057	+2.76,+245.4,+19.5,@B	+2.82,+242.3,+20.0,DB	+6.68,+18.5,+20.1,NA	+2.41,+271.7,+25.6,LB	+2.25,+280.3,+25.2,@B	+2.46,+268.3,+25.4,EB	
1700542619.9747028	+2.76,+245.5,+19.5,AB	+2.82,+242.4,+19.9,@B	+6.68,+18.5,+20.1,NA	+2.42,+270.9,+25.6,@B	+2.26,+279.9,+25.2,OB	+2.48,+267.3,+25.4,DB	
1700542681.9825099	+2.76,+245.4,+19.5,@B	+2.82,+242.4,+19.9,@B	+6.68,+18.5,+20.1,NA	+2.42,+271.1,+25.6,IB	+2.26,+280.2,+25.2,BB	+2.48,+267.4,+25.4,CB	
1700542743.992649	+2.76,+245.4,+19.5,@B	+2.82,+242.4,+19.9,@B	+6.68,+18.5,+20.1,NA	+2.40,+272.3,+25.5,IB	+2.26,+280.3,+25.2,CB	+2.45,+268.7,+25.4,BB	
1700542806.0022626	+2.76,+245.5,+19.5,AB	+2.82,+242.4,+19.9,@B	+6.68,+18.5,+20.1,NA	+2.41,+271.3,+25.5,KB	+2.25,+280.5,+25.2,FB	+2.47,+267.8,+25.4,@B	
1700542868.0121741	+2.76,+245.4,+19.5,@B	+2.82,+242.4,+19.9,@B	+6.68,+18.5,+20.1,NA	+2.42,+271.0,+25.5,KB	+2.26,+279.9,+25.2,OB	+2.48,+267.2,+25.4,EB	
1700542930.0221686	+2.76,+245.5,+19.5,AB	+2.82,+242.4,+19.9,@B	+6.68,+18.4,+20.1,OA	+2.40,+272.2,+25.6,KB	+2.26,+280.1,+25.2,AB	+2.45,+268.7,+25.4,BB	
1700542992.0321972	+2.76,+245.4,+19.5,@B	+2.82,+242.4,+19.9,@B	+6.68,+18.5,+20.1,NA	+2.40,+272.2,+25.5,HB	+2.26,+279.7,+25.2,AB	+2.46,+268.5,+25.3,DB	
1700543054.042042	+2.76,+245.4,+19.5,@B	+2.82,+242.4,+19.9,@B	+6.68,+18.5,+20.1,NA	+2.39,+272.4,+25.5,@B	+2.26,+279.9,+25.2,OB	+2.45,+268.8,+25.4,MB	
1700543116.050206	+2.76,+245.4,+19.5,@B	+2.82,+242.4,+19.9,@B	+6.68,+18.5,+20.1,NA	+2.41,+271.6,+25.5,NB	+2.26,+279.9,+25.2,OB	+2.47,+267.6,+25.4,NB	
1700543178.0604322	+2.76,+245.5,+19.5,AB	+2.82,+242.5,+20.0,BB	+6.68,+18.4,+20.1,OA	+2.41,+271.7,+25.5,OB	+2.26,+279.9,+25.2,OB	+2.47,+267.9,+25.4,AB	
1700543240.0724084	+2.76,+245.5,+19.5,AB	+2.82,+242.5,+19.9,AB	+6.68,+18.5,+20.1,NA	+2.41,+271.6,+25.5,NB	+2.26,+279.9,+25.2,OB	+2.47,+267.6,+25.4,NB	
1700543302.08091	+2.76,+245.5,+19.5,AB	+2.82,+242.4,+19.9,@B	+6.68,+18.5,+20.1,NA	+2.41,+271.2,+25.6,IB	+2.25,+280.6,+25.2,EB	+2.47,+267.7,+25.3,HB	
1700543364.0913591	+2.76,+245.5,+19.5,AB	+2.82,+242.5,+19.9,AB	+6.68,+18.5,+20.1,NA	+2.42,+271.1,+25.5,JB	+2.26,+280.3,+25.2,CB	+2.48,+267.4,+25.4,CB	
1700543426.1006403	+2.76,+245.5,+19.5,AB	+2.82,+242.4,+20.0,CB	+6.68,+18.5,+20.1,NA	+2.39,+272.4,+25.6,CB	+2.27,+279.7,+25.2,@B	+2.45,+269.1,+25.4,EB	
1700543488.1091704	+2.76,+245.5,+19.5,AB	+2.82,+242.4,+20.0,CB	+6.68,+18.5,+20.1,NA	+2.39,+272.6,+25.5,BB	+2.27,+279.6,+25.2,AB	+2.45,+269.1,+25.4,EB	
1700543550.1174524	+2.76,+245.5,+19.5,AB	+2.82,+242.4,+20.0,CB	+6.68,+18.5,+20.1,NA	+2.41,+271.7,+25.5,OB	+2.26,+280.1,+25.2,AB	+2.46,+268.6,+25.4,@B	
1700543612.1280005	+2.76,+245.5,+19.5,AB	+2.82,+242.4,+20.0,CB	+6.68,+18.5,+20.1,NA	+2.39,+272.4,+25.5,@B	+2.27,+279.6,+25.2,AB	+2.45,+268.9,+25.3,KB	
1700543674.1375635	+2.76,+245.5,+19.5,AB	+2.82,+242.4,+19.9,@B	+6.68,+18.5,+20.1,NA	+2.40,+272.0,+25.6,IB	+2.26,+279.9,+25.2,OB	+2.46,+268.2,+25.4,DB	
1700543736.1450598	+2.76,+245.5,+19.5,AB	+2.82,+242.3,+20.0,DB	+6.68,+18.5,+20.1,NA	+2.41,+271.5,+25.6,NB	+2.26,+280.2,+25.2,BB	+2.46,+268.6,+25.4,@B	
1700543798.155001	+2.76,+245.5,+19.5,AB	+2.82,+242.4,+19.9,@B	+6.68,+18.4,+20.1,OA	+2.39,+272.6,+25.6,AB	+2.27,+279.6,+25.2,AB	+2.44,+269.4,+25.3,FB	
1700543860.1659365	+2.76,+245.5,+19.5,AB	+2.82,+242.4,+20.0,CB	+6.68,+18.5,+20.1,NA	+2.41,+271.5,+25.6,NB	+2.26,+280.0,+25.2,@B	+2.46,+268.4,+25.3,EB	
1700543922.173539	+2.76,+245.5,+19.5,AB	+2.82,+242.4,+20.0,CB	+6.68,+18.5,+20.1,NA	+2.42,+270.7,+25.5,MB	+2.25,+280.4,+25.2,GB	+2.47,+267.6,+25.3,IB	
1700543984.1873527	+2.76,+245.5,+19.5,AB	+2.82,+242.4,+19.9,@B	+6.68,+18.4,+20.1,OA	+2.41,+271.5,+25.6,NB	+2.26,+280.2,+25.2,BB	+2.46,+268.3,+25.4,EB	
1700544046.197081	+2.76,+245.5,+19.5,AB	+2.82,+242.4,+20.0,CB	+6.68,+18.5,+20.1,NA	+2.41,+271.2,+25.6,IB	+2.26,+280.0,+25.2,@B	+2.45,+268.9,+25.4,LB	
1700544291.7772846	+2.76,+245.6,+19.5,BB	+2.82,+242.5,+20.0,BB	+6.68,+18.5,+20.1,NA	+2.42,+270.8,+25.6,AB	+2.25,+280.4,+25.2,GB	+2.46,+268.3,+25.4,EB	
1700544353.790052	+2.76,+245.6,+19.5,BB	+2.82,+242.5,+20.0,BB	+6.68,+18.5,+20.1,NA	+2.40,+272.1,+25.5,KB	+2.26,+279.9,+25.2,OB	+2.44,+269.4,+25.3,FB	
1700544415.7991753	+2.76,+245.7,+19.5,CB	+2.82,+242.5,+20.0,BB	+6.68,+18.5,+20.1,NA	+2.40,+271.9,+25.5,@B	+2.26,+279.8,+25.2,NB	+2.44,+269.4,+25.4,AB	
1700544477.8085358	+2.76,+245.6,+19.5,BB	+2.82,+242.4,+20.0,CB	+6.68,+18.5,+20.1,NA	+2.40,+271.9,+25.5,@B	+2.25,+280.7,+25.2,DB	+2.46,+268.1,+25.4,GB	
