62309060419	62309060427	62309060471	62309060472	62309060473	62309060475	
1701495209.9104345	+6.67,+19.2,+19.7,KA	+2.34,+270.6,+20.0,MB	+6.45,+31.8,+20.1,GA	+2.27,+279.7,+25.5,GB	+2.14,+287.1,+25.2,GB	+2.17,+285.5,+25.4,DB	
1701495271.91962	+6.67,+19.1,+19.7,HA	+2.34,+270.7,+20.0,LB	+6.45,+31.8,+20.1,GA	+2.26,+280.1,+25.5,FB	+2.13,+287.5,+25.2,DB	+2.16,+286.2,+25.4,AB	
1701495333.9266849	+6.67,+19.1,+19.7,HA	+2.34,+270.6,+20.0,MB	+6.45,+31.8,+20.1,GA	+2.27,+279.8,+25.5,HB	+2.14,+287.0,+25.2,FB	+2.17,+285.5,+25.4,DB	
1701495395.9349382	+6.67,+19.2,+19.7,KA	+2.34,+270.6,+20.0,MB	+6.45,+31.8,+20.2,DA	+2.27,+280.0,+25.6,EB	+2.14,+287.3,+25.2,EB	+2.17,+285.7,+25.4,FB	
1701495457.9443245	+6.67,+19.2,+19.7,KA	+2.34,+270.6,+20.0,MB	+6.45,+31.8,+20.2,DA	+2.27,+279.9,+25.6,JB	+2.14,+287.3,+25.2,EB	+2.16,+285.9,+25.4,IB	
1701495519.9516118	+6.67,+19.2,+19.7,KA	+2.34,+270.6,+20.0,MB	+6.45,+31.8,+20.2,DA	+2.29,+278.7,+25.5,HB	+2.14,+287.1,+25.2,GB	+2.15,+286.8,+25.4,HB	
1701495581.9604254	+6.67,+19.1,+19.7,HA	+2.34,+270.6,+20.0,MB	+6.45,+31.8,+20.2,DA	+2.27,+279.6,+25.6,EB	+2.13,+287.5,+25.2,DB	+2.15,+286.8,+25.3,OB	
1701495643.9693272	+6.67,+19.2,+19.7,KA	+2.34,+270.7,+20.0,LB	+6.45,+31.8,+20.2,DA	+2.29,+278.7,+25.5,HB	+2.14,+287.0,+25.2,FB	+2.15,+286.8,+25.3,OB	
1701495705.979064	+6.67,+19.1,+19.7,HA	+2.34,+270.6,+20.0,MB	+6.45,+31.8,+20.2,DA	+2.29,+278.9,+25.6,EB	+2.14,+287.2,+25.2,DB	+2.14,+287.0,+25.3,GB	
1701495767.9876633	+6.67,+19.2,+19.7,KA	+2.34,+270.7,+20.0,LB	+6.45,+31.9,+20.2,EA	+2.28,+279.1,+25.6,MB	+2.15,+286.8,+25.2,NB	+2.16,+286.1,+25.3,EB	
1701495829.9946232	+6.67,+19.1,+19.7,HA	+2.34,+270.6,+20.0,MB	+6.45,+31.8,+20.2,DA	+2.27,+280.0,+25.6,EB	+2.14,+287.3,+25.2,EB	+2.15,+286.6,+25.3,AB	
1701495892.003766	+6.67,+19.2,+19.7,KA	+2.34,+270.7,+20.0,LB	+6.45,+31.9,+20.2,EA	+2.28,+278.9,+25.5,GB	+2.14,+287.0,+25.2,FB	+2.15,+286.7,+25.3,@B	
1701495954.0139592	+6.67,+19.2,+19.7,KA	+2.34,+270.6,+20.1,LB	+6.45,+31.8,+20.2,DA	+2.27,+279.8,+25.5,HB	+2.13,+287.4,+25.2,EB	+2.15,+286.8,+25.4,HB	
1701496016.022319	+6.67,+19.1,+19.7,HA	+2.34,+270.7,+20.0,LB	+6.45,+31.8,+20.1,GA	+2.28,+279.2,+25.5,MB	+2.13,+287.5,+25.2,DB	+2.14,+287.2,+25.4,BB	
1701496078.0310535	+6.67,+19.1,+19.7,HA	+2.34,+270.7,+20.0,LB	+6.45,+31.9,+20.2,EA	+2.28,+279.4,+25.6,HB	+2.14,+286.8,+25.2,OB	+2.16,+285.9,+25.4,IB	
1701496140.03913	+6.67,+19.2,+19.8,DA	+2.34,+270.7,+20.1,MB	+6.45,+31.9,+20.2,EA	+2.28,+279.1,+25.6,MB	+2.13,+287.5,+25.2,DB	+2.14,+287.2,+25.3,EB	
1701496202.0468245	+6.67,+19.2,+19.7,KA	+2.34,+270.7,+20.0,LB	+6.45,+31.8,+20.2,DA	+2.27,+279.5,+25.5,EB	+2.14,+287.4,+25.2,BB	+2.14,+287.1,+25.3,FB	
1701496264.0534587	+6.67,+19.2,+19.7,KA	+2.34,+270.7,+20.1,MB	+6.45,+31.9,+20.2,EA	+2.28,+279.2,+25.6,NB	+2.13,+287.4,+25.2,EB	+2.14,+287.2,+25.3,EB	
1701496326.0611608	+6.67,+19.2,+19.7,KA	+2.34,+270.7,+20.1,MB	+6.45,+31.9,+20.2,EA	+2.26,+280.4,+25.6,@B	+2.15,+286.8,+25.2,NB	+2.16,+285.8,+25.4,HB	
1701496388.0663404	+6.67,+19.2,+19.7,KA	+2.34,+270.7,+20.0,LB	+6.45,+31.9,+20.2,EA	+2.27,+279.9,+25.6,JB	+2.14,+287.2,+25.2,DB	+2.15,+286.8,+25.4,HB	
1701496450.0745132	+6.67,+19.1,+19.7,HA	+2.34,+270.7,+20.0,LB	+6.45,+31.9,+20.2,EA	+2.26,+280.3,+25.5,DB	+2.14,+286.9,+25.2,NB	+2.16,+286.2,+25.4,AB	
1701496512.0851655	+6.67,+19.2,+19.7,KA	+2.34,+270.7,+20.1,MB	+6.45,+31.9,+20.2,EA	+2.27,+279.9,+25.5,IB	+2.14,+286.8,+25.2,OB	+2.16,+285.9,+25.4,IB	
1701496574.093754	+6.67,+19.2,+19.7,KA	+2.34,+270.7,+20.0,LB	+6.45,+31.8,+20.2,DA	+2.31,+277.3,+25.5,JB	+2.13,+287.4,+25.2,EB	+2.15,+286.7,+25.4,GB	
1701496636.1033866	+6.67,+19.2,+19.7,KA	+2.34,+270.7,+20.1,MB	+6.45,+31.9,+20.2,EA	+2.29,+278.6,+25.6,JB	+2.14,+287.0,+25.2,FB	+2.15,+286.4,+25.3,CB	
1701496698.1134799	+6.67,+19.2,+19.8,DA	+2.34,+270.7,+20.1,MB	+6.45,+31.9,+20.2,EA	+2.30,+277.7,+25.5,OB	+2.13,+287.4,+25.2,EB	+2.14,+287.3,+25.4,CB	
1701496760.1203492	+6.67,+19.2,+19.7,KA	+2.34,+270.7,+20.1,MB	+6.45,+31.9,+20.2,EA	+2.29,+278.7,+25.6,KB	+2.14,+287.4,+25.2,BB	+2.17,+285.7,+25.3,AB	
1701496822.1288211	+6.67,+19.2,+19.8,DA	+2.34,+270.7,+20.1,MB	+6.45,+31.9,+20.2,EA	+2.30,+278.1,+25.6,EB	+2.14,+287.2,+25.2,DB	+2.14,+287.1,+25.4,AB	
1701496884.1363232	+6.67,+19.2,+19.7,KA	+2.34,+270.7,+20.1,MB	+6.45,+31.8,+20.2,DA	+2.30,+277.7,+25.5,OB	+2.13,+287.5,+25.2,DB	+2.15,+286.9,+25.4,IB	
1701497129.6947944	+6.67,+19.2,+19.7,KA	+2.34,+270.7,+20.1,MB	+6.45,+31.9,+20.2,EA	+2.30,+277.7,+25.6,LB	+2.15,+286.6,+25.2,@B	+2.16,+286.1,+25.4,BB	
1701497191.7025151	+6.67,+19.2,+19.8,DA	+2.34,+270.7,+20.1,MB	+6.45,+31.9,+20.2,EA	+2.28,+278.9,+25.5,GB	+2.14,+287.3,+25.2,EB	+2.14,+287.2,+25.3,EB	
1701497253.7120168	+6.67,+19.2,+19.8,DA	+2.34,+270.7,+20.1,MB	+6.45,+31.9,+20.2,EA	+2.29,+278.7,+25.6,KB	+2.14,+287.0,+25.2,FB	+2.14,+287.0,+25.4,@B	
1701497315.7210033	+6.67,+19.1,+19.8,GA	+2.34,+270.7,+20.1,MB	+6.45,+31.9,+20.2,EA	+2.30,+277.7,+25.6,LB	+2.15,+286.7,+25.2,AB	+2.16,+285.9,+25.4,IB	
1701497377.7294478	+6.67,+19.3,+19.8,EA	+2.34,+270.7,+20.1,MB	+6.45,+31.9,+20.2,EA	+2.30,+277.8,+25.6,CB	+2.14,+287.1,+25.2,GB	+2.17,+285.6,+25.4,GB	
1701497439.7366488	+6.67,+19.2,+19.8,DA	+2.34,+270.7,+20.1,MB	+6.45,+31.8,+20.2,DA	+2.30,+277.8,+25.6,CB	+2.15,+286.6,+25.2,@B	+2.17,+285.6,+25.4,GB	
1701497501.7442286	+6.67,+19.2,+19.8,DA	+2.34,+270.7,+20.1,MB	+6.45,+31.9,+20.2,EA	+2.28,+278.9,+25.6,DB	+2.14,+287.2,+25.2,DB	+2.15,+286.9,+25.4,IB	
1701497563.7496004	+6.67,+19.2,+19.8,DA	+2.34,+270.7,+20.1,MB	+6.45,+31.9,+20.2,EA	+2.30,+278.0,+25.5,GB	+2.15,+286.7,+25.2,AB	+2.16,+286.0,+25.3,DB	
1701497625.7582238	+6.67,+19.2,+19.8,DA	+2.34,+270.7,+20.1,MB	+6.45,+31.9,+20.2,EA	+2.29,+278.6,+25.5,IB	+2.15,+286.7,+25.2,AB	+2.15,+286.9,+25.4,IB	
1701497687.7673945	+6.67,+19.2,+19.8,DA	+2.34,+270.7,+20.1,MB	+6.45,+31.9,+20.2,EA	+2.29,+278.6,+25.6,JB	+2.13,+287.4,+25.2,EB	+2.15,+286.6,+25.4,FB	
1701497749.7778125	+6.67,+19.2,+19.8,DA	+2.34,+270.7,+20.1,MB	+6.45,+31.8,+20.2,DA	+2.29,+278.7,+25.6,KB	+2.13,+287.4,+25.2,EB	+2.15,+286.7,+25.4,GB	
1701497811.7852187	+6.67,+19.2,+19.8,DA	+2.34,+270.7,+20.1,MB	+6.45,+31.8,+20.2,DA	+2.29,+278.7,+25.6,KB	+2.14,+286.8,+25.2,OB	+2.15,+286.8,+25.4,HB	
1701497873.7930229	+6.67,+19.2,+19.8,DA	+2.34,+270.7,+20.1,MB	+6.45,+31.9,+20.2,EA	+2.29,+278.4,+25.5,KB	+2.13,+287.5,+25.2,DB	+2.15,+286.4,+25.4,DB	
1701497935.8023462	+6.67,+19.2,+19.8,DA	+2.34,+270.7,+20.1,MB	+6.45,+31.9,+20.2,EA	+2.29,+278.4,+25.6,HB	+2.13,+287.5,+25.2,DB	+2.16,+286.3,+25.4,@B	
1701497997.8112013	+6.67,+19.2,+19.8,DA	+2.34,+270.7,+20.1,MB	+6.45,+31.8,+20.2,DA	+2.29,+278.9,+25.6,EB	+2.15,+286.6,+25.2,@B	+2.15,+286.9,+25.3,NB	
1701498059.820821	+6.67,+19.2,+19.8,DA	+2.34,+270.7,+20.1,MB	+6.45,+31.9,+20.2,EA	+2.29,+278.8,+25.5,GB	+2.15,+286.6,+25.2,@B	+2.15,+286.9,+25.4,IB	
1701498121.8294404	+6.67,+19.2,+19.8,DA	+2.34,+270.7,+20.1,MB	+6.45,+31.9,+20.2,EA	+2.28,+279.0,+25.5,OB	+2.15,+286.8,+25.2,NB	+2.14,+287.1,+25.4,AB	
1701498183.8373291	+6.67,+19.2,+19.8,DA	+2.34,+270.7,+20.1,MB	+6.45,+31.9,+20.3,DA	+2.28,+279.2,+25.6,NB	+2.14,+286.9,+25.2,NB	+2.14,+287.3,+25.4,CB	
1701498245.8496454	+6.67,+19.2,+19.8,DA	+2.34,+270.7,+20.1,MB	+6.45,+31.9,+20.3,DA	+2.29,+278.7,+25.6,KB	+2.14,+286.9,+25.2,NB	+2.15,+286.5,+25.3,BB	
1701498307.8592424	+6.67,+19.2,+19.8,DA	+2.34,+270.8,+20.1,BB	+6.45,+31.9,+20.2,EA	+2.28,+279.3,+25.6,OB	+2.15,+286.8,+25.2,NB	+2.14,+287.3,+25.4,CB	
1701498369.8688073	+6.67,+19.2,+19.8,DA	+2.34,+270.7,+20.1,MB	+6.45,+31.8,+20.2,DA	+2.29,+278.4,+25.5,KB	+2.13,+287.4,+25.2,EB	+2.16,+286.3,+25.3,GB	
1701498431.8775134	+6.67,+19.2,+19.8,DA	+2.34,+270.7,+20.1,MB	+6.45,+31.9,+20.2,EA	+2.29,+278.6,+25.6,JB	+2.14,+287.2,+25.2,DB	+2.16,+286.0,+25.3,DB	
1701498493.8875859	+6.67,+19.2,+19.8,DA	+2.34,+270.7,+20.1,MB	+6.45,+31.8,+20.2,DA	+2.28,+279.3,+25.6,OB	+2.14,+286.9,+25.2,NB	+2.14,+287.3,+25.4,CB	
1701498555.8970172	+6.67,+19.2,+19.8,DA	+2.34,+270.7,+20.1,MB	+6.45,+31.9,+20.3,DA	+2.28,+279.1,+25.6,MB	+2.14,+287.0,+25.2,FB	+2.15,+286.5,+25.4,EB	
1701498617.9070992	+6.67,+19.2,+19.8,DA	+2.34,+270.8,+20.1,BB	+6.45,+31.8,+20.2,DA	+2.28,+279.4,+25.6,HB	+2.14,+286.8,+25.2,OB	+2.14,+287.4,+25.4,DB	
1701498679.9163678	+6.67,+19.2,+19.8,DA	+2.34,+270.8,+20.1,BB	+6.45,+31.9,+20.2,EA	+2.29,+278.3,+25.6,OB	+2.13,+287.5,+25.2,DB	+2.16,+285.9,+25.4,IB	
1701498741.9254372	+6.67,+19.2,+19.8,DA	+2.34,+270.8,+20.1,BB	+6.45,+31.9,+20.3,DA	+2.28,+279.4,+25.6,HB	+2.14,+286.9,+25.2,NB	+2.14,+287.2,+25.4,BB	
1701498803.9349895	+6.67,+19.2,+19.8,DA	+2.34,+270.8,+20.1,BB	+6.45,+31.9,+20.2,EA	+2.29,+278.4,+25.5,KB	+2.13,+287.4,+25.2,EB	+2.16,+285.9,+25.4,IB	
1701498865.9440784	+6.67,+19.2,+19.8,DA	+2.34,+270.7,+20.1,MB	+6.45,+31.9,+20.2,EA	+2.29,+278.5,+25.6,IB	+2.13,+287.5,+25.2,DB	+2.17,+285.7,+25.4,FB	
1701498927.9541647	+6.67,+19.2,+19.8,DA	+2.34,+270.8,+20.1,BB	+6.45,+31.9,+20.3,DA	+2.27,+279.5,+25.5,EB	+2.14,+287.1,+25.2,GB	+2.15,+286.5,+25.3,BB	
1701498989.9639897	+6.67,+19.2,+19.8,DA	+2.34,+270.7,+20.1,MB	+6.45,+31.9,+20.3,DA	+2.28,+279.1,+25.6,MB	+2.13,+287.5,+25.2,DB	+2.16,+285.9,+25.4,IB	
1701499051.9726088	+6.67,+19.2,+19.8,DA	+2.34,+270.8,+20.1,BB	+6.45,+31.9,+20.3,DA	+2.27,+279.6,+25.6,EB	+2.14,+287.3,+25.2,EB	+2.16,+286.2,+25.4,AB	
1701499113.9824777	+6.67,+19.2,+19.8,DA	+2.34,+270.8,+20.1,BB	+6.45,+31.9,+20.3,DA	+2.27,+279.9,+25.6,JB	+2.15,+286.7,+25.2,AB	+2.14,+287.3,+25.4,CB	
1701499175.99267	+6.67,+19.2,+19.8,DA	+2.34,+270.8,+20.1,BB	+6.45,+31.9,+20.3,DA	+2.28,+279.1,+25.6,MB	+2.14,+287.1,+25.2,GB	+2.16,+286.2,+25.4,AB	
1701499238.0021343	+6.67,+19.2,+19.8,DA	+2.34,+270.8,+20.1,BB	+6.45,+32.0,+20.3,NA	+2.27,+279.6,+25.6,EB	+2.15,+286.7,+25.2,AB	+2.15,+286.9,+25.3,NB	
1701499300.0130796	+6.67,+19.2,+19.8,DA	+2.34,+270.8,+20.1,BB	+6.45,+31.9,+20.3,DA	+2.28,+279.1,+25.6,MB	+2.14,+287.2,+25.2,DB	+2.16,+285.8,+25.4,HB	
1701499362.021576	+6.67,+19.2,+19.8,DA	+2.34,+270.8,+20.2,AB	+6.45,+31.9,+20.3,DA	+2.28,+279.2,+25.6,NB	+2.14,+287.0,+25.2,FB	+2.16,+286.2,+25.4,AB	
1701499424.0332973	+6.67,+19.2,+19.8,DA	+2.34,+270.8,+20.2,AB	+6.45,+31.9,+20.3,DA	+2.28,+279.2,+25.6,NB	+2.14,+287.1,+25.2,GB	+2.16,+285.9,+25.4,IB	
1701499486.040786	+6.67,+19.2,+19.8,DA	+2.34,+270.8,+20.2,AB	+6.45,+31.9,+20.3,DA	+2.27,+279.7,+25.6,DB	+2.15,+286.7,+25.2,AB	+2.15,+287.0,+25.4,AB	
1701499548.0504901	+6.67,+19.2,+19.8,DA	+2.34,+270.8,+20.1,BB	+6.45,+31.9,+20.3,DA	+2.27,+280.0,+25.5,FB	+2.13,+287.5,+25.2,DB	+2.16,+286.1,+25.4,BB	
1701499610.0555482	+6.67,+19.2,+19.9,EA	+2.34,+270.8,+20.2,AB	+6.45,+32.0,+20.3,NA	+2.27,+279.6,+25.6,EB	+2.15,+286.6,+25.2,@B	+2.15,+286.8,+25.4,HB	
1701499672.0647802	+6.67,+19.2,+19.8,DA	+2.34,+270.8,+20.2,AB	+6.45,+31.9,+20.3,DA	+2.27,+279.8,+25.6,KB	+2.15,+286.8,+25.2,NB	+2.15,+286.9,+25.4,IB	
1701499734.0746498	+6.67,+19.1,+19.9,FA	+2.34,+270.8,+20.2,AB	+6.45,+32.0,+20.3,NA	+2.26,+280.5,+25.6,AB	+2.14,+287.1,+25.2,GB	+2.14,+287.3,+25.4,CB	
1701499796.0850415	+6.67,+19.2,+19.9,EA	+2.34,+270.8,+20.2,AB	+6.45,+31.9,+20.3,DA	+2.27,+280.0,+25.6,EB	+2.13,+287.5,+25.2,DB	+2.16,+285.8,+25.4,HB	
1701499858.0930946	+6.67,+19.2,+19.9,EA	+2.34,+270.8,+20.2,AB	+6.45,+32.0,+20.3,NA	+2.26,+280.5,+25.6,AB	+2.14,+287.2,+25.2,DB	+2.14,+287.2,+25.4,BB	
1701499920.1025074	+6.67,+19.2,+19.9,EA	+2.34,+270.8,+20.2,AB	+6.45,+32.0,+20.3,NA	+2.27,+280.0,+25.6,EB	+2.14,+287.4,+25.2,BB	+2.17,+285.7,+25.4,FB	
1701499982.109147	+6.67,+19.2,+19.9,EA	+2.34,+270.8,+20.2,AB	+6.45,+31.9,+20.3,DA	+2.27,+279.6,+25.6,EB	+2.14,+287.1,+25.2,GB	+2.17,+285.7,+25.3,AB	
1701500044.1168878	+6.67,+19.2,+19.8,DA	+2.34,+270.8,+20.2,AB	+6.45,+32.0,+20.3,NA	+2.27,+279.6,+25.6,EB	+2.14,+287.0,+25.2,FB	+2.17,+285.8,+25.4,IB	
1701500106.12719	+6.67,+19.2,+19.8,DA	+2.34,+270.8,+20.2,AB	+6.45,+31.9,+20.3,DA	+2.26,+280.4,+25.6,@B	+2.14,+287.1,+25.2,GB	+2.14,+287.3,+25.4,CB	
1701500168.1329856	+6.67,+19.2,+19.8,DA	+2.34,+270.8,+20.2,AB	+6.45,+32.0,+20.3,NA	+2.27,+279.7,+25.5,GB	+2.15,+286.7,+25.2,AB	+2.15,+286.6,+25.4,FB	
1701500230.1330068	+6.67,+19.2,+19.9,EA	+2.34,+270.8,+20.2,AB	+6.45,+32.0,+20.3,NA	+2.27,+280.0,+25.6,EB	+2.14,+287.1,+25.2,GB	+2.17,+285.8,+25.4,IB	
1701500292.1419382	+6.67,+19.1,+19.9,FA	+2.34,+270.8,+20.2,AB	+6.45,+31.9,+20.3,DA	+2.25,+280.8,+25.6,OB	+2.13,+287.4,+25.2,EB	+2.14,+287.2,+25.4,BB	
1701500354.1513526	+6.67,+19.1,+19.9,FA	+2.34,+270.8,+20.2,AB	+6.45,+31.9,+20.3,DA	+2.25,+280.9,+25.6,NB	+2.13,+287.6,+25.2,GB	+2.15,+286.9,+25.4,IB	
1701500416.1609902	+6.67,+19.2,+19.9,EA	+2.34,+270.8,+20.2,AB	+6.45,+32.0,+20.3,NA	+2.27,+279.8,+25.6,KB	+2.15,+286.8,+25.2,NB	+2.16,+285.9,+25.4,IB	
1701500478.15319	+6.67,+19.2,+19.9,EA	+2.34,+270.8,+20.2,AB	+6.45,+32.0,+20.3,NA	+2.25,+281.0,+25.6,FB	+2.13,+287.6,+25.2,GB	+2.15,+286.8,+25.3,OB	
1701500540.163173	+6.67,+19.2,+19.9,EA	+2.34,+270.8,+20.2,AB	+6.45,+32.1,+20.3,OA	+2.26,+280.4,+25.6,@B	+2.14,+287.3,+25.2,EB	+2.14,+287.5,+25.4,EB	
1701500602.1679902	+6.67,+19.2,+19.9,EA	+2.34,+270.8,+20.2,AB	+6.45,+32.0,+20.3,NA	+2.26,+280.1,+25.6,EB	+2.14,+287.0,+25.2,FB	+2.14,+287.1,+25.3,FB	
1701500664.1785858	+6.67,+19.2,+19.9,EA	+2.34,+270.8,+20.2,AB	+6.45,+32.0,+20.3,NA	+2.26,+280.1,+25.6,EB	+2.14,+286.8,+25.2,OB	+2.16,+285.9,+25.4,IB	
1701500726.186835	+6.67,+19.2,+19.9,EA	+2.34,+270.9,+20.2,@B	+6.45,+32.1,+20.3,OA	+2.26,+280.4,+25.6,@B	+2.14,+286.9,+25.2,NB	+2.16,+285.9,+25.4,IB	
1701500971.7730331	+6.67,+19.2,+19.9,EA	+2.34,+270.8,+20.2,AB	+6.45,+32.0,+20.3,NA	+2.26,+280.5,+25.6,AB	+2.13,+287.4,+25.2,EB	+2.14,+287.4,+25.4,DB	
1701501033.7810988	+6.67,+19.2,+19.9,EA	+2.34,+270.8,+20.2,AB	+6.45,+32.1,+20.3,OA	+2.25,+280.7,+25.5,CB	+2.15,+286.7,+25.2,AB	+2.16,+285.8,+25.3,OB	
1701501095.790566	+6.67,+19.1,+19.9,FA	+2.34,+270.8,+20.2,AB	+6.45,+32.0,+20.3,NA	+2.26,+280.6,+25.6,BB	+2.13,+287.6,+25.2,GB	+2.14,+287.4,+25.3,CB	
1701501157.798073	+6.67,+19.2,+19.9,EA	+2.34,+270.9,+20.2,@B	+6.45,+32.1,+20.3,OA	+2.26,+280.4,+25.5,CB	+2.14,+287.0,+25.2,FB	+2.16,+286.1,+25.3,EB	
1701501219.804584	+6.67,+19.2,+19.9,EA	+2.34,+270.8,+20.2,AB	+6.45,+32.1,+20.3,OA	+2.26,+280.5,+25.6,AB	+2.14,+286.9,+25.2,NB	+2.16,+286.0,+25.4,CB	
1701501281.8150601	+6.67,+19.2,+19.9,EA	+2.34,+270.9,+20.2,@B	+6.45,+32.1,+20.3,OA	+2.25,+281.1,+25.5,DB	+2.14,+286.8,+25.2,OB	+2.16,+286.0,+25.4,CB	
1701501343.8226519	+6.67,+19.2,+19.9,EA	+2.34,+270.9,+20.2,@B	+6.45,+32.1,+20.3,OA	+2.24,+281.6,+25.6,AB	+2.14,+287.1,+25.2,GB	+2.15,+286.8,+25.3,OB	
1701501405.831843	+6.67,+19.2,+19.9,EA	+2.34,+270.9,+20.2,@B	+6.45,+32.0,+20.3,NA	+2.26,+280.6,+25.6,BB	+2.15,+286.8,+25.2,NB	+2.16,+285.8,+25.4,HB	
1701501467.840147	+6.67,+19.2,+19.9,EA	+2.34,+270.9,+20.2,@B	+6.45,+32.1,+20.3,OA	+2.24,+281.4,+25.6,CB	+2.14,+287.0,+25.2,FB	+2.16,+286.3,+25.4,@B	
1701501529.845479	+6.67,+19.2,+19.9,EA	+2.34,+270.9,+20.2,@B	+6.45,+32.1,+20.3,OA	+2.25,+280.8,+25.6,OB	+2.13,+287.5,+25.2,DB	+2.14,+287.5,+25.3,BB	
1701501591.8542168	+6.67,+19.2,+19.9,EA	+2.34,+270.9,+20.2,@B	+6.45,+32.1,+20.3,OA	+2.25,+280.7,+25.6,@B	+2.14,+286.8,+25.2,OB	+2.17,+285.8,+25.4,IB	
1701501653.8636518	+6.67,+19.2,+19.9,EA	+2.34,+270.9,+20.2,@B	+6.45,+32.1,+20.3,OA	+2.26,+280.3,+25.5,DB	+2.14,+287.1,+25.2,GB	+2.15,+286.6,+25.3,AB	
1701501715.871558	+6.67,+19.2,+19.9,EA	+2.34,+270.9,+20.2,@B	+6.45,+32.1,+20.4,HA	+2.26,+280.5,+25.5,BB	+2.14,+287.2,+25.2,DB	+2.14,+287.0,+25.4,@B	
1701501777.8799193	+6.67,+19.2,+19.9,EA	+2.34,+270.9,+20.2,@B	+6.45,+32.1,+20.3,OA	+2.25,+280.6,+25.6,AB	+2.14,+286.8,+25.2,OB	+2.16,+285.8,+25.4,HB	
1701501839.891277	+6.67,+19.3,+19.9,DA	+2.34,+270.9,+20.2,@B	+6.45,+32.1,+20.3,OA	+2.25,+280.7,+25.6,@B	+2.14,+286.8,+25.2,OB	+2.16,+285.8,+25.4,HB	
1701501901.8998795	+6.67,+19.3,+19.9,DA	+2.34,+270.9,+20.2,@B	+6.45,+32.0,+20.4,IA	+2.24,+281.5,+25.5,AB	+2.13,+287.7,+25.2,FB	+2.13,+287.6,+25.4,AB	
1701501963.9074407	+6.67,+19.2,+19.9,EA	+2.34,+270.9,+20.2,@B	+6.45,+32.1,+20.3,OA	+2.26,+280.6,+25.6,BB	+2.14,+286.8,+25.2,OB	+2.16,+285.9,+25.3,NB	
1701502025.917031	+6.67,+19.2,+19.9,EA	+2.34,+270.8,+20.2,AB	+6.45,+32.1,+20.4,HA	+2.26,+280.6,+25.6,BB	+2.14,+287.0,+25.2,FB	+2.16,+285.9,+25.4,IB	
1701502087.9250827	+6.67,+19.2,+19.9,EA	+2.34,+270.9,+20.2,@B	+6.45,+32.0,+20.4,IA	+2.26,+280.5,+25.6,AB	+2.14,+287.0,+25.2,FB	+2.15,+286.6,+25.4,FB	
1701502149.9358196	+6.67,+19.2,+19.9,EA	+2.34,+270.9,+20.2,@B	+6.45,+32.1,+20.4,HA	+2.24,+281.4,+25.6,CB	+2.13,+287.4,+25.2,EB	+2.13,+287.5,+25.3,EB	
1701502211.9440188	+6.67,+19.2,+19.9,EA	+2.34,+270.9,+20.2,@B	+6.45,+32.0,+20.4,IA	+2.25,+280.8,+25.6,OB	+2.14,+287.1,+25.2,GB	+2.16,+285.9,+25.4,IB	
1701502273.9532087	+6.67,+19.2,+19.9,EA	+2.34,+270.9,+20.2,@B	+6.45,+32.1,+20.4,HA	+2.25,+281.1,+25.5,DB	+2.14,+287.3,+25.2,EB	+2.16,+286.1,+25.4,BB	
1701502335.9621007	+6.67,+19.2,+19.9,EA	+2.34,+270.9,+20.2,@B	+6.45,+32.1,+20.4,HA	+2.25,+281.1,+25.6,GB	+2.14,+287.3,+25.2,EB	+2.14,+287.4,+25.4,DB	
1701502397.970921	+6.67,+19.2,+19.9,EA	+2.34,+271.0,+20.2,HB	+6.45,+32.0,+20.3,NA	+2.24,+281.7,+25.5,CB	+2.13,+287.7,+25.2,FB	+2.15,+286.8,+25.3,OB	
1701502459.9810338	+6.67,+19.3,+19.9,DA	+2.34,+270.9,+20.2,@B	+6.45,+32.1,+20.4,HA	+2.24,+281.3,+25.6,DB	+2.13,+287.5,+25.2,DB	+2.15,+286.5,+25.4,EB	
1701502521.9883468	+6.67,+19.2,+19.9,EA	+2.34,+270.9,+20.2,@B	+6.45,+32.1,+20.4,HA	+2.25,+281.0,+25.5,EB	+2.14,+287.4,+25.2,BB	+2.16,+285.9,+25.3,NB	
1701502583.9986103	+6.67,+19.2,+20.0,FA	+2.34,+270.9,+20.2,@B	+6.45,+32.1,+20.4,HA	+2.23,+281.8,+25.5,KB	+2.13,+287.4,+25.2,EB	+2.14,+287.5,+25.4,EB	
1701502646.0085788	+6.67,+19.2,+19.9,EA	+2.34,+270.9,+20.2,@B	+6.45,+32.1,+20.4,HA	+2.24,+281.3,+25.6,DB	+2.13,+287.6,+25.2,GB	+2.16,+286.3,+25.3,GB	
1701502708.0185854	+6.67,+19.2,+19.9,EA	+2.34,+271.0,+20.2,HB	+6.45,+32.1,+20.4,HA	+2.25,+280.8,+25.6,OB	+2.14,+287.0,+25.2,FB	+2.15,+286.6,+25.4,FB	
1701502770.0285378	+6.67,+19.2,+19.9,EA	+2.33,+271.0,+20.2,OB	+6.45,+32.1,+20.4,HA	+2.25,+280.8,+25.6,OB	+2.14,+287.2,+25.2,DB	+2.16,+286.0,+25.4,CB	
1701502832.0379777	+6.67,+19.2,+20.0,FA	+2.34,+270.9,+20.2,@B	+6.45,+32.0,+20.4,IA	+2.25,+281.1,+25.6,GB	+2.14,+286.9,+25.2,NB	+2.15,+286.9,+25.4,IB	
1701502894.047584	+6.67,+19.2,+19.9,EA	+2.34,+270.9,+20.3,AB	+6.45,+32.2,+20.4,KA	+2.23,+281.9,+25.6,IB	+2.14,+287.3,+25.2,EB	+2.13,+287.6,+25.4,AB	
1701502956.0546496	+6.67,+19.3,+19.9,DA	+2.34,+270.9,+20.2,@B	+6.45,+32.1,+20.4,HA	+2.25,+280.8,+25.6,OB	+2.14,+287.3,+25.2,EB	+2.16,+286.1,+25.4,BB	
1701503018.0625587	+6.67,+19.2,+20.0,FA	+2.34,+270.9,+20.2,@B	+6.45,+32.1,+20.4,HA	+2.24,+281.5,+25.5,AB	+2.13,+287.7,+25.2,FB	+2.16,+286.3,+25.4,@B	
1701503080.0714068	+6.67,+19.2,+20.0,FA	+2.34,+270.9,+20.2,@B	+6.45,+32.1,+20.4,HA	+2.24,+281.4,+25.6,CB	+2.13,+287.7,+25.2,FB	+2.16,+286.1,+25.3,EB	
1701503142.0820854	+6.67,+19.2,+20.0,FA	+2.34,+271.0,+20.3,IB	+6.45,+32.2,+20.4,KA	+2.24,+281.3,+25.6,DB	+2.13,+287.7,+25.2,FB	+2.16,+286.1,+25.3,EB	
1701503204.088806	+6.67,+19.2,+20.0,FA	+2.34,+270.9,+20.2,@B	+6.45,+32.1,+20.4,HA	+2.25,+280.9,+25.5,MB	+2.13,+287.4,+25.2,EB	+2.16,+286.0,+25.3,DB	
1701503266.0978227	+6.67,+19.2,+20.0,FA	+2.34,+270.9,+20.3,AB	+6.45,+32.1,+20.4,HA	+2.23,+282.2,+25.6,AB	+2.14,+287.4,+25.2,BB	+2.14,+287.3,+25.4,CB	
1701503328.1066775	+6.67,+19.2,+20.0,FA	+2.34,+271.0,+20.2,HB	+6.45,+32.1,+20.4,HA	+2.24,+281.5,+25.6,BB	+2.13,+287.7,+25.2,FB	+2.16,+286.3,+25.3,GB	
1701503390.117227	+6.67,+19.2,+20.0,FA	+2.34,+270.9,+20.3,AB	+6.45,+32.1,+20.4,HA	+2.24,+281.8,+25.5,LB	+2.14,+286.9,+25.2,NB	+2.14,+287.1,+25.4,AB	
1701503452.128506	+6.67,+19.2,+20.0,FA	+2.34,+270.9,+20.3,AB	+6.45,+32.2,+20.4,KA	+2.24,+281.5,+25.6,BB	+2.13,+287.7,+25.2,FB	+2.16,+286.2,+25.4,AB	
1701503514.1385107	+6.67,+19.2,+20.0,FA	+2.34,+271.0,+20.3,IB	+6.45,+32.1,+20.4,HA	+2.23,+282.2,+25.6,AB	+2.14,+286.9,+25.2,NB	+2.14,+287.4,+25.3,CB	
1701503576.149226	+6.67,+19.2,+20.0,FA	+2.34,+270.9,+20.3,AB	+6.45,+32.1,+20.4,HA	+2.24,+281.5,+25.5,AB	+2.13,+287.8,+25.2,IB	+2.16,+286.1,+25.4,BB	
1701503638.1589284	+6.67,+19.2,+20.0,FA	+2.34,+271.0,+20.3,IB	+6.45,+32.1,+20.4,HA	+2.24,+281.3,+25.5,GB	+2.13,+287.7,+25.2,FB	+2.16,+285.9,+25.4,IB	
1701503700.16492	+6.67,+19.2,+20.0,FA	+2.34,+270.9,+20.3,AB	+6.45,+32.1,+20.4,HA	+2.24,+281.7,+25.6,@B	+2.14,+287.2,+25.2,DB	+2.15,+286.7,+25.4,GB	
1701503762.172618	+6.67,+19.2,+20.0,FA	+2.34,+271.0,+20.3,IB	+6.45,+32.2,+20.4,KA	+2.24,+281.6,+25.6,AB	+2.14,+287.3,+25.2,EB	+2.15,+286.6,+25.4,FB	
1701503824.1776154	+6.67,+19.3,+20.0,GA	+2.34,+271.0,+20.3,IB	+6.45,+32.1,+20.4,HA	+2.23,+282.2,+25.5,BB	+2.13,+287.4,+25.2,EB	+2.15,+287.0,+25.4,AB	
1701503886.1872761	+6.67,+19.2,+20.0,FA	+2.34,+270.9,+20.3,AB	+6.45,+32.0,+20.4,IA	+2.23,+281.9,+25.5,JB	+2.13,+287.5,+25.2,DB	+2.15,+286.5,+25.4,EB	
1701503948.1930392	+6.67,+19.3,+20.0,GA	+2.34,+271.0,+20.3,IB	+6.45,+32.1,+20.4,HA	+2.22,+282.4,+25.6,FB	+2.14,+287.2,+25.2,DB	+2.14,+287.2,+25.4,BB	
1701504010.200002	+6.67,+19.2,+20.0,FA	+2.34,+271.0,+20.3,IB	+6.45,+32.1,+20.4,HA	+2.24,+281.8,+25.6,OB	+2.13,+287.5,+25.2,DB	+2.15,+286.5,+25.4,EB	
1701504072.208078	+6.67,+19.2,+20.0,FA	+2.34,+271.0,+20.3,IB	+6.45,+32.1,+20.4,HA	+2.22,+282.6,+25.6,DB	+2.14,+287.1,+25.2,GB	+2.14,+287.5,+25.4,EB	
1701504134.2167182	+6.67,+19.2,+20.0,FA	+2.34,+271.0,+20.3,IB	+6.45,+32.1,+20.4,HA	+2.23,+281.8,+25.6,HB	+2.13,+287.6,+25.2,GB	+2.15,+286.5,+25.4,EB	
1701504196.2260559	+6.67,+19.2,+20.0,FA	+2.33,+271.0,+20.3,NB	+6.45,+32.1,+20.4,HA	+2.22,+282.7,+25.6,EB	+2.14,+287.1,+25.2,GB	+2.13,+287.7,+25.4,@B	
1701504258.2348871	+6.67,+19.2,+20.0,FA	+2.34,+271.0,+20.3,IB	+6.45,+32.1,+20.4,HA	+2.22,+282.8,+25.5,IB	+2.14,+287.1,+25.2,GB	+2.13,+287.7,+25.4,@B	
1701504320.2448275	+6.67,+19.2,+20.0,FA	+2.34,+271.0,+20.3,IB	+6.45,+32.1,+20.4,HA	+2.22,+282.6,+25.6,DB	+2.14,+287.1,+25.2,GB	+2.14,+287.4,+25.4,DB	
1701504382.2531369	+6.67,+19.2,+20.0,FA	+2.34,+271.0,+20.3,IB	+6.45,+32.1,+20.4,HA	+2.22,+282.9,+25.5,HB	+2.14,+287.1,+25.2,GB	+2.13,+287.8,+25.3,HB	
1701504444.261628	+6.67,+19.3,+20.0,GA	+2.34,+271.0,+20.3,IB	+6.45,+32.1,+20.4,HA	+2.24,+281.6,+25.5,BB	+2.13,+287.8,+25.2,IB	+2.16,+286.1,+25.4,BB	
1701504506.2703536	+6.67,+19.2,+20.0,FA	+2.34,+271.0,+20.3,IB	+6.45,+32.1,+20.4,HA	+2.22,+282.8,+25.6,JB	+2.13,+287.5,+25.2,DB	+2.14,+287.4,+25.4,DB	
1701504568.2785118	+6.67,+19.2,+20.0,FA	+2.34,+271.0,+20.3,IB	+6.45,+32.1,+20.4,HA	+2.24,+281.4,+25.6,CB	+2.13,+287.4,+25.2,EB	+2.15,+286.6,+25.4,FB	
1701504813.8148646	+6.67,+19.2,+20.0,FA	+2.34,+271.0,+20.3,IB	+6.45,+32.1,+20.4,HA	+2.23,+282.1,+25.6,BB	+2.13,+287.8,+25.2,IB	+2.15,+286.5,+25.3,BB	
1701504875.8241835	+6.67,+19.3,+20.0,GA	+2.34,+271.0,+20.3,IB	+6.45,+32.1,+20.4,HA	+2.23,+282.1,+25.6,BB	+2.14,+287.2,+25.2,DB	+2.15,+286.4,+25.3,CB	
1701504937.8349	+6.67,+19.2,+20.0,FA	+2.34,+271.0,+20.3,IB	+6.45,+32.1,+20.4,HA	+2.25,+281.1,+25.5,DB	+2.13,+287.6,+25.2,GB	+2.13,+287.6,+25.3,FB	
1701504999.8406684	+6.67,+19.3,+20.0,GA	+2.34,+271.0,+20.3,IB	+6.45,+32.1,+20.4,HA	+2.24,+281.3,+25.6,DB	+2.13,+287.7,+25.2,FB	+2.14,+287.3,+25.3,DB	
1701505061.8512595	+6.67,+19.3,+20.0,GA	+2.34,+271.0,+20.3,IB	+6.45,+32.1,+20.4,HA	+2.23,+282.0,+25.5,@B	+2.13,+287.8,+25.2,IB	+2.15,+286.5,+25.3,BB	
1701505123.8605478	+6.67,+19.2,+20.0,FA	+2.33,+271.1,+20.3,OB	+6.45,+32.1,+20.4,HA	+2.23,+282.4,+25.6,GB	+2.14,+287.3,+25.2,EB	+2.15,+286.6,+25.3,AB	
1701505185.8691711	+6.67,+19.3,+20.0,GA	+2.34,+271.0,+20.3,IB	+6.45,+32.1,+20.4,HA	+2.22,+282.4,+25.5,EB	+2.13,+287.5,+25.2,DB	+2.15,+286.4,+25.3,CB	
1701505247.879407	+6.67,+19.3,+20.0,GA	+2.34,+271.0,+20.3,IB	+6.45,+32.1,+20.4,HA	+2.24,+281.7,+25.6,@B	+2.14,+287.2,+25.2,DB	+2.13,+287.6,+25.4,AB	
1701505309.8868692	+6.67,+19.3,+20.0,GA	+2.34,+271.0,+20.3,IB	+6.45,+32.1,+20.4,HA	+2.24,+281.5,+25.6,BB	+2.13,+287.9,+25.2,HB	+2.14,+287.3,+25.3,DB	
1701505371.8969183	+6.67,+19.3,+20.0,GA	+2.34,+271.0,+20.3,IB	+6.45,+32.1,+20.4,HA	+2.22,+282.5,+25.6,GB	+2.14,+287.3,+25.2,EB	+2.16,+286.3,+25.3,GB	
1701505433.904213	+6.67,+19.2,+20.0,FA	+2.34,+271.0,+20.3,IB	+6.45,+32.1,+20.4,HA	+2.23,+282.2,+25.6,AB	+2.13,+287.5,+25.2,DB	+2.16,+286.3,+25.4,@B	
1701505495.9140031	+6.67,+19.3,+20.0,GA	+2.34,+271.0,+20.3,IB	+6.45,+32.1,+20.4,HA	+2.24,+281.7,+25.5,CB	+2.14,+287.3,+25.2,EB	+2.13,+287.6,+25.3,FB	
1701505557.9167886	+6.67,+19.2,+20.0,FA	+2.34,+271.0,+20.3,IB	+6.45,+32.1,+20.4,HA	+2.24,+281.6,+25.5,BB	+2.13,+287.5,+25.2,DB	+2.13,+287.8,+25.3,HB	
1701505619.9264312	+6.67,+19.2,+20.0,FA	+2.34,+271.0,+20.3,IB	+6.45,+32.1,+20.4,HA	+2.22,+282.4,+25.6,FB	+2.13,+287.4,+25.2,EB	+2.16,+286.3,+25.4,@B	
1701505681.9339862	+6.67,+19.3,+20.0,GA	+2.34,+271.1,+20.3,HB	+6.45,+32.1,+20.5,IA	+2.22,+282.6,+25.6,DB	+2.14,+287.2,+25.2,DB	+2.15,+286.5,+25.4,EB	
1701505743.941222	+6.67,+19.2,+20.0,FA	+2.34,+271.0,+20.3,IB	+6.45,+32.1,+20.4,HA	+2.23,+281.9,+25.6,IB	+2.13,+287.4,+25.2,EB	+2.13,+287.6,+25.4,AB	
1701505805.9520059	+6.67,+19.3,+20.0,GA	+2.34,+271.0,+20.3,IB	+6.45,+32.1,+20.5,IA	+2.24,+281.5,+25.5,AB	+2.13,+287.8,+25.2,IB	+2.14,+287.5,+25.4,EB	
1701505867.9575608	+6.67,+19.3,+20.0,GA	+2.34,+271.1,+20.3,HB	+6.45,+32.1,+20.4,HA	+2.24,+281.4,+25.6,CB	+2.12,+288.0,+25.2,OB	+2.14,+287.4,+25.4,DB	
1701505929.9660118	+6.67,+19.3,+20.0,GA	+2.34,+271.0,+20.3,IB	+6.45,+32.1,+20.4,HA	+2.23,+282.1,+25.6,BB	+2.13,+287.7,+25.2,FB	+2.13,+287.7,+25.4,@B	
1701505991.9738512	+6.67,+19.3,+20.0,GA	+2.34,+271.0,+20.3,IB	+6.45,+32.1,+20.4,HA	+2.24,+281.6,+25.6,AB	+2.12,+288.0,+25.2,OB	+2.13,+287.7,+25.3,GB	
1701506053.981889	+6.67,+19.3,+20.0,GA	+2.34,+271.1,+20.3,HB	+6.45,+32.1,+20.4,HA	+2.23,+281.9,+25.5,JB	+2.13,+287.6,+25.2,GB	+2.15,+286.7,+25.4,GB	
1701506115.9908812	+6.67,+19.3,+20.0,GA	+2.34,+271.0,+20.3,IB	+6.45,+32.1,+20.5,IA	+2.22,+282.5,+25.6,GB	+2.14,+287.2,+25.2,DB	+2.16,+286.2,+25.3,FB	
1701506177.9992907	+6.67,+19.3,+20.0,GA	+2.34,+271.0,+20.3,IB	+6.45,+32.2,+20.5,JA	+2.22,+282.8,+25.6,JB	+2.14,+287.3,+25.2,EB	+2.15,+286.8,+25.3,OB	
1701506240.0082653	+6.67,+19.3,+20.0,GA	+2.33,+271.1,+20.3,OB	+6.45,+32.1,+20.4,HA	+2.22,+282.7,+25.6,EB	+2.14,+287.2,+25.2,DB	+2.16,+286.1,+25.4,BB	
1701506302.0163915	+6.67,+19.3,+20.0,GA	+2.34,+271.0,+20.3,IB	+6.45,+32.1,+20.5,IA	+2.23,+282.3,+25.6,@B	+2.13,+287.7,+25.2,FB	+2.13,+287.7,+25.4,@B	
1701506364.025865	+6.67,+19.3,+20.0,GA	+2.34,+271.1,+20.3,HB	+6.45,+32.2,+20.4,KA	+2.24,+281.7,+25.5,CB	+2.13,+287.9,+25.2,HB	+2.13,+287.7,+25.4,@B	
1701506426.036059	+6.67,+19.3,+20.0,GA	+2.34,+271.1,+20.3,HB	+6.45,+32.1,+20.4,HA	+2.22,+282.5,+25.6,GB	+2.13,+287.7,+25.2,FB	+2.13,+287.7,+25.4,@B	
1701506488.045958	+6.67,+19.3,+20.1,FA	+2.34,+271.0,+20.4,NB	+6.45,+32.1,+20.4,HA	+2.21,+283.0,+25.6,@B	+2.13,+287.4,+25.2,EB	+2.15,+286.6,+25.4,FB	
1701506550.05632	+6.67,+19.3,+20.1,FA	+2.34,+271.1,+20.4,OB	+6.45,+32.1,+20.5,IA	+2.22,+282.7,+25.6,EB	+2.14,+287.2,+25.2,DB	+2.16,+286.4,+25.4,GB	
1701506612.0624459	+6.67,+19.3,+20.1,FA	+2.33,+271.1,+20.4,HB	+6.45,+32.1,+20.4,HA	+2.22,+283.0,+25.6,CB	+2.13,+287.5,+25.2,DB	+2.14,+287.3,+25.4,CB	
1701506674.0714178		+2.34,+271.1,+20.4,OB	+6.45,+32.2,+20.5,JA	+2.22,+283.0,+25.6,CB	+2.14,+287.3,+25.2,EB	+2.15,+286.6,+25.3,AB	
1701506736.0777724	+6.67,+19.2,+20.1,GA	+2.34,+271.1,+20.3,HB	+6.45,+32.1,+20.5,IA	+2.21,+283.0,+25.6,@B	+2.14,+287.3,+25.2,EB	+2.15,+286.8,+25.4,HB	
1701506798.0860553	+6.67,+19.3,+20.1,FA	+2.34,+271.0,+20.4,NB	+6.45,+32.2,+20.4,KA	+2.22,+283.0,+25.6,CB	+2.13,+287.8,+25.2,IB	+2.13,+287.6,+25.3,FB	
1701506860.0957358	+6.67,+19.2,+20.1,GA	+2.34,+271.1,+20.3,HB	+6.45,+32.1,+20.5,IA	+2.23,+282.0,+25.6,CB	+2.14,+287.4,+25.2,BB	+2.14,+286.9,+25.3,OB	
1701506922.1037445	+6.67,+19.3,+20.0,GA	+2.33,+271.1,+20.3,OB	+6.45,+32.1,+20.4,HA	+2.23,+282.2,+25.5,BB	+2.14,+287.2,+25.2,DB	+2.15,+286.8,+25.4,HB	
1701506984.11173	+6.67,+19.3,+20.1,FA	+2.34,+271.1,+20.4,OB	+6.45,+32.1,+20.5,IA	+2.21,+283.1,+25.5,BB	+2.13,+287.9,+25.2,HB	+2.13,+287.9,+25.4,NB	
1701507046.1219375	+6.67,+19.3,+20.0,GA	+2.33,+271.1,+20.3,OB	+6.45,+32.1,+20.5,IA	+2.22,+282.9,+25.6,KB	+2.14,+287.2,+25.1,GB	+2.15,+286.6,+25.4,FB	
1701507108.1308918	+6.67,+19.2,+20.1,GA	+2.33,+271.1,+20.3,OB	+6.45,+32.0,+20.5,HA	+2.20,+283.8,+25.6,IB	+2.13,+287.8,+25.2,IB	+2.14,+287.2,+25.3,EB	
1701507170.140259	+6.67,+19.2,+20.1,GA	+2.33,+271.1,+20.4,HB	+6.45,+32.1,+20.5,IA	+2.22,+282.8,+25.6,JB	+2.13,+287.7,+25.2,FB	+2.13,+287.9,+25.4,NB	
1701507232.1491513	+6.67,+19.3,+20.1,FA	+2.34,+271.1,+20.4,OB	+6.45,+32.1,+20.5,IA	+2.21,+283.1,+25.6,AB	+2.13,+287.9,+25.2,HB	+2.13,+288.0,+25.3,OB	
1701507294.1575153	+6.67,+19.3,+20.1,FA	+2.33,+271.1,+20.4,HB	+6.45,+32.0,+20.5,HA	+2.21,+283.0,+25.6,@B	+2.13,+287.7,+25.2,FB	+2.13,+288.1,+25.3,NB	
1701507356.167373	+6.67,+19.2,+20.1,GA	+2.33,+271.1,+20.4,HB	+6.45,+32.2,+20.4,KA	+2.21,+283.5,+25.5,FB	+2.13,+287.6,+25.2,GB	+2.15,+286.6,+25.3,AB	
1701507418.172496	+6.67,+19.3,+20.1,FA	+2.34,+271.1,+20.4,OB	+6.45,+32.1,+20.5,IA	+2.22,+283.0,+25.5,@B	+2.14,+287.2,+25.2,DB	+2.15,+286.5,+25.4,EB	
1701507480.1830118	+6.67,+19.3,+20.1,FA	+2.34,+271.1,+20.4,OB	+6.45,+32.1,+20.5,IA	+2.21,+283.5,+25.6,EB	+2.12,+288.0,+25.2,OB	+2.13,+287.9,+25.4,NB	
1701507542.1906974	+6.67,+19.3,+20.1,FA	+2.34,+271.1,+20.4,OB	+6.45,+32.0,+20.5,HA	+2.21,+283.1,+25.6,AB	+2.13,+287.4,+25.2,EB	+2.15,+286.4,+25.4,DB	
1701507604.1960192	+6.67,+19.3,+20.1,FA	+2.34,+271.0,+20.4,NB	+6.45,+32.1,+20.5,IA	+2.21,+283.4,+25.6,DB	+2.13,+287.6,+25.2,GB	+2.15,+286.6,+25.4,FB	
1701507666.2077737	+6.67,+19.3,+20.1,FA	+2.33,+271.1,+20.4,HB	+6.45,+32.1,+20.5,IA	+2.22,+282.9,+25.6,KB	+2.13,+287.4,+25.2,EB	+2.15,+286.5,+25.3,BB	
1701507728.2164838	+6.67,+19.3,+20.1,FA	+2.34,+271.1,+20.4,OB	+6.45,+32.1,+20.5,IA	+2.21,+283.5,+25.6,EB	+2.13,+287.9,+25.2,HB	+2.15,+286.8,+25.4,HB	
1701507790.2296154	+6.67,+19.3,+20.1,FA	+2.33,+271.1,+20.4,HB	+6.45,+32.1,+20.5,IA	+2.21,+283.1,+25.6,AB	+2.13,+287.6,+25.2,GB	+2.15,+286.5,+25.3,BB	
1701507852.2360106	+6.67,+19.3,+20.1,FA	+2.33,+271.1,+20.4,HB	+6.45,+32.1,+20.5,IA	+2.21,+283.0,+25.6,@B	+2.13,+287.6,+25.2,GB	+2.15,+286.5,+25.4,EB	
1701507914.245386	+6.67,+19.3,+20.1,FA	+2.33,+271.1,+20.4,HB	+6.45,+32.1,+20.5,IA	+2.22,+282.7,+25.6,EB	+2.13,+287.6,+25.2,GB	+2.15,+286.5,+25.3,BB	
1701507976.25399	+6.67,+19.3,+20.1,FA	+2.34,+271.1,+20.4,OB	+6.45,+32.1,+20.5,IA	+2.21,+283.3,+25.6,CB	+2.12,+288.0,+25.2,OB	+2.14,+287.5,+25.4,EB	
1701508038.2635214	+6.67,+19.3,+20.1,FA	+2.34,+271.1,+20.4,OB	+6.45,+32.1,+20.5,IA	+2.23,+282.3,+25.6,@B	+2.14,+287.3,+25.2,EB	+2.13,+287.8,+25.3,HB	
1701508100.2718008	+6.67,+19.3,+20.1,FA	+2.34,+271.1,+20.4,OB	+6.45,+32.1,+20.5,IA	+2.23,+282.1,+25.6,BB	+2.13,+287.4,+25.2,EB	+2.15,+286.7,+25.3,@B	
1701508162.2794604	+6.67,+19.3,+20.1,FA	+2.33,+271.1,+20.4,HB	+6.45,+32.1,+20.5,IA	+2.23,+282.1,+25.6,BB	+2.13,+287.4,+25.2,EB	+2.15,+286.9,+25.3,NB	
1701508224.288625	+6.67,+19.3,+20.1,FA	+2.33,+271.2,+20.4,KB	+6.45,+32.1,+20.5,IA	+2.21,+283.3,+25.6,CB	+2.13,+287.9,+25.2,HB	+2.14,+287.4,+25.3,CB	
1701508286.298215	+6.67,+19.3,+20.1,FA	+2.33,+271.1,+20.4,HB	+6.45,+32.1,+20.5,IA	+2.21,+283.2,+25.6,BB	+2.12,+288.0,+25.2,OB	+2.14,+287.2,+25.4,BB	
1701508348.3035424	+6.67,+19.3,+20.1,FA	+2.33,+271.2,+20.4,KB	+6.45,+32.2,+20.5,JA	+2.21,+283.3,+25.6,CB	+2.13,+287.9,+25.2,HB	+2.13,+287.5,+25.3,EB	
1701508410.3122542	+6.67,+19.3,+20.1,FA	+2.33,+271.2,+20.4,KB	+6.45,+32.1,+20.5,IA	+2.23,+282.2,+25.6,AB	+2.14,+287.1,+25.2,GB	+2.13,+287.6,+25.4,AB	
1701508655.9048462	+6.67,+19.3,+20.1,FA	+2.34,+271.1,+20.4,OB	+6.45,+32.1,+20.5,IA	+2.23,+282.1,+25.6,BB	+2.13,+287.8,+25.2,IB	+2.12,+288.2,+25.4,KB	
1701508717.9138076	+6.67,+19.3,+20.1,FA	+2.34,+271.1,+20.4,OB	+6.45,+32.0,+20.5,HA	+2.22,+282.7,+25.5,FB	+2.14,+287.2,+25.2,DB	+2.15,+286.7,+25.4,GB	
1701508779.9226305	+6.67,+19.3,+20.1,FA	+2.33,+271.2,+20.4,KB	+6.45,+32.2,+20.5,JA	+2.23,+282.0,+25.5,@B	+2.13,+287.7,+25.2,FB	+2.13,+287.6,+25.4,AB	
1701508841.9292033	+6.67,+19.3,+20.1,FA	+2.33,+271.2,+20.4,KB	+6.45,+32.1,+20.5,IA	+2.23,+282.0,+25.5,@B	+2.13,+287.4,+25.2,EB	+2.14,+287.0,+25.4,@B	
1701508903.9366853	+6.67,+19.3,+20.1,FA	+2.33,+271.2,+20.4,KB	+6.45,+32.2,+20.5,JA	+2.23,+281.9,+25.6,IB	+2.12,+288.0,+25.2,OB	+2.13,+288.1,+25.4,IB	
1701508965.9462023	+6.67,+19.4,+20.1,AA	+2.34,+271.2,+20.4,LB	+6.45,+32.1,+20.5,IA	+2.24,+281.5,+25.5,AB	+2.13,+287.8,+25.2,IB	+2.13,+287.6,+25.3,FB	
1701509027.9554217	+6.67,+19.4,+20.1,AA	+2.33,+271.2,+20.4,KB	+6.45,+32.1,+20.5,IA	+2.24,+281.6,+25.6,AB	+2.12,+288.0,+25.2,OB	+2.12,+288.3,+25.4,JB	
1701509089.9658954	+6.67,+19.3,+20.1,FA	+2.34,+271.2,+20.4,LB	+6.45,+32.1,+20.5,IA	+2.23,+282.0,+25.6,CB	+2.12,+288.1,+25.2,NB	+2.12,+288.3,+25.3,MB	
1701509151.9737864	+6.67,+19.3,+20.1,FA	+2.34,+271.1,+20.4,OB	+6.45,+32.2,+20.5,JA	+2.22,+282.5,+25.6,GB	+2.14,+287.2,+25.2,DB	+2.14,+287.0,+25.4,@B	
1701509213.9817023	+6.67,+19.3,+20.1,FA	+2.33,+271.2,+20.4,KB	+6.45,+32.1,+20.5,IA	+2.23,+282.4,+25.6,GB	+2.13,+287.6,+25.2,GB	+2.13,+288.0,+25.4,HB	
1701509275.9905956	+6.67,+19.3,+20.1,FA	+2.34,+271.1,+20.4,OB	+6.45,+32.1,+20.5,IA	+2.21,+283.1,+25.5,BB	+2.14,+287.2,+25.2,DB	+2.14,+287.0,+25.4,@B	
1701509337.9981604	+6.67,+19.3,+20.1,FA	+2.34,+271.1,+20.4,OB	+6.45,+32.1,+20.5,IA	+2.21,+283.1,+25.6,AB	+2.14,+287.2,+25.2,DB	+2.14,+287.0,+25.4,@B	
1701509400.0077872	+6.67,+19.3,+20.1,FA	+2.33,+271.2,+20.4,KB	+6.45,+32.0,+20.5,HA	+2.21,+283.1,+25.6,AB	+2.14,+287.2,+25.2,DB	+2.15,+286.9,+25.4,IB	
1701509462.0162296	+6.67,+19.4,+20.1,AA	+2.33,+271.2,+20.4,KB	+6.45,+32.1,+20.5,IA	+2.23,+281.9,+25.6,IB	+2.12,+288.0,+25.2,OB	+2.12,+288.2,+25.4,KB	
1701509524.0238998	+6.67,+19.4,+20.1,AA	+2.34,+271.2,+20.4,LB	+6.45,+32.1,+20.5,IA	+2.22,+282.6,+25.5,GB	+2.13,+287.4,+25.2,EB	+2.15,+286.9,+25.3,NB	
1701509586.035998	+6.67,+19.4,+20.1,AA	+2.33,+271.2,+20.4,KB	+6.45,+32.1,+20.5,IA	+2.22,+282.5,+25.6,GB	+2.13,+287.6,+25.2,GB	+2.13,+287.8,+25.4,OB	
1701509648.044913	+6.67,+19.4,+20.1,AA	+2.33,+271.2,+20.4,KB	+6.45,+32.1,+20.5,IA	+2.21,+283.0,+25.6,@B	+2.14,+287.1,+25.2,GB	+2.15,+286.7,+25.4,GB	
1701509710.0537553	+6.67,+19.4,+20.1,AA	+2.34,+271.1,+20.4,OB	+6.45,+32.1,+20.5,IA	+2.23,+282.2,+25.5,BB	+2.13,+287.4,+25.2,EB	+2.13,+288.0,+25.4,HB	
1701509772.0634363	+6.67,+19.4,+20.1,AA	+2.34,+271.2,+20.4,LB	+6.45,+32.2,+20.5,JA	+2.22,+282.8,+25.6,JB	+2.14,+287.0,+25.2,FB	+2.14,+287.3,+25.4,CB	
1701509834.0714474	+6.67,+19.4,+20.1,AA	+2.34,+271.1,+20.4,OB	+6.45,+32.1,+20.5,IA	+2.22,+282.5,+25.6,GB	+2.14,+287.2,+25.2,DB	+2.13,+287.5,+25.3,EB	
1701509896.079115	+6.67,+19.4,+20.1,AA	+2.33,+271.2,+20.4,KB	+6.45,+32.1,+20.5,IA	+2.24,+281.8,+25.6,OB	+2.12,+288.0,+25.2,OB	+2.13,+287.8,+25.4,OB	
1701509958.0878935	+6.67,+19.4,+20.1,AA	+2.33,+271.2,+20.4,KB	+6.45,+32.1,+20.5,IA	+2.22,+282.5,+25.6,GB	+2.14,+287.3,+25.2,EB	+2.14,+287.5,+25.4,EB	
1701510020.0969582	+6.67,+19.4,+20.1,AA	+2.34,+271.2,+20.4,LB	+6.45,+32.1,+20.5,IA	+2.22,+283.0,+25.6,CB	+2.13,+287.5,+25.2,DB	+2.15,+286.6,+25.3,AB	
1701510082.1052513	+6.67,+19.4,+20.1,AA	+2.34,+271.2,+20.4,LB	+6.45,+32.1,+20.5,IA	+2.24,+281.7,+25.6,@B	+2.13,+287.6,+25.2,GB	+2.12,+288.3,+25.3,MB	
1701510144.114729	+6.67,+19.3,+20.2,EA	+2.34,+271.1,+20.4,OB	+6.45,+32.1,+20.5,IA	+2.23,+282.2,+25.6,AB	+2.14,+287.2,+25.2,DB	+2.13,+287.7,+25.4,@B	
1701510206.1237862	+6.67,+19.3,+20.1,FA	+2.33,+271.2,+20.4,KB	+6.45,+32.1,+20.5,IA	+2.22,+282.9,+25.6,KB	+2.13,+287.5,+25.2,DB	+2.15,+286.6,+25.3,AB	
1701510268.129841	+6.67,+19.4,+20.1,AA	+2.34,+271.1,+20.4,OB	+6.45,+32.1,+20.5,IA	+2.22,+282.6,+25.6,DB	+2.14,+287.2,+25.2,DB	+2.14,+287.1,+25.3,FB	
1701510330.1386373	+6.67,+19.4,+20.1,AA	+2.33,+271.2,+20.4,KB	+6.45,+32.2,+20.5,JA	+2.22,+283.0,+25.6,CB	+2.13,+287.6,+25.2,GB	+2.15,+286.7,+25.3,@B	
1701510392.1476398	+6.66,+19.5,+20.1,AA	+2.34,+271.1,+20.4,OB	+6.45,+32.2,+20.5,JA	+2.23,+281.9,+25.6,IB	+2.13,+287.4,+25.2,EB	+2.13,+288.1,+25.4,IB	
1701510454.156215	+6.67,+19.3,+20.1,FA	+2.33,+271.2,+20.4,KB	+6.45,+32.1,+20.6,JA	+2.22,+282.5,+25.6,GB	+2.12,+288.0,+25.2,OB	+2.14,+287.1,+25.4,AB	
1701510516.1639662	+6.67,+19.4,+20.1,AA	+2.33,+271.2,+20.5,JB	+6.45,+32.2,+20.5,JA	+2.24,+281.6,+25.6,AB	+2.14,+287.3,+25.2,EB	+2.12,+288.2,+25.3,LB	
1701510578.174628	+6.67,+19.4,+20.1,AA	+2.33,+271.2,+20.4,KB	+6.45,+32.1,+20.5,IA	+2.24,+281.6,+25.6,AB	+2.14,+287.2,+25.2,DB	+2.12,+288.2,+25.4,KB	
1701510640.181606	+6.67,+19.3,+20.2,EA	+2.34,+271.2,+20.4,LB	+6.45,+32.1,+20.5,IA	+2.23,+282.1,+25.6,BB	+2.14,+287.1,+25.2,GB	+2.13,+287.7,+25.4,@B	
1701510702.1882672	+6.67,+19.4,+20.2,BA	+2.34,+271.2,+20.4,LB	+6.45,+32.1,+20.5,IA	+2.22,+282.8,+25.5,IB	+2.13,+287.6,+25.2,GB	+2.15,+286.7,+25.4,GB	
1701510764.1971135	+6.67,+19.4,+20.2,BA	+2.34,+271.2,+20.4,LB	+6.45,+32.2,+20.5,JA	+2.23,+282.0,+25.5,@B	+2.13,+287.8,+25.2,IB	+2.13,+287.6,+25.3,FB	
1701510826.2057788	+6.67,+19.4,+20.2,BA	+2.34,+271.2,+20.5,MB	+6.45,+32.2,+20.6,IA	+2.24,+281.5,+25.6,BB	+2.14,+287.4,+25.2,BB	+2.12,+288.3,+25.4,JB	
1701510888.2154217	+6.67,+19.4,+20.2,BA	+2.33,+271.2,+20.4,KB	+6.45,+32.2,+20.5,JA	+2.24,+281.5,+25.5,AB	+2.14,+287.2,+25.2,DB	+2.12,+288.4,+25.3,JB	
1701510950.2234156	+6.67,+19.4,+20.1,AA	+2.33,+271.2,+20.4,KB	+6.45,+32.1,+20.5,IA	+2.23,+282.2,+25.5,BB	+2.14,+287.2,+25.2,DB	+2.14,+287.3,+25.4,CB	
1701511012.2328162	+6.67,+19.4,+20.2,BA	+2.33,+271.2,+20.5,JB	+6.45,+32.1,+20.5,IA	+2.23,+281.9,+25.5,JB	+2.14,+287.1,+25.2,GB	+2.13,+287.6,+25.3,FB	
1701511074.243467	+6.67,+19.4,+20.1,AA	+2.33,+271.2,+20.4,KB	+6.45,+32.2,+20.6,IA	+2.23,+282.3,+25.5,CB	+2.14,+287.1,+25.2,GB	+2.13,+287.6,+25.4,AB	
1701511136.25164	+6.67,+19.4,+20.2,BA	+2.34,+271.2,+20.5,MB	+6.45,+32.1,+20.6,JA	+2.23,+282.1,+25.5,AB	+2.13,+287.7,+25.2,FB	+2.13,+287.5,+25.3,EB	
1701511198.2599664	+6.67,+19.4,+20.2,BA	+2.33,+271.2,+20.4,KB	+6.45,+32.2,+20.6,IA	+2.23,+281.9,+25.5,JB	+2.14,+287.1,+25.2,GB	+2.13,+287.6,+25.3,FB	
1701511260.269322	+6.67,+19.4,+20.2,BA	+2.33,+271.2,+20.4,KB	+6.45,+32.1,+20.6,JA	+2.23,+281.9,+25.6,IB	+2.13,+287.4,+25.2,EB	+2.13,+287.8,+25.4,OB	
1701511322.2766333	+6.67,+19.4,+20.2,BA	+2.33,+271.2,+20.5,JB	+6.45,+32.1,+20.6,JA	+2.22,+282.6,+25.6,DB	+2.13,+287.8,+25.2,IB	+2.15,+286.7,+25.4,GB	
1701511384.284141	+6.67,+19.3,+20.2,EA	+2.33,+271.2,+20.4,KB	+6.45,+32.2,+20.6,IA	+2.22,+282.6,+25.6,DB	+2.13,+287.7,+25.2,FB	+2.15,+286.7,+25.4,GB	
1701511446.2957337	+6.67,+19.4,+20.2,BA	+2.34,+271.2,+20.5,MB	+6.45,+32.1,+20.6,JA	+2.23,+281.9,+25.5,JB	+2.13,+287.5,+25.2,DB	+2.14,+287.2,+25.4,BB	
1701511508.305159	+6.67,+19.4,+20.2,BA	+2.33,+271.2,+20.5,JB	+6.45,+32.1,+20.6,JA	+2.23,+282.2,+25.6,AB	+2.13,+287.7,+25.2,FB	+2.15,+286.9,+25.3,NB	
1701511570.3148937	+6.67,+19.4,+20.2,BA	+2.34,+271.2,+20.4,LB	+6.45,+32.1,+20.6,JA	+2.24,+281.5,+25.6,BB	+2.14,+287.2,+25.2,DB	+2.12,+288.3,+25.3,MB	
1701511632.3234463	+6.67,+19.4,+20.2,BA	+2.33,+271.2,+20.5,JB	+6.45,+32.2,+20.6,IA	+2.24,+281.3,+25.5,GB	+2.14,+287.2,+25.2,DB	+2.12,+288.2,+25.3,LB	
1701511694.3313794	+6.67,+19.4,+20.2,BA	+2.33,+271.2,+20.5,JB	+6.45,+32.2,+20.6,IA	+2.24,+281.3,+25.6,DB	+2.14,+287.1,+25.2,GB	+2.12,+288.4,+25.4,MB	
1701511756.3416264	+6.67,+19.4,+20.2,BA	+2.33,+271.2,+20.5,JB	+6.45,+32.2,+20.6,IA	+2.24,+281.3,+25.6,DB	+2.13,+287.4,+25.2,EB	+2.13,+288.0,+25.3,OB	
1701511818.3511953	+6.67,+19.4,+20.2,BA	+2.33,+271.2,+20.5,JB	+6.45,+32.1,+20.6,JA	+2.23,+281.9,+25.6,IB	+2.13,+287.8,+25.2,IB	+2.14,+287.3,+25.4,CB	
1701511880.3569403	+6.67,+19.4,+20.2,BA	+2.34,+271.2,+20.5,MB	+6.45,+32.1,+20.6,JA	+2.24,+281.4,+25.6,CB	+2.13,+287.5,+25.2,DB	+2.13,+288.0,+25.3,OB	
1701511942.3662462	+6.67,+19.4,+20.2,BA	+2.33,+271.3,+20.5,KB	+6.45,+32.1,+20.6,JA	+2.24,+281.3,+25.6,DB	+2.13,+287.5,+25.2,DB	+2.13,+287.9,+25.3,IB	
1701512004.3753645	+6.67,+19.4,+20.1,AA	+2.33,+271.2,+20.4,KB	+6.45,+32.1,+20.6,JA	+2.23,+282.3,+25.6,@B	+2.13,+287.5,+25.2,DB	+2.14,+287.4,+25.3,CB	
1701512066.3849652	+6.67,+19.4,+20.1,AA	+2.33,+271.3,+20.5,KB	+6.45,+32.1,+20.6,JA	+2.24,+281.7,+25.6,@B	+2.14,+287.2,+25.2,DB	+2.12,+288.4,+25.4,MB	
1701512128.3937235	+6.67,+19.3,+20.1,FA	+2.33,+271.2,+20.5,JB	+6.45,+32.1,+20.6,JA	+2.24,+281.5,+25.5,AB	+2.13,+287.4,+25.2,EB	+2.12,+288.4,+25.3,JB	
1701512190.4028301	+6.67,+19.4,+20.2,BA	+2.33,+271.2,+20.4,KB	+6.45,+32.1,+20.6,JA	+2.25,+281.2,+25.6,DB	+2.13,+287.6,+25.2,GB	+2.12,+288.2,+25.4,KB	
1701512252.4125187	+6.67,+19.4,+20.2,BA	+2.34,+271.2,+20.5,MB	+6.45,+32.2,+20.6,IA	+2.24,+281.6,+25.6,AB	+2.13,+287.4,+25.2,EB	+2.12,+288.4,+25.3,JB	
1701512498.0237038	+6.67,+19.4,+20.1,AA	+2.33,+271.2,+20.5,JB	+6.45,+32.1,+20.6,JA	+2.25,+281.2,+25.5,GB	+2.13,+287.9,+25.2,HB	+2.12,+288.1,+25.3,OB	
1701512560.0357668	+6.67,+19.4,+20.2,BA	+2.33,+271.2,+20.5,JB	+6.45,+32.2,+20.6,IA	+2.24,+281.3,+25.5,GB	+2.12,+288.1,+25.2,NB	+2.13,+287.8,+25.3,HB	
1701512622.0440476	+6.67,+19.4,+20.2,BA	+2.33,+271.3,+20.5,KB	+6.45,+32.1,+20.6,JA	+2.23,+282.2,+25.6,AB	+2.13,+287.4,+25.2,EB	+2.13,+287.7,+25.3,GB	
1701512684.052327	+6.67,+19.4,+20.2,BA	+2.33,+271.2,+20.5,JB	+6.45,+32.1,+20.6,JA	+2.22,+282.5,+25.5,DB	+2.13,+287.7,+25.2,FB	+2.14,+287.1,+25.4,AB	
1701512746.0606306	+6.67,+19.3,+20.2,EA	+2.33,+271.3,+20.5,KB	+6.45,+32.1,+20.6,JA	+2.23,+281.8,+25.5,KB	+2.12,+288.0,+25.2,OB	+2.15,+286.7,+25.3,@B	
1701512808.0706844	+6.67,+19.4,+20.2,BA	+2.33,+271.3,+20.5,KB	+6.45,+32.1,+20.6,JA	+2.24,+281.4,+25.6,CB	+2.12,+288.3,+25.2,LB	+2.14,+287.0,+25.4,@B	
1701512870.0797412	+6.67,+19.4,+20.2,BA	+2.33,+271.3,+20.5,KB	+6.45,+32.1,+20.6,JA	+2.23,+282.2,+25.6,AB	+2.13,+287.8,+25.2,IB	+2.15,+286.5,+25.4,EB	
1701512932.0889542	+6.67,+19.4,+20.2,BA	+2.33,+271.3,+20.5,KB	+6.45,+32.2,+20.6,IA	+2.24,+281.4,+25.6,CB	+2.13,+288.0,+25.2,NB	+2.12,+288.2,+25.4,KB	
1701512994.0956686	+6.67,+19.4,+20.2,BA	+2.33,+271.3,+20.5,KB	+6.45,+32.1,+20.6,JA	+2.25,+281.2,+25.5,GB	+2.12,+288.3,+25.2,LB	+2.14,+287.4,+25.3,CB	
1701513056.1066854	+6.67,+19.4,+20.2,BA	+2.33,+271.3,+20.5,KB	+6.45,+32.2,+20.6,IA	+2.25,+281.1,+25.5,DB	+2.12,+288.2,+25.2,MB	+2.13,+288.0,+25.4,HB	
1701513118.115927	+6.67,+19.4,+20.2,BA	+2.33,+271.2,+20.5,JB	+6.45,+32.1,+20.6,JA	+2.24,+281.4,+25.6,CB	+2.12,+288.0,+25.2,OB	+2.14,+287.1,+25.4,AB	
1701513180.1242487	+6.67,+19.4,+20.2,BA	+2.33,+271.3,+20.5,KB	+6.45,+32.1,+20.6,JA	+2.23,+281.9,+25.6,IB	+2.13,+287.7,+25.2,FB	+2.15,+286.8,+25.3,OB	
1701513242.1325238	+6.67,+19.4,+20.2,BA	+2.33,+271.2,+20.5,JB	+6.45,+32.1,+20.6,JA	+2.23,+282.2,+25.6,AB	+2.13,+287.6,+25.2,GB	+2.14,+287.0,+25.4,@B	
1701513304.1386855	+6.67,+19.4,+20.2,BA	+2.33,+271.2,+20.5,JB	+6.45,+32.2,+20.6,IA	+2.25,+281.1,+25.5,DB	+2.12,+288.3,+25.2,LB	+2.13,+287.8,+25.4,OB	
1701513366.1491985	+6.66,+19.5,+20.2,BA	+2.33,+271.2,+20.5,JB	+6.45,+32.2,+20.6,IA	+2.24,+281.3,+25.6,DB	+2.12,+288.1,+25.2,NB	+2.14,+287.3,+25.4,CB	
1701513428.1594083	+6.67,+19.4,+20.2,BA	+2.34,+271.2,+20.5,MB	+6.45,+32.1,+20.6,JA	+2.23,+282.3,+25.6,@B	+2.13,+287.5,+25.2,DB	+2.14,+287.4,+25.4,DB	
1701513490.166259	+6.67,+19.4,+20.2,BA	+2.33,+271.3,+20.5,KB	+6.45,+32.2,+20.6,IA	+2.23,+281.9,+25.6,IB	+2.13,+287.6,+25.2,GB	+2.15,+286.9,+25.3,NB	
1701513552.1763082	+6.66,+19.5,+20.2,BA	+2.34,+271.2,+20.5,MB	+6.45,+32.1,+20.6,JA	+2.25,+281.1,+25.6,GB	+2.12,+288.1,+25.2,NB	+2.14,+287.5,+25.4,EB	
1701513614.1841908	+6.67,+19.4,+20.2,BA	+2.33,+271.2,+20.5,JB	+6.45,+32.2,+20.6,IA	+2.24,+281.3,+25.5,GB	+2.12,+288.0,+25.2,OB	+2.14,+287.3,+25.4,CB	
1701513676.1926258	+6.67,+19.4,+20.2,BA	+2.33,+271.3,+20.5,KB	+6.45,+32.1,+20.6,JA	+2.24,+281.8,+25.6,OB	+2.12,+288.2,+25.2,MB	+2.12,+288.6,+25.4,OB	
1701513738.2010982	+6.67,+19.5,+20.2,CA	+2.33,+271.3,+20.5,KB	+6.45,+32.1,+20.6,JA	+2.24,+281.4,+25.5,@B	+2.12,+288.2,+25.2,MB	+2.12,+288.5,+25.4,LB	
1701513800.2105753	+6.66,+19.5,+20.2,BA	+2.33,+271.3,+20.5,KB	+6.45,+32.1,+20.6,JA	+2.25,+281.2,+25.6,DB	+2.13,+287.8,+25.2,IB	+2.14,+287.3,+25.3,DB	
1701513862.2204266	+6.66,+19.5,+20.2,BA	+2.33,+271.3,+20.5,KB	+6.45,+32.2,+20.6,IA	+2.24,+281.4,+25.6,CB	+2.12,+288.2,+25.2,MB	+2.12,+288.6,+25.4,OB	
1701513924.2276876	+6.66,+19.5,+20.2,BA	+2.33,+271.2,+20.5,JB	+6.45,+32.2,+20.6,IA	+2.25,+281.0,+25.6,FB	+2.13,+287.8,+25.2,IB	+2.13,+287.6,+25.3,FB	
1701513986.2324994	+6.66,+19.5,+20.2,BA	+2.33,+271.3,+20.5,KB	+6.45,+32.2,+20.6,IA	+2.24,+281.6,+25.6,AB	+2.12,+288.3,+25.2,LB	+2.11,+288.7,+25.3,JB	
1701514048.2415483	+6.66,+19.5,+20.2,BA	+2.33,+271.3,+20.5,KB	+6.45,+32.2,+20.6,IA	+2.24,+281.6,+25.5,BB	+2.12,+288.3,+25.2,LB	+2.12,+288.6,+25.4,OB	
1701514110.2497268	+6.66,+19.5,+20.2,BA	+2.33,+271.3,+20.5,KB	+6.45,+32.2,+20.6,IA	+2.25,+281.1,+25.5,DB	+2.12,+288.1,+25.2,NB	+2.12,+288.2,+25.4,KB	
1701514172.2568889	+6.66,+19.5,+20.2,BA	+2.33,+271.3,+20.5,KB	+6.45,+32.2,+20.6,IA	+2.24,+281.8,+25.5,LB	+2.12,+288.2,+25.2,MB	+2.12,+288.7,+25.3,IB	
1701514234.2666738	+6.67,+19.5,+20.2,CA	+2.33,+271.3,+20.5,KB	+6.45,+32.2,+20.6,IA	+2.24,+281.6,+25.6,AB	+2.12,+288.3,+25.2,LB	+2.12,+288.6,+25.3,HB	
1701514296.2746668	+6.67,+19.5,+20.2,CA	+2.33,+271.3,+20.5,KB	+6.45,+32.2,+20.6,IA	+2.23,+282.2,+25.6,AB	+2.12,+288.2,+25.2,MB	+2.12,+288.5,+25.4,LB	
1701514358.283655	+6.66,+19.5,+20.2,BA	+2.33,+271.3,+20.5,KB	+6.44,+32.3,+20.6,IA	+2.23,+281.9,+25.6,IB	+2.12,+288.4,+25.2,KB	+2.12,+288.7,+25.3,IB	
1701514420.2916791	+6.66,+19.5,+20.2,BA	+2.33,+271.3,+20.5,KB	+6.45,+32.2,+20.6,IA	+2.24,+281.5,+25.6,BB	+2.13,+287.5,+25.2,DB	+2.14,+287.0,+25.3,GB	
1701514482.3001575	+6.66,+19.5,+20.2,BA	+2.33,+271.3,+20.5,KB	+6.45,+32.2,+20.6,IA	+2.23,+282.4,+25.6,GB	+2.12,+288.1,+25.2,NB	+2.13,+287.9,+25.4,NB	
1701514544.3087184	+6.66,+19.5,+20.2,BA	+2.33,+271.3,+20.5,KB	+6.45,+32.2,+20.6,IA	+2.23,+282.3,+25.6,@B	+2.13,+288.0,+25.2,NB	+2.13,+287.8,+25.4,OB	
1701514606.3194654	+6.66,+19.5,+20.2,BA	+2.33,+271.3,+20.5,KB	+6.45,+32.2,+20.6,IA	+2.24,+281.2,+25.6,EB	+2.13,+287.5,+25.2,DB	+2.14,+287.1,+25.4,AB	
1701514668.3282158	+6.66,+19.5,+20.2,BA	+2.33,+271.3,+20.5,KB	+6.45,+32.2,+20.6,IA	+2.24,+281.4,+25.6,CB	+2.13,+287.6,+25.2,GB	+2.14,+287.0,+25.3,GB	
1701514730.3395917	+6.66,+19.5,+20.2,BA	+2.33,+271.2,+20.5,JB	+6.45,+32.3,+20.6,HA	+2.25,+281.1,+25.6,GB	+2.13,+287.9,+25.2,HB	+2.13,+288.1,+25.3,NB	
1701514792.3469942	+6.66,+19.5,+20.2,BA	+2.33,+271.3,+20.5,KB	+6.45,+32.2,+20.6,IA	+2.25,+281.0,+25.6,FB	+2.13,+287.7,+25.2,FB	+2.13,+288.0,+25.4,HB	
1701514854.3557012	+6.66,+19.5,+20.2,BA	+2.33,+271.3,+20.5,KB	+6.45,+32.2,+20.6,IA	+2.23,+282.1,+25.5,AB	+2.13,+287.6,+25.2,GB	+2.12,+288.7,+25.3,IB	
1701514916.3653052	+6.67,+19.4,+20.2,BA	+2.33,+271.3,+20.5,KB	+6.45,+32.2,+20.6,IA	+2.23,+281.9,+25.5,JB	+2.12,+288.2,+25.2,MB	+2.11,+288.7,+25.4,MB	
1701514978.3746462	+6.66,+19.5,+20.2,BA	+2.33,+271.3,+20.5,KB	+6.45,+32.2,+20.6,IA	+2.23,+282.0,+25.6,CB	+2.12,+288.3,+25.2,LB	+2.12,+288.7,+25.3,IB	
1701515040.383017	+6.66,+19.5,+20.2,BA	+2.33,+271.3,+20.5,KB	+6.45,+32.2,+20.6,IA	+2.24,+281.7,+25.6,@B	+2.13,+287.9,+25.2,HB	+2.12,+288.6,+25.4,OB	
1701515102.3903883	+6.66,+19.5,+20.2,BA	+2.33,+271.3,+20.5,KB	+6.45,+32.3,+20.6,HA	+2.23,+281.9,+25.6,IB	+2.12,+288.1,+25.2,NB	+2.12,+288.7,+25.4,NB	
1701515164.398488	+6.66,+19.5,+20.2,BA	+2.33,+271.3,+20.5,KB	+6.45,+32.2,+20.6,IA	+2.24,+281.6,+25.6,AB	+2.12,+288.1,+25.2,NB	+2.14,+287.1,+25.4,AB	
1701515226.41137	+6.66,+19.5,+20.2,BA	+2.33,+271.3,+20.5,KB	+6.45,+32.2,+20.6,IA	+2.24,+281.3,+25.5,GB	+2.12,+288.2,+25.2,MB	+2.14,+287.0,+25.4,@B	
1701515288.4219298	+6.66,+19.6,+20.2,AA	+2.33,+271.3,+20.5,KB	+6.45,+32.2,+20.6,IA	+2.24,+281.7,+25.6,@B	+2.13,+287.9,+25.2,HB	+2.14,+287.2,+25.4,BB	
1701515350.4330947	+6.66,+19.5,+20.2,BA	+2.33,+271.3,+20.5,KB	+6.45,+32.3,+20.6,HA	+2.23,+282.3,+25.6,@B	+2.13,+287.5,+25.2,DB	+2.13,+287.9,+25.4,NB	
1701515412.4421923	+6.66,+19.5,+20.2,BA	+2.33,+271.3,+20.5,KB	+6.45,+32.2,+20.6,IA	+2.23,+282.3,+25.6,@B	+2.13,+287.9,+25.2,HB	+2.12,+288.6,+25.4,OB	
1701515474.4520743	+6.66,+19.5,+20.2,BA	+2.33,+271.3,+20.5,KB	+6.44,+32.3,+20.6,IA	+2.24,+281.4,+25.6,CB	+2.12,+288.4,+25.2,KB	+2.12,+288.1,+25.3,OB	
1701515536.4614463	+6.66,+19.5,+20.2,BA	+2.33,+271.3,+20.5,KB	+6.45,+32.2,+20.6,IA	+2.23,+282.1,+25.5,AB	+2.13,+287.5,+25.2,DB	+2.13,+287.9,+25.4,NB	
1701515598.4700024	+6.66,+19.5,+20.2,BA	+2.33,+271.3,+20.5,KB	+6.44,+32.3,+20.6,IA	+2.24,+281.5,+25.6,BB	+2.13,+287.8,+25.2,IB	+2.14,+287.2,+25.3,EB	
1701515660.475401	+6.66,+19.6,+20.2,AA	+2.33,+271.3,+20.5,KB	+6.44,+32.3,+20.6,IA	+2.24,+281.2,+25.6,EB	+2.13,+287.9,+25.2,HB	+2.14,+287.1,+25.4,AB	
1701515722.482604	+6.66,+19.5,+20.2,BA	+2.33,+271.3,+20.5,KB	+6.45,+32.3,+20.6,HA	+2.23,+282.4,+25.6,GB	+2.13,+287.8,+25.2,IB	+2.12,+288.4,+25.4,MB	
1701515784.4918072	+6.66,+19.5,+20.2,BA	+2.33,+271.3,+20.5,KB	+6.44,+32.3,+20.6,IA	+2.23,+282.0,+25.6,CB	+2.12,+288.3,+25.2,LB	+2.12,+288.7,+25.4,NB	
1701515846.494083	+6.66,+19.5,+20.2,BA	+2.33,+271.3,+20.5,KB	+6.44,+32.3,+20.6,IA	+2.25,+281.2,+25.5,GB	+2.12,+288.3,+25.2,LB	+2.13,+287.6,+25.4,AB	
1701515908.5039485	+6.66,+19.6,+20.2,AA	+2.33,+271.3,+20.5,KB	+6.45,+32.2,+20.6,IA	+2.24,+281.7,+25.6,@B	+2.13,+287.6,+25.2,GB	+2.13,+287.6,+25.3,FB	
1701515970.512269	+6.66,+19.5,+20.2,BA	+2.33,+271.3,+20.5,KB	+6.45,+32.3,+20.6,HA	+2.25,+281.2,+25.6,DB	+2.12,+288.1,+25.2,NB	+2.13,+287.6,+25.3,FB	
1701516032.5247686	+6.66,+19.5,+20.2,BA	+2.33,+271.3,+20.5,KB	+6.45,+32.2,+20.6,IA	+2.25,+281.1,+25.5,DB	+2.12,+288.2,+25.2,MB	+2.13,+287.6,+25.3,FB	
1701516094.534769	+6.66,+19.6,+20.1,BA	+2.33,+271.3,+20.5,KB	+6.44,+32.3,+20.6,IA	+2.23,+282.0,+25.6,CB	+2.12,+288.5,+25.2,JB	+2.12,+288.7,+25.3,IB	
1701516340.0928314	+6.66,+19.6,+20.2,AA	+2.33,+271.4,+20.5,LB	+6.45,+32.2,+20.6,IA	+2.25,+281.2,+25.5,GB	+2.13,+287.6,+25.2,GB	+2.14,+287.2,+25.3,EB	
1701516402.1014335	+6.66,+19.6,+20.2,AA	+2.33,+271.3,+20.5,KB	+6.45,+32.2,+20.6,IA	+2.25,+281.1,+25.6,GB	+2.13,+287.7,+25.2,FB	+2.14,+287.2,+25.4,BB	
1701516464.1106243	+6.66,+19.6,+20.2,AA	+2.33,+271.3,+20.5,KB	+6.44,+32.3,+20.6,IA	+2.23,+282.1,+25.6,BB	+2.12,+288.0,+25.2,OB	+2.12,+288.3,+25.4,JB	
1701516526.1207793	+6.66,+19.6,+20.2,AA	+2.33,+271.3,+20.5,KB	+6.44,+32.3,+20.6,IA	+2.25,+281.1,+25.6,GB	+2.13,+287.7,+25.2,FB	+2.14,+287.3,+25.3,DB	
1701516588.1298022	+6.66,+19.6,+20.2,AA	+2.33,+271.3,+20.5,KB	+6.44,+32.3,+20.6,IA	+2.23,+281.9,+25.6,IB	+2.12,+288.4,+25.2,KB	+2.11,+288.9,+25.4,CB	
1701516650.1372266	+6.66,+19.6,+20.2,AA	+2.33,+271.3,+20.5,KB	+6.44,+32.3,+20.6,IA	+2.24,+281.6,+25.5,BB	+2.12,+288.1,+25.2,NB	+2.13,+288.1,+25.3,NB	
1701516712.147431	+6.66,+19.6,+20.2,AA	+2.33,+271.3,+20.5,KB	+6.45,+32.3,+20.6,HA	+2.23,+282.2,+25.6,AB	+2.12,+288.3,+25.2,LB	+2.11,+288.8,+25.4,BB	
1701516774.1575336	+6.66,+19.6,+20.2,AA	+2.33,+271.3,+20.5,KB	+6.45,+32.2,+20.6,IA	+2.24,+281.5,+25.5,AB	+2.12,+288.0,+25.2,OB	+2.13,+288.0,+25.4,HB	
1701516836.1686788	+6.66,+19.6,+20.2,AA	+2.33,+271.3,+20.5,KB	+6.44,+32.3,+20.6,IA	+2.24,+281.5,+25.6,BB	+2.13,+287.9,+25.2,HB	+2.13,+287.8,+25.3,HB	
1701516898.175806	+6.66,+19.6,+20.2,AA	+2.33,+271.4,+20.5,LB	+6.45,+32.2,+20.6,IA	+2.24,+281.6,+25.6,AB	+2.12,+288.0,+25.2,OB	+2.13,+288.1,+25.3,NB	
1701516960.186404	+6.66,+19.6,+20.2,AA	+2.33,+271.3,+20.5,KB	+6.44,+32.3,+20.6,IA	+2.26,+280.2,+25.6,FB	+2.13,+287.9,+25.2,HB	+2.13,+287.5,+25.3,EB	
1701517022.1937916	+6.66,+19.6,+20.2,AA	+2.33,+271.3,+20.5,KB	+6.45,+32.2,+20.6,IA	+2.27,+279.8,+25.6,KB	+2.13,+287.9,+25.2,HB	+2.13,+287.7,+25.4,@B	
1701517084.201806	+6.66,+19.6,+20.2,AA	+2.33,+271.4,+20.5,LB	+6.45,+32.3,+20.6,HA	+2.27,+279.9,+25.5,IB	+2.13,+287.9,+25.2,HB	+2.13,+287.9,+25.3,IB	
1701517146.21297	+6.66,+19.6,+20.2,AA	+2.33,+271.3,+20.5,KB	+6.44,+32.3,+20.6,IA	+2.27,+279.7,+25.5,GB	+2.13,+287.7,+25.2,FB	+2.13,+287.6,+25.3,FB	
1701517208.2223687	+6.66,+19.6,+20.2,AA	+2.33,+271.3,+20.5,KB	+6.45,+32.2,+20.6,IA	+2.28,+279.4,+25.6,HB	+2.13,+287.8,+25.2,IB	+2.14,+287.2,+25.3,EB	
1701517270.231759	+6.66,+19.7,+20.2,@A	+2.33,+271.4,+20.5,LB	+6.44,+32.3,+20.6,IA	+2.27,+279.5,+25.6,FB	+2.13,+287.7,+25.2,FB	+2.15,+286.9,+25.3,NB	
1701517332.2412348	+6.66,+19.6,+20.2,AA	+2.33,+271.4,+20.5,LB	+6.45,+32.3,+20.6,HA	+2.26,+280.2,+25.6,FB	+2.12,+288.4,+25.2,KB	+2.12,+288.3,+25.3,MB	
1701517394.2511787	+6.66,+19.6,+20.2,AA	+2.33,+271.3,+20.5,KB	+6.45,+32.2,+20.6,IA	+2.25,+280.7,+25.6,@B	+2.12,+288.2,+25.2,MB	+2.11,+288.8,+25.4,BB	
1701517456.2603111	+6.66,+19.6,+20.2,AA	+2.33,+271.3,+20.5,KB	+6.44,+32.3,+20.6,IA	+2.28,+279.4,+25.5,KB	+2.13,+287.7,+25.2,FB	+2.14,+287.1,+25.3,FB	
1701517518.2704127	+6.66,+19.7,+20.2,@A	+2.33,+271.4,+20.5,LB	+6.45,+32.3,+20.6,HA	+2.25,+280.7,+25.6,@B	+2.12,+288.3,+25.2,LB	+2.12,+288.6,+25.3,HB	
1701517580.2806187	+6.66,+19.6,+20.2,AA	+2.33,+271.4,+20.5,LB	+6.44,+32.3,+20.6,IA	+2.27,+279.7,+25.6,DB	+2.12,+288.3,+25.2,LB	+2.13,+287.6,+25.4,AB	
1701517642.29002	+6.66,+19.6,+20.2,AA	+2.33,+271.3,+20.5,KB	+6.45,+32.2,+20.6,IA	+2.26,+280.1,+25.6,EB	+2.13,+287.8,+25.2,IB	+2.13,+287.9,+25.3,IB	
1701517704.3003504	+6.66,+19.6,+20.2,AA	+2.33,+271.3,+20.5,KB	+6.45,+32.3,+20.6,HA	+2.27,+280.0,+25.6,EB	+2.13,+287.7,+25.2,FB	+2.13,+287.8,+25.3,HB	
1701517766.3080196	+6.66,+19.7,+20.2,@A	+2.33,+271.4,+20.5,LB	+6.44,+32.3,+20.6,IA	+2.27,+280.0,+25.6,EB	+2.12,+288.5,+25.2,JB	+2.12,+288.2,+25.4,KB	
1701517828.3165658	+6.66,+19.6,+20.2,AA	+2.33,+271.3,+20.5,KB	+6.45,+32.2,+20.6,IA	+2.27,+279.9,+25.6,JB	+2.13,+287.6,+25.2,GB	+2.13,+287.6,+25.3,FB	
1701517890.3259583	+6.66,+19.6,+20.2,AA	+2.33,+271.4,+20.5,LB	+6.45,+32.2,+20.6,IA	+2.27,+279.9,+25.6,JB	+2.12,+288.4,+25.2,KB	+2.12,+288.2,+25.3,LB	
1701517952.3351157	+6.66,+19.7,+20.2,@A	+2.33,+271.4,+20.5,LB	+6.44,+32.3,+20.6,IA	+2.27,+279.5,+25.6,FB	+2.12,+288.0,+25.2,OB	+2.14,+287.2,+25.4,BB	
1701518014.3443754	+6.66,+19.6,+20.2,AA	+2.33,+271.3,+20.5,KB	+6.44,+32.3,+20.6,IA	+2.26,+280.3,+25.6,GB	+2.13,+287.7,+25.2,FB	+2.13,+287.9,+25.4,NB	
1701518076.3520381	+6.66,+19.6,+20.2,AA	+2.33,+271.4,+20.5,LB	+6.44,+32.3,+20.6,IA	+2.27,+279.6,+25.6,EB	+2.12,+288.5,+25.2,JB	+2.14,+287.4,+25.4,DB	
1701518138.360248	+6.66,+19.6,+20.2,AA	+2.33,+271.3,+20.5,KB	+6.45,+32.2,+20.6,IA	+2.26,+280.1,+25.6,EB	+2.13,+287.9,+25.2,HB	+2.14,+287.5,+25.4,EB	
1701518200.369959	+6.66,+19.7,+20.2,@A	+2.33,+271.3,+20.5,KB	+6.44,+32.3,+20.6,IA	+2.27,+279.7,+25.5,GB	+2.12,+288.1,+25.2,NB	+2.14,+287.2,+25.4,BB	
1701518262.379067	+6.66,+19.7,+20.2,@A	+2.33,+271.3,+20.5,KB	+6.44,+32.3,+20.6,IA	+2.27,+279.7,+25.5,GB	+2.12,+288.1,+25.2,NB	+2.14,+287.2,+25.4,BB	
1701518324.3880997	+6.66,+19.7,+20.2,@A	+2.33,+271.4,+20.5,LB	+6.44,+32.3,+20.6,IA	+2.26,+280.3,+25.5,DB	+2.13,+287.9,+25.2,HB	+2.13,+287.6,+25.4,AB	
1701518386.396653	+6.66,+19.7,+20.2,@A	+2.33,+271.3,+20.5,KB	+6.44,+32.3,+20.5,JA	+2.25,+281.0,+25.5,EB	+2.13,+287.6,+25.2,GB	+2.12,+288.4,+25.4,MB	
1701518448.4058766	+6.66,+19.7,+20.2,@A	+2.33,+271.3,+20.5,KB	+6.44,+32.3,+20.6,IA	+2.26,+280.2,+25.5,EB	+2.12,+288.3,+25.2,LB	+2.12,+288.4,+25.4,MB	
1701518510.4156787	+6.66,+19.6,+20.2,AA	+2.33,+271.3,+20.5,KB	+6.45,+32.3,+20.6,HA	+2.26,+280.1,+25.6,EB	+2.12,+288.1,+25.2,NB	+2.11,+288.8,+25.4,BB	
1701518572.4244456	+6.66,+19.7,+20.2,@A	+2.33,+271.4,+20.5,LB	+6.44,+32.3,+20.6,IA	+2.25,+281.0,+25.5,EB	+2.13,+287.7,+25.2,FB	+2.11,+288.9,+25.4,CB	
1701518634.432977	+6.66,+19.7,+20.2,@A	+2.33,+271.4,+20.5,LB	+6.45,+32.3,+20.6,HA	+2.26,+280.2,+25.6,FB	+2.12,+288.3,+25.2,LB	+2.12,+288.3,+25.4,JB	
1701518696.4408371	+6.66,+19.7,+20.2,@A	+2.33,+271.3,+20.5,KB	+6.44,+32.3,+20.6,IA	+2.25,+281.0,+25.5,EB	+2.13,+287.8,+25.2,IB	+2.11,+288.8,+25.4,BB	
1701518758.4514444	+6.66,+19.6,+20.2,AA	+2.33,+271.3,+20.5,KB	+6.45,+32.3,+20.5,KA	+2.27,+280.0,+25.6,EB	+2.12,+288.4,+25.2,KB	+2.14,+287.3,+25.4,CB	
1701518820.457723	+6.66,+19.7,+20.2,@A	+2.33,+271.3,+20.5,KB	+6.45,+32.2,+20.6,IA	+2.25,+280.9,+25.5,MB	+2.13,+287.9,+25.2,HB	+2.12,+288.2,+25.4,KB	
1701518882.4652648	+6.66,+19.7,+20.2,@A	+2.33,+271.3,+20.5,KB	+6.45,+32.2,+20.5,JA	+2.25,+281.0,+25.6,FB	+2.13,+287.8,+25.2,IB	+2.12,+288.5,+25.3,KB	
1701518944.4717705	+6.66,+19.7,+20.1,CA	+2.33,+271.3,+20.5,KB	+6.45,+32.3,+20.6,HA	+2.27,+279.9,+25.5,IB	+2.12,+288.3,+25.2,LB	+2.13,+288.0,+25.4,HB	
1701519006.4841928	+6.66,+19.7,+20.2,@A	+2.33,+271.4,+20.5,LB	+6.45,+32.3,+20.6,HA	+2.26,+280.5,+25.6,AB	+2.12,+288.3,+25.2,LB	+2.13,+287.7,+25.3,GB	
1701519068.4940078	+6.66,+19.7,+20.2,@A	+2.33,+271.4,+20.5,LB	+6.45,+32.2,+20.6,IA	+2.26,+280.3,+25.6,GB	+2.12,+288.1,+25.2,NB	+2.12,+288.4,+25.3,JB	
1701519130.5048778	+6.66,+19.8,+20.2,OA	+2.33,+271.4,+20.5,LB	+6.44,+32.3,+20.6,IA	+2.25,+280.8,+25.6,OB	+2.12,+288.3,+25.2,LB	+2.13,+287.8,+25.4,OB	
1701519192.5118282	+6.66,+19.6,+20.2,AA	+2.33,+271.3,+20.5,KB	+6.45,+32.2,+20.6,IA	+2.26,+280.4,+25.6,@B	+2.12,+288.5,+25.2,JB	+2.14,+287.3,+25.3,DB	
1701519254.5220404	+6.66,+19.7,+20.1,CA	+2.33,+271.3,+20.5,KB	+6.44,+32.3,+20.5,JA	+2.26,+280.4,+25.6,@B	+2.12,+288.0,+25.2,OB	+2.12,+288.7,+25.4,NB	
1701519316.53282	+6.66,+19.7,+20.2,@A	+2.33,+271.3,+20.5,KB	+6.44,+32.3,+20.6,IA	+2.26,+280.6,+25.6,BB	+2.12,+288.5,+25.2,JB	+2.14,+287.5,+25.3,BB	
1701519378.5412319	+6.66,+19.7,+20.2,@A	+2.33,+271.3,+20.5,KB	+6.45,+32.2,+20.6,IA	+2.26,+280.4,+25.6,@B	+2.13,+287.8,+25.2,IB	+2.11,+288.8,+25.4,BB	
1701519440.5510423	+6.66,+19.8,+20.2,OA	+2.33,+271.4,+20.5,LB	+6.45,+32.2,+20.6,IA	+2.26,+280.5,+25.6,AB	+2.13,+287.9,+25.2,HB	+2.11,+288.9,+25.4,CB	
1701519502.5597906	+6.66,+19.8,+20.2,OA	+2.33,+271.4,+20.5,LB	+6.44,+32.3,+20.6,IA	+2.25,+281.0,+25.6,FB	+2.12,+288.3,+25.2,LB	+2.12,+288.2,+25.4,KB	
1701519564.567766	+6.66,+19.7,+20.2,@A	+2.33,+271.4,+20.5,LB	+6.44,+32.3,+20.6,IA	+2.26,+280.4,+25.6,@B	+2.11,+288.8,+25.2,DB	+2.14,+287.3,+25.4,CB	
1701519626.573987	+6.66,+19.7,+20.1,CA	+2.33,+271.3,+20.5,KB	+6.45,+32.3,+20.5,KA	+2.27,+279.8,+25.6,KB	+2.12,+288.4,+25.2,KB	+2.14,+287.6,+25.4,FB	
1701519688.5818427	+6.66,+19.7,+20.1,CA	+2.33,+271.3,+20.5,KB	+6.45,+32.2,+20.6,IA	+2.26,+280.5,+25.5,BB	+2.11,+288.8,+25.2,DB	+2.14,+287.3,+25.4,CB	
1701519750.5917928	+6.66,+19.7,+20.1,CA	+2.33,+271.4,+20.5,LB	+6.45,+32.3,+20.5,KA	+2.25,+280.8,+25.6,OB	+2.12,+288.2,+25.2,MB	+2.11,+288.8,+25.4,BB	
1701519812.5998495	+6.66,+19.7,+20.2,@A	+2.33,+271.3,+20.5,KB	+6.45,+32.2,+20.5,JA	+2.26,+280.3,+25.6,GB	+2.11,+288.8,+25.2,DB	+2.14,+287.2,+25.3,EB	
1701519874.6087687	+6.66,+19.8,+20.2,OA	+2.33,+271.4,+20.5,LB	+6.45,+32.3,+20.6,HA	+2.26,+280.1,+25.5,FB	+2.12,+288.0,+25.2,OB	+2.11,+288.8,+25.3,EB	
1701519936.6166055	+6.66,+19.7,+20.2,@A	+2.33,+271.4,+20.5,LB	+6.45,+32.2,+20.6,IA	+2.26,+280.1,+25.5,FB	+2.13,+287.9,+25.2,HB	+2.11,+288.8,+25.4,BB	
1701520182.1635668	+6.66,+19.7,+20.2,@A	+2.33,+271.3,+20.5,KB	+6.45,+32.3,+20.5,KA	+2.27,+280.0,+25.6,EB	+2.12,+288.4,+25.2,KB	+2.11,+289.0,+25.3,LB	
1701520244.1724768	+6.66,+19.7,+20.2,@A	+2.33,+271.4,+20.5,LB	+6.44,+32.3,+20.6,IA	+2.26,+280.1,+25.5,FB	+2.12,+288.3,+25.2,LB	+2.11,+289.0,+25.4,KB	
1701520306.1809905	+6.66,+19.7,+20.2,@A	+2.33,+271.3,+20.5,KB	+6.44,+32.3,+20.5,JA	+2.26,+280.1,+25.5,FB	+2.12,+288.3,+25.2,LB	+2.11,+288.9,+25.4,CB	
1701520368.1905937	+6.66,+19.8,+20.2,OA	+2.33,+271.3,+20.5,KB	+6.44,+32.3,+20.5,JA	+2.27,+279.7,+25.6,DB	+2.12,+288.1,+25.2,NB	+2.12,+288.5,+25.4,LB	
1701520430.200293	+6.66,+19.8,+20.2,OA	+2.33,+271.4,+20.5,LB	+6.45,+32.2,+20.6,IA	+2.25,+281.0,+25.6,FB	+2.11,+288.6,+25.2,JB	+2.13,+288.0,+25.3,OB	
1701520492.2101133	+6.66,+19.8,+20.1,LA	+2.33,+271.4,+20.5,LB	+6.44,+32.4,+20.6,NA	+2.27,+279.7,+25.5,GB	+2.13,+287.9,+25.2,HB	+2.12,+288.5,+25.4,LB	
1701520554.2181056	+6.66,+19.8,+20.1,LA	+2.33,+271.3,+20.5,KB	+6.44,+32.3,+20.5,JA	+2.27,+280.0,+25.6,EB	+2.12,+288.1,+25.2,NB	+2.14,+287.4,+25.3,CB	
1701520616.22925	+6.66,+19.8,+20.2,OA	+2.33,+271.4,+20.5,LB	+6.44,+32.3,+20.6,IA	+2.26,+280.3,+25.5,DB	+2.12,+288.2,+25.2,MB	+2.11,+289.0,+25.4,KB	
1701520678.238826	+6.66,+19.8,+20.1,LA	+2.33,+271.3,+20.5,KB	+6.44,+32.4,+20.6,NA	+2.25,+280.7,+25.6,@B	+2.12,+288.5,+25.2,JB	+2.13,+287.7,+25.4,@B	
1701520740.2463381	+6.66,+19.8,+20.1,LA	+2.33,+271.4,+20.5,LB	+6.45,+32.2,+20.6,IA	+2.27,+279.8,+25.6,KB	+2.13,+287.8,+25.2,IB	+2.13,+287.9,+25.4,NB	
1701520802.2546318	+6.66,+19.8,+20.1,LA	+2.33,+271.4,+20.5,LB	+6.44,+32.3,+20.5,JA	+2.25,+281.0,+25.6,FB	+2.12,+288.5,+25.2,JB	+2.12,+288.6,+25.3,HB	
1701520864.2619746	+6.66,+19.8,+20.2,OA	+2.33,+271.4,+20.5,LB	+6.45,+32.2,+20.5,JA	+2.27,+279.7,+25.6,DB	+2.12,+288.0,+25.2,OB	+2.13,+287.9,+25.3,IB	
1701520926.27133	+6.66,+19.8,+20.1,LA	+2.33,+271.4,+20.5,LB	+6.44,+32.3,+20.6,IA	+2.25,+280.8,+25.6,OB	+2.11,+288.6,+25.2,JB	+2.13,+288.0,+25.4,HB	
1701520988.2803724	+6.66,+19.8,+20.1,LA	+2.33,+271.4,+20.5,LB	+6.44,+32.3,+20.6,IA	+2.25,+280.9,+25.6,NB	+2.11,+288.6,+25.2,JB	+2.13,+287.9,+25.4,NB	
1701521050.2903543	+6.66,+19.8,+20.1,LA	+2.33,+271.4,+20.5,LB	+6.44,+32.3,+20.5,JA	+2.26,+280.5,+25.6,AB	+2.11,+288.7,+25.2,KB	+2.14,+287.5,+25.3,BB	
1701521112.30052	+6.66,+19.8,+20.1,LA	+2.33,+271.4,+20.5,LB	+6.44,+32.3,+20.5,JA	+2.27,+279.7,+25.6,DB	+2.12,+288.1,+25.2,NB	+2.13,+287.9,+25.4,NB	
1701521174.3087535	+6.66,+19.8,+20.1,LA	+2.33,+271.3,+20.5,KB	+6.45,+32.3,+20.6,HA	+2.26,+280.6,+25.6,BB	+2.12,+288.1,+25.2,NB	+2.11,+289.0,+25.4,KB	
1701521236.3167942	+6.66,+19.8,+20.1,LA	+2.33,+271.4,+20.5,LB	+6.45,+32.2,+20.5,JA	+2.26,+280.3,+25.6,GB	+2.11,+288.6,+25.2,JB	+2.14,+287.5,+25.3,BB	
1701521298.3268504	+6.66,+19.8,+20.1,LA	+2.33,+271.3,+20.5,KB	+6.45,+32.2,+20.5,JA	+2.27,+279.8,+25.6,KB	+2.13,+287.9,+25.2,HB	+2.12,+288.3,+25.3,MB	
1701521360.3349848	+6.66,+19.8,+20.1,LA	+2.33,+271.4,+20.5,LB	+6.44,+32.3,+20.5,JA	+2.26,+280.3,+25.6,GB	+2.12,+288.4,+25.2,KB	+2.14,+287.3,+25.4,CB	
1701521422.3406703	+6.66,+19.8,+20.1,LA	+2.33,+271.4,+20.5,LB	+6.45,+32.3,+20.5,KA	+2.25,+280.9,+25.6,NB	+2.13,+288.0,+25.2,NB	+2.11,+288.8,+25.4,BB	
1701521484.350638	+6.66,+19.8,+20.1,LA	+2.33,+271.4,+20.5,LB	+6.44,+32.3,+20.6,IA	+2.25,+280.6,+25.5,BB	+2.13,+287.8,+25.2,IB	+2.11,+289.0,+25.4,KB	
1701521546.3585856	+6.66,+19.8,+20.1,LA	+2.33,+271.4,+20.5,LB	+6.45,+32.3,+20.5,KA	+2.25,+280.7,+25.6,@B	+2.13,+287.9,+25.2,HB	+2.11,+289.0,+25.4,KB	
1701521608.3674636	+6.66,+19.9,+20.1,MA	+2.33,+271.4,+20.5,LB	+6.45,+32.2,+20.5,JA	+2.27,+280.0,+25.6,EB	+2.12,+288.0,+25.2,OB	+2.12,+288.6,+25.4,OB	
1701521670.3775616	+6.66,+19.8,+20.1,LA	+2.33,+271.3,+20.5,KB	+6.44,+32.3,+20.5,JA	+2.25,+280.8,+25.6,OB	+2.12,+288.5,+25.2,JB	+2.13,+288.1,+25.3,NB	
1701521732.3859544	+6.66,+19.9,+20.1,MA	+2.33,+271.4,+20.5,LB	+6.45,+32.2,+20.6,IA	+2.27,+280.0,+25.6,EB	+2.12,+288.2,+25.2,MB	+2.12,+288.5,+25.4,LB	
1701521794.3946424	+6.66,+19.8,+20.1,LA	+2.33,+271.3,+20.5,KB	+6.45,+32.3,+20.5,KA	+2.27,+279.9,+25.6,JB	+2.12,+288.3,+25.2,LB	+2.12,+288.3,+25.3,MB	
1701521856.4026322	+6.66,+19.8,+20.1,LA	+2.33,+271.3,+20.5,KB	+6.44,+32.3,+20.5,JA	+2.25,+280.9,+25.6,NB	+2.12,+288.1,+25.2,NB	+2.12,+288.5,+25.4,LB	
1701521918.4118817	+6.66,+19.8,+20.1,LA	+2.33,+271.3,+20.5,KB	+6.44,+32.3,+20.5,JA	+2.25,+280.7,+25.5,CB	+2.12,+288.4,+25.2,KB	+2.13,+288.0,+25.4,HB	
1701521980.4211848	+6.66,+19.9,+20.1,MA	+2.33,+271.4,+20.5,LB	+6.44,+32.4,+20.5,MA	+2.27,+279.8,+25.6,KB	+2.12,+288.5,+25.2,JB	+2.13,+288.1,+25.3,NB	
1701522042.4263313	+6.66,+19.8,+20.1,LA	+2.33,+271.4,+20.5,LB	+6.44,+32.3,+20.5,JA	+2.27,+279.7,+25.6,DB	+2.11,+288.7,+25.2,KB	+2.14,+287.5,+25.4,EB	
1701522104.4355893	+6.66,+19.8,+20.1,LA	+2.33,+271.4,+20.5,LB	+6.45,+32.3,+20.5,KA	+2.25,+281.0,+25.6,FB	+2.12,+288.0,+25.2,OB	+2.11,+288.9,+25.4,CB	
1701522166.4433997	+6.66,+19.8,+20.1,LA	+2.33,+271.3,+20.5,KB	+6.44,+32.3,+20.5,JA	+2.26,+280.5,+25.6,AB	+2.12,+288.4,+25.2,KB	+2.13,+287.8,+25.3,HB	
1701522228.450448	+6.66,+19.9,+20.1,MA	+2.33,+271.4,+20.5,LB	+6.44,+32.4,+20.5,MA	+2.27,+279.8,+25.6,KB	+2.11,+288.8,+25.2,DB	+2.14,+287.3,+25.3,DB	
1701522290.4585903	+6.66,+19.9,+20.1,MA	+2.33,+271.4,+20.5,LB	+6.44,+32.3,+20.5,JA	+2.27,+279.9,+25.6,JB	+2.11,+288.7,+25.2,KB	+2.14,+287.3,+25.3,DB	
1701522352.4644246	+6.66,+19.9,+20.1,MA	+2.33,+271.4,+20.5,LB	+6.44,+32.4,+20.5,MA	+2.25,+280.7,+25.6,@B	+2.12,+288.2,+25.2,MB	+2.13,+288.1,+25.4,IB	
1701522414.4741511	+6.66,+19.8,+20.1,LA	+2.33,+271.4,+20.5,LB	+6.44,+32.3,+20.5,JA	+2.26,+280.5,+25.6,AB	+2.12,+288.3,+25.2,LB	+2.11,+288.7,+25.4,MB	
1701522476.483579	+6.66,+19.9,+20.1,MA	+2.33,+271.4,+20.5,LB	+6.44,+32.3,+20.5,JA	+2.26,+280.5,+25.5,BB	+2.12,+288.5,+25.2,JB	+2.11,+288.8,+25.4,BB	
1701522538.4928544	+6.66,+19.9,+20.1,MA	+2.33,+271.3,+20.5,KB	+6.44,+32.3,+20.5,JA	+2.26,+280.2,+25.6,FB	+2.12,+288.4,+25.2,KB	+2.13,+287.6,+25.4,AB	
1701522600.4993603	+6.66,+19.9,+20.1,MA	+2.33,+271.4,+20.5,LB	+6.44,+32.3,+20.5,JA	+2.27,+279.5,+25.6,FB	+2.11,+288.8,+25.2,DB	+2.14,+287.4,+25.4,DB	
1701522662.5074153	+6.66,+19.9,+20.1,MA	+2.33,+271.4,+20.5,LB	+6.44,+32.4,+20.5,MA	+2.27,+279.8,+25.6,KB	+2.11,+288.7,+25.2,KB	+2.13,+287.7,+25.3,GB	
1701522724.5123723	+6.66,+19.9,+20.1,MA	+2.33,+271.4,+20.5,LB	+6.45,+32.2,+20.5,JA	+2.25,+280.9,+25.5,MB	+2.13,+287.9,+25.2,HB	+2.12,+288.7,+25.3,IB	
1701522786.5241354	+6.66,+19.9,+20.1,MA	+2.33,+271.3,+20.5,KB	+6.44,+32.3,+20.5,JA	+2.25,+280.7,+25.6,@B	+2.12,+288.4,+25.2,KB	+2.11,+288.9,+25.4,CB	
1701522848.5290718	+6.66,+20.0,+20.1,NA	+2.33,+271.4,+20.5,LB	+6.44,+32.3,+20.5,JA	+2.25,+280.7,+25.6,@B	+2.13,+287.9,+25.2,HB	+2.12,+288.3,+25.4,JB	
1701522910.5360932	+6.66,+20.0,+20.1,NA	+2.33,+271.4,+20.5,LB	+6.45,+32.2,+20.5,JA	+2.25,+281.0,+25.6,FB	+2.12,+288.4,+25.2,KB	+2.11,+289.0,+25.4,KB	
1701522972.5419915	+6.66,+19.9,+20.1,MA	+2.33,+271.3,+20.5,KB	+6.44,+32.3,+20.5,JA	+2.26,+280.2,+25.6,FB	+2.12,+288.1,+25.2,NB	+2.13,+287.6,+25.4,AB	
1701523034.5514035	+6.66,+19.9,+20.1,MA	+2.33,+271.4,+20.5,LB	+6.44,+32.3,+20.5,JA	+2.25,+281.0,+25.6,FB	+2.12,+288.1,+25.2,NB	+2.12,+288.7,+25.4,NB	
1701523096.5601766	+6.66,+19.9,+20.1,MA	+2.33,+271.4,+20.5,LB	+6.45,+32.2,+20.5,JA	+2.27,+279.9,+25.6,JB	+2.11,+288.8,+25.2,DB	+2.14,+287.5,+25.4,EB	
1701523158.56772	+6.66,+19.9,+20.1,MA	+2.33,+271.3,+20.5,KB	+6.44,+32.4,+20.5,MA	+2.25,+281.0,+25.6,FB	+2.12,+288.5,+25.2,JB	+2.11,+288.9,+25.4,CB	
1701523220.575094	+6.66,+19.9,+20.1,MA	+2.33,+271.4,+20.5,LB	+6.44,+32.3,+20.5,JA	+2.25,+281.1,+25.6,GB	+2.12,+288.3,+25.2,LB	+2.11,+288.9,+25.4,CB	
1701523282.5830703	+6.66,+20.0,+20.1,NA	+2.33,+271.4,+20.5,LB	+6.44,+32.4,+20.5,MA	+2.25,+280.7,+25.5,CB	+2.11,+288.7,+25.2,KB	+2.12,+288.4,+25.4,MB	
1701523344.5921974	+6.66,+19.9,+20.1,MA	+2.33,+271.4,+20.5,LB	+6.44,+32.3,+20.5,JA	+2.27,+279.8,+25.6,KB	+2.12,+288.2,+25.2,MB	+2.14,+287.3,+25.3,DB	
1701523406.6012163	+6.66,+20.0,+20.1,NA	+2.33,+271.4,+20.5,LB	+6.44,+32.3,+20.5,JA	+2.25,+281.0,+25.5,EB	+2.12,+288.0,+25.2,OB	+2.12,+288.6,+25.4,OB	
1701523468.6099486	+6.66,+20.0,+20.1,NA	+2.33,+271.4,+20.5,LB	+6.45,+32.2,+20.5,JA	+2.25,+281.0,+25.6,FB	+2.12,+288.1,+25.2,NB	+2.12,+288.6,+25.3,HB	
1701523530.6182706	+6.66,+19.9,+20.1,MA	+2.33,+271.4,+20.5,LB	+6.45,+32.3,+20.5,KA	+2.25,+281.1,+25.6,GB	+2.12,+288.4,+25.2,KB	+2.11,+288.9,+25.4,CB	
1701523592.6255708	+6.66,+19.9,+20.1,MA	+2.33,+271.4,+20.5,LB	+6.44,+32.3,+20.5,JA	+2.26,+280.2,+25.6,FB	+2.13,+287.7,+25.2,FB	+2.13,+287.7,+25.4,@B	
1701523654.634677	+6.66,+19.9,+20.1,MA	+2.33,+271.4,+20.5,LB	+6.44,+32.3,+20.5,JA	+2.26,+280.6,+25.6,BB	+2.13,+287.8,+25.2,IB	+2.12,+288.1,+25.4,HB	
1701523716.6431248	+6.66,+20.0,+20.1,NA	+2.33,+271.3,+20.5,KB	+6.45,+32.3,+20.5,KA	+2.27,+280.0,+25.6,EB	+2.12,+288.1,+25.2,NB	+2.14,+287.3,+25.3,DB	
1701523778.6517951	+6.66,+20.0,+20.1,NA	+2.33,+271.3,+20.5,KB	+6.44,+32.3,+20.5,JA	+2.25,+280.9,+25.6,NB	+2.11,+288.6,+25.2,JB	+2.12,+288.3,+25.4,JB	
1701524024.1943343	+6.66,+20.0,+20.1,NA	+2.33,+271.3,+20.5,KB	+6.44,+32.3,+20.5,JA	+2.25,+280.9,+25.5,MB	+2.13,+287.7,+25.2,FB	+2.12,+288.5,+25.4,LB	
1701524086.2024622	+6.66,+20.0,+20.1,NA	+2.33,+271.4,+20.5,LB	+6.44,+32.3,+20.5,JA	+2.26,+280.3,+25.6,GB	+2.12,+288.2,+25.2,MB	+2.13,+288.0,+25.4,HB	
1701524148.212325	+6.66,+19.9,+20.1,MA	+2.33,+271.4,+20.5,LB	+6.45,+32.3,+20.5,KA	+2.26,+280.2,+25.5,EB	+2.12,+288.2,+25.2,MB	+2.13,+288.1,+25.4,IB	
1701524210.2229314	+6.66,+19.9,+20.1,MA	+2.33,+271.3,+20.5,KB	+6.45,+32.2,+20.5,JA	+2.25,+280.7,+25.6,@B	+2.13,+287.8,+25.2,IB	+2.11,+289.0,+25.4,KB	
1701524272.231674	+6.66,+19.9,+20.1,MA	+2.33,+271.4,+20.5,LB	+6.44,+32.3,+20.5,JA	+2.27,+280.0,+25.5,FB	+2.12,+288.4,+25.2,KB	+2.13,+287.7,+25.4,@B	
1701524334.2422233	+6.66,+20.0,+20.1,NA	+2.33,+271.4,+20.5,LB	+6.44,+32.3,+20.5,JA	+2.26,+280.3,+25.5,DB	+2.12,+288.1,+25.2,NB	+2.13,+288.1,+25.4,IB	
1701524396.2491927	+6.66,+20.0,+20.1,NA	+2.33,+271.4,+20.5,LB	+6.45,+32.3,+20.5,KA	+2.27,+279.9,+25.6,JB	+2.11,+288.6,+25.2,JB	+2.14,+287.4,+25.4,DB	
1701524458.2592487	+6.66,+20.0,+20.1,NA	+2.33,+271.3,+20.5,KB	+6.44,+32.3,+20.5,JA	+2.26,+280.5,+25.5,BB	+2.12,+288.0,+25.2,OB	+2.12,+288.6,+25.4,OB	
1701524520.2672334	+6.66,+19.9,+20.1,MA	+2.33,+271.4,+20.5,LB	+6.44,+32.3,+20.5,JA	+2.27,+279.9,+25.5,IB	+2.12,+288.4,+25.2,KB	+2.13,+287.8,+25.4,OB	
1701524582.274959	+6.66,+20.0,+20.1,NA	+2.33,+271.4,+20.5,LB	+6.45,+32.2,+20.5,JA	+2.27,+280.0,+25.5,FB	+2.12,+288.3,+25.2,LB	+2.13,+287.9,+25.4,NB	
1701524644.283371	+6.66,+20.0,+20.1,NA	+2.33,+271.4,+20.5,LB	+6.45,+32.3,+20.5,KA	+2.25,+281.1,+25.5,DB	+2.13,+287.8,+25.2,IB	+2.12,+288.5,+25.4,LB	
1701524706.2928567	+6.66,+20.0,+20.1,NA	+2.33,+271.3,+20.5,KB	+6.44,+32.3,+20.5,JA	+2.26,+280.3,+25.5,DB	+2.12,+288.0,+25.2,OB	+2.14,+287.5,+25.4,EB	
1701524768.3024888	+6.66,+20.0,+20.1,NA	+2.33,+271.4,+20.5,LB	+6.45,+32.3,+20.5,KA	+2.25,+280.7,+25.6,@B	+2.13,+287.8,+25.2,IB	+2.12,+288.2,+25.4,KB	
1701524830.3105898	+6.66,+20.0,+20.1,NA	+2.33,+271.4,+20.5,LB	+6.44,+32.3,+20.5,JA	+2.25,+281.1,+25.6,GB	+2.12,+288.2,+25.2,MB	+2.13,+287.9,+25.4,NB	
1701524892.3167274	+6.66,+20.0,+20.1,NA	+2.33,+271.4,+20.5,LB	+6.45,+32.2,+20.5,JA	+2.25,+281.1,+25.5,DB	+2.12,+288.2,+25.2,MB	+2.13,+287.9,+25.4,NB	
1701524954.32594	+6.66,+19.9,+20.0,LA	+2.33,+271.4,+20.5,LB	+6.44,+32.3,+20.5,JA	+2.27,+279.9,+25.6,JB	+2.12,+288.2,+25.2,MB	+2.14,+287.2,+25.4,BB	
1701525016.3343537	+6.66,+19.9,+20.0,LA	+2.33,+271.4,+20.5,LB	+6.44,+32.3,+20.5,JA	+2.26,+280.4,+25.5,CB	+2.13,+287.7,+25.2,FB	+2.13,+287.9,+25.4,NB	
1701525078.3446734	+6.66,+20.0,+20.1,NA	+2.33,+271.4,+20.5,LB	+6.44,+32.3,+20.5,JA	+2.26,+280.3,+25.6,GB	+2.13,+287.8,+25.2,IB	+2.13,+287.9,+25.4,NB	
1701525140.3545268	+6.66,+20.0,+20.1,NA	+2.33,+271.3,+20.5,KB	+6.44,+32.3,+20.5,JA	+2.25,+281.1,+25.6,GB	+2.12,+288.4,+25.2,KB	+2.13,+288.1,+25.4,IB	
1701525202.363764	+6.66,+20.0,+20.1,NA	+2.33,+271.3,+20.5,KB	+6.44,+32.3,+20.5,JA	+2.25,+281.0,+25.6,FB	+2.12,+288.0,+25.2,OB	+2.12,+288.5,+25.3,KB	
1701525264.3722434	+6.66,+20.0,+20.1,NA	+2.33,+271.4,+20.5,LB	+6.44,+32.3,+20.5,JA	+2.26,+280.4,+25.6,@B	+2.13,+287.9,+25.2,HB	+2.13,+287.9,+25.3,IB	
1701525326.380271	+6.66,+20.0,+20.1,NA	+2.33,+271.4,+20.5,LB	+6.44,+32.3,+20.5,JA	+2.25,+281.2,+25.5,GB	+2.12,+288.3,+25.2,LB	+2.12,+288.3,+25.3,MB	
1701525388.3886237	+6.66,+20.0,+20.1,NA	+2.33,+271.4,+20.5,LB	+6.44,+32.3,+20.5,JA	+2.27,+279.9,+25.6,JB	+2.13,+288.0,+25.2,NB	+2.14,+287.5,+25.4,EB	
1701525450.395959	+6.66,+20.0,+20.1,NA	+2.33,+271.4,+20.5,LB	+6.45,+32.2,+20.5,JA	+2.26,+280.1,+25.5,FB	+2.12,+288.3,+25.2,LB	+2.15,+287.0,+25.4,AB	
1701525512.4046962	+6.66,+20.0,+20.0,OA	+2.33,+271.4,+20.5,LB	+6.45,+32.2,+20.5,JA	+2.26,+280.4,+25.6,@B	+2.12,+288.5,+25.2,JB	+2.15,+286.9,+25.4,IB	
1701525574.4139926	+6.66,+20.0,+20.0,OA	+2.33,+271.4,+20.5,LB	+6.45,+32.3,+20.5,KA	+2.27,+280.0,+25.5,FB	+2.12,+288.1,+25.2,NB	+2.15,+286.9,+25.3,NB	
1701525636.4224963	+6.65,+20.1,+20.0,MA	+2.33,+271.4,+20.5,LB	+6.45,+32.3,+20.5,KA	+2.25,+280.7,+25.6,@B	+2.13,+288.0,+25.2,NB	+2.12,+288.5,+25.3,KB	
1701525698.4305885	+6.65,+20.0,+20.1,MA	+2.33,+271.3,+20.5,KB	+6.44,+32.3,+20.5,JA	+2.26,+280.5,+25.6,AB	+2.12,+288.1,+25.2,NB	+2.12,+288.5,+25.4,LB	
1701525760.4372466	+6.65,+20.1,+20.1,LA	+2.33,+271.4,+20.5,LB	+6.45,+32.3,+20.5,KA	+2.26,+280.6,+25.5,AB	+2.12,+288.5,+25.2,JB	+2.14,+287.1,+25.3,FB	
1701525822.4472365	+6.66,+20.0,+20.1,NA	+2.33,+271.4,+20.5,LB	+6.45,+32.3,+20.5,KA	+2.25,+280.7,+25.5,CB	+2.12,+288.4,+25.2,KB	+2.14,+287.1,+25.3,FB	
1701525884.45483	+6.65,+20.0,+20.0,LA	+2.33,+271.4,+20.5,LB	+6.45,+32.2,+20.4,KA	+2.25,+280.9,+25.6,NB	+2.12,+288.3,+25.2,LB	+2.12,+288.7,+25.4,NB	
1701525946.4624448	+6.65,+20.1,+20.0,MA	+2.33,+271.4,+20.5,LB	+6.44,+32.3,+20.5,JA	+2.27,+280.0,+25.6,EB	+2.13,+287.7,+25.2,FB	+2.13,+287.6,+25.3,FB	
1701526008.4685662	+6.66,+20.0,+20.0,OA	+2.33,+271.3,+20.5,KB	+6.44,+32.3,+20.5,JA	+2.24,+281.3,+25.6,DB	+2.12,+288.5,+25.2,JB	+2.13,+288.0,+25.4,HB	
1701526070.477086	+6.66,+20.0,+20.0,OA	+2.33,+271.4,+20.5,LB	+6.44,+32.3,+20.5,JA	+2.25,+280.7,+25.6,@B	+2.13,+288.0,+25.2,NB	+2.14,+287.2,+25.3,EB	
1701526132.4850628	+6.66,+20.0,+20.0,OA	+2.33,+271.4,+20.5,LB	+6.45,+32.2,+20.4,KA	+2.26,+280.4,+25.6,@B	+2.12,+288.0,+25.2,OB	+2.12,+288.5,+25.4,LB	
1701526194.49249	+6.66,+20.0,+20.0,OA	+2.33,+271.4,+20.5,LB	+6.44,+32.3,+20.4,KA	+2.26,+280.1,+25.5,FB	+2.13,+287.8,+25.2,IB	+2.12,+288.2,+25.3,LB	
1701526256.501905	+6.65,+20.0,+20.0,LA	+2.33,+271.3,+20.5,KB	+6.45,+32.3,+20.5,KA	+2.25,+280.7,+25.5,CB	+2.12,+288.3,+25.2,LB	+2.11,+288.7,+25.4,MB	
1701526318.50857	+6.66,+20.0,+20.0,OA	+2.33,+271.4,+20.5,LB	+6.45,+32.2,+20.5,JA	+2.27,+279.5,+25.5,EB	+2.13,+287.8,+25.2,IB	+2.13,+287.8,+25.4,OB	
1701526380.5186367	+6.65,+20.1,+20.1,LA	+2.33,+271.4,+20.5,LB	+6.44,+32.3,+20.4,KA	+2.27,+279.8,+25.6,KB	+2.12,+288.2,+25.2,MB	+2.12,+288.5,+25.4,LB	
1701526442.5264819	+6.65,+20.0,+20.1,MA	+2.33,+271.4,+20.5,LB	+6.44,+32.3,+20.5,JA	+2.28,+279.4,+25.6,HB	+2.13,+287.8,+25.2,IB	+2.13,+287.6,+25.4,AB	
1701526504.533793	+6.65,+20.1,+20.0,MA	+2.33,+271.4,+20.5,LB	+6.44,+32.3,+20.5,JA	+2.28,+279.4,+25.6,HB	+2.13,+287.8,+25.2,IB	+2.14,+287.5,+25.4,EB	
1701526566.5454879	+6.66,+20.0,+20.0,OA	+2.33,+271.3,+20.5,KB	+6.44,+32.3,+20.5,JA	+2.27,+279.6,+25.6,EB	+2.12,+288.2,+25.2,MB	+2.12,+288.2,+25.3,LB	
1701526628.5554352	+6.66,+20.0,+20.0,OA	+2.33,+271.4,+20.5,LB	+6.44,+32.3,+20.4,KA	+2.28,+279.4,+25.6,HB	+2.12,+287.9,+25.2,IB	+2.13,+287.8,+25.4,OB	
1701526690.5654924	+6.65,+20.0,+20.1,MA	+2.33,+271.4,+20.5,LB	+6.44,+32.3,+20.5,JA	+2.27,+279.8,+25.6,KB	+2.13,+287.8,+25.2,IB	+2.14,+287.2,+25.3,EB	
1701526752.571497	+6.65,+20.1,+20.0,MA	+2.33,+271.4,+20.5,LB	+6.45,+32.3,+20.4,JA	+2.27,+279.9,+25.5,IB	+2.12,+288.5,+25.2,JB	+2.12,+288.6,+25.3,HB	
1701526814.5821846	+6.65,+20.1,+20.0,MA	+2.33,+271.4,+20.5,LB	+6.44,+32.3,+20.4,KA	+2.27,+280.0,+25.5,FB	+2.13,+287.8,+25.2,IB	+2.14,+287.0,+25.3,GB	
1701526876.590584	+6.65,+20.0,+20.0,LA	+2.33,+271.3,+20.5,KB	+6.44,+32.3,+20.4,KA	+2.26,+280.5,+25.6,AB	+2.13,+287.9,+25.2,HB	+2.14,+287.4,+25.3,CB	
1701526938.600325	+6.65,+20.1,+20.0,MA	+2.33,+271.4,+20.5,LB	+6.44,+32.3,+20.5,JA	+2.26,+280.3,+25.6,GB	+2.11,+288.6,+25.2,JB	+2.12,+288.3,+25.3,MB	
1701527000.610053	+6.65,+20.1,+20.0,MA	+2.33,+271.4,+20.5,LB	+6.44,+32.3,+20.4,KA	+2.28,+279.3,+25.6,OB	+2.12,+288.2,+25.2,MB	+2.13,+287.6,+25.4,AB	
1701527062.6167405	+6.65,+20.1,+20.0,MA	+2.33,+271.3,+20.5,KB	+6.44,+32.3,+20.4,KA	+2.27,+279.9,+25.6,JB	+2.12,+288.5,+25.2,JB	+2.12,+288.5,+25.4,LB	
1701527124.6243842	+6.65,+20.1,+20.0,MA	+2.33,+271.4,+20.5,LB	+6.44,+32.3,+20.5,JA	+2.26,+280.1,+25.5,FB	+2.13,+287.8,+25.2,IB	+2.15,+286.9,+25.4,IB	
1701527186.6314151	+6.65,+20.0,+20.0,LA	+2.33,+271.4,+20.5,LB	+6.44,+32.3,+20.5,JA	+2.27,+279.7,+25.5,GB	+2.11,+288.6,+25.2,JB	+2.12,+288.7,+25.4,NB	
1701527248.6420143	+6.65,+20.0,+20.0,LA	+2.33,+271.4,+20.5,LB	+6.44,+32.3,+20.5,JA	+2.28,+279.1,+25.6,MB	+2.12,+288.5,+25.2,JB	+2.12,+288.4,+25.4,MB	
1701527310.6511555	+6.65,+20.1,+20.0,MA	+2.33,+271.3,+20.5,KB	+6.45,+32.2,+20.5,JA	+2.26,+280.2,+25.6,FB	+2.12,+288.1,+25.2,NB	+2.13,+287.7,+25.4,@B	
1701527372.6595583	+6.65,+20.1,+20.0,MA	+2.33,+271.3,+20.5,KB	+6.44,+32.3,+20.4,KA	+2.26,+280.2,+25.6,FB	+2.12,+288.0,+25.2,OB	+2.13,+287.9,+25.3,IB	
1701527434.6695023	+6.65,+20.1,+20.0,MA	+2.33,+271.3,+20.5,KB	+6.44,+32.4,+20.5,MA	+2.28,+279.1,+25.6,MB	+2.11,+288.6,+25.2,JB	+2.12,+288.5,+25.4,LB	
1701527496.6789668	+6.65,+20.0,+20.0,LA	+2.33,+271.4,+20.5,LB	+6.45,+32.2,+20.5,JA	+2.27,+279.6,+25.6,EB	+2.12,+288.0,+25.2,OB	+2.14,+287.2,+25.4,BB	
1701527558.6882594	+6.65,+20.1,+20.0,MA	+2.33,+271.3,+20.5,KB	+6.44,+32.3,+20.5,JA	+2.27,+280.0,+25.6,EB	+2.12,+288.0,+25.2,OB	+2.14,+287.1,+25.4,AB	
1701527620.699292	+6.65,+20.0,+20.0,LA	+2.33,+271.4,+20.4,MB	+6.44,+32.3,+20.4,KA	+2.28,+279.4,+25.6,HB	+2.11,+288.6,+25.2,JB	+2.11,+288.8,+25.3,EB	
1701527866.2792299	+6.65,+20.1,+20.0,MA	+2.33,+271.3,+20.5,KB	+6.45,+32.2,+20.4,KA	+2.29,+278.7,+25.6,KB	+2.13,+287.9,+25.2,HB	+2.14,+287.5,+25.3,BB	
1701527928.2882586	+6.65,+20.1,+20.0,MA	+2.33,+271.4,+20.5,LB	+6.45,+32.2,+20.4,KA	+2.29,+278.9,+25.6,EB	+2.13,+287.9,+25.2,HB	+2.13,+288.0,+25.4,HB	
1701527990.2970262	+6.65,+20.1,+20.0,MA	+2.33,+271.4,+20.5,LB	+6.45,+32.2,+20.4,KA	+2.27,+279.9,+25.6,JB	+2.12,+288.3,+25.2,LB	+2.11,+288.9,+25.4,CB	
1701528052.3064127	+6.65,+20.0,+20.0,LA	+2.33,+271.3,+20.5,KB	+6.45,+32.2,+20.4,KA	+2.27,+279.5,+25.6,FB	+2.12,+288.3,+25.2,LB	+2.14,+287.4,+25.4,DB	
1701528114.3138323	+6.65,+20.1,+20.0,MA	+2.33,+271.3,+20.5,KB	+6.45,+32.2,+20.5,JA	+2.28,+279.2,+25.6,NB	+2.12,+288.1,+25.2,NB	+2.14,+287.3,+25.4,CB	
1701528176.322192	+6.65,+20.1,+20.0,MA	+2.33,+271.3,+20.5,KB	+6.45,+32.2,+20.4,KA	+2.28,+279.4,+25.5,KB	+2.12,+288.3,+25.2,LB	+2.14,+287.3,+25.4,CB	
1701528238.3302238	+6.66,+20.0,+20.0,OA	+2.33,+271.4,+20.5,LB	+6.45,+32.2,+20.5,JA	+2.27,+279.8,+25.6,KB	+2.11,+288.6,+25.2,JB	+2.13,+287.6,+25.4,AB	
1701528300.3388224	+6.65,+20.1,+20.0,MA	+2.33,+271.3,+20.5,KB	+6.45,+32.2,+20.4,KA	+2.28,+279.4,+25.6,HB	+2.13,+287.8,+25.2,IB	+2.12,+288.4,+25.4,MB	
1701528362.3458483	+6.65,+20.1,+20.0,MA	+2.33,+271.4,+20.5,LB	+6.45,+32.2,+20.4,KA	+2.27,+280.0,+25.6,EB	+2.12,+288.1,+25.2,NB	+2.11,+288.9,+25.3,DB	
1701528424.3541098	+6.65,+20.1,+20.1,LA	+2.33,+271.3,+20.5,KB	+6.45,+32.2,+20.5,JA	+2.27,+280.0,+25.6,EB	+2.11,+288.6,+25.2,JB	+2.13,+287.9,+25.4,NB	
1701528486.3641374	+6.65,+20.1,+20.0,MA	+2.33,+271.3,+20.5,KB	+6.45,+32.2,+20.4,KA	+2.28,+279.0,+25.6,LB	+2.12,+288.1,+25.2,NB	+2.14,+287.5,+25.3,BB	
1701528548.3747253	+6.65,+20.1,+20.0,MA	+2.33,+271.4,+20.5,LB	+6.45,+32.2,+20.5,JA	+2.27,+279.7,+25.6,DB	+2.13,+287.8,+25.2,IB	+2.12,+288.6,+25.3,HB	
1701528610.383484	+6.65,+20.1,+20.0,MA	+2.33,+271.3,+20.5,KB	+6.45,+32.3,+20.5,KA	+2.28,+279.3,+25.6,OB	+2.12,+288.5,+25.2,JB	+2.14,+287.2,+25.4,BB	
1701528672.3926332	+6.65,+20.1,+20.0,MA	+2.33,+271.4,+20.5,LB	+6.45,+32.2,+20.5,JA	+2.26,+280.2,+25.6,FB	+2.12,+288.1,+25.2,NB	+2.11,+288.9,+25.4,CB	
1701528734.4030862	+6.65,+20.1,+20.0,MA	+2.33,+271.4,+20.5,LB	+6.45,+32.3,+20.4,JA	+2.28,+279.1,+25.6,MB	+2.12,+288.4,+25.2,KB	+2.14,+287.3,+25.3,DB	
1701528796.4118047	+6.65,+20.0,+20.0,LA	+2.33,+271.4,+20.5,LB	+6.44,+32.3,+20.5,JA	+2.26,+280.3,+25.6,GB	+2.12,+288.3,+25.2,LB	+2.12,+288.7,+25.4,NB	
1701528858.4228237	+6.65,+20.0,+20.0,LA	+2.33,+271.4,+20.5,LB	+6.45,+32.2,+20.4,KA	+2.27,+279.8,+25.5,HB	+2.13,+287.8,+25.2,IB	+2.12,+288.4,+25.4,MB	
1701528920.4314237	+6.65,+20.1,+20.0,MA	+2.33,+271.4,+20.5,LB	+6.44,+32.3,+20.5,JA	+2.26,+280.3,+25.6,GB	+2.12,+288.2,+25.2,MB	+2.12,+288.2,+25.4,KB	
1701528982.4413104	+6.65,+20.1,+20.1,LA	+2.33,+271.4,+20.5,LB	+6.45,+32.2,+20.5,JA	+2.27,+279.7,+25.6,DB	+2.11,+288.7,+25.2,KB	+2.14,+287.4,+25.4,DB	
1701529044.4513977	+6.65,+20.1,+20.0,MA	+2.33,+271.4,+20.5,LB	+6.45,+32.2,+20.5,JA	+2.26,+280.4,+25.5,CB	+2.12,+288.2,+25.2,MB	+2.12,+288.5,+25.4,LB	
1701529106.460809	+6.65,+20.1,+20.0,MA	+2.33,+271.4,+20.5,LB	+6.45,+32.3,+20.4,JA	+2.28,+279.2,+25.5,MB	+2.11,+288.6,+25.2,JB	+2.14,+287.1,+25.4,AB	
1701529168.4697356	+6.65,+20.1,+20.1,LA	+2.33,+271.4,+20.5,LB	+6.45,+32.2,+20.5,JA	+2.26,+280.4,+25.6,@B	+2.13,+287.9,+25.2,HB	+2.11,+288.7,+25.3,JB	
1701529230.4791393	+6.65,+20.1,+20.0,MA	+2.33,+271.4,+20.5,LB	+6.45,+32.2,+20.5,JA	+2.26,+280.1,+25.5,FB	+2.12,+288.3,+25.2,LB	+2.13,+288.0,+25.4,HB	
1701529292.4876347	+6.65,+20.1,+20.0,MA	+2.33,+271.4,+20.5,LB	+6.44,+32.3,+20.5,JA	+2.28,+279.2,+25.6,NB	+2.11,+288.7,+25.2,KB	+2.14,+287.1,+25.4,AB	
1701529354.4949534	+6.66,+20.0,+20.0,OA	+2.33,+271.4,+20.5,LB	+6.44,+32.3,+20.5,JA	+2.26,+280.4,+25.6,@B	+2.13,+287.8,+25.2,IB	+2.11,+288.8,+25.3,EB	
1701529416.5038319	+6.65,+20.1,+20.1,LA	+2.33,+271.4,+20.5,LB	+6.44,+32.3,+20.5,JA	+2.28,+279.3,+25.6,OB	+2.11,+288.7,+25.2,KB	+2.14,+287.2,+25.4,BB	
1701529478.5117192	+6.65,+20.1,+20.0,MA	+2.33,+271.4,+20.5,LB	+6.45,+32.3,+20.5,KA	+2.28,+279.2,+25.6,NB	+2.11,+288.7,+25.2,KB	+2.14,+287.1,+25.4,AB	
1701529540.522116	+6.65,+20.0,+20.0,LA	+2.33,+271.4,+20.5,LB	+6.45,+32.2,+20.5,JA	+2.28,+279.3,+25.6,OB	+2.11,+288.6,+25.2,JB	+2.14,+287.3,+25.4,CB	
1701529602.5322063	+6.65,+20.1,+20.1,LA	+2.33,+271.3,+20.5,KB	+6.44,+32.3,+20.5,JA	+2.26,+280.5,+25.6,AB	+2.13,+287.9,+25.2,HB	+2.11,+288.8,+25.3,EB	
1701529664.5391805	+6.65,+20.1,+20.1,LA	+2.33,+271.4,+20.5,LB	+6.44,+32.3,+20.5,JA	+2.26,+280.6,+25.6,BB	+2.13,+287.7,+25.2,FB	+2.11,+288.8,+25.4,BB	
1701529726.5475016	+6.65,+20.1,+20.1,LA	+2.33,+271.4,+20.5,LB	+6.44,+32.3,+20.5,JA	+2.28,+279.4,+25.6,HB	+2.12,+288.4,+25.2,KB	+2.13,+287.6,+25.3,FB	
1701529788.5555904	+6.66,+20.0,+20.1,NA	+2.33,+271.4,+20.5,LB	+6.45,+32.2,+20.5,JA	+2.26,+280.3,+25.6,GB	+2.12,+288.0,+25.2,OB	+2.12,+288.6,+25.3,HB	
1701529850.563561	+6.65,+20.0,+20.1,MA	+2.33,+271.4,+20.5,LB	+6.45,+32.2,+20.5,JA	+2.28,+279.4,+25.6,HB	+2.12,+288.4,+25.2,KB	+2.14,+287.2,+25.4,BB	
1701529912.571259	+6.65,+20.1,+20.1,LA	+2.33,+271.4,+20.5,LB	+6.45,+32.1,+20.5,IA	+2.26,+280.5,+25.6,AB	+2.13,+287.7,+25.2,FB	+2.12,+288.7,+25.4,NB	
1701529974.5806777	+6.66,+20.0,+20.1,NA	+2.33,+271.4,+20.5,LB	+6.45,+32.2,+20.5,JA	+2.26,+280.6,+25.5,AB	+2.13,+287.8,+25.2,IB	+2.11,+288.8,+25.4,BB	
1701530036.591763	+6.65,+20.1,+20.1,LA	+2.33,+271.3,+20.5,KB	+6.45,+32.1,+20.5,IA	+2.27,+279.7,+25.5,GB	+2.12,+288.2,+25.2,MB	+2.12,+288.2,+25.4,KB	
1701530098.600566	+6.65,+20.0,+20.1,MA	+2.33,+271.4,+20.5,LB	+6.45,+32.2,+20.5,JA	+2.27,+279.5,+25.5,EB	+2.12,+288.5,+25.2,JB	+2.13,+287.8,+25.4,OB	
1701530160.6057687	+6.66,+20.0,+20.1,NA	+2.33,+271.3,+20.5,KB	+6.45,+32.1,+20.5,IA	+2.26,+280.3,+25.6,GB	+2.13,+287.9,+25.2,HB	+2.12,+288.7,+25.4,NB	
1701530222.6125379	+6.65,+20.1,+20.0,MA	+2.33,+271.4,+20.5,LB	+6.45,+32.2,+20.5,JA	+2.28,+279.2,+25.6,NB	+2.12,+288.2,+25.2,MB	+2.14,+287.1,+25.3,FB	
1701530284.620519	+6.65,+20.0,+20.1,MA	+2.33,+271.4,+20.5,LB	+6.45,+32.2,+20.5,JA	+2.27,+279.8,+25.6,KB	+2.12,+288.5,+25.2,JB	+2.14,+287.5,+25.4,EB	
1701530346.6308022	+6.66,+20.0,+20.1,NA	+2.33,+271.3,+20.5,KB	+6.45,+32.2,+20.5,JA	+2.26,+280.3,+25.6,GB	+2.12,+288.3,+25.2,LB	+2.13,+288.1,+25.4,IB	
1701530408.6381938	+6.66,+20.0,+20.1,NA	+2.33,+271.4,+20.5,LB	+6.45,+32.1,+20.5,IA	+2.27,+280.1,+25.6,DB	+2.12,+288.4,+25.2,KB	+2.13,+287.9,+25.3,IB	
1701530470.6463108	+6.66,+20.0,+20.1,NA	+2.33,+271.3,+20.5,KB	+6.45,+32.1,+20.5,IA	+2.27,+279.5,+25.5,EB	+2.12,+288.2,+25.2,MB	+2.14,+287.2,+25.4,BB	
1701530532.653565	+6.66,+20.0,+20.1,NA	+2.33,+271.3,+20.5,KB	+6.45,+32.2,+20.5,JA	+2.26,+280.6,+25.5,AB	+2.12,+288.2,+25.2,MB	+2.12,+288.5,+25.3,KB	
1701530594.6607776	+6.66,+20.0,+20.1,NA	+2.33,+271.4,+20.5,LB	+6.45,+32.2,+20.5,JA	+2.27,+279.7,+25.5,GB	+2.12,+288.3,+25.2,LB	+2.14,+287.3,+25.3,DB	
1701530656.6697862	+6.66,+20.0,+20.1,NA	+2.33,+271.4,+20.5,LB	+6.45,+32.2,+20.5,JA	+2.25,+280.8,+25.5,LB	+2.12,+288.2,+25.2,MB	+2.12,+288.7,+25.4,NB	
1701530718.6785693	+6.66,+20.0,+20.1,NA	+2.33,+271.3,+20.5,KB	+6.45,+32.2,+20.5,JA	+2.25,+280.8,+25.6,OB	+2.12,+288.0,+25.2,OB	+2.11,+288.7,+25.3,JB	
1701530780.6875873	+6.66,+20.0,+20.1,NA	+2.33,+271.4,+20.5,LB	+6.45,+32.2,+20.5,JA	+2.27,+279.8,+25.6,KB	+2.13,+287.6,+25.2,GB	+2.13,+287.7,+25.3,GB	
1701530842.6959295	+6.66,+20.0,+20.1,NA	+2.33,+271.3,+20.5,KB	+6.45,+32.2,+20.5,JA	+2.27,+279.5,+25.6,FB	+2.13,+287.7,+25.2,FB	+2.14,+287.5,+25.4,EB	
1701530904.7049742	+6.66,+20.0,+20.1,NA	+2.33,+271.4,+20.5,LB	+6.45,+32.0,+20.5,HA	+2.26,+280.5,+25.6,AB	+2.12,+288.5,+25.2,JB	+2.13,+288.1,+25.4,IB	
1701530966.7136228	+6.66,+20.0,+20.1,NA	+2.33,+271.4,+20.5,LB	+6.45,+32.2,+20.5,JA	+2.27,+279.7,+25.5,GB	+2.12,+288.1,+25.2,NB	+2.14,+287.1,+25.4,AB	
1701531028.721896	+6.66,+20.0,+20.1,NA	+2.33,+271.4,+20.5,LB	+6.45,+32.3,+20.5,KA	+2.26,+280.6,+25.6,BB	+2.12,+288.0,+25.2,OB	+2.12,+288.7,+25.4,NB	
1701531090.7263958	+6.66,+20.0,+20.1,NA	+2.33,+271.4,+20.5,LB	+6.44,+32.3,+20.5,JA	+2.26,+280.2,+25.6,FB	+2.13,+287.8,+25.2,IB	+2.12,+288.3,+25.4,JB	
1701531152.7350414	+6.66,+20.0,+20.1,NA	+2.33,+271.4,+20.5,LB	+6.44,+32.3,+20.5,JA	+2.25,+280.7,+25.5,CB	+2.12,+288.5,+25.2,JB	+2.13,+288.1,+25.4,IB	
1701531214.7449784	+6.66,+20.0,+20.1,NA	+2.33,+271.4,+20.5,LB	+6.45,+32.3,+20.5,KA	+2.27,+279.5,+25.6,FB	+2.13,+287.9,+25.2,HB	+2.14,+287.3,+25.4,CB	
1701531276.754943	+6.66,+20.0,+20.1,NA	+2.33,+271.4,+20.5,LB	+6.45,+32.2,+20.5,JA	+2.26,+280.2,+25.5,EB	+2.12,+288.1,+25.2,NB	+2.12,+288.5,+25.3,KB	
1701531338.762693	+6.66,+19.9,+20.1,MA	+2.33,+271.4,+20.5,LB	+6.45,+32.2,+20.5,JA	+2.26,+280.1,+25.6,EB	+2.12,+288.1,+25.2,NB	+2.12,+288.3,+25.3,MB	
1701531400.7715495	+6.66,+19.9,+20.1,MA	+2.33,+271.4,+20.5,LB	+6.45,+32.3,+20.5,KA	+2.25,+280.7,+25.6,@B	+2.12,+288.4,+25.2,KB	+2.11,+288.8,+25.4,BB	
1701531462.7794573	+6.66,+19.9,+20.1,MA	+2.33,+271.4,+20.5,LB	+6.44,+32.3,+20.5,JA	+2.26,+280.3,+25.5,DB	+2.12,+288.2,+25.2,MB	+2.13,+287.6,+25.4,AB	
1701531708.339817	+6.66,+20.0,+20.1,NA	+2.33,+271.3,+20.5,KB	+6.45,+32.2,+20.5,JA	+2.26,+280.4,+25.6,@B	+2.12,+288.1,+25.2,NB	+2.14,+287.3,+25.4,CB	
1701531770.3476734	+6.66,+19.9,+20.1,MA	+2.33,+271.4,+20.5,LB	+6.45,+32.3,+20.6,HA	+2.25,+281.0,+25.6,FB	+2.13,+287.7,+25.2,FB	+2.14,+287.3,+25.4,CB	
1701531832.3545132	+6.66,+19.9,+20.1,MA	+2.33,+271.4,+20.5,LB	+6.45,+32.2,+20.5,JA	+2.25,+281.0,+25.6,FB	+2.13,+287.8,+25.2,IB	+2.14,+287.3,+25.3,DB	
1701531894.3634655	+6.66,+20.0,+20.1,NA	+2.33,+271.4,+20.5,LB	+6.45,+32.2,+20.6,IA	+2.25,+281.0,+25.6,FB	+2.13,+287.8,+25.2,IB	+2.14,+287.3,+25.4,CB	
1701531956.3738346	+6.66,+20.0,+20.1,NA	+2.33,+271.3,+20.5,KB	+6.45,+32.3,+20.6,HA	+2.25,+280.7,+25.5,CB	+2.13,+287.8,+25.2,IB	+2.14,+287.2,+25.3,EB	
1701532018.3833427	+6.66,+19.9,+20.1,MA	+2.33,+271.4,+20.5,LB	+6.44,+32.3,+20.6,IA	+2.26,+280.6,+25.6,BB	+2.13,+287.7,+25.2,FB	+2.14,+287.2,+25.4,BB	
1701532080.39123	+6.66,+19.9,+20.1,MA	+2.33,+271.4,+20.5,LB	+6.44,+32.3,+20.6,IA	+2.25,+281.0,+25.6,FB	+2.12,+288.0,+25.2,OB	+2.13,+287.7,+25.4,@B	
1701532142.3969235	+6.66,+19.9,+20.2,NA	+2.33,+271.3,+20.5,KB	+6.44,+32.4,+20.6,NA	+2.25,+280.7,+25.6,@B	+2.13,+287.8,+25.2,IB	+2.15,+286.9,+25.4,IB	
1701532204.4048855	+6.66,+19.9,+20.2,NA	+2.33,+271.4,+20.5,LB	+6.45,+32.3,+20.6,HA	+2.25,+280.9,+25.6,NB	+2.12,+288.4,+25.2,KB	+2.13,+288.1,+25.4,IB	
1701532266.413083	+6.66,+19.9,+20.2,NA	+2.33,+271.4,+20.5,LB	+6.45,+32.3,+20.6,HA	+2.26,+280.2,+25.5,EB	+2.13,+287.9,+25.2,HB	+2.14,+287.4,+25.4,DB	
1701532328.4227374	+6.66,+19.9,+20.2,NA	+2.33,+271.3,+20.5,KB	+6.44,+32.3,+20.6,IA	+2.25,+281.1,+25.5,DB	+2.12,+288.2,+25.2,MB	+2.13,+287.7,+25.4,@B	
1701532390.431645	+6.66,+19.9,+20.2,NA	+2.33,+271.4,+20.5,LB	+6.44,+32.3,+20.6,IA	+2.26,+280.1,+25.5,FB	+2.11,+288.6,+25.2,JB	+2.11,+288.8,+25.3,EB	
1701532452.4412303	+6.66,+19.9,+20.2,NA	+2.33,+271.4,+20.5,LB	+6.44,+32.3,+20.6,IA	+2.26,+280.3,+25.5,DB	+2.11,+288.6,+25.2,JB	+2.11,+288.8,+25.3,EB	
1701532514.4510121	+6.66,+19.9,+20.2,NA	+2.33,+271.4,+20.5,LB	+6.44,+32.3,+20.6,IA	+2.27,+280.0,+25.6,EB	+2.12,+288.4,+25.2,KB	+2.12,+288.7,+25.4,NB	
1701532576.460851	+6.66,+19.9,+20.2,NA	+2.33,+271.4,+20.5,LB	+6.45,+32.2,+20.6,IA	+2.25,+281.0,+25.5,EB	+2.12,+288.1,+25.2,NB	+2.14,+287.4,+25.3,CB	
1701532638.4694676	+6.66,+19.9,+20.2,NA	+2.33,+271.3,+20.5,KB	+6.45,+32.2,+20.6,IA	+2.25,+281.2,+25.6,DB	+2.11,+288.5,+25.2,IB	+2.12,+288.1,+25.3,OB	
1701532700.4769702	+6.66,+19.9,+20.2,NA	+2.33,+271.4,+20.5,LB	+6.45,+32.2,+20.6,IA	+2.27,+280.0,+25.5,FB	+2.12,+288.2,+25.2,MB	+2.12,+288.5,+25.4,LB	
1701532762.485286	+6.66,+19.8,+20.2,OA	+2.33,+271.4,+20.5,LB	+6.45,+32.2,+20.6,IA	+2.26,+280.3,+25.6,GB	+2.13,+287.7,+25.2,FB	+2.14,+287.4,+25.4,DB	
1701532824.4947217	+6.66,+19.9,+20.2,NA	+2.33,+271.4,+20.5,LB	+6.45,+32.2,+20.6,IA	+2.26,+280.1,+25.6,EB	+2.12,+288.2,+25.2,MB	+2.12,+288.5,+25.3,KB	
1701532886.503613	+6.66,+19.9,+20.2,NA	+2.33,+271.4,+20.5,LB	+6.45,+32.2,+20.6,IA	+2.25,+280.7,+25.5,CB	+2.12,+288.4,+25.2,KB	+2.11,+288.9,+25.4,CB	
1701532948.5104709	+6.66,+19.8,+20.2,OA	+2.33,+271.4,+20.5,LB	+6.44,+32.3,+20.6,IA	+2.26,+280.5,+25.5,BB	+2.13,+287.8,+25.2,IB	+2.14,+287.3,+25.4,CB	
1701533010.5176573	+6.66,+19.8,+20.2,OA	+2.33,+271.4,+20.5,LB	+6.45,+32.2,+20.6,IA	+2.24,+281.3,+25.6,DB	+2.12,+288.4,+25.2,KB	+2.13,+287.7,+25.3,GB	
1701533072.5258896	+6.66,+19.9,+20.2,NA	+2.33,+271.4,+20.5,LB	+6.45,+32.3,+20.6,HA	+2.26,+280.3,+25.6,GB	+2.12,+288.1,+25.2,NB	+2.12,+288.7,+25.4,NB	
1701533134.5350394	+6.66,+19.8,+20.2,OA	+2.33,+271.4,+20.5,LB	+6.45,+32.2,+20.6,IA	+2.26,+280.6,+25.6,BB	+2.12,+288.2,+25.2,MB	+2.11,+288.9,+25.3,DB	
1701533196.5441072	+6.66,+19.9,+20.2,NA	+2.33,+271.4,+20.5,LB	+6.45,+32.1,+20.6,JA	+2.25,+280.8,+25.5,LB	+2.12,+288.1,+25.2,NB	+2.14,+287.4,+25.3,CB	
1701533258.5541136	+6.66,+19.9,+20.2,NA	+2.33,+271.4,+20.5,LB	+6.45,+32.3,+20.6,HA	+2.25,+280.8,+25.5,LB	+2.12,+288.3,+25.2,LB	+2.11,+289.0,+25.4,KB	
1701533320.5633936	+6.66,+19.9,+20.2,NA	+2.33,+271.4,+20.5,LB	+6.45,+32.2,+20.6,IA	+2.24,+281.6,+25.5,BB	+2.11,+288.6,+25.2,JB	+2.13,+287.8,+25.4,OB	
1701533382.5703137	+6.66,+19.8,+20.2,OA	+2.33,+271.4,+20.5,LB	+6.45,+32.2,+20.6,IA	+2.26,+280.4,+25.5,CB	+2.13,+287.9,+25.2,HB	+2.13,+287.8,+25.4,OB	
1701533444.5783541	+6.66,+19.9,+20.2,NA	+2.33,+271.4,+20.5,LB	+6.45,+32.2,+20.6,IA	+2.26,+280.6,+25.6,BB	+2.13,+287.9,+25.2,HB	+2.12,+288.7,+25.3,IB	
1701533506.5872705	+6.66,+19.8,+20.2,OA	+2.33,+271.5,+20.5,MB	+6.45,+32.2,+20.6,IA	+2.24,+281.5,+25.6,BB	+2.12,+288.4,+25.2,KB	+2.11,+288.9,+25.3,DB	
1701533568.5953453	+6.66,+19.8,+20.2,OA	+2.33,+271.4,+20.5,LB	+6.45,+32.2,+20.6,IA	+2.26,+280.4,+25.6,@B	+2.13,+287.9,+25.2,HB	+2.12,+288.4,+25.3,JB	
1701533630.604454	+6.66,+19.9,+20.2,NA	+2.33,+271.4,+20.5,LB	+6.45,+32.1,+20.6,JA	+2.25,+280.9,+25.5,MB	+2.12,+288.0,+25.2,OB	+2.11,+289.0,+25.4,KB	
1701533692.615967	+6.66,+19.9,+20.2,NA	+2.33,+271.4,+20.5,LB	+6.45,+32.2,+20.6,IA	+2.26,+280.4,+25.5,CB	+2.13,+287.9,+25.2,HB	+2.12,+288.2,+25.3,LB	
1701533754.6241734	+6.66,+19.8,+20.2,OA	+2.33,+271.4,+20.5,LB	+6.45,+32.2,+20.6,IA	+2.26,+280.2,+25.5,EB	+2.11,+288.6,+25.2,JB	+2.13,+287.8,+25.4,OB	
1701533816.6343496	+6.66,+19.9,+20.2,NA	+2.33,+271.4,+20.5,LB	+6.44,+32.3,+20.6,IA	+2.26,+280.5,+25.5,BB	+2.11,+288.6,+25.2,JB	+2.12,+288.2,+25.4,KB	
1701533878.6408293	+6.66,+19.9,+20.2,NA	+2.33,+271.4,+20.5,LB	+6.45,+32.3,+20.6,HA	+2.28,+279.4,+25.6,HB	+2.12,+288.1,+25.2,NB	+2.13,+288.0,+25.4,HB	
1701533940.648062	+6.66,+19.8,+20.2,OA	+2.33,+271.4,+20.5,LB	+6.45,+32.2,+20.6,IA	+2.26,+280.5,+25.6,AB	+2.12,+288.1,+25.2,NB	+2.11,+289.1,+25.3,MB	
1701534002.6530674	+6.66,+19.8,+20.2,OA	+2.33,+271.4,+20.5,LB	+6.45,+32.2,+20.6,IA	+2.27,+279.9,+25.6,JB	+2.11,+288.6,+25.2,JB	+2.14,+287.3,+25.3,DB	
1701534064.6600316	+6.66,+19.9,+20.2,NA	+2.33,+271.4,+20.5,LB	+6.45,+32.2,+20.6,IA	+2.26,+280.6,+25.6,BB	+2.11,+288.6,+25.2,JB	+2.14,+287.5,+25.4,EB	
1701534126.6724014	+6.66,+19.8,+20.2,OA	+2.33,+271.4,+20.5,LB	+6.45,+32.3,+20.6,HA	+2.26,+280.2,+25.6,FB	+2.13,+287.9,+25.2,HB	+2.12,+288.6,+25.3,HB	
1701534188.6812901	+6.66,+19.8,+20.2,OA	+2.33,+271.5,+20.5,MB	+6.44,+32.3,+20.6,IA	+2.27,+279.8,+25.6,KB	+2.12,+288.2,+25.2,MB	+2.13,+287.7,+25.4,@B	
1701534250.6906896	+6.66,+19.8,+20.2,OA	+2.33,+271.4,+20.5,LB	+6.45,+32.2,+20.6,IA	+2.26,+280.2,+25.5,EB	+2.12,+288.0,+25.2,OB	+2.12,+288.5,+25.4,LB	
1701534312.7005498	+6.66,+19.8,+20.2,OA	+2.33,+271.4,+20.6,OB	+6.45,+32.2,+20.6,IA	+2.27,+279.8,+25.5,HB	+2.12,+288.3,+25.2,LB	+2.13,+287.7,+25.4,@B	
1701534374.7088304	+6.66,+19.9,+20.2,NA	+2.33,+271.4,+20.5,LB	+6.45,+32.2,+20.6,IA	+2.25,+280.9,+25.5,MB	+2.13,+287.8,+25.2,IB	+2.11,+289.1,+25.3,MB	
1701534436.7162402	+6.66,+19.8,+20.2,OA	+2.33,+271.4,+20.5,LB	+6.45,+32.2,+20.6,IA	+2.25,+281.2,+25.5,GB	+2.12,+288.2,+25.2,MB	+2.12,+288.5,+25.4,LB	
1701534498.7248664	+6.66,+19.8,+20.2,OA	+2.33,+271.4,+20.5,LB	+6.45,+32.3,+20.6,HA	+2.25,+281.1,+25.6,GB	+2.12,+288.4,+25.2,KB	+2.12,+288.3,+25.3,MB	
1701534560.7341373	+6.66,+19.9,+20.2,NA	+2.33,+271.4,+20.5,LB	+6.45,+32.2,+20.6,IA	+2.26,+280.2,+25.6,FB	+2.11,+288.8,+25.2,DB	+2.14,+287.2,+25.4,BB	
1701534622.7437925	+6.66,+19.9,+20.2,NA	+2.33,+271.4,+20.5,LB	+6.45,+32.3,+20.6,HA	+2.25,+281.0,+25.6,FB	+2.13,+287.8,+25.2,IB	+2.11,+289.0,+25.4,KB	
1701534684.7518084	+6.66,+19.9,+20.2,NA	+2.33,+271.4,+20.6,OB	+6.45,+32.1,+20.6,JA	+2.26,+280.1,+25.6,EB	+2.11,+288.8,+25.2,DB	+2.14,+287.4,+25.4,DB	
1701534746.7585456	+6.66,+19.9,+20.2,NA	+2.33,+271.4,+20.5,LB	+6.45,+32.2,+20.6,IA	+2.26,+280.4,+25.6,@B	+2.12,+288.4,+25.2,KB	+2.12,+288.2,+25.4,KB	
1701534808.7671554	+6.66,+19.9,+20.2,NA	+2.33,+271.4,+20.6,OB	+6.45,+32.2,+20.7,HA	+2.24,+281.4,+25.6,CB	+2.13,+288.0,+25.2,NB	+2.11,+288.8,+25.4,BB	
1701534870.7771463	+6.66,+19.8,+20.2,OA	+2.33,+271.4,+20.6,OB	+6.45,+32.2,+20.6,IA	+2.26,+280.5,+25.5,BB	+2.12,+288.4,+25.2,KB	+2.12,+288.4,+25.4,MB	
1701534932.7865252	+6.66,+19.8,+20.2,OA	+2.33,+271.4,+20.6,OB	+6.44,+32.3,+20.6,IA	+2.26,+280.6,+25.5,AB	+2.12,+288.4,+25.2,KB	+2.12,+288.4,+25.4,MB	
1701534994.796791	+6.66,+19.9,+20.3,OA	+2.33,+271.4,+20.5,LB	+6.44,+32.3,+20.6,IA	+2.26,+280.5,+25.6,AB	+2.11,+288.6,+25.2,JB	+2.13,+287.8,+25.4,OB	
1701535056.8064113	+6.66,+19.8,+20.2,OA	+2.33,+271.4,+20.5,LB	+6.45,+32.2,+20.6,IA	+2.24,+281.6,+25.5,BB	+2.13,+287.9,+25.2,HB	+2.11,+289.1,+25.4,JB	
1701535118.8154743	+6.66,+19.9,+20.2,NA	+2.33,+271.4,+20.6,OB	+6.45,+32.2,+20.6,IA	+2.25,+280.7,+25.5,CB	+2.12,+288.5,+25.2,JB	+2.13,+288.1,+25.4,IB	
1701535180.823745	+6.66,+19.9,+20.2,NA	+2.33,+271.4,+20.5,LB	+6.44,+32.3,+20.6,IA	+2.25,+280.8,+25.6,OB	+2.11,+288.6,+25.2,JB	+2.14,+287.5,+25.4,EB	
1701535242.8325958	+6.66,+19.9,+20.2,NA	+2.33,+271.4,+20.5,LB	+6.45,+32.3,+20.6,HA	+2.24,+281.6,+25.6,AB	+2.12,+288.0,+25.2,OB	+2.11,+289.2,+25.4,IB	
1701535304.8417487	+6.66,+19.9,+20.2,NA	+2.33,+271.4,+20.5,LB	+6.45,+32.2,+20.6,IA	+2.26,+280.6,+25.6,BB	+2.11,+288.7,+25.2,KB	+2.13,+288.0,+25.3,OB	
1701535550.3734083	+6.66,+19.9,+20.2,NA	+2.33,+271.4,+20.6,OB	+6.45,+32.2,+20.7,HA	+2.23,+282.1,+25.6,BB	+2.12,+288.6,+25.2,IB	+2.14,+287.3,+25.3,DB	
1701535612.3838787	+6.66,+19.9,+20.2,NA	+2.33,+271.4,+20.5,LB	+6.45,+32.3,+20.6,HA	+2.25,+280.8,+25.6,OB	+2.13,+287.9,+25.2,HB	+2.12,+288.5,+25.4,LB	
1701535674.3941927	+6.66,+19.9,+20.3,OA	+2.33,+271.4,+20.6,OB	+6.44,+32.3,+20.6,IA	+2.24,+281.3,+25.6,DB	+2.12,+288.4,+25.2,KB	+2.12,+288.4,+25.3,JB	
1701535736.4025717	+6.66,+19.9,+20.2,NA	+2.33,+271.4,+20.6,OB	+6.45,+32.2,+20.6,IA	+2.25,+280.9,+25.5,MB	+2.12,+288.2,+25.2,MB	+2.11,+289.0,+25.3,LB	
1701535798.4124706	+6.66,+19.8,+20.3,NA	+2.33,+271.4,+20.6,OB	+6.44,+32.3,+20.7,HA	+2.24,+281.6,+25.6,AB	+2.12,+288.0,+25.2,OB	+2.13,+287.9,+25.4,NB	
1701535860.4215846	+6.66,+19.8,+20.2,OA	+2.33,+271.4,+20.6,OB	+6.44,+32.3,+20.7,HA	+2.25,+280.9,+25.6,NB	+2.13,+287.9,+25.2,HB	+2.12,+288.5,+25.4,LB	
1701535922.4297802	+6.66,+19.8,+20.3,NA	+2.33,+271.5,+20.6,NB	+6.45,+32.3,+20.7,IA	+2.23,+282.1,+25.6,BB	+2.12,+288.3,+25.2,LB	+2.15,+286.6,+25.4,FB	
1701535984.437802	+6.66,+19.9,+20.3,OA	+2.33,+271.4,+20.6,OB	+6.44,+32.4,+20.6,NA	+2.24,+281.3,+25.6,DB	+2.12,+288.0,+25.2,OB	+2.13,+287.7,+25.3,GB	
1701536046.450548	+6.66,+19.9,+20.3,OA	+2.33,+271.4,+20.6,OB	+6.45,+32.3,+20.7,IA	+2.25,+280.9,+25.6,NB	+2.12,+288.4,+25.2,KB	+2.12,+288.4,+25.4,MB	
1701536108.4597147	+6.66,+19.8,+20.3,NA	+2.33,+271.4,+20.6,OB	+6.45,+32.3,+20.7,IA	+2.24,+281.4,+25.6,CB	+2.11,+288.8,+25.2,DB	+2.13,+287.9,+25.4,NB	
1701536170.4694927	+6.66,+19.8,+20.2,OA	+2.33,+271.4,+20.6,OB	+6.45,+32.3,+20.7,IA	+2.23,+281.9,+25.6,IB	+2.12,+288.5,+25.2,JB	+2.14,+287.3,+25.3,DB	
1701536232.4774044	+6.66,+19.8,+20.3,NA	+2.33,+271.4,+20.6,OB	+6.45,+32.3,+20.7,IA	+2.24,+281.7,+25.6,@B	+2.11,+288.7,+25.2,KB	+2.13,+287.6,+25.3,FB	
1701536294.4886754	+6.66,+19.8,+20.3,NA	+2.33,+271.4,+20.6,OB	+6.45,+32.3,+20.6,HA	+2.25,+281.1,+25.6,GB	+2.11,+288.6,+25.2,JB	+2.12,+288.4,+25.3,JB	
1701536356.495517	+6.66,+19.9,+20.2,NA	+2.33,+271.4,+20.6,OB	+6.44,+32.3,+20.7,HA	+2.24,+281.4,+25.6,CB	+2.11,+288.7,+25.2,KB	+2.13,+288.1,+25.3,NB	
1701536418.504692	+6.66,+19.9,+20.3,OA	+2.33,+271.4,+20.6,OB	+6.45,+32.3,+20.6,HA	+2.24,+281.8,+25.6,OB	+2.12,+288.1,+25.2,NB	+2.13,+288.1,+25.4,IB	
1701536480.5125751	+6.66,+19.8,+20.2,OA	+2.33,+271.4,+20.6,OB	+6.45,+32.2,+20.7,HA	+2.25,+281.2,+25.6,DB	+2.11,+288.8,+25.2,DB	+2.12,+288.6,+25.3,HB	
1701536542.520968	+6.66,+19.9,+20.2,NA	+2.33,+271.4,+20.6,OB	+6.45,+32.2,+20.6,IA	+2.25,+281.0,+25.6,FB	+2.11,+288.7,+25.2,KB	+2.11,+289.0,+25.4,KB	
1701536604.5312107	+6.66,+19.9,+20.3,OA	+2.33,+271.4,+20.6,OB	+6.45,+32.2,+20.6,IA	+2.24,+281.5,+25.6,BB	+2.12,+288.2,+25.2,MB	+2.13,+288.0,+25.3,OB	
1701536666.5379438	+6.66,+19.9,+20.2,NA	+2.33,+271.4,+20.6,OB	+6.45,+32.3,+20.6,HA	+2.24,+281.8,+25.6,OB	+2.12,+288.0,+25.2,OB	+2.13,+288.0,+25.4,HB	
1701536728.5471063	+6.66,+19.9,+20.2,NA	+2.33,+271.4,+20.6,OB	+6.45,+32.3,+20.7,IA	+2.23,+282.2,+25.6,AB	+2.12,+288.0,+25.2,OB	+2.14,+287.5,+25.3,BB	
1701536790.5555983	+6.66,+19.9,+20.2,NA	+2.33,+271.4,+20.6,OB	+6.45,+32.2,+20.7,HA	+2.23,+282.3,+25.6,@B	+2.13,+287.9,+25.2,HB	+2.14,+287.4,+25.3,CB	
1701536852.5650895	+6.66,+19.9,+20.3,OA	+2.33,+271.5,+20.6,NB	+6.45,+32.3,+20.7,IA	+2.24,+281.5,+25.6,BB	+2.12,+288.4,+25.2,KB	+2.12,+288.5,+25.4,LB	
1701536914.5734437	+6.66,+19.9,+20.2,NA	+2.33,+271.4,+20.6,OB	+6.45,+32.3,+20.6,HA	+2.25,+281.0,+25.5,EB	+2.11,+288.6,+25.2,JB	+2.11,+289.1,+25.3,MB	
1701536976.5829895	+6.66,+19.9,+20.3,OA	+2.33,+271.5,+20.6,NB	+6.45,+32.2,+20.6,IA	+2.25,+281.1,+25.6,GB	+2.12,+288.3,+25.2,LB	+2.12,+288.4,+25.4,MB	
1701537038.5919678	+6.66,+19.9,+20.3,OA	+2.33,+271.4,+20.6,OB	+6.45,+32.3,+20.6,HA	+2.24,+281.2,+25.6,EB	+2.12,+288.3,+25.2,LB	+2.13,+288.0,+25.3,OB	
1701537100.5984614	+6.66,+19.9,+20.3,OA	+2.33,+271.4,+20.6,OB	+6.45,+32.2,+20.7,HA	+2.24,+281.4,+25.6,CB	+2.12,+288.4,+25.2,KB	+2.12,+288.4,+25.4,MB	
1701537162.607805	+6.66,+19.9,+20.3,OA	+2.33,+271.5,+20.6,NB	+6.45,+32.3,+20.7,IA	+2.24,+281.4,+25.6,CB	+2.12,+288.4,+25.2,KB	+2.13,+288.0,+25.3,OB	
1701537224.612438	+6.66,+19.9,+20.2,NA	+2.33,+271.4,+20.6,OB	+6.45,+32.1,+20.7,KA	+2.25,+280.8,+25.5,LB	+2.11,+288.6,+25.2,JB	+2.12,+288.7,+25.3,IB	
1701537286.6207645	+6.66,+19.9,+20.2,NA	+2.33,+271.4,+20.6,OB	+6.45,+32.2,+20.7,HA	+2.23,+282.1,+25.6,BB	+2.12,+288.2,+25.2,MB	+2.13,+287.6,+25.3,FB	
1701537348.6310227	+6.66,+19.9,+20.2,NA	+2.33,+271.4,+20.6,OB	+6.45,+32.1,+20.7,KA	+2.24,+281.6,+25.6,AB	+2.13,+288.0,+25.2,NB	+2.13,+287.6,+25.3,FB	
1701537410.6410363	+6.66,+19.9,+20.3,OA	+2.33,+271.5,+20.6,NB	+6.45,+32.2,+20.7,HA	+2.24,+281.6,+25.6,AB	+2.11,+288.6,+25.2,JB	+2.12,+288.1,+25.3,OB	
1701537472.650281	+6.66,+19.9,+20.3,OA	+2.33,+271.5,+20.6,NB	+6.45,+32.2,+20.7,HA	+2.25,+281.0,+25.6,FB	+2.11,+288.8,+25.2,DB	+2.12,+288.5,+25.4,LB	
1701537534.6602554	+6.66,+19.9,+20.2,NA	+2.33,+271.4,+20.6,OB	+6.45,+32.3,+20.6,HA	+2.25,+280.7,+25.6,@B	+2.11,+288.6,+25.2,JB	+2.11,+288.8,+25.4,BB	
1701537596.6690521	+6.66,+19.9,+20.3,OA	+2.33,+271.5,+20.6,NB	+6.45,+32.1,+20.6,JA	+2.24,+281.7,+25.6,@B	+2.12,+288.3,+25.2,LB	+2.14,+287.5,+25.4,EB	
1701537658.6775184	+6.66,+19.8,+20.3,NA	+2.33,+271.4,+20.6,OB	+6.45,+32.1,+20.6,JA	+2.23,+282.1,+25.6,BB	+2.12,+288.2,+25.2,MB	+2.14,+287.1,+25.4,AB	
1701537720.6864164	+6.66,+19.9,+20.2,NA	+2.33,+271.5,+20.6,NB	+6.45,+32.1,+20.6,JA	+2.24,+281.3,+25.6,DB	+2.11,+288.7,+25.2,KB	+2.12,+288.5,+25.4,LB	
1701537782.6931963	+6.66,+19.8,+20.3,NA	+2.33,+271.4,+20.6,OB	+6.45,+32.1,+20.6,JA	+2.23,+282.0,+25.6,CB	+2.11,+288.6,+25.2,JB	+2.13,+287.8,+25.4,OB	
1701537844.700356	+6.66,+19.9,+20.2,NA	+2.33,+271.4,+20.6,OB	+6.45,+32.2,+20.6,IA	+2.23,+282.1,+25.6,BB	+2.12,+288.0,+25.2,OB	+2.15,+286.9,+25.4,IB	
1701537906.7115262	+6.66,+19.9,+20.2,NA	+2.33,+271.5,+20.6,NB	+6.45,+32.1,+20.7,KA	+2.25,+281.2,+25.6,DB	+2.12,+288.1,+25.2,NB	+2.13,+288.0,+25.4,HB	
1701537968.7204726	+6.66,+19.9,+20.3,OA	+2.33,+271.4,+20.6,OB	+6.45,+32.1,+20.6,JA	+2.24,+281.8,+25.5,LB	+2.11,+288.7,+25.2,KB	+2.12,+288.2,+25.3,LB	
1701538030.7295303	+6.66,+19.9,+20.2,NA	+2.33,+271.4,+20.6,OB	+6.45,+32.1,+20.6,JA	+2.23,+281.8,+25.5,KB	+2.12,+288.0,+25.2,OB	+2.14,+287.0,+25.3,GB	
1701538092.7370262	+6.66,+19.9,+20.3,OA	+2.33,+271.5,+20.6,NB	+6.45,+32.2,+20.6,IA	+2.24,+281.7,+25.5,CB	+2.12,+288.6,+25.2,IB	+2.12,+288.4,+25.4,MB	
1701538154.7438014	+6.66,+19.9,+20.2,NA	+2.33,+271.4,+20.6,OB	+6.45,+32.1,+20.6,JA	+2.23,+282.3,+25.5,CB	+2.12,+288.3,+25.2,LB	+2.15,+286.9,+25.4,IB	
1701538216.7515857	+6.66,+19.9,+20.3,OA	+2.33,+271.4,+20.6,OB	+6.45,+32.0,+20.6,KA	+2.23,+282.2,+25.6,AB	+2.12,+288.1,+25.2,NB	+2.15,+286.8,+25.4,HB	
1701538278.7645962	+6.66,+19.9,+20.3,OA	+2.33,+271.5,+20.6,NB	+6.45,+32.1,+20.6,JA	+2.23,+282.0,+25.6,CB	+2.11,+288.6,+25.2,JB	+2.13,+288.0,+25.4,HB	
1701538340.7728837	+6.66,+19.9,+20.2,NA	+2.33,+271.4,+20.6,OB	+6.45,+32.1,+20.7,KA	+2.25,+281.1,+25.6,GB	+2.13,+288.0,+25.2,NB	+2.12,+288.3,+25.3,MB	
