62309060419	62309060427	62309060471	62309060472	62309060473	62309060475	
1701927518.159317	+6.58,+24.4,+19.5,MA	+2.97,+233.8,+19.9,NB	+6.49,+29.6,+20.0,MA	+3.02,+235.6,+25.6,KB	+2.95,+239.4,+25.2,NB	+2.86,+244.5,+25.4,AB	
1701927580.1660476	+6.58,+24.4,+19.4,LA	+2.97,+233.8,+19.9,NB	+6.49,+29.6,+20.0,MA	+3.01,+236.2,+25.5,LB	+2.94,+239.8,+25.2,CB	+2.86,+244.8,+25.4,LB	
1701927642.1752715	+6.58,+24.4,+19.4,LA	+2.97,+233.8,+19.9,NB	+6.49,+29.5,+20.0,NA	+3.01,+235.9,+25.6,GB	+2.95,+239.4,+25.2,NB	+2.88,+243.5,+25.4,HB	
1701927704.1823869	+6.58,+24.4,+19.5,MA	+2.97,+233.8,+19.9,NB	+6.49,+29.6,+20.0,MA	+3.01,+236.2,+25.6,OB	+2.94,+239.8,+25.2,CB	+2.86,+244.9,+25.4,MB	
1701927766.1934628	+6.58,+24.4,+19.5,MA	+2.97,+233.8,+19.9,NB	+6.49,+29.5,+20.0,NA	+2.99,+237.1,+25.6,MB	+2.93,+240.1,+25.2,CB	+2.88,+243.3,+25.4,NB	
1701927828.2022042	+6.58,+24.4,+19.4,LA	+2.97,+233.7,+19.9,AB	+6.49,+29.6,+20.0,MA	+2.99,+237.0,+25.6,LB	+2.94,+240.1,+25.2,DB	+2.87,+244.1,+25.4,DB	
1701927890.2088852	+6.58,+24.4,+19.4,LA	+2.97,+233.7,+19.9,AB	+6.49,+29.5,+20.0,NA	+2.99,+237.1,+25.5,NB	+2.93,+240.2,+25.2,@B	+2.88,+243.7,+25.4,JB	
1701927952.2180884	+6.58,+24.3,+19.4,KA	+2.97,+233.7,+19.9,AB	+6.49,+29.6,+20.0,MA	+2.99,+237.0,+25.6,LB	+2.93,+240.2,+25.2,@B	+2.88,+243.5,+25.4,HB	
1701928014.2249463	+6.58,+24.4,+19.5,MA	+2.97,+233.7,+20.0,BB	+6.49,+29.6,+20.0,MA	+3.01,+235.7,+25.6,IB	+2.95,+239.4,+25.2,NB	+2.87,+244.3,+25.4,FB	
1701928076.2318175	+6.58,+24.4,+19.5,MA	+2.97,+233.6,+19.9,@B	+6.49,+29.5,+20.0,NA	+2.99,+236.9,+25.6,DB	+2.94,+239.9,+25.2,BB	+2.86,+244.5,+25.4,AB	
1701928138.239992	+6.58,+24.4,+19.5,MA	+2.97,+233.6,+19.9,@B	+6.49,+29.6,+20.0,MA	+2.99,+237.1,+25.5,NB	+2.93,+240.2,+25.2,@B	+2.88,+243.7,+25.4,JB	
1701928200.2482026	+6.58,+24.3,+19.5,JA	+2.97,+233.6,+19.9,@B	+6.49,+29.5,+20.0,NA	+3.01,+236.2,+25.5,LB	+2.94,+239.9,+25.2,BB	+2.88,+243.4,+25.4,IB	
1701928262.2563415	+6.58,+24.4,+19.5,MA	+2.97,+233.6,+19.9,@B	+6.49,+29.6,+20.0,MA	+3.00,+236.5,+25.6,IB	+2.95,+239.5,+25.2,OB	+2.86,+245.0,+25.4,EB	
1701928324.265213	+6.58,+24.3,+19.5,JA	+2.97,+233.6,+19.9,@B	+6.49,+29.5,+20.0,NA	+3.00,+236.4,+25.6,HB	+2.94,+239.9,+25.2,BB	+2.88,+243.5,+25.4,HB	
1701928386.273157	+6.58,+24.3,+19.5,JA	+2.98,+233.6,+19.9,OB	+6.49,+29.5,+20.0,NA	+2.99,+236.9,+25.6,DB	+2.93,+240.2,+25.2,@B	+2.88,+243.6,+25.4,KB	
1701928448.277472	+6.58,+24.3,+19.5,JA	+2.98,+233.5,+19.9,LB	+6.49,+29.6,+20.0,MA	+3.00,+236.5,+25.6,IB	+2.95,+239.4,+25.2,NB	+2.85,+245.2,+25.4,DB	
1701928510.2860706	+6.58,+24.4,+19.5,MA	+2.97,+233.6,+20.0,CB	+6.49,+29.6,+20.0,MA	+2.99,+236.9,+25.6,DB	+2.94,+239.6,+25.2,MB	+2.85,+245.1,+25.4,GB	
1701928572.2938907	+6.58,+24.3,+19.5,JA	+2.97,+233.6,+19.9,@B	+6.49,+29.6,+20.0,MA	+3.01,+236.0,+25.6,MB	+2.94,+239.7,+25.2,LB	+2.87,+244.3,+25.4,FB	
1701928634.2996857	+6.58,+24.4,+19.5,MA	+2.98,+233.6,+20.0,LB	+6.49,+29.5,+20.0,NA	+2.99,+237.2,+25.6,NB	+2.94,+240.0,+25.2,EB	+2.87,+244.3,+25.3,AB	
1701928696.306566	+6.58,+24.4,+19.5,MA	+2.98,+233.6,+19.9,OB	+6.49,+29.5,+20.0,NA	+2.99,+237.0,+25.5,OB	+2.94,+239.7,+25.2,LB	+2.86,+244.8,+25.4,LB	
1701928758.3153467	+6.58,+24.3,+19.4,KA	+2.98,+233.5,+19.9,LB	+6.49,+29.5,+20.0,NA	+3.00,+236.5,+25.6,IB	+2.95,+239.4,+25.2,NB	+2.85,+245.1,+25.4,GB	
1701928820.3219252	+6.58,+24.4,+19.5,MA	+2.98,+233.4,+20.0,NB	+6.49,+29.6,+20.0,MA	+2.99,+237.0,+25.6,LB	+2.94,+240.0,+25.2,EB	+2.87,+244.0,+25.4,EB	
1701928882.3295631	+6.58,+24.3,+19.5,JA	+2.98,+233.5,+19.9,LB	+6.49,+29.7,+20.0,LA	+3.00,+236.4,+25.6,HB	+2.93,+240.2,+25.2,@B	+2.88,+243.5,+25.4,HB	
1701928944.3380208	+6.58,+24.3,+19.5,JA	+2.98,+233.4,+19.9,MB	+6.49,+29.6,+20.0,MA	+2.99,+236.9,+25.6,DB	+2.94,+239.8,+25.2,CB	+2.87,+244.4,+25.4,AB	
1701929006.3437076	+6.58,+24.3,+19.5,JA	+2.98,+233.4,+20.0,NB	+6.49,+29.6,+20.0,MA	+3.00,+236.3,+25.6,OB	+2.93,+240.2,+25.2,@B	+2.88,+243.5,+25.4,HB	
1701929068.3537211	+6.58,+24.4,+19.5,MA	+2.98,+233.4,+19.9,MB	+6.49,+29.6,+20.1,LA	+3.01,+235.7,+25.6,IB	+2.93,+240.2,+25.2,@B	+2.88,+243.6,+25.4,KB	
1701929130.3635619	+6.58,+24.4,+19.5,MA	+2.98,+233.4,+20.0,NB	+6.49,+29.6,+20.0,MA	+3.01,+236.1,+25.5,OB	+2.93,+240.2,+25.2,@B	+2.88,+243.5,+25.4,HB	
1701929192.3741863	+6.58,+24.3,+19.5,JA	+2.98,+233.4,+20.0,NB	+6.49,+29.6,+20.1,LA	+3.01,+235.8,+25.5,EB	+2.93,+240.3,+25.2,AB	+2.88,+243.5,+25.4,HB	
1701929254.3836343	+6.58,+24.4,+19.5,MA	+2.98,+233.3,+19.9,JB	+6.49,+29.5,+20.0,NA	+2.99,+236.9,+25.6,DB	+2.94,+239.6,+25.2,MB	+2.86,+244.6,+25.4,BB	
1701929316.3930895	+6.58,+24.4,+19.5,MA	+2.98,+233.4,+20.0,NB	+6.49,+29.5,+20.0,NA	+3.00,+236.6,+25.6,JB	+2.94,+239.9,+25.2,BB	+2.87,+244.1,+25.4,DB	
1701929378.402748	+6.58,+24.3,+19.5,JA	+2.98,+233.3,+20.0,IB	+6.49,+29.6,+20.1,LA	+3.01,+235.9,+25.5,DB	+2.94,+239.8,+25.2,CB	+2.86,+244.8,+25.3,KB	
1701929440.4130433	+6.58,+24.3,+19.5,JA	+2.98,+233.3,+20.0,IB	+6.49,+29.5,+20.1,OA	+3.00,+236.6,+25.5,IB	+2.94,+239.5,+25.2,NB	+2.85,+245.4,+25.4,BB	
1701929502.4231365	+6.58,+24.3,+19.5,JA	+2.98,+233.3,+20.0,IB	+6.49,+29.5,+20.1,OA	+3.01,+236.3,+25.6,NB	+2.94,+239.8,+25.2,CB	+2.85,+245.1,+25.4,GB	
1701929564.431343	+6.58,+24.3,+19.5,JA	+2.98,+233.3,+19.9,JB	+6.49,+29.5,+20.0,NA	+3.00,+236.6,+25.6,JB	+2.94,+239.6,+25.2,MB	+2.85,+245.4,+25.4,BB	
1701929626.434933	+6.58,+24.4,+19.5,MA	+2.98,+233.3,+19.9,JB	+6.49,+29.6,+20.1,LA	+3.02,+235.6,+25.6,KB	+2.93,+240.3,+25.2,AB	+2.87,+244.3,+25.4,FB	
1701929688.4474552	+6.58,+24.3,+19.5,JA	+2.98,+233.3,+20.0,IB	+6.49,+29.7,+20.0,LA	+3.00,+236.4,+25.6,HB	+2.94,+239.8,+25.2,CB	+2.87,+244.0,+25.3,BB	
1701929750.4568594	+6.58,+24.4,+19.5,MA	+2.98,+233.3,+20.0,IB	+6.49,+29.6,+20.0,MA	+3.01,+235.7,+25.6,IB	+2.93,+240.2,+25.2,@B	+2.86,+244.5,+25.4,AB	
1701929812.4673502	+6.58,+24.3,+19.5,JA	+2.98,+233.3,+20.0,IB	+6.49,+29.5,+20.0,NA	+3.02,+235.7,+25.6,JB	+2.93,+240.2,+25.2,@B	+2.88,+243.8,+25.4,EB	
1701929874.4760497	+6.58,+24.3,+19.5,JA	+2.98,+233.3,+19.9,JB	+6.49,+29.6,+20.0,MA	+3.00,+236.9,+25.6,EB	+2.95,+239.5,+25.2,OB	+2.86,+244.7,+25.4,CB	
1701929936.4867818	+6.58,+24.3,+19.5,JA	+2.98,+233.2,+20.0,HB	+6.49,+29.6,+20.1,LA	+2.99,+237.0,+25.6,LB	+2.94,+239.6,+25.2,MB	+2.85,+245.3,+25.4,EB	
1701929998.4971159	+6.58,+24.4,+19.5,MA	+2.98,+233.2,+20.0,HB	+6.49,+29.6,+20.1,LA	+3.01,+236.3,+25.6,NB	+2.93,+240.1,+25.2,CB	+2.86,+244.8,+25.4,LB	
1701930060.5071387	+6.58,+24.3,+19.5,JA	+2.98,+233.1,+20.0,KB	+6.49,+29.7,+20.0,LA	+3.01,+235.9,+25.5,DB	+2.93,+240.3,+25.2,AB	+2.86,+244.5,+25.4,AB	
1701930122.5192072	+6.58,+24.4,+19.5,MA	+2.98,+233.2,+20.0,HB	+6.49,+29.7,+20.1,MA	+3.02,+235.6,+25.6,KB	+2.93,+240.2,+25.2,@B	+2.87,+243.9,+25.4,KB	
1701930184.529794	+6.58,+24.3,+19.5,JA	+2.98,+233.2,+20.0,HB	+6.49,+29.7,+20.1,MA	+3.01,+236.0,+25.5,NB	+2.94,+239.7,+25.2,LB	+2.87,+244.0,+25.4,EB	
1701930246.5373285	+6.58,+24.3,+19.5,JA	+2.98,+233.1,+20.0,KB	+6.49,+29.6,+20.1,LA	+2.99,+237.1,+25.6,MB	+2.94,+239.6,+25.2,MB	+2.85,+245.2,+25.4,DB	
1701930308.5453513	+6.58,+24.3,+19.5,JA	+2.98,+233.1,+20.0,KB	+6.49,+29.7,+20.1,MA	+2.99,+237.1,+25.5,NB	+2.94,+239.6,+25.2,MB	+2.85,+245.2,+25.4,DB	
1701930370.5534217	+6.58,+24.3,+19.5,JA	+2.98,+233.1,+20.0,KB	+6.49,+29.6,+20.1,LA	+3.00,+236.4,+25.5,KB	+2.93,+240.3,+25.2,AB	+2.85,+245.0,+25.4,FB	
1701930432.5653868	+6.58,+24.3,+19.5,JA	+2.98,+233.0,+20.0,JB	+6.49,+29.7,+20.1,MA	+3.00,+236.7,+25.6,KB	+2.95,+239.5,+25.2,OB	+2.87,+244.3,+25.4,FB	
1701930494.5745206	+6.58,+24.3,+19.5,JA	+2.98,+233.1,+20.0,KB	+6.49,+29.6,+20.1,LA	+3.00,+236.4,+25.6,HB	+2.93,+240.2,+25.2,@B	+2.86,+244.9,+25.4,MB	
1701930556.5854254	+6.58,+24.3,+19.5,JA	+2.98,+233.0,+20.0,JB	+6.49,+29.7,+20.1,MA	+3.00,+236.8,+25.5,GB	+2.95,+239.5,+25.2,OB	+2.86,+244.7,+25.4,CB	
1701930618.5953674	+6.58,+24.3,+19.5,JA	+2.98,+233.1,+20.0,KB	+6.49,+29.7,+20.1,MA	+2.99,+237.0,+25.6,LB	+2.94,+239.7,+25.2,LB	+2.85,+245.2,+25.4,DB	
1701930680.6050117	+6.58,+24.3,+19.5,JA	+2.99,+233.0,+20.0,KB	+6.49,+29.6,+20.1,LA	+3.00,+236.8,+25.5,GB	+2.94,+239.6,+25.2,MB	+2.86,+244.8,+25.4,LB	
1701930742.6140554	+6.58,+24.3,+19.5,JA	+2.99,+233.0,+20.0,KB	+6.49,+29.7,+20.1,MA	+3.00,+236.4,+25.5,KB	+2.93,+240.3,+25.2,AB	+2.86,+244.9,+25.4,MB	
1701930804.6212947	+6.58,+24.2,+19.5,KA	+2.99,+233.0,+20.0,KB	+6.49,+29.6,+20.1,LA	+2.99,+237.0,+25.6,LB	+2.94,+239.8,+25.2,CB	+2.85,+245.3,+25.4,EB	
1701930866.6317718	+6.58,+24.3,+19.5,JA	+2.99,+233.0,+20.0,KB	+6.49,+29.6,+20.1,LA	+2.99,+237.2,+25.6,NB	+2.94,+239.9,+25.2,BB	+2.85,+245.5,+25.4,CB	
1701930928.636679	+6.58,+24.3,+19.5,JA	+2.98,+233.0,+20.0,JB	+6.49,+29.6,+20.1,LA	+2.99,+237.1,+25.6,MB	+2.94,+239.9,+25.2,BB	+2.85,+245.4,+25.4,BB	
1701930990.6444366	+6.58,+24.3,+19.5,JA	+2.99,+232.9,+20.0,CB	+6.49,+29.7,+20.1,MA	+3.01,+236.0,+25.6,MB	+2.95,+239.5,+25.2,OB	+2.87,+244.1,+25.4,DB	
1701931052.655007	+6.58,+24.4,+19.5,MA	+2.99,+233.0,+20.0,KB	+6.49,+29.6,+20.1,LA	+2.99,+237.0,+25.6,LB	+2.93,+240.3,+25.2,AB	+2.87,+244.0,+25.4,EB	
1701931299.4275477	+6.58,+24.3,+19.5,JA	+2.99,+233.0,+20.0,KB	+6.49,+29.7,+20.1,MA	+3.00,+236.4,+25.5,KB	+2.94,+239.6,+25.2,MB	+2.86,+244.8,+25.3,KB	
1701931361.4355218	+6.58,+24.3,+19.5,JA	+2.99,+232.9,+20.0,CB	+6.49,+29.7,+20.1,MA	+3.01,+236.0,+25.6,MB	+2.95,+239.5,+25.2,OB	+2.87,+244.2,+25.4,GB	
1701931423.4453247	+6.58,+24.3,+19.6,IA	+2.99,+232.8,+20.0,BB	+6.49,+29.7,+20.1,MA	+3.01,+236.3,+25.6,NB	+2.94,+239.6,+25.2,MB	+2.86,+244.6,+25.4,BB	
1701931485.4525816	+6.58,+24.3,+19.6,IA	+2.99,+232.9,+20.0,CB	+6.49,+29.7,+20.1,MA	+3.01,+236.0,+25.5,NB	+2.94,+239.5,+25.2,NB	+2.88,+243.6,+25.4,KB	
1701931547.4630413	+6.58,+24.4,+19.6,NA	+2.99,+232.9,+20.0,CB	+6.49,+29.8,+20.1,BA	+3.00,+236.8,+25.6,DB	+2.94,+240.1,+25.2,DB	+2.87,+244.3,+25.3,AB	
1701931609.4719384	+6.58,+24.3,+19.5,JA	+2.99,+232.8,+20.0,BB	+6.49,+29.7,+20.1,MA	+2.99,+237.1,+25.5,NB	+2.93,+240.2,+25.2,@B	+2.86,+244.6,+25.4,BB	
1701931671.4806502	+6.58,+24.3,+19.6,IA	+2.99,+232.8,+20.0,BB	+6.49,+29.7,+20.1,MA	+2.99,+237.0,+25.5,OB	+2.93,+240.3,+25.2,AB	+2.86,+244.7,+25.4,CB	
1701931733.4898784	+6.58,+24.3,+19.6,IA	+2.99,+232.8,+20.0,BB	+6.49,+29.7,+20.1,MA	+2.99,+237.1,+25.5,NB	+2.93,+240.3,+25.2,AB	+2.86,+244.9,+25.4,MB	
1701931795.493174	+6.58,+24.2,+19.6,HA	+2.99,+232.8,+20.0,BB	+6.49,+29.7,+20.1,MA	+3.01,+236.2,+25.6,OB	+2.94,+239.6,+25.2,MB	+2.88,+243.4,+25.4,IB	
1701931857.5036454	+6.58,+24.2,+19.6,HA	+2.99,+232.8,+20.0,BB	+6.49,+29.7,+20.1,MA	+3.01,+236.0,+25.6,MB	+2.95,+239.5,+25.2,OB	+2.88,+243.3,+25.4,NB	
1701931919.51227	+6.58,+24.2,+19.6,HA	+2.99,+232.8,+20.0,BB	+6.49,+29.7,+20.1,MA	+3.01,+235.9,+25.5,DB	+2.95,+239.5,+25.2,OB	+2.88,+243.3,+25.4,NB	
1701931981.5193818	+6.58,+24.3,+19.6,IA	+2.99,+232.8,+20.0,BB	+6.49,+29.7,+20.1,MA	+2.99,+237.0,+25.5,OB	+2.93,+240.4,+25.2,FB	+2.85,+245.0,+25.4,FB	
1701932043.5276773	+6.58,+24.3,+19.6,IA	+2.99,+232.8,+20.0,BB	+6.49,+29.8,+20.1,BA	+2.99,+237.3,+25.6,OB	+2.93,+240.3,+25.2,AB	+2.85,+245.0,+25.4,FB	
1701932105.5366251	+6.58,+24.3,+19.6,IA	+2.99,+232.8,+20.0,BB	+6.49,+29.6,+20.1,LA	+3.00,+236.7,+25.6,KB	+2.93,+240.3,+25.2,AB	+2.86,+244.5,+25.4,AB	
1701932167.5451818	+6.58,+24.3,+19.6,IA	+2.99,+232.7,+20.0,MB	+6.49,+29.7,+20.1,MA	+2.99,+237.0,+25.5,OB	+2.94,+239.8,+25.2,CB	+2.87,+244.4,+25.4,AB	
1701932229.5513191	+6.58,+24.2,+19.6,HA	+2.99,+232.7,+20.0,MB	+6.49,+29.7,+20.1,MA	+3.01,+236.2,+25.5,LB	+2.94,+239.7,+25.2,LB	+2.88,+243.4,+25.4,IB	
1701932291.560929	+6.58,+24.2,+19.6,HA	+2.99,+232.7,+20.0,MB	+6.49,+29.8,+20.1,BA	+3.00,+236.3,+25.5,LB	+2.94,+239.6,+25.2,MB	+2.88,+243.4,+25.4,IB	
1701932353.5703537	+6.58,+24.3,+19.6,IA	+2.99,+232.7,+20.0,MB	+6.49,+29.8,+20.1,BA	+3.00,+236.8,+25.5,GB	+2.94,+239.6,+25.2,MB	+2.87,+244.0,+25.4,EB	
1701932415.581218	+6.58,+24.3,+19.6,IA	+2.99,+232.7,+20.0,MB	+6.49,+29.7,+20.1,MA	+3.01,+236.3,+25.6,NB	+2.93,+240.2,+25.2,@B	+2.87,+244.1,+25.4,DB	
1701932477.591228	+6.58,+24.3,+19.6,IA	+2.99,+232.7,+20.0,MB	+6.49,+29.8,+20.1,BA	+3.00,+236.5,+25.6,IB	+2.93,+240.3,+25.2,AB	+2.87,+244.3,+25.4,FB	
1701932539.5997374	+6.58,+24.3,+19.6,IA	+2.99,+232.7,+20.0,MB	+6.49,+29.7,+20.1,MA	+3.00,+236.5,+25.6,IB	+2.94,+239.7,+25.2,LB	+2.88,+243.4,+25.4,IB	
1701932601.6075165	+6.58,+24.3,+19.6,IA	+2.99,+232.7,+20.0,MB	+6.49,+29.7,+20.1,MA	+2.99,+237.2,+25.6,NB	+2.94,+239.7,+25.2,LB	+2.87,+244.4,+25.4,AB	
1701932663.6157174	+6.58,+24.3,+19.6,IA	+2.99,+232.7,+20.0,MB	+6.49,+29.8,+20.1,BA	+3.00,+236.8,+25.5,GB	+2.93,+240.4,+25.2,FB	+2.86,+244.8,+25.4,LB	
1701932725.6250355	+6.58,+24.4,+19.6,NA	+2.99,+232.6,+20.0,LB	+6.49,+29.8,+20.1,BA	+2.99,+237.4,+25.5,KB	+2.94,+240.0,+25.2,EB	+2.85,+245.1,+25.4,GB	
1701932787.633982	+6.58,+24.4,+19.6,NA	+2.99,+232.6,+20.0,LB	+6.49,+29.7,+20.1,MA	+3.00,+236.5,+25.6,IB	+2.93,+240.5,+25.2,GB	+2.86,+244.4,+25.4,@B	
1701932849.6437578	+6.58,+24.3,+19.6,IA	+2.99,+232.6,+20.0,LB	+6.49,+29.7,+20.1,MA	+3.00,+236.3,+25.5,LB	+2.94,+239.9,+25.2,BB	+2.88,+243.4,+25.4,IB	
1701932911.6522174	+6.58,+24.3,+19.6,IA	+2.99,+232.6,+20.0,LB	+6.49,+29.7,+20.1,MA	+3.00,+236.7,+25.6,KB	+2.93,+240.3,+25.2,AB	+2.86,+244.8,+25.4,LB	
1701932973.6614842	+6.58,+24.3,+19.6,IA	+2.99,+232.6,+20.0,LB	+6.49,+29.7,+20.1,MA	+3.00,+236.5,+25.6,IB	+2.93,+240.5,+25.2,GB	+2.86,+244.5,+25.4,AB	
1701933035.6707478	+6.58,+24.3,+19.6,IA	+2.99,+232.6,+20.0,LB	+6.49,+29.7,+20.1,MA	+3.01,+236.3,+25.6,NB	+2.93,+240.5,+25.2,GB	+2.87,+244.2,+25.4,GB	
1701933097.6793	+6.58,+24.3,+19.6,IA	+2.99,+232.6,+20.0,LB	+6.49,+29.7,+20.1,MA	+3.00,+236.7,+25.5,HB	+2.94,+239.9,+25.2,BB	+2.88,+243.6,+25.4,KB	
1701933159.6840737	+6.58,+24.3,+19.6,IA	+2.99,+232.5,+20.0,OB	+6.49,+29.7,+20.1,MA	+3.00,+236.9,+25.5,FB	+2.94,+239.9,+25.2,BB	+2.88,+243.6,+25.3,LB	
1701933221.6924133	+6.58,+24.3,+19.6,IA	+2.99,+232.6,+20.0,LB	+6.49,+29.7,+20.1,MA	+2.99,+236.9,+25.5,GB	+2.94,+240.1,+25.2,DB	+2.85,+245.2,+25.4,DB	
1701933283.7022498	+6.58,+24.3,+19.6,IA	+2.99,+232.5,+20.0,OB	+6.49,+29.7,+20.1,MA	+3.00,+236.3,+25.5,LB	+2.93,+240.3,+25.2,AB	+2.88,+243.6,+25.4,KB	
1701933345.7117326	+6.58,+24.4,+19.6,NA	+2.99,+232.5,+20.0,OB	+6.49,+29.7,+20.1,MA	+3.00,+236.3,+25.6,OB	+2.93,+240.5,+25.2,GB	+2.87,+244.4,+25.4,AB	
1701933407.7205818	+6.58,+24.3,+19.6,IA	+2.99,+232.5,+20.0,OB	+6.49,+29.8,+20.1,BA	+2.99,+237.2,+25.6,NB	+2.94,+239.9,+25.2,BB	+2.85,+245.4,+25.4,BB	
1701933469.7298896	+6.58,+24.4,+19.6,NA	+3.00,+232.5,+20.0,NB	+6.49,+29.7,+20.1,MA	+3.00,+236.3,+25.6,OB	+2.93,+240.5,+25.2,GB	+2.86,+244.4,+25.4,@B	
1701933531.7388332	+6.58,+24.3,+19.6,IA	+2.99,+232.5,+20.0,OB	+6.49,+29.8,+20.1,BA	+2.98,+237.5,+25.5,KB	+2.94,+239.8,+25.2,CB	+2.86,+244.5,+25.4,AB	
1701933593.7477524	+6.58,+24.3,+19.6,IA	+3.00,+232.4,+20.0,OB	+6.49,+29.7,+20.1,MA	+3.00,+236.7,+25.6,KB	+2.93,+240.3,+25.2,AB	+2.86,+244.9,+25.4,MB	
1701933655.7554736	+6.58,+24.3,+19.6,IA	+3.00,+232.5,+20.0,NB	+6.49,+29.7,+20.1,MA	+3.00,+236.3,+25.6,OB	+2.93,+240.4,+25.2,FB	+2.86,+244.4,+25.4,@B	
1701933717.76546	+6.58,+24.3,+19.6,IA	+3.00,+232.5,+20.0,NB	+6.49,+29.7,+20.1,MA	+3.00,+236.4,+25.6,HB	+2.93,+240.3,+25.2,AB	+2.86,+244.7,+25.3,DB	
1701933779.7765489	+6.58,+24.3,+19.6,IA	+3.00,+232.4,+20.0,OB	+6.49,+29.7,+20.1,MA	+2.98,+237.7,+25.5,IB	+2.94,+239.9,+25.2,BB	+2.86,+244.6,+25.4,BB	
1701933841.7850635	+6.58,+24.3,+19.6,IA	+3.00,+232.4,+20.0,OB	+6.49,+29.8,+20.1,BA	+3.00,+236.3,+25.6,OB	+2.93,+240.4,+25.2,FB	+2.87,+244.3,+25.4,FB	
1701933903.7946074	+6.58,+24.2,+19.6,HA	+3.00,+232.4,+20.0,OB	+6.49,+29.7,+20.1,MA	+2.98,+237.7,+25.5,IB	+2.94,+240.0,+25.2,EB	+2.86,+244.5,+25.4,AB	
1701933965.803048	+6.58,+24.3,+19.6,IA	+3.00,+232.4,+20.0,OB	+6.49,+29.7,+20.1,MA	+2.99,+237.3,+25.5,LB	+2.93,+240.3,+25.2,AB	+2.88,+243.8,+25.4,EB	
1701934027.8107615	+6.58,+24.3,+19.6,IA	+3.00,+232.4,+20.0,OB	+6.49,+29.7,+20.1,MA	+2.99,+237.3,+25.5,LB	+2.93,+240.4,+25.2,FB	+2.88,+243.8,+25.4,EB	
1701934089.8169374	+6.58,+24.3,+19.6,IA	+3.00,+232.4,+20.0,OB	+6.49,+29.7,+20.1,MA	+2.99,+237.1,+25.5,NB	+2.93,+240.5,+25.2,GB	+2.88,+243.7,+25.4,JB	
1701934151.8264868	+6.58,+24.3,+19.6,IA	+3.00,+232.3,+20.0,HB	+6.49,+29.8,+20.2,AA	+2.98,+237.8,+25.6,EB	+2.94,+240.1,+25.2,DB	+2.86,+244.6,+25.4,BB	
1701934213.8361971	+6.58,+24.3,+19.6,IA	+3.00,+232.3,+20.0,HB	+6.49,+29.7,+20.1,MA	+2.99,+237.0,+25.5,OB	+2.93,+240.5,+25.2,GB	+2.88,+243.7,+25.4,JB	
1701934275.8452125	+6.58,+24.2,+19.6,HA	+3.00,+232.4,+20.1,NB	+6.49,+29.8,+20.2,AA	+2.98,+237.5,+25.6,HB	+2.94,+239.8,+25.2,CB	+2.85,+245.3,+25.4,EB	
1701934337.853207	+6.58,+24.3,+19.6,IA	+3.00,+232.3,+20.0,HB	+6.49,+29.7,+20.2,NA	+2.99,+236.9,+25.5,GB	+2.93,+240.5,+25.2,GB	+2.87,+243.9,+25.4,KB	
1701934399.862912	+6.58,+24.3,+19.6,IA	+3.00,+232.2,+20.0,IB	+6.49,+29.8,+20.2,AA	+2.98,+237.8,+25.6,EB	+2.93,+240.2,+25.2,@B	+2.86,+244.5,+25.4,AB	
1701934461.8743243	+6.58,+24.3,+19.6,IA	+3.00,+232.3,+20.0,HB	+6.49,+29.7,+20.1,MA	+3.00,+236.6,+25.5,IB	+2.94,+239.9,+25.2,BB	+2.85,+245.1,+25.4,GB	
1701934523.8809054	+6.58,+24.2,+19.6,HA	+3.00,+232.3,+20.0,HB	+6.49,+29.7,+20.2,NA	+3.00,+236.7,+25.5,HB	+2.94,+239.9,+25.2,BB	+2.85,+245.1,+25.4,GB	
1701934585.8889942	+6.58,+24.2,+19.6,HA	+3.00,+232.2,+20.0,IB	+6.49,+29.7,+20.2,NA	+3.00,+236.8,+25.6,DB	+2.94,+239.8,+25.2,CB	+2.85,+245.5,+25.4,CB	
1701934647.8983672	+6.58,+24.3,+19.6,IA	+3.00,+232.3,+20.0,HB	+6.49,+29.7,+20.2,NA	+2.98,+237.6,+25.5,HB	+2.94,+240.1,+25.2,DB	+2.85,+245.3,+25.4,EB	
1701934709.9099755	+6.58,+24.3,+19.6,IA	+3.00,+232.2,+20.0,IB	+6.49,+29.7,+20.2,NA	+2.98,+238.0,+25.6,BB	+2.93,+240.5,+25.2,GB	+2.87,+244.4,+25.4,AB	
1701934771.9203699	+6.58,+24.3,+19.6,IA	+3.00,+232.2,+20.0,IB	+6.49,+29.7,+20.1,MA	+2.98,+237.7,+25.6,JB	+2.93,+240.2,+25.2,@B	+2.85,+245.1,+25.4,GB	
1701934833.928395	+6.58,+24.3,+19.6,IA	+3.00,+232.2,+20.0,IB	+6.49,+29.8,+20.1,BA	+2.99,+237.4,+25.6,HB	+2.94,+240.1,+25.2,DB	+2.85,+245.5,+25.4,CB	
1701934895.9355013	+6.58,+24.3,+19.6,IA	+3.00,+232.2,+20.1,HB	+6.49,+29.7,+20.2,NA	+2.98,+237.8,+25.6,EB	+2.93,+240.6,+25.2,DB	+2.87,+244.2,+25.4,GB	
1701935142.6404974	+6.58,+24.2,+19.6,HA	+3.00,+232.1,+20.0,JB	+6.49,+29.7,+20.2,NA	+2.97,+238.1,+25.6,LB	+2.93,+240.1,+25.2,CB	+2.86,+244.4,+25.3,GB	
1701935204.6478446	+6.58,+24.2,+19.6,HA	+3.00,+232.2,+20.1,HB	+6.49,+29.8,+20.1,BA	+2.98,+237.6,+25.5,HB	+2.93,+240.3,+25.2,AB	+2.87,+244.1,+25.4,DB	
1701935266.6573184	+6.58,+24.2,+19.6,HA	+3.00,+232.1,+20.0,JB	+6.49,+29.7,+20.2,NA	+2.97,+238.1,+25.5,OB	+2.94,+239.9,+25.2,BB	+2.85,+245.4,+25.4,BB	
1701935328.663998	+6.58,+24.2,+19.6,HA	+3.00,+232.2,+20.0,IB	+6.49,+29.7,+20.1,MA	+2.99,+237.0,+25.5,OB	+2.93,+240.6,+25.2,DB	+2.86,+244.9,+25.4,MB	
1701935390.6716566	+6.58,+24.2,+19.6,HA	+3.00,+232.2,+20.1,HB	+6.49,+29.8,+20.2,AA	+2.98,+237.9,+25.6,DB	+2.94,+240.0,+25.2,EB	+2.86,+244.5,+25.4,AB	
1701935452.681991	+6.58,+24.2,+19.6,HA	+3.00,+232.1,+20.0,JB	+6.49,+29.7,+20.2,NA	+2.98,+237.8,+25.6,EB	+2.94,+239.9,+25.2,BB	+2.86,+244.6,+25.3,EB	
1701935514.6892443	+6.58,+24.2,+19.6,HA	+3.00,+232.1,+20.0,JB	+6.49,+29.8,+20.2,AA	+2.98,+237.7,+25.5,IB	+2.94,+240.0,+25.2,EB	+2.86,+244.4,+25.4,@B	
1701935576.6977081	+6.58,+24.2,+19.6,HA	+3.00,+232.2,+20.1,HB	+6.49,+29.8,+20.2,AA	+2.97,+238.1,+25.5,OB	+2.94,+240.1,+25.2,DB	+2.85,+245.3,+25.4,EB	
1701935638.708362	+6.58,+24.3,+19.6,IA	+3.00,+232.1,+20.1,KB	+6.49,+29.7,+20.2,NA	+2.99,+237.0,+25.6,LB	+2.93,+240.4,+25.2,FB	+2.87,+243.9,+25.4,KB	
1701935700.716983	+6.58,+24.2,+19.6,HA	+3.00,+232.1,+20.1,KB	+6.49,+29.7,+20.2,NA	+2.99,+237.4,+25.5,KB	+2.93,+240.6,+25.2,DB	+2.85,+245.4,+25.3,EB	
1701935762.7264886	+6.58,+24.3,+19.6,IA	+3.00,+232.1,+20.1,KB	+6.49,+29.8,+20.2,AA	+2.98,+237.5,+25.5,KB	+2.93,+240.6,+25.2,DB	+2.85,+245.4,+25.4,BB	
1701935824.7354102	+6.58,+24.2,+19.6,HA	+3.00,+232.0,+20.1,JB	+6.49,+29.7,+20.2,NA	+2.98,+237.8,+25.6,EB	+2.94,+239.9,+25.2,BB	+2.86,+244.8,+25.4,LB	
1701935886.7439096	+6.58,+24.3,+19.6,IA	+3.00,+232.1,+20.1,KB	+6.49,+29.7,+20.2,NA	+2.98,+237.7,+25.6,JB	+2.93,+240.6,+25.2,DB	+2.84,+245.7,+25.4,@B	
1701935948.749304	+6.58,+24.2,+19.7,IA	+3.00,+232.1,+20.1,KB	+6.49,+29.7,+20.2,NA	+2.99,+237.0,+25.5,OB	+2.93,+240.7,+25.2,EB	+2.86,+244.6,+25.4,BB	
1701936010.7592938	+6.58,+24.1,+19.6,KA	+3.00,+232.1,+20.1,KB	+6.49,+29.7,+20.2,NA	+2.99,+237.1,+25.5,NB	+2.93,+240.7,+25.2,EB	+2.86,+244.9,+25.4,MB	
1701936072.7674265	+6.58,+24.3,+19.7,HA	+3.00,+232.0,+20.1,JB	+6.49,+29.7,+20.2,NA	+2.98,+237.9,+25.6,DB	+2.92,+240.7,+25.2,DB	+2.84,+245.7,+25.3,GB	
1701936134.7766726	+6.58,+24.3,+19.6,IA	+3.00,+232.0,+20.1,JB	+6.49,+29.8,+20.2,AA	+2.99,+237.4,+25.5,KB	+2.92,+240.8,+25.2,KB	+2.85,+245.3,+25.4,EB	
1701936196.7866457	+6.58,+24.2,+19.6,HA	+3.00,+232.0,+20.1,JB	+6.49,+29.8,+20.2,AA	+2.98,+238.0,+25.6,BB	+2.93,+240.3,+25.2,AB	+2.85,+245.5,+25.4,CB	
1701936258.7948265	+6.58,+24.3,+19.6,IA	+3.00,+232.1,+20.1,KB	+6.49,+29.8,+20.2,AA	+2.98,+237.8,+25.5,FB	+2.94,+240.0,+25.2,EB	+2.86,+244.7,+25.4,CB	
1701936320.8049147	+6.58,+24.2,+19.7,IA	+3.00,+232.0,+20.1,JB	+6.49,+29.7,+20.2,NA	+2.99,+236.9,+25.5,GB	+2.93,+240.5,+25.2,GB	+2.87,+244.4,+25.4,AB	
1701936382.8137605	+6.58,+24.2,+19.7,IA	+3.00,+232.0,+20.1,JB	+6.49,+29.8,+20.2,AA	+2.98,+238.0,+25.5,AB	+2.93,+240.3,+25.2,AB	+2.85,+245.3,+25.4,EB	
1701936444.8233953	+6.58,+24.2,+19.6,HA	+3.00,+232.0,+20.1,JB	+6.49,+29.8,+20.2,AA	+2.99,+237.2,+25.5,MB	+2.94,+240.0,+25.2,EB	+2.87,+244.0,+25.3,BB	
1701936506.831925	+6.58,+24.1,+19.6,KA	+3.00,+232.0,+20.1,JB	+6.49,+29.8,+20.2,AA	+2.99,+237.0,+25.6,LB	+2.93,+240.2,+25.2,@B	+2.87,+244.0,+25.4,EB	
1701936568.8414452	+6.58,+24.3,+19.7,HA	+3.00,+232.0,+20.1,JB	+6.49,+29.8,+20.2,AA	+2.98,+237.7,+25.5,IB	+2.92,+240.8,+25.2,KB	+2.85,+245.3,+25.4,EB	
1701936630.8517463	+6.58,+24.2,+19.6,HA	+3.00,+232.0,+20.1,JB	+6.49,+29.8,+20.2,AA	+2.98,+237.8,+25.6,EB	+2.93,+240.3,+25.2,AB	+2.86,+244.9,+25.4,MB	
1701936692.8607228	+6.58,+24.3,+19.6,IA	+3.00,+232.0,+20.1,JB	+6.49,+29.7,+20.2,NA	+2.97,+238.1,+25.5,OB	+2.92,+240.8,+25.2,KB	+2.85,+245.5,+25.4,CB	
1701936754.8669002	+6.58,+24.2,+19.6,HA	+3.00,+232.0,+20.1,JB	+6.49,+29.8,+20.2,AA	+2.99,+237.3,+25.6,OB	+2.93,+240.3,+25.2,AB	+2.87,+244.2,+25.4,GB	
1701936816.87493	+6.58,+24.3,+19.6,IA	+3.00,+232.0,+20.1,JB	+6.49,+29.8,+20.2,AA	+2.97,+238.3,+25.5,MB	+2.93,+240.6,+25.2,DB	+2.85,+245.3,+25.4,EB	
1701936878.8836548	+6.58,+24.2,+19.6,HA	+3.00,+232.0,+20.1,JB	+6.49,+29.7,+20.2,NA	+2.98,+237.9,+25.6,DB	+2.92,+240.8,+25.2,KB	+2.85,+245.3,+25.3,BB	
1701936940.8920631	+6.58,+24.2,+19.6,HA	+3.00,+232.0,+20.1,JB	+6.49,+29.8,+20.2,AA	+2.97,+238.5,+25.6,HB	+2.92,+240.9,+25.2,JB	+2.85,+245.6,+25.4,@B	
1701937002.9009852	+6.58,+24.2,+19.7,IA	+3.00,+232.0,+20.1,JB	+6.49,+29.8,+20.2,AA	+2.97,+238.4,+25.6,IB	+2.92,+240.8,+25.2,KB	+2.84,+245.7,+25.4,@B	
1701937064.9100614	+6.58,+24.2,+19.7,IA	+3.01,+231.9,+20.1,AB	+6.49,+29.8,+20.2,AA	+2.98,+237.6,+25.5,HB	+2.93,+240.4,+25.2,FB	+2.86,+244.8,+25.4,LB	
1701937126.9177523	+6.58,+24.2,+19.7,IA	+3.00,+231.9,+20.0,AB	+6.49,+29.8,+20.2,AA	+2.97,+238.4,+25.5,JB	+2.92,+240.8,+25.2,KB	+2.84,+245.6,+25.3,FB	
1701937188.9241712	+6.58,+24.2,+19.7,IA	+3.00,+232.0,+20.1,JB	+6.49,+29.8,+20.2,AA	+2.99,+237.4,+25.5,KB	+2.93,+240.3,+25.2,AB	+2.86,+244.8,+25.4,LB	
1701937250.9332552	+6.58,+24.2,+19.7,IA	+3.01,+231.9,+20.1,AB	+6.49,+29.7,+20.2,NA	+2.97,+238.4,+25.5,JB	+2.92,+240.9,+25.2,JB	+2.84,+245.8,+25.4,OB	
1701937312.9424927	+6.58,+24.2,+19.7,IA	+3.01,+231.9,+20.1,AB	+6.49,+29.7,+20.2,NA	+2.97,+238.2,+25.5,LB	+2.92,+240.9,+25.2,JB	+2.84,+245.6,+25.4,AB	
1701937374.948912	+6.58,+24.2,+19.7,IA	+3.01,+231.9,+20.1,AB	+6.49,+29.8,+20.2,AA	+2.98,+238.0,+25.5,AB	+2.92,+240.8,+25.2,KB	+2.85,+245.4,+25.4,BB	
1701937436.9582176	+6.58,+24.3,+19.7,HA	+3.01,+231.9,+20.1,AB	+6.49,+29.7,+20.2,NA	+2.99,+237.4,+25.6,HB	+2.93,+240.6,+25.2,DB	+2.86,+244.9,+25.4,MB	
1701937498.9696488	+6.58,+24.2,+19.7,IA	+3.01,+231.9,+20.1,AB	+6.49,+29.8,+20.2,AA	+2.98,+237.6,+25.6,KB	+2.92,+240.8,+25.2,KB	+2.85,+245.2,+25.4,DB	
1701937560.9791412	+6.58,+24.2,+19.7,IA	+3.01,+231.8,+20.1,@B	+6.49,+29.7,+20.2,NA	+2.98,+237.6,+25.6,KB	+2.93,+240.2,+25.2,@B	+2.86,+244.9,+25.4,MB	
1701937622.9882557	+6.58,+24.2,+19.7,IA	+3.01,+231.9,+20.1,AB	+6.49,+29.7,+20.2,NA	+2.97,+238.4,+25.6,IB	+2.92,+240.9,+25.2,JB	+2.84,+246.0,+25.4,DB	
1701937684.998106	+6.58,+24.2,+19.7,IA	+3.01,+231.9,+20.1,AB	+6.49,+29.7,+20.2,NA	+2.99,+237.1,+25.6,MB	+2.93,+240.2,+25.2,@B	+2.87,+244.2,+25.3,@B	
1701937747.0072231	+6.58,+24.2,+19.7,IA	+3.01,+231.8,+20.1,@B	+6.49,+29.6,+20.2,OA	+2.99,+237.3,+25.6,OB	+2.93,+240.2,+25.2,@B	+2.87,+244.4,+25.4,AB	
1701937809.014627	+6.58,+24.2,+19.7,IA	+3.01,+231.8,+20.1,@B	+6.49,+29.8,+20.2,AA	+2.97,+238.2,+25.6,OB	+2.93,+240.4,+25.2,FB	+2.85,+245.6,+25.4,@B	
1701937871.0226963	+6.58,+24.2,+19.7,IA	+3.01,+231.8,+20.1,@B	+6.49,+29.7,+20.2,NA	+2.99,+237.4,+25.5,KB	+2.92,+240.7,+25.2,DB	+2.85,+245.0,+25.4,FB	
1701937933.0320241	+6.58,+24.2,+19.7,IA	+3.01,+231.8,+20.1,@B	+6.49,+29.8,+20.2,AA	+2.99,+237.3,+25.6,OB	+2.93,+240.2,+25.2,@B	+2.86,+244.6,+25.4,BB	
1701937995.0390825	+6.58,+24.2,+19.7,IA	+3.01,+231.8,+20.1,@B	+6.49,+29.8,+20.2,AA	+2.99,+237.2,+25.6,NB	+2.93,+240.6,+25.2,DB	+2.86,+244.5,+25.4,AB	
1701938057.046862	+6.58,+24.1,+19.7,JA	+3.01,+231.8,+20.1,@B	+6.49,+29.6,+20.2,OA	+2.97,+238.2,+25.6,OB	+2.92,+240.8,+25.2,KB	+2.84,+245.9,+25.4,NB	
1701938119.0547688	+6.58,+24.2,+19.7,IA	+3.01,+231.8,+20.1,@B	+6.49,+29.8,+20.2,AA	+2.99,+237.2,+25.6,NB	+2.92,+240.7,+25.2,DB	+2.86,+244.5,+25.4,AB	
1701938181.06359	+6.58,+24.3,+19.7,HA	+3.01,+231.8,+20.1,@B	+6.48,+30.1,+20.2,AA	+2.99,+237.1,+25.6,MB	+2.93,+240.6,+25.2,DB	+2.86,+244.5,+25.4,AB	
1701938243.0684562	+6.58,+24.2,+19.7,IA	+3.01,+231.8,+20.1,@B	+6.59,+23.6,+20.2,DA	+2.98,+238.0,+25.6,BB	+2.93,+240.1,+25.2,CB	+2.85,+245.0,+25.4,FB	
1701938305.0724459	+6.58,+24.1,+19.7,JA	+3.01,+231.7,+20.1,OB	+6.60,+23.4,+20.2,LA	+2.97,+238.4,+25.6,IB	+2.93,+240.7,+25.2,EB	+2.84,+246.1,+25.4,EB	
1701938367.0824435	+6.58,+24.2,+19.7,IA	+3.01,+231.7,+20.1,OB	+6.59,+23.7,+20.2,EA	+2.99,+237.4,+25.5,KB	+2.92,+240.8,+25.2,KB	+2.86,+244.8,+25.4,LB	
1701938429.0929158	+6.58,+24.2,+19.7,IA	+3.01,+231.7,+20.1,OB	+6.59,+24.0,+20.2,EA	+2.97,+238.5,+25.5,KB	+2.93,+240.2,+25.2,@B	+2.84,+245.8,+25.4,OB	
1701938491.101879	+6.58,+24.2,+19.7,IA	+3.01,+231.7,+20.1,OB	+6.58,+24.3,+20.2,GA	+2.98,+238.0,+25.5,AB	+2.93,+240.3,+25.2,AB	+2.86,+244.8,+25.4,LB	
1701938553.1084049	+6.58,+24.2,+19.7,IA	+3.01,+231.7,+20.1,OB	+6.58,+24.6,+20.2,BA	+2.98,+238.0,+25.6,BB	+2.93,+240.3,+25.2,AB	+2.86,+244.7,+25.4,CB	
1701938615.1165228	+6.58,+24.1,+19.7,JA	+3.01,+231.7,+20.1,OB	+6.57,+24.8,+20.2,CA	+2.98,+237.7,+25.6,JB	+2.92,+240.9,+25.2,JB	+2.85,+245.3,+25.4,EB	
1701938677.1262438	+6.58,+24.1,+19.7,JA	+3.01,+231.7,+20.1,OB	+6.57,+25.1,+20.2,KA	+2.96,+238.6,+25.5,IB	+2.93,+240.3,+25.2,AB	+2.84,+246.2,+25.4,FB	
1701938739.1355274	+6.58,+24.1,+19.7,JA	+3.01,+231.7,+20.1,OB	+6.57,+25.2,+20.2,HA	+2.98,+237.9,+25.5,GB	+2.92,+240.8,+25.2,KB	+2.84,+245.7,+25.4,@B	
1701938985.8799045	+6.58,+24.2,+19.7,IA	+3.01,+231.7,+20.1,OB	+6.56,+25.8,+20.2,CA	+2.97,+238.5,+25.6,HB	+2.93,+240.3,+25.2,AB	+2.85,+245.3,+25.4,EB	
1701939047.888081	+6.58,+24.2,+19.7,IA	+3.01,+231.7,+20.1,OB	+6.56,+25.8,+20.2,CA	+2.97,+238.6,+25.6,KB	+2.93,+240.3,+25.2,AB	+2.84,+245.8,+25.4,OB	
1701939109.8967812	+6.58,+24.1,+19.7,JA	+3.01,+231.7,+20.1,OB	+6.55,+26.0,+20.2,KA	+2.98,+237.6,+25.5,HB	+2.92,+240.8,+25.2,KB	+2.85,+245.4,+25.4,BB	
1701939171.9061553	+6.58,+24.2,+19.7,IA	+3.01,+231.7,+20.1,OB	+6.55,+26.0,+20.2,KA	+2.96,+238.9,+25.5,FB	+2.93,+240.3,+25.2,AB	+2.84,+245.8,+25.4,OB	
1701939233.9145858	+6.58,+24.2,+19.7,IA	+3.01,+231.6,+20.1,NB	+6.55,+26.0,+20.2,KA	+2.98,+238.0,+25.6,BB	+2.93,+240.6,+25.2,DB	+2.84,+245.9,+25.4,NB	
1701939295.9234707	+6.58,+24.3,+19.7,HA	+3.01,+231.6,+20.1,NB	+6.55,+26.2,+20.2,IA	+2.96,+239.0,+25.6,MB	+2.93,+240.3,+25.2,AB	+2.84,+245.7,+25.4,@B	
1701939357.9327216	+6.58,+24.3,+19.7,HA	+3.01,+231.6,+20.1,NB	+6.55,+26.2,+20.2,IA	+2.96,+238.8,+25.6,DB	+2.93,+240.5,+25.2,GB	+2.85,+245.6,+25.4,@B	
1701939419.9401333	+6.58,+24.2,+19.7,IA	+3.01,+231.6,+20.1,NB	+6.55,+26.1,+20.2,JA	+2.97,+238.4,+25.6,IB	+2.93,+240.2,+25.2,@B	+2.83,+246.3,+25.4,@B	
1701939481.9514658	+6.58,+24.3,+19.7,HA	+3.01,+231.6,+20.1,NB	+6.55,+26.1,+20.2,JA	+2.97,+238.6,+25.5,HB	+2.93,+240.2,+25.2,@B	+2.83,+246.3,+25.4,@B	
1701939543.9586585	+6.58,+24.3,+19.7,HA	+3.01,+231.6,+20.1,NB	+6.55,+26.1,+20.2,JA	+2.96,+238.7,+25.6,KB	+2.93,+240.2,+25.2,@B	+2.83,+246.2,+25.4,AB	
1701939605.9666066	+6.58,+24.2,+19.7,IA	+3.01,+231.6,+20.1,NB	+6.55,+26.1,+20.3,KA	+2.97,+238.2,+25.5,LB	+2.93,+240.2,+25.2,@B	+2.84,+246.1,+25.4,EB	
1701939667.9740496	+6.58,+24.2,+19.7,IA	+3.01,+231.6,+20.1,NB	+6.55,+26.3,+20.3,IA	+2.98,+237.9,+25.6,DB	+2.93,+240.3,+25.2,AB	+2.84,+245.9,+25.4,NB	
1701939729.9809234	+6.58,+24.2,+19.7,IA	+3.01,+231.6,+20.1,NB	+6.55,+26.3,+20.3,IA	+2.97,+238.5,+25.6,HB	+2.93,+240.1,+25.2,CB	+2.83,+246.3,+25.4,@B	
1701939791.990871	+6.58,+24.2,+19.7,IA	+3.01,+231.6,+20.1,NB	+6.55,+26.2,+20.2,IA	+2.97,+238.5,+25.6,HB	+2.92,+240.8,+25.2,KB	+2.86,+245.0,+25.4,EB	
1701939854.0016797	+6.58,+24.2,+19.7,IA	+3.01,+231.6,+20.1,NB	+6.55,+26.4,+20.2,OA	+2.96,+238.8,+25.5,GB	+2.93,+240.4,+25.2,FB	+2.84,+245.9,+25.4,NB	
1701939916.0119555	+6.58,+24.2,+19.7,IA	+3.01,+231.6,+20.1,NB	+6.55,+26.3,+20.2,HA	+2.98,+238.0,+25.5,AB	+2.92,+240.9,+25.2,JB	+2.86,+244.6,+25.3,EB	
1701939978.021221	+6.58,+24.2,+19.7,IA	+3.01,+231.5,+20.1,MB	+6.54,+26.4,+20.2,NA	+2.97,+238.6,+25.6,KB	+2.92,+240.9,+25.2,JB	+2.86,+244.9,+25.4,MB	
1701940040.0297208	+6.58,+24.2,+19.7,IA	+3.01,+231.5,+20.1,MB	+6.55,+26.4,+20.3,NA	+2.98,+237.7,+25.5,IB	+2.93,+240.3,+25.2,AB	+2.84,+245.6,+25.3,FB	
1701940102.037295	+6.58,+24.2,+19.7,IA	+3.01,+231.6,+20.1,NB	+6.55,+26.4,+20.2,OA	+2.98,+237.5,+25.6,HB	+2.93,+240.7,+25.2,EB	+2.86,+244.9,+25.4,MB	
1701940164.046035	+6.58,+24.3,+19.7,HA	+3.01,+231.5,+20.1,MB	+6.55,+26.3,+20.2,HA	+2.97,+238.2,+25.5,LB	+2.93,+240.2,+25.2,@B	+2.83,+246.3,+25.4,@B	
1701940226.0555282	+6.58,+24.2,+19.7,IA	+3.01,+231.5,+20.1,MB	+6.54,+26.5,+20.2,OA	+2.98,+237.6,+25.6,KB	+2.93,+240.3,+25.2,AB	+2.84,+245.7,+25.4,@B	
1701940288.0637858	+6.58,+24.3,+19.7,HA	+3.01,+231.6,+20.1,NB	+6.55,+26.4,+20.2,OA	+2.96,+238.8,+25.6,DB	+2.92,+240.8,+25.2,KB	+2.84,+245.8,+25.4,OB	
1701940350.0699487	+6.58,+24.2,+19.7,IA	+3.01,+231.5,+20.1,MB	+6.54,+26.5,+20.3,NA	+2.96,+238.7,+25.5,HB	+2.93,+240.7,+25.2,EB	+2.84,+245.8,+25.3,HB	
1701940412.0785952	+6.58,+24.3,+19.7,HA	+3.01,+231.5,+20.1,MB	+6.54,+26.6,+20.3,MA	+2.97,+238.1,+25.5,OB	+2.93,+240.4,+25.2,FB	+2.83,+246.2,+25.4,AB	
1701940474.0890422	+6.58,+24.2,+19.7,IA	+3.01,+231.5,+20.1,MB	+6.54,+26.5,+20.3,NA	+2.96,+238.8,+25.5,GB	+2.92,+241.0,+25.2,BB	+2.86,+244.9,+25.4,MB	
1701940536.0958579	+6.58,+24.3,+19.7,HA	+3.01,+231.5,+20.2,NB	+6.54,+26.6,+20.2,LA	+2.97,+238.6,+25.5,HB	+2.93,+240.6,+25.2,DB	+2.83,+246.3,+25.4,@B	
1701940598.1055956	+6.58,+24.2,+19.7,IA	+3.01,+231.5,+20.2,NB	+6.54,+26.5,+20.3,NA	+2.96,+238.8,+25.5,GB	+2.92,+241.0,+25.2,BB	+2.86,+244.7,+25.4,CB	
1701940660.1148164	+6.58,+24.2,+19.7,IA	+3.01,+231.5,+20.1,MB	+6.54,+26.6,+20.2,LA	+2.96,+239.0,+25.6,MB	+2.92,+241.0,+25.2,BB	+2.86,+245.0,+25.4,EB	
1701940722.1252606	+6.58,+24.3,+19.7,HA	+3.01,+231.5,+20.1,MB	+6.54,+26.6,+20.2,LA	+2.98,+237.7,+25.6,JB	+2.93,+240.3,+25.2,AB	+2.84,+246.0,+25.4,DB	
1701940784.135218	+6.58,+24.2,+19.7,IA	+3.01,+231.5,+20.2,NB	+6.54,+26.6,+20.2,LA	+2.97,+238.3,+25.6,NB	+2.92,+240.7,+25.2,DB	+2.86,+244.6,+25.4,BB	
1701940846.1437287	+6.58,+24.2,+19.7,IA	+3.01,+231.4,+20.1,LB	+6.54,+26.6,+20.2,LA	+2.97,+238.1,+25.6,LB	+2.93,+240.5,+25.2,GB	+2.83,+246.3,+25.3,GB	
1701940908.1525342	+6.58,+24.1,+19.7,JA	+3.01,+231.4,+20.1,LB	+6.54,+26.6,+20.2,LA	+2.96,+239.1,+25.5,OB	+2.92,+241.0,+25.2,BB	+2.85,+245.3,+25.4,EB	
1701940970.160983	+6.58,+24.2,+19.7,IA	+3.01,+231.4,+20.1,LB	+6.54,+26.6,+20.3,MA	+2.96,+239.0,+25.6,MB	+2.92,+241.0,+25.2,BB	+2.84,+245.7,+25.4,@B	
1701941032.1716769	+6.58,+24.1,+19.7,JA	+3.01,+231.4,+20.1,LB	+6.54,+26.7,+20.2,MA	+2.96,+239.0,+25.5,NB	+2.92,+241.0,+25.2,BB	+2.85,+245.3,+25.4,EB	
1701941094.1806257	+6.58,+24.2,+19.7,IA	+3.02,+231.4,+20.1,OB	+6.54,+26.7,+20.3,LA	+2.98,+237.9,+25.5,GB	+2.93,+240.4,+25.2,FB	+2.84,+246.0,+25.4,DB	
1701941156.1890397	+6.58,+24.2,+19.8,FA	+3.02,+231.4,+20.1,OB	+6.54,+26.7,+20.3,LA	+2.98,+237.6,+25.5,HB	+2.93,+240.2,+25.2,@B	+2.85,+245.6,+25.4,@B	
1701941218.1970503	+6.58,+24.2,+19.8,FA	+3.02,+231.4,+20.1,OB	+6.54,+26.7,+20.3,LA	+2.97,+238.1,+25.5,OB	+2.92,+240.7,+25.2,DB	+2.83,+246.4,+25.4,GB	
1701941280.2036016	+6.58,+24.2,+19.7,IA	+3.02,+231.4,+20.1,OB	+6.54,+26.7,+20.3,LA	+2.98,+238.0,+25.5,AB	+2.93,+240.7,+25.2,EB	+2.83,+246.4,+25.4,GB	
1701941342.21349	+6.58,+24.2,+19.7,IA	+3.02,+231.4,+20.1,OB	+6.54,+26.6,+20.3,MA	+2.97,+238.5,+25.5,KB	+2.93,+240.4,+25.2,FB	+2.86,+244.8,+25.3,KB	
1701941404.221815	+6.58,+24.1,+19.8,EA	+3.02,+231.4,+20.2,LB	+6.54,+26.7,+20.3,LA	+2.96,+239.0,+25.5,NB	+2.92,+240.9,+25.2,JB	+2.85,+245.4,+25.4,BB	
1701941466.2308943	+6.58,+24.1,+19.8,EA	+3.02,+231.4,+20.1,OB	+6.54,+26.8,+20.3,CA	+2.96,+239.2,+25.6,OB	+2.92,+240.9,+25.2,JB	+2.85,+245.3,+25.3,BB	
1701941528.2375236	+6.58,+24.1,+19.8,EA	+3.02,+231.4,+20.1,OB	+6.54,+26.8,+20.3,CA	+2.96,+238.7,+25.6,KB	+2.92,+241.1,+25.2,CB	+2.84,+246.1,+25.4,EB	
1701941590.2424986	+6.58,+24.1,+19.7,JA	+3.02,+231.4,+20.1,OB	+6.54,+26.8,+20.3,CA	+2.97,+238.6,+25.5,HB	+2.92,+241.1,+25.2,CB	+2.83,+246.3,+25.3,GB	
1701941652.253484	+6.58,+24.2,+19.7,IA	+3.02,+231.4,+20.2,LB	+6.54,+26.7,+20.3,LA	+2.98,+237.8,+25.6,EB	+2.93,+240.6,+25.2,DB	+2.83,+246.2,+25.3,FB	
1701941714.2670007	+6.58,+24.2,+19.8,FA	+3.02,+231.4,+20.2,LB	+6.54,+26.7,+20.3,LA	+2.96,+238.7,+25.5,HB	+2.93,+240.4,+25.2,FB	+2.85,+245.6,+25.4,@B	
1701941776.277272	+6.58,+24.1,+19.7,JA	+3.02,+231.3,+20.2,KB	+6.54,+26.8,+20.3,CA	+2.96,+239.2,+25.6,OB	+2.93,+240.5,+25.2,GB	+2.86,+245.0,+25.4,EB	
1701941838.2839952	+6.58,+24.1,+19.8,EA	+3.02,+231.4,+20.2,LB	+6.54,+26.8,+20.3,CA	+2.98,+238.0,+25.5,AB	+2.92,+241.0,+25.2,BB	+2.83,+246.6,+25.4,EB	
1701941900.2937944	+6.58,+24.1,+19.8,EA	+3.02,+231.3,+20.2,KB	+6.54,+26.8,+20.3,CA	+2.97,+238.2,+25.5,LB	+2.92,+241.1,+25.2,CB	+2.83,+246.6,+25.4,EB	
1701941962.3039947	+6.58,+24.1,+19.7,JA	+3.02,+231.4,+20.2,LB	+6.54,+26.7,+20.3,LA	+2.96,+238.9,+25.6,EB	+2.93,+240.3,+25.2,AB	+2.86,+245.0,+25.4,EB	
1701942024.3130124	+6.59,+24.0,+19.7,JA	+3.02,+231.4,+20.2,LB	+6.54,+26.7,+20.3,LA	+2.96,+239.0,+25.5,NB	+2.93,+240.3,+25.2,AB	+2.86,+245.0,+25.4,EB	
1701942086.3226802	+6.58,+24.1,+19.7,JA	+3.02,+231.4,+20.2,LB	+6.54,+26.7,+20.3,LA	+2.97,+238.2,+25.6,OB	+2.93,+240.6,+25.2,DB	+2.84,+245.8,+25.4,OB	
1701942148.328544	+6.59,+24.0,+19.7,JA	+3.02,+231.3,+20.2,KB	+6.54,+26.8,+20.3,CA	+2.97,+238.4,+25.6,IB	+2.92,+241.1,+25.2,CB	+2.83,+246.6,+25.4,EB	
1701942210.3388252	+6.59,+24.1,+19.8,DA	+3.02,+231.3,+20.2,KB	+6.54,+26.8,+20.3,CA	+2.96,+239.2,+25.5,LB	+2.93,+240.4,+25.2,FB	+2.86,+244.9,+25.4,MB	
1701942272.3470142	+6.59,+24.0,+19.7,JA	+3.02,+231.3,+20.2,KB	+6.54,+26.8,+20.3,CA	+2.97,+238.5,+25.5,KB	+2.92,+241.0,+25.2,BB	+2.83,+246.2,+25.3,FB	
1701942334.3567348	+6.59,+24.0,+19.8,EA	+3.02,+231.4,+20.2,LB	+6.54,+26.8,+20.3,CA	+2.95,+239.3,+25.5,NB	+2.93,+240.5,+25.2,GB	+2.85,+245.2,+25.4,DB	
1701942396.366769	+6.59,+24.0,+19.8,EA	+3.02,+231.3,+20.2,KB	+6.54,+26.7,+20.3,LA	+2.97,+238.2,+25.5,LB	+2.92,+241.2,+25.2,@B	+2.83,+246.6,+25.4,EB	
1701942458.3766756	+6.59,+24.0,+19.8,EA	+3.02,+231.3,+20.2,KB	+6.54,+26.8,+20.3,CA	+2.96,+238.8,+25.5,GB	+2.93,+240.6,+25.2,DB	+2.85,+245.3,+25.4,EB	
1701942520.3856018	+6.59,+24.0,+19.8,EA	+3.02,+231.3,+20.2,KB	+6.54,+26.8,+20.3,CA	+2.96,+239.2,+25.6,OB	+2.93,+240.4,+25.2,FB	+2.85,+245.5,+25.4,CB	
1701942582.3937464	+6.59,+24.0,+19.8,EA	+3.02,+231.3,+20.2,KB	+6.54,+26.9,+20.3,BA	+2.97,+238.2,+25.6,OB	+2.92,+241.1,+25.2,CB	+2.84,+246.0,+25.4,DB	
1701942829.1177301	+6.59,+24.0,+19.8,EA	+3.02,+231.3,+20.2,KB	+6.54,+26.8,+20.3,CA	+2.95,+239.3,+25.5,NB	+2.93,+240.3,+25.2,AB	+2.85,+245.0,+25.3,AB	
1701942891.1285498	+6.59,+24.0,+19.7,JA	+3.02,+231.3,+20.2,KB	+6.54,+26.9,+20.3,BA	+2.96,+239.0,+25.6,MB	+2.93,+240.4,+25.2,FB	+2.85,+245.6,+25.4,@B	
1701942953.1384602	+6.59,+23.9,+19.7,DA	+3.02,+231.3,+20.2,KB	+6.54,+26.8,+20.3,CA	+2.97,+238.2,+25.6,OB	+2.92,+241.1,+25.2,CB	+2.83,+246.7,+25.4,DB	
1701943015.1477168	+6.59,+24.0,+19.7,JA	+3.02,+231.3,+20.2,KB	+6.54,+26.9,+20.3,BA	+2.96,+239.1,+25.5,OB	+2.92,+240.9,+25.2,JB	+2.85,+245.4,+25.4,BB	
1701943077.1574285	+6.59,+24.0,+19.7,JA	+3.02,+231.3,+20.2,KB	+6.54,+26.9,+20.3,BA	+2.96,+238.9,+25.6,EB	+2.93,+240.4,+25.2,FB	+2.84,+245.9,+25.4,NB	
1701943139.164235	+6.59,+24.0,+19.7,JA	+3.02,+231.2,+20.2,JB	+6.54,+26.9,+20.3,BA	+2.96,+239.2,+25.6,OB	+2.93,+240.4,+25.2,FB	+2.85,+245.4,+25.4,BB	
1701943201.1733274	+6.59,+23.9,+19.7,DA	+3.02,+231.3,+20.2,KB	+6.54,+27.0,+20.3,JA	+2.95,+239.4,+25.5,IB	+2.92,+240.9,+25.2,JB	+2.85,+245.2,+25.4,DB	
1701943263.1857142	+6.59,+24.0,+19.7,JA	+3.02,+231.2,+20.2,JB	+6.54,+26.8,+20.3,CA	+2.96,+239.1,+25.5,OB	+2.93,+240.4,+25.2,FB	+2.84,+245.6,+25.4,AB	
1701943325.1971617	+6.59,+24.0,+19.7,JA	+3.02,+231.2,+20.2,JB	+6.54,+26.8,+20.3,CA	+2.95,+239.6,+25.5,KB	+2.93,+240.6,+25.2,DB	+2.85,+245.1,+25.4,GB	
1701943387.20313	+6.59,+24.0,+19.8,EA	+3.02,+231.2,+20.2,JB	+6.54,+26.9,+20.3,BA	+2.96,+238.7,+25.6,KB	+2.93,+240.4,+25.2,FB	+2.84,+246.1,+25.4,EB	
1701943449.2087574	+6.59,+23.9,+19.8,KA	+3.02,+231.3,+20.2,KB	+6.54,+26.9,+20.3,BA	+2.95,+239.5,+25.6,KB	+2.92,+240.8,+25.2,KB	+2.85,+245.0,+25.3,AB	
1701943511.2186415	+6.59,+23.9,+19.8,KA	+3.02,+231.2,+20.2,JB	+6.54,+27.0,+20.3,JA	+2.97,+238.2,+25.5,LB	+2.92,+240.9,+25.2,JB	+2.83,+246.6,+25.4,EB	
1701943573.2249641	+6.59,+23.9,+19.8,KA	+3.02,+231.2,+20.2,JB	+6.54,+27.0,+20.3,JA	+2.97,+238.1,+25.6,LB	+2.92,+240.9,+25.2,JB	+2.83,+246.6,+25.4,EB	
1701943635.2340167	+6.59,+24.0,+19.8,EA	+3.02,+231.2,+20.2,JB	+6.54,+26.9,+20.3,BA	+2.95,+239.3,+25.6,MB	+2.93,+240.6,+25.2,DB	+2.86,+244.9,+25.4,MB	
1701943697.244138	+6.59,+24.0,+19.8,EA	+3.02,+231.2,+20.2,JB	+6.53,+27.0,+20.3,MA	+2.95,+239.3,+25.5,NB	+2.92,+240.8,+25.2,KB	+2.86,+244.9,+25.4,MB	
1701943759.252995	+6.59,+23.9,+19.8,KA	+3.02,+231.2,+20.2,JB	+6.54,+26.9,+20.3,BA	+2.97,+238.3,+25.5,MB	+2.92,+241.0,+25.2,BB	+2.83,+246.4,+25.4,GB	
1701943821.2629993	+6.59,+23.9,+19.8,KA	+3.02,+231.2,+20.2,JB	+6.54,+27.0,+20.3,JA	+2.97,+238.6,+25.5,HB	+2.93,+240.5,+25.2,GB	+2.84,+245.9,+25.3,IB	
1701943883.2722585	+6.59,+23.8,+19.8,JA	+3.02,+231.2,+20.2,JB	+6.54,+27.0,+20.3,JA	+2.96,+238.7,+25.6,KB	+2.92,+241.1,+25.2,CB	+2.84,+246.1,+25.4,EB	
1701943945.2824614	+6.59,+23.9,+19.8,KA	+3.02,+231.2,+20.2,JB	+6.54,+26.9,+20.3,BA	+2.97,+238.4,+25.5,JB	+2.93,+240.5,+25.2,GB	+2.84,+246.0,+25.4,DB	
1701944007.2919452	+6.59,+23.9,+19.8,KA	+3.02,+231.2,+20.2,JB	+6.54,+26.9,+20.3,BA	+2.96,+239.1,+25.6,LB	+2.92,+241.3,+25.2,AB	+2.85,+245.6,+25.4,@B	
1701944069.2986066	+6.59,+24.0,+19.7,JA	+3.02,+231.2,+20.2,JB	+6.54,+26.9,+20.3,BA	+2.98,+238.0,+25.5,AB	+2.93,+240.5,+25.2,GB	+2.83,+246.5,+25.4,FB	
1701944131.3081515	+6.59,+23.9,+19.8,KA	+3.02,+231.2,+20.2,JB	+6.54,+26.9,+20.3,BA	+2.95,+239.3,+25.5,NB	+2.92,+241.2,+25.2,@B	+2.85,+245.2,+25.4,DB	
1701944193.3180084	+6.59,+23.9,+19.8,KA	+3.02,+231.1,+20.2,IB	+6.54,+27.0,+20.3,JA	+2.96,+238.9,+25.6,EB	+2.92,+241.1,+25.2,CB	+2.84,+245.9,+25.4,NB	
1701944255.328623	+6.59,+23.9,+19.8,KA	+3.02,+231.2,+20.2,JB	+6.54,+27.0,+20.3,JA	+2.96,+238.7,+25.6,KB	+2.92,+240.9,+25.2,JB	+2.83,+246.6,+25.4,EB	
1701944317.335618	+6.59,+24.0,+19.8,EA	+3.02,+231.2,+20.2,JB	+6.53,+27.0,+20.3,MA	+2.97,+238.3,+25.6,NB	+2.93,+240.6,+25.2,DB	+2.83,+246.8,+25.4,KB	
1701944379.3460252	+6.59,+24.0,+19.8,EA	+3.02,+231.2,+20.2,JB	+6.53,+27.0,+20.3,MA	+2.97,+238.6,+25.5,HB	+2.93,+240.6,+25.2,DB	+2.84,+245.8,+25.4,OB	
1701944441.3575764	+6.59,+24.0,+19.8,EA	+3.02,+231.2,+20.2,JB	+6.54,+27.0,+20.3,JA	+2.97,+238.2,+25.6,OB	+2.93,+240.6,+25.2,DB	+2.83,+246.3,+25.4,@B	
1701944503.3671625	+6.59,+24.0,+19.8,EA	+3.02,+231.2,+20.2,JB	+6.54,+27.0,+20.3,JA	+2.96,+239.0,+25.6,MB	+2.92,+241.0,+25.2,BB	+2.84,+246.0,+25.3,CB	
1701944565.3751807	+6.59,+23.9,+19.8,KA	+3.02,+231.1,+20.2,IB	+6.53,+27.0,+20.3,MA	+2.95,+239.3,+25.6,MB	+2.92,+241.1,+25.2,CB	+2.84,+245.7,+25.4,@B	
1701944627.384702	+6.59,+23.9,+19.8,KA	+3.02,+231.1,+20.2,IB	+6.53,+27.0,+20.3,MA	+2.96,+239.2,+25.6,OB	+2.92,+241.2,+25.2,@B	+2.85,+245.1,+25.4,GB	
1701944689.393308	+6.59,+24.0,+19.8,EA	+3.02,+231.1,+20.2,IB	+6.54,+27.0,+20.3,JA	+2.96,+238.9,+25.6,EB	+2.92,+241.1,+25.2,CB	+2.85,+245.3,+25.4,EB	
1701944751.400505	+6.59,+24.0,+19.8,EA	+3.02,+231.2,+20.2,JB	+6.53,+27.1,+20.3,LA	+2.95,+239.2,+25.5,OB	+2.92,+241.0,+25.2,BB	+2.84,+245.8,+25.4,OB	
1701944813.4107344	+6.59,+23.9,+19.8,KA	+3.02,+231.1,+20.2,IB	+6.54,+27.0,+20.3,JA	+2.96,+239.1,+25.6,LB	+2.92,+241.2,+25.2,@B	+2.85,+245.2,+25.4,DB	
1701944875.4178016	+6.59,+23.9,+19.8,KA	+3.02,+231.1,+20.2,IB	+6.54,+27.0,+20.3,JA	+2.95,+239.5,+25.6,KB	+2.92,+241.2,+25.2,@B	+2.85,+245.2,+25.4,DB	
1701944937.428526	+6.59,+23.9,+19.8,KA	+3.02,+231.1,+20.2,IB	+6.53,+27.1,+20.3,LA	+2.96,+238.7,+25.6,KB	+2.92,+241.1,+25.2,CB	+2.85,+245.6,+25.4,@B	
1701944999.435923	+6.59,+24.0,+19.8,EA	+3.02,+231.1,+20.2,IB	+6.53,+27.1,+20.3,LA	+2.97,+238.4,+25.6,IB	+2.93,+240.5,+25.2,GB	+2.82,+246.8,+25.4,JB	
1701945061.4446778	+6.59,+23.9,+19.8,KA	+3.02,+231.1,+20.2,IB	+6.53,+27.0,+20.3,MA	+2.96,+239.2,+25.6,OB	+2.91,+241.3,+25.2,BB	+2.85,+245.0,+25.4,FB	
1701945123.4551883	+6.59,+23.9,+19.8,KA	+3.02,+231.1,+20.2,IB	+6.53,+27.1,+20.3,LA	+2.95,+239.3,+25.6,MB	+2.92,+241.2,+25.2,@B	+2.85,+245.2,+25.3,CB	
1701945185.4633563	+6.59,+23.9,+19.8,KA	+3.02,+231.1,+20.2,IB	+6.53,+27.1,+20.3,LA	+2.95,+239.3,+25.6,MB	+2.92,+241.3,+25.2,AB	+2.85,+245.1,+25.4,GB	
1701945247.4692657	+6.59,+23.9,+19.8,KA	+3.02,+231.1,+20.2,IB	+6.53,+27.1,+20.3,LA	+2.97,+238.2,+25.6,OB	+2.92,+241.0,+25.2,BB	+2.83,+246.2,+25.4,AB	
1701945309.4741795	+6.59,+24.0,+19.8,EA	+3.02,+231.0,+20.2,HB	+6.53,+27.1,+20.3,LA	+2.96,+239.2,+25.5,LB	+2.93,+240.6,+25.2,DB	+2.83,+246.4,+25.4,GB	
1701945371.4863703	+6.59,+24.0,+19.8,EA	+3.02,+231.1,+20.2,IB	+6.53,+27.1,+20.3,LA	+2.95,+239.3,+25.6,MB	+2.92,+241.2,+25.2,@B	+2.85,+245.2,+25.4,DB	
1701945433.494828	+6.59,+24.0,+19.8,EA	+3.02,+231.1,+20.2,IB	+6.53,+27.2,+20.3,OA	+2.95,+239.2,+25.5,OB	+2.93,+240.6,+25.2,DB	+2.83,+246.4,+25.4,GB	
1701945495.5029626	+6.59,+23.9,+19.8,KA	+3.02,+231.1,+20.2,IB	+6.53,+27.1,+20.3,LA	+2.95,+239.5,+25.6,KB	+2.92,+240.9,+25.2,JB	+2.85,+245.6,+25.4,@B	
1701945557.5121586	+6.59,+23.9,+19.8,KA	+3.02,+231.0,+20.2,HB	+6.53,+27.0,+20.3,MA	+2.97,+238.5,+25.6,HB	+2.91,+241.3,+25.2,BB	+2.84,+246.0,+25.4,DB	
1701945619.5209863	+6.59,+23.9,+19.8,KA	+3.02,+231.1,+20.2,IB	+6.53,+27.2,+20.3,OA	+2.96,+238.9,+25.5,FB	+2.93,+240.7,+25.2,EB	+2.82,+247.1,+25.4,BB	
1701945681.531368	+6.59,+24.0,+19.8,EA	+3.02,+231.1,+20.2,IB	+6.53,+27.2,+20.3,OA	+2.95,+239.4,+25.5,IB	+2.93,+240.6,+25.2,DB	+2.82,+247.0,+25.4,CB	
1701945743.5412617	+6.59,+23.9,+19.8,KA	+3.02,+231.0,+20.2,HB	+6.53,+27.2,+20.3,OA	+2.96,+238.8,+25.5,GB	+2.92,+240.9,+25.2,JB	+2.82,+247.0,+25.4,CB	
1701945805.5494099	+6.59,+23.9,+19.8,KA	+3.02,+231.0,+20.2,HB	+6.53,+27.2,+20.3,OA	+2.96,+238.8,+25.5,GB	+2.91,+241.3,+25.2,BB	+2.84,+246.1,+25.4,EB	
1701945867.5590687	+6.59,+23.9,+19.8,KA	+3.02,+231.1,+20.2,IB	+6.53,+27.2,+20.3,OA	+2.96,+238.8,+25.5,GB	+2.92,+241.1,+25.2,CB	+2.82,+247.0,+25.4,CB	
1701945929.568373	+6.59,+23.9,+19.8,KA	+3.02,+231.0,+20.2,HB	+6.53,+27.1,+20.3,LA	+2.96,+238.8,+25.5,GB	+2.92,+241.2,+25.2,@B	+2.82,+246.8,+25.4,JB	
1701945991.5778627	+6.59,+23.9,+19.8,KA	+3.02,+231.0,+20.2,HB	+6.53,+27.1,+20.3,LA	+2.95,+239.4,+25.6,JB	+2.92,+240.8,+25.2,KB	+2.82,+247.0,+25.4,CB	
1701946053.586162	+6.59,+23.9,+19.8,KA	+3.02,+231.1,+20.2,IB	+6.53,+27.2,+20.3,OA	+2.96,+239.2,+25.6,OB	+2.92,+241.3,+25.2,AB	+2.84,+245.7,+25.4,@B	
1701946115.5951562	+6.59,+23.9,+19.8,KA	+3.02,+231.0,+20.2,HB	+6.53,+27.1,+20.3,LA	+2.96,+238.8,+25.6,DB	+2.91,+241.3,+25.2,BB	+2.82,+246.8,+25.4,JB	
1701946177.6010551	+6.59,+24.0,+19.8,EA	+3.02,+231.1,+20.2,IB	+6.53,+27.2,+20.3,OA	+2.95,+239.8,+25.5,EB	+2.92,+240.9,+25.2,JB	+2.85,+245.5,+25.4,CB	
1701946239.6135962	+6.59,+23.9,+19.8,KA	+3.02,+231.0,+20.2,HB	+6.53,+27.2,+20.3,OA	+2.96,+238.7,+25.5,HB	+2.91,+241.4,+25.2,EB	+2.83,+246.5,+25.3,AB	
1701946301.6227481	+6.59,+24.0,+19.8,EA	+3.02,+231.0,+20.2,HB	+6.53,+27.1,+20.3,LA	+2.95,+239.6,+25.5,KB	+2.92,+240.8,+25.2,KB	+2.85,+245.5,+25.4,CB	
1701946363.6312451	+6.59,+24.0,+19.8,EA	+3.02,+231.0,+20.2,HB	+6.53,+27.2,+20.3,OA	+2.94,+240.0,+25.6,AB	+2.93,+240.6,+25.2,DB	+2.84,+246.0,+25.4,DB	
1701946425.641205	+6.59,+23.9,+19.8,KA	+3.02,+231.0,+20.2,HB	+6.53,+27.2,+20.3,OA	+2.95,+239.5,+25.6,KB	+2.92,+240.9,+25.2,JB	+2.82,+247.1,+25.3,EB	
1701946672.415852	+6.59,+23.9,+19.9,JA	+3.02,+230.9,+20.2,@B	+6.53,+27.2,+20.3,OA	+2.95,+239.8,+25.6,FB	+2.92,+240.9,+25.2,JB	+2.83,+246.7,+25.4,DB	
1701946734.4250417	+6.59,+23.9,+19.8,KA	+3.02,+231.0,+20.2,HB	+6.53,+27.3,+20.3,NA	+2.96,+238.7,+25.6,KB	+2.92,+240.9,+25.2,JB	+2.84,+245.9,+25.4,NB	
1701946796.4352217	+6.59,+23.9,+19.8,KA	+3.02,+231.0,+20.2,HB	+6.53,+27.2,+20.3,OA	+2.95,+239.6,+25.5,KB	+2.92,+240.9,+25.2,JB	+2.82,+247.2,+25.4,AB	
1701946858.443805	+6.59,+23.9,+19.9,JA	+3.03,+230.9,+20.2,AB	+6.53,+27.2,+20.3,OA	+2.96,+238.8,+25.6,DB	+2.92,+240.9,+25.2,JB	+2.83,+246.2,+25.4,AB	
1701946920.4534235	+6.59,+24.1,+19.8,DA	+3.03,+230.9,+20.2,AB	+6.53,+27.3,+20.3,NA	+2.95,+239.8,+25.6,FB	+2.91,+241.4,+25.2,EB	+2.84,+245.9,+25.4,NB	
1701946982.4639535	+6.59,+24.0,+19.8,EA	+3.02,+230.9,+20.3,AB	+6.53,+27.3,+20.3,NA	+2.95,+239.8,+25.5,EB	+2.91,+241.5,+25.2,DB	+2.84,+246.1,+25.3,BB	
1701947044.471011	+6.59,+23.9,+19.8,KA	+3.02,+231.0,+20.2,HB	+6.53,+27.2,+20.3,OA	+2.94,+240.0,+25.6,AB	+2.91,+241.4,+25.2,EB	+2.83,+246.3,+25.4,@B	
1701947106.4786108	+6.59,+24.0,+19.8,EA	+3.02,+230.9,+20.2,@B	+6.53,+27.2,+20.3,OA	+2.95,+239.5,+25.5,HB	+2.91,+241.5,+25.2,DB	+2.84,+245.8,+25.4,OB	
1701947168.4839344	+6.59,+24.0,+19.8,EA	+3.02,+230.9,+20.2,@B	+6.53,+27.2,+20.3,OA	+2.95,+239.7,+25.6,IB	+2.91,+241.5,+25.2,DB	+2.84,+245.9,+25.4,NB	
1701947230.4910717	+6.59,+23.9,+19.8,KA	+3.02,+230.9,+20.2,@B	+6.53,+27.2,+20.3,OA	+2.94,+240.0,+25.6,AB	+2.92,+241.3,+25.2,AB	+2.83,+246.4,+25.4,GB	
1701947292.500785	+6.59,+23.9,+19.8,KA	+3.02,+230.9,+20.2,@B	+6.53,+27.3,+20.3,NA	+2.95,+239.5,+25.5,HB	+2.92,+240.8,+25.2,KB	+2.82,+247.3,+25.4,@B	
1701947354.5092802	+6.59,+23.9,+19.8,KA	+3.03,+230.9,+20.2,AB	+6.53,+27.3,+20.3,NA	+2.95,+239.6,+25.6,HB	+2.91,+241.5,+25.2,DB	+2.84,+245.8,+25.4,OB	
1701947416.5161366	+6.59,+23.9,+19.8,KA	+3.03,+230.9,+20.2,AB	+6.53,+27.3,+20.3,NA	+2.94,+240.0,+25.5,BB	+2.92,+240.7,+25.2,DB	+2.82,+247.3,+25.4,@B	
1701947478.5258844	+6.59,+24.0,+19.8,EA	+3.03,+230.9,+20.3,@B	+6.53,+27.3,+20.3,NA	+2.94,+240.2,+25.5,@B	+2.92,+240.8,+25.2,KB	+2.82,+247.1,+25.3,EB	
1701947540.5336905	+6.59,+24.0,+19.8,EA	+3.03,+230.9,+20.2,AB	+6.53,+27.3,+20.3,NA	+2.94,+240.0,+25.6,AB	+2.93,+240.7,+25.2,EB	+2.82,+247.2,+25.4,AB	
1701947602.5389118	+6.59,+23.9,+19.8,KA	+3.03,+230.9,+20.2,AB	+6.53,+27.3,+20.3,NA	+2.94,+239.9,+25.6,FB	+2.92,+240.8,+25.2,KB	+2.82,+247.2,+25.4,AB	
1701947664.5481987	+6.59,+23.9,+19.8,KA	+3.02,+230.9,+20.2,@B	+6.53,+27.4,+20.4,NA	+2.94,+240.1,+25.6,@B	+2.92,+241.0,+25.2,BB	+2.83,+246.6,+25.4,EB	
1701947726.556728	+6.59,+23.9,+19.8,KA	+3.03,+230.9,+20.2,AB	+6.53,+27.4,+20.3,IA	+2.94,+240.1,+25.6,@B	+2.92,+240.8,+25.2,KB	+2.82,+247.0,+25.4,CB	
1701947788.5663047	+6.59,+23.9,+19.8,KA	+3.03,+230.9,+20.2,AB	+6.53,+27.4,+20.3,IA	+2.96,+238.9,+25.5,FB	+2.92,+241.2,+25.2,@B	+2.83,+246.6,+25.3,BB	
1701947850.5763562	+6.59,+23.9,+19.8,KA	+3.03,+230.9,+20.2,AB	+6.53,+27.4,+20.3,IA	+2.95,+239.5,+25.6,KB	+2.92,+241.0,+25.2,BB	+2.82,+247.2,+25.4,AB	
1701947912.5840218	+6.59,+23.9,+19.8,KA	+3.03,+230.9,+20.2,AB	+6.53,+27.4,+20.3,IA	+2.95,+239.2,+25.5,OB	+2.91,+241.3,+25.2,BB	+2.83,+246.5,+25.3,AB	
1701947974.5920181	+6.59,+23.8,+19.8,JA	+3.03,+230.9,+20.2,AB	+6.53,+27.3,+20.3,NA	+2.94,+240.2,+25.6,CB	+2.92,+240.9,+25.2,JB	+2.83,+246.5,+25.4,FB	
1701948036.5996869	+6.59,+23.8,+19.8,JA	+3.03,+230.9,+20.2,AB	+6.53,+27.4,+20.4,NA	+2.94,+240.2,+25.6,CB	+2.92,+240.8,+25.2,KB	+2.82,+247.3,+25.4,@B	
1701948098.6074831	+6.59,+23.9,+19.8,KA	+3.03,+230.9,+20.2,AB	+6.53,+27.4,+20.3,IA	+2.96,+239.1,+25.6,LB	+2.91,+241.6,+25.2,GB	+2.84,+246.0,+25.4,DB	
1701948160.6170616	+6.59,+23.9,+19.8,KA	+3.03,+230.9,+20.3,@B	+6.53,+27.4,+20.3,IA	+2.95,+239.5,+25.6,KB	+2.91,+241.4,+25.2,EB	+2.82,+246.8,+25.4,JB	
1701948222.6249883	+6.59,+23.8,+19.8,JA	+3.03,+230.9,+20.2,AB	+6.53,+27.5,+20.3,HA	+2.94,+240.2,+25.6,CB	+2.92,+240.8,+25.2,KB	+2.82,+246.8,+25.4,JB	
1701948284.6378047	+6.59,+23.8,+19.8,JA	+3.03,+230.8,+20.2,@B	+6.53,+27.5,+20.3,HA	+2.94,+240.1,+25.6,@B	+2.92,+240.8,+25.2,KB	+2.83,+246.7,+25.4,DB	
1701948346.647003	+6.59,+23.9,+19.8,KA	+3.03,+230.9,+20.2,AB	+6.53,+27.5,+20.3,HA	+2.94,+240.1,+25.6,@B	+2.92,+240.9,+25.2,JB	+2.82,+247.3,+25.4,@B	
1701948408.6566288	+6.59,+23.9,+19.8,KA	+3.03,+230.9,+20.3,@B	+6.53,+27.5,+20.3,HA	+2.94,+239.9,+25.6,FB	+2.91,+241.3,+25.2,BB	+2.82,+247.2,+25.4,AB	
1701948470.6638365	+6.59,+24.0,+19.8,EA	+3.03,+230.8,+20.2,@B	+6.53,+27.5,+20.3,HA	+2.94,+240.0,+25.5,BB	+2.91,+241.4,+25.2,EB	+2.82,+247.0,+25.4,CB	
1701948532.6752825	+6.59,+23.9,+19.8,KA	+3.03,+230.8,+20.2,@B	+6.53,+27.5,+20.3,HA	+2.95,+239.7,+25.5,JB	+2.91,+241.6,+25.2,GB	+2.83,+246.6,+25.4,EB	
1701948594.6854484	+6.59,+23.9,+19.8,KA	+3.03,+230.8,+20.2,@B	+6.53,+27.6,+20.3,KA	+2.93,+240.7,+25.6,AB	+2.92,+240.9,+25.2,JB	+2.82,+247.0,+25.4,CB	
1701948656.6927402	+6.59,+23.8,+19.8,JA	+3.03,+230.9,+20.2,AB	+6.53,+27.4,+20.3,IA	+2.94,+240.2,+25.6,CB	+2.92,+240.9,+25.2,JB	+2.83,+246.4,+25.4,GB	
1701948718.7009552	+6.59,+23.9,+19.8,KA	+3.03,+230.8,+20.2,@B	+6.53,+27.6,+20.3,KA	+2.96,+239.2,+25.6,OB	+2.91,+241.6,+25.2,GB	+2.84,+245.8,+25.4,OB	
1701948780.7095344	+6.59,+23.8,+19.8,JA	+3.03,+230.9,+20.2,AB	+6.52,+27.6,+20.3,JA	+2.95,+239.3,+25.6,MB	+2.92,+241.2,+25.2,@B	+2.85,+245.4,+25.3,EB	
1701948842.7189655	+6.59,+23.8,+19.8,JA	+3.03,+230.8,+20.2,@B	+6.52,+27.6,+20.3,JA	+2.95,+239.5,+25.5,HB	+2.92,+241.0,+25.2,BB	+2.85,+245.5,+25.3,DB	
1701948904.7272673	+6.59,+23.8,+19.8,JA	+3.03,+230.9,+20.2,AB	+6.53,+27.6,+20.3,KA	+2.93,+240.5,+25.6,CB	+2.92,+240.9,+25.2,JB	+2.83,+246.2,+25.4,AB	
1701948966.7349782	+6.59,+23.7,+19.8,EA	+3.03,+230.8,+20.3,AB	+6.52,+27.7,+20.3,KA	+2.95,+239.6,+25.5,KB	+2.92,+240.9,+25.2,JB	+2.85,+245.5,+25.4,CB	
1701949028.7411191	+6.59,+23.8,+19.8,JA	+3.03,+230.8,+20.2,@B	+6.53,+27.5,+20.3,HA	+2.95,+239.7,+25.5,JB	+2.91,+241.6,+25.2,GB	+2.84,+246.2,+25.4,FB	
1701949090.7478912	+6.59,+23.8,+19.8,JA	+3.03,+230.8,+20.2,@B	+6.52,+27.7,+20.3,KA	+2.94,+240.3,+25.6,BB	+2.92,+241.0,+25.2,BB	+2.83,+246.4,+25.4,GB	
1701949152.7564287	+6.59,+23.8,+19.8,JA	+3.03,+230.9,+20.2,AB	+6.52,+27.7,+20.3,KA	+2.93,+240.5,+25.6,CB	+2.92,+241.1,+25.2,CB	+2.84,+245.6,+25.3,FB	
1701949214.7663243	+6.59,+23.8,+19.8,JA	+3.03,+230.8,+20.2,@B	+6.52,+27.7,+20.3,KA	+2.94,+240.3,+25.5,AB	+2.91,+241.6,+25.2,GB	+2.82,+246.8,+25.3,MB	
1701949276.7719893	+6.59,+23.9,+19.8,KA	+3.03,+230.8,+20.2,@B	+6.52,+27.6,+20.3,JA	+2.93,+240.5,+25.6,CB	+2.92,+241.1,+25.2,CB	+2.83,+246.7,+25.4,DB	
1701949338.7812426	+6.59,+23.8,+19.8,JA	+3.03,+230.8,+20.2,@B	+6.52,+27.7,+20.3,KA	+2.94,+239.9,+25.6,FB	+2.92,+240.9,+25.2,JB	+2.84,+245.9,+25.4,NB	
1701949400.7901301	+6.59,+23.8,+19.8,JA	+3.03,+230.8,+20.3,AB	+6.52,+27.6,+20.3,JA	+2.95,+239.7,+25.5,JB	+2.92,+240.8,+25.2,KB	+2.84,+245.7,+25.4,@B	
1701949462.7974777	+6.59,+23.8,+19.8,JA	+3.03,+230.8,+20.2,@B	+6.52,+27.6,+20.3,JA	+2.94,+240.0,+25.6,AB	+2.92,+241.0,+25.2,BB	+2.83,+246.3,+25.4,@B	
1701949524.80635	+6.59,+23.8,+19.8,JA	+3.03,+230.8,+20.2,@B	+6.52,+27.7,+20.3,KA	+2.93,+240.5,+25.6,CB	+2.91,+241.3,+25.2,BB	+2.82,+246.8,+25.4,JB	
1701949586.8143964	+6.59,+23.8,+19.8,JA	+3.03,+230.8,+20.2,@B	+6.52,+27.7,+20.3,KA	+2.94,+240.0,+25.5,BB	+2.91,+241.6,+25.2,GB	+2.83,+246.6,+25.4,EB	
1701949648.8227525	+6.59,+23.8,+19.8,JA	+3.03,+230.8,+20.2,@B	+6.52,+27.7,+20.3,KA	+2.94,+240.4,+25.6,EB	+2.91,+241.4,+25.2,EB	+2.82,+246.9,+25.4,KB	
1701949710.8317623	+6.59,+23.8,+19.8,JA	+3.03,+230.8,+20.2,@B	+6.52,+27.8,+20.3,DA	+2.93,+240.6,+25.6,@B	+2.91,+241.4,+25.2,EB	+2.82,+246.9,+25.4,KB	
1701949772.842459	+6.59,+23.8,+19.8,JA	+3.03,+230.8,+20.2,@B	+6.52,+27.7,+20.3,KA	+2.93,+240.7,+25.6,AB	+2.91,+241.7,+25.2,FB	+2.82,+247.0,+25.4,CB	
1701949834.850839	+6.59,+23.8,+19.8,JA	+3.03,+230.8,+20.3,AB	+6.52,+27.8,+20.3,DA	+2.94,+240.3,+25.6,BB	+2.91,+241.3,+25.2,BB	+2.83,+246.6,+25.4,EB	
1701949896.8607805	+6.59,+23.8,+19.8,JA	+3.03,+230.8,+20.2,@B	+6.52,+27.9,+20.3,EA	+2.93,+240.8,+25.5,MB	+2.91,+241.7,+25.2,FB	+2.82,+247.3,+25.4,@B	
1701949958.868159	+6.59,+23.8,+19.8,JA	+3.03,+230.8,+20.2,@B	+6.52,+27.7,+20.3,KA	+2.95,+239.5,+25.5,HB	+2.92,+241.0,+25.2,BB	+2.84,+245.7,+25.4,@B	
1701950020.87798	+6.59,+23.7,+19.8,EA	+3.03,+230.8,+20.2,@B	+6.52,+27.7,+20.3,KA	+2.95,+239.8,+25.6,FB	+2.92,+241.1,+25.2,CB	+2.84,+246.0,+25.4,DB	
1701950082.8866363	+6.59,+23.7,+19.8,EA	+3.03,+230.8,+20.2,@B	+6.52,+27.8,+20.3,DA	+2.95,+239.6,+25.6,HB	+2.92,+241.0,+25.2,BB	+2.82,+247.3,+25.4,@B	
1701950144.8957317	+6.59,+23.8,+19.8,JA	+3.03,+230.8,+20.2,@B	+6.52,+27.8,+20.3,DA	+2.93,+240.6,+25.6,@B	+2.91,+241.7,+25.2,FB	+2.84,+245.8,+25.3,HB	
1701950206.902208	+6.59,+23.8,+19.7,EA	+3.03,+230.7,+20.2,OB	+6.52,+27.8,+20.3,DA	+2.93,+240.5,+25.6,CB	+2.91,+241.4,+25.2,EB	+2.83,+246.3,+25.4,@B	
1701950268.9091296	+6.59,+23.7,+19.8,EA	+3.03,+230.7,+20.2,OB	+6.52,+27.8,+20.3,DA	+2.93,+240.9,+25.6,OB	+2.91,+241.5,+25.2,DB	+2.84,+246.0,+25.4,DB	
1701950515.6477153	+6.59,+23.8,+19.7,EA	+3.03,+230.7,+20.2,OB	+6.52,+27.9,+20.3,EA	+2.94,+240.3,+25.6,BB	+2.91,+241.5,+25.2,DB	+2.83,+246.6,+25.4,EB	
1701950577.6563025	+6.59,+23.8,+19.7,EA	+3.03,+230.8,+20.2,@B	+6.52,+28.0,+20.3,CA	+2.92,+241.0,+25.6,FB	+2.91,+241.8,+25.2,IB	+2.84,+245.7,+25.4,@B	
1701950639.6650894	+6.59,+23.8,+19.7,EA	+3.03,+230.7,+20.2,OB	+6.52,+27.9,+20.3,EA	+2.94,+240.0,+25.5,BB	+2.92,+241.2,+25.2,@B	+2.82,+247.3,+25.4,@B	
1701950701.6756835	+6.59,+23.8,+19.7,EA	+3.03,+230.7,+20.2,OB	+6.52,+27.8,+20.3,DA	+2.94,+240.0,+25.6,AB	+2.92,+241.1,+25.2,CB	+2.81,+247.5,+25.4,EB	
1701950763.6843069	+6.59,+23.9,+19.7,DA	+3.03,+230.8,+20.2,@B	+6.52,+27.9,+20.3,EA	+2.94,+240.0,+25.5,BB	+2.92,+241.2,+25.2,@B	+2.81,+247.4,+25.4,DB	
1701950825.693284	+6.59,+23.8,+19.7,EA	+3.03,+230.7,+20.2,OB	+6.52,+28.0,+20.3,CA	+2.93,+240.7,+25.5,BB	+2.91,+241.8,+25.2,IB	+2.84,+246.1,+25.4,EB	
1701950887.7016292	+6.59,+23.8,+19.7,EA	+3.03,+230.7,+20.2,OB	+6.52,+28.0,+20.3,CA	+2.92,+241.1,+25.5,DB	+2.91,+241.7,+25.2,FB	+2.84,+245.6,+25.4,AB	
1701950949.7094684	+6.59,+23.8,+19.7,EA	+3.03,+230.7,+20.2,OB	+6.52,+28.1,+20.3,BA	+2.93,+240.4,+25.6,BB	+2.92,+241.0,+25.2,BB	+2.82,+247.1,+25.4,BB	
1701951011.7207446	+6.59,+23.8,+19.7,EA	+3.03,+230.7,+20.2,OB	+6.52,+28.1,+20.3,BA	+2.94,+240.1,+25.6,@B	+2.92,+241.2,+25.2,@B	+2.81,+247.5,+25.4,EB	
1701951073.7289019	+6.59,+23.8,+19.7,EA	+3.03,+230.7,+20.3,NB	+6.52,+28.0,+20.3,CA	+2.93,+240.6,+25.6,@B	+2.91,+241.7,+25.2,FB	+2.84,+246.0,+25.4,DB	
1701951135.7389235	+6.59,+23.8,+19.7,EA	+3.03,+230.7,+20.2,OB	+6.52,+28.1,+20.2,CA	+2.93,+240.5,+25.6,CB	+2.91,+241.8,+25.2,IB	+2.84,+246.0,+25.4,DB	
1701951197.7491727	+6.59,+23.8,+19.7,EA	+3.03,+230.7,+20.2,OB	+6.52,+28.1,+20.2,CA	+2.94,+240.2,+25.6,CB	+2.91,+241.7,+25.2,FB	+2.83,+246.4,+25.4,GB	
1701951259.7566807	+6.59,+23.9,+19.7,DA	+3.03,+230.7,+20.2,OB	+6.52,+28.1,+20.3,BA	+2.94,+240.1,+25.5,CB	+2.91,+241.8,+25.2,IB	+2.83,+246.6,+25.3,BB	
1701951321.7641146	+6.59,+23.8,+19.7,EA	+3.03,+230.7,+20.2,OB	+6.52,+28.0,+20.3,CA	+2.94,+240.0,+25.6,AB	+2.91,+241.4,+25.2,EB	+2.82,+247.3,+25.4,@B	
1701951383.7739863	+6.59,+23.8,+19.7,EA	+3.03,+230.6,+20.2,NB	+6.52,+28.0,+20.3,CA	+2.94,+240.0,+25.5,BB	+2.91,+241.5,+25.2,DB	+2.81,+247.3,+25.3,DB	
1701951445.7826936	+6.59,+23.7,+19.7,JA	+3.03,+230.6,+20.2,NB	+6.52,+28.0,+20.2,BA	+2.94,+240.4,+25.6,EB	+2.91,+241.7,+25.2,FB	+2.84,+246.0,+25.4,DB	
1701951507.7890532	+6.59,+23.8,+19.7,EA	+3.03,+230.7,+20.2,OB	+6.52,+28.1,+20.3,BA	+2.94,+240.2,+25.5,@B	+2.91,+241.8,+25.2,IB	+2.83,+246.7,+25.4,DB	
1701951569.7986827	+6.59,+23.7,+19.7,JA	+3.03,+230.6,+20.2,NB	+6.52,+28.1,+20.3,BA	+2.93,+240.8,+25.6,NB	+2.91,+241.4,+25.2,EB	+2.84,+245.6,+25.4,AB	
1701951631.8076763	+6.59,+23.8,+19.7,EA	+3.03,+230.6,+20.2,NB	+6.52,+28.0,+20.3,CA	+2.94,+240.1,+25.6,@B	+2.91,+241.7,+25.2,FB	+2.83,+246.4,+25.4,GB	
1701951693.8158712	+6.59,+23.8,+19.7,EA	+3.03,+230.6,+20.2,NB	+6.51,+28.2,+20.3,BA	+2.93,+240.6,+25.5,CB	+2.91,+241.3,+25.2,BB	+2.82,+247.4,+25.4,GB	
1701951755.8252165	+6.59,+23.7,+19.7,JA	+3.03,+230.6,+20.2,NB	+6.52,+28.1,+20.2,CA	+2.94,+240.4,+25.6,EB	+2.91,+241.6,+25.2,GB	+2.83,+246.4,+25.3,@B	
1701951817.8328445	+6.59,+23.7,+19.7,JA	+3.03,+230.6,+20.2,NB	+6.52,+28.1,+20.2,CA	+2.92,+241.3,+25.6,EB	+2.92,+241.1,+25.2,CB	+2.84,+245.9,+25.3,IB	
1701951879.840918	+6.59,+23.8,+19.7,EA	+3.03,+230.6,+20.2,NB	+6.52,+28.2,+20.2,@A	+2.93,+240.7,+25.6,AB	+2.91,+241.5,+25.2,DB	+2.81,+247.5,+25.4,EB	
1701951941.846867	+6.59,+23.7,+19.7,JA	+3.03,+230.6,+20.2,NB	+6.51,+28.3,+20.2,BA	+2.93,+240.7,+25.5,BB	+2.91,+241.5,+25.2,DB	+2.84,+246.1,+25.4,EB	
1701952003.855926	+6.59,+23.8,+19.7,EA	+3.03,+230.6,+20.2,NB	+6.51,+28.2,+20.2,CA	+2.93,+240.8,+25.5,MB	+2.92,+241.2,+25.2,@B	+2.84,+245.9,+25.4,NB	
1701952065.862584	+6.59,+23.7,+19.7,JA	+3.03,+230.6,+20.2,NB	+6.51,+28.3,+20.2,BA	+2.92,+241.0,+25.6,FB	+2.92,+241.1,+25.2,CB	+2.84,+246.0,+25.4,DB	
1701952127.871334	+6.59,+23.8,+19.7,EA	+3.03,+230.6,+20.2,NB	+6.51,+28.2,+20.2,CA	+2.92,+241.1,+25.6,GB	+2.91,+241.5,+25.2,DB	+2.81,+247.4,+25.3,CB	
1701952189.8796878	+6.59,+23.7,+19.7,JA	+3.03,+230.5,+20.2,MB	+6.51,+28.3,+20.2,BA	+2.92,+241.4,+25.6,BB	+2.92,+241.2,+25.2,@B	+2.82,+247.0,+25.4,CB	
1701952251.8874545	+6.59,+23.7,+19.7,JA	+3.03,+230.5,+20.2,MB	+6.51,+28.2,+20.2,CA	+2.94,+240.2,+25.6,CB	+2.91,+241.6,+25.2,GB	+2.82,+247.0,+25.4,CB	
1701952313.896244	+6.59,+23.7,+19.7,JA	+3.03,+230.6,+20.2,NB	+6.51,+28.2,+20.2,CA	+2.94,+240.4,+25.6,EB	+2.91,+241.5,+25.2,DB	+2.83,+246.7,+25.3,CB	
1701952375.9054413	+6.59,+23.7,+19.7,JA	+3.03,+230.5,+20.2,MB	+6.51,+28.3,+20.2,BA	+2.92,+241.3,+25.5,FB	+2.91,+241.5,+25.2,DB	+2.81,+247.4,+25.4,DB	
1701952437.916102	+6.59,+23.8,+19.7,EA	+3.03,+230.6,+20.2,NB	+6.51,+28.3,+20.2,BA	+2.92,+241.6,+25.5,CB	+2.91,+241.3,+25.2,BB	+2.82,+247.2,+25.4,AB	
1701952499.9242582	+6.59,+23.7,+19.7,JA	+3.03,+230.6,+20.2,NB	+6.51,+28.3,+20.2,BA	+2.93,+240.7,+25.6,AB	+2.92,+241.2,+25.2,@B	+2.83,+246.5,+25.4,FB	
1701952561.9339855	+6.59,+23.8,+19.7,EA	+3.03,+230.6,+20.2,NB	+6.51,+28.3,+20.2,BA	+2.91,+241.9,+25.5,OB	+2.91,+241.3,+25.2,BB	+2.82,+247.0,+25.4,CB	
1701952623.9442751	+6.59,+23.7,+19.7,JA	+3.03,+230.6,+20.2,NB	+6.51,+28.3,+20.2,BA	+2.91,+241.6,+25.5,@B	+2.91,+241.6,+25.2,GB	+2.81,+247.6,+25.3,AB	
1701952685.954949	+6.59,+23.6,+19.7,KA	+3.03,+230.6,+20.2,NB	+6.51,+28.3,+20.2,BA	+2.91,+241.7,+25.5,AB	+2.91,+241.7,+25.2,FB	+2.81,+247.7,+25.4,GB	
1701952747.9610717	+6.59,+23.6,+19.7,KA	+3.03,+230.6,+20.2,NB	+6.51,+28.3,+20.2,BA	+2.92,+241.6,+25.5,CB	+2.91,+241.8,+25.2,IB	+2.81,+247.7,+25.4,GB	
1701952809.9689338	+6.59,+23.7,+19.6,KA	+3.03,+230.5,+20.2,MB	+6.51,+28.4,+20.2,EA	+2.91,+241.9,+25.6,LB	+2.92,+241.3,+25.2,AB	+2.83,+246.7,+25.4,DB	
1701952871.9807537	+6.59,+23.7,+19.6,KA	+3.03,+230.5,+20.2,MB	+6.51,+28.5,+20.2,DA	+2.92,+241.4,+25.6,BB	+2.92,+241.0,+25.2,BB	+2.84,+246.1,+25.3,BB	
1701952933.990877	+6.59,+23.7,+19.6,KA	+3.03,+230.5,+20.2,MB	+6.51,+28.4,+20.2,EA	+2.92,+241.4,+25.5,AB	+2.92,+240.9,+25.2,JB	+2.84,+246.1,+25.3,BB	
1701952995.9985209	+6.59,+23.7,+19.6,KA	+3.03,+230.5,+20.2,MB	+6.51,+28.5,+20.2,DA	+2.91,+242.1,+25.5,DB	+2.91,+241.8,+25.2,IB	+2.81,+247.6,+25.4,FB	
1701953058.0068834	+6.59,+23.7,+19.6,KA	+3.03,+230.5,+20.2,MB	+6.51,+28.6,+20.2,GA	+2.91,+241.9,+25.6,LB	+2.91,+241.8,+25.2,IB	+2.81,+247.9,+25.4,IB	
1701953120.0158284	+6.59,+23.7,+19.6,KA	+3.03,+230.5,+20.2,MB	+6.51,+28.5,+20.2,DA	+2.91,+242.2,+25.5,GB	+2.91,+241.4,+25.2,EB	+2.83,+246.6,+25.4,EB	
1701953182.025706	+6.59,+23.7,+19.6,KA	+3.03,+230.6,+20.2,NB	+6.51,+28.5,+20.2,DA	+2.92,+241.6,+25.6,@B	+2.92,+240.9,+25.2,JB	+2.84,+246.1,+25.4,EB	
1701953244.034356	+6.59,+23.7,+19.6,KA	+3.03,+230.6,+20.2,NB	+6.51,+28.6,+20.2,GA	+2.91,+241.9,+25.6,LB	+2.91,+241.7,+25.2,FB	+2.81,+247.7,+25.4,GB	
1701953306.0446348	+6.59,+23.6,+19.6,JA	+3.03,+230.5,+20.2,MB	+6.51,+28.6,+20.2,GA	+2.91,+241.9,+25.6,LB	+2.91,+241.6,+25.2,GB	+2.81,+247.8,+25.4,HB	
1701953368.052797	+6.59,+23.6,+19.6,JA	+3.03,+230.5,+20.2,MB	+6.51,+28.6,+20.2,GA	+2.93,+240.8,+25.6,NB	+2.92,+241.1,+25.2,CB	+2.82,+247.0,+25.4,CB	
1701953430.0631955	+6.59,+23.7,+19.6,KA	+3.03,+230.5,+20.2,MB	+6.51,+28.6,+20.1,DA	+2.91,+241.8,+25.6,MB	+2.91,+241.5,+25.2,DB	+2.83,+246.5,+25.3,AB	
1701953492.0686448	+6.59,+23.6,+19.6,JA	+3.03,+230.5,+20.2,MB	+6.51,+28.6,+20.2,GA	+2.91,+241.9,+25.6,LB	+2.91,+241.7,+25.2,FB	+2.82,+247.1,+25.4,BB	
1701953554.0782642	+6.59,+23.7,+19.6,KA	+3.03,+230.5,+20.2,MB	+6.51,+28.6,+20.1,DA	+2.93,+240.8,+25.6,NB	+2.92,+240.9,+25.2,JB	+2.83,+246.4,+25.4,GB	
1701953616.0872374	+6.59,+23.6,+19.6,JA	+3.03,+230.5,+20.2,MB	+6.51,+28.6,+20.1,DA	+2.91,+242.1,+25.5,DB	+2.91,+241.8,+25.2,IB	+2.82,+247.0,+25.3,DB	
1701953678.0970836	+6.59,+23.6,+19.6,JA	+3.03,+230.5,+20.2,MB	+6.51,+28.6,+20.1,DA	+2.91,+241.9,+25.5,OB	+2.91,+241.7,+25.2,FB	+2.81,+247.6,+25.4,FB	
1701953740.1066875	+6.59,+23.7,+19.6,KA	+3.03,+230.5,+20.2,MB	+6.51,+28.6,+20.1,DA	+2.91,+241.7,+25.5,AB	+2.91,+241.4,+25.2,EB	+2.84,+246.0,+25.4,DB	
1701953802.111778	+6.59,+23.6,+19.6,JA	+3.03,+230.5,+20.2,MB	+6.51,+28.6,+20.1,DA	+2.92,+241.2,+25.6,DB	+2.92,+241.0,+25.2,BB	+2.82,+246.8,+25.4,JB	
1701953864.1206372	+6.59,+23.6,+19.6,JA	+3.03,+230.5,+20.2,MB	+6.51,+28.7,+20.1,EA	+2.92,+241.1,+25.6,GB	+2.92,+241.0,+25.2,BB	+2.82,+247.0,+25.4,CB	
1701953926.1310694	+6.59,+23.7,+19.6,KA	+3.03,+230.4,+20.2,LB	+6.51,+28.7,+20.1,EA	+2.92,+241.5,+25.6,CB	+2.92,+241.1,+25.2,CB	+2.82,+247.3,+25.4,@B	
1701953988.1405573	+6.59,+23.6,+19.5,IA	+3.03,+230.4,+20.2,LB	+6.51,+28.6,+20.1,DA	+2.92,+241.2,+25.5,GB	+2.91,+241.3,+25.2,BB	+2.84,+245.9,+25.3,IB	
1701954050.1492205	+6.59,+23.6,+19.6,JA	+3.03,+230.5,+20.2,MB	+6.51,+28.7,+20.1,EA	+2.91,+242.1,+25.6,GB	+2.91,+241.8,+25.2,IB	+2.82,+247.1,+25.4,BB	
1701954112.160058	+6.59,+23.6,+19.6,JA	+3.03,+230.4,+20.2,LB	+6.51,+28.6,+20.1,DA	+2.91,+241.8,+25.5,NB	+2.91,+241.8,+25.2,IB	+2.83,+246.3,+25.3,GB	
1701954358.8739336	+6.59,+23.5,+19.5,JA	+3.03,+230.4,+20.2,LB	+6.51,+28.7,+20.1,EA	+2.91,+242.0,+25.6,FB	+2.91,+241.6,+25.2,GB	+2.82,+246.8,+25.4,JB	
1701954420.884287	+6.59,+23.6,+19.6,JA	+3.03,+230.4,+20.2,LB	+6.51,+28.7,+20.1,EA	+2.91,+242.0,+25.5,EB	+2.91,+241.7,+25.2,FB	+2.83,+246.5,+25.4,FB	
1701954482.8929477	+6.59,+23.6,+19.5,IA	+3.03,+230.4,+20.2,LB	+6.50,+28.7,+20.1,DA	+2.91,+241.8,+25.5,NB	+2.91,+241.7,+25.2,FB	+2.83,+246.2,+25.4,AB	
1701954544.9017937	+6.59,+23.6,+19.5,IA	+3.03,+230.4,+20.2,LB	+6.50,+28.7,+20.1,DA	+2.90,+242.3,+25.5,GB	+2.91,+241.4,+25.2,EB	+2.82,+247.3,+25.4,@B	
1701954606.9090548	+6.59,+23.6,+19.5,IA	+3.03,+230.4,+20.2,LB	+6.50,+28.8,+20.1,KA	+2.92,+241.4,+25.5,AB	+2.92,+240.9,+25.2,JB	+2.83,+246.7,+25.4,DB	
1701954668.9168983	+6.59,+23.6,+19.5,IA	+3.03,+230.4,+20.2,LB	+6.50,+28.7,+20.1,DA	+2.91,+241.7,+25.6,BB	+2.92,+240.9,+25.2,JB	+2.82,+246.8,+25.4,JB	
1701954730.9263515	+6.59,+23.6,+19.5,IA	+3.03,+230.4,+20.2,LB	+6.50,+28.8,+20.1,KA	+2.90,+242.3,+25.6,DB	+2.92,+241.2,+25.2,@B	+2.82,+247.3,+25.4,@B	
1701954792.9362295	+6.59,+23.6,+19.5,IA	+3.03,+230.4,+20.1,OB	+6.50,+28.9,+20.1,JA	+2.92,+241.0,+25.6,FB	+2.91,+241.5,+25.2,DB	+2.84,+245.6,+25.4,AB	
1701954854.9431217	+6.59,+23.5,+19.5,JA	+3.03,+230.4,+20.2,LB	+6.50,+28.8,+20.1,KA	+2.92,+241.0,+25.5,EB	+2.91,+241.4,+25.2,EB	+2.84,+245.8,+25.4,OB	
1701954916.9491591	+6.59,+23.5,+19.5,JA	+3.03,+230.3,+20.1,HB	+6.50,+28.9,+20.1,JA	+2.90,+242.5,+25.6,BB	+2.91,+241.3,+25.2,BB	+2.82,+247.0,+25.4,CB	
1701954978.960009	+6.59,+23.5,+19.5,JA	+3.03,+230.4,+20.1,OB	+6.50,+28.9,+20.1,JA	+2.90,+242.3,+25.5,GB	+2.91,+241.4,+25.2,EB	+2.82,+246.9,+25.4,KB	
1701955040.970094	+6.59,+23.5,+19.5,JA	+3.03,+230.4,+20.1,OB	+6.50,+28.8,+20.1,KA	+2.90,+242.4,+25.5,@B	+2.92,+241.2,+25.2,@B	+2.82,+246.9,+25.4,KB	
1701955102.9806693	+6.59,+23.6,+19.5,IA	+3.03,+230.4,+20.2,LB	+6.50,+29.0,+20.1,BA	+2.92,+241.2,+25.6,DB	+2.91,+241.4,+25.2,EB	+2.84,+246.0,+25.4,DB	
1701955164.9909134	+6.59,+23.6,+19.5,IA	+3.03,+230.3,+20.2,KB	+6.50,+28.9,+20.0,KA	+2.91,+242.1,+25.5,DB	+2.92,+240.9,+25.2,JB	+2.82,+247.1,+25.4,BB	
1701955227.0028238	+6.59,+23.6,+19.5,IA	+3.03,+230.4,+20.1,OB	+6.50,+28.9,+20.0,KA	+2.90,+242.4,+25.5,@B	+2.92,+240.9,+25.2,JB	+2.82,+247.3,+25.4,@B	
1701955289.013257	+6.59,+23.5,+19.5,JA	+3.03,+230.3,+20.1,HB	+6.50,+28.9,+20.1,JA	+2.92,+241.5,+25.6,CB	+2.91,+241.6,+25.2,GB	+2.84,+246.0,+25.4,DB	
1701955351.023543	+6.60,+23.5,+19.5,@A	+3.03,+230.3,+20.1,HB	+6.50,+28.9,+20.0,KA	+2.91,+241.7,+25.5,AB	+2.91,+241.4,+25.2,EB	+2.83,+246.4,+25.4,GB	
1701955413.0322845	+6.59,+23.5,+19.5,JA	+3.03,+230.3,+20.1,HB	+6.50,+29.0,+20.0,CA	+2.92,+241.3,+25.5,FB	+2.91,+241.7,+25.2,FB	+2.85,+245.5,+25.4,CB	
1701955475.0430305	+6.59,+23.5,+19.5,JA	+3.03,+230.4,+20.1,OB	+6.50,+29.0,+20.0,CA	+2.90,+242.3,+25.5,GB	+2.92,+241.1,+25.2,CB	+2.82,+246.9,+25.4,KB	
1701955537.0519106	+6.59,+23.5,+19.5,JA	+3.03,+230.3,+20.1,HB	+6.50,+29.0,+20.0,CA	+2.90,+242.3,+25.6,DB	+2.92,+241.0,+25.2,BB	+2.82,+247.2,+25.4,AB	
1701955599.0605717	+6.59,+23.5,+19.5,JA	+3.03,+230.3,+20.1,HB	+6.50,+29.0,+20.0,CA	+2.90,+242.4,+25.6,CB	+2.92,+241.0,+25.2,BB	+2.82,+247.2,+25.4,AB	
1701955661.0687623	+6.60,+23.4,+19.5,AA	+3.03,+230.3,+20.1,HB	+6.50,+29.0,+20.0,CA	+2.93,+241.0,+25.6,GB	+2.91,+241.7,+25.2,FB	+2.85,+245.5,+25.4,CB	
1701955723.078858	+6.59,+23.5,+19.4,KA	+3.03,+230.3,+20.1,HB	+6.50,+29.1,+20.0,BA	+2.90,+242.4,+25.6,CB	+2.92,+240.9,+25.2,JB	+2.82,+247.2,+25.3,FB	
1701955785.0885298	+6.59,+23.5,+19.5,JA	+3.03,+230.3,+20.1,HB	+6.50,+29.2,+20.0,AA	+2.90,+242.4,+25.5,@B	+2.92,+241.0,+25.2,BB	+2.82,+247.2,+25.4,AB	
1701955847.099884	+6.59,+23.5,+19.5,JA	+3.03,+230.3,+20.1,HB	+6.50,+29.1,+20.0,BA	+2.91,+241.7,+25.5,AB	+2.92,+241.1,+25.2,CB	+2.83,+246.4,+25.4,GB	
1701955909.1097221	+6.59,+23.5,+19.4,KA	+3.03,+230.3,+20.1,HB	+6.50,+29.1,+20.0,BA	+2.91,+242.0,+25.6,FB	+2.92,+241.0,+25.2,BB	+2.83,+246.7,+25.4,DB	
1701955971.1193054	+6.59,+23.5,+19.4,KA	+3.03,+230.3,+20.1,HB	+6.50,+29.1,+20.0,BA	+2.90,+242.5,+25.6,BB	+2.92,+241.2,+25.2,@B	+2.82,+247.1,+25.4,BB	
1701956033.129315	+6.60,+23.4,+19.5,AA	+3.03,+230.3,+20.1,HB	+6.50,+29.2,+20.0,AA	+2.92,+241.2,+25.5,GB	+2.91,+241.5,+25.2,DB	+2.84,+245.6,+25.4,AB	
1701956095.1370835	+6.59,+23.5,+19.4,KA	+3.03,+230.2,+20.1,IB	+6.50,+29.2,+20.0,AA	+2.91,+241.8,+25.6,MB	+2.92,+241.0,+25.2,BB	+2.83,+246.5,+25.4,FB	
1701956157.1472676	+6.59,+23.5,+19.4,KA	+3.03,+230.3,+20.1,HB	+6.50,+29.1,+20.0,BA	+2.91,+242.0,+25.5,EB	+2.91,+241.5,+25.2,DB	+2.83,+246.7,+25.4,DB	
1701956219.1574068	+6.60,+23.4,+19.4,@A	+3.03,+230.3,+20.1,HB	+6.50,+29.2,+20.0,AA	+2.92,+241.3,+25.5,FB	+2.91,+241.7,+25.2,FB	+2.84,+245.8,+25.3,HB	
1701956281.165269	+6.59,+23.5,+19.4,KA	+3.03,+230.3,+20.1,HB	+6.50,+29.2,+20.0,AA	+2.91,+241.7,+25.5,AB	+2.92,+240.9,+25.2,JB	+2.83,+246.5,+25.4,FB	
1701956343.1745472	+6.60,+23.4,+19.4,@A	+3.03,+230.2,+20.1,IB	+6.50,+29.2,+20.0,AA	+2.92,+241.1,+25.5,DB	+2.91,+241.3,+25.2,BB	+2.84,+245.7,+25.4,@B	
1701956405.1831458	+6.60,+23.5,+19.4,AA	+3.03,+230.2,+20.1,IB	+6.50,+29.3,+20.0,@A	+2.91,+242.1,+25.6,GB	+2.92,+240.9,+25.2,JB	+2.82,+247.2,+25.4,AB	
1701956467.1924684	+6.60,+23.4,+19.4,@A	+3.03,+230.3,+20.1,HB	+6.50,+29.2,+20.0,AA	+2.92,+241.3,+25.6,EB	+2.92,+241.1,+25.2,CB	+2.84,+246.0,+25.3,CB	
1701956529.197493	+6.59,+23.5,+19.4,KA	+3.04,+230.2,+20.1,NB	+6.50,+29.2,+20.0,AA	+2.90,+242.3,+25.6,DB	+2.92,+241.1,+25.2,CB	+2.82,+247.3,+25.4,@B	
1701956591.2087948	+6.59,+23.5,+19.4,KA	+3.03,+230.3,+20.1,HB	+6.50,+29.3,+20.0,@A	+2.90,+242.4,+25.6,CB	+2.92,+241.2,+25.2,@B	+2.82,+247.2,+25.4,AB	
1701956653.2179239	+6.60,+23.4,+19.4,@A	+3.03,+230.2,+20.1,IB	+6.50,+29.2,+20.0,AA	+2.91,+242.0,+25.5,EB	+2.91,+241.7,+25.2,FB	+2.83,+246.6,+25.4,EB	
1701956715.226895	+6.60,+23.4,+19.4,@A	+3.03,+230.2,+20.1,IB	+6.50,+29.2,+20.0,AA	+2.91,+242.1,+25.5,DB	+2.91,+241.6,+25.2,GB	+2.83,+246.7,+25.4,DB	
1701956777.2354026	+6.60,+23.4,+19.4,@A	+3.03,+230.2,+20.1,IB	+6.49,+29.3,+20.0,HA	+2.92,+241.3,+25.5,FB	+2.92,+240.8,+25.2,KB	+2.83,+246.2,+25.4,AB	
1701956839.2448275	+6.60,+23.4,+19.4,@A	+3.04,+230.2,+20.1,NB	+6.49,+29.4,+20.0,OA	+2.92,+241.2,+25.5,GB	+2.91,+241.3,+25.2,BB	+2.85,+245.6,+25.4,@B	
1701956901.2565763	+6.59,+23.5,+19.4,KA	+3.03,+230.2,+20.1,IB	+6.49,+29.4,+20.0,OA	+2.91,+241.7,+25.5,AB	+2.92,+241.0,+25.2,BB	+2.82,+247.0,+25.4,CB	
1701956963.2662432	+6.60,+23.4,+19.4,@A	+3.04,+230.2,+20.1,NB	+6.49,+29.3,+20.0,HA	+2.91,+241.7,+25.6,BB	+2.91,+241.5,+25.2,DB	+2.84,+245.9,+25.4,NB	
1701957025.2772303	+6.60,+23.4,+19.4,@A	+3.04,+230.2,+20.1,NB	+6.50,+29.3,+20.0,@A	+2.92,+241.5,+25.6,CB	+2.91,+241.4,+25.2,EB	+2.84,+245.7,+25.4,@B	
1701957087.2866545	+6.60,+23.4,+19.4,@A	+3.03,+230.2,+20.1,IB	+6.50,+29.3,+20.0,@A	+2.91,+241.8,+25.6,MB	+2.91,+241.5,+25.2,DB	+2.84,+246.0,+25.4,DB	
1701957149.297701	+6.60,+23.4,+19.4,@A	+3.04,+230.2,+20.1,NB	+6.50,+29.3,+20.0,@A	+2.92,+241.1,+25.5,DB	+2.92,+240.9,+25.2,JB	+2.84,+246.1,+25.4,EB	
1701957211.3071632	+6.59,+23.5,+19.4,KA	+3.04,+230.2,+20.1,NB	+6.49,+29.4,+20.0,OA	+2.91,+241.9,+25.6,LB	+2.91,+241.4,+25.2,EB	+2.82,+247.2,+25.3,FB	
1701957273.316967	+6.59,+23.5,+19.4,KA	+3.03,+230.2,+20.1,IB	+6.49,+29.4,+20.0,OA	+2.92,+241.6,+25.6,@B	+2.91,+241.4,+25.2,EB	+2.84,+245.8,+25.4,OB	
1701957335.3272016	+6.59,+23.5,+19.4,KA	+3.03,+230.2,+20.1,IB	+6.49,+29.4,+20.0,OA	+2.92,+241.4,+25.5,AB	+2.92,+241.2,+25.2,@B	+2.85,+245.5,+25.4,CB	
1701957397.3324604	+6.60,+23.5,+19.4,AA	+3.03,+230.2,+20.1,IB	+6.49,+29.4,+20.0,OA	+2.90,+242.3,+25.5,GB	+2.91,+241.7,+25.2,FB	+2.82,+247.1,+25.4,BB	
1701957459.3412728	+6.59,+23.6,+19.4,HA	+3.04,+230.2,+20.1,NB	+6.49,+29.5,+20.0,NA	+2.92,+241.4,+25.6,BB	+2.92,+240.9,+25.2,JB	+2.85,+245.5,+25.4,CB	
1701957521.3483756	+6.59,+23.5,+19.4,KA	+3.03,+230.2,+20.0,HB	+6.49,+29.5,+20.0,NA	+2.93,+241.0,+25.6,GB	+2.92,+240.9,+25.2,JB	+2.84,+246.0,+25.4,DB	
1701957583.3579905	+6.59,+23.5,+19.4,KA	+3.04,+230.1,+20.1,MB	+6.49,+29.3,+20.0,HA	+2.90,+242.2,+25.6,EB	+2.91,+241.6,+25.2,GB	+2.83,+246.5,+25.4,FB	
1701957645.3640912	+6.59,+23.5,+19.4,KA	+3.04,+230.1,+20.1,MB	+6.49,+29.5,+19.9,MA	+2.93,+241.0,+25.5,DB	+2.92,+240.9,+25.2,JB	+2.83,+246.2,+25.4,AB	
1701957707.3741705	+6.60,+23.4,+19.4,@A	+3.03,+230.2,+20.0,HB	+6.49,+29.5,+20.0,NA	+2.92,+241.2,+25.6,DB	+2.92,+241.1,+25.2,CB	+2.83,+246.6,+25.4,EB	
1701957769.3827507	+6.60,+23.4,+19.4,@A	+3.04,+230.1,+20.0,LB	+6.49,+29.4,+19.9,LA	+2.91,+241.8,+25.5,NB	+2.92,+241.2,+25.2,@B	+2.84,+246.1,+25.3,BB	
1701957831.3923936	+6.60,+23.5,+19.4,AA	+3.03,+230.2,+20.0,HB	+6.49,+29.6,+19.9,NA	+2.91,+242.0,+25.6,FB	+2.91,+241.6,+25.2,GB	+2.82,+247.2,+25.4,AB	
1701957893.4017177	+6.60,+23.4,+19.4,@A	+3.04,+230.1,+20.1,MB	+6.49,+29.5,+19.9,MA	+2.92,+241.6,+25.6,@B	+2.91,+241.5,+25.2,DB	+2.82,+247.2,+25.4,AB	
1701957955.411844	+6.59,+23.5,+19.4,KA	+3.04,+230.1,+20.0,LB	+6.49,+29.6,+19.9,NA	+2.91,+241.9,+25.5,OB	+2.92,+241.1,+25.2,CB	+2.84,+245.9,+25.4,NB	
1701958202.179403	+6.60,+23.5,+19.4,AA	+3.04,+230.1,+20.0,LB	+6.49,+29.5,+19.9,MA	+2.90,+242.3,+25.5,GB	+2.91,+241.5,+25.2,DB	+2.84,+245.8,+25.4,OB	
1701958264.1664717	+6.59,+23.5,+19.4,KA	+3.04,+230.1,+20.0,LB	+6.49,+29.6,+19.9,NA	+2.90,+242.3,+25.5,GB	+2.92,+241.2,+25.2,@B	+2.83,+246.5,+25.4,FB	
1701958326.1756237	+6.59,+23.5,+19.3,LA	+3.04,+230.2,+20.1,NB	+6.49,+29.5,+19.9,MA	+2.91,+242.1,+25.5,DB	+2.92,+241.0,+25.2,BB	+2.83,+246.8,+25.4,KB	
1701958388.1825953	+6.60,+23.5,+19.4,AA	+3.04,+230.1,+20.0,LB	+6.49,+29.6,+19.9,NA	+2.92,+241.4,+25.6,BB	+2.91,+241.5,+25.2,DB	+2.84,+245.8,+25.4,OB	
1701958450.1929774	+6.59,+23.5,+19.3,LA	+3.04,+230.1,+20.0,LB	+6.49,+29.6,+19.9,NA	+2.90,+242.2,+25.6,EB	+2.92,+241.0,+25.2,BB	+2.83,+246.6,+25.4,EB	
1701958512.2005894	+6.60,+23.4,+19.3,GA	+3.04,+230.1,+20.0,LB	+6.49,+29.7,+19.9,OA	+2.91,+242.1,+25.6,GB	+2.91,+241.4,+25.2,EB	+2.84,+245.9,+25.4,NB	
1701958574.2096403	+6.60,+23.4,+19.3,GA	+3.04,+230.1,+20.0,LB	+6.49,+29.6,+19.9,NA	+2.91,+242.1,+25.6,GB	+2.92,+241.3,+25.2,AB	+2.84,+246.0,+25.4,DB	
1701958636.219622	+6.60,+23.4,+19.3,GA	+3.04,+230.0,+20.0,MB	+6.49,+29.7,+19.9,OA	+2.92,+241.4,+25.6,BB	+2.91,+241.6,+25.2,GB	+2.85,+245.6,+25.4,@B	
1701958698.2275186	+6.60,+23.4,+19.3,GA	+3.04,+230.1,+20.0,LB	+6.49,+29.6,+19.9,NA	+2.91,+241.7,+25.5,AB	+2.91,+241.4,+25.2,EB	+2.84,+245.6,+25.4,AB	
1701958760.235602	+6.60,+23.4,+19.3,GA	+3.04,+230.1,+20.0,LB	+6.49,+29.8,+19.9,@A	+2.91,+241.8,+25.5,NB	+2.93,+240.7,+25.2,EB	+2.82,+247.3,+25.4,@B	
1701958822.2429569	+6.60,+23.4,+19.3,GA	+3.04,+230.1,+20.0,LB	+6.49,+29.6,+19.9,NA	+2.92,+241.2,+25.6,DB	+2.91,+241.6,+25.2,GB	+2.84,+245.6,+25.4,AB	
1701958884.2526464	+6.60,+23.4,+19.3,GA	+3.04,+230.1,+20.0,LB	+6.49,+29.7,+19.9,OA	+2.91,+241.9,+25.6,LB	+2.92,+241.2,+25.2,@B	+2.84,+245.9,+25.4,NB	
1701958946.2616632	+6.60,+23.3,+19.3,@A	+3.04,+230.1,+20.0,LB	+6.49,+29.7,+19.9,OA	+2.91,+242.0,+25.5,EB	+2.92,+240.8,+25.2,KB	+2.82,+247.2,+25.4,AB	
1701959008.270959	+6.60,+23.3,+19.3,@A	+3.04,+230.1,+20.0,LB	+6.49,+29.8,+19.9,@A	+2.92,+241.1,+25.6,GB	+2.91,+241.5,+25.2,DB	+2.83,+246.5,+25.4,FB	
1701959070.2804794	+6.60,+23.3,+19.3,@A	+3.04,+230.1,+20.0,LB	+6.49,+29.8,+19.9,@A	+2.92,+241.1,+25.5,DB	+2.91,+241.5,+25.2,DB	+2.84,+245.6,+25.4,AB	
1701959132.288962	+6.60,+23.4,+19.3,GA	+3.04,+230.1,+20.0,LB	+6.49,+29.8,+19.9,@A	+2.91,+241.6,+25.5,@B	+2.92,+241.2,+25.2,@B	+2.84,+245.7,+25.4,@B	
1701959194.298374	+6.60,+23.4,+19.3,GA	+3.04,+230.0,+20.0,MB	+6.49,+29.8,+19.9,@A	+2.92,+241.5,+25.5,@B	+2.92,+241.2,+25.2,@B	+2.84,+245.7,+25.4,@B	
1701959256.3054085	+6.60,+23.3,+19.3,@A	+3.04,+230.1,+20.0,LB	+6.49,+29.8,+19.9,@A	+2.92,+241.5,+25.5,@B	+2.92,+241.1,+25.2,CB	+2.82,+247.2,+25.4,AB	
1701959318.3164966	+6.60,+23.3,+19.3,@A	+3.04,+230.1,+20.0,LB	+6.48,+29.9,+19.9,@A	+2.92,+241.5,+25.5,@B	+2.92,+241.2,+25.2,@B	+2.84,+245.6,+25.4,AB	
1701959380.3240266	+6.60,+23.3,+19.3,@A	+3.04,+230.1,+20.0,LB	+6.49,+29.8,+19.9,@A	+2.93,+240.9,+25.6,OB	+2.91,+241.6,+25.2,GB	+2.83,+246.3,+25.4,@B	
1701959442.3340023	+6.60,+23.4,+19.3,GA	+3.04,+230.1,+20.0,LB	+6.49,+29.8,+19.9,@A	+2.93,+241.0,+25.5,DB	+2.91,+241.5,+25.2,DB	+2.84,+245.7,+25.4,@B	
1701959504.343028	+6.60,+23.3,+19.3,@A	+3.04,+230.0,+20.0,MB	+6.48,+29.9,+19.9,@A	+2.91,+242.0,+25.6,FB	+2.92,+240.9,+25.2,JB	+2.82,+247.1,+25.4,BB	
1701959566.3492303	+6.60,+23.3,+19.3,@A	+3.04,+230.1,+20.0,LB	+6.48,+29.9,+19.9,@A	+2.92,+241.2,+25.5,GB	+2.91,+241.5,+25.2,DB	+2.82,+247.0,+25.4,CB	
1701959628.3593116	+6.60,+23.3,+19.3,@A	+3.04,+230.0,+20.0,MB	+6.48,+30.1,+19.9,@A	+2.91,+241.7,+25.5,AB	+2.92,+241.1,+25.2,CB	+2.82,+247.3,+25.4,@B	
1701959690.3683004	+6.60,+23.3,+19.3,@A	+3.04,+230.0,+20.0,MB	+6.48,+30.1,+19.9,@A	+2.91,+241.9,+25.6,LB	+2.92,+241.0,+25.2,BB	+2.82,+247.1,+25.4,BB	
1701959752.378837	+6.60,+23.3,+19.3,@A	+3.04,+230.1,+20.0,LB	+6.48,+30.1,+19.9,@A	+2.92,+241.5,+25.6,CB	+2.91,+241.4,+25.2,EB	+2.82,+247.2,+25.4,AB	
1701959814.389892	+6.60,+23.2,+19.3,AA	+3.04,+230.0,+20.0,MB	+6.48,+30.2,+19.9,CA	+2.93,+240.7,+25.5,BB	+2.92,+241.1,+25.2,CB	+2.82,+247.2,+25.4,AB	
1701959876.3978634	+6.60,+23.4,+19.3,GA	+3.04,+230.0,+20.0,MB	+6.48,+30.2,+19.9,CA	+2.91,+241.8,+25.5,NB	+2.92,+240.8,+25.2,KB	+2.83,+246.4,+25.4,GB	
1701959938.4089136	+6.60,+23.3,+19.3,@A	+3.04,+230.0,+20.0,MB	+6.48,+30.2,+19.9,CA	+2.91,+241.6,+25.5,@B	+2.91,+241.3,+25.2,BB	+2.82,+247.3,+25.4,@B	
1701960000.4198306	+6.60,+23.3,+19.3,@A	+3.04,+230.0,+20.0,MB	+6.48,+30.3,+19.9,BA	+2.91,+242.0,+25.5,EB	+2.92,+241.0,+25.2,BB	+2.82,+246.9,+25.4,KB	
1701960062.432133	+6.60,+23.3,+19.3,@A	+3.04,+230.0,+20.0,MB	+6.48,+30.3,+19.9,BA	+2.92,+241.3,+25.6,EB	+2.92,+240.8,+25.2,KB	+2.84,+245.8,+25.4,OB	
1701960124.4422786	+6.60,+23.3,+19.3,@A	+3.04,+230.0,+20.0,MB	+6.48,+30.3,+19.9,BA	+2.91,+241.6,+25.5,@B	+2.92,+240.8,+25.2,KB	+2.83,+246.2,+25.3,FB	
1701960186.4526691	+6.60,+23.2,+19.3,AA	+3.04,+230.0,+20.0,MB	+6.48,+30.4,+19.9,EA	+2.91,+241.9,+25.5,OB	+2.91,+241.4,+25.2,EB	+2.82,+247.2,+25.4,AB	
1701960248.4634936	+6.60,+23.3,+19.3,@A	+3.04,+229.9,+20.0,LB	+6.48,+30.3,+19.9,BA	+2.92,+241.5,+25.6,CB	+2.92,+240.7,+25.2,DB	+2.84,+245.7,+25.4,@B	
1701960310.4731073	+6.60,+23.2,+19.3,AA	+3.04,+229.9,+20.0,LB	+6.48,+30.4,+19.9,EA	+2.91,+242.0,+25.5,EB	+2.91,+241.5,+25.2,DB	+2.82,+247.2,+25.3,FB	
1701960372.4830184	+6.60,+23.3,+19.3,@A	+3.04,+229.9,+20.0,LB	+6.48,+30.4,+19.9,EA	+2.90,+242.3,+25.6,DB	+2.92,+241.2,+25.2,@B	+2.82,+247.0,+25.3,DB	
1701960434.4927793	+6.60,+23.3,+19.3,@A	+3.04,+229.9,+20.0,LB	+6.48,+30.4,+19.9,EA	+2.92,+241.1,+25.6,GB	+2.92,+240.8,+25.2,KB	+2.85,+245.6,+25.3,GB	
1701960496.4994094	+6.60,+23.2,+19.3,AA	+3.04,+229.9,+20.0,LB	+6.47,+30.5,+19.9,KA	+2.91,+241.6,+25.5,@B	+2.92,+240.9,+25.2,JB	+2.83,+246.3,+25.4,@B	
1701960558.509488	+6.60,+23.2,+19.3,AA	+3.04,+229.9,+20.0,LB	+6.47,+30.5,+19.9,KA	+2.91,+241.8,+25.6,MB	+2.91,+241.6,+25.2,GB	+2.82,+247.3,+25.4,@B	
1701960620.5200303	+6.60,+23.2,+19.3,AA	+3.04,+229.9,+20.0,LB	+6.47,+30.5,+19.9,KA	+2.91,+242.0,+25.5,EB	+2.92,+241.2,+25.2,@B	+2.82,+246.9,+25.4,KB	
1701960682.5302694	+6.60,+23.2,+19.3,AA	+3.04,+229.9,+20.0,LB	+6.47,+30.6,+19.9,HA	+2.91,+241.6,+25.5,@B	+2.91,+241.6,+25.2,GB	+2.82,+247.0,+25.4,CB	
1701960744.5406132	+6.60,+23.3,+19.3,@A	+3.04,+229.9,+20.0,LB	+6.47,+30.7,+19.9,IA	+2.93,+240.7,+25.6,AB	+2.92,+240.9,+25.2,JB	+2.84,+245.7,+25.3,GB	
1701960806.5499048	+6.60,+23.3,+19.3,@A	+3.04,+229.9,+20.0,LB	+6.47,+30.8,+19.9,FA	+2.92,+241.0,+25.6,FB	+2.92,+240.7,+25.2,DB	+2.84,+245.6,+25.4,AB	
1701960868.5642414	+6.60,+23.2,+19.3,AA	+3.04,+229.9,+20.0,LB	+6.46,+31.1,+19.9,OA	+2.91,+241.8,+25.6,MB	+2.92,+241.2,+25.2,@B	+2.83,+246.7,+25.4,DB	
1701960930.5752249	+6.60,+23.3,+19.3,@A	+3.04,+229.9,+19.9,OB	+6.46,+31.3,+19.9,MA	+2.91,+242.0,+25.6,FB	+2.91,+241.6,+25.2,GB	+2.82,+247.3,+25.4,@B	
1701960992.58427	+6.60,+23.2,+19.3,AA	+3.04,+229.9,+20.0,LB	+6.46,+31.5,+19.9,KA	+2.91,+241.6,+25.6,CB	+2.91,+241.5,+25.2,DB	+2.82,+247.2,+25.4,AB	
1701961054.5966144	+6.60,+23.3,+19.3,@A	+3.04,+229.9,+20.0,LB	+6.46,+31.6,+19.9,HA	+2.91,+241.6,+25.5,@B	+2.91,+241.4,+25.2,EB	+2.82,+247.0,+25.4,CB	
1701961116.6071432	+6.60,+23.3,+19.3,@A	+3.04,+229.9,+20.0,LB	+6.45,+31.7,+19.9,JA	+2.93,+240.8,+25.6,NB	+2.92,+240.8,+25.2,KB	+2.84,+245.7,+25.3,GB	
1701961178.6163719	+6.60,+23.4,+19.3,GA	+3.04,+229.9,+20.0,LB	+6.45,+31.7,+19.9,JA	+2.92,+241.1,+25.5,DB	+2.92,+240.9,+25.2,JB	+2.83,+246.2,+25.3,FB	
1701961240.6248736	+6.60,+23.3,+19.3,@A	+3.04,+229.9,+20.0,LB	+6.45,+31.7,+19.9,JA	+2.93,+240.9,+25.6,OB	+2.93,+240.7,+25.2,EB	+2.84,+245.6,+25.3,FB	
1701961302.6348784	+6.60,+23.2,+19.3,AA	+3.04,+229.9,+20.0,LB	+6.45,+31.7,+19.9,JA	+2.92,+241.6,+25.6,@B	+2.92,+241.2,+25.2,@B	+2.83,+246.3,+25.4,@B	
1701961364.643892	+6.60,+23.3,+19.3,@A	+3.04,+229.9,+20.0,LB	+6.45,+31.8,+19.9,EA	+2.92,+241.4,+25.6,BB	+2.92,+241.1,+25.2,CB	+2.83,+246.7,+25.4,DB	
1701961426.6539664	+6.60,+23.3,+19.3,@A	+3.04,+229.9,+19.9,OB	+6.45,+31.7,+19.9,JA	+2.91,+242.0,+25.6,FB	+2.91,+241.5,+25.2,DB	+2.82,+247.3,+25.4,@B	
1701961488.6638913	+6.60,+23.3,+19.3,@A	+3.04,+229.9,+19.9,OB	+6.45,+31.7,+19.9,JA	+2.91,+241.7,+25.6,BB	+2.92,+241.2,+25.2,@B	+2.82,+247.0,+25.4,CB	
1701961550.6748998	+6.60,+23.2,+19.3,AA	+3.04,+229.8,+20.0,MB	+6.45,+31.8,+19.9,EA	+2.93,+240.8,+25.6,NB	+2.92,+241.1,+25.2,CB	+2.84,+245.9,+25.4,NB	
1701961612.684593	+6.60,+23.3,+19.3,@A	+3.04,+229.9,+20.0,LB	+6.45,+31.8,+19.9,EA	+2.91,+241.8,+25.6,MB	+2.92,+241.2,+25.2,@B	+2.82,+247.2,+25.4,AB	
1701961674.6920655	+6.60,+23.3,+19.3,@A	+3.04,+229.8,+20.0,MB	+6.45,+31.8,+19.9,EA	+2.93,+240.8,+25.6,NB	+2.92,+241.1,+25.2,CB	+2.84,+245.8,+25.4,OB	
1701961736.6994097	+6.60,+23.2,+19.3,AA	+3.04,+229.9,+19.9,OB	+6.45,+31.8,+19.9,EA	+2.92,+241.2,+25.5,GB	+2.91,+241.4,+25.2,EB	+2.83,+246.2,+25.4,AB	
1701961798.7089005	+6.60,+23.3,+19.3,@A	+3.04,+229.9,+20.0,LB	+6.45,+31.8,+19.9,EA	+2.92,+241.4,+25.5,AB	+2.92,+240.7,+25.2,DB	+2.83,+246.3,+25.4,@B	
1701962045.4265373	+6.60,+23.2,+19.3,AA	+3.04,+229.8,+20.0,MB	+6.45,+31.9,+19.9,DA	+2.93,+240.7,+25.6,AB	+2.92,+241.0,+25.2,BB	+2.85,+245.6,+25.4,@B	
1701962107.4344683	+6.60,+23.3,+19.3,@A	+3.04,+229.9,+20.0,LB	+6.45,+31.9,+19.9,DA	+2.93,+240.9,+25.6,OB	+2.91,+241.4,+25.2,EB	+2.84,+246.0,+25.4,DB	
1701962169.4433935	+6.60,+23.3,+19.3,@A	+3.04,+229.9,+20.0,LB	+6.45,+31.8,+19.9,EA	+2.93,+240.9,+25.6,OB	+2.91,+241.3,+25.2,BB	+2.84,+246.0,+25.4,DB	
1701962231.4544275	+6.60,+23.2,+19.3,AA	+3.04,+229.9,+20.0,LB	+6.45,+31.8,+19.9,EA	+2.92,+241.2,+25.5,GB	+2.92,+240.8,+25.2,KB	+2.84,+246.0,+25.4,DB	
1701962293.4637592	+6.60,+23.3,+19.3,@A	+3.04,+229.9,+20.0,LB	+6.45,+31.8,+19.9,EA	+2.93,+240.9,+25.6,OB	+2.91,+241.6,+25.2,GB	+2.83,+246.3,+25.4,@B	
1701962355.4720752	+6.60,+23.4,+19.3,GA	+3.04,+229.9,+19.9,OB	+6.45,+31.8,+19.9,EA	+2.91,+241.7,+25.6,BB	+2.92,+240.7,+25.2,DB	+2.83,+246.8,+25.4,KB	
1701962417.4830246	+6.60,+23.3,+19.3,@A	+3.04,+229.9,+20.0,LB	+6.45,+31.8,+20.0,FA	+2.92,+241.4,+25.6,BB	+2.92,+240.8,+25.2,KB	+2.83,+246.3,+25.4,@B	
1701962479.4919224	+6.60,+23.3,+19.3,@A	+3.04,+229.8,+20.0,MB	+6.45,+31.8,+19.9,EA	+2.93,+240.7,+25.6,AB	+2.91,+241.4,+25.2,EB	+2.84,+245.7,+25.4,@B	
1701962541.4991343	+6.60,+23.3,+19.3,@A	+3.04,+229.9,+19.9,OB	+6.45,+31.9,+19.9,DA	+2.91,+241.7,+25.5,AB	+2.92,+240.8,+25.2,KB	+2.82,+247.1,+25.4,BB	
1701962603.5090826	+6.60,+23.3,+19.4,GA	+3.04,+229.9,+19.9,OB	+6.45,+31.8,+19.9,EA	+2.91,+242.0,+25.5,EB	+2.92,+240.9,+25.2,JB	+2.82,+247.3,+25.4,@B	
1701962665.5186713	+6.60,+23.3,+19.3,@A	+3.04,+229.8,+20.0,MB	+6.45,+31.8,+19.9,EA	+2.91,+242.0,+25.6,FB	+2.92,+240.8,+25.2,KB	+2.82,+247.1,+25.4,BB	
1701962727.5289762	+6.60,+23.2,+19.4,FA	+3.04,+229.8,+20.0,MB	+6.45,+31.8,+19.9,EA	+2.91,+241.7,+25.5,AB	+2.92,+240.8,+25.2,KB	+2.83,+246.2,+25.4,AB	
1701962789.5388832	+6.60,+23.3,+19.4,GA	+3.04,+229.9,+20.0,LB	+6.45,+31.7,+19.9,JA	+2.91,+242.1,+25.5,DB	+2.92,+240.8,+25.2,KB	+2.82,+247.2,+25.4,AB	
1701962851.5436432	+6.60,+23.3,+19.4,GA	+3.04,+229.8,+19.9,NB	+6.45,+31.7,+19.9,JA	+2.91,+242.1,+25.6,GB	+2.92,+240.7,+25.2,DB	+2.82,+247.1,+25.4,BB	
1701962913.5558364	+6.60,+23.3,+19.4,GA	+3.04,+229.9,+20.0,LB	+6.45,+31.8,+19.9,EA	+2.92,+241.1,+25.5,DB	+2.92,+241.3,+25.2,AB	+2.85,+245.6,+25.4,@B	
1701962975.5629284	+6.60,+23.2,+19.3,AA	+3.04,+229.9,+19.9,OB	+6.45,+31.8,+20.0,FA	+2.92,+241.2,+25.6,DB	+2.91,+241.5,+25.2,DB	+2.84,+245.9,+25.4,NB	
1701963037.5734966	+6.60,+23.2,+19.3,AA	+3.04,+229.9,+19.9,OB	+6.45,+31.7,+19.9,JA	+2.91,+242.0,+25.6,FB	+2.92,+241.1,+25.2,CB	+2.83,+246.2,+25.4,AB	
1701963099.5846684	+6.60,+23.4,+19.3,GA	+3.04,+229.9,+19.9,OB	+6.45,+31.8,+19.9,EA	+2.91,+241.8,+25.6,MB	+2.92,+241.2,+25.2,@B	+2.82,+247.1,+25.4,BB	
1701963161.592858	+6.60,+23.3,+19.4,GA	+3.04,+229.9,+19.9,OB	+6.45,+31.7,+19.9,JA	+2.91,+241.6,+25.6,CB	+2.91,+241.4,+25.2,EB	+2.84,+245.9,+25.4,NB	
1701963223.6019268	+6.60,+23.3,+19.3,@A	+3.04,+229.9,+20.0,LB	+6.45,+31.8,+19.9,EA	+2.91,+241.9,+25.6,LB	+2.92,+241.2,+25.2,@B	+2.84,+246.1,+25.4,EB	
1701963285.6102667	+6.60,+23.3,+19.3,@A	+3.04,+229.9,+20.0,LB	+6.45,+31.8,+19.9,EA	+2.90,+242.4,+25.6,CB	+2.92,+240.9,+25.2,JB	+2.82,+247.0,+25.4,CB	
1701963347.6189642	+6.60,+23.2,+19.3,AA	+3.04,+229.9,+20.0,LB	+6.45,+31.8,+19.9,EA	+2.90,+242.4,+25.6,CB	+2.92,+241.1,+25.2,CB	+2.83,+246.7,+25.4,DB	
1701963409.627423	+6.60,+23.2,+19.3,AA	+3.04,+229.9,+19.9,OB	+6.45,+31.8,+19.9,EA	+2.91,+241.9,+25.5,OB	+2.91,+241.4,+25.2,EB	+2.84,+246.1,+25.4,EB	
1701963471.6369903	+6.60,+23.3,+19.3,@A	+3.04,+229.8,+19.9,NB	+6.45,+31.8,+19.9,EA	+2.92,+241.5,+25.6,CB	+2.91,+241.6,+25.2,GB	+2.84,+245.9,+25.3,IB	
1701963533.6468601	+6.60,+23.3,+19.4,GA	+3.04,+229.8,+19.9,NB	+6.45,+31.7,+19.9,JA	+2.90,+242.4,+25.6,CB	+2.92,+240.9,+25.2,JB	+2.82,+247.3,+25.4,@B	
1701963595.6568499	+6.60,+23.3,+19.4,GA	+3.04,+229.9,+20.0,LB	+6.45,+31.7,+20.0,IA	+2.91,+241.7,+25.6,BB	+2.91,+241.3,+25.2,BB	+2.82,+247.2,+25.3,FB	
1701963657.6650717	+6.60,+23.3,+19.4,GA	+3.04,+229.8,+20.0,MB	+6.45,+31.8,+20.0,FA	+2.91,+241.6,+25.6,CB	+2.92,+240.9,+25.2,JB	+2.82,+247.3,+25.4,@B	
1701963719.6724548	+6.60,+23.3,+19.3,@A	+3.04,+229.8,+19.9,NB	+6.45,+31.8,+20.0,FA	+2.91,+242.1,+25.5,DB	+2.92,+240.8,+25.2,KB	+2.81,+247.5,+25.4,EB	
1701963781.6822305	+6.60,+23.3,+19.3,@A	+3.04,+229.8,+19.9,NB	+6.45,+31.7,+19.9,JA	+2.91,+241.9,+25.5,OB	+2.91,+241.6,+25.2,GB	+2.84,+245.9,+25.3,IB	
1701963843.6881251	+6.60,+23.3,+19.4,GA	+3.04,+229.9,+20.0,LB	+6.45,+31.7,+20.0,IA	+2.91,+241.7,+25.6,BB	+2.91,+241.6,+25.2,GB	+2.84,+245.7,+25.4,@B	
1701963905.6971333	+6.60,+23.3,+19.4,GA	+3.04,+229.8,+20.0,MB	+6.45,+31.8,+20.0,FA	+2.90,+242.4,+25.5,@B	+2.92,+240.8,+25.2,KB	+2.82,+247.3,+25.4,@B	
1701963967.703411	+6.60,+23.3,+19.4,GA	+3.04,+229.9,+19.9,OB	+6.45,+31.7,+20.0,IA	+2.91,+241.9,+25.5,OB	+2.91,+241.6,+25.2,GB	+2.84,+245.8,+25.4,OB	
1701964029.711227	+6.60,+23.3,+19.4,GA	+3.04,+229.8,+19.9,NB	+6.45,+31.7,+20.0,IA	+2.92,+241.1,+25.6,GB	+2.91,+241.4,+25.2,EB	+2.84,+245.8,+25.4,OB	
1701964091.7224035	+6.60,+23.2,+19.4,FA	+3.04,+229.8,+19.9,NB	+6.45,+31.8,+19.9,EA	+2.90,+242.5,+25.6,BB	+2.92,+241.3,+25.2,AB	+2.83,+246.8,+25.4,KB	
1701964153.7332773	+6.60,+23.3,+19.3,@A	+3.04,+229.8,+19.9,NB	+6.45,+31.7,+19.9,JA	+2.91,+241.9,+25.6,LB	+2.92,+240.8,+25.2,KB	+2.81,+247.6,+25.4,FB	
1701964215.743194	+6.60,+23.3,+19.4,GA	+3.04,+229.8,+20.0,MB	+6.45,+31.8,+19.9,EA	+2.89,+243.0,+25.5,MB	+2.91,+241.4,+25.2,EB	+2.83,+246.6,+25.4,EB	
1701964277.7513685	+6.60,+23.2,+19.4,FA	+3.04,+229.8,+19.9,NB	+6.45,+31.7,+20.0,IA	+2.89,+242.9,+25.6,FB	+2.92,+241.1,+25.2,CB	+2.82,+247.4,+25.4,GB	
1701964339.7595663	+6.60,+23.3,+19.4,GA	+3.04,+229.8,+19.9,NB	+6.45,+31.9,+20.0,GA	+2.91,+241.9,+25.6,LB	+2.92,+241.2,+25.2,@B	+2.83,+246.2,+25.4,AB	
1701964401.76765	+6.60,+23.2,+19.4,FA	+3.04,+229.8,+19.9,NB	+6.45,+32.0,+19.9,NA	+2.90,+242.5,+25.5,AB	+2.92,+240.9,+25.2,JB	+2.81,+247.7,+25.3,@B	
1701964463.778339	+6.60,+23.2,+19.4,FA	+3.04,+229.8,+19.9,NB	+6.45,+32.0,+20.0,MA	+2.89,+243.1,+25.6,OB	+2.91,+241.3,+25.2,BB	+2.82,+247.0,+25.4,CB	
1701964525.788928	+6.60,+23.3,+19.4,GA	+3.04,+229.8,+19.9,NB	+6.45,+32.0,+19.9,NA	+2.89,+243.1,+25.5,LB	+2.91,+241.6,+25.2,GB	+2.83,+246.5,+25.4,FB	
1701964587.7994463	+6.60,+23.3,+19.4,GA	+3.04,+229.8,+20.0,MB	+6.45,+32.2,+20.0,OA	+2.90,+242.7,+25.5,CB	+2.92,+241.1,+25.2,CB	+2.81,+247.6,+25.4,FB	
1701964649.8079174	+6.60,+23.3,+19.4,GA	+3.04,+229.8,+19.9,NB	+6.45,+32.2,+19.9,LA	+2.89,+242.8,+25.5,DB	+2.92,+241.2,+25.2,@B	+2.81,+247.4,+25.3,CB	
1701964711.8173263	+6.60,+23.3,+19.4,GA	+3.04,+229.8,+19.9,NB	+6.45,+32.1,+19.9,OA	+2.91,+241.8,+25.5,NB	+2.92,+240.8,+25.2,KB	+2.83,+246.6,+25.3,BB	
1701964773.8260598	+6.60,+23.3,+19.4,GA	+3.04,+229.8,+19.9,NB	+6.45,+32.0,+20.0,MA	+2.91,+241.8,+25.5,NB	+2.92,+240.8,+25.2,KB	+2.82,+247.1,+25.4,BB	
1701964835.8320293	+6.60,+23.3,+19.4,GA	+3.04,+229.8,+19.9,NB	+6.45,+32.1,+20.0,LA	+2.91,+242.0,+25.5,EB	+2.92,+240.9,+25.2,JB	+2.83,+246.3,+25.3,GB	
1701964897.8412435	+6.60,+23.3,+19.4,GA	+3.04,+229.8,+19.9,NB	+6.45,+32.1,+19.9,OA	+2.91,+242.0,+25.5,EB	+2.92,+240.9,+25.2,JB	+2.83,+246.4,+25.4,GB	
1701964959.8516264	+6.60,+23.4,+19.4,@A	+3.04,+229.8,+19.9,NB	+6.45,+32.1,+20.0,LA	+2.90,+242.6,+25.5,BB	+2.92,+241.2,+25.2,@B	+2.84,+246.0,+25.3,CB	
1701965021.8605425	+6.60,+23.3,+19.4,GA	+3.04,+229.8,+19.9,NB	+6.45,+32.1,+20.0,LA	+2.91,+241.7,+25.5,AB	+2.92,+240.8,+25.2,KB	+2.82,+247.1,+25.3,EB	
1701965083.8722951	+6.60,+23.3,+19.4,GA	+3.04,+229.8,+19.9,NB	+6.45,+32.2,+20.0,OA	+2.90,+242.4,+25.5,@B	+2.92,+240.9,+25.2,JB	+2.83,+246.2,+25.4,AB	
1701965145.8800883	+6.60,+23.4,+19.4,@A	+3.04,+229.7,+20.0,BB	+6.45,+32.0,+20.0,MA	+2.89,+243.3,+25.5,NB	+2.91,+241.5,+25.2,DB	+2.83,+246.5,+25.4,FB	
1701965207.8889086	+6.60,+23.3,+19.4,GA	+3.04,+229.8,+19.9,NB	+6.45,+32.1,+19.9,OA	+2.90,+242.4,+25.5,@B	+2.92,+240.8,+25.2,KB	+2.83,+246.5,+25.4,FB	
1701965269.8980157	+6.60,+23.3,+19.4,GA	+3.04,+229.7,+20.0,BB	+6.45,+32.0,+19.9,NA	+2.88,+243.5,+25.6,JB	+2.91,+241.6,+25.2,GB	+2.82,+246.8,+25.4,JB	
1701965331.9075868	+6.60,+23.3,+19.4,GA	+3.04,+229.7,+20.0,BB	+6.45,+32.0,+19.9,NA	+2.88,+243.4,+25.5,HB	+2.91,+241.5,+25.2,DB	+2.82,+246.9,+25.4,KB	
1701965393.9144585	+6.60,+23.3,+19.4,GA	+3.04,+229.7,+19.9,AB	+6.45,+32.0,+19.9,NA	+2.90,+242.5,+25.6,BB	+2.92,+240.8,+25.2,KB	+2.83,+246.7,+25.4,DB	
1701965455.9234602	+6.60,+23.3,+19.4,GA	+3.04,+229.7,+19.9,AB	+6.45,+32.1,+20.0,LA	+2.89,+242.9,+25.6,FB	+2.91,+241.5,+25.2,DB	+2.81,+247.8,+25.4,HB	
1701965517.9322867	+6.60,+23.3,+19.4,GA	+3.04,+229.7,+19.9,AB	+6.45,+32.1,+20.0,LA	+2.89,+242.8,+25.5,DB	+2.91,+241.5,+25.2,DB	+2.81,+247.9,+25.4,IB	
1701965579.9418073	+6.60,+23.4,+19.4,@A	+3.04,+229.7,+19.9,AB	+6.45,+32.0,+19.9,NA	+2.88,+243.4,+25.5,HB	+2.91,+241.5,+25.2,DB	+2.82,+247.0,+25.4,CB	
1701965641.951194	+6.60,+23.3,+19.4,GA	+3.04,+229.7,+19.9,AB	+6.45,+31.9,+19.9,DA	+2.89,+243.1,+25.5,LB	+2.91,+241.6,+25.2,GB	+2.81,+247.7,+25.4,GB	
1701965888.7424922	+6.60,+23.3,+19.4,GA	+3.04,+229.7,+19.9,AB	+6.45,+32.0,+20.0,MA	+2.91,+242.1,+25.5,DB	+2.92,+240.8,+25.2,KB	+2.81,+247.7,+25.4,GB	
1701965950.751233	+6.60,+23.3,+19.4,GA	+3.04,+229.7,+19.9,AB	+6.45,+32.0,+20.0,MA	+2.90,+242.3,+25.5,GB	+2.92,+240.7,+25.2,DB	+2.81,+247.6,+25.4,FB	
1701966012.7595327	+6.60,+23.2,+19.4,FA	+3.04,+229.7,+19.9,AB	+6.45,+32.0,+20.0,MA	+2.91,+241.9,+25.5,OB	+2.91,+241.3,+25.2,BB	+2.82,+247.0,+25.4,CB	
1701966074.7687886	+6.60,+23.2,+19.4,FA	+3.04,+229.7,+19.9,AB	+6.45,+31.9,+20.0,GA	+2.91,+242.0,+25.6,FB	+2.91,+241.5,+25.2,DB	+2.83,+246.6,+25.4,EB	
1701966136.7756684	+6.60,+23.3,+19.4,GA	+3.04,+229.7,+19.9,AB	+6.45,+32.0,+20.0,MA	+2.90,+242.7,+25.5,CB	+2.92,+241.2,+25.2,@B	+2.83,+246.5,+25.4,FB	
1701966198.783843	+6.60,+23.3,+19.4,GA	+3.04,+229.7,+19.9,AB	+6.45,+32.0,+20.0,MA	+2.91,+242.0,+25.6,FB	+2.91,+241.4,+25.2,EB	+2.83,+246.6,+25.3,BB	
1701966260.7928274	+6.60,+23.2,+19.4,FA	+3.04,+229.7,+19.9,AB	+6.45,+32.0,+20.0,MA	+2.91,+242.1,+25.5,DB	+2.92,+241.3,+25.2,AB	+2.82,+246.9,+25.4,KB	
1701966322.8007147	+6.60,+23.2,+19.4,FA	+3.04,+229.7,+19.9,AB	+6.45,+32.0,+20.0,MA	+2.89,+242.9,+25.5,EB	+2.91,+241.5,+25.2,DB	+2.84,+246.2,+25.4,FB	
1701966384.8083124	+6.60,+23.3,+19.4,GA	+3.04,+229.7,+19.9,AB	+6.45,+31.9,+20.0,GA	+2.91,+241.9,+25.5,OB	+2.93,+240.7,+25.2,EB	+2.81,+247.7,+25.4,GB	
1701966446.812671	+6.60,+23.3,+19.4,GA	+3.04,+229.7,+19.9,AB	+6.45,+31.9,+20.0,GA	+2.91,+242.0,+25.6,FB	+2.92,+240.8,+25.2,KB	+2.81,+247.8,+25.4,HB	
1701966508.8219748	+6.60,+23.2,+19.4,FA	+3.04,+229.7,+19.9,AB	+6.45,+32.0,+19.9,NA	+2.89,+243.1,+25.5,LB	+2.91,+241.6,+25.2,GB	+2.84,+246.1,+25.4,EB	
1701966570.8308296	+6.60,+23.3,+19.4,GA	+3.04,+229.6,+19.9,@B	+6.45,+31.9,+20.0,GA	+2.89,+243.2,+25.5,OB	+2.91,+241.5,+25.2,DB	+2.83,+246.5,+25.4,FB	
1701966632.8409984	+6.60,+23.3,+19.4,GA	+3.04,+229.7,+19.9,AB	+6.45,+32.0,+20.0,MA	+2.90,+242.2,+25.5,FB	+2.92,+241.0,+25.2,BB	+2.82,+247.1,+25.3,EB	
1701966694.8508537	+6.60,+23.3,+19.4,GA	+3.04,+229.6,+19.9,@B	+6.45,+31.9,+19.9,DA	+2.90,+242.6,+25.5,BB	+2.92,+241.2,+25.2,@B	+2.82,+247.2,+25.4,AB	
1701966756.859395	+6.60,+23.2,+19.4,FA	+3.04,+229.7,+19.9,AB	+6.45,+31.9,+20.0,GA	+2.89,+243.2,+25.6,LB	+2.91,+241.5,+25.2,DB	+2.83,+246.5,+25.4,FB	
1701966818.8675587	+6.60,+23.3,+19.4,GA	+3.04,+229.6,+19.9,@B	+6.45,+31.9,+20.0,GA	+2.91,+242.1,+25.5,DB	+2.92,+240.8,+25.2,KB	+2.81,+247.7,+25.4,GB	
1701966880.8733368	+6.60,+23.2,+19.4,FA	+3.04,+229.6,+19.9,@B	+6.45,+31.9,+20.0,GA	+2.89,+243.3,+25.5,NB	+2.91,+241.5,+25.2,DB	+2.83,+246.2,+25.4,AB	
1701966942.8830624	+6.60,+23.3,+19.4,GA	+3.04,+229.7,+19.9,AB	+6.45,+32.0,+20.0,MA	+2.90,+242.5,+25.5,AB	+2.92,+241.2,+25.2,@B	+2.82,+247.2,+25.4,AB	
1701967004.891818	+6.60,+23.2,+19.4,FA	+3.04,+229.6,+19.9,@B	+6.45,+31.9,+20.0,GA	+2.89,+243.1,+25.6,OB	+2.91,+241.4,+25.2,EB	+2.83,+246.2,+25.4,AB	
1701967066.9005773	+6.60,+23.3,+19.4,GA	+3.04,+229.7,+19.9,AB	+6.45,+31.9,+20.0,GA	+2.91,+242.2,+25.5,GB	+2.92,+240.9,+25.2,JB	+2.82,+247.3,+25.4,@B	
1701967128.9105666	+6.60,+23.3,+19.4,GA	+3.04,+229.6,+19.9,@B	+6.45,+31.9,+20.0,GA	+2.89,+242.8,+25.5,DB	+2.92,+241.1,+25.2,CB	+2.83,+246.5,+25.4,FB	
1701967190.9200175	+6.60,+23.2,+19.4,FA	+3.04,+229.6,+19.9,@B	+6.45,+31.8,+20.0,FA	+2.90,+242.3,+25.5,GB	+2.92,+241.2,+25.2,@B	+2.82,+247.3,+25.4,@B	
1701967252.9248643	+6.60,+23.3,+19.4,GA	+3.04,+229.7,+19.9,AB	+6.45,+31.9,+20.0,GA	+2.91,+242.1,+25.6,GB	+2.92,+240.8,+25.2,KB	+2.84,+246.0,+25.4,DB	
1701967314.9348683	+6.60,+23.2,+19.4,FA	+3.04,+229.6,+19.9,@B	+6.45,+31.8,+20.0,FA	+2.89,+243.2,+25.5,OB	+2.91,+241.5,+25.2,DB	+2.84,+245.9,+25.4,NB	
1701967376.9437041	+6.60,+23.2,+19.4,FA	+3.04,+229.6,+19.9,@B	+6.45,+31.9,+20.0,GA	+2.90,+242.4,+25.6,CB	+2.92,+240.8,+25.2,KB	+2.82,+247.0,+25.3,DB	
1701967438.948591	+6.60,+23.2,+19.4,FA	+3.04,+229.7,+19.9,AB	+6.45,+31.8,+20.0,FA	+2.90,+242.7,+25.5,CB	+2.92,+240.9,+25.2,JB	+2.83,+246.8,+25.4,KB	
1701967500.9565432	+6.60,+23.3,+19.4,GA	+3.04,+229.6,+19.9,@B	+6.45,+31.9,+20.0,GA	+2.90,+242.3,+25.5,GB	+2.92,+240.9,+25.2,JB	+2.81,+247.5,+25.4,EB	
1701967562.9663892	+6.60,+23.3,+19.4,GA	+3.04,+229.6,+19.9,@B	+6.45,+31.8,+20.0,FA	+2.89,+242.8,+25.5,DB	+2.92,+240.8,+25.2,KB	+2.82,+247.0,+25.4,CB	
1701967624.9765468	+6.60,+23.2,+19.4,FA	+3.04,+229.6,+19.9,@B	+6.45,+31.9,+20.0,GA	+2.89,+243.0,+25.5,MB	+2.91,+241.6,+25.2,GB	+2.82,+247.1,+25.4,BB	
1701967686.9850447	+6.60,+23.2,+19.4,FA	+3.04,+229.6,+19.9,@B	+6.45,+31.8,+20.0,FA	+2.90,+242.4,+25.5,@B	+2.92,+241.0,+25.2,BB	+2.81,+247.7,+25.4,GB	
1701967748.9937928	+6.60,+23.2,+19.4,FA	+3.04,+229.6,+19.9,@B	+6.45,+31.9,+20.0,GA	+2.90,+242.6,+25.5,BB	+2.91,+241.6,+25.2,GB	+2.82,+247.1,+25.4,BB	
1701967811.0013323	+6.60,+23.2,+19.4,FA	+3.04,+229.6,+19.9,@B	+6.45,+31.8,+20.0,FA	+2.90,+242.3,+25.5,GB	+2.91,+241.5,+25.2,DB	+2.81,+247.4,+25.4,DB	
1701967873.0092611	+6.60,+23.2,+19.4,FA	+3.04,+229.6,+19.9,@B	+6.45,+31.8,+20.0,FA	+2.90,+242.2,+25.5,FB	+2.92,+241.2,+25.2,@B	+2.81,+247.8,+25.4,HB	
1701967935.0198908	+6.60,+23.3,+19.4,GA	+3.04,+229.6,+19.9,@B	+6.45,+31.9,+20.0,GA	+2.89,+242.9,+25.5,EB	+2.92,+240.8,+25.2,KB	+2.82,+246.9,+25.4,KB	
1701967997.0271792	+6.60,+23.2,+19.4,FA	+3.04,+229.6,+19.9,@B	+6.45,+31.9,+20.0,GA	+2.91,+242.2,+25.6,DB	+2.92,+241.1,+25.2,CB	+2.81,+247.7,+25.4,GB	
1701968059.035999	+6.60,+23.2,+19.4,FA	+3.04,+229.6,+19.9,@B	+6.45,+31.9,+20.0,GA	+2.91,+241.7,+25.6,BB	+2.91,+241.3,+25.2,BB	+2.81,+247.7,+25.4,GB	
1701968121.0469143	+6.60,+23.1,+19.4,EA	+3.04,+229.6,+19.9,@B	+6.45,+31.9,+20.0,GA	+2.91,+241.9,+25.5,OB	+2.91,+241.6,+25.2,GB	+2.82,+247.3,+25.4,@B	
1701968183.054849	+6.60,+23.2,+19.4,FA	+3.04,+229.6,+19.9,@B	+6.45,+31.9,+20.0,GA	+2.90,+242.5,+25.6,BB	+2.91,+241.4,+25.2,EB	+2.83,+246.4,+25.4,GB	
1701968245.0633624	+6.60,+23.2,+19.4,FA	+3.04,+229.7,+19.9,AB	+6.45,+31.9,+20.0,GA	+2.90,+242.4,+25.5,@B	+2.91,+241.4,+25.2,EB	+2.83,+246.4,+25.4,GB	
1701968307.0677717	+6.60,+23.2,+19.4,FA	+3.04,+229.6,+19.9,@B	+6.45,+31.8,+20.0,FA	+2.89,+242.8,+25.6,GB	+2.92,+240.9,+25.2,JB	+2.82,+246.8,+25.4,JB	
1701968369.0732923	+6.60,+23.2,+19.4,FA	+3.04,+229.6,+19.9,@B	+6.45,+31.9,+20.0,GA	+2.90,+242.2,+25.6,EB	+2.91,+241.5,+25.1,GB	+2.83,+246.7,+25.4,DB	
1701968431.0828755	+6.60,+23.1,+19.4,EA	+3.04,+229.6,+19.9,@B	+6.45,+31.8,+20.0,FA	+2.89,+243.2,+25.6,LB	+2.92,+240.8,+25.2,KB	+2.83,+246.4,+25.4,GB	
1701968493.0908573	+6.60,+23.3,+19.4,GA	+3.04,+229.6,+19.9,@B	+6.45,+31.9,+20.0,GA	+2.88,+243.4,+25.6,KB	+2.92,+240.9,+25.2,JB	+2.84,+245.9,+25.4,NB	
1701968555.0992014	+6.60,+23.2,+19.4,FA	+3.04,+229.6,+19.9,@B	+6.45,+31.7,+20.0,IA	+2.90,+242.7,+25.5,CB	+2.92,+241.2,+25.2,@B	+2.81,+247.4,+25.4,DB	
1701968617.1094682	+6.60,+23.2,+19.4,FA	+3.04,+229.6,+19.9,@B	+6.45,+31.8,+20.0,FA	+2.90,+242.5,+25.5,AB	+2.91,+241.3,+25.2,BB	+2.83,+246.6,+25.4,EB	
1701968679.117117	+6.60,+23.3,+19.4,GA	+3.04,+229.7,+19.9,AB	+6.45,+31.9,+20.0,GA	+2.89,+243.3,+25.6,MB	+2.92,+240.8,+25.2,KB	+2.84,+246.1,+25.4,EB	
1701968741.1260297	+6.60,+23.2,+19.4,FA	+3.04,+229.7,+19.9,AB	+6.45,+31.8,+20.0,FA	+2.90,+242.2,+25.5,FB	+2.91,+241.6,+25.2,GB	+2.81,+247.6,+25.3,AB	
1701968803.135758	+6.60,+23.2,+19.4,FA	+3.04,+229.6,+19.9,@B	+6.45,+31.9,+20.0,GA	+2.90,+242.5,+25.5,AB	+2.91,+241.5,+25.2,DB	+2.81,+247.8,+25.4,HB	
1701968865.1442354	+6.60,+23.1,+19.4,EA	+3.04,+229.7,+19.9,AB	+6.45,+31.8,+20.0,FA	+2.90,+242.2,+25.5,FB	+2.91,+241.5,+25.2,DB	+2.81,+247.5,+25.4,EB	
1701968927.15443	+6.60,+23.2,+19.4,FA	+3.04,+229.6,+20.0,CB	+6.45,+31.8,+20.0,FA	+2.89,+243.3,+25.5,NB	+2.92,+240.8,+25.2,KB	+2.83,+246.2,+25.4,AB	
1701968989.164253	+6.60,+23.2,+19.4,FA	+3.04,+229.6,+19.9,@B	+6.45,+31.8,+20.0,FA	+2.88,+243.4,+25.5,HB	+2.92,+241.1,+25.2,CB	+2.82,+247.0,+25.4,CB	
1701969051.173965	+6.60,+23.2,+19.4,FA	+3.04,+229.6,+19.9,@B	+6.45,+31.9,+20.0,GA	+2.90,+242.4,+25.5,@B	+2.91,+241.3,+25.2,BB	+2.82,+247.1,+25.4,BB	
1701969113.1835446	+6.60,+23.2,+19.4,FA	+3.04,+229.6,+19.9,@B	+6.45,+31.9,+20.0,GA	+2.91,+242.2,+25.6,DB	+2.91,+241.3,+25.2,BB	+2.82,+247.2,+25.4,AB	
1701969175.1932075	+6.60,+23.2,+19.4,FA	+3.04,+229.6,+20.0,CB	+6.45,+31.8,+20.0,FA	+2.90,+242.5,+25.5,AB	+2.92,+241.0,+25.2,BB	+2.83,+246.6,+25.4,EB	
1701969237.200811	+6.60,+23.2,+19.4,FA	+3.04,+229.7,+19.9,AB	+6.45,+31.8,+20.0,FA	+2.91,+242.2,+25.6,DB	+2.91,+241.5,+25.2,DB	+2.81,+247.5,+25.3,BB	
1701969299.2114556	+6.60,+23.1,+19.5,DA	+3.04,+229.7,+19.9,AB	+6.45,+31.8,+20.0,FA	+2.90,+242.2,+25.6,EB	+2.91,+241.4,+25.2,EB	+2.82,+247.2,+25.4,AB	
1701969361.2230794	+6.60,+23.2,+19.5,GA	+3.04,+229.7,+19.9,AB	+6.45,+31.7,+20.0,IA	+2.90,+242.3,+25.6,DB	+2.91,+241.5,+25.2,DB	+2.81,+247.4,+25.4,DB	
1701969423.231614	+6.60,+23.2,+19.5,GA	+3.04,+229.7,+19.9,AB	+6.45,+31.8,+20.0,FA	+2.89,+243.2,+25.5,OB	+2.91,+241.5,+25.2,DB	+2.82,+247.2,+25.4,AB	
1701969485.242701	+6.60,+23.2,+19.5,GA	+3.04,+229.7,+20.0,BB	+6.45,+31.8,+20.0,FA	+2.89,+243.2,+25.6,LB	+2.92,+240.9,+25.2,JB	+2.84,+245.9,+25.4,NB	
1701969732.0039978	+6.60,+23.2,+19.5,GA	+3.04,+229.6,+19.9,@B	+6.45,+31.8,+20.0,FA	+2.89,+243.3,+25.6,MB	+2.91,+241.6,+25.2,GB	+2.82,+247.2,+25.4,AB	
1701969794.0150573	+6.60,+23.1,+19.5,DA	+3.04,+229.7,+19.9,AB	+6.45,+31.7,+20.0,IA	+2.90,+242.2,+25.5,FB	+2.92,+241.0,+25.2,BB	+2.82,+246.9,+25.3,LB	
1701969856.0248182	+6.60,+23.2,+19.5,GA	+3.04,+229.6,+20.0,CB	+6.45,+31.8,+20.0,FA	+2.90,+242.3,+25.5,GB	+2.91,+241.5,+25.2,DB	+2.81,+247.9,+25.4,IB	
1701969918.0329895	+6.60,+23.2,+19.5,GA	+3.04,+229.6,+20.0,CB	+6.45,+31.7,+20.0,IA	+2.91,+242.1,+25.5,DB	+2.92,+241.0,+25.2,BB	+2.82,+247.1,+25.4,BB	
1701969980.0409236	+6.60,+23.2,+19.5,GA	+3.04,+229.6,+20.0,CB	+6.45,+31.7,+20.0,IA	+2.89,+243.3,+25.6,MB	+2.91,+241.6,+25.2,GB	+2.82,+247.3,+25.3,GB	
1701970042.0464754	+6.60,+23.2,+19.5,GA	+3.04,+229.6,+19.9,@B	+6.45,+31.7,+20.0,IA	+2.89,+243.0,+25.6,NB	+2.92,+241.2,+25.2,@B	+2.83,+246.4,+25.4,GB	
1701970104.056743	+6.60,+23.2,+19.5,GA	+3.04,+229.6,+19.9,@B	+6.45,+31.7,+20.0,IA	+2.89,+243.3,+25.6,MB	+2.91,+241.4,+25.2,EB	+2.83,+246.6,+25.4,EB	
1701970166.0627553	+6.60,+23.1,+19.5,DA	+3.04,+229.7,+19.9,AB	+6.45,+31.8,+20.0,FA	+2.90,+242.4,+25.5,@B	+2.92,+240.9,+25.2,JB	+2.83,+246.7,+25.4,DB	
1701970228.071903	+6.60,+23.1,+19.5,DA	+3.04,+229.6,+19.9,@B	+6.45,+31.8,+20.0,FA	+2.91,+242.1,+25.6,GB	+2.92,+241.0,+25.2,BB	+2.81,+247.4,+25.4,DB	
1701970290.0802739	+6.60,+23.2,+19.4,FA	+3.04,+229.6,+20.0,CB	+6.45,+31.7,+20.0,IA	+2.89,+243.2,+25.6,LB	+2.91,+241.6,+25.2,GB	+2.81,+247.9,+25.3,NB	
1701970352.0896428	+6.60,+23.1,+19.5,DA	+3.04,+229.6,+19.9,@B	+6.45,+31.7,+20.0,IA	+2.90,+242.4,+25.5,@B	+2.92,+241.0,+25.2,BB	+2.81,+247.4,+25.4,DB	
1701970414.0975554	+6.60,+23.1,+19.5,DA	+3.04,+229.6,+20.0,CB	+6.45,+31.6,+20.0,HA	+2.90,+242.3,+25.5,GB	+2.92,+241.1,+25.2,CB	+2.81,+247.8,+25.4,HB	
1701970476.106258	+6.60,+23.2,+19.4,FA	+3.04,+229.6,+20.0,CB	+6.45,+31.8,+20.0,FA	+2.88,+243.4,+25.6,KB	+2.91,+241.6,+25.2,GB	+2.81,+247.5,+25.4,EB	
1701970538.1162455	+6.60,+23.1,+19.5,DA	+3.04,+229.6,+19.9,@B	+6.45,+31.6,+20.1,IA	+2.90,+242.3,+25.5,GB	+2.92,+241.0,+25.2,BB	+2.83,+246.8,+25.4,KB	
1701970600.122473	+6.60,+23.2,+19.5,GA	+3.04,+229.6,+19.9,@B	+6.45,+31.7,+20.0,IA	+2.89,+243.2,+25.6,LB	+2.91,+241.6,+25.2,GB	+2.83,+246.7,+25.4,DB	
