62309060419	62309060427	62309060471	62309060472	62309060473	62309060475	
1701970662.1579142	+6.60,+23.1,+19.5,DA	+3.04,+229.6,+19.9,@B	+6.45,+31.7,+20.0,IA	+2.90,+242.3,+25.5,GB	+2.92,+240.9,+25.2,JB	+2.82,+247.4,+25.4,GB	
1701970724.1649623	+6.60,+23.2,+19.5,GA	+3.04,+229.6,+20.0,CB	+6.45,+31.7,+20.0,IA	+2.88,+243.8,+25.5,DB	+2.91,+241.7,+25.2,FB	+2.81,+247.8,+25.3,OB	
1701970786.173326	+6.60,+23.2,+19.4,FA	+3.04,+229.6,+19.9,@B	+6.46,+31.6,+20.0,KA	+2.89,+243.0,+25.5,MB	+2.91,+241.6,+25.2,GB	+2.83,+246.7,+25.4,DB	
1701970848.1832602	+6.60,+23.2,+19.5,GA	+3.04,+229.7,+20.0,BB	+6.45,+31.7,+20.0,IA	+2.88,+243.4,+25.5,HB	+2.91,+241.3,+25.2,BB	+2.80,+248.4,+25.3,MB	
1701970910.1898968	+6.60,+23.1,+19.4,EA	+3.04,+229.6,+19.9,@B	+6.46,+31.6,+20.0,KA	+2.89,+243.2,+25.6,LB	+2.92,+241.2,+25.1,CB	+2.80,+248.4,+25.3,MB	
1701970972.2012336	+6.60,+23.2,+19.4,FA	+3.04,+229.6,+20.0,CB	+6.45,+31.6,+20.0,HA	+2.88,+243.8,+25.5,DB	+2.91,+241.7,+25.2,FB	+2.81,+247.7,+25.3,@B	
1701971034.2121782	+6.60,+23.1,+19.4,EA	+3.04,+229.6,+19.9,@B	+6.46,+31.6,+20.0,KA	+2.89,+243.0,+25.5,MB	+2.92,+241.0,+25.2,BB	+2.80,+248.4,+25.3,MB	
1701971096.220112	+6.60,+23.1,+19.4,EA	+3.04,+229.6,+19.9,@B	+6.46,+31.6,+20.0,KA	+2.90,+242.4,+25.5,@B	+2.92,+241.0,+25.2,BB	+2.81,+247.9,+25.4,IB	
1701971158.2320464	+6.60,+23.1,+19.5,DA	+3.04,+229.6,+20.0,CB	+6.46,+31.6,+20.0,KA	+2.89,+243.0,+25.5,MB	+2.92,+241.1,+25.2,CB	+2.80,+248.4,+25.4,JB	
1701971220.2396057	+6.60,+23.2,+19.4,FA	+3.04,+229.6,+20.0,CB	+6.46,+31.6,+20.0,KA	+2.90,+242.2,+25.5,FB	+2.92,+241.1,+25.2,CB	+2.81,+247.4,+25.4,DB	
1701971282.2483394	+6.60,+23.2,+19.5,GA	+3.04,+229.6,+19.9,@B	+6.46,+31.6,+20.0,KA	+2.90,+242.2,+25.5,FB	+2.91,+241.4,+25.2,EB	+2.82,+247.0,+25.4,CB	
1701971344.2550309	+6.60,+23.1,+19.4,EA	+3.04,+229.6,+19.9,@B	+6.45,+31.7,+20.0,IA	+2.89,+243.1,+25.5,LB	+2.92,+241.1,+25.2,CB	+2.80,+248.4,+25.4,JB	
1701971406.2643554	+6.60,+23.1,+19.5,DA	+3.04,+229.6,+19.9,@B	+6.45,+31.7,+20.0,IA	+2.89,+243.3,+25.5,NB	+2.92,+241.1,+25.2,CB	+2.80,+248.4,+25.4,JB	
1701971468.2725453	+6.60,+23.2,+19.4,FA	+3.04,+229.6,+19.9,@B	+6.46,+31.6,+20.0,KA	+2.89,+243.1,+25.6,OB	+2.91,+241.8,+25.2,IB	+2.82,+247.1,+25.4,BB	
1701971530.2832532	+6.60,+23.1,+19.4,EA	+3.04,+229.6,+19.9,@B	+6.46,+31.6,+20.0,KA	+2.89,+242.9,+25.6,FB	+2.92,+241.0,+25.2,BB	+2.80,+248.3,+25.3,JB	
1701971592.2898624	+6.60,+23.2,+19.4,FA	+3.04,+229.6,+20.0,CB	+6.45,+31.7,+20.0,IA	+2.90,+242.2,+25.5,FB	+2.91,+241.7,+25.2,FB	+2.82,+246.9,+25.4,KB	
1701971654.299476	+6.60,+23.0,+19.4,DA	+3.04,+229.6,+20.0,CB	+6.46,+31.6,+20.0,KA	+2.88,+243.4,+25.5,HB	+2.92,+241.2,+25.2,@B	+2.80,+248.5,+25.4,KB	
1701971716.3091304	+6.60,+23.2,+19.4,FA	+3.04,+229.6,+20.0,CB	+6.46,+31.6,+20.0,KA	+2.89,+243.3,+25.6,MB	+2.92,+241.0,+25.2,BB	+2.79,+248.6,+25.3,IB	
1701971778.3136637	+6.60,+23.2,+19.4,FA	+3.04,+229.6,+19.9,@B	+6.45,+31.6,+20.0,HA	+2.90,+242.3,+25.5,GB	+2.91,+241.8,+25.2,IB	+2.82,+247.0,+25.4,CB	
1701971840.3237336	+6.60,+23.2,+19.4,FA	+3.04,+229.6,+19.9,@B	+6.46,+31.6,+20.0,KA	+2.90,+242.5,+25.6,BB	+2.91,+241.9,+25.2,HB	+2.82,+246.9,+25.4,KB	
1701971902.3335793	+6.60,+23.2,+19.4,FA	+3.04,+229.6,+19.9,@B	+6.46,+31.6,+20.0,KA	+2.90,+242.3,+25.5,GB	+2.91,+241.8,+25.2,IB	+2.82,+247.0,+25.4,CB	
1701971964.3420687	+6.60,+23.1,+19.4,EA	+3.04,+229.5,+19.9,CB	+6.45,+31.6,+20.0,HA	+2.88,+243.4,+25.5,HB	+2.92,+241.1,+25.2,CB	+2.80,+248.4,+25.4,JB	
1701972026.35245	+6.60,+23.1,+19.4,EA	+3.05,+229.5,+20.0,AB	+6.46,+31.5,+20.0,HA	+2.90,+242.2,+25.5,FB	+2.91,+241.8,+25.2,IB	+2.82,+247.0,+25.4,CB	
1701972088.3616896	+6.60,+23.1,+19.4,EA	+3.04,+229.6,+19.9,@B	+6.45,+31.7,+20.0,IA	+2.89,+243.1,+25.5,LB	+2.92,+241.2,+25.2,@B	+2.80,+248.3,+25.4,MB	
1701972150.3719118	+6.60,+23.1,+19.4,EA	+3.04,+229.6,+19.9,@B	+6.46,+31.5,+20.0,HA	+2.90,+242.7,+25.6,@B	+2.91,+241.7,+25.2,FB	+2.82,+246.9,+25.3,LB	
1701972212.3804302	+6.60,+23.2,+19.4,FA	+3.04,+229.6,+19.9,@B	+6.46,+31.6,+20.0,KA	+2.90,+242.2,+25.5,FB	+2.91,+241.9,+25.2,HB	+2.82,+247.2,+25.4,AB	
1701972274.3903787	+6.60,+23.1,+19.4,EA	+3.04,+229.6,+19.9,@B	+6.46,+31.5,+20.0,HA	+2.88,+243.4,+25.5,HB	+2.92,+241.1,+25.2,CB	+2.80,+248.3,+25.4,MB	
1701972336.4015093	+6.60,+23.1,+19.4,EA	+3.04,+229.5,+19.9,CB	+6.46,+31.5,+20.0,HA	+2.88,+243.5,+25.5,IB	+2.92,+241.1,+25.2,CB	+2.80,+248.2,+25.4,LB	
1701972398.412217	+6.60,+23.1,+19.4,EA	+3.04,+229.6,+19.9,@B	+6.46,+31.6,+20.0,KA	+2.90,+242.3,+25.6,DB	+2.91,+241.9,+25.2,HB	+2.83,+246.8,+25.4,KB	
1701972460.4221036	+6.60,+23.1,+19.4,EA	+3.04,+229.6,+19.9,@B	+6.46,+31.6,+20.0,KA	+2.89,+242.9,+25.5,EB	+2.91,+241.5,+25.2,DB	+2.82,+247.3,+25.4,@B	
1701972522.4316175	+6.60,+23.1,+19.4,EA	+3.04,+229.6,+19.9,@B	+6.46,+31.5,+20.0,HA	+2.89,+243.1,+25.6,OB	+2.91,+241.4,+25.2,EB	+2.81,+247.4,+25.4,DB	
1701972584.4395561	+6.60,+23.2,+19.4,FA	+3.04,+229.5,+19.9,CB	+6.46,+31.5,+20.0,HA	+2.89,+243.0,+25.6,NB	+2.91,+241.8,+25.2,IB	+2.81,+247.7,+25.4,GB	
1701972646.4482007	+6.60,+23.1,+19.4,EA	+3.04,+229.6,+20.0,CB	+6.46,+31.6,+20.0,KA	+2.88,+243.6,+25.5,JB	+2.92,+241.1,+25.2,CB	+2.80,+248.1,+25.3,HB	
1701972708.4583206	+6.60,+23.1,+19.4,EA	+3.04,+229.6,+19.9,@B	+6.46,+31.6,+20.0,KA	+2.88,+243.6,+25.6,IB	+2.92,+241.1,+25.2,CB	+2.80,+248.1,+25.4,OB	
1701972770.4653513	+6.60,+23.1,+19.4,EA	+3.04,+229.6,+19.9,@B	+6.46,+31.5,+20.0,HA	+2.90,+242.6,+25.6,AB	+2.90,+242.0,+25.2,CB	+2.82,+247.3,+25.3,GB	
1701972832.475943	+6.60,+23.1,+19.4,EA	+3.04,+229.6,+20.0,CB	+6.46,+31.5,+20.0,HA	+2.90,+242.4,+25.6,CB	+2.90,+241.9,+25.2,IB	+2.82,+246.9,+25.4,KB	
1701972894.4855494	+6.60,+23.1,+19.4,EA	+3.04,+229.5,+19.9,CB	+6.46,+31.6,+20.0,KA	+2.90,+242.3,+25.5,GB	+2.90,+242.0,+25.2,CB	+2.82,+247.0,+25.4,CB	
1701972956.4953434	+6.60,+23.1,+19.4,EA	+3.04,+229.6,+20.0,CB	+6.46,+31.5,+20.0,HA	+2.90,+242.6,+25.6,AB	+2.91,+241.4,+25.2,EB	+2.82,+247.1,+25.4,BB	
1701973018.5059326	+6.60,+23.1,+19.4,EA	+3.04,+229.6,+19.9,@B	+6.46,+31.5,+20.0,HA	+2.88,+243.4,+25.6,KB	+2.91,+241.4,+25.2,EB	+2.80,+248.3,+25.3,JB	
1701973080.5116088	+6.60,+23.2,+19.4,FA	+3.04,+229.6,+19.9,@B	+6.46,+31.5,+20.0,HA	+2.89,+243.1,+25.5,LB	+2.91,+241.9,+25.2,HB	+2.81,+247.9,+25.4,IB	
1701973142.5206633	+6.60,+23.1,+19.4,EA	+3.04,+229.6,+19.9,@B	+6.46,+31.5,+20.0,HA	+2.90,+242.3,+25.5,GB	+2.91,+241.6,+25.2,GB	+2.83,+246.6,+25.4,EB	
1701973204.5313098	+6.60,+23.1,+19.4,EA	+3.04,+229.6,+19.9,@B	+6.46,+31.5,+20.0,HA	+2.90,+242.6,+25.6,AB	+2.90,+241.9,+25.2,IB	+2.82,+247.3,+25.4,@B	
1701973266.539322	+6.60,+23.1,+19.4,EA	+3.04,+229.6,+19.9,@B	+6.46,+31.5,+20.0,HA	+2.89,+243.3,+25.6,MB	+2.92,+241.3,+25.2,AB	+2.81,+247.9,+25.4,IB	
1701973328.5460982	+6.60,+23.1,+19.4,EA	+3.04,+229.5,+19.9,CB	+6.46,+31.5,+20.0,HA	+2.89,+243.2,+25.6,LB	+2.90,+241.9,+25.2,IB	+2.80,+248.1,+25.4,OB	
1701973575.271118	+6.60,+23.1,+19.4,EA	+3.04,+229.6,+19.9,@B	+6.46,+31.4,+20.0,IA	+2.89,+243.2,+25.5,OB	+2.92,+241.2,+25.2,@B	+2.80,+248.0,+25.4,NB	
1701973637.2784164	+6.60,+23.1,+19.4,EA	+3.04,+229.5,+19.9,CB	+6.46,+31.4,+20.0,IA	+2.89,+243.1,+25.6,OB	+2.91,+241.3,+25.2,BB	+2.81,+247.7,+25.4,GB	
1701973699.2847717	+6.60,+23.1,+19.4,EA	+3.04,+229.6,+19.9,@B	+6.46,+31.4,+20.0,IA	+2.90,+242.6,+25.5,BB	+2.91,+241.6,+25.2,GB	+2.82,+247.0,+25.4,CB	
1701973761.2947483	+6.60,+23.0,+19.4,DA	+3.04,+229.5,+19.9,CB	+6.46,+31.5,+20.0,HA	+2.88,+243.6,+25.6,IB	+2.91,+241.4,+25.2,EB	+2.80,+248.4,+25.4,JB	
1701973823.3049066	+6.60,+23.1,+19.4,EA	+3.04,+229.6,+19.9,@B	+6.46,+31.5,+20.0,HA	+2.88,+243.4,+25.5,HB	+2.91,+241.3,+25.2,BB	+2.81,+247.9,+25.4,IB	
1701973885.314726	+6.60,+23.1,+19.4,EA	+3.04,+229.6,+19.9,@B	+6.46,+31.5,+20.0,HA	+2.88,+243.4,+25.5,HB	+2.92,+241.3,+25.2,AB	+2.81,+247.9,+25.4,IB	
1701973947.324064	+6.60,+23.0,+19.4,DA	+3.04,+229.5,+19.9,CB	+6.46,+31.4,+20.0,IA	+2.89,+242.9,+25.5,EB	+2.91,+241.7,+25.2,FB	+2.81,+247.9,+25.4,IB	
1701974009.3338277	+6.60,+23.1,+19.4,EA	+3.04,+229.5,+19.9,CB	+6.46,+31.4,+20.0,IA	+2.90,+242.3,+25.5,GB	+2.90,+242.1,+25.2,BB	+2.82,+246.8,+25.4,JB	
1701974071.3431442	+6.60,+23.1,+19.4,EA	+3.04,+229.6,+19.9,@B	+6.46,+31.4,+20.0,IA	+2.90,+242.3,+25.6,DB	+2.90,+242.0,+25.2,CB	+2.82,+246.9,+25.4,KB	
1701974133.3520195	+6.60,+23.1,+19.4,EA	+3.04,+229.6,+20.0,CB	+6.46,+31.4,+20.0,IA	+2.93,+240.8,+25.5,MB	+2.90,+242.1,+25.2,BB	+2.82,+246.8,+25.4,JB	
1701974195.3612473	+6.60,+23.1,+19.4,EA	+3.04,+229.6,+19.9,@B	+6.46,+31.4,+20.0,IA	+2.92,+241.0,+25.6,FB	+2.90,+241.9,+25.2,IB	+2.83,+246.8,+25.4,KB	
1701974257.3721454	+6.60,+23.1,+19.4,EA	+3.04,+229.5,+19.9,CB	+6.46,+31.3,+20.0,NA	+2.91,+241.6,+25.5,@B	+2.91,+241.5,+25.2,DB	+2.81,+247.7,+25.4,GB	
1701974319.381103	+6.60,+23.1,+19.4,EA	+3.04,+229.6,+19.9,@B	+6.46,+31.3,+20.0,NA	+2.91,+242.0,+25.5,EB	+2.92,+241.3,+25.2,AB	+2.80,+248.4,+25.4,JB	
1701974381.3925245	+6.60,+23.1,+19.4,EA	+3.04,+229.6,+19.9,@B	+6.46,+31.3,+20.0,NA	+2.91,+241.7,+25.5,AB	+2.91,+241.6,+25.2,GB	+2.81,+247.7,+25.4,GB	
1701974443.4016016	+6.60,+23.1,+19.4,EA	+3.04,+229.6,+19.9,@B	+6.46,+31.3,+20.0,NA	+2.91,+241.6,+25.6,CB	+2.91,+241.7,+25.2,FB	+2.81,+247.5,+25.4,EB	
1701974505.411399	+6.60,+23.0,+19.4,DA	+3.04,+229.6,+19.9,@B	+6.46,+31.4,+20.0,IA	+2.91,+241.8,+25.5,NB	+2.91,+241.4,+25.2,EB	+2.80,+248.5,+25.3,LB	
1701974567.4194083	+6.60,+23.1,+19.4,EA	+3.04,+229.5,+20.0,@B	+6.46,+31.5,+20.0,HA	+2.91,+241.7,+25.6,BB	+2.91,+241.4,+25.2,EB	+2.80,+248.3,+25.4,MB	
1701974629.4290416	+6.60,+23.0,+19.4,DA	+3.04,+229.6,+20.0,CB	+6.46,+31.4,+20.0,IA	+2.92,+241.6,+25.5,CB	+2.91,+241.4,+25.2,EB	+2.80,+248.2,+25.4,LB	
1701974691.4400063	+6.60,+23.1,+19.4,EA	+3.04,+229.6,+19.9,@B	+6.46,+31.4,+20.0,IA	+2.92,+241.5,+25.5,@B	+2.91,+241.3,+25.2,BB	+2.80,+248.2,+25.4,LB	
1701974753.4500952	+6.60,+23.0,+19.4,DA	+3.04,+229.6,+20.0,CB	+6.46,+31.4,+20.0,IA	+2.92,+241.3,+25.6,EB	+2.91,+241.4,+25.2,EB	+2.80,+248.2,+25.4,LB	
1701974815.4592915	+6.60,+23.0,+19.4,DA	+3.04,+229.6,+19.9,@B	+6.46,+31.3,+20.0,NA	+2.92,+241.2,+25.5,GB	+2.91,+241.5,+25.2,DB	+2.80,+248.0,+25.3,IB	
1701974877.4719005	+6.60,+23.1,+19.4,EA	+3.04,+229.6,+19.9,@B	+6.46,+31.4,+20.0,IA	+2.91,+241.7,+25.5,AB	+2.91,+241.8,+25.2,IB	+2.81,+247.7,+25.4,GB	
1701974939.4785688	+6.60,+23.1,+19.4,EA	+3.04,+229.6,+19.9,@B	+6.46,+31.4,+20.0,IA	+2.92,+241.1,+25.6,GB	+2.90,+242.1,+25.2,BB	+2.82,+246.9,+25.4,KB	
1701975001.4823546	+6.60,+23.0,+19.4,DA	+3.04,+229.5,+19.9,CB	+6.46,+31.4,+20.0,IA	+2.93,+240.6,+25.6,@B	+2.91,+241.7,+25.2,FB	+2.81,+247.4,+25.4,DB	
1701975063.4908934	+6.60,+23.0,+19.3,CA	+3.04,+229.5,+19.9,CB	+6.46,+31.3,+20.0,NA	+2.91,+241.8,+25.5,NB	+2.91,+241.9,+25.2,HB	+2.81,+247.6,+25.4,FB	
1701975125.4946086	+6.60,+23.0,+19.4,DA	+3.04,+229.6,+19.9,@B	+6.46,+31.3,+20.0,NA	+2.93,+240.9,+25.5,LB	+2.90,+242.2,+25.2,AB	+2.82,+246.9,+25.4,KB	
1701975187.5098603	+6.60,+23.0,+19.3,CA	+3.04,+229.6,+19.9,@B	+6.46,+31.3,+20.0,NA	+2.93,+240.6,+25.5,CB	+2.91,+241.9,+25.2,HB	+2.82,+247.3,+25.4,@B	
1701975249.5230904	+6.60,+23.1,+19.4,EA	+3.04,+229.6,+19.9,@B	+6.46,+31.4,+20.0,IA	+2.91,+241.9,+25.5,OB	+2.91,+241.7,+25.2,FB	+2.80,+248.6,+25.4,HB	
1701975311.528568	+6.60,+23.0,+19.4,DA	+3.04,+229.6,+19.9,@B	+6.46,+31.3,+20.0,NA	+2.92,+241.1,+25.5,DB	+2.90,+242.1,+25.2,BB	+2.82,+247.0,+25.4,CB	
1701975373.5390768	+6.60,+23.0,+19.3,CA	+3.04,+229.5,+19.9,CB	+6.46,+31.3,+19.9,MA	+2.91,+241.8,+25.5,NB	+2.90,+242.2,+25.2,AB	+2.82,+247.4,+25.4,GB	
1701975435.552841	+6.60,+23.1,+19.4,EA	+3.04,+229.6,+19.9,@B	+6.46,+31.3,+20.0,NA	+2.92,+241.5,+25.5,@B	+2.91,+241.4,+25.2,EB	+2.80,+248.6,+25.4,HB	
1701975497.5639923	+6.60,+23.0,+19.4,DA	+3.04,+229.6,+19.9,@B	+6.46,+31.2,+20.0,OA	+2.93,+240.8,+25.6,NB	+2.91,+241.5,+25.2,DB	+2.81,+247.7,+25.4,GB	
1701975559.5745337	+6.60,+23.0,+19.4,DA	+3.04,+229.6,+19.9,@B	+6.46,+31.4,+20.0,IA	+2.92,+241.2,+25.6,DB	+2.90,+242.0,+25.2,CB	+2.82,+246.8,+25.4,JB	
1701975621.583969	+6.60,+23.1,+19.4,EA	+3.04,+229.6,+19.9,@B	+6.46,+31.3,+20.0,NA	+2.92,+241.5,+25.5,@B	+2.91,+241.7,+25.2,FB	+2.79,+248.6,+25.4,NB	
1701975683.5946	+6.60,+23.0,+19.4,DA	+3.04,+229.6,+19.9,@B	+6.46,+31.3,+20.0,NA	+2.91,+242.0,+25.6,FB	+2.90,+242.0,+25.2,CB	+2.80,+248.3,+25.4,MB	
1701975745.5993774	+6.60,+23.1,+19.4,EA	+3.04,+229.6,+19.9,@B	+6.46,+31.3,+20.0,NA	+2.92,+241.2,+25.5,GB	+2.91,+241.7,+25.2,FB	+2.80,+248.5,+25.3,LB	
1701975807.610008	+6.60,+23.0,+19.4,DA	+3.04,+229.6,+19.9,@B	+6.46,+31.2,+20.0,OA	+2.91,+241.8,+25.6,MB	+2.90,+242.2,+25.2,AB	+2.82,+247.2,+25.4,AB	
1701975869.6214688	+6.60,+23.0,+19.4,DA	+3.04,+229.6,+19.9,@B	+6.46,+31.3,+20.0,NA	+2.93,+240.9,+25.5,LB	+2.91,+241.4,+25.2,EB	+2.81,+247.7,+25.4,GB	
1701975931.6339185	+6.60,+23.0,+19.4,DA	+3.04,+229.6,+19.9,@B	+6.46,+31.3,+20.0,NA	+2.92,+241.3,+25.5,FB	+2.91,+241.8,+25.2,IB	+2.82,+247.0,+25.4,CB	
1701975993.6442966	+6.60,+23.0,+19.4,DA	+3.04,+229.5,+19.9,CB	+6.46,+31.3,+20.0,NA	+2.93,+240.8,+25.5,MB	+2.91,+241.5,+25.2,DB	+2.81,+247.7,+25.4,GB	
1701976055.6550553	+6.60,+23.0,+19.4,DA	+3.04,+229.5,+19.9,CB	+6.46,+31.3,+20.0,NA	+2.91,+242.0,+25.6,FB	+2.90,+242.3,+25.2,@B	+2.81,+247.7,+25.4,GB	
1701976117.6632307	+6.60,+23.0,+19.4,DA	+3.04,+229.6,+19.9,@B	+6.46,+31.3,+20.0,NA	+2.91,+242.1,+25.6,GB	+2.90,+242.3,+25.2,@B	+2.80,+248.1,+25.4,OB	
1701976179.6728954	+6.60,+23.0,+19.4,DA	+3.04,+229.6,+19.9,@B	+6.46,+31.3,+20.0,NA	+2.91,+241.8,+25.5,NB	+2.90,+242.0,+25.2,CB	+2.82,+247.3,+25.4,@B	
1701976241.6845353	+6.60,+23.1,+19.4,EA	+3.04,+229.5,+19.9,CB	+6.46,+31.2,+19.9,LA	+2.93,+240.7,+25.6,AB	+2.91,+241.5,+25.2,DB	+2.81,+248.0,+25.4,OB	
1701976303.6925607	+6.60,+23.1,+19.4,EA	+3.04,+229.5,+19.9,CB	+6.46,+31.2,+19.9,LA	+2.93,+240.7,+25.6,AB	+2.91,+241.6,+25.2,GB	+2.81,+247.9,+25.4,IB	
1701976365.6996226	+6.60,+23.0,+19.4,DA	+3.04,+229.5,+19.9,CB	+6.46,+31.2,+19.9,LA	+2.91,+242.1,+25.6,GB	+2.90,+242.2,+25.2,AB	+2.81,+247.9,+25.4,IB	
1701976427.7082188	+6.60,+23.0,+19.4,DA	+3.04,+229.6,+19.9,@B	+6.46,+31.3,+20.0,NA	+2.92,+241.4,+25.6,BB	+2.91,+241.7,+25.2,FB	+2.82,+246.9,+25.4,KB	
1701976489.718102	+6.60,+23.1,+19.4,EA	+3.04,+229.5,+19.9,CB	+6.46,+31.2,+20.0,OA	+2.92,+241.2,+25.6,DB	+2.90,+242.2,+25.2,AB	+2.79,+248.6,+25.4,NB	
1701976551.7292407	+6.60,+23.1,+19.4,EA	+3.04,+229.6,+19.9,@B	+6.46,+31.2,+20.0,OA	+2.91,+242.0,+25.6,FB	+2.90,+242.3,+25.2,@B	+2.81,+247.9,+25.4,IB	
1701976613.7414138	+6.60,+23.1,+19.4,EA	+3.04,+229.6,+19.9,@B	+6.46,+31.2,+19.9,LA	+2.93,+240.8,+25.6,NB	+2.91,+241.7,+25.2,FB	+2.80,+248.1,+25.4,OB	
1701976675.7519598	+6.60,+23.0,+19.4,DA	+3.04,+229.5,+19.9,CB	+6.46,+31.2,+20.0,OA	+2.91,+241.8,+25.5,NB	+2.90,+242.3,+25.2,@B	+2.80,+248.0,+25.4,NB	
1701976737.7598698	+6.60,+23.1,+19.4,EA	+3.04,+229.5,+19.9,CB	+6.46,+31.2,+20.0,OA	+2.92,+241.5,+25.5,@B	+2.91,+241.6,+25.2,GB	+2.82,+246.9,+25.4,KB	
1701976799.7706609	+6.60,+23.1,+19.4,EA	+3.04,+229.6,+19.9,@B	+6.46,+31.2,+20.0,OA	+2.93,+240.6,+25.5,CB	+2.91,+241.8,+25.2,IB	+2.80,+248.3,+25.4,MB	
1701976861.78144	+6.60,+23.1,+19.4,EA	+3.04,+229.5,+19.9,CB	+6.46,+31.1,+20.0,LA	+2.93,+240.9,+25.5,LB	+2.91,+241.6,+25.2,GB	+2.81,+247.5,+25.4,EB	
1701976923.7925017	+6.60,+23.1,+19.4,EA	+3.05,+229.5,+19.9,BB	+6.46,+31.2,+19.9,LA	+2.92,+241.0,+25.5,EB	+2.90,+242.2,+25.2,AB	+2.79,+248.8,+25.4,@B	
1701976985.802615	+6.60,+23.2,+19.4,FA	+3.04,+229.6,+19.9,@B	+6.46,+31.2,+20.0,OA	+2.93,+240.7,+25.5,BB	+2.91,+241.8,+25.2,IB	+2.80,+248.0,+25.4,NB	
1701977047.8131745	+6.60,+23.1,+19.4,EA	+3.05,+229.5,+19.9,BB	+6.46,+31.2,+19.9,LA	+2.91,+242.0,+25.5,EB	+2.90,+242.1,+25.2,BB	+2.80,+248.1,+25.4,OB	
1701977109.8216403	+6.60,+23.1,+19.4,EA	+3.05,+229.5,+19.9,BB	+6.46,+31.2,+19.9,LA	+2.91,+242.0,+25.6,FB	+2.91,+241.9,+25.2,HB	+2.81,+247.7,+25.3,@B	
1701977171.834049	+6.60,+23.1,+19.4,EA	+3.04,+229.5,+19.9,CB	+6.46,+31.2,+20.0,OA	+2.91,+241.7,+25.5,AB	+2.91,+241.6,+25.2,GB	+2.82,+247.1,+25.4,BB	
1701977418.5449214	+6.60,+23.2,+19.4,FA	+3.05,+229.4,+19.9,CB	+6.46,+31.2,+20.0,OA	+2.93,+240.9,+25.6,OB	+2.90,+242.0,+25.2,CB	+2.81,+247.6,+25.4,FB	
1701977480.5531108	+6.60,+23.2,+19.4,FA	+3.05,+229.5,+19.9,BB	+6.46,+31.1,+20.0,LA	+2.92,+241.4,+25.5,AB	+2.91,+241.6,+25.2,GB	+2.82,+247.0,+25.4,CB	
1701977542.56247	+6.60,+23.1,+19.4,EA	+3.05,+229.5,+19.9,BB	+6.46,+31.2,+20.0,OA	+2.91,+241.9,+25.5,OB	+2.91,+241.7,+25.2,FB	+2.81,+247.4,+25.4,DB	
1701977604.5707028	+6.60,+23.1,+19.4,EA	+3.05,+229.5,+19.9,BB	+6.46,+31.2,+20.0,OA	+2.92,+241.6,+25.5,CB	+2.90,+242.0,+25.2,CB	+2.81,+247.8,+25.4,HB	
1701977666.5817232	+6.60,+23.2,+19.3,AA	+3.05,+229.5,+19.9,BB	+6.46,+31.2,+20.0,OA	+2.91,+241.7,+25.6,BB	+2.91,+241.5,+25.2,DB	+2.82,+246.9,+25.4,KB	
1701977728.5916383	+6.60,+23.1,+19.4,EA	+3.04,+229.5,+19.9,CB	+6.46,+31.2,+19.9,LA	+2.93,+240.6,+25.6,@B	+2.90,+242.4,+25.2,GB	+2.79,+248.6,+25.4,NB	
1701977790.6015482	+6.60,+23.1,+19.4,EA	+3.05,+229.5,+19.9,BB	+6.46,+31.2,+19.9,LA	+2.92,+241.2,+25.5,GB	+2.90,+242.1,+25.2,BB	+2.80,+248.4,+25.4,JB	
1701977852.6094415	+6.60,+23.1,+19.4,EA	+3.05,+229.5,+19.9,BB	+6.46,+31.2,+20.0,OA	+2.93,+240.8,+25.6,NB	+2.90,+242.4,+25.2,GB	+2.79,+248.9,+25.4,AB	
1701977914.61989	+6.60,+23.1,+19.4,EA	+3.05,+229.5,+19.9,BB	+6.46,+31.2,+20.0,OA	+2.92,+241.3,+25.6,EB	+2.90,+242.0,+25.2,CB	+2.81,+247.6,+25.4,FB	
1701977976.6317868	+6.60,+23.1,+19.4,EA	+3.05,+229.5,+19.9,BB	+6.46,+31.3,+19.9,MA	+2.93,+240.9,+25.6,OB	+2.90,+242.4,+25.2,GB	+2.80,+248.4,+25.4,JB	
1701978038.6406388	+6.60,+23.2,+19.4,FA	+3.05,+229.5,+19.9,BB	+6.46,+31.1,+19.9,OA	+2.91,+242.1,+25.6,GB	+2.91,+241.8,+25.2,IB	+2.81,+247.5,+25.4,EB	
1701978100.64918	+6.60,+23.1,+19.4,EA	+3.05,+229.5,+19.9,BB	+6.46,+31.2,+19.9,LA	+2.92,+241.5,+25.5,@B	+2.90,+242.0,+25.2,CB	+2.81,+247.5,+25.4,EB	
1701978162.6522355	+6.60,+23.1,+19.4,EA	+3.05,+229.5,+19.9,BB	+6.46,+31.2,+19.9,LA	+2.91,+241.6,+25.6,CB	+2.90,+242.0,+25.2,CB	+2.82,+247.3,+25.4,@B	
1701978224.663578	+6.60,+23.2,+19.4,FA	+3.05,+229.5,+19.9,BB	+6.46,+31.1,+20.0,LA	+2.91,+242.0,+25.5,EB	+2.91,+241.7,+25.2,FB	+2.82,+247.1,+25.4,BB	
1701978286.6709397	+6.60,+23.1,+19.4,EA	+3.05,+229.4,+19.9,CB	+6.46,+31.2,+20.0,OA	+2.91,+242.0,+25.5,EB	+2.91,+241.7,+25.2,FB	+2.82,+247.0,+25.4,CB	
1701978348.6814826	+6.60,+23.1,+19.3,BA	+3.05,+229.5,+19.9,BB	+6.46,+31.2,+19.9,LA	+2.91,+241.7,+25.6,BB	+2.91,+241.6,+25.2,GB	+2.81,+247.5,+25.4,EB	
1701978410.6931243	+6.60,+23.2,+19.3,AA	+3.05,+229.5,+19.9,BB	+6.46,+31.3,+19.9,MA	+2.91,+241.8,+25.5,NB	+2.91,+241.8,+25.2,IB	+2.82,+246.8,+25.4,JB	
1701978472.7014122	+6.60,+23.1,+19.4,EA	+3.05,+229.5,+19.9,BB	+6.46,+31.2,+20.0,OA	+2.91,+241.7,+25.5,AB	+2.91,+241.8,+25.2,IB	+2.82,+246.9,+25.4,KB	
1701978534.7109296	+6.60,+23.1,+19.4,EA	+3.04,+229.5,+19.9,CB	+6.46,+31.1,+20.0,LA	+2.92,+241.3,+25.6,EB	+2.91,+241.6,+25.2,GB	+2.81,+247.6,+25.4,FB	
1701978596.71952	+6.60,+23.1,+19.4,EA	+3.04,+229.5,+19.9,CB	+6.46,+31.2,+20.0,OA	+2.94,+240.3,+25.6,BB	+2.90,+242.2,+25.2,AB	+2.80,+248.6,+25.4,HB	
1701978658.7306452	+6.60,+23.1,+19.4,EA	+3.05,+229.5,+19.9,BB	+6.46,+31.2,+20.0,OA	+2.93,+240.5,+25.5,@B	+2.90,+242.3,+25.2,@B	+2.80,+248.4,+25.4,JB	
1701978720.7411966	+6.60,+23.1,+19.4,EA	+3.05,+229.5,+19.9,BB	+6.46,+31.2,+20.0,OA	+2.92,+241.1,+25.5,DB	+2.91,+241.7,+25.2,FB	+2.81,+247.9,+25.4,IB	
1701978782.7494476	+6.60,+23.0,+19.4,DA	+3.05,+229.5,+19.9,BB	+6.46,+31.2,+20.0,OA	+2.91,+241.7,+25.5,AB	+2.90,+242.1,+25.2,BB	+2.82,+246.8,+25.4,JB	
1701978844.7578716	+6.60,+23.0,+19.4,DA	+3.05,+229.5,+19.9,BB	+6.46,+31.1,+20.0,LA	+2.92,+241.2,+25.6,DB	+2.90,+242.5,+25.2,FB	+2.81,+247.6,+25.4,FB	
1701978906.7662451	+6.60,+23.0,+19.4,DA	+3.05,+229.5,+19.9,BB	+6.46,+31.2,+20.0,OA	+2.93,+240.7,+25.6,AB	+2.90,+241.9,+25.2,IB	+2.80,+248.5,+25.4,KB	
1701978968.770773	+6.60,+23.0,+19.4,DA	+3.05,+229.5,+19.9,BB	+6.46,+31.2,+20.0,OA	+2.93,+240.9,+25.5,LB	+2.90,+242.3,+25.2,@B	+2.80,+248.0,+25.4,NB	
1701979030.7770493	+6.60,+23.0,+19.4,DA	+3.05,+229.4,+19.9,CB	+6.46,+31.2,+20.0,OA	+2.93,+240.8,+25.5,MB	+2.91,+241.7,+25.2,FB	+2.80,+248.2,+25.4,LB	
1701979092.794352	+6.60,+23.1,+19.4,EA	+3.04,+229.5,+19.9,CB	+6.46,+31.2,+20.0,OA	+2.91,+241.8,+25.5,NB	+2.90,+242.1,+25.2,BB	+2.82,+246.9,+25.4,KB	
1701979154.8055568	+6.60,+23.1,+19.4,EA	+3.04,+229.5,+19.9,CB	+6.46,+31.3,+20.0,NA	+2.91,+241.9,+25.6,LB	+2.90,+242.2,+25.2,AB	+2.83,+246.7,+25.4,DB	
1701979216.816735	+6.60,+23.0,+19.4,DA	+3.05,+229.5,+19.9,BB	+6.46,+31.3,+20.0,NA	+2.91,+241.8,+25.6,MB	+2.90,+242.2,+25.2,AB	+2.83,+246.7,+25.3,CB	
1701979278.8279085	+6.60,+23.0,+19.4,DA	+3.04,+229.5,+19.9,CB	+6.46,+31.2,+20.0,OA	+2.93,+240.6,+25.5,CB	+2.90,+242.1,+25.2,BB	+2.80,+248.2,+25.4,LB	
1701979340.8470006	+6.60,+23.0,+19.4,DA	+3.05,+229.5,+19.9,BB	+6.46,+31.2,+20.0,OA	+2.92,+241.6,+25.6,@B	+2.90,+242.2,+25.2,AB	+2.83,+246.6,+25.4,EB	
1701979402.8665605	+6.60,+23.0,+19.3,CA	+3.04,+229.5,+19.9,CB	+6.46,+31.1,+20.0,LA	+2.93,+241.0,+25.6,GB	+2.91,+241.8,+25.2,IB	+2.82,+247.4,+25.4,GB	
1701979464.8868606	+6.60,+23.0,+19.4,DA	+3.05,+229.4,+19.9,CB	+6.46,+31.2,+20.0,OA	+2.92,+241.3,+25.6,EB	+2.90,+242.0,+25.2,CB	+2.82,+247.2,+25.4,AB	
1701979526.895641	+6.60,+23.0,+19.4,DA	+3.05,+229.5,+19.9,BB	+6.46,+31.2,+20.0,OA	+2.92,+241.2,+25.6,DB	+2.90,+242.1,+25.2,BB	+2.82,+247.0,+25.4,CB	
1701979588.9041407	+6.60,+23.0,+19.4,DA	+3.05,+229.5,+19.9,BB	+6.46,+31.2,+20.0,OA	+2.93,+240.8,+25.6,NB	+2.90,+242.1,+25.2,BB	+2.80,+248.1,+25.4,OB	
1701979650.9240005	+6.60,+23.1,+19.4,EA	+3.05,+229.5,+19.9,BB	+6.46,+31.2,+20.0,OA	+2.93,+240.7,+25.5,BB	+2.91,+241.8,+25.2,IB	+2.80,+248.0,+25.4,NB	
1701979712.932791	+6.60,+22.9,+19.4,LA	+3.05,+229.5,+19.9,BB	+6.46,+31.2,+20.0,OA	+2.92,+241.5,+25.6,CB	+2.90,+242.5,+25.2,FB	+2.81,+247.5,+25.4,EB	
1701979774.954638	+6.60,+23.0,+19.4,DA	+3.04,+229.5,+19.9,CB	+6.46,+31.1,+20.0,LA	+2.91,+241.6,+25.6,CB	+2.89,+242.5,+25.2,NB	+2.82,+247.3,+25.4,@B	
1701979836.976132	+6.60,+23.0,+19.4,DA	+3.05,+229.5,+19.9,BB	+6.46,+31.1,+20.0,LA	+2.93,+240.7,+25.6,AB	+2.91,+241.9,+25.2,HB	+2.79,+248.8,+25.4,@B	
1701979898.9980626	+6.60,+23.0,+19.4,DA	+3.04,+229.5,+19.9,CB	+6.46,+31.1,+20.0,LA	+2.93,+240.7,+25.5,BB	+2.90,+242.0,+25.2,CB	+2.80,+248.1,+25.4,OB	
1701979961.0032675	+6.60,+23.0,+19.4,DA	+3.05,+229.5,+19.9,BB	+6.46,+31.1,+20.0,LA	+2.92,+241.1,+25.5,DB	+2.90,+242.2,+25.2,AB	+2.81,+247.9,+25.4,IB	
1701980023.0117533	+6.60,+23.1,+19.4,EA	+3.05,+229.5,+19.9,BB	+6.46,+31.1,+20.0,LA	+2.93,+240.5,+25.5,@B	+2.91,+241.8,+25.2,IB	+2.79,+249.0,+25.4,IB	
1701980085.0209193	+6.60,+23.0,+19.4,DA	+3.05,+229.5,+19.9,BB	+6.46,+31.2,+20.0,OA	+2.91,+241.8,+25.5,NB	+2.90,+242.5,+25.2,FB	+2.81,+247.6,+25.4,FB	
1701980147.0380511	+6.60,+23.0,+19.4,DA	+3.05,+229.5,+19.9,BB	+6.46,+31.1,+20.0,LA	+2.93,+240.8,+25.6,NB	+2.90,+242.0,+25.2,CB	+2.80,+248.5,+25.3,LB	
1701980209.0426803	+6.60,+23.0,+19.4,DA	+3.05,+229.5,+19.9,BB	+6.46,+31.1,+20.0,LA	+2.91,+241.9,+25.5,OB	+2.90,+242.3,+25.2,@B	+2.81,+247.7,+25.4,GB	
1701980271.0599756	+6.60,+23.0,+19.4,DA	+3.04,+229.5,+19.9,CB	+6.46,+31.1,+20.0,LA	+2.91,+241.7,+25.6,BB	+2.89,+242.6,+25.2,MB	+2.82,+247.1,+25.4,BB	
1701980333.0646722	+6.60,+22.9,+19.4,LA	+3.05,+229.4,+19.9,CB	+6.46,+31.1,+20.0,LA	+2.92,+241.2,+25.5,GB	+2.90,+242.4,+25.2,GB	+2.81,+247.7,+25.4,GB	
1701980395.0814981	+6.60,+23.0,+19.4,DA	+3.05,+229.5,+19.9,BB	+6.46,+31.1,+20.0,LA	+2.91,+242.0,+25.6,FB	+2.90,+242.3,+25.2,@B	+2.81,+247.5,+25.4,EB	
1701980457.1002629	+6.60,+23.0,+19.4,DA	+3.04,+229.5,+19.9,CB	+6.46,+31.1,+20.0,LA	+2.93,+240.8,+25.5,MB	+2.90,+242.0,+25.2,CB	+2.79,+248.8,+25.4,@B	
1701980519.1169353	+6.60,+23.0,+19.4,DA	+3.05,+229.5,+19.9,BB	+6.46,+31.1,+20.0,LA	+2.93,+240.7,+25.5,BB	+2.90,+242.2,+25.2,AB	+2.80,+248.4,+25.4,JB	
1701980581.139951	+6.60,+23.0,+19.4,DA	+3.04,+229.5,+19.9,CB	+6.46,+31.1,+20.0,LA	+2.91,+241.8,+25.6,MB	+2.89,+242.5,+25.2,NB	+2.82,+247.3,+25.4,@B	
1701980643.1615262	+6.60,+23.0,+19.4,DA	+3.05,+229.5,+19.9,BB	+6.46,+31.1,+20.0,LA	+2.92,+241.5,+25.5,@B	+2.91,+241.9,+25.2,HB	+2.79,+248.6,+25.4,NB	
1701980705.1882474	+6.60,+23.0,+19.4,DA	+3.05,+229.5,+19.9,BB	+6.46,+31.1,+20.0,LA	+2.92,+241.3,+25.6,EB	+2.91,+241.9,+25.2,HB	+2.78,+249.2,+25.3,MB	
1701980767.202408	+6.60,+23.0,+19.4,DA	+3.04,+229.5,+19.9,CB	+6.46,+31.1,+20.0,LA	+2.91,+241.7,+25.5,AB	+2.89,+242.7,+25.2,LB	+2.81,+247.7,+25.4,GB	
1701980829.2097182	+6.60,+23.0,+19.4,DA	+3.05,+229.5,+19.9,BB	+6.47,+31.0,+20.0,LA	+2.92,+241.4,+25.5,AB	+2.89,+242.7,+25.2,LB	+2.81,+247.9,+25.4,IB	
1701980891.216353	+6.60,+23.0,+19.4,DA	+3.05,+229.5,+19.9,BB	+6.46,+31.1,+20.0,LA	+2.91,+242.1,+25.6,GB	+2.90,+242.1,+25.2,BB	+2.80,+248.2,+25.4,LB	
1701980953.2356975	+6.60,+23.0,+19.4,DA	+3.04,+229.6,+19.9,@B	+6.46,+31.1,+20.0,LA	+2.92,+241.4,+25.6,BB	+2.90,+242.0,+25.2,CB	+2.78,+249.4,+25.3,KB	
1701981015.2516232	+6.60,+23.1,+19.4,EA	+3.04,+229.5,+19.9,CB	+6.46,+31.1,+20.0,LA	+2.91,+241.9,+25.6,LB	+2.90,+241.9,+25.2,IB	+2.79,+248.7,+25.4,OB	
1701981261.9985425	+6.60,+23.0,+19.4,DA	+3.05,+229.5,+19.9,BB	+6.47,+31.0,+20.0,LA	+2.92,+241.3,+25.5,FB	+2.90,+242.0,+25.2,CB	+2.79,+249.0,+25.4,IB	
1701981324.0036075	+6.60,+23.0,+19.4,DA	+3.05,+229.5,+19.9,BB	+6.46,+31.1,+20.0,LA	+2.92,+241.3,+25.5,FB	+2.90,+242.0,+25.2,CB	+2.79,+249.0,+25.4,IB	
1701981386.0217712	+6.60,+23.0,+19.4,DA	+3.05,+229.4,+19.9,CB	+6.47,+31.0,+20.0,LA	+2.92,+241.2,+25.6,DB	+2.90,+242.0,+25.2,CB	+2.79,+248.8,+25.4,@B	
1701981448.0468202	+6.60,+23.0,+19.4,DA	+3.05,+229.5,+19.9,BB	+6.46,+31.1,+20.0,LA	+2.93,+240.8,+25.5,MB	+2.90,+242.1,+25.2,BB	+2.81,+247.6,+25.4,FB	
1701981510.0645378	+6.60,+23.0,+19.4,DA	+3.05,+229.4,+19.9,CB	+6.47,+31.0,+20.0,LA	+2.91,+242.1,+25.6,GB	+2.89,+242.8,+25.2,CB	+2.80,+248.3,+25.4,MB	
1701981572.0817485	+6.60,+23.0,+19.4,DA	+3.05,+229.4,+19.9,CB	+6.47,+31.0,+20.0,LA	+2.91,+242.1,+25.6,GB	+2.89,+242.8,+25.2,CB	+2.80,+248.4,+25.3,MB	
1701981634.0996194	+6.60,+23.0,+19.4,DA	+3.05,+229.4,+19.9,CB	+6.47,+31.0,+20.0,LA	+2.92,+241.4,+25.6,BB	+2.90,+242.3,+25.2,@B	+2.81,+247.6,+25.4,FB	
1701981696.116841	+6.60,+23.0,+19.4,DA	+3.05,+229.4,+19.9,CB	+6.47,+31.0,+20.0,LA	+2.92,+241.6,+25.5,CB	+2.90,+242.4,+25.2,GB	+2.81,+247.7,+25.4,GB	
1701981758.1322138	+6.60,+23.0,+19.4,DA	+3.05,+229.4,+19.9,CB	+6.47,+31.0,+20.0,LA	+2.91,+241.9,+25.6,LB	+2.89,+242.5,+25.2,NB	+2.81,+247.9,+25.4,IB	
1701981820.1429155	+6.60,+23.0,+19.3,CA	+3.05,+229.4,+19.9,CB	+6.46,+31.1,+20.0,LA	+2.92,+241.6,+25.6,@B	+2.89,+242.6,+25.2,MB	+2.78,+249.7,+25.4,OB	
1701981882.161887	+6.60,+22.9,+19.3,KA	+3.05,+229.5,+19.9,BB	+6.46,+31.1,+20.0,LA	+2.91,+242.0,+25.6,FB	+2.89,+242.6,+25.2,MB	+2.80,+248.2,+25.4,LB	
1701981944.168727	+6.60,+23.0,+19.3,CA	+3.05,+229.5,+19.9,BB	+6.46,+31.1,+20.0,LA	+2.91,+242.1,+25.6,GB	+2.89,+242.6,+25.2,MB	+2.80,+248.4,+25.4,JB	
1701982006.1843874	+6.60,+23.0,+19.3,CA	+3.05,+229.5,+19.9,BB	+6.47,+31.0,+19.9,OA	+2.92,+241.4,+25.6,BB	+2.90,+242.0,+25.2,CB	+2.80,+248.0,+25.4,NB	
1701982068.2019336	+6.60,+22.9,+19.4,LA	+3.05,+229.4,+19.9,CB	+6.47,+31.0,+20.0,LA	+2.92,+241.4,+25.6,BB	+2.89,+242.6,+25.2,MB	+2.78,+249.5,+25.4,MB	
1701982130.2068894	+6.60,+23.0,+19.3,CA	+3.05,+229.4,+19.9,CB	+6.47,+31.0,+20.0,LA	+2.91,+242.1,+25.6,GB	+2.89,+242.6,+25.2,MB	+2.80,+248.3,+25.4,MB	
1701982192.226772	+6.60,+23.0,+19.4,DA	+3.05,+229.4,+19.9,CB	+6.47,+31.0,+20.0,LA	+2.91,+242.1,+25.5,DB	+2.89,+242.7,+25.2,LB	+2.79,+248.6,+25.4,NB	
1701982254.245064	+6.60,+22.9,+19.4,LA	+3.05,+229.5,+19.9,BB	+6.47,+31.0,+20.0,LA	+2.93,+240.9,+25.5,LB	+2.90,+242.2,+25.2,AB	+2.80,+248.5,+25.4,KB	
1701982316.256855	+6.60,+23.0,+19.4,DA	+3.05,+229.5,+19.9,BB	+6.46,+31.1,+19.9,OA	+2.93,+241.0,+25.5,DB	+2.90,+242.2,+25.2,AB	+2.80,+248.2,+25.4,LB	
1701982378.2738013	+6.60,+23.0,+19.4,DA	+3.05,+229.5,+19.9,BB	+6.47,+31.0,+20.0,LA	+2.91,+242.2,+25.5,GB	+2.89,+242.6,+25.2,MB	+2.80,+248.3,+25.4,MB	
1701982440.2885785	+6.61,+22.9,+19.4,MA	+3.05,+229.4,+19.9,CB	+6.47,+31.0,+20.0,LA	+2.92,+241.2,+25.6,DB	+2.89,+242.7,+25.2,LB	+2.79,+249.1,+25.4,HB	
1701982502.3127239	+6.60,+23.0,+19.4,DA	+3.05,+229.5,+19.9,BB	+6.47,+31.0,+19.9,OA	+2.92,+241.3,+25.5,FB	+2.90,+242.2,+25.2,AB	+2.80,+248.1,+25.4,OB	
1701982564.3271618	+6.60,+23.0,+19.3,CA	+3.05,+229.4,+19.9,CB	+6.47,+30.9,+19.9,GA	+2.91,+241.7,+25.6,BB	+2.90,+242.1,+25.2,BB	+2.81,+247.6,+25.3,AB	
1701982626.3415363	+6.60,+23.0,+19.3,CA	+3.05,+229.4,+19.9,CB	+6.47,+31.0,+19.9,OA	+2.90,+242.3,+25.5,GB	+2.90,+242.3,+25.2,@B	+2.81,+247.8,+25.4,HB	
1701982688.3491747	+6.60,+22.9,+19.3,KA	+3.05,+229.4,+19.9,CB	+6.47,+31.0,+19.9,OA	+2.91,+241.8,+25.6,MB	+2.89,+242.9,+25.2,BB	+2.78,+249.2,+25.4,JB	
1701982750.3641684	+6.60,+22.9,+19.3,KA	+3.05,+229.4,+19.9,CB	+6.47,+31.0,+19.9,OA	+2.90,+242.3,+25.5,GB	+2.89,+242.6,+25.2,MB	+2.80,+248.5,+25.4,KB	
1701982812.375829	+6.60,+22.9,+19.3,KA	+3.05,+229.4,+19.9,CB	+6.47,+31.0,+19.9,OA	+2.90,+242.3,+25.5,GB	+2.89,+242.6,+25.2,MB	+2.79,+248.6,+25.4,NB	
1701982874.4003253	+6.60,+22.9,+19.3,KA	+3.05,+229.5,+19.9,BB	+6.47,+31.0,+19.9,OA	+2.92,+241.5,+25.5,@B	+2.90,+242.3,+25.2,@B	+2.80,+248.1,+25.4,OB	
1701982936.4168053	+6.61,+22.8,+19.3,KA	+3.05,+229.4,+19.9,CB	+6.47,+31.0,+19.9,OA	+2.92,+241.1,+25.6,GB	+2.89,+242.5,+25.2,NB	+2.80,+248.3,+25.4,MB	
1701982998.4319024	+6.60,+22.9,+19.3,KA	+3.05,+229.5,+19.9,BB	+6.47,+30.9,+19.9,GA	+2.91,+242.0,+25.5,EB	+2.89,+242.6,+25.2,MB	+2.79,+248.8,+25.4,@B	
1701983060.4527209	+6.60,+22.9,+19.3,KA	+3.05,+229.5,+19.9,BB	+6.47,+31.0,+19.9,OA	+2.90,+242.2,+25.6,EB	+2.90,+242.4,+25.2,GB	+2.80,+248.3,+25.4,MB	
1701983122.4728098	+6.60,+22.9,+19.3,KA	+3.05,+229.4,+19.9,CB	+6.47,+30.9,+19.9,GA	+2.92,+241.6,+25.5,CB	+2.90,+242.4,+25.2,GB	+2.81,+247.6,+25.4,FB	
1701983184.4869263	+6.60,+22.9,+19.3,KA	+3.05,+229.4,+19.9,CB	+6.47,+30.9,+19.9,GA	+2.91,+241.7,+25.5,AB	+2.90,+242.3,+25.2,@B	+2.81,+247.5,+25.4,EB	
1701983246.5086753	+6.60,+22.9,+19.3,KA	+3.05,+229.4,+19.9,CB	+6.47,+31.0,+19.9,OA	+2.92,+241.3,+25.5,FB	+2.89,+242.8,+25.2,CB	+2.79,+249.1,+25.4,HB	
1701983308.5236201	+6.61,+22.9,+19.3,JA	+3.05,+229.4,+19.9,CB	+6.47,+30.9,+19.9,GA	+2.93,+240.8,+25.6,NB	+2.89,+243.0,+25.2,JB	+2.79,+248.7,+25.4,OB	
1701983370.5420845	+6.60,+22.9,+19.3,KA	+3.05,+229.4,+19.9,CB	+6.47,+31.0,+19.9,OA	+2.91,+242.1,+25.6,GB	+2.90,+242.3,+25.2,@B	+2.80,+248.1,+25.4,OB	
1701983432.5612764	+6.61,+22.8,+19.3,KA	+3.05,+229.4,+19.9,CB	+6.47,+31.0,+19.9,OA	+2.91,+241.8,+25.6,MB	+2.89,+242.5,+25.2,NB	+2.81,+247.8,+25.3,OB	
1701983494.5777068	+6.61,+22.8,+19.3,KA	+3.05,+229.5,+19.9,BB	+6.47,+30.9,+19.9,GA	+2.92,+241.4,+25.6,BB	+2.89,+242.8,+25.2,CB	+2.78,+249.3,+25.4,KB	
1701983556.5964875	+6.61,+22.8,+19.3,KA	+3.05,+229.4,+19.9,CB	+6.47,+31.0,+19.9,OA	+2.91,+242.1,+25.6,GB	+2.90,+242.4,+25.2,GB	+2.81,+247.8,+25.4,HB	
1701983618.6163204	+6.61,+22.9,+19.3,JA	+3.05,+229.5,+19.9,BB	+6.47,+31.0,+19.9,OA	+2.92,+241.1,+25.5,DB	+2.88,+243.1,+25.2,JB	+2.79,+248.9,+25.3,FB	
1701983680.6364222	+6.61,+22.8,+19.3,KA	+3.05,+229.5,+19.9,BB	+6.47,+30.9,+19.9,GA	+2.91,+241.7,+25.6,BB	+2.89,+242.7,+25.2,LB	+2.79,+249.1,+25.4,HB	
1701983742.6504848	+6.60,+22.9,+19.3,KA	+3.05,+229.4,+19.9,CB	+6.47,+30.9,+19.9,GA	+2.90,+242.3,+25.5,GB	+2.90,+242.5,+25.2,FB	+2.81,+247.7,+25.3,@B	
1701983804.6698163	+6.61,+22.8,+19.3,KA	+3.05,+229.4,+19.9,CB	+6.47,+30.9,+19.9,GA	+2.91,+241.6,+25.5,@B	+2.89,+242.9,+25.2,BB	+2.80,+248.3,+25.4,MB	
1701983866.6903217	+6.60,+22.9,+19.3,KA	+3.05,+229.4,+19.9,CB	+6.47,+31.0,+19.9,OA	+2.92,+241.5,+25.5,@B	+2.89,+242.6,+25.2,MB	+2.78,+249.2,+25.4,JB	
1701983928.7035801	+6.60,+22.9,+19.3,KA	+3.05,+229.4,+19.9,CB	+6.47,+31.0,+19.9,OA	+2.93,+241.0,+25.6,GB	+2.89,+242.9,+25.2,BB	+2.78,+249.5,+25.3,JB	
1701983990.715919	+6.60,+22.9,+19.3,KA	+3.05,+229.4,+19.9,CB	+6.47,+31.0,+19.9,OA	+2.92,+241.1,+25.6,GB	+2.88,+243.1,+25.2,JB	+2.78,+249.1,+25.4,IB	
1701984052.727494	+6.60,+22.9,+19.3,KA	+3.05,+229.4,+19.9,CB	+6.47,+31.0,+19.9,OA	+2.91,+242.0,+25.5,EB	+2.90,+242.4,+25.2,GB	+2.80,+248.3,+25.4,MB	
1701984114.741956	+6.60,+22.9,+19.3,KA	+3.05,+229.4,+19.9,CB	+6.47,+30.8,+19.9,FA	+2.92,+241.4,+25.6,BB	+2.88,+243.1,+25.2,JB	+2.80,+248.4,+25.4,JB	
1701984176.7498703	+6.61,+22.8,+19.3,KA	+3.04,+229.5,+19.9,CB	+6.47,+30.9,+19.9,GA	+2.91,+242.0,+25.6,FB	+2.89,+242.9,+25.2,BB	+2.81,+247.6,+25.4,FB	
1701984238.7627966	+6.61,+22.9,+19.3,JA	+3.05,+229.5,+19.9,BB	+6.47,+30.9,+19.9,GA	+2.91,+241.8,+25.6,MB	+2.89,+243.1,+25.2,KB	+2.81,+247.9,+25.4,IB	
1701984300.7730901	+6.60,+22.9,+19.3,KA	+3.05,+229.5,+19.9,BB	+6.47,+30.9,+19.9,GA	+2.91,+242.0,+25.6,FB	+2.90,+242.4,+25.2,GB	+2.80,+248.3,+25.4,MB	
1701984362.7933836	+6.60,+22.9,+19.3,KA	+3.05,+229.5,+19.9,BB	+6.47,+30.9,+19.9,GA	+2.93,+241.0,+25.5,DB	+2.89,+242.7,+25.2,LB	+2.78,+249.4,+25.4,LB	
1701984424.8016703	+6.61,+22.9,+19.3,JA	+3.04,+229.5,+19.9,CB	+6.47,+30.9,+19.9,GA	+2.91,+242.0,+25.6,FB	+2.89,+242.5,+25.2,NB	+2.80,+248.2,+25.3,KB	
1701984486.812989	+6.60,+22.9,+19.3,KA	+3.05,+229.5,+19.9,BB	+6.47,+30.9,+19.9,GA	+2.91,+242.0,+25.5,EB	+2.88,+243.1,+25.2,JB	+2.80,+248.1,+25.4,OB	
1701984548.8183975	+6.60,+22.9,+19.3,KA	+3.05,+229.4,+19.9,CB	+6.47,+30.9,+19.9,GA	+2.91,+242.0,+25.5,EB	+2.88,+243.2,+25.2,IB	+2.80,+248.2,+25.4,LB	
1701984610.823982	+6.61,+22.9,+19.3,JA	+3.05,+229.5,+19.9,BB	+6.47,+30.8,+19.9,FA	+2.91,+242.2,+25.6,DB	+2.88,+243.2,+25.2,IB	+2.80,+248.0,+25.4,NB	
1701984672.8426385	+6.60,+22.9,+19.3,KA	+3.05,+229.4,+19.9,CB	+6.47,+30.9,+19.9,GA	+2.91,+241.7,+25.6,BB	+2.89,+242.6,+25.2,MB	+2.79,+248.7,+25.4,OB	
1701984734.8585572	+6.61,+22.9,+19.3,JA	+3.05,+229.4,+19.9,CB	+6.47,+30.8,+19.9,FA	+2.91,+241.8,+25.6,MB	+2.88,+243.2,+25.2,IB	+2.80,+248.3,+25.4,MB	
1701984796.8708472	+6.60,+22.9,+19.3,KA	+3.05,+229.4,+19.9,CB	+6.47,+30.8,+19.9,FA	+2.92,+241.2,+25.5,GB	+2.89,+242.9,+25.2,BB	+2.78,+249.2,+25.4,JB	
1701984858.894561	+6.61,+22.9,+19.3,JA	+3.05,+229.4,+19.9,CB	+6.47,+30.9,+19.9,GA	+2.91,+242.1,+25.6,GB	+2.89,+242.9,+25.2,BB	+2.80,+248.0,+25.4,NB	
1701985105.622207	+6.60,+22.9,+19.3,KA	+3.05,+229.4,+19.9,CB	+6.47,+30.9,+19.9,GA	+2.90,+242.3,+25.6,DB	+2.89,+242.7,+25.2,LB	+2.79,+249.1,+25.4,HB	
1701985167.6289968	+6.60,+22.9,+19.3,KA	+3.04,+229.5,+19.9,CB	+6.47,+30.9,+19.9,GA	+2.92,+241.3,+25.5,FB	+2.88,+243.1,+25.2,JB	+2.80,+248.3,+25.4,MB	
1701985229.6422975	+6.60,+22.9,+19.3,KA	+3.05,+229.4,+19.9,CB	+6.47,+30.8,+19.9,FA	+2.93,+240.9,+25.5,LB	+2.88,+243.3,+25.2,HB	+2.81,+247.7,+25.4,GB	
1701985291.6542838	+6.61,+22.8,+19.3,KA	+3.05,+229.4,+19.9,CB	+6.47,+30.8,+19.9,FA	+2.92,+241.6,+25.6,@B	+2.89,+242.9,+25.2,BB	+2.80,+248.2,+25.4,LB	
1701985353.6589422	+6.61,+22.8,+19.3,KA	+3.05,+229.5,+19.9,BB	+6.47,+30.8,+19.9,FA	+2.92,+241.4,+25.6,BB	+2.89,+243.0,+25.2,JB	+2.79,+249.0,+25.4,IB	
1701985415.6715498	+6.60,+22.9,+19.3,KA	+3.05,+229.4,+19.9,CB	+6.47,+30.9,+19.9,GA	+2.90,+242.2,+25.5,FB	+2.89,+242.6,+25.2,MB	+2.78,+249.2,+25.4,JB	
1701985477.6988096	+6.60,+22.9,+19.3,KA	+3.05,+229.4,+19.9,CB	+6.47,+30.8,+19.9,FA	+2.91,+242.2,+25.6,DB	+2.89,+242.5,+25.2,NB	+2.78,+249.5,+25.4,MB	
1701985539.7142332	+6.61,+22.8,+19.3,KA	+3.05,+229.4,+19.9,CB	+6.47,+30.9,+19.9,GA	+2.91,+241.8,+25.6,MB	+2.89,+243.0,+25.2,JB	+2.79,+248.6,+25.4,NB	
1701985601.7231457	+6.60,+22.9,+19.3,KA	+3.05,+229.4,+19.9,CB	+6.47,+30.8,+19.9,FA	+2.92,+241.1,+25.6,GB	+2.88,+243.4,+25.2,OB	+2.81,+247.7,+25.4,GB	
1701985663.7435372	+6.60,+22.9,+19.3,KA	+3.05,+229.4,+19.9,CB	+6.47,+30.9,+19.9,GA	+2.92,+241.2,+25.6,DB	+2.89,+242.5,+25.2,NB	+2.81,+247.8,+25.4,HB	
1701985725.7624865	+6.60,+22.9,+19.3,KA	+3.05,+229.4,+19.9,CB	+6.47,+30.8,+19.9,FA	+2.92,+241.5,+25.6,CB	+2.89,+242.6,+25.2,MB	+2.81,+247.9,+25.4,IB	
1701985787.787881	+6.60,+22.9,+19.3,KA	+3.05,+229.4,+19.9,CB	+6.47,+30.9,+19.9,GA	+2.92,+241.1,+25.6,GB	+2.89,+242.8,+25.2,CB	+2.80,+248.2,+25.4,LB	
1701985849.798422	+6.60,+23.0,+19.3,CA	+3.05,+229.4,+19.9,CB	+6.47,+30.8,+19.9,FA	+2.92,+241.0,+25.6,FB	+2.89,+242.6,+25.2,MB	+2.81,+247.7,+25.4,GB	
1701985911.8095944	+6.60,+22.9,+19.3,KA	+3.05,+229.4,+19.9,CB	+6.47,+30.8,+19.8,GA	+2.92,+241.6,+25.6,@B	+2.89,+242.6,+25.2,MB	+2.80,+248.0,+25.4,NB	
1701985973.821235	+6.60,+22.9,+19.3,KA	+3.05,+229.4,+19.9,CB	+6.47,+30.8,+19.9,FA	+2.93,+241.0,+25.5,DB	+2.89,+242.8,+25.2,CB	+2.81,+247.9,+25.4,IB	
1701986035.847183	+6.61,+22.9,+19.3,JA	+3.05,+229.4,+19.9,CB	+6.47,+30.8,+19.9,FA	+2.91,+241.9,+25.5,OB	+2.88,+243.4,+25.2,OB	+2.79,+248.9,+25.4,AB	
1701986097.8654926	+6.60,+22.9,+19.3,KA	+3.05,+229.4,+19.9,CB	+6.47,+30.8,+19.9,FA	+2.90,+242.2,+25.6,EB	+2.89,+242.8,+25.2,CB	+2.80,+248.4,+25.4,JB	
1701986159.8851845	+6.60,+22.9,+19.3,KA	+3.05,+229.4,+19.9,CB	+6.47,+30.8,+19.9,FA	+2.91,+241.8,+25.6,MB	+2.88,+243.4,+25.2,OB	+2.79,+248.9,+25.4,AB	
1701986221.9050975	+6.61,+22.8,+19.3,KA	+3.05,+229.4,+19.9,CB	+6.47,+30.9,+19.9,GA	+2.90,+242.2,+25.5,FB	+2.89,+242.9,+25.2,BB	+2.79,+248.7,+25.4,OB	
1701986283.9138706	+6.61,+22.8,+19.3,KA	+3.05,+229.4,+19.9,CB	+6.47,+30.8,+19.9,FA	+2.90,+242.2,+25.6,EB	+2.88,+243.2,+25.2,IB	+2.78,+249.2,+25.4,JB	
1701986345.9237852	+6.60,+22.9,+19.3,KA	+3.05,+229.4,+19.9,CB	+6.47,+30.8,+19.9,FA	+2.92,+241.2,+25.6,DB	+2.88,+243.2,+25.2,IB	+2.80,+248.3,+25.4,MB	
1701986407.9323184	+6.60,+22.9,+19.3,KA	+3.05,+229.4,+19.9,CB	+6.47,+30.8,+19.9,FA	+2.90,+242.4,+25.6,CB	+2.89,+242.8,+25.2,CB	+2.79,+248.9,+25.4,AB	
1701986469.9384158	+6.60,+22.9,+19.3,KA	+3.05,+229.4,+19.8,BB	+6.47,+30.8,+19.9,FA	+2.92,+241.3,+25.5,FB	+2.88,+243.1,+25.2,JB	+2.80,+248.1,+25.3,HB	
1701986531.94884	+6.61,+22.8,+19.3,KA	+3.05,+229.4,+19.9,CB	+6.47,+30.8,+19.8,GA	+2.90,+242.5,+25.5,AB	+2.88,+243.1,+25.2,JB	+2.78,+249.5,+25.4,MB	
1701986593.9569151	+6.60,+22.9,+19.3,KA	+3.05,+229.4,+19.9,CB	+6.47,+30.7,+19.9,IA	+2.91,+241.9,+25.6,LB	+2.89,+242.8,+25.2,CB	+2.80,+248.1,+25.4,OB	
1701986655.9773817	+6.61,+22.8,+19.3,KA	+3.05,+229.4,+19.8,BB	+6.47,+30.8,+19.9,FA	+2.90,+242.5,+25.6,BB	+2.89,+242.7,+25.2,LB	+2.79,+248.8,+25.4,@B	
1701986717.997955	+6.61,+22.8,+19.3,KA	+3.05,+229.4,+19.9,CB	+6.47,+30.8,+19.9,FA	+2.90,+242.5,+25.5,AB	+2.89,+243.0,+25.2,JB	+2.78,+249.4,+25.4,LB	
1701986780.0203106	+6.61,+22.9,+19.3,JA	+3.05,+229.4,+19.9,CB	+6.47,+30.8,+19.9,FA	+2.92,+241.4,+25.6,BB	+2.88,+243.5,+25.2,NB	+2.79,+248.6,+25.4,NB	
1701986842.0398424	+6.61,+22.8,+19.2,JA	+3.05,+229.3,+19.8,EB	+6.47,+30.8,+19.9,FA	+2.91,+242.2,+25.6,DB	+2.88,+243.2,+25.2,IB	+2.78,+249.6,+25.4,NB	
1701986904.0561848	+6.61,+22.8,+19.3,KA	+3.05,+229.3,+19.9,DB	+6.47,+30.8,+19.9,FA	+2.92,+241.6,+25.6,@B	+2.89,+243.1,+25.2,KB	+2.81,+247.9,+25.4,IB	
1701986966.0727515	+6.61,+22.8,+19.3,KA	+3.05,+229.4,+19.9,CB	+6.47,+30.8,+19.9,FA	+2.91,+242.1,+25.6,GB	+2.89,+242.7,+25.2,LB	+2.80,+248.3,+25.4,MB	
1701987028.0846229	+6.60,+22.9,+19.3,KA	+3.05,+229.4,+19.8,BB	+6.47,+30.8,+19.9,FA	+2.90,+242.5,+25.6,BB	+2.89,+242.7,+25.2,LB	+2.79,+248.6,+25.4,NB	
1701987090.100005	+6.60,+22.9,+19.3,KA	+3.05,+229.3,+19.9,DB	+6.47,+30.8,+19.9,FA	+2.90,+242.3,+25.6,DB	+2.89,+242.8,+25.2,CB	+2.80,+248.4,+25.4,JB	
1701987152.118236	+6.60,+22.9,+19.3,KA	+3.05,+229.4,+19.8,BB	+6.47,+30.8,+19.9,FA	+2.91,+241.7,+25.6,BB	+2.88,+243.2,+25.2,IB	+2.81,+247.8,+25.4,HB	
1701987214.123758	+6.61,+22.9,+19.2,KA	+3.05,+229.4,+19.8,BB	+6.47,+30.8,+19.8,GA	+2.91,+241.7,+25.6,BB	+2.88,+243.3,+25.2,HB	+2.81,+247.8,+25.4,HB	
1701987276.142008	+6.60,+22.9,+19.3,KA	+3.05,+229.4,+19.9,CB	+6.47,+30.8,+19.9,FA	+2.91,+241.7,+25.6,BB	+2.88,+243.2,+25.2,IB	+2.81,+248.0,+25.4,OB	
1701987338.1679134	+6.60,+22.9,+19.2,JA	+3.05,+229.3,+19.8,EB	+6.47,+30.8,+19.8,GA	+2.92,+241.4,+25.5,AB	+2.88,+243.3,+25.2,HB	+2.78,+249.3,+25.4,KB	
1701987400.1946673	+6.61,+22.9,+19.3,JA	+3.05,+229.3,+19.9,DB	+6.47,+30.9,+19.9,GA	+2.91,+241.8,+25.6,MB	+2.88,+243.2,+25.2,IB	+2.78,+249.6,+25.4,NB	
1701987462.2131793	+6.61,+22.8,+19.2,JA	+3.05,+229.3,+19.8,EB	+6.47,+30.8,+19.9,FA	+2.91,+241.7,+25.6,BB	+2.88,+243.5,+25.2,NB	+2.80,+248.2,+25.4,LB	
1701987524.2303736	+6.60,+22.9,+19.2,JA	+3.05,+229.4,+19.9,CB	+6.47,+30.8,+19.8,GA	+2.90,+242.5,+25.5,AB	+2.89,+243.0,+25.2,JB	+2.80,+248.5,+25.4,KB	
1701987586.2469838	+6.61,+22.8,+19.2,JA	+3.05,+229.4,+19.8,BB	+6.47,+30.7,+19.8,HA	+2.92,+241.5,+25.5,@B	+2.88,+243.3,+25.2,HB	+2.78,+249.5,+25.4,MB	
1701987648.2637339	+6.61,+22.9,+19.3,JA	+3.05,+229.4,+19.8,BB	+6.47,+30.8,+19.8,GA	+2.90,+242.6,+25.6,AB	+2.89,+242.8,+25.2,CB	+2.78,+249.7,+25.4,OB	
1701987710.279612	+6.60,+22.9,+19.2,JA	+3.05,+229.3,+19.8,EB	+6.47,+30.8,+19.8,GA	+2.90,+242.6,+25.5,BB	+2.88,+243.1,+25.2,JB	+2.79,+248.7,+25.4,OB	
1701987772.2942123	+6.61,+22.8,+19.2,JA	+3.05,+229.4,+19.9,CB	+6.47,+30.8,+19.8,GA	+2.92,+241.5,+25.5,@B	+2.88,+243.4,+25.2,OB	+2.78,+249.2,+25.4,JB	
1701987834.308212	+6.60,+22.9,+19.2,JA	+3.05,+229.4,+19.9,CB	+6.47,+30.7,+19.8,HA	+2.91,+242.2,+25.6,DB	+2.89,+242.8,+25.2,CB	+2.78,+249.7,+25.4,OB	
1701987896.3277822	+6.61,+22.8,+19.2,JA	+3.05,+229.4,+19.8,BB	+6.47,+30.7,+19.8,HA	+2.92,+241.5,+25.5,@B	+2.88,+243.5,+25.2,NB	+2.79,+248.7,+25.4,OB	
1701987958.3434389	+6.61,+22.8,+19.3,KA	+3.05,+229.4,+19.9,CB	+6.47,+30.7,+19.8,HA	+2.91,+242.0,+25.6,FB	+2.88,+243.6,+25.2,MB	+2.80,+248.1,+25.4,OB	
1701988020.3576658	+6.61,+22.8,+19.2,JA	+3.05,+229.3,+19.8,EB	+6.47,+30.7,+19.8,HA	+2.90,+242.6,+25.6,AB	+2.88,+243.4,+25.2,OB	+2.80,+248.4,+25.4,JB	
1701988082.3717089	+6.61,+22.8,+19.2,JA	+3.05,+229.4,+19.8,BB	+6.47,+30.7,+19.8,HA	+2.91,+241.9,+25.5,OB	+2.88,+243.6,+25.2,MB	+2.80,+248.4,+25.4,JB	
1701988144.3862376	+6.61,+22.8,+19.3,KA	+3.05,+229.4,+19.8,BB	+6.47,+30.8,+19.8,GA	+2.90,+242.3,+25.5,GB	+2.89,+243.0,+25.2,JB	+2.78,+249.5,+25.4,MB	
1701988206.400252	+6.61,+22.8,+19.2,JA	+3.05,+229.4,+19.8,BB	+6.47,+30.8,+19.8,GA	+2.90,+242.6,+25.6,AB	+2.88,+243.3,+25.2,HB	+2.79,+248.9,+25.4,AB	
1701988268.4087734	+6.61,+22.8,+19.2,JA	+3.05,+229.4,+19.8,BB	+6.47,+30.8,+19.8,GA	+2.90,+242.2,+25.6,EB	+2.87,+243.7,+25.2,CB	+2.80,+248.4,+25.4,JB	
1701988330.415667	+6.61,+22.9,+19.2,KA	+3.05,+229.3,+19.8,EB	+6.47,+30.7,+19.8,HA	+2.91,+241.6,+25.6,CB	+2.89,+242.9,+25.2,BB	+2.77,+250.1,+25.4,NB	
1701988392.4298844	+6.61,+22.8,+19.2,JA	+3.05,+229.3,+19.8,EB	+6.47,+30.7,+19.8,HA	+2.91,+241.9,+25.6,LB	+2.87,+243.7,+25.2,CB	+2.79,+248.6,+25.4,NB	
1701988454.4431744	+6.61,+22.8,+19.2,JA	+3.05,+229.4,+19.8,BB	+6.47,+30.7,+19.8,HA	+2.91,+242.0,+25.6,FB	+2.89,+242.9,+25.2,BB	+2.77,+250.1,+25.4,NB	
1701988516.4565027	+6.61,+22.8,+19.2,JA	+3.05,+229.3,+19.8,EB	+6.47,+30.8,+19.8,GA	+2.91,+241.9,+25.6,LB	+2.88,+243.6,+25.2,MB	+2.79,+248.6,+25.4,NB	
1701988578.4702775	+6.61,+22.8,+19.2,JA	+3.05,+229.3,+19.8,EB	+6.47,+30.7,+19.8,HA	+2.90,+242.7,+25.5,CB	+2.88,+243.7,+25.2,LB	+2.79,+248.7,+25.4,OB	
1701988640.4978268	+6.61,+22.7,+19.2,EA	+3.05,+229.3,+19.9,DB	+6.47,+30.8,+19.8,GA	+2.91,+242.0,+25.5,EB	+2.88,+243.4,+25.2,OB	+2.79,+248.8,+25.4,@B	
1701988702.5111625	+6.61,+22.8,+19.2,JA	+3.05,+229.3,+19.8,EB	+6.47,+30.8,+19.8,GA	+2.92,+241.4,+25.6,BB	+2.89,+242.9,+25.2,BB	+2.77,+249.8,+25.4,OB	
1701988949.2810166	+6.61,+22.7,+19.2,EA	+3.05,+229.3,+19.8,EB	+6.47,+30.7,+19.8,HA	+2.92,+241.4,+25.6,BB	+2.89,+243.0,+25.2,JB	+2.78,+249.7,+25.4,OB	
1701989011.2903965	+6.61,+22.7,+19.2,EA	+3.05,+229.3,+19.8,EB	+6.47,+30.7,+19.8,HA	+2.92,+241.4,+25.6,BB	+2.89,+243.0,+25.2,JB	+2.77,+250.2,+25.4,MB	
1701989073.3079138	+6.61,+22.7,+19.2,EA	+3.05,+229.3,+19.8,EB	+6.47,+30.7,+19.8,HA	+2.92,+241.4,+25.6,BB	+2.89,+243.1,+25.2,KB	+2.77,+250.2,+25.4,MB	
1701989135.3258371	+6.61,+22.7,+19.2,EA	+3.05,+229.3,+19.8,EB	+6.47,+30.7,+19.8,HA	+2.92,+241.5,+25.6,CB	+2.89,+243.0,+25.2,JB	+2.77,+250.2,+25.4,MB	
1701989197.3415322	+6.61,+22.8,+19.2,JA	+3.05,+229.3,+19.8,EB	+6.47,+30.7,+19.8,HA	+2.92,+241.5,+25.5,@B	+2.89,+243.0,+25.2,JB	+2.77,+250.2,+25.4,MB	
1701989259.357326	+6.61,+22.7,+19.2,EA	+3.05,+229.3,+19.8,EB	+6.47,+30.8,+19.8,GA	+2.90,+242.4,+25.6,CB	+2.88,+243.6,+25.2,MB	+2.79,+248.7,+25.4,OB	
1701989321.3723152	+6.61,+22.6,+19.2,DA	+3.05,+229.3,+19.8,EB	+6.47,+30.7,+19.8,HA	+2.91,+241.8,+25.5,NB	+2.88,+243.5,+25.2,NB	+2.77,+250.1,+25.4,NB	
1701989383.3881521	+6.61,+22.7,+19.2,EA	+3.05,+229.3,+19.8,EB	+6.47,+30.8,+19.8,GA	+2.92,+241.5,+25.6,CB	+2.88,+243.1,+25.2,JB	+2.76,+250.4,+25.4,JB	
1701989445.4153767	+6.61,+22.6,+19.2,DA	+3.05,+229.4,+19.8,BB	+6.47,+30.8,+19.8,GA	+2.92,+241.5,+25.5,@B	+2.88,+243.3,+25.2,HB	+2.77,+250.3,+25.4,LB	
1701989507.431386	+6.61,+22.7,+19.2,EA	+3.05,+229.3,+19.8,EB	+6.47,+30.8,+19.8,GA	+2.92,+241.5,+25.5,@B	+2.88,+243.2,+25.2,IB	+2.77,+250.2,+25.4,MB	
1701989569.4455602	+6.61,+22.7,+19.2,EA	+3.05,+229.3,+19.8,EB	+6.47,+30.8,+19.8,GA	+2.92,+241.4,+25.5,AB	+2.88,+243.2,+25.2,IB	+2.77,+250.1,+25.4,NB	
1701989631.460417	+6.61,+22.6,+19.2,DA	+3.05,+229.4,+19.8,BB	+6.47,+30.7,+19.8,HA	+2.90,+242.4,+25.6,CB	+2.88,+243.5,+25.2,NB	+2.80,+248.4,+25.4,JB	
1701989693.4751506	+6.61,+22.6,+19.2,DA	+3.05,+229.3,+19.8,EB	+6.47,+30.7,+19.8,HA	+2.92,+241.5,+25.6,CB	+2.88,+243.1,+25.2,JB	+2.77,+249.8,+25.4,OB	
1701989755.4913723	+6.61,+22.7,+19.2,EA	+3.05,+229.3,+19.8,EB	+6.47,+30.7,+19.8,HA	+2.90,+242.7,+25.6,@B	+2.88,+243.5,+25.2,NB	+2.80,+248.3,+25.4,MB	
1701989817.5041583	+6.61,+22.7,+19.2,EA	+3.05,+229.3,+19.8,EB	+6.47,+30.7,+19.8,HA	+2.92,+241.6,+25.6,@B	+2.88,+243.1,+25.2,JB	+2.78,+249.7,+25.4,OB	
1701989879.5115721	+6.61,+22.7,+19.2,EA	+3.05,+229.4,+19.8,BB	+6.47,+30.7,+19.8,HA	+2.91,+241.9,+25.5,OB	+2.88,+243.1,+25.2,JB	+2.78,+249.3,+25.4,KB	
1701989941.5278165	+6.61,+22.7,+19.2,EA	+3.05,+229.4,+19.8,BB	+6.47,+30.8,+19.8,GA	+2.90,+242.7,+25.6,@B	+2.88,+243.4,+25.2,OB	+2.80,+248.4,+25.4,JB	
1701990003.5444736	+6.61,+22.7,+19.2,EA	+3.05,+229.3,+19.8,EB	+6.47,+30.8,+19.8,GA	+2.91,+242.0,+25.6,FB	+2.88,+243.1,+25.2,JB	+2.79,+249.0,+25.4,IB	
1701990065.5643814	+6.61,+22.6,+19.2,DA	+3.05,+229.4,+19.8,BB	+6.47,+30.7,+19.8,HA	+2.91,+242.2,+25.6,DB	+2.87,+243.9,+25.2,MB	+2.78,+249.2,+25.4,JB	
1701990127.5753198	+6.61,+22.6,+19.2,DA	+3.05,+229.3,+19.8,EB	+6.47,+30.8,+19.8,GA	+2.92,+241.4,+25.5,AB	+2.87,+243.8,+25.2,LB	+2.77,+250.2,+25.4,MB	
1701990189.5830774	+6.61,+22.6,+19.2,DA	+3.05,+229.3,+19.8,EB	+6.47,+30.6,+19.8,IA	+2.90,+242.4,+25.5,@B	+2.87,+243.8,+25.2,LB	+2.78,+249.2,+25.4,JB	
1701990251.5926638	+6.61,+22.6,+19.2,DA	+3.05,+229.3,+19.8,EB	+6.47,+30.7,+19.8,HA	+2.91,+241.9,+25.5,OB	+2.88,+243.2,+25.2,IB	+2.78,+249.7,+25.4,OB	
1701990313.6057231	+6.61,+22.6,+19.2,DA	+3.05,+229.3,+19.8,EB	+6.47,+30.8,+19.8,GA	+2.92,+241.5,+25.5,@B	+2.87,+243.9,+25.2,MB	+2.77,+250.2,+25.3,JB	
1701990375.6177666	+6.61,+22.6,+19.2,DA	+3.05,+229.2,+19.8,DB	+6.47,+30.8,+19.8,GA	+2.92,+241.5,+25.6,CB	+2.87,+243.7,+25.2,CB	+2.77,+250.2,+25.4,MB	
1701990437.6385663	+6.61,+22.6,+19.2,DA	+3.05,+229.3,+19.8,EB	+6.47,+30.6,+19.8,IA	+2.91,+241.7,+25.6,BB	+2.88,+243.5,+25.2,NB	+2.77,+249.8,+25.4,OB	
1701990499.6590083	+6.61,+22.6,+19.2,DA	+3.05,+229.3,+19.8,EB	+6.47,+30.7,+19.8,HA	+2.92,+241.5,+25.6,CB	+2.87,+243.8,+25.2,LB	+2.77,+250.0,+25.4,OB	
1701990561.6713986	+6.61,+22.6,+19.2,DA	+3.05,+229.3,+19.8,EB	+6.47,+30.7,+19.8,HA	+2.92,+241.5,+25.5,@B	+2.87,+243.9,+25.2,MB	+2.77,+250.0,+25.4,OB	
1701990623.6843686	+6.61,+22.6,+19.2,DA	+3.05,+229.3,+19.8,EB	+6.47,+30.7,+19.8,HA	+2.91,+242.0,+25.5,EB	+2.87,+243.7,+25.2,CB	+2.79,+249.1,+25.4,HB	
1701990685.6961114	+6.61,+22.6,+19.2,DA	+3.05,+229.3,+19.8,EB	+6.47,+30.7,+19.8,HA	+2.92,+241.2,+25.6,DB	+2.87,+243.9,+25.2,MB	+2.77,+250.0,+25.4,OB	
1701990747.7097464	+6.61,+22.6,+19.2,DA	+3.05,+229.3,+19.8,EB	+6.47,+30.8,+19.8,GA	+2.91,+241.9,+25.5,OB	+2.88,+243.6,+25.2,MB	+2.78,+249.6,+25.4,NB	
1701990809.7303138	+6.61,+22.6,+19.2,DA	+3.05,+229.3,+19.8,EB	+6.47,+30.8,+19.8,GA	+2.90,+242.3,+25.6,DB	+2.88,+243.3,+25.2,HB	+2.79,+249.1,+25.4,HB	
1701990871.7477753	+6.61,+22.7,+19.2,EA	+3.05,+229.3,+19.8,EB	+6.47,+30.7,+19.8,HA	+2.90,+242.6,+25.6,AB	+2.88,+243.1,+25.2,JB	+2.80,+248.5,+25.4,KB	
1701990933.7590396	+6.61,+22.5,+19.2,GA	+3.05,+229.3,+19.8,EB	+6.47,+30.8,+19.8,GA	+2.91,+241.7,+25.5,AB	+2.87,+243.8,+25.2,LB	+2.77,+250.1,+25.4,NB	
1701990995.7839012	+6.61,+22.5,+19.2,GA	+3.05,+229.3,+19.8,EB	+6.47,+30.8,+19.8,GA	+2.92,+241.5,+25.6,CB	+2.87,+244.0,+25.2,CB	+2.76,+250.4,+25.4,JB	
1701991057.7946355	+6.61,+22.5,+19.1,DA	+3.05,+229.3,+19.8,EB	+6.47,+30.8,+19.8,GA	+2.91,+242.0,+25.6,FB	+2.87,+243.8,+25.2,LB	+2.77,+249.7,+25.4,@B	
1701991119.8048728	+6.61,+22.5,+19.2,GA	+3.05,+229.3,+19.8,EB	+6.47,+30.7,+19.8,HA	+2.91,+241.8,+25.6,MB	+2.87,+243.8,+25.2,LB	+2.78,+249.7,+25.4,OB	
1701991181.8238502	+6.61,+22.5,+19.1,DA	+3.05,+229.3,+19.8,EB	+6.47,+30.7,+19.8,HA	+2.91,+241.8,+25.6,MB	+2.87,+244.0,+25.2,CB	+2.77,+250.0,+25.4,OB	
1701991243.8433883	+6.61,+22.5,+19.1,DA	+3.05,+229.3,+19.8,EB	+6.47,+30.7,+19.8,HA	+2.91,+241.7,+25.5,AB	+2.87,+243.8,+25.2,LB	+2.78,+249.7,+25.4,OB	
1701991305.8546739	+6.61,+22.5,+19.1,DA	+3.05,+229.3,+19.8,EB	+6.47,+30.7,+19.8,HA	+2.91,+241.6,+25.6,CB	+2.87,+243.8,+25.2,LB	+2.77,+249.9,+25.4,NB	
1701991367.8809435	+6.61,+22.5,+19.1,DA	+3.05,+229.2,+19.8,DB	+6.47,+30.8,+19.8,GA	+2.90,+242.8,+25.6,OB	+2.88,+243.4,+25.2,OB	+2.79,+248.9,+25.4,AB	
1701991429.8878083	+6.61,+22.6,+19.2,DA	+3.05,+229.3,+19.8,EB	+6.47,+30.7,+19.8,HA	+2.90,+242.3,+25.5,GB	+2.88,+243.3,+25.2,HB	+2.79,+248.6,+25.4,NB	
1701991491.898075	+6.61,+22.4,+19.2,FA	+3.05,+229.3,+19.8,EB	+6.47,+30.7,+19.8,HA	+2.92,+241.6,+25.5,CB	+2.87,+244.0,+25.2,CB	+2.77,+250.1,+25.4,NB	
1701991553.9073603	+6.61,+22.5,+19.2,GA	+3.05,+229.2,+19.8,DB	+6.47,+30.6,+19.8,IA	+2.90,+242.3,+25.6,DB	+2.88,+243.3,+25.2,HB	+2.80,+248.5,+25.4,KB	
1701991615.9154027	+6.61,+22.5,+19.2,GA	+3.05,+229.3,+19.8,EB	+6.47,+30.7,+19.8,HA	+2.92,+241.5,+25.5,@B	+2.87,+244.0,+25.2,CB	+2.77,+250.0,+25.4,OB	
1701991677.9279017	+6.61,+22.5,+19.2,GA	+3.05,+229.3,+19.8,EB	+6.47,+30.7,+19.8,HA	+2.90,+242.2,+25.6,EB	+2.87,+244.0,+25.2,CB	+2.78,+249.4,+25.4,LB	
1701991739.939452	+6.61,+22.6,+19.2,DA	+3.05,+229.3,+19.8,EB	+6.47,+30.7,+19.8,HA	+2.90,+242.5,+25.5,AB	+2.88,+243.3,+25.2,HB	+2.80,+248.3,+25.4,MB	
1701991801.947411	+6.61,+22.5,+19.1,DA	+3.05,+229.3,+19.8,EB	+6.47,+30.7,+19.8,HA	+2.91,+241.7,+25.6,BB	+2.87,+243.9,+25.2,MB	+2.77,+250.1,+25.4,NB	
1701991863.9681385	+6.61,+22.5,+19.1,DA	+3.05,+229.3,+19.8,EB	+6.47,+30.6,+19.8,IA	+2.90,+242.7,+25.6,@B	+2.87,+243.8,+25.2,LB	+2.78,+249.1,+25.3,NB	
1701991925.9766688	+6.61,+22.5,+19.1,DA	+3.05,+229.3,+19.8,EB	+6.47,+30.8,+19.8,GA	+2.92,+241.5,+25.5,@B	+2.88,+243.6,+25.2,MB	+2.77,+249.9,+25.4,NB	
1701991987.9852104	+6.61,+22.5,+19.1,DA	+3.05,+229.3,+19.8,EB	+6.47,+30.7,+19.8,HA	+2.91,+242.1,+25.5,DB	+2.87,+244.1,+25.2,BB	+2.77,+250.3,+25.4,LB	
1701992049.9927588	+6.61,+22.5,+19.1,DA	+3.05,+229.3,+19.8,EB	+6.47,+30.7,+19.7,GA	+2.90,+242.4,+25.5,@B	+2.88,+243.3,+25.2,HB	+2.79,+248.7,+25.4,OB	
1701992112.0035	+6.61,+22.5,+19.1,DA	+3.05,+229.3,+19.8,EB	+6.47,+30.7,+19.7,GA	+2.91,+241.6,+25.5,@B	+2.88,+243.3,+25.2,HB	+2.78,+249.4,+25.4,LB	
1701992174.0125706	+6.61,+22.5,+19.1,DA	+3.05,+229.3,+19.8,EB	+6.47,+30.7,+19.7,GA	+2.89,+242.8,+25.5,DB	+2.87,+244.0,+25.2,CB	+2.79,+249.1,+25.4,HB	
1701992236.0308957	+6.61,+22.5,+19.1,DA	+3.05,+229.2,+19.8,DB	+6.47,+30.7,+19.8,HA	+2.91,+242.2,+25.6,DB	+2.88,+243.3,+25.2,HB	+2.80,+248.5,+25.4,KB	
1701992298.0374203	+6.61,+22.5,+19.1,DA	+3.05,+229.3,+19.8,EB	+6.47,+30.7,+19.7,GA	+2.90,+242.4,+25.5,@B	+2.88,+243.4,+25.2,OB	+2.80,+248.3,+25.3,JB	
1701992360.060515	+6.61,+22.5,+19.1,DA	+3.05,+229.3,+19.7,JB	+6.47,+30.7,+19.7,GA	+2.91,+241.9,+25.5,OB	+2.88,+243.3,+25.2,HB	+2.79,+248.9,+25.4,AB	
1701992422.0769744	+6.61,+22.4,+19.1,EA	+3.05,+229.2,+19.8,DB	+6.47,+30.7,+19.8,HA	+2.89,+242.8,+25.5,DB	+2.87,+243.8,+25.2,LB	+2.80,+248.5,+25.4,KB	
1701992484.0940356	+6.61,+22.4,+19.1,EA	+3.05,+229.3,+19.8,EB	+6.47,+30.6,+19.7,FA	+2.90,+242.7,+25.6,@B	+2.87,+243.9,+25.2,MB	+2.79,+248.5,+25.3,JB	
1701992546.1106644	+6.61,+22.4,+19.1,EA	+3.05,+229.2,+19.7,KB	+6.47,+30.7,+19.8,HA	+2.91,+241.7,+25.6,BB	+2.88,+243.7,+25.2,LB	+2.77,+249.9,+25.4,NB	
1701992792.8502562	+6.61,+22.5,+19.2,GA	+3.05,+229.3,+19.8,EB	+6.47,+30.7,+19.8,HA	+2.90,+242.7,+25.6,@B	+2.88,+243.3,+25.2,HB	+2.78,+249.1,+25.4,IB	
1701992854.8588135	+6.61,+22.4,+19.2,FA	+3.05,+229.2,+19.8,DB	+6.47,+30.8,+19.8,GA	+2.92,+241.4,+25.5,AB	+2.87,+244.0,+25.2,CB	+2.80,+248.4,+25.4,JB	
1701992916.8836129	+6.61,+22.4,+19.2,FA	+3.05,+229.2,+19.8,DB	+6.47,+30.7,+19.8,HA	+2.91,+241.8,+25.6,MB	+2.87,+243.9,+25.2,MB	+2.80,+248.1,+25.4,OB	
1701992978.8932943	+6.61,+22.4,+19.2,FA	+3.05,+229.2,+19.7,KB	+6.47,+30.6,+19.8,IA	+2.90,+242.7,+25.5,CB	+2.88,+243.3,+25.2,HB	+2.79,+248.9,+25.4,AB	
1701993040.9134989	+6.61,+22.5,+19.2,GA	+3.05,+229.3,+19.8,EB	+6.47,+30.7,+19.8,HA	+2.90,+242.7,+25.5,CB	+2.88,+243.3,+25.2,HB	+2.79,+248.9,+25.4,AB	
1701993102.9205477	+6.61,+22.5,+19.2,GA	+3.05,+229.2,+19.8,DB	+6.47,+30.8,+19.8,GA	+2.90,+242.4,+25.6,CB	+2.88,+243.3,+25.2,HB	+2.77,+249.9,+25.4,NB	
1701993164.9391453	+6.61,+22.4,+19.1,EA	+3.05,+229.2,+19.8,DB	+6.47,+30.7,+19.8,HA	+2.92,+241.4,+25.5,AB	+2.87,+244.0,+25.2,CB	+2.78,+249.2,+25.3,MB	
1701993226.946174	+6.61,+22.4,+19.2,FA	+3.05,+229.2,+19.8,DB	+6.47,+30.8,+19.8,GA	+2.90,+242.7,+25.6,@B	+2.88,+243.3,+25.2,HB	+2.78,+249.5,+25.4,MB	
1701993288.9550555	+6.61,+22.4,+19.2,FA	+3.05,+229.2,+19.7,KB	+6.47,+30.8,+19.8,GA	+2.90,+242.2,+25.6,EB	+2.87,+243.9,+25.2,MB	+2.80,+248.2,+25.4,LB	
1701993350.970885	+6.61,+22.5,+19.2,GA	+3.05,+229.3,+19.8,EB	+6.47,+30.6,+19.7,FA	+2.92,+241.6,+25.6,@B	+2.87,+243.9,+25.2,MB	+2.78,+249.3,+25.4,KB	
1701993412.9809747	+6.61,+22.5,+19.2,GA	+3.05,+229.2,+19.7,KB	+6.47,+30.6,+19.8,IA	+2.91,+241.7,+25.6,BB	+2.88,+243.6,+25.2,MB	+2.78,+249.7,+25.4,OB	
1701993474.9887826	+6.61,+22.5,+19.2,GA	+3.05,+229.2,+19.7,KB	+6.47,+30.6,+19.8,IA	+2.91,+241.9,+25.5,OB	+2.88,+243.4,+25.2,OB	+2.77,+250.0,+25.4,OB	
1701993536.9962747	+6.61,+22.5,+19.1,DA	+3.05,+229.2,+19.8,DB	+6.47,+30.7,+19.8,HA	+2.92,+241.6,+25.5,CB	+2.87,+244.1,+25.2,BB	+2.80,+248.5,+25.4,KB	
1701993599.0028307	+6.61,+22.5,+19.1,DA	+3.05,+229.3,+19.7,JB	+6.47,+30.7,+19.8,HA	+2.90,+242.7,+25.5,CB	+2.87,+243.8,+25.2,LB	+2.79,+248.7,+25.4,OB	
1701993661.0233777	+6.61,+22.5,+19.1,DA	+3.05,+229.3,+19.8,EB	+6.47,+30.7,+19.8,HA	+2.90,+242.2,+25.5,FB	+2.88,+243.3,+25.2,HB	+2.78,+249.7,+25.4,OB	
1701993723.0330853	+6.61,+22.6,+19.1,GA	+3.05,+229.3,+19.7,JB	+6.47,+30.7,+19.8,HA	+2.90,+242.2,+25.5,FB	+2.88,+243.3,+25.2,HB	+2.78,+249.7,+25.4,OB	
1701993785.052886	+6.61,+22.6,+19.1,GA	+3.05,+229.2,+19.7,KB	+6.47,+30.7,+19.8,HA	+2.91,+242.2,+25.5,GB	+2.88,+243.3,+25.2,HB	+2.78,+249.7,+25.4,OB	
1701993847.0702264	+6.61,+22.5,+19.1,DA	+3.05,+229.2,+19.8,DB	+6.47,+30.8,+19.8,GA	+2.91,+241.7,+25.5,AB	+2.88,+243.5,+25.2,NB	+2.78,+249.4,+25.4,LB	
1701993909.072384	+6.61,+22.5,+19.2,GA	+3.05,+229.2,+19.7,KB	+6.47,+30.7,+19.8,HA	+2.92,+241.5,+25.6,CB	+2.88,+243.6,+25.2,MB	+2.79,+248.9,+25.4,AB	
1701993971.076019	+6.61,+22.5,+19.2,GA	+3.05,+229.2,+19.8,DB	+6.47,+30.7,+19.8,HA	+2.92,+241.5,+25.6,CB	+2.87,+243.8,+25.2,LB	+2.79,+248.8,+25.4,@B	
1701994033.0865839	+6.61,+22.5,+19.2,GA	+3.05,+229.2,+19.7,KB	+6.47,+30.7,+19.8,HA	+2.91,+242.1,+25.6,GB	+2.87,+244.1,+25.2,BB	+2.81,+247.8,+25.4,HB	
1701994095.090653	+6.61,+22.5,+19.2,GA	+3.05,+229.2,+19.7,KB	+6.47,+30.8,+19.8,GA	+2.90,+242.7,+25.6,@B	+2.87,+244.0,+25.2,CB	+2.80,+248.4,+25.4,JB	
1701994157.1173933	+6.61,+22.5,+19.2,GA	+3.05,+229.2,+19.7,KB	+6.47,+30.7,+19.8,HA	+2.91,+241.8,+25.5,NB	+2.87,+243.9,+25.2,MB	+2.80,+248.4,+25.4,JB	
1701994219.1344182	+6.61,+22.5,+19.2,GA	+3.05,+229.2,+19.8,DB	+6.47,+30.7,+19.8,HA	+2.90,+242.4,+25.5,@B	+2.87,+244.1,+25.2,BB	+2.80,+248.2,+25.4,LB	
1701994281.1595018	+6.61,+22.5,+19.2,GA	+3.05,+229.2,+19.8,DB	+6.47,+30.7,+19.8,HA	+2.90,+242.5,+25.5,AB	+2.87,+244.0,+25.2,CB	+2.79,+248.9,+25.4,AB	
1701994343.1737812	+6.61,+22.5,+19.2,GA	+3.05,+229.2,+19.8,DB	+6.47,+30.7,+19.8,HA	+2.90,+242.7,+25.6,@B	+2.87,+244.1,+25.2,BB	+2.79,+248.6,+25.4,NB	
1701994405.1931388	+6.61,+22.5,+19.2,GA	+3.05,+229.2,+19.7,KB	+6.47,+30.8,+19.8,GA	+2.92,+241.4,+25.5,AB	+2.88,+243.4,+25.2,OB	+2.78,+249.6,+25.4,NB	
1701994467.2187898	+6.61,+22.5,+19.2,GA	+3.05,+229.2,+19.8,DB	+6.47,+30.7,+19.8,HA	+2.90,+242.2,+25.5,FB	+2.88,+243.6,+25.2,MB	+2.77,+249.8,+25.4,OB	
1701994529.2442505	+6.61,+22.5,+19.2,GA	+3.05,+229.2,+19.8,DB	+6.47,+30.8,+19.8,GA	+2.91,+241.9,+25.6,LB	+2.88,+243.7,+25.2,LB	+2.78,+249.2,+25.4,JB	
1701994591.2589257	+6.61,+22.5,+19.2,GA	+3.05,+229.3,+19.7,JB	+6.47,+30.8,+19.8,GA	+2.91,+241.8,+25.6,MB	+2.88,+243.4,+25.2,OB	+2.77,+250.1,+25.4,NB	
1701994653.2757106	+6.61,+22.4,+19.2,FA	+3.05,+229.2,+19.7,KB	+6.47,+30.8,+19.8,GA	+2.91,+242.1,+25.6,GB	+2.88,+243.7,+25.2,LB	+2.77,+250.1,+25.4,NB	
1701994715.294201	+6.61,+22.5,+19.2,GA	+3.05,+229.2,+19.8,DB	+6.47,+30.7,+19.8,HA	+2.92,+241.6,+25.6,@B	+2.88,+243.4,+25.2,OB	+2.77,+250.1,+25.4,NB	
1701994777.3111715	+6.61,+22.5,+19.2,GA	+3.05,+229.2,+19.8,DB	+6.47,+30.7,+19.8,HA	+2.91,+241.6,+25.6,CB	+2.88,+243.4,+25.2,OB	+2.77,+249.9,+25.4,NB	
1701994839.3287983	+6.61,+22.6,+19.2,DA	+3.05,+229.3,+19.7,JB	+6.47,+30.8,+19.8,GA	+2.89,+242.9,+25.5,EB	+2.87,+244.2,+25.2,AB	+2.79,+248.8,+25.4,@B	
1701994901.3462715	+6.61,+22.5,+19.2,GA	+3.05,+229.3,+19.8,EB	+6.47,+30.7,+19.8,HA	+2.91,+241.9,+25.6,LB	+2.88,+243.6,+25.2,MB	+2.77,+249.9,+25.3,IB	
1701994963.362505	+6.61,+22.5,+19.2,GA	+3.05,+229.3,+19.7,JB	+6.47,+30.8,+19.8,GA	+2.91,+241.6,+25.5,@B	+2.88,+243.5,+25.2,NB	+2.77,+249.8,+25.4,OB	
1701995025.3818839	+6.61,+22.5,+19.2,GA	+3.05,+229.2,+19.8,DB	+6.47,+30.8,+19.8,GA	+2.91,+241.6,+25.6,CB	+2.88,+243.5,+25.2,NB	+2.77,+249.9,+25.4,NB	
1701995087.3958902	+6.61,+22.5,+19.2,GA	+3.05,+229.2,+19.7,KB	+6.47,+30.7,+19.8,HA	+2.89,+242.9,+25.6,FB	+2.87,+244.1,+25.2,BB	+2.80,+248.2,+25.4,LB	
1701995149.4229765	+6.61,+22.5,+19.2,GA	+3.05,+229.2,+19.8,DB	+6.47,+30.8,+19.8,GA	+2.91,+241.8,+25.6,MB	+2.88,+243.4,+25.2,OB	+2.78,+249.3,+25.4,KB	
1701995211.4442408	+6.61,+22.6,+19.2,DA	+3.05,+229.2,+19.7,KB	+6.47,+30.8,+19.8,GA	+2.91,+241.8,+25.6,MB	+2.88,+243.6,+25.2,MB	+2.78,+249.7,+25.4,OB	
1701995273.457167	+6.61,+22.5,+19.2,GA	+3.05,+229.2,+19.8,DB	+6.47,+30.8,+19.8,GA	+2.91,+242.0,+25.5,EB	+2.88,+243.4,+25.2,OB	+2.79,+248.9,+25.4,AB	
1701995335.471684	+6.61,+22.5,+19.2,GA	+3.05,+229.3,+19.8,EB	+6.47,+30.8,+19.8,GA	+2.91,+241.7,+25.5,AB	+2.88,+243.4,+25.2,OB	+2.78,+249.4,+25.4,LB	
1701995397.4939342	+6.61,+22.6,+19.2,DA	+3.05,+229.2,+19.7,KB	+6.47,+30.8,+19.8,GA	+2.90,+242.7,+25.5,CB	+2.87,+243.7,+25.2,CB	+2.80,+248.0,+25.4,NB	
1701995459.5089884	+6.61,+22.5,+19.2,GA	+3.05,+229.2,+19.8,DB	+6.47,+30.8,+19.8,GA	+2.90,+242.3,+25.6,DB	+2.87,+244.2,+25.2,AB	+2.78,+249.2,+25.4,JB	
1701995521.525747	+6.61,+22.5,+19.2,GA	+3.05,+229.3,+19.7,JB	+6.47,+30.7,+19.8,HA	+2.91,+241.6,+25.5,@B	+2.87,+243.8,+25.2,LB	+2.77,+249.9,+25.4,NB	
1701995583.5545886	+6.61,+22.5,+19.2,GA	+3.05,+229.2,+19.7,KB	+6.47,+30.8,+19.8,GA	+2.91,+241.8,+25.6,MB	+2.88,+243.5,+25.2,NB	+2.78,+249.6,+25.4,NB	
1701995645.568933	+6.61,+22.6,+19.2,DA	+3.05,+229.2,+19.8,DB	+6.47,+30.8,+19.8,GA	+2.89,+243.0,+25.5,MB	+2.87,+243.9,+25.2,MB	+2.80,+248.5,+25.4,KB	
1701995707.5827723	+6.61,+22.5,+19.2,GA	+3.05,+229.2,+19.7,KB	+6.47,+30.8,+19.8,GA	+2.91,+241.8,+25.5,NB	+2.87,+244.1,+25.2,BB	+2.77,+250.2,+25.4,MB	
1701995769.5904913	+6.61,+22.5,+19.2,GA	+3.05,+229.2,+19.7,KB	+6.47,+30.8,+19.8,GA	+2.91,+242.2,+25.6,DB	+2.88,+243.5,+25.2,NB	+2.78,+249.6,+25.4,NB	
1701995831.600629	+6.61,+22.5,+19.2,GA	+3.05,+229.2,+19.7,KB	+6.47,+30.8,+19.8,GA	+2.91,+241.8,+25.5,NB	+2.87,+243.9,+25.2,MB	+2.77,+250.3,+25.4,LB	
1701995893.6133788	+6.61,+22.5,+19.2,GA	+3.05,+229.2,+19.8,DB	+6.47,+30.8,+19.8,GA	+2.90,+242.5,+25.5,AB	+2.87,+244.2,+25.2,AB	+2.78,+249.4,+25.4,LB	
1701995955.6265316	+6.61,+22.5,+19.2,GA	+3.05,+229.2,+19.8,DB	+6.47,+30.8,+19.8,GA	+2.90,+242.4,+25.6,CB	+2.88,+243.5,+25.2,NB	+2.78,+249.6,+25.4,NB	
1701996017.640717	+6.61,+22.6,+19.2,DA	+3.05,+229.2,+19.8,DB	+6.47,+30.8,+19.8,GA	+2.89,+243.0,+25.5,MB	+2.87,+243.7,+25.2,CB	+2.79,+248.6,+25.4,NB	
1701996079.654787	+6.61,+22.5,+19.2,GA	+3.05,+229.3,+19.8,EB	+6.47,+30.8,+19.8,GA	+2.91,+241.6,+25.5,@B	+2.87,+244.1,+25.2,BB	+2.77,+250.3,+25.4,LB	
1701996141.6752775	+6.61,+22.5,+19.2,GA	+3.05,+229.2,+19.7,KB	+6.47,+30.7,+19.8,HA	+2.90,+242.5,+25.6,BB	+2.88,+243.5,+25.2,NB	+2.79,+249.1,+25.4,HB	
1701996203.7039118	+6.61,+22.6,+19.2,DA	+3.05,+229.2,+19.7,KB	+6.47,+30.9,+19.8,FA	+2.90,+242.3,+25.5,GB	+2.87,+244.0,+25.2,CB	+2.78,+249.3,+25.4,KB	
1701996265.7156582	+6.61,+22.5,+19.2,GA	+3.05,+229.2,+19.7,KB	+6.47,+30.9,+19.8,FA	+2.89,+242.9,+25.6,FB	+2.88,+243.4,+25.2,OB	+2.79,+248.7,+25.4,OB	
1701996327.727368	+6.61,+22.6,+19.2,DA	+3.05,+229.3,+19.8,EB	+6.47,+30.8,+19.8,GA	+2.91,+241.9,+25.5,OB	+2.86,+244.3,+25.2,AB	+2.77,+249.9,+25.4,NB	
1701996389.7471905	+6.61,+22.6,+19.2,DA	+3.05,+229.3,+19.8,EB	+6.47,+30.8,+19.8,GA	+2.91,+242.1,+25.6,GB	+2.87,+244.1,+25.2,BB	+2.78,+249.5,+25.4,MB	
1701996636.5505848	+6.61,+22.5,+19.2,GA	+3.05,+229.2,+19.7,KB	+6.47,+30.9,+19.8,FA	+2.90,+242.4,+25.5,@B	+2.87,+244.0,+25.2,CB	+2.77,+250.1,+25.4,NB	
1701996698.5768645	+6.61,+22.6,+19.2,DA	+3.05,+229.2,+19.8,DB	+6.47,+30.8,+19.8,GA	+2.90,+242.7,+25.6,@B	+2.87,+243.8,+25.2,LB	+2.77,+249.9,+25.4,NB	
1701996760.6051102	+6.61,+22.5,+19.2,GA	+3.05,+229.3,+19.8,EB	+6.47,+30.9,+19.8,FA	+2.90,+242.6,+25.5,BB	+2.87,+243.7,+25.2,CB	+2.78,+249.6,+25.4,NB	
1701996822.626057	+6.61,+22.5,+19.2,GA	+3.05,+229.2,+19.8,DB	+6.47,+30.8,+19.8,GA	+2.89,+243.0,+25.5,MB	+2.88,+243.6,+25.2,MB	+2.78,+249.2,+25.4,JB	
1701996884.6410093	+6.61,+22.5,+19.2,GA	+3.05,+229.2,+19.8,DB	+6.47,+30.9,+19.8,FA	+2.89,+242.8,+25.5,DB	+2.88,+243.6,+25.2,MB	+2.78,+249.4,+25.4,LB	
1701996946.662047	+6.61,+22.5,+19.2,GA	+3.05,+229.2,+19.8,DB	+6.47,+30.8,+19.8,GA	+2.91,+241.9,+25.5,OB	+2.87,+244.2,+25.2,AB	+2.76,+250.6,+25.4,HB	
1701997008.676393	+6.61,+22.4,+19.2,FA	+3.05,+229.2,+19.7,KB	+6.47,+30.8,+19.8,GA	+2.91,+241.8,+25.6,MB	+2.86,+244.3,+25.2,AB	+2.76,+250.9,+25.4,GB	
1701997070.7014139	+6.61,+22.6,+19.2,DA	+3.05,+229.2,+19.7,KB	+6.47,+30.8,+19.8,GA	+2.89,+243.2,+25.5,OB	+2.88,+243.7,+25.2,LB	+2.78,+249.2,+25.4,JB	
1701997132.7137308	+6.61,+22.5,+19.2,GA	+3.05,+229.3,+19.7,JB	+6.47,+30.8,+19.8,GA	+2.89,+243.0,+25.5,MB	+2.88,+243.6,+25.2,MB	+2.78,+249.2,+25.4,JB	
1701997194.726396	+6.61,+22.4,+19.2,FA	+3.05,+229.2,+19.7,KB	+6.47,+30.8,+19.8,GA	+2.91,+241.9,+25.6,LB	+2.87,+244.2,+25.2,AB	+2.76,+250.6,+25.4,HB	
1701997256.752819	+6.61,+22.4,+19.2,FA	+3.05,+229.2,+19.7,KB	+6.47,+30.9,+19.8,FA	+2.91,+242.1,+25.6,GB	+2.86,+244.5,+25.2,GB	+2.76,+250.8,+25.4,FB	
1701997318.7749047	+6.61,+22.5,+19.2,GA	+3.05,+229.2,+19.8,DB	+6.47,+30.8,+19.8,GA	+2.89,+243.1,+25.5,LB	+2.87,+243.7,+25.2,CB	+2.79,+249.1,+25.4,HB	
1701997380.7852235	+6.61,+22.5,+19.2,GA	+3.05,+229.2,+19.7,KB	+6.47,+30.8,+19.8,GA	+2.89,+243.0,+25.6,NB	+2.86,+244.4,+25.2,FB	+2.77,+250.1,+25.4,NB	
1701997442.795225	+6.61,+22.5,+19.2,GA	+3.05,+229.2,+19.8,DB	+6.47,+30.8,+19.8,GA	+2.90,+242.4,+25.5,@B	+2.87,+243.7,+25.2,CB	+2.77,+249.8,+25.4,OB	
1701997504.816993	+6.61,+22.5,+19.2,GA	+3.05,+229.2,+19.7,KB	+6.47,+30.9,+19.8,FA	+2.91,+241.9,+25.5,OB	+2.87,+244.2,+25.2,AB	+2.76,+250.6,+25.4,HB	
1701997566.8294969	+6.61,+22.5,+19.2,GA	+3.05,+229.2,+19.7,KB	+6.47,+30.8,+19.8,GA	+2.90,+242.6,+25.6,AB	+2.86,+244.5,+25.2,GB	+2.76,+250.4,+25.4,JB	
1701997628.8375	+6.61,+22.5,+19.2,GA	+3.05,+229.1,+19.7,HB	+6.47,+30.9,+19.8,FA	+2.89,+243.1,+25.5,LB	+2.86,+244.4,+25.2,FB	+2.77,+249.8,+25.4,OB	
1701997690.8424013	+6.61,+22.4,+19.2,FA	+3.05,+229.2,+19.7,KB	+6.47,+30.8,+19.8,GA	+2.91,+242.0,+25.6,FB	+2.87,+244.0,+25.2,CB	+2.76,+250.5,+25.4,KB	
1701997752.8590865	+6.61,+22.5,+19.2,GA	+3.05,+229.2,+19.7,KB	+6.47,+30.9,+19.8,FA	+2.90,+242.6,+25.6,AB	+2.88,+243.7,+25.2,LB	+2.78,+249.6,+25.4,NB	
1701997814.8791096	+6.61,+22.5,+19.2,GA	+3.05,+229.1,+19.7,HB	+6.47,+30.9,+19.8,FA	+2.90,+242.7,+25.5,CB	+2.87,+243.8,+25.2,LB	+2.78,+249.5,+25.4,MB	
1701997876.8906987	+6.61,+22.5,+19.2,GA	+3.05,+229.1,+19.7,HB	+6.47,+30.9,+19.8,FA	+2.89,+243.0,+25.6,NB	+2.86,+244.5,+25.2,GB	+2.76,+250.4,+25.4,JB	
1701997938.9134333	+6.61,+22.4,+19.2,FA	+3.05,+229.2,+19.7,KB	+6.47,+30.9,+19.8,FA	+2.90,+242.4,+25.5,@B	+2.86,+244.3,+25.2,AB	+2.75,+251.2,+25.4,NB	
1701998000.921672	+6.61,+22.5,+19.2,GA	+3.05,+229.2,+19.8,DB	+6.47,+30.9,+19.8,FA	+2.90,+242.2,+25.5,FB	+2.87,+243.8,+25.2,LB	+2.76,+250.7,+25.4,IB	
1701998062.94331	+6.61,+22.5,+19.2,GA	+3.05,+229.2,+19.7,KB	+6.47,+30.9,+19.8,FA	+2.88,+243.6,+25.5,JB	+2.86,+244.4,+25.2,FB	+2.77,+249.8,+25.4,OB	
1701998124.9492257	+6.61,+22.4,+19.2,FA	+3.05,+229.1,+19.7,HB	+6.47,+30.9,+19.8,FA	+2.90,+242.7,+25.6,@B	+2.86,+244.3,+25.2,AB	+2.75,+251.2,+25.4,NB	
1701998186.9701629	+6.61,+22.4,+19.2,FA	+3.05,+229.2,+19.7,KB	+6.47,+30.9,+19.8,FA	+2.90,+242.7,+25.6,@B	+2.87,+244.2,+25.2,AB	+2.75,+251.2,+25.4,NB	
1701998248.9780953	+6.61,+22.5,+19.2,GA	+3.05,+229.2,+19.8,DB	+6.47,+30.8,+19.8,GA	+2.88,+243.4,+25.6,KB	+2.86,+244.5,+25.2,GB	+2.77,+250.1,+25.3,IB	
1701998310.98458	+6.61,+22.5,+19.2,GA	+3.05,+229.2,+19.8,DB	+6.47,+30.9,+19.8,FA	+2.90,+242.7,+25.5,CB	+2.87,+244.2,+25.2,AB	+2.75,+251.2,+25.4,NB	
1701998373.0052922	+6.61,+22.5,+19.2,GA	+3.05,+229.2,+19.8,DB	+6.47,+31.0,+19.8,NA	+2.90,+242.4,+25.6,CB	+2.87,+243.8,+25.2,LB	+2.77,+250.2,+25.4,MB	
1701998435.0145547	+6.61,+22.5,+19.2,GA	+3.05,+229.2,+19.7,KB	+6.47,+31.0,+19.8,NA	+2.89,+243.0,+25.6,NB	+2.87,+244.1,+25.2,BB	+2.78,+249.3,+25.4,KB	
1701998497.0246787	+6.61,+22.4,+19.2,FA	+3.05,+229.2,+19.7,KB	+6.47,+30.9,+19.8,FA	+2.89,+243.3,+25.6,MB	+2.86,+244.3,+25.2,AB	+2.76,+250.8,+25.4,FB	
1701998559.0404048	+6.61,+22.5,+19.2,GA	+3.05,+229.2,+19.7,KB	+6.47,+30.9,+19.8,FA	+2.91,+242.2,+25.5,GB	+2.87,+243.8,+25.2,LB	+2.77,+250.2,+25.4,MB	
1701998621.0482998	+6.61,+22.5,+19.2,GA	+3.05,+229.2,+19.8,DB	+6.47,+31.0,+19.8,NA	+2.90,+242.6,+25.5,BB	+2.87,+243.9,+25.2,MB	+2.76,+250.9,+25.4,GB	
1701998683.0526803	+6.61,+22.4,+19.2,FA	+3.05,+229.2,+19.7,KB	+6.47,+30.9,+19.8,FA	+2.89,+243.3,+25.6,MB	+2.86,+244.6,+25.2,DB	+2.78,+249.4,+25.4,LB	
1701998745.063978	+6.61,+22.5,+19.2,GA	+3.05,+229.2,+19.7,KB	+6.47,+30.8,+19.8,GA	+2.90,+242.7,+25.6,@B	+2.86,+244.4,+25.2,FB	+2.79,+249.2,+25.4,KB	
1701998807.0779564	+6.61,+22.5,+19.2,GA	+3.05,+229.2,+19.7,KB	+6.47,+30.9,+19.8,FA	+2.91,+242.2,+25.5,GB	+2.87,+243.9,+25.2,MB	+2.77,+250.0,+25.4,OB	
1701998869.093517	+6.61,+22.4,+19.2,FA	+3.05,+229.2,+19.7,KB	+6.47,+30.9,+19.8,FA	+2.89,+243.2,+25.6,LB	+2.86,+244.6,+25.2,DB	+2.78,+249.7,+25.4,OB	
1701998931.1100023	+6.61,+22.5,+19.2,GA	+3.05,+229.2,+19.8,DB	+6.47,+31.0,+19.8,NA	+2.91,+241.9,+25.6,LB	+2.87,+243.9,+25.2,MB	+2.76,+250.4,+25.4,JB	
1701998993.1286714	+6.61,+22.5,+19.2,GA	+3.05,+229.2,+19.8,DB	+6.47,+31.0,+19.8,NA	+2.90,+242.3,+25.5,GB	+2.86,+244.3,+25.2,AB	+2.78,+249.6,+25.4,NB	
1701999055.136757	+6.61,+22.5,+19.2,GA	+3.05,+229.2,+19.8,DB	+6.47,+31.0,+19.8,NA	+2.89,+242.9,+25.6,FB	+2.86,+244.6,+25.2,DB	+2.78,+249.4,+25.4,LB	
1701999117.1532493	+6.61,+22.4,+19.2,FA	+3.05,+229.2,+19.7,KB	+6.47,+31.0,+19.8,NA	+2.89,+243.3,+25.6,MB	+2.86,+244.6,+25.2,DB	+2.77,+250.0,+25.4,OB	
1701999179.1696703	+6.61,+22.5,+19.2,GA	+3.05,+229.2,+19.7,KB	+6.47,+30.9,+19.8,FA	+2.90,+242.2,+25.6,EB	+2.86,+244.3,+25.2,AB	+2.77,+249.8,+25.4,OB	
1701999241.1749077	+6.61,+22.5,+19.2,GA	+3.05,+229.2,+19.8,DB	+6.47,+30.9,+19.8,FA	+2.90,+242.4,+25.5,@B	+2.87,+243.9,+25.2,MB	+2.76,+250.8,+25.4,FB	
1701999303.200756	+6.61,+22.5,+19.2,GA	+3.05,+229.2,+19.8,DB	+6.47,+30.9,+19.8,FA	+2.89,+243.1,+25.5,LB	+2.87,+244.0,+25.2,CB	+2.75,+251.0,+25.4,LB	
1701999365.2074368	+6.61,+22.4,+19.2,FA	+3.05,+229.2,+19.8,DB	+6.47,+31.0,+19.8,NA	+2.90,+242.7,+25.5,CB	+2.86,+244.7,+25.2,EB	+2.78,+249.3,+25.4,KB	
1701999427.223396	+6.61,+22.5,+19.2,GA	+3.05,+229.1,+19.7,HB	+6.47,+30.9,+19.8,FA	+2.90,+242.3,+25.5,GB	+2.86,+244.6,+25.2,DB	+2.78,+249.7,+25.4,OB	
1701999489.2381716	+6.61,+22.4,+19.2,FA	+3.05,+229.2,+19.8,DB	+6.47,+30.9,+19.8,FA	+2.90,+242.3,+25.6,DB	+2.86,+244.6,+25.2,DB	+2.78,+249.5,+25.4,MB	
1701999551.2504506	+6.61,+22.5,+19.2,GA	+3.05,+229.2,+19.8,DB	+6.47,+31.0,+19.8,NA	+2.89,+243.3,+25.6,MB	+2.87,+243.8,+25.2,LB	+2.75,+251.0,+25.4,LB	
1701999613.2721207	+6.61,+22.4,+19.2,FA	+3.05,+229.2,+19.8,DB	+6.47,+30.9,+19.8,FA	+2.90,+242.6,+25.5,BB	+2.86,+244.5,+25.2,GB	+2.78,+249.6,+25.4,NB	
1701999675.2848985	+6.61,+22.4,+19.2,FA	+3.05,+229.2,+19.8,DB	+6.47,+31.0,+19.8,NA	+2.88,+243.5,+25.5,IB	+2.87,+243.9,+25.2,MB	+2.76,+250.8,+25.4,FB	
1701999737.301777	+6.61,+22.4,+19.2,FA	+3.05,+229.2,+19.8,DB	+6.47,+30.9,+19.8,FA	+2.88,+243.4,+25.5,HB	+2.87,+244.0,+25.2,CB	+2.76,+250.4,+25.4,JB	
1701999799.3181233	+6.61,+22.4,+19.2,FA	+3.05,+229.2,+19.8,DB	+6.47,+31.0,+19.8,NA	+2.90,+242.7,+25.6,@B	+2.86,+244.5,+25.2,GB	+2.79,+249.1,+25.4,HB	
1701999861.3354845	+6.61,+22.4,+19.2,FA	+3.05,+229.1,+19.7,HB	+6.47,+30.9,+19.8,FA	+2.91,+242.1,+25.5,DB	+2.86,+244.5,+25.2,GB	+2.78,+249.6,+25.4,NB	
1701999923.3526728	+6.61,+22.4,+19.2,FA	+3.05,+229.1,+19.8,GB	+6.46,+31.1,+19.8,NA	+2.90,+242.5,+25.5,AB	+2.86,+244.6,+25.2,DB	+2.79,+249.0,+25.4,IB	
1701999985.3705173	+6.61,+22.4,+19.2,FA	+3.05,+229.1,+19.7,HB	+6.47,+31.0,+19.8,NA	+2.91,+242.1,+25.6,GB	+2.86,+244.5,+25.2,GB	+2.78,+249.6,+25.4,NB	
1702000047.390331	+6.61,+22.5,+19.2,GA	+3.05,+229.2,+19.7,KB	+6.47,+31.0,+19.8,NA	+2.90,+242.6,+25.6,AB	+2.87,+244.1,+25.2,BB	+2.76,+250.6,+25.3,OB	
1702000109.4064689	+6.61,+22.4,+19.2,FA	+3.05,+229.2,+19.8,DB	+6.47,+31.0,+19.8,NA	+2.90,+242.2,+25.5,FB	+2.86,+244.4,+25.2,FB	+2.77,+250.1,+25.4,NB	
1702000171.4216409	+6.61,+22.5,+19.2,GA	+3.05,+229.2,+19.7,KB	+6.47,+31.0,+19.8,NA	+2.89,+243.2,+25.6,LB	+2.87,+243.9,+25.2,MB	+2.77,+250.3,+25.4,LB	
1702000233.4366126	+6.61,+22.5,+19.2,GA	+3.05,+229.2,+19.8,DB	+6.47,+31.0,+19.8,NA	+2.89,+243.4,+25.6,JB	+2.87,+244.0,+25.2,CB	+2.76,+250.4,+25.4,JB	
1702000480.182881	+6.61,+22.4,+19.2,FA	+3.05,+229.1,+19.8,GB	+6.47,+31.0,+19.8,NA	+2.90,+242.6,+25.5,BB	+2.86,+244.4,+25.2,FB	+2.76,+250.5,+25.4,KB	
1702000542.1915557	+6.61,+22.4,+19.2,FA	+3.05,+229.2,+19.7,KB	+6.47,+31.0,+19.8,NA	+2.90,+242.5,+25.5,AB	+2.86,+244.6,+25.2,DB	+2.77,+250.1,+25.4,NB	
1702000604.197327	+6.61,+22.4,+19.2,FA	+3.05,+229.2,+19.7,KB	+6.47,+31.0,+19.8,NA	+2.91,+242.2,+25.6,DB	+2.86,+244.7,+25.2,EB	+2.78,+249.5,+25.4,MB	
1702000666.2193854	+6.61,+22.5,+19.2,GA	+3.05,+229.1,+19.8,GB	+6.46,+31.1,+19.8,NA	+2.89,+243.3,+25.5,NB	+2.87,+244.2,+25.2,AB	+2.76,+250.8,+25.4,FB	
1702000728.2365701	+6.61,+22.5,+19.2,GA	+3.05,+229.1,+19.8,GB	+6.47,+30.9,+19.8,FA	+2.90,+242.3,+25.6,DB	+2.86,+244.4,+25.2,FB	+2.79,+249.0,+25.4,IB	
1702000790.2566166	+6.61,+22.5,+19.2,GA	+3.05,+229.2,+19.8,DB	+6.47,+30.9,+19.8,FA	+2.89,+243.2,+25.6,LB	+2.87,+243.9,+25.2,MB	+2.77,+250.1,+25.4,NB	
1702000852.2724733	+6.61,+22.4,+19.2,FA	+3.05,+229.1,+19.8,GB	+6.47,+31.0,+19.8,NA	+2.90,+242.6,+25.5,BB	+2.87,+243.9,+25.2,MB	+2.78,+249.4,+25.4,LB	
1702000914.289192	+6.61,+22.4,+19.3,GA	+3.05,+229.1,+19.8,GB	+6.47,+31.0,+19.8,NA	+2.91,+242.1,+25.6,GB	+2.86,+244.7,+25.2,EB	+2.78,+249.4,+25.4,LB	
1702000976.305237	+6.61,+22.4,+19.2,FA	+3.05,+229.1,+19.8,GB	+6.46,+31.1,+19.8,NA	+2.91,+242.0,+25.5,EB	+2.86,+244.5,+25.2,GB	+2.79,+248.9,+25.4,AB	
1702001038.3258398	+6.61,+22.4,+19.2,FA	+3.05,+229.1,+19.7,HB	+6.47,+31.0,+19.8,NA	+2.91,+242.1,+25.6,GB	+2.86,+244.4,+25.2,FB	+2.79,+248.8,+25.4,@B	
1702001100.3433475	+6.61,+22.4,+19.3,GA	+3.05,+229.1,+19.8,GB	+6.47,+31.0,+19.9,OA	+2.91,+242.1,+25.6,GB	+2.86,+244.6,+25.2,DB	+2.78,+249.3,+25.4,KB	
1702001162.3696136	+6.61,+22.4,+19.2,FA	+3.05,+229.1,+19.8,GB	+6.47,+30.9,+19.8,FA	+2.89,+243.0,+25.5,MB	+2.86,+244.5,+25.2,GB	+2.76,+250.5,+25.4,KB	
1702001224.3870952	+6.61,+22.4,+19.2,FA	+3.05,+229.2,+19.8,DB	+6.47,+31.0,+19.9,OA	+2.90,+242.2,+25.6,EB	+2.87,+243.9,+25.2,MB	+2.78,+249.3,+25.4,KB	
1702001286.4139857	+6.61,+22.4,+19.3,GA	+3.05,+229.1,+19.8,GB	+6.46,+31.1,+19.9,OA	+2.90,+242.8,+25.6,OB	+2.86,+244.7,+25.2,EB	+2.77,+250.2,+25.4,MB	
1702001348.4391878	+6.61,+22.4,+19.2,FA	+3.05,+229.1,+19.8,GB	+6.46,+31.1,+19.8,NA	+2.89,+243.2,+25.5,OB	+2.86,+244.3,+25.2,AB	+2.76,+250.7,+25.4,IB	
1702001410.4433842	+6.61,+22.4,+19.2,FA	+3.05,+229.1,+19.8,GB	+6.46,+31.1,+19.8,NA	+2.90,+242.7,+25.5,CB	+2.86,+244.8,+25.2,JB	+2.77,+250.2,+25.4,MB	
1702001472.455095	+6.61,+22.5,+19.2,GA	+3.05,+229.1,+19.8,GB	+6.47,+31.0,+19.9,OA	+2.91,+241.9,+25.5,OB	+2.87,+244.0,+25.2,CB	+2.79,+249.0,+25.4,IB	
1702001534.469589	+6.61,+22.4,+19.2,FA	+3.05,+229.0,+19.8,FB	+6.47,+31.0,+19.9,OA	+2.89,+243.3,+25.6,MB	+2.86,+244.7,+25.2,EB	+2.76,+250.7,+25.4,IB	
1702001596.4898362	+6.61,+22.4,+19.2,FA	+3.05,+229.1,+19.8,GB	+6.47,+31.0,+19.9,OA	+2.90,+242.4,+25.5,@B	+2.87,+244.0,+25.2,CB	+2.78,+249.6,+25.4,NB	
1702001658.5104501	+6.61,+22.4,+19.3,GA	+3.05,+229.1,+19.8,GB	+6.46,+31.1,+19.8,NA	+2.91,+241.9,+25.6,LB	+2.87,+244.2,+25.2,AB	+2.79,+249.1,+25.4,HB	
1702001720.5234451	+6.61,+22.5,+19.3,FA	+3.05,+229.1,+19.8,GB	+6.47,+31.0,+19.9,OA	+2.90,+242.7,+25.5,CB	+2.87,+244.2,+25.2,AB	+2.77,+250.0,+25.4,OB	
1702001782.5372138	+6.61,+22.4,+19.2,FA	+3.05,+229.1,+19.8,GB	+6.46,+31.1,+19.9,OA	+2.91,+242.1,+25.6,GB	+2.87,+244.0,+25.2,CB	+2.79,+249.1,+25.4,HB	
1702001844.552393	+6.61,+22.3,+19.3,@A	+3.05,+229.1,+19.7,HB	+6.47,+31.0,+19.8,NA	+2.90,+242.6,+25.6,AB	+2.86,+244.6,+25.2,DB	+2.77,+249.8,+25.3,HB	
1702001906.5641203	+6.61,+22.4,+19.3,GA	+3.05,+229.1,+19.8,GB	+6.47,+31.0,+19.9,OA	+2.89,+243.2,+25.5,OB	+2.86,+244.8,+25.2,JB	+2.76,+250.4,+25.4,JB	
1702001968.571363	+6.61,+22.4,+19.2,FA	+3.05,+229.1,+19.8,GB	+6.46,+31.1,+19.9,OA	+2.88,+243.5,+25.6,JB	+2.86,+244.8,+25.2,JB	+2.76,+250.8,+25.4,FB	
1702002030.585226	+6.61,+22.5,+19.2,GA	+3.05,+229.1,+19.8,GB	+6.47,+31.0,+19.9,OA	+2.90,+242.3,+25.5,GB	+2.87,+244.0,+25.2,CB	+2.78,+249.2,+25.4,JB	
1702002092.5972397	+6.61,+22.5,+19.3,FA	+3.05,+229.1,+19.8,GB	+6.46,+31.1,+19.9,OA	+2.90,+242.4,+25.6,CB	+2.87,+244.2,+25.2,AB	+2.78,+249.6,+25.4,NB	
1702002154.6103463	+6.61,+22.4,+19.3,GA	+3.05,+229.1,+19.8,GB	+6.47,+31.0,+19.9,OA	+2.90,+242.7,+25.5,CB	+2.86,+244.5,+25.2,GB	+2.76,+250.4,+25.4,JB	
1702002216.6239147	+6.61,+22.4,+19.3,GA	+3.05,+229.1,+19.8,GB	+6.46,+31.1,+19.9,OA	+2.89,+243.0,+25.6,NB	+2.86,+244.6,+25.2,DB	+2.76,+250.5,+25.3,LB	
1702002278.6451535	+6.61,+22.4,+19.3,GA	+3.05,+229.1,+19.8,GB	+6.46,+31.1,+19.9,OA	+2.91,+242.1,+25.6,GB	+2.87,+244.0,+25.2,CB	+2.78,+249.2,+25.4,JB	
1702002340.6635275	+6.61,+22.4,+19.3,GA	+3.05,+229.1,+19.8,GB	+6.47,+31.0,+19.9,OA	+2.90,+242.7,+25.6,@B	+2.86,+244.5,+25.2,GB	+2.77,+250.2,+25.4,MB	
1702002402.6901033	+6.61,+22.4,+19.3,GA	+3.05,+229.1,+19.8,GB	+6.46,+31.1,+19.9,OA	+2.91,+242.1,+25.5,DB	+2.87,+244.1,+25.2,BB	+2.78,+249.2,+25.4,JB	
1702002464.7056499	+6.61,+22.5,+19.3,FA	+3.05,+229.1,+19.8,GB	+6.46,+31.1,+19.9,OA	+2.90,+242.2,+25.6,EB	+2.86,+244.3,+25.2,AB	+2.78,+249.6,+25.4,NB	
1702002526.7267761	+6.61,+22.5,+19.3,FA	+3.05,+229.1,+19.8,GB	+6.46,+31.1,+19.9,OA	+2.90,+242.4,+25.6,CB	+2.87,+244.1,+25.2,BB	+2.78,+249.3,+25.4,KB	
1702002588.749636	+6.61,+22.4,+19.3,GA	+3.05,+229.1,+19.8,GB	+6.46,+31.1,+19.9,OA	+2.88,+243.4,+25.6,KB	+2.86,+244.8,+25.2,JB	+2.76,+250.7,+25.4,IB	
1702002650.7628477	+6.61,+22.4,+19.3,GA	+3.05,+229.1,+19.8,GB	+6.46,+31.1,+19.9,OA	+2.89,+243.3,+25.6,MB	+2.85,+244.9,+25.2,HB	+2.76,+250.8,+25.4,FB	
1702002712.7703846	+6.61,+22.5,+19.3,FA	+3.05,+229.1,+19.8,GB	+6.47,+31.0,+19.9,OA	+2.91,+241.9,+25.5,OB	+2.87,+244.1,+25.2,BB	+2.79,+249.0,+25.4,IB	
1702002774.7816823	+6.61,+22.5,+19.3,FA	+3.05,+229.1,+19.8,GB	+6.47,+31.0,+19.9,OA	+2.91,+242.1,+25.6,GB	+2.87,+244.1,+25.2,BB	+2.79,+249.1,+25.4,HB	
1702002836.7930782	+6.61,+22.4,+19.3,GA	+3.05,+229.1,+19.8,GB	+6.46,+31.1,+19.9,OA	+2.91,+242.0,+25.6,FB	+2.86,+244.5,+25.2,GB	+2.78,+249.7,+25.3,HB	
1702002898.8169398	+6.61,+22.5,+19.3,FA	+3.05,+229.0,+19.8,FB	+6.46,+31.1,+19.9,OA	+2.91,+242.1,+25.6,GB	+2.86,+244.3,+25.2,AB	+2.78,+249.4,+25.4,LB	
1702002960.8301225	+6.61,+22.5,+19.3,FA	+3.05,+229.1,+19.8,GB	+6.46,+31.1,+19.9,OA	+2.90,+242.6,+25.6,AB	+2.87,+244.1,+25.2,BB	+2.78,+249.4,+25.4,LB	
1702003022.854637	+6.61,+22.4,+19.3,GA	+3.05,+229.1,+19.8,GB	+6.46,+31.1,+19.9,OA	+2.91,+242.0,+25.5,EB	+2.86,+244.4,+25.2,FB	+2.78,+249.4,+25.4,LB	
1702003084.8678482	+6.61,+22.5,+19.3,FA	+3.05,+229.1,+19.8,GB	+6.46,+31.1,+19.9,OA	+2.90,+242.7,+25.6,@B	+2.87,+244.1,+25.2,BB	+2.77,+249.9,+25.4,NB	
1702003146.891528	+6.61,+22.4,+19.3,GA	+3.05,+229.1,+19.8,GB	+6.47,+31.0,+19.9,OA	+2.89,+243.1,+25.6,OB	+2.87,+244.3,+25.2,@B	+2.76,+250.3,+25.3,JB	
1702003208.9103856	+6.61,+22.5,+19.3,FA	+3.05,+229.1,+19.8,GB	+6.46,+31.1,+19.9,OA	+2.89,+243.0,+25.5,MB	+2.87,+244.1,+25.2,BB	+2.77,+250.1,+25.4,NB	
1702003270.9176776	+6.61,+22.5,+19.2,GA	+3.05,+229.1,+19.8,GB	+6.47,+31.0,+19.9,OA	+2.89,+243.0,+25.5,MB	+2.87,+244.2,+25.2,AB	+2.77,+250.3,+25.4,LB	
1702003332.9328277	+6.61,+22.4,+19.2,FA	+3.05,+229.1,+19.8,GB	+6.46,+31.2,+19.8,MA	+2.90,+242.3,+25.5,GB	+2.85,+244.9,+25.2,HB	+2.76,+250.6,+25.4,HB	
1702003394.9535518	+6.61,+22.5,+19.3,FA	+3.05,+229.0,+19.8,FB	+6.46,+31.1,+19.9,OA	+2.90,+242.2,+25.6,EB	+2.86,+244.6,+25.2,DB	+2.78,+249.7,+25.4,OB	
1702003456.9618633	+6.61,+22.5,+19.3,FA	+3.05,+229.0,+19.8,FB	+6.46,+31.1,+19.9,OA	+2.88,+243.6,+25.6,IB	+2.86,+244.3,+25.2,AB	+2.75,+250.9,+25.3,CB	
1702003518.971017	+6.61,+22.4,+19.3,GA	+3.05,+229.0,+19.8,FB	+6.46,+31.1,+19.9,OA	+2.90,+242.6,+25.6,AB	+2.86,+244.6,+25.2,DB	+2.78,+249.7,+25.4,OB	
1702003580.9987772	+6.61,+22.5,+19.3,FA	+3.05,+229.1,+19.8,GB	+6.47,+31.0,+19.9,OA	+2.90,+242.6,+25.6,AB	+2.86,+244.6,+25.2,DB	+2.78,+249.7,+25.4,OB	
1702003643.0070882	+6.61,+22.5,+19.3,FA	+3.05,+229.1,+19.8,GB	+6.46,+31.2,+19.9,LA	+2.89,+243.3,+25.6,MB	+2.87,+244.2,+25.2,AB	+2.76,+250.3,+25.4,MB	
1702003705.0236344	+6.61,+22.4,+19.3,GA	+3.05,+229.1,+19.8,GB	+6.46,+31.1,+19.9,OA	+2.88,+243.5,+25.6,JB	+2.86,+244.4,+25.2,FB	+2.75,+251.1,+25.4,MB	
1702003767.038579	+6.61,+22.4,+19.2,FA	+3.05,+229.0,+19.8,FB	+6.46,+31.1,+19.8,NA	+2.89,+243.0,+25.5,MB	+2.86,+244.8,+25.2,JB	+2.75,+251.2,+25.4,NB	
1702003829.05729	+6.61,+22.4,+19.2,FA	+3.05,+229.1,+19.8,GB	+6.46,+31.1,+19.9,OA	+2.90,+242.5,+25.5,AB	+2.85,+244.9,+25.2,HB	+2.77,+249.8,+25.4,OB	
1702003891.0703988	+6.61,+22.4,+19.3,GA	+3.05,+229.0,+19.7,IB	+6.46,+31.2,+19.8,MA	+2.90,+242.7,+25.5,CB	+2.85,+244.9,+25.2,HB	+2.78,+249.7,+25.4,OB	
1702003953.0876336	+6.61,+22.4,+19.3,GA	+3.05,+229.1,+19.8,GB	+6.46,+31.1,+19.8,NA	+2.90,+242.5,+25.6,BB	+2.85,+245.1,+25.2,AB	+2.76,+250.6,+25.4,HB	
1702004015.110039	+6.61,+22.4,+19.3,GA	+3.05,+229.1,+19.8,GB	+6.47,+31.0,+19.9,OA	+2.88,+243.7,+25.6,HB	+2.87,+244.1,+25.2,BB	+2.76,+250.7,+25.4,IB	
1702004077.1321003	+6.61,+22.4,+19.3,GA	+3.05,+229.1,+19.8,GB	+6.46,+31.0,+19.9,NA	+2.88,+243.4,+25.5,HB	+2.86,+244.3,+25.2,AB	+2.77,+250.2,+25.4,MB	
1702004323.9182136	+6.61,+22.5,+19.3,FA	+3.05,+229.1,+19.8,GB	+6.46,+31.1,+19.8,NA	+2.89,+242.9,+25.5,EB	+2.86,+244.6,+25.2,DB	+2.75,+251.2,+25.4,NB	
1702004385.9245157	+6.61,+22.4,+19.3,GA	+3.05,+229.1,+19.8,GB	+6.46,+31.1,+19.9,OA	+2.88,+243.5,+25.6,JB	+2.86,+244.4,+25.2,FB	+2.76,+250.4,+25.4,JB	
1702004447.9279618	+6.61,+22.3,+19.3,@A	+3.05,+229.1,+19.8,GB	+6.46,+31.1,+19.9,OA	+2.88,+243.4,+25.6,KB	+2.86,+244.4,+25.2,FB	+2.76,+250.3,+25.4,MB	
1702004509.9451287	+6.61,+22.4,+19.3,GA	+3.05,+229.1,+19.8,GB	+6.46,+31.1,+19.8,NA	+2.90,+242.7,+25.5,CB	+2.86,+244.6,+25.2,DB	+2.75,+251.2,+25.4,NB	
1702004571.9497168	+6.61,+22.4,+19.3,GA	+3.05,+229.1,+19.8,GB	+6.46,+31.1,+19.8,NA	+2.90,+242.5,+25.6,BB	+2.85,+245.1,+25.2,AB	+2.77,+249.8,+25.4,OB	
1702004633.9668872	+6.61,+22.4,+19.3,GA	+3.05,+229.1,+19.8,GB	+6.46,+31.1,+19.8,NA	+2.90,+242.6,+25.5,BB	+2.86,+244.6,+25.2,DB	+2.75,+251.0,+25.4,LB	
1702004695.9863527	+6.61,+22.4,+19.3,GA	+3.05,+229.1,+19.8,GB	+6.46,+31.1,+19.9,OA	+2.90,+242.2,+25.5,FB	+2.85,+245.0,+25.2,@B	+2.77,+250.1,+25.4,NB	
1702004758.0046933	+6.61,+22.4,+19.2,FA	+3.05,+229.1,+19.8,GB	+6.46,+31.1,+19.9,OA	+2.88,+243.4,+25.5,HB	+2.86,+244.7,+25.2,EB	+2.77,+250.2,+25.4,MB	
1702004820.0128963	+6.61,+22.4,+19.2,FA	+3.05,+229.1,+19.8,GB	+6.46,+31.1,+19.8,NA	+2.89,+243.3,+25.6,MB	+2.86,+244.3,+25.2,AB	+2.75,+251.0,+25.4,LB	
1702004882.022903	+6.61,+22.4,+19.3,GA	+3.05,+229.0,+19.8,FB	+6.46,+31.1,+19.8,NA	+2.89,+243.3,+25.6,MB	+2.86,+244.4,+25.2,FB	+2.75,+251.2,+25.4,NB	
1702004944.0306013	+6.61,+22.3,+19.3,@A	+3.05,+229.0,+19.8,FB	+6.47,+31.0,+19.9,OA	+2.89,+243.1,+25.6,OB	+2.85,+245.1,+25.2,AB	+2.78,+249.6,+25.4,NB	
1702005006.0492203	+6.61,+22.3,+19.2,AA	+3.05,+229.0,+19.8,FB	+6.46,+31.1,+19.9,OA	+2.89,+243.3,+25.5,NB	+2.85,+245.0,+25.2,@B	+2.78,+249.7,+25.4,OB	
1702005068.0582905	+6.61,+22.3,+19.3,@A	+3.05,+229.1,+19.8,GB	+6.46,+31.1,+19.9,OA	+2.88,+243.4,+25.5,HB	+2.85,+244.9,+25.2,HB	+2.77,+250.2,+25.4,MB	
1702005130.0587635	+6.61,+22.4,+19.3,GA	+3.05,+229.1,+19.8,GB	+6.47,+31.0,+19.9,OA	+2.90,+242.4,+25.6,CB	+2.86,+244.6,+25.2,DB	+2.76,+250.8,+25.4,FB	
1702005192.0658097	+6.61,+22.4,+19.3,GA	+3.05,+229.1,+19.8,GB	+6.46,+31.1,+19.9,OA	+2.90,+242.5,+25.6,BB	+2.86,+244.4,+25.2,FB	+2.75,+251.0,+25.4,LB	
1702005254.0795252	+6.61,+22.3,+19.3,@A	+3.05,+229.1,+19.8,GB	+6.46,+31.1,+19.9,OA	+2.90,+242.7,+25.6,@B	+2.85,+245.0,+25.2,@B	+2.77,+249.9,+25.3,IB	
1702005316.0935647	+6.61,+22.3,+19.3,@A	+3.05,+229.0,+19.8,FB	+6.46,+31.1,+19.9,OA	+2.90,+242.6,+25.5,BB	+2.86,+244.3,+25.2,AB	+2.75,+251.1,+25.4,MB	
1702005378.118432	+6.61,+22.4,+19.3,GA	+3.05,+229.1,+19.8,GB	+6.46,+31.2,+19.9,LA	+2.90,+242.2,+25.6,EB	+2.86,+244.5,+25.2,GB	+2.76,+250.5,+25.4,KB	
1702005440.143608	+6.61,+22.4,+19.3,GA	+3.05,+229.1,+19.8,GB	+6.47,+31.0,+19.9,OA	+2.88,+243.5,+25.6,JB	+2.85,+245.1,+25.2,AB	+2.77,+249.8,+25.4,OB	
1702005502.158948	+6.61,+22.3,+19.3,@A	+3.05,+229.0,+19.8,FB	+6.47,+31.0,+19.9,OA	+2.88,+243.6,+25.6,IB	+2.85,+244.9,+25.2,HB	+2.77,+250.2,+25.4,MB	
1702005564.1779764	+6.61,+22.4,+19.3,GA	+3.05,+229.0,+19.8,FB	+6.47,+31.0,+19.9,OA	+2.89,+243.0,+25.6,NB	+2.85,+245.0,+25.2,@B	+2.78,+249.6,+25.4,NB	
1702005626.2058108	+6.61,+22.4,+19.3,GA	+3.05,+229.1,+19.8,GB	+6.47,+31.0,+19.9,OA	+2.90,+242.7,+25.6,@B	+2.85,+244.8,+25.2,IB	+2.77,+249.9,+25.4,NB	
1702005688.2140687	+6.61,+22.3,+19.3,@A	+3.05,+229.1,+19.8,GB	+6.46,+31.1,+19.9,OA	+2.91,+242.1,+25.6,GB	+2.86,+244.4,+25.2,FB	+2.75,+251.1,+25.4,MB	
1702005750.2336154	+6.61,+22.3,+19.3,@A	+3.05,+229.1,+19.8,GB	+6.47,+31.0,+19.9,OA	+2.91,+242.1,+25.5,DB	+2.86,+244.5,+25.2,GB	+2.76,+250.7,+25.4,IB	
1702005812.2496724	+6.61,+22.3,+19.3,@A	+3.05,+229.1,+19.8,GB	+6.46,+31.1,+19.9,OA	+2.89,+243.3,+25.6,MB	+2.85,+245.2,+25.2,BB	+2.78,+249.7,+25.4,OB	
1702005874.2628	+6.61,+22.3,+19.3,@A	+3.05,+229.0,+19.8,FB	+6.46,+31.1,+19.8,NA	+2.88,+243.5,+25.6,JB	+2.85,+245.2,+25.2,BB	+2.76,+250.4,+25.4,JB	
1702005936.2764661	+6.61,+22.3,+19.3,@A	+3.05,+229.1,+19.8,GB	+6.46,+31.1,+19.9,OA	+2.90,+242.4,+25.6,CB	+2.86,+244.5,+25.2,GB	+2.76,+250.6,+25.4,HB	
1702005998.291948	+6.61,+22.3,+19.3,@A	+3.05,+229.1,+19.8,GB	+6.46,+31.1,+19.9,OA	+2.89,+242.9,+25.5,EB	+2.85,+244.9,+25.2,HB	+2.75,+251.2,+25.3,IB	
1702006060.3116367	+6.61,+22.3,+19.3,@A	+3.05,+229.0,+19.8,FB	+6.46,+31.1,+19.9,OA	+2.89,+243.1,+25.6,OB	+2.85,+244.9,+25.2,HB	+2.78,+249.7,+25.4,OB	
1702006122.329171	+6.61,+22.3,+19.3,@A	+3.05,+229.1,+19.8,GB	+6.46,+31.1,+19.8,NA	+2.89,+243.0,+25.6,NB	+2.85,+244.9,+25.2,HB	+2.77,+249.8,+25.4,OB	
1702006184.3450112	+6.61,+22.3,+19.2,AA	+3.05,+229.1,+19.8,GB	+6.47,+31.0,+19.9,OA	+2.89,+243.3,+25.6,MB	+2.85,+245.2,+25.2,BB	+2.76,+250.7,+25.4,IB	
1702006246.362638	+6.62,+22.3,+19.3,CA	+3.05,+229.1,+19.8,GB	+6.46,+31.0,+19.9,NA	+2.90,+242.5,+25.5,AB	+2.86,+244.8,+25.2,JB	+2.75,+251.4,+25.4,HB	
1702006308.3796537	+6.62,+22.3,+19.2,BA	+3.05,+229.1,+19.8,GB	+6.46,+31.1,+19.8,NA	+2.90,+242.7,+25.6,@B	+2.85,+244.9,+25.2,HB	+2.75,+251.4,+25.4,HB	
1702006370.3993468	+6.62,+22.3,+19.2,BA	+3.05,+229.0,+19.7,IB	+6.47,+31.0,+19.9,OA	+2.90,+242.3,+25.5,GB	+2.86,+244.7,+25.2,EB	+2.75,+251.4,+25.3,OB	
1702006432.4153652	+6.61,+22.3,+19.2,AA	+3.05,+229.1,+19.8,GB	+6.47,+31.0,+19.8,NA	+2.90,+242.2,+25.6,EB	+2.86,+244.7,+25.2,EB	+2.75,+251.2,+25.4,NB	
1702006494.4298937	+6.61,+22.3,+19.3,@A	+3.05,+229.0,+19.8,FB	+6.47,+31.0,+19.8,NA	+2.89,+243.2,+25.6,LB	+2.86,+244.7,+25.2,EB	+2.77,+250.1,+25.4,NB	
1702006556.4442446	+6.61,+22.3,+19.3,@A	+3.05,+229.1,+19.8,GB	+6.47,+31.0,+19.8,NA	+2.88,+243.7,+25.5,KB	+2.85,+244.9,+25.2,HB	+2.77,+249.7,+25.4,@B	
1702006618.4603195	+6.61,+22.3,+19.3,@A	+3.05,+229.1,+19.8,GB	+6.46,+31.0,+19.9,NA	+2.88,+243.6,+25.6,IB	+2.85,+244.9,+25.2,HB	+2.78,+249.6,+25.4,NB	
1702006680.4752543	+6.61,+22.3,+19.3,@A	+3.05,+229.0,+19.8,FB	+6.47,+31.0,+19.8,NA	+2.88,+243.4,+25.5,HB	+2.85,+245.4,+25.2,DB	+2.76,+250.3,+25.4,MB	
1702006742.4883802	+6.61,+22.4,+19.3,GA	+3.05,+229.1,+19.8,GB	+6.46,+31.0,+19.8,OA	+2.89,+242.9,+25.5,EB	+2.86,+244.5,+25.1,DB	+2.77,+250.2,+25.4,MB	
1702006804.5045884	+6.61,+22.4,+19.3,GA	+3.05,+229.1,+19.8,GB	+6.47,+30.9,+19.9,GA	+2.89,+243.1,+25.6,OB	+2.85,+245.4,+25.2,DB	+2.76,+250.8,+25.4,FB	
1702006866.516819	+6.61,+22.4,+19.2,FA	+3.05,+229.1,+19.8,GB	+6.47,+30.9,+19.8,FA	+2.89,+243.2,+25.5,OB	+2.85,+245.4,+25.2,DB	+2.76,+250.5,+25.4,KB	
1702006928.5220888	+6.61,+22.3,+19.2,AA	+3.05,+229.1,+19.8,GB	+6.47,+31.0,+19.9,OA	+2.90,+242.5,+25.6,BB	+2.85,+245.2,+25.2,BB	+2.75,+251.4,+25.4,HB	
1702006990.5271053	+6.61,+22.4,+19.2,FA	+3.05,+229.1,+19.8,GB	+6.47,+31.0,+19.9,OA	+2.90,+242.6,+25.6,AB	+2.85,+245.4,+25.2,DB	+2.75,+251.3,+25.4,OB	
1702007052.541985	+6.61,+22.4,+19.3,GA	+3.05,+229.1,+19.8,GB	+6.47,+31.0,+19.9,OA	+2.89,+243.3,+25.5,NB	+2.85,+245.1,+25.2,AB	+2.75,+251.0,+25.4,LB	
1702007114.5621061	+6.61,+22.4,+19.3,GA	+3.05,+229.0,+19.8,FB	+6.47,+31.0,+19.9,OA	+2.89,+243.3,+25.5,NB	+2.85,+245.2,+25.2,BB	+2.76,+250.6,+25.4,HB	
1702007176.5744562	+6.61,+22.4,+19.3,GA	+3.05,+229.1,+19.8,GB	+6.47,+30.9,+19.9,GA	+2.88,+243.4,+25.6,KB	+2.86,+244.6,+25.2,DB	+2.77,+250.2,+25.4,MB	
1702007238.586344	+6.61,+22.3,+19.3,@A	+3.05,+229.0,+19.8,FB	+6.47,+31.0,+19.9,OA	+2.89,+243.1,+25.6,OB	+2.85,+245.3,+25.2,CB	+2.76,+250.9,+25.4,GB	
1702007300.5992255	+6.61,+22.3,+19.3,@A	+3.05,+229.1,+19.8,GB	+6.47,+30.9,+19.9,GA	+2.90,+242.6,+25.6,AB	+2.85,+244.9,+25.2,HB	+2.75,+251.1,+25.3,JB	
1702007362.6126115	+6.61,+22.4,+19.3,GA	+3.05,+229.0,+19.8,FB	+6.47,+31.0,+19.9,OA	+2.89,+243.4,+25.6,JB	+2.86,+244.6,+25.2,DB	+2.77,+249.9,+25.4,NB	
1702007424.6319113	+6.61,+22.3,+19.3,@A	+3.05,+229.1,+19.8,GB	+6.47,+30.9,+19.9,GA	+2.90,+242.3,+25.6,DB	+2.85,+245.2,+25.2,BB	+2.75,+251.3,+25.4,OB	
1702007486.64599	+6.61,+22.4,+19.3,GA	+3.05,+229.0,+19.8,FB	+6.47,+31.0,+19.8,NA	+2.88,+243.7,+25.5,KB	+2.86,+244.6,+25.2,DB	+2.77,+249.8,+25.4,OB	
1702007548.658409	+6.61,+22.3,+19.3,@A	+3.05,+229.1,+19.8,GB	+6.47,+30.9,+19.9,GA	+2.88,+243.5,+25.6,JB	+2.86,+244.8,+25.2,JB	+2.77,+250.2,+25.4,MB	
1702007610.677735	+6.61,+22.4,+19.3,GA	+3.05,+229.0,+19.8,FB	+6.47,+30.9,+19.9,GA	+2.89,+243.3,+25.5,NB	+2.85,+245.0,+25.2,@B	+2.77,+250.2,+25.3,JB	
1702007672.6978989	+6.61,+22.3,+19.3,@A	+3.05,+229.0,+19.8,FB	+6.47,+30.9,+19.9,GA	+2.88,+243.7,+25.5,KB	+2.86,+244.7,+25.2,EB	+2.78,+249.7,+25.4,OB	
1702007734.70944	+6.62,+22.3,+19.3,CA	+3.05,+229.0,+19.8,FB	+6.47,+31.0,+19.9,OA	+2.89,+242.9,+25.6,FB	+2.85,+245.2,+25.2,BB	+2.76,+250.9,+25.4,GB	
1702007796.7206264	+6.61,+22.4,+19.3,GA	+3.05,+229.1,+19.8,GB	+6.47,+30.9,+19.8,FA	+2.89,+242.9,+25.6,FB	+2.85,+245.0,+25.2,@B	+2.76,+250.5,+25.4,KB	
1702007858.7400596	+6.61,+22.4,+19.3,GA	+3.05,+229.0,+19.8,FB	+6.47,+31.0,+19.9,OA	+2.90,+242.7,+25.6,@B	+2.85,+245.3,+25.2,CB	+2.76,+250.9,+25.4,GB	
1702007920.7492182	+6.61,+22.4,+19.3,GA	+3.05,+229.0,+19.8,FB	+6.47,+31.0,+19.9,OA	+2.89,+243.1,+25.6,OB	+2.85,+244.9,+25.2,HB	+2.77,+250.2,+25.4,MB	
1702008167.4947815	+6.61,+22.4,+19.3,GA	+3.05,+229.0,+19.8,FB	+6.47,+30.9,+19.9,GA	+2.90,+242.4,+25.5,@B	+2.85,+245.2,+25.2,BB	+2.75,+250.9,+25.4,DB	
1702008229.5039592	+6.62,+22.3,+19.3,CA	+3.05,+229.1,+19.8,GB	+6.47,+30.9,+19.9,GA	+2.88,+243.6,+25.6,IB	+2.85,+244.9,+25.2,HB	+2.77,+249.9,+25.4,NB	
1702008291.519393	+6.61,+22.3,+19.3,@A	+3.05,+229.1,+19.8,GB	+6.47,+30.9,+19.9,GA	+2.88,+243.4,+25.5,HB	+2.86,+244.7,+25.2,EB	+2.77,+249.8,+25.4,OB	
1702008353.5398273	+6.61,+22.3,+19.3,@A	+3.05,+229.1,+19.8,GB	+6.47,+31.0,+19.9,OA	+2.89,+242.8,+25.6,GB	+2.84,+245.5,+25.2,DB	+2.75,+251.0,+25.3,KB	
1702008415.5526097	+6.61,+22.3,+19.3,@A	+3.05,+229.1,+19.8,GB	+6.47,+31.0,+19.9,OA	+2.90,+242.3,+25.6,DB	+2.84,+245.5,+25.2,DB	+2.74,+251.6,+25.4,KB	
1702008477.564101	+6.61,+22.4,+19.3,GA	+3.05,+229.0,+19.8,FB	+6.47,+31.0,+19.9,OA	+2.90,+242.3,+25.6,DB	+2.85,+245.3,+25.2,CB	+2.75,+251.2,+25.4,NB	
1702008539.5830216	+6.61,+22.3,+19.3,@A	+3.05,+229.0,+19.8,FB	+6.46,+31.1,+19.9,OA	+2.90,+242.3,+25.6,DB	+2.85,+245.3,+25.2,CB	+2.75,+251.3,+25.4,OB	
1702008601.5952687	+6.61,+22.4,+19.3,GA	+3.05,+229.0,+19.8,FB	+6.47,+31.0,+19.9,OA	+2.90,+242.2,+25.5,FB	+2.85,+245.3,+25.2,CB	+2.75,+251.4,+25.4,HB	
1702008663.6076922	+6.61,+22.3,+19.3,@A	+3.05,+229.1,+19.8,GB	+6.47,+30.9,+19.9,GA	+2.88,+243.5,+25.5,IB	+2.85,+245.2,+25.2,BB	+2.77,+250.1,+25.4,NB	
1702008725.6210408	+6.61,+22.4,+19.3,GA	+3.05,+229.0,+19.8,FB	+6.47,+31.0,+19.9,OA	+2.89,+242.9,+25.5,EB	+2.86,+244.8,+25.2,JB	+2.77,+250.2,+25.4,MB	
1702008787.6330352	+6.61,+22.3,+19.3,@A	+3.05,+229.0,+19.8,FB	+6.47,+31.0,+19.9,OA	+2.88,+243.7,+25.6,HB	+2.85,+245.1,+25.2,AB	+2.77,+249.8,+25.4,OB	
1702008849.63746	+6.62,+22.3,+19.3,CA	+3.05,+229.1,+19.8,GB	+6.47,+31.0,+19.9,OA	+2.88,+243.8,+25.6,GB	+2.85,+245.4,+25.2,DB	+2.77,+250.3,+25.4,LB	
1702008911.645153	+6.61,+22.4,+19.3,GA	+3.05,+229.1,+19.8,GB	+6.46,+31.1,+19.9,OA	+2.88,+243.4,+25.6,KB	+2.84,+245.7,+25.2,FB	+2.75,+251.0,+25.4,LB	
1702008973.6642265	+6.61,+22.3,+19.3,@A	+3.05,+229.0,+19.8,FB	+6.47,+31.0,+19.9,OA	+2.89,+243.2,+25.5,OB	+2.84,+245.6,+25.2,GB	+2.75,+251.1,+25.4,MB	
1702009035.678309	+6.61,+22.3,+19.3,@A	+3.05,+229.1,+19.8,GB	+6.47,+31.0,+19.9,OA	+2.88,+243.4,+25.5,HB	+2.84,+245.6,+25.2,GB	+2.76,+250.7,+25.4,IB	
1702009097.6913428	+6.62,+22.3,+19.3,CA	+3.05,+229.0,+19.8,FB	+6.47,+30.9,+19.9,GA	+2.88,+243.5,+25.6,JB	+2.85,+245.4,+25.2,DB	+2.77,+249.8,+25.4,OB	
1702009159.7165954	+6.61,+22.3,+19.3,@A	+3.05,+229.0,+19.8,FB	+6.47,+31.0,+19.9,OA	+2.90,+242.7,+25.6,@B	+2.85,+245.4,+25.2,DB	+2.75,+251.5,+25.4,IB	
1702009221.7288036	+6.62,+22.3,+19.3,CA	+3.05,+229.1,+19.8,GB	+6.47,+30.9,+19.9,GA	+2.88,+243.8,+25.6,GB	+2.84,+245.6,+25.2,GB	+2.77,+250.0,+25.4,OB	
1702009283.737636	+6.62,+22.3,+19.3,CA	+3.05,+229.1,+19.8,GB	+6.47,+31.0,+19.9,OA	+2.88,+243.6,+25.6,IB	+2.85,+245.4,+25.2,DB	+2.77,+249.9,+25.4,NB	
1702009345.7473657	+6.62,+22.2,+19.3,BA	+3.05,+229.0,+19.8,FB	+6.47,+31.0,+19.9,OA	+2.88,+243.4,+25.5,HB	+2.85,+245.4,+25.2,DB	+2.77,+249.8,+25.4,OB	
1702009407.7578175	+6.61,+22.3,+19.3,@A	+3.05,+229.1,+19.8,GB	+6.47,+30.9,+19.9,GA	+2.90,+242.5,+25.5,AB	+2.85,+245.2,+25.2,BB	+2.75,+251.5,+25.4,IB	
1702009469.7789223	+6.61,+22.3,+19.3,@A	+3.05,+229.1,+19.8,GB	+6.47,+31.0,+19.9,OA	+2.89,+242.8,+25.5,DB	+2.85,+245.1,+25.2,AB	+2.76,+250.3,+25.3,JB	
1702009531.7892394	+6.61,+22.3,+19.3,@A	+3.05,+229.1,+19.8,GB	+6.47,+30.9,+19.9,GA	+2.89,+243.2,+25.6,LB	+2.85,+245.4,+25.2,DB	+2.74,+251.5,+25.3,OB	
1702009593.800392	+6.62,+22.3,+19.3,CA	+3.05,+229.1,+19.8,GB	+6.47,+30.9,+19.9,GA	+2.90,+242.6,+25.5,BB	+2.85,+245.0,+25.2,@B	+2.75,+250.9,+25.4,DB	
1702009655.8119159	+6.62,+22.3,+19.3,CA	+3.05,+229.1,+19.8,GB	+6.47,+31.0,+19.9,OA	+2.89,+243.4,+25.6,JB	+2.84,+245.6,+25.2,GB	+2.77,+249.9,+25.4,NB	
1702009717.823098	+6.61,+22.3,+19.3,@A	+3.05,+229.0,+19.8,FB	+6.47,+31.0,+19.9,OA	+2.88,+243.6,+25.6,IB	+2.84,+245.7,+25.2,FB	+2.76,+250.6,+25.4,HB	
1702009779.8335552	+6.61,+22.3,+19.3,@A	+3.05,+229.0,+19.8,FB	+6.47,+31.0,+19.9,OA	+2.88,+243.8,+25.5,DB	+2.84,+245.8,+25.2,IB	+2.76,+250.3,+25.4,MB	
1702009841.8443973	+6.61,+22.4,+19.3,GA	+3.05,+229.0,+19.8,FB	+6.47,+31.0,+19.9,OA	+2.88,+243.8,+25.5,DB	+2.84,+245.8,+25.2,IB	+2.76,+250.4,+25.4,JB	
1702009903.8561594	+6.62,+22.3,+19.3,CA	+3.05,+229.1,+19.8,GB	+6.47,+31.0,+19.9,OA	+2.89,+243.1,+25.5,LB	+2.85,+245.1,+25.2,AB	+2.74,+251.6,+25.4,KB	
1702009965.8801079	+6.61,+22.3,+19.3,@A	+3.05,+229.0,+19.8,FB	+6.47,+31.0,+19.9,OA	+2.89,+243.2,+25.5,OB	+2.85,+245.3,+25.2,CB	+2.74,+251.6,+25.4,KB	
1702010027.9009383	+6.62,+22.3,+19.3,CA	+3.05,+229.1,+19.8,GB	+6.47,+30.9,+19.9,GA	+2.88,+243.6,+25.6,IB	+2.84,+245.7,+25.2,FB	+2.76,+250.4,+25.4,JB	
1702010089.921223	+6.62,+22.2,+19.3,BA	+3.05,+229.1,+19.8,GB	+6.47,+31.0,+19.9,OA	+2.90,+242.5,+25.5,AB	+2.85,+245.2,+25.2,BB	+2.76,+250.6,+25.3,OB	
1702010151.9298668	+6.62,+22.2,+19.3,BA	+3.05,+229.1,+19.8,GB	+6.47,+31.0,+19.9,OA	+2.90,+242.7,+25.5,CB	+2.85,+245.0,+25.2,@B	+2.75,+251.2,+25.4,NB	
1702010213.9391484	+6.61,+22.3,+19.3,@A	+3.05,+229.1,+19.8,GB	+6.47,+31.0,+19.9,OA	+2.87,+244.1,+25.5,EB	+2.84,+245.6,+25.2,GB	+2.76,+250.8,+25.4,FB	
1702010275.9465418	+6.62,+22.2,+19.3,BA	+3.05,+229.1,+19.8,GB	+6.47,+30.9,+19.9,GA	+2.89,+242.8,+25.5,DB	+2.85,+245.4,+25.2,DB	+2.76,+250.5,+25.3,LB	
1702010337.9551697	+6.62,+22.2,+19.3,BA	+3.05,+229.1,+19.8,GB	+6.47,+31.0,+19.9,OA	+2.89,+243.4,+25.6,JB	+2.85,+245.1,+25.2,AB	+2.74,+251.6,+25.4,KB	
1702010399.9622028	+6.62,+22.3,+19.3,CA	+3.05,+229.1,+19.8,GB	+6.47,+31.0,+19.9,OA	+2.88,+243.4,+25.5,HB	+2.85,+245.2,+25.2,BB	+2.75,+251.4,+25.4,HB	
1702010461.9808893	+6.62,+22.3,+19.3,CA	+3.05,+229.1,+19.8,GB	+6.47,+31.0,+19.9,OA	+2.88,+244.0,+25.6,HB	+2.84,+245.5,+25.2,DB	+2.75,+251.0,+25.4,LB	
1702010523.9876087	+6.62,+22.2,+19.3,BA	+3.05,+229.0,+19.8,FB	+6.47,+31.0,+19.9,OA	+2.90,+242.7,+25.5,CB	+2.85,+245.3,+25.2,CB	+2.76,+250.9,+25.4,GB	
1702010586.0067859	+6.61,+22.3,+19.3,@A	+3.05,+229.1,+19.8,GB	+6.47,+30.9,+19.9,GA	+2.88,+244.0,+25.6,HB	+2.85,+245.4,+25.2,DB	+2.76,+250.9,+25.4,GB	
1702010648.0133832	+6.62,+22.2,+19.3,BA	+3.05,+229.1,+19.8,GB	+6.47,+31.0,+19.9,OA	+2.88,+243.7,+25.5,KB	+2.85,+245.2,+25.2,BB	+2.75,+251.3,+25.4,OB	
1702010710.0201278	+6.62,+22.3,+19.3,CA	+3.05,+229.1,+19.8,GB	+6.47,+30.9,+19.9,GA	+2.88,+243.6,+25.5,JB	+2.84,+245.6,+25.2,GB	+2.76,+250.5,+25.4,KB	
1702010772.0305011	+6.62,+22.3,+19.3,CA	+3.05,+229.1,+19.8,GB	+6.47,+30.9,+19.9,GA	+2.88,+243.8,+25.6,GB	+2.85,+245.2,+25.2,BB	+2.75,+251.3,+25.4,OB	
1702010834.0374784	+6.62,+22.2,+19.3,BA	+3.05,+229.1,+19.8,GB	+6.47,+30.9,+19.9,GA	+2.89,+243.3,+25.5,NB	+2.85,+245.1,+25.2,AB	+2.74,+251.5,+25.3,OB	
1702010896.0569744	+6.62,+22.3,+19.3,CA	+3.05,+229.1,+19.8,GB	+6.47,+31.0,+19.9,OA	+2.89,+243.0,+25.6,NB	+2.84,+245.9,+25.2,HB	+2.77,+249.9,+25.4,NB	
1702010958.062541	+6.62,+22.3,+19.3,CA	+3.05,+229.1,+19.8,GB	+6.47,+30.9,+19.9,GA	+2.89,+243.0,+25.6,NB	+2.85,+245.4,+25.2,DB	+2.75,+251.3,+25.4,OB	
1702011020.0791302	+6.62,+22.3,+19.3,CA	+3.05,+229.1,+19.8,GB	+6.47,+30.9,+19.9,GA	+2.88,+243.4,+25.5,HB	+2.85,+245.2,+25.2,BB	+2.74,+251.7,+25.4,JB	
1702011082.0968947	+6.62,+22.2,+19.3,BA	+3.05,+229.1,+19.8,GB	+6.47,+31.0,+19.9,OA	+2.88,+243.4,+25.5,HB	+2.85,+245.2,+25.2,BB	+2.74,+251.7,+25.4,JB	
1702011144.113381	+6.61,+22.3,+19.3,@A	+3.05,+229.1,+19.8,GB	+6.46,+31.1,+19.9,OA	+2.88,+243.6,+25.5,JB	+2.85,+245.4,+25.2,DB	+2.76,+250.7,+25.4,IB	
1702011206.1308062	+6.62,+22.2,+19.3,BA	+3.05,+229.0,+19.8,FB	+6.46,+31.1,+19.9,OA	+2.89,+243.4,+25.5,IB	+2.85,+245.2,+25.2,BB	+2.74,+251.8,+25.4,EB	
1702011268.1475813	+6.62,+22.2,+19.3,BA	+3.05,+229.1,+19.8,GB	+6.46,+31.0,+19.9,NA	+2.88,+243.5,+25.5,IB	+2.85,+245.1,+25.2,AB	+2.75,+251.5,+25.4,IB	
1702011330.1679692	+6.62,+22.2,+19.3,BA	+3.05,+229.1,+19.8,GB	+6.47,+31.0,+19.9,OA	+2.88,+243.4,+25.5,HB	+2.85,+245.1,+25.2,AB	+2.75,+251.4,+25.4,HB	
1702011392.1747046	+6.62,+22.3,+19.3,CA	+3.05,+229.1,+19.8,GB	+6.47,+31.0,+19.9,OA	+2.88,+243.5,+25.6,JB	+2.85,+245.2,+25.2,BB	+2.75,+251.5,+25.3,NB	
1702011454.183127	+6.62,+22.3,+19.3,CA	+3.05,+229.1,+19.8,GB	+6.46,+31.1,+19.9,OA	+2.89,+242.9,+25.6,FB	+2.84,+245.7,+25.2,FB	+2.75,+251.3,+25.4,OB	
1702011516.2016745	+6.61,+22.3,+19.3,@A	+3.05,+229.1,+19.8,GB	+6.46,+31.1,+19.9,OA	+2.90,+242.5,+25.5,AB	+2.84,+246.0,+25.2,BB	+2.77,+250.0,+25.4,OB	
1702011578.2105718	+6.61,+22.3,+19.3,@A	+3.05,+229.1,+19.8,GB	+6.46,+31.1,+19.9,OA	+2.89,+242.8,+25.5,DB	+2.84,+245.7,+25.2,FB	+2.77,+249.9,+25.4,NB	
1702011640.2288606	+6.62,+22.3,+19.3,CA	+3.05,+229.0,+19.8,FB	+6.47,+31.0,+19.9,OA	+2.90,+242.7,+25.5,CB	+2.84,+245.8,+25.2,IB	+2.75,+251.2,+25.4,NB	
1702011702.2437758	+6.61,+22.3,+19.3,@A	+3.05,+229.1,+19.8,GB	+6.47,+31.0,+19.9,OA	+2.90,+242.3,+25.5,GB	+2.84,+246.0,+25.2,BB	+2.76,+250.7,+25.4,IB	
1702011764.2589548	+6.61,+22.3,+19.3,@A	+3.05,+229.0,+19.8,FB	+6.46,+31.1,+19.9,OA	+2.90,+242.7,+25.6,@B	+2.84,+245.7,+25.2,FB	+2.77,+250.0,+25.4,OB	
1702012011.0739536	+6.62,+22.2,+19.3,BA	+3.05,+229.1,+19.8,GB	+6.47,+31.0,+19.9,OA	+2.90,+242.6,+25.5,BB	+2.84,+245.5,+25.2,DB	+2.77,+250.1,+25.4,NB	
1702012073.0794988	+6.62,+22.2,+19.3,BA	+3.05,+229.1,+19.8,GB	+6.47,+31.0,+19.9,OA	+2.90,+242.6,+25.6,AB	+2.84,+245.8,+25.2,IB	+2.77,+250.3,+25.4,LB	
1702012135.104867	+6.62,+22.2,+19.3,BA	+3.05,+229.0,+19.8,FB	+6.46,+31.1,+19.9,OA	+2.89,+243.1,+25.6,OB	+2.83,+246.1,+25.2,DB	+2.74,+251.5,+25.4,HB	
1702012197.1237001	+6.61,+22.3,+19.3,@A	+3.05,+229.1,+19.8,GB	+6.47,+31.0,+19.9,OA	+2.88,+243.5,+25.5,IB	+2.85,+245.3,+25.2,CB	+2.75,+251.0,+25.4,LB	
1702012259.13917	+6.62,+22.2,+19.3,BA	+3.05,+229.0,+19.8,FB	+6.47,+31.0,+19.9,OA	+2.88,+243.7,+25.6,HB	+2.85,+245.4,+25.2,DB	+2.75,+251.2,+25.4,NB	
1702012321.1592999	+6.62,+22.2,+19.3,BA	+3.05,+229.1,+19.8,GB	+6.47,+31.0,+19.9,OA	+2.89,+242.9,+25.5,EB	+2.83,+246.1,+25.2,DB	+2.75,+251.4,+25.4,HB	
1702012383.17585	+6.62,+22.2,+19.3,BA	+3.05,+229.1,+19.8,GB	+6.47,+31.0,+19.9,OA	+2.88,+243.7,+25.5,KB	+2.84,+245.9,+25.2,HB	+2.74,+251.8,+25.4,EB	
1702012445.1931958	+6.62,+22.2,+19.3,BA	+3.05,+229.1,+19.8,GB	+6.46,+31.1,+19.9,OA	+2.89,+243.3,+25.6,MB	+2.85,+245.4,+25.2,DB	+2.76,+250.7,+25.4,IB	
1702012507.209873	+6.62,+22.2,+19.3,BA	+3.05,+229.0,+19.8,FB	+6.47,+31.0,+19.9,OA	+2.89,+242.9,+25.5,EB	+2.84,+246.0,+25.2,BB	+2.75,+251.0,+25.3,KB	
1702012569.2137358	+6.62,+22.3,+19.3,CA	+3.05,+229.1,+19.8,GB	+6.46,+31.1,+19.9,OA	+2.90,+242.6,+25.6,AB	+2.85,+245.4,+25.2,DB	+2.77,+250.2,+25.4,MB	
1702012631.2181034	+6.61,+22.3,+19.3,@A	+3.05,+229.1,+19.8,GB	+6.46,+31.1,+19.9,OA	+2.89,+242.9,+25.6,FB	+2.85,+245.4,+25.2,DB	+2.76,+250.5,+25.4,KB	
1702012693.2288551	+6.62,+22.2,+19.3,BA	+3.05,+229.0,+19.8,FB	+6.46,+31.1,+19.9,OA	+2.89,+242.9,+25.5,EB	+2.84,+246.0,+25.2,BB	+2.75,+251.0,+25.4,LB	
1702012755.2434397	+6.62,+22.3,+19.3,CA	+3.05,+229.1,+19.8,GB	+6.47,+31.0,+19.9,OA	+2.89,+243.0,+25.6,NB	+2.85,+245.4,+25.2,DB	+2.77,+250.3,+25.4,LB	
1702012817.2586775	+6.62,+22.2,+19.3,BA	+3.05,+229.1,+19.9,FB	+6.46,+31.1,+19.9,OA	+2.89,+243.1,+25.6,OB	+2.84,+245.9,+25.2,HB	+2.75,+251.0,+25.4,LB	
1702012879.2746167	+6.62,+22.2,+19.3,BA	+3.05,+229.1,+19.8,GB	+6.46,+31.1,+19.9,OA	+2.88,+244.0,+25.6,HB	+2.83,+246.2,+25.2,GB	+2.73,+252.2,+25.4,KB	
1702012941.2913227	+6.62,+22.2,+19.3,BA	+3.05,+229.1,+19.8,GB	+6.47,+31.0,+19.9,OA	+2.88,+243.8,+25.6,GB	+2.84,+245.9,+25.2,HB	+2.74,+251.8,+25.4,EB	
1702013003.307734	+6.62,+22.2,+19.3,BA	+3.05,+229.1,+19.8,GB	+6.47,+31.0,+19.9,OA	+2.89,+243.2,+25.5,OB	+2.84,+245.5,+25.2,DB	+2.75,+251.0,+25.4,LB	
1702013065.326292	+6.62,+22.3,+19.3,CA	+3.05,+229.1,+19.8,GB	+6.46,+31.1,+19.9,OA	+2.89,+243.1,+25.5,LB	+2.84,+245.5,+25.2,DB	+2.75,+251.0,+25.4,LB	
1702013127.3427954	+6.62,+22.2,+19.3,BA	+3.05,+229.1,+19.8,GB	+6.47,+31.0,+19.9,OA	+2.88,+243.4,+25.5,HB	+2.83,+246.1,+25.2,DB	+2.74,+251.8,+25.4,EB	
1702013189.3674076	+6.62,+22.2,+19.3,BA	+3.05,+229.1,+19.8,GB	+6.46,+31.1,+19.9,OA	+2.89,+243.2,+25.5,OB	+2.84,+245.7,+25.2,FB	+2.75,+251.2,+25.4,NB	
1702013251.3861914	+6.62,+22.2,+19.3,BA	+3.05,+229.1,+19.8,GB	+6.47,+31.0,+19.9,OA	+2.90,+242.5,+25.6,BB	+2.84,+245.5,+25.2,DB	+2.76,+250.6,+25.4,HB	
1702013313.4122014	+6.62,+22.2,+19.3,BA	+3.05,+229.0,+19.8,FB	+6.46,+31.1,+19.9,OA	+2.88,+243.5,+25.5,IB	+2.84,+246.0,+25.2,BB	+2.74,+251.7,+25.4,JB	
1702013375.4284322	+6.62,+22.2,+19.3,BA	+3.05,+229.1,+19.8,GB	+6.46,+31.1,+19.9,OA	+2.87,+244.1,+25.5,EB	+2.83,+246.3,+25.2,FB	+2.74,+252.1,+25.4,OB	
1702013437.4471588	+6.62,+22.3,+19.3,CA	+3.05,+229.0,+19.8,FB	+6.47,+31.0,+19.9,OA	+2.89,+243.1,+25.6,OB	+2.84,+245.6,+25.2,GB	+2.76,+250.8,+25.4,FB	
1702013499.4603891	+6.62,+22.2,+19.3,BA	+3.05,+229.0,+19.8,FB	+6.46,+31.1,+19.9,OA	+2.87,+244.2,+25.6,EB	+2.83,+246.2,+25.2,GB	+2.73,+252.1,+25.4,HB	
1702013561.4748104	+6.62,+22.2,+19.3,BA	+3.05,+229.0,+19.8,FB	+6.46,+31.2,+19.9,LA	+2.88,+243.9,+25.6,FB	+2.83,+246.1,+25.2,DB	+2.74,+251.9,+25.4,DB	
1702013623.4910378	+6.62,+22.2,+19.3,BA	+3.05,+229.0,+19.8,FB	+6.46,+31.1,+19.9,OA	+2.89,+243.3,+25.5,NB	+2.84,+245.6,+25.2,GB	+2.76,+250.7,+25.4,IB	
1702013685.5071695	+6.62,+22.1,+19.3,AA	+3.05,+229.1,+19.8,GB	+6.47,+31.0,+19.9,OA	+2.87,+244.2,+25.6,EB	+2.83,+246.2,+25.2,GB	+2.74,+252.0,+25.4,NB	
1702013747.5226672	+6.62,+22.2,+19.3,BA	+3.05,+229.1,+19.8,GB	+6.46,+31.1,+19.9,OA	+2.87,+244.0,+25.5,DB	+2.84,+245.9,+25.2,HB	+2.75,+251.4,+25.4,HB	
1702013809.5433457	+6.62,+22.1,+19.3,AA	+3.05,+229.0,+19.8,FB	+6.46,+31.1,+19.9,OA	+2.89,+243.3,+25.5,NB	+2.84,+245.7,+25.2,FB	+2.76,+250.6,+25.4,HB	
