62309060419	62309060427	62309060471	62309060472	62309060473	62309060475	
1701452016.7791073	+6.65,+20.4,+19.4,FA	+2.34,+270.6,+20.1,LB	+6.45,+32.0,+19.8,OA	+2.22,+282.8,+25.6,JB	+2.13,+287.7,+25.2,FB	+2.17,+285.5,+25.4,DB	
1701452078.7873106	+6.65,+20.4,+19.4,FA	+2.34,+270.6,+20.1,LB	+6.45,+32.0,+19.8,OA	+2.24,+281.6,+25.6,AB	+2.14,+286.9,+25.2,NB	+2.15,+286.9,+25.4,IB	
1701452140.7953176	+6.65,+20.4,+19.4,FA	+2.34,+270.5,+20.1,OB	+6.45,+32.0,+19.8,OA	+2.23,+282.3,+25.6,@B	+2.14,+287.3,+25.2,EB	+2.16,+285.8,+25.4,HB	
1701452202.8020828	+6.65,+20.4,+19.4,FA	+2.34,+270.6,+20.1,LB	+6.45,+32.0,+19.8,OA	+2.24,+281.7,+25.6,@B	+2.14,+287.2,+25.2,DB	+2.14,+287.1,+25.4,AB	
1701452264.809542	+6.65,+20.4,+19.4,FA	+2.34,+270.6,+20.1,LB	+6.45,+31.9,+19.8,EA	+2.23,+281.9,+25.5,JB	+2.14,+287.0,+25.2,FB	+2.15,+286.5,+25.4,EB	
1701452326.8183177	+6.65,+20.4,+19.4,FA	+2.34,+270.5,+20.1,OB	+6.45,+32.0,+19.8,OA	+2.23,+281.9,+25.6,IB	+2.14,+287.2,+25.2,DB	+2.14,+287.0,+25.4,@B	
1701452388.8267145	+6.65,+20.4,+19.3,AA	+2.34,+270.5,+20.1,OB	+6.45,+32.0,+19.8,OA	+2.24,+281.7,+25.6,@B	+2.14,+287.0,+25.2,FB	+2.14,+287.0,+25.4,@B	
1701452450.8379886	+6.65,+20.4,+19.3,AA	+2.34,+270.5,+20.1,OB	+6.45,+31.9,+19.8,EA	+2.22,+282.6,+25.5,GB	+2.14,+287.2,+25.2,DB	+2.16,+285.8,+25.4,HB	
1701452512.8476317	+6.65,+20.5,+19.4,GA	+2.34,+270.5,+20.1,OB	+6.45,+32.0,+19.8,OA	+2.22,+282.4,+25.5,EB	+2.13,+287.7,+25.2,FB	+2.16,+286.3,+25.4,@B	
1701452574.8557656	+6.65,+20.4,+19.4,FA	+2.34,+270.5,+20.1,OB	+6.45,+32.0,+19.8,OA	+2.22,+282.5,+25.6,GB	+2.13,+287.7,+25.2,FB	+2.16,+286.1,+25.4,BB	
1701452636.8624296	+6.65,+20.4,+19.4,FA	+2.34,+270.6,+20.1,LB	+6.45,+31.9,+19.8,EA	+2.22,+282.7,+25.5,FB	+2.14,+287.1,+25.2,GB	+2.17,+285.8,+25.4,IB	
1701452698.872576	+6.65,+20.4,+19.3,AA	+2.34,+270.5,+20.1,OB	+6.45,+31.9,+19.8,EA	+2.24,+281.7,+25.5,CB	+2.14,+287.1,+25.2,GB	+2.14,+287.0,+25.4,@B	
1701452760.8802125	+6.65,+20.4,+19.3,AA	+2.34,+270.5,+20.1,OB	+6.45,+31.9,+19.8,EA	+2.22,+282.9,+25.6,KB	+2.14,+287.3,+25.2,EB	+2.17,+285.4,+25.4,EB	
1701452822.890259	+6.65,+20.4,+19.3,AA	+2.34,+270.5,+20.1,OB	+6.45,+31.9,+19.8,EA	+2.24,+281.8,+25.5,LB	+2.14,+287.3,+25.2,EB	+2.15,+286.8,+25.4,HB	
1701452884.8994648	+6.65,+20.4,+19.3,AA	+2.34,+270.5,+20.1,OB	+6.45,+31.9,+19.8,EA	+2.22,+282.9,+25.6,KB	+2.14,+287.1,+25.2,GB	+2.17,+285.5,+25.4,DB	
1701452946.910933	+6.65,+20.4,+19.3,AA	+2.34,+270.5,+20.1,OB	+6.45,+32.0,+19.8,OA	+2.24,+281.8,+25.6,OB	+2.13,+287.4,+25.2,EB	+2.15,+286.8,+25.4,HB	
1701453008.9214642	+6.65,+20.4,+19.3,AA	+2.34,+270.5,+20.1,OB	+6.45,+32.0,+19.8,OA	+2.23,+282.1,+25.6,BB	+2.14,+287.0,+25.2,FB	+2.15,+286.6,+25.4,FB	
1701453070.9307137	+6.65,+20.5,+19.3,@A	+2.34,+270.4,+20.1,NB	+6.45,+31.9,+19.8,EA	+2.23,+282.1,+25.6,BB	+2.14,+287.0,+25.2,FB	+2.15,+286.6,+25.4,FB	
1701453132.9385111	+6.65,+20.4,+19.3,AA	+2.34,+270.5,+20.1,OB	+6.45,+31.9,+19.8,EA	+2.22,+282.8,+25.6,JB	+2.14,+286.9,+25.2,NB	+2.16,+285.8,+25.4,HB	
1701453194.9478273	+6.65,+20.4,+19.3,AA	+2.34,+270.5,+20.1,OB	+6.45,+31.9,+19.8,EA	+2.23,+281.8,+25.6,HB	+2.14,+287.2,+25.2,DB	+2.14,+287.1,+25.4,AB	
1701453256.9581785	+6.65,+20.4,+19.3,AA	+2.34,+270.5,+20.1,OB	+6.45,+31.9,+19.8,EA	+2.22,+282.8,+25.6,JB	+2.15,+286.8,+25.2,NB	+2.16,+286.0,+25.4,CB	
1701453318.967828	+6.65,+20.4,+19.3,AA	+2.34,+270.5,+20.0,NB	+6.45,+32.0,+19.8,OA	+2.22,+282.8,+25.6,JB	+2.14,+286.8,+25.2,OB	+2.16,+285.9,+25.4,IB	
1701453380.979086	+6.65,+20.4,+19.3,AA	+2.34,+270.5,+20.1,OB	+6.45,+31.9,+19.8,EA	+2.23,+282.4,+25.6,GB	+2.13,+287.5,+25.2,DB	+2.16,+286.0,+25.4,CB	
1701453442.9880824	+6.65,+20.4,+19.3,AA	+2.34,+270.5,+20.0,NB	+6.45,+31.9,+19.8,EA	+2.24,+281.7,+25.6,@B	+2.13,+287.4,+25.2,EB	+2.15,+286.9,+25.3,NB	
1701453504.9975922	+6.65,+20.4,+19.3,AA	+2.34,+270.5,+20.0,NB	+6.45,+32.0,+19.8,OA	+2.24,+281.8,+25.6,OB	+2.14,+287.3,+25.2,EB	+2.15,+286.9,+25.4,IB	
1701453567.0051506	+6.65,+20.4,+19.3,AA	+2.34,+270.4,+20.0,OB	+6.45,+32.0,+19.8,OA	+2.24,+281.8,+25.5,LB	+2.13,+287.4,+25.2,EB	+2.15,+286.8,+25.4,HB	
1701453629.0137212	+6.65,+20.4,+19.3,AA	+2.34,+270.4,+20.0,OB	+6.45,+31.9,+19.7,JA	+2.24,+281.8,+25.6,OB	+2.13,+287.5,+25.2,DB	+2.14,+287.0,+25.4,@B	
1701453691.027328	+6.65,+20.5,+19.3,@A	+2.34,+270.4,+20.0,OB	+6.45,+31.9,+19.8,EA	+2.23,+282.3,+25.5,CB	+2.14,+287.0,+25.2,FB	+2.15,+286.6,+25.4,FB	
1701453753.0356114	+6.65,+20.4,+19.3,AA	+2.34,+270.4,+20.0,OB	+6.45,+31.9,+19.8,EA	+2.23,+282.1,+25.6,BB	+2.14,+287.3,+25.2,EB	+2.16,+286.1,+25.4,BB	
1701453815.0438583	+6.65,+20.4,+19.3,AA	+2.34,+270.4,+20.0,OB	+6.45,+31.9,+19.8,EA	+2.23,+281.8,+25.6,HB	+2.13,+287.5,+25.2,DB	+2.14,+287.1,+25.4,AB	
1701453877.0524824	+6.65,+20.4,+19.3,AA	+2.34,+270.4,+20.0,OB	+6.45,+32.0,+19.8,OA	+2.24,+281.8,+25.6,OB	+2.13,+287.5,+25.2,DB	+2.15,+286.6,+25.4,FB	
1701453939.0603974	+6.65,+20.4,+19.3,AA	+2.34,+270.4,+20.0,OB	+6.45,+31.9,+19.8,EA	+2.23,+282.2,+25.6,AB	+2.14,+287.2,+25.2,DB	+2.15,+286.9,+25.3,NB	
1701454001.0693	+6.65,+20.4,+19.3,AA	+2.34,+270.4,+20.0,OB	+6.45,+31.9,+19.7,JA	+2.23,+281.9,+25.6,IB	+2.13,+287.4,+25.2,EB	+2.14,+287.0,+25.4,@B	
1701454063.078753	+6.65,+20.4,+19.3,AA	+2.34,+270.4,+20.0,OB	+6.45,+31.9,+19.8,EA	+2.23,+282.2,+25.5,BB	+2.14,+287.1,+25.2,GB	+2.16,+285.8,+25.4,HB	
1701454125.0844524	+6.65,+20.4,+19.3,AA	+2.34,+270.4,+20.0,OB	+6.45,+32.0,+19.8,OA	+2.23,+282.0,+25.5,@B	+2.14,+287.1,+25.2,GB	+2.16,+286.1,+25.4,BB	
1701454187.0928323	+6.65,+20.5,+19.3,@A	+2.34,+270.4,+20.0,OB	+6.45,+31.9,+19.8,EA	+2.22,+282.9,+25.6,KB	+2.15,+286.8,+25.2,NB	+2.16,+286.0,+25.3,DB	
1701454249.100696	+6.65,+20.4,+19.3,AA	+2.34,+270.4,+20.0,OB	+6.45,+31.9,+19.7,JA	+2.22,+282.8,+25.6,JB	+2.14,+286.8,+25.2,OB	+2.16,+286.1,+25.4,BB	
1701454311.1107662	+6.65,+20.3,+19.3,FA	+2.34,+270.4,+20.0,OB	+6.45,+31.9,+19.7,JA	+2.22,+282.9,+25.5,HB	+2.15,+286.6,+25.2,@B	+2.17,+285.5,+25.4,DB	
1701454373.1190276	+6.65,+20.4,+19.3,AA	+2.34,+270.4,+20.0,OB	+6.45,+31.9,+19.8,EA	+2.24,+281.8,+25.6,OB	+2.14,+287.2,+25.2,DB	+2.16,+286.3,+25.3,GB	
1701454435.1277857	+6.65,+20.4,+19.3,AA	+2.34,+270.4,+20.0,OB	+6.45,+31.9,+19.8,EA	+2.22,+283.0,+25.5,@B	+2.15,+286.7,+25.2,AB	+2.17,+285.4,+25.4,EB	
1701454497.134921	+6.65,+20.4,+19.3,AA	+2.34,+270.3,+20.0,HB	+6.45,+31.9,+19.8,EA	+2.22,+283.0,+25.5,@B	+2.14,+286.9,+25.2,NB	+2.16,+285.8,+25.4,HB	
1701454559.1438093	+6.65,+20.4,+19.3,AA	+2.34,+270.3,+20.0,HB	+6.45,+31.9,+19.8,EA	+2.24,+281.7,+25.6,@B	+2.14,+287.2,+25.2,DB	+2.15,+286.5,+25.4,EB	
1701454621.1502743	+6.65,+20.4,+19.3,AA	+2.34,+270.3,+20.0,HB	+6.45,+31.9,+19.7,JA	+2.22,+283.0,+25.6,CB	+2.15,+286.6,+25.2,@B	+2.17,+285.5,+25.4,DB	
1701454866.7398484	+6.65,+20.4,+19.3,AA	+2.34,+270.3,+20.0,HB	+6.45,+31.9,+19.8,EA	+2.21,+283.0,+25.5,CB	+2.14,+286.8,+25.2,OB	+2.15,+286.4,+25.4,DB	
1701454928.7496412	+6.65,+20.4,+19.3,AA	+2.34,+270.3,+20.0,HB	+6.45,+31.9,+19.8,EA	+2.24,+281.7,+25.5,CB	+2.14,+286.8,+25.2,OB	+2.16,+285.8,+25.4,HB	
1701454990.759778	+6.65,+20.4,+19.3,AA	+2.34,+270.4,+20.0,OB	+6.45,+31.9,+19.8,EA	+2.24,+281.8,+25.5,LB	+2.15,+286.7,+25.2,AB	+2.17,+285.5,+25.4,DB	
1701455052.7720604	+6.65,+20.3,+19.3,FA	+2.34,+270.3,+20.0,HB	+6.45,+31.9,+19.8,EA	+2.24,+281.8,+25.6,OB	+2.14,+287.1,+25.2,GB	+2.16,+286.3,+25.4,@B	
1701455114.7808082	+6.65,+20.3,+19.3,FA	+2.34,+270.3,+20.0,HB	+6.45,+31.9,+19.7,JA	+2.23,+282.0,+25.6,CB	+2.14,+287.2,+25.2,DB	+2.15,+286.5,+25.4,EB	
1701455176.7884324	+6.65,+20.3,+19.3,FA	+2.34,+270.3,+20.0,HB	+6.45,+31.9,+19.7,JA	+2.23,+282.0,+25.6,CB	+2.14,+287.2,+25.2,DB	+2.15,+286.6,+25.4,FB	
1701455238.7968335	+6.65,+20.3,+19.3,FA	+2.34,+270.3,+20.0,HB	+6.45,+31.9,+19.7,JA	+2.22,+282.5,+25.6,GB	+2.15,+286.6,+25.2,@B	+2.17,+285.2,+25.4,CB	
1701455300.8070335	+6.65,+20.3,+19.3,FA	+2.34,+270.3,+20.0,HB	+6.45,+32.0,+19.8,OA	+2.24,+281.7,+25.5,CB	+2.14,+287.2,+25.2,DB	+2.17,+285.7,+25.4,FB	
1701455362.8144937	+6.65,+20.3,+19.3,FA	+2.34,+270.3,+19.9,KB	+6.45,+32.0,+19.7,@A	+2.23,+282.0,+25.6,CB	+2.14,+287.3,+25.2,EB	+2.16,+286.3,+25.4,@B	
1701455424.8255625	+6.65,+20.3,+19.2,GA	+2.34,+270.3,+20.0,HB	+6.45,+31.8,+19.8,DA	+2.21,+283.0,+25.6,@B	+2.15,+286.5,+25.2,CB	+2.16,+285.9,+25.3,NB	
1701455486.8347497	+6.65,+20.3,+19.3,FA	+2.34,+270.2,+19.9,JB	+6.45,+31.9,+19.8,EA	+2.23,+281.8,+25.5,KB	+2.14,+287.3,+25.2,EB	+2.16,+286.2,+25.3,FB	
1701455548.841561	+6.65,+20.3,+19.3,FA	+2.34,+270.3,+19.9,KB	+6.45,+31.9,+19.7,JA	+2.24,+281.8,+25.5,LB	+2.14,+287.1,+25.2,GB	+2.16,+285.8,+25.3,OB	
1701455610.8508272	+6.65,+20.3,+19.2,GA	+2.34,+270.2,+19.9,JB	+6.45,+31.9,+19.8,EA	+2.22,+282.7,+25.5,FB	+2.15,+286.6,+25.2,@B	+2.15,+286.7,+25.4,GB	
1701455672.8596275	+6.65,+20.3,+19.3,FA	+2.34,+270.3,+19.9,KB	+6.45,+31.8,+19.7,KA	+2.23,+282.0,+25.6,CB	+2.14,+287.1,+25.2,GB	+2.15,+286.7,+25.4,GB	
1701455734.8694232	+6.65,+20.3,+19.3,FA	+2.34,+270.3,+19.9,KB	+6.45,+31.9,+19.7,JA	+2.21,+283.1,+25.5,BB	+2.15,+286.4,+25.2,BB	+2.16,+286.2,+25.4,AB	
1701455796.8787856	+6.65,+20.3,+19.2,GA	+2.34,+270.3,+19.9,KB	+6.45,+31.9,+19.7,JA	+2.22,+282.9,+25.6,KB	+2.15,+286.5,+25.2,CB	+2.15,+286.7,+25.4,GB	
1701455858.8891652	+6.65,+20.3,+19.3,FA	+2.34,+270.3,+19.9,KB	+6.45,+31.9,+19.7,JA	+2.23,+282.0,+25.5,@B	+2.14,+287.3,+25.2,EB	+2.16,+286.0,+25.4,CB	
1701455920.8983135	+6.65,+20.3,+19.2,GA	+2.34,+270.3,+19.9,KB	+6.45,+31.9,+19.7,JA	+2.24,+281.4,+25.6,CB	+2.14,+287.2,+25.2,DB	+2.15,+286.5,+25.3,BB	
1701455982.9072967	+6.65,+20.3,+19.2,GA	+2.34,+270.3,+19.9,KB	+6.45,+31.9,+19.7,JA	+2.24,+281.7,+25.6,@B	+2.14,+286.9,+25.2,NB	+2.15,+286.8,+25.4,HB	
1701456044.9138722	+6.65,+20.3,+19.2,GA	+2.34,+270.2,+19.9,JB	+6.45,+31.8,+19.7,KA	+2.22,+282.6,+25.6,DB	+2.15,+286.6,+25.2,@B	+2.17,+285.4,+25.4,EB	
1701456106.9231036	+6.65,+20.3,+19.2,GA	+2.34,+270.2,+19.9,JB	+6.45,+31.9,+19.7,JA	+2.23,+282.3,+25.6,@B	+2.15,+286.4,+25.2,BB	+2.15,+286.6,+25.4,FB	
1701456168.931484	+6.65,+20.3,+19.2,GA	+2.34,+270.2,+19.9,JB	+6.45,+31.9,+19.7,JA	+2.22,+282.4,+25.5,EB	+2.15,+286.4,+25.2,BB	+2.16,+286.3,+25.4,@B	
1701456230.9396288	+6.65,+20.2,+19.2,FA	+2.34,+270.2,+19.9,JB	+6.45,+31.9,+19.7,JA	+2.24,+281.3,+25.6,DB	+2.14,+287.0,+25.2,FB	+2.15,+286.5,+25.4,EB	
1701456292.9472647	+6.65,+20.2,+19.2,FA	+2.34,+270.3,+19.9,KB	+6.45,+31.8,+19.7,KA	+2.24,+281.6,+25.5,BB	+2.15,+286.7,+25.2,AB	+2.15,+286.9,+25.4,IB	
1701456354.9569783	+6.65,+20.2,+19.2,FA	+2.34,+270.2,+19.9,JB	+6.45,+31.8,+19.7,KA	+2.24,+281.4,+25.5,@B	+2.14,+287.1,+25.2,GB	+2.16,+286.1,+25.4,BB	
1701456416.9663513	+6.65,+20.3,+19.2,GA	+2.34,+270.2,+19.9,JB	+6.45,+31.9,+19.7,JA	+2.22,+282.6,+25.6,DB	+2.15,+286.6,+25.2,@B	+2.17,+285.7,+25.4,FB	
1701456478.9744327	+6.65,+20.2,+19.2,FA	+2.34,+270.2,+19.9,JB	+6.45,+31.8,+19.7,KA	+2.24,+281.4,+25.6,CB	+2.14,+286.9,+25.2,NB	+2.15,+286.6,+25.4,FB	
1701456540.9806046	+6.65,+20.2,+19.2,FA	+2.34,+270.2,+19.9,JB	+6.45,+31.9,+19.7,JA	+2.22,+282.4,+25.6,FB	+2.15,+286.5,+25.2,CB	+2.16,+286.1,+25.4,BB	
1701456602.9879968	+6.65,+20.2,+19.2,FA	+2.34,+270.2,+19.9,JB	+6.45,+31.9,+19.7,JA	+2.24,+281.6,+25.6,AB	+2.14,+287.1,+25.2,GB	+2.17,+285.7,+25.4,FB	
1701456664.9993484	+6.65,+20.2,+19.2,FA	+2.34,+270.2,+19.9,JB	+6.45,+31.9,+19.7,JA	+2.24,+281.6,+25.5,BB	+2.14,+287.0,+25.2,FB	+2.17,+285.7,+25.4,FB	
1701456727.0044148	+6.65,+20.2,+19.2,FA	+2.34,+270.2,+19.9,JB	+6.45,+31.9,+19.7,JA	+2.22,+282.5,+25.6,GB	+2.14,+286.9,+25.2,NB	+2.18,+285.2,+25.4,LB	
1701456789.0115461	+6.65,+20.2,+19.2,FA	+2.34,+270.2,+19.9,JB	+6.45,+31.9,+19.7,JA	+2.25,+281.2,+25.6,DB	+2.15,+286.5,+25.2,CB	+2.15,+286.7,+25.4,GB	
1701456851.0182629	+6.65,+20.3,+19.2,GA	+2.34,+270.1,+19.9,IB	+6.45,+31.8,+19.7,KA	+2.24,+281.6,+25.6,AB	+2.14,+286.9,+25.2,NB	+2.17,+285.7,+25.4,FB	
1701456913.026536	+6.65,+20.2,+19.2,FA	+2.34,+270.2,+19.9,JB	+6.45,+31.8,+19.7,KA	+2.24,+281.6,+25.5,BB	+2.15,+286.8,+25.2,NB	+2.16,+285.9,+25.4,IB	
1701456975.032278	+6.65,+20.2,+19.2,FA	+2.34,+270.3,+19.9,KB	+6.45,+31.9,+19.7,JA	+2.24,+281.4,+25.6,CB	+2.16,+286.1,+25.2,DB	+2.15,+286.8,+25.4,HB	
1701457037.0417066	+6.65,+20.2,+19.2,FA	+2.34,+270.2,+19.9,JB	+6.45,+31.9,+19.7,JA	+2.24,+281.6,+25.6,AB	+2.16,+286.0,+25.2,EB	+2.15,+286.7,+25.4,GB	
1701457099.050501	+6.65,+20.2,+19.2,FA	+2.34,+270.2,+19.9,JB	+6.45,+31.9,+19.7,JA	+2.23,+282.2,+25.5,BB	+2.14,+286.9,+25.2,NB	+2.17,+285.2,+25.4,CB	
1701457161.0568402	+6.65,+20.2,+19.2,FA	+2.34,+270.2,+19.9,JB	+6.45,+31.9,+19.7,JA	+2.24,+281.5,+25.5,AB	+2.16,+286.0,+25.2,EB	+2.15,+286.8,+25.4,HB	
1701457223.0656576	+6.65,+20.1,+19.2,EA	+2.34,+270.3,+19.9,KB	+6.45,+31.9,+19.7,JA	+2.24,+281.6,+25.6,AB	+2.16,+286.1,+25.2,DB	+2.15,+286.8,+25.4,HB	
1701457285.072578	+6.65,+20.2,+19.2,FA	+2.34,+270.2,+19.9,JB	+6.45,+31.9,+19.7,JA	+2.22,+282.4,+25.5,EB	+2.14,+286.8,+25.2,OB	+2.18,+285.1,+25.4,OB	
1701457347.081842	+6.65,+20.1,+19.2,EA	+2.34,+270.2,+19.9,JB	+6.45,+31.9,+19.7,JA	+2.24,+281.4,+25.5,@B	+2.15,+286.3,+25.2,EB	+2.16,+286.3,+25.4,@B	
1701457409.091501	+6.65,+20.2,+19.2,FA	+2.34,+270.2,+19.9,JB	+6.45,+31.8,+19.7,KA	+2.24,+281.5,+25.5,AB	+2.16,+286.0,+25.2,EB	+2.15,+286.7,+25.4,GB	
1701457471.096072	+6.65,+20.2,+19.2,FA	+2.34,+270.1,+19.9,IB	+6.45,+31.9,+19.7,JA	+2.22,+282.7,+25.6,EB	+2.14,+286.9,+25.2,NB	+2.18,+285.1,+25.4,OB	
1701457533.104303	+6.65,+20.1,+19.2,EA	+2.34,+270.2,+19.9,JB	+6.45,+31.9,+19.7,JA	+2.22,+282.8,+25.6,JB	+2.14,+286.9,+25.2,NB	+2.18,+285.0,+25.4,NB	
1701457595.1112914	+6.65,+20.1,+19.2,EA	+2.34,+270.2,+19.9,JB	+6.45,+31.9,+19.8,EA	+2.24,+281.5,+25.6,BB	+2.16,+286.1,+25.2,DB	+2.15,+286.6,+25.4,FB	
1701457657.119443	+6.65,+20.1,+19.3,DA	+2.34,+270.1,+19.9,IB	+6.45,+31.9,+19.7,JA	+2.24,+281.6,+25.6,AB	+2.16,+286.1,+25.2,DB	+2.16,+286.3,+25.4,@B	
1701457719.1289861	+6.65,+20.1,+19.2,EA	+2.34,+270.2,+19.9,JB	+6.45,+31.8,+19.7,KA	+2.23,+282.3,+25.6,@B	+2.15,+286.5,+25.2,CB	+2.16,+285.9,+25.4,IB	
1701457781.1357338	+6.65,+20.1,+19.2,EA	+2.34,+270.2,+19.9,JB	+6.45,+31.9,+19.7,JA	+2.22,+282.8,+25.6,JB	+2.14,+287.0,+25.2,FB	+2.18,+285.2,+25.4,LB	
1701457843.144918	+6.65,+20.1,+19.2,EA	+2.34,+270.1,+19.9,IB	+6.45,+31.8,+19.7,KA	+2.23,+282.1,+25.6,BB	+2.15,+286.3,+25.2,EB	+2.17,+285.7,+25.4,FB	
1701457905.155008	+6.65,+20.1,+19.2,EA	+2.34,+270.2,+19.9,JB	+6.45,+31.8,+19.7,KA	+2.22,+282.4,+25.6,FB	+2.14,+286.8,+25.2,OB	+2.17,+285.6,+25.4,GB	
1701457967.1619387	+6.65,+20.0,+19.2,DA	+2.34,+270.1,+19.9,IB	+6.45,+31.9,+19.7,JA	+2.23,+281.9,+25.6,IB	+2.16,+286.2,+25.2,GB	+2.16,+286.1,+25.4,BB	
1701458029.170377	+6.65,+20.0,+19.2,DA	+2.34,+270.2,+19.9,JB	+6.45,+31.9,+19.7,JA	+2.23,+281.8,+25.5,KB	+2.15,+286.5,+25.2,CB	+2.16,+286.2,+25.4,AB	
1701458091.1798706	+6.65,+20.0,+19.2,DA	+2.34,+270.2,+19.9,JB	+6.45,+31.9,+19.7,JA	+2.24,+281.7,+25.6,@B	+2.15,+286.5,+25.2,CB	+2.16,+286.2,+25.4,AB	
1701458153.189245	+6.65,+20.0,+19.2,DA	+2.34,+270.2,+19.9,JB	+6.45,+31.9,+19.7,JA	+2.24,+281.5,+25.6,BB	+2.15,+286.2,+25.2,DB	+2.17,+285.5,+25.4,DB	
1701458215.1974099	+6.65,+20.0,+19.2,DA	+2.34,+270.2,+19.8,KB	+6.45,+31.8,+19.7,KA	+2.24,+281.8,+25.6,OB	+2.14,+286.9,+25.2,NB	+2.17,+285.5,+25.4,DB	
1701458277.2063692	+6.65,+20.0,+19.2,DA	+2.34,+270.1,+19.9,IB	+6.45,+31.8,+19.7,KA	+2.22,+282.5,+25.6,GB	+2.15,+286.5,+25.2,CB	+2.18,+284.9,+25.4,FB	
1701458339.2163556	+6.65,+20.0,+19.2,DA	+2.34,+270.2,+19.9,JB	+6.45,+31.9,+19.7,JA	+2.24,+281.6,+25.6,AB	+2.15,+286.4,+25.2,BB	+2.16,+286.4,+25.4,GB	
1701458401.2217965	+6.65,+20.0,+19.2,DA	+2.34,+270.2,+19.9,JB	+6.45,+31.9,+19.7,JA	+2.22,+282.7,+25.6,EB	+2.15,+286.8,+25.2,NB	+2.18,+284.7,+25.4,HB	
1701458463.2264583	+6.65,+20.0,+19.2,DA	+2.34,+270.2,+19.8,KB	+6.45,+31.8,+19.7,KA	+2.23,+282.4,+25.5,DB	+2.16,+286.1,+25.2,DB	+2.17,+285.5,+25.4,DB	
1701458708.7935815	+6.66,+20.0,+19.2,GA	+2.34,+270.2,+19.8,KB	+6.45,+31.9,+19.7,JA	+2.23,+281.9,+25.6,IB	+2.15,+286.3,+25.2,EB	+2.17,+285.4,+25.4,EB	
1701458770.8032696	+6.66,+20.0,+19.2,GA	+2.34,+270.1,+19.8,HB	+6.45,+31.9,+19.7,JA	+2.23,+281.8,+25.6,HB	+2.15,+286.8,+25.2,NB	+2.18,+284.9,+25.4,FB	
1701458832.8113804	+6.66,+19.9,+19.2,DA	+2.34,+270.3,+19.8,JB	+6.45,+31.9,+19.7,JA	+2.23,+281.9,+25.6,IB	+2.15,+286.7,+25.2,AB	+2.18,+284.9,+25.4,FB	
1701458894.8157833	+6.66,+19.9,+19.2,DA	+2.34,+270.1,+19.8,HB	+6.45,+31.8,+19.7,KA	+2.22,+283.0,+25.6,CB	+2.15,+286.6,+25.2,@B	+2.15,+286.4,+25.4,DB	
1701458956.8241932	+6.66,+19.9,+19.2,DA	+2.34,+270.1,+19.8,HB	+6.45,+31.9,+19.7,JA	+2.22,+282.9,+25.6,KB	+2.14,+286.9,+25.2,NB	+2.16,+286.0,+25.4,CB	
1701459018.8323982	+6.66,+19.9,+19.2,DA	+2.34,+270.2,+19.8,KB	+6.45,+31.8,+19.7,KA	+2.22,+282.6,+25.6,DB	+2.15,+286.4,+25.2,BB	+2.16,+286.2,+25.4,AB	
1701459080.8414304	+6.66,+19.9,+19.2,DA	+2.34,+270.1,+19.8,HB	+6.45,+31.9,+19.7,JA	+2.22,+282.8,+25.5,IB	+2.15,+286.4,+25.2,BB	+2.16,+286.3,+25.4,@B	
1701459142.8504577	+6.66,+19.9,+19.2,DA	+2.34,+270.1,+19.9,IB	+6.45,+31.9,+19.7,JA	+2.23,+281.9,+25.6,IB	+2.15,+286.3,+25.2,EB	+2.18,+284.8,+25.4,GB	
1701459204.8575327	+6.66,+19.9,+19.2,DA	+2.34,+270.2,+19.8,KB	+6.45,+31.9,+19.7,JA	+2.23,+282.1,+25.6,BB	+2.15,+286.3,+25.2,EB	+2.17,+285.8,+25.4,IB	
1701459266.867203	+6.66,+19.9,+19.2,DA	+2.34,+270.2,+19.8,KB	+6.45,+31.9,+19.7,JA	+2.23,+282.2,+25.6,AB	+2.15,+286.4,+25.2,BB	+2.16,+285.9,+25.4,IB	
1701459328.87578	+6.66,+19.9,+19.2,DA	+2.34,+270.2,+19.8,KB	+6.45,+31.9,+19.7,JA	+2.22,+282.7,+25.5,FB	+2.14,+286.9,+25.2,NB	+2.17,+285.6,+25.4,GB	
1701459390.8844736	+6.66,+19.9,+19.2,DA	+2.34,+270.2,+19.8,KB	+6.45,+31.9,+19.7,JA	+2.22,+282.5,+25.5,DB	+2.15,+286.7,+25.2,AB	+2.16,+286.2,+25.4,AB	
1701459452.891728	+6.66,+19.9,+19.2,DA	+2.34,+270.1,+19.8,HB	+6.45,+31.9,+19.7,JA	+2.22,+282.6,+25.6,DB	+2.15,+286.7,+25.2,AB	+2.17,+285.5,+25.4,DB	
1701459514.9001105	+6.66,+19.8,+19.2,EA	+2.34,+270.2,+19.8,KB	+6.45,+31.9,+19.7,JA	+2.22,+282.4,+25.5,EB	+2.15,+286.5,+25.2,CB	+2.16,+286.2,+25.4,AB	
1701459576.907728	+6.66,+19.9,+19.2,DA	+2.34,+270.1,+19.8,HB	+6.45,+31.9,+19.7,JA	+2.22,+283.0,+25.5,@B	+2.15,+286.8,+25.2,NB	+2.15,+286.4,+25.4,DB	
1701459638.9159822	+6.66,+19.9,+19.2,DA	+2.34,+270.1,+19.8,HB	+6.45,+31.9,+19.7,JA	+2.22,+282.9,+25.6,KB	+2.15,+286.8,+25.2,NB	+2.16,+286.3,+25.4,@B	
1701459700.9252138	+6.66,+19.9,+19.2,DA	+2.34,+270.2,+19.8,KB	+6.45,+31.9,+19.7,JA	+2.21,+283.1,+25.6,AB	+2.14,+286.9,+25.2,NB	+2.16,+286.1,+25.4,BB	
1701459762.934035	+6.66,+19.8,+19.2,EA	+2.34,+270.1,+19.8,HB	+6.45,+31.9,+19.7,JA	+2.21,+283.0,+25.6,@B	+2.15,+286.7,+25.2,AB	+2.17,+285.8,+25.4,IB	
1701459824.9412978	+6.66,+19.8,+19.2,EA	+2.34,+270.1,+19.8,HB	+6.45,+31.9,+19.7,JA	+2.23,+282.2,+25.6,AB	+2.16,+286.1,+25.2,DB	+2.18,+284.8,+25.4,GB	
1701459886.949409	+6.66,+19.9,+19.2,DA	+2.34,+270.2,+19.8,KB	+6.45,+31.9,+19.7,JA	+2.23,+282.4,+25.6,GB	+2.15,+286.3,+25.2,EB	+2.18,+284.9,+25.3,AB	
1701459948.9561498	+6.66,+19.8,+19.2,EA	+2.34,+270.1,+19.8,HB	+6.45,+32.0,+19.7,@A	+2.22,+282.7,+25.5,FB	+2.14,+287.0,+25.2,FB	+2.15,+286.4,+25.4,DB	
1701460010.965189	+6.66,+19.8,+19.2,EA	+2.34,+270.2,+19.8,KB	+6.45,+31.9,+19.7,JA	+2.21,+283.1,+25.6,AB	+2.14,+286.9,+25.2,NB	+2.16,+286.0,+25.4,CB	
1701460072.9714081	+6.66,+19.8,+19.2,EA	+2.34,+270.2,+19.8,KB	+6.45,+31.9,+19.7,JA	+2.24,+281.8,+25.5,LB	+2.15,+286.6,+25.2,@B	+2.17,+285.8,+25.4,IB	
1701460134.9795547	+6.66,+19.8,+19.2,EA	+2.34,+270.1,+19.8,HB	+6.45,+31.9,+19.7,JA	+2.23,+282.1,+25.6,BB	+2.15,+286.2,+25.2,DB	+2.18,+284.8,+25.4,GB	
1701460196.9868817	+6.66,+19.9,+19.2,DA	+2.34,+270.1,+19.8,HB	+6.45,+31.9,+19.7,JA	+2.23,+281.9,+25.6,IB	+2.15,+286.4,+25.2,BB	+2.18,+285.1,+25.4,OB	
1701460258.9970312	+6.66,+19.8,+19.2,EA	+2.34,+270.2,+19.8,KB	+6.45,+31.9,+19.7,JA	+2.21,+283.2,+25.6,BB	+2.14,+286.8,+25.2,OB	+2.16,+285.9,+25.4,IB	
1701460321.0022526	+6.66,+19.8,+19.2,EA	+2.34,+270.1,+19.8,HB	+6.45,+31.9,+19.7,JA	+2.23,+282.1,+25.5,AB	+2.15,+286.3,+25.2,EB	+2.18,+285.0,+25.4,NB	
1701460383.012631	+6.66,+19.8,+19.2,EA	+2.34,+270.2,+19.8,KB	+6.45,+31.9,+19.7,JA	+2.21,+283.1,+25.6,AB	+2.15,+286.7,+25.2,AB	+2.17,+285.7,+25.3,AB	
1701460445.0238972	+6.66,+19.8,+19.2,EA	+2.34,+270.1,+19.8,HB	+6.45,+31.9,+19.7,JA	+2.23,+282.1,+25.6,BB	+2.15,+286.4,+25.2,BB	+2.18,+284.9,+25.3,AB	
1701460507.032386	+6.66,+19.8,+19.2,EA	+2.34,+270.1,+19.8,HB	+6.45,+31.9,+19.7,JA	+2.23,+282.0,+25.5,@B	+2.15,+286.4,+25.2,BB	+2.18,+284.9,+25.4,FB	
1701460569.0413208	+6.66,+19.8,+19.2,EA	+2.34,+270.1,+19.8,HB	+6.45,+32.0,+19.7,@A	+2.23,+282.0,+25.6,CB	+2.15,+286.8,+25.2,NB	+2.17,+285.7,+25.4,FB	
1701460631.0483596	+6.66,+19.9,+19.2,DA	+2.34,+270.1,+19.8,HB	+6.45,+31.9,+19.7,JA	+2.23,+282.0,+25.5,@B	+2.14,+286.8,+25.2,OB	+2.17,+285.5,+25.4,DB	
1701460693.0581486	+6.66,+19.8,+19.2,EA	+2.34,+270.1,+19.8,HB	+6.45,+31.9,+19.7,JA	+2.23,+282.3,+25.5,CB	+2.15,+286.5,+25.2,CB	+2.18,+284.9,+25.4,FB	
1701460755.0679584	+6.66,+19.8,+19.2,EA	+2.34,+270.2,+19.8,KB	+6.45,+31.9,+19.7,JA	+2.23,+282.1,+25.6,BB	+2.14,+287.0,+25.2,FB	+2.16,+286.0,+25.4,CB	
1701460817.0765686	+6.66,+19.8,+19.2,EA	+2.34,+270.1,+19.8,HB	+6.45,+31.9,+19.7,JA	+2.21,+283.2,+25.5,AB	+2.15,+286.3,+25.2,EB	+2.17,+285.3,+25.4,BB	
1701460879.085222	+6.66,+19.8,+19.2,EA	+2.34,+270.1,+19.8,HB	+6.45,+31.8,+19.7,KA	+2.23,+282.2,+25.6,AB	+2.15,+286.5,+25.2,CB	+2.18,+285.0,+25.4,NB	
1701460941.0898075	+6.66,+19.8,+19.2,EA	+2.34,+270.2,+19.8,KB	+6.45,+31.9,+19.7,JA	+2.22,+283.0,+25.5,@B	+2.16,+286.1,+25.2,DB	+2.18,+285.0,+25.4,NB	
1701461003.0990791	+6.66,+19.8,+19.2,EA	+2.34,+270.1,+19.8,HB	+6.45,+31.9,+19.7,JA	+2.22,+282.5,+25.6,GB	+2.16,+286.0,+25.2,EB	+2.18,+285.1,+25.4,OB	
1701461065.1070557	+6.66,+19.8,+19.2,EA	+2.34,+270.1,+19.8,HB	+6.45,+31.9,+19.7,JA	+2.24,+281.8,+25.6,OB	+2.14,+287.0,+25.2,FB	+2.15,+286.4,+25.4,DB	
1701461127.116241	+6.66,+19.8,+19.2,EA	+2.34,+270.1,+19.8,HB	+6.45,+31.9,+19.7,JA	+2.23,+282.0,+25.5,@B	+2.15,+286.5,+25.2,CB	+2.18,+284.9,+25.4,FB	
1701461189.1258545	+6.66,+19.8,+19.2,EA	+2.34,+270.1,+19.8,HB	+6.45,+31.9,+19.7,JA	+2.22,+282.8,+25.6,JB	+2.15,+286.2,+25.2,DB	+2.17,+285.5,+25.4,DB	
1701461251.13521	+6.66,+19.8,+19.2,EA	+2.34,+270.1,+19.8,HB	+6.45,+31.9,+19.7,JA	+2.23,+282.3,+25.6,@B	+2.15,+286.7,+25.2,AB	+2.15,+286.5,+25.4,EB	
1701461313.1440632	+6.66,+19.8,+19.2,EA	+2.34,+270.2,+19.8,KB	+6.45,+31.9,+19.7,JA	+2.23,+281.9,+25.6,IB	+2.14,+287.0,+25.2,FB	+2.17,+285.8,+25.4,IB	
1701461375.153784	+6.66,+19.8,+19.2,EA	+2.34,+270.1,+19.8,HB	+6.45,+31.9,+19.7,JA	+2.24,+281.8,+25.6,OB	+2.14,+286.9,+25.2,NB	+2.17,+285.2,+25.4,CB	
1701461437.16303	+6.66,+19.8,+19.2,EA	+2.34,+270.1,+19.8,HB	+6.45,+31.9,+19.7,JA	+2.23,+282.3,+25.5,CB	+2.15,+286.5,+25.2,CB	+2.15,+286.4,+25.4,DB	
1701461499.1702394	+6.66,+19.8,+19.2,EA	+2.34,+270.1,+19.8,HB	+6.45,+31.9,+19.7,JA	+2.22,+282.7,+25.6,EB	+2.15,+286.5,+25.2,CB	+2.18,+285.0,+25.4,NB	
1701461561.18032	+6.66,+19.8,+19.2,EA	+2.34,+270.2,+19.8,KB	+6.45,+31.9,+19.7,JA	+2.22,+282.6,+25.6,DB	+2.15,+286.3,+25.2,EB	+2.18,+285.1,+25.4,OB	
1701461623.191231	+6.66,+19.8,+19.1,FA	+2.34,+270.1,+19.8,HB	+6.45,+31.9,+19.7,JA	+2.23,+282.3,+25.5,CB	+2.15,+286.7,+25.2,AB	+2.18,+284.8,+25.4,GB	
1701461685.199913	+6.66,+19.8,+19.2,EA	+2.34,+270.1,+19.8,HB	+6.45,+31.9,+19.7,JA	+2.22,+282.7,+25.6,EB	+2.15,+286.3,+25.2,EB	+2.16,+286.0,+25.4,CB	
1701461747.2106893	+6.66,+19.8,+19.2,EA	+2.34,+270.1,+19.8,HB	+6.45,+31.9,+19.7,JA	+2.23,+281.8,+25.5,KB	+2.14,+287.1,+25.2,GB	+2.17,+285.6,+25.4,GB	
1701461809.2208078	+6.66,+19.8,+19.2,EA	+2.34,+270.1,+19.8,HB	+6.45,+31.9,+19.7,JA	+2.22,+282.6,+25.6,DB	+2.15,+286.4,+25.2,BB	+2.16,+286.3,+25.4,@B	
1701461871.230382	+6.66,+19.7,+19.2,JA	+2.34,+270.1,+19.8,HB	+6.45,+31.9,+19.7,JA	+2.23,+282.0,+25.6,CB	+2.15,+286.3,+25.2,EB	+2.15,+286.4,+25.4,DB	
1701461933.2412467	+6.66,+19.7,+19.2,JA	+2.34,+270.1,+19.8,HB	+6.45,+31.9,+19.7,JA	+2.23,+281.9,+25.5,JB	+2.14,+286.8,+25.2,OB	+2.16,+286.1,+25.4,BB	
1701461995.2504864	+6.66,+19.7,+19.2,JA	+2.34,+270.0,+19.8,IB	+6.45,+32.0,+19.7,@A	+2.24,+281.6,+25.6,AB	+2.14,+287.0,+25.2,FB	+2.17,+285.8,+25.4,IB	
1701462057.261125	+6.66,+19.8,+19.2,EA	+2.34,+270.1,+19.8,HB	+6.45,+31.9,+19.7,JA	+2.22,+282.6,+25.5,GB	+2.15,+286.4,+25.2,BB	+2.17,+285.4,+25.4,EB	
1701462119.2730434	+6.66,+19.8,+19.2,EA	+2.34,+270.1,+19.8,HB	+6.45,+31.9,+19.7,JA	+2.22,+282.4,+25.5,EB	+2.15,+286.3,+25.2,EB	+2.16,+286.4,+25.4,GB	
1701462181.282121	+6.66,+19.7,+19.2,JA	+2.34,+270.0,+19.8,IB	+6.45,+31.9,+19.7,JA	+2.23,+282.2,+25.5,BB	+2.14,+287.0,+25.2,FB	+2.17,+285.5,+25.4,DB	
1701462243.2862117	+6.66,+19.8,+19.2,EA	+2.34,+270.1,+19.8,HB	+6.45,+31.9,+19.7,JA	+2.23,+281.8,+25.5,KB	+2.14,+287.0,+25.2,FB	+2.17,+285.6,+25.4,GB	
1701462305.2963948	+6.66,+19.7,+19.2,JA	+2.34,+270.1,+19.7,GB	+6.45,+31.8,+19.7,KA	+2.22,+282.6,+25.5,GB	+2.14,+287.0,+25.2,FB	+2.18,+285.0,+25.4,NB	
1701462550.9004881	+6.66,+19.8,+19.2,EA	+2.34,+270.1,+19.8,HB	+6.45,+31.9,+19.7,JA	+2.21,+283.1,+25.6,AB	+2.16,+286.1,+25.2,DB	+2.16,+286.4,+25.4,GB	
1701462612.909532	+6.66,+19.7,+19.2,JA	+2.34,+270.1,+19.7,GB	+6.45,+31.8,+19.7,KA	+2.22,+282.7,+25.6,EB	+2.15,+286.8,+25.2,NB	+2.17,+285.3,+25.4,BB	
1701462674.9194446	+6.66,+19.7,+19.2,JA	+2.34,+270.1,+19.7,GB	+6.45,+31.8,+19.7,KA	+2.22,+282.5,+25.5,DB	+2.14,+286.9,+25.2,NB	+2.18,+284.9,+25.4,FB	
1701462736.9285038	+6.66,+19.7,+19.2,JA	+2.34,+270.1,+19.7,GB	+6.45,+31.9,+19.7,JA	+2.22,+282.8,+25.6,JB	+2.15,+286.7,+25.2,AB	+2.17,+285.4,+25.4,EB	
1701462798.9374592	+6.66,+19.7,+19.2,JA	+2.34,+270.1,+19.8,HB	+6.45,+31.9,+19.7,JA	+2.22,+282.4,+25.6,FB	+2.15,+286.4,+25.2,BB	+2.17,+285.6,+25.3,@B	
1701462860.9474447	+6.66,+19.7,+19.2,JA	+2.34,+270.2,+19.7,DB	+6.45,+31.9,+19.7,JA	+2.21,+283.3,+25.5,@B	+2.15,+286.2,+25.2,DB	+2.16,+286.3,+25.4,@B	
1701462922.9559107	+6.66,+19.8,+19.2,EA	+2.34,+270.0,+19.8,IB	+6.45,+31.9,+19.7,JA	+2.23,+282.2,+25.5,BB	+2.14,+286.9,+25.2,NB	+2.18,+284.7,+25.4,HB	
1701462984.9627516	+6.66,+19.7,+19.1,IA	+2.34,+270.1,+19.7,GB	+6.45,+31.9,+19.7,JA	+2.21,+283.3,+25.5,@B	+2.16,+286.1,+25.2,DB	+2.16,+286.2,+25.4,AB	
1701463046.9713216	+6.66,+19.7,+19.2,JA	+2.34,+270.0,+19.7,FB	+6.45,+31.9,+19.7,JA	+2.21,+283.2,+25.6,BB	+2.16,+286.2,+25.2,GB	+2.16,+286.3,+25.4,@B	
1701463108.981943	+6.66,+19.7,+19.2,JA	+2.34,+270.1,+19.8,HB	+6.45,+31.9,+19.7,JA	+2.23,+282.2,+25.5,BB	+2.14,+286.9,+25.2,NB	+2.18,+284.8,+25.4,GB	
1701463170.9899633	+6.66,+19.7,+19.2,JA	+2.34,+270.1,+19.7,GB	+6.45,+31.9,+19.7,JA	+2.23,+282.2,+25.5,BB	+2.15,+286.7,+25.2,AB	+2.18,+284.9,+25.4,FB	
1701463232.9997272	+6.66,+19.7,+19.2,JA	+2.34,+270.1,+19.7,GB	+6.45,+31.9,+19.7,JA	+2.22,+282.8,+25.6,JB	+2.15,+286.3,+25.2,EB	+2.17,+285.5,+25.4,DB	
1701463295.0075395	+6.66,+19.7,+19.2,JA	+2.34,+270.1,+19.8,HB	+6.45,+31.9,+19.7,JA	+2.22,+282.8,+25.5,IB	+2.16,+286.2,+25.2,GB	+2.17,+285.6,+25.3,@B	
1701463357.0119145	+6.66,+19.8,+19.2,EA	+2.34,+270.1,+19.8,HB	+6.45,+31.9,+19.7,JA	+2.23,+282.1,+25.5,AB	+2.15,+286.7,+25.2,AB	+2.18,+284.7,+25.4,HB	
1701463419.0205405	+6.66,+19.7,+19.2,JA	+2.34,+270.1,+19.8,HB	+6.45,+31.8,+19.7,KA	+2.21,+283.2,+25.5,AB	+2.16,+286.0,+25.2,EB	+2.16,+286.2,+25.4,AB	
1701463481.0266294	+6.66,+19.7,+19.2,JA	+2.34,+270.0,+19.8,IB	+6.45,+31.9,+19.7,JA	+2.22,+282.8,+25.6,JB	+2.16,+286.1,+25.2,DB	+2.17,+285.7,+25.3,AB	
1701463543.0352848	+6.66,+19.7,+19.2,JA	+2.34,+270.1,+19.8,HB	+6.45,+31.9,+19.7,JA	+2.21,+283.3,+25.5,@B	+2.16,+286.1,+25.2,DB	+2.16,+286.4,+25.4,GB	
1701463605.041403	+6.66,+19.7,+19.2,JA	+2.34,+270.1,+19.7,GB	+6.45,+31.9,+19.7,JA	+2.21,+283.3,+25.6,CB	+2.16,+286.1,+25.2,DB	+2.15,+286.4,+25.4,DB	
1701463667.0488405	+6.66,+19.6,+19.2,KA	+2.34,+270.1,+19.7,GB	+6.45,+31.9,+19.7,JA	+2.21,+283.3,+25.5,@B	+2.15,+286.3,+25.2,EB	+2.15,+286.5,+25.4,EB	
1701463729.0571978	+6.66,+19.7,+19.2,JA	+2.34,+270.0,+19.7,FB	+6.45,+31.8,+19.7,KA	+2.23,+282.2,+25.5,BB	+2.15,+286.6,+25.2,@B	+2.18,+285.1,+25.4,OB	
1701463791.064908	+6.66,+19.7,+19.2,JA	+2.34,+270.1,+19.7,GB	+6.45,+31.9,+19.7,JA	+2.23,+281.9,+25.6,IB	+2.14,+287.0,+25.2,FB	+2.18,+284.8,+25.4,GB	
1701463853.0712132	+6.66,+19.7,+19.2,JA	+2.34,+270.1,+19.7,GB	+6.45,+31.9,+19.7,JA	+2.22,+282.9,+25.5,HB	+2.15,+286.2,+25.2,DB	+2.16,+286.0,+25.4,CB	
1701463915.0796218	+6.66,+19.7,+19.2,JA	+2.34,+270.1,+19.7,GB	+6.45,+31.8,+19.7,KA	+2.23,+281.9,+25.5,JB	+2.15,+286.8,+25.2,NB	+2.18,+284.8,+25.4,GB	
1701463977.091025	+6.66,+19.6,+19.2,KA	+2.34,+270.0,+19.7,FB	+6.45,+32.0,+19.7,@A	+2.24,+281.7,+25.5,CB	+2.15,+286.6,+25.2,@B	+2.18,+284.8,+25.4,GB	
1701464039.099333	+6.66,+19.6,+19.2,KA	+2.34,+270.1,+19.7,GB	+6.45,+31.9,+19.7,JA	+2.23,+281.9,+25.5,JB	+2.15,+286.6,+25.2,@B	+2.16,+286.3,+25.4,@B	
1701464101.1069763	+6.66,+19.6,+19.2,KA	+2.34,+270.1,+19.7,GB	+6.45,+31.8,+19.7,KA	+2.22,+282.8,+25.5,IB	+2.14,+286.8,+25.2,OB	+2.17,+285.5,+25.4,DB	
1701464163.11331	+6.66,+19.6,+19.2,KA	+2.34,+270.1,+19.7,GB	+6.45,+31.9,+19.7,JA	+2.22,+282.9,+25.6,KB	+2.16,+286.0,+25.2,EB	+2.17,+285.8,+25.4,IB	
1701464225.1236682	+6.66,+19.6,+19.2,KA	+2.34,+270.1,+19.8,HB	+6.45,+31.8,+19.7,KA	+2.22,+282.9,+25.6,KB	+2.14,+286.9,+25.2,NB	+2.18,+285.2,+25.4,LB	
1701464287.133422	+6.66,+19.6,+19.2,KA	+2.34,+270.1,+19.7,GB	+6.45,+31.9,+19.7,JA	+2.23,+282.0,+25.6,CB	+2.15,+286.4,+25.2,BB	+2.19,+284.5,+25.4,KB	
1701464349.1431074	+6.66,+19.6,+19.2,KA	+2.34,+270.1,+19.7,GB	+6.45,+31.9,+19.7,JA	+2.23,+282.1,+25.6,BB	+2.15,+286.5,+25.2,CB	+2.19,+284.5,+25.4,KB	
1701464411.1532104	+6.66,+19.6,+19.2,KA	+2.34,+270.1,+19.7,GB	+6.45,+31.9,+19.7,JA	+2.21,+283.3,+25.6,CB	+2.15,+286.7,+25.2,AB	+2.16,+286.2,+25.4,AB	
1701464473.1599553	+6.66,+19.7,+19.2,JA	+2.34,+270.1,+19.7,GB	+6.45,+31.9,+19.7,JA	+2.21,+283.3,+25.6,CB	+2.15,+286.7,+25.2,AB	+2.16,+286.1,+25.4,BB	
1701464535.1689234	+6.66,+19.7,+19.2,JA	+2.34,+270.1,+19.7,GB	+6.45,+31.9,+19.7,JA	+2.21,+283.0,+25.6,@B	+2.14,+286.9,+25.2,NB	+2.17,+285.6,+25.4,GB	
1701464597.1771986	+6.66,+19.6,+19.2,KA	+2.34,+270.1,+19.7,GB	+6.45,+31.9,+19.7,JA	+2.22,+282.6,+25.5,GB	+2.14,+286.9,+25.2,NB	+2.18,+285.1,+25.4,OB	
1701464659.1860528	+6.66,+19.6,+19.2,KA	+2.34,+270.2,+19.7,DB	+6.45,+31.9,+19.7,JA	+2.23,+282.0,+25.5,@B	+2.15,+286.3,+25.2,EB	+2.18,+284.7,+25.4,HB	
1701464721.1955056	+6.66,+19.6,+19.2,KA	+2.34,+270.1,+19.7,GB	+6.45,+31.9,+19.7,JA	+2.21,+283.0,+25.6,@B	+2.15,+286.6,+25.2,@B	+2.16,+286.3,+25.4,@B	
1701464783.2053084	+6.66,+19.7,+19.2,JA	+2.34,+270.1,+19.7,GB	+6.45,+31.9,+19.7,JA	+2.23,+282.2,+25.6,AB	+2.16,+286.2,+25.2,GB	+2.17,+285.4,+25.4,EB	
1701464845.2150855	+6.66,+19.6,+19.2,KA	+2.34,+270.1,+19.7,GB	+6.45,+31.8,+19.7,KA	+2.23,+282.3,+25.6,@B	+2.15,+286.6,+25.2,@B	+2.18,+284.8,+25.4,GB	
1701464907.2217999	+6.66,+19.7,+19.2,JA	+2.34,+270.1,+19.7,GB	+6.45,+31.8,+19.7,KA	+2.21,+283.1,+25.6,AB	+2.14,+287.1,+25.2,GB	+2.17,+285.8,+25.4,IB	
1701464969.2299435	+6.66,+19.7,+19.2,JA	+2.34,+270.1,+19.7,GB	+6.45,+31.9,+19.7,JA	+2.21,+283.3,+25.6,CB	+2.14,+287.0,+25.2,FB	+2.16,+286.3,+25.4,@B	
1701465031.239555	+6.66,+19.7,+19.2,JA	+2.34,+270.0,+19.7,FB	+6.45,+31.9,+19.7,JA	+2.22,+282.7,+25.6,EB	+2.15,+286.5,+25.2,CB	+2.16,+286.3,+25.4,@B	
1701465093.247882	+6.66,+19.7,+19.2,JA	+2.34,+270.1,+19.7,GB	+6.45,+31.8,+19.7,KA	+2.21,+283.1,+25.5,BB	+2.14,+286.9,+25.2,NB	+2.17,+285.7,+25.4,FB	
1701465155.2554002	+6.66,+19.7,+19.2,JA	+2.34,+270.1,+19.7,GB	+6.45,+31.9,+19.7,JA	+2.21,+283.3,+25.5,@B	+2.14,+287.0,+25.2,FB	+2.16,+286.4,+25.4,GB	
1701465217.2639134	+6.66,+19.6,+19.2,KA	+2.34,+270.1,+19.7,GB	+6.45,+31.9,+19.7,JA	+2.23,+282.0,+25.5,@B	+2.16,+286.2,+25.2,GB	+2.18,+285.1,+25.4,OB	
1701465279.273591	+6.66,+19.6,+19.2,KA	+2.34,+270.1,+19.7,GB	+6.45,+31.8,+19.7,KA	+2.23,+282.0,+25.5,@B	+2.16,+286.1,+25.2,DB	+2.18,+285.0,+25.4,NB	
1701465341.2789443	+6.66,+19.7,+19.2,JA	+2.34,+270.1,+19.7,GB	+6.45,+31.9,+19.7,JA	+2.22,+282.5,+25.6,GB	+2.15,+286.6,+25.2,@B	+2.16,+286.4,+25.4,GB	
1701465403.2877805	+6.66,+19.7,+19.2,JA	+2.34,+270.1,+19.7,GB	+6.45,+31.9,+19.7,JA	+2.23,+282.0,+25.6,CB	+2.16,+286.1,+25.2,DB	+2.18,+285.0,+25.4,NB	
1701465465.2960563	+6.66,+19.7,+19.2,JA	+2.34,+270.1,+19.7,GB	+6.45,+31.9,+19.7,JA	+2.22,+282.7,+25.5,FB	+2.15,+286.4,+25.2,BB	+2.18,+285.2,+25.4,LB	
1701465527.302588	+6.66,+19.7,+19.2,JA	+2.34,+270.1,+19.7,GB	+6.45,+31.8,+19.7,KA	+2.21,+283.2,+25.6,BB	+2.14,+286.9,+25.2,NB	+2.16,+286.1,+25.3,EB	
1701465589.3120565	+6.66,+19.7,+19.2,JA	+2.34,+270.1,+19.7,GB	+6.45,+31.8,+19.7,KA	+2.22,+282.8,+25.6,JB	+2.15,+286.4,+25.2,BB	+2.18,+285.2,+25.4,LB	
1701465651.3203588	+6.66,+19.7,+19.2,JA	+2.34,+270.0,+19.7,FB	+6.45,+31.8,+19.7,KA	+2.21,+283.1,+25.6,AB	+2.14,+287.1,+25.2,GB	+2.15,+286.5,+25.4,EB	
1701465713.3282375	+6.66,+19.7,+19.2,JA	+2.34,+270.1,+19.7,GB	+6.45,+31.8,+19.7,KA	+2.22,+283.0,+25.6,CB	+2.14,+287.0,+25.2,FB	+2.15,+286.5,+25.4,EB	
1701465775.335768	+6.66,+19.6,+19.2,KA	+2.34,+270.1,+19.7,GB	+6.45,+31.8,+19.7,KA	+2.21,+283.1,+25.5,BB	+2.15,+286.5,+25.2,CB	+2.17,+285.4,+25.4,EB	
1701465837.3459947	+6.66,+19.7,+19.2,JA	+2.34,+270.1,+19.7,GB	+6.45,+31.8,+19.7,KA	+2.22,+282.9,+25.5,HB	+2.14,+287.1,+25.2,GB	+2.15,+286.5,+25.4,EB	
1701465899.3551588	+6.66,+19.7,+19.2,JA	+2.34,+270.1,+19.7,GB	+6.45,+31.8,+19.7,KA	+2.21,+283.3,+25.6,CB	+2.15,+286.6,+25.2,@B	+2.17,+285.7,+25.4,FB	
1701465961.3645918	+6.66,+19.6,+19.2,KA	+2.34,+270.1,+19.7,GB	+6.45,+31.8,+19.7,KA	+2.21,+283.2,+25.5,AB	+2.15,+286.3,+25.2,EB	+2.17,+285.2,+25.4,CB	
1701466023.371491	+6.66,+19.7,+19.2,JA	+2.34,+270.1,+19.7,GB	+6.45,+31.8,+19.7,KA	+2.23,+282.3,+25.5,CB	+2.14,+286.9,+25.2,NB	+2.16,+286.1,+25.4,BB	
1701466085.3799655	+6.66,+19.7,+19.2,JA	+2.34,+270.1,+19.7,GB	+6.45,+31.8,+19.7,KA	+2.23,+282.4,+25.6,GB	+2.14,+287.0,+25.2,FB	+2.16,+286.3,+25.4,@B	
1701466147.3886924	+6.66,+19.7,+19.2,JA	+2.34,+270.0,+19.7,FB	+6.45,+31.8,+19.7,KA	+2.21,+283.3,+25.6,CB	+2.15,+286.7,+25.2,AB	+2.16,+286.2,+25.4,AB	
1701466392.9807062	+6.66,+19.6,+19.2,KA	+2.34,+270.1,+19.7,GB	+6.45,+31.8,+19.7,KA	+2.21,+283.3,+25.6,CB	+2.15,+286.3,+25.2,EB	+2.16,+285.9,+25.4,IB	
1701466454.9888756	+6.66,+19.6,+19.2,KA	+2.34,+270.1,+19.7,GB	+6.45,+31.9,+19.7,JA	+2.22,+282.9,+25.6,KB	+2.16,+286.1,+25.2,DB	+2.18,+284.9,+25.4,FB	
1701466516.9970767	+6.66,+19.6,+19.2,KA	+2.34,+270.0,+19.7,FB	+6.45,+31.9,+19.7,JA	+2.23,+282.1,+25.5,AB	+2.14,+286.9,+25.2,NB	+2.16,+286.0,+25.4,CB	
1701466579.0056467	+6.66,+19.6,+19.2,KA	+2.34,+270.1,+19.7,GB	+6.45,+31.8,+19.7,KA	+2.22,+282.7,+25.6,EB	+2.14,+286.8,+25.2,OB	+2.15,+286.5,+25.4,EB	
1701466641.0094142	+6.66,+19.6,+19.2,KA	+2.34,+270.0,+19.7,FB	+6.45,+31.9,+19.7,JA	+2.21,+283.1,+25.6,AB	+2.16,+286.0,+25.2,EB	+2.18,+284.9,+25.4,FB	
1701466703.0148547	+6.66,+19.7,+19.2,JA	+2.34,+270.1,+19.7,GB	+6.45,+31.8,+19.7,KA	+2.22,+282.7,+25.6,EB	+2.15,+286.6,+25.2,@B	+2.15,+286.5,+25.4,EB	
1701466765.0251608	+6.66,+19.6,+19.2,KA	+2.34,+270.1,+19.7,GB	+6.45,+31.8,+19.7,KA	+2.23,+282.0,+25.5,@B	+2.14,+286.8,+25.2,OB	+2.17,+285.5,+25.3,CB	
1701466827.0337784	+6.66,+19.6,+19.2,KA	+2.34,+270.0,+19.7,FB	+6.45,+31.8,+19.7,KA	+2.23,+282.0,+25.5,@B	+2.15,+286.7,+25.2,AB	+2.16,+286.1,+25.4,BB	
1701466889.0402336	+6.66,+19.6,+19.2,KA	+2.34,+270.1,+19.7,GB	+6.45,+31.8,+19.7,KA	+2.22,+282.5,+25.5,DB	+2.15,+286.4,+25.2,BB	+2.18,+285.0,+25.4,NB	
1701466951.0481586	+6.66,+19.5,+19.2,HA	+2.34,+270.1,+19.7,GB	+6.45,+31.9,+19.7,JA	+2.22,+282.8,+25.5,IB	+2.15,+286.3,+25.2,EB	+2.18,+284.8,+25.4,GB	
1701467013.0576994	+6.66,+19.6,+19.2,KA	+2.34,+270.1,+19.7,GB	+6.45,+31.8,+19.7,KA	+2.22,+282.9,+25.6,KB	+2.15,+286.3,+25.2,EB	+2.15,+286.4,+25.4,DB	
1701467075.0637777	+6.66,+19.7,+19.2,JA	+2.34,+270.1,+19.7,GB	+6.45,+31.9,+19.7,JA	+2.21,+283.4,+25.6,DB	+2.16,+286.1,+25.2,DB	+2.17,+285.3,+25.4,BB	
1701467137.074867	+6.66,+19.6,+19.2,KA	+2.34,+270.1,+19.7,GB	+6.45,+31.8,+19.7,KA	+2.22,+282.9,+25.6,KB	+2.15,+286.4,+25.2,BB	+2.15,+286.4,+25.4,DB	
1701467199.0848012	+6.66,+19.6,+19.2,KA	+2.34,+270.1,+19.7,GB	+6.45,+31.8,+19.7,KA	+2.23,+282.2,+25.5,BB	+2.14,+286.9,+25.2,NB	+2.16,+286.0,+25.4,CB	
1701467261.0945694	+6.66,+19.6,+19.2,KA	+2.34,+270.1,+19.7,GB	+6.45,+31.8,+19.7,KA	+2.22,+282.6,+25.6,DB	+2.15,+286.5,+25.2,CB	+2.18,+285.0,+25.4,NB	
1701467323.103127	+6.66,+19.6,+19.2,KA	+2.34,+270.1,+19.7,GB	+6.45,+31.9,+19.7,JA	+2.22,+282.7,+25.5,FB	+2.16,+286.1,+25.2,DB	+2.16,+286.1,+25.4,BB	
1701467385.1111264	+6.66,+19.6,+19.2,KA	+2.34,+270.1,+19.7,GB	+6.45,+31.9,+19.7,JA	+2.21,+283.4,+25.6,DB	+2.16,+286.2,+25.2,GB	+2.18,+284.9,+25.4,FB	
1701467447.1208596	+6.66,+19.6,+19.2,KA	+2.34,+270.0,+19.7,FB	+6.45,+31.8,+19.7,KA	+2.21,+283.1,+25.5,BB	+2.15,+286.4,+25.2,BB	+2.18,+284.6,+25.3,NB	
1701467509.1313803	+6.66,+19.6,+19.2,KA	+2.34,+270.1,+19.7,GB	+6.45,+31.8,+19.7,KA	+2.21,+283.0,+25.5,CB	+2.15,+286.6,+25.2,@B	+2.19,+284.5,+25.4,KB	
1701467571.1398418	+6.66,+19.6,+19.2,KA	+2.34,+270.1,+19.7,GB	+6.45,+31.9,+19.7,JA	+2.22,+282.9,+25.5,HB	+2.15,+286.7,+25.2,AB	+2.18,+284.6,+25.4,IB	
1701467633.1477535	+6.66,+19.6,+19.2,KA	+2.34,+270.1,+19.7,GB	+6.45,+31.8,+19.7,KA	+2.22,+282.7,+25.5,FB	+2.14,+286.9,+25.2,NB	+2.18,+284.9,+25.4,FB	
1701467695.1556299	+6.66,+19.6,+19.2,KA	+2.34,+270.0,+19.7,FB	+6.45,+31.9,+19.7,JA	+2.22,+282.6,+25.5,GB	+2.16,+286.2,+25.2,GB	+2.16,+286.3,+25.4,@B	
1701467757.1641595	+6.66,+19.6,+19.2,KA	+2.34,+270.1,+19.7,GB	+6.45,+31.8,+19.7,KA	+2.21,+283.1,+25.6,AB	+2.16,+286.2,+25.2,GB	+2.17,+285.7,+25.3,AB	
1701467819.173814	+6.66,+19.6,+19.2,KA	+2.34,+270.1,+19.7,GB	+6.45,+31.8,+19.7,KA	+2.21,+283.4,+25.5,GB	+2.15,+286.8,+25.2,NB	+2.17,+285.3,+25.4,BB	
1701467881.1811967	+6.66,+19.6,+19.2,KA	+2.34,+270.0,+19.7,FB	+6.45,+31.9,+19.7,JA	+2.21,+283.0,+25.5,CB	+2.14,+286.9,+25.2,NB	+2.18,+284.8,+25.4,GB	
1701467943.1873958	+6.66,+19.6,+19.2,KA	+2.34,+270.1,+19.7,GB	+6.45,+31.8,+19.7,KA	+2.22,+282.5,+25.5,DB	+2.14,+287.0,+25.2,FB	+2.17,+285.5,+25.4,DB	
1701468005.1954794	+6.66,+19.6,+19.2,KA	+2.34,+270.1,+19.7,GB	+6.45,+31.9,+19.7,JA	+2.22,+282.6,+25.6,DB	+2.16,+286.0,+25.2,EB	+2.16,+286.3,+25.4,@B	
1701468067.2038355	+6.66,+19.6,+19.2,KA	+2.34,+270.1,+19.7,GB	+6.45,+31.9,+19.7,JA	+2.23,+282.2,+25.6,AB	+2.15,+286.3,+25.2,EB	+2.15,+286.6,+25.4,FB	
1701468129.2117257	+6.66,+19.6,+19.2,KA	+2.34,+270.1,+19.7,GB	+6.45,+31.9,+19.7,JA	+2.23,+282.3,+25.6,@B	+2.16,+286.1,+25.2,DB	+2.15,+286.6,+25.4,FB	
1701468191.2202141	+6.66,+19.6,+19.2,KA	+2.34,+270.1,+19.7,GB	+6.45,+31.8,+19.7,KA	+2.23,+282.3,+25.6,@B	+2.15,+286.2,+25.2,DB	+2.15,+286.6,+25.4,FB	
1701468253.2296715	+6.66,+19.6,+19.2,KA	+2.34,+270.1,+19.7,GB	+6.45,+31.8,+19.7,KA	+2.21,+283.4,+25.5,GB	+2.15,+286.6,+25.2,@B	+2.17,+285.3,+25.4,BB	
1701468315.2383878	+6.66,+19.5,+19.2,HA	+2.34,+270.1,+19.7,GB	+6.45,+31.8,+19.7,KA	+2.21,+283.3,+25.6,CB	+2.15,+286.7,+25.2,AB	+2.17,+285.3,+25.4,BB	
1701468377.248576	+6.66,+19.6,+19.2,KA	+2.34,+270.1,+19.7,GB	+6.45,+31.8,+19.7,KA	+2.22,+282.8,+25.5,IB	+2.14,+286.8,+25.2,OB	+2.17,+285.3,+25.4,BB	
1701468439.2557921	+6.66,+19.6,+19.2,KA	+2.34,+270.1,+19.7,GB	+6.45,+31.8,+19.7,KA	+2.22,+282.7,+25.5,FB	+2.14,+286.8,+25.2,OB	+2.17,+285.4,+25.4,EB	
1701468501.2640398	+6.66,+19.6,+19.2,KA	+2.34,+270.1,+19.7,GB	+6.45,+31.8,+19.7,KA	+2.22,+282.5,+25.6,GB	+2.15,+286.6,+25.2,@B	+2.17,+285.7,+25.4,FB	
1701468563.272448	+6.66,+19.6,+19.2,KA	+2.34,+270.1,+19.7,GB	+6.45,+31.8,+19.7,KA	+2.21,+283.4,+25.5,GB	+2.14,+287.0,+25.2,FB	+2.18,+285.0,+25.4,NB	
1701468625.2802944	+6.66,+19.6,+19.2,KA	+2.34,+270.1,+19.7,GB	+6.45,+31.7,+19.7,DA	+2.21,+283.5,+25.5,FB	+2.14,+287.0,+25.2,FB	+2.18,+285.0,+25.4,NB	
1701468687.2899446	+6.66,+19.6,+19.2,KA	+2.34,+270.1,+19.7,GB	+6.45,+31.8,+19.7,KA	+2.23,+282.4,+25.6,GB	+2.15,+286.2,+25.2,DB	+2.15,+286.5,+25.4,EB	
1701468749.2991345	+6.66,+19.6,+19.2,KA	+2.34,+270.1,+19.7,GB	+6.45,+31.7,+19.7,DA	+2.23,+282.2,+25.6,AB	+2.16,+286.2,+25.2,GB	+2.15,+286.6,+25.4,FB	
1701468811.3082952	+6.66,+19.6,+19.2,KA	+2.34,+270.1,+19.7,GB	+6.45,+31.8,+19.7,KA	+2.22,+282.5,+25.6,GB	+2.15,+286.5,+25.2,CB	+2.16,+286.0,+25.4,CB	
1701468873.314775	+6.66,+19.6,+19.2,KA	+2.34,+270.1,+19.7,GB	+6.45,+31.8,+19.7,KA	+2.23,+281.9,+25.5,JB	+2.14,+286.8,+25.2,OB	+2.17,+285.6,+25.4,GB	
1701468935.3240628	+6.66,+19.6,+19.2,KA	+2.34,+270.1,+19.7,GB	+6.45,+31.7,+19.7,DA	+2.26,+280.6,+25.6,BB	+2.15,+286.3,+25.2,EB	+2.15,+286.6,+25.4,FB	
1701468997.3339226	+6.66,+19.6,+19.2,KA	+2.34,+270.1,+19.7,GB	+6.45,+31.8,+19.7,KA	+2.25,+281.0,+25.6,FB	+2.15,+286.4,+25.2,BB	+2.16,+286.1,+25.4,BB	
1701469059.340096	+6.66,+19.6,+19.2,KA	+2.34,+270.0,+19.7,FB	+6.45,+31.8,+19.7,KA	+2.25,+281.2,+25.6,DB	+2.15,+286.7,+25.2,AB	+2.16,+286.0,+25.4,CB	
1701469121.3491228	+6.66,+19.6,+19.2,KA	+2.34,+270.0,+19.7,FB	+6.45,+31.7,+19.7,DA	+2.24,+281.4,+25.5,@B	+2.14,+286.8,+25.2,OB	+2.17,+285.7,+25.4,FB	
1701469183.3569238	+6.66,+19.6,+19.2,KA	+2.34,+270.1,+19.7,GB	+6.45,+31.8,+19.7,KA	+2.23,+281.9,+25.6,IB	+2.14,+287.0,+25.2,FB	+2.18,+285.0,+25.4,NB	
1701469245.3677819	+6.66,+19.6,+19.2,KA	+2.34,+270.0,+19.7,FB	+6.45,+31.8,+19.7,KA	+2.24,+281.6,+25.6,AB	+2.15,+286.5,+25.2,CB	+2.17,+285.5,+25.4,DB	
1701469307.3735573	+6.66,+19.6,+19.2,KA	+2.34,+270.1,+19.7,GB	+6.45,+31.8,+19.7,KA	+2.25,+280.8,+25.5,LB	+2.15,+286.7,+25.2,AB	+2.16,+286.2,+25.4,AB	
1701469369.3831894	+6.66,+19.6,+19.2,KA	+2.34,+270.0,+19.7,FB	+6.45,+31.8,+19.7,KA	+2.24,+281.7,+25.5,CB	+2.15,+286.5,+25.2,CB	+2.17,+285.3,+25.4,BB	
1701469431.3930926	+6.66,+19.6,+19.2,KA	+2.34,+270.1,+19.7,GB	+6.45,+31.8,+19.7,KA	+2.25,+281.0,+25.6,FB	+2.14,+286.8,+25.2,OB	+2.16,+285.9,+25.4,IB	
1701469493.403334	+6.66,+19.6,+19.2,KA	+2.34,+270.1,+19.7,GB	+6.45,+31.8,+19.7,KA	+2.25,+280.8,+25.6,OB	+2.15,+286.6,+25.2,@B	+2.16,+286.1,+25.4,BB	
1701469555.4126852	+6.66,+19.6,+19.2,KA	+2.34,+270.1,+19.7,GB	+6.45,+31.8,+19.7,KA	+2.24,+281.7,+25.6,@B	+2.14,+286.9,+25.2,NB	+2.18,+284.9,+25.4,FB	
1701469617.4172099	+6.66,+19.6,+19.2,KA	+2.34,+270.1,+19.7,GB	+6.45,+31.7,+19.7,DA	+2.24,+281.5,+25.6,BB	+2.15,+286.4,+25.2,BB	+2.17,+285.4,+25.3,BB	
1701469679.4295874	+6.66,+19.6,+19.1,HA	+2.34,+270.0,+19.7,FB	+6.45,+31.8,+19.7,KA	+2.24,+281.8,+25.6,OB	+2.15,+286.6,+25.2,@B	+2.18,+284.9,+25.4,FB	
1701469741.4370244	+6.66,+19.6,+19.1,HA	+2.34,+270.1,+19.7,GB	+6.45,+31.8,+19.7,KA	+2.26,+280.6,+25.6,BB	+2.15,+286.3,+25.2,EB	+2.15,+286.5,+25.4,EB	
1701469803.442452	+6.66,+19.6,+19.1,HA	+2.34,+270.1,+19.7,GB	+6.45,+31.7,+19.7,DA	+2.23,+281.8,+25.5,KB	+2.15,+286.5,+25.2,CB	+2.18,+284.9,+25.4,FB	
1701469865.450579	+6.66,+19.6,+19.2,KA	+2.34,+270.1,+19.7,GB	+6.45,+31.8,+19.7,KA	+2.24,+281.4,+25.5,@B	+2.16,+286.1,+25.2,DB	+2.17,+285.7,+25.4,FB	
1701469927.4603503	+6.66,+19.6,+19.1,HA	+2.34,+270.0,+19.7,FB	+6.45,+31.7,+19.7,DA	+2.26,+280.5,+25.5,BB	+2.15,+286.5,+25.2,CB	+2.15,+286.5,+25.4,EB	
1701469989.4683049	+6.66,+19.6,+19.2,KA	+2.34,+270.1,+19.7,GB	+6.45,+31.7,+19.7,DA	+2.25,+280.9,+25.6,NB	+2.16,+286.1,+25.2,DB	+2.16,+285.9,+25.4,IB	
1701470235.005077	+6.66,+19.6,+19.2,KA	+2.34,+270.0,+19.7,FB	+6.45,+31.7,+19.7,DA	+2.26,+280.5,+25.6,AB	+2.14,+286.9,+25.2,NB	+2.16,+286.3,+25.4,@B	
1701470297.0131557	+6.66,+19.6,+19.2,KA	+2.34,+270.0,+19.7,FB	+6.45,+31.8,+19.7,KA	+2.23,+281.8,+25.5,KB	+2.16,+286.2,+25.2,GB	+2.18,+285.0,+25.4,NB	
1701470359.019423	+6.66,+19.6,+19.2,KA	+2.34,+270.1,+19.7,GB	+6.45,+31.8,+19.7,KA	+2.25,+280.9,+25.5,MB	+2.14,+286.9,+25.2,NB	+2.17,+285.5,+25.4,DB	
1701470421.0270774	+6.66,+19.6,+19.2,KA	+2.34,+270.1,+19.7,GB	+6.45,+31.7,+19.7,DA	+2.25,+281.0,+25.5,EB	+2.15,+286.3,+25.2,EB	+2.16,+286.3,+25.4,@B	
1701470483.0361083	+6.66,+19.6,+19.2,KA	+2.34,+270.0,+19.7,FB	+6.45,+31.7,+19.7,DA	+2.24,+281.3,+25.5,GB	+2.15,+286.3,+25.2,EB	+2.16,+285.9,+25.4,IB	
1701470545.0450637	+6.66,+19.6,+19.2,KA	+2.34,+270.1,+19.7,GB	+6.45,+31.7,+19.7,DA	+2.25,+280.7,+25.5,CB	+2.14,+286.9,+25.2,NB	+2.17,+285.7,+25.4,FB	
1701470607.0524392	+6.66,+19.6,+19.2,KA	+2.34,+270.1,+19.7,GB	+6.45,+31.8,+19.7,KA	+2.24,+281.5,+25.6,BB	+2.15,+286.3,+25.2,EB	+2.17,+285.7,+25.4,FB	
1701470669.0584269	+6.66,+19.6,+19.2,KA	+2.34,+270.0,+19.7,FB	+6.45,+31.7,+19.7,DA	+2.25,+281.0,+25.5,EB	+2.15,+286.6,+25.2,@B	+2.17,+285.3,+25.4,BB	
1701470731.0687385	+6.66,+19.6,+19.2,KA	+2.34,+270.1,+19.7,GB	+6.45,+31.7,+19.7,DA	+2.26,+280.5,+25.6,AB	+2.14,+286.9,+25.2,NB	+2.15,+286.4,+25.4,DB	
1701470793.0786808	+6.66,+19.6,+19.2,KA	+2.34,+270.1,+19.7,GB	+6.45,+31.7,+19.7,DA	+2.26,+280.6,+25.6,BB	+2.14,+286.9,+25.2,NB	+2.16,+285.8,+25.4,HB	
1701470855.088458	+6.66,+19.6,+19.2,KA	+2.34,+270.1,+19.7,GB	+6.45,+31.7,+19.7,DA	+2.26,+280.4,+25.5,CB	+2.14,+286.9,+25.2,NB	+2.16,+286.1,+25.4,BB	
1701470917.0966444	+6.66,+19.6,+19.2,KA	+2.34,+270.1,+19.7,GB	+6.45,+31.7,+19.7,DA	+2.25,+281.0,+25.6,FB	+2.15,+286.5,+25.2,CB	+2.15,+286.4,+25.4,DB	
1701470979.1069062	+6.66,+19.6,+19.2,KA	+2.34,+270.0,+19.7,FB	+6.45,+31.7,+19.7,DA	+2.25,+280.9,+25.6,NB	+2.15,+286.6,+25.2,@B	+2.15,+286.5,+25.4,EB	
1701471041.1158426	+6.66,+19.6,+19.2,KA	+2.34,+270.0,+19.7,FB	+6.45,+31.7,+19.7,DA	+2.25,+280.6,+25.5,BB	+2.15,+286.4,+25.2,BB	+2.17,+285.6,+25.4,GB	
1701471103.1282315	+6.66,+19.6,+19.2,KA	+2.34,+270.0,+19.7,FB	+6.45,+31.7,+19.7,DA	+2.24,+281.4,+25.5,@B	+2.16,+286.0,+25.2,EB	+2.17,+285.3,+25.4,BB	
1701471165.1372223	+6.66,+19.6,+19.2,KA	+2.34,+270.1,+19.7,GB	+6.45,+31.7,+19.7,DA	+2.25,+281.1,+25.6,GB	+2.15,+286.5,+25.2,CB	+2.16,+286.1,+25.4,BB	
1701471227.141699	+6.66,+19.6,+19.2,KA	+2.34,+270.1,+19.7,GB	+6.45,+31.7,+19.7,DA	+2.26,+280.1,+25.5,FB	+2.15,+286.7,+25.2,AB	+2.16,+286.1,+25.4,BB	
1701471289.1506283	+6.66,+19.6,+19.2,KA	+2.34,+270.1,+19.7,GB	+6.45,+31.8,+19.7,KA	+2.26,+280.1,+25.6,EB	+2.15,+286.7,+25.2,AB	+2.16,+286.2,+25.4,AB	
1701471351.159741	+6.66,+19.6,+19.2,KA	+2.34,+270.1,+19.7,GB	+6.45,+31.8,+19.7,KA	+2.24,+281.4,+25.6,CB	+2.15,+286.3,+25.2,EB	+2.17,+285.6,+25.4,GB	
1701471413.1702626	+6.66,+19.7,+19.2,JA	+2.34,+270.0,+19.7,FB	+6.45,+31.8,+19.7,KA	+2.25,+281.1,+25.6,GB	+2.15,+286.7,+25.2,AB	+2.16,+286.3,+25.4,@B	
1701471475.179714	+6.66,+19.6,+19.1,HA	+2.34,+270.1,+19.7,GB	+6.45,+31.7,+19.7,DA	+2.26,+280.5,+25.5,BB	+2.16,+286.2,+25.2,GB	+2.17,+285.2,+25.3,DB	
1701471537.1888833	+6.66,+19.6,+19.1,HA	+2.34,+270.0,+19.7,FB	+6.45,+31.7,+19.7,DA	+2.26,+280.2,+25.6,FB	+2.15,+286.4,+25.2,BB	+2.17,+285.7,+25.4,FB	
1701471599.199115	+6.66,+19.6,+19.1,HA	+2.34,+270.1,+19.7,GB	+6.45,+31.7,+19.7,DA	+2.26,+280.3,+25.6,GB	+2.15,+286.6,+25.2,@B	+2.16,+286.3,+25.4,@B	
1701471661.2081735	+6.66,+19.6,+19.2,KA	+2.34,+270.1,+19.7,GB	+6.45,+31.7,+19.7,DA	+2.24,+281.4,+25.6,CB	+2.15,+286.6,+25.2,@B	+2.16,+286.0,+25.4,CB	
1701471723.2156682	+6.66,+19.6,+19.2,KA	+2.34,+270.1,+19.7,GB	+6.45,+31.8,+19.7,KA	+2.24,+281.4,+25.5,@B	+2.15,+286.6,+25.2,@B	+2.16,+286.0,+25.4,CB	
1701471785.2269604	+6.66,+19.7,+19.2,JA	+2.34,+270.1,+19.7,GB	+6.45,+31.8,+19.7,KA	+2.24,+281.5,+25.5,AB	+2.15,+286.3,+25.2,EB	+2.17,+285.5,+25.4,DB	
1701471847.235512	+6.66,+19.7,+19.2,JA	+2.34,+270.0,+19.7,FB	+6.45,+31.8,+19.7,KA	+2.25,+281.2,+25.6,DB	+2.16,+286.1,+25.2,DB	+2.18,+285.1,+25.4,OB	
1701471909.2435553	+6.66,+19.7,+19.2,JA	+2.34,+270.1,+19.7,GB	+6.45,+31.7,+19.7,DA	+2.26,+280.6,+25.6,BB	+2.16,+286.0,+25.2,EB	+2.17,+285.2,+25.4,CB	
1701471971.2522254	+6.66,+19.6,+19.2,KA	+2.34,+270.0,+19.7,FB	+6.45,+31.7,+19.7,DA	+2.26,+280.2,+25.5,EB	+2.15,+286.3,+25.2,EB	+2.16,+286.0,+25.4,CB	
1701472033.262322	+6.66,+19.7,+19.2,JA	+2.34,+270.1,+19.7,GB	+6.45,+31.8,+19.7,KA	+2.26,+280.3,+25.5,DB	+2.15,+286.5,+25.2,CB	+2.16,+286.2,+25.4,AB	
1701472095.2719257	+6.66,+19.6,+19.2,KA	+2.34,+270.1,+19.7,GB	+6.45,+31.8,+19.7,KA	+2.26,+280.4,+25.6,@B	+2.16,+286.1,+25.2,DB	+2.17,+285.3,+25.4,BB	
1701472157.280564	+6.66,+19.7,+19.1,IA	+2.34,+270.1,+19.7,GB	+6.45,+31.7,+19.7,DA	+2.26,+280.3,+25.6,GB	+2.16,+286.1,+25.2,DB	+2.17,+285.5,+25.4,DB	
1701472219.2884471	+6.66,+19.7,+19.2,JA	+2.34,+270.0,+19.7,FB	+6.45,+31.8,+19.7,KA	+2.25,+280.8,+25.5,LB	+2.16,+286.2,+25.2,GB	+2.18,+284.9,+25.4,FB	
1701472281.2979262	+6.66,+19.7,+19.1,IA	+2.34,+270.0,+19.7,FB	+6.45,+31.8,+19.7,KA	+2.26,+280.5,+25.5,BB	+2.16,+286.0,+25.2,EB	+2.18,+285.0,+25.4,NB	
1701472343.3073618	+6.66,+19.7,+19.2,JA	+2.34,+270.0,+19.7,FB	+6.45,+31.8,+19.7,KA	+2.25,+280.8,+25.5,LB	+2.15,+286.6,+25.2,@B	+2.15,+286.5,+25.4,EB	
1701472405.3132124	+6.66,+19.7,+19.2,JA	+2.34,+270.1,+19.7,GB	+6.45,+31.7,+19.7,DA	+2.25,+281.0,+25.5,EB	+2.15,+286.7,+25.2,AB	+2.15,+286.6,+25.4,FB	
1701472467.3222196	+6.66,+19.7,+19.2,JA	+2.34,+270.1,+19.7,GB	+6.45,+31.7,+19.7,DA	+2.25,+281.0,+25.5,EB	+2.15,+286.7,+25.2,AB	+2.15,+286.6,+25.4,FB	
1701472529.3286884	+6.66,+19.6,+19.2,KA	+2.34,+270.1,+19.7,GB	+6.45,+31.7,+19.7,DA	+2.25,+280.9,+25.6,NB	+2.15,+286.5,+25.2,CB	+2.19,+284.4,+25.4,JB	
1701472591.3382876	+6.66,+19.7,+19.2,JA	+2.34,+270.0,+19.7,FB	+6.45,+31.7,+19.7,DA	+2.26,+280.6,+25.6,BB	+2.15,+286.2,+25.2,DB	+2.19,+284.4,+25.4,JB	
1701472653.3465557	+6.66,+19.7,+19.2,JA	+2.34,+270.1,+19.7,GB	+6.45,+31.7,+19.7,DA	+2.25,+281.1,+25.6,GB	+2.15,+286.6,+25.2,@B	+2.16,+286.1,+25.4,BB	
1701472715.3546383	+6.66,+19.7,+19.1,IA	+2.34,+270.0,+19.7,FB	+6.45,+31.7,+19.7,DA	+2.24,+281.5,+25.6,BB	+2.15,+286.8,+25.2,NB	+2.17,+285.8,+25.4,IB	
1701472777.3619967	+6.66,+19.7,+19.1,IA	+2.34,+270.0,+19.7,FB	+6.45,+31.8,+19.7,KA	+2.24,+281.6,+25.6,AB	+2.14,+286.9,+25.2,NB	+2.17,+285.3,+25.4,BB	
1701472839.371208	+6.66,+19.7,+19.2,JA	+2.34,+270.0,+19.7,FB	+6.45,+31.7,+19.7,DA	+2.26,+280.5,+25.5,BB	+2.16,+286.1,+25.2,DB	+2.17,+285.4,+25.4,EB	
1701472901.3812118	+6.66,+19.7,+19.2,JA	+2.34,+270.1,+19.7,GB	+6.45,+31.7,+19.7,DA	+2.24,+281.4,+25.6,CB	+2.14,+286.9,+25.2,NB	+2.18,+285.1,+25.4,OB	
1701472963.3884919	+6.66,+19.7,+19.2,JA	+2.34,+270.1,+19.7,GB	+6.45,+31.7,+19.7,DA	+2.26,+280.4,+25.6,@B	+2.15,+286.2,+25.2,DB	+2.17,+285.7,+25.4,FB	
1701473025.398449	+6.66,+19.7,+19.1,IA	+2.34,+270.1,+19.7,GB	+6.45,+31.7,+19.7,DA	+2.25,+280.7,+25.6,@B	+2.15,+286.3,+25.2,EB	+2.16,+285.9,+25.4,IB	
1701473087.4081721	+6.66,+19.7,+19.2,JA	+2.34,+270.1,+19.7,GB	+6.45,+31.7,+19.7,DA	+2.25,+280.8,+25.6,OB	+2.14,+286.9,+25.2,NB	+2.18,+284.8,+25.3,@B	
1701473149.4180048	+6.66,+19.7,+19.2,JA	+2.34,+270.0,+19.7,FB	+6.45,+31.7,+19.7,DA	+2.27,+280.0,+25.5,FB	+2.16,+286.2,+25.2,GB	+2.18,+284.8,+25.4,GB	
1701473211.428069	+6.66,+19.7,+19.2,JA	+2.34,+270.1,+19.7,GB	+6.45,+31.7,+19.7,DA	+2.24,+281.2,+25.5,FB	+2.15,+286.5,+25.2,CB	+2.16,+286.0,+25.4,CB	
1701473273.43837	+6.66,+19.7,+19.2,JA	+2.34,+270.0,+19.7,FB	+6.45,+31.7,+19.7,DA	+2.26,+280.0,+25.5,GB	+2.15,+286.5,+25.2,CB	+2.19,+284.5,+25.4,KB	
1701473335.4466486	+6.66,+19.7,+19.2,JA	+2.34,+270.0,+19.7,FB	+6.45,+31.7,+19.7,DA	+2.25,+280.9,+25.5,MB	+2.14,+286.9,+25.2,NB	+2.18,+284.8,+25.4,GB	
1701473397.454631	+6.66,+19.7,+19.2,JA	+2.34,+270.1,+19.7,GB	+6.45,+31.7,+19.7,DA	+2.24,+281.3,+25.5,GB	+2.15,+286.8,+25.2,NB	+2.17,+285.6,+25.4,GB	
1701473459.4637425	+6.66,+19.7,+19.2,JA	+2.34,+270.1,+19.7,GB	+6.45,+31.7,+19.7,DA	+2.26,+280.5,+25.5,BB	+2.14,+286.9,+25.2,NB	+2.19,+284.5,+25.4,KB	
1701473521.4718745	+6.66,+19.7,+19.2,JA	+2.34,+270.0,+19.7,FB	+6.45,+31.7,+19.7,DA	+2.26,+280.2,+25.6,FB	+2.15,+286.2,+25.2,DB	+2.18,+285.1,+25.4,OB	
1701473583.4792647	+6.66,+19.7,+19.2,JA	+2.34,+270.1,+19.7,GB	+6.45,+31.8,+19.7,KA	+2.24,+281.2,+25.5,FB	+2.15,+286.6,+25.2,@B	+2.17,+285.4,+25.4,EB	
1701473645.4915004	+6.66,+19.7,+19.2,JA	+2.34,+270.1,+19.7,GB	+6.45,+31.7,+19.7,DA	+2.26,+280.2,+25.5,EB	+2.15,+286.3,+25.2,EB	+2.18,+285.0,+25.4,NB	
1701473707.50057	+6.66,+19.7,+19.2,JA	+2.34,+270.1,+19.7,GB	+6.45,+31.7,+19.7,DA	+2.26,+280.5,+25.5,BB	+2.15,+286.8,+25.2,NB	+2.19,+284.5,+25.4,KB	
1701473769.5106301	+6.66,+19.7,+19.2,JA	+2.34,+270.0,+19.7,FB	+6.45,+31.7,+19.7,DA	+2.25,+280.7,+25.6,@B	+2.16,+286.0,+25.2,EB	+2.17,+285.6,+25.4,GB	
1701473831.517755	+6.66,+19.7,+19.2,JA	+2.34,+270.0,+19.7,FB	+6.45,+31.7,+19.7,DA	+2.26,+280.4,+25.5,CB	+2.14,+286.9,+25.2,NB	+2.19,+284.5,+25.4,KB	
1701474077.0796943	+6.66,+19.7,+19.2,JA	+2.34,+270.1,+19.7,GB	+6.45,+31.7,+19.7,DA	+2.27,+279.9,+25.6,JB	+2.15,+286.8,+25.2,NB	+2.19,+284.4,+25.4,JB	
1701474139.090845	+6.66,+19.7,+19.2,JA	+2.34,+270.0,+19.7,FB	+6.45,+31.6,+19.7,EA	+2.25,+281.1,+25.5,DB	+2.16,+286.1,+25.2,DB	+2.16,+285.8,+25.3,OB	
1701474201.1007617	+6.66,+19.7,+19.1,IA	+2.34,+270.0,+19.7,FB	+6.45,+31.7,+19.7,DA	+2.27,+280.0,+25.5,FB	+2.14,+286.9,+25.2,NB	+2.19,+284.2,+25.4,LB	
1701474263.1099699	+6.66,+19.6,+19.1,HA	+2.34,+270.0,+19.6,GB	+6.45,+31.7,+19.7,DA	+2.25,+281.0,+25.5,EB	+2.16,+286.2,+25.2,GB	+2.17,+285.5,+25.4,DB	
1701474325.1182303	+6.66,+19.7,+19.1,IA	+2.34,+270.1,+19.7,GB	+6.45,+31.7,+19.7,DA	+2.24,+281.3,+25.6,DB	+2.15,+286.3,+25.2,EB	+2.17,+285.6,+25.4,GB	
1701474387.1279202	+6.66,+19.7,+19.1,IA	+2.34,+270.0,+19.7,FB	+6.45,+31.7,+19.7,DA	+2.25,+281.0,+25.5,EB	+2.15,+286.4,+25.2,BB	+2.18,+285.1,+25.3,HB	
1701474449.1347077	+6.66,+19.8,+19.1,FA	+2.34,+270.1,+19.7,GB	+6.45,+31.7,+19.7,DA	+2.26,+280.3,+25.6,GB	+2.14,+286.8,+25.2,OB	+2.19,+284.3,+25.4,MB	
1701474511.1424263	+6.66,+19.7,+19.1,IA	+2.34,+270.0,+19.7,FB	+6.46,+31.6,+19.7,FA	+2.26,+280.4,+25.5,CB	+2.15,+286.7,+25.2,AB	+2.19,+284.5,+25.4,KB	
1701474573.1524298	+6.66,+19.7,+19.1,IA	+2.34,+270.0,+19.7,FB	+6.45,+31.7,+19.7,DA	+2.24,+281.4,+25.5,@B	+2.15,+286.2,+25.2,DB	+2.17,+285.6,+25.4,GB	
1701474635.1630974	+6.66,+19.7,+19.1,IA	+2.34,+270.0,+19.7,FB	+6.45,+31.6,+19.7,EA	+2.26,+280.5,+25.6,AB	+2.14,+286.8,+25.2,OB	+2.19,+284.5,+25.3,LB	
1701474697.1740117	+6.66,+19.7,+19.2,JA	+2.34,+270.0,+19.7,FB	+6.45,+31.6,+19.7,EA	+2.24,+281.3,+25.5,GB	+2.15,+286.4,+25.2,BB	+2.17,+285.5,+25.4,DB	
1701474759.1820319	+6.66,+19.7,+19.2,JA	+2.34,+270.1,+19.7,GB	+6.45,+31.6,+19.7,EA	+2.25,+280.8,+25.6,OB	+2.15,+286.4,+25.2,BB	+2.18,+284.8,+25.4,GB	
1701474821.190992	+6.66,+19.7,+19.2,JA	+2.34,+270.0,+19.7,FB	+6.45,+31.6,+19.7,EA	+2.24,+281.2,+25.6,EB	+2.15,+286.3,+25.2,EB	+2.17,+285.7,+25.4,FB	
1701474883.1980038	+6.66,+19.7,+19.2,JA	+2.34,+270.1,+19.7,GB	+6.45,+31.7,+19.7,DA	+2.26,+280.6,+25.5,AB	+2.14,+286.9,+25.2,NB	+2.19,+284.5,+25.4,KB	
1701474945.2072775	+6.66,+19.7,+19.2,JA	+2.34,+270.1,+19.6,FB	+6.45,+31.7,+19.7,DA	+2.24,+281.3,+25.6,DB	+2.15,+286.5,+25.2,CB	+2.17,+285.3,+25.4,BB	
1701475007.216236	+6.66,+19.7,+19.2,JA	+2.34,+270.1,+19.7,GB	+6.46,+31.6,+19.7,FA	+2.24,+281.4,+25.6,CB	+2.16,+286.0,+25.2,EB	+2.17,+285.6,+25.4,GB	
1701475069.223318	+6.66,+19.7,+19.2,JA	+2.34,+270.1,+19.7,GB	+6.45,+31.7,+19.7,DA	+2.25,+280.7,+25.5,CB	+2.15,+286.3,+25.2,EB	+2.18,+284.7,+25.4,HB	
1701475131.2328248	+6.66,+19.7,+19.2,JA	+2.34,+270.1,+19.7,GB	+6.46,+31.6,+19.7,FA	+2.26,+280.5,+25.5,BB	+2.15,+286.5,+25.2,CB	+2.19,+284.4,+25.4,JB	
1701475193.2393858	+6.66,+19.7,+19.2,JA	+2.34,+270.0,+19.7,FB	+6.45,+31.6,+19.7,EA	+2.25,+281.1,+25.5,DB	+2.16,+286.1,+25.2,DB	+2.17,+285.4,+25.4,EB	
1701475255.2478652	+6.66,+19.7,+19.2,JA	+2.34,+270.1,+19.6,FB	+6.45,+31.7,+19.7,DA	+2.26,+280.3,+25.5,DB	+2.15,+286.5,+25.2,CB	+2.19,+284.2,+25.4,LB	
1701475317.2559159	+6.66,+19.7,+19.2,JA	+2.34,+270.1,+19.7,GB	+6.45,+31.7,+19.7,DA	+2.24,+281.6,+25.6,AB	+2.15,+286.6,+25.2,@B	+2.17,+285.8,+25.4,IB	
1701475379.2652915	+6.66,+19.7,+19.2,JA	+2.34,+270.1,+19.7,GB	+6.45,+31.6,+19.7,EA	+2.24,+281.6,+25.5,BB	+2.15,+286.7,+25.2,AB	+2.17,+285.6,+25.4,GB	
1701475441.2728977	+6.66,+19.6,+19.1,HA	+2.34,+270.1,+19.7,GB	+6.46,+31.6,+19.7,FA	+2.26,+280.2,+25.6,FB	+2.14,+286.8,+25.2,OB	+2.19,+284.4,+25.4,JB	
1701475503.2791393	+6.66,+19.7,+19.1,IA	+2.34,+270.1,+19.7,GB	+6.45,+31.6,+19.7,EA	+2.26,+280.3,+25.6,GB	+2.15,+286.6,+25.2,@B	+2.19,+284.3,+25.4,MB	
1701475565.291775	+6.66,+19.7,+19.2,JA	+2.34,+270.1,+19.7,GB	+6.45,+31.6,+19.7,EA	+2.24,+281.6,+25.5,BB	+2.15,+286.4,+25.2,BB	+2.17,+285.7,+25.4,FB	
1701475627.2999446	+6.66,+19.7,+19.1,IA	+2.34,+270.0,+19.7,FB	+6.45,+31.7,+19.7,DA	+2.24,+281.4,+25.5,@B	+2.15,+286.2,+25.2,DB	+2.16,+286.0,+25.4,CB	
1701475689.3095808	+6.66,+19.7,+19.2,JA	+2.34,+270.1,+19.7,GB	+6.45,+31.6,+19.7,EA	+2.26,+280.4,+25.5,CB	+2.16,+286.2,+25.2,GB	+2.19,+284.5,+25.4,KB	
1701475751.3155346	+6.66,+19.7,+19.2,JA	+2.34,+270.0,+19.7,FB	+6.45,+31.7,+19.7,DA	+2.26,+280.4,+25.6,@B	+2.16,+286.1,+25.2,DB	+2.19,+284.5,+25.4,KB	
1701475813.324668	+6.66,+19.7,+19.2,JA	+2.34,+270.1,+19.7,GB	+6.45,+31.6,+19.7,EA	+2.26,+280.6,+25.5,AB	+2.15,+286.4,+25.2,BB	+2.19,+284.4,+25.4,JB	
1701475875.333793	+6.66,+19.8,+19.2,EA	+2.34,+270.1,+19.7,GB	+6.45,+31.6,+19.7,EA	+2.24,+281.7,+25.5,CB	+2.15,+286.6,+25.2,@B	+2.17,+285.7,+25.4,FB	
1701475937.3432014	+6.66,+19.7,+19.2,JA	+2.34,+270.1,+19.7,GB	+6.45,+31.7,+19.7,DA	+2.25,+281.2,+25.5,GB	+2.15,+286.6,+25.2,@B	+2.18,+284.8,+25.4,GB	
1701475999.351043	+6.66,+19.7,+19.2,JA	+2.34,+270.1,+19.7,GB	+6.45,+31.7,+19.7,DA	+2.26,+280.6,+25.6,BB	+2.16,+286.1,+25.2,DB	+2.19,+284.3,+25.4,MB	
1701476061.3577728	+6.66,+19.6,+19.2,KA	+2.34,+270.1,+19.7,GB	+6.45,+31.7,+19.7,DA	+2.24,+281.3,+25.5,GB	+2.15,+286.3,+25.2,EB	+2.16,+286.0,+25.4,CB	
1701476123.3666503	+6.66,+19.7,+19.2,JA	+2.34,+270.1,+19.7,GB	+6.45,+31.6,+19.7,EA	+2.25,+280.7,+25.6,@B	+2.15,+286.3,+25.2,EB	+2.19,+284.3,+25.4,MB	
1701476185.3722258	+6.66,+19.7,+19.2,JA	+2.34,+270.1,+19.7,GB	+6.45,+31.7,+19.7,DA	+2.25,+281.1,+25.5,DB	+2.15,+286.3,+25.2,EB	+2.17,+285.7,+25.3,AB	
1701476247.3812265	+6.66,+19.7,+19.2,JA	+2.34,+270.1,+19.7,GB	+6.46,+31.6,+19.7,FA	+2.26,+280.6,+25.5,AB	+2.16,+286.1,+25.2,DB	+2.19,+284.3,+25.4,MB	
1701476309.3889265	+6.66,+19.7,+19.2,JA	+2.34,+270.1,+19.7,GB	+6.45,+31.6,+19.7,EA	+2.25,+280.8,+25.6,OB	+2.15,+286.3,+25.2,EB	+2.19,+284.2,+25.4,LB	
1701476371.397947	+6.66,+19.7,+19.2,JA	+2.34,+270.0,+19.7,FB	+6.45,+31.6,+19.7,EA	+2.25,+280.9,+25.5,MB	+2.15,+286.2,+25.2,DB	+2.19,+284.2,+25.4,LB	
1701476433.4064229	+6.66,+19.7,+19.2,JA	+2.34,+270.1,+19.7,GB	+6.45,+31.7,+19.7,DA	+2.25,+281.1,+25.5,DB	+2.15,+286.5,+25.2,CB	+2.16,+285.9,+25.4,IB	
1701476495.4160566	+6.66,+19.7,+19.2,JA	+2.34,+270.0,+19.7,FB	+6.46,+31.6,+19.7,FA	+2.24,+281.3,+25.6,DB	+2.15,+286.7,+25.2,AB	+2.16,+285.9,+25.4,IB	
1701476557.4233837	+6.66,+19.7,+19.2,JA	+2.34,+270.1,+19.7,GB	+6.45,+31.6,+19.7,EA	+2.26,+280.4,+25.5,CB	+2.16,+286.1,+25.2,DB	+2.18,+285.0,+25.4,NB	
1701476619.4284499	+6.66,+19.7,+19.2,JA	+2.34,+270.1,+19.7,GB	+6.45,+31.7,+19.7,DA	+2.24,+281.5,+25.5,AB	+2.15,+286.6,+25.2,@B	+2.18,+284.9,+25.3,AB	
1701476681.4370632	+6.66,+19.6,+19.2,KA	+2.34,+270.1,+19.7,GB	+6.45,+31.7,+19.7,DA	+2.24,+281.3,+25.5,GB	+2.15,+286.8,+25.2,NB	+2.16,+286.0,+25.4,CB	
1701476743.445847	+6.66,+19.7,+19.2,JA	+2.34,+270.0,+19.7,FB	+6.45,+31.7,+19.7,DA	+2.24,+281.7,+25.5,CB	+2.14,+286.9,+25.2,NB	+2.17,+285.8,+25.4,IB	
1701476805.455013	+6.66,+19.7,+19.2,JA	+2.34,+270.1,+19.7,GB	+6.45,+31.6,+19.7,EA	+2.26,+280.5,+25.6,AB	+2.16,+286.1,+25.2,DB	+2.18,+284.6,+25.4,IB	
1701476867.4670413	+6.66,+19.7,+19.2,JA	+2.34,+270.1,+19.7,GB	+6.46,+31.6,+19.7,FA	+2.26,+280.6,+25.5,AB	+2.16,+286.1,+25.2,DB	+2.18,+284.7,+25.4,HB	
1701476929.475703	+6.66,+19.7,+19.2,JA	+2.34,+270.1,+19.7,GB	+6.46,+31.6,+19.7,FA	+2.24,+281.8,+25.6,OB	+2.14,+286.9,+25.2,NB	+2.17,+285.6,+25.4,GB	
1701476991.4845304	+6.66,+19.7,+19.2,JA	+2.34,+270.1,+19.7,GB	+6.45,+31.6,+19.7,EA	+2.24,+281.8,+25.5,LB	+2.15,+286.7,+25.2,AB	+2.17,+285.6,+25.4,GB	
1701477053.4938478	+6.66,+19.7,+19.2,JA	+2.34,+270.1,+19.7,GB	+6.45,+31.6,+19.7,EA	+2.24,+281.6,+25.6,AB	+2.14,+286.8,+25.2,OB	+2.16,+285.9,+25.4,IB	
1701477115.5029302	+6.66,+19.7,+19.2,JA	+2.34,+270.0,+19.7,FB	+6.45,+31.6,+19.7,EA	+2.25,+281.0,+25.6,FB	+2.16,+286.2,+25.2,GB	+2.19,+284.4,+25.4,JB	
1701477177.5092087	+6.66,+19.7,+19.2,JA	+2.34,+270.1,+19.7,GB	+6.45,+31.6,+19.7,EA	+2.26,+280.6,+25.5,AB	+2.15,+286.5,+25.2,CB	+2.18,+285.0,+25.4,NB	
1701477239.5187125	+6.66,+19.7,+19.2,JA	+2.34,+270.1,+19.7,GB	+6.46,+31.6,+19.7,FA	+2.26,+280.6,+25.5,AB	+2.15,+286.5,+25.2,CB	+2.18,+285.1,+25.4,OB	
1701477301.5279665	+6.66,+19.7,+19.2,JA	+2.34,+270.1,+19.7,GB	+6.45,+31.6,+19.7,EA	+2.26,+280.6,+25.6,BB	+2.15,+286.7,+25.2,AB	+2.17,+285.3,+25.4,BB	
1701477363.5356708	+6.66,+19.7,+19.2,JA	+2.34,+270.1,+19.7,GB	+6.46,+31.6,+19.7,FA	+2.24,+281.5,+25.5,AB	+2.14,+286.9,+25.2,NB	+2.16,+285.9,+25.4,IB	
1701477425.545523	+6.66,+19.7,+19.2,JA	+2.34,+270.1,+19.7,GB	+6.45,+31.6,+19.7,EA	+2.24,+281.3,+25.5,GB	+2.14,+287.0,+25.2,FB	+2.16,+285.9,+25.4,IB	
1701477487.5532594	+6.66,+19.7,+19.2,JA	+2.34,+270.0,+19.7,FB	+6.45,+31.6,+19.7,EA	+2.25,+281.2,+25.5,GB	+2.14,+287.0,+25.2,FB	+2.16,+285.9,+25.4,IB	
1701477549.5631607	+6.66,+19.7,+19.2,JA	+2.34,+270.1,+19.7,GB	+6.46,+31.6,+19.7,FA	+2.25,+280.7,+25.6,@B	+2.15,+286.6,+25.2,@B	+2.18,+285.0,+25.4,NB	
1701477611.5692303	+6.66,+19.7,+19.2,JA	+2.34,+270.1,+19.7,GB	+6.45,+31.6,+19.7,EA	+2.23,+282.0,+25.6,CB	+2.15,+286.4,+25.2,BB	+2.18,+285.1,+25.4,OB	
1701477673.5787563	+6.66,+19.7,+19.2,JA	+2.34,+270.1,+19.7,GB	+6.45,+31.6,+19.7,EA	+2.24,+281.5,+25.5,AB	+2.16,+286.1,+25.2,DB	+2.19,+284.3,+25.4,MB	
1701477919.1630266	+6.66,+19.7,+19.2,JA	+2.34,+270.0,+19.7,FB	+6.46,+31.5,+19.7,EA	+2.23,+281.9,+25.6,IB	+2.14,+286.9,+25.2,NB	+2.17,+285.3,+25.4,BB	
1701477981.1724179	+6.66,+19.7,+19.2,JA	+2.34,+270.0,+19.7,FB	+6.45,+31.6,+19.7,EA	+2.23,+282.0,+25.6,CB	+2.14,+286.9,+25.2,NB	+2.19,+284.6,+25.4,HB	
1701478043.1825755	+6.66,+19.7,+19.2,JA	+2.34,+270.2,+19.7,DB	+6.46,+31.5,+19.7,EA	+2.23,+281.9,+25.5,JB	+2.14,+287.0,+25.2,FB	+2.19,+284.5,+25.4,KB	
1701478105.1904726	+6.66,+19.7,+19.2,JA	+2.34,+270.1,+19.7,GB	+6.45,+31.6,+19.7,EA	+2.24,+281.2,+25.5,FB	+2.15,+286.4,+25.2,BB	+2.16,+286.0,+25.4,CB	
1701478167.2003765	+6.66,+19.7,+19.2,JA	+2.34,+270.1,+19.7,GB	+6.45,+31.6,+19.7,EA	+2.23,+282.0,+25.6,CB	+2.14,+287.0,+25.2,FB	+2.18,+284.6,+25.4,IB	
1701478229.2099254	+6.66,+19.6,+19.2,KA	+2.34,+270.1,+19.7,GB	+6.46,+31.6,+19.7,FA	+2.24,+281.2,+25.5,FB	+2.15,+286.4,+25.2,BB	+2.19,+284.5,+25.4,KB	
1701478291.2189775	+6.66,+19.6,+19.2,KA	+2.34,+270.1,+19.7,GB	+6.46,+31.6,+19.7,FA	+2.23,+281.9,+25.6,IB	+2.14,+287.0,+25.2,FB	+2.17,+285.4,+25.4,EB	
1701478353.2282495	+6.66,+19.6,+19.2,KA	+2.34,+270.1,+19.7,GB	+6.45,+31.6,+19.7,EA	+2.25,+281.2,+25.6,DB	+2.15,+286.4,+25.2,BB	+2.18,+284.7,+25.4,HB	
1701478415.2358565	+6.66,+19.7,+19.2,JA	+2.34,+270.0,+19.7,FB	+6.45,+31.6,+19.7,EA	+2.25,+280.9,+25.5,MB	+2.15,+286.3,+25.2,EB	+2.18,+285.0,+25.4,NB	
1701478477.2434974	+6.66,+19.7,+19.2,JA	+2.34,+270.0,+19.7,FB	+6.46,+31.6,+19.7,FA	+2.25,+280.8,+25.6,OB	+2.15,+286.3,+25.2,EB	+2.17,+285.2,+25.4,CB	
1701478539.252713	+6.66,+19.6,+19.2,KA	+2.34,+270.1,+19.7,GB	+6.46,+31.6,+19.7,FA	+2.23,+282.1,+25.6,BB	+2.14,+287.1,+25.2,GB	+2.18,+285.2,+25.4,LB	
1701478601.2626872	+6.66,+19.6,+19.2,KA	+2.34,+270.1,+19.7,GB	+6.46,+31.6,+19.7,FA	+2.24,+281.5,+25.5,AB	+2.14,+287.0,+25.2,FB	+2.17,+285.7,+25.3,AB	
1701478663.2692134	+6.66,+19.7,+19.2,JA	+2.34,+270.1,+19.7,GB	+6.46,+31.6,+19.7,FA	+2.25,+280.9,+25.6,NB	+2.15,+286.3,+25.2,EB	+2.16,+285.8,+25.4,HB	
1701478725.2772698	+6.66,+19.6,+19.2,KA	+2.34,+270.1,+19.7,GB	+6.45,+31.6,+19.7,EA	+2.25,+280.8,+25.5,LB	+2.15,+286.3,+25.2,EB	+2.17,+285.7,+25.4,FB	
1701478787.285145	+6.66,+19.6,+19.2,KA	+2.34,+270.1,+19.7,GB	+6.45,+31.6,+19.8,JA	+2.25,+281.0,+25.6,FB	+2.16,+286.1,+25.2,DB	+2.18,+285.0,+25.4,NB	
1701478849.2935472	+6.66,+19.7,+19.2,JA	+2.34,+270.1,+19.7,GB	+6.46,+31.5,+19.7,EA	+2.23,+282.2,+25.5,BB	+2.14,+286.8,+25.2,OB	+2.18,+284.6,+25.4,IB	
1701478911.302745	+6.66,+19.6,+19.2,KA	+2.34,+270.1,+19.7,GB	+6.45,+31.6,+19.7,EA	+2.25,+281.1,+25.6,GB	+2.15,+286.8,+25.2,NB	+2.16,+286.0,+25.4,CB	
1701478973.3114436	+6.66,+19.6,+19.2,KA	+2.34,+270.1,+19.7,GB	+6.46,+31.6,+19.7,FA	+2.25,+280.9,+25.5,MB	+2.15,+286.6,+25.2,@B	+2.17,+285.6,+25.4,GB	
1701479035.3202128	+6.66,+19.6,+19.2,KA	+2.34,+270.1,+19.7,GB	+6.46,+31.6,+19.7,FA	+2.24,+281.7,+25.5,CB	+2.14,+287.2,+25.2,DB	+2.17,+285.5,+25.4,DB	
1701479097.328118	+6.66,+19.7,+19.2,JA	+2.34,+270.1,+19.7,GB	+6.46,+31.6,+19.7,FA	+2.25,+281.1,+25.6,GB	+2.15,+286.5,+25.2,CB	+2.17,+285.3,+25.4,BB	
1701479159.3364255	+6.66,+19.6,+19.3,JA	+2.34,+270.1,+19.7,GB	+6.46,+31.6,+19.8,IA	+2.25,+280.9,+25.6,NB	+2.14,+287.0,+25.2,FB	+2.16,+285.9,+25.4,IB	
1701479221.344137	+6.66,+19.6,+19.3,JA	+2.34,+270.1,+19.7,GB	+6.46,+31.6,+19.8,IA	+2.24,+281.8,+25.5,LB	+2.14,+287.0,+25.2,FB	+2.17,+285.3,+25.4,BB	
1701479283.350986	+6.66,+19.6,+19.3,JA	+2.34,+270.1,+19.7,GB	+6.45,+31.6,+19.7,EA	+2.25,+281.0,+25.5,EB	+2.15,+286.4,+25.2,BB	+2.17,+285.3,+25.4,BB	
1701479345.361394	+6.66,+19.6,+19.2,KA	+2.34,+270.1,+19.7,GB	+6.46,+31.6,+19.7,FA	+2.25,+281.0,+25.5,EB	+2.15,+286.7,+25.2,AB	+2.17,+285.7,+25.4,FB	
1701479407.3679414	+6.66,+19.6,+19.3,JA	+2.34,+270.1,+19.7,GB	+6.45,+31.6,+19.8,JA	+2.23,+282.1,+25.6,BB	+2.15,+286.7,+25.2,AB	+2.18,+284.6,+25.4,IB	
1701479469.3772647	+6.66,+19.5,+19.2,HA	+2.34,+270.1,+19.7,GB	+6.46,+31.6,+19.7,FA	+2.23,+281.8,+25.5,KB	+2.15,+286.3,+25.2,EB	+2.19,+284.6,+25.4,HB	
1701479531.3824413	+6.66,+19.6,+19.3,JA	+2.34,+270.1,+19.7,GB	+6.46,+31.6,+19.7,FA	+2.25,+281.1,+25.5,DB	+2.15,+286.8,+25.2,NB	+2.17,+285.6,+25.4,GB	
1701479593.3883433	+6.66,+19.6,+19.3,JA	+2.34,+270.1,+19.7,GB	+6.46,+31.6,+19.8,IA	+2.23,+281.9,+25.6,IB	+2.14,+286.9,+25.2,NB	+2.18,+285.1,+25.4,OB	
1701479655.395588	+6.66,+19.5,+19.2,HA	+2.34,+270.2,+19.7,DB	+6.45,+31.6,+19.8,JA	+2.24,+281.4,+25.5,@B	+2.14,+287.1,+25.2,GB	+2.17,+285.4,+25.4,EB	
1701479717.4031541	+6.66,+19.6,+19.3,JA	+2.34,+270.1,+19.7,GB	+6.46,+31.6,+19.7,FA	+2.24,+281.7,+25.5,CB	+2.15,+286.5,+25.2,CB	+2.18,+284.9,+25.4,FB	
1701479779.414072	+6.66,+19.6,+19.3,JA	+2.34,+270.1,+19.7,GB	+6.46,+31.5,+19.7,EA	+2.23,+281.9,+25.5,JB	+2.15,+286.6,+25.2,@B	+2.18,+284.8,+25.4,GB	
1701479841.4235003	+6.66,+19.5,+19.3,IA	+2.34,+270.1,+19.7,GB	+6.46,+31.6,+19.7,FA	+2.23,+282.2,+25.5,BB	+2.15,+286.6,+25.2,@B	+2.18,+284.8,+25.4,GB	
1701479903.432153	+6.66,+19.5,+19.3,IA	+2.34,+270.1,+19.7,GB	+6.46,+31.6,+19.8,IA	+2.22,+282.4,+25.6,FB	+2.15,+286.4,+25.2,BB	+2.19,+284.5,+25.4,KB	
1701479965.4419966	+6.66,+19.5,+19.3,IA	+2.34,+270.0,+19.7,FB	+6.46,+31.5,+19.8,JA	+2.24,+281.3,+25.6,DB	+2.14,+286.9,+25.2,NB	+2.16,+285.8,+25.4,HB	
1701480027.4508977	+6.66,+19.5,+19.3,IA	+2.34,+270.1,+19.7,GB	+6.45,+31.6,+19.8,JA	+2.25,+281.0,+25.5,EB	+2.15,+286.8,+25.2,NB	+2.17,+285.3,+25.4,BB	
1701480089.459402	+6.66,+19.5,+19.3,IA	+2.34,+270.1,+19.7,GB	+6.46,+31.6,+19.8,IA	+2.23,+281.9,+25.5,JB	+2.15,+286.3,+25.2,EB	+2.19,+284.4,+25.4,JB	
1701480151.4651144	+6.66,+19.5,+19.3,IA	+2.34,+270.1,+19.7,GB	+6.46,+31.6,+19.7,FA	+2.24,+281.7,+25.5,CB	+2.15,+286.7,+25.2,AB	+2.18,+284.9,+25.4,FB	
1701480213.474397	+6.66,+19.5,+19.3,IA	+2.34,+270.2,+19.7,DB	+6.46,+31.6,+19.8,IA	+2.24,+281.5,+25.5,AB	+2.14,+286.8,+25.2,OB	+2.17,+285.3,+25.3,EB	
1701480275.4792507	+6.66,+19.5,+19.3,IA	+2.34,+270.1,+19.7,GB	+6.45,+31.6,+19.8,JA	+2.24,+281.3,+25.6,DB	+2.14,+287.2,+25.2,DB	+2.17,+285.7,+25.4,FB	
1701480337.489017	+6.66,+19.5,+19.3,IA	+2.34,+270.1,+19.7,GB	+6.46,+31.5,+19.8,JA	+2.24,+281.7,+25.6,@B	+2.15,+286.8,+25.2,NB	+2.17,+285.3,+25.4,BB	
1701480399.4981298	+6.66,+19.5,+19.3,IA	+2.34,+270.2,+19.7,DB	+6.46,+31.6,+19.8,IA	+2.25,+281.2,+25.6,DB	+2.14,+287.1,+25.2,GB	+2.16,+286.0,+25.4,CB	
1701480461.5075557	+6.66,+19.5,+19.3,IA	+2.34,+270.2,+19.7,DB	+6.45,+31.6,+19.8,JA	+2.25,+281.2,+25.5,GB	+2.14,+287.1,+25.2,GB	+2.16,+285.9,+25.4,IB	
1701480523.5171661	+6.66,+19.5,+19.3,IA	+2.34,+270.1,+19.7,GB	+6.46,+31.5,+19.8,JA	+2.22,+282.4,+25.6,FB	+2.15,+286.8,+25.2,NB	+2.19,+284.5,+25.4,KB	
1701480585.5264435	+6.66,+19.5,+19.3,IA	+2.34,+270.1,+19.7,GB	+6.46,+31.6,+19.8,IA	+2.23,+281.9,+25.5,JB	+2.14,+287.1,+25.2,GB	+2.18,+285.1,+25.4,OB	
1701480647.535994	+6.66,+19.5,+19.3,IA	+2.34,+270.2,+19.7,DB	+6.46,+31.6,+19.8,IA	+2.22,+282.5,+25.5,DB	+2.15,+286.5,+25.2,CB	+2.19,+284.4,+25.4,JB	
1701480709.5439427	+6.66,+19.5,+19.3,IA	+2.34,+270.1,+19.7,GB	+6.46,+31.5,+19.8,JA	+2.24,+281.7,+25.6,@B	+2.15,+286.5,+25.2,CB	+2.18,+285.2,+25.4,LB	
1701480771.5521479	+6.66,+19.5,+19.3,IA	+2.34,+270.1,+19.7,GB	+6.46,+31.6,+19.8,IA	+2.22,+282.6,+25.5,GB	+2.15,+286.7,+25.2,AB	+2.19,+284.3,+25.4,MB	
1701480833.5618775	+6.66,+19.5,+19.3,IA	+2.34,+270.1,+19.7,GB	+6.46,+31.6,+19.8,IA	+2.23,+282.2,+25.5,BB	+2.14,+287.2,+25.2,DB	+2.18,+285.1,+25.4,OB	
1701480895.5697787	+6.66,+19.5,+19.3,IA	+2.34,+270.1,+19.7,GB	+6.45,+31.7,+19.8,KA	+2.22,+282.5,+25.5,DB	+2.14,+287.0,+25.2,FB	+2.18,+284.7,+25.4,HB	
1701480957.5774398	+6.66,+19.4,+19.3,HA	+2.34,+270.1,+19.7,GB	+6.46,+31.5,+19.8,JA	+2.23,+282.2,+25.6,AB	+2.14,+287.2,+25.2,DB	+2.18,+285.0,+25.4,NB	
1701481019.5871186	+6.67,+19.4,+19.3,IA	+2.34,+270.1,+19.7,GB	+6.46,+31.6,+19.8,IA	+2.24,+281.6,+25.5,BB	+2.14,+287.2,+25.2,DB	+2.16,+285.8,+25.4,HB	
1701481081.5948768	+6.66,+19.4,+19.3,HA	+2.34,+270.1,+19.7,GB	+6.46,+31.6,+19.8,IA	+2.23,+282.0,+25.6,CB	+2.14,+287.2,+25.2,DB	+2.17,+285.5,+25.4,DB	
1701481143.60249	+6.66,+19.4,+19.3,HA	+2.34,+270.1,+19.7,GB	+6.46,+31.6,+19.8,IA	+2.24,+281.4,+25.6,CB	+2.15,+286.5,+25.2,CB	+2.17,+285.6,+25.4,GB	
1701481205.6174853	+6.66,+19.5,+19.3,IA	+2.34,+270.2,+19.7,DB	+6.46,+31.6,+19.8,IA	+2.23,+282.0,+25.6,CB	+2.15,+286.4,+25.2,BB	+2.18,+285.0,+25.4,NB	
1701481267.6256125	+6.67,+19.3,+19.3,NA	+2.34,+270.1,+19.7,GB	+6.46,+31.5,+19.8,JA	+2.24,+281.5,+25.6,BB	+2.14,+286.8,+25.2,OB	+2.16,+286.0,+25.4,CB	
1701481329.6351302	+6.67,+19.4,+19.3,IA	+2.34,+270.1,+19.7,GB	+6.46,+31.5,+19.8,JA	+2.23,+282.2,+25.5,BB	+2.14,+287.2,+25.2,DB	+2.17,+285.6,+25.4,GB	
1701481391.642008	+6.67,+19.3,+19.3,NA	+2.34,+270.1,+19.7,GB	+6.46,+31.4,+19.8,KA	+2.23,+281.9,+25.5,JB	+2.15,+286.5,+25.2,CB	+2.18,+285.1,+25.4,OB	
1701481453.650473	+6.66,+19.4,+19.3,HA	+2.34,+270.2,+19.7,DB	+6.46,+31.5,+19.8,JA	+2.23,+282.0,+25.6,CB	+2.15,+286.5,+25.2,CB	+2.18,+284.9,+25.4,FB	
1701481515.6584868	+6.67,+19.4,+19.3,IA	+2.34,+270.1,+19.7,GB	+6.46,+31.5,+19.8,JA	+2.23,+282.3,+25.5,CB	+2.14,+287.1,+25.2,GB	+2.17,+285.5,+25.4,DB	
1701481761.2396553	+6.67,+19.3,+19.3,NA	+2.34,+270.1,+19.7,GB	+6.46,+31.5,+19.8,JA	+2.23,+281.9,+25.6,IB	+2.15,+286.7,+25.2,AB	+2.16,+286.0,+25.4,CB	
1701481823.2487628	+6.67,+19.3,+19.3,NA	+2.34,+270.2,+19.7,DB	+6.46,+31.5,+19.8,JA	+2.21,+283.1,+25.6,AB	+2.14,+287.3,+25.2,EB	+2.18,+284.7,+25.4,HB	
1701481885.2576585	+6.67,+19.3,+19.3,NA	+2.34,+270.1,+19.7,GB	+6.46,+31.5,+19.8,JA	+2.22,+282.4,+25.6,FB	+2.14,+286.9,+25.2,NB	+2.19,+284.6,+25.4,HB	
1701481947.2675793	+6.67,+19.4,+19.3,IA	+2.34,+270.2,+19.7,DB	+6.46,+31.5,+19.8,JA	+2.23,+281.9,+25.6,IB	+2.15,+286.5,+25.2,CB	+2.16,+286.1,+25.4,BB	
1701482009.2763853	+6.67,+19.3,+19.3,NA	+2.34,+270.1,+19.7,GB	+6.46,+31.6,+19.8,IA	+2.24,+281.5,+25.6,BB	+2.15,+286.5,+25.2,CB	+2.17,+285.8,+25.4,IB	
1701482071.286006	+6.67,+19.3,+19.3,NA	+2.34,+270.1,+19.7,GB	+6.46,+31.5,+19.9,KA	+2.22,+282.9,+25.5,HB	+2.14,+287.1,+25.2,GB	+2.17,+285.2,+25.4,CB	
1701482133.295774	+6.67,+19.3,+19.3,NA	+2.34,+270.1,+19.7,GB	+6.46,+31.5,+19.8,JA	+2.22,+282.5,+25.5,DB	+2.15,+286.5,+25.2,CB	+2.16,+286.0,+25.4,CB	
1701482195.305634	+6.67,+19.3,+19.3,NA	+2.34,+270.1,+19.7,GB	+6.46,+31.5,+19.8,JA	+2.23,+281.9,+25.6,IB	+2.16,+286.1,+25.2,DB	+2.16,+286.0,+25.4,CB	
1701482257.3152924	+6.67,+19.3,+19.3,NA	+2.34,+270.1,+19.7,GB	+6.46,+31.5,+19.8,JA	+2.23,+282.0,+25.6,CB	+2.15,+286.7,+25.2,AB	+2.18,+284.9,+25.4,FB	
1701482319.3221433	+6.67,+19.3,+19.3,NA	+2.34,+270.1,+19.7,GB	+6.46,+31.5,+19.8,JA	+2.22,+282.7,+25.6,EB	+2.14,+287.1,+25.2,GB	+2.19,+284.4,+25.4,JB	
1701482381.3317351	+6.67,+19.3,+19.4,IA	+2.34,+270.1,+19.7,GB	+6.46,+31.5,+19.8,JA	+2.23,+282.2,+25.5,BB	+2.14,+287.0,+25.2,FB	+2.19,+284.5,+25.3,LB	
1701482443.3406806	+6.67,+19.2,+19.4,HA	+2.34,+270.1,+19.7,GB	+6.46,+31.4,+19.8,KA	+2.21,+283.0,+25.6,@B	+2.14,+287.2,+25.2,DB	+2.19,+284.4,+25.4,JB	
1701482505.3505397	+6.67,+19.3,+19.4,IA	+2.34,+270.1,+19.7,GB	+6.46,+31.4,+19.8,KA	+2.21,+283.1,+25.6,AB	+2.14,+287.1,+25.2,GB	+2.19,+284.6,+25.4,HB	
1701482567.3602226	+6.67,+19.2,+19.4,HA	+2.34,+270.1,+19.7,GB	+6.46,+31.5,+19.8,JA	+2.21,+283.1,+25.5,BB	+2.14,+287.1,+25.2,GB	+2.19,+284.3,+25.4,MB	
1701482629.3691812	+6.67,+19.2,+19.4,HA	+2.34,+270.1,+19.7,GB	+6.46,+31.5,+19.9,KA	+2.21,+283.2,+25.5,AB	+2.15,+286.8,+25.2,NB	+2.17,+285.2,+25.4,CB	
1701482691.377456	+6.67,+19.2,+19.4,HA	+2.34,+270.1,+19.7,GB	+6.46,+31.5,+19.8,JA	+2.22,+282.7,+25.6,EB	+2.15,+286.5,+25.2,CB	+2.16,+285.9,+25.4,IB	
1701482753.3871055	+6.67,+19.3,+19.4,IA	+2.34,+270.1,+19.7,GB	+6.46,+31.5,+19.9,KA	+2.23,+282.3,+25.6,@B	+2.15,+286.3,+25.2,EB	+2.16,+286.0,+25.4,CB	
1701482815.3971019	+6.67,+19.3,+19.4,IA	+2.34,+270.0,+19.7,FB	+6.46,+31.5,+19.9,KA	+2.22,+282.7,+25.6,EB	+2.15,+286.6,+25.2,@B	+2.17,+285.5,+25.4,DB	
1701482877.4050891	+6.67,+19.3,+19.4,IA	+2.34,+270.1,+19.7,GB	+6.46,+31.5,+19.9,KA	+2.23,+282.0,+25.6,CB	+2.14,+286.8,+25.2,OB	+2.18,+284.6,+25.4,IB	
1701482939.4147158	+6.67,+19.2,+19.4,HA	+2.34,+270.1,+19.8,HB	+6.46,+31.5,+19.9,KA	+2.22,+283.0,+25.5,@B	+2.15,+286.4,+25.2,BB	+2.17,+285.4,+25.4,EB	
1701483001.4237814	+6.67,+19.2,+19.4,HA	+2.34,+270.2,+19.8,KB	+6.46,+31.5,+19.8,JA	+2.21,+283.0,+25.6,@B	+2.15,+286.7,+25.2,AB	+2.18,+284.9,+25.4,FB	
1701483063.432581	+6.67,+19.2,+19.4,HA	+2.34,+270.1,+19.7,GB	+6.46,+31.5,+19.9,KA	+2.23,+282.2,+25.6,AB	+2.14,+287.0,+25.2,FB	+2.18,+284.7,+25.4,HB	
1701483125.4446294	+6.67,+19.2,+19.4,HA	+2.34,+270.1,+19.7,GB	+6.46,+31.5,+19.9,KA	+2.23,+282.2,+25.5,BB	+2.14,+287.0,+25.2,FB	+2.18,+284.8,+25.4,GB	
1701483187.4537718	+6.67,+19.2,+19.4,HA	+2.34,+270.2,+19.7,DB	+6.46,+31.5,+19.9,KA	+2.21,+283.3,+25.5,@B	+2.15,+286.3,+25.2,EB	+2.17,+285.6,+25.3,@B	
1701483249.4627976	+6.67,+19.2,+19.4,HA	+2.34,+270.1,+19.7,GB	+6.46,+31.5,+19.9,KA	+2.23,+282.3,+25.5,CB	+2.14,+287.0,+25.2,FB	+2.18,+284.7,+25.4,HB	
1701483311.469882	+6.67,+19.2,+19.4,HA	+2.34,+270.1,+19.8,HB	+6.46,+31.5,+19.9,KA	+2.21,+283.1,+25.6,AB	+2.15,+286.2,+25.2,DB	+2.16,+286.0,+25.4,CB	
1701483373.4790442	+6.67,+19.2,+19.4,HA	+2.34,+270.1,+19.8,HB	+6.46,+31.4,+19.9,JA	+2.22,+282.4,+25.5,EB	+2.15,+286.6,+25.2,@B	+2.16,+286.0,+25.4,CB	
1701483435.4892128	+6.67,+19.2,+19.4,HA	+2.34,+270.2,+19.8,KB	+6.46,+31.5,+19.9,KA	+2.21,+283.3,+25.6,CB	+2.15,+286.4,+25.2,BB	+2.18,+285.0,+25.4,NB	
1701483497.4987535	+6.67,+19.2,+19.4,HA	+2.34,+270.2,+19.7,DB	+6.46,+31.5,+19.9,KA	+2.22,+282.6,+25.6,DB	+2.14,+286.9,+25.2,NB	+2.19,+284.5,+25.4,KB	
1701483559.5076203	+6.67,+19.2,+19.4,HA	+2.34,+270.2,+19.8,KB	+6.46,+31.5,+19.9,KA	+2.22,+282.6,+25.5,GB	+2.15,+286.7,+25.2,AB	+2.16,+286.0,+25.4,CB	
1701483621.514717	+6.67,+19.2,+19.4,HA	+2.34,+270.2,+19.8,KB	+6.46,+31.5,+19.9,KA	+2.23,+282.2,+25.6,AB	+2.14,+287.1,+25.2,GB	+2.17,+285.3,+25.4,BB	
1701483683.522561	+6.67,+19.2,+19.4,HA	+2.34,+270.2,+19.8,KB	+6.46,+31.5,+19.9,KA	+2.21,+283.4,+25.6,DB	+2.15,+286.3,+25.2,EB	+2.17,+285.5,+25.4,DB	
1701483745.5318236	+6.67,+19.2,+19.4,HA	+2.34,+270.2,+19.8,KB	+6.46,+31.5,+19.9,KA	+2.22,+282.5,+25.6,GB	+2.14,+287.0,+25.2,FB	+2.19,+284.5,+25.4,KB	
1701483807.5386736	+6.67,+19.3,+19.4,IA	+2.34,+270.1,+19.8,HB	+6.46,+31.5,+19.9,KA	+2.23,+282.2,+25.5,BB	+2.14,+287.1,+25.2,GB	+2.17,+285.3,+25.4,BB	
1701483869.5472784	+6.67,+19.2,+19.4,HA	+2.34,+270.2,+19.8,KB	+6.46,+31.5,+19.9,KA	+2.22,+282.5,+25.6,GB	+2.14,+286.9,+25.2,NB	+2.19,+284.6,+25.4,HB	
1701483931.5579293	+6.67,+19.2,+19.4,HA	+2.34,+270.2,+19.8,KB	+6.46,+31.5,+19.9,KA	+2.23,+282.1,+25.5,AB	+2.14,+287.1,+25.2,GB	+2.18,+285.0,+25.4,NB	
1701483993.5668473	+6.67,+19.2,+19.4,HA	+2.34,+270.2,+19.8,KB	+6.46,+31.5,+19.9,KA	+2.23,+282.2,+25.6,AB	+2.14,+287.1,+25.2,GB	+2.18,+284.8,+25.4,GB	
1701484055.5739696	+6.67,+19.2,+19.4,HA	+2.34,+270.2,+19.8,KB	+6.46,+31.5,+19.9,KA	+2.22,+283.0,+25.6,CB	+2.15,+286.5,+25.2,CB	+2.18,+284.9,+25.4,FB	
1701484117.5825875	+6.67,+19.2,+19.4,HA	+2.34,+270.2,+19.8,KB	+6.46,+31.4,+19.9,JA	+2.22,+282.5,+25.6,GB	+2.14,+287.2,+25.2,DB	+2.17,+285.8,+25.4,IB	
1701484179.5921903	+6.67,+19.2,+19.4,HA	+2.34,+270.2,+19.8,KB	+6.46,+31.5,+19.9,KA	+2.23,+282.2,+25.6,AB	+2.14,+287.3,+25.2,EB	+2.17,+285.5,+25.3,CB	
1701484241.6019568	+6.67,+19.1,+19.4,KA	+2.34,+270.1,+19.8,HB	+6.46,+31.5,+19.9,KA	+2.22,+282.8,+25.5,IB	+2.15,+286.5,+25.2,CB	+2.18,+284.7,+25.4,HB	
1701484303.610743	+6.67,+19.1,+19.4,KA	+2.34,+270.2,+19.8,KB	+6.46,+31.5,+19.9,KA	+2.21,+283.4,+25.6,DB	+2.15,+286.6,+25.2,@B	+2.17,+285.6,+25.4,GB	
1701484365.6218863	+6.67,+19.1,+19.4,KA	+2.34,+270.2,+19.8,KB	+6.46,+31.5,+19.9,KA	+2.22,+283.0,+25.6,CB	+2.14,+287.1,+25.2,GB	+2.16,+286.2,+25.4,AB	
1701484427.6320555	+6.67,+19.1,+19.4,KA	+2.34,+270.2,+19.8,KB	+6.46,+31.4,+19.9,JA	+2.22,+282.7,+25.6,EB	+2.15,+286.4,+25.2,BB	+2.18,+285.2,+25.4,LB	
1701484489.6406858	+6.67,+19.2,+19.4,HA	+2.34,+270.2,+19.8,KB	+6.46,+31.5,+19.9,KA	+2.22,+282.9,+25.5,HB	+2.15,+286.5,+25.2,CB	+2.18,+284.9,+25.4,FB	
1701484551.6498883	+6.67,+19.1,+19.4,KA	+2.34,+270.3,+19.8,JB	+6.46,+31.5,+19.9,KA	+2.22,+282.8,+25.6,JB	+2.15,+286.6,+25.2,@B	+2.19,+284.3,+25.4,MB	
1701484613.65939	+6.67,+19.1,+19.4,KA	+2.34,+270.2,+19.8,KB	+6.46,+31.5,+19.9,KA	+2.22,+282.8,+25.5,IB	+2.14,+287.3,+25.2,EB	+2.17,+285.7,+25.4,FB	
1701484675.668023	+6.67,+19.1,+19.4,KA	+2.34,+270.2,+19.8,KB	+6.46,+31.5,+19.9,KA	+2.22,+282.9,+25.6,KB	+2.15,+286.4,+25.2,BB	+2.18,+284.7,+25.4,HB	
1701484737.6766436	+6.67,+19.1,+19.4,KA	+2.34,+270.3,+19.8,JB	+6.46,+31.4,+19.9,JA	+2.23,+282.2,+25.5,BB	+2.15,+286.8,+25.2,NB	+2.19,+284.5,+25.4,KB	
1701484799.688555	+6.67,+19.1,+19.5,JA	+2.34,+270.2,+19.8,KB	+6.46,+31.4,+19.9,JA	+2.22,+282.7,+25.6,EB	+2.15,+286.4,+25.2,BB	+2.19,+284.6,+25.4,HB	
1701484861.6977863	+6.67,+19.1,+19.5,JA	+2.34,+270.2,+19.8,KB	+6.46,+31.5,+19.9,KA	+2.21,+283.3,+25.5,@B	+2.14,+287.3,+25.2,EB	+2.16,+286.2,+25.4,AB	
1701484923.704842	+6.67,+19.1,+19.4,KA	+2.34,+270.3,+19.8,JB	+6.46,+31.5,+19.9,KA	+2.22,+282.5,+25.5,DB	+2.14,+287.0,+25.2,FB	+2.17,+285.2,+25.3,DB	
1701484985.7190247	+6.67,+19.2,+19.4,HA	+2.34,+270.2,+19.8,KB	+6.46,+31.4,+19.9,JA	+2.23,+282.3,+25.6,@B	+2.15,+286.7,+25.2,AB	+2.19,+284.6,+25.4,HB	
1701485047.7268915	+6.67,+19.1,+19.5,JA	+2.34,+270.2,+19.8,KB	+6.46,+31.5,+19.9,KA	+2.21,+283.0,+25.6,@B	+2.15,+286.6,+25.2,@B	+2.17,+285.3,+25.4,BB	
1701485109.7368097	+6.67,+19.2,+19.4,HA	+2.34,+270.3,+19.8,JB	+6.46,+31.5,+19.9,KA	+2.21,+283.5,+25.6,EB	+2.14,+287.1,+25.2,GB	+2.16,+286.0,+25.4,CB	
1701485171.7468228	+6.67,+19.1,+19.5,JA	+2.34,+270.2,+19.8,KB	+6.46,+31.6,+19.9,HA	+2.21,+283.5,+25.6,EB	+2.14,+287.2,+25.2,DB	+2.16,+286.3,+25.4,@B	
1701485233.7574928	+6.67,+19.2,+19.5,IA	+2.34,+270.3,+19.8,JB	+6.46,+31.4,+19.9,JA	+2.22,+282.9,+25.5,HB	+2.15,+286.7,+25.2,AB	+2.17,+285.3,+25.4,BB	
1701485295.7672877	+6.67,+19.1,+19.5,JA	+2.34,+270.3,+19.8,JB	+6.46,+31.5,+19.9,KA	+2.22,+282.6,+25.5,GB	+2.14,+287.0,+25.2,FB	+2.17,+285.5,+25.3,CB	
1701485357.776077	+6.67,+19.1,+19.5,JA	+2.34,+270.3,+19.8,JB	+6.46,+31.5,+19.9,KA	+2.21,+283.5,+25.6,EB	+2.14,+287.3,+25.2,EB	+2.16,+286.3,+25.3,GB	
1701485603.3622146	+6.67,+19.1,+19.5,JA	+2.34,+270.3,+19.8,JB	+6.46,+31.5,+19.9,KA	+2.21,+283.4,+25.5,GB	+2.14,+287.2,+25.2,DB	+2.16,+286.0,+25.4,CB	
1701485665.3705592	+6.67,+19.1,+19.5,JA	+2.34,+270.3,+19.8,JB	+6.46,+31.5,+19.9,KA	+2.22,+282.9,+25.5,HB	+2.14,+287.3,+25.2,EB	+2.15,+286.4,+25.3,CB	
1701485727.3787546	+6.67,+19.2,+19.5,IA	+2.34,+270.2,+19.8,KB	+6.46,+31.5,+19.9,KA	+2.22,+282.9,+25.6,KB	+2.14,+287.3,+25.2,EB	+2.16,+286.3,+25.4,@B	
1701485789.3914957	+6.67,+19.1,+19.5,JA	+2.34,+270.2,+19.8,KB	+6.46,+31.4,+19.9,JA	+2.23,+281.9,+25.6,IB	+2.15,+286.6,+25.2,@B	+2.18,+285.0,+25.4,NB	
1701485851.4014294	+6.67,+19.1,+19.5,JA	+2.34,+270.3,+19.8,JB	+6.46,+31.4,+19.9,JA	+2.22,+282.8,+25.6,JB	+2.14,+287.3,+25.2,EB	+2.16,+285.9,+25.4,IB	
1701485913.412054	+6.67,+19.1,+19.5,JA	+2.34,+270.3,+19.8,JB	+6.46,+31.5,+19.9,KA	+2.22,+282.6,+25.5,GB	+2.14,+287.0,+25.2,FB	+2.16,+286.0,+25.3,DB	
1701485975.4179933	+6.67,+19.1,+19.5,JA	+2.34,+270.3,+19.8,JB	+6.46,+31.5,+19.9,KA	+2.21,+283.0,+25.6,@B	+2.14,+287.3,+25.2,EB	+2.15,+286.5,+25.4,EB	
1701486037.4279766	+6.67,+19.1,+19.5,JA	+2.34,+270.3,+19.8,JB	+6.46,+31.5,+19.9,KA	+2.23,+282.4,+25.6,GB	+2.15,+286.6,+25.2,@B	+2.17,+285.5,+25.3,CB	
1701486099.438597	+6.67,+19.1,+19.5,JA	+2.34,+270.3,+19.8,JB	+6.46,+31.5,+19.9,KA	+2.23,+281.8,+25.5,KB	+2.15,+286.5,+25.2,CB	+2.18,+284.9,+25.4,FB	
1701486161.4493191	+6.67,+19.1,+19.5,JA	+2.34,+270.3,+19.8,JB	+6.46,+31.5,+19.9,KA	+2.22,+282.4,+25.5,EB	+2.15,+286.6,+25.2,@B	+2.17,+285.7,+25.4,FB	
1701486223.4591253	+6.67,+19.2,+19.5,IA	+2.34,+270.3,+19.8,JB	+6.46,+31.6,+19.9,HA	+2.23,+282.0,+25.5,@B	+2.14,+287.0,+25.2,FB	+2.17,+285.3,+25.3,EB	
1701486285.4682412	+6.67,+19.2,+19.5,IA	+2.34,+270.3,+19.8,JB	+6.46,+31.5,+19.9,KA	+2.23,+281.9,+25.6,IB	+2.14,+286.9,+25.2,NB	+2.18,+285.1,+25.4,OB	
1701486347.4769707	+6.67,+19.1,+19.5,JA	+2.34,+270.2,+19.8,KB	+6.46,+31.5,+19.9,KA	+2.23,+282.0,+25.5,@B	+2.15,+286.6,+25.2,@B	+2.18,+285.1,+25.4,OB	
1701486409.484393	+6.67,+19.1,+19.5,JA	+2.34,+270.3,+19.8,JB	+6.46,+31.5,+19.9,KA	+2.24,+281.4,+25.5,@B	+2.15,+286.7,+25.2,AB	+2.18,+284.7,+25.4,HB	
1701486471.4930098	+6.67,+19.1,+19.5,JA	+2.34,+270.4,+19.9,LB	+6.46,+31.5,+19.9,KA	+2.22,+282.5,+25.5,DB	+2.14,+287.4,+25.2,BB	+2.16,+286.2,+25.4,AB	
1701486533.5021806	+6.67,+19.1,+19.5,JA	+2.34,+270.3,+19.8,JB	+6.46,+31.5,+19.9,KA	+2.23,+281.9,+25.6,IB	+2.14,+287.4,+25.2,BB	+2.17,+285.6,+25.4,GB	
1701486595.5084476	+6.67,+19.1,+19.5,JA	+2.34,+270.3,+19.8,JB	+6.46,+31.5,+19.9,KA	+2.22,+282.9,+25.6,KB	+2.14,+287.1,+25.2,GB	+2.15,+286.5,+25.4,EB	
1701486657.518834	+6.67,+19.1,+19.5,JA	+2.34,+270.3,+19.8,JB	+6.46,+31.6,+19.9,HA	+2.24,+281.7,+25.5,CB	+2.15,+286.5,+25.2,CB	+2.17,+285.4,+25.4,EB	
1701486719.5281339	+6.67,+19.1,+19.5,JA	+2.34,+270.3,+19.9,KB	+6.46,+31.5,+19.9,KA	+2.24,+281.3,+25.6,DB	+2.14,+287.3,+25.2,EB	+2.17,+285.5,+25.4,DB	
1701486781.536751	+6.67,+19.1,+19.5,JA	+2.34,+270.3,+19.9,KB	+6.46,+31.6,+19.9,HA	+2.23,+282.0,+25.6,CB	+2.15,+286.5,+25.2,CB	+2.17,+285.6,+25.4,GB	
1701486843.543406	+6.67,+19.1,+19.5,JA	+2.34,+270.3,+19.8,JB	+6.46,+31.6,+19.9,HA	+2.24,+281.4,+25.5,@B	+2.14,+286.8,+25.2,OB	+2.18,+284.9,+25.4,FB	
1701486905.553043	+6.67,+19.1,+19.5,JA	+2.34,+270.3,+19.8,JB	+6.46,+31.5,+19.9,KA	+2.24,+281.6,+25.5,BB	+2.13,+287.4,+25.2,EB	+2.17,+285.8,+25.4,IB	
1701486967.5629525	+6.67,+19.1,+19.5,JA	+2.34,+270.3,+19.9,KB	+6.46,+31.6,+19.9,HA	+2.24,+281.4,+25.5,@B	+2.13,+287.4,+25.2,EB	+2.16,+286.1,+25.4,BB	
1701487029.5737598	+6.67,+19.1,+19.5,JA	+2.34,+270.3,+19.8,JB	+6.46,+31.6,+20.0,KA	+2.24,+281.3,+25.6,DB	+2.13,+287.4,+25.2,EB	+2.17,+285.7,+25.4,FB	
1701487091.5822933	+6.67,+19.1,+19.5,JA	+2.34,+270.3,+19.8,JB	+6.46,+31.5,+20.0,HA	+2.23,+282.1,+25.5,AB	+2.14,+287.1,+25.2,GB	+2.15,+286.4,+25.4,DB	
1701487153.5918856	+6.67,+19.2,+19.5,IA	+2.34,+270.3,+19.8,JB	+6.46,+31.5,+20.0,HA	+2.22,+282.4,+25.5,EB	+2.15,+286.7,+25.2,AB	+2.16,+286.3,+25.4,@B	
1701487215.600612	+6.67,+19.1,+19.5,JA	+2.34,+270.3,+19.9,KB	+6.46,+31.4,+19.9,JA	+2.23,+282.0,+25.5,@B	+2.14,+286.8,+25.2,OB	+2.17,+285.4,+25.4,EB	
1701487277.6100597	+6.67,+19.1,+19.5,JA	+2.34,+270.3,+19.9,KB	+6.46,+31.5,+20.0,HA	+2.22,+282.4,+25.5,EB	+2.15,+286.8,+25.2,NB	+2.15,+286.6,+25.4,FB	
1701487339.6210022	+6.67,+19.2,+19.5,IA	+2.34,+270.3,+19.8,JB	+6.46,+31.5,+20.0,HA	+2.23,+282.2,+25.6,AB	+2.15,+286.7,+25.2,AB	+2.15,+286.6,+25.4,FB	
1701487401.63111	+6.67,+19.2,+19.5,IA	+2.34,+270.3,+19.8,JB	+6.46,+31.5,+20.0,HA	+2.24,+281.3,+25.6,DB	+2.14,+287.3,+25.2,EB	+2.18,+284.8,+25.4,GB	
1701487463.641652	+6.67,+19.1,+19.5,JA	+2.34,+270.3,+19.8,JB	+6.46,+31.5,+20.0,HA	+2.24,+281.3,+25.6,DB	+2.14,+287.1,+25.2,GB	+2.18,+284.9,+25.3,AB	
1701487525.6494815	+6.67,+19.1,+19.5,JA	+2.34,+270.3,+19.9,KB	+6.46,+31.5,+20.0,HA	+2.23,+282.2,+25.5,BB	+2.15,+286.6,+25.2,@B	+2.15,+286.6,+25.4,FB	
1701487587.656111	+6.67,+19.1,+19.5,JA	+2.34,+270.3,+19.9,KB	+6.46,+31.5,+20.0,HA	+2.23,+281.8,+25.5,KB	+2.14,+286.9,+25.2,NB	+2.17,+285.3,+25.4,BB	
1701487649.665479	+6.67,+19.1,+19.5,JA	+2.34,+270.4,+19.9,LB	+6.46,+31.5,+20.0,HA	+2.25,+281.2,+25.6,DB	+2.14,+287.3,+25.2,EB	+2.18,+285.0,+25.4,NB	
1701487711.6746106	+6.67,+19.1,+19.5,JA	+2.34,+270.4,+19.8,MB	+6.46,+31.5,+20.0,HA	+2.23,+282.1,+25.6,BB	+2.15,+286.6,+25.2,@B	+2.15,+286.6,+25.4,FB	
1701487773.683505	+6.67,+19.1,+19.5,JA	+2.34,+270.4,+19.9,LB	+6.46,+31.6,+20.0,KA	+2.24,+281.6,+25.5,BB	+2.14,+286.8,+25.2,OB	+2.16,+286.1,+25.4,BB	
1701487835.6906967	+6.67,+19.1,+19.5,JA	+2.34,+270.4,+19.9,LB	+6.46,+31.5,+20.0,HA	+2.23,+282.3,+25.5,CB	+2.15,+286.8,+25.2,NB	+2.17,+285.4,+25.4,EB	
1701487897.6991808	+6.67,+19.1,+19.5,JA	+2.34,+270.3,+19.9,KB	+6.46,+31.6,+20.0,KA	+2.22,+282.6,+25.6,DB	+2.15,+286.3,+25.2,EB	+2.16,+286.3,+25.3,GB	
1701487959.7083592	+6.67,+19.1,+19.5,JA	+2.34,+270.4,+19.9,LB	+6.46,+31.6,+20.0,KA	+2.22,+282.5,+25.5,DB	+2.15,+286.8,+25.2,NB	+2.17,+285.7,+25.4,FB	
1701488021.713549	+6.67,+19.1,+19.5,JA	+2.34,+270.4,+19.9,LB	+6.46,+31.6,+20.0,KA	+2.24,+281.7,+25.6,@B	+2.15,+286.7,+25.2,AB	+2.16,+286.2,+25.4,AB	
1701488083.72365	+6.67,+19.1,+19.5,JA	+2.34,+270.3,+19.9,KB	+6.46,+31.6,+20.0,KA	+2.22,+282.7,+25.6,EB	+2.15,+286.7,+25.2,AB	+2.16,+286.2,+25.4,AB	
1701488145.7308478	+6.67,+19.1,+19.5,JA	+2.34,+270.3,+19.8,JB	+6.46,+31.5,+20.0,HA	+2.24,+281.4,+25.6,CB	+2.14,+287.0,+25.2,FB	+2.16,+285.8,+25.4,HB	
1701488207.7414978	+6.67,+19.1,+19.5,JA	+2.34,+270.4,+19.9,LB	+6.46,+31.5,+20.0,HA	+2.22,+282.6,+25.5,GB	+2.14,+287.0,+25.2,FB	+2.16,+285.8,+25.4,HB	
1701488269.751554	+6.67,+19.1,+19.5,JA	+2.34,+270.4,+19.9,LB	+6.46,+31.6,+20.0,KA	+2.22,+282.8,+25.5,IB	+2.15,+286.8,+25.2,NB	+2.16,+286.3,+25.4,@B	
1701488331.7595103	+6.67,+19.1,+19.5,JA	+2.34,+270.4,+19.9,LB	+6.46,+31.5,+20.0,HA	+2.22,+282.6,+25.5,GB	+2.15,+286.6,+25.2,@B	+2.15,+286.6,+25.4,FB	
1701488393.7696598	+6.67,+19.1,+19.5,JA	+2.34,+270.4,+19.9,LB	+6.46,+31.5,+20.0,HA	+2.22,+282.8,+25.6,JB	+2.14,+286.8,+25.2,OB	+2.16,+286.1,+25.4,BB	
1701488455.778993	+6.67,+19.1,+19.5,JA	+2.34,+270.4,+19.9,LB	+6.46,+31.5,+20.0,HA	+2.22,+282.5,+25.6,GB	+2.14,+286.8,+25.2,OB	+2.15,+286.4,+25.3,CB	
1701488517.786618	+6.67,+19.2,+19.5,IA	+2.34,+270.4,+19.9,LB	+6.46,+31.6,+20.0,KA	+2.24,+281.4,+25.6,CB	+2.14,+287.1,+25.2,GB	+2.17,+285.4,+25.4,EB	
1701488579.7945845	+6.67,+19.1,+19.5,JA	+2.34,+270.4,+19.9,LB	+6.46,+31.5,+20.0,HA	+2.23,+281.8,+25.6,HB	+2.14,+287.2,+25.2,DB	+2.18,+285.2,+25.4,LB	
1701488641.8021967	+6.67,+19.1,+19.5,JA	+2.34,+270.3,+19.9,KB	+6.46,+31.5,+20.0,HA	+2.23,+281.9,+25.6,IB	+2.15,+286.5,+25.2,CB	+2.15,+286.7,+25.4,GB	
1701488703.8083222	+6.67,+19.1,+19.5,JA	+2.34,+270.4,+19.9,LB	+6.46,+31.5,+20.0,HA	+2.24,+281.7,+25.6,@B	+2.14,+286.9,+25.2,NB	+2.17,+285.4,+25.4,EB	
1701488765.819387	+6.67,+19.1,+19.5,JA	+2.34,+270.4,+19.9,LB	+6.46,+31.5,+20.0,HA	+2.23,+282.3,+25.5,CB	+2.15,+286.7,+25.2,AB	+2.15,+286.8,+25.4,HB	
1701488827.8254237	+6.67,+19.1,+19.5,JA	+2.34,+270.4,+19.9,LB	+6.45,+31.6,+20.0,HA	+2.22,+282.7,+25.6,EB	+2.14,+286.9,+25.2,NB	+2.16,+286.4,+25.4,GB	
1701488889.8326974	+6.67,+19.1,+19.5,JA	+2.34,+270.5,+19.9,MB	+6.46,+31.5,+20.0,HA	+2.24,+281.7,+25.5,CB	+2.15,+286.4,+25.2,BB	+2.15,+286.5,+25.4,EB	
1701488951.842128	+6.67,+19.2,+19.5,IA	+2.34,+270.4,+19.9,LB	+6.46,+31.6,+20.0,KA	+2.24,+281.6,+25.5,BB	+2.15,+286.7,+25.2,AB	+2.17,+285.7,+25.4,FB	
1701489013.850542	+6.67,+19.1,+19.6,IA	+2.34,+270.5,+19.9,MB	+6.46,+31.6,+20.0,KA	+2.23,+281.8,+25.6,HB	+2.15,+286.4,+25.2,BB	+2.15,+286.6,+25.3,AB	
1701489075.8625708	+6.67,+19.1,+19.5,JA	+2.34,+270.4,+19.9,LB	+6.46,+31.6,+20.0,KA	+2.22,+282.5,+25.6,GB	+2.14,+287.1,+25.2,GB	+2.17,+285.2,+25.4,CB	
1701489137.8716457	+6.67,+19.1,+19.5,JA	+2.34,+270.4,+19.9,LB	+6.46,+31.6,+20.0,KA	+2.22,+282.7,+25.6,EB	+2.14,+287.0,+25.2,FB	+2.15,+286.5,+25.3,BB	
1701489199.8798876	+6.67,+19.1,+19.5,JA	+2.34,+270.4,+19.9,LB	+6.46,+31.6,+20.0,KA	+2.23,+282.3,+25.5,CB	+2.14,+286.9,+25.2,NB	+2.17,+285.2,+25.4,CB	
1701489445.4823134	+6.67,+19.1,+19.5,JA	+2.34,+270.4,+19.9,LB	+6.46,+31.6,+20.0,KA	+2.22,+282.8,+25.6,JB	+2.15,+286.4,+25.2,BB	+2.15,+286.4,+25.4,DB	
1701489507.492059	+6.67,+19.1,+19.5,JA	+2.34,+270.4,+19.9,LB	+6.46,+31.5,+20.0,HA	+2.23,+281.8,+25.5,KB	+2.14,+287.1,+25.2,GB	+2.16,+286.3,+25.4,@B	
1701489569.501853	+6.67,+19.1,+19.5,JA	+2.34,+270.4,+19.9,LB	+6.46,+31.6,+20.0,KA	+2.24,+281.8,+25.6,OB	+2.14,+287.1,+25.2,GB	+2.17,+285.7,+25.4,FB	
1701489631.5111575	+6.67,+19.1,+19.6,IA	+2.34,+270.4,+19.9,LB	+6.46,+31.6,+20.0,KA	+2.25,+281.2,+25.5,GB	+2.14,+286.9,+25.2,NB	+2.17,+285.2,+25.4,CB	
1701489693.5200875	+6.67,+19.2,+19.5,IA	+2.34,+270.4,+19.9,LB	+6.46,+31.6,+20.0,KA	+2.25,+281.2,+25.6,DB	+2.14,+287.0,+25.2,FB	+2.17,+285.3,+25.4,BB	
1701489755.5300455	+6.67,+19.2,+19.5,IA	+2.34,+270.4,+19.9,LB	+6.46,+31.6,+20.0,KA	+2.23,+282.0,+25.6,CB	+2.15,+286.6,+25.2,@B	+2.17,+285.3,+25.4,BB	
1701489817.537674	+6.67,+19.2,+19.5,IA	+2.34,+270.4,+19.9,LB	+6.46,+31.6,+20.0,KA	+2.24,+281.7,+25.6,@B	+2.14,+286.8,+25.2,OB	+2.17,+285.2,+25.3,DB	
1701489879.5462387	+6.67,+19.1,+19.5,JA	+2.34,+270.4,+19.9,LB	+6.46,+31.6,+20.0,KA	+2.23,+282.1,+25.6,BB	+2.15,+286.5,+25.2,CB	+2.17,+285.3,+25.4,BB	
1701489941.5557873	+6.67,+19.1,+19.6,IA	+2.34,+270.5,+19.9,MB	+6.46,+31.6,+20.0,KA	+2.22,+282.6,+25.6,DB	+2.14,+286.9,+25.2,NB	+2.15,+286.9,+25.4,IB	
1701490003.5667984	+6.67,+19.1,+19.6,IA	+2.34,+270.4,+19.9,LB	+6.46,+31.6,+20.0,KA	+2.22,+282.5,+25.5,DB	+2.14,+287.1,+25.2,GB	+2.14,+286.9,+25.3,OB	
1701490065.5763896	+6.67,+19.1,+19.5,JA	+2.34,+270.4,+19.9,LB	+6.46,+31.6,+20.0,KA	+2.23,+282.4,+25.6,GB	+2.14,+287.2,+25.2,DB	+2.15,+286.9,+25.4,IB	
1701490127.5864327	+6.67,+19.2,+19.5,IA	+2.34,+270.4,+19.9,LB	+6.46,+31.6,+20.0,KA	+2.23,+282.4,+25.6,GB	+2.14,+287.0,+25.2,FB	+2.15,+286.9,+25.4,IB	
1701490189.5951211	+6.67,+19.2,+19.6,JA	+2.34,+270.5,+19.9,MB	+6.45,+31.7,+20.0,IA	+2.22,+282.7,+25.5,FB	+2.15,+286.7,+25.2,AB	+2.15,+286.4,+25.4,DB	
1701490251.602718	+6.67,+19.1,+19.6,IA	+2.34,+270.4,+19.9,LB	+6.45,+31.6,+20.0,HA	+2.22,+282.4,+25.6,FB	+2.15,+286.6,+25.2,@B	+2.17,+285.8,+25.4,IB	
1701490313.612768	+6.67,+19.1,+19.6,IA	+2.34,+270.4,+19.9,LB	+6.46,+31.5,+20.0,HA	+2.23,+281.8,+25.5,KB	+2.14,+287.0,+25.2,FB	+2.16,+286.3,+25.4,@B	
1701490375.6205854	+6.67,+19.1,+19.6,IA	+2.34,+270.4,+19.9,LB	+6.46,+31.6,+20.0,KA	+2.23,+282.1,+25.6,BB	+2.15,+286.5,+25.2,CB	+2.17,+285.5,+25.4,DB	
1701490437.6303213	+6.67,+19.1,+19.6,IA	+2.34,+270.5,+19.9,MB	+6.46,+31.6,+20.0,KA	+2.24,+281.5,+25.6,BB	+2.14,+286.9,+25.2,NB	+2.17,+285.7,+25.4,FB	
1701490499.6380467	+6.67,+19.1,+19.6,IA	+2.34,+270.4,+19.9,LB	+6.45,+31.6,+20.0,HA	+2.22,+282.5,+25.6,GB	+2.14,+287.0,+25.2,FB	+2.15,+286.5,+25.3,BB	
1701490561.6480901	+6.67,+19.1,+19.6,IA	+2.34,+270.5,+19.9,MB	+6.46,+31.6,+20.0,KA	+2.23,+281.8,+25.6,HB	+2.15,+286.5,+25.2,CB	+2.17,+285.4,+25.4,EB	
1701490623.6554492	+6.67,+19.1,+19.6,IA	+2.34,+270.5,+19.9,MB	+6.46,+31.6,+20.0,KA	+2.23,+282.3,+25.5,CB	+2.15,+286.6,+25.2,@B	+2.17,+285.7,+25.4,FB	
1701490685.6666534	+6.67,+19.1,+19.6,IA	+2.34,+270.4,+19.9,LB	+6.45,+31.7,+20.0,IA	+2.23,+282.0,+25.6,CB	+2.15,+286.6,+25.2,@B	+2.17,+285.4,+25.3,BB	
1701490747.6759953	+6.67,+19.2,+19.5,IA	+2.34,+270.4,+19.9,LB	+6.45,+31.7,+20.0,IA	+2.23,+282.1,+25.6,BB	+2.15,+286.6,+25.2,@B	+2.17,+285.5,+25.4,DB	
1701490809.6829338	+6.67,+19.1,+19.5,JA	+2.34,+270.4,+19.9,LB	+6.45,+31.6,+20.0,HA	+2.22,+282.5,+25.6,GB	+2.14,+287.3,+25.2,EB	+2.15,+286.8,+25.4,HB	
1701490871.691362	+6.67,+19.1,+19.6,IA	+2.34,+270.5,+19.9,MB	+6.45,+31.7,+20.0,IA	+2.23,+281.8,+25.6,HB	+2.15,+286.6,+25.2,@B	+2.17,+285.3,+25.4,BB	
1701490933.7006202	+6.67,+19.1,+19.6,IA	+2.34,+270.5,+19.9,MB	+6.45,+31.7,+20.0,IA	+2.22,+283.0,+25.6,CB	+2.13,+287.4,+25.2,EB	+2.15,+286.9,+25.4,IB	
1701490995.7110746	+6.67,+19.1,+19.6,IA	+2.34,+270.5,+19.9,MB	+6.45,+31.7,+20.0,IA	+2.22,+282.5,+25.5,DB	+2.14,+287.1,+25.2,GB	+2.15,+286.6,+25.4,FB	
1701491057.720512	+6.67,+19.2,+19.6,JA	+2.34,+270.4,+19.9,LB	+6.45,+31.6,+20.0,HA	+2.24,+281.7,+25.6,@B	+2.15,+286.5,+25.2,CB	+2.17,+285.3,+25.4,BB	
1701491119.7273433	+6.67,+19.1,+19.6,IA	+2.34,+270.5,+19.9,MB	+6.45,+31.7,+20.0,IA	+2.23,+281.9,+25.5,JB	+2.14,+287.0,+25.2,FB	+2.15,+286.5,+25.4,EB	
1701491181.7365427	+6.67,+19.2,+19.6,JA	+2.34,+270.5,+20.0,NB	+6.45,+31.7,+20.1,HA	+2.23,+282.1,+25.6,BB	+2.15,+286.8,+25.2,NB	+2.16,+285.9,+25.4,IB	
1701491243.7450151	+6.67,+19.1,+19.6,IA	+2.34,+270.5,+19.9,MB	+6.45,+31.6,+20.0,HA	+2.23,+282.3,+25.6,@B	+2.14,+286.9,+25.2,NB	+2.16,+286.3,+25.4,@B	
1701491305.7534254	+6.67,+19.1,+19.6,IA	+2.34,+270.5,+19.9,MB	+6.46,+31.6,+20.0,KA	+2.22,+283.0,+25.6,CB	+2.14,+287.3,+25.2,EB	+2.15,+286.7,+25.4,GB	
1701491367.7625043	+6.67,+19.1,+19.6,IA	+2.34,+270.5,+19.9,MB	+6.45,+31.7,+20.1,HA	+2.24,+281.8,+25.5,LB	+2.15,+286.4,+25.2,BB	+2.17,+285.6,+25.4,GB	
1701491429.771484	+6.67,+19.1,+19.6,IA	+2.34,+270.5,+19.9,MB	+6.45,+31.7,+20.0,IA	+2.24,+281.7,+25.6,@B	+2.15,+286.4,+25.2,BB	+2.17,+285.5,+25.4,DB	
1701491491.7836273	+6.67,+19.1,+19.6,IA	+2.34,+270.5,+19.9,MB	+6.45,+31.7,+20.1,HA	+2.21,+283.0,+25.6,@B	+2.14,+287.3,+25.2,EB	+2.15,+287.0,+25.4,AB	
1701491553.7903225	+6.67,+19.1,+19.6,IA	+2.34,+270.5,+19.9,MB	+6.45,+31.7,+20.0,IA	+2.28,+279.0,+25.6,LB	+2.15,+286.8,+25.2,NB	+2.17,+285.3,+25.4,BB	
1701491615.8000777	+6.67,+19.1,+19.6,IA	+2.34,+270.5,+19.9,MB	+6.45,+31.7,+20.0,IA	+2.26,+280.4,+25.6,@B	+2.14,+287.0,+25.2,FB	+2.14,+287.0,+25.4,@B	
1701491677.8088703	+6.67,+19.1,+19.6,IA	+2.34,+270.5,+20.0,NB	+6.45,+31.6,+20.0,HA	+2.28,+279.0,+25.6,LB	+2.15,+286.8,+25.2,NB	+2.17,+285.3,+25.3,EB	
1701491739.8187413	+6.67,+19.1,+19.6,IA	+2.34,+270.5,+19.9,MB	+6.45,+31.6,+20.1,IA	+2.28,+279.4,+25.5,KB	+2.14,+287.1,+25.2,GB	+2.16,+285.8,+25.4,HB	
1701491801.8282251	+6.67,+19.1,+19.6,IA	+2.34,+270.5,+19.9,MB	+6.45,+31.6,+20.1,IA	+2.26,+280.2,+25.5,EB	+2.13,+287.4,+25.2,EB	+2.15,+286.6,+25.4,FB	
1701491863.8386886	+6.67,+19.1,+19.6,IA	+2.34,+270.5,+19.9,MB	+6.45,+31.7,+20.1,HA	+2.27,+279.5,+25.6,FB	+2.14,+287.3,+25.2,EB	+2.16,+285.9,+25.3,NB	
1701491925.8474255	+6.67,+19.1,+19.6,IA	+2.34,+270.5,+19.9,MB	+6.45,+31.7,+20.1,HA	+2.26,+280.4,+25.6,@B	+2.14,+287.3,+25.2,EB	+2.14,+287.0,+25.4,@B	
1701491987.8558526	+6.67,+19.1,+19.6,IA	+2.34,+270.6,+19.9,NB	+6.45,+31.7,+20.1,HA	+2.28,+279.4,+25.6,HB	+2.14,+286.8,+25.2,OB	+2.17,+285.6,+25.4,GB	
1701492049.865961	+6.67,+19.1,+19.6,IA	+2.34,+270.5,+19.9,MB	+6.45,+31.7,+20.1,HA	+2.26,+280.3,+25.6,GB	+2.14,+287.4,+25.2,BB	+2.14,+287.0,+25.4,@B	
1701492111.8760796	+6.67,+19.1,+19.6,IA	+2.34,+270.5,+19.9,MB	+6.46,+31.6,+20.1,JA	+2.26,+280.2,+25.6,FB	+2.14,+287.3,+25.2,EB	+2.14,+287.1,+25.4,AB	
1701492173.8846145	+6.67,+19.1,+19.6,IA	+2.34,+270.5,+20.0,NB	+6.45,+31.7,+20.1,HA	+2.27,+279.5,+25.5,EB	+2.13,+287.4,+25.2,EB	+2.16,+286.0,+25.4,CB	
1701492235.8902805	+6.67,+19.1,+19.6,IA	+2.34,+270.5,+20.0,NB	+6.45,+31.8,+20.1,GA	+2.28,+279.3,+25.5,LB	+2.14,+287.3,+25.2,EB	+2.16,+285.9,+25.4,IB	
1701492297.8991747	+6.67,+19.1,+19.6,IA	+2.34,+270.5,+20.0,NB	+6.45,+31.7,+20.1,HA	+2.28,+279.2,+25.6,NB	+2.14,+287.2,+25.2,DB	+2.17,+285.7,+25.3,AB	
1701492359.9057038	+6.67,+19.1,+19.6,IA	+2.34,+270.5,+20.0,NB	+6.45,+31.8,+20.1,GA	+2.26,+280.4,+25.6,@B	+2.14,+286.9,+25.2,NB	+2.14,+287.1,+25.4,AB	
1701492421.9131753	+6.67,+19.2,+19.6,JA	+2.34,+270.5,+19.9,MB	+6.45,+31.7,+20.1,HA	+2.26,+280.2,+25.5,EB	+2.14,+287.2,+25.2,DB	+2.14,+287.0,+25.4,@B	
1701492483.9207428	+6.67,+19.1,+19.6,IA	+2.34,+270.5,+20.0,NB	+6.45,+31.7,+20.1,HA	+2.28,+279.3,+25.6,OB	+2.14,+287.0,+25.2,FB	+2.17,+285.5,+25.3,CB	
1701492545.9322414	+6.67,+19.1,+19.6,IA	+2.34,+270.5,+20.0,NB	+6.45,+31.7,+20.1,HA	+2.27,+279.5,+25.6,FB	+2.14,+286.9,+25.2,NB	+2.17,+285.7,+25.3,AB	
1701492607.9419346	+6.67,+19.1,+19.6,IA	+2.34,+270.5,+20.0,NB	+6.45,+31.7,+20.1,HA	+2.28,+279.4,+25.5,KB	+2.14,+287.0,+25.2,FB	+2.17,+285.5,+25.4,DB	
1701492669.9510002	+6.67,+19.1,+19.6,IA	+2.34,+270.5,+20.0,NB	+6.45,+31.7,+20.1,HA	+2.27,+279.9,+25.5,IB	+2.14,+286.9,+25.2,NB	+2.16,+286.1,+25.4,BB	
1701492731.9592376	+6.67,+19.1,+19.6,IA	+2.34,+270.5,+20.0,NB	+6.45,+31.7,+20.1,HA	+2.28,+279.3,+25.6,OB	+2.14,+287.2,+25.2,DB	+2.17,+285.5,+25.4,DB	
1701492793.9688373	+6.67,+19.1,+19.6,IA	+2.34,+270.5,+20.0,NB	+6.45,+31.7,+20.1,HA	+2.28,+279.3,+25.6,OB	+2.14,+287.4,+25.2,BB	+2.17,+285.6,+25.4,GB	
1701492855.9766796	+6.67,+19.1,+19.6,IA	+2.34,+270.5,+20.0,NB	+6.46,+31.6,+20.1,JA	+2.28,+279.4,+25.6,HB	+2.14,+287.2,+25.2,DB	+2.17,+285.5,+25.4,DB	
1701492917.986029	+6.67,+19.1,+19.6,IA	+2.34,+270.5,+20.0,NB	+6.45,+31.8,+20.1,GA	+2.28,+279.4,+25.5,KB	+2.14,+287.3,+25.2,EB	+2.17,+285.6,+25.4,GB	
1701492979.9961562	+6.67,+19.1,+19.6,IA	+2.34,+270.5,+20.0,NB	+6.45,+31.7,+20.1,HA	+2.25,+280.7,+25.6,@B	+2.13,+287.4,+25.2,EB	+2.17,+285.5,+25.4,DB	
1701493042.0052817	+6.67,+19.1,+19.6,IA	+2.34,+270.6,+20.0,MB	+6.45,+31.7,+20.1,HA	+2.27,+280.0,+25.5,FB	+2.14,+287.0,+25.2,FB	+2.15,+286.8,+25.3,OB	
1701493287.6130407	+6.67,+19.1,+19.7,HA	+2.34,+270.6,+20.0,MB	+6.45,+31.8,+20.1,GA	+2.26,+280.2,+25.6,FB	+2.15,+286.8,+25.2,NB	+2.15,+286.5,+25.4,EB	
1701493349.6162999	+6.67,+19.1,+19.7,HA	+2.34,+270.6,+20.0,MB	+6.45,+31.8,+20.1,GA	+2.28,+279.4,+25.6,HB	+2.13,+287.4,+25.2,EB	+2.17,+285.4,+25.3,BB	
1701493411.6247487	+6.67,+19.1,+19.6,IA	+2.34,+270.6,+20.0,MB	+6.45,+31.8,+20.1,GA	+2.26,+280.1,+25.6,EB	+2.14,+287.0,+25.2,FB	+2.16,+286.2,+25.4,AB	
1701493473.6356912	+6.67,+19.1,+19.7,HA	+2.34,+270.6,+20.0,MB	+6.45,+31.7,+20.1,HA	+2.28,+279.1,+25.6,MB	+2.13,+287.4,+25.2,EB	+2.17,+285.7,+25.4,FB	
1701493535.6431575	+6.67,+19.1,+19.7,HA	+2.34,+270.5,+20.0,NB	+6.45,+31.7,+20.1,HA	+2.27,+279.9,+25.5,IB	+2.15,+286.7,+25.2,AB	+2.14,+287.1,+25.3,FB	
1701493597.6538541	+6.67,+19.1,+19.7,HA	+2.34,+270.5,+20.0,NB	+6.45,+31.7,+20.1,HA	+2.28,+279.3,+25.5,LB	+2.14,+287.3,+25.2,EB	+2.17,+285.7,+25.3,AB	
1701493659.6615257	+6.67,+19.1,+19.7,HA	+2.34,+270.6,+20.0,MB	+6.45,+31.8,+20.1,GA	+2.27,+279.8,+25.6,KB	+2.14,+287.3,+25.2,EB	+2.17,+285.5,+25.4,DB	
1701493721.6702807	+6.67,+19.1,+19.7,HA	+2.34,+270.5,+20.0,NB	+6.45,+31.8,+20.1,GA	+2.28,+279.3,+25.6,OB	+2.14,+287.0,+25.2,FB	+2.16,+285.9,+25.4,IB	
1701493783.6779397	+6.67,+19.1,+19.7,HA	+2.34,+270.6,+20.0,MB	+6.45,+31.7,+20.1,HA	+2.26,+280.2,+25.6,FB	+2.15,+286.4,+25.2,BB	+2.14,+287.1,+25.3,FB	
1701493845.6856847	+6.67,+19.2,+19.7,KA	+2.34,+270.6,+20.0,MB	+6.45,+31.8,+20.1,GA	+2.28,+279.3,+25.5,LB	+2.14,+287.0,+25.2,FB	+2.17,+285.7,+25.4,FB	
1701493907.6948493	+6.67,+19.1,+19.7,HA	+2.34,+270.6,+20.0,MB	+6.45,+31.7,+20.1,HA	+2.27,+279.7,+25.6,DB	+2.15,+286.6,+25.2,@B	+2.14,+287.0,+25.4,@B	
1701493969.7033882	+6.67,+19.2,+19.7,KA	+2.34,+270.6,+20.0,MB	+6.45,+31.8,+20.1,GA	+2.27,+279.7,+25.5,GB	+2.14,+287.1,+25.2,GB	+2.16,+286.3,+25.4,@B	
1701494031.7127523	+6.67,+19.1,+19.7,HA	+2.34,+270.5,+20.0,NB	+6.45,+31.7,+20.1,HA	+2.27,+279.6,+25.6,EB	+2.14,+287.2,+25.2,DB	+2.16,+286.0,+25.4,CB	
1701494093.7211561	+6.67,+19.1,+19.7,HA	+2.34,+270.6,+20.0,MB	+6.45,+31.8,+20.1,GA	+2.29,+278.9,+25.6,EB	+2.15,+286.5,+25.2,CB	+2.15,+286.7,+25.4,GB	
1701494155.7302299	+6.67,+19.1,+19.7,HA	+2.34,+270.6,+20.0,MB	+6.45,+31.8,+20.1,GA	+2.29,+278.7,+25.5,HB	+2.15,+286.6,+25.2,@B	+2.16,+286.3,+25.4,@B	
1701494217.7388759	+6.67,+19.1,+19.7,HA	+2.34,+270.6,+20.0,MB	+6.45,+31.8,+20.1,GA	+2.28,+278.9,+25.6,DB	+2.14,+287.2,+25.2,DB	+2.17,+285.3,+25.4,BB	
1701494279.7480292	+6.67,+19.1,+19.7,HA	+2.34,+270.6,+20.0,MB	+6.45,+31.7,+20.1,HA	+2.29,+278.6,+25.5,IB	+2.15,+286.7,+25.2,AB	+2.16,+286.3,+25.3,GB	
1701494341.7548542	+6.67,+19.2,+19.7,KA	+2.34,+270.6,+20.0,MB	+6.45,+31.7,+20.1,HA	+2.27,+279.5,+25.6,FB	+2.13,+287.5,+25.2,DB	+2.16,+285.9,+25.4,IB	
1701494403.762225	+6.67,+19.1,+19.7,HA	+2.34,+270.5,+20.0,NB	+6.45,+31.8,+20.1,GA	+2.28,+279.2,+25.5,MB	+2.14,+287.3,+25.2,EB	+2.17,+285.5,+25.4,DB	
1701494465.7762983	+6.67,+19.1,+19.7,HA	+2.34,+270.6,+20.0,MB	+6.45,+31.7,+20.1,HA	+2.28,+278.9,+25.6,DB	+2.15,+286.7,+25.2,AB	+2.15,+287.0,+25.4,AB	
1701494527.7861567	+6.67,+19.2,+19.7,KA	+2.34,+270.6,+20.0,MB	+6.45,+31.8,+20.1,GA	+2.28,+279.2,+25.5,MB	+2.14,+287.2,+25.2,DB	+2.17,+285.4,+25.4,EB	
1701494589.7952497	+6.67,+19.2,+19.7,KA	+2.34,+270.6,+20.0,MB	+6.45,+31.8,+20.1,GA	+2.27,+279.7,+25.5,GB	+2.13,+287.4,+25.2,EB	+2.16,+286.1,+25.3,EB	
1701494651.804115	+6.67,+19.1,+19.7,HA	+2.34,+270.6,+20.0,MB	+6.45,+31.7,+20.1,HA	+2.29,+278.8,+25.5,GB	+2.15,+286.7,+25.2,AB	+2.17,+285.5,+25.4,DB	
1701494713.8136609	+6.67,+19.1,+19.7,HA	+2.34,+270.6,+20.0,MB	+6.45,+31.8,+20.1,GA	+2.28,+278.9,+25.6,DB	+2.15,+286.4,+25.2,BB	+2.14,+287.1,+25.4,AB	
1701494775.8195937	+6.67,+19.1,+19.7,HA	+2.34,+270.6,+20.0,MB	+6.45,+31.8,+20.1,GA	+2.28,+279.2,+25.5,MB	+2.15,+286.6,+25.2,@B	+2.14,+287.2,+25.4,BB	
1701494837.8299904	+6.67,+19.1,+19.7,HA	+2.34,+270.6,+20.0,MB	+6.45,+31.7,+20.2,KA	+2.28,+279.0,+25.5,OB	+2.15,+286.7,+25.2,AB	+2.14,+287.1,+25.4,AB	
1701494899.8381984	+6.67,+19.2,+19.7,KA	+2.34,+270.6,+20.0,MB	+6.45,+31.8,+20.2,DA	+2.28,+279.2,+25.6,NB	+2.14,+286.9,+25.2,NB	+2.14,+287.1,+25.4,AB	
1701494961.8468904	+6.67,+19.2,+19.7,KA	+2.34,+270.6,+20.0,MB	+6.45,+31.8,+20.1,GA	+2.28,+279.0,+25.6,LB	+2.15,+286.8,+25.2,NB	+2.17,+285.6,+25.4,GB	
1701495023.8548918	+6.67,+19.1,+19.7,HA	+2.34,+270.6,+20.0,MB	+6.45,+31.8,+20.1,GA	+2.27,+279.7,+25.6,DB	+2.14,+287.3,+25.2,EB	+2.14,+287.0,+25.4,@B	
1701495085.863546	+6.67,+19.2,+19.7,KA	+2.34,+270.6,+20.0,MB	+6.45,+31.8,+20.2,DA	+2.29,+278.7,+25.6,KB	+2.15,+286.7,+25.2,AB	+2.15,+286.6,+25.3,AB	
1701495147.8733087	+6.67,+19.2,+19.7,KA	+2.34,+270.6,+20.0,MB	+6.45,+31.8,+20.2,DA	+2.28,+278.9,+25.6,DB	+2.15,+286.7,+25.2,AB	+2.16,+286.0,+25.4,CB	
