62309060419	62309060427	62309060471	62309060472	62309060473	62309060475	
1700674181.1456146	+2.59,+255.5,+19.4,LB	+2.67,+251.4,+19.9,IB	+6.65,+20.3,+19.9,LA	+2.48,+267.3,+25.6,FB	+2.20,+283.4,+25.2,AB	+2.33,+276.0,+25.4,KB	
1700674243.1539526	+2.59,+255.6,+19.4,OB	+2.67,+251.4,+19.9,IB	+6.65,+20.2,+19.9,MA	+2.48,+267.3,+25.6,FB	+2.20,+283.7,+25.2,BB	+2.33,+276.1,+25.4,JB	
1700674305.1616213	+2.59,+255.5,+19.4,LB	+2.67,+251.4,+19.9,IB	+6.65,+20.2,+19.9,MA	+2.49,+266.8,+25.6,MB	+2.20,+283.7,+25.2,BB	+2.34,+275.3,+25.3,KB	
1700674367.170279	+2.59,+255.6,+19.4,OB	+2.67,+251.4,+19.9,IB	+6.65,+20.2,+19.9,MA	+2.48,+267.4,+25.6,AB	+2.20,+283.7,+25.2,BB	+2.33,+275.9,+25.4,AB	
1700674429.1771884	+2.59,+255.6,+19.4,OB	+2.67,+251.4,+19.9,IB	+6.65,+20.2,+19.9,MA	+2.48,+267.1,+25.6,DB	+2.21,+283.1,+25.2,EB	+2.33,+275.8,+25.4,@B	
1700674491.1847777	+2.59,+255.6,+19.4,OB	+2.67,+251.4,+19.9,IB	+6.65,+20.2,+19.9,MA	+2.49,+266.9,+25.5,OB	+2.20,+283.6,+25.2,CB	+2.33,+275.8,+25.4,@B	
1700674553.193517	+2.59,+255.6,+19.4,OB	+2.67,+251.4,+19.9,IB	+6.65,+20.2,+19.9,MA	+2.50,+266.2,+25.6,OB	+2.20,+283.7,+25.2,BB	+2.34,+275.2,+25.4,MB	
1700674615.2038007	+2.59,+255.6,+19.4,OB	+2.67,+251.4,+19.9,IB	+6.65,+20.2,+19.9,MA	+2.50,+266.2,+25.6,OB	+2.21,+282.8,+25.2,MB	+2.34,+275.3,+25.4,LB	
1700674677.2122564	+2.59,+255.5,+19.4,LB	+2.67,+251.4,+19.9,IB	+6.65,+20.3,+19.9,LA	+2.51,+265.6,+25.6,IB	+2.20,+283.4,+25.2,AB	+2.35,+274.8,+25.3,@B	
1700674922.7497962	+2.59,+255.6,+19.4,OB	+2.67,+251.5,+19.9,HB	+6.65,+20.2,+19.9,MA	+2.50,+265.9,+25.5,DB	+2.21,+283.2,+25.2,FB	+2.33,+276.0,+25.4,KB	
1700674984.7592652	+2.59,+255.6,+19.4,OB	+2.67,+251.5,+19.9,HB	+6.65,+20.2,+19.9,MA	+2.51,+265.8,+25.6,GB	+2.21,+282.9,+25.2,LB	+2.33,+275.9,+25.4,AB	
1700675046.7689898	+2.59,+255.6,+19.4,OB	+2.67,+251.4,+19.9,IB	+6.65,+20.2,+19.9,MA	+2.49,+266.6,+25.6,CB	+2.20,+283.6,+25.2,CB	+2.34,+275.4,+25.4,KB	
1700675108.778969	+2.59,+255.6,+19.4,OB	+2.67,+251.4,+19.9,IB	+6.65,+20.2,+19.9,MA	+2.49,+266.6,+25.5,@B	+2.21,+283.2,+25.2,FB	+2.35,+274.7,+25.4,HB	
1700675170.7887826	+2.59,+255.6,+19.4,OB	+2.67,+251.4,+19.9,IB	+6.65,+20.2,+19.9,MA	+2.51,+265.8,+25.5,DB	+2.21,+283.0,+25.2,DB	+2.33,+276.1,+25.4,JB	
1700675232.798906	+2.59,+255.5,+19.4,LB	+2.67,+251.5,+19.9,HB	+6.65,+20.2,+19.9,MA	+2.49,+267.0,+25.5,GB	+2.20,+283.5,+25.2,@B	+2.34,+275.3,+25.4,LB	
1700675294.8060565	+2.59,+255.6,+19.4,OB	+2.67,+251.4,+19.9,IB	+6.65,+20.2,+19.9,MA	+2.50,+266.1,+25.5,OB	+2.21,+283.1,+25.2,EB	+2.33,+276.1,+25.4,JB	
1700675356.8152227	+2.59,+255.6,+19.4,OB	+2.67,+251.4,+19.9,IB	+6.65,+20.2,+19.9,MA	+2.49,+266.8,+25.6,MB	+2.20,+283.4,+25.2,AB	+2.35,+274.7,+25.4,HB	
1700675418.823123	+2.59,+255.6,+19.4,OB	+2.67,+251.4,+19.9,IB	+6.65,+20.2,+19.9,MA	+2.49,+266.9,+25.5,OB	+2.20,+283.6,+25.2,CB	+2.34,+275.5,+25.4,JB	
1700675480.8323166	+2.59,+255.6,+19.4,OB	+2.67,+251.4,+19.9,IB	+6.65,+20.2,+19.9,MA	+2.49,+266.5,+25.5,CB	+2.20,+283.3,+25.2,FB	+2.35,+275.0,+25.4,NB	
1700675542.8420272	+2.59,+255.6,+19.4,OB	+2.67,+251.4,+19.9,IB	+6.65,+20.2,+19.9,MA	+2.48,+267.2,+25.6,GB	+2.20,+283.7,+25.2,BB	+2.35,+274.8,+25.3,@B	
1700675604.8523362	+2.59,+255.6,+19.4,OB	+2.67,+251.5,+19.9,HB	+6.65,+20.2,+19.9,MA	+2.48,+267.2,+25.6,GB	+2.20,+283.7,+25.2,BB	+2.35,+274.8,+25.4,GB	
1700675666.8611522	+2.59,+255.6,+19.4,OB	+2.67,+251.4,+19.9,IB	+6.65,+20.1,+19.9,NA	+2.48,+267.3,+25.6,FB	+2.20,+283.6,+25.2,CB	+2.34,+275.4,+25.4,KB	
1700675728.8720949	+2.59,+255.6,+19.4,OB	+2.67,+251.5,+19.9,HB	+6.65,+20.2,+19.9,MA	+2.48,+267.3,+25.6,FB	+2.20,+283.5,+25.2,@B	+2.34,+275.7,+25.4,HB	
1700675790.8809655	+2.59,+255.6,+19.4,OB	+2.67,+251.4,+19.9,IB	+6.65,+20.2,+19.9,MA	+2.48,+267.2,+25.6,GB	+2.20,+283.7,+25.2,BB	+2.35,+275.0,+25.4,NB	
1700675852.8914695	+2.59,+255.6,+19.4,OB	+2.67,+251.4,+19.9,IB	+6.65,+20.2,+19.9,MA	+2.49,+266.5,+25.6,@B	+2.21,+282.9,+25.2,LB	+2.32,+276.4,+25.4,NB	
1700675914.9031303	+2.59,+255.6,+19.4,OB	+2.67,+251.5,+19.9,HB	+6.65,+20.2,+19.9,MA	+2.48,+267.5,+25.5,CB	+2.20,+283.3,+25.2,FB	+2.34,+275.6,+25.4,IB	
1700675976.9118636	+2.59,+255.6,+19.4,OB	+2.67,+251.5,+19.9,HB	+6.65,+20.2,+19.9,MA	+2.49,+266.8,+25.5,NB	+2.21,+283.0,+25.2,DB	+2.32,+276.4,+25.4,NB	
1700676038.921802	+2.59,+255.6,+19.4,OB	+2.67,+251.4,+19.9,IB	+6.65,+20.1,+19.9,NA	+2.49,+266.5,+25.6,@B	+2.20,+283.4,+25.2,AB	+2.34,+275.1,+25.3,IB	
1700676100.9323483	+2.59,+255.6,+19.4,OB	+2.67,+251.5,+19.9,HB	+6.65,+20.1,+19.9,NA	+2.47,+267.8,+25.6,BB	+2.20,+283.4,+25.2,AB	+2.35,+274.8,+25.4,GB	
1700676162.9414308	+2.59,+255.6,+19.4,OB	+2.67,+251.5,+19.9,HB	+6.65,+20.2,+19.9,MA	+2.48,+267.3,+25.6,FB	+2.20,+283.7,+25.2,BB	+2.36,+274.5,+25.4,IB	
1700676224.9535341	+2.59,+255.6,+19.4,OB	+2.67,+251.5,+19.9,HB	+6.65,+20.2,+19.9,MA	+2.48,+267.0,+25.6,EB	+2.20,+283.6,+25.2,CB	+2.35,+274.7,+25.4,HB	
1700676286.9603155	+2.59,+255.6,+19.4,OB	+2.67,+251.5,+19.9,HB	+6.65,+20.1,+19.9,NA	+2.49,+266.5,+25.5,CB	+2.20,+283.8,+25.2,MB	+2.36,+274.5,+25.4,IB	
1700676348.9681118	+2.59,+255.6,+19.4,OB	+2.67,+251.5,+19.9,HB	+6.65,+20.2,+19.9,MA	+2.48,+267.2,+25.6,GB	+2.20,+283.6,+25.2,CB	+2.35,+274.9,+25.4,FB	
1700676410.9752994	+2.59,+255.6,+19.4,OB	+2.67,+251.5,+19.9,HB	+6.65,+20.2,+19.9,MA	+2.50,+266.2,+25.6,OB	+2.20,+283.7,+25.2,BB	+2.35,+274.8,+25.4,GB	
1700676472.983138	+2.59,+255.6,+19.4,OB	+2.67,+251.5,+19.9,HB	+6.65,+20.2,+19.9,MA	+2.49,+266.5,+25.5,CB	+2.21,+283.0,+25.2,DB	+2.32,+276.5,+25.4,OB	
1700676534.9994678	+2.59,+255.6,+19.4,OB	+2.66,+251.5,+19.9,IB	+6.65,+20.2,+19.9,MA	+2.50,+265.9,+25.6,GB	+2.20,+283.6,+25.2,CB	+2.33,+275.9,+25.4,AB	
1700676597.0069356	+2.59,+255.6,+19.4,OB	+2.67,+251.5,+19.9,HB	+6.65,+20.2,+19.9,MA	+2.50,+266.2,+25.6,OB	+2.20,+283.5,+25.2,@B	+2.35,+274.9,+25.4,FB	
1700676659.0172493	+2.59,+255.6,+19.4,OB	+2.67,+251.5,+19.9,HB	+6.65,+20.2,+19.9,MA	+2.48,+267.1,+25.6,DB	+2.21,+283.2,+25.2,FB	+2.35,+275.0,+25.4,NB	
1700676721.0252147	+2.59,+255.6,+19.4,OB	+2.66,+251.5,+19.9,IB	+6.65,+20.2,+19.9,MA	+2.49,+266.8,+25.6,MB	+2.20,+283.4,+25.2,AB	+2.36,+274.3,+25.3,HB	
1700676783.034199	+2.59,+255.6,+19.4,OB	+2.67,+251.5,+19.9,HB	+6.65,+20.2,+19.9,MA	+2.50,+266.1,+25.5,OB	+2.20,+283.5,+25.2,@B	+2.35,+274.9,+25.4,FB	
1700676845.0420904	+2.59,+255.6,+19.4,OB	+2.66,+251.5,+19.9,IB	+6.65,+20.2,+19.9,MA	+2.48,+267.2,+25.5,DB	+2.21,+282.8,+25.2,MB	+2.35,+275.1,+25.4,OB	
1700676907.0512567	+2.59,+255.6,+19.4,OB	+2.67,+251.5,+19.9,HB	+6.65,+20.2,+19.9,MA	+2.49,+267.0,+25.6,DB	+2.21,+283.1,+25.2,EB	+2.36,+274.4,+25.4,HB	
1700676969.0620792	+2.59,+255.6,+19.4,OB	+2.67,+251.5,+19.9,HB	+6.65,+20.2,+19.9,MA	+2.49,+266.6,+25.5,@B	+2.21,+283.2,+25.2,FB	+2.36,+274.4,+25.3,OB	
1700677031.0678823	+2.59,+255.6,+19.4,OB	+2.66,+251.5,+19.9,IB	+6.65,+20.2,+19.9,MA	+2.51,+265.7,+25.6,HB	+2.20,+283.4,+25.2,AB	+2.35,+274.9,+25.4,FB	
1700677093.0784726	+2.59,+255.6,+19.4,OB	+2.66,+251.6,+19.9,JB	+6.65,+20.2,+19.9,MA	+2.50,+266.2,+25.6,OB	+2.21,+283.1,+25.2,EB	+2.35,+274.5,+25.3,MB	
1700677155.0882316	+2.59,+255.6,+19.4,OB	+2.66,+251.6,+19.9,JB	+6.65,+20.2,+19.9,MA	+2.50,+266.1,+25.5,OB	+2.21,+282.9,+25.2,LB	+2.33,+276.0,+25.3,LB	
1700677217.0963643	+2.59,+255.6,+19.4,OB	+2.66,+251.6,+19.9,JB	+6.65,+20.2,+19.9,MA	+2.51,+265.8,+25.6,GB	+2.20,+283.3,+25.2,FB	+2.34,+275.3,+25.3,KB	
1700677279.1030304	+2.59,+255.6,+19.4,OB	+2.66,+251.5,+19.9,IB	+6.65,+20.2,+19.9,MA	+2.49,+266.5,+25.6,@B	+2.21,+282.8,+25.2,MB	+2.35,+274.8,+25.4,GB	
1700677341.110934	+2.59,+255.6,+19.4,OB	+2.66,+251.5,+19.9,IB	+6.65,+20.2,+19.9,MA	+2.50,+266.3,+25.6,NB	+2.21,+283.0,+25.2,DB	+2.32,+276.4,+25.4,NB	
1700677403.1198869	+2.59,+255.7,+19.4,NB	+2.66,+251.6,+19.9,JB	+6.65,+20.1,+19.9,NA	+2.49,+267.0,+25.6,DB	+2.22,+282.4,+25.2,BB	+2.34,+275.6,+25.4,IB	
1700677465.127605	+2.59,+255.6,+19.4,OB	+2.66,+251.5,+19.9,IB	+6.65,+20.2,+20.0,NA	+2.48,+267.3,+25.6,FB	+2.22,+282.5,+25.2,CB	+2.32,+276.5,+25.4,OB	
1700677527.136607	+2.59,+255.7,+19.4,NB	+2.66,+251.5,+19.9,IB	+6.65,+20.1,+19.9,NA	+2.48,+267.1,+25.6,DB	+2.22,+282.4,+25.2,BB	+2.33,+276.1,+25.4,JB	
1700677589.1416435	+2.59,+255.6,+19.4,OB	+2.66,+251.6,+19.9,JB	+6.65,+20.1,+19.9,NA	+2.49,+266.6,+25.6,CB	+2.21,+282.7,+25.2,BB	+2.31,+277.0,+25.4,HB	
1700677651.1474316	+2.59,+255.6,+19.4,OB	+2.66,+251.6,+19.9,JB	+6.65,+20.2,+19.9,MA	+2.51,+265.5,+25.5,IB	+2.21,+283.2,+25.2,FB	+2.34,+275.7,+25.4,HB	
1700677713.1554556	+2.59,+255.6,+19.4,OB	+2.66,+251.6,+19.9,JB	+6.65,+20.1,+19.9,NA	+2.49,+267.0,+25.6,DB	+2.22,+282.5,+25.2,CB	+2.34,+275.2,+25.4,MB	
1700677775.1634188	+2.59,+255.6,+19.4,OB	+2.66,+251.6,+19.9,JB	+6.65,+20.1,+19.9,NA	+2.49,+266.6,+25.6,CB	+2.21,+283.0,+25.2,DB	+2.33,+276.0,+25.4,KB	
1700677837.169859	+2.59,+255.7,+19.4,NB	+2.66,+251.6,+19.9,JB	+6.65,+20.1,+19.9,NA	+2.51,+265.7,+25.6,HB	+2.21,+282.9,+25.2,LB	+2.36,+274.5,+25.4,IB	
1700677899.178803	+2.59,+255.7,+19.4,NB	+2.66,+251.6,+19.9,JB	+6.65,+20.1,+19.9,NA	+2.50,+265.9,+25.5,DB	+2.20,+283.3,+25.2,FB	+2.34,+275.4,+25.3,LB	
1700677961.1879592	+2.59,+255.7,+19.4,NB	+2.66,+251.6,+19.9,JB	+6.65,+20.2,+19.9,MA	+2.51,+265.8,+25.6,GB	+2.21,+283.0,+25.2,DB	+2.35,+275.0,+25.4,NB	
1700678023.1983173	+2.59,+255.7,+19.4,NB	+2.66,+251.6,+19.9,JB	+6.65,+20.1,+19.9,NA	+2.49,+266.9,+25.6,LB	+2.21,+283.0,+25.2,DB	+2.33,+275.8,+25.4,@B	
1700678085.206534	+2.59,+255.7,+19.4,NB	+2.66,+251.6,+19.9,JB	+6.65,+20.1,+19.9,NA	+2.50,+266.4,+25.5,JB	+2.21,+283.0,+25.2,DB	+2.33,+275.8,+25.4,@B	
1700678147.2161725	+2.59,+255.7,+19.4,NB	+2.66,+251.6,+19.9,JB	+6.65,+20.2,+19.9,MA	+2.49,+266.9,+25.6,LB	+2.22,+282.4,+25.2,BB	+2.34,+275.2,+25.4,MB	
1700678209.2225287	+2.59,+255.7,+19.4,NB	+2.66,+251.7,+19.9,KB	+6.65,+20.1,+19.9,NA	+2.50,+266.0,+25.5,NB	+2.22,+282.4,+25.2,BB	+2.35,+274.6,+25.4,IB	
1700678271.2295809	+2.59,+255.7,+19.4,NB	+2.66,+251.6,+19.9,JB	+6.65,+20.1,+19.9,NA	+2.49,+266.8,+25.6,MB	+2.22,+282.4,+25.2,BB	+2.35,+274.9,+25.4,FB	
1700678333.2343304	+2.59,+255.7,+19.4,NB	+2.66,+251.6,+19.9,JB	+6.65,+20.1,+19.9,NA	+2.50,+266.3,+25.5,MB	+2.22,+282.4,+25.2,BB	+2.35,+274.7,+25.3,OB	
1700678395.2451603	+2.59,+255.7,+19.4,NB	+2.66,+251.6,+19.9,JB	+6.65,+20.1,+19.9,NA	+2.49,+266.8,+25.6,MB	+2.21,+283.2,+25.2,FB	+2.33,+275.9,+25.4,AB	
1700678457.250968	+2.59,+255.7,+19.4,NB	+2.66,+251.6,+19.9,JB	+6.65,+20.1,+19.9,NA	+2.50,+266.2,+25.6,OB	+2.21,+282.8,+25.2,MB	+2.34,+275.3,+25.4,LB	
1700678519.2599616	+2.59,+255.7,+19.4,NB	+2.66,+251.7,+19.9,KB	+6.65,+20.1,+20.0,MA	+2.50,+265.8,+25.5,EB	+2.22,+282.5,+25.2,CB	+2.35,+274.9,+25.4,FB	
1700678764.8703005	+2.59,+255.7,+19.4,NB	+2.66,+251.6,+19.9,JB	+6.65,+20.1,+20.0,MA	+2.50,+266.3,+25.5,MB	+2.22,+282.5,+25.2,CB	+2.35,+274.9,+25.4,FB	
1700678826.8756962	+2.59,+255.7,+19.4,NB	+2.66,+251.6,+19.9,JB	+6.65,+20.1,+19.9,NA	+2.49,+266.6,+25.6,CB	+2.21,+283.0,+25.2,DB	+2.33,+276.1,+25.3,MB	
1700678888.885442	+2.59,+255.7,+19.4,NB	+2.66,+251.6,+19.9,JB	+6.65,+20.1,+19.9,NA	+2.48,+267.1,+25.5,GB	+2.21,+283.2,+25.2,FB	+2.32,+276.5,+25.4,OB	
1700678950.8955433	+2.58,+255.7,+19.4,OB	+2.66,+251.7,+19.9,KB	+6.65,+20.1,+19.9,NA	+2.49,+266.9,+25.5,OB	+2.21,+283.2,+25.2,FB	+2.32,+276.4,+25.4,NB	
1700679012.9035466	+2.59,+255.7,+19.4,NB	+2.66,+251.7,+19.9,KB	+6.65,+20.1,+20.0,MA	+2.50,+266.1,+25.6,LB	+2.22,+282.6,+25.2,@B	+2.34,+275.6,+25.4,IB	
1700679074.9141998	+2.59,+255.7,+19.4,NB	+2.66,+251.7,+19.9,KB	+6.65,+20.1,+19.9,NA	+2.49,+266.6,+25.5,@B	+2.21,+282.9,+25.2,LB	+2.32,+276.4,+25.3,IB	
1700679136.9225874	+2.59,+255.7,+19.4,NB	+2.66,+251.7,+19.9,KB	+6.65,+20.2,+19.9,MA	+2.49,+267.0,+25.5,GB	+2.21,+283.1,+25.2,EB	+2.32,+276.5,+25.4,OB	
1700679198.9323046	+2.59,+255.7,+19.4,NB	+2.66,+251.7,+19.9,KB	+6.65,+20.1,+19.9,NA	+2.49,+266.8,+25.5,NB	+2.21,+282.9,+25.2,LB	+2.33,+276.0,+25.3,LB	
1700679260.9398513	+2.59,+255.7,+19.4,NB	+2.66,+251.7,+19.9,KB	+6.65,+20.1,+19.9,NA	+2.50,+266.0,+25.5,NB	+2.22,+282.6,+25.2,@B	+2.34,+275.3,+25.4,LB	
1700679322.9485986	+2.58,+255.7,+19.4,OB	+2.66,+251.7,+19.9,KB	+6.65,+20.2,+20.0,NA	+2.49,+266.6,+25.5,@B	+2.21,+283.2,+25.2,FB	+2.33,+276.1,+25.4,JB	
1700679384.9591503	+2.58,+255.7,+19.4,OB	+2.66,+251.7,+19.9,KB	+6.65,+20.1,+20.0,MA	+2.51,+265.7,+25.5,KB	+2.22,+282.4,+25.2,BB	+2.35,+274.8,+25.4,GB	
1700679446.9668357	+2.58,+255.8,+19.4,@B	+2.66,+251.7,+19.9,KB	+6.65,+20.1,+20.0,MA	+2.49,+266.5,+25.6,@B	+2.21,+283.1,+25.2,EB	+2.32,+276.5,+25.3,HB	
1700679508.9757152	+2.58,+255.8,+19.4,@B	+2.66,+251.7,+19.9,KB	+6.65,+20.1,+20.0,MA	+2.49,+266.6,+25.6,CB	+2.20,+283.2,+25.2,GB	+2.32,+276.8,+25.4,BB	
1700679570.9854589	+2.58,+255.7,+19.4,OB	+2.66,+251.7,+19.9,KB	+6.65,+20.2,+20.0,NA	+2.49,+266.7,+25.6,BB	+2.21,+283.1,+25.2,EB	+2.32,+276.7,+25.4,MB	
1700679632.9947503	+2.58,+255.7,+19.4,OB	+2.66,+251.7,+19.9,KB	+6.65,+20.1,+20.0,MA	+2.50,+266.2,+25.5,LB	+2.22,+282.4,+25.2,BB	+2.33,+275.8,+25.4,@B	
1700679695.002975	+2.58,+255.8,+19.4,@B	+2.66,+251.8,+19.9,DB	+6.65,+20.1,+20.0,MA	+2.51,+265.9,+25.6,FB	+2.21,+283.0,+25.2,DB	+2.34,+275.6,+25.4,IB	
1700679757.0123134	+2.58,+255.8,+19.4,@B	+2.66,+251.7,+19.9,KB	+6.65,+20.2,+20.0,NA	+2.51,+265.5,+25.5,IB	+2.22,+282.3,+25.2,EB	+2.34,+275.4,+25.4,KB	
1700679819.0227747	+2.59,+255.7,+19.4,NB	+2.66,+251.7,+19.9,KB	+6.65,+20.1,+20.0,MA	+2.51,+265.6,+25.5,JB	+2.22,+282.4,+25.2,BB	+2.34,+275.2,+25.4,MB	
1700679881.0330334	+2.58,+255.8,+19.4,@B	+2.66,+251.7,+19.9,KB	+6.65,+20.1,+20.0,MA	+2.51,+265.8,+25.6,GB	+2.21,+282.8,+25.2,MB	+2.34,+275.6,+25.4,IB	
1700679943.0415447	+2.58,+255.8,+19.4,@B	+2.66,+251.7,+19.9,KB	+6.65,+20.1,+20.0,MA	+2.51,+265.7,+25.6,HB	+2.22,+282.4,+25.2,BB	+2.34,+275.2,+25.4,MB	
1700680005.05296	+2.58,+255.8,+19.4,@B	+2.66,+251.8,+19.9,DB	+6.65,+20.1,+20.0,MA	+2.51,+265.7,+25.6,HB	+2.22,+282.4,+25.2,BB	+2.35,+275.1,+25.4,OB	
1700680067.0632038	+2.58,+255.8,+19.4,@B	+2.66,+251.8,+19.9,DB	+6.65,+20.1,+20.0,MA	+2.49,+266.9,+25.6,LB	+2.21,+282.8,+25.2,MB	+2.32,+276.4,+25.4,NB	
1700680129.0721018	+2.58,+255.8,+19.4,@B	+2.66,+251.7,+19.9,KB	+6.65,+20.1,+20.0,MA	+2.51,+265.8,+25.6,GB	+2.22,+282.5,+25.2,CB	+2.35,+274.9,+25.4,FB	
1700680191.0798433	+2.58,+255.8,+19.4,@B	+2.66,+251.7,+19.9,KB	+6.65,+20.1,+20.0,MA	+2.49,+266.6,+25.6,CB	+2.21,+282.8,+25.2,MB	+2.33,+276.2,+25.4,IB	
1700680253.0902634	+2.58,+255.8,+19.4,@B	+2.66,+251.8,+19.9,DB	+6.65,+20.1,+20.0,MA	+2.49,+266.8,+25.5,NB	+2.23,+281.9,+25.2,MB	+2.33,+276.1,+25.3,MB	
1700680315.101437	+2.58,+255.8,+19.4,@B	+2.66,+251.8,+19.9,DB	+6.65,+20.1,+20.0,MA	+2.50,+266.4,+25.5,JB	+2.22,+282.2,+25.2,DB	+2.34,+275.5,+25.4,JB	
1700680377.1116447	+2.58,+255.8,+19.4,@B	+2.66,+251.8,+19.9,DB	+6.65,+20.2,+20.0,NA	+2.50,+266.0,+25.6,MB	+2.22,+282.5,+25.2,CB	+2.35,+275.1,+25.4,OB	
1700680439.1220129	+2.58,+255.8,+19.4,@B	+2.66,+251.8,+19.9,DB	+6.65,+20.1,+20.0,MA	+2.48,+267.4,+25.6,AB	+2.22,+282.1,+25.2,GB	+2.32,+276.4,+25.4,NB	
1700680501.1308608	+2.58,+255.8,+19.4,@B	+2.66,+251.8,+19.9,DB	+6.65,+20.1,+20.0,MA	+2.49,+266.5,+25.6,@B	+2.22,+282.3,+25.2,EB	+2.35,+275.0,+25.4,NB	
1700680563.1378288	+2.58,+255.8,+19.4,@B	+2.66,+251.8,+19.9,DB	+6.65,+20.1,+20.0,MA	+2.49,+266.5,+25.6,@B	+2.22,+282.6,+25.2,@B	+2.34,+275.7,+25.4,HB	
1700680625.1472182	+2.58,+255.9,+19.4,AB	+2.66,+251.8,+19.9,DB	+6.65,+20.2,+20.0,NA	+2.50,+266.3,+25.6,NB	+2.22,+282.3,+25.2,EB	+2.35,+274.9,+25.4,FB	
1700680687.1568007	+2.58,+255.8,+19.4,@B	+2.66,+251.8,+19.9,DB	+6.65,+20.2,+20.0,NA	+2.48,+267.2,+25.6,GB	+2.23,+282.0,+25.2,GB	+2.33,+276.1,+25.4,JB	
1700680749.1659684	+2.58,+255.8,+19.4,@B	+2.66,+251.8,+19.9,DB	+6.65,+20.2,+20.0,NA	+2.48,+267.3,+25.6,FB	+2.23,+281.9,+25.2,MB	+2.33,+275.7,+25.4,OB	
1700680811.174013	+2.58,+255.9,+19.4,AB	+2.66,+251.8,+19.9,DB	+6.65,+20.2,+20.0,NA	+2.49,+266.7,+25.6,BB	+2.22,+282.2,+25.2,DB	+2.34,+275.6,+25.4,IB	
1700680873.1806252	+2.58,+255.9,+19.4,AB	+2.66,+251.8,+19.9,DB	+6.65,+20.2,+20.0,NA	+2.49,+266.8,+25.6,MB	+2.23,+282.0,+25.2,GB	+2.34,+275.2,+25.4,MB	
1700680935.1912565	+2.58,+255.8,+19.4,@B	+2.66,+251.8,+19.9,DB	+6.65,+20.1,+20.0,MA	+2.49,+266.7,+25.6,BB	+2.22,+282.2,+25.2,DB	+2.35,+274.8,+25.4,GB	
1700680997.2000885	+2.58,+255.9,+19.4,AB	+2.66,+251.8,+19.9,DB	+6.65,+20.2,+20.0,NA	+2.49,+266.9,+25.6,LB	+2.22,+282.1,+25.2,GB	+2.35,+274.8,+25.3,@B	
1700681059.2134793	+2.58,+255.8,+19.4,@B	+2.66,+251.8,+19.9,DB	+6.65,+20.2,+20.0,NA	+2.48,+267.5,+25.6,@B	+2.23,+281.8,+25.2,LB	+2.33,+276.1,+25.3,MB	
1700681121.223279	+2.58,+255.9,+19.4,AB	+2.66,+251.9,+19.9,EB	+6.65,+20.1,+20.0,MA	+2.50,+266.3,+25.6,NB	+2.22,+282.5,+25.2,CB	+2.35,+274.7,+25.4,HB	
1700681183.2325406	+2.58,+255.9,+19.4,AB	+2.66,+251.8,+19.9,DB	+6.65,+20.1,+20.0,MA	+2.50,+266.4,+25.5,JB	+2.22,+282.2,+25.2,DB	+2.33,+276.1,+25.4,JB	
1700681245.2415526	+2.58,+255.8,+19.4,@B	+2.66,+251.8,+19.9,DB	+6.65,+20.1,+20.0,MA	+2.48,+267.1,+25.6,DB	+2.22,+282.1,+25.2,GB	+2.34,+275.6,+25.4,IB	
1700681307.250517	+2.58,+255.9,+19.4,AB	+2.66,+251.9,+19.9,EB	+6.65,+20.2,+20.0,NA	+2.49,+266.6,+25.6,CB	+2.23,+282.0,+25.2,GB	+2.32,+276.5,+25.4,OB	
1700681369.2608643	+2.58,+255.8,+19.4,@B	+2.66,+251.9,+19.9,EB	+6.65,+20.2,+20.0,NA	+2.49,+266.8,+25.6,MB	+2.22,+282.1,+25.2,GB	+2.33,+276.2,+25.4,IB	
1700681431.2713923	+2.58,+255.9,+19.4,AB	+2.66,+251.9,+19.9,EB	+6.65,+20.2,+20.0,NA	+2.51,+265.7,+25.6,HB	+2.22,+282.5,+25.2,CB	+2.34,+275.5,+25.4,JB	
1700681493.281629	+2.58,+255.9,+19.4,AB	+2.66,+251.8,+19.9,DB	+6.65,+20.1,+20.0,MA	+2.49,+266.6,+25.6,CB	+2.23,+281.7,+25.2,CB	+2.32,+276.8,+25.3,EB	
1700681555.29119	+2.58,+255.9,+19.4,AB	+2.66,+251.9,+19.9,EB	+6.65,+20.1,+20.0,MA	+2.49,+266.5,+25.5,CB	+2.23,+281.7,+25.2,CB	+2.31,+277.1,+25.4,IB	
1700681617.300793	+2.58,+255.9,+19.4,AB	+2.66,+251.8,+19.9,DB	+6.65,+20.2,+20.0,NA	+2.48,+267.4,+25.5,BB	+2.23,+281.9,+25.2,MB	+2.33,+276.0,+25.4,KB	
1700681679.3104153	+2.58,+255.9,+19.4,AB	+2.66,+251.9,+19.9,EB	+6.65,+20.1,+20.0,MA	+2.50,+265.9,+25.6,GB	+2.23,+282.0,+25.2,GB	+2.33,+275.9,+25.4,AB	
1700681741.3200138	+2.58,+255.9,+19.4,AB	+2.66,+251.9,+19.9,EB	+6.65,+20.2,+20.0,NA	+2.50,+266.1,+25.6,LB	+2.23,+282.0,+25.2,GB	+2.33,+276.2,+25.4,IB	
1700681803.3279283	+2.58,+255.9,+19.4,AB	+2.66,+251.9,+19.9,EB	+6.65,+20.2,+20.0,NA	+2.50,+266.0,+25.5,NB	+2.23,+282.0,+25.2,GB	+2.33,+276.0,+25.4,KB	
1700681865.338359	+2.58,+255.9,+19.4,AB	+2.66,+251.9,+19.9,EB	+6.65,+20.2,+20.0,NA	+2.49,+266.7,+25.6,BB	+2.23,+281.8,+25.2,LB	+2.32,+276.7,+25.3,JB	
1700681927.347504	+2.58,+255.9,+19.4,AB	+2.66,+251.9,+19.9,EB	+6.65,+20.1,+20.0,MA	+2.49,+266.9,+25.6,LB	+2.23,+281.9,+25.2,MB	+2.33,+276.0,+25.3,LB	
1700681989.3567	+2.58,+255.9,+19.4,AB	+2.66,+251.9,+19.9,EB	+6.65,+20.1,+20.0,MA	+2.48,+267.3,+25.6,FB	+2.22,+282.3,+25.2,EB	+2.34,+275.6,+25.3,NB	
1700682051.3643146	+2.58,+255.9,+19.4,AB	+2.66,+251.9,+19.9,EB	+6.65,+20.2,+20.0,NA	+2.48,+267.1,+25.6,DB	+2.22,+282.5,+25.2,CB	+2.34,+275.1,+25.3,IB	
1700682113.3688946	+2.58,+255.9,+19.4,AB	+2.66,+251.9,+19.9,EB	+6.65,+20.2,+20.0,NA	+2.48,+267.2,+25.6,GB	+2.21,+282.7,+25.2,BB	+2.34,+275.2,+25.4,MB	
1700682175.3761427	+2.58,+255.9,+19.4,AB	+2.66,+251.9,+19.9,EB	+6.65,+20.2,+20.0,NA	+2.48,+267.1,+25.6,DB	+2.23,+281.9,+25.2,MB	+2.32,+276.5,+25.4,OB	
1700682237.3857152	+2.58,+255.9,+19.4,AB	+2.66,+251.8,+19.9,DB	+6.65,+20.2,+20.0,NA	+2.50,+266.0,+25.6,MB	+2.23,+282.0,+25.2,GB	+2.33,+275.8,+25.4,@B	
1700682299.3915455	+2.58,+255.9,+19.4,AB	+2.66,+251.9,+19.9,EB	+6.65,+20.1,+20.0,MA	+2.48,+267.3,+25.6,FB	+2.22,+282.6,+25.2,@B	+2.35,+275.0,+25.4,NB	
1700682361.4003117	+2.58,+255.9,+19.4,AB	+2.66,+251.9,+19.9,EB	+6.65,+20.1,+20.0,MA	+2.50,+266.4,+25.6,IB	+2.21,+282.8,+25.2,MB	+2.35,+274.9,+25.4,FB	
1700682606.9540198	+2.58,+255.9,+19.4,AB	+2.66,+251.9,+19.9,EB	+6.65,+20.2,+20.0,NA	+2.49,+266.6,+25.6,CB	+2.23,+282.0,+25.2,GB	+2.36,+274.5,+25.4,IB	
1700682668.9646215	+2.58,+255.9,+19.4,AB	+2.66,+251.9,+19.9,EB	+6.65,+20.2,+20.0,NA	+2.49,+266.6,+25.6,CB	+2.23,+282.0,+25.2,GB	+2.33,+276.2,+25.4,IB	
1700682730.9749486	+2.58,+255.9,+19.4,AB	+2.66,+251.9,+19.9,EB	+6.65,+20.2,+20.0,NA	+2.50,+266.1,+25.6,LB	+2.23,+281.6,+25.2,BB	+2.34,+275.6,+25.4,IB	
1700682792.9839401	+2.58,+255.9,+19.4,AB	+2.66,+251.9,+19.9,EB	+6.65,+20.2,+20.0,NA	+2.48,+267.2,+25.6,GB	+2.22,+282.4,+25.2,BB	+2.33,+276.2,+25.4,IB	
1700682854.991024	+2.58,+256.0,+19.4,KB	+2.66,+252.0,+19.9,OB	+6.65,+20.2,+20.0,NA	+2.49,+266.7,+25.6,BB	+2.23,+281.9,+25.2,MB	+2.33,+276.1,+25.4,JB	
1700682916.9995835	+2.58,+255.9,+19.4,AB	+2.66,+251.9,+19.9,EB	+6.65,+20.2,+20.0,NA	+2.49,+266.6,+25.6,CB	+2.23,+281.8,+25.2,LB	+2.35,+274.7,+25.3,OB	
1700682979.0077963	+2.58,+255.9,+19.4,AB	+2.66,+251.9,+19.9,EB	+6.65,+20.2,+20.0,NA	+2.48,+267.5,+25.6,@B	+2.22,+282.4,+25.2,BB	+2.35,+275.0,+25.4,NB	
1700683041.0173893	+2.58,+255.9,+19.4,AB	+2.66,+252.0,+19.9,OB	+6.65,+20.2,+20.0,NA	+2.49,+266.5,+25.6,@B	+2.23,+281.5,+25.2,AB	+2.34,+275.5,+25.3,MB	
1700683103.0238025	+2.58,+256.0,+19.4,KB	+2.66,+252.0,+19.9,OB	+6.65,+20.2,+20.0,NA	+2.48,+267.6,+25.6,CB	+2.23,+281.9,+25.2,MB	+2.33,+276.1,+25.4,JB	
1700683165.0341728	+2.58,+256.0,+19.4,KB	+2.66,+252.0,+19.9,OB	+6.65,+20.2,+20.0,NA	+2.49,+266.6,+25.6,CB	+2.22,+282.1,+25.2,GB	+2.36,+274.5,+25.4,IB	
1700683227.043399	+2.58,+256.0,+19.4,KB	+2.66,+252.0,+19.9,OB	+6.65,+20.2,+20.0,NA	+2.47,+267.7,+25.6,MB	+2.22,+282.5,+25.2,CB	+2.34,+275.4,+25.4,KB	
1700683289.0526617	+2.58,+256.0,+19.4,KB	+2.66,+252.0,+19.9,OB	+6.65,+20.2,+20.0,NA	+2.47,+267.9,+25.6,CB	+2.22,+282.2,+25.2,DB	+2.33,+276.0,+25.4,KB	
1700683351.0589793	+2.58,+255.9,+19.4,AB	+2.66,+252.0,+19.9,OB	+6.65,+20.2,+20.0,NA	+2.48,+267.2,+25.6,GB	+2.21,+282.7,+25.2,BB	+2.35,+274.9,+25.3,AB	
1700683413.0685759	+2.58,+256.0,+19.4,KB	+2.66,+252.0,+19.9,OB	+6.65,+20.2,+20.0,NA	+2.49,+266.7,+25.5,AB	+2.23,+281.8,+25.2,LB	+2.33,+276.0,+25.4,KB	
1700683475.0727816	+2.58,+256.0,+19.4,KB	+2.66,+252.0,+19.9,OB	+6.65,+20.2,+20.0,NA	+2.47,+267.8,+25.5,AB	+2.22,+282.5,+25.2,CB	+2.34,+275.5,+25.3,MB	
1700683537.081826	+2.58,+256.0,+19.4,KB	+2.66,+252.0,+19.9,OB	+6.65,+20.2,+20.1,OA	+2.49,+267.0,+25.6,DB	+2.23,+281.8,+25.2,LB	+2.33,+275.9,+25.3,FB	
1700683599.0911615	+2.58,+256.0,+19.4,KB	+2.66,+252.0,+19.9,OB	+6.65,+20.2,+20.0,NA	+2.47,+268.0,+25.6,EB	+2.22,+282.2,+25.2,DB	+2.33,+276.2,+25.4,IB	
1700683661.0987172	+2.58,+256.1,+19.4,JB	+2.66,+252.0,+19.9,OB	+6.65,+20.2,+20.0,NA	+2.49,+266.6,+25.6,CB	+2.22,+282.1,+25.2,GB	+2.35,+275.1,+25.3,HB	
1700683723.10762	+2.58,+256.0,+19.4,KB	+2.66,+252.0,+19.9,OB	+6.65,+20.2,+20.0,NA	+2.48,+267.5,+25.6,@B	+2.22,+282.6,+25.2,@B	+2.35,+275.1,+25.4,OB	
1700683785.1140785	+2.58,+256.0,+19.4,KB	+2.66,+252.1,+19.9,NB	+6.65,+20.2,+20.0,NA	+2.48,+267.5,+25.6,@B	+2.22,+282.6,+25.2,@B	+2.34,+275.4,+25.4,KB	
1700683847.123657	+2.58,+256.0,+19.4,KB	+2.66,+252.0,+19.9,OB	+6.65,+20.2,+20.0,NA	+2.47,+267.7,+25.6,MB	+2.22,+282.6,+25.2,@B	+2.34,+275.6,+25.4,IB	
1700683909.1306853	+2.58,+256.0,+19.4,KB	+2.66,+252.0,+19.9,OB	+6.65,+20.2,+20.0,NA	+2.49,+267.0,+25.6,DB	+2.21,+282.7,+25.2,BB	+2.35,+274.7,+25.3,OB	
1700683971.1367471	+2.58,+256.0,+19.4,KB	+2.66,+252.0,+19.9,OB	+6.65,+20.2,+20.0,NA	+2.49,+266.9,+25.5,OB	+2.22,+282.4,+25.2,BB	+2.35,+275.1,+25.4,OB	
1700684033.1441038	+2.58,+256.0,+19.4,KB	+2.66,+252.1,+19.9,NB	+6.65,+20.1,+20.0,MA	+2.49,+266.8,+25.6,MB	+2.22,+282.3,+25.2,EB	+2.34,+275.3,+25.4,LB	
1700684095.1563172	+2.58,+256.0,+19.4,KB	+2.66,+252.1,+19.9,NB	+6.65,+20.1,+20.0,MA	+2.49,+266.9,+25.5,OB	+2.22,+282.6,+25.2,@B	+2.35,+275.0,+25.4,NB	
1700684157.167316	+2.58,+256.0,+19.4,KB	+2.66,+252.1,+19.9,NB	+6.65,+20.2,+20.0,NA	+2.47,+268.0,+25.6,EB	+2.22,+282.3,+25.2,EB	+2.33,+275.8,+25.4,@B	
1700684219.1739998	+2.58,+256.0,+19.4,KB	+2.66,+252.1,+19.9,NB	+6.65,+20.2,+20.0,NA	+2.47,+268.1,+25.6,DB	+2.22,+282.1,+25.2,GB	+2.33,+276.3,+25.4,HB	
1700684281.1823921	+2.58,+256.0,+19.4,KB	+2.66,+252.1,+19.9,NB	+6.65,+20.2,+20.0,NA	+2.48,+267.2,+25.5,DB	+2.22,+282.5,+25.2,CB	+2.34,+275.4,+25.4,KB	
1700684343.190839	+2.58,+256.0,+19.4,KB	+2.65,+252.1,+19.9,MB	+6.65,+20.2,+20.0,NA	+2.47,+268.0,+25.6,EB	+2.23,+282.0,+25.2,GB	+2.32,+276.4,+25.4,NB	
1700684405.1990008	+2.58,+256.0,+19.4,KB	+2.66,+252.1,+19.9,NB	+6.65,+20.1,+20.0,MA	+2.47,+268.0,+25.6,EB	+2.23,+282.0,+25.2,GB	+2.34,+275.7,+25.3,OB	
1700684467.2044117	+2.58,+256.0,+19.4,KB	+2.66,+252.0,+19.9,OB	+6.65,+20.2,+20.0,NA	+2.48,+267.3,+25.6,FB	+2.22,+282.4,+25.2,BB	+2.35,+274.8,+25.4,GB	
1700684529.2141669	+2.58,+256.1,+19.4,JB	+2.66,+252.1,+19.9,NB	+6.65,+20.2,+20.0,NA	+2.47,+268.2,+25.6,GB	+2.23,+281.7,+25.2,CB	+2.33,+276.3,+25.4,HB	
1700684591.2239268	+2.58,+256.0,+19.4,KB	+2.66,+252.1,+19.9,NB	+6.65,+20.2,+20.0,NA	+2.47,+267.7,+25.6,MB	+2.22,+282.2,+25.2,DB	+2.34,+275.3,+25.4,LB	
1700684653.2300258	+2.58,+256.1,+19.4,JB	+2.66,+252.1,+19.9,NB	+6.65,+20.2,+20.0,NA	+2.48,+267.1,+25.5,GB	+2.22,+282.3,+25.2,EB	+2.35,+274.8,+25.4,GB	
1700684715.237454	+2.58,+256.0,+19.5,JB	+2.66,+252.1,+19.9,NB	+6.65,+20.2,+20.0,NA	+2.46,+268.3,+25.6,GB	+2.23,+281.6,+25.2,BB	+2.32,+276.9,+25.4,CB	
1700684777.2463267	+2.58,+256.1,+19.4,JB	+2.66,+252.1,+19.9,NB	+6.65,+20.3,+20.0,OA	+2.48,+267.2,+25.5,DB	+2.22,+282.4,+25.2,BB	+2.33,+275.9,+25.4,AB	
1700684839.2553468	+2.58,+256.0,+19.4,KB	+2.65,+252.2,+19.9,NB	+6.65,+20.2,+20.0,NA	+2.46,+268.4,+25.5,CB	+2.23,+281.7,+25.2,CB	+2.32,+276.5,+25.3,HB	
1700684901.264092	+2.58,+256.1,+19.4,JB	+2.66,+252.1,+19.9,NB	+6.65,+20.2,+20.0,NA	+2.46,+268.4,+25.6,@B	+2.23,+282.0,+25.2,GB	+2.31,+277.0,+25.4,HB	
1700684963.2710671	+2.58,+256.1,+19.4,JB	+2.65,+252.1,+19.9,MB	+6.65,+20.2,+20.0,NA	+2.46,+268.5,+25.5,BB	+2.23,+282.0,+25.2,GB	+2.31,+277.1,+25.4,IB	
1700685025.2756286	+2.58,+256.1,+19.4,JB	+2.65,+252.2,+19.9,NB	+6.65,+20.2,+20.0,NA	+2.47,+268.2,+25.6,GB	+2.22,+282.3,+25.2,EB	+2.32,+276.8,+25.4,BB	
1700685087.2829804	+2.58,+256.1,+19.4,JB	+2.66,+252.1,+19.9,NB	+6.65,+20.2,+20.1,OA	+2.47,+267.9,+25.5,@B	+2.22,+282.4,+25.2,BB	+2.32,+276.8,+25.4,BB	
1700685149.2929547	+2.58,+256.1,+19.4,JB	+2.65,+252.2,+19.9,NB	+6.65,+20.2,+20.0,NA	+2.47,+268.1,+25.6,DB	+2.22,+282.5,+25.2,CB	+2.33,+276.3,+25.4,HB	
1700685211.3030574	+2.58,+256.0,+19.4,KB	+2.66,+252.1,+19.9,NB	+6.65,+20.2,+20.0,NA	+2.48,+267.6,+25.5,@B	+2.22,+282.7,+25.2,AB	+2.33,+276.2,+25.4,IB	
1700685273.3137107	+2.58,+256.1,+19.4,JB	+2.65,+252.1,+19.9,MB	+6.65,+20.2,+20.0,NA	+2.46,+268.2,+25.6,FB	+2.23,+282.1,+25.2,FB	+2.31,+277.3,+25.4,KB	
1700685335.3203385	+2.58,+256.1,+19.4,JB	+2.65,+252.2,+19.9,NB	+6.65,+20.2,+20.1,OA	+2.48,+267.2,+25.6,GB	+2.22,+282.4,+25.2,BB	+2.35,+275.0,+25.4,NB	
1700685397.3290694	+2.58,+256.1,+19.4,JB	+2.66,+252.1,+19.9,NB	+6.65,+20.2,+20.0,NA	+2.48,+267.2,+25.6,GB	+2.22,+282.4,+25.2,BB	+2.35,+275.1,+25.4,OB	
1700685459.3390746	+2.58,+256.1,+19.4,JB	+2.66,+252.1,+19.9,NB	+6.65,+20.3,+20.0,OA	+2.47,+268.1,+25.5,GB	+2.21,+282.8,+25.2,MB	+2.33,+275.8,+25.4,@B	
1700685521.3478696	+2.58,+256.1,+19.4,JB	+2.65,+252.2,+19.9,NB	+6.65,+20.3,+20.1,NA	+2.47,+267.9,+25.6,CB	+2.23,+282.0,+25.2,GB	+2.34,+275.5,+25.3,MB	
1700685583.356729	+2.58,+256.0,+19.4,KB	+2.65,+252.1,+19.9,MB	+6.65,+20.3,+20.1,NA	+2.47,+267.9,+25.6,CB	+2.22,+282.2,+25.2,DB	+2.33,+276.0,+25.3,LB	
1700685645.3661559	+2.58,+256.1,+19.4,JB	+2.65,+252.2,+19.9,NB	+6.65,+20.3,+20.1,NA	+2.47,+267.8,+25.6,BB	+2.22,+282.6,+25.2,@B	+2.33,+275.8,+25.3,GB	
1700685707.3755176	+2.58,+256.1,+19.4,JB	+2.65,+252.2,+19.9,NB	+6.65,+20.3,+20.1,NA	+2.47,+267.9,+25.5,@B	+2.22,+282.6,+25.2,@B	+2.33,+275.9,+25.4,AB	
1700685769.3825524	+2.58,+256.1,+19.5,KB	+2.65,+252.2,+19.9,NB	+6.65,+20.2,+20.1,OA	+2.47,+267.9,+25.6,CB	+2.22,+282.7,+25.2,AB	+2.33,+276.0,+25.3,LB	
1700685831.389654	+2.58,+256.1,+19.4,JB	+2.65,+252.2,+19.9,NB	+6.65,+20.2,+20.1,OA	+2.47,+268.1,+25.6,DB	+2.22,+282.5,+25.2,CB	+2.33,+276.1,+25.4,JB	
1700685893.3977165	+2.58,+256.1,+19.4,JB	+2.65,+252.2,+19.9,NB	+6.65,+20.2,+20.1,OA	+2.47,+268.1,+25.6,DB	+2.22,+282.3,+25.2,EB	+2.33,+275.9,+25.3,FB	
1700685955.4058876	+2.58,+256.1,+19.4,JB	+2.65,+252.2,+19.9,NB	+6.65,+20.2,+20.1,OA	+2.49,+267.0,+25.6,DB	+2.22,+282.2,+25.2,DB	+2.36,+274.5,+25.3,NB	
1700686017.4151242	+2.58,+256.1,+19.4,JB	+2.65,+252.2,+19.9,NB	+6.65,+20.3,+20.1,NA	+2.46,+268.3,+25.5,DB	+2.22,+282.6,+25.2,@B	+2.33,+276.0,+25.3,LB	
1700686079.4209259	+2.58,+256.2,+19.4,IB	+2.65,+252.2,+19.9,NB	+6.65,+20.2,+20.1,OA	+2.49,+267.0,+25.6,DB	+2.23,+281.9,+25.2,MB	+2.34,+275.2,+25.4,MB	
1700686141.4308295	+2.58,+256.1,+19.4,JB	+2.66,+252.1,+19.9,NB	+6.65,+20.2,+20.1,OA	+2.46,+268.2,+25.5,EB	+2.22,+282.4,+25.2,BB	+2.33,+276.1,+25.4,JB	
1700686203.441276	+2.58,+256.1,+19.4,JB	+2.65,+252.2,+19.9,NB	+6.65,+20.2,+20.1,OA	+2.47,+268.1,+25.6,DB	+2.22,+282.6,+25.2,@B	+2.33,+276.1,+25.3,MB	
1700686449.033612	+2.58,+256.1,+19.4,JB	+2.65,+252.2,+19.9,NB	+6.65,+20.2,+20.1,OA	+2.48,+267.3,+25.5,EB	+2.23,+281.8,+25.2,LB	+2.34,+275.3,+25.4,LB	
1700686511.0418618	+2.58,+256.2,+19.4,IB	+2.65,+252.2,+19.9,NB	+6.65,+20.2,+20.1,OA	+2.51,+265.5,+25.5,IB	+2.22,+282.4,+25.2,BB	+2.33,+275.9,+25.4,AB	
1700686573.051774	+2.58,+256.2,+19.4,IB	+2.65,+252.3,+19.9,OB	+6.65,+20.2,+20.1,OA	+2.50,+266.3,+25.5,MB	+2.22,+282.3,+25.2,EB	+2.33,+276.0,+25.4,KB	
1700686635.062019	+2.58,+256.1,+19.4,JB	+2.65,+252.2,+19.9,NB	+6.65,+20.2,+20.1,OA	+2.49,+266.7,+25.6,BB	+2.23,+282.0,+25.2,GB	+2.35,+274.8,+25.4,GB	
1700686697.0706925	+2.58,+256.1,+19.4,JB	+2.65,+252.3,+19.9,OB	+6.65,+20.2,+20.1,OA	+2.49,+266.9,+25.5,OB	+2.22,+282.1,+25.2,GB	+2.35,+274.8,+25.4,GB	
1700686759.081074	+2.58,+256.2,+19.5,HB	+2.65,+252.2,+19.9,NB	+6.65,+20.2,+20.1,OA	+2.47,+268.1,+25.6,DB	+2.23,+281.6,+25.2,BB	+2.35,+274.8,+25.3,@B	
1700686821.0899827	+2.58,+256.2,+19.4,IB	+2.65,+252.3,+19.9,OB	+6.65,+20.2,+20.1,OA	+2.48,+267.0,+25.6,EB	+2.22,+282.2,+25.2,DB	+2.33,+276.0,+25.4,KB	
1700686883.099986	+2.58,+256.2,+19.4,IB	+2.65,+252.3,+19.9,OB	+6.65,+20.2,+20.1,OA	+2.49,+266.6,+25.6,CB	+2.22,+282.1,+25.2,GB	+2.34,+275.4,+25.3,LB	
1700686945.1102443	+2.58,+256.2,+19.4,IB	+2.65,+252.2,+20.0,MB	+6.65,+20.2,+20.1,OA	+2.48,+267.3,+25.6,FB	+2.22,+282.3,+25.2,EB	+2.33,+276.0,+25.4,KB	
1700687007.119751	+2.58,+256.2,+19.5,HB	+2.65,+252.3,+19.9,OB	+6.65,+20.2,+20.1,OA	+2.49,+267.0,+25.5,GB	+2.22,+282.1,+25.2,GB	+2.34,+275.5,+25.4,JB	
1700687069.132018	+2.58,+256.2,+19.5,HB	+2.65,+252.3,+19.9,OB	+6.65,+20.2,+20.1,OA	+2.48,+267.2,+25.5,DB	+2.22,+282.4,+25.2,BB	+2.33,+276.1,+25.4,JB	
1700687131.1424723	+2.58,+256.2,+19.5,HB	+2.65,+252.3,+20.0,LB	+6.65,+20.2,+20.1,OA	+2.46,+268.5,+25.6,AB	+2.23,+282.0,+25.2,GB	+2.34,+275.5,+25.4,JB	
1700687193.1502488	+2.58,+256.2,+19.5,HB	+2.65,+252.3,+19.9,OB	+6.65,+20.2,+20.1,OA	+2.48,+267.5,+25.6,@B	+2.22,+282.5,+25.2,CB	+2.33,+276.0,+25.4,KB	
1700687255.160707	+2.58,+256.2,+19.5,HB	+2.65,+252.4,+19.9,HB	+6.65,+20.2,+20.1,OA	+2.46,+268.6,+25.6,BB	+2.22,+282.2,+25.2,DB	+2.35,+275.0,+25.4,NB	
1700687317.1710045	+2.58,+256.2,+19.4,IB	+2.65,+252.4,+20.0,KB	+6.65,+20.2,+20.1,OA	+2.46,+268.4,+25.6,@B	+2.22,+282.3,+25.2,EB	+2.34,+275.2,+25.3,JB	
1700687379.1811075	+2.58,+256.2,+19.5,HB	+2.65,+252.3,+20.0,LB	+6.65,+20.2,+20.1,OA	+2.48,+267.5,+25.6,@B	+2.22,+282.2,+25.2,DB	+2.34,+275.5,+25.4,JB	
1700687441.1902986	+2.58,+256.2,+19.4,IB	+2.65,+252.3,+20.0,LB	+6.65,+20.2,+20.1,OA	+2.47,+268.0,+25.6,EB	+2.22,+282.5,+25.2,CB	+2.33,+276.1,+25.4,JB	
1700687503.1988437	+2.58,+256.2,+19.5,HB	+2.65,+252.4,+19.9,HB	+6.65,+20.1,+20.1,LA	+2.48,+267.3,+25.6,FB	+2.23,+281.7,+25.2,CB	+2.34,+275.3,+25.4,LB	
1700687565.2088277	+2.58,+256.3,+19.5,IB	+2.65,+252.4,+20.0,KB	+6.65,+20.2,+20.1,OA	+2.48,+267.6,+25.6,CB	+2.23,+281.6,+25.2,BB	+2.35,+274.9,+25.4,FB	
1700687627.2159789	+2.58,+256.2,+19.5,HB	+2.65,+252.4,+19.9,HB	+6.65,+20.3,+20.1,NA	+2.49,+266.9,+25.6,LB	+2.23,+282.0,+25.2,GB	+2.33,+276.2,+25.4,IB	
1700687689.2236624	+2.58,+256.2,+19.5,HB	+2.65,+252.4,+20.0,KB	+6.65,+20.2,+20.1,OA	+2.48,+267.5,+25.5,CB	+2.23,+282.0,+25.2,GB	+2.34,+275.4,+25.4,KB	
1700687751.2318168	+2.58,+256.2,+19.5,HB	+2.65,+252.3,+19.9,OB	+6.65,+20.2,+20.1,OA	+2.48,+267.3,+25.6,FB	+2.22,+282.5,+25.2,CB	+2.32,+276.7,+25.4,MB	
1700687813.2391396	+2.58,+256.3,+19.5,IB	+2.65,+252.4,+19.9,HB	+6.65,+20.2,+20.1,OA	+2.48,+267.4,+25.6,AB	+2.23,+282.0,+25.2,GB	+2.35,+275.1,+25.4,OB	
1700687875.246315	+2.58,+256.2,+19.5,HB	+2.65,+252.4,+19.9,HB	+6.65,+20.2,+20.1,OA	+2.47,+267.7,+25.6,MB	+2.21,+282.7,+25.2,BB	+2.33,+276.2,+25.3,NB	
1700687937.2550793	+2.58,+256.2,+19.5,HB	+2.65,+252.4,+20.0,KB	+6.65,+20.2,+20.1,OA	+2.49,+266.9,+25.5,OB	+2.23,+281.9,+25.2,MB	+2.35,+274.7,+25.4,HB	
1700687999.2632616	+2.58,+256.2,+19.5,HB	+2.65,+252.4,+19.9,HB	+6.65,+20.2,+20.1,OA	+2.49,+266.7,+25.6,BB	+2.22,+282.1,+25.2,GB	+2.33,+276.0,+25.4,KB	
1700688061.2711282	+2.58,+256.2,+19.5,HB	+2.65,+252.4,+20.0,KB	+6.65,+20.3,+20.1,NA	+2.49,+266.8,+25.6,MB	+2.23,+281.7,+25.2,CB	+2.35,+275.1,+25.4,OB	
1700688123.2791839	+2.58,+256.2,+19.5,HB	+2.65,+252.5,+20.0,JB	+6.65,+20.3,+20.1,NA	+2.48,+267.3,+25.5,EB	+2.23,+282.0,+25.2,GB	+2.36,+274.4,+25.4,HB	
1700688185.2876573	+2.58,+256.2,+19.5,HB	+2.65,+252.4,+20.0,KB	+6.65,+20.2,+20.2,LA	+2.48,+267.4,+25.6,AB	+2.22,+282.2,+25.2,DB	+2.33,+276.1,+25.4,JB	
1700688247.2963057	+2.58,+256.3,+19.5,IB	+2.65,+252.4,+20.0,KB	+6.65,+20.3,+20.1,NA	+2.48,+267.1,+25.6,DB	+2.23,+281.9,+25.2,MB	+2.33,+276.1,+25.3,MB	
1700688309.304703	+2.58,+256.3,+19.5,IB	+2.65,+252.4,+20.0,KB	+6.65,+20.3,+20.1,NA	+2.49,+267.0,+25.6,DB	+2.23,+281.7,+25.2,CB	+2.34,+275.2,+25.4,MB	
1700688371.3140624	+2.58,+256.3,+19.5,IB	+2.65,+252.5,+20.0,JB	+6.65,+20.3,+20.1,NA	+2.48,+267.4,+25.6,AB	+2.23,+281.9,+25.2,MB	+2.32,+276.5,+25.4,OB	
1700688433.3219218	+2.58,+256.3,+19.5,IB	+2.65,+252.5,+20.0,JB	+6.65,+20.3,+20.1,NA	+2.48,+267.2,+25.5,DB	+2.23,+282.0,+25.2,GB	+2.32,+276.4,+25.3,IB	
1700688495.331217	+2.58,+256.3,+19.5,IB	+2.65,+252.5,+20.0,JB	+6.65,+20.2,+20.1,OA	+2.47,+267.7,+25.6,MB	+2.22,+282.4,+25.2,BB	+2.32,+276.6,+25.3,KB	
1700688557.3382761	+2.58,+256.3,+19.5,IB	+2.65,+252.5,+20.0,JB	+6.65,+20.3,+20.1,NA	+2.48,+267.2,+25.6,GB	+2.23,+281.8,+25.2,LB	+2.32,+276.7,+25.4,MB	
1700688619.3478494	+2.58,+256.3,+19.5,IB	+2.65,+252.4,+19.9,HB	+6.65,+20.3,+20.1,NA	+2.49,+266.9,+25.5,OB	+2.23,+281.7,+25.2,CB	+2.34,+275.6,+25.4,IB	
1700688681.3600013	+2.58,+256.3,+19.5,IB	+2.65,+252.5,+20.0,JB	+6.65,+20.3,+20.1,NA	+2.48,+267.4,+25.5,BB	+2.22,+282.2,+25.2,DB	+2.35,+275.1,+25.3,HB	
1700688743.3672116	+2.58,+256.3,+19.5,IB	+2.65,+252.4,+20.0,KB	+6.65,+20.3,+20.1,NA	+2.48,+267.4,+25.6,AB	+2.22,+282.3,+25.2,EB	+2.34,+275.2,+25.4,MB	
1700688805.376747	+2.58,+256.3,+19.5,IB	+2.65,+252.6,+20.0,IB	+6.65,+20.3,+20.1,NA	+2.46,+268.3,+25.6,GB	+2.22,+282.5,+25.2,CB	+2.33,+276.3,+25.4,HB	
1700688867.3849545	+2.58,+256.3,+19.5,IB	+2.65,+252.6,+20.0,IB	+6.65,+20.3,+20.1,NA	+2.47,+267.6,+25.6,LB	+2.22,+282.2,+25.2,DB	+2.34,+275.2,+25.4,MB	
1700688929.394005	+2.58,+256.3,+19.5,IB	+2.65,+252.5,+20.0,JB	+6.65,+20.3,+20.1,NA	+2.47,+268.1,+25.6,DB	+2.22,+282.2,+25.2,DB	+2.32,+276.5,+25.4,OB	
1700688991.405076	+2.58,+256.3,+19.5,IB	+2.65,+252.5,+20.0,JB	+6.65,+20.3,+20.1,NA	+2.46,+268.3,+25.6,GB	+2.23,+282.0,+25.2,GB	+2.31,+276.9,+25.3,GB	
1700689053.4129374	+2.58,+256.3,+19.5,IB	+2.65,+252.5,+20.0,JB	+6.65,+20.3,+20.1,NA	+2.48,+267.6,+25.6,CB	+2.24,+281.4,+25.2,GB	+2.31,+277.2,+25.3,MB	
1700689115.4231305	+2.58,+256.3,+19.5,IB	+2.65,+252.5,+20.0,JB	+6.65,+20.2,+20.2,LA	+2.49,+266.9,+25.5,OB	+2.23,+282.0,+25.2,GB	+2.34,+275.7,+25.4,HB	
1700689177.4330482	+2.58,+256.3,+19.5,IB	+2.65,+252.5,+20.0,JB	+6.65,+20.2,+20.1,OA	+2.47,+267.9,+25.6,CB	+2.22,+282.1,+25.2,GB	+2.32,+276.6,+25.4,LB	
1700689239.4421465	+2.58,+256.3,+19.5,IB	+2.65,+252.6,+20.0,IB	+6.65,+20.2,+20.1,OA	+2.47,+267.8,+25.6,BB	+2.22,+282.4,+25.2,BB	+2.33,+276.1,+25.4,JB	
1700689301.4528415	+2.58,+256.4,+19.5,NB	+2.65,+252.5,+20.0,JB	+6.65,+20.2,+20.1,OA	+2.47,+268.0,+25.6,EB	+2.22,+282.1,+25.2,GB	+2.31,+277.1,+25.3,NB	
1700689363.4602504	+2.58,+256.3,+19.5,IB	+2.65,+252.5,+20.0,JB	+6.65,+20.3,+20.1,NA	+2.47,+267.7,+25.5,NB	+2.22,+282.3,+25.2,EB	+2.32,+276.5,+25.4,OB	
1700689425.4686654	+2.58,+256.3,+19.5,IB	+2.65,+252.5,+20.0,JB	+6.65,+20.3,+20.1,NA	+2.46,+268.3,+25.6,GB	+2.23,+281.9,+25.2,MB	+2.31,+277.0,+25.4,HB	
1700689487.4776714	+2.58,+256.3,+19.5,IB	+2.65,+252.5,+20.0,JB	+6.65,+20.3,+20.1,NA	+2.47,+267.7,+25.6,MB	+2.22,+282.3,+25.2,EB	+2.33,+276.1,+25.4,JB	
1700689549.4823434	+2.58,+256.3,+19.5,IB	+2.65,+252.5,+20.0,JB	+6.65,+20.3,+20.1,NA	+2.48,+267.2,+25.6,GB	+2.23,+282.0,+25.2,GB	+2.33,+276.1,+25.3,MB	
1700689611.4878802	+2.58,+256.4,+19.5,NB	+2.65,+252.5,+20.0,JB	+6.65,+20.3,+20.1,NA	+2.46,+268.3,+25.6,GB	+2.23,+281.7,+25.2,CB	+2.31,+277.3,+25.4,KB	
1700689673.4948545	+2.57,+256.4,+19.5,AB	+2.65,+252.5,+20.0,JB	+6.65,+20.3,+20.1,NA	+2.46,+268.4,+25.6,@B	+2.23,+281.9,+25.2,MB	+2.31,+277.0,+25.4,HB	
1700689735.5054302	+2.58,+256.4,+19.5,NB	+2.65,+252.6,+20.0,IB	+6.65,+20.3,+20.1,NA	+2.47,+268.0,+25.5,FB	+2.23,+281.7,+25.2,CB	+2.31,+277.1,+25.4,IB	
1700689797.5150478	+2.58,+256.3,+19.5,IB	+2.65,+252.6,+20.0,IB	+6.65,+20.3,+20.1,NA	+2.47,+268.1,+25.6,DB	+2.22,+282.1,+25.2,GB	+2.32,+276.3,+25.4,IB	
1700689859.5237172	+2.57,+256.4,+19.5,AB	+2.65,+252.6,+20.0,IB	+6.65,+20.3,+20.1,NA	+2.47,+268.0,+25.6,EB	+2.22,+282.2,+25.2,DB	+2.32,+276.4,+25.4,NB	
1700689921.53047	+2.57,+256.4,+19.5,AB	+2.65,+252.6,+20.0,IB	+6.65,+20.4,+20.1,IA	+2.48,+267.5,+25.6,@B	+2.22,+282.3,+25.2,EB	+2.33,+276.3,+25.4,HB	
1700689983.5399485	+2.58,+256.3,+19.5,IB	+2.65,+252.5,+20.0,JB	+6.65,+20.3,+20.1,NA	+2.46,+268.4,+25.6,@B	+2.23,+281.6,+25.2,BB	+2.30,+277.6,+25.4,OB	
1700690045.5476365	+2.58,+256.4,+19.5,NB	+2.65,+252.6,+20.0,IB	+6.65,+20.3,+20.1,NA	+2.48,+267.4,+25.5,BB	+2.22,+282.5,+25.2,CB	+2.33,+276.0,+25.4,KB	
1700690291.121547	+2.58,+256.4,+19.5,NB	+2.65,+252.6,+20.0,IB	+6.65,+20.3,+20.1,NA	+2.48,+267.3,+25.6,FB	+2.23,+281.7,+25.2,CB	+2.33,+276.2,+25.4,IB	
1700690353.130166	+2.58,+256.4,+19.5,NB	+2.65,+252.6,+20.0,IB	+6.65,+20.3,+20.1,NA	+2.48,+267.5,+25.6,@B	+2.23,+281.8,+25.2,LB	+2.33,+276.2,+25.3,NB	
1700690415.1403184	+2.58,+256.4,+19.5,NB	+2.65,+252.6,+20.0,IB	+6.65,+20.3,+20.1,NA	+2.47,+267.7,+25.5,NB	+2.22,+282.1,+25.2,GB	+2.33,+276.3,+25.4,HB	
1700690477.14929	+2.57,+256.4,+19.5,AB	+2.65,+252.6,+20.0,IB	+6.65,+20.3,+20.1,NA	+2.47,+268.0,+25.6,EB	+2.23,+281.9,+25.2,MB	+2.31,+277.0,+25.4,HB	
1700690539.1592343	+2.58,+256.4,+19.5,NB	+2.65,+252.6,+20.0,IB	+6.65,+20.3,+20.1,NA	+2.47,+267.6,+25.6,LB	+2.23,+282.0,+25.2,GB	+2.33,+276.0,+25.4,KB	
1700690601.1678736	+2.57,+256.4,+19.5,AB	+2.65,+252.6,+19.9,JB	+6.65,+20.3,+20.1,NA	+2.48,+267.6,+25.5,@B	+2.23,+281.8,+25.2,LB	+2.33,+275.9,+25.4,AB	
1700690663.176046	+2.58,+256.4,+19.5,NB	+2.65,+252.6,+19.9,JB	+6.65,+20.3,+20.1,NA	+2.47,+268.0,+25.6,EB	+2.23,+282.0,+25.2,GB	+2.32,+276.7,+25.4,MB	
1700690725.1855123	+2.57,+256.4,+19.5,AB	+2.65,+252.6,+20.0,IB	+6.65,+20.3,+20.1,NA	+2.46,+268.5,+25.5,BB	+2.22,+282.5,+25.2,CB	+2.32,+276.7,+25.3,JB	
1700690787.1944702	+2.58,+256.4,+19.5,NB	+2.65,+252.6,+20.0,IB	+6.65,+20.4,+20.1,IA	+2.47,+267.7,+25.5,NB	+2.23,+281.6,+25.2,BB	+2.33,+276.3,+25.4,HB	
1700690849.2028258	+2.57,+256.4,+19.5,AB	+2.65,+252.6,+20.0,IB	+6.65,+20.3,+20.1,NA	+2.48,+267.4,+25.6,AB	+2.23,+281.8,+25.2,LB	+2.34,+275.6,+25.3,NB	
1700690911.2127173	+2.57,+256.4,+19.5,AB	+2.65,+252.7,+20.0,HB	+6.65,+20.4,+20.1,IA	+2.47,+268.0,+25.5,FB	+2.22,+282.4,+25.2,BB	+2.33,+276.1,+25.4,JB	
1700690973.2195435	+2.57,+256.4,+19.5,AB	+2.65,+252.7,+20.0,HB	+6.65,+20.3,+20.1,NA	+2.48,+267.3,+25.5,EB	+2.23,+281.8,+25.2,LB	+2.34,+275.6,+25.4,IB	
1700691035.229582	+2.57,+256.4,+19.5,AB	+2.65,+252.7,+19.9,KB	+6.65,+20.3,+20.1,NA	+2.47,+267.9,+25.5,@B	+2.23,+281.7,+25.2,CB	+2.33,+276.1,+25.4,JB	
1700691097.2392526	+2.57,+256.4,+19.5,AB	+2.65,+252.6,+20.0,IB	+6.65,+20.3,+20.1,NA	+2.47,+267.6,+25.5,OB	+2.22,+282.3,+25.2,EB	+2.34,+275.2,+25.4,MB	
1700691159.2477803	+2.57,+256.4,+19.5,AB	+2.65,+252.7,+20.0,HB	+6.65,+20.4,+20.1,IA	+2.46,+268.4,+25.6,@B	+2.22,+282.2,+25.2,DB	+2.32,+276.6,+25.4,LB	
1700691221.2575216	+2.57,+256.4,+19.4,@B	+2.65,+252.7,+20.0,HB	+6.65,+20.3,+20.1,NA	+2.48,+267.5,+25.5,CB	+2.22,+282.5,+25.2,CB	+2.34,+275.7,+25.4,HB	
1700691283.2639341	+2.57,+256.4,+19.4,@B	+2.65,+252.7,+20.0,HB	+6.65,+20.4,+20.1,IA	+2.48,+267.4,+25.6,AB	+2.23,+281.9,+25.2,MB	+2.35,+275.1,+25.4,OB	
1700691345.2742326	+2.57,+256.4,+19.5,AB	+2.65,+252.7,+20.0,HB	+6.65,+20.3,+20.1,NA	+2.46,+268.6,+25.5,AB	+2.22,+282.1,+25.2,GB	+2.32,+276.5,+25.3,HB	
1700691407.2837653	+2.57,+256.4,+19.5,AB	+2.65,+252.7,+20.0,HB	+6.65,+20.3,+20.1,NA	+2.48,+267.3,+25.6,FB	+2.22,+282.3,+25.2,EB	+2.34,+275.1,+25.4,NB	
1700691469.292567	+2.57,+256.4,+19.5,AB	+2.65,+252.7,+20.0,HB	+6.65,+20.4,+20.1,IA	+2.46,+268.5,+25.5,BB	+2.23,+281.9,+25.2,MB	+2.32,+276.9,+25.4,CB	
1700691531.2982798	+2.57,+256.4,+19.5,AB	+2.65,+252.7,+20.0,HB	+6.65,+20.3,+20.1,NA	+2.48,+267.4,+25.5,BB	+2.22,+282.2,+25.2,DB	+2.34,+275.4,+25.4,KB	
1700691593.3046417	+2.57,+256.4,+19.5,AB	+2.65,+252.7,+20.0,HB	+6.65,+20.3,+20.1,NA	+2.48,+267.3,+25.5,EB	+2.22,+282.3,+25.2,EB	+2.35,+275.0,+25.4,NB	
1700691655.3140404	+2.57,+256.5,+19.5,@B	+2.65,+252.7,+20.0,HB	+6.65,+20.4,+20.1,IA	+2.46,+268.3,+25.5,DB	+2.23,+281.8,+25.2,LB	+2.32,+276.7,+25.3,JB	
1700691717.320414	+2.57,+256.4,+19.5,AB	+2.65,+252.7,+20.0,HB	+6.65,+20.4,+20.1,IA	+2.47,+268.1,+25.6,DB	+2.23,+281.9,+25.2,MB	+2.33,+276.2,+25.4,IB	
1700691779.329842	+2.57,+256.5,+19.5,@B	+2.64,+252.8,+20.0,FB	+6.65,+20.3,+20.1,NA	+2.46,+268.3,+25.6,GB	+2.22,+282.3,+25.2,EB	+2.32,+276.7,+25.4,MB	
1700691841.3400621	+2.57,+256.5,+19.5,@B	+2.64,+252.7,+19.9,JB	+6.65,+20.3,+20.1,NA	+2.46,+268.6,+25.6,BB	+2.23,+281.7,+25.2,CB	+2.32,+276.5,+25.3,HB	
1700691903.3499308	+2.57,+256.5,+19.5,@B	+2.64,+252.8,+20.0,FB	+6.65,+20.4,+20.1,IA	+2.47,+267.7,+25.6,MB	+2.22,+282.4,+25.2,BB	+2.35,+275.1,+25.3,HB	
1700691965.3598156	+2.57,+256.5,+19.5,@B	+2.64,+252.8,+20.0,FB	+6.65,+20.4,+20.1,IA	+2.47,+267.8,+25.5,AB	+2.22,+282.5,+25.2,CB	+2.34,+275.7,+25.4,HB	
1700692027.3677013	+2.57,+256.5,+19.5,@B	+2.65,+252.7,+20.0,HB	+6.65,+20.3,+20.1,NA	+2.46,+268.3,+25.5,DB	+2.22,+282.1,+25.2,GB	+2.34,+275.6,+25.4,IB	
1700692089.377846	+2.57,+256.5,+19.5,@B	+2.65,+252.7,+20.0,HB	+6.65,+20.3,+20.1,NA	+2.47,+267.8,+25.6,BB	+2.22,+282.2,+25.2,DB	+2.33,+275.9,+25.4,AB	
1700692151.3874907	+2.57,+256.5,+19.5,@B	+2.65,+252.7,+20.0,HB	+6.65,+20.4,+20.1,IA	+2.47,+268.0,+25.6,EB	+2.22,+282.2,+25.2,DB	+2.34,+275.6,+25.4,IB	
1700692213.3959653	+2.57,+256.4,+19.5,AB	+2.65,+252.7,+20.0,HB	+6.65,+20.3,+20.1,NA	+2.45,+269.0,+25.6,FB	+2.23,+281.8,+25.2,LB	+2.32,+276.8,+25.4,BB	
1700692275.404514	+2.57,+256.5,+19.5,@B	+2.64,+252.8,+20.0,FB	+6.65,+20.4,+20.1,IA	+2.48,+267.2,+25.6,GB	+2.22,+282.5,+25.2,CB	+2.34,+275.7,+25.4,HB	
1700692337.4126859	+2.57,+256.5,+19.5,@B	+2.65,+252.7,+20.0,HB	+6.65,+20.3,+20.1,NA	+2.48,+267.3,+25.6,FB	+2.22,+282.6,+25.2,@B	+2.34,+275.3,+25.3,KB	
1700692399.4213145	+2.57,+256.5,+19.5,@B	+2.64,+252.8,+20.0,FB	+6.65,+20.3,+20.1,NA	+2.46,+268.5,+25.6,AB	+2.23,+281.7,+25.2,CB	+2.33,+276.2,+25.4,IB	
1700692461.4294496	+2.57,+256.6,+19.5,CB	+2.64,+252.8,+20.0,FB	+6.65,+20.3,+20.1,NA	+2.47,+267.7,+25.6,MB	+2.22,+282.4,+25.2,BB	+2.35,+275.1,+25.4,OB	
1700692523.4393566	+2.57,+256.6,+19.5,CB	+2.64,+252.8,+20.0,FB	+6.65,+20.4,+20.1,IA	+2.47,+268.2,+25.6,GB	+2.23,+281.7,+25.2,CB	+2.32,+276.7,+25.4,MB	
1700692585.4488606	+2.57,+256.5,+19.5,@B	+2.64,+252.8,+20.0,FB	+6.65,+20.4,+20.1,IA	+2.49,+266.8,+25.5,NB	+2.22,+282.5,+25.2,CB	+2.34,+275.2,+25.3,JB	
1700692647.457728	+2.57,+256.5,+19.5,@B	+2.64,+252.8,+20.0,FB	+6.65,+20.4,+20.1,IA	+2.49,+267.0,+25.6,DB	+2.22,+282.3,+25.2,EB	+2.34,+275.2,+25.4,MB	
1700692709.467288	+2.57,+256.5,+19.5,@B	+2.64,+252.8,+19.9,EB	+6.65,+20.4,+20.1,IA	+2.46,+268.6,+25.5,AB	+2.23,+281.8,+25.2,LB	+2.32,+276.7,+25.4,MB	
1700692771.4781253	+2.57,+256.5,+19.5,@B	+2.64,+252.9,+20.0,GB	+6.65,+20.4,+20.1,IA	+2.47,+268.1,+25.5,GB	+2.23,+281.5,+25.2,AB	+2.31,+276.9,+25.4,@B	
1700692833.4878104	+2.57,+256.6,+19.5,CB	+2.64,+252.8,+20.0,FB	+6.65,+20.4,+20.1,IA	+2.47,+268.1,+25.5,GB	+2.23,+281.6,+25.2,BB	+2.33,+276.3,+25.4,HB	
1700692895.495133	+2.57,+256.6,+19.5,CB	+2.64,+252.8,+20.0,FB	+6.65,+20.4,+20.1,IA	+2.49,+266.9,+25.6,LB	+2.23,+282.1,+25.2,FB	+2.34,+275.2,+25.3,JB	
1700692957.5012906	+2.57,+256.6,+19.5,CB	+2.64,+252.8,+20.0,FB	+6.65,+20.3,+20.1,NA	+2.46,+268.3,+25.6,GB	+2.23,+281.7,+25.2,CB	+2.32,+276.4,+25.4,NB	
1700693019.5099523	+2.57,+256.6,+19.5,CB	+2.64,+252.8,+20.0,FB	+6.65,+20.3,+20.1,NA	+2.46,+268.4,+25.6,@B	+2.22,+282.2,+25.2,DB	+2.34,+275.6,+25.4,IB	
1700693081.518242	+2.57,+256.6,+19.5,CB	+2.64,+252.9,+20.0,GB	+6.65,+20.4,+20.1,IA	+2.46,+268.2,+25.6,FB	+2.23,+281.7,+25.2,CB	+2.32,+276.5,+25.3,HB	
1700693143.529457	+2.57,+256.6,+19.5,CB	+2.64,+252.8,+20.0,FB	+6.65,+20.4,+20.1,IA	+2.50,+266.4,+25.5,JB	+2.23,+281.9,+25.2,MB	+2.35,+275.1,+25.4,OB	
1700693205.5392163	+2.57,+256.5,+19.5,@B	+2.64,+252.9,+20.0,GB	+6.65,+20.3,+20.1,NA	+2.48,+267.5,+25.5,CB	+2.23,+281.7,+25.2,CB	+2.33,+276.3,+25.3,OB	
1700693267.546404	+2.57,+256.5,+19.5,@B	+2.64,+252.8,+19.9,EB	+6.65,+20.3,+20.1,NA	+2.47,+267.8,+25.6,BB	+2.23,+282.0,+25.2,GB	+2.34,+275.7,+25.4,HB	
1700693329.5539625	+2.57,+256.6,+19.5,CB	+2.64,+252.9,+20.0,GB	+6.65,+20.3,+20.1,NA	+2.46,+268.3,+25.6,GB	+2.22,+282.6,+25.2,@B	+2.35,+275.0,+25.3,IB	
1700693391.5604582	+2.57,+256.6,+19.5,CB	+2.64,+252.9,+20.0,GB	+6.65,+20.4,+20.1,IA	+2.48,+267.1,+25.5,GB	+2.22,+282.2,+25.2,DB	+2.36,+274.2,+25.4,NB	
1700693453.5655644	+2.57,+256.5,+19.5,@B	+2.64,+252.9,+20.0,GB	+6.65,+20.3,+20.1,NA	+2.48,+267.6,+25.5,@B	+2.23,+282.0,+25.2,GB	+2.34,+275.7,+25.4,HB	
1700693515.5742188	+2.57,+256.6,+19.5,CB	+2.64,+252.9,+20.0,GB	+6.65,+20.4,+20.1,IA	+2.47,+268.0,+25.6,EB	+2.22,+282.7,+25.2,AB	+2.36,+274.5,+25.4,IB	
1700693577.5845833	+2.57,+256.5,+19.5,@B	+2.64,+252.9,+20.0,GB	+6.65,+20.3,+20.1,NA	+2.48,+267.6,+25.5,@B	+2.22,+282.3,+25.2,EB	+2.34,+275.7,+25.3,OB	
1700693639.5944312	+2.57,+256.6,+19.5,CB	+2.64,+252.9,+20.0,GB	+6.65,+20.4,+20.1,IA	+2.48,+267.3,+25.6,FB	+2.22,+282.4,+25.2,BB	+2.36,+274.2,+25.4,NB	
1700693701.602455	+2.57,+256.6,+19.5,CB	+2.64,+252.9,+20.0,GB	+6.65,+20.4,+20.1,IA	+2.47,+267.8,+25.6,BB	+2.21,+282.8,+25.2,MB	+2.35,+274.6,+25.4,IB	
1700693763.6115632	+2.57,+256.6,+19.5,CB	+2.64,+252.9,+20.0,GB	+6.65,+20.4,+20.1,IA	+2.47,+267.8,+25.5,AB	+2.22,+282.5,+25.2,CB	+2.33,+275.8,+25.4,@B	
1700693825.6224394	+2.57,+256.5,+19.5,@B	+2.64,+252.8,+19.9,EB	+6.65,+20.3,+20.1,NA	+2.47,+268.0,+25.5,FB	+2.21,+282.7,+25.2,BB	+2.35,+275.1,+25.4,OB	
1700693887.6318886	+2.57,+256.6,+19.5,CB	+2.64,+252.9,+20.0,GB	+6.65,+20.4,+20.1,IA	+2.49,+266.5,+25.5,CB	+2.23,+281.8,+25.2,LB	+2.34,+275.6,+25.3,NB	
1700694133.1871023	+2.57,+256.6,+19.5,CB	+2.64,+252.9,+20.0,GB	+6.65,+20.4,+20.1,IA	+2.49,+266.9,+25.6,LB	+2.22,+282.6,+25.2,@B	+2.34,+275.6,+25.3,NB	
1700694195.19467	+2.57,+256.6,+19.5,CB	+2.64,+252.9,+20.0,GB	+6.65,+20.3,+20.1,NA	+2.48,+267.6,+25.6,CB	+2.23,+281.8,+25.2,LB	+2.35,+275.0,+25.4,NB	
1700694257.2033432	+2.57,+256.6,+19.5,CB	+2.64,+252.9,+20.0,GB	+6.65,+20.4,+20.1,IA	+2.49,+266.9,+25.6,LB	+2.22,+282.4,+25.2,BB	+2.34,+275.3,+25.4,LB	
1700694319.2119017	+2.57,+256.6,+19.5,CB	+2.64,+252.9,+20.0,GB	+6.65,+20.3,+20.1,NA	+2.49,+267.0,+25.6,DB	+2.22,+282.6,+25.2,@B	+2.34,+275.6,+25.4,IB	
1700694381.217724	+2.57,+256.6,+19.5,CB	+2.64,+252.9,+20.0,GB	+6.65,+20.3,+20.1,NA	+2.48,+267.4,+25.6,AB	+2.22,+282.1,+25.2,GB	+2.35,+274.8,+25.4,GB	
1700694443.2284298	+2.57,+256.6,+19.5,CB	+2.64,+252.9,+20.0,GB	+6.65,+20.3,+20.1,NA	+2.48,+267.2,+25.5,DB	+2.22,+282.1,+25.2,GB	+2.35,+275.0,+25.4,NB	
1700694505.2364826	+2.57,+256.6,+19.5,CB	+2.64,+253.0,+20.0,OB	+6.65,+20.3,+20.1,NA	+2.48,+267.5,+25.5,CB	+2.21,+282.8,+25.2,MB	+2.33,+276.3,+25.4,HB	
1700694567.2454367	+2.57,+256.5,+19.5,@B	+2.64,+253.0,+20.0,OB	+6.65,+20.5,+20.1,HA	+2.46,+268.4,+25.6,@B	+2.22,+282.1,+25.2,GB	+2.33,+275.8,+25.4,@B	
1700694629.2552922	+2.57,+256.6,+19.5,CB	+2.64,+253.0,+19.9,LB	+6.65,+20.5,+20.1,HA	+2.47,+267.8,+25.5,AB	+2.23,+281.9,+25.2,MB	+2.34,+275.3,+25.4,LB	
1700694691.2638276	+2.57,+256.6,+19.5,CB	+2.64,+252.9,+20.0,GB	+6.65,+20.5,+20.1,HA	+2.48,+267.4,+25.6,AB	+2.23,+282.0,+25.2,GB	+2.34,+275.2,+25.4,MB	
1700694753.2711515	+2.57,+256.6,+19.5,CB	+2.64,+253.0,+20.0,OB	+6.65,+20.5,+20.1,HA	+2.47,+268.2,+25.6,GB	+2.22,+282.2,+25.2,DB	+2.33,+276.2,+25.4,IB	
1700694815.279345	+2.57,+256.7,+19.5,BB	+2.64,+253.0,+20.0,OB	+6.65,+20.5,+20.1,HA	+2.47,+267.7,+25.5,NB	+2.21,+282.7,+25.2,BB	+2.31,+277.0,+25.4,HB	
1700694877.2859156	+2.57,+256.6,+19.5,CB	+2.64,+253.0,+20.0,OB	+6.65,+20.5,+20.1,HA	+2.48,+267.4,+25.6,AB	+2.21,+282.7,+25.2,BB	+2.32,+276.7,+25.3,JB	
1700694939.294343	+2.57,+256.6,+19.5,CB	+2.64,+253.0,+20.0,OB	+6.65,+20.4,+20.1,IA	+2.48,+267.4,+25.6,AB	+2.22,+282.2,+25.2,DB	+2.34,+275.7,+25.4,HB	
1700695001.3047621	+2.57,+256.6,+19.5,CB	+2.64,+253.0,+20.0,OB	+6.65,+20.4,+20.1,IA	+2.47,+267.9,+25.5,@B	+2.23,+282.1,+25.2,FB	+2.34,+275.7,+25.4,HB	
1700695063.3131683	+2.57,+256.7,+19.5,BB	+2.64,+253.0,+20.0,OB	+6.65,+20.4,+20.1,IA	+2.46,+268.4,+25.6,@B	+2.22,+282.4,+25.2,BB	+2.32,+276.8,+25.4,BB	
1700695125.321656	+2.57,+256.6,+19.5,CB	+2.64,+253.0,+20.0,OB	+6.65,+20.4,+20.1,IA	+2.47,+267.6,+25.5,OB	+2.21,+282.8,+25.2,MB	+2.31,+277.2,+25.4,JB	
1700695187.3309205	+2.57,+256.7,+19.5,BB	+2.64,+253.0,+19.9,LB	+6.65,+20.4,+20.1,IA	+2.47,+268.1,+25.6,DB	+2.21,+282.8,+25.2,MB	+2.31,+277.4,+25.4,LB	
1700695249.337218	+2.57,+256.7,+19.5,BB	+2.64,+253.0,+20.0,OB	+6.65,+20.4,+20.1,IA	+2.46,+268.4,+25.6,@B	+2.22,+282.2,+25.2,DB	+2.32,+276.5,+25.4,OB	
1700695311.3452952	+2.57,+256.7,+19.5,BB	+2.64,+253.0,+20.0,OB	+6.65,+20.4,+20.1,IA	+2.48,+267.4,+25.6,AB	+2.22,+282.5,+25.2,CB	+2.31,+277.0,+25.4,HB	
1700695373.3517196	+2.57,+256.6,+19.5,CB	+2.64,+253.0,+20.0,OB	+6.65,+20.4,+20.1,IA	+2.49,+266.9,+25.6,LB	+2.22,+282.2,+25.2,DB	+2.33,+276.3,+25.4,HB	
1700695435.363309	+2.57,+256.7,+19.5,BB	+2.64,+253.1,+19.9,MB	+6.65,+20.4,+20.1,IA	+2.48,+267.3,+25.5,EB	+2.22,+282.3,+25.2,EB	+2.32,+276.6,+25.4,LB	
1700695497.3732023	+2.57,+256.7,+19.5,BB	+2.64,+253.0,+20.0,OB	+6.65,+20.4,+20.1,IA	+2.48,+267.1,+25.6,DB	+2.23,+281.9,+25.2,MB	+2.34,+275.6,+25.3,NB	
1700695559.3836467	+2.57,+256.6,+19.5,CB	+2.64,+253.0,+20.0,OB	+6.65,+20.4,+20.1,IA	+2.48,+267.3,+25.5,EB	+2.22,+282.3,+25.2,EB	+2.33,+276.3,+25.4,HB	
1700695621.392562	+2.57,+256.6,+19.5,CB	+2.64,+253.0,+20.0,OB	+6.65,+20.4,+20.1,IA	+2.48,+267.4,+25.6,AB	+2.22,+282.2,+25.2,DB	+2.32,+276.4,+25.4,NB	
1700695683.4007204	+2.57,+256.7,+19.5,BB	+2.64,+253.0,+19.9,LB	+6.65,+20.3,+20.1,NA	+2.48,+267.5,+25.5,CB	+2.22,+282.2,+25.2,DB	+2.34,+275.4,+25.4,KB	
1700695745.4101539	+2.57,+256.6,+19.5,CB	+2.64,+253.0,+20.0,OB	+6.65,+20.4,+20.1,IA	+2.47,+268.2,+25.6,GB	+2.22,+282.5,+25.2,CB	+2.33,+276.1,+25.4,JB	
1700695807.4192054	+2.57,+256.6,+19.4,BB	+2.64,+253.0,+20.0,OB	+6.65,+20.4,+20.1,IA	+2.47,+267.7,+25.6,MB	+2.22,+282.3,+25.2,EB	+2.34,+275.6,+25.4,IB	
1700695869.427739	+2.57,+256.7,+19.5,BB	+2.64,+253.0,+20.0,OB	+6.65,+20.4,+20.1,IA	+2.48,+267.6,+25.6,CB	+2.22,+282.2,+25.2,DB	+2.34,+275.5,+25.4,JB	
1700695931.4386055	+2.57,+256.6,+19.5,CB	+2.64,+253.0,+20.0,OB	+6.65,+20.4,+20.1,IA	+2.48,+267.5,+25.6,@B	+2.22,+282.1,+25.2,GB	+2.34,+275.6,+25.4,IB	
1700695993.4479835	+2.57,+256.7,+19.4,CB	+2.64,+253.1,+20.0,NB	+6.65,+20.4,+20.1,IA	+2.48,+267.3,+25.6,FB	+2.22,+282.1,+25.2,GB	+2.35,+275.1,+25.4,OB	
1700696055.456048	+2.57,+256.7,+19.5,BB	+2.64,+253.0,+20.0,OB	+6.65,+20.4,+20.1,IA	+2.48,+267.4,+25.6,AB	+2.23,+282.0,+25.2,GB	+2.35,+274.8,+25.3,@B	
1700696117.4651558	+2.57,+256.7,+19.5,BB	+2.64,+253.0,+20.0,OB	+6.65,+20.4,+20.1,IA	+2.48,+267.2,+25.6,GB	+2.23,+282.0,+25.2,GB	+2.34,+275.5,+25.3,MB	
1700696179.474704	+2.57,+256.7,+19.5,BB	+2.64,+253.0,+20.0,OB	+6.65,+20.4,+20.1,IA	+2.48,+267.4,+25.5,BB	+2.22,+282.6,+25.2,@B	+2.34,+275.2,+25.4,MB	
1700696241.483936	+2.57,+256.8,+19.5,MB	+2.64,+253.0,+19.9,LB	+6.65,+20.4,+20.1,IA	+2.48,+267.3,+25.6,FB	+2.23,+282.0,+25.2,GB	+2.34,+275.5,+25.3,MB	
1700696303.4938676	+2.57,+256.7,+19.5,BB	+2.64,+253.0,+20.0,OB	+6.65,+20.4,+20.0,HA	+2.48,+267.2,+25.6,GB	+2.23,+282.0,+25.2,GB	+2.34,+275.5,+25.4,JB	
1700696365.5042696	+2.57,+256.7,+19.5,BB	+2.64,+253.1,+20.0,NB	+6.65,+20.5,+20.1,HA	+2.48,+267.1,+25.5,GB	+2.22,+282.1,+25.2,GB	+2.34,+275.2,+25.4,MB	
1700696427.514382	+2.57,+256.7,+19.5,BB	+2.64,+253.1,+20.0,NB	+6.65,+20.4,+20.1,IA	+2.48,+267.3,+25.5,EB	+2.22,+282.6,+25.2,@B	+2.34,+275.3,+25.4,LB	
1700696489.5247798	+2.57,+256.7,+19.5,BB	+2.64,+253.1,+20.0,NB	+6.65,+20.4,+20.1,IA	+2.47,+268.0,+25.5,FB	+2.23,+282.0,+25.2,GB	+2.33,+276.0,+25.4,KB	
1700696551.5316043	+2.57,+256.7,+19.5,BB	+2.64,+253.1,+20.0,NB	+6.65,+20.4,+20.1,IA	+2.46,+268.5,+25.5,BB	+2.22,+282.2,+25.2,DB	+2.32,+276.8,+25.4,BB	
1700696613.5433762	+2.57,+256.7,+19.5,BB	+2.64,+253.1,+19.9,MB	+6.65,+20.4,+20.1,IA	+2.48,+267.5,+25.6,@B	+2.21,+282.8,+25.2,MB	+2.34,+275.7,+25.4,HB	
1700696675.5525622	+2.57,+256.7,+19.5,BB	+2.64,+253.1,+19.9,MB	+6.65,+20.4,+20.1,IA	+2.48,+267.6,+25.6,CB	+2.22,+282.1,+25.2,GB	+2.34,+275.7,+25.4,HB	
1700696737.5615733	+2.57,+256.7,+19.5,BB	+2.64,+253.1,+20.0,NB	+6.65,+20.5,+20.1,HA	+2.47,+267.7,+25.5,NB	+2.21,+282.9,+25.2,LB	+2.33,+275.8,+25.3,GB	
1700696799.5693243	+2.57,+256.7,+19.5,BB	+2.64,+253.1,+20.0,NB	+6.65,+20.5,+20.1,HA	+2.46,+268.3,+25.5,DB	+2.22,+282.2,+25.2,DB	+2.32,+276.5,+25.4,OB	
1700696861.5800195	+2.57,+256.7,+19.5,BB	+2.64,+253.1,+20.0,NB	+6.65,+20.5,+20.1,HA	+2.46,+268.3,+25.6,GB	+2.21,+282.8,+25.2,MB	+2.32,+276.6,+25.4,LB	
1700696923.5911345	+2.57,+256.7,+19.5,BB	+2.64,+253.1,+19.9,MB	+6.65,+20.5,+20.1,HA	+2.46,+268.5,+25.6,AB	+2.21,+282.9,+25.2,LB	+2.32,+276.9,+25.4,CB	
1700696985.599703	+2.57,+256.7,+19.5,BB	+2.64,+253.1,+19.9,MB	+6.65,+20.5,+20.1,HA	+2.46,+268.3,+25.5,DB	+2.22,+282.2,+25.2,DB	+2.32,+276.5,+25.4,OB	
1700697047.6106284	+2.57,+256.7,+19.5,BB	+2.64,+253.1,+19.9,MB	+6.65,+20.5,+20.1,HA	+2.48,+267.5,+25.5,CB	+2.22,+282.5,+25.2,CB	+2.34,+275.7,+25.4,HB	
1700697109.6189742	+2.57,+256.8,+19.5,MB	+2.64,+253.1,+20.0,NB	+6.65,+20.5,+20.1,HA	+2.47,+267.9,+25.6,CB	+2.21,+282.7,+25.2,BB	+2.33,+276.2,+25.4,IB	
1700697171.626791	+2.57,+256.7,+19.5,BB	+2.64,+253.1,+20.0,NB	+6.65,+20.4,+20.1,IA	+2.48,+267.1,+25.6,DB	+2.22,+282.5,+25.2,CB	+2.33,+276.0,+25.4,KB	
1700697233.6340976	+2.57,+256.7,+19.5,BB	+2.64,+253.1,+20.0,NB	+6.65,+20.5,+20.0,IA	+2.48,+267.6,+25.6,CB	+2.22,+282.5,+25.2,CB	+2.32,+276.3,+25.3,NB	
1700697295.6427858	+2.57,+256.7,+19.5,BB	+2.64,+253.2,+20.0,MB	+6.65,+20.5,+20.0,IA	+2.46,+268.6,+25.5,AB	+2.22,+282.5,+25.2,CB	+2.30,+277.5,+25.4,LB	
1700697357.652781	+2.57,+256.7,+19.5,BB	+2.64,+253.2,+20.0,MB	+6.65,+20.5,+20.1,HA	+2.45,+268.9,+25.6,NB	+2.21,+282.7,+25.2,BB	+2.30,+277.7,+25.4,NB	
1700697419.6622481	+2.57,+256.7,+19.5,BB	+2.64,+253.1,+19.9,MB	+6.65,+20.5,+20.0,IA	+2.46,+268.8,+25.6,LB	+2.21,+282.7,+25.2,BB	+2.30,+277.6,+25.4,OB	
1700697481.670762	+2.57,+256.8,+19.5,MB	+2.64,+253.1,+20.0,NB	+6.65,+20.5,+20.0,IA	+2.47,+267.7,+25.6,MB	+2.22,+282.2,+25.2,DB	+2.32,+276.6,+25.4,LB	
1700697543.6800451	+2.57,+256.8,+19.5,MB	+2.64,+253.2,+19.9,NB	+6.65,+20.5,+20.0,IA	+2.47,+267.9,+25.6,CB	+2.22,+282.3,+25.2,EB	+2.31,+277.1,+25.4,IB	
1700697605.6880722	+2.57,+256.7,+19.5,BB	+2.64,+253.1,+20.0,NB	+6.65,+20.5,+20.0,IA	+2.46,+268.6,+25.6,BB	+2.21,+282.7,+25.2,BB	+2.31,+277.0,+25.4,HB	
1700697667.6976385	+2.57,+256.7,+19.5,BB	+2.64,+253.2,+19.9,NB	+6.65,+20.5,+20.0,IA	+2.46,+268.5,+25.6,AB	+2.22,+282.5,+25.2,CB	+2.32,+276.8,+25.3,EB	
1700697729.7070756	+2.57,+256.8,+19.5,MB	+2.64,+253.1,+19.9,MB	+6.65,+20.5,+20.0,IA	+2.46,+268.5,+25.6,AB	+2.22,+282.6,+25.2,@B	+2.31,+277.5,+25.4,MB	
1700697975.3448107	+2.57,+256.8,+19.5,MB	+2.64,+253.2,+19.9,NB	+6.65,+20.5,+20.0,IA	+2.46,+268.3,+25.6,GB	+2.21,+282.7,+25.2,BB	+2.32,+276.5,+25.4,OB	
1700698037.3536997	+2.57,+256.8,+19.5,MB	+2.64,+253.1,+19.9,MB	+6.65,+20.5,+20.0,IA	+2.45,+269.0,+25.6,FB	+2.22,+282.4,+25.2,BB	+2.31,+277.3,+25.3,LB	
1700698099.3603475	+2.57,+256.8,+19.5,MB	+2.64,+253.2,+19.9,NB	+6.65,+20.5,+20.0,IA	+2.45,+269.0,+25.6,FB	+2.22,+282.4,+25.2,BB	+2.31,+277.2,+25.4,JB	
1700698161.3708124	+2.57,+256.8,+19.5,MB	+2.64,+253.1,+19.9,MB	+6.65,+20.5,+20.0,IA	+2.47,+267.7,+25.6,MB	+2.21,+282.7,+25.2,BB	+2.32,+276.5,+25.4,OB	
1700698223.3790758	+2.57,+256.7,+19.5,BB	+2.64,+253.2,+19.9,NB	+6.65,+20.5,+20.0,IA	+2.45,+268.8,+25.6,OB	+2.22,+282.3,+25.2,EB	+2.31,+277.4,+25.4,LB	
1700698285.3888736	+2.57,+256.8,+19.5,MB	+2.64,+253.2,+19.9,NB	+6.65,+20.5,+20.0,IA	+2.47,+267.7,+25.6,MB	+2.22,+282.6,+25.2,@B	+2.32,+276.6,+25.3,KB	
1700698347.3977683	+2.57,+256.8,+19.5,MB	+2.64,+253.1,+20.0,NB	+6.65,+20.5,+20.0,IA	+2.46,+268.7,+25.6,CB	+2.21,+282.8,+25.2,MB	+2.32,+276.6,+25.4,LB	
1700698409.405048	+2.57,+256.8,+19.5,MB	+2.64,+253.2,+19.9,NB	+6.65,+20.5,+20.0,IA	+2.46,+268.5,+25.6,AB	+2.21,+283.0,+25.2,DB	+2.33,+276.0,+25.4,KB	
1700698471.4150202	+2.57,+256.8,+19.5,MB	+2.64,+253.2,+19.9,NB	+6.65,+20.5,+20.0,IA	+2.46,+268.5,+25.6,AB	+2.23,+282.0,+25.2,GB	+2.31,+277.2,+25.4,JB	
1700698533.4212425	+2.57,+256.8,+19.5,MB	+2.64,+253.2,+19.9,NB	+6.65,+20.4,+20.0,HA	+2.45,+269.1,+25.6,GB	+2.22,+282.5,+25.2,CB	+2.32,+276.9,+25.4,CB	
1700698595.4309366	+2.57,+256.8,+19.5,MB	+2.64,+253.2,+19.9,NB	+6.65,+20.5,+20.0,IA	+2.46,+268.3,+25.6,GB	+2.21,+282.9,+25.2,LB	+2.33,+275.8,+25.3,GB	
1700698657.4395044	+2.57,+256.8,+19.5,MB	+2.64,+253.2,+19.9,NB	+6.65,+20.5,+20.0,IA	+2.46,+268.3,+25.6,GB	+2.23,+281.9,+25.2,MB	+2.31,+277.0,+25.4,HB	
1700698719.4481459	+2.57,+256.8,+19.4,LB	+2.64,+253.2,+19.9,NB	+6.65,+20.4,+20.0,HA	+2.46,+268.3,+25.5,DB	+2.22,+282.6,+25.2,@B	+2.33,+275.9,+25.4,AB	
1700698781.4571683	+2.57,+256.8,+19.4,LB	+2.64,+253.2,+19.9,NB	+6.65,+20.5,+20.0,IA	+2.46,+268.3,+25.5,DB	+2.21,+282.7,+25.2,BB	+2.33,+275.9,+25.4,AB	
1700698843.462784	+2.57,+256.8,+19.4,LB	+2.64,+253.2,+19.9,NB	+6.65,+20.5,+20.0,IA	+2.45,+269.1,+25.5,DB	+2.22,+282.2,+25.2,DB	+2.30,+277.6,+25.3,HB	
1700698905.4718595	+2.57,+256.8,+19.4,LB	+2.64,+253.2,+19.9,NB	+6.65,+20.5,+20.0,IA	+2.45,+269.1,+25.6,GB	+2.22,+282.3,+25.2,EB	+2.31,+277.4,+25.4,LB	
1700698967.478166	+2.57,+256.8,+19.4,LB	+2.64,+253.2,+19.9,NB	+6.65,+20.5,+20.0,IA	+2.47,+268.0,+25.6,EB	+2.22,+282.3,+25.2,EB	+2.33,+276.3,+25.4,HB	
1700699029.4861662	+2.57,+256.8,+19.5,MB	+2.64,+253.2,+19.9,NB	+6.65,+20.5,+20.0,IA	+2.47,+268.0,+25.6,EB	+2.22,+282.3,+25.2,EB	+2.32,+276.4,+25.4,NB	
1700699091.4940429	+2.57,+256.8,+19.5,MB	+2.64,+253.2,+19.9,NB	+6.65,+20.5,+20.0,IA	+2.45,+269.1,+25.5,DB	+2.22,+282.6,+25.2,@B	+2.32,+276.5,+25.3,HB	
1700699153.5012047	+2.57,+256.8,+19.5,MB	+2.64,+253.2,+19.9,NB	+6.65,+20.5,+20.0,IA	+2.47,+268.0,+25.6,EB	+2.22,+282.1,+25.2,GB	+2.34,+275.5,+25.3,MB	
1700699215.5134692	+2.57,+256.8,+19.5,MB	+2.64,+253.2,+19.9,NB	+6.65,+20.5,+20.0,IA	+2.45,+268.9,+25.6,NB	+2.22,+282.2,+25.2,DB	+2.32,+276.7,+25.4,MB	
1700699277.5231254	+2.57,+256.8,+19.4,LB	+2.64,+253.3,+19.9,OB	+6.65,+20.5,+20.0,IA	+2.45,+268.9,+25.6,NB	+2.22,+282.3,+25.2,EB	+2.32,+276.5,+25.4,OB	
1700699339.531764	+2.57,+256.8,+19.4,LB	+2.64,+253.2,+20.0,MB	+6.65,+20.6,+20.0,JA	+2.46,+268.7,+25.5,@B	+2.22,+282.2,+25.2,DB	+2.32,+276.6,+25.4,LB	
1700699401.5435233	+2.57,+256.9,+19.4,MB	+2.64,+253.2,+19.9,NB	+6.65,+20.5,+20.0,IA	+2.47,+268.0,+25.5,FB	+2.23,+281.8,+25.2,LB	+2.34,+275.6,+25.4,IB	
1700699463.554402	+2.57,+256.8,+19.5,MB	+2.64,+253.2,+19.9,NB	+6.65,+20.6,+20.0,JA	+2.47,+268.2,+25.6,GB	+2.22,+282.1,+25.2,GB	+2.35,+275.1,+25.4,OB	
1700699525.5646548	+2.57,+256.8,+19.4,LB	+2.64,+253.2,+19.9,NB	+6.65,+20.6,+20.0,JA	+2.45,+269.1,+25.6,GB	+2.22,+282.6,+25.2,@B	+2.35,+274.6,+25.3,NB	
1700699587.5731664	+2.57,+256.8,+19.5,MB	+2.64,+253.2,+19.9,NB	+6.65,+20.6,+20.0,JA	+2.48,+267.6,+25.6,CB	+2.22,+282.2,+25.2,DB	+2.35,+274.7,+25.4,HB	
1700699649.5824976	+2.57,+256.8,+19.5,MB	+2.64,+253.2,+19.9,NB	+6.64,+20.6,+20.0,KA	+2.46,+268.4,+25.6,@B	+2.22,+282.2,+25.2,DB	+2.36,+274.4,+25.4,HB	
1700699711.590935	+2.57,+256.8,+19.4,LB	+2.64,+253.2,+19.9,NB	+6.65,+20.6,+20.0,JA	+2.45,+269.1,+25.5,DB	+2.22,+282.6,+25.2,@B	+2.35,+274.8,+25.4,GB	
1700699773.60069	+2.57,+256.8,+19.4,LB	+2.64,+253.3,+19.9,OB	+6.65,+20.6,+20.0,JA	+2.45,+268.9,+25.6,NB	+2.21,+282.8,+25.2,MB	+2.34,+275.6,+25.3,NB	
1700699835.60989	+2.57,+256.8,+19.4,LB	+2.64,+253.3,+19.9,OB	+6.65,+20.6,+20.0,JA	+2.47,+267.9,+25.6,CB	+2.22,+282.3,+25.2,EB	+2.33,+275.8,+25.3,GB	
1700699897.6187809	+2.57,+256.8,+19.4,LB	+2.64,+253.3,+19.9,OB	+6.65,+20.5,+20.0,IA	+2.46,+268.4,+25.6,@B	+2.22,+282.6,+25.2,@B	+2.33,+276.2,+25.4,IB	
1700699959.6290638	+2.57,+256.9,+19.4,MB	+2.64,+253.2,+19.9,NB	+6.65,+20.6,+20.0,JA	+2.48,+267.6,+25.6,CB	+2.22,+282.1,+25.2,GB	+2.34,+275.3,+25.4,LB	
1700700021.638926	+2.57,+256.8,+19.4,LB	+2.64,+253.3,+19.9,OB	+6.65,+20.5,+20.0,IA	+2.46,+268.4,+25.6,@B	+2.21,+282.8,+25.2,MB	+2.33,+276.1,+25.4,JB	
1700700083.6473546	+2.57,+256.8,+19.4,LB	+2.63,+253.3,+19.9,HB	+6.65,+20.5,+20.0,IA	+2.47,+267.6,+25.6,LB	+2.23,+282.0,+25.2,GB	+2.34,+275.3,+25.4,LB	
1700700145.652624	+2.57,+256.8,+19.4,LB	+2.63,+253.3,+19.9,HB	+6.65,+20.6,+20.0,JA	+2.45,+269.0,+25.5,EB	+2.22,+282.6,+25.2,@B	+2.34,+275.2,+25.3,JB	
1700700207.662221	+2.57,+256.8,+19.4,LB	+2.64,+253.2,+19.9,NB	+6.65,+20.5,+20.0,IA	+2.45,+269.3,+25.5,FB	+2.21,+282.8,+25.2,MB	+2.34,+275.7,+25.4,HB	
1700700269.6677542	+2.57,+256.8,+19.4,LB	+2.64,+253.3,+19.9,OB	+6.64,+20.6,+20.0,KA	+2.45,+269.2,+25.5,GB	+2.21,+282.9,+25.2,LB	+2.33,+276.0,+25.4,KB	
1700700331.6622772	+2.57,+256.9,+19.4,MB	+2.64,+253.3,+19.9,OB	+6.64,+20.6,+20.0,KA	+2.46,+268.4,+25.6,@B	+2.22,+282.6,+25.2,@B	+2.33,+276.2,+25.4,IB	
1700700393.671104	+2.57,+256.9,+19.4,MB	+2.63,+253.3,+19.9,HB	+6.64,+20.6,+20.0,KA	+2.45,+269.1,+25.6,GB	+2.23,+282.0,+25.2,GB	+2.35,+275.0,+25.4,NB	
1700700455.6791291	+2.57,+256.9,+19.4,MB	+2.64,+253.3,+19.9,OB	+6.65,+20.6,+20.0,JA	+2.45,+269.3,+25.5,FB	+2.21,+282.7,+25.2,BB	+2.33,+276.3,+25.4,HB	
1700700517.6881196	+2.57,+256.9,+19.4,MB	+2.64,+253.2,+19.9,NB	+6.65,+20.6,+20.0,JA	+2.46,+268.7,+25.6,CB	+2.22,+282.2,+25.2,DB	+2.34,+275.3,+25.3,KB	
1700700579.695432	+2.57,+256.9,+19.4,MB	+2.63,+253.3,+19.9,HB	+6.65,+20.6,+20.0,JA	+2.45,+269.2,+25.6,DB	+2.21,+283.0,+25.2,DB	+2.33,+276.3,+25.3,OB	
1700700641.7055442	+2.57,+256.8,+19.4,LB	+2.64,+253.3,+19.9,OB	+6.65,+20.5,+20.0,IA	+2.45,+269.1,+25.6,GB	+2.21,+283.0,+25.2,DB	+2.35,+275.1,+25.4,OB	
1700700703.7186632	+2.57,+256.9,+19.4,MB	+2.64,+253.3,+19.9,OB	+6.65,+20.6,+20.0,JA	+2.45,+269.0,+25.5,EB	+2.21,+282.8,+25.2,MB	+2.33,+276.2,+25.4,IB	
1700700765.7250443	+2.57,+256.8,+19.4,LB	+2.63,+253.3,+19.9,HB	+6.64,+20.6,+20.0,KA	+2.47,+268.1,+25.6,DB	+2.21,+282.7,+25.2,BB	+2.33,+276.0,+25.4,KB	
1700700827.7308893	+2.57,+256.8,+19.4,LB	+2.63,+253.3,+19.9,HB	+6.65,+20.5,+20.0,IA	+2.46,+268.7,+25.6,CB	+2.21,+283.0,+25.2,DB	+2.33,+276.3,+25.3,OB	
1700700889.7364225	+2.57,+256.9,+19.4,MB	+2.63,+253.3,+19.9,HB	+6.65,+20.6,+20.0,JA	+2.44,+269.6,+25.6,AB	+2.22,+282.3,+25.2,EB	+2.35,+274.9,+25.3,AB	
1700700951.7434356	+2.57,+256.9,+19.4,MB	+2.63,+253.3,+19.9,HB	+6.65,+20.6,+20.0,JA	+2.46,+268.6,+25.6,BB	+2.21,+283.1,+25.2,EB	+2.32,+276.5,+25.3,HB	
1700701013.753651	+2.57,+256.8,+19.4,LB	+2.63,+253.3,+19.9,HB	+6.65,+20.6,+20.0,JA	+2.45,+269.2,+25.6,DB	+2.21,+282.9,+25.2,LB	+2.33,+275.8,+25.3,GB	
1700701075.762739	+2.57,+256.8,+19.5,MB	+2.63,+253.3,+19.9,HB	+6.64,+20.6,+20.0,KA	+2.44,+269.5,+25.5,AB	+2.22,+282.5,+25.2,CB	+2.34,+275.5,+25.4,JB	
1700701137.772443	+2.57,+256.9,+19.4,MB	+2.63,+253.3,+19.9,HB	+6.64,+20.7,+20.0,JA	+2.44,+269.5,+25.5,AB	+2.22,+282.3,+25.2,EB	+2.35,+275.0,+25.4,NB	
1700701199.782003	+2.57,+256.9,+19.4,MB	+2.63,+253.3,+19.9,HB	+6.64,+20.6,+20.0,KA	+2.46,+268.7,+25.5,@B	+2.21,+282.8,+25.2,MB	+2.35,+275.0,+25.4,NB	
1700701261.7928712	+2.57,+256.9,+19.4,MB	+2.63,+253.3,+19.9,HB	+6.64,+20.7,+20.0,JA	+2.45,+269.3,+25.6,EB	+2.22,+282.4,+25.2,BB	+2.35,+274.7,+25.3,OB	
1700701323.8018386	+2.57,+256.9,+19.4,MB	+2.63,+253.4,+19.9,OB	+6.64,+20.6,+20.0,KA	+2.46,+268.5,+25.5,BB	+2.21,+282.9,+25.2,LB	+2.34,+275.5,+25.4,JB	
1700701385.8091426	+2.57,+256.9,+19.4,MB	+2.63,+253.3,+19.9,HB	+6.64,+20.6,+20.0,KA	+2.44,+269.6,+25.6,AB	+2.22,+282.2,+25.2,DB	+2.37,+273.8,+25.3,EB	
1700701447.8190875	+2.57,+256.9,+19.4,MB	+2.63,+253.3,+19.9,HB	+6.65,+20.6,+20.0,JA	+2.47,+268.1,+25.6,DB	+2.21,+282.8,+25.2,MB	+2.35,+274.6,+25.4,IB	
1700701509.8275414	+2.56,+256.9,+19.4,LB	+2.63,+253.3,+19.9,HB	+6.64,+20.6,+20.0,KA	+2.46,+268.7,+25.5,@B	+2.21,+282.9,+25.2,LB	+2.36,+274.3,+25.3,HB	
1700701571.834277	+2.57,+256.9,+19.4,MB	+2.63,+253.3,+19.9,HB	+6.64,+20.7,+20.0,JA	+2.46,+268.5,+25.5,BB	+2.21,+282.9,+25.2,LB	+2.35,+275.0,+25.4,NB	
1700701817.407368	+2.57,+256.9,+19.4,MB	+2.63,+253.3,+19.9,HB	+6.64,+20.6,+20.0,KA	+2.46,+268.8,+25.6,LB	+2.22,+282.4,+25.2,BB	+2.37,+273.8,+25.4,BB	
1700701879.4159017	+2.57,+256.9,+19.4,MB	+2.63,+253.4,+19.9,OB	+6.64,+20.6,+20.0,KA	+2.45,+268.9,+25.6,NB	+2.22,+282.5,+25.2,CB	+2.37,+273.9,+25.4,CB	
1700701941.4247067	+2.57,+256.9,+19.4,MB	+2.63,+253.3,+19.9,HB	+6.64,+20.6,+20.0,KA	+2.44,+269.8,+25.6,OB	+2.22,+282.1,+25.2,GB	+2.34,+275.3,+25.4,LB	
1700702003.4347243	+2.56,+256.9,+19.4,LB	+2.63,+253.3,+19.9,HB	+6.64,+20.6,+20.0,KA	+2.45,+269.0,+25.5,EB	+2.23,+281.8,+25.2,LB	+2.36,+274.5,+25.4,IB	
1700702065.4457452	+2.57,+256.9,+19.4,MB	+2.63,+253.4,+19.9,OB	+6.64,+20.6,+20.0,KA	+2.44,+269.4,+25.6,CB	+2.23,+282.1,+25.2,FB	+2.35,+275.0,+25.4,NB	
1700702127.4539807	+2.57,+256.9,+19.4,MB	+2.63,+253.4,+19.9,OB	+6.64,+20.6,+20.0,KA	+2.45,+269.0,+25.6,FB	+2.22,+282.7,+25.2,AB	+2.36,+274.4,+25.4,HB	
1700702189.4622545	+2.57,+256.9,+19.4,MB	+2.63,+253.4,+19.9,OB	+6.64,+20.6,+20.0,KA	+2.44,+269.8,+25.6,OB	+2.22,+282.2,+25.2,DB	+2.34,+275.4,+25.3,LB	
1700702251.4699044	+2.57,+256.9,+19.4,MB	+2.63,+253.4,+19.9,OB	+6.64,+20.7,+20.0,JA	+2.45,+269.0,+25.6,FB	+2.22,+282.5,+25.2,CB	+2.36,+274.1,+25.4,MB	
1700702313.478292	+2.56,+256.9,+19.4,LB	+2.63,+253.4,+19.9,OB	+6.64,+20.6,+20.0,KA	+2.45,+269.4,+25.6,BB	+2.23,+282.0,+25.2,GB	+2.36,+274.4,+25.3,OB	
1700702375.4864006	+2.56,+256.9,+19.4,LB	+2.63,+253.3,+19.9,HB	+6.64,+20.6,+20.0,KA	+2.45,+269.0,+25.6,FB	+2.22,+282.3,+25.2,EB	+2.37,+273.9,+25.4,CB	
1700702437.4941206	+2.57,+256.9,+19.4,MB	+2.63,+253.4,+19.9,OB	+6.64,+20.6,+20.0,KA	+2.45,+269.2,+25.6,DB	+2.21,+283.0,+25.2,DB	+2.36,+274.1,+25.4,MB	
1700702499.503613	+2.57,+256.9,+19.4,MB	+2.63,+253.5,+19.9,NB	+6.65,+20.6,+20.0,JA	+2.45,+269.0,+25.6,FB	+2.22,+282.4,+25.2,BB	+2.36,+274.0,+25.4,LB	
1700702561.512192	+2.57,+256.9,+19.5,LB	+2.63,+253.4,+19.9,OB	+6.64,+20.6,+20.0,KA	+2.46,+268.8,+25.6,LB	+2.21,+282.9,+25.2,LB	+2.37,+273.8,+25.4,BB	
1700702623.5201502	+2.56,+256.9,+19.4,LB	+2.63,+253.4,+19.9,OB	+6.64,+20.6,+20.0,KA	+2.46,+268.6,+25.5,AB	+2.21,+282.9,+25.2,LB	+2.37,+273.9,+25.4,CB	
1700702685.5299585	+2.57,+256.9,+19.4,MB	+2.63,+253.4,+19.9,OB	+6.64,+20.7,+20.0,JA	+2.46,+268.4,+25.6,@B	+2.21,+282.9,+25.2,LB	+2.37,+274.0,+25.4,MB	
1700702747.540466	+2.57,+256.9,+19.4,MB	+2.63,+253.4,+19.9,OB	+6.64,+20.7,+20.0,JA	+2.44,+269.6,+25.6,AB	+2.22,+282.3,+25.2,EB	+2.34,+275.3,+25.4,LB	
1700702809.5463827	+2.56,+257.0,+19.4,DB	+2.63,+253.4,+19.9,OB	+6.64,+20.6,+20.0,KA	+2.46,+268.6,+25.6,BB	+2.22,+282.6,+25.2,@B	+2.36,+274.2,+25.4,NB	
1700702871.5537152	+2.57,+256.9,+19.4,MB	+2.63,+253.5,+19.9,NB	+6.64,+20.7,+20.0,JA	+2.46,+268.7,+25.6,CB	+2.22,+282.4,+25.2,BB	+2.36,+274.4,+25.4,HB	
1700702933.5628738	+2.57,+256.9,+19.4,MB	+2.63,+253.4,+19.9,OB	+6.64,+20.6,+20.0,KA	+2.44,+269.4,+25.6,CB	+2.22,+282.5,+25.2,CB	+2.34,+275.5,+25.4,JB	
1700702995.5725803	+2.56,+256.9,+19.4,LB	+2.63,+253.4,+19.9,OB	+6.64,+20.7,+20.0,JA	+2.44,+269.5,+25.5,AB	+2.22,+282.5,+25.2,CB	+2.34,+275.6,+25.4,IB	
1700703057.5820847	+2.56,+256.9,+19.4,LB	+2.63,+253.4,+19.9,OB	+6.64,+20.7,+20.0,JA	+2.45,+269.2,+25.6,DB	+2.22,+282.4,+25.2,BB	+2.35,+274.7,+25.4,HB	
1700703119.5897398	+2.56,+256.9,+19.4,LB	+2.63,+253.4,+19.9,OB	+6.64,+20.7,+20.0,JA	+2.46,+268.4,+25.6,@B	+2.21,+283.0,+25.2,DB	+2.37,+273.9,+25.3,DB	
1700703181.6002655	+2.56,+256.9,+19.4,LB	+2.63,+253.4,+19.9,OB	+6.64,+20.7,+20.0,JA	+2.44,+269.4,+25.6,CB	+2.22,+282.6,+25.2,@B	+2.34,+275.5,+25.4,JB	
1700703243.6072173	+2.56,+256.9,+19.4,LB	+2.63,+253.5,+19.9,NB	+6.64,+20.7,+20.0,JA	+2.46,+268.5,+25.6,AB	+2.21,+282.8,+25.2,MB	+2.35,+274.8,+25.4,GB	
1700703305.615654	+2.57,+256.9,+19.4,MB	+2.63,+253.4,+19.9,OB	+6.64,+20.7,+20.0,JA	+2.44,+269.5,+25.6,BB	+2.22,+282.3,+25.2,EB	+2.34,+275.7,+25.4,HB	
1700703367.6242948	+2.56,+256.9,+19.4,LB	+2.63,+253.5,+19.9,NB	+6.64,+20.7,+20.0,JA	+2.44,+269.8,+25.5,LB	+2.22,+282.3,+25.2,EB	+2.34,+275.6,+25.4,IB	
1700703429.6330433	+2.56,+256.9,+19.4,LB	+2.63,+253.4,+19.9,OB	+6.64,+20.7,+20.0,JA	+2.44,+269.8,+25.6,OB	+2.22,+282.3,+25.2,EB	+2.33,+275.9,+25.4,AB	
1700703491.6420422	+2.56,+256.9,+19.4,LB	+2.63,+253.4,+19.9,OB	+6.64,+20.7,+20.0,JA	+2.45,+268.9,+25.6,NB	+2.21,+282.7,+25.2,BB	+2.35,+274.7,+25.4,HB	
1700703553.6501572	+2.56,+257.0,+19.4,DB	+2.63,+253.5,+19.9,NB	+6.64,+20.7,+20.0,JA	+2.44,+269.7,+25.6,@B	+2.22,+282.3,+25.2,EB	+2.36,+274.5,+25.4,IB	
1700703615.6606574	+2.56,+257.0,+19.4,DB	+2.63,+253.5,+19.9,NB	+6.64,+20.7,+20.0,JA	+2.45,+269.4,+25.5,AB	+2.22,+282.3,+25.2,EB	+2.36,+274.3,+25.4,OB	
1700703677.6704423	+2.57,+256.9,+19.4,MB	+2.63,+253.5,+19.9,NB	+6.64,+20.6,+20.0,KA	+2.46,+268.4,+25.6,@B	+2.21,+282.9,+25.2,LB	+2.38,+273.1,+25.4,DB	
1700703739.6794562	+2.56,+256.9,+19.4,LB	+2.63,+253.5,+19.9,NB	+6.64,+20.7,+20.0,JA	+2.46,+268.7,+25.6,CB	+2.21,+283.0,+25.2,DB	+2.38,+273.0,+25.4,EB	
1700703801.6893084	+2.56,+257.0,+19.4,DB	+2.63,+253.5,+19.9,NB	+6.64,+20.7,+20.0,JA	+2.44,+269.7,+25.6,@B	+2.22,+282.4,+25.2,BB	+2.36,+274.3,+25.4,OB	
1700703863.6994143	+2.56,+257.0,+19.4,DB	+2.63,+253.5,+19.9,NB	+6.64,+20.6,+20.0,KA	+2.44,+269.5,+25.6,BB	+2.22,+282.4,+25.2,BB	+2.36,+274.2,+25.4,NB	
1700703925.7086973	+2.56,+257.0,+19.4,DB	+2.63,+253.5,+19.9,NB	+6.64,+20.7,+20.0,JA	+2.44,+269.6,+25.5,BB	+2.22,+282.3,+25.2,EB	+2.35,+274.6,+25.4,IB	
1700703987.7178137	+2.56,+257.0,+19.4,DB	+2.63,+253.6,+19.9,MB	+6.64,+20.7,+20.0,JA	+2.46,+268.4,+25.6,@B	+2.21,+282.7,+25.2,BB	+2.37,+273.5,+25.4,OB	
1700704049.7265613	+2.56,+257.0,+19.4,DB	+2.63,+253.5,+19.9,NB	+6.64,+20.8,+20.0,EA	+2.45,+269.3,+25.5,FB	+2.21,+283.1,+25.2,EB	+2.37,+273.6,+25.4,LB	
1700704111.737812	+2.56,+257.0,+19.4,DB	+2.63,+253.5,+19.9,NB	+6.64,+20.7,+20.0,JA	+2.44,+269.5,+25.6,BB	+2.21,+282.7,+25.2,BB	+2.36,+274.2,+25.4,NB	
1700704173.7471557	+2.56,+257.0,+19.4,DB	+2.63,+253.5,+19.9,NB	+6.64,+20.7,+20.0,JA	+2.44,+269.5,+25.5,AB	+2.21,+283.0,+25.2,DB	+2.37,+273.8,+25.4,BB	
1700704235.757881	+2.56,+257.0,+19.4,DB	+2.63,+253.6,+19.9,MB	+6.64,+20.8,+20.0,EA	+2.46,+268.7,+25.6,CB	+2.21,+283.1,+25.2,EB	+2.38,+273.1,+25.4,DB	
1700704297.7666426	+2.56,+257.0,+19.4,DB	+2.63,+253.5,+19.9,NB	+6.64,+20.7,+20.0,JA	+2.44,+269.8,+25.5,LB	+2.21,+283.0,+25.2,DB	+2.37,+273.8,+25.3,EB	
1700704359.7763815	+2.56,+257.0,+19.4,DB	+2.63,+253.6,+19.9,MB	+6.64,+20.7,+20.0,JA	+2.45,+269.0,+25.6,FB	+2.21,+283.2,+25.2,FB	+2.38,+273.0,+25.3,BB	
1700704421.7870743	+2.56,+257.0,+19.4,DB	+2.63,+253.5,+19.9,NB	+6.64,+20.7,+20.0,JA	+2.57,+261.8,+25.6,EB	+2.21,+282.9,+25.2,LB	+2.38,+273.2,+25.4,GB	
1700704483.7956522	+2.56,+257.0,+19.4,DB	+2.63,+253.6,+19.9,MB	+6.64,+20.7,+20.0,JA	+2.55,+263.2,+25.6,OB	+2.21,+283.0,+25.2,DB	+2.36,+274.4,+25.4,HB	
1700704545.8072865	+2.56,+257.0,+19.4,DB	+2.63,+253.5,+19.9,NB	+6.64,+20.7,+20.0,JA	+2.55,+263.1,+25.5,OB	+2.21,+283.2,+25.2,FB	+2.37,+273.8,+25.4,BB	
1700704607.8156319	+2.57,+256.9,+19.4,MB	+2.63,+253.6,+19.9,MB	+6.64,+20.7,+20.0,JA	+2.56,+262.7,+25.6,HB	+2.20,+283.3,+25.2,FB	+2.38,+273.3,+25.4,FB	
1700704669.8240867	+2.56,+257.0,+19.4,DB	+2.63,+253.6,+19.9,MB	+6.64,+20.6,+20.0,KA	+2.56,+262.6,+25.6,IB	+2.21,+283.1,+25.2,EB	+2.38,+273.2,+25.4,GB	
1700704731.8318126	+2.56,+257.0,+19.4,DB	+2.63,+253.6,+19.9,MB	+6.64,+20.7,+20.0,JA	+2.57,+262.1,+25.5,LB	+2.21,+282.8,+25.2,MB	+2.38,+273.2,+25.4,GB	
1700704793.8421729	+2.56,+257.0,+19.4,DB	+2.63,+253.5,+19.9,NB	+6.64,+20.7,+20.0,JA	+2.55,+263.2,+25.6,OB	+2.21,+283.1,+25.2,EB	+2.37,+273.7,+25.3,JB	
1700704855.8518472	+2.57,+256.9,+19.5,LB	+2.63,+253.5,+19.9,NB	+6.64,+20.6,+20.0,KA	+2.57,+262.1,+25.6,OB	+2.22,+282.2,+25.2,DB	+2.36,+274.1,+25.3,JB	
1700704917.8610957	+2.56,+257.0,+19.4,DB	+2.63,+253.6,+19.9,MB	+6.64,+20.6,+20.0,KA	+2.57,+262.1,+25.5,LB	+2.22,+282.2,+25.2,DB	+2.37,+273.5,+25.4,OB	
1700704979.8711624	+2.56,+257.0,+19.5,EB	+2.63,+253.6,+19.9,MB	+6.64,+20.7,+20.0,JA	+2.57,+262.1,+25.5,LB	+2.22,+282.3,+25.2,EB	+2.37,+273.6,+25.4,LB	
1700705041.880758	+2.56,+257.0,+19.4,DB	+2.63,+253.6,+19.9,MB	+6.64,+20.6,+20.0,KA	+2.56,+262.8,+25.6,GB	+2.21,+282.8,+25.2,MB	+2.39,+272.7,+25.4,BB	
1700705103.8901339	+2.56,+257.0,+19.4,DB	+2.63,+253.6,+19.9,MB	+6.65,+20.6,+20.0,JA	+2.55,+263.0,+25.5,NB	+2.21,+282.8,+25.2,MB	+2.39,+272.8,+25.4,MB	
1700705165.900862	+2.56,+257.0,+19.4,DB	+2.63,+253.6,+19.9,MB	+6.64,+20.6,+20.0,KA	+2.55,+263.4,+25.6,IB	+2.21,+283.1,+25.2,EB	+2.37,+273.7,+25.4,MB	
1700705227.910836	+2.56,+257.0,+19.4,DB	+2.63,+253.6,+19.9,MB	+6.65,+20.6,+20.0,JA	+2.55,+263.4,+25.6,IB	+2.21,+283.1,+25.2,EB	+2.38,+273.2,+25.4,GB	
1700705289.919919	+2.56,+257.0,+19.4,DB	+2.63,+253.6,+19.9,MB	+6.65,+20.6,+20.0,JA	+2.56,+262.5,+25.5,IB	+2.22,+282.5,+25.2,CB	+2.39,+272.7,+25.4,BB	
1700705351.931016	+2.56,+257.0,+19.4,DB	+2.63,+253.6,+19.9,MB	+6.65,+20.6,+20.0,JA	+2.55,+263.4,+25.6,IB	+2.21,+283.0,+25.2,DB	+2.38,+272.8,+25.3,KB	
1700705413.9401224	+2.56,+257.0,+19.4,DB	+2.63,+253.6,+19.9,MB	+6.65,+20.5,+20.0,IA	+2.55,+263.4,+25.5,JB	+2.21,+282.7,+25.2,BB	+2.38,+273.0,+25.4,EB	
1700705659.5135357	+2.56,+257.1,+19.4,EB	+2.63,+253.7,+19.9,LB	+6.65,+20.6,+20.0,JA	+2.57,+262.2,+25.5,OB	+2.21,+283.0,+25.2,DB	+2.37,+273.8,+25.4,BB	
1700705721.5233815	+2.56,+257.1,+19.4,EB	+2.63,+253.7,+20.0,OB	+6.65,+20.5,+20.0,IA	+2.57,+262.1,+25.5,LB	+2.21,+283.0,+25.2,DB	+2.36,+274.1,+25.4,MB	
1700705783.5327072	+2.56,+257.0,+19.4,DB	+2.63,+253.7,+19.9,LB	+6.65,+20.6,+20.0,JA	+2.56,+262.6,+25.6,IB	+2.22,+282.4,+25.2,BB	+2.38,+273.1,+25.4,DB	
1700705845.5424993	+2.56,+257.0,+19.4,DB	+2.63,+253.7,+19.9,LB	+6.65,+20.6,+20.0,JA	+2.56,+262.8,+25.6,GB	+2.22,+282.1,+25.2,GB	+2.38,+273.3,+25.4,FB	
1700705907.5514646	+2.56,+257.1,+19.4,EB	+2.63,+253.7,+19.9,LB	+6.64,+20.6,+20.0,KA	+2.55,+263.2,+25.6,OB	+2.21,+282.7,+25.2,BB	+2.35,+275.0,+25.3,IB	
1700705969.5614436	+2.56,+257.1,+19.4,EB	+2.63,+253.7,+19.9,LB	+6.65,+20.6,+20.0,JA	+2.57,+262.3,+25.6,MB	+2.22,+282.3,+25.2,EB	+2.37,+273.6,+25.4,LB	
1700706031.569825	+2.56,+257.0,+19.4,DB	+2.63,+253.7,+19.9,LB	+6.65,+20.6,+20.0,JA	+2.57,+262.3,+25.6,MB	+2.21,+282.9,+25.2,LB	+2.35,+274.7,+25.4,HB	
1700706093.5800967	+2.56,+257.1,+19.4,EB	+2.63,+253.7,+19.9,LB	+6.64,+20.6,+20.0,KA	+2.56,+262.7,+25.5,KB	+2.22,+282.1,+25.2,GB	+2.37,+273.5,+25.4,OB	
1700706155.5879698	+2.56,+257.1,+19.4,EB	+2.63,+253.7,+19.9,LB	+6.65,+20.6,+20.0,JA	+2.56,+262.8,+25.5,DB	+2.23,+281.9,+25.2,MB	+2.37,+273.7,+25.3,JB	
1700706217.5979247	+2.56,+257.1,+19.5,DB	+2.63,+253.7,+19.9,LB	+6.65,+20.6,+20.0,JA	+2.55,+263.3,+25.6,NB	+2.22,+282.5,+25.2,CB	+2.34,+275.2,+25.3,JB	
1700706279.6075814	+2.56,+257.1,+19.4,EB	+2.63,+253.7,+19.9,LB	+6.64,+20.6,+20.0,KA	+2.56,+262.9,+25.6,FB	+2.23,+281.8,+25.2,LB	+2.37,+273.8,+25.4,BB	
1700706341.6150815	+2.56,+257.1,+19.4,EB	+2.63,+253.7,+19.9,LB	+6.64,+20.7,+20.0,JA	+2.56,+262.9,+25.5,EB	+2.21,+282.7,+25.2,BB	+2.35,+274.7,+25.3,OB	
1700706403.6245918	+2.56,+257.1,+19.4,EB	+2.63,+253.6,+19.9,MB	+6.64,+20.6,+20.0,KA	+2.56,+262.9,+25.6,FB	+2.22,+282.1,+25.2,GB	+2.37,+273.8,+25.3,EB	
1700706465.6351402	+2.56,+257.1,+19.4,EB	+2.63,+253.7,+19.9,LB	+6.64,+20.7,+20.0,JA	+2.57,+262.3,+25.5,NB	+2.22,+282.3,+25.2,EB	+2.36,+274.3,+25.4,OB	
1700706527.6448581	+2.56,+257.1,+19.4,EB	+2.63,+253.7,+19.9,LB	+6.64,+20.6,+20.1,JA	+2.56,+262.9,+25.6,FB	+2.21,+282.8,+25.2,MB	+2.34,+275.2,+25.3,JB	
1700706589.6532564	+2.56,+257.1,+19.4,EB	+2.63,+253.7,+19.9,LB	+6.64,+20.6,+20.1,JA	+2.56,+262.3,+25.5,OB	+2.22,+282.4,+25.2,BB	+2.36,+274.3,+25.3,HB	
1700706651.6605234	+2.56,+257.1,+19.4,EB	+2.63,+253.7,+19.9,LB	+6.64,+20.7,+20.0,JA	+2.56,+262.5,+25.6,JB	+2.22,+282.2,+25.2,DB	+2.37,+273.7,+25.4,MB	
1700706713.6682103	+2.56,+257.1,+19.4,EB	+2.63,+253.7,+19.9,LB	+6.64,+20.7,+20.0,JA	+2.54,+263.5,+25.6,IB	+2.21,+283.0,+25.2,DB	+2.35,+275.2,+25.4,LB	
1700706775.6796248	+2.56,+257.1,+19.4,EB	+2.63,+253.7,+19.9,LB	+6.64,+20.6,+20.0,KA	+2.56,+262.7,+25.5,KB	+2.22,+282.4,+25.2,BB	+2.37,+273.6,+25.3,KB	
1700706837.6882932	+2.56,+257.1,+19.4,EB	+2.63,+253.7,+19.9,LB	+6.64,+20.6,+20.0,KA	+2.55,+262.9,+25.6,EB	+2.22,+282.6,+25.2,@B	+2.37,+273.9,+25.4,CB	
1700706899.6993904	+2.56,+257.1,+19.4,EB	+2.63,+253.7,+19.9,LB	+6.64,+20.6,+20.0,KA	+2.56,+262.7,+25.5,KB	+2.22,+282.6,+25.2,@B	+2.35,+274.8,+25.3,@B	
1700706961.7092228	+2.56,+257.1,+19.4,EB	+2.63,+253.7,+19.9,LB	+6.64,+20.6,+20.0,KA	+2.55,+262.9,+25.5,FB	+2.21,+282.7,+25.2,BB	+2.37,+274.0,+25.4,MB	
1700707023.719844	+2.56,+257.1,+19.4,EB	+2.63,+253.7,+19.9,LB	+6.64,+20.6,+20.1,JA	+2.54,+263.6,+25.6,JB	+2.21,+283.1,+25.2,EB	+2.34,+275.2,+25.4,MB	
1700707085.7281423	+2.56,+257.1,+19.4,EB	+2.63,+253.7,+19.9,LB	+6.64,+20.6,+20.1,JA	+2.55,+263.4,+25.6,IB	+2.21,+282.8,+25.2,MB	+2.34,+275.3,+25.4,LB	
1700707147.7379105	+2.56,+257.1,+19.4,EB	+2.63,+253.7,+19.9,LB	+6.64,+20.6,+20.0,KA	+2.55,+263.3,+25.6,NB	+2.21,+282.8,+25.2,MB	+2.36,+274.4,+25.3,OB	
1700707209.7443292	+2.56,+257.1,+19.4,EB	+2.63,+253.8,+19.9,CB	+6.64,+20.7,+20.1,KA	+2.55,+263.3,+25.6,NB	+2.22,+282.6,+25.2,@B	+2.34,+275.2,+25.4,MB	
1700707271.753633	+2.56,+257.1,+19.5,DB	+2.63,+253.7,+19.9,LB	+6.64,+20.6,+20.0,KA	+2.56,+262.7,+25.6,HB	+2.22,+282.6,+25.2,@B	+2.37,+273.7,+25.4,MB	
1700707333.7639518	+2.56,+257.1,+19.5,DB	+2.63,+253.8,+19.9,CB	+6.64,+20.6,+20.1,JA	+2.55,+263.4,+25.6,IB	+2.21,+282.8,+25.2,MB	+2.36,+274.5,+25.4,IB	
1700707395.7725356	+2.56,+257.1,+19.4,EB	+2.63,+253.8,+19.9,CB	+6.64,+20.7,+20.0,JA	+2.56,+262.6,+25.6,IB	+2.23,+282.1,+25.2,FB	+2.36,+274.2,+25.4,NB	
1700707457.7822163	+2.56,+257.1,+19.4,EB	+2.63,+253.7,+19.9,LB	+6.65,+20.6,+20.0,JA	+2.56,+262.9,+25.5,EB	+2.22,+282.1,+25.2,GB	+2.36,+274.5,+25.4,IB	
1700707519.7860305	+2.56,+257.1,+19.4,EB	+2.63,+253.7,+19.9,LB	+6.64,+20.6,+20.1,JA	+2.54,+263.6,+25.6,JB	+2.21,+282.7,+25.2,BB	+2.35,+274.8,+25.4,GB	
1700707581.796413	+2.56,+257.1,+19.4,EB	+2.63,+253.8,+19.9,CB	+6.65,+20.6,+20.1,KA	+2.56,+262.6,+25.5,JB	+2.23,+282.0,+25.2,GB	+2.37,+273.9,+25.4,CB	
1700707643.8068855	+2.56,+257.1,+19.4,EB	+2.63,+253.8,+19.9,CB	+6.64,+20.6,+20.0,KA	+2.54,+263.6,+25.5,IB	+2.22,+282.5,+25.2,CB	+2.34,+275.2,+25.4,MB	
1700707705.8165534	+2.56,+257.2,+19.4,FB	+2.63,+253.8,+19.9,CB	+6.64,+20.6,+20.0,KA	+2.56,+262.4,+25.6,KB	+2.22,+282.2,+25.2,DB	+2.37,+273.9,+25.3,DB	
1700707767.8256428	+2.56,+257.1,+19.4,EB	+2.63,+253.8,+19.9,CB	+6.65,+20.5,+20.0,IA	+2.55,+263.2,+25.6,OB	+2.23,+282.0,+25.2,GB	+2.35,+275.0,+25.4,NB	
1700707829.8344061	+2.56,+257.1,+19.4,EB	+2.63,+253.8,+19.9,CB	+6.65,+20.5,+20.1,HA	+2.56,+262.4,+25.6,KB	+2.22,+282.5,+25.2,CB	+2.36,+274.0,+25.4,LB	
1700707891.8446124	+2.56,+257.2,+19.4,FB	+2.63,+253.9,+19.9,BB	+6.65,+20.6,+20.0,JA	+2.54,+263.7,+25.6,KB	+2.22,+282.5,+25.2,CB	+2.34,+275.7,+25.4,HB	
1700707953.85593	+2.56,+257.2,+19.4,FB	+2.63,+253.8,+19.9,CB	+6.64,+20.6,+20.0,KA	+2.54,+263.7,+25.6,KB	+2.22,+282.4,+25.2,BB	+2.33,+275.8,+25.3,GB	
1700708015.8662026	+2.56,+257.2,+19.4,FB	+2.63,+253.8,+19.9,CB	+6.65,+20.6,+20.0,JA	+2.54,+263.5,+25.6,IB	+2.22,+282.2,+25.2,DB	+2.33,+275.9,+25.4,AB	
1700708077.8757038	+2.56,+257.1,+19.5,DB	+2.63,+253.8,+19.9,CB	+6.65,+20.6,+20.0,JA	+2.54,+263.5,+25.5,JB	+2.22,+282.1,+25.2,GB	+2.34,+275.7,+25.4,HB	
1700708139.885425	+2.56,+257.2,+19.4,FB	+2.63,+253.8,+19.9,CB	+6.65,+20.5,+20.0,IA	+2.56,+262.4,+25.5,HB	+2.22,+282.6,+25.2,@B	+2.36,+274.2,+25.4,NB	
1700708201.896375	+2.56,+257.2,+19.5,GB	+2.63,+253.8,+19.9,CB	+6.65,+20.5,+20.0,IA	+2.56,+262.6,+25.6,IB	+2.21,+282.8,+25.2,MB	+2.35,+274.6,+25.4,IB	
1700708263.905192	+2.56,+257.1,+19.4,EB	+2.63,+253.9,+19.9,BB	+6.65,+20.6,+20.1,KA	+2.56,+262.6,+25.6,IB	+2.21,+282.8,+25.2,MB	+2.35,+274.7,+25.4,HB	
1700708325.9149718	+2.56,+257.2,+19.5,GB	+2.63,+253.8,+19.9,CB	+6.65,+20.6,+20.0,JA	+2.56,+262.6,+25.5,JB	+2.21,+282.8,+25.2,MB	+2.36,+274.5,+25.4,IB	
1700708387.9242818	+2.56,+257.2,+19.5,GB	+2.63,+253.8,+19.9,CB	+6.65,+20.6,+20.0,JA	+2.55,+263.4,+25.6,IB	+2.23,+282.0,+25.2,GB	+2.35,+275.0,+25.4,NB	
1700708449.9320571	+2.56,+257.2,+19.4,FB	+2.63,+253.9,+19.9,BB	+6.64,+20.6,+20.1,JA	+2.55,+263.1,+25.6,LB	+2.22,+282.2,+25.2,DB	+2.35,+275.1,+25.4,OB	
1700708511.9380336	+2.56,+257.2,+19.4,FB	+2.63,+253.8,+19.9,CB	+6.65,+20.6,+20.0,JA	+2.57,+262.3,+25.6,MB	+2.21,+282.8,+25.2,MB	+2.36,+274.2,+25.4,NB	
1700708573.9492238	+2.56,+257.2,+19.4,FB	+2.63,+253.9,+19.9,BB	+6.65,+20.6,+20.1,KA	+2.55,+263.4,+25.6,IB	+2.22,+282.2,+25.2,DB	+2.34,+275.7,+25.4,HB	
1700708635.9580703	+2.56,+257.2,+19.4,FB	+2.62,+253.9,+19.9,CB	+6.64,+20.6,+20.0,KA	+2.54,+263.7,+25.6,KB	+2.23,+281.9,+25.2,MB	+2.33,+275.9,+25.4,AB	
1700708697.9673052	+2.56,+257.2,+19.4,FB	+2.63,+253.8,+19.9,CB	+6.65,+20.5,+20.1,HA	+2.56,+262.8,+25.5,DB	+2.22,+282.5,+25.2,CB	+2.35,+274.6,+25.4,IB	
1700708759.976608	+2.56,+257.1,+19.4,EB	+2.62,+253.9,+19.9,CB	+6.65,+20.6,+20.1,KA	+2.54,+263.8,+25.6,DB	+2.23,+281.9,+25.2,MB	+2.33,+276.1,+25.4,JB	
1700708821.9859998	+2.56,+257.2,+19.4,FB	+2.62,+253.9,+19.9,CB	+6.65,+20.6,+20.0,JA	+2.56,+262.6,+25.5,JB	+2.21,+282.7,+25.2,BB	+2.36,+274.5,+25.4,IB	
1700708883.9951499	+2.56,+257.2,+19.4,FB	+2.63,+253.9,+19.9,BB	+6.65,+20.6,+20.0,JA	+2.54,+263.7,+25.6,KB	+2.23,+282.0,+25.2,GB	+2.33,+276.2,+25.3,NB	
1700708946.0020065	+2.56,+257.2,+19.4,FB	+2.62,+253.9,+19.9,CB	+6.65,+20.6,+20.0,JA	+2.54,+263.5,+25.5,JB	+2.23,+282.1,+25.2,FB	+2.33,+276.2,+25.4,IB	
1700709008.0104394	+2.56,+257.2,+19.4,FB	+2.63,+253.9,+19.9,BB	+6.65,+20.6,+20.0,JA	+2.55,+263.1,+25.5,OB	+2.22,+282.4,+25.2,BB	+2.34,+275.5,+25.4,JB	
1700709070.0211663	+2.56,+257.2,+19.4,FB	+2.62,+253.9,+19.9,CB	+6.65,+20.6,+20.0,JA	+2.55,+263.2,+25.6,OB	+2.22,+282.2,+25.2,DB	+2.33,+275.8,+25.4,@B	
1700709132.0310678	+2.56,+257.2,+19.4,FB	+2.62,+253.9,+19.9,CB	+6.64,+20.7,+20.0,JA	+2.54,+263.9,+25.6,EB	+2.23,+282.0,+25.2,GB	+2.33,+276.2,+25.4,IB	
1700709194.0401213	+2.56,+257.2,+19.5,GB	+2.63,+253.9,+19.9,BB	+6.64,+20.6,+20.0,KA	+2.55,+262.9,+25.6,EB	+2.22,+282.4,+25.2,BB	+2.34,+275.5,+25.4,JB	
1700709256.0501823	+2.56,+257.2,+19.5,GB	+2.62,+253.9,+19.9,CB	+6.65,+20.6,+20.0,JA	+2.54,+263.7,+25.6,KB	+2.23,+282.0,+25.2,GB	+2.32,+276.4,+25.4,NB	
1700709501.6063797	+2.56,+257.3,+19.5,FB	+2.62,+253.9,+19.9,CB	+6.65,+20.6,+20.0,JA	+2.54,+263.7,+25.6,KB	+2.22,+282.6,+25.2,@B	+2.33,+275.8,+25.4,@B	
1700709563.614043	+2.56,+257.3,+19.5,FB	+2.62,+253.9,+19.9,CB	+6.64,+20.6,+20.0,KA	+2.55,+263.2,+25.5,LB	+2.21,+282.9,+25.2,LB	+2.35,+275.1,+25.4,OB	
1700709625.6238704	+2.56,+257.3,+19.4,GB	+2.62,+253.9,+19.9,CB	+6.65,+20.6,+20.0,JA	+2.56,+262.9,+25.6,FB	+2.22,+282.3,+25.2,EB	+2.34,+275.6,+25.4,IB	
1700709687.6353817	+2.56,+257.2,+19.4,FB	+2.62,+253.9,+19.9,CB	+6.64,+20.6,+20.0,KA	+2.54,+263.8,+25.6,DB	+2.21,+282.7,+25.2,BB	+2.34,+275.4,+25.4,KB	
1700709749.6440828	+2.56,+257.3,+19.5,FB	+2.62,+253.9,+19.9,CB	+6.64,+20.7,+20.1,KA	+2.55,+263.2,+25.6,OB	+2.22,+282.1,+25.2,GB	+2.33,+276.0,+25.4,KB	
1700709811.6540139	+2.56,+257.2,+19.5,GB	+2.62,+253.9,+19.9,CB	+6.65,+20.6,+20.1,KA	+2.54,+263.9,+25.6,EB	+2.22,+282.5,+25.2,CB	+2.33,+276.1,+25.4,JB	
1700709873.6625133	+2.56,+257.3,+19.5,FB	+2.62,+253.9,+19.9,CB	+6.64,+20.6,+20.1,JA	+2.54,+263.9,+25.5,FB	+2.21,+282.9,+25.2,LB	+2.33,+275.8,+25.4,@B	
1700709935.6724613	+2.56,+257.2,+19.5,GB	+2.62,+253.9,+20.0,@B	+6.64,+20.7,+20.1,KA	+2.55,+263.1,+25.6,LB	+2.22,+282.1,+25.2,GB	+2.33,+275.8,+25.4,@B	
1700709997.6823597	+2.56,+257.3,+19.4,GB	+2.63,+253.9,+19.9,BB	+6.64,+20.6,+20.1,JA	+2.56,+262.5,+25.6,JB	+2.22,+282.5,+25.2,CB	+2.35,+274.8,+25.4,GB	
1700710059.691851	+2.56,+257.2,+19.5,GB	+2.63,+253.9,+19.9,BB	+6.64,+20.7,+20.1,KA	+2.54,+263.9,+25.6,EB	+2.21,+282.9,+25.2,LB	+2.34,+275.7,+25.3,OB	
1700710121.7029293	+2.56,+257.3,+19.5,FB	+2.62,+253.9,+19.9,CB	+6.64,+20.6,+20.1,JA	+2.55,+263.4,+25.6,IB	+2.21,+282.8,+25.2,MB	+2.35,+275.1,+25.4,OB	
1700710183.7107387	+2.56,+257.3,+19.5,FB	+2.62,+254.0,+19.9,MB	+6.65,+20.6,+20.1,KA	+2.55,+263.2,+25.6,OB	+2.21,+283.0,+25.2,DB	+2.35,+275.0,+25.3,IB	
1700710245.7207375	+2.56,+257.3,+19.5,FB	+2.62,+254.0,+19.9,MB	+6.64,+20.6,+20.1,JA	+2.55,+263.3,+25.6,NB	+2.22,+282.4,+25.2,BB	+2.32,+276.7,+25.4,MB	
1700710307.7320924	+2.56,+257.3,+19.5,FB	+2.62,+254.0,+19.9,MB	+6.64,+20.7,+20.1,KA	+2.54,+264.0,+25.6,KB	+2.21,+282.9,+25.2,LB	+2.33,+276.2,+25.4,IB	
1700710369.7401078	+2.56,+257.3,+19.5,FB	+2.62,+254.0,+19.9,MB	+6.64,+20.7,+20.0,JA	+2.54,+264.0,+25.5,HB	+2.21,+283.0,+25.2,DB	+2.33,+276.0,+25.4,KB	
1700710431.748636	+2.56,+257.4,+19.5,AB	+2.62,+253.9,+19.9,CB	+6.64,+20.7,+20.1,KA	+2.56,+262.6,+25.6,IB	+2.22,+282.4,+25.2,BB	+2.34,+275.4,+25.4,KB	
1700710493.7562823	+2.56,+257.3,+19.5,FB	+2.62,+254.1,+19.9,LB	+6.64,+20.7,+20.1,KA	+2.56,+262.5,+25.6,JB	+2.22,+282.4,+25.2,BB	+2.34,+275.4,+25.4,KB	
1700710555.7638524	+2.56,+257.3,+19.4,GB	+2.62,+254.0,+20.0,NB	+6.64,+20.7,+20.0,JA	+2.56,+262.5,+25.5,IB	+2.22,+282.3,+25.2,EB	+2.33,+275.8,+25.4,@B	
1700710617.772942	+2.56,+257.3,+19.4,GB	+2.62,+254.0,+19.9,MB	+6.64,+20.8,+20.1,DA	+2.54,+263.7,+25.5,HB	+2.21,+282.8,+25.2,MB	+2.32,+276.6,+25.4,LB	
1700710679.7833867	+2.56,+257.3,+19.4,GB	+2.62,+254.0,+19.9,MB	+6.64,+20.7,+20.1,KA	+2.54,+263.6,+25.5,IB	+2.21,+282.8,+25.2,MB	+2.35,+275.2,+25.4,LB	
1700710741.7935529	+2.56,+257.3,+19.4,GB	+2.62,+254.0,+19.9,MB	+6.64,+20.8,+20.1,DA	+2.55,+263.3,+25.6,NB	+2.22,+282.6,+25.2,@B	+2.35,+274.7,+25.4,HB	
1700710803.8039575	+2.56,+257.3,+19.4,GB	+2.62,+254.0,+19.9,MB	+6.64,+20.8,+20.1,DA	+2.56,+262.7,+25.5,KB	+2.22,+282.5,+25.2,CB	+2.34,+275.5,+25.3,MB	
1700710865.813078	+2.56,+257.3,+19.5,FB	+2.62,+254.0,+19.9,MB	+6.64,+20.8,+20.1,DA	+2.56,+262.9,+25.6,FB	+2.22,+282.6,+25.2,@B	+2.33,+276.1,+25.4,JB	
1700710927.8227928	+2.56,+257.3,+19.5,FB	+2.62,+254.0,+19.9,MB	+6.64,+20.7,+20.1,KA	+2.54,+263.9,+25.6,EB	+2.21,+283.1,+25.2,EB	+2.34,+275.6,+25.4,IB	
1700710989.8316126	+2.56,+257.3,+19.5,FB	+2.62,+254.0,+19.9,MB	+6.64,+20.7,+20.1,KA	+2.54,+263.7,+25.6,KB	+2.21,+282.8,+25.2,MB	+2.35,+275.0,+25.4,NB	
1700711051.841999	+2.56,+257.4,+19.5,AB	+2.62,+254.0,+20.0,NB	+6.64,+20.7,+20.1,KA	+2.56,+262.8,+25.5,DB	+2.22,+282.3,+25.2,EB	+2.35,+275.0,+25.4,NB	
1700711113.8520968	+2.56,+257.3,+19.5,FB	+2.62,+254.0,+19.9,MB	+6.64,+20.7,+20.1,KA	+2.56,+262.7,+25.6,HB	+2.22,+282.4,+25.2,BB	+2.34,+275.5,+25.4,JB	
1700711175.8620749	+2.56,+257.3,+19.5,FB	+2.62,+254.0,+19.9,MB	+6.64,+20.6,+20.1,JA	+2.56,+262.3,+25.6,LB	+2.22,+282.2,+25.2,DB	+2.34,+275.4,+25.4,KB	
1700711237.8737826	+2.56,+257.3,+19.5,FB	+2.62,+254.0,+19.9,MB	+6.64,+20.7,+20.1,KA	+2.56,+262.6,+25.5,JB	+2.22,+282.5,+25.2,CB	+2.34,+275.6,+25.4,IB	
1700711299.882182	+2.56,+257.3,+19.5,FB	+2.62,+254.0,+19.9,MB	+6.64,+20.7,+20.1,KA	+2.54,+263.7,+25.6,KB	+2.21,+283.1,+25.2,EB	+2.33,+276.1,+25.4,JB	
1700711361.8913212	+2.56,+257.3,+19.5,FB	+2.62,+254.0,+19.9,MB	+6.64,+20.7,+20.1,KA	+2.54,+263.9,+25.6,EB	+2.21,+282.7,+25.2,BB	+2.35,+275.0,+25.4,NB	
1700711423.8988607	+2.56,+257.4,+19.5,AB	+2.62,+254.1,+19.9,LB	+6.64,+20.6,+20.1,JA	+2.54,+263.8,+25.6,DB	+2.21,+283.1,+25.2,EB	+2.33,+275.8,+25.3,GB	
1700711485.9018824	+2.56,+257.3,+19.5,FB	+2.62,+254.1,+19.9,LB	+6.64,+20.6,+20.1,JA	+2.54,+263.5,+25.5,JB	+2.21,+283.2,+25.2,FB	+2.33,+276.3,+25.4,HB	
1700711547.910784	+2.56,+257.3,+19.5,FB	+2.62,+254.1,+20.0,OB	+6.64,+20.6,+20.1,JA	+2.53,+264.1,+25.5,NB	+2.21,+282.8,+25.2,MB	+2.34,+275.3,+25.4,LB	
1700711609.918123	+2.56,+257.3,+19.5,FB	+2.62,+254.1,+19.9,LB	+6.65,+20.6,+20.1,KA	+2.55,+263.2,+25.5,LB	+2.21,+283.1,+25.2,EB	+2.32,+276.5,+25.4,OB	
1700711671.926212	+2.56,+257.3,+19.5,FB	+2.62,+254.1,+20.0,OB	+6.64,+20.6,+20.1,JA	+2.55,+263.0,+25.6,MB	+2.21,+283.1,+25.2,EB	+2.32,+276.5,+25.4,OB	
1700711733.9343889	+2.56,+257.3,+19.5,FB	+2.62,+254.1,+19.9,LB	+6.64,+20.7,+20.1,KA	+2.56,+262.8,+25.5,DB	+2.21,+282.9,+25.2,LB	+2.33,+276.2,+25.4,IB	
1700711795.9388542	+2.56,+257.3,+19.5,FB	+2.62,+254.1,+20.0,OB	+6.65,+20.6,+20.1,KA	+2.54,+263.9,+25.5,FB	+2.22,+282.1,+25.2,GB	+2.35,+274.9,+25.4,FB	
1700711857.9486616	+2.56,+257.4,+19.5,AB	+2.62,+254.1,+20.0,OB	+6.64,+20.7,+20.1,KA	+2.55,+263.4,+25.6,IB	+2.21,+282.9,+25.2,LB	+2.32,+276.7,+25.4,MB	
1700711919.954777	+2.56,+257.4,+19.5,AB	+2.62,+254.1,+19.9,LB	+6.64,+20.7,+20.1,KA	+2.53,+264.2,+25.5,MB	+2.22,+282.2,+25.2,DB	+2.35,+274.9,+25.4,FB	
1700711981.9635417	+2.56,+257.4,+19.5,AB	+2.62,+254.1,+20.0,OB	+6.64,+20.6,+20.1,JA	+2.55,+263.3,+25.5,MB	+2.21,+282.9,+25.2,LB	+2.33,+276.2,+25.4,IB	
1700712043.9707007	+2.56,+257.4,+19.5,AB	+2.62,+254.1,+20.0,OB	+6.64,+20.7,+20.1,KA	+2.55,+263.1,+25.6,LB	+2.21,+283.0,+25.2,DB	+2.32,+276.4,+25.4,NB	
1700712105.97965	+2.56,+257.4,+19.5,AB	+2.62,+254.2,+19.9,OB	+6.64,+20.7,+20.1,KA	+2.54,+263.9,+25.6,EB	+2.22,+282.1,+25.2,GB	+2.35,+274.8,+25.4,GB	
1700712167.9879825	+2.56,+257.4,+19.5,AB	+2.62,+254.1,+20.0,OB	+6.64,+20.7,+20.1,KA	+2.55,+263.4,+25.5,JB	+2.22,+282.3,+25.2,EB	+2.35,+275.1,+25.4,OB	
1700712229.995386	+2.56,+257.4,+19.5,AB	+2.62,+254.1,+19.9,LB	+6.64,+20.7,+20.1,KA	+2.55,+262.9,+25.5,FB	+2.21,+282.7,+25.2,BB	+2.33,+276.0,+25.4,KB	
1700712292.001208	+2.56,+257.3,+19.5,FB	+2.62,+254.2,+20.0,LB	+6.64,+20.7,+20.1,KA	+2.55,+263.2,+25.5,LB	+2.22,+282.6,+25.2,@B	+2.34,+275.7,+25.3,OB	
1700712354.0073884	+2.56,+257.4,+19.5,AB	+2.62,+254.2,+20.0,LB	+6.64,+20.7,+20.1,KA	+2.56,+262.9,+25.5,EB	+2.21,+283.0,+25.2,DB	+2.32,+276.6,+25.4,LB	
1700712416.0158854	+2.56,+257.4,+19.5,AB	+2.62,+254.2,+20.0,LB	+6.64,+20.7,+20.1,KA	+2.55,+263.2,+25.6,OB	+2.21,+282.9,+25.2,LB	+2.32,+276.8,+25.4,BB	
1700712478.0238283	+2.56,+257.4,+19.5,AB	+2.62,+254.1,+20.0,OB	+6.64,+20.7,+20.1,KA	+2.55,+263.4,+25.5,JB	+2.21,+282.7,+25.2,BB	+2.34,+275.5,+25.4,JB	
1700712540.0310185	+2.56,+257.4,+19.5,AB	+2.62,+254.2,+20.0,LB	+6.64,+20.7,+20.1,KA	+2.55,+263.0,+25.5,NB	+2.21,+282.9,+25.2,LB	+2.32,+276.7,+25.4,MB	
1700712602.039843	+2.56,+257.4,+19.5,AB	+2.62,+254.2,+20.0,LB	+6.64,+20.6,+20.1,JA	+2.55,+263.3,+25.6,NB	+2.21,+282.8,+25.2,MB	+2.33,+276.3,+25.4,HB	
1700712664.049159	+2.56,+257.4,+19.5,AB	+2.62,+254.2,+20.0,LB	+6.64,+20.7,+20.1,KA	+2.55,+263.5,+25.6,HB	+2.21,+282.7,+25.2,BB	+2.33,+276.3,+25.4,HB	
1700712726.0560377	+2.56,+257.4,+19.5,AB	+2.62,+254.2,+20.0,LB	+6.64,+20.7,+20.1,KA	+2.55,+263.4,+25.5,JB	+2.22,+282.6,+25.2,@B	+2.32,+276.5,+25.3,HB	
1700712788.062658	+2.56,+257.4,+19.5,AB	+2.62,+254.2,+20.0,LB	+6.64,+20.7,+20.1,KA	+2.54,+263.9,+25.5,FB	+2.22,+282.4,+25.2,BB	+2.33,+276.1,+25.4,JB	
1700712850.0700364	+2.56,+257.4,+19.5,AB	+2.62,+254.2,+20.0,LB	+6.64,+20.7,+20.1,KA	+2.54,+263.9,+25.6,EB	+2.22,+282.2,+25.2,DB	+2.33,+276.1,+25.4,JB	
1700712912.0783095	+2.56,+257.4,+19.5,AB	+2.62,+254.2,+19.9,OB	+6.64,+20.7,+20.1,KA	+2.54,+263.9,+25.5,FB	+2.22,+282.6,+25.2,@B	+2.34,+275.4,+25.4,KB	
1700712974.0856783	+2.56,+257.4,+19.5,AB	+2.62,+254.2,+19.9,OB	+6.64,+20.7,+20.1,KA	+2.54,+263.8,+25.5,GB	+2.21,+282.7,+25.2,BB	+2.34,+275.6,+25.3,NB	
1700713036.094472	+2.56,+257.4,+19.5,AB	+2.62,+254.2,+20.0,LB	+6.64,+20.7,+20.1,KA	+2.56,+262.9,+25.6,FB	+2.21,+282.9,+25.2,LB	+2.31,+276.9,+25.4,@B	
1700713098.1035132	+2.56,+257.4,+19.5,AB	+2.62,+254.2,+20.0,LB	+6.64,+20.8,+20.1,DA	+2.53,+264.3,+25.6,OB	+2.22,+282.3,+25.2,EB	+2.34,+275.6,+25.4,IB	
1700713343.6646492	+2.56,+257.4,+19.5,AB	+2.62,+254.2,+20.0,LB	+6.64,+20.7,+20.1,KA	+2.53,+264.4,+25.5,KB	+2.21,+283.1,+25.2,EB	+2.32,+276.8,+25.4,BB	
1700713405.6740987	+2.56,+257.5,+19.5,@B	+2.62,+254.2,+20.0,LB	+6.64,+20.7,+20.1,KA	+2.55,+263.2,+25.5,LB	+2.21,+282.8,+25.2,MB	+2.34,+275.4,+25.4,KB	
1700713467.682035	+2.56,+257.4,+19.5,AB	+2.62,+254.2,+20.0,LB	+6.64,+20.7,+20.1,KA	+2.55,+263.3,+25.6,NB	+2.21,+283.1,+25.2,EB	+2.34,+275.6,+25.4,IB	
1700713529.6902997	+2.56,+257.4,+19.5,AB	+2.62,+254.2,+20.0,LB	+6.64,+20.7,+20.1,KA	+2.55,+263.3,+25.6,NB	+2.21,+282.9,+25.2,LB	+2.34,+275.7,+25.4,HB	
1700713591.7004046	+2.56,+257.5,+19.5,@B	+2.62,+254.2,+20.0,LB	+6.64,+20.7,+20.1,KA	+2.53,+264.4,+25.6,HB	+2.22,+282.5,+25.2,CB	+2.32,+276.8,+25.4,BB	
1700713653.7100983	+2.56,+257.5,+19.5,@B	+2.62,+254.2,+20.0,LB	+6.64,+20.7,+20.1,KA	+2.53,+264.1,+25.5,NB	+2.21,+283.2,+25.2,FB	+2.33,+275.9,+25.4,AB	
1700713715.7196088	+2.56,+257.4,+19.5,AB	+2.62,+254.2,+20.0,LB	+6.64,+20.7,+20.1,KA	+2.53,+264.2,+25.6,NB	+2.21,+282.8,+25.2,MB	+2.33,+276.2,+25.4,IB	
1700713777.729772	+2.56,+257.4,+19.5,AB	+2.62,+254.2,+20.0,LB	+6.64,+20.8,+20.1,DA	+2.55,+263.3,+25.6,NB	+2.21,+283.2,+25.2,FB	+2.34,+275.2,+25.4,MB	
1700713839.7369733	+2.56,+257.4,+19.5,AB	+2.62,+254.2,+20.0,LB	+6.64,+20.8,+20.1,DA	+2.54,+264.0,+25.5,HB	+2.21,+283.0,+25.2,DB	+2.33,+276.2,+25.4,IB	
1700713901.7461026	+2.56,+257.4,+19.5,AB	+2.62,+254.2,+20.0,LB	+6.64,+20.7,+20.1,KA	+2.53,+264.4,+25.6,HB	+2.22,+282.1,+25.2,GB	+2.32,+276.8,+25.4,BB	
1700713963.754186	+2.56,+257.5,+19.5,@B	+2.62,+254.2,+20.0,LB	+6.64,+20.7,+20.1,KA	+2.53,+264.6,+25.5,IB	+2.22,+282.3,+25.2,EB	+2.31,+277.0,+25.4,HB	
1700714025.7632601	+2.56,+257.4,+19.5,AB	+2.62,+254.3,+20.0,MB	+6.64,+20.8,+20.1,DA	+2.55,+263.3,+25.5,MB	+2.22,+282.6,+25.2,@B	+2.34,+275.7,+25.4,HB	
1700714087.772966	+2.56,+257.5,+19.5,@B	+2.62,+254.3,+20.0,MB	+6.64,+20.8,+20.1,DA	+2.54,+263.6,+25.5,IB	+2.21,+282.9,+25.2,LB	+2.33,+276.0,+25.4,KB	
1700714149.78152	+2.56,+257.4,+19.5,AB	+2.62,+254.3,+19.9,NB	+6.64,+20.7,+20.1,KA	+2.55,+263.5,+25.6,HB	+2.21,+283.1,+25.2,EB	+2.33,+275.9,+25.4,AB	
1700714211.7880962	+2.56,+257.5,+19.5,@B	+2.62,+254.3,+20.0,MB	+6.64,+20.8,+20.1,DA	+2.55,+263.2,+25.6,OB	+2.21,+283.1,+25.2,EB	+2.34,+275.6,+25.4,IB	
1700714273.7954051	+2.56,+257.5,+19.5,@B	+2.62,+254.3,+20.0,MB	+6.64,+20.8,+20.1,DA	+2.55,+263.3,+25.6,NB	+2.21,+283.2,+25.2,FB	+2.34,+275.5,+25.4,JB	
1700714335.8074112	+2.56,+257.5,+19.5,@B	+2.62,+254.4,+20.0,JB	+6.64,+20.8,+20.1,DA	+2.53,+264.5,+25.6,IB	+2.22,+282.5,+25.2,CB	+2.31,+277.2,+25.4,JB	
1700714397.8158252	+2.56,+257.5,+19.5,@B	+2.62,+254.4,+20.0,JB	+6.64,+20.7,+20.1,KA	+2.53,+264.5,+25.5,JB	+2.22,+282.4,+25.2,BB	+2.31,+277.4,+25.4,LB	
1700714459.8248684	+2.56,+257.5,+19.5,@B	+2.62,+254.3,+20.0,MB	+6.64,+20.8,+20.1,DA	+2.54,+263.6,+25.6,JB	+2.21,+283.0,+25.2,DB	+2.33,+276.3,+25.4,HB	
1700714521.8384368	+2.56,+257.5,+19.5,@B	+2.62,+254.4,+20.0,JB	+6.64,+20.8,+20.1,DA	+2.54,+263.9,+25.6,EB	+2.21,+282.9,+25.2,LB	+2.32,+276.6,+25.4,LB	
1700714583.843641	+2.56,+257.5,+19.5,@B	+2.62,+254.4,+20.0,JB	+6.64,+20.9,+20.1,EA	+2.53,+264.1,+25.5,NB	+2.21,+282.9,+25.2,LB	+2.32,+276.6,+25.3,KB	
1700714645.852416	+2.56,+257.5,+19.5,@B	+2.62,+254.4,+20.0,JB	+6.64,+20.9,+20.1,EA	+2.53,+264.2,+25.6,NB	+2.21,+282.9,+25.2,LB	+2.32,+276.5,+25.4,OB	
1700714707.860387	+2.56,+257.5,+19.5,@B	+2.62,+254.4,+20.0,JB	+6.64,+20.9,+20.1,EA	+2.52,+264.7,+25.6,JB	+2.21,+282.7,+25.2,BB	+2.31,+276.9,+25.4,@B	
1700714769.870085	+2.56,+257.5,+19.5,@B	+2.62,+254.4,+20.0,JB	+6.64,+21.0,+20.1,MA	+2.54,+263.7,+25.5,HB	+2.21,+282.9,+25.2,LB	+2.33,+276.2,+25.4,IB	
1700714831.8751621	+2.56,+257.5,+19.5,@B	+2.62,+254.4,+20.0,JB	+6.64,+21.0,+20.1,MA	+2.53,+264.6,+25.6,JB	+2.22,+282.4,+25.2,BB	+2.31,+277.4,+25.4,LB	
1700714893.884814	+2.56,+257.5,+19.5,@B	+2.62,+254.4,+20.0,JB	+6.64,+21.0,+20.1,MA	+2.54,+264.0,+25.5,HB	+2.21,+283.2,+25.2,FB	+2.33,+276.1,+25.4,JB	
1700714955.8949392	+2.56,+257.5,+19.5,@B	+2.62,+254.4,+20.0,JB	+6.64,+21.0,+20.1,MA	+2.53,+264.1,+25.5,NB	+2.21,+283.0,+25.2,DB	+2.32,+276.5,+25.4,OB	
1700715017.904023	+2.56,+257.5,+19.5,@B	+2.62,+254.4,+20.0,JB	+6.64,+21.1,+20.1,LA	+2.53,+264.3,+25.6,OB	+2.22,+282.4,+25.2,BB	+2.30,+277.5,+25.3,KB	
1700715079.913531	+2.56,+257.5,+19.5,@B	+2.62,+254.4,+20.0,JB	+6.64,+21.0,+20.1,MA	+2.53,+264.6,+25.6,JB	+2.21,+282.8,+25.2,MB	+2.31,+277.0,+25.3,OB	
1700715141.9191847	+2.56,+257.5,+19.5,@B	+2.62,+254.4,+20.0,JB	+6.64,+21.0,+20.1,MA	+2.55,+263.5,+25.6,HB	+2.21,+282.8,+25.2,MB	+2.32,+276.4,+25.3,IB	
1700715203.9277678	+2.56,+257.5,+19.5,@B	+2.62,+254.5,+20.0,KB	+6.64,+21.1,+20.1,LA	+2.55,+263.5,+25.6,HB	+2.21,+283.0,+25.2,DB	+2.33,+275.9,+25.4,AB	
1700715265.9397013	+2.56,+257.5,+19.5,@B	+2.62,+254.4,+20.0,JB	+6.64,+21.1,+20.1,LA	+2.53,+264.3,+25.6,OB	+2.21,+283.1,+25.2,EB	+2.32,+276.3,+25.4,IB	
1700715327.9452152	+2.56,+257.5,+19.5,@B	+2.62,+254.5,+20.0,KB	+6.64,+21.1,+20.1,LA	+2.52,+264.8,+25.6,EB	+2.22,+282.4,+25.2,BB	+2.30,+277.6,+25.4,OB	
1700715389.954298	+2.56,+257.5,+19.5,@B	+2.62,+254.5,+20.0,KB	+6.64,+21.1,+20.1,LA	+2.52,+264.8,+25.5,FB	+2.21,+283.1,+25.2,EB	+2.31,+277.0,+25.3,OB	
1700715451.9613047	+2.56,+257.5,+19.5,@B	+2.62,+254.5,+20.0,KB	+6.64,+21.2,+20.1,OA	+2.54,+263.7,+25.6,KB	+2.22,+282.6,+25.2,@B	+2.32,+276.5,+25.4,OB	
1700715513.969293	+2.56,+257.5,+19.5,@B	+2.62,+254.4,+20.0,JB	+6.63,+21.2,+20.1,HA	+2.52,+264.9,+25.6,DB	+2.21,+283.1,+25.2,EB	+2.31,+277.0,+25.4,HB	
1700715575.9758418	+2.56,+257.6,+19.5,CB	+2.62,+254.4,+20.0,JB	+6.64,+21.2,+20.1,OA	+2.53,+264.2,+25.6,NB	+2.22,+282.4,+25.2,BB	+2.31,+277.2,+25.3,MB	
1700715637.9845934	+2.55,+257.6,+19.5,@B	+2.62,+254.4,+20.0,JB	+6.63,+21.2,+20.1,HA	+2.53,+264.5,+25.6,IB	+2.20,+283.3,+25.2,FB	+2.32,+276.4,+25.4,NB	
1700715699.9920666	+2.56,+257.6,+19.5,CB	+2.61,+254.5,+20.0,HB	+6.63,+21.2,+20.1,HA	+2.54,+263.8,+25.6,DB	+2.21,+282.8,+25.2,MB	+2.33,+276.2,+25.4,IB	
1700715762.0016887	+2.55,+257.6,+19.5,@B	+2.62,+254.5,+20.0,KB	+6.63,+21.3,+20.1,IA	+2.54,+264.0,+25.5,HB	+2.21,+282.8,+25.2,MB	+2.33,+276.3,+25.4,HB	
1700715824.0117576	+2.55,+257.6,+19.5,@B	+2.62,+254.5,+20.0,KB	+6.63,+21.3,+20.1,IA	+2.52,+265.1,+25.5,NB	+2.21,+282.9,+25.2,LB	+2.30,+277.7,+25.4,NB	
1700715886.0212867	+2.56,+257.5,+19.5,@B	+2.62,+254.5,+20.0,KB	+6.63,+21.3,+20.1,IA	+2.54,+263.8,+25.6,DB	+2.22,+282.6,+25.2,@B	+2.32,+276.6,+25.4,LB	
1700715948.0303938	+2.56,+257.6,+19.5,CB	+2.62,+254.4,+20.0,JB	+6.63,+21.4,+20.1,NA	+2.53,+264.6,+25.6,JB	+2.21,+283.0,+25.2,DB	+2.32,+276.8,+25.4,BB	
1700716010.038034	+2.56,+257.6,+19.5,CB	+2.61,+254.5,+20.0,HB	+6.63,+21.4,+20.1,NA	+2.52,+265.1,+25.6,MB	+2.21,+283.1,+25.2,EB	+2.30,+277.6,+25.4,OB	
1700716072.043579	+2.56,+257.5,+19.5,@B	+2.62,+254.5,+20.0,KB	+6.63,+21.5,+20.1,OA	+2.53,+264.7,+25.6,KB	+2.21,+283.0,+25.2,DB	+2.32,+276.6,+25.4,LB	
1700716134.051614	+2.56,+257.6,+19.5,CB	+2.61,+254.5,+20.0,HB	+6.63,+21.6,+20.1,LA	+2.52,+265.1,+25.6,MB	+2.21,+283.2,+25.2,FB	+2.32,+276.8,+25.4,BB	
1700716196.0559075	+2.56,+257.5,+19.5,@B	+2.61,+254.5,+20.0,HB	+6.63,+21.6,+20.1,LA	+2.52,+264.8,+25.6,EB	+2.21,+283.2,+25.2,FB	+2.30,+277.9,+25.4,@B	
1700716258.0644321	+2.56,+257.5,+19.5,@B	+2.61,+254.5,+20.0,HB	+6.63,+21.6,+20.1,LA	+2.52,+264.8,+25.5,FB	+2.21,+283.1,+25.2,EB	+2.31,+277.5,+25.4,MB	
1700716320.0741756	+2.55,+257.6,+19.5,@B	+2.62,+254.5,+20.0,KB	+6.63,+21.7,+20.1,MA	+2.55,+263.2,+25.6,OB	+2.22,+282.4,+25.2,BB	+2.31,+277.4,+25.4,LB	
1700716382.082924	+2.56,+257.5,+19.5,@B	+2.62,+254.5,+20.0,KB	+6.63,+21.7,+20.1,MA	+2.55,+263.3,+25.6,NB	+2.22,+282.2,+25.2,DB	+2.31,+277.3,+25.4,KB	
1700716444.0909388	+2.55,+257.6,+19.5,@B	+2.62,+254.5,+20.0,KB	+6.62,+21.8,+20.1,CA	+2.53,+264.3,+25.5,LB	+2.21,+283.0,+25.2,DB	+2.29,+278.5,+25.4,KB	
1700716506.1013203	+2.55,+257.6,+19.5,@B	+2.62,+254.5,+20.0,KB	+6.62,+21.8,+20.1,CA	+2.54,+263.7,+25.6,KB	+2.22,+282.6,+25.2,@B	+2.29,+278.2,+25.4,LB	
1700716568.1085742	+2.55,+257.6,+19.5,@B	+2.61,+254.5,+20.0,HB	+6.62,+21.8,+20.1,CA	+2.54,+263.5,+25.6,IB	+2.22,+282.2,+25.2,DB	+2.31,+277.2,+25.4,JB	
1700716630.1182313	+2.55,+257.6,+19.5,@B	+2.62,+254.5,+20.0,KB	+6.62,+21.8,+20.1,CA	+2.54,+263.5,+25.6,IB	+2.22,+282.3,+25.2,EB	+2.32,+276.7,+25.4,MB	
1700716692.1271408	+2.55,+257.6,+19.5,@B	+2.61,+254.5,+20.0,HB	+6.62,+21.9,+20.1,BA	+2.54,+263.9,+25.6,EB	+2.21,+283.0,+25.2,DB	+2.30,+278.1,+25.4,GB	
1700716754.1360252	+2.55,+257.6,+19.5,@B	+2.61,+254.5,+20.0,HB	+6.62,+22.0,+20.1,HA	+2.54,+263.6,+25.6,JB	+2.22,+282.4,+25.2,BB	+2.32,+276.6,+25.4,LB	
1700716816.1454127	+2.55,+257.6,+19.5,@B	+2.62,+254.5,+20.0,KB	+6.62,+22.0,+20.0,IA	+2.53,+264.6,+25.5,IB	+2.21,+282.7,+25.2,BB	+2.32,+276.5,+25.4,OB	
1700716878.1535816	+2.56,+257.6,+19.5,CB	+2.61,+254.5,+20.0,HB	+6.62,+22.0,+20.1,HA	+2.53,+264.2,+25.6,NB	+2.22,+282.2,+25.2,DB	+2.32,+276.4,+25.4,NB	
1700716940.1639504	+2.56,+257.6,+19.5,CB	+2.61,+254.5,+20.0,HB	+6.62,+22.0,+20.1,HA	+2.54,+263.7,+25.6,KB	+2.22,+282.2,+25.2,DB	+2.31,+276.9,+25.3,GB	
1700717185.7860844	+2.55,+257.6,+19.5,@B	+2.61,+254.6,+20.0,KB	+6.62,+22.1,+20.0,HA	+2.54,+264.0,+25.5,HB	+2.22,+282.2,+25.2,DB	+2.30,+278.0,+25.3,AB	
1700717247.7960665	+2.55,+257.6,+19.5,@B	+2.61,+254.5,+19.9,KB	+6.62,+22.2,+20.0,KA	+2.54,+264.0,+25.5,HB	+2.22,+282.4,+25.2,BB	+2.30,+278.1,+25.4,GB	
1700717309.8044982	+2.55,+257.6,+19.5,@B	+2.62,+254.5,+20.0,KB	+6.62,+22.2,+20.0,KA	+2.54,+264.0,+25.5,HB	+2.21,+282.9,+25.2,LB	+2.31,+277.1,+25.4,IB	
