62309060419	62309060427	62309060471	62309060472	62309060473	62309060475	
1701063035.947845	+7.03,-1.9,+20.2,CB	+2.42,+266.2,+20.6,IB	+6.48,+30.2,+20.6,FA	+2.37,+273.8,+25.5,CB	+2.22,+282.4,+25.2,BB	+2.23,+282.1,+25.4,@B	
1701063097.9562414	+7.03,-1.9,+20.2,CB	+2.42,+266.2,+20.6,IB	+6.48,+30.2,+20.6,FA	+2.36,+274.5,+25.6,KB	+2.22,+282.6,+25.2,@B	+2.24,+281.6,+25.3,DB	
1701063159.9628875	+7.03,-1.9,+20.2,CB	+2.42,+266.2,+20.6,IB	+6.48,+30.2,+20.7,GA	+2.36,+274.7,+25.6,IB	+2.22,+282.6,+25.2,@B	+2.24,+281.4,+25.4,AB	
1701063221.9724088	+7.03,-1.9,+20.2,CB	+2.42,+266.2,+20.7,HB	+6.48,+30.2,+20.7,GA	+2.35,+274.9,+25.6,DB	+2.21,+282.8,+25.2,MB	+2.24,+281.1,+25.3,CB	
1701063283.9814932	+7.03,-2.0,+20.2,IB	+2.42,+266.2,+20.7,HB	+6.48,+30.2,+20.6,FA	+2.36,+274.5,+25.6,KB	+2.22,+282.5,+25.2,CB	+2.23,+281.7,+25.3,BB	
1701063345.9917107	+7.03,-2.0,+20.2,IB	+2.42,+266.2,+20.6,IB	+6.48,+30.2,+20.6,FA	+2.37,+273.8,+25.5,CB	+2.22,+282.6,+25.2,@B	+2.23,+281.9,+25.4,KB	
1701063408.0005002	+7.04,-2.0,+20.2,NB	+2.42,+266.2,+20.6,IB	+6.48,+30.2,+20.6,FA	+2.36,+274.3,+25.5,NB	+2.22,+282.4,+25.2,BB	+2.23,+281.8,+25.3,MB	
1701063470.0046027	+7.03,-2.0,+20.2,IB	+2.42,+266.2,+20.6,IB	+6.48,+30.2,+20.6,FA	+2.35,+274.9,+25.5,GB	+2.21,+282.8,+25.2,MB	+2.25,+280.7,+25.4,BB	
1701063532.0151005	+7.03,-2.0,+20.2,IB	+2.42,+266.2,+20.6,IB	+6.48,+30.3,+20.6,GA	+2.36,+274.2,+25.6,LB	+2.21,+283.2,+25.2,FB	+2.26,+280.2,+25.3,CB	
1701063594.0200253	+7.04,-2.0,+20.2,NB	+2.42,+266.2,+20.6,IB	+6.48,+30.2,+20.6,FA	+2.36,+274.7,+25.5,JB	+2.22,+282.3,+25.2,EB	+2.24,+281.5,+25.4,@B	
1701063656.0265667	+7.04,-2.0,+20.2,NB	+2.42,+266.2,+20.6,IB	+6.48,+30.3,+20.7,FA	+2.35,+274.9,+25.6,DB	+2.21,+282.8,+25.2,MB	+2.26,+280.4,+25.3,EB	
1701063718.0339348	+7.04,-2.1,+20.2,OB	+2.42,+266.2,+20.6,IB	+6.48,+30.3,+20.6,GA	+2.37,+273.9,+25.6,AB	+2.21,+282.8,+25.2,MB	+2.23,+281.7,+25.4,EB	
1701063780.0436962	+7.04,-2.1,+20.2,OB	+2.42,+266.2,+20.7,HB	+6.48,+30.3,+20.6,GA	+2.37,+273.8,+25.6,@B	+2.21,+283.1,+25.2,EB	+2.24,+281.1,+25.3,CB	
1701063842.0546288	+7.04,-2.1,+20.2,OB	+2.42,+266.2,+20.6,IB	+6.48,+30.3,+20.7,FA	+2.37,+274.0,+25.6,OB	+2.21,+282.8,+25.2,MB	+2.23,+281.8,+25.3,MB	
1701063904.0626159	+7.04,-2.1,+20.2,OB	+2.42,+266.2,+20.6,IB	+6.48,+30.3,+20.6,GA	+2.37,+273.9,+25.6,AB	+2.21,+283.0,+25.2,DB	+2.24,+281.4,+25.4,AB	
1701063966.071528	+7.04,-2.1,+20.2,OB	+2.42,+266.2,+20.6,IB	+6.48,+30.3,+20.7,FA	+2.36,+274.6,+25.6,HB	+2.21,+282.9,+25.2,LB	+2.26,+280.2,+25.4,DB	
1701064028.0777934	+7.04,-2.1,+20.2,OB	+2.42,+266.2,+20.6,IB	+6.48,+30.3,+20.7,FA	+2.35,+275.1,+25.5,NB	+2.22,+282.4,+25.2,BB	+2.24,+281.5,+25.4,@B	
1701064090.0866206	+7.04,-2.1,+20.2,OB	+2.42,+266.2,+20.7,HB	+6.48,+30.3,+20.7,FA	+2.37,+274.0,+25.6,OB	+2.21,+283.1,+25.2,EB	+2.24,+281.5,+25.3,GB	
1701064152.094428	+7.04,-2.1,+20.2,OB	+2.42,+266.2,+20.6,IB	+6.48,+30.3,+20.6,GA	+2.35,+274.8,+25.6,EB	+2.22,+282.5,+25.2,CB	+2.25,+280.6,+25.3,DB	
1701064214.103199	+7.04,-2.2,+20.2,LB	+2.42,+266.2,+20.7,HB	+6.48,+30.3,+20.6,GA	+2.35,+274.8,+25.6,EB	+2.22,+282.4,+25.2,BB	+2.25,+280.7,+25.4,BB	
1701064276.112705	+7.04,-2.1,+20.2,OB	+2.42,+266.2,+20.7,HB	+6.48,+30.3,+20.7,FA	+2.35,+274.7,+25.6,JB	+2.22,+282.5,+25.2,CB	+2.25,+280.5,+25.4,@B	
1701064338.1198502	+7.04,-2.1,+20.2,OB	+2.42,+266.2,+20.6,IB	+6.48,+30.3,+20.7,FA	+2.37,+273.6,+25.6,NB	+2.21,+283.2,+25.2,FB	+2.24,+281.2,+25.4,GB	
1701064400.1280127	+7.03,-1.9,+20.2,CB	+2.42,+266.2,+20.7,HB	+6.48,+30.3,+20.7,FA	+2.36,+274.4,+25.5,IB	+2.21,+282.7,+25.2,BB	+2.23,+281.9,+25.3,LB	
1701064462.1353705	+7.03,-2.0,+20.2,IB	+2.42,+266.2,+20.6,IB	+6.48,+30.3,+20.7,FA	+2.36,+274.6,+25.6,HB	+2.22,+282.4,+25.2,BB	+2.24,+281.1,+25.3,CB	
1701064524.1446717	+7.04,-2.1,+20.2,OB	+2.42,+266.2,+20.6,IB	+6.48,+30.2,+20.7,GA	+2.38,+273.4,+25.6,CB	+2.21,+283.0,+25.2,DB	+2.23,+281.9,+25.4,KB	
1701064586.1505792	+7.04,-2.1,+20.2,OB	+2.42,+266.2,+20.7,HB	+6.48,+30.3,+20.7,FA	+2.37,+273.6,+25.6,NB	+2.22,+282.6,+25.2,@B	+2.26,+280.2,+25.3,CB	
1701064648.1602366	+7.04,-2.1,+20.2,OB	+2.42,+266.2,+20.6,IB	+6.48,+30.3,+20.7,FA	+2.36,+274.2,+25.6,LB	+2.22,+282.6,+25.2,@B	+2.24,+281.6,+25.4,CB	
1701064710.170554	+7.04,-2.1,+20.2,OB	+2.42,+266.3,+20.6,HB	+6.48,+30.3,+20.7,FA	+2.37,+274.0,+25.6,OB	+2.22,+282.5,+25.2,CB	+2.26,+280.4,+25.4,BB	
1701064772.1829367	+7.04,-2.1,+20.2,OB	+2.42,+266.2,+20.7,HB	+6.48,+30.3,+20.7,FA	+2.36,+274.5,+25.6,KB	+2.22,+282.5,+25.2,CB	+2.24,+281.1,+25.4,DB	
1701064834.1913345	+7.04,-2.2,+20.2,LB	+2.42,+266.2,+20.7,HB	+6.48,+30.2,+20.7,GA	+2.37,+273.8,+25.6,@B	+2.21,+282.7,+25.2,BB	+2.26,+280.3,+25.3,BB	
1701064896.200575	+7.04,-2.2,+20.2,LB	+2.42,+266.2,+20.6,IB	+6.48,+30.3,+20.7,FA	+2.36,+274.5,+25.6,KB	+2.21,+283.0,+25.2,DB	+2.23,+281.9,+25.3,LB	
1701064958.209418	+7.04,-2.1,+20.2,OB	+2.42,+266.2,+20.7,HB	+6.48,+30.3,+20.7,FA	+2.37,+274.0,+25.6,OB	+2.22,+282.6,+25.2,@B	+2.26,+280.3,+25.4,EB	
1701065020.2189271	+7.04,-2.2,+20.2,LB	+2.42,+266.2,+20.6,IB	+6.48,+30.3,+20.7,FA	+2.35,+275.1,+25.6,MB	+2.22,+282.7,+25.2,AB	+2.24,+281.4,+25.3,FB	
1701065082.2279634	+7.00,+0.0,+20.2,NB	+2.42,+266.2,+20.6,IB	+6.48,+30.3,+20.7,FA	+2.36,+274.6,+25.6,HB	+2.22,+282.4,+25.2,BB	+2.26,+280.4,+25.3,EB	
1701065144.2361186	+7.02,-1.4,+20.2,OB	+2.42,+266.2,+20.6,IB	+6.48,+30.3,+20.6,GA	+2.37,+273.6,+25.6,NB	+2.21,+282.8,+25.2,MB	+2.25,+280.6,+25.3,DB	
1701065206.2455478	+7.03,-1.7,+20.2,MB	+2.42,+266.2,+20.6,IB	+6.48,+30.3,+20.7,FA	+2.36,+274.2,+25.6,LB	+2.22,+282.5,+25.2,CB	+2.26,+280.4,+25.3,EB	
1701065268.2547262	+7.03,-1.8,+20.2,BB	+2.42,+266.2,+20.7,HB	+6.48,+30.2,+20.7,GA	+2.37,+273.6,+25.6,NB	+2.21,+282.8,+25.2,MB	+2.25,+280.8,+25.3,JB	
1701065330.2638266	+7.03,-1.9,+20.2,CB	+2.42,+266.2,+20.6,IB	+6.48,+30.3,+20.7,FA	+2.35,+275.0,+25.6,LB	+2.21,+282.8,+25.2,MB	+2.24,+281.2,+25.4,GB	
1701065392.2720666	+7.03,-1.9,+20.2,CB	+2.42,+266.2,+20.6,IB	+6.48,+30.3,+20.7,FA	+2.36,+274.5,+25.6,KB	+2.21,+282.7,+25.2,BB	+2.25,+281.0,+25.4,DB	
1701065454.2819352	+7.03,-1.8,+20.2,BB	+2.42,+266.3,+20.6,HB	+6.48,+30.3,+20.7,FA	+2.36,+274.4,+25.6,JB	+2.21,+283.2,+25.2,FB	+2.23,+282.1,+25.3,GB	
1701065516.2888286	+7.03,-1.9,+20.2,CB	+2.42,+266.2,+20.7,HB	+6.48,+30.3,+20.7,FA	+2.38,+273.3,+25.6,DB	+2.21,+282.8,+25.2,MB	+2.25,+280.9,+25.3,KB	
1701065578.3002756	+7.03,-1.9,+20.2,CB	+2.42,+266.3,+20.7,IB	+6.48,+30.3,+20.7,FA	+2.37,+273.9,+25.6,AB	+2.21,+283.0,+25.2,DB	+2.23,+281.8,+25.4,JB	
1701065640.3081152	+7.03,-2.0,+20.2,IB	+2.42,+266.2,+20.6,IB	+6.48,+30.3,+20.7,FA	+2.36,+274.6,+25.5,KB	+2.20,+283.3,+25.2,FB	+2.23,+282.1,+25.3,GB	
1701065702.3162057	+7.03,-2.0,+20.2,IB	+2.42,+266.2,+20.6,IB	+6.48,+30.3,+20.7,FA	+2.37,+273.7,+25.6,OB	+2.22,+282.4,+25.2,BB	+2.25,+280.5,+25.4,@B	
1701065764.3235395	+7.04,-2.0,+20.2,NB	+2.42,+266.3,+20.6,HB	+6.48,+30.3,+20.7,FA	+2.35,+275.0,+25.5,OB	+2.21,+283.0,+25.2,DB	+2.24,+281.5,+25.4,@B	
1701065826.3298895	+7.04,-2.1,+20.2,OB	+2.42,+266.3,+20.7,IB	+6.48,+30.3,+20.7,FA	+2.36,+274.5,+25.5,HB	+2.21,+283.2,+25.2,FB	+2.23,+282.1,+25.3,GB	
1701065888.3377707	+7.04,-2.1,+20.2,OB	+2.42,+266.3,+20.6,HB	+6.48,+30.3,+20.7,FA	+2.37,+274.0,+25.5,LB	+2.21,+282.8,+25.2,MB	+2.24,+281.5,+25.3,GB	
1701065950.346466	+7.04,-2.1,+20.2,OB	+2.42,+266.2,+20.7,HB	+6.48,+30.3,+20.7,FA	+2.37,+273.9,+25.6,AB	+2.20,+283.2,+25.2,GB	+2.23,+282.1,+25.4,@B	
1701066012.3550475	+7.04,-2.1,+20.2,OB	+2.42,+266.3,+20.7,IB	+6.48,+30.4,+20.7,AA	+2.35,+275.0,+25.6,LB	+2.20,+283.3,+25.2,FB	+2.23,+282.2,+25.4,CB	
1701066074.3616383	+7.04,-2.0,+20.2,NB	+2.42,+266.3,+20.7,IB	+6.48,+30.3,+20.7,FA	+2.36,+274.2,+25.5,OB	+2.21,+282.7,+25.2,BB	+2.24,+281.4,+25.3,FB	
1701066136.3715591	+7.04,-2.1,+20.2,OB	+2.42,+266.2,+20.6,IB	+6.48,+30.4,+20.7,AA	+2.35,+274.9,+25.6,DB	+2.21,+283.0,+25.2,DB	+2.24,+281.3,+25.3,AB	
1701066198.3791492	+7.03,-2.0,+20.2,IB	+2.42,+266.3,+20.6,HB	+6.48,+30.3,+20.7,FA	+2.37,+274.1,+25.5,MB	+2.22,+282.5,+25.2,CB	+2.24,+281.1,+25.3,CB	
1701066260.387083	+7.04,-2.2,+20.2,LB	+2.42,+266.3,+20.6,HB	+6.48,+30.3,+20.7,FA	+2.34,+275.4,+25.6,IB	+2.21,+283.2,+25.2,FB	+2.23,+281.7,+25.3,BB	
1701066322.3932176	+7.04,-2.1,+20.2,OB	+2.42,+266.3,+20.6,HB	+6.48,+30.4,+20.7,AA	+2.36,+274.2,+25.5,OB	+2.22,+282.4,+25.2,BB	+2.24,+281.2,+25.4,GB	
1701066384.401888	+7.04,-2.2,+20.2,LB	+2.42,+266.3,+20.7,IB	+6.48,+30.4,+20.7,AA	+2.36,+274.5,+25.6,KB	+2.21,+282.8,+25.2,MB	+2.25,+280.5,+25.3,GB	
1701066446.41046	+7.04,-2.1,+20.2,OB	+2.42,+266.3,+20.7,IB	+6.48,+30.4,+20.7,AA	+2.37,+274.0,+25.6,OB	+2.22,+282.4,+25.2,BB	+2.25,+280.6,+25.4,CB	
1701066508.42025	+7.04,-2.2,+20.2,LB	+2.42,+266.3,+20.7,IB	+6.48,+30.4,+20.7,AA	+2.35,+275.2,+25.5,MB	+2.21,+283.2,+25.2,FB	+2.23,+281.9,+25.3,LB	
1701066570.42963	+7.04,-2.2,+20.2,LB	+2.42,+266.2,+20.6,IB	+6.48,+30.3,+20.7,FA	+2.36,+274.2,+25.6,LB	+2.22,+282.5,+25.2,CB	+2.25,+280.5,+25.3,GB	
1701066815.9918392	+7.03,-2.0,+20.2,IB	+2.42,+266.3,+20.7,IB	+6.48,+30.4,+20.7,AA	+2.35,+275.2,+25.5,MB	+2.21,+282.7,+25.2,BB	+2.26,+280.4,+25.3,EB	
1701066877.9999952	+7.03,-1.9,+20.2,CB	+2.42,+266.3,+20.7,IB	+6.48,+30.3,+20.7,FA	+2.35,+275.0,+25.6,LB	+2.22,+282.5,+25.2,CB	+2.25,+280.8,+25.3,JB	
1701066940.0077007	+7.03,-2.0,+20.2,IB	+2.42,+266.3,+20.7,IB	+6.48,+30.4,+20.7,AA	+2.35,+274.7,+25.6,JB	+2.21,+283.2,+25.2,FB	+2.25,+280.7,+25.3,EB	
1701067002.0147147	+7.03,-2.0,+20.2,IB	+2.42,+266.3,+20.7,IB	+6.48,+30.3,+20.7,FA	+2.35,+275.3,+25.6,OB	+2.21,+282.8,+25.2,MB	+2.26,+280.4,+25.3,EB	
1701067064.0235283	+7.03,-2.0,+20.2,IB	+2.42,+266.3,+20.6,HB	+6.48,+30.3,+20.7,FA	+2.36,+274.5,+25.6,KB	+2.22,+282.4,+25.2,BB	+2.24,+281.4,+25.3,FB	
1701067126.033221	+7.04,-2.2,+20.2,LB	+2.42,+266.3,+20.7,IB	+6.48,+30.3,+20.7,FA	+2.35,+274.7,+25.5,IB	+2.20,+283.3,+25.2,FB	+2.25,+280.8,+25.3,JB	
1701067188.0400229	+7.03,-2.0,+20.2,IB	+2.42,+266.3,+20.7,IB	+6.48,+30.3,+20.7,FA	+2.36,+274.6,+25.6,HB	+2.22,+282.6,+25.2,@B	+2.24,+281.1,+25.4,DB	
1701067250.048617	+7.04,-2.1,+20.2,OB	+2.42,+266.3,+20.7,IB	+6.48,+30.4,+20.7,AA	+2.35,+275.1,+25.5,NB	+2.21,+283.2,+25.2,FB	+2.25,+280.5,+25.3,GB	
1701067312.0588503	+7.04,-2.1,+20.2,OB	+2.42,+266.2,+20.7,HB	+6.48,+30.3,+20.7,FA	+2.35,+275.1,+25.6,MB	+2.20,+283.3,+25.2,FB	+2.26,+280.4,+25.3,EB	
1701067374.0644987	+7.04,-2.1,+20.2,OB	+2.42,+266.3,+20.6,HB	+6.48,+30.3,+20.7,FA	+2.37,+274.0,+25.5,LB	+2.21,+282.7,+25.2,BB	+2.23,+282.0,+25.4,AB	
1701067436.0730405	+7.03,-1.9,+20.2,CB	+2.42,+266.3,+20.7,IB	+6.48,+30.3,+20.7,FA	+2.35,+274.9,+25.6,DB	+2.21,+282.7,+25.2,BB	+2.24,+281.1,+25.3,CB	
1701067498.0783963	+7.03,-2.0,+20.2,IB	+2.42,+266.3,+20.7,IB	+6.48,+30.3,+20.7,FA	+2.35,+274.8,+25.6,EB	+2.21,+282.7,+25.2,BB	+2.24,+281.1,+25.4,DB	
1701067560.0905252	+7.04,-2.1,+20.2,OB	+2.42,+266.3,+20.6,HB	+6.48,+30.3,+20.7,FA	+2.35,+275.0,+25.6,LB	+2.20,+283.3,+25.2,FB	+2.25,+280.6,+25.3,DB	
1701067622.0989046	+7.04,-2.0,+20.2,NB	+2.42,+266.2,+20.6,IB	+6.48,+30.3,+20.7,FA	+2.35,+274.8,+25.6,EB	+2.21,+283.1,+25.2,EB	+2.24,+281.1,+25.4,DB	
1701067684.1082444	+7.04,-2.0,+20.2,NB	+2.42,+266.3,+20.7,IB	+6.48,+30.3,+20.7,FA	+2.35,+274.8,+25.6,EB	+2.21,+282.7,+25.2,BB	+2.24,+281.3,+25.4,FB	
1701067746.1185217	+7.04,-2.0,+20.2,NB	+2.42,+266.3,+20.7,IB	+6.48,+30.3,+20.7,FA	+2.34,+275.5,+25.6,HB	+2.20,+283.2,+25.2,GB	+2.26,+280.4,+25.3,EB	
1701067808.127762	+7.04,-2.1,+20.2,OB	+2.42,+266.3,+20.6,HB	+6.48,+30.2,+20.7,GA	+2.35,+275.0,+25.6,LB	+2.21,+283.1,+25.2,EB	+2.24,+281.2,+25.4,GB	
1701067870.1350927	+7.03,-2.0,+20.2,IB	+2.42,+266.3,+20.7,IB	+6.48,+30.3,+20.7,FA	+2.34,+275.4,+25.6,IB	+2.21,+283.2,+25.2,FB	+2.25,+280.5,+25.3,GB	
1701067932.142963	+7.03,-2.0,+20.2,IB	+2.42,+266.3,+20.7,IB	+6.48,+30.3,+20.7,FA	+2.35,+274.7,+25.6,JB	+2.21,+282.8,+25.2,MB	+2.24,+281.6,+25.3,DB	
1701067994.1512988	+7.04,-2.1,+20.2,OB	+2.42,+266.3,+20.7,IB	+6.48,+30.3,+20.7,FA	+2.35,+275.2,+25.6,NB	+2.21,+283.1,+25.2,EB	+2.24,+281.0,+25.3,BB	
1701068056.1599832	+7.04,-2.1,+20.2,OB	+2.42,+266.3,+20.7,IB	+6.48,+30.3,+20.7,FA	+2.34,+275.4,+25.6,IB	+2.20,+283.2,+25.2,GB	+2.25,+280.5,+25.3,GB	
1701068118.1689885	+7.03,-1.7,+20.2,MB	+2.42,+266.3,+20.7,IB	+6.48,+30.3,+20.7,FA	+2.34,+275.4,+25.6,IB	+2.20,+283.3,+25.2,FB	+2.25,+280.6,+25.3,DB	
1701068180.1785226	+7.03,-1.7,+20.2,MB	+2.42,+266.3,+20.7,IB	+6.48,+30.3,+20.7,FA	+2.34,+275.6,+25.6,KB	+2.20,+283.3,+25.2,FB	+2.25,+280.5,+25.3,GB	
1701068242.1838498	+7.03,-1.7,+20.2,MB	+2.42,+266.3,+20.7,IB	+6.48,+30.3,+20.7,FA	+2.36,+274.5,+25.5,HB	+2.22,+282.5,+25.2,CB	+2.23,+282.2,+25.4,CB	
1701068304.1945205	+7.02,-1.1,+20.2,JB	+2.42,+266.3,+20.7,IB	+6.48,+30.3,+20.7,FA	+2.35,+274.8,+25.5,FB	+2.21,+283.1,+25.2,EB	+2.24,+281.1,+25.3,CB	
1701068366.201183	+7.02,-1.4,+20.2,OB	+2.42,+266.3,+20.6,HB	+6.48,+30.4,+20.7,AA	+2.37,+273.6,+25.6,NB	+2.22,+282.5,+25.2,CB	+2.22,+282.3,+25.4,CB	
1701068428.212871	+7.03,-1.5,+20.2,OB	+2.42,+266.3,+20.6,HB	+6.48,+30.3,+20.7,FA	+2.35,+275.1,+25.6,MB	+2.21,+283.2,+25.2,FB	+2.25,+280.6,+25.4,CB	
1701068490.2212052	+7.03,-1.7,+20.2,MB	+2.42,+266.3,+20.7,IB	+6.48,+30.3,+20.7,FA	+2.35,+275.0,+25.6,LB	+2.20,+283.2,+25.2,GB	+2.26,+280.1,+25.3,@B	
1701068552.2304277	+7.03,-1.7,+20.2,MB	+2.42,+266.3,+20.7,IB	+6.48,+30.3,+20.7,FA	+2.36,+274.6,+25.6,HB	+2.22,+282.6,+25.2,@B	+2.24,+281.1,+25.3,CB	
1701068614.2390037	+7.03,-1.8,+20.2,BB	+2.42,+266.3,+20.6,HB	+6.48,+30.3,+20.7,FA	+2.35,+275.1,+25.5,NB	+2.21,+283.2,+25.2,FB	+2.26,+280.1,+25.4,GB	
1701068676.2451437	+7.03,-1.9,+20.2,CB	+2.42,+266.3,+20.7,IB	+6.48,+30.3,+20.7,FA	+2.36,+274.7,+25.5,JB	+2.20,+283.3,+25.2,FB	+2.26,+280.3,+25.3,BB	
1701068738.2539184	+7.03,-1.9,+20.2,CB	+2.42,+266.3,+20.7,IB	+6.48,+30.3,+20.7,FA	+2.36,+274.4,+25.6,JB	+2.22,+282.5,+25.2,CB	+2.24,+281.2,+25.4,GB	
1701068800.2598503	+7.03,-1.8,+20.2,BB	+2.42,+266.3,+20.6,HB	+6.48,+30.3,+20.7,FA	+2.35,+275.0,+25.6,LB	+2.21,+282.7,+25.2,BB	+2.25,+280.8,+25.4,MB	
1701068862.269749	+7.03,-1.8,+20.2,BB	+2.42,+266.3,+20.6,HB	+6.48,+30.3,+20.7,FA	+2.36,+274.6,+25.6,HB	+2.20,+283.3,+25.2,FB	+2.25,+280.5,+25.4,@B	
1701068924.2790356	+7.03,-1.9,+20.3,BB	+2.42,+266.3,+20.7,IB	+6.48,+30.3,+20.7,FA	+2.36,+274.7,+25.6,IB	+2.20,+283.3,+25.2,FB	+2.25,+280.4,+25.3,FB	
1701068986.2877126	+7.03,-2.0,+20.2,IB	+2.42,+266.3,+20.7,IB	+6.48,+30.3,+20.7,FA	+2.37,+273.9,+25.6,AB	+2.21,+283.0,+25.2,DB	+2.24,+281.5,+25.3,GB	
1701069048.2976582	+7.03,-1.9,+20.2,CB	+2.42,+266.3,+20.7,IB	+6.48,+30.3,+20.7,FA	+2.37,+273.9,+25.5,BB	+2.21,+282.8,+25.2,MB	+2.23,+281.9,+25.4,KB	
1701069110.306404	+7.03,-2.0,+20.2,IB	+2.42,+266.3,+20.7,IB	+6.48,+30.3,+20.7,FA	+2.35,+275.1,+25.5,NB	+2.22,+282.6,+25.2,@B	+2.25,+281.0,+25.4,DB	
1701069172.3165529	+7.03,-1.8,+20.2,BB	+2.42,+266.2,+20.7,HB	+6.48,+30.3,+20.7,FA	+2.36,+274.5,+25.6,KB	+2.22,+282.5,+25.2,CB	+2.23,+281.7,+25.3,BB	
1701069234.320619	+7.03,-1.8,+20.2,BB	+2.42,+266.3,+20.7,IB	+6.48,+30.3,+20.7,FA	+2.37,+273.8,+25.6,@B	+2.21,+283.1,+25.2,EB	+2.25,+281.0,+25.4,DB	
1701069296.3284981	+7.03,-1.9,+20.2,CB	+2.42,+266.3,+20.7,IB	+6.48,+30.3,+20.7,FA	+2.37,+273.9,+25.6,AB	+2.20,+283.3,+25.2,FB	+2.25,+281.0,+25.3,CB	
1701069358.3336957	+7.03,-1.9,+20.2,CB	+2.42,+266.3,+20.7,IB	+6.48,+30.3,+20.7,FA	+2.37,+274.0,+25.6,OB	+2.21,+283.2,+25.2,FB	+2.24,+281.5,+25.4,@B	
1701069420.3436325	+7.03,-2.0,+20.2,IB	+2.42,+266.3,+20.7,IB	+6.48,+30.3,+20.7,FA	+2.37,+274.1,+25.6,NB	+2.20,+283.3,+25.2,FB	+2.24,+281.4,+25.3,FB	
1701069482.3528025	+7.03,-1.9,+20.2,CB	+2.42,+266.3,+20.7,IB	+6.48,+30.3,+20.7,FA	+2.34,+275.4,+25.5,JB	+2.22,+282.6,+25.2,@B	+2.26,+280.4,+25.4,BB	
1701069544.360475	+7.03,-2.0,+20.2,IB	+2.42,+266.3,+20.7,IB	+6.48,+30.3,+20.7,FA	+2.36,+274.1,+25.6,OB	+2.21,+283.2,+25.2,FB	+2.23,+281.7,+25.4,EB	
1701069606.36917	+7.03,-2.0,+20.2,IB	+2.42,+266.3,+20.7,IB	+6.48,+30.3,+20.7,FA	+2.36,+274.5,+25.6,KB	+2.21,+283.0,+25.2,DB	+2.23,+281.9,+25.4,KB	
1701069668.376639	+7.04,-2.1,+20.2,OB	+2.42,+266.4,+20.6,OB	+6.48,+30.3,+20.7,FA	+2.36,+274.5,+25.5,HB	+2.21,+282.9,+25.2,LB	+2.23,+282.0,+25.4,AB	
1701069730.3850338	+7.04,-2.0,+20.2,NB	+2.42,+266.3,+20.7,IB	+6.48,+30.2,+20.7,GA	+2.35,+274.7,+25.5,IB	+2.21,+283.2,+25.2,FB	+2.24,+281.5,+25.4,@B	
1701069792.3932233	+7.04,-2.1,+20.2,OB	+2.42,+266.3,+20.6,HB	+6.48,+30.4,+20.7,AA	+2.35,+275.0,+25.5,OB	+2.21,+282.7,+25.2,BB	+2.24,+281.4,+25.3,FB	
1701069854.4018586	+7.04,-2.1,+20.2,OB	+2.42,+266.3,+20.7,IB	+6.48,+30.3,+20.7,FA	+2.36,+274.1,+25.5,LB	+2.20,+283.3,+25.2,FB	+2.24,+281.6,+25.3,DB	
1701069916.4094718	+7.04,-2.1,+20.2,OB	+2.42,+266.3,+20.6,HB	+6.48,+30.3,+20.7,FA	+2.35,+275.0,+25.5,OB	+2.21,+282.8,+25.2,MB	+2.26,+280.1,+25.3,@B	
1701069978.4190154	+7.04,-2.2,+20.2,LB	+2.42,+266.3,+20.7,IB	+6.48,+30.3,+20.7,FA	+2.35,+275.2,+25.6,NB	+2.22,+282.6,+25.2,@B	+2.26,+280.3,+25.3,BB	
1701070040.427995	+7.04,-2.2,+20.3,MB	+2.42,+266.3,+20.7,IB	+6.48,+30.3,+20.7,FA	+2.35,+275.0,+25.6,LB	+2.21,+282.7,+25.2,BB	+2.26,+280.2,+25.4,DB	
1701070102.4360125	+7.04,-2.1,+20.2,OB	+2.42,+266.3,+20.7,IB	+6.48,+30.3,+20.7,FA	+2.36,+274.4,+25.6,JB	+2.21,+283.1,+25.2,EB	+2.25,+280.8,+25.3,JB	
1701070164.4469504	+7.03,-1.7,+20.3,LB	+2.42,+266.3,+20.7,IB	+6.48,+30.3,+20.7,FA	+2.35,+274.7,+25.6,JB	+2.21,+282.8,+25.2,MB	+2.26,+280.3,+25.3,BB	
1701070226.4560792	+7.03,-1.8,+20.2,BB	+2.42,+266.3,+20.7,IB	+6.48,+30.3,+20.7,FA	+2.34,+275.4,+25.5,JB	+2.21,+282.7,+25.2,BB	+2.25,+280.8,+25.4,MB	
1701070288.4658892	+7.03,-2.0,+20.2,IB	+2.42,+266.3,+20.7,IB	+6.48,+30.4,+20.7,AA	+2.35,+275.0,+25.5,OB	+2.22,+282.6,+25.1,CB	+2.26,+280.2,+25.4,DB	
1701070350.4759986	+7.04,-2.1,+20.2,OB	+2.42,+266.3,+20.7,IB	+6.48,+30.3,+20.7,FA	+2.36,+274.7,+25.6,IB	+2.21,+282.8,+25.2,MB	+2.25,+280.5,+25.3,GB	
1701070412.4841094	+7.04,-2.2,+20.2,LB	+2.42,+266.3,+20.7,IB	+6.48,+30.3,+20.7,FA	+2.34,+275.6,+25.5,HB	+2.21,+283.0,+25.2,DB	+2.24,+281.4,+25.3,FB	
1701070658.0609102	+7.04,-2.2,+20.2,LB	+2.42,+266.4,+20.7,NB	+6.48,+30.3,+20.7,FA	+2.36,+274.5,+25.5,HB	+2.22,+282.6,+25.2,@B	+2.23,+281.9,+25.4,KB	
1701070720.0687647	+7.04,-2.2,+20.2,LB	+2.42,+266.3,+20.7,IB	+6.48,+30.3,+20.7,FA	+2.36,+274.7,+25.6,IB	+2.21,+282.7,+25.2,BB	+2.23,+281.9,+25.3,LB	
1701070782.0781112	+7.04,-2.3,+20.2,MB	+2.42,+266.3,+20.7,IB	+6.48,+30.3,+20.7,FA	+2.36,+274.6,+25.5,KB	+2.22,+282.5,+25.2,CB	+2.23,+281.9,+25.4,KB	
1701070844.0869834	+7.04,-2.2,+20.2,LB	+2.42,+266.3,+20.7,IB	+6.48,+30.4,+20.7,AA	+2.37,+273.8,+25.5,CB	+2.21,+282.9,+25.2,LB	+2.24,+281.3,+25.3,AB	
1701070906.0953584	+7.04,-2.3,+20.2,MB	+2.42,+266.3,+20.7,IB	+6.48,+30.3,+20.7,FA	+2.37,+273.6,+25.6,NB	+2.21,+283.2,+25.2,FB	+2.24,+281.1,+25.4,DB	
1701070968.1007986	+7.04,-2.4,+20.2,JB	+2.42,+266.3,+20.7,IB	+6.48,+30.4,+20.7,AA	+2.35,+275.2,+25.6,NB	+2.21,+282.8,+25.2,MB	+2.24,+281.3,+25.4,FB	
1701071030.1101224	+7.04,-2.3,+20.2,MB	+2.42,+266.3,+20.7,IB	+6.48,+30.3,+20.7,FA	+2.36,+274.3,+25.5,NB	+2.21,+282.9,+25.2,LB	+2.23,+281.7,+25.4,EB	
1701071092.1187584	+7.04,-2.3,+20.2,MB	+2.42,+266.4,+20.7,NB	+6.48,+30.4,+20.7,AA	+2.36,+274.1,+25.6,OB	+2.20,+283.3,+25.2,FB	+2.25,+280.9,+25.4,LB	
1701071154.1263552	+7.04,-2.3,+20.2,MB	+2.42,+266.3,+20.7,IB	+6.48,+30.4,+20.7,AA	+2.37,+273.9,+25.6,AB	+2.21,+283.1,+25.2,EB	+2.24,+281.3,+25.3,AB	
1701071216.135161	+7.04,-2.3,+20.2,MB	+2.42,+266.3,+20.7,IB	+6.48,+30.4,+20.7,AA	+2.35,+275.1,+25.5,NB	+2.21,+282.7,+25.2,BB	+2.23,+282.0,+25.4,AB	
1701071278.1399937	+7.04,-2.3,+20.2,MB	+2.42,+266.3,+20.7,IB	+6.48,+30.4,+20.7,AA	+2.37,+274.1,+25.6,NB	+2.20,+283.4,+25.2,AB	+2.25,+280.9,+25.3,KB	
1701071340.152407	+7.04,-2.3,+20.2,MB	+2.42,+266.4,+20.6,OB	+6.48,+30.4,+20.7,AA	+2.35,+275.0,+25.6,LB	+2.21,+283.1,+25.2,EB	+2.25,+280.5,+25.4,@B	
1701071402.1606798	+7.04,-2.3,+20.2,MB	+2.42,+266.4,+20.7,NB	+6.48,+30.4,+20.7,AA	+2.36,+274.6,+25.5,KB	+2.21,+283.1,+25.2,EB	+2.23,+281.8,+25.4,JB	
1701071464.1694772	+7.04,-2.3,+20.2,MB	+2.42,+266.3,+20.7,IB	+6.48,+30.4,+20.7,AA	+2.36,+274.4,+25.5,IB	+2.20,+283.4,+25.2,AB	+2.25,+280.9,+25.4,LB	
1701071526.176824	+7.04,-2.3,+20.2,MB	+2.42,+266.4,+20.7,NB	+6.48,+30.4,+20.7,AA	+2.34,+275.6,+25.6,KB	+2.21,+282.7,+25.2,BB	+2.26,+280.2,+25.4,DB	
1701071588.18569	+7.04,-2.3,+20.2,MB	+2.42,+266.3,+20.7,IB	+6.48,+30.4,+20.7,AA	+2.34,+275.4,+25.6,IB	+2.21,+282.9,+25.2,LB	+2.26,+280.0,+25.4,FB	
1701071650.193987	+7.04,-2.4,+20.2,JB	+2.42,+266.3,+20.7,IB	+6.48,+30.3,+20.7,FA	+2.34,+275.6,+25.5,HB	+2.21,+282.7,+25.2,BB	+2.25,+280.6,+25.4,CB	
1701071712.2033117	+7.04,-2.3,+20.2,MB	+2.42,+266.3,+20.7,IB	+6.48,+30.4,+20.7,AA	+2.34,+275.6,+25.6,KB	+2.21,+282.7,+25.2,BB	+2.25,+280.6,+25.4,CB	
1701071774.2120972	+7.04,-2.4,+20.2,JB	+2.42,+266.4,+20.7,NB	+6.48,+30.3,+20.7,FA	+2.34,+275.4,+25.5,JB	+2.21,+282.8,+25.2,MB	+2.24,+281.4,+25.4,AB	
1701071836.2200527	+7.04,-2.3,+20.2,MB	+2.42,+266.4,+20.7,NB	+6.48,+30.4,+20.7,AA	+2.36,+274.4,+25.5,IB	+2.20,+283.2,+25.2,GB	+2.25,+280.9,+25.3,KB	
1701071898.228228	+7.04,-2.4,+20.2,JB	+2.42,+266.4,+20.7,NB	+6.48,+30.4,+20.7,AA	+2.37,+274.1,+25.5,MB	+2.20,+283.3,+25.2,FB	+2.26,+280.0,+25.4,FB	
1701071960.2355275	+7.04,-2.4,+20.2,JB	+2.42,+266.3,+20.7,IB	+6.48,+30.4,+20.7,AA	+2.34,+275.3,+25.5,MB	+2.22,+282.6,+25.2,@B	+2.26,+280.3,+25.3,BB	
1701072022.2447507	+7.04,-2.1,+20.2,OB	+2.42,+266.4,+20.7,NB	+6.48,+30.4,+20.7,AA	+2.36,+274.4,+25.6,JB	+2.20,+283.4,+25.2,AB	+2.25,+280.9,+25.4,LB	
1701072084.2534554	+7.04,-2.3,+20.2,MB	+2.42,+266.3,+20.7,IB	+6.48,+30.4,+20.7,AA	+2.35,+274.8,+25.5,FB	+2.20,+283.4,+25.2,AB	+2.24,+281.2,+25.4,GB	
1701072146.2621877	+7.04,-2.4,+20.2,JB	+2.42,+266.3,+20.7,IB	+6.48,+30.4,+20.6,@A	+2.35,+274.7,+25.5,IB	+2.21,+282.9,+25.2,LB	+2.27,+279.7,+25.4,FB	
1701072208.2720447	+7.04,-2.3,+20.2,MB	+2.42,+266.4,+20.7,NB	+6.48,+30.3,+20.7,FA	+2.36,+274.5,+25.5,HB	+2.21,+282.9,+25.2,LB	+2.27,+279.7,+25.3,AB	
1701072270.2800782	+7.04,-2.3,+20.3,LB	+2.42,+266.3,+20.7,IB	+6.48,+30.4,+20.7,AA	+2.36,+274.5,+25.6,KB	+2.20,+283.4,+25.2,AB	+2.26,+280.4,+25.3,EB	
1701072332.2889583	+7.04,-2.4,+20.2,JB	+2.42,+266.3,+20.7,IB	+6.48,+30.3,+20.7,FA	+2.36,+274.4,+25.6,JB	+2.20,+283.4,+25.2,AB	+2.25,+280.5,+25.4,@B	
1701072394.2969975	+7.04,-2.4,+20.2,JB	+2.42,+266.4,+20.7,NB	+6.48,+30.4,+20.7,AA	+2.36,+274.6,+25.5,KB	+2.20,+283.4,+25.2,AB	+2.25,+280.7,+25.3,EB	
1701072456.3057861	+7.04,-2.4,+20.3,KB	+2.42,+266.4,+20.7,NB	+6.48,+30.4,+20.7,AA	+2.35,+275.3,+25.6,OB	+2.21,+282.7,+25.2,BB	+2.26,+280.4,+25.3,EB	
1701072518.3156257	+7.04,-2.4,+20.2,JB	+2.42,+266.4,+20.7,NB	+6.48,+30.4,+20.7,AA	+2.35,+274.7,+25.5,IB	+2.20,+283.5,+25.2,@B	+2.25,+280.9,+25.3,KB	
1701072580.3238695	+7.04,-2.4,+20.2,JB	+2.42,+266.4,+20.7,NB	+6.48,+30.4,+20.7,AA	+2.34,+275.8,+25.6,EB	+2.21,+283.1,+25.2,EB	+2.24,+281.1,+25.4,DB	
1701072642.3340654	+7.04,-2.5,+20.2,KB	+2.42,+266.4,+20.6,OB	+6.48,+30.4,+20.7,AA	+2.34,+275.5,+25.5,KB	+2.21,+282.8,+25.2,MB	+2.26,+280.3,+25.4,EB	
1701072704.343763	+7.04,-2.4,+20.3,KB	+2.42,+266.4,+20.7,NB	+6.48,+30.4,+20.7,AA	+2.36,+274.6,+25.6,HB	+2.21,+283.0,+25.2,DB	+2.26,+279.9,+25.4,IB	
1701072766.352236	+7.04,-2.4,+20.2,JB	+2.42,+266.3,+20.7,IB	+6.48,+30.4,+20.7,AA	+2.35,+275.2,+25.6,NB	+2.20,+283.4,+25.2,AB	+2.25,+280.8,+25.3,JB	
1701072828.3544872	+7.04,-2.2,+20.2,LB	+2.42,+266.4,+20.7,NB	+6.48,+30.4,+20.7,AA	+2.34,+275.5,+25.5,KB	+2.20,+283.5,+25.2,@B	+2.24,+281.1,+25.3,CB	
1701072890.3639183	+7.04,-2.4,+20.2,JB	+2.42,+266.4,+20.7,NB	+6.48,+30.4,+20.7,AA	+2.33,+276.1,+25.5,KB	+2.20,+283.4,+25.2,AB	+2.24,+281.3,+25.4,FB	
1701072952.3726609	+7.04,-2.5,+20.2,KB	+2.42,+266.4,+20.7,NB	+6.48,+30.4,+20.7,AA	+2.33,+276.1,+25.6,HB	+2.20,+283.4,+25.2,AB	+2.24,+281.3,+25.3,AB	
1701073014.3801994	+7.04,-2.4,+20.2,JB	+2.42,+266.4,+20.7,NB	+6.48,+30.4,+20.7,AA	+2.34,+275.8,+25.6,EB	+2.20,+283.4,+25.2,AB	+2.24,+281.3,+25.4,FB	
1701073076.387905	+7.04,-2.5,+20.2,KB	+2.42,+266.4,+20.7,NB	+6.48,+30.3,+20.7,FA	+2.34,+275.7,+25.6,JB	+2.20,+283.2,+25.2,GB	+2.25,+281.0,+25.4,DB	
1701073138.395958	+7.04,-2.5,+20.2,KB	+2.42,+266.4,+20.7,NB	+6.48,+30.4,+20.7,AA	+2.34,+275.3,+25.5,MB	+2.20,+283.4,+25.2,AB	+2.25,+280.8,+25.4,MB	
1701073200.4073977	+7.04,-2.3,+20.3,LB	+2.42,+266.4,+20.7,NB	+6.48,+30.4,+20.7,AA	+2.36,+274.5,+25.6,KB	+2.20,+283.5,+25.2,@B	+2.24,+281.3,+25.4,FB	
1701073262.4157922	+7.04,-2.4,+20.2,JB	+2.42,+266.4,+20.7,NB	+6.48,+30.4,+20.7,AA	+2.34,+275.7,+25.5,IB	+2.20,+283.3,+25.2,FB	+2.25,+280.8,+25.3,JB	
1701073324.4249449	+7.04,-2.5,+20.3,JB	+2.42,+266.4,+20.7,NB	+6.48,+30.4,+20.7,AA	+2.36,+274.5,+25.5,HB	+2.21,+283.0,+25.2,DB	+2.25,+280.6,+25.3,DB	
1701073386.4355922	+7.04,-2.5,+20.2,KB	+2.42,+266.4,+20.7,NB	+6.48,+30.3,+20.7,FA	+2.36,+274.3,+25.6,MB	+2.21,+282.9,+25.2,LB	+2.25,+280.7,+25.4,BB	
1701073448.4445715	+7.04,-2.4,+20.2,JB	+2.42,+266.4,+20.7,NB	+6.48,+30.4,+20.7,AA	+2.36,+274.5,+25.5,HB	+2.21,+282.9,+25.2,LB	+2.26,+280.0,+25.4,FB	
1701073510.4543438	+7.04,-2.5,+20.2,KB	+2.42,+266.4,+20.7,NB	+6.48,+30.4,+20.7,AA	+2.34,+275.6,+25.6,KB	+2.20,+283.5,+25.2,@B	+2.24,+281.2,+25.4,GB	
1701073572.4641573	+7.04,-2.5,+20.2,KB	+2.42,+266.4,+20.7,NB	+6.48,+30.4,+20.7,AA	+2.34,+275.5,+25.6,HB	+2.20,+283.3,+25.2,FB	+2.24,+281.3,+25.4,FB	
1701073634.4722452	+7.04,-2.6,+20.2,HB	+2.42,+266.4,+20.7,NB	+6.48,+30.4,+20.7,AA	+2.35,+274.9,+25.5,GB	+2.21,+282.8,+25.2,MB	+2.26,+280.3,+25.4,EB	
1701073696.4812045	+7.04,-2.5,+20.2,KB	+2.42,+266.4,+20.7,NB	+6.48,+30.4,+20.7,AA	+2.33,+276.0,+25.5,JB	+2.20,+283.5,+25.2,@B	+2.24,+281.2,+25.4,GB	
1701073758.490784	+7.04,-2.5,+20.2,KB	+2.42,+266.4,+20.7,NB	+6.48,+30.3,+20.7,FA	+2.34,+275.8,+25.6,EB	+2.21,+283.2,+25.2,FB	+2.24,+281.2,+25.4,GB	
1701073820.5004845	+7.04,-2.6,+20.2,HB	+2.42,+266.4,+20.7,NB	+6.48,+30.4,+20.7,AA	+2.34,+275.5,+25.5,KB	+2.21,+282.9,+25.2,LB	+2.25,+280.8,+25.3,JB	
1701073882.5081646	+7.04,-2.6,+20.3,IB	+2.42,+266.4,+20.7,NB	+6.48,+30.3,+20.7,FA	+2.35,+275.0,+25.5,OB	+2.21,+283.2,+25.2,FB	+2.26,+280.0,+25.4,FB	
1701073944.5179465	+7.04,-2.6,+20.3,IB	+2.42,+266.4,+20.7,NB	+6.48,+30.3,+20.7,FA	+2.33,+276.0,+25.5,JB	+2.21,+283.2,+25.2,FB	+2.24,+281.4,+25.3,FB	
1701074006.5278244	+7.04,-2.6,+20.2,HB	+2.42,+266.5,+20.7,OB	+6.48,+30.3,+20.7,FA	+2.33,+276.0,+25.5,JB	+2.21,+283.0,+25.2,DB	+2.24,+281.2,+25.4,GB	
1701074068.5383759	+7.04,-2.6,+20.3,IB	+2.42,+266.4,+20.7,NB	+6.48,+30.3,+20.7,FA	+2.34,+275.4,+25.5,JB	+2.20,+283.3,+25.2,FB	+2.26,+280.3,+25.4,EB	
1701074130.5453205	+7.04,-2.6,+20.3,IB	+2.42,+266.4,+20.7,NB	+6.48,+30.3,+20.7,FA	+2.35,+275.0,+25.5,OB	+2.21,+282.8,+25.2,MB	+2.26,+279.9,+25.3,NB	
1701074192.556013	+7.04,-2.6,+20.2,HB	+2.42,+266.4,+20.7,NB	+6.48,+30.3,+20.7,FA	+2.34,+275.5,+25.6,HB	+2.20,+283.4,+25.2,AB	+2.25,+280.5,+25.3,GB	
1701074254.5644305	+7.05,-2.6,+20.2,IB	+2.42,+266.5,+20.7,OB	+6.48,+30.3,+20.7,FA	+2.33,+275.9,+25.5,@B	+2.20,+283.5,+25.2,@B	+2.25,+281.0,+25.4,DB	
1701074500.1671088	+7.04,-2.4,+20.2,JB	+2.42,+266.5,+20.6,NB	+6.48,+30.4,+20.7,AA	+2.33,+275.9,+25.5,@B	+2.20,+283.4,+25.2,AB	+2.24,+281.2,+25.3,@B	
1701074562.173698	+7.04,-2.5,+20.3,JB	+2.42,+266.4,+20.7,NB	+6.48,+30.4,+20.7,AA	+2.34,+275.9,+25.6,DB	+2.20,+283.3,+25.2,FB	+2.24,+281.3,+25.4,FB	
1701074624.1838686	+7.04,-2.5,+20.2,KB	+2.42,+266.4,+20.7,NB	+6.48,+30.4,+20.7,AA	+2.34,+275.6,+25.6,KB	+2.20,+283.4,+25.2,AB	+2.25,+281.0,+25.3,CB	
1701074686.1938498	+7.04,-2.5,+20.3,JB	+2.42,+266.4,+20.7,NB	+6.48,+30.4,+20.7,AA	+2.34,+275.4,+25.6,IB	+2.21,+282.9,+25.2,LB	+2.26,+280.2,+25.3,CB	
1701074748.2028544	+7.04,-2.5,+20.2,KB	+2.42,+266.5,+20.7,OB	+6.48,+30.4,+20.7,AA	+2.34,+275.8,+25.5,FB	+2.20,+283.4,+25.2,AB	+2.25,+280.9,+25.4,LB	
1701074810.2133312	+7.04,-2.5,+20.2,KB	+2.42,+266.4,+20.7,NB	+6.48,+30.4,+20.7,AA	+2.34,+275.3,+25.5,MB	+2.20,+283.5,+25.2,@B	+2.26,+280.2,+25.3,CB	
1701074872.2240586	+7.04,-2.6,+20.2,HB	+2.42,+266.5,+20.6,NB	+6.48,+30.3,+20.7,FA	+2.34,+275.6,+25.6,KB	+2.20,+283.5,+25.2,@B	+2.25,+280.6,+25.4,CB	
1701074934.2347014	+7.04,-2.5,+20.2,KB	+2.42,+266.4,+20.7,NB	+6.48,+30.4,+20.7,AA	+2.34,+275.6,+25.5,HB	+2.21,+282.9,+25.2,LB	+2.26,+280.4,+25.4,BB	
1701074996.2421877	+7.04,-2.5,+20.2,KB	+2.42,+266.5,+20.7,OB	+6.48,+30.4,+20.7,AA	+2.35,+275.3,+25.6,OB	+2.20,+283.3,+25.2,FB	+2.26,+279.9,+25.3,NB	
1701075058.251275	+7.04,-2.6,+20.3,IB	+2.42,+266.5,+20.7,OB	+6.48,+30.4,+20.7,AA	+2.35,+275.3,+25.5,LB	+2.20,+283.3,+25.2,FB	+2.26,+280.0,+25.3,AB	
1701075120.2613008	+7.04,-2.5,+20.2,KB	+2.42,+266.5,+20.6,NB	+6.48,+30.5,+20.7,@A	+2.33,+276.4,+25.5,NB	+2.21,+282.7,+25.2,BB	+2.24,+281.6,+25.4,CB	
1701075182.2692387	+7.04,-2.6,+20.2,HB	+2.42,+266.5,+20.7,OB	+6.48,+30.4,+20.7,AA	+2.35,+275.1,+25.5,NB	+2.20,+283.6,+25.2,CB	+2.26,+280.1,+25.3,@B	
1701075244.2796845	+7.04,-2.5,+20.2,KB	+2.42,+266.5,+20.7,OB	+6.48,+30.5,+20.7,@A	+2.34,+275.8,+25.6,EB	+2.21,+283.0,+25.2,DB	+2.25,+280.8,+25.3,JB	
1701075306.288789	+7.04,-2.5,+20.2,KB	+2.42,+266.5,+20.7,OB	+6.48,+30.5,+20.7,@A	+2.33,+276.1,+25.5,KB	+2.21,+283.0,+25.2,DB	+2.25,+281.0,+25.4,DB	
1701075368.2978852	+7.04,-2.6,+20.2,HB	+2.42,+266.5,+20.7,OB	+6.48,+30.5,+20.7,@A	+2.34,+275.4,+25.6,IB	+2.20,+283.4,+25.2,AB	+2.26,+280.2,+25.3,CB	
1701075430.3066633	+7.04,-2.6,+20.2,HB	+2.42,+266.5,+20.6,NB	+6.48,+30.5,+20.7,@A	+2.35,+275.1,+25.6,MB	+2.20,+283.6,+25.2,CB	+2.26,+280.2,+25.4,DB	
1701075492.3159728	+7.05,-2.6,+20.3,HB	+2.42,+266.5,+20.7,OB	+6.48,+30.5,+20.7,@A	+2.35,+275.1,+25.5,NB	+2.20,+283.5,+25.2,@B	+2.26,+280.1,+25.4,GB	
1701075554.3257306	+7.05,-2.6,+20.2,IB	+2.42,+266.5,+20.7,OB	+6.48,+30.5,+20.7,@A	+2.34,+275.6,+25.6,KB	+2.21,+282.9,+25.2,LB	+2.24,+281.4,+25.4,AB	
1701075616.3336213	+7.05,-2.7,+20.2,HB	+2.42,+266.5,+20.7,OB	+6.48,+30.5,+20.7,@A	+2.34,+275.3,+25.5,MB	+2.21,+283.2,+25.2,FB	+2.25,+280.9,+25.4,LB	
1701075678.3435075	+7.05,-2.7,+20.2,HB	+2.42,+266.4,+20.7,NB	+6.48,+30.5,+20.7,@A	+2.35,+275.2,+25.5,MB	+2.21,+283.1,+25.2,EB	+2.25,+281.0,+25.3,CB	
1701075740.3531976	+7.05,-2.7,+20.2,HB	+2.42,+266.5,+20.7,OB	+6.48,+30.5,+20.7,@A	+2.35,+275.2,+25.5,MB	+2.20,+283.5,+25.2,@B	+2.26,+280.2,+25.4,DB	
1701075802.3640914	+7.04,-2.6,+20.2,HB	+2.42,+266.5,+20.7,OB	+6.48,+30.5,+20.7,@A	+2.34,+275.8,+25.5,FB	+2.20,+283.3,+25.2,FB	+2.25,+280.8,+25.3,JB	
1701075864.3737798	+7.05,-2.7,+20.2,HB	+2.42,+266.4,+20.7,NB	+6.48,+30.5,+20.7,@A	+2.34,+275.5,+25.6,HB	+2.20,+283.6,+25.2,CB	+2.26,+280.3,+25.4,EB	
1701075926.3825428	+7.05,-2.7,+20.2,HB	+2.42,+266.5,+20.7,OB	+6.48,+30.5,+20.7,@A	+2.35,+274.9,+25.6,DB	+2.20,+283.4,+25.2,AB	+2.26,+280.1,+25.3,@B	
1701075988.3901901	+7.05,-2.6,+20.2,IB	+2.42,+266.5,+20.7,OB	+6.48,+30.5,+20.7,@A	+2.35,+275.3,+25.6,OB	+2.21,+283.0,+25.2,DB	+2.25,+280.9,+25.3,KB	
1701076050.3960943	+7.04,-2.6,+20.3,IB	+2.42,+266.5,+20.7,OB	+6.47,+30.6,+20.7,LA	+2.33,+275.9,+25.5,@B	+2.21,+282.8,+25.2,MB	+2.23,+281.7,+25.4,EB	
1701076112.40571	+7.04,-2.6,+20.3,IB	+2.42,+266.5,+20.7,OB	+6.47,+30.6,+20.7,LA	+2.34,+275.5,+25.6,HB	+2.20,+283.6,+25.2,CB	+2.26,+280.0,+25.4,FB	
1701076174.4151888	+7.05,-2.7,+20.2,HB	+2.42,+266.4,+20.7,NB	+6.47,+30.6,+20.7,LA	+2.34,+275.5,+25.5,KB	+2.20,+283.5,+25.2,@B	+2.26,+280.0,+25.4,FB	
1701076236.4253168	+7.04,-2.6,+20.2,HB	+2.42,+266.5,+20.7,OB	+6.47,+30.6,+20.7,LA	+2.35,+274.9,+25.5,GB	+2.20,+283.3,+25.2,FB	+2.26,+280.3,+25.4,EB	
1701076298.4330437	+7.05,-2.7,+20.2,HB	+2.42,+266.5,+20.7,OB	+6.47,+30.6,+20.7,LA	+2.35,+274.7,+25.5,IB	+2.21,+283.2,+25.2,FB	+2.26,+280.3,+25.4,EB	
1701076360.441285	+7.04,-2.5,+20.2,KB	+2.42,+266.5,+20.7,OB	+6.47,+30.6,+20.7,LA	+2.35,+275.0,+25.6,LB	+2.21,+283.2,+25.2,FB	+2.26,+280.3,+25.3,BB	
1701076422.4501276	+7.04,-2.6,+20.2,HB	+2.42,+266.5,+20.7,OB	+6.47,+30.6,+20.7,LA	+2.35,+275.0,+25.5,OB	+2.21,+283.1,+25.2,EB	+2.26,+280.3,+25.3,BB	
1701076484.4527893	+7.05,-2.6,+20.2,IB	+2.42,+266.6,+20.7,LB	+6.47,+30.6,+20.7,LA	+2.35,+275.1,+25.5,NB	+2.21,+283.2,+25.2,FB	+2.26,+280.1,+25.3,@B	
1701076546.462803	+7.04,-2.6,+20.3,IB	+2.42,+266.5,+20.7,OB	+6.47,+30.6,+20.7,LA	+2.33,+276.1,+25.5,KB	+2.21,+283.2,+25.2,FB	+2.24,+281.5,+25.4,@B	
1701076608.4710057	+7.05,-2.6,+20.2,IB	+2.42,+266.5,+20.7,OB	+6.47,+30.6,+20.7,LA	+2.35,+275.3,+25.6,OB	+2.21,+282.8,+25.2,MB	+2.24,+281.4,+25.4,AB	
1701076670.4804573	+7.05,-2.6,+20.2,IB	+2.42,+266.5,+20.7,OB	+6.47,+30.6,+20.7,LA	+2.34,+275.3,+25.5,MB	+2.21,+282.8,+25.2,MB	+2.24,+281.3,+25.3,AB	
1701076732.4885058	+7.05,-2.7,+20.2,HB	+2.42,+266.5,+20.7,OB	+6.47,+30.6,+20.7,LA	+2.35,+275.0,+25.6,LB	+2.21,+283.1,+25.2,EB	+2.26,+280.1,+25.3,@B	
1701076794.4951563	+7.05,-2.7,+20.2,HB	+2.42,+266.5,+20.7,OB	+6.47,+30.6,+20.7,LA	+2.34,+275.6,+25.6,KB	+2.20,+283.4,+25.2,AB	+2.26,+280.1,+25.3,@B	
1701076856.503919	+7.05,-2.6,+20.2,IB	+2.42,+266.5,+20.7,OB	+6.47,+30.7,+20.7,MA	+2.35,+275.2,+25.6,NB	+2.21,+282.8,+25.2,MB	+2.24,+281.3,+25.3,AB	
1701076918.5109417	+7.05,-2.7,+20.2,HB	+2.42,+266.5,+20.7,OB	+6.47,+30.6,+20.7,LA	+2.33,+276.1,+25.5,KB	+2.20,+283.4,+25.2,AB	+2.24,+281.5,+25.4,@B	
1701076980.5242527	+7.05,-2.7,+20.2,HB	+2.42,+266.5,+20.7,OB	+6.47,+30.7,+20.7,MA	+2.34,+275.5,+25.6,HB	+2.20,+283.3,+25.2,FB	+2.26,+280.0,+25.3,AB	
1701077042.5327268	+7.05,-2.7,+20.3,IB	+2.42,+266.5,+20.7,OB	+6.47,+30.6,+20.7,LA	+2.33,+276.2,+25.6,KB	+2.20,+283.6,+25.2,CB	+2.24,+281.1,+25.3,CB	
1701077104.5417233	+7.05,-2.7,+20.3,IB	+2.42,+266.5,+20.7,OB	+6.47,+30.6,+20.7,LA	+2.33,+276.2,+25.5,HB	+2.20,+283.6,+25.2,CB	+2.25,+280.8,+25.4,MB	
1701077166.5508587	+7.05,-2.7,+20.2,HB	+2.42,+266.5,+20.7,OB	+6.47,+30.6,+20.7,LA	+2.33,+276.1,+25.5,KB	+2.20,+283.6,+25.2,CB	+2.25,+280.8,+25.3,JB	
1701077228.5600991	+7.05,-2.8,+20.2,GB	+2.42,+266.5,+20.7,OB	+6.47,+30.7,+20.7,MA	+2.35,+275.1,+25.6,MB	+2.21,+282.9,+25.2,LB	+2.26,+280.1,+25.4,GB	
1701077290.566437	+7.05,-2.7,+20.2,HB	+2.42,+266.5,+20.7,OB	+6.47,+30.7,+20.7,MA	+2.34,+275.9,+25.6,DB	+2.20,+283.3,+25.2,FB	+2.26,+280.3,+25.4,EB	
1701077352.5714428	+7.05,-2.8,+20.2,GB	+2.42,+266.5,+20.7,OB	+6.47,+30.7,+20.7,MA	+2.34,+275.7,+25.5,IB	+2.21,+283.1,+25.2,EB	+2.26,+280.0,+25.4,FB	
1701077414.5806618	+7.05,-2.7,+20.2,HB	+2.42,+266.6,+20.7,LB	+6.47,+30.6,+20.7,LA	+2.35,+275.2,+25.6,NB	+2.20,+283.3,+25.2,FB	+2.24,+281.6,+25.3,DB	
1701077476.588844	+7.05,-2.7,+20.2,HB	+2.42,+266.5,+20.7,OB	+6.47,+30.7,+20.7,MA	+2.36,+274.7,+25.6,IB	+2.21,+282.9,+25.2,LB	+2.25,+280.7,+25.4,BB	
1701077538.598704	+7.05,-2.8,+20.2,GB	+2.42,+266.6,+20.7,LB	+6.47,+30.7,+20.7,MA	+2.36,+274.5,+25.6,KB	+2.21,+283.0,+25.2,DB	+2.25,+280.9,+25.3,KB	
1701077600.608077	+7.05,-2.7,+20.2,HB	+2.42,+266.5,+20.7,OB	+6.47,+30.7,+20.7,MA	+2.35,+275.2,+25.6,NB	+2.21,+282.9,+25.2,LB	+2.26,+280.0,+25.3,AB	
1701077662.6156023	+7.05,-2.7,+20.2,HB	+2.42,+266.6,+20.7,LB	+6.47,+30.7,+20.7,MA	+2.35,+274.8,+25.6,EB	+2.21,+282.8,+25.2,MB	+2.26,+280.2,+25.4,DB	
1701077724.6283827	+7.05,-2.8,+20.2,GB	+2.42,+266.6,+20.7,LB	+6.47,+30.7,+20.7,MA	+2.33,+276.0,+25.6,IB	+2.20,+283.3,+25.2,FB	+2.25,+280.5,+25.4,@B	
1701077786.63415	+7.05,-2.7,+20.2,HB	+2.42,+266.5,+20.7,OB	+6.47,+30.7,+20.7,MA	+2.36,+274.6,+25.5,KB	+2.20,+283.4,+25.2,AB	+2.24,+281.6,+25.4,CB	
1701077848.6445186	+7.04,-2.5,+20.2,KB	+2.42,+266.6,+20.7,LB	+6.47,+30.8,+20.7,BA	+2.34,+275.4,+25.5,JB	+2.20,+283.6,+25.2,CB	+2.24,+281.2,+25.4,GB	
1701077910.653144	+7.05,-2.6,+20.2,IB	+2.42,+266.6,+20.7,LB	+6.47,+30.7,+20.7,MA	+2.34,+275.5,+25.6,HB	+2.20,+283.5,+25.2,@B	+2.24,+281.4,+25.4,AB	
1701077972.661775	+7.05,-2.6,+20.2,IB	+2.42,+266.6,+20.7,LB	+6.47,+30.7,+20.7,MA	+2.35,+275.0,+25.6,LB	+2.20,+283.6,+25.2,CB	+2.23,+281.7,+25.4,EB	
1701078034.6718972	+7.05,-2.7,+20.3,IB	+2.42,+266.5,+20.7,OB	+6.47,+30.7,+20.7,MA	+2.34,+275.9,+25.5,GB	+2.20,+283.4,+25.2,AB	+2.25,+281.0,+25.4,DB	
1701078096.6792374	+7.04,-2.6,+20.2,HB	+2.42,+266.6,+20.7,LB	+6.47,+30.7,+20.7,MA	+2.34,+275.8,+25.5,FB	+2.21,+283.1,+25.2,EB	+2.25,+280.5,+25.3,GB	
1701078342.2653806	+7.04,-2.5,+20.2,KB	+2.42,+266.5,+20.7,OB	+6.47,+30.7,+20.7,MA	+2.34,+275.4,+25.6,IB	+2.21,+283.0,+25.2,DB	+2.24,+281.2,+25.3,@B	
1701078404.2733376	+7.04,-2.5,+20.3,JB	+2.42,+266.6,+20.7,LB	+6.47,+30.8,+20.7,BA	+2.35,+274.7,+25.6,JB	+2.20,+283.5,+25.2,@B	+2.26,+280.1,+25.4,GB	
1701078466.2842247	+7.04,-2.5,+20.2,KB	+2.42,+266.6,+20.7,LB	+6.47,+30.7,+20.7,MA	+2.37,+274.0,+25.6,OB	+2.20,+283.6,+25.2,CB	+2.26,+280.4,+25.4,BB	
1701078528.2959068	+7.04,-2.5,+20.3,JB	+2.42,+266.5,+20.7,OB	+6.47,+30.8,+20.7,BA	+2.36,+274.2,+25.6,LB	+2.20,+283.6,+25.2,CB	+2.26,+280.1,+25.3,@B	
1701078590.3059897	+7.04,-2.5,+20.2,KB	+2.42,+266.6,+20.7,LB	+6.47,+30.8,+20.7,BA	+2.35,+274.9,+25.6,DB	+2.21,+282.9,+25.2,LB	+2.23,+281.7,+25.4,EB	
1701078652.315418	+7.04,-2.5,+20.3,JB	+2.42,+266.5,+20.7,OB	+6.47,+30.8,+20.7,BA	+2.36,+274.2,+25.6,LB	+2.20,+283.3,+25.2,FB	+2.24,+281.0,+25.3,BB	
1701078714.3241656	+7.05,-2.6,+20.2,IB	+2.42,+266.6,+20.7,LB	+6.47,+30.8,+20.7,BA	+2.34,+275.5,+25.5,KB	+2.21,+282.8,+25.2,MB	+2.24,+281.4,+25.3,FB	
1701078776.3324907	+7.04,-2.6,+20.2,HB	+2.42,+266.6,+20.7,LB	+6.47,+30.8,+20.7,BA	+2.36,+274.4,+25.6,JB	+2.20,+283.4,+25.2,AB	+2.25,+281.0,+25.3,CB	
1701078838.3404765	+7.05,-2.6,+20.2,IB	+2.42,+266.6,+20.7,LB	+6.47,+30.8,+20.7,BA	+2.34,+275.3,+25.6,NB	+2.21,+282.8,+25.2,MB	+2.25,+281.0,+25.4,DB	
1701078900.3511667	+7.04,-2.6,+20.2,HB	+2.42,+266.5,+20.7,OB	+6.47,+30.8,+20.7,BA	+2.34,+275.4,+25.6,IB	+2.21,+283.0,+25.2,DB	+2.25,+280.7,+25.4,BB	
1701078962.3595085	+7.05,-2.6,+20.2,IB	+2.42,+266.6,+20.7,LB	+6.47,+30.8,+20.7,BA	+2.35,+275.3,+25.6,OB	+2.21,+283.0,+25.2,DB	+2.25,+280.6,+25.4,CB	
1701079024.3657653	+7.04,-2.5,+20.3,JB	+2.42,+266.5,+20.7,OB	+6.47,+30.8,+20.7,BA	+2.36,+274.3,+25.6,MB	+2.20,+283.6,+25.2,CB	+2.26,+280.1,+25.4,GB	
1701079086.3737848	+7.05,-2.6,+20.3,HB	+2.42,+266.6,+20.7,LB	+6.47,+30.8,+20.7,BA	+2.35,+274.9,+25.6,DB	+2.20,+283.4,+25.2,AB	+2.24,+281.3,+25.4,FB	
1701079148.382536	+7.05,-2.6,+20.2,IB	+2.42,+266.6,+20.7,LB	+6.47,+30.8,+20.7,BA	+2.35,+275.3,+25.6,OB	+2.21,+283.0,+25.2,DB	+2.23,+281.6,+25.3,CB	
1701079210.3908863	+7.05,-2.7,+20.2,HB	+2.42,+266.6,+20.7,LB	+6.47,+30.8,+20.7,BA	+2.37,+273.6,+25.6,NB	+2.20,+283.7,+25.2,BB	+2.25,+280.5,+25.4,@B	
1701079272.3999808	+7.05,-2.6,+20.3,HB	+2.42,+266.6,+20.7,LB	+6.47,+30.9,+20.7,CA	+2.37,+273.9,+25.6,AB	+2.20,+283.3,+25.2,FB	+2.26,+279.9,+25.3,NB	
1701079334.4090528	+7.05,-2.7,+20.2,HB	+2.42,+266.5,+20.7,OB	+6.47,+30.8,+20.7,BA	+2.37,+273.7,+25.6,OB	+2.20,+283.5,+25.2,@B	+2.26,+280.1,+25.4,GB	
1701079396.4179487	+7.05,-3.0,+20.2,NB	+2.42,+266.6,+20.7,LB	+6.47,+30.8,+20.7,BA	+2.35,+275.2,+25.6,NB	+2.21,+283.0,+25.2,DB	+2.24,+281.5,+25.4,@B	
1701079458.4271905	+7.05,-2.7,+20.2,HB	+2.42,+266.6,+20.7,LB	+6.47,+30.9,+20.7,CA	+2.35,+274.9,+25.6,DB	+2.21,+282.8,+25.2,MB	+2.25,+280.7,+25.4,BB	
1701079520.4336026	+7.05,-2.7,+20.2,HB	+2.42,+266.6,+20.7,LB	+6.47,+30.9,+20.7,CA	+2.35,+275.3,+25.6,OB	+2.21,+282.9,+25.2,LB	+2.24,+281.3,+25.3,AB	
1701079582.441167	+7.05,-2.7,+20.2,HB	+2.42,+266.6,+20.7,LB	+6.47,+30.8,+20.7,BA	+2.36,+274.4,+25.6,JB	+2.21,+283.0,+25.2,DB	+2.26,+280.1,+25.4,GB	
1701079644.4519057	+7.05,-2.7,+20.2,HB	+2.42,+266.6,+20.7,LB	+6.47,+30.9,+20.7,CA	+2.36,+274.2,+25.5,OB	+2.20,+283.2,+25.2,GB	+2.26,+280.1,+25.3,@B	
1701079706.4619355	+7.04,-2.4,+20.3,KB	+2.42,+266.6,+20.7,LB	+6.47,+30.9,+20.7,CA	+2.35,+275.2,+25.5,MB	+2.21,+282.9,+25.2,LB	+2.24,+281.1,+25.4,DB	
1701079768.4722872	+7.04,-2.5,+20.2,KB	+2.42,+266.6,+20.7,LB	+6.47,+30.8,+20.7,BA	+2.36,+274.6,+25.6,HB	+2.20,+283.6,+25.2,CB	+2.24,+281.1,+25.3,CB	
1701079830.4816012	+7.04,-2.5,+20.3,JB	+2.42,+266.6,+20.7,LB	+6.47,+30.9,+20.7,CA	+2.36,+274.3,+25.6,MB	+2.21,+283.1,+25.2,EB	+2.26,+280.0,+25.3,AB	
1701079892.4897122	+7.04,-2.5,+20.2,KB	+2.42,+266.5,+20.7,OB	+6.47,+30.9,+20.7,CA	+2.34,+275.6,+25.6,KB	+2.20,+283.3,+25.2,FB	+2.23,+281.7,+25.3,BB	
1701079954.4962788	+7.04,-2.5,+20.2,KB	+2.42,+266.6,+20.7,LB	+6.47,+30.9,+20.7,CA	+2.36,+274.6,+25.6,HB	+2.21,+282.9,+25.2,LB	+2.26,+280.2,+25.4,DB	
1701080016.5056965	+7.04,-2.5,+20.3,JB	+2.42,+266.6,+20.7,LB	+6.47,+30.9,+20.7,CA	+2.35,+274.8,+25.6,EB	+2.20,+283.5,+25.2,@B	+2.25,+280.7,+25.3,EB	
1701080078.5143247	+7.04,-2.5,+20.2,KB	+2.42,+266.6,+20.7,LB	+6.47,+30.9,+20.7,CA	+2.34,+275.6,+25.6,KB	+2.21,+283.1,+25.2,EB	+2.24,+281.2,+25.3,@B	
1701080140.5215933	+7.05,-2.6,+20.3,HB	+2.42,+266.6,+20.7,LB	+6.47,+31.0,+20.7,KA	+2.35,+275.1,+25.6,MB	+2.20,+283.5,+25.2,@B	+2.25,+281.0,+25.3,CB	
1701080202.529607	+7.05,-2.6,+20.2,IB	+2.42,+266.6,+20.7,LB	+6.47,+30.9,+20.7,CA	+2.34,+275.8,+25.6,EB	+2.20,+283.5,+25.2,@B	+2.23,+281.7,+25.4,EB	
1701080264.5347896	+7.05,-2.7,+20.2,HB	+2.42,+266.5,+20.7,OB	+6.47,+30.9,+20.7,CA	+2.36,+274.4,+25.6,JB	+2.21,+283.1,+25.2,EB	+2.26,+280.2,+25.3,CB	
1701080326.5431561	+7.05,-2.7,+20.2,HB	+2.42,+266.6,+20.7,LB	+6.47,+30.9,+20.7,CA	+2.36,+274.5,+25.5,HB	+2.21,+283.1,+25.2,EB	+2.26,+280.3,+25.3,BB	
1701080388.5504074	+7.05,-2.7,+20.2,HB	+2.42,+266.6,+20.7,LB	+6.47,+30.9,+20.7,CA	+2.36,+274.6,+25.5,KB	+2.21,+282.8,+25.2,MB	+2.26,+280.1,+25.4,GB	
1701080450.5589237	+7.05,-2.7,+20.2,HB	+2.42,+266.6,+20.7,LB	+6.47,+30.9,+20.7,CA	+2.35,+275.3,+25.5,LB	+2.20,+283.5,+25.2,@B	+2.24,+281.2,+25.4,GB	
1701080512.568025	+7.05,-2.7,+20.3,IB	+2.42,+266.6,+20.7,LB	+6.47,+30.9,+20.7,CA	+2.35,+275.1,+25.5,NB	+2.20,+283.5,+25.2,@B	+2.24,+281.1,+25.4,DB	
1701080574.570834	+7.05,-2.8,+20.2,GB	+2.42,+266.6,+20.7,LB	+6.47,+31.0,+20.7,KA	+2.34,+275.3,+25.6,NB	+2.20,+283.5,+25.2,@B	+2.24,+281.4,+25.3,FB	
1701080636.577151	+7.05,-2.7,+20.3,IB	+2.42,+266.6,+20.7,LB	+6.47,+31.0,+20.7,KA	+2.35,+274.8,+25.6,EB	+2.20,+283.4,+25.2,AB	+2.25,+280.9,+25.4,LB	
1701080698.5841024	+7.05,-2.7,+20.2,HB	+2.42,+266.6,+20.7,LB	+6.47,+31.0,+20.7,KA	+2.36,+274.4,+25.6,JB	+2.21,+283.2,+25.2,FB	+2.25,+280.6,+25.4,CB	
1701080760.592051	+7.05,-2.8,+20.3,FB	+2.42,+266.6,+20.7,LB	+6.47,+31.0,+20.7,KA	+2.36,+274.5,+25.6,KB	+2.21,+283.2,+25.2,FB	+2.25,+280.6,+25.4,CB	
1701080822.6011024	+7.05,-2.7,+20.3,IB	+2.42,+266.6,+20.7,LB	+6.47,+31.0,+20.7,KA	+2.35,+275.0,+25.6,LB	+2.20,+283.4,+25.2,AB	+2.24,+281.1,+25.3,CB	
1701080884.6100552	+7.05,-2.7,+20.2,HB	+2.42,+266.6,+20.7,LB	+6.47,+31.0,+20.7,KA	+2.36,+274.3,+25.5,NB	+2.21,+282.9,+25.2,LB	+2.26,+280.1,+25.3,@B	
1701080946.6158354	+7.05,-2.7,+20.3,IB	+2.42,+266.6,+20.7,LB	+6.47,+31.0,+20.7,KA	+2.36,+274.6,+25.6,HB	+2.21,+283.2,+25.2,FB	+2.25,+280.6,+25.3,DB	
1701081008.6209688	+7.05,-2.8,+20.3,FB	+2.42,+266.6,+20.7,LB	+6.47,+31.0,+20.7,KA	+2.36,+274.5,+25.6,KB	+2.21,+283.0,+25.2,DB	+2.25,+280.5,+25.3,GB	
1701081070.629072	+7.05,-2.7,+20.3,IB	+2.42,+266.6,+20.7,LB	+6.47,+31.0,+20.7,KA	+2.34,+275.7,+25.6,JB	+2.20,+283.6,+25.2,CB	+2.23,+281.7,+25.3,BB	
1701081132.6366487	+7.05,-2.7,+20.2,HB	+2.42,+266.6,+20.7,LB	+6.47,+31.0,+20.7,KA	+2.36,+274.3,+25.6,MB	+2.21,+282.9,+25.2,LB	+2.26,+280.1,+25.4,GB	
1701081194.646541	+7.05,-2.8,+20.3,FB	+2.42,+266.6,+20.7,LB	+6.47,+31.0,+20.7,KA	+2.36,+274.7,+25.5,JB	+2.20,+283.3,+25.2,FB	+2.25,+280.5,+25.3,GB	
1701081256.6557276	+7.05,-2.8,+20.3,FB	+2.42,+266.6,+20.7,LB	+6.47,+31.0,+20.7,KA	+2.34,+275.8,+25.6,EB	+2.20,+283.6,+25.2,CB	+2.23,+281.6,+25.4,DB	
1701081318.6650884	+7.05,-2.7,+20.3,IB	+2.42,+266.6,+20.7,LB	+6.47,+31.0,+20.7,KA	+2.34,+275.5,+25.6,HB	+2.21,+283.1,+25.2,EB	+2.24,+281.1,+25.3,CB	
1701081380.6718597	+7.05,-2.8,+20.2,GB	+2.42,+266.6,+20.7,LB	+6.47,+31.0,+20.7,KA	+2.34,+275.8,+25.5,FB	+2.20,+283.7,+25.2,BB	+2.23,+281.7,+25.4,EB	
1701081442.6770916	+7.05,-2.8,+20.2,GB	+2.42,+266.6,+20.7,LB	+6.47,+31.0,+20.7,KA	+2.36,+274.4,+25.6,JB	+2.21,+282.9,+25.2,LB	+2.26,+280.1,+25.4,GB	
1701081504.6880112	+7.05,-2.8,+20.2,GB	+2.42,+266.6,+20.7,LB	+6.47,+31.1,+20.7,JA	+2.36,+274.6,+25.6,HB	+2.21,+283.0,+25.2,DB	+2.26,+280.1,+25.4,GB	
1701081566.696219	+7.05,-2.8,+20.2,GB	+2.42,+266.6,+20.7,LB	+6.47,+31.0,+20.7,KA	+2.35,+275.1,+25.6,MB	+2.21,+282.9,+25.2,LB	+2.26,+280.2,+25.3,CB	
1701081628.7031186	+7.05,-2.8,+20.2,GB	+2.42,+266.6,+20.7,LB	+6.47,+31.0,+20.7,KA	+2.36,+274.3,+25.6,MB	+2.21,+283.2,+25.2,FB	+2.26,+280.1,+25.4,GB	
1701081690.7088556	+7.05,-2.8,+20.2,GB	+2.42,+266.6,+20.7,LB	+6.47,+31.1,+20.7,JA	+2.34,+275.7,+25.6,JB	+2.21,+283.1,+25.2,EB	+2.24,+281.3,+25.3,AB	
1701081752.7185712	+7.05,-2.8,+20.2,GB	+2.42,+266.7,+20.7,MB	+6.47,+31.0,+20.7,KA	+2.35,+275.0,+25.5,OB	+2.20,+283.8,+25.2,MB	+2.24,+281.2,+25.4,GB	
1701081814.72795	+7.05,-2.8,+20.3,FB	+2.42,+266.7,+20.7,MB	+6.47,+31.1,+20.7,JA	+2.34,+275.4,+25.6,IB	+2.20,+283.6,+25.2,CB	+2.23,+281.6,+25.4,DB	
1701081876.736187	+7.05,-2.8,+20.2,GB	+2.42,+266.7,+20.7,MB	+6.46,+31.1,+20.7,KA	+2.34,+275.5,+25.6,HB	+2.21,+282.9,+25.2,LB	+2.25,+280.9,+25.3,KB	
1701081938.74637	+7.05,-2.8,+20.3,FB	+2.42,+266.6,+20.7,LB	+6.47,+31.1,+20.7,JA	+2.34,+275.4,+25.6,IB	+2.20,+283.6,+25.2,CB	+2.24,+281.5,+25.4,@B	
1701082184.296882	+7.05,-2.8,+20.2,GB	+2.42,+266.7,+20.7,MB	+6.47,+31.1,+20.7,JA	+2.35,+275.2,+25.6,NB	+2.21,+283.2,+25.2,FB	+2.23,+281.7,+25.4,EB	
1701082246.306113	+7.05,-2.8,+20.2,GB	+2.42,+266.6,+20.7,LB	+6.46,+31.2,+20.7,HA	+2.34,+275.8,+25.6,EB	+2.20,+283.3,+25.2,FB	+2.26,+280.0,+25.4,FB	
1701082308.3157191	+7.05,-2.8,+20.3,FB	+2.42,+266.6,+20.7,LB	+6.47,+31.1,+20.7,JA	+2.33,+276.0,+25.5,JB	+2.21,+283.0,+25.2,DB	+2.26,+280.4,+25.4,BB	
1701082370.325457	+7.05,-2.8,+20.3,FB	+2.42,+266.7,+20.7,MB	+6.47,+31.1,+20.7,JA	+2.35,+275.0,+25.5,OB	+2.20,+283.6,+25.2,CB	+2.25,+280.5,+25.3,GB	
1701082432.335117	+7.05,-2.9,+20.2,FB	+2.42,+266.7,+20.7,MB	+6.46,+31.1,+20.7,KA	+2.33,+276.1,+25.6,HB	+2.21,+282.9,+25.2,LB	+2.26,+280.4,+25.4,BB	
1701082494.3448763	+7.05,-2.9,+20.3,GB	+2.42,+266.7,+20.7,MB	+6.47,+31.1,+20.7,JA	+2.34,+275.6,+25.6,KB	+2.21,+283.2,+25.2,FB	+2.24,+281.3,+25.3,AB	
1701082556.3536146	+7.05,-2.8,+20.3,FB	+2.42,+266.7,+20.7,MB	+6.47,+31.1,+20.7,JA	+2.34,+275.8,+25.5,FB	+2.21,+283.0,+25.2,DB	+2.25,+280.9,+25.4,LB	
1701082618.3606346	+7.05,-2.8,+20.2,GB	+2.42,+266.7,+20.7,MB	+6.46,+31.2,+20.7,HA	+2.33,+276.0,+25.6,IB	+2.21,+283.0,+25.2,DB	+2.26,+280.1,+25.3,@B	
1701082680.369042	+7.05,-2.8,+20.2,GB	+2.42,+266.7,+20.7,MB	+6.46,+31.2,+20.7,HA	+2.35,+275.0,+25.6,LB	+2.20,+283.3,+25.2,FB	+2.26,+280.3,+25.4,EB	
1701082742.3763242	+7.05,-2.8,+20.3,FB	+2.42,+266.7,+20.7,MB	+6.46,+31.2,+20.7,HA	+2.35,+275.2,+25.6,NB	+2.20,+283.4,+25.2,AB	+2.24,+281.6,+25.4,CB	
1701082804.3851614	+7.04,-2.6,+20.2,HB	+2.42,+266.7,+20.7,MB	+6.46,+31.3,+20.7,IA	+2.34,+275.6,+25.5,HB	+2.21,+282.9,+25.2,LB	+2.26,+280.1,+25.4,GB	
1701082866.3953226	+7.04,-2.1,+20.2,OB	+2.42,+266.7,+20.7,MB	+6.46,+31.2,+20.7,HA	+2.34,+275.7,+25.5,IB	+2.21,+282.9,+25.2,LB	+2.26,+280.2,+25.4,DB	
1701082928.4037519	+7.04,-2.5,+20.2,KB	+2.42,+266.6,+20.7,LB	+6.46,+31.2,+20.7,HA	+2.34,+275.6,+25.6,KB	+2.21,+283.0,+25.2,DB	+2.26,+280.2,+25.3,CB	
1701082990.4132142	+7.05,-2.7,+20.2,HB	+2.42,+266.7,+20.7,MB	+6.46,+31.2,+20.7,HA	+2.35,+275.2,+25.6,NB	+2.20,+283.5,+25.2,@B	+2.24,+281.6,+25.4,CB	
1701083052.4222238	+7.04,-2.1,+20.2,OB	+2.42,+266.7,+20.7,MB	+6.46,+31.2,+20.7,HA	+2.35,+275.2,+25.5,MB	+2.20,+283.6,+25.2,CB	+2.23,+281.7,+25.4,EB	
1701083114.4322467	+7.04,-2.2,+20.2,LB	+2.42,+266.7,+20.7,MB	+6.46,+31.2,+20.7,HA	+2.35,+275.1,+25.6,MB	+2.20,+283.6,+25.2,CB	+2.23,+281.8,+25.3,MB	
1701083176.4416466	+7.03,-1.8,+20.2,BB	+2.42,+266.7,+20.7,MB	+6.46,+31.3,+20.7,IA	+2.34,+275.7,+25.6,JB	+2.20,+283.3,+25.2,FB	+2.24,+281.3,+25.4,FB	
1701083238.451415	+7.04,-2.0,+20.2,NB	+2.42,+266.7,+20.7,MB	+6.46,+31.2,+20.7,HA	+2.34,+275.6,+25.6,KB	+2.20,+283.6,+25.2,CB	+2.23,+281.6,+25.4,DB	
1701083300.4615202	+7.04,-2.0,+20.2,NB	+2.42,+266.7,+20.7,MB	+6.46,+31.2,+20.7,HA	+2.34,+275.7,+25.6,JB	+2.21,+282.9,+25.2,LB	+2.26,+280.3,+25.4,EB	
1701083362.4702547	+7.04,-2.1,+20.3,NB	+2.42,+266.7,+20.7,MB	+6.46,+31.3,+20.7,IA	+2.36,+274.6,+25.5,KB	+2.20,+283.3,+25.2,FB	+2.25,+281.0,+25.4,DB	
1701083424.4796176	+7.04,-2.1,+20.3,NB	+2.42,+266.7,+20.7,MB	+6.46,+31.3,+20.7,IA	+2.35,+275.1,+25.6,MB	+2.20,+283.7,+25.2,BB	+2.23,+281.9,+25.4,KB	
1701083486.4852867	+7.04,-2.1,+20.3,NB	+2.42,+266.7,+20.7,MB	+6.46,+31.3,+20.7,IA	+2.34,+275.5,+25.5,KB	+2.21,+282.9,+25.2,LB	+2.26,+280.2,+25.3,CB	
1701083548.4944978	+7.04,-2.1,+20.2,OB	+2.42,+266.7,+20.7,MB	+6.46,+31.3,+20.7,IA	+2.34,+275.3,+25.5,MB	+2.20,+283.7,+25.2,BB	+2.23,+281.8,+25.4,JB	
1701083610.5029767	+7.04,-2.1,+20.2,OB	+2.42,+266.7,+20.7,MB	+6.46,+31.3,+20.7,IA	+2.34,+275.5,+25.6,HB	+2.20,+283.8,+25.2,MB	+2.23,+281.8,+25.4,JB	
1701083672.51024	+7.04,-2.2,+20.3,MB	+2.42,+266.7,+20.7,MB	+6.46,+31.3,+20.7,IA	+2.35,+274.9,+25.6,DB	+2.21,+283.0,+25.2,DB	+2.25,+280.8,+25.4,MB	
1701083734.5170782	+7.04,-2.1,+20.3,NB	+2.42,+266.7,+20.7,MB	+6.46,+31.3,+20.7,IA	+2.35,+275.2,+25.6,NB	+2.21,+282.9,+25.2,LB	+2.26,+280.4,+25.4,BB	
1701083796.5259013	+7.04,-2.1,+20.3,NB	+2.42,+266.7,+20.7,MB	+6.46,+31.3,+20.7,IA	+2.34,+275.3,+25.6,NB	+2.20,+283.7,+25.2,BB	+2.23,+281.9,+25.3,LB	
1701083858.5319824	+7.04,-2.1,+20.2,OB	+2.42,+266.7,+20.7,MB	+6.46,+31.4,+20.7,NA	+2.35,+274.8,+25.5,FB	+2.21,+283.1,+25.2,EB	+2.25,+280.9,+25.3,KB	
1701083920.5407934	+7.04,-2.3,+20.2,MB	+2.42,+266.7,+20.7,MB	+6.46,+31.3,+20.7,IA	+2.34,+275.5,+25.6,HB	+2.20,+283.4,+25.2,AB	+2.25,+280.6,+25.4,CB	
1701083982.5490947	+7.04,-2.2,+20.3,MB	+2.42,+266.7,+20.7,MB	+6.46,+31.3,+20.7,IA	+2.35,+275.2,+25.5,MB	+2.20,+283.8,+25.2,MB	+2.24,+281.5,+25.3,GB	
1701084044.5579886	+7.04,-2.2,+20.3,MB	+2.42,+266.7,+20.7,MB	+6.46,+31.4,+20.7,NA	+2.35,+275.2,+25.5,MB	+2.20,+283.6,+25.2,CB	+2.23,+281.8,+25.4,JB	
1701084106.5661616	+7.04,-2.2,+20.2,LB	+2.42,+266.6,+20.7,LB	+6.46,+31.3,+20.7,IA	+2.35,+275.2,+25.5,MB	+2.20,+283.3,+25.2,FB	+2.26,+280.2,+25.4,DB	
1701084168.574427	+7.04,-2.2,+20.3,MB	+2.42,+266.7,+20.7,MB	+6.46,+31.3,+20.7,IA	+2.36,+274.5,+25.5,HB	+2.21,+282.9,+25.2,LB	+2.25,+280.6,+25.4,CB	
1701084230.5818403	+7.04,-2.3,+20.3,LB	+2.42,+266.7,+20.7,MB	+6.46,+31.4,+20.7,NA	+2.34,+275.4,+25.5,JB	+2.20,+283.6,+25.2,CB	+2.25,+280.7,+25.4,BB	
1701084292.5912979	+7.04,-2.3,+20.3,LB	+2.42,+266.7,+20.7,MB	+6.46,+31.4,+20.7,NA	+2.36,+274.7,+25.5,JB	+2.20,+283.7,+25.2,BB	+2.24,+281.6,+25.4,CB	
1701084354.5971935	+7.04,-2.3,+20.2,MB	+2.42,+266.7,+20.7,MB	+6.46,+31.4,+20.7,NA	+2.36,+274.3,+25.6,MB	+2.21,+283.2,+25.2,FB	+2.26,+280.3,+25.4,EB	
1701084416.6053042	+7.04,-2.4,+20.2,JB	+2.42,+266.7,+20.7,MB	+6.46,+31.4,+20.7,NA	+2.35,+275.1,+25.5,NB	+2.20,+283.5,+25.2,@B	+2.23,+281.8,+25.3,MB	
1701084478.6123652	+7.04,-2.4,+20.2,JB	+2.42,+266.7,+20.7,MB	+6.46,+31.4,+20.7,NA	+2.36,+274.4,+25.5,IB	+2.21,+283.0,+25.2,DB	+2.24,+281.5,+25.3,GB	
1701084540.6226587	+7.04,-2.4,+20.3,KB	+2.42,+266.7,+20.7,MB	+6.46,+31.5,+20.7,OA	+2.36,+274.5,+25.5,HB	+2.20,+283.3,+25.2,FB	+2.23,+281.8,+25.4,JB	
1701084602.6295896	+7.04,-2.5,+20.3,JB	+2.42,+266.7,+20.7,MB	+6.46,+31.5,+20.7,OA	+2.36,+274.6,+25.5,KB	+2.20,+283.4,+25.2,AB	+2.23,+281.9,+25.3,LB	
1701084664.6382463	+7.04,-2.4,+20.3,KB	+2.42,+266.7,+20.7,MB	+6.46,+31.5,+20.7,OA	+2.35,+275.0,+25.5,OB	+2.20,+283.5,+25.2,@B	+2.26,+280.3,+25.4,EB	
1701084726.6460376	+7.04,-2.4,+20.3,KB	+2.42,+266.7,+20.7,MB	+6.46,+31.5,+20.7,OA	+2.36,+274.2,+25.6,LB	+2.21,+283.1,+25.2,EB	+2.23,+281.7,+25.3,BB	
1701084788.6544707	+7.04,-2.5,+20.2,KB	+2.42,+266.7,+20.7,MB	+6.46,+31.4,+20.7,NA	+2.37,+274.1,+25.6,NB	+2.21,+283.1,+25.2,EB	+2.24,+281.3,+25.4,FB	
1701084850.6619873	+7.04,-2.5,+20.3,JB	+2.42,+266.7,+20.7,MB	+6.46,+31.4,+20.7,NA	+2.35,+275.3,+25.6,OB	+2.20,+283.4,+25.2,AB	+2.26,+280.2,+25.3,CB	
1701084912.6709046	+7.04,-2.5,+20.2,KB	+2.42,+266.7,+20.7,MB	+6.46,+31.5,+20.7,OA	+2.36,+274.1,+25.6,OB	+2.21,+283.0,+25.2,DB	+2.24,+281.2,+25.3,@B	
1701084974.6796467	+7.04,-2.5,+20.3,JB	+2.42,+266.7,+20.7,MB	+6.46,+31.5,+20.7,OA	+2.35,+274.9,+25.6,DB	+2.20,+283.8,+25.2,MB	+2.23,+281.8,+25.4,JB	
1701085036.6883116	+7.04,-2.5,+20.2,KB	+2.42,+266.7,+20.7,MB	+6.46,+31.5,+20.7,OA	+2.36,+274.5,+25.6,KB	+2.21,+283.0,+25.2,DB	+2.25,+280.7,+25.4,BB	
1701085098.697472	+7.04,-2.4,+20.3,KB	+2.42,+266.7,+20.7,MB	+6.46,+31.5,+20.7,OA	+2.34,+275.5,+25.6,HB	+2.20,+283.6,+25.2,CB	+2.25,+280.8,+25.3,JB	
1701085160.7072508	+7.04,-2.5,+20.3,JB	+2.42,+266.7,+20.7,MB	+6.46,+31.6,+20.7,LA	+2.35,+274.8,+25.5,FB	+2.20,+283.7,+25.2,BB	+2.23,+281.9,+25.4,KB	
1701085222.715102	+7.04,-2.5,+20.3,JB	+2.42,+266.7,+20.7,MB	+6.46,+31.5,+20.7,OA	+2.34,+275.6,+25.5,HB	+2.20,+283.4,+25.2,AB	+2.25,+280.7,+25.4,BB	
1701085284.7241123	+7.04,-2.5,+20.2,KB	+2.42,+266.7,+20.7,MB	+6.46,+31.5,+20.7,OA	+2.34,+275.7,+25.5,IB	+2.21,+283.2,+25.2,FB	+2.26,+280.3,+25.4,EB	
1701085346.7344465	+7.04,-2.5,+20.2,KB	+2.42,+266.7,+20.7,MB	+6.46,+31.5,+20.7,OA	+2.36,+274.7,+25.5,JB	+2.21,+283.2,+25.2,FB	+2.24,+281.1,+25.3,CB	
1701085408.743504	+7.04,-2.5,+20.2,KB	+2.42,+266.7,+20.7,MB	+6.46,+31.6,+20.7,LA	+2.36,+274.5,+25.5,HB	+2.20,+283.7,+25.2,BB	+2.23,+281.9,+25.4,KB	
1701085470.7537954	+7.04,-2.5,+20.3,JB	+2.42,+266.7,+20.7,MB	+6.46,+31.6,+20.7,LA	+2.36,+274.4,+25.6,JB	+2.20,+283.3,+25.2,FB	+2.24,+281.3,+25.4,FB	
1701085532.7606463	+7.04,-2.4,+20.2,JB	+2.42,+266.7,+20.7,MB	+6.46,+31.6,+20.7,LA	+2.36,+274.4,+25.6,JB	+2.20,+283.5,+25.2,@B	+2.23,+281.6,+25.3,CB	
1701085594.7704134	+7.04,-2.5,+20.2,KB	+2.42,+266.7,+20.7,MB	+6.46,+31.6,+20.7,LA	+2.35,+274.7,+25.5,IB	+2.20,+283.8,+25.2,MB	+2.23,+282.0,+25.4,AB	
1701085656.7803614	+7.04,-2.5,+20.3,JB	+2.42,+266.7,+20.7,MB	+6.46,+31.6,+20.7,LA	+2.35,+275.0,+25.6,LB	+2.20,+283.8,+25.2,MB	+2.23,+281.8,+25.4,JB	
1701085718.7898135	+7.04,-2.5,+20.2,KB	+2.42,+266.7,+20.7,MB	+6.46,+31.6,+20.7,LA	+2.35,+275.0,+25.5,OB	+2.21,+283.2,+25.2,FB	+2.25,+280.7,+25.4,BB	
1701085780.7994573	+7.04,-2.5,+20.2,KB	+2.42,+266.7,+20.7,MB	+6.46,+31.6,+20.7,LA	+2.36,+274.6,+25.6,HB	+2.20,+283.7,+25.2,BB	+2.23,+281.7,+25.3,BB	
1701086026.3731692	+7.04,-2.5,+20.3,JB	+2.42,+266.7,+20.7,MB	+6.46,+31.7,+20.7,MA	+2.34,+275.6,+25.6,KB	+2.21,+283.1,+25.2,EB	+2.26,+280.4,+25.4,BB	
1701086088.383325	+7.04,-2.5,+20.3,JB	+2.42,+266.7,+20.7,MB	+6.46,+31.6,+20.7,LA	+2.35,+275.3,+25.6,OB	+2.20,+283.2,+25.2,GB	+2.25,+280.6,+25.4,CB	
1701086150.394445	+7.04,-2.5,+20.2,KB	+2.42,+266.7,+20.7,MB	+6.45,+31.7,+20.7,NA	+2.35,+275.0,+25.5,OB	+2.20,+283.5,+25.2,@B	+2.24,+281.6,+25.3,DB	
1701086212.402471	+7.04,-2.5,+20.3,JB	+2.41,+266.8,+20.7,AB	+6.46,+31.7,+20.7,MA	+2.34,+275.7,+25.6,JB	+2.21,+283.1,+25.2,EB	+2.26,+280.3,+25.4,EB	
1701086274.4079444	+7.04,-2.5,+20.2,KB	+2.41,+266.8,+20.7,AB	+6.46,+31.7,+20.7,MA	+2.34,+275.7,+25.6,JB	+2.21,+283.1,+25.2,EB	+2.26,+280.3,+25.4,EB	
1701086336.4152243	+7.04,-2.5,+20.2,KB	+2.42,+266.7,+20.7,MB	+6.46,+31.7,+20.7,MA	+2.36,+274.5,+25.5,HB	+2.19,+283.8,+25.2,GB	+2.23,+281.8,+25.3,MB	
1701086398.4210002	+7.04,-2.6,+20.2,HB	+2.41,+266.8,+20.7,AB	+6.45,+31.8,+20.7,AA	+2.35,+275.2,+25.5,MB	+2.20,+283.5,+25.2,@B	+2.25,+280.8,+25.4,MB	
1701086460.4323509	+7.04,-2.5,+20.2,KB	+2.42,+266.7,+20.7,MB	+6.45,+31.7,+20.7,NA	+2.34,+275.5,+25.6,HB	+2.20,+283.4,+25.2,AB	+2.25,+280.5,+25.4,@B	
1701086522.4420922	+7.04,-2.4,+20.2,JB	+2.42,+266.7,+20.7,MB	+6.45,+31.8,+20.7,AA	+2.35,+275.0,+25.6,LB	+2.20,+283.5,+25.2,@B	+2.23,+281.8,+25.4,JB	
1701086584.4519782	+7.04,-2.5,+20.2,KB	+2.42,+266.7,+20.7,MB	+6.46,+31.7,+20.7,MA	+2.36,+274.6,+25.5,KB	+2.20,+283.8,+25.2,MB	+2.23,+282.0,+25.4,AB	
1701086646.461788	+7.04,-2.5,+20.3,JB	+2.41,+266.7,+20.7,NB	+6.45,+31.7,+20.7,NA	+2.34,+275.5,+25.5,KB	+2.20,+283.6,+25.2,CB	+2.25,+280.6,+25.4,CB	
1701086708.4718764	+7.04,-2.5,+20.2,KB	+2.42,+266.7,+20.7,MB	+6.45,+31.7,+20.7,NA	+2.35,+274.8,+25.6,EB	+2.19,+283.9,+25.2,FB	+2.24,+281.4,+25.3,FB	
1701086770.4817293	+7.04,-2.5,+20.2,KB	+2.42,+266.7,+20.7,MB	+6.45,+31.7,+20.7,NA	+2.36,+274.4,+25.6,JB	+2.20,+283.7,+25.2,BB	+2.23,+282.0,+25.4,AB	
1701086832.4923751	+7.04,-2.6,+20.2,HB	+2.42,+266.7,+20.7,MB	+6.45,+31.9,+20.7,@A	+2.35,+274.8,+25.6,EB	+2.19,+283.9,+25.2,FB	+2.24,+281.5,+25.4,@B	
1701086894.5026777	+7.04,-2.5,+20.2,KB	+2.42,+266.7,+20.7,MB	+6.45,+31.8,+20.7,AA	+2.35,+275.1,+25.5,NB	+2.20,+283.3,+25.2,FB	+2.23,+281.7,+25.3,BB	
1701086956.5106945	+7.04,-2.5,+20.3,JB	+2.41,+266.7,+20.7,NB	+6.45,+31.8,+20.7,AA	+2.33,+276.0,+25.6,IB	+2.20,+283.5,+25.2,@B	+2.26,+280.3,+25.4,EB	
1701087018.518992	+7.04,-2.5,+20.3,JB	+2.42,+266.7,+20.7,MB	+6.45,+31.9,+20.7,@A	+2.34,+275.4,+25.6,IB	+2.21,+283.1,+25.2,EB	+2.24,+281.4,+25.4,AB	
1701087080.528608	+7.04,-2.5,+20.2,KB	+2.41,+266.8,+20.7,AB	+6.45,+31.9,+20.7,@A	+2.34,+275.8,+25.6,EB	+2.20,+283.5,+25.2,@B	+2.26,+280.3,+25.3,BB	
1701087142.5350041	+7.04,-2.5,+20.2,KB	+2.41,+266.7,+20.7,NB	+6.45,+31.8,+20.7,AA	+2.34,+275.6,+25.5,HB	+2.20,+283.8,+25.2,MB	+2.25,+280.5,+25.3,GB	
1701087204.5430193	+7.04,-2.4,+20.2,JB	+2.42,+266.7,+20.6,LB	+6.45,+31.8,+20.7,AA	+2.36,+274.4,+25.6,JB	+2.20,+283.4,+25.2,AB	+2.23,+281.9,+25.3,LB	
1701087266.553623	+7.04,-2.5,+20.2,KB	+2.42,+266.7,+20.7,MB	+6.45,+31.9,+20.7,@A	+2.36,+274.7,+25.6,IB	+2.20,+283.7,+25.2,BB	+2.24,+281.5,+25.4,@B	
1701087328.5635078	+7.04,-2.4,+20.3,KB	+2.41,+266.8,+20.7,AB	+6.45,+31.9,+20.7,@A	+2.34,+275.5,+25.5,KB	+2.20,+283.8,+25.2,MB	+2.25,+280.6,+25.3,DB	
1701087390.5746186	+7.04,-2.5,+20.2,KB	+2.41,+266.8,+20.7,AB	+6.45,+31.9,+20.7,@A	+2.34,+275.7,+25.6,JB	+2.20,+283.7,+25.2,BB	+2.26,+280.4,+25.3,EB	
1701087452.5834882	+7.04,-2.5,+20.2,KB	+2.41,+266.8,+20.7,AB	+6.45,+31.9,+20.7,@A	+2.36,+274.6,+25.6,HB	+2.20,+283.3,+25.2,FB	+2.23,+282.0,+25.3,FB	
1701087514.5957985	+7.04,-2.5,+20.3,JB	+2.42,+266.7,+20.7,MB	+6.45,+31.9,+20.7,@A	+2.34,+275.4,+25.6,IB	+2.20,+283.8,+25.2,MB	+2.24,+281.3,+25.4,FB	
1701087576.6064432	+7.04,-2.5,+20.2,KB	+2.41,+266.8,+20.7,AB	+6.45,+31.9,+20.7,@A	+2.35,+275.1,+25.5,NB	+2.20,+283.6,+25.2,CB	+2.23,+281.7,+25.4,EB	
1701087638.6146166	+7.04,-2.4,+20.2,JB	+2.42,+266.7,+20.7,MB	+6.45,+31.9,+20.7,@A	+2.36,+274.3,+25.6,MB	+2.21,+283.1,+25.2,EB	+2.23,+281.8,+25.3,MB	
1701087700.623955	+7.04,-2.5,+20.2,KB	+2.42,+266.7,+20.7,MB	+6.45,+31.9,+20.7,@A	+2.35,+275.2,+25.6,NB	+2.20,+283.8,+25.2,MB	+2.24,+281.2,+25.4,GB	
1701087762.6331043	+7.04,-2.5,+20.2,KB	+2.42,+266.7,+20.7,MB	+6.45,+31.9,+20.7,@A	+2.35,+275.2,+25.5,MB	+2.20,+283.8,+25.2,MB	+2.24,+281.2,+25.4,GB	
1701087824.6429417	+7.04,-2.5,+20.2,KB	+2.41,+266.8,+20.7,AB	+6.45,+31.9,+20.7,@A	+2.36,+274.3,+25.6,MB	+2.21,+283.1,+25.2,EB	+2.23,+282.1,+25.4,@B	
1701087886.6530788	+7.04,-2.5,+20.2,KB	+2.42,+266.7,+20.7,MB	+6.45,+32.0,+20.7,JA	+2.36,+274.6,+25.6,HB	+2.20,+283.3,+25.2,FB	+2.23,+281.9,+25.4,KB	
1701087948.6628265	+7.04,-2.4,+20.2,JB	+2.41,+266.8,+20.7,AB	+6.45,+31.9,+20.7,@A	+2.33,+275.9,+25.6,CB	+2.19,+283.9,+25.2,FB	+2.25,+280.9,+25.4,LB	
1701088010.6674054	+7.04,-2.4,+20.2,JB	+2.41,+266.8,+20.7,AB	+6.45,+32.0,+20.6,KA	+2.34,+275.4,+25.5,JB	+2.20,+283.4,+25.2,AB	+2.24,+281.1,+25.3,CB	
1701088072.676284	+7.04,-2.5,+20.2,KB	+2.42,+266.7,+20.7,MB	+6.45,+32.0,+20.7,JA	+2.34,+275.5,+25.5,KB	+2.20,+283.6,+25.2,CB	+2.24,+281.3,+25.4,FB	
1701088134.6833673	+7.04,-2.4,+20.2,JB	+2.41,+266.8,+20.7,AB	+6.45,+32.0,+20.6,KA	+2.33,+276.3,+25.6,JB	+2.19,+283.9,+25.2,FB	+2.25,+280.5,+25.4,@B	
1701088196.6913955	+7.04,-2.4,+20.2,JB	+2.41,+266.7,+20.6,OB	+6.45,+32.1,+20.7,KA	+2.34,+275.4,+25.5,JB	+2.20,+283.4,+25.2,AB	+2.23,+281.7,+25.4,EB	
1701088258.6984627	+7.04,-2.4,+20.2,JB	+2.41,+266.8,+20.6,@B	+6.45,+32.0,+20.7,JA	+2.35,+275.1,+25.5,NB	+2.21,+283.1,+25.2,EB	+2.23,+282.1,+25.3,GB	
1701088320.7075534	+7.04,-2.4,+20.2,JB	+2.42,+266.7,+20.7,MB	+6.45,+32.0,+20.7,JA	+2.34,+275.8,+25.6,EB	+2.20,+283.3,+25.2,FB	+2.24,+281.6,+25.3,DB	
1701088382.7146528	+7.04,-2.3,+20.2,MB	+2.41,+266.7,+20.7,NB	+6.45,+32.1,+20.7,KA	+2.34,+275.6,+25.6,KB	+2.20,+283.3,+25.2,FB	+2.23,+281.7,+25.4,EB	
1701088444.724027	+7.04,-2.3,+20.2,MB	+2.41,+266.8,+20.7,AB	+6.45,+32.0,+20.7,JA	+2.33,+276.0,+25.6,IB	+2.19,+283.9,+25.2,FB	+2.25,+280.5,+25.3,GB	
1701088506.7339468	+7.03,-1.7,+20.2,MB	+2.41,+266.8,+20.7,AB	+6.45,+32.1,+20.7,KA	+2.34,+275.9,+25.6,DB	+2.20,+283.6,+25.2,CB	+2.25,+280.8,+25.4,MB	
1701088568.7405484	+7.03,-1.9,+20.2,CB	+2.41,+266.7,+20.6,OB	+6.45,+32.1,+20.7,KA	+2.33,+276.0,+25.5,JB	+2.20,+283.7,+25.2,BB	+2.25,+280.7,+25.3,EB	
1701088630.7487957	+7.03,-1.9,+20.2,CB	+2.41,+266.8,+20.7,AB	+6.45,+32.2,+20.7,HA	+2.34,+275.3,+25.6,NB	+2.21,+283.2,+25.2,FB	+2.24,+281.6,+25.4,CB	
1701088692.7584548	+7.03,-1.9,+20.2,CB	+2.41,+266.7,+20.7,NB	+6.45,+32.1,+20.7,KA	+2.36,+274.6,+25.6,HB	+2.21,+283.1,+25.2,EB	+2.23,+282.1,+25.4,@B	
1701088754.7649891	+7.03,-1.9,+20.2,CB	+2.41,+266.8,+20.7,AB	+6.45,+32.1,+20.7,KA	+2.34,+275.6,+25.5,HB	+2.19,+283.9,+25.2,FB	+2.26,+280.4,+25.4,BB	
1701088816.773953	+6.99,+0.7,+20.2,HB	+2.41,+266.8,+20.7,AB	+6.45,+32.2,+20.6,IA	+2.35,+274.7,+25.5,IB	+2.20,+283.6,+25.2,CB	+2.25,+280.8,+25.4,MB	
1701088878.7848513	+6.99,+0.6,+20.2,IB	+2.41,+266.7,+20.6,OB	+6.45,+32.2,+20.6,IA	+2.35,+275.2,+25.5,MB	+2.21,+283.2,+25.2,FB	+2.23,+281.7,+25.3,BB	
1701088940.7950978	+6.99,+0.4,+20.2,KB	+2.41,+266.8,+20.6,@B	+6.45,+32.2,+20.6,IA	+2.35,+274.9,+25.6,DB	+2.21,+283.2,+25.2,FB	+2.23,+282.2,+25.4,CB	
1701089002.803633	+7.00,+0.0,+20.2,NB	+2.41,+266.8,+20.7,AB	+6.45,+32.2,+20.6,IA	+2.34,+275.9,+25.6,DB	+2.20,+283.7,+25.2,BB	+2.25,+280.6,+25.4,CB	
1701089064.8139722	+7.00,-0.2,+20.2,JB	+2.41,+266.8,+20.6,@B	+6.45,+32.2,+20.6,IA	+2.33,+276.0,+25.6,IB	+2.20,+283.6,+25.2,CB	+2.25,+280.6,+25.4,CB	
1701089126.8239942	+7.01,-0.7,+20.2,NB	+2.41,+266.7,+20.7,NB	+6.45,+32.2,+20.6,IA	+2.33,+276.0,+25.5,JB	+2.20,+283.5,+25.2,@B	+2.25,+280.8,+25.3,JB	
1701089188.8343704	+7.02,-1.2,+20.2,IB	+2.41,+266.8,+20.7,AB	+6.45,+32.3,+20.6,HA	+2.34,+275.4,+25.6,IB	+2.19,+283.9,+25.2,FB	+2.25,+280.6,+25.4,CB	
1701089250.8441014	+7.03,-1.6,+20.2,LB	+2.41,+266.8,+20.7,AB	+6.45,+32.2,+20.6,IA	+2.35,+274.8,+25.6,EB	+2.20,+283.5,+25.2,@B	+2.23,+282.0,+25.3,FB	
1701089312.8532407	+7.03,-1.7,+20.2,MB	+2.41,+266.7,+20.7,NB	+6.45,+32.3,+20.6,HA	+2.35,+274.8,+25.6,EB	+2.20,+283.5,+25.2,@B	+2.23,+282.1,+25.4,@B	
1701089374.8634083	+7.03,-1.7,+20.2,MB	+2.42,+266.7,+20.7,MB	+6.45,+32.2,+20.6,IA	+2.33,+275.9,+25.5,@B	+2.21,+283.2,+25.2,FB	+2.24,+281.4,+25.4,AB	
1701089436.8733094	+7.03,-1.7,+20.2,MB	+2.41,+266.8,+20.6,@B	+6.44,+32.3,+20.7,HA	+2.34,+275.7,+25.5,IB	+2.21,+283.2,+25.2,FB	+2.23,+281.9,+25.4,KB	
1701089498.8816044	+7.03,-1.8,+20.2,BB	+2.41,+266.8,+20.7,AB	+6.45,+32.2,+20.6,IA	+2.35,+275.2,+25.6,NB	+2.19,+284.0,+25.2,HB	+2.24,+281.3,+25.4,FB	
1701089560.8915522	+7.03,-1.9,+20.2,CB	+2.41,+266.8,+20.7,AB	+6.44,+32.3,+20.6,IA	+2.34,+275.4,+25.6,IB	+2.20,+283.8,+25.2,MB	+2.25,+280.8,+25.4,MB	
1701089622.8995688	+7.03,-1.5,+20.2,OB	+2.41,+266.8,+20.7,AB	+6.44,+32.3,+20.6,IA	+2.34,+275.6,+25.6,KB	+2.20,+283.7,+25.2,BB	+2.25,+280.6,+25.4,CB	
1701089868.4556985	+7.00,-0.2,+20.2,JB	+2.41,+266.8,+20.7,AB	+6.44,+32.3,+20.6,IA	+2.33,+276.2,+25.6,KB	+2.21,+283.1,+25.2,EB	+2.23,+281.7,+25.4,EB	
1701089930.4642384	+7.00,-0.3,+20.2,KB	+2.41,+266.8,+20.6,@B	+6.44,+32.3,+20.6,IA	+2.35,+275.0,+25.5,OB	+2.19,+284.0,+25.2,HB	+2.24,+281.1,+25.4,DB	
1701089992.474004	+7.01,-0.5,+20.2,LB	+2.41,+266.8,+20.6,@B	+6.44,+32.4,+20.6,NA	+2.33,+276.1,+25.6,HB	+2.20,+283.3,+25.2,FB	+2.25,+280.9,+25.4,LB	
1701090054.4802637	+7.01,-0.6,+20.2,OB	+2.41,+266.8,+20.6,@B	+6.44,+32.3,+20.6,IA	+2.35,+274.8,+25.6,EB	+2.19,+283.8,+25.2,GB	+2.24,+281.3,+25.4,FB	
1701090116.4874873	+7.01,-0.6,+20.2,OB	+2.41,+266.8,+20.7,AB	+6.44,+32.4,+20.6,NA	+2.33,+275.9,+25.5,@B	+2.20,+283.5,+25.2,@B	+2.25,+280.7,+25.4,BB	
1701090178.495981	+7.01,-0.7,+20.2,NB	+2.41,+266.8,+20.6,@B	+6.44,+32.4,+20.6,NA	+2.35,+275.0,+25.5,OB	+2.19,+283.9,+25.2,FB	+2.24,+281.2,+25.4,GB	
1701090240.5042386	+7.02,-0.9,+20.2,CB	+2.41,+266.8,+20.6,@B	+6.44,+32.3,+20.6,IA	+2.34,+275.5,+25.5,KB	+2.20,+283.3,+25.2,FB	+2.23,+282.2,+25.4,CB	
1701090302.5124373	+7.01,-0.8,+20.2,AB	+2.41,+266.8,+20.6,@B	+6.44,+32.4,+20.6,NA	+2.36,+274.6,+25.5,KB	+2.20,+283.5,+25.2,@B	+2.23,+281.9,+25.4,KB	
1701090364.5212042	+7.02,-0.9,+20.2,CB	+2.41,+266.8,+20.6,@B	+6.44,+32.5,+20.6,OA	+2.35,+275.1,+25.6,MB	+2.20,+283.8,+25.2,MB	+2.25,+280.5,+25.4,@B	
1701090426.5305743	+7.01,-0.8,+20.2,AB	+2.41,+266.8,+20.6,@B	+6.44,+32.4,+20.6,NA	+2.34,+275.5,+25.6,HB	+2.20,+283.7,+25.2,BB	+2.25,+280.7,+25.4,BB	
1701090488.537788	+7.02,-1.0,+20.2,KB	+2.41,+266.8,+20.6,@B	+6.44,+32.4,+20.6,NA	+2.35,+275.3,+25.6,OB	+2.20,+283.8,+25.2,MB	+2.25,+280.6,+25.4,CB	
1701090550.54629	+7.02,-1.0,+20.2,KB	+2.41,+266.8,+20.6,@B	+6.44,+32.5,+20.6,OA	+2.34,+275.7,+25.5,IB	+2.20,+283.7,+25.2,BB	+2.25,+280.5,+25.4,@B	
1701090612.5560215	+7.02,-1.1,+20.2,JB	+2.41,+266.8,+20.6,@B	+6.44,+32.4,+20.6,NA	+2.33,+276.1,+25.6,HB	+2.20,+283.3,+25.2,FB	+2.24,+281.3,+25.3,AB	
1701090674.564459	+7.02,-1.2,+20.2,IB	+2.41,+266.8,+20.6,@B	+6.44,+32.4,+20.6,NA	+2.35,+275.0,+25.6,LB	+2.20,+283.8,+25.2,MB	+2.25,+280.9,+25.4,LB	
1701090736.5728428	+7.02,-1.2,+20.2,IB	+2.41,+266.8,+20.6,@B	+6.44,+32.5,+20.6,OA	+2.33,+276.0,+25.6,IB	+2.21,+283.2,+25.2,FB	+2.23,+282.0,+25.3,FB	
1701090798.5814056	+7.02,-1.2,+20.2,IB	+2.41,+266.8,+20.6,@B	+6.44,+32.5,+20.6,OA	+2.35,+275.2,+25.6,NB	+2.20,+283.7,+25.2,BB	+2.25,+281.0,+25.4,DB	
1701090860.5907822	+7.02,-1.3,+20.2,HB	+2.41,+266.8,+20.6,@B	+6.44,+32.5,+20.6,OA	+2.33,+276.0,+25.5,JB	+2.19,+283.9,+25.2,FB	+2.25,+280.8,+25.4,MB	
1701090922.5990703	+7.02,-1.3,+20.2,HB	+2.41,+266.8,+20.6,@B	+6.44,+32.5,+20.6,OA	+2.35,+275.0,+25.6,LB	+2.20,+283.5,+25.2,@B	+2.23,+281.6,+25.3,CB	
1701090984.6085489	+7.02,-1.3,+20.2,HB	+2.41,+266.8,+20.6,@B	+6.44,+32.6,+20.6,LA	+2.36,+274.6,+25.6,HB	+2.20,+283.5,+25.2,@B	+2.24,+281.4,+25.3,FB	
1701091046.6165972	+7.02,-1.3,+20.2,HB	+2.41,+266.8,+20.6,@B	+6.44,+32.6,+20.6,LA	+2.34,+275.4,+25.6,IB	+2.21,+283.1,+25.2,EB	+2.22,+282.4,+25.4,DB	
1701091108.626954	+7.02,-1.3,+20.2,HB	+2.41,+266.8,+20.6,@B	+6.44,+32.5,+20.6,OA	+2.34,+275.7,+25.6,JB	+2.20,+283.3,+25.2,FB	+2.23,+282.2,+25.4,CB	
1701091170.6366723	+7.02,-1.4,+20.2,OB	+2.41,+266.8,+20.6,@B	+6.44,+32.6,+20.6,LA	+2.35,+275.3,+25.6,OB	+2.21,+283.2,+25.2,FB	+2.22,+282.3,+25.3,DB	
1701091232.6437104	+7.02,-1.4,+20.2,OB	+2.41,+266.8,+20.6,@B	+6.44,+32.6,+20.6,LA	+2.34,+275.6,+25.5,HB	+2.19,+283.9,+25.2,FB	+2.25,+280.7,+25.4,BB	
1701091294.65227	+7.02,-1.3,+20.2,HB	+2.41,+266.8,+20.6,@B	+6.44,+32.5,+20.6,OA	+2.34,+275.3,+25.5,MB	+2.20,+283.3,+25.2,FB	+2.22,+282.3,+25.4,CB	
1701091356.658305	+7.02,-1.3,+20.2,HB	+2.41,+266.8,+20.6,@B	+6.44,+32.5,+20.6,OA	+2.33,+276.1,+25.6,HB	+2.20,+283.6,+25.2,CB	+2.23,+281.8,+25.3,MB	
1701091418.6681979	+7.02,-1.4,+20.2,OB	+2.41,+266.8,+20.6,@B	+6.44,+32.6,+20.6,LA	+2.34,+275.4,+25.6,IB	+2.20,+283.6,+25.2,CB	+2.25,+281.0,+25.4,DB	
1701091480.6766212	+7.02,-1.3,+20.2,HB	+2.41,+266.8,+20.6,@B	+6.44,+32.6,+20.6,LA	+2.34,+275.4,+25.5,JB	+2.20,+283.5,+25.2,@B	+2.23,+282.1,+25.3,GB	
1701091542.6855204	+7.02,-1.2,+20.2,IB	+2.41,+266.8,+20.6,@B	+6.44,+32.6,+20.6,LA	+2.35,+275.2,+25.6,NB	+2.20,+283.4,+25.2,AB	+2.24,+281.1,+25.4,DB	
1701091604.6937273	+7.02,-1.3,+20.2,HB	+2.41,+266.8,+20.6,@B	+6.44,+32.5,+20.6,OA	+2.34,+275.6,+25.6,KB	+2.20,+283.6,+25.2,CB	+2.25,+280.9,+25.4,LB	
1701091666.7002203	+7.02,-1.2,+20.2,IB	+2.41,+266.8,+20.6,@B	+6.44,+32.7,+20.6,MA	+2.35,+275.3,+25.6,OB	+2.20,+283.3,+25.2,FB	+2.24,+281.3,+25.4,FB	
1701091728.7123165	+7.02,-1.2,+20.2,IB	+2.41,+266.8,+20.6,@B	+6.44,+32.5,+20.6,OA	+2.35,+275.3,+25.5,LB	+2.20,+283.6,+25.2,CB	+2.25,+280.8,+25.4,MB	
1701091790.7201214	+7.02,-1.0,+20.2,KB	+2.41,+266.8,+20.6,@B	+6.44,+32.6,+20.6,LA	+2.35,+275.1,+25.5,NB	+2.20,+283.4,+25.2,AB	+2.25,+281.0,+25.4,DB	
1701091852.729583	+7.02,-1.1,+20.2,JB	+2.41,+266.8,+20.6,@B	+6.44,+32.6,+20.6,LA	+2.36,+274.6,+25.5,KB	+2.21,+283.2,+25.2,FB	+2.22,+282.3,+25.3,DB	
1701091914.7365787	+7.02,-1.1,+20.2,JB	+2.41,+266.8,+20.6,@B	+6.44,+32.7,+20.6,MA	+2.36,+274.5,+25.6,KB	+2.21,+283.1,+25.2,EB	+2.23,+282.1,+25.4,@B	
1701091976.7444205	+7.02,-1.1,+20.2,JB	+2.41,+266.8,+20.6,@B	+6.44,+32.6,+20.6,LA	+2.35,+274.7,+25.6,JB	+2.21,+283.0,+25.2,DB	+2.23,+281.6,+25.3,CB	
1701092038.7535949	+7.02,-1.1,+20.2,JB	+2.41,+266.8,+20.6,@B	+6.44,+32.6,+20.6,LA	+2.34,+275.7,+25.6,JB	+2.20,+283.8,+25.2,MB	+2.23,+281.7,+25.3,BB	
1701092100.7639205	+7.02,-1.2,+20.2,IB	+2.41,+266.8,+20.6,@B	+6.44,+32.6,+20.6,LA	+2.33,+276.1,+25.6,HB	+2.19,+283.8,+25.2,GB	+2.24,+281.3,+25.4,FB	
1701092162.7746737	+7.02,-1.1,+20.2,JB	+2.41,+266.8,+20.6,@B	+6.44,+32.7,+20.6,MA	+2.36,+274.6,+25.5,KB	+2.21,+283.1,+25.2,EB	+2.23,+281.8,+25.3,MB	
1701092224.781914	+7.02,-1.1,+20.2,JB	+2.41,+266.8,+20.6,@B	+6.44,+32.6,+20.6,LA	+2.35,+275.2,+25.6,NB	+2.21,+283.1,+25.2,EB	+2.24,+281.0,+25.3,BB	
1701092286.791182	+7.02,-1.1,+20.2,JB	+2.41,+266.8,+20.6,@B	+6.44,+32.6,+20.6,LA	+2.33,+276.1,+25.6,HB	+2.20,+283.5,+25.2,@B	+2.25,+280.7,+25.4,BB	
1701092348.7998767	+7.02,-1.1,+20.2,JB	+2.41,+266.7,+20.6,OB	+6.44,+32.6,+20.6,LA	+2.35,+275.0,+25.6,LB	+2.20,+283.3,+25.2,FB	+2.22,+282.3,+25.3,DB	
1701092410.8093991	+7.02,-1.2,+20.2,IB	+2.41,+266.8,+20.6,@B	+6.44,+32.7,+20.6,MA	+2.33,+276.1,+25.6,HB	+2.20,+283.4,+25.2,AB	+2.25,+280.7,+25.3,EB	
1701092472.8196025	+7.02,-1.1,+20.1,IB	+2.41,+266.8,+20.6,@B	+6.44,+32.7,+20.6,MA	+2.34,+275.7,+25.6,JB	+2.19,+283.8,+25.2,GB	+2.23,+281.7,+25.4,EB	
1701092534.8261719	+7.02,-1.1,+20.2,JB	+2.41,+266.8,+20.6,@B	+6.44,+32.7,+20.6,MA	+2.34,+275.4,+25.5,JB	+2.21,+283.0,+25.2,DB	+2.24,+281.4,+25.3,FB	
1701092596.8361688	+7.02,-1.1,+20.2,JB	+2.41,+266.8,+20.6,@B	+6.44,+32.7,+20.6,MA	+2.36,+274.7,+25.5,JB	+2.20,+283.4,+25.2,AB	+2.23,+282.2,+25.4,CB	
1701092658.8435237	+7.02,-1.2,+20.2,IB	+2.41,+266.8,+20.6,@B	+6.44,+32.7,+20.6,MA	+2.36,+274.6,+25.5,KB	+2.20,+283.4,+25.2,AB	+2.23,+282.2,+25.3,DB	
1701092720.8522003	+7.02,-1.2,+20.2,IB	+2.41,+266.8,+20.6,@B	+6.44,+32.8,+20.6,BA	+2.34,+275.3,+25.5,MB	+2.20,+283.8,+25.2,MB	+2.23,+282.2,+25.4,CB	
1701092782.8631194	+7.02,-1.2,+20.2,IB	+2.41,+266.8,+20.6,@B	+6.44,+32.7,+20.6,MA	+2.34,+275.4,+25.6,IB	+2.21,+283.2,+25.2,FB	+2.23,+281.7,+25.3,BB	
1701092844.8712962	+7.02,-1.1,+20.2,JB	+2.41,+266.8,+20.6,@B	+6.44,+32.7,+20.6,MA	+2.33,+276.1,+25.6,HB	+2.21,+283.0,+25.2,DB	+2.24,+281.1,+25.4,DB	
1701092906.881293	+7.02,-1.2,+20.2,IB	+2.41,+266.8,+20.6,@B	+6.44,+32.8,+20.6,BA	+2.32,+276.6,+25.6,NB	+2.21,+283.2,+25.2,FB	+2.25,+280.9,+25.3,KB	
1701092968.8906212	+7.02,-1.1,+20.2,JB	+2.41,+266.8,+20.6,@B	+6.44,+32.7,+20.6,MA	+2.32,+276.7,+25.6,OB	+2.20,+283.4,+25.2,AB	+2.24,+281.3,+25.4,FB	
1701093030.9001927	+7.02,-1.1,+20.2,JB	+2.41,+266.8,+20.6,@B	+6.44,+32.8,+20.6,BA	+2.32,+276.5,+25.6,MB	+2.20,+283.5,+25.2,@B	+2.24,+281.3,+25.4,FB	
1701093092.9051778	+7.02,-1.1,+20.2,JB	+2.41,+266.8,+20.6,@B	+6.44,+32.8,+20.6,BA	+2.33,+276.3,+25.5,IB	+2.21,+283.0,+25.2,DB	+2.25,+281.0,+25.3,CB	
1701093154.9144301	+7.02,-1.1,+20.2,JB	+2.41,+266.8,+20.6,@B	+6.44,+32.7,+20.6,MA	+2.34,+275.7,+25.6,JB	+2.19,+283.9,+25.2,FB	+2.22,+282.3,+25.4,CB	
1701093216.923567	+7.02,-1.2,+20.2,IB	+2.41,+266.8,+20.6,@B	+6.44,+32.8,+20.6,BA	+2.33,+276.0,+25.6,IB	+2.20,+283.5,+25.2,@B	+2.24,+281.6,+25.4,CB	
1701093278.93295	+7.02,-1.1,+20.2,JB	+2.41,+266.8,+20.6,@B	+6.44,+32.8,+20.6,BA	+2.34,+275.5,+25.6,HB	+2.20,+283.4,+25.2,AB	+2.23,+281.8,+25.4,JB	
1701093340.9431334	+7.02,-1.1,+20.2,JB	+2.41,+266.8,+20.6,@B	+6.44,+32.8,+20.6,BA	+2.34,+275.8,+25.5,FB	+2.20,+283.5,+25.2,@B	+2.24,+281.6,+25.4,CB	
1701093402.9510152	+7.02,-1.1,+20.2,JB	+2.41,+266.9,+20.6,AB	+6.44,+32.8,+20.6,BA	+2.34,+275.3,+25.6,NB	+2.20,+283.5,+25.2,@B	+2.23,+281.9,+25.3,LB	
1701093464.9603074	+7.02,-1.1,+20.2,JB	+2.41,+266.9,+20.6,AB	+6.44,+32.8,+20.6,BA	+2.33,+276.5,+25.6,LB	+2.21,+283.0,+25.2,DB	+2.25,+280.7,+25.4,BB	
1701093710.5030663	+7.02,-1.1,+20.2,JB	+2.41,+266.8,+20.6,@B	+6.44,+32.8,+20.5,AA	+2.34,+275.4,+25.5,JB	+2.21,+283.2,+25.2,FB	+2.25,+280.9,+25.3,KB	
1701093772.5123808	+7.02,-1.0,+20.2,KB	+2.41,+266.8,+20.6,@B	+6.44,+32.8,+20.6,BA	+2.34,+275.9,+25.6,DB	+2.21,+283.1,+25.2,EB	+2.24,+281.3,+25.3,AB	
1701093834.518307	+7.02,-1.0,+20.1,HB	+2.41,+266.8,+20.6,@B	+6.44,+32.8,+20.6,BA	+2.35,+275.2,+25.5,MB	+2.21,+283.0,+25.2,DB	+2.25,+280.8,+25.4,MB	
1701093896.526367	+7.02,-1.1,+20.1,IB	+2.41,+266.9,+20.6,AB	+6.44,+32.9,+20.5,@A	+2.32,+276.5,+25.6,MB	+2.20,+283.7,+25.2,BB	+2.22,+282.5,+25.4,EB	
1701093958.534945	+7.02,-1.1,+20.1,IB	+2.41,+266.8,+20.6,@B	+6.43,+32.9,+20.5,GA	+2.32,+276.6,+25.6,NB	+2.20,+283.8,+25.2,MB	+2.22,+282.4,+25.4,DB	
1701094020.546806	+7.02,-1.0,+20.2,KB	+2.41,+266.8,+20.6,@B	+6.43,+32.9,+20.5,GA	+2.34,+275.3,+25.5,MB	+2.21,+283.2,+25.2,FB	+2.25,+280.8,+25.4,MB	
1701094082.5559838	+7.02,-1.0,+20.1,HB	+2.41,+266.8,+20.6,@B	+6.43,+32.9,+20.5,GA	+2.34,+275.6,+25.6,KB	+2.20,+283.3,+25.2,FB	+2.25,+281.0,+25.4,DB	
1701094144.5654073	+7.02,-1.1,+20.1,IB	+2.41,+266.7,+20.6,OB	+6.44,+32.9,+20.5,@A	+2.33,+276.3,+25.5,IB	+2.20,+283.8,+25.2,MB	+2.23,+282.2,+25.4,CB	
1701094206.5754416	+7.02,-1.1,+20.2,JB	+2.41,+266.8,+20.6,@B	+6.43,+32.9,+20.5,GA	+2.34,+275.9,+25.6,DB	+2.20,+283.5,+25.2,@B	+2.22,+282.3,+25.3,DB	
1701094268.5819802	+7.02,-1.0,+20.1,HB	+2.41,+266.8,+20.6,@B	+6.44,+32.8,+20.5,AA	+2.35,+275.0,+25.5,OB	+2.20,+283.5,+25.2,@B	+2.24,+281.1,+25.4,DB	
1701094330.5903442	+7.02,-1.0,+20.2,KB	+2.41,+266.8,+20.6,@B	+6.43,+32.9,+20.5,GA	+2.35,+274.9,+25.5,GB	+2.20,+283.5,+25.2,@B	+2.24,+281.1,+25.3,CB	
1701094392.5993733	+7.02,-1.0,+20.1,HB	+2.41,+266.8,+20.6,@B	+6.44,+32.8,+20.5,AA	+2.35,+275.3,+25.6,OB	+2.20,+283.7,+25.2,BB	+2.23,+281.8,+25.3,MB	
1701094454.6087897	+7.02,-0.9,+20.2,CB	+2.41,+266.8,+20.5,CB	+6.43,+32.9,+20.5,GA	+2.34,+275.4,+25.6,IB	+2.20,+283.7,+25.2,BB	+2.23,+281.8,+25.4,JB	
1701094516.6180077	+7.00,+0.1,+20.1,LB	+2.41,+266.8,+20.6,@B	+6.43,+32.9,+20.5,GA	+2.35,+274.9,+25.6,DB	+2.21,+283.2,+25.2,FB	+2.25,+280.7,+25.4,BB	
1701094578.6277676	+6.96,+2.3,+20.1,BB	+2.41,+266.8,+20.6,@B	+6.43,+32.9,+20.5,GA	+2.33,+276.1,+25.6,HB	+2.21,+282.9,+25.2,LB	+2.23,+281.7,+25.3,BB	
1701094640.6367009	+6.98,+1.1,+20.1,MB	+2.41,+266.8,+20.6,@B	+6.43,+32.9,+20.5,GA	+2.35,+275.2,+25.6,NB	+2.20,+283.6,+25.2,CB	+2.24,+281.0,+25.3,BB	
1701094702.6452353	+6.99,+0.7,+20.1,KB	+2.41,+266.9,+20.6,AB	+6.43,+32.9,+20.5,GA	+2.35,+274.9,+25.6,DB	+2.20,+283.5,+25.2,@B	+2.25,+280.9,+25.4,LB	
1701094764.6553993	+6.99,+0.5,+20.1,IB	+2.41,+266.8,+20.5,CB	+6.43,+32.9,+20.5,GA	+2.34,+275.6,+25.6,KB	+2.20,+283.7,+25.2,BB	+2.23,+281.9,+25.4,KB	
1701094826.6625218	+6.99,+0.5,+20.1,IB	+2.41,+266.9,+20.6,AB	+6.43,+32.9,+20.5,GA	+2.33,+276.0,+25.6,IB	+2.21,+282.9,+25.2,LB	+2.24,+281.4,+25.4,AB	
1701094888.6720126	+6.99,+0.3,+20.2,LB	+2.41,+266.8,+20.5,CB	+6.43,+32.9,+20.5,GA	+2.33,+276.4,+25.6,MB	+2.21,+283.0,+25.2,DB	+2.23,+281.9,+25.4,KB	
1701094950.6791499	+6.99,+0.3,+20.1,OB	+2.41,+266.8,+20.6,@B	+6.43,+32.9,+20.5,GA	+2.33,+276.1,+25.6,HB	+2.20,+283.5,+25.2,@B	+2.23,+282.1,+25.4,@B	
1701095012.6889956	+7.00,+0.2,+20.1,OB	+2.41,+266.8,+20.5,CB	+6.43,+32.9,+20.5,GA	+2.32,+276.6,+25.5,MB	+2.21,+282.9,+25.2,LB	+2.23,+281.9,+25.4,KB	
1701095074.6971018	+7.00,+0.2,+20.1,OB	+2.41,+266.8,+20.5,CB	+6.43,+33.0,+20.5,OA	+2.32,+276.7,+25.5,LB	+2.20,+283.7,+25.2,BB	+2.23,+281.8,+25.4,JB	
1701095136.7040834	+7.00,+0.1,+20.1,LB	+2.41,+266.8,+20.5,CB	+6.43,+32.9,+20.5,GA	+2.32,+276.6,+25.6,NB	+2.21,+282.9,+25.2,LB	+2.23,+282.0,+25.4,AB	
1701095198.7144656	+7.00,+0.2,+20.1,OB	+2.41,+266.8,+20.6,@B	+6.43,+32.9,+20.5,GA	+2.33,+276.5,+25.6,LB	+2.21,+283.0,+25.2,DB	+2.23,+282.1,+25.3,GB	
1701095260.7216918	+7.00,+0.2,+20.1,OB	+2.41,+266.8,+20.6,@B	+6.43,+32.9,+20.5,GA	+2.34,+275.4,+25.6,IB	+2.20,+283.6,+25.2,CB	+2.24,+281.5,+25.4,@B	
1701095322.7304578	+7.00,+0.2,+20.1,OB	+2.41,+266.8,+20.5,CB	+6.43,+33.0,+20.5,OA	+2.34,+275.3,+25.5,MB	+2.20,+283.7,+25.2,BB	+2.25,+280.7,+25.4,BB	
1701095384.7405498	+7.00,+0.2,+20.1,OB	+2.41,+266.8,+20.5,CB	+6.43,+32.9,+20.5,GA	+2.34,+275.6,+25.5,HB	+2.20,+283.6,+25.2,CB	+2.23,+281.6,+25.3,CB	
1701095446.7499967	+6.99,+0.7,+20.1,KB	+2.41,+266.8,+20.5,CB	+6.43,+33.0,+20.5,OA	+2.34,+275.5,+25.6,HB	+2.20,+283.5,+25.2,@B	+2.25,+280.7,+25.4,BB	
1701095508.758229	+6.99,+0.6,+20.1,JB	+2.41,+266.8,+20.5,CB	+6.43,+32.9,+20.5,GA	+2.33,+276.4,+25.5,NB	+2.21,+283.1,+25.2,EB	+2.22,+282.3,+25.4,CB	
1701095570.766829	+6.99,+0.6,+20.1,JB	+2.41,+266.8,+20.5,CB	+6.43,+33.0,+20.5,OA	+2.34,+275.4,+25.5,JB	+2.20,+283.8,+25.2,MB	+2.25,+281.0,+25.4,DB	
1701095632.7754443	+6.99,+0.5,+20.1,IB	+2.41,+266.8,+20.5,CB	+6.43,+33.0,+20.5,OA	+2.33,+276.2,+25.6,KB	+2.20,+283.5,+25.2,@B	+2.25,+280.8,+25.4,MB	
1701095694.7837844	+6.99,+0.4,+20.1,HB	+2.41,+266.8,+20.5,CB	+6.43,+33.0,+20.5,OA	+2.34,+275.5,+25.6,HB	+2.20,+283.7,+25.2,BB	+2.25,+280.8,+25.4,MB	
1701095756.7922912	+6.99,+0.4,+20.1,HB	+2.41,+266.9,+20.5,BB	+6.43,+33.1,+20.5,NA	+2.34,+275.6,+25.6,KB	+2.20,+283.7,+25.2,BB	+2.25,+280.7,+25.4,BB	
1701095818.7970326	+6.99,+0.4,+20.1,HB	+2.41,+266.8,+20.5,CB	+6.43,+33.0,+20.5,OA	+2.34,+275.9,+25.5,GB	+2.20,+283.7,+25.2,BB	+2.25,+280.7,+25.4,BB	
1701095880.8082395	+6.99,+0.3,+20.1,OB	+2.41,+266.8,+20.5,CB	+6.43,+33.0,+20.5,OA	+2.34,+275.8,+25.5,FB	+2.20,+283.5,+25.2,@B	+2.25,+280.5,+25.3,GB	
1701095942.8183756	+6.99,+0.3,+20.1,OB	+2.41,+266.8,+20.5,CB	+6.43,+33.0,+20.5,OA	+2.34,+275.3,+25.5,MB	+2.21,+283.2,+25.2,FB	+2.24,+281.2,+25.3,@B	
1701096004.829724	+7.00,+0.3,+20.1,NB	+2.41,+266.8,+20.5,CB	+6.43,+33.0,+20.5,OA	+2.35,+275.0,+25.5,OB	+2.20,+283.4,+25.2,AB	+2.25,+280.7,+25.3,EB	
1701096066.8378217	+7.00,+0.2,+20.1,OB	+2.41,+266.8,+20.5,CB	+6.43,+33.0,+20.5,OA	+2.34,+275.4,+25.6,IB	+2.21,+283.1,+25.2,EB	+2.24,+281.1,+25.3,CB	
1701096128.8464491	+7.00,+0.1,+20.1,LB	+2.41,+266.9,+20.6,AB	+6.43,+33.0,+20.5,OA	+2.33,+276.2,+25.5,HB	+2.20,+283.6,+25.2,CB	+2.26,+279.9,+25.4,IB	
1701096190.85343	+7.00,+0.1,+20.1,LB	+2.41,+266.8,+20.5,CB	+6.43,+33.1,+20.5,NA	+2.33,+276.1,+25.6,HB	+2.20,+283.4,+25.2,AB	+2.26,+280.2,+25.4,DB	
1701096252.8594728	+7.01,-0.3,+20.1,IB	+2.41,+266.8,+20.5,CB	+6.43,+33.0,+20.5,OA	+2.32,+276.8,+25.6,@B	+2.20,+283.3,+25.2,FB	+2.25,+280.6,+25.4,CB	
1701096314.8685544	+7.01,-0.4,+20.1,NB	+2.41,+266.8,+20.5,CB	+6.43,+33.0,+20.5,OA	+2.33,+276.1,+25.6,HB	+2.21,+282.9,+25.2,LB	+2.24,+281.1,+25.4,DB	
1701096376.878318	+7.01,-0.3,+20.1,IB	+2.41,+266.8,+20.5,CB	+6.43,+33.0,+20.5,OA	+2.33,+276.3,+25.6,JB	+2.20,+283.7,+25.2,BB	+2.27,+279.6,+25.4,GB	
1701096438.8861642	+7.01,-0.4,+20.1,NB	+2.41,+266.8,+20.6,@B	+6.43,+33.1,+20.5,NA	+2.32,+276.5,+25.6,MB	+2.21,+283.1,+25.2,EB	+2.25,+280.8,+25.4,MB	
1701096500.8960876	+7.01,-0.4,+20.1,NB	+2.41,+266.8,+20.5,CB	+6.43,+33.0,+20.5,OA	+2.34,+275.7,+25.6,JB	+2.20,+283.6,+25.2,CB	+2.27,+279.5,+25.4,DB	
1701096562.9057133	+7.01,-0.4,+20.1,NB	+2.41,+266.8,+20.5,CB	+6.43,+33.1,+20.5,NA	+2.33,+276.2,+25.6,KB	+2.20,+283.5,+25.2,@B	+2.26,+280.2,+25.4,DB	
1701096624.9143817	+7.01,-0.4,+20.1,NB	+2.41,+266.8,+20.5,CB	+6.43,+33.0,+20.5,OA	+2.34,+275.6,+25.6,KB	+2.21,+282.9,+25.2,LB	+2.24,+281.1,+25.4,DB	
1701096686.920881	+7.01,-0.5,+20.1,OB	+2.41,+266.8,+20.5,CB	+6.43,+33.1,+20.5,NA	+2.35,+274.8,+25.6,EB	+2.21,+283.0,+25.2,DB	+2.26,+280.4,+25.4,BB	
1701096748.9298677	+7.01,-0.5,+20.1,OB	+2.41,+266.8,+20.5,CB	+6.43,+33.1,+20.5,NA	+2.35,+275.0,+25.5,OB	+2.21,+282.9,+25.2,LB	+2.26,+280.4,+25.4,BB	
1701096810.9386942	+7.01,-0.5,+20.1,OB	+2.41,+266.8,+20.5,CB	+6.43,+33.1,+20.5,NA	+2.34,+275.4,+25.6,IB	+2.21,+282.9,+25.2,LB	+2.25,+280.7,+25.3,EB	
1701096872.9464426	+7.01,-0.5,+20.0,NB	+2.41,+266.9,+20.5,BB	+6.43,+33.1,+20.5,NA	+2.35,+275.2,+25.5,MB	+2.21,+283.0,+25.2,DB	+2.27,+279.9,+25.4,HB	
1701096934.9561784	+7.01,-0.5,+20.1,OB	+2.41,+266.8,+20.5,CB	+6.43,+33.1,+20.5,NA	+2.35,+275.2,+25.5,MB	+2.21,+282.8,+25.2,MB	+2.26,+280.4,+25.4,BB	
1701096996.9655483	+7.01,-0.5,+20.1,OB	+2.41,+266.8,+20.5,CB	+6.43,+33.1,+20.5,NA	+2.35,+275.1,+25.5,NB	+2.21,+282.9,+25.2,LB	+2.26,+280.1,+25.4,GB	
1701097058.975648	+7.01,-0.5,+20.1,OB	+2.41,+266.8,+20.5,CB	+6.43,+33.1,+20.5,NA	+2.34,+275.5,+25.5,KB	+2.21,+282.9,+25.2,LB	+2.25,+280.7,+25.4,BB	
1701097120.9820032	+7.01,-0.5,+20.1,OB	+2.41,+266.8,+20.5,CB	+6.43,+33.1,+20.5,NA	+2.33,+276.3,+25.5,IB	+2.20,+283.6,+25.2,CB	+2.27,+279.4,+25.4,EB	
1701097182.9916427	+7.01,-0.6,+20.1,LB	+2.41,+266.8,+20.5,CB	+6.43,+33.1,+20.5,NA	+2.32,+276.6,+25.5,MB	+2.20,+283.7,+25.2,BB	+2.27,+279.8,+25.4,IB	
1701097245.001296	+7.01,-0.5,+20.1,OB	+2.41,+266.8,+20.5,CB	+6.43,+33.1,+20.5,NA	+2.32,+276.6,+25.6,NB	+2.20,+283.6,+25.2,CB	+2.26,+280.1,+25.3,@B	
1701097307.0115054	+7.01,-0.6,+20.1,LB	+2.41,+266.8,+20.5,CB	+6.43,+33.1,+20.4,OA	+2.33,+276.2,+25.6,KB	+2.20,+283.3,+25.2,FB	+2.28,+279.1,+25.3,HB	
1701097552.562325	+7.01,-0.5,+20.1,OB	+2.41,+266.8,+20.5,CB	+6.43,+33.1,+20.4,OA	+2.34,+275.3,+25.5,MB	+2.20,+283.6,+25.2,CB	+2.26,+280.2,+25.4,DB	
1701097614.5720496	+7.01,-0.4,+20.1,NB	+2.41,+266.8,+20.5,CB	+6.43,+33.1,+20.4,OA	+2.35,+275.3,+25.6,OB	+2.20,+283.4,+25.2,AB	+2.27,+279.5,+25.3,CB	
1701097676.5800903	+7.01,-0.5,+20.1,OB	+2.41,+266.8,+20.5,CB	+6.43,+33.1,+20.4,OA	+2.34,+275.8,+25.5,FB	+2.20,+283.4,+25.2,AB	+2.25,+280.7,+25.3,EB	
1701097738.5855532	+7.01,-0.5,+20.1,OB	+2.41,+266.8,+20.5,CB	+6.43,+33.1,+20.4,OA	+2.33,+276.4,+25.5,NB	+2.21,+283.1,+25.2,EB	+2.25,+280.6,+25.4,CB	
1701097800.5960095	+7.01,-0.4,+20.0,OB	+2.41,+266.8,+20.5,CB	+6.43,+33.1,+20.4,OA	+2.34,+275.9,+25.5,GB	+2.21,+282.8,+25.2,MB	+2.27,+279.3,+25.3,EB	
1701097862.6033742	+7.01,-0.5,+20.0,NB	+2.41,+266.9,+20.5,BB	+6.43,+33.1,+20.4,OA	+2.33,+276.5,+25.6,LB	+2.21,+282.9,+25.2,LB	+2.26,+280.2,+25.4,DB	
1701097924.6118624	+7.01,-0.6,+20.1,LB	+2.41,+266.8,+20.5,CB	+6.43,+33.1,+20.4,OA	+2.33,+276.3,+25.5,IB	+2.20,+283.4,+25.2,AB	+2.25,+280.8,+25.4,MB	
1701097986.6190517	+7.01,-0.6,+20.0,MB	+2.41,+266.8,+20.5,CB	+6.43,+33.2,+20.4,LA	+2.32,+276.7,+25.6,OB	+2.21,+283.0,+25.2,DB	+2.26,+280.3,+25.4,EB	
1701098048.6276865	+7.01,-0.5,+20.1,OB	+2.41,+266.7,+20.5,LB	+6.43,+33.1,+20.4,OA	+2.33,+276.0,+25.6,IB	+2.20,+283.6,+25.2,CB	+2.25,+280.5,+25.4,@B	
1701098110.635464	+7.01,-0.4,+20.0,OB	+2.41,+266.8,+20.5,CB	+6.43,+33.1,+20.4,OA	+2.32,+276.6,+25.5,MB	+2.21,+283.2,+25.2,FB	+2.25,+280.5,+25.4,@B	
1701098172.6414413	+7.01,-0.4,+20.0,OB	+2.41,+266.8,+20.5,CB	+6.43,+33.1,+20.4,OA	+2.32,+276.8,+25.6,@B	+2.21,+283.2,+25.2,FB	+2.25,+280.6,+25.4,CB	
1701098234.6484716	+7.01,-0.6,+20.0,MB	+2.41,+266.8,+20.5,CB	+6.43,+33.1,+20.4,OA	+2.33,+276.0,+25.6,IB	+2.21,+282.8,+25.2,MB	+2.28,+279.1,+25.4,OB	
1701098296.6560295	+7.01,-0.4,+20.1,NB	+2.41,+266.8,+20.5,CB	+6.43,+33.2,+20.5,MA	+2.33,+276.4,+25.6,MB	+2.21,+283.0,+25.2,DB	+2.27,+279.9,+25.4,HB	
1701098358.664209	+7.01,-0.5,+20.0,NB	+2.41,+266.8,+20.5,CB	+6.43,+33.1,+20.4,OA	+2.34,+275.5,+25.5,KB	+2.21,+282.8,+25.2,MB	+2.28,+279.2,+25.4,LB	
1701098420.6733284	+7.01,-0.5,+20.1,OB	+2.41,+266.8,+20.5,CB	+6.43,+33.1,+20.4,OA	+2.32,+276.7,+25.6,OB	+2.20,+283.3,+25.2,FB	+2.25,+280.6,+25.4,CB	
1701098482.6817122	+7.01,-0.5,+20.0,NB	+2.41,+266.9,+20.5,BB	+6.43,+33.2,+20.4,LA	+2.33,+276.2,+25.6,KB	+2.20,+283.6,+25.2,CB	+2.25,+280.8,+25.4,MB	
1701098544.687821	+7.01,-0.5,+20.0,NB	+2.41,+266.8,+20.5,CB	+6.43,+33.1,+20.4,OA	+2.34,+275.8,+25.6,EB	+2.21,+282.7,+25.2,BB	+2.28,+279.3,+25.4,MB	
1701098606.6963875	+7.01,-0.5,+20.0,NB	+2.41,+266.8,+20.5,CB	+6.43,+33.2,+20.4,LA	+2.34,+275.7,+25.6,JB	+2.21,+283.2,+25.2,FB	+2.26,+280.0,+25.4,FB	
1701098668.702707	+7.01,-0.5,+20.0,NB	+2.41,+266.8,+20.5,CB	+6.43,+33.1,+20.4,OA	+2.33,+276.3,+25.5,IB	+2.20,+283.5,+25.2,@B	+2.25,+280.7,+25.3,EB	
1701098730.709081	+7.00,+0.0,+20.0,LB	+2.41,+266.8,+20.5,CB	+6.43,+33.2,+20.4,LA	+2.32,+276.6,+25.6,NB	+2.20,+283.6,+25.2,CB	+2.25,+280.9,+25.3,KB	
1701098792.7164714	+7.01,-0.3,+20.0,HB	+2.41,+266.8,+20.5,CB	+6.43,+33.2,+20.5,MA	+2.32,+276.6,+25.5,MB	+2.20,+283.6,+25.2,CB	+2.25,+280.8,+25.4,MB	
1701098854.7221894	+7.01,-0.4,+20.0,OB	+2.41,+266.8,+20.5,CB	+6.43,+33.2,+20.4,LA	+2.33,+276.1,+25.5,KB	+2.21,+283.1,+25.2,EB	+2.27,+279.7,+25.4,FB	
1701098916.727632	+7.01,-0.4,+20.0,OB	+2.41,+266.8,+20.5,CB	+6.43,+33.2,+20.4,LA	+2.34,+275.9,+25.6,DB	+2.21,+283.0,+25.2,DB	+2.27,+279.4,+25.3,BB	
1701098978.7338526	+7.01,-0.4,+20.0,OB	+2.41,+266.8,+20.5,CB	+6.43,+33.1,+20.4,OA	+2.33,+276.3,+25.6,JB	+2.21,+283.1,+25.2,EB	+2.27,+279.8,+25.4,IB	
1701099040.7424865	+7.01,-0.4,+20.1,NB	+2.41,+266.8,+20.5,CB	+6.43,+33.2,+20.4,LA	+2.33,+276.3,+25.6,JB	+2.20,+283.3,+25.2,FB	+2.25,+280.7,+25.3,EB	
1701099102.7529361	+7.01,-0.5,+20.0,NB	+2.41,+266.8,+20.5,CB	+6.43,+33.2,+20.4,LA	+2.33,+276.3,+25.6,JB	+2.20,+283.2,+25.2,GB	+2.26,+280.0,+25.4,FB	
1701099164.760777	+7.01,-0.5,+20.0,NB	+2.41,+266.9,+20.5,BB	+6.43,+33.2,+20.4,LA	+2.33,+276.5,+25.6,LB	+2.20,+283.5,+25.2,@B	+2.25,+280.7,+25.4,BB	
1701099226.7699707	+7.01,-0.6,+20.0,MB	+2.41,+266.8,+20.5,CB	+6.43,+33.2,+20.4,LA	+2.33,+276.1,+25.5,KB	+2.21,+283.2,+25.2,FB	+2.25,+280.6,+25.4,CB	
1701099288.7754433	+7.01,-0.6,+20.0,MB	+2.41,+266.9,+20.5,BB	+6.43,+33.2,+20.4,LA	+2.33,+276.2,+25.5,HB	+2.21,+283.1,+25.2,EB	+2.25,+280.5,+25.4,@B	
1701099350.7861211	+7.02,-0.9,+20.0,AB	+2.41,+266.8,+20.5,CB	+6.43,+33.2,+20.4,LA	+2.34,+275.8,+25.6,EB	+2.21,+283.2,+25.2,FB	+2.27,+279.7,+25.4,FB	
1701099412.793436	+7.02,-0.9,+20.0,AB	+2.41,+266.8,+20.5,CB	+6.43,+33.2,+20.4,LA	+2.33,+276.1,+25.5,KB	+2.21,+283.1,+25.2,EB	+2.25,+280.5,+25.3,GB	
1701099474.80167	+7.02,-0.9,+20.0,AB	+2.41,+266.9,+20.5,BB	+6.43,+33.2,+20.4,LA	+2.33,+276.3,+25.5,IB	+2.21,+283.0,+25.2,DB	+2.25,+280.5,+25.4,@B	
1701099536.8085194	+7.02,-0.9,+20.0,AB	+2.41,+266.8,+20.5,CB	+6.43,+33.2,+20.4,LA	+2.33,+276.0,+25.6,IB	+2.20,+283.5,+25.2,@B	+2.26,+280.0,+25.4,FB	
1701099598.8187497	+7.02,-1.0,+20.0,IB	+2.41,+266.8,+20.5,CB	+6.43,+33.2,+20.4,LA	+2.32,+276.6,+25.5,MB	+2.20,+283.5,+25.2,@B	+2.25,+280.8,+25.4,MB	
1701099660.8279426	+7.02,-1.0,+20.0,IB	+2.41,+266.8,+20.5,CB	+6.43,+33.3,+20.4,MA	+2.32,+276.5,+25.5,NB	+2.21,+283.1,+25.2,EB	+2.25,+280.8,+25.4,MB	
1701099722.8352385	+7.02,-1.0,+20.0,IB	+2.41,+266.9,+20.5,BB	+6.43,+33.3,+20.4,MA	+2.35,+275.2,+25.6,NB	+2.21,+282.8,+25.2,MB	+2.27,+279.7,+25.3,AB	
1701099784.8444064	+7.02,-1.0,+20.0,IB	+2.41,+266.8,+20.5,CB	+6.43,+33.2,+20.4,LA	+2.34,+275.6,+25.6,KB	+2.21,+282.7,+25.2,BB	+2.26,+280.0,+25.4,FB	
1701099846.852617	+7.02,-1.0,+20.0,IB	+2.41,+266.8,+20.5,CB	+6.43,+33.2,+20.4,LA	+2.33,+276.5,+25.6,LB	+2.20,+283.4,+25.2,AB	+2.25,+280.8,+25.4,MB	
1701099908.8592467	+7.02,-0.9,+20.0,AB	+2.41,+266.9,+20.5,BB	+6.43,+33.2,+20.4,LA	+2.32,+276.5,+25.6,MB	+2.20,+283.3,+25.2,FB	+2.25,+280.7,+25.4,BB	
1701099970.8657837	+7.02,-1.0,+20.0,IB	+2.41,+266.8,+20.5,CB	+6.43,+33.2,+20.4,LA	+2.33,+276.4,+25.6,MB	+2.21,+283.0,+25.2,DB	+2.25,+280.7,+25.4,BB	
1701100032.8721497	+7.02,-1.0,+20.0,IB	+2.41,+266.8,+20.5,CB	+6.43,+33.2,+20.4,LA	+2.34,+275.7,+25.6,JB	+2.20,+283.5,+25.2,@B	+2.27,+279.8,+25.4,IB	
1701100094.8810837	+7.02,-1.0,+20.0,IB	+2.41,+266.8,+20.5,CB	+6.43,+33.2,+20.4,LA	+2.32,+276.5,+25.5,NB	+2.21,+282.9,+25.2,LB	+2.25,+280.8,+25.4,MB	
1701100156.8886175	+7.02,-1.0,+20.0,IB	+2.41,+266.8,+20.5,CB	+6.43,+33.2,+20.4,LA	+2.36,+274.6,+25.6,HB	+2.21,+283.1,+25.2,EB	+2.28,+279.2,+25.4,LB	
1701100218.8960853	+7.02,-0.9,+20.0,AB	+2.41,+266.8,+20.5,CB	+6.43,+33.3,+20.4,MA	+2.34,+275.9,+25.6,DB	+2.21,+282.8,+25.2,MB	+2.25,+280.5,+25.4,@B	
1701100280.9017377	+7.02,-1.0,+20.0,IB	+2.41,+266.8,+20.5,CB	+6.43,+33.3,+20.4,MA	+2.33,+275.9,+25.5,@B	+2.21,+282.8,+25.2,MB	+2.25,+280.6,+25.4,CB	
1701100342.9058888	+7.02,-1.0,+20.0,IB	+2.41,+266.8,+20.5,CB	+6.43,+33.3,+20.4,MA	+2.33,+276.1,+25.6,HB	+2.21,+283.0,+25.2,DB	+2.25,+280.9,+25.4,LB	
1701100404.9143841	+7.02,-1.0,+20.0,IB	+2.41,+266.8,+20.5,CB	+6.43,+33.3,+20.4,MA	+2.34,+275.5,+25.6,HB	+2.20,+283.4,+25.2,AB	+2.26,+280.1,+25.4,GB	
1701100466.9222264	+7.02,-1.0,+20.0,IB	+2.41,+266.8,+20.5,CB	+6.43,+33.2,+20.4,LA	+2.34,+275.8,+25.6,EB	+2.21,+282.7,+25.2,BB	+2.25,+280.6,+25.3,DB	
1701100528.9280462	+7.02,-0.9,+20.0,AB	+2.41,+266.8,+20.5,CB	+6.43,+33.2,+20.4,LA	+2.35,+274.9,+25.5,GB	+2.20,+283.5,+25.2,@B	+2.27,+279.6,+25.4,GB	
1701100590.9351144	+7.02,-0.9,+20.0,AB	+2.41,+266.8,+20.5,CB	+6.43,+33.2,+20.4,LA	+2.35,+275.2,+25.5,MB	+2.20,+283.4,+25.2,AB	+2.26,+280.1,+25.4,GB	
1701100652.9390326	+7.02,-0.9,+20.0,AB	+2.41,+266.8,+20.4,BB	+6.43,+33.2,+20.4,LA	+2.35,+274.9,+25.6,DB	+2.20,+283.5,+25.2,@B	+2.27,+279.4,+25.4,EB	
1701100714.9503584	+7.01,-0.8,+20.0,CB	+2.41,+266.9,+20.5,BB	+6.43,+33.2,+20.4,LA	+2.35,+274.8,+25.5,FB	+2.20,+283.5,+25.2,@B	+2.28,+279.3,+25.4,MB	
1701100776.9582043	+7.01,-0.8,+20.0,CB	+2.41,+266.9,+20.5,BB	+6.43,+33.3,+20.4,MA	+2.33,+276.2,+25.6,KB	+2.21,+282.7,+25.2,BB	+2.25,+280.7,+25.4,BB	
1701100838.9689014	+7.01,-0.8,+20.0,CB	+2.41,+266.9,+20.5,BB	+6.43,+33.3,+20.4,MA	+2.34,+275.6,+25.6,KB	+2.21,+283.2,+25.2,FB	+2.27,+279.4,+25.4,EB	
1701100900.9763706	+7.01,-0.8,+20.0,CB	+2.41,+266.8,+20.5,CB	+6.43,+33.3,+20.4,MA	+2.35,+275.2,+25.6,NB	+2.20,+283.5,+25.2,@B	+2.28,+279.2,+25.3,KB	
1701100962.9872756	+7.01,-0.9,+20.0,BB	+2.41,+266.8,+20.5,CB	+6.43,+33.3,+20.4,MA	+2.34,+275.5,+25.5,KB	+2.20,+283.4,+25.2,AB	+2.27,+279.7,+25.3,AB	
1701101024.9933817	+7.01,-0.8,+20.0,CB	+2.41,+266.8,+20.4,BB	+6.43,+33.3,+20.4,MA	+2.32,+276.6,+25.6,NB	+2.21,+282.8,+25.2,MB	+2.25,+280.7,+25.4,BB	
1701101086.999596	+7.01,-0.8,+20.0,CB	+2.41,+266.8,+20.5,CB	+6.43,+33.3,+20.4,MA	+2.34,+275.4,+25.6,IB	+2.20,+283.5,+25.2,@B	+2.28,+279.2,+25.4,LB	
1701101149.0019825	+7.02,-0.9,+20.0,AB	+2.41,+266.8,+20.5,CB	+6.43,+33.2,+20.4,LA	+2.33,+276.0,+25.6,IB	+2.21,+283.1,+25.2,EB	+2.27,+279.8,+25.4,IB	
1701101394.575422	+7.02,-0.9,+20.0,AB	+2.41,+266.8,+20.5,CB	+6.43,+33.3,+20.4,MA	+2.34,+275.5,+25.6,HB	+2.21,+283.1,+25.2,EB	+2.26,+280.2,+25.4,DB	
1701101456.5794272	+7.02,-0.9,+20.0,AB	+2.41,+266.9,+20.4,CB	+6.43,+33.3,+20.4,MA	+2.34,+275.9,+25.5,GB	+2.21,+282.7,+25.2,BB	+2.25,+280.7,+25.4,BB	
1701101518.565518	+7.02,-0.9,+20.0,AB	+2.41,+266.8,+20.4,BB	+6.43,+33.3,+20.4,MA	+2.32,+276.7,+25.6,OB	+2.20,+283.5,+25.2,@B	+2.27,+279.3,+25.4,BB	
1701101580.5765772	+7.02,-0.9,+20.0,AB	+2.41,+266.8,+20.4,BB	+6.43,+33.3,+20.4,MA	+2.35,+275.2,+25.5,MB	+2.21,+282.9,+25.2,LB	+2.25,+280.7,+25.3,EB	
1701101642.5866873	+7.01,-0.9,+19.9,AB	+2.41,+266.9,+20.4,CB	+6.43,+33.3,+20.4,MA	+2.34,+275.5,+25.5,KB	+2.21,+282.8,+25.2,MB	+2.26,+280.3,+25.4,EB	
1701101704.5978496	+7.02,-0.9,+20.0,AB	+2.41,+266.8,+20.5,CB	+6.43,+33.3,+20.4,MA	+2.36,+274.5,+25.5,HB	+2.21,+282.8,+25.2,MB	+2.25,+280.9,+25.4,LB	
1701101766.6066966	+7.02,-0.9,+20.0,AB	+2.41,+266.9,+20.4,CB	+6.43,+33.3,+20.4,MA	+2.35,+274.7,+25.5,IB	+2.20,+283.3,+25.2,FB	+2.26,+280.1,+25.4,GB	
1701101828.619046	+7.02,-1.0,+20.0,IB	+2.41,+266.8,+20.5,CB	+6.43,+33.3,+20.4,MA	+2.36,+274.6,+25.5,KB	+2.21,+283.0,+25.2,DB	+2.25,+280.8,+25.4,MB	
1701101890.6285584	+7.02,-1.0,+20.0,IB	+2.41,+266.8,+20.4,BB	+6.43,+33.3,+20.4,MA	+2.34,+275.9,+25.6,DB	+2.21,+282.9,+25.2,LB	+2.26,+279.9,+25.4,IB	
1701101952.6381369	+7.01,-0.9,+20.0,BB	+2.41,+266.8,+20.4,BB	+6.43,+33.3,+20.4,MA	+2.35,+275.0,+25.6,LB	+2.21,+282.8,+25.2,MB	+2.25,+280.9,+25.4,LB	
1701102014.6474433	+7.02,-1.0,+20.0,IB	+2.41,+266.9,+20.4,CB	+6.43,+33.3,+20.4,MA	+2.33,+276.0,+25.5,JB	+2.21,+283.0,+25.2,DB	+2.27,+279.7,+25.3,AB	
1701102076.6565819	+7.02,-0.9,+20.0,AB	+2.41,+266.8,+20.4,BB	+6.43,+33.3,+20.4,MA	+2.35,+274.9,+25.5,GB	+2.20,+283.4,+25.2,AB	+2.26,+280.1,+25.3,@B	
1701102138.665966	+7.02,-0.9,+20.0,AB	+2.41,+266.9,+20.4,CB	+6.43,+33.3,+20.4,MA	+2.35,+275.0,+25.6,LB	+2.20,+283.5,+25.2,@B	+2.26,+279.9,+25.4,IB	
1701102200.6747448	+7.02,-1.0,+20.0,IB	+2.41,+266.8,+20.4,BB	+6.43,+33.4,+20.4,JA	+2.35,+274.9,+25.5,GB	+2.21,+283.1,+25.2,EB	+2.25,+280.7,+25.4,BB	
1701102262.6841273	+7.02,-1.0,+20.0,IB	+2.41,+266.8,+20.4,BB	+6.43,+33.4,+20.4,JA	+2.34,+275.5,+25.5,KB	+2.21,+282.7,+25.2,BB	+2.25,+280.7,+25.4,BB	
1701102324.693023	+7.02,-0.9,+20.0,AB	+2.41,+266.8,+20.4,BB	+6.43,+33.3,+20.4,MA	+2.36,+274.5,+25.6,KB	+2.20,+283.5,+25.2,@B	+2.27,+279.5,+25.3,CB	
1701102386.7005599	+7.02,-0.9,+20.0,AB	+2.41,+266.8,+20.4,BB	+6.43,+33.4,+20.4,JA	+2.35,+274.8,+25.6,EB	+2.20,+283.4,+25.2,AB	+2.27,+279.3,+25.4,BB	
1701102448.710216	+6.99,+0.4,+20.0,IB	+2.41,+266.9,+20.4,CB	+6.43,+33.4,+20.4,JA	+2.34,+275.6,+25.5,HB	+2.21,+283.0,+25.2,DB	+2.27,+279.4,+25.4,EB	
1701102510.7201042	+7.01,-0.8,+20.0,CB	+2.41,+266.8,+20.4,BB	+6.43,+33.3,+20.4,MA	+2.35,+275.3,+25.5,LB	+2.21,+282.9,+25.2,LB	+2.25,+280.8,+25.4,MB	
1701102572.7279966	+7.01,-0.8,+20.0,CB	+2.41,+266.8,+20.4,BB	+6.43,+33.4,+20.4,JA	+2.35,+275.1,+25.6,MB	+2.21,+283.1,+25.2,EB	+2.25,+280.8,+25.4,MB	
1701102634.7363122	+7.01,-0.9,+20.0,BB	+2.41,+266.9,+20.4,CB	+6.43,+33.4,+20.4,JA	+2.34,+275.8,+25.6,EB	+2.21,+282.9,+25.2,LB	+2.25,+280.6,+25.4,CB	
1701102696.744535	+7.02,-0.9,+20.0,AB	+2.41,+266.8,+20.4,BB	+6.43,+33.4,+20.4,JA	+2.34,+275.6,+25.6,KB	+2.21,+283.0,+25.2,DB	+2.27,+279.3,+25.4,BB	
1701102758.752896	+7.02,-0.9,+20.0,AB	+2.41,+266.8,+20.4,BB	+6.43,+33.4,+20.4,JA	+2.34,+275.3,+25.5,MB	+2.21,+283.2,+25.2,FB	+2.25,+280.9,+25.3,KB	
1701102820.7625284	+7.02,-1.0,+20.0,IB	+2.41,+266.8,+20.4,BB	+6.43,+33.4,+20.4,JA	+2.35,+275.2,+25.6,NB	+2.20,+283.4,+25.2,AB	+2.25,+280.7,+25.4,BB	
1701102882.76728	+7.02,-0.9,+20.0,AB	+2.41,+266.8,+20.4,BB	+6.43,+33.4,+20.4,JA	+2.34,+275.7,+25.6,JB	+2.21,+283.2,+25.2,FB	+2.25,+280.9,+25.3,KB	
1701102944.7771552	+7.02,-0.9,+20.0,AB	+2.41,+266.9,+20.4,CB	+6.43,+33.4,+20.4,JA	+2.34,+275.3,+25.5,MB	+2.20,+283.4,+25.2,AB	+2.25,+280.8,+25.4,MB	
1701103006.7866507	+7.01,-0.7,+20.0,LB	+2.41,+266.9,+20.4,CB	+6.43,+33.4,+20.4,JA	+2.33,+276.2,+25.6,KB	+2.21,+283.0,+25.2,DB	+2.25,+280.6,+25.4,CB	
1701103068.793927	+7.01,-0.8,+20.0,CB	+2.41,+266.9,+20.4,CB	+6.43,+33.4,+20.4,JA	+2.33,+276.2,+25.5,HB	+2.21,+283.0,+25.2,DB	+2.25,+280.6,+25.4,CB	
1701103130.8033662	+7.01,-0.7,+20.0,LB	+2.41,+266.8,+20.4,BB	+6.43,+33.4,+20.4,JA	+2.35,+275.1,+25.5,NB	+2.20,+283.4,+25.2,AB	+2.26,+279.9,+25.4,IB	
1701103192.8109338	+7.01,-0.6,+20.0,MB	+2.41,+266.9,+20.4,CB	+6.43,+33.4,+20.4,JA	+2.34,+275.7,+25.6,JB	+2.21,+282.8,+25.2,MB	+2.27,+279.5,+25.4,DB	
1701103254.816632	+7.01,-0.6,+20.0,MB	+2.41,+266.8,+20.4,BB	+6.43,+33.4,+20.4,JA	+2.33,+276.0,+25.6,IB	+2.21,+282.7,+25.2,BB	+2.27,+279.7,+25.4,FB	
1701103316.82115	+7.01,-0.7,+20.0,LB	+2.41,+266.9,+20.4,CB	+6.43,+33.4,+20.4,JA	+2.35,+274.8,+25.5,FB	+2.20,+283.5,+25.2,@B	+2.26,+280.2,+25.3,CB	
1701103378.8297157	+7.01,-0.7,+20.0,LB	+2.41,+266.9,+20.4,CB	+6.43,+33.4,+20.4,JA	+2.35,+275.2,+25.6,NB	+2.20,+283.5,+25.2,@B	+2.25,+280.6,+25.4,CB	
1701103440.8384292	+7.01,-0.8,+20.0,CB	+2.41,+266.9,+20.4,CB	+6.43,+33.4,+20.4,JA	+2.34,+275.6,+25.5,HB	+2.20,+283.5,+25.2,@B	+2.25,+280.7,+25.4,BB	
1701103502.8485274	+7.01,-0.8,+19.9,@B	+2.41,+266.9,+20.4,CB	+6.43,+33.4,+20.4,JA	+2.34,+275.3,+25.6,NB	+2.21,+283.1,+25.2,EB	+2.27,+279.7,+25.4,FB	
1701103564.8579526	+7.01,-0.8,+20.0,CB	+2.41,+266.8,+20.4,BB	+6.43,+33.4,+20.4,JA	+2.34,+275.7,+25.5,IB	+2.20,+283.6,+25.2,CB	+2.25,+280.6,+25.4,CB	
1701103626.8658235	+7.01,-0.8,+20.0,CB	+2.41,+266.9,+20.4,CB	+6.42,+33.4,+20.4,KA	+2.34,+275.8,+25.5,FB	+2.20,+283.5,+25.2,@B	+2.25,+280.9,+25.4,LB	
1701103688.875805	+7.01,-0.9,+19.9,AB	+2.41,+266.8,+20.4,BB	+6.42,+33.4,+20.4,KA	+2.34,+275.8,+25.6,EB	+2.20,+283.5,+25.2,@B	+2.25,+280.7,+25.4,BB	
1701103750.8843226	+7.02,-0.9,+19.9,BB	+2.41,+266.9,+20.4,CB	+6.42,+33.4,+20.4,KA	+2.34,+275.7,+25.5,IB	+2.21,+282.7,+25.2,BB	+2.27,+279.3,+25.4,BB	
1701103812.8938255	+7.02,-0.9,+20.0,AB	+2.41,+266.8,+20.4,BB	+6.42,+33.5,+20.4,JA	+2.34,+275.4,+25.6,IB	+2.21,+282.8,+25.2,MB	+2.27,+279.3,+25.3,EB	
1701103874.9036312	+7.02,-0.9,+20.0,AB	+2.41,+266.8,+20.4,BB	+6.43,+33.4,+20.4,JA	+2.35,+275.2,+25.5,MB	+2.20,+283.3,+25.2,FB	+2.26,+280.3,+25.4,EB	
1701103936.912245	+7.01,-0.5,+20.0,NB	+2.41,+266.9,+20.4,CB	+6.42,+33.4,+20.4,KA	+2.33,+276.3,+25.6,JB	+2.21,+283.1,+25.2,EB	+2.26,+280.0,+25.4,FB	
1701103998.9226658	+7.02,-1.0,+19.9,JB	+2.41,+266.8,+20.4,BB	+6.42,+33.4,+20.4,KA	+2.35,+275.2,+25.5,MB	+2.21,+283.2,+25.2,FB	+2.26,+280.1,+25.4,GB	
1701104060.932601	+7.02,-1.1,+20.0,HB	+2.41,+266.9,+20.4,CB	+6.42,+33.4,+20.4,KA	+2.34,+275.8,+25.5,FB	+2.20,+283.4,+25.2,AB	+2.25,+280.7,+25.4,BB	
1701104122.942609	+7.02,-1.0,+20.0,IB	+2.41,+266.9,+20.4,CB	+6.42,+33.4,+20.4,KA	+2.35,+275.1,+25.6,MB	+2.21,+282.9,+25.2,LB	+2.27,+279.6,+25.4,GB	
1701104184.9516113	+7.02,-1.0,+20.0,IB	+2.41,+266.8,+20.4,BB	+6.42,+33.5,+20.4,JA	+2.34,+275.5,+25.6,HB	+2.21,+282.8,+25.2,MB	+2.28,+279.2,+25.4,LB	
1701104246.9600523	+7.02,-1.0,+20.0,IB	+2.41,+266.8,+20.4,BB	+6.42,+33.5,+20.4,JA	+2.33,+275.9,+25.6,CB	+2.21,+282.9,+25.2,LB	+2.28,+279.0,+25.4,NB	
1701104308.9689076	+7.02,-1.0,+20.0,IB	+2.41,+266.8,+20.4,BB	+6.42,+33.5,+20.4,JA	+2.32,+276.6,+25.5,MB	+2.20,+283.5,+25.2,@B	+2.26,+280.1,+25.4,GB	
1701104370.9786577	+7.02,-1.1,+19.9,KB	+2.41,+266.8,+20.4,BB	+6.42,+33.5,+20.3,MA	+2.34,+275.7,+25.5,IB	+2.21,+283.2,+25.2,FB	+2.26,+280.1,+25.4,GB	
1701104432.989992	+7.02,-1.0,+20.0,IB	+2.41,+266.9,+20.4,CB	+6.42,+33.5,+20.4,JA	+2.33,+276.1,+25.5,KB	+2.20,+283.5,+25.2,@B	+2.25,+280.5,+25.4,@B	
1701104494.9984243	+7.02,-1.0,+19.9,JB	+2.41,+266.9,+20.4,CB	+6.42,+33.5,+20.4,JA	+2.34,+275.6,+25.5,HB	+2.20,+283.3,+25.2,FB	+2.27,+279.4,+25.3,BB	
1701104557.00878	+7.02,-1.1,+19.9,KB	+2.41,+266.9,+20.4,CB	+6.42,+33.6,+20.4,IA	+2.34,+275.4,+25.5,JB	+2.21,+283.1,+25.2,EB	+2.28,+279.1,+25.4,OB	
1701104619.0162172	+7.02,-1.0,+19.9,JB	+2.41,+266.9,+20.4,CB	+6.42,+33.5,+20.4,JA	+2.34,+275.7,+25.6,JB	+2.21,+283.2,+25.2,FB	+2.28,+279.2,+25.4,LB	
1701104681.025219	+7.02,-1.1,+20.0,HB	+2.41,+266.8,+20.4,BB	+6.42,+33.5,+20.4,JA	+2.35,+275.2,+25.6,NB	+2.21,+282.9,+25.2,LB	+2.28,+278.8,+25.4,GB	
1701104743.036725	+7.02,-1.1,+19.9,KB	+2.41,+266.9,+20.4,CB	+6.42,+33.5,+20.4,JA	+2.33,+276.3,+25.5,IB	+2.20,+283.6,+25.2,CB	+2.26,+280.3,+25.4,EB	
1701104805.0447178	+7.02,-1.1,+19.9,KB	+2.41,+266.8,+20.4,BB	+6.42,+33.5,+20.4,JA	+2.35,+275.1,+25.5,NB	+2.21,+282.8,+25.2,MB	+2.27,+279.4,+25.4,EB	
1701104867.0539305	+7.02,-1.2,+19.9,HB	+2.41,+266.8,+20.4,BB	+6.42,+33.6,+20.4,IA	+2.36,+274.6,+25.5,KB	+2.21,+282.8,+25.1,NB	+2.28,+279.0,+25.3,IB	
1701104929.062532	+7.02,-1.1,+20.0,HB	+2.41,+266.9,+20.4,CB	+6.42,+33.5,+20.4,JA	+2.34,+275.5,+25.6,HB	+2.21,+283.0,+25.2,DB	+2.26,+280.3,+25.4,EB	
1701104991.0721786	+7.02,-1.2,+19.9,HB	+2.41,+266.8,+20.4,BB	+6.42,+33.5,+20.4,JA	+2.35,+274.8,+25.6,EB	+2.20,+283.2,+25.1,DB	+2.28,+278.8,+25.4,GB	
1701105236.6626048	+7.02,-1.0,+19.9,JB	+2.41,+266.9,+20.4,CB	+6.42,+33.6,+20.4,IA	+2.35,+274.8,+25.6,EB	+2.21,+283.1,+25.2,EB	+2.25,+280.5,+25.4,@B	
1701105298.6693628	+7.02,-1.0,+19.9,JB	+2.41,+266.9,+20.4,CB	+6.42,+33.5,+20.3,MA	+2.33,+276.0,+25.6,IB	+2.20,+283.6,+25.2,CB	+2.27,+279.3,+25.4,BB	
1701105360.680056	+7.02,-1.2,+20.0,KB	+2.41,+266.9,+20.4,CB	+6.42,+33.6,+20.3,NA	+2.34,+275.4,+25.5,JB	+2.21,+282.8,+25.2,MB	+2.27,+279.4,+25.4,EB	
1701105422.6862438	+7.02,-1.2,+19.9,HB	+2.41,+266.9,+20.4,CB	+6.42,+33.6,+20.4,IA	+2.35,+275.1,+25.5,NB	+2.21,+282.8,+25.2,MB	+2.27,+279.8,+25.4,IB	
1701105484.6964378	+7.02,-1.2,+19.9,HB	+2.41,+266.9,+20.4,CB	+6.42,+33.7,+20.4,HA	+2.33,+276.1,+25.6,HB	+2.20,+283.4,+25.2,AB	+2.28,+279.2,+25.4,LB	
1701105546.7050881	+7.02,-1.4,+19.9,NB	+2.41,+266.9,+20.4,CB	+6.42,+33.7,+20.3,OA	+2.33,+276.3,+25.5,IB	+2.20,+283.4,+25.2,AB	+2.28,+279.0,+25.4,NB	
1701105608.7143896	+7.03,-1.6,+19.9,MB	+2.41,+266.8,+20.4,BB	+6.42,+33.6,+20.4,IA	+2.34,+275.4,+25.5,JB	+2.21,+282.8,+25.2,MB	+2.27,+279.6,+25.3,@B	
1701105670.7223146	+7.03,-1.7,+19.9,LB	+2.41,+266.9,+20.4,CB	+6.42,+33.6,+20.3,NA	+2.35,+275.3,+25.6,OB	+2.21,+283.0,+25.2,DB	+2.26,+280.0,+25.3,AB	
1701105732.732654	+7.02,-1.4,+19.9,NB	+2.41,+266.8,+20.4,BB	+6.42,+33.6,+20.4,IA	+2.32,+276.7,+25.6,OB	+2.21,+283.2,+25.2,FB	+2.28,+278.9,+25.4,FB	
1701105794.7421262	+7.03,-1.7,+19.9,LB	+2.41,+266.9,+20.4,CB	+6.42,+33.7,+20.4,HA	+2.34,+275.3,+25.6,NB	+2.20,+283.6,+25.2,CB	+2.26,+280.2,+25.4,DB	
1701105856.75012	+7.03,-1.6,+19.9,MB	+2.41,+266.8,+20.4,BB	+6.42,+33.6,+20.4,IA	+2.35,+275.1,+25.6,MB	+2.20,+283.4,+25.2,AB	+2.26,+280.4,+25.4,BB	
1701105918.7603302	+7.03,-1.7,+19.9,LB	+2.41,+266.9,+20.4,CB	+6.42,+33.6,+20.3,NA	+2.34,+275.9,+25.6,DB	+2.20,+283.6,+25.2,CB	+2.26,+279.9,+25.4,IB	
1701105980.7690387	+7.03,-1.8,+19.9,CB	+2.41,+266.8,+20.4,BB	+6.42,+33.6,+20.4,IA	+2.35,+275.2,+25.5,MB	+2.20,+283.6,+25.2,CB	+2.26,+280.2,+25.4,DB	
1701106042.7788153	+7.03,-1.8,+19.9,CB	+2.41,+266.9,+20.4,CB	+6.42,+33.7,+20.4,HA	+2.33,+276.2,+25.6,KB	+2.21,+282.8,+25.2,MB	+2.28,+279.0,+25.4,NB	
1701106104.787694	+7.03,-1.6,+19.9,MB	+2.41,+266.9,+20.4,CB	+6.42,+33.7,+20.3,OA	+2.33,+275.9,+25.5,@B	+2.21,+283.0,+25.2,DB	+2.27,+279.5,+25.4,DB	
1701106166.7956882	+7.03,-1.6,+19.9,MB	+2.41,+266.9,+20.4,CB	+6.42,+33.7,+20.3,OA	+2.34,+275.3,+25.6,NB	+2.20,+283.6,+25.2,CB	+2.26,+280.4,+25.4,BB	
