62309060419	62309060427	62309060471	62309060472	62309060473	62309060475	
1701279123.5814743	+6.68,+18.6,+19.4,BA	+2.37,+268.9,+20.0,HB	+6.14,+49.9,+19.9,OA	+2.39,+272.5,+25.5,AB	+2.18,+284.5,+25.2,LB	+2.18,+285.0,+25.4,NB	
1701279185.591512	+6.68,+18.5,+19.4,AA	+2.37,+268.9,+20.0,HB	+6.14,+50.0,+19.9,NA	+2.38,+273.1,+25.5,EB	+2.17,+285.3,+25.2,DB	+2.20,+283.5,+25.4,FB	
1701279247.5992827	+6.68,+18.5,+19.4,AA	+2.37,+268.9,+20.0,HB	+6.14,+49.9,+19.9,OA	+2.39,+272.9,+25.6,NB	+2.18,+284.8,+25.2,AB	+2.18,+284.6,+25.3,NB	
1701279309.6068485	+6.68,+18.5,+19.4,AA	+2.37,+268.9,+20.0,HB	+6.14,+49.9,+19.9,OA	+2.40,+271.9,+25.6,CB	+2.18,+284.9,+25.2,@B	+2.19,+284.4,+25.4,JB	
1701279371.6161692	+6.68,+18.5,+19.4,AA	+2.37,+268.9,+20.0,HB	+6.14,+49.9,+19.9,OA	+2.39,+272.5,+25.5,AB	+2.17,+285.5,+25.2,BB	+2.21,+283.3,+25.3,FB	
1701279433.6247096	+6.68,+18.5,+19.4,AA	+2.37,+268.9,+20.0,HB	+6.14,+49.9,+19.9,OA	+2.38,+273.0,+25.5,DB	+2.17,+285.3,+25.2,DB	+2.20,+283.6,+25.3,BB	
1701279495.6345308	+6.68,+18.5,+19.4,AA	+2.37,+268.9,+20.0,HB	+6.14,+49.9,+19.9,OA	+2.38,+272.9,+25.5,LB	+2.17,+285.4,+25.2,CB	+2.20,+283.6,+25.4,EB	
1701279557.6429827	+6.68,+18.5,+19.4,AA	+2.37,+268.9,+20.0,HB	+6.14,+49.9,+19.9,OA	+2.40,+271.9,+25.6,CB	+2.17,+285.1,+25.2,FB	+2.20,+283.8,+25.4,KB	
1701279619.6519942	+6.68,+18.5,+19.4,AA	+2.37,+268.9,+20.0,HB	+6.14,+49.9,+19.9,OA	+2.39,+272.4,+25.6,CB	+2.17,+285.2,+25.2,EB	+2.20,+283.5,+25.4,FB	
1701279681.6590362	+6.68,+18.4,+19.4,@A	+2.37,+268.9,+20.0,HB	+6.14,+49.9,+19.9,OA	+2.39,+272.4,+25.5,@B	+2.18,+284.8,+25.2,AB	+2.18,+284.9,+25.4,FB	
1701279743.669277	+6.68,+18.4,+19.4,@A	+2.37,+268.9,+20.0,HB	+6.14,+49.9,+19.9,OA	+2.40,+272.3,+25.6,JB	+2.18,+285.0,+25.2,HB	+2.18,+284.7,+25.3,OB	
1701279805.6774688	+6.68,+18.5,+19.4,AA	+2.37,+268.9,+20.0,HB	+6.14,+49.9,+19.9,OA	+2.40,+272.1,+25.6,HB	+2.17,+285.2,+25.2,EB	+2.20,+283.5,+25.4,FB	
1701279867.6855032	+6.68,+18.4,+19.4,@A	+2.37,+269.0,+20.0,@B	+6.14,+49.9,+19.9,OA	+2.41,+271.7,+25.5,OB	+2.18,+284.8,+25.2,AB	+2.18,+284.9,+25.4,FB	
1701279929.695105	+6.68,+18.4,+19.4,@A	+2.37,+269.0,+20.0,@B	+6.14,+49.9,+19.9,OA	+2.41,+271.6,+25.5,NB	+2.18,+284.8,+25.2,AB	+2.19,+284.1,+25.4,OB	
1701279991.7045732	+6.68,+18.5,+19.4,AA	+2.37,+268.9,+20.0,HB	+6.14,+50.0,+19.9,NA	+2.39,+272.7,+25.5,CB	+2.17,+285.4,+25.2,CB	+2.20,+283.8,+25.4,KB	
1701280053.7140331	+6.68,+18.4,+19.4,@A	+2.37,+268.9,+20.0,HB	+6.14,+49.9,+19.9,OA	+2.40,+271.9,+25.6,CB	+2.18,+285.0,+25.2,HB	+2.18,+284.9,+25.4,FB	
1701280115.723617	+6.68,+18.4,+19.4,@A	+2.37,+268.9,+20.0,HB	+6.14,+49.9,+19.9,OA	+2.40,+271.8,+25.5,AB	+2.18,+285.0,+25.2,HB	+2.20,+283.7,+25.4,DB	
1701280177.7302668	+6.68,+18.4,+19.4,@A	+2.37,+268.9,+20.0,HB	+6.14,+49.9,+19.9,OA	+2.41,+271.3,+25.6,HB	+2.18,+284.9,+25.2,@B	+2.18,+285.0,+25.3,IB	
1701280239.735528	+6.68,+18.4,+19.4,@A	+2.37,+268.9,+20.0,HB	+6.14,+49.9,+19.9,OA	+2.41,+271.7,+25.6,LB	+2.18,+284.7,+25.2,NB	+2.19,+284.1,+25.4,OB	
1701280301.7441266	+6.68,+18.3,+19.4,GA	+2.37,+269.0,+20.0,@B	+6.14,+49.9,+19.9,OA	+2.40,+272.3,+25.5,IB	+2.18,+285.0,+25.2,HB	+2.21,+283.4,+25.4,FB	
1701280363.752776	+6.68,+18.4,+19.4,@A	+2.37,+268.9,+20.0,HB	+6.14,+49.9,+19.9,OA	+2.40,+271.8,+25.6,BB	+2.18,+284.7,+25.2,NB	+2.19,+284.0,+25.4,NB	
1701280425.7588258	+6.68,+18.4,+19.4,@A	+2.37,+268.9,+20.0,HB	+6.14,+50.0,+19.9,NA	+2.40,+272.0,+25.6,IB	+2.18,+284.8,+25.2,AB	+2.20,+283.8,+25.4,KB	
1701280487.7680798	+6.68,+18.4,+19.4,@A	+2.37,+268.9,+20.0,HB	+6.14,+49.9,+19.9,OA	+2.41,+271.7,+25.6,LB	+2.18,+284.7,+25.2,NB	+2.19,+284.5,+25.4,KB	
1701280549.7760684	+6.68,+18.3,+19.4,GA	+2.37,+268.9,+20.0,HB	+6.14,+49.9,+19.9,OA	+2.39,+272.4,+25.6,CB	+2.17,+285.5,+25.2,BB	+2.19,+284.3,+25.4,MB	
1701280611.7831721	+6.68,+18.3,+19.4,GA	+2.37,+268.9,+20.0,HB	+6.14,+49.9,+19.9,OA	+2.39,+272.5,+25.6,BB	+2.18,+284.8,+25.2,AB	+2.20,+283.7,+25.4,DB	
1701280673.791945	+6.68,+18.4,+19.4,@A	+2.37,+268.9,+20.0,HB	+6.14,+49.9,+19.9,OA	+2.40,+271.8,+25.6,BB	+2.17,+285.1,+25.2,FB	+2.18,+285.0,+25.4,NB	
1701280735.8009715	+6.68,+18.3,+19.4,GA	+2.37,+268.9,+20.0,HB	+6.14,+49.9,+19.9,OA	+2.40,+272.1,+25.6,HB	+2.18,+284.7,+25.2,NB	+2.19,+284.3,+25.4,MB	
1701280797.8099518	+6.68,+18.3,+19.4,GA	+2.37,+268.9,+20.0,HB	+6.14,+49.9,+19.9,OA	+2.39,+272.4,+25.6,CB	+2.18,+284.6,+25.2,OB	+2.20,+283.9,+25.4,JB	
1701280859.8158813	+6.68,+18.3,+19.4,GA	+2.37,+268.9,+20.0,HB	+6.14,+49.9,+19.9,OA	+2.40,+271.8,+25.6,BB	+2.18,+285.0,+25.2,HB	+2.18,+284.8,+25.3,@B	
1701280921.8244333	+6.68,+18.3,+19.4,GA	+2.37,+268.9,+20.0,HB	+6.14,+49.9,+19.9,OA	+2.40,+271.8,+25.5,AB	+2.17,+285.1,+25.2,FB	+2.18,+285.0,+25.4,NB	
1701280983.8347633	+6.68,+18.3,+19.4,GA	+2.37,+268.9,+20.0,HB	+6.14,+49.9,+19.9,OA	+2.39,+272.5,+25.5,AB	+2.17,+285.5,+25.2,BB	+2.19,+284.4,+25.3,MB	
1701281045.8451276	+6.68,+18.3,+19.4,GA	+2.37,+268.8,+20.0,IB	+6.14,+49.9,+19.9,OA	+2.40,+272.1,+25.5,KB	+2.17,+285.3,+25.2,DB	+2.18,+284.9,+25.4,FB	
1701281107.855277	+6.68,+18.3,+19.4,GA	+2.37,+268.9,+20.0,HB	+6.14,+49.9,+19.9,OA	+2.38,+273.4,+25.6,CB	+2.17,+285.0,+25.2,GB	+2.21,+283.3,+25.4,AB	
1701281169.8610725	+6.68,+18.3,+19.4,GA	+2.37,+268.9,+20.0,HB	+6.14,+49.9,+19.9,OA	+2.39,+272.6,+25.6,AB	+2.18,+284.7,+25.2,NB	+2.19,+284.3,+25.4,MB	
1701281231.871851	+6.68,+18.3,+19.4,GA	+2.37,+268.9,+20.0,HB	+6.14,+49.9,+19.9,OA	+2.38,+273.3,+25.6,DB	+2.17,+285.1,+25.2,FB	+2.20,+283.4,+25.4,GB	
1701281293.879436	+6.68,+18.3,+19.4,GA	+2.37,+268.9,+20.0,HB	+6.14,+49.9,+19.9,OA	+2.39,+272.8,+25.5,LB	+2.17,+285.4,+25.2,CB	+2.19,+284.2,+25.3,KB	
1701281355.8899865	+6.68,+18.3,+19.4,GA	+2.37,+268.9,+20.0,HB	+6.14,+50.0,+19.9,NA	+2.39,+272.9,+25.5,MB	+2.18,+284.7,+25.2,NB	+2.19,+284.0,+25.4,NB	
1701281417.8982162	+6.69,+18.2,+19.4,GA	+2.37,+268.9,+20.0,HB	+6.14,+49.9,+19.8,NA	+2.39,+272.6,+25.6,AB	+2.18,+285.0,+25.2,HB	+2.19,+284.5,+25.4,KB	
1701281479.9083362	+6.69,+18.2,+19.4,GA	+2.37,+268.9,+20.0,HB	+6.14,+49.9,+19.9,OA	+2.40,+272.1,+25.5,KB	+2.17,+285.5,+25.2,BB	+2.18,+284.6,+25.3,NB	
1701281541.9181962	+6.69,+18.2,+19.4,GA	+2.37,+268.9,+20.0,HB	+6.14,+49.9,+19.9,OA	+2.39,+272.6,+25.6,AB	+2.17,+285.2,+25.2,EB	+2.20,+284.0,+25.4,DB	
1701281603.9248953	+6.69,+18.2,+19.4,GA	+2.37,+268.9,+20.0,HB	+6.14,+49.9,+19.9,OA	+2.40,+271.8,+25.6,BB	+2.17,+285.5,+25.2,BB	+2.18,+284.8,+25.3,@B	
1701281665.9364114	+6.69,+18.2,+19.4,GA	+2.37,+268.9,+20.0,HB	+6.14,+49.9,+19.9,OA	+2.40,+271.8,+25.6,BB	+2.17,+285.4,+25.2,CB	+2.19,+284.1,+25.4,OB	
1701281727.945502	+6.69,+18.1,+19.4,DA	+2.37,+268.9,+20.0,HB	+6.14,+49.9,+19.9,OA	+2.39,+272.9,+25.6,NB	+2.18,+284.6,+25.2,OB	+2.21,+282.9,+25.4,JB	
1701281973.4966497	+6.69,+18.1,+19.4,DA	+2.37,+268.9,+19.9,KB	+6.14,+49.9,+19.9,OA	+2.38,+273.0,+25.6,GB	+2.17,+285.5,+25.2,BB	+2.22,+282.8,+25.4,HB	
1701282035.5053153	+6.69,+18.1,+19.4,DA	+2.37,+268.8,+20.0,IB	+6.14,+49.9,+19.9,OA	+2.39,+272.4,+25.5,@B	+2.18,+285.0,+25.2,HB	+2.20,+283.8,+25.4,KB	
1701282097.5164714	+6.69,+18.1,+19.4,DA	+2.37,+268.9,+20.0,HB	+6.14,+49.9,+19.9,OA	+2.39,+272.6,+25.5,BB	+2.17,+285.1,+25.2,FB	+2.20,+283.6,+25.4,EB	
1701282159.524669	+6.69,+18.1,+19.4,DA	+2.37,+268.9,+20.0,HB	+6.14,+49.8,+19.9,NA	+2.41,+271.7,+25.6,LB	+2.18,+284.8,+25.2,AB	+2.19,+284.3,+25.4,MB	
1701282221.5342166	+6.69,+18.1,+19.4,DA	+2.37,+268.8,+20.0,IB	+6.14,+49.9,+19.9,OA	+2.40,+272.3,+25.5,IB	+2.18,+284.7,+25.2,NB	+2.19,+284.2,+25.4,LB	
1701282283.5421555	+6.69,+18.0,+19.4,EA	+2.37,+268.8,+20.0,IB	+6.14,+49.9,+19.9,OA	+2.40,+272.1,+25.6,HB	+2.18,+284.6,+25.2,OB	+2.19,+284.6,+25.4,HB	
1701282345.5503561	+6.69,+18.1,+19.4,DA	+2.37,+268.9,+19.9,KB	+6.14,+49.9,+19.9,OA	+2.40,+271.9,+25.6,CB	+2.18,+284.7,+25.2,NB	+2.19,+284.6,+25.4,HB	
1701282407.5587437	+6.69,+18.0,+19.5,DA	+2.37,+268.8,+20.0,IB	+6.14,+49.9,+19.9,OA	+2.38,+273.0,+25.5,DB	+2.17,+285.0,+25.2,GB	+2.20,+283.6,+25.4,EB	
1701282469.567671	+6.69,+18.0,+19.4,EA	+2.37,+268.9,+20.0,HB	+6.14,+49.9,+19.9,OA	+2.40,+271.9,+25.6,CB	+2.18,+284.7,+25.2,NB	+2.18,+284.7,+25.4,HB	
1701282531.5769856	+6.69,+18.0,+19.5,DA	+2.37,+268.9,+20.0,HB	+6.14,+49.9,+19.9,OA	+2.39,+272.5,+25.5,AB	+2.17,+285.4,+25.2,CB	+2.21,+283.4,+25.4,FB	
1701282593.5861256	+6.69,+18.0,+19.4,EA	+2.37,+268.9,+20.0,HB	+6.14,+49.9,+19.9,OA	+2.38,+273.1,+25.5,EB	+2.17,+285.0,+25.2,GB	+2.20,+283.5,+25.4,FB	
1701282655.5953972	+6.69,+17.9,+19.5,BA	+2.37,+268.8,+20.0,IB	+6.14,+49.9,+19.9,OA	+2.39,+272.5,+25.5,AB	+2.17,+285.4,+25.2,CB	+2.21,+283.3,+25.3,FB	
1701282717.6027029	+6.69,+17.9,+19.4,CA	+2.37,+268.9,+20.0,HB	+6.14,+49.9,+19.9,OA	+2.38,+273.0,+25.5,DB	+2.17,+285.2,+25.2,EB	+2.21,+283.2,+25.4,@B	
1701282779.610102	+6.69,+17.9,+19.4,CA	+2.37,+268.9,+19.9,KB	+6.14,+49.8,+19.9,NA	+2.39,+272.9,+25.6,NB	+2.18,+284.7,+25.2,NB	+2.20,+283.6,+25.4,EB	
1701282841.6174073	+6.69,+17.9,+19.5,BA	+2.37,+268.9,+20.0,HB	+6.14,+49.8,+19.9,NA	+2.39,+272.5,+25.6,BB	+2.18,+284.5,+25.2,LB	+2.19,+284.5,+25.3,LB	
1701282903.6266468	+6.69,+17.9,+19.4,CA	+2.37,+268.9,+19.9,KB	+6.14,+49.9,+19.9,OA	+2.40,+272.2,+25.6,KB	+2.18,+284.6,+25.2,OB	+2.19,+284.6,+25.3,OB	
1701282965.6351495	+6.69,+17.8,+19.4,BA	+2.37,+268.9,+19.9,KB	+6.14,+49.9,+19.9,OA	+2.40,+271.9,+25.5,@B	+2.17,+285.4,+25.2,CB	+2.20,+283.6,+25.3,BB	
1701283027.641632	+6.69,+17.9,+19.4,CA	+2.37,+268.8,+20.0,IB	+6.14,+49.9,+19.9,OA	+2.40,+272.1,+25.6,HB	+2.17,+285.3,+25.2,DB	+2.20,+283.7,+25.3,CB	
1701283089.6520004	+6.69,+17.9,+19.4,CA	+2.37,+268.9,+20.0,HB	+6.14,+49.9,+19.9,OA	+2.39,+272.5,+25.6,BB	+2.17,+285.3,+25.2,DB	+2.21,+283.1,+25.4,CB	
1701283151.660593	+6.69,+17.9,+19.4,CA	+2.37,+268.9,+20.0,HB	+6.14,+49.9,+19.9,OA	+2.40,+271.8,+25.5,AB	+2.17,+285.1,+25.2,FB	+2.19,+284.4,+25.4,JB	
1701283213.667474	+6.69,+17.8,+19.4,BA	+2.37,+268.9,+20.0,HB	+6.14,+49.9,+19.9,OA	+2.40,+272.0,+25.6,IB	+2.18,+284.8,+25.2,AB	+2.18,+285.0,+25.4,NB	
1701283275.6775181	+6.69,+17.8,+19.4,BA	+2.37,+268.8,+19.9,JB	+6.14,+49.9,+19.9,OA	+2.39,+272.8,+25.6,OB	+2.18,+284.8,+25.2,AB	+2.21,+283.3,+25.4,AB	
1701283337.6878273	+6.69,+17.9,+19.4,CA	+2.37,+268.9,+19.9,KB	+6.14,+49.9,+19.9,OA	+2.39,+272.9,+25.5,MB	+2.18,+284.5,+25.2,LB	+2.19,+284.2,+25.4,LB	
1701283399.6961434	+6.69,+17.8,+19.4,BA	+2.37,+268.8,+20.0,IB	+6.14,+49.8,+19.9,NA	+2.40,+272.1,+25.5,KB	+2.18,+284.8,+25.2,AB	+2.18,+284.7,+25.4,HB	
1701283461.7055101	+6.69,+17.8,+19.4,BA	+2.37,+268.9,+20.0,HB	+6.14,+49.9,+19.9,OA	+2.38,+273.0,+25.5,DB	+2.18,+284.5,+25.2,LB	+2.20,+283.5,+25.4,FB	
1701283523.712655	+6.69,+17.8,+19.4,BA	+2.37,+268.8,+19.9,JB	+6.14,+49.9,+19.9,OA	+2.41,+271.8,+25.6,CB	+2.18,+284.8,+25.2,AB	+2.18,+284.9,+25.4,FB	
1701283585.721627	+6.69,+17.8,+19.5,CA	+2.37,+268.8,+19.9,JB	+6.14,+49.8,+19.9,NA	+2.39,+272.6,+25.6,AB	+2.19,+284.4,+25.2,LB	+2.20,+283.9,+25.4,JB	
1701283647.7289019	+6.69,+17.8,+19.5,CA	+2.37,+268.8,+20.0,IB	+6.14,+49.8,+19.9,NA	+2.40,+271.8,+25.5,AB	+2.18,+284.9,+25.2,@B	+2.21,+283.2,+25.4,@B	
1701283709.7398756	+6.69,+17.7,+19.4,MA	+2.37,+268.8,+19.9,JB	+6.14,+49.9,+19.9,OA	+2.41,+271.3,+25.5,KB	+2.17,+285.1,+25.2,FB	+2.19,+284.4,+25.4,JB	
1701283771.7492	+6.69,+17.7,+19.5,LA	+2.37,+268.8,+19.9,JB	+6.14,+49.8,+19.9,NA	+2.41,+271.5,+25.6,NB	+2.18,+284.9,+25.2,@B	+2.20,+283.5,+25.4,FB	
1701283833.7600164	+6.69,+17.7,+19.4,MA	+2.37,+268.8,+19.9,JB	+6.14,+49.9,+19.9,OA	+2.41,+271.2,+25.5,JB	+2.17,+285.1,+25.2,FB	+2.19,+284.4,+25.4,JB	
1701283895.7701573	+6.69,+17.7,+19.5,LA	+2.37,+268.8,+19.9,JB	+6.14,+49.8,+19.9,NA	+2.40,+271.8,+25.5,AB	+2.18,+284.6,+25.2,OB	+2.21,+283.2,+25.4,@B	
1701283957.7785952	+6.70,+17.7,+19.5,DA	+2.37,+268.8,+19.9,JB	+6.14,+49.8,+19.9,NA	+2.41,+271.3,+25.5,KB	+2.17,+285.1,+25.2,FB	+2.19,+284.5,+25.4,KB	
1701284019.7887795	+6.70,+17.6,+19.5,EA	+2.37,+268.9,+20.0,HB	+6.14,+49.9,+19.9,OA	+2.41,+271.6,+25.6,MB	+2.18,+284.7,+25.2,NB	+2.21,+283.2,+25.4,@B	
1701284081.7980978	+6.70,+17.6,+19.5,EA	+2.37,+268.9,+19.9,KB	+6.14,+49.8,+19.9,NA	+2.41,+271.3,+25.6,HB	+2.17,+285.2,+25.2,EB	+2.19,+284.0,+25.3,IB	
1701284143.80691	+6.70,+17.6,+19.5,EA	+2.37,+268.8,+20.0,IB	+6.14,+49.8,+19.9,NA	+2.40,+271.9,+25.6,CB	+2.19,+284.4,+25.2,LB	+2.21,+282.8,+25.4,KB	
1701284205.8164728	+6.70,+17.6,+19.5,EA	+2.37,+268.9,+19.9,KB	+6.14,+49.9,+19.9,OA	+2.41,+271.5,+25.5,MB	+2.17,+285.1,+25.2,FB	+2.19,+284.5,+25.3,LB	
1701284267.8252363	+6.70,+17.6,+19.5,EA	+2.37,+268.8,+19.9,JB	+6.14,+49.8,+19.9,NA	+2.40,+272.0,+25.6,IB	+2.19,+284.4,+25.2,LB	+2.21,+283.2,+25.3,GB	
1701284329.8349032	+6.70,+17.7,+19.5,DA	+2.37,+268.8,+19.9,JB	+6.14,+49.8,+19.9,NA	+2.41,+271.2,+25.5,JB	+2.18,+284.8,+25.2,AB	+2.21,+283.4,+25.3,AB	
1701284391.8454442	+6.70,+17.6,+19.5,EA	+2.37,+268.9,+19.9,KB	+6.14,+49.8,+19.9,NA	+2.41,+271.2,+25.5,JB	+2.18,+284.8,+25.2,AB	+2.20,+283.7,+25.4,DB	
1701284453.8550487	+6.70,+17.6,+19.5,EA	+2.37,+268.9,+19.9,KB	+6.14,+49.8,+19.9,NA	+2.41,+271.3,+25.6,HB	+2.18,+285.0,+25.2,HB	+2.20,+283.9,+25.4,JB	
1701284515.866139	+6.70,+17.6,+19.5,EA	+2.37,+268.8,+20.0,IB	+6.14,+49.8,+19.9,NA	+2.41,+271.3,+25.6,HB	+2.18,+285.0,+25.2,HB	+2.19,+284.1,+25.4,OB	
1701284577.8740098	+6.70,+17.5,+19.5,FA	+2.37,+268.8,+20.0,IB	+6.14,+49.8,+19.9,NA	+2.40,+272.0,+25.5,JB	+2.19,+284.4,+25.2,LB	+2.21,+283.2,+25.3,GB	
1701284639.8787525	+6.70,+17.6,+19.5,EA	+2.37,+268.8,+19.9,JB	+6.14,+49.9,+19.9,OA	+2.39,+272.7,+25.6,@B	+2.18,+284.9,+25.2,@B	+2.19,+284.5,+25.4,KB	
1701284701.8866842	+6.70,+17.5,+19.5,FA	+2.37,+268.9,+19.9,KB	+6.14,+49.9,+19.9,OA	+2.40,+272.0,+25.5,JB	+2.17,+285.1,+25.2,FB	+2.19,+284.6,+25.4,HB	
1701284763.897445	+6.70,+17.5,+19.5,FA	+2.37,+268.9,+19.9,KB	+6.14,+49.8,+19.9,NA	+2.39,+272.9,+25.6,NB	+2.18,+284.9,+25.2,@B	+2.19,+284.2,+25.3,KB	
1701284825.9075527	+6.70,+17.5,+19.5,FA	+2.37,+268.8,+19.9,JB	+6.14,+49.8,+19.9,NA	+2.39,+272.4,+25.5,@B	+2.17,+285.2,+25.2,EB	+2.18,+284.7,+25.4,HB	
1701284887.9165688	+6.70,+17.4,+19.5,GA	+2.37,+268.9,+19.9,KB	+6.14,+49.8,+19.9,NA	+2.39,+272.8,+25.5,LB	+2.18,+284.6,+25.2,OB	+2.20,+283.5,+25.4,FB	
1701284949.924069	+6.70,+17.5,+19.5,FA	+2.37,+268.9,+19.9,KB	+6.14,+49.8,+19.9,NA	+2.40,+272.3,+25.5,IB	+2.19,+284.4,+25.2,LB	+2.21,+283.1,+25.4,CB	
1701285011.933633	+6.70,+17.4,+19.5,GA	+2.37,+268.9,+19.9,KB	+6.14,+49.8,+19.9,NA	+2.38,+273.1,+25.5,EB	+2.17,+285.1,+25.2,FB	+2.19,+284.3,+25.4,MB	
1701285073.943888	+6.70,+17.4,+19.5,GA	+2.37,+268.9,+19.9,KB	+6.14,+49.8,+19.9,NA	+2.38,+273.0,+25.6,GB	+2.17,+285.2,+25.2,EB	+2.18,+284.7,+25.4,HB	
1701285135.95401	+6.70,+17.4,+19.5,GA	+2.37,+268.9,+19.9,KB	+6.14,+49.8,+19.9,NA	+2.39,+272.8,+25.5,LB	+2.17,+285.2,+25.2,EB	+2.18,+284.8,+25.4,GB	
1701285197.963175	+6.70,+17.5,+19.5,FA	+2.37,+268.9,+19.9,KB	+6.14,+49.8,+19.9,NA	+2.40,+272.3,+25.6,JB	+2.19,+284.4,+25.2,LB	+2.21,+283.2,+25.4,@B	
1701285259.9717677	+6.70,+17.4,+19.5,GA	+2.37,+268.9,+19.9,KB	+6.14,+49.8,+19.9,NA	+2.39,+272.4,+25.5,@B	+2.18,+284.7,+25.2,NB	+2.19,+284.5,+25.4,KB	
1701285321.9814837	+6.70,+17.4,+19.5,GA	+2.37,+268.9,+19.9,KB	+6.14,+49.8,+19.9,NA	+2.38,+273.2,+25.5,FB	+2.17,+285.0,+25.2,GB	+2.19,+284.2,+25.4,LB	
1701285383.9903524	+6.70,+17.4,+19.5,GA	+2.37,+268.8,+19.9,JB	+6.14,+49.8,+19.9,NA	+2.38,+273.1,+25.5,EB	+2.17,+285.2,+25.2,EB	+2.18,+284.8,+25.4,GB	
1701285445.9996722	+6.70,+17.4,+19.5,GA	+2.37,+268.9,+19.9,KB	+6.14,+49.8,+19.9,NA	+2.38,+273.2,+25.5,FB	+2.17,+285.2,+25.2,EB	+2.18,+284.8,+25.4,GB	
1701285508.0087235	+6.70,+17.4,+19.5,GA	+2.37,+268.8,+20.0,IB	+6.14,+49.8,+19.9,NA	+2.38,+273.4,+25.6,CB	+2.17,+285.2,+25.2,EB	+2.18,+284.7,+25.4,HB	
1701285570.018508	+6.70,+17.4,+19.5,GA	+2.37,+268.9,+20.0,HB	+6.14,+49.8,+20.0,MA	+2.38,+273.0,+25.5,DB	+2.18,+284.9,+25.2,@B	+2.20,+283.6,+25.4,EB	
1701285815.5948677	+6.70,+17.3,+19.5,@A	+2.37,+268.9,+19.9,KB	+6.14,+49.7,+20.0,BA	+2.40,+272.1,+25.6,HB	+2.19,+284.4,+25.2,LB	+2.21,+283.2,+25.4,@B	
1701285877.604098	+6.70,+17.4,+19.5,GA	+2.37,+268.9,+19.9,KB	+6.14,+49.8,+19.9,NA	+2.38,+273.1,+25.6,FB	+2.17,+285.0,+25.2,GB	+2.19,+284.1,+25.4,OB	
1701285939.6123848	+6.70,+17.3,+19.5,@A	+2.37,+268.9,+19.9,KB	+6.14,+49.7,+19.9,AA	+2.38,+273.2,+25.5,FB	+2.17,+285.1,+25.2,FB	+2.19,+284.6,+25.4,HB	
1701286001.620193	+6.70,+17.3,+19.5,@A	+2.37,+268.9,+19.9,KB	+6.14,+49.8,+19.9,NA	+2.39,+272.7,+25.5,CB	+2.18,+284.5,+25.2,LB	+2.19,+284.5,+25.4,KB	
1701286063.6285117	+6.70,+17.3,+19.5,@A	+2.37,+268.8,+19.9,JB	+6.14,+49.8,+20.0,MA	+2.39,+272.6,+25.6,AB	+2.18,+285.0,+25.2,HB	+2.20,+283.5,+25.4,FB	
1701286125.6385276	+6.70,+17.3,+19.5,@A	+2.37,+268.9,+19.9,KB	+6.14,+49.8,+20.0,MA	+2.39,+272.4,+25.5,@B	+2.19,+284.3,+25.2,KB	+2.20,+283.9,+25.4,JB	
1701286187.648745	+6.70,+17.2,+19.5,AA	+2.37,+268.9,+20.0,HB	+6.14,+49.7,+20.0,BA	+2.38,+273.1,+25.6,FB	+2.17,+285.1,+25.2,FB	+2.19,+284.1,+25.4,OB	
1701286249.6588938	+6.70,+17.3,+19.5,@A	+2.37,+268.9,+19.9,KB	+6.14,+49.7,+19.9,AA	+2.40,+272.1,+25.5,KB	+2.18,+284.7,+25.2,NB	+2.21,+283.1,+25.4,CB	
1701286311.66795	+6.70,+17.3,+19.6,CA	+2.37,+268.9,+19.9,KB	+6.14,+49.8,+20.0,MA	+2.39,+272.5,+25.6,BB	+2.17,+285.1,+25.2,FB	+2.21,+283.4,+25.3,AB	
1701286373.6763394	+6.70,+17.2,+19.5,AA	+2.37,+268.9,+20.0,HB	+6.14,+49.8,+20.0,MA	+2.38,+273.1,+25.5,EB	+2.17,+285.1,+25.2,FB	+2.19,+284.5,+25.4,KB	
1701286435.683859	+6.70,+17.3,+19.5,@A	+2.37,+268.9,+20.0,HB	+6.14,+49.8,+20.0,MA	+2.39,+272.9,+25.5,MB	+2.18,+284.6,+25.2,OB	+2.18,+284.8,+25.4,GB	
1701286497.692185	+6.70,+17.2,+19.5,AA	+2.37,+268.9,+19.9,KB	+6.14,+49.7,+20.0,BA	+2.41,+271.6,+25.5,NB	+2.18,+284.8,+25.2,AB	+2.21,+283.2,+25.3,GB	
1701286559.6992495	+6.70,+17.2,+19.5,AA	+2.37,+268.9,+19.9,KB	+6.14,+49.8,+20.0,MA	+2.39,+272.7,+25.5,CB	+2.18,+284.9,+25.2,@B	+2.18,+284.7,+25.4,HB	
1701286621.7025392	+6.70,+17.2,+19.5,AA	+2.37,+268.9,+20.0,HB	+6.14,+49.7,+20.0,BA	+2.39,+272.4,+25.5,@B	+2.17,+285.2,+25.2,EB	+2.19,+284.1,+25.4,OB	
1701286683.70876	+6.70,+17.2,+19.5,AA	+2.37,+268.9,+19.9,KB	+6.14,+49.7,+20.0,BA	+2.39,+272.9,+25.6,NB	+2.18,+284.8,+25.2,AB	+2.18,+284.8,+25.4,GB	
1701286745.7134578	+6.70,+17.2,+19.5,AA	+2.37,+268.9,+19.9,KB	+6.14,+49.7,+19.9,AA	+2.39,+272.6,+25.5,BB	+2.18,+284.7,+25.2,NB	+2.18,+284.8,+25.4,GB	
1701286807.724214	+6.70,+17.2,+19.5,AA	+2.37,+268.9,+19.9,KB	+6.14,+49.7,+20.0,BA	+2.39,+272.5,+25.5,AB	+2.18,+284.5,+25.2,LB	+2.18,+284.7,+25.4,HB	
1701286869.732998	+6.70,+17.2,+19.6,BA	+2.37,+268.9,+19.9,KB	+6.14,+49.7,+20.0,BA	+2.40,+272.0,+25.5,JB	+2.18,+284.6,+25.2,OB	+2.19,+284.3,+25.4,MB	
1701286931.7441244	+6.70,+17.2,+19.5,AA	+2.37,+268.9,+19.9,KB	+6.14,+49.8,+20.0,MA	+2.40,+272.0,+25.5,JB	+2.18,+285.0,+25.2,HB	+2.19,+284.4,+25.4,JB	
1701286993.7540293	+6.70,+17.2,+19.6,BA	+2.37,+268.9,+20.0,HB	+6.14,+49.8,+19.9,NA	+2.40,+272.0,+25.5,JB	+2.17,+285.1,+25.2,FB	+2.19,+284.1,+25.4,OB	
1701287055.7629635	+6.70,+17.2,+19.6,BA	+2.37,+268.9,+19.9,KB	+6.14,+49.8,+20.0,MA	+2.39,+272.4,+25.6,CB	+2.19,+284.4,+25.2,LB	+2.19,+284.5,+25.4,KB	
1701287117.7730134	+6.70,+17.2,+19.6,BA	+2.37,+268.9,+20.0,HB	+6.14,+49.7,+20.0,BA	+2.41,+271.2,+25.5,JB	+2.17,+285.2,+25.2,EB	+2.21,+283.2,+25.4,@B	
1701287179.7806928	+6.70,+17.2,+19.6,BA	+2.37,+268.9,+19.9,KB	+6.14,+49.7,+20.0,BA	+2.40,+271.8,+25.6,BB	+2.18,+284.7,+25.2,NB	+2.20,+283.6,+25.4,EB	
1701287241.7911744	+6.70,+17.2,+19.6,BA	+2.37,+268.9,+19.9,KB	+6.14,+49.7,+20.0,BA	+2.41,+271.5,+25.5,MB	+2.18,+284.9,+25.2,@B	+2.21,+283.3,+25.4,AB	
1701287303.8001704	+6.70,+17.1,+19.6,AA	+2.37,+268.9,+19.9,KB	+6.14,+49.8,+20.0,MA	+2.39,+272.4,+25.6,CB	+2.18,+284.5,+25.2,LB	+2.18,+284.7,+25.4,HB	
1701287365.8090258	+6.70,+17.2,+19.6,BA	+2.37,+268.9,+19.9,KB	+6.14,+49.7,+20.0,BA	+2.40,+272.0,+25.6,IB	+2.18,+284.8,+25.2,AB	+2.19,+284.1,+25.4,OB	
1701287427.8190644	+6.70,+17.2,+19.5,AA	+2.37,+268.9,+19.9,KB	+6.14,+49.7,+20.0,BA	+2.41,+271.3,+25.6,HB	+2.17,+285.1,+25.2,FB	+2.21,+283.2,+25.3,GB	
1701287489.8280911	+6.70,+17.2,+19.6,BA	+2.37,+269.0,+20.0,@B	+6.14,+49.7,+20.0,BA	+2.40,+271.9,+25.6,CB	+2.18,+284.8,+25.2,AB	+2.20,+284.0,+25.4,DB	
1701287551.8368473	+6.70,+17.2,+19.6,BA	+2.37,+268.9,+20.0,HB	+6.14,+49.7,+20.0,BA	+2.42,+271.0,+25.5,KB	+2.18,+284.9,+25.2,@B	+2.20,+283.6,+25.4,EB	
1701287613.8471878	+6.70,+17.1,+19.6,AA	+2.37,+268.9,+20.0,HB	+6.14,+49.8,+20.0,MA	+2.42,+271.1,+25.6,IB	+2.17,+285.1,+25.2,FB	+2.21,+283.4,+25.4,FB	
1701287675.8581297	+6.70,+17.2,+19.6,BA	+2.37,+268.9,+20.0,HB	+6.14,+49.7,+20.0,BA	+2.40,+272.0,+25.5,JB	+2.18,+284.7,+25.2,NB	+2.19,+284.2,+25.4,LB	
1701287737.8678908	+6.70,+17.1,+19.6,AA	+2.37,+268.9,+20.0,HB	+6.14,+49.7,+20.0,BA	+2.40,+271.8,+25.5,AB	+2.18,+284.7,+25.2,NB	+2.19,+284.4,+25.4,JB	
1701287799.877409	+6.70,+17.1,+19.6,AA	+2.37,+268.9,+20.0,HB	+6.14,+49.7,+20.0,BA	+2.40,+271.8,+25.5,AB	+2.17,+285.1,+25.2,FB	+2.20,+283.8,+25.4,KB	
1701287861.8855882	+6.70,+17.2,+19.6,BA	+2.37,+268.9,+20.0,HB	+6.14,+49.7,+20.0,BA	+2.41,+271.4,+25.6,OB	+2.17,+285.1,+25.2,FB	+2.20,+283.6,+25.4,EB	
1701287923.8952503	+6.70,+17.1,+19.6,AA	+2.37,+269.0,+20.0,@B	+6.14,+49.7,+20.0,BA	+2.39,+272.5,+25.5,AB	+2.18,+285.0,+25.2,HB	+2.19,+284.2,+25.4,LB	
1701287985.9038458	+6.70,+17.2,+19.6,BA	+2.37,+268.9,+20.0,HB	+6.14,+49.7,+20.0,BA	+2.41,+271.7,+25.6,LB	+2.18,+284.9,+25.2,@B	+2.20,+283.9,+25.4,JB	
1701288047.9111006	+6.70,+17.1,+19.6,AA	+2.37,+268.9,+20.0,HB	+6.14,+49.7,+20.0,BA	+2.40,+272.2,+25.6,KB	+2.17,+285.3,+25.2,DB	+2.20,+283.6,+25.4,EB	
1701288109.9217346	+6.70,+17.1,+19.6,AA	+2.37,+268.9,+20.0,HB	+6.14,+49.7,+20.0,BA	+2.39,+272.4,+25.5,@B	+2.18,+284.5,+25.2,LB	+2.18,+285.0,+25.4,NB	
1701288171.9326665	+6.70,+17.1,+19.6,AA	+2.37,+269.0,+20.0,@B	+6.14,+49.7,+20.0,BA	+2.39,+272.8,+25.6,OB	+2.18,+284.9,+25.2,@B	+2.19,+284.6,+25.3,OB	
1701288233.94327	+6.70,+17.2,+19.6,BA	+2.37,+268.9,+20.0,HB	+6.14,+49.7,+20.0,BA	+2.39,+272.8,+25.5,LB	+2.18,+284.5,+25.2,LB	+2.18,+285.1,+25.4,OB	
1701288295.9513218	+6.70,+17.1,+19.6,AA	+2.37,+269.0,+19.9,CB	+6.14,+49.7,+20.0,BA	+2.41,+271.7,+25.6,LB	+2.18,+284.8,+25.2,AB	+2.20,+283.7,+25.4,DB	
1701288357.9602058	+6.70,+17.2,+19.6,BA	+2.37,+268.9,+20.0,HB	+6.14,+49.8,+20.0,MA	+2.39,+272.6,+25.6,AB	+2.17,+285.3,+25.2,DB	+2.20,+283.8,+25.4,KB	
1701288419.968298	+6.70,+17.1,+19.6,AA	+2.37,+269.0,+19.9,CB	+6.14,+49.7,+20.0,BA	+2.39,+272.5,+25.6,BB	+2.17,+285.3,+25.2,DB	+2.20,+283.8,+25.4,KB	
1701288481.9738562	+6.70,+17.1,+19.5,BA	+2.37,+268.9,+20.0,HB	+6.14,+49.8,+20.0,MA	+2.39,+272.8,+25.6,OB	+2.18,+284.6,+25.2,OB	+2.18,+284.9,+25.4,FB	
1701288543.9857264	+6.70,+17.1,+19.5,BA	+2.37,+268.9,+20.0,HB	+6.14,+49.7,+20.0,BA	+2.39,+272.7,+25.6,@B	+2.18,+284.7,+25.2,NB	+2.18,+285.0,+25.4,NB	
1701288605.993212	+6.70,+17.1,+19.5,BA	+2.37,+268.9,+20.0,HB	+6.14,+49.8,+20.0,MA	+2.39,+272.9,+25.6,NB	+2.17,+285.4,+25.2,CB	+2.19,+284.1,+25.4,OB	
1701288668.0035563	+6.70,+17.2,+19.6,BA	+2.37,+269.0,+20.0,@B	+6.14,+49.8,+20.0,MA	+2.38,+273.0,+25.5,DB	+2.17,+285.4,+25.2,CB	+2.19,+284.1,+25.4,OB	
1701288730.0119376	+6.70,+17.1,+19.5,BA	+2.37,+269.0,+20.0,@B	+6.14,+49.7,+20.0,BA	+2.38,+273.3,+25.5,GB	+2.17,+285.2,+25.2,EB	+2.18,+284.6,+25.4,IB	
1701288792.020428	+6.70,+17.1,+19.5,BA	+2.37,+268.9,+20.0,HB	+6.14,+49.8,+20.0,MA	+2.39,+272.7,+25.5,CB	+2.18,+284.6,+25.2,OB	+2.18,+284.7,+25.4,HB	
1701288854.0286198	+6.70,+17.1,+19.6,AA	+2.37,+269.0,+20.0,@B	+6.14,+49.7,+19.9,AA	+2.40,+272.0,+25.6,IB	+2.18,+284.7,+25.2,NB	+2.20,+283.4,+25.3,@B	
1701288916.0379822	+6.70,+17.2,+19.5,AA	+2.37,+268.9,+20.0,HB	+6.14,+49.7,+19.9,AA	+2.40,+272.1,+25.5,KB	+2.18,+284.7,+25.2,NB	+2.20,+283.6,+25.3,BB	
1701288978.048409	+6.70,+17.2,+19.5,AA	+2.37,+269.0,+20.0,@B	+6.14,+49.7,+20.0,BA	+2.39,+272.4,+25.5,@B	+2.18,+284.8,+25.2,AB	+2.20,+283.5,+25.4,FB	
1701289040.0579777	+6.70,+17.2,+19.5,AA	+2.37,+268.9,+20.0,HB	+6.14,+49.7,+20.0,BA	+2.40,+272.3,+25.5,IB	+2.18,+284.5,+25.2,LB	+2.20,+283.9,+25.4,JB	
1701289102.0679722	+6.70,+17.1,+19.5,BA	+2.37,+268.9,+20.0,HB	+6.14,+49.7,+20.0,BA	+2.37,+273.8,+25.5,CB	+2.17,+285.4,+25.2,CB	+2.18,+284.7,+25.4,HB	
1701289164.07637	+6.70,+17.1,+19.5,BA	+2.37,+269.0,+19.9,CB	+6.14,+49.7,+20.0,BA	+2.39,+272.7,+25.6,@B	+2.18,+284.7,+25.2,NB	+2.20,+283.8,+25.4,KB	
1701289226.0804377	+6.70,+17.2,+19.5,AA	+2.37,+269.0,+20.0,@B	+6.14,+49.7,+20.0,BA	+2.39,+272.6,+25.6,AB	+2.18,+284.5,+25.2,LB	+2.19,+284.0,+25.3,IB	
1701289288.0910182	+6.70,+17.1,+19.5,BA	+2.37,+269.0,+19.9,CB	+6.14,+49.7,+20.0,BA	+2.37,+273.8,+25.6,@B	+2.17,+285.2,+25.2,EB	+2.18,+285.2,+25.4,LB	
1701289350.097548	+6.70,+17.1,+19.5,BA	+2.37,+269.0,+20.0,@B	+6.14,+49.7,+20.0,BA	+2.37,+273.6,+25.6,NB	+2.17,+285.1,+25.2,FB	+2.17,+285.3,+25.4,BB	
1701289412.107879	+6.70,+17.2,+19.5,AA	+2.37,+268.9,+20.0,HB	+6.14,+49.7,+20.0,BA	+2.37,+273.6,+25.6,NB	+2.18,+284.9,+25.2,@B	+2.20,+283.8,+25.4,KB	
1701289657.6730187	+6.70,+17.2,+19.5,AA	+2.37,+269.0,+20.0,@B	+6.14,+49.7,+19.9,AA	+2.36,+274.3,+25.6,MB	+2.17,+285.1,+25.2,FB	+2.19,+284.2,+25.4,LB	
1701289719.6815178	+6.70,+17.2,+19.5,AA	+2.37,+269.0,+20.0,@B	+6.14,+49.7,+19.9,AA	+2.37,+273.7,+25.5,LB	+2.18,+284.7,+25.2,NB	+2.20,+283.6,+25.4,EB	
1701289781.6918662	+6.70,+17.2,+19.5,AA	+2.37,+268.9,+19.9,KB	+6.14,+49.7,+19.9,AA	+2.37,+273.9,+25.5,BB	+2.18,+284.7,+25.2,NB	+2.20,+283.7,+25.4,DB	
1701289843.7006595	+6.70,+17.2,+19.5,AA	+2.36,+269.0,+19.9,BB	+6.14,+49.7,+19.9,AA	+2.38,+273.3,+25.6,DB	+2.18,+285.0,+25.2,HB	+2.18,+284.8,+25.4,GB	
1701289905.709975	+6.70,+17.1,+19.5,BA	+2.36,+269.0,+19.9,BB	+6.14,+49.7,+20.0,BA	+2.37,+273.7,+25.6,OB	+2.17,+285.4,+25.2,CB	+2.17,+285.4,+25.4,EB	
1701289967.716647	+6.70,+17.2,+19.5,AA	+2.37,+269.0,+19.9,CB	+6.14,+49.7,+19.9,AA	+2.38,+273.1,+25.6,FB	+2.18,+284.8,+25.2,AB	+2.19,+284.4,+25.4,JB	
1701290029.7272007	+6.70,+17.2,+19.5,AA	+2.37,+269.0,+19.9,CB	+6.14,+49.7,+19.9,AA	+2.37,+274.0,+25.5,LB	+2.17,+285.4,+25.2,CB	+2.17,+285.4,+25.4,EB	
1701290091.73189	+6.70,+17.2,+19.5,AA	+2.37,+268.9,+19.9,KB	+6.14,+49.7,+19.9,AA	+2.36,+274.3,+25.5,NB	+2.18,+284.8,+25.2,AB	+2.19,+284.1,+25.4,OB	
1701290153.74019	+6.70,+17.2,+19.5,AA	+2.37,+269.0,+19.9,CB	+6.14,+49.7,+19.9,AA	+2.38,+273.2,+25.5,FB	+2.17,+285.1,+25.2,FB	+2.18,+284.8,+25.4,GB	
1701290215.748922	+6.70,+17.3,+19.5,@A	+2.37,+269.0,+19.9,CB	+6.14,+49.7,+19.9,AA	+2.37,+274.1,+25.6,NB	+2.18,+284.8,+25.2,AB	+2.20,+283.7,+25.4,DB	
1701290277.755907	+6.70,+17.2,+19.5,AA	+2.36,+269.0,+19.9,BB	+6.14,+49.7,+19.9,AA	+2.38,+273.3,+25.6,DB	+2.17,+285.5,+25.2,BB	+2.18,+285.2,+25.3,KB	
1701290339.764013	+6.70,+17.2,+19.5,AA	+2.37,+268.9,+19.9,KB	+6.14,+49.7,+19.9,AA	+2.38,+273.1,+25.6,FB	+2.18,+284.6,+25.2,OB	+2.20,+283.6,+25.4,EB	
1701290401.77073	+6.70,+17.2,+19.5,AA	+2.37,+269.0,+19.9,CB	+6.14,+49.8,+19.9,NA	+2.37,+273.5,+25.5,NB	+2.18,+284.6,+25.2,OB	+2.20,+283.6,+25.4,EB	
1701290463.7818124	+6.70,+17.2,+19.5,AA	+2.37,+269.0,+19.9,CB	+6.14,+49.7,+19.9,AA	+2.36,+274.3,+25.6,MB	+2.18,+284.8,+25.2,AB	+2.19,+284.1,+25.4,OB	
1701290525.7918162	+6.70,+17.2,+19.5,AA	+2.36,+269.0,+19.9,BB	+6.14,+49.7,+19.9,AA	+2.38,+273.2,+25.6,EB	+2.17,+285.0,+25.2,GB	+2.18,+284.7,+25.4,HB	
1701290587.8006015	+6.70,+17.3,+19.5,@A	+2.36,+269.0,+19.9,BB	+6.14,+49.7,+19.9,AA	+2.38,+273.2,+25.5,FB	+2.17,+285.1,+25.2,FB	+2.19,+284.3,+25.4,MB	
1701290649.8047068	+6.70,+17.3,+19.5,@A	+2.36,+269.0,+20.0,AB	+6.14,+49.7,+19.9,AA	+2.38,+273.1,+25.5,EB	+2.17,+285.5,+25.2,BB	+2.17,+285.2,+25.4,CB	
1701290711.811585	+6.70,+17.3,+19.5,@A	+2.37,+269.0,+19.9,CB	+6.14,+49.7,+19.9,AA	+2.37,+273.6,+25.5,MB	+2.18,+284.8,+25.2,AB	+2.20,+283.8,+25.4,KB	
1701290773.8054023	+6.70,+17.3,+19.5,@A	+2.37,+268.9,+20.0,HB	+6.14,+49.7,+19.9,AA	+2.37,+273.9,+25.6,AB	+2.17,+285.1,+25.2,FB	+2.18,+285.0,+25.4,NB	
1701290835.814177	+6.70,+17.2,+19.5,AA	+2.36,+269.0,+19.9,BB	+6.14,+49.7,+19.9,AA	+2.39,+272.8,+25.6,OB	+2.17,+285.2,+25.2,EB	+2.19,+284.5,+25.4,KB	
1701290897.8217745	+6.70,+17.3,+19.5,@A	+2.37,+268.9,+19.9,KB	+6.14,+49.7,+19.9,AA	+2.38,+273.5,+25.5,AB	+2.18,+284.9,+25.2,@B	+2.20,+283.9,+25.4,JB	
1701290959.8277955	+6.70,+17.3,+19.5,@A	+2.36,+269.0,+19.9,BB	+6.14,+49.7,+19.9,AA	+2.38,+273.4,+25.6,CB	+2.17,+285.1,+25.2,FB	+2.20,+284.0,+25.4,DB	
1701291021.8240223	+6.70,+17.3,+19.5,@A	+2.36,+269.0,+19.9,BB	+6.14,+49.7,+19.9,AA	+2.37,+273.6,+25.5,MB	+2.18,+285.0,+25.2,HB	+2.20,+284.0,+25.4,DB	
1701291083.8326263	+6.70,+17.3,+19.5,@A	+2.37,+268.9,+19.9,KB	+6.14,+49.7,+19.9,AA	+2.38,+273.0,+25.6,GB	+2.17,+285.5,+25.2,BB	+2.18,+285.0,+25.4,NB	
1701291145.840095	+6.70,+17.3,+19.5,@A	+2.36,+269.0,+19.9,BB	+6.14,+49.7,+19.9,AA	+2.38,+273.4,+25.6,CB	+2.17,+285.3,+25.2,DB	+2.17,+285.5,+25.4,DB	
1701291207.8501472	+6.70,+17.3,+19.5,@A	+2.37,+269.0,+19.9,CB	+6.14,+49.7,+19.9,AA	+2.37,+274.0,+25.6,OB	+2.18,+285.0,+25.2,HB	+2.20,+283.9,+25.4,JB	
1701291269.8596408	+6.70,+17.2,+19.5,AA	+2.37,+268.9,+19.9,KB	+6.14,+49.7,+19.9,AA	+2.37,+273.6,+25.6,NB	+2.17,+285.2,+25.2,EB	+2.17,+285.6,+25.4,GB	
1701291331.8699386	+6.70,+17.1,+19.5,BA	+2.37,+268.9,+19.9,KB	+6.14,+49.7,+19.9,AA	+2.36,+274.4,+25.5,IB	+2.18,+284.9,+25.2,@B	+2.20,+283.8,+25.4,KB	
1701291393.8778086	+6.70,+17.1,+19.4,CA	+2.37,+268.9,+19.9,KB	+6.14,+49.7,+19.9,AA	+2.36,+274.7,+25.5,JB	+2.18,+284.7,+25.2,NB	+2.20,+284.0,+25.4,DB	
1701291455.8864875	+6.70,+17.1,+19.4,CA	+2.37,+268.9,+19.9,KB	+6.14,+49.7,+19.9,AA	+2.38,+273.4,+25.5,@B	+2.17,+285.3,+25.2,DB	+2.17,+285.3,+25.4,BB	
1701291517.8952281	+6.70,+17.2,+19.4,@A	+2.37,+268.9,+19.9,KB	+6.14,+49.7,+19.9,AA	+2.37,+273.9,+25.6,AB	+2.18,+284.8,+25.2,AB	+2.17,+285.4,+25.3,BB	
1701291579.902527	+6.70,+17.1,+19.5,BA	+2.36,+269.0,+19.9,BB	+6.14,+49.7,+19.9,AA	+2.36,+274.7,+25.5,JB	+2.18,+285.0,+25.2,HB	+2.20,+283.8,+25.4,KB	
1701291641.9112358	+6.70,+17.1,+19.5,BA	+2.36,+269.0,+19.9,BB	+6.14,+49.8,+19.9,NA	+2.36,+274.2,+25.5,OB	+2.18,+285.0,+25.2,HB	+2.20,+283.9,+25.4,JB	
1701291703.9166868	+6.70,+17.2,+19.5,AA	+2.36,+269.0,+19.9,BB	+6.14,+49.7,+19.9,AA	+2.38,+273.2,+25.6,EB	+2.17,+285.2,+25.2,EB	+2.17,+285.6,+25.4,GB	
1701291765.9269016	+6.70,+17.2,+19.4,@A	+2.36,+269.0,+19.9,BB	+6.14,+49.7,+19.9,AA	+2.38,+273.2,+25.6,EB	+2.17,+285.4,+25.2,CB	+2.18,+285.1,+25.3,HB	
1701291827.9338357	+6.70,+17.1,+19.5,BA	+2.37,+269.0,+19.9,CB	+6.14,+49.7,+19.9,AA	+2.38,+273.2,+25.5,FB	+2.17,+285.2,+25.2,EB	+2.18,+285.2,+25.4,LB	
1701291889.940159	+6.70,+17.2,+19.5,AA	+2.37,+269.0,+19.9,CB	+6.14,+49.7,+19.9,AA	+2.37,+273.7,+25.5,LB	+2.18,+284.6,+25.2,OB	+2.17,+285.3,+25.4,BB	
1701291951.9479434	+6.70,+17.2,+19.5,AA	+2.36,+269.0,+19.9,BB	+6.14,+49.7,+19.9,AA	+2.37,+273.8,+25.6,@B	+2.18,+284.7,+25.2,NB	+2.17,+285.4,+25.4,EB	
1701292013.9566483	+6.70,+17.2,+19.5,AA	+2.36,+269.0,+19.9,BB	+6.14,+49.7,+19.9,AA	+2.38,+273.4,+25.6,CB	+2.18,+284.8,+25.2,AB	+2.17,+285.5,+25.4,DB	
1701292075.9674356	+6.70,+17.2,+19.5,AA	+2.37,+268.9,+19.9,KB	+6.14,+49.7,+19.9,AA	+2.37,+273.7,+25.6,OB	+2.17,+285.5,+25.2,BB	+2.18,+284.6,+25.4,IB	
1701292137.9730167	+6.70,+17.2,+19.5,AA	+2.37,+268.9,+19.9,KB	+6.14,+49.8,+19.9,NA	+2.38,+273.4,+25.6,CB	+2.18,+284.8,+25.2,AB	+2.17,+285.6,+25.4,GB	
1701292199.9803367	+6.70,+17.3,+19.5,@A	+2.37,+268.9,+19.9,KB	+6.14,+49.7,+19.9,AA	+2.39,+272.9,+25.6,NB	+2.17,+285.1,+25.2,FB	+2.17,+285.3,+25.4,BB	
1701292261.985335	+6.70,+17.2,+19.5,AA	+2.37,+268.9,+19.9,KB	+6.14,+49.7,+19.9,AA	+2.37,+273.7,+25.5,LB	+2.17,+285.5,+25.2,BB	+2.19,+284.1,+25.4,OB	
1701292323.995494	+6.70,+17.3,+19.4,AA	+2.37,+268.9,+19.9,KB	+6.14,+49.7,+19.9,AA	+2.37,+273.7,+25.5,LB	+2.17,+285.5,+25.2,BB	+2.19,+284.1,+25.4,OB	
1701292386.0057766	+6.70,+17.2,+19.5,AA	+2.36,+269.0,+19.9,BB	+6.14,+49.7,+19.9,AA	+2.38,+273.5,+25.5,AB	+2.17,+285.4,+25.2,CB	+2.18,+284.7,+25.3,OB	
1701292448.0153503	+6.70,+17.2,+19.5,AA	+2.37,+268.9,+19.9,KB	+6.14,+49.7,+19.9,AA	+2.38,+273.4,+25.5,@B	+2.17,+285.3,+25.2,DB	+2.18,+284.7,+25.4,HB	
1701292510.0236356	+6.70,+17.2,+19.4,@A	+2.36,+269.0,+19.9,BB	+6.14,+49.7,+19.9,AA	+2.38,+273.3,+25.6,DB	+2.17,+285.2,+25.2,EB	+2.18,+285.1,+25.4,OB	
1701292572.0334878	+6.70,+17.2,+19.5,AA	+2.37,+268.9,+19.9,KB	+6.14,+49.6,+19.9,@A	+2.37,+273.7,+25.6,OB	+2.17,+285.3,+25.2,DB	+2.19,+284.6,+25.4,HB	
1701292634.0425282	+6.70,+17.3,+19.4,AA	+2.37,+269.0,+19.9,CB	+6.14,+49.7,+19.9,AA	+2.37,+274.0,+25.6,OB	+2.17,+285.0,+25.2,GB	+2.18,+284.6,+25.4,IB	
1701292696.052512	+6.70,+17.2,+19.5,AA	+2.37,+268.9,+19.9,KB	+6.14,+49.7,+19.9,AA	+2.36,+274.5,+25.5,HB	+2.17,+285.5,+25.2,BB	+2.20,+283.5,+25.4,FB	
1701292758.062941	+6.70,+17.3,+19.4,AA	+2.36,+269.0,+19.9,BB	+6.14,+49.6,+19.9,@A	+2.37,+273.7,+25.6,OB	+2.17,+285.1,+25.2,FB	+2.19,+284.6,+25.4,HB	
1701292820.0714428	+6.70,+17.3,+19.4,AA	+2.36,+269.0,+19.9,BB	+6.14,+49.7,+19.9,AA	+2.38,+273.5,+25.6,BB	+2.18,+284.9,+25.2,@B	+2.18,+285.0,+25.4,NB	
1701292882.0814989	+6.70,+17.3,+19.4,AA	+2.36,+269.0,+19.9,BB	+6.14,+49.6,+19.9,@A	+2.38,+273.3,+25.5,GB	+2.18,+284.7,+25.2,NB	+2.17,+285.4,+25.4,EB	
1701292944.0907009	+6.70,+17.3,+19.4,AA	+2.36,+269.0,+19.9,BB	+6.14,+49.6,+19.9,@A	+2.36,+274.3,+25.6,MB	+2.17,+285.2,+25.2,EB	+2.19,+284.2,+25.4,LB	
1701293006.0970278	+6.70,+17.3,+19.4,AA	+2.36,+269.0,+19.9,BB	+6.14,+49.7,+19.9,AA	+2.37,+273.7,+25.6,OB	+2.18,+284.9,+25.2,@B	+2.18,+285.1,+25.4,OB	
1701293068.1054385	+6.70,+17.3,+19.4,AA	+2.37,+268.9,+19.9,KB	+6.14,+49.6,+19.9,@A	+2.36,+274.2,+25.6,LB	+2.17,+285.2,+25.2,EB	+2.19,+284.5,+25.4,KB	
1701293130.1150222	+6.70,+17.3,+19.4,AA	+2.36,+269.0,+19.9,BB	+6.14,+49.7,+19.9,AA	+2.38,+273.3,+25.6,DB	+2.18,+284.6,+25.2,OB	+2.17,+285.5,+25.4,DB	
1701293192.12533	+6.70,+17.3,+19.4,AA	+2.37,+269.0,+19.9,CB	+6.14,+49.6,+19.9,@A	+2.36,+274.3,+25.6,MB	+2.17,+285.1,+25.2,FB	+2.19,+284.4,+25.4,JB	
1701293254.134711	+6.70,+17.4,+19.4,FA	+2.37,+268.9,+19.9,KB	+6.14,+49.6,+19.9,@A	+2.39,+272.8,+25.5,LB	+2.18,+284.6,+25.2,OB	+2.17,+285.6,+25.4,GB	
1701293499.7483304	+6.70,+17.3,+19.4,AA	+2.37,+268.9,+19.9,KB	+6.14,+49.6,+19.9,@A	+2.37,+273.7,+25.5,LB	+2.17,+285.4,+25.2,CB	+2.19,+284.4,+25.4,JB	
1701293561.7606454	+6.70,+17.4,+19.4,FA	+2.37,+268.9,+19.9,KB	+6.14,+49.7,+19.9,AA	+2.38,+273.3,+25.6,DB	+2.18,+284.7,+25.2,NB	+2.17,+285.6,+25.4,GB	
1701293623.7703145	+6.70,+17.4,+19.4,FA	+2.36,+269.0,+19.9,BB	+6.14,+49.7,+19.9,AA	+2.38,+273.4,+25.5,@B	+2.17,+285.0,+25.2,GB	+2.17,+285.2,+25.4,CB	
1701293685.7803428	+6.70,+17.4,+19.4,FA	+2.36,+269.0,+19.9,BB	+6.14,+49.7,+19.9,AA	+2.38,+273.3,+25.6,DB	+2.18,+284.9,+25.2,@B	+2.17,+285.5,+25.4,DB	
1701293747.7893069	+6.70,+17.4,+19.4,FA	+2.36,+269.0,+19.9,BB	+6.14,+49.7,+19.8,@A	+2.38,+273.4,+25.6,CB	+2.18,+284.8,+25.2,AB	+2.17,+285.5,+25.4,DB	
1701293809.800162	+6.70,+17.4,+19.4,FA	+2.36,+269.0,+19.9,BB	+6.14,+49.7,+19.9,AA	+2.37,+273.9,+25.6,AB	+2.17,+285.5,+25.2,BB	+2.19,+284.6,+25.4,HB	
1701293871.8107684	+6.70,+17.4,+19.4,FA	+2.36,+268.9,+19.9,JB	+6.14,+49.6,+19.9,@A	+2.36,+274.7,+25.6,IB	+2.17,+285.1,+25.2,FB	+2.19,+284.1,+25.3,HB	
1701293933.8202324	+6.70,+17.4,+19.4,FA	+2.37,+268.9,+19.9,KB	+6.14,+49.6,+19.9,@A	+2.35,+274.7,+25.6,JB	+2.17,+285.2,+25.2,EB	+2.20,+283.8,+25.4,KB	
1701293995.8296034	+6.70,+17.4,+19.4,FA	+2.36,+269.0,+19.9,BB	+6.14,+49.6,+19.9,@A	+2.37,+273.6,+25.6,NB	+2.17,+285.4,+25.2,CB	+2.18,+284.8,+25.3,@B	
1701294057.8366706	+6.70,+17.4,+19.4,FA	+2.36,+269.0,+19.9,BB	+6.14,+49.7,+19.8,@A	+2.37,+273.7,+25.5,LB	+2.18,+284.7,+25.2,NB	+2.17,+285.3,+25.4,BB	
1701294119.8446739	+6.70,+17.4,+19.4,FA	+2.37,+268.9,+19.9,KB	+6.14,+49.7,+19.9,AA	+2.37,+273.8,+25.5,CB	+2.18,+284.7,+25.2,NB	+2.18,+285.0,+25.4,NB	
1701294181.8503928	+6.70,+17.4,+19.4,FA	+2.37,+268.9,+19.9,KB	+6.14,+49.6,+19.9,@A	+2.37,+274.1,+25.5,MB	+2.18,+284.8,+25.2,AB	+2.20,+284.0,+25.4,DB	
1701294243.861453	+6.70,+17.4,+19.4,FA	+2.36,+268.9,+19.9,JB	+6.14,+49.6,+19.9,@A	+2.37,+273.7,+25.6,OB	+2.18,+284.6,+25.2,OB	+2.18,+284.8,+25.4,GB	
1701294305.8715498	+6.70,+17.4,+19.4,FA	+2.37,+268.9,+19.9,KB	+6.14,+49.7,+19.9,AA	+2.39,+272.8,+25.6,OB	+2.17,+285.3,+25.2,DB	+2.18,+285.0,+25.4,NB	
1701294367.8807664	+6.70,+17.4,+19.4,FA	+2.37,+268.9,+19.9,KB	+6.14,+49.6,+19.9,@A	+2.38,+273.2,+25.5,FB	+2.17,+285.3,+25.2,DB	+2.19,+284.5,+25.4,KB	
1701294429.8898864	+6.70,+17.4,+19.4,FA	+2.36,+268.9,+19.9,JB	+6.14,+49.7,+19.9,AA	+2.38,+273.3,+25.6,DB	+2.18,+284.8,+25.2,AB	+2.17,+285.4,+25.4,EB	
1701294491.897866	+6.70,+17.4,+19.4,FA	+2.36,+268.9,+19.9,JB	+6.14,+49.6,+19.9,@A	+2.38,+273.2,+25.5,FB	+2.17,+285.1,+25.2,FB	+2.17,+285.4,+25.4,EB	
1701294553.907743	+6.70,+17.4,+19.4,FA	+2.37,+268.9,+19.9,KB	+6.15,+49.6,+19.9,AA	+2.38,+273.5,+25.5,AB	+2.18,+285.0,+25.2,HB	+2.17,+285.5,+25.4,DB	
1701294615.9170036	+6.70,+17.4,+19.4,FA	+2.37,+268.9,+19.9,KB	+6.14,+49.6,+19.8,AA	+2.38,+273.3,+25.5,GB	+2.17,+285.3,+25.2,DB	+2.18,+284.9,+25.4,FB	
1701294677.9251359	+6.70,+17.4,+19.4,FA	+2.36,+268.9,+19.9,JB	+6.14,+49.6,+19.8,AA	+2.37,+273.8,+25.5,CB	+2.18,+285.0,+25.2,HB	+2.17,+285.5,+25.4,DB	
1701294739.9332526	+6.70,+17.4,+19.4,FA	+2.36,+268.9,+19.9,JB	+6.14,+49.6,+19.8,AA	+2.38,+273.4,+25.6,CB	+2.17,+285.3,+25.2,DB	+2.18,+284.8,+25.4,GB	
1701294801.9415503	+6.70,+17.4,+19.4,FA	+2.36,+268.9,+19.9,JB	+6.14,+49.7,+19.9,AA	+2.38,+273.2,+25.6,EB	+2.17,+285.2,+25.2,EB	+2.19,+284.5,+25.4,KB	
1701294863.9509354	+6.70,+17.4,+19.4,FA	+2.36,+268.9,+19.9,JB	+6.14,+49.6,+19.8,AA	+2.38,+273.0,+25.6,GB	+2.17,+285.3,+25.2,DB	+2.18,+285.0,+25.4,NB	
1701294925.9572265	+6.70,+17.4,+19.4,FA	+2.36,+268.9,+19.9,JB	+6.15,+49.6,+19.8,@A	+2.38,+273.2,+25.6,EB	+2.17,+285.2,+25.2,EB	+2.19,+284.3,+25.3,JB	
1701294987.9660525	+6.70,+17.4,+19.4,FA	+2.36,+269.0,+19.9,BB	+6.15,+49.6,+19.8,@A	+2.37,+274.0,+25.6,OB	+2.18,+284.6,+25.2,OB	+2.20,+283.9,+25.4,JB	
1701295049.9756033	+6.70,+17.4,+19.4,FA	+2.36,+268.9,+19.9,JB	+6.14,+49.6,+19.8,AA	+2.37,+274.0,+25.6,OB	+2.18,+284.6,+25.2,OB	+2.19,+284.1,+25.4,OB	
1701295111.9839368	+6.70,+17.3,+19.4,AA	+2.36,+268.9,+19.9,JB	+6.14,+49.6,+19.8,AA	+2.38,+273.0,+25.6,GB	+2.17,+285.0,+25.2,GB	+2.19,+284.3,+25.4,MB	
1701295173.992812	+6.70,+17.4,+19.4,FA	+2.36,+268.9,+19.9,JB	+6.14,+49.6,+19.8,AA	+2.37,+273.9,+25.5,BB	+2.18,+284.5,+25.2,LB	+2.20,+283.9,+25.4,JB	
1701295235.998669	+6.70,+17.3,+19.4,AA	+2.36,+268.9,+19.9,JB	+6.14,+49.6,+19.8,AA	+2.38,+273.1,+25.5,EB	+2.17,+285.4,+25.2,CB	+2.17,+285.3,+25.4,BB	
1701295298.0081298	+6.70,+17.4,+19.4,FA	+2.36,+269.0,+19.9,BB	+6.14,+49.6,+19.8,AA	+2.38,+273.0,+25.5,DB	+2.17,+285.3,+25.2,DB	+2.17,+285.3,+25.4,BB	
1701295360.016736	+6.70,+17.3,+19.4,AA	+2.37,+268.9,+19.9,KB	+6.14,+49.6,+19.8,AA	+2.39,+272.6,+25.6,AB	+2.17,+285.4,+25.2,CB	+2.17,+285.2,+25.4,CB	
1701295422.0252488	+6.70,+17.4,+19.4,FA	+2.37,+268.9,+19.9,KB	+6.14,+49.7,+19.9,AA	+2.38,+273.3,+25.5,GB	+2.18,+284.6,+25.2,OB	+2.20,+283.5,+25.4,FB	
1701295484.0319405	+6.70,+17.4,+19.4,FA	+2.36,+269.0,+19.9,BB	+6.14,+49.6,+19.8,AA	+2.39,+272.8,+25.6,OB	+2.17,+285.2,+25.2,EB	+2.18,+284.8,+25.4,GB	
1701295546.0398147	+6.70,+17.3,+19.4,AA	+2.36,+269.0,+19.9,BB	+6.14,+49.6,+19.8,AA	+2.39,+272.9,+25.6,NB	+2.18,+284.7,+25.2,NB	+2.20,+284.0,+25.4,DB	
1701295608.04589	+6.70,+17.3,+19.4,AA	+2.36,+269.0,+19.9,BB	+6.15,+49.6,+19.8,@A	+2.39,+272.6,+25.6,AB	+2.17,+285.1,+25.2,FB	+2.18,+284.9,+25.4,FB	
1701295670.0512064	+6.70,+17.3,+19.4,AA	+2.36,+269.0,+19.9,BB	+6.14,+49.6,+19.8,AA	+2.37,+273.7,+25.6,OB	+2.18,+284.5,+25.2,LB	+2.20,+283.8,+25.3,LB	
1701295732.0596235	+6.70,+17.4,+19.4,FA	+2.36,+269.0,+19.9,BB	+6.14,+49.6,+19.8,AA	+2.37,+273.7,+25.6,OB	+2.17,+285.2,+25.2,EB	+2.18,+285.0,+25.4,NB	
1701295794.069479	+6.70,+17.3,+19.4,AA	+2.36,+268.9,+19.9,JB	+6.15,+49.6,+19.8,@A	+2.39,+272.9,+25.5,MB	+2.17,+285.1,+25.2,FB	+2.18,+284.8,+25.4,GB	
1701295856.078617	+6.70,+17.4,+19.4,FA	+2.36,+269.0,+19.9,BB	+6.14,+49.6,+19.8,AA	+2.37,+273.8,+25.6,@B	+2.18,+284.7,+25.2,NB	+2.20,+283.9,+25.4,JB	
1701295918.0872014	+6.70,+17.4,+19.4,FA	+2.36,+269.0,+19.9,BB	+6.15,+49.6,+19.8,@A	+2.37,+273.7,+25.6,OB	+2.18,+284.9,+25.2,@B	+2.19,+284.3,+25.4,MB	
1701295980.094434	+6.70,+17.4,+19.4,FA	+2.36,+269.0,+19.9,BB	+6.14,+49.6,+19.8,AA	+2.38,+273.1,+25.5,EB	+2.17,+285.4,+25.2,CB	+2.17,+285.4,+25.4,EB	
1701296042.1012197	+6.70,+17.3,+19.4,AA	+2.36,+269.0,+19.9,BB	+6.15,+49.6,+19.9,AA	+2.37,+273.8,+25.6,@B	+2.17,+285.1,+25.2,FB	+2.18,+284.7,+25.3,OB	
1701296104.1129265	+6.70,+17.4,+19.4,FA	+2.36,+269.0,+19.9,BB	+6.15,+49.6,+19.8,@A	+2.37,+273.6,+25.5,MB	+2.17,+285.3,+25.2,DB	+2.17,+285.3,+25.4,BB	
1701296166.1223595	+6.70,+17.4,+19.4,FA	+2.36,+269.0,+19.9,BB	+6.15,+49.6,+19.8,@A	+2.37,+273.8,+25.6,@B	+2.17,+285.2,+25.2,EB	+2.18,+284.8,+25.4,GB	
1701296228.1323557	+6.70,+17.4,+19.4,FA	+2.36,+269.0,+19.8,CB	+6.15,+49.6,+19.8,@A	+2.38,+273.1,+25.5,EB	+2.17,+285.2,+25.2,EB	+2.17,+285.3,+25.4,BB	
1701296290.1423547	+6.70,+17.4,+19.4,FA	+2.36,+268.9,+19.8,KB	+6.15,+49.5,+19.8,CA	+2.38,+273.3,+25.6,DB	+2.18,+284.7,+25.2,NB	+2.20,+283.8,+25.4,KB	
1701296352.1510165	+6.70,+17.4,+19.4,FA	+2.36,+268.9,+19.9,JB	+6.15,+49.6,+19.8,@A	+2.38,+273.4,+25.6,CB	+2.18,+284.7,+25.2,NB	+2.20,+283.7,+25.4,DB	
1701296414.159367	+6.70,+17.3,+19.4,AA	+2.36,+268.9,+19.9,JB	+6.15,+49.6,+19.8,@A	+2.39,+272.7,+25.6,@B	+2.18,+284.6,+25.2,OB	+2.19,+284.4,+25.4,JB	
1701296476.168639	+6.70,+17.4,+19.4,FA	+2.36,+269.0,+19.9,BB	+6.15,+49.6,+19.8,@A	+2.37,+273.7,+25.6,OB	+2.18,+284.9,+25.2,@B	+2.20,+283.9,+25.4,JB	
1701296538.178749	+6.70,+17.3,+19.4,AA	+2.36,+268.9,+19.9,JB	+6.15,+49.6,+19.8,@A	+2.37,+273.9,+25.5,BB	+2.17,+285.1,+25.2,FB	+2.19,+284.2,+25.3,KB	
1701296600.185053	+6.70,+17.3,+19.4,AA	+2.36,+269.0,+19.9,BB	+6.15,+49.6,+19.8,@A	+2.37,+273.9,+25.6,AB	+2.17,+285.1,+25.2,FB	+2.18,+285.2,+25.4,LB	
1701296662.193827	+6.70,+17.3,+19.4,AA	+2.36,+268.9,+19.9,JB	+6.15,+49.6,+19.8,@A	+2.37,+273.8,+25.5,CB	+2.17,+285.1,+25.2,FB	+2.19,+284.1,+25.4,OB	
1701296724.2033913	+6.70,+17.3,+19.4,AA	+2.36,+268.9,+19.9,JB	+6.15,+49.6,+19.8,@A	+2.37,+273.8,+25.6,@B	+2.17,+285.1,+25.2,FB	+2.17,+285.3,+25.4,BB	
1701296786.2136004	+6.70,+17.3,+19.4,AA	+2.36,+268.9,+19.9,JB	+6.15,+49.6,+19.9,AA	+2.36,+274.2,+25.6,LB	+2.17,+285.2,+25.2,EB	+2.18,+285.1,+25.4,OB	
1701296848.223023	+6.70,+17.3,+19.4,AA	+2.36,+269.0,+19.9,BB	+6.15,+49.6,+19.8,@A	+2.38,+273.0,+25.5,DB	+2.18,+284.4,+25.2,MB	+2.19,+284.3,+25.4,MB	
1701296910.2321427	+6.70,+17.3,+19.4,AA	+2.36,+269.0,+19.9,BB	+6.15,+49.6,+19.8,@A	+2.36,+274.3,+25.6,MB	+2.17,+285.2,+25.2,EB	+2.18,+285.1,+25.4,OB	
1701296972.2418466	+6.70,+17.4,+19.4,FA	+2.36,+269.0,+19.9,BB	+6.15,+49.6,+19.8,@A	+2.37,+273.7,+25.6,OB	+2.18,+284.7,+25.2,NB	+2.18,+285.0,+25.4,NB	
1701297034.2485738	+6.70,+17.3,+19.4,AA	+2.36,+268.9,+19.9,JB	+6.15,+49.6,+19.8,@A	+2.36,+274.3,+25.6,MB	+2.17,+285.3,+25.2,DB	+2.19,+284.6,+25.4,HB	
1701297096.25828	+6.70,+17.3,+19.4,AA	+2.36,+269.0,+19.9,BB	+6.15,+49.6,+19.8,@A	+2.37,+273.6,+25.6,NB	+2.18,+284.7,+25.2,NB	+2.18,+284.7,+25.4,HB	
1701297341.827397	+6.70,+17.3,+19.4,AA	+2.36,+268.9,+19.9,JB	+6.15,+49.5,+19.8,CA	+2.37,+273.9,+25.6,AB	+2.18,+284.6,+25.2,OB	+2.20,+283.8,+25.4,KB	
1701297403.8360677	+6.70,+17.3,+19.4,AA	+2.36,+269.0,+19.9,BB	+6.15,+49.5,+19.8,CA	+2.37,+273.6,+25.6,NB	+2.18,+284.6,+25.2,OB	+2.19,+284.2,+25.4,LB	
1701297465.8439896	+6.70,+17.3,+19.4,AA	+2.36,+269.0,+19.9,BB	+6.15,+49.5,+19.8,CA	+2.38,+273.5,+25.6,BB	+2.18,+285.0,+25.2,HB	+2.18,+285.1,+25.4,OB	
1701297527.853396	+6.70,+17.2,+19.4,@A	+2.36,+268.9,+19.9,JB	+6.15,+49.6,+19.9,AA	+2.37,+274.0,+25.5,LB	+2.18,+284.5,+25.2,LB	+2.20,+283.8,+25.4,KB	
1701297589.864014	+6.70,+17.3,+19.4,AA	+2.36,+269.0,+19.9,BB	+6.15,+49.6,+19.8,@A	+2.36,+274.5,+25.5,HB	+2.17,+285.1,+25.2,FB	+2.20,+283.8,+25.4,KB	
1701297651.8743348	+6.70,+17.3,+19.4,AA	+2.36,+269.0,+19.8,CB	+6.15,+49.5,+19.8,CA	+2.36,+274.3,+25.5,NB	+2.18,+285.0,+25.2,HB	+2.20,+283.8,+25.3,LB	
1701297713.8840609	+6.70,+17.2,+19.4,@A	+2.36,+269.0,+19.8,CB	+6.15,+49.5,+19.8,CA	+2.38,+273.4,+25.6,CB	+2.17,+285.3,+25.2,DB	+2.18,+285.1,+25.4,OB	
1701297775.893847	+6.70,+17.3,+19.4,AA	+2.36,+268.9,+19.9,JB	+6.15,+49.6,+19.8,@A	+2.38,+273.1,+25.6,FB	+2.17,+285.1,+25.2,FB	+2.18,+285.2,+25.4,LB	
1701297837.901639	+6.70,+17.2,+19.4,@A	+2.36,+268.9,+19.9,JB	+6.15,+49.5,+19.8,CA	+2.37,+273.8,+25.5,CB	+2.18,+284.6,+25.2,OB	+2.19,+284.3,+25.3,JB	
1701297899.90758	+6.70,+17.3,+19.4,AA	+2.37,+268.9,+19.9,KB	+6.15,+49.5,+19.8,CA	+2.38,+273.5,+25.5,AB	+2.17,+285.1,+25.2,FB	+2.17,+285.3,+25.4,BB	
1701297961.9148915	+6.70,+17.2,+19.4,@A	+2.36,+268.9,+19.9,JB	+6.15,+49.5,+19.8,CA	+2.36,+274.6,+25.6,HB	+2.17,+285.1,+25.2,FB	+2.19,+284.2,+25.4,LB	
1701298023.9249516	+6.70,+17.3,+19.4,AA	+2.36,+269.0,+19.9,BB	+6.15,+49.6,+19.8,@A	+2.35,+275.0,+25.6,LB	+2.18,+284.5,+25.2,LB	+2.20,+283.6,+25.4,EB	
1701298085.9329314	+6.70,+17.3,+19.4,AA	+2.36,+269.0,+19.9,BB	+6.15,+49.5,+19.8,CA	+2.35,+275.0,+25.6,LB	+2.18,+284.6,+25.2,OB	+2.20,+283.7,+25.3,CB	
1701298147.9403353	+6.70,+17.2,+19.4,@A	+2.36,+269.0,+19.9,BB	+6.15,+49.6,+19.8,@A	+2.35,+274.8,+25.5,FB	+2.19,+284.4,+25.2,LB	+2.20,+284.0,+25.4,DB	
1701298209.9512532	+6.70,+17.3,+19.4,AA	+2.36,+269.0,+19.9,BB	+6.15,+49.6,+19.8,@A	+2.37,+273.8,+25.6,@B	+2.17,+285.0,+25.2,GB	+2.17,+285.2,+25.4,CB	
1701298271.96009	+6.70,+17.3,+19.4,AA	+2.36,+269.0,+19.9,BB	+6.15,+49.6,+19.8,@A	+2.36,+274.1,+25.6,OB	+2.17,+285.2,+25.2,EB	+2.18,+285.0,+25.4,NB	
1701298333.968768	+6.70,+17.3,+19.4,AA	+2.36,+269.0,+19.9,BB	+6.15,+49.6,+19.8,@A	+2.35,+275.0,+25.5,OB	+2.18,+284.5,+25.2,LB	+2.20,+284.0,+25.4,DB	
1701298395.978104	+6.70,+17.3,+19.4,AA	+2.36,+269.0,+19.9,BB	+6.15,+49.6,+19.8,@A	+2.36,+274.2,+25.6,LB	+2.18,+284.9,+25.2,@B	+2.19,+284.5,+25.4,KB	
1701298457.9881272	+6.70,+17.3,+19.4,AA	+2.36,+269.0,+19.9,BB	+6.15,+49.6,+19.8,@A	+2.36,+274.6,+25.6,HB	+2.18,+284.6,+25.2,OB	+2.20,+283.8,+25.4,KB	
1701298519.9961042	+6.70,+17.2,+19.4,@A	+2.36,+269.0,+19.8,CB	+6.15,+49.6,+19.8,@A	+2.38,+273.4,+25.5,@B	+2.17,+285.3,+25.2,DB	+2.17,+285.3,+25.4,BB	
1701298582.0043325	+6.70,+17.3,+19.4,AA	+2.36,+268.9,+19.8,KB	+6.14,+49.6,+19.8,AA	+2.38,+273.4,+25.6,CB	+2.17,+285.3,+25.2,DB	+2.18,+285.1,+25.4,OB	
1701298644.014037	+6.70,+17.2,+19.4,@A	+2.36,+268.9,+19.8,KB	+6.15,+49.6,+19.8,@A	+2.37,+273.7,+25.6,OB	+2.17,+285.2,+25.2,EB	+2.19,+284.4,+25.4,JB	
1701298706.02211	+6.70,+17.3,+19.4,AA	+2.36,+269.0,+19.8,CB	+6.15,+49.5,+19.8,CA	+2.36,+274.5,+25.6,KB	+2.18,+284.7,+25.2,NB	+2.21,+283.3,+25.4,AB	
1701298768.0293353	+6.70,+17.3,+19.4,AA	+2.36,+269.0,+19.8,CB	+6.15,+49.5,+19.8,CA	+2.37,+274.0,+25.6,OB	+2.17,+285.1,+25.2,FB	+2.19,+284.1,+25.4,OB	
1701298830.0393848	+6.70,+17.3,+19.4,AA	+2.36,+268.9,+19.8,KB	+6.15,+49.6,+19.8,@A	+2.38,+273.4,+25.6,CB	+2.17,+285.2,+25.2,EB	+2.19,+284.4,+25.4,JB	
1701298892.046398	+6.70,+17.4,+19.4,FA	+2.36,+269.0,+19.8,CB	+6.15,+49.5,+19.8,CA	+2.38,+273.3,+25.5,GB	+2.17,+285.3,+25.2,DB	+2.19,+284.2,+25.4,LB	
1701298954.0566294	+6.70,+17.3,+19.4,AA	+2.36,+268.9,+19.8,KB	+6.15,+49.6,+19.8,@A	+2.38,+273.1,+25.6,FB	+2.17,+285.1,+25.2,FB	+2.19,+284.4,+25.4,JB	
1701299016.0645187	+6.70,+17.2,+19.4,@A	+2.36,+269.0,+19.8,CB	+6.15,+49.6,+19.8,@A	+2.38,+273.4,+25.5,@B	+2.17,+285.4,+25.2,CB	+2.19,+284.6,+25.4,HB	
1701299078.0735106	+6.70,+17.3,+19.4,AA	+2.36,+268.9,+19.9,JB	+6.15,+49.5,+19.8,CA	+2.37,+273.9,+25.5,BB	+2.17,+285.0,+25.2,GB	+2.20,+283.6,+25.4,EB	
1701299140.0839684	+6.70,+17.3,+19.3,FA	+2.36,+269.0,+19.8,CB	+6.15,+49.6,+19.8,@A	+2.37,+273.8,+25.5,CB	+2.18,+285.0,+25.2,HB	+2.20,+283.5,+25.4,FB	
1701299202.0902746	+6.70,+17.3,+19.3,FA	+2.36,+268.9,+19.9,JB	+6.15,+49.6,+19.8,@A	+2.37,+274.0,+25.6,OB	+2.18,+284.7,+25.2,NB	+2.21,+283.2,+25.4,@B	
1701299264.1004033	+6.70,+17.3,+19.4,AA	+2.36,+269.0,+19.8,CB	+6.15,+49.5,+19.8,CA	+2.37,+273.7,+25.6,OB	+2.17,+285.4,+25.2,CB	+2.19,+284.4,+25.4,JB	
1701299326.1059074	+6.70,+17.3,+19.3,FA	+2.36,+268.9,+19.8,KB	+6.15,+49.5,+19.8,CA	+2.36,+274.7,+25.6,IB	+2.18,+284.8,+25.2,AB	+2.21,+283.3,+25.4,AB	
1701299388.1134143	+6.70,+17.4,+19.3,AA	+2.36,+269.0,+19.8,CB	+6.14,+49.6,+19.8,AA	+2.35,+274.8,+25.6,EB	+2.17,+285.1,+25.2,FB	+2.20,+283.7,+25.4,DB	
1701299450.1225533	+6.70,+17.4,+19.4,FA	+2.36,+269.0,+19.8,CB	+6.15,+49.5,+19.8,CA	+2.35,+274.8,+25.6,EB	+2.18,+284.9,+25.2,@B	+2.20,+283.5,+25.4,FB	
1701299512.1322465	+6.70,+17.4,+19.4,FA	+2.36,+269.0,+19.8,CB	+6.14,+49.6,+19.8,AA	+2.37,+274.1,+25.5,MB	+2.18,+284.6,+25.2,OB	+2.20,+283.8,+25.4,KB	
1701299574.1420155	+6.70,+17.4,+19.3,AA	+2.36,+268.9,+19.9,JB	+6.15,+49.6,+19.8,@A	+2.37,+273.6,+25.5,MB	+2.18,+284.9,+25.2,@B	+2.18,+284.8,+25.3,@B	
1701299636.148749	+6.70,+17.4,+19.3,AA	+2.36,+268.9,+19.8,KB	+6.15,+49.5,+19.8,CA	+2.37,+273.7,+25.6,OB	+2.17,+285.3,+25.2,DB	+2.18,+285.1,+25.4,OB	
1701299698.1567838	+6.70,+17.4,+19.3,AA	+2.36,+269.0,+19.9,BB	+6.15,+49.6,+19.8,@A	+2.36,+274.5,+25.5,HB	+2.17,+285.4,+25.2,CB	+2.19,+284.4,+25.4,JB	
1701299760.1616333	+6.70,+17.4,+19.4,FA	+2.36,+268.9,+19.8,KB	+6.15,+49.6,+19.8,@A	+2.36,+274.3,+25.6,MB	+2.17,+285.4,+25.2,CB	+2.19,+284.1,+25.4,OB	
1701299822.169011	+6.70,+17.4,+19.4,FA	+2.36,+269.0,+19.8,CB	+6.15,+49.5,+19.8,CA	+2.38,+273.2,+25.6,EB	+2.18,+284.7,+25.2,NB	+2.18,+284.7,+25.3,OB	
1701299884.177782	+6.70,+17.4,+19.3,AA	+2.36,+269.0,+19.9,BB	+6.15,+49.6,+19.8,@A	+2.36,+274.7,+25.6,IB	+2.17,+285.1,+25.2,FB	+2.20,+283.6,+25.4,EB	
1701299946.185842	+6.70,+17.4,+19.3,AA	+2.36,+269.0,+19.8,CB	+6.15,+49.5,+19.8,CA	+2.36,+274.5,+25.5,HB	+2.18,+285.0,+25.2,HB	+2.20,+283.5,+25.4,FB	
1701300008.1947513	+6.70,+17.4,+19.3,AA	+2.36,+268.9,+19.8,KB	+6.15,+49.6,+19.8,@A	+2.36,+274.3,+25.6,MB	+2.17,+285.2,+25.2,EB	+2.18,+285.0,+25.4,NB	
1701300070.2043734	+6.70,+17.4,+19.4,FA	+2.36,+268.9,+19.8,KB	+6.15,+49.6,+19.8,@A	+2.37,+273.8,+25.6,@B	+2.18,+284.6,+25.2,OB	+2.19,+284.5,+25.4,KB	
1701300132.2136323	+6.70,+17.4,+19.4,FA	+2.36,+268.9,+19.8,KB	+6.15,+49.5,+19.8,CA	+2.36,+274.7,+25.6,IB	+2.17,+285.2,+25.2,EB	+2.20,+283.6,+25.4,EB	
1701300194.218883	+6.70,+17.4,+19.4,FA	+2.36,+268.9,+19.8,KB	+6.15,+49.5,+19.8,CA	+2.35,+274.8,+25.5,FB	+2.17,+285.4,+25.2,CB	+2.19,+284.2,+25.4,LB	
1701300256.2276487	+6.70,+17.4,+19.3,AA	+2.36,+268.9,+19.8,KB	+6.15,+49.6,+19.8,@A	+2.36,+274.5,+25.6,KB	+2.17,+285.3,+25.2,DB	+2.18,+284.6,+25.4,IB	
1701300318.2372503	+6.70,+17.5,+19.4,GA	+2.36,+268.9,+19.8,KB	+6.15,+49.5,+19.8,CA	+2.36,+274.4,+25.6,JB	+2.17,+285.2,+25.2,EB	+2.18,+284.9,+25.4,FB	
1701300380.2468846	+6.70,+17.4,+19.3,AA	+2.36,+269.0,+19.8,CB	+6.14,+49.6,+19.8,AA	+2.35,+274.7,+25.5,IB	+2.17,+285.3,+25.2,DB	+2.20,+283.6,+25.4,EB	
1701300442.256049	+6.70,+17.4,+19.3,AA	+2.36,+268.9,+19.8,KB	+6.15,+49.6,+19.8,@A	+2.37,+273.8,+25.5,CB	+2.18,+285.0,+25.2,HB	+2.20,+283.8,+25.4,KB	
1701300504.264018	+6.70,+17.4,+19.3,AA	+2.36,+268.9,+19.8,KB	+6.15,+49.5,+19.8,CA	+2.36,+274.2,+25.5,OB	+2.17,+285.2,+25.2,EB	+2.18,+284.9,+25.4,FB	
1701300566.273975	+6.70,+17.4,+19.3,AA	+2.36,+269.0,+19.8,CB	+6.15,+49.5,+19.8,CA	+2.36,+274.4,+25.5,IB	+2.17,+285.1,+25.2,FB	+2.18,+284.8,+25.4,GB	
1701300628.2812743	+6.70,+17.4,+19.3,AA	+2.36,+268.9,+19.8,KB	+6.15,+49.5,+19.8,CA	+2.37,+273.9,+25.5,BB	+2.18,+285.0,+25.2,HB	+2.18,+285.1,+25.4,OB	
1701300690.2898364	+6.70,+17.5,+19.3,@A	+2.36,+268.9,+19.8,KB	+6.15,+49.5,+19.8,CA	+2.36,+274.7,+25.6,IB	+2.17,+285.3,+25.2,DB	+2.19,+284.3,+25.4,MB	
1701300752.300496	+6.70,+17.4,+19.3,AA	+2.36,+268.9,+19.8,KB	+6.15,+49.5,+19.8,CA	+2.36,+274.2,+25.6,LB	+2.17,+285.4,+25.2,CB	+2.20,+283.5,+25.4,FB	
1701300814.3107913	+6.70,+17.4,+19.3,AA	+2.36,+268.9,+19.8,KB	+6.15,+49.5,+19.8,CA	+2.37,+274.0,+25.6,OB	+2.17,+285.3,+25.2,DB	+2.20,+283.5,+25.4,FB	
1701300876.3187237	+6.70,+17.4,+19.4,FA	+2.36,+268.9,+19.8,KB	+6.15,+49.5,+19.8,CA	+2.36,+274.6,+25.6,HB	+2.17,+285.1,+25.2,FB	+2.19,+284.6,+25.4,HB	
1701300938.3281124	+6.70,+17.4,+19.4,FA	+2.36,+269.2,+19.8,AB	+6.15,+49.5,+19.8,CA	+2.37,+274.0,+25.6,OB	+2.18,+284.6,+25.2,OB	+2.18,+285.0,+25.4,NB	
1701301183.9740303	+6.70,+17.4,+19.3,AA	+2.36,+268.9,+19.8,KB	+6.15,+49.5,+19.8,CA	+2.35,+274.9,+25.5,GB	+2.17,+285.3,+25.2,DB	+2.20,+283.8,+25.4,KB	
1701301245.981952	+6.70,+17.4,+19.3,AA	+2.36,+268.9,+19.8,KB	+6.15,+49.5,+19.8,CA	+2.37,+274.1,+25.6,NB	+2.18,+284.5,+25.2,LB	+2.18,+285.2,+25.4,LB	
1701301307.9922156	+6.70,+17.4,+19.3,AA	+2.36,+268.9,+19.8,KB	+6.15,+49.5,+19.8,CA	+2.37,+273.9,+25.5,BB	+2.18,+284.6,+25.2,OB	+2.17,+285.2,+25.3,DB	
1701301370.002251	+6.70,+17.4,+19.3,AA	+2.36,+268.9,+19.8,KB	+6.15,+49.5,+19.8,CA	+2.36,+274.2,+25.5,OB	+2.18,+284.7,+25.2,NB	+2.18,+284.9,+25.4,FB	
1701301432.010573	+6.70,+17.4,+19.3,AA	+2.36,+268.9,+19.8,KB	+6.15,+49.5,+19.8,CA	+2.36,+274.2,+25.5,OB	+2.18,+284.6,+25.2,OB	+2.18,+285.0,+25.4,NB	
1701301494.021426	+6.70,+17.4,+19.3,AA	+2.36,+268.9,+19.8,KB	+6.15,+49.5,+19.8,CA	+2.36,+274.7,+25.5,JB	+2.18,+284.8,+25.2,AB	+2.19,+284.6,+25.4,HB	
1701301556.0305047	+6.70,+17.4,+19.3,AA	+2.36,+268.9,+19.8,KB	+6.15,+49.5,+19.8,CA	+2.37,+273.7,+25.5,LB	+2.17,+285.3,+25.2,DB	+2.20,+283.6,+25.4,EB	
1701301618.0395923	+6.70,+17.4,+19.3,AA	+2.36,+268.9,+19.8,KB	+6.15,+49.5,+19.8,CA	+2.37,+273.8,+25.5,CB	+2.17,+285.4,+25.2,CB	+2.20,+283.8,+25.4,KB	
1701301680.0477655	+6.70,+17.4,+19.3,AA	+2.36,+268.9,+19.8,KB	+6.15,+49.5,+19.8,CA	+2.36,+274.3,+25.6,MB	+2.17,+285.4,+25.2,CB	+2.20,+283.6,+25.4,EB	
1701301742.0559719	+6.70,+17.4,+19.3,AA	+2.36,+269.0,+19.8,CB	+6.15,+49.5,+19.8,CA	+2.36,+274.4,+25.6,JB	+2.18,+284.9,+25.2,@B	+2.18,+285.0,+25.4,NB	
1701301804.0665872	+6.70,+17.4,+19.3,AA	+2.36,+268.9,+19.8,KB	+6.15,+49.4,+19.8,BA	+2.34,+275.4,+25.6,IB	+2.18,+284.8,+25.2,AB	+2.19,+284.5,+25.4,KB	
1701301866.0734606	+6.70,+17.4,+19.3,AA	+2.36,+268.9,+19.8,KB	+6.15,+49.5,+19.8,CA	+2.34,+275.4,+25.6,IB	+2.18,+284.7,+25.2,NB	+2.18,+284.7,+25.4,HB	
1701301928.0824392	+6.70,+17.4,+19.3,AA	+2.36,+268.9,+19.8,KB	+6.15,+49.5,+19.8,CA	+2.36,+274.2,+25.5,OB	+2.17,+285.4,+25.2,CB	+2.20,+283.5,+25.4,FB	
1701301990.092385	+6.70,+17.4,+19.3,AA	+2.36,+268.9,+19.8,KB	+6.15,+49.5,+19.8,CA	+2.36,+274.3,+25.6,MB	+2.17,+285.4,+25.2,CB	+2.20,+283.5,+25.4,FB	
1701302052.1006403	+6.70,+17.4,+19.3,AA	+2.36,+268.9,+19.8,KB	+6.15,+49.5,+19.8,CA	+2.36,+274.3,+25.6,MB	+2.17,+285.3,+25.2,DB	+2.20,+283.8,+25.4,KB	
1701302114.1112337	+6.70,+17.4,+19.3,AA	+2.36,+268.9,+19.8,KB	+6.15,+49.5,+19.8,CA	+2.35,+275.2,+25.6,NB	+2.18,+284.8,+25.2,AB	+2.18,+285.1,+25.4,OB	
1701302176.120025	+6.70,+17.4,+19.3,AA	+2.36,+268.9,+19.8,KB	+6.15,+49.5,+19.8,CA	+2.36,+274.5,+25.6,KB	+2.17,+285.3,+25.2,DB	+2.20,+283.6,+25.4,EB	
1701302238.1295033	+6.70,+17.4,+19.3,AA	+2.36,+268.9,+19.8,KB	+6.15,+49.5,+19.8,CA	+2.36,+274.5,+25.5,HB	+2.17,+285.2,+25.2,EB	+2.18,+284.6,+25.4,IB	
1701302300.1390402	+6.70,+17.4,+19.3,AA	+2.36,+269.0,+19.8,CB	+6.15,+49.5,+19.8,CA	+2.34,+275.3,+25.6,NB	+2.18,+284.8,+25.2,AB	+2.17,+285.3,+25.4,BB	
1701302362.146915	+6.70,+17.4,+19.3,AA	+2.36,+268.9,+19.8,KB	+6.15,+49.5,+19.8,CA	+2.35,+275.2,+25.6,NB	+2.18,+284.8,+25.2,AB	+2.17,+285.2,+25.4,CB	
1701302424.156221	+6.70,+17.4,+19.3,AA	+2.36,+268.9,+19.8,KB	+6.15,+49.5,+19.8,CA	+2.34,+275.6,+25.5,HB	+2.18,+284.7,+25.2,NB	+2.17,+285.2,+25.4,CB	
1701302486.1661212	+6.70,+17.4,+19.3,AA	+2.36,+268.9,+19.8,KB	+6.15,+49.5,+19.8,CA	+2.35,+274.8,+25.5,FB	+2.17,+285.3,+25.2,DB	+2.19,+284.5,+25.4,KB	
1701302548.1751728	+6.70,+17.4,+19.3,AA	+2.36,+268.9,+19.8,KB	+6.15,+49.5,+19.8,CA	+2.34,+275.4,+25.5,JB	+2.18,+284.9,+25.2,@B	+2.18,+285.2,+25.4,LB	
1701302610.181323	+6.70,+17.4,+19.3,AA	+2.36,+268.9,+19.8,KB	+6.15,+49.4,+19.8,BA	+2.35,+275.3,+25.5,LB	+2.17,+285.1,+25.2,FB	+2.18,+285.0,+25.4,NB	
1701302672.1914825	+6.70,+17.3,+19.3,FA	+2.36,+268.9,+19.8,KB	+6.15,+49.5,+19.8,CA	+2.35,+275.0,+25.6,LB	+2.18,+284.6,+25.2,OB	+2.19,+284.1,+25.4,OB	
1701302734.2008014	+6.70,+17.4,+19.3,AA	+2.36,+269.0,+19.8,CB	+6.15,+49.4,+19.8,BA	+2.35,+275.1,+25.6,MB	+2.18,+284.6,+25.2,OB	+2.19,+284.3,+25.4,MB	
1701302796.2085013	+6.70,+17.3,+19.3,FA	+2.36,+268.9,+19.8,KB	+6.15,+49.4,+19.8,BA	+2.36,+274.6,+25.5,KB	+2.18,+284.8,+25.2,AB	+2.20,+283.6,+25.3,BB	
1701302858.2171452	+6.70,+17.4,+19.3,AA	+2.36,+268.9,+19.8,KB	+6.15,+49.5,+19.8,CA	+2.35,+275.2,+25.5,MB	+2.17,+285.1,+25.2,FB	+2.17,+285.3,+25.4,BB	
1701302920.2241132	+6.70,+17.4,+19.3,AA	+2.36,+268.9,+19.8,KB	+6.15,+49.4,+19.8,BA	+2.35,+275.2,+25.5,MB	+2.18,+284.4,+25.2,MB	+2.19,+284.2,+25.4,LB	
1701302982.2340405	+6.70,+17.4,+19.3,AA	+2.36,+268.9,+19.8,KB	+6.15,+49.5,+19.8,CA	+2.35,+275.1,+25.6,MB	+2.18,+284.5,+25.2,LB	+2.18,+284.7,+25.4,HB	
1701303044.2430427	+6.70,+17.4,+19.3,AA	+2.36,+269.0,+19.8,CB	+6.15,+49.5,+19.8,CA	+2.36,+274.4,+25.5,IB	+2.18,+284.5,+25.2,LB	+2.19,+284.1,+25.4,OB	
1701303106.251966	+6.70,+17.4,+19.3,AA	+2.36,+268.9,+19.8,KB	+6.15,+49.4,+19.8,BA	+2.37,+273.9,+25.6,AB	+2.17,+285.1,+25.2,FB	+2.20,+283.7,+25.4,DB	
1701303168.2616217	+6.70,+17.4,+19.3,AA	+2.36,+269.0,+19.8,CB	+6.15,+49.5,+19.8,CA	+2.36,+274.5,+25.5,HB	+2.18,+284.7,+25.2,NB	+2.20,+283.6,+25.4,EB	
1701303230.2708774	+6.70,+17.4,+19.3,AA	+2.36,+268.9,+19.8,KB	+6.15,+49.4,+19.8,BA	+2.35,+275.0,+25.6,LB	+2.18,+284.6,+25.2,OB	+2.19,+284.4,+25.3,MB	
1701303292.2795537	+6.70,+17.4,+19.3,AA	+2.36,+269.0,+19.8,CB	+6.15,+49.4,+19.8,BA	+2.36,+274.5,+25.6,KB	+2.18,+284.6,+25.2,OB	+2.20,+283.7,+25.4,DB	
1701303354.2847514	+6.70,+17.4,+19.3,AA	+2.36,+268.9,+19.8,KB	+6.15,+49.5,+19.8,CA	+2.36,+274.7,+25.5,JB	+2.18,+284.6,+25.2,OB	+2.20,+283.6,+25.4,EB	
1701303416.2939656	+6.70,+17.3,+19.3,FA	+2.36,+268.9,+19.8,KB	+6.15,+49.4,+19.8,BA	+2.34,+275.6,+25.6,KB	+2.17,+285.3,+25.2,DB	+2.18,+285.2,+25.4,LB	
1701303478.300193	+6.70,+17.4,+19.3,AA	+2.36,+269.0,+19.8,CB	+6.15,+49.4,+19.8,BA	+2.35,+275.2,+25.6,NB	+2.17,+285.3,+25.2,DB	+2.18,+285.0,+25.4,NB	
1701303540.3073022	+6.70,+17.3,+19.3,FA	+2.36,+268.9,+19.8,KB	+6.15,+49.5,+19.8,CA	+2.35,+275.2,+25.6,NB	+2.17,+285.1,+25.2,FB	+2.19,+284.4,+25.4,JB	
1701303602.318334	+6.70,+17.4,+19.3,AA	+2.36,+268.9,+19.8,KB	+6.15,+49.4,+19.8,BA	+2.34,+275.6,+25.5,HB	+2.18,+284.6,+25.2,OB	+2.19,+284.5,+25.4,KB	
1701303664.32847	+6.70,+17.3,+19.3,FA	+2.36,+268.9,+19.8,KB	+6.15,+49.4,+19.8,BA	+2.35,+275.3,+25.6,OB	+2.17,+285.1,+25.2,FB	+2.18,+285.0,+25.4,NB	
1701303726.3370261	+6.70,+17.4,+19.3,AA	+2.36,+269.0,+19.8,CB	+6.15,+49.4,+19.8,BA	+2.36,+274.1,+25.6,OB	+2.18,+284.6,+25.2,OB	+2.20,+283.7,+25.4,DB	
1701303788.345727	+6.70,+17.4,+19.3,AA	+2.36,+268.9,+19.8,KB	+6.15,+49.4,+19.8,BA	+2.34,+275.7,+25.6,JB	+2.17,+285.1,+25.2,FB	+2.17,+285.3,+25.3,EB	
1701303850.354049	+6.70,+17.4,+19.3,AA	+2.36,+269.0,+19.8,CB	+6.15,+49.4,+19.8,BA	+2.36,+274.3,+25.6,MB	+2.18,+284.5,+25.2,LB	+2.20,+283.7,+25.4,DB	
1701303912.360749	+6.70,+17.4,+19.3,AA	+2.36,+269.0,+19.8,CB	+6.15,+49.4,+19.8,BA	+2.37,+273.6,+25.5,MB	+2.18,+284.5,+25.2,LB	+2.20,+283.7,+25.4,DB	
1701303974.3693097	+6.70,+17.4,+19.3,AA	+2.36,+269.0,+19.8,CB	+6.15,+49.4,+19.8,BA	+2.36,+274.4,+25.6,JB	+2.18,+284.8,+25.2,AB	+2.19,+284.5,+25.4,KB	
1701304036.3784704	+6.70,+17.3,+19.3,FA	+2.36,+269.0,+19.8,CB	+6.15,+49.3,+19.8,EA	+2.37,+273.8,+25.6,@B	+2.18,+284.7,+25.2,NB	+2.20,+284.0,+25.4,DB	
1701304098.3886843	+6.70,+17.4,+19.3,AA	+2.36,+268.9,+19.8,KB	+6.15,+49.4,+19.8,BA	+2.35,+275.1,+25.6,MB	+2.17,+285.3,+25.2,DB	+2.17,+285.4,+25.4,EB	
1701304160.3990922	+6.70,+17.4,+19.3,AA	+2.36,+269.0,+19.8,CB	+6.15,+49.4,+19.8,BA	+2.36,+274.6,+25.6,HB	+2.18,+284.9,+25.2,@B	+2.19,+284.5,+25.4,KB	
1701304222.405192	+6.70,+17.4,+19.3,AA	+2.36,+269.0,+19.8,CB	+6.15,+49.4,+19.8,BA	+2.36,+274.2,+25.6,LB	+2.17,+285.1,+25.2,FB	+2.18,+285.0,+25.4,NB	
1701304284.413874	+6.70,+17.4,+19.3,AA	+2.36,+268.9,+19.8,KB	+6.15,+49.3,+19.7,JA	+2.36,+274.5,+25.5,HB	+2.17,+285.3,+25.2,DB	+2.17,+285.3,+25.4,BB	
1701304346.4217603	+6.70,+17.4,+19.3,AA	+2.36,+268.9,+19.8,KB	+6.15,+49.4,+19.8,BA	+2.37,+273.7,+25.5,LB	+2.18,+284.7,+25.2,NB	+2.19,+284.1,+25.4,OB	
1701304408.4305942	+6.70,+17.4,+19.3,AA	+2.36,+268.9,+19.8,KB	+6.15,+49.3,+19.7,JA	+2.36,+274.3,+25.6,MB	+2.18,+284.9,+25.2,@B	+2.18,+284.8,+25.4,GB	
1701304470.439318	+6.70,+17.4,+19.3,AA	+2.36,+269.0,+19.8,CB	+6.15,+49.3,+19.7,JA	+2.36,+274.6,+25.5,KB	+2.18,+285.0,+25.2,HB	+2.18,+285.0,+25.4,NB	
1701304532.4479823	+6.70,+17.4,+19.3,AA	+2.36,+269.0,+19.8,CB	+6.15,+49.3,+19.7,JA	+2.35,+274.9,+25.6,DB	+2.17,+285.1,+25.2,FB	+2.17,+285.3,+25.4,BB	
1701304594.4579859	+6.70,+17.5,+19.3,@A	+2.36,+268.9,+19.8,KB	+6.15,+49.4,+19.7,MA	+2.37,+274.0,+25.6,OB	+2.18,+285.0,+25.2,HB	+2.19,+284.3,+25.4,MB	
1701304656.4642763	+6.70,+17.5,+19.3,@A	+2.36,+269.0,+19.8,CB	+6.15,+49.3,+19.7,JA	+2.36,+274.5,+25.5,HB	+2.18,+284.8,+25.2,AB	+2.19,+284.6,+25.4,HB	
1701304718.4738932	+6.70,+17.5,+19.3,@A	+2.36,+268.9,+19.8,KB	+6.15,+49.3,+19.7,JA	+2.35,+275.0,+25.6,LB	+2.17,+285.0,+25.2,GB	+2.18,+285.2,+25.4,LB	
1701304780.48267	+6.70,+17.5,+19.3,@A	+2.36,+269.0,+19.8,CB	+6.15,+49.3,+19.7,JA	+2.37,+274.0,+25.6,OB	+2.18,+284.9,+25.2,@B	+2.19,+284.2,+25.4,LB	
1701305026.0439556	+6.70,+17.5,+19.3,@A	+2.36,+268.9,+19.8,KB	+6.15,+49.3,+19.7,JA	+2.34,+275.6,+25.5,HB	+2.18,+284.9,+25.2,@B	+2.17,+285.3,+25.4,BB	
1701305088.053167	+6.70,+17.6,+19.3,CA	+2.36,+269.0,+19.8,CB	+6.15,+49.3,+19.7,JA	+2.35,+274.8,+25.5,FB	+2.17,+285.3,+25.2,DB	+2.20,+284.0,+25.4,DB	
1701305150.0603223	+6.70,+17.6,+19.3,CA	+2.36,+268.9,+19.8,KB	+6.15,+49.3,+19.7,JA	+2.35,+275.1,+25.6,MB	+2.18,+284.5,+25.2,LB	+2.18,+284.9,+25.4,FB	
1701305212.0701911	+6.70,+17.5,+19.3,@A	+2.36,+268.9,+19.8,KB	+6.15,+49.3,+19.7,JA	+2.34,+275.8,+25.5,FB	+2.17,+285.2,+25.2,EB	+2.18,+284.9,+25.4,FB	
1701305274.076237	+6.70,+17.5,+19.3,@A	+2.36,+268.9,+19.8,KB	+6.15,+49.3,+19.7,JA	+2.33,+275.9,+25.6,CB	+2.18,+284.9,+25.2,@B	+2.17,+285.4,+25.4,EB	
1701305336.086707	+6.70,+17.5,+19.3,@A	+2.36,+268.9,+19.8,KB	+6.15,+49.2,+19.7,KA	+2.35,+275.3,+25.6,OB	+2.17,+285.3,+25.2,DB	+2.19,+284.2,+25.4,LB	
1701305398.0924146	+6.70,+17.5,+19.3,@A	+2.36,+268.9,+19.8,KB	+6.15,+49.2,+19.8,DA	+2.35,+275.3,+25.5,LB	+2.17,+285.3,+25.2,DB	+2.19,+284.1,+25.4,OB	
1701305460.09909	+6.70,+17.5,+19.3,@A	+2.36,+268.9,+19.8,KB	+6.15,+49.2,+19.7,KA	+2.36,+274.6,+25.6,HB	+2.18,+284.8,+25.2,AB	+2.20,+283.9,+25.3,MB	
1701305522.106219	+6.70,+17.5,+19.3,@A	+2.36,+269.0,+19.8,CB	+6.15,+49.3,+19.8,EA	+2.35,+275.1,+25.5,NB	+2.18,+284.5,+25.2,LB	+2.18,+284.7,+25.4,HB	
1701305584.115757	+6.70,+17.5,+19.3,@A	+2.36,+268.9,+19.8,KB	+6.15,+49.3,+19.7,JA	+2.35,+274.9,+25.5,GB	+2.18,+284.6,+25.2,OB	+2.19,+284.1,+25.4,OB	
1701305646.1242175	+6.70,+17.5,+19.3,@A	+2.36,+268.9,+19.8,KB	+6.15,+49.3,+19.7,JA	+2.35,+275.0,+25.6,LB	+2.18,+284.8,+25.2,AB	+2.20,+283.7,+25.4,DB	
1701305708.13211	+6.70,+17.5,+19.3,@A	+2.36,+269.0,+19.8,CB	+6.15,+49.2,+19.7,KA	+2.35,+275.2,+25.6,NB	+2.18,+284.9,+25.2,@B	+2.17,+285.3,+25.4,BB	
1701305770.142226	+6.70,+17.5,+19.3,@A	+2.36,+269.0,+19.8,CB	+6.15,+49.2,+19.7,KA	+2.35,+274.8,+25.6,EB	+2.18,+284.8,+25.2,AB	+2.20,+283.8,+25.4,KB	
1701305832.149001	+6.70,+17.5,+19.3,@A	+2.36,+268.9,+19.7,DB	+6.15,+49.3,+19.7,JA	+2.33,+276.1,+25.6,HB	+2.17,+285.4,+25.2,CB	+2.18,+284.7,+25.4,HB	
1701305894.1570148	+6.70,+17.5,+19.3,@A	+2.36,+268.9,+19.8,KB	+6.15,+49.3,+19.7,JA	+2.34,+275.3,+25.6,NB	+2.18,+284.7,+25.2,NB	+2.18,+285.1,+25.4,OB	
1701305956.1647856	+6.70,+17.6,+19.3,CA	+2.36,+269.0,+19.8,CB	+6.15,+49.2,+19.7,KA	+2.35,+275.3,+25.6,OB	+2.18,+284.9,+25.2,@B	+2.18,+285.2,+25.4,LB	
1701306018.1742673	+6.70,+17.5,+19.3,@A	+2.36,+268.9,+19.7,DB	+6.15,+49.2,+19.7,KA	+2.35,+274.9,+25.5,GB	+2.18,+284.6,+25.2,OB	+2.20,+283.8,+25.4,KB	
1701306080.1838598	+6.70,+17.5,+19.3,@A	+2.36,+268.9,+19.8,KB	+6.15,+49.2,+19.7,KA	+2.35,+274.8,+25.6,EB	+2.18,+284.6,+25.2,OB	+2.19,+284.3,+25.4,MB	
1701306142.191475	+6.70,+17.5,+19.3,@A	+2.36,+268.9,+19.8,KB	+6.15,+49.3,+19.7,JA	+2.35,+275.2,+25.5,MB	+2.17,+285.2,+25.2,EB	+2.17,+285.4,+25.4,EB	
1701306204.198779	+6.70,+17.5,+19.3,@A	+2.36,+269.0,+19.7,LB	+6.15,+49.2,+19.7,KA	+2.36,+274.7,+25.6,IB	+2.18,+284.8,+25.2,AB	+2.20,+283.7,+25.4,DB	
1701306266.2055788	+6.70,+17.5,+19.3,@A	+2.36,+268.9,+19.8,KB	+6.15,+49.2,+19.7,KA	+2.34,+275.6,+25.6,KB	+2.17,+285.3,+25.2,DB	+2.19,+284.6,+25.4,HB	
1701306328.213703	+6.70,+17.5,+19.3,@A	+2.36,+269.0,+19.8,CB	+6.15,+49.2,+19.7,KA	+2.36,+274.4,+25.6,JB	+2.18,+284.6,+25.2,OB	+2.20,+284.0,+25.4,DB	
1701306390.2211359	+6.70,+17.5,+19.3,@A	+2.36,+269.0,+19.8,CB	+6.15,+49.1,+19.7,HA	+2.35,+275.1,+25.5,NB	+2.17,+285.2,+25.2,EB	+2.17,+285.3,+25.4,BB	
1701306452.2278597	+6.70,+17.4,+19.3,AA	+2.36,+268.9,+19.7,DB	+6.15,+49.2,+19.7,KA	+2.35,+275.0,+25.6,LB	+2.18,+284.6,+25.2,OB	+2.20,+283.6,+25.4,EB	
1701306514.2369745	+6.70,+17.5,+19.2,AA	+2.36,+268.9,+19.8,KB	+6.15,+49.1,+19.7,HA	+2.34,+275.4,+25.6,IB	+2.18,+284.8,+25.2,AB	+2.20,+283.7,+25.4,DB	
1701306576.2427623	+6.70,+17.5,+19.3,@A	+2.36,+269.0,+19.7,LB	+6.15,+49.1,+19.7,HA	+2.36,+274.4,+25.5,IB	+2.18,+284.5,+25.2,LB	+2.20,+283.6,+25.3,BB	
1701306638.2524598	+6.70,+17.5,+19.3,@A	+2.36,+268.9,+19.8,KB	+6.15,+49.2,+19.7,KA	+2.37,+274.0,+25.6,OB	+2.18,+284.8,+25.2,AB	+2.19,+284.5,+25.4,KB	
1701306700.2586966	+6.70,+17.5,+19.3,@A	+2.36,+268.9,+19.8,KB	+6.15,+49.1,+19.7,HA	+2.35,+275.0,+25.6,LB	+2.17,+285.3,+25.2,DB	+2.17,+285.2,+25.4,CB	
1701306762.2666414	+6.70,+17.5,+19.3,@A	+2.36,+268.9,+19.8,KB	+6.15,+49.1,+19.7,HA	+2.36,+274.2,+25.6,LB	+2.18,+284.9,+25.2,@B	+2.18,+284.7,+25.4,HB	
1701306824.2755659	+6.70,+17.4,+19.3,AA	+2.36,+268.9,+19.8,KB	+6.15,+49.2,+19.7,KA	+2.34,+275.4,+25.6,IB	+2.18,+284.9,+25.2,@B	+2.19,+284.3,+25.4,MB	
1701306886.2853913	+6.70,+17.4,+19.3,AA	+2.36,+268.9,+19.8,KB	+6.15,+49.1,+19.7,HA	+2.35,+275.1,+25.6,MB	+2.18,+284.9,+25.2,@B	+2.19,+284.3,+25.4,MB	
1701306948.2947357	+6.70,+17.4,+19.3,AA	+2.36,+269.0,+19.8,CB	+6.15,+49.1,+19.7,HA	+2.36,+274.3,+25.5,NB	+2.17,+285.4,+25.2,CB	+2.17,+285.2,+25.3,DB	
1701307010.3018148	+6.70,+17.4,+19.3,AA	+2.36,+269.0,+19.7,LB	+6.15,+49.1,+19.8,GA	+2.36,+274.3,+25.6,MB	+2.18,+284.6,+25.2,OB	+2.20,+283.5,+25.3,AB	
1701307072.3112946	+6.70,+17.4,+19.2,@A	+2.36,+268.9,+19.7,DB	+6.15,+49.0,+19.7,IA	+2.35,+275.0,+25.6,LB	+2.17,+285.2,+25.2,EB	+2.18,+284.9,+25.4,FB	
1701307134.3198318	+6.70,+17.4,+19.3,AA	+2.36,+268.9,+19.7,DB	+6.15,+49.1,+19.7,HA	+2.36,+274.6,+25.5,KB	+2.17,+285.4,+25.2,CB	+2.17,+285.2,+25.3,DB	
1701307196.3292758	+6.70,+17.4,+19.3,AA	+2.36,+269.0,+19.7,LB	+6.15,+49.1,+19.7,HA	+2.35,+275.0,+25.6,LB	+2.18,+284.6,+25.2,OB	+2.20,+283.5,+25.4,FB	
1701307258.3375156	+6.70,+17.4,+19.3,AA	+2.36,+268.9,+19.8,KB	+6.15,+49.0,+19.8,FA	+2.34,+275.5,+25.6,HB	+2.18,+284.7,+25.2,NB	+2.19,+284.2,+25.4,LB	
1701307320.3448524	+6.70,+17.4,+19.3,AA	+2.36,+268.9,+19.8,KB	+6.15,+49.1,+19.7,HA	+2.36,+274.4,+25.6,JB	+2.18,+284.7,+25.2,NB	+2.20,+283.8,+25.4,KB	
1701307382.3554668	+6.70,+17.4,+19.3,AA	+2.36,+268.9,+19.8,KB	+6.15,+49.1,+19.7,HA	+2.34,+275.3,+25.6,NB	+2.18,+284.5,+25.2,LB	+2.20,+283.9,+25.4,JB	
1701307444.3642378	+6.70,+17.3,+19.3,FA	+2.36,+269.0,+19.7,LB	+6.15,+49.1,+19.7,HA	+2.36,+274.2,+25.6,LB	+2.17,+285.2,+25.2,EB	+2.19,+284.6,+25.4,HB	
1701307506.3744433	+6.70,+17.4,+19.3,AA	+2.36,+268.9,+19.8,KB	+6.15,+49.1,+19.7,HA	+2.35,+275.2,+25.6,NB	+2.17,+285.1,+25.2,FB	+2.18,+285.1,+25.4,OB	
1701307568.3833652	+6.70,+17.3,+19.2,GA	+2.36,+268.9,+19.8,KB	+6.15,+49.1,+19.7,HA	+2.36,+274.4,+25.6,JB	+2.17,+285.3,+25.2,DB	+2.18,+284.7,+25.4,HB	
1701307630.3926919	+6.70,+17.4,+19.3,AA	+2.36,+269.0,+19.8,CB	+6.15,+49.1,+19.7,HA	+2.34,+275.5,+25.6,HB	+2.18,+284.6,+25.2,OB	+2.20,+283.5,+25.4,FB	
1701307692.3994207	+6.70,+17.4,+19.3,AA	+2.36,+268.9,+19.8,KB	+6.15,+49.1,+19.7,HA	+2.33,+275.9,+25.6,CB	+2.18,+284.5,+25.2,LB	+2.20,+284.0,+25.4,DB	
1701307754.4084132	+6.70,+17.3,+19.3,FA	+2.36,+268.9,+19.7,DB	+6.15,+49.0,+19.7,IA	+2.35,+275.0,+25.6,LB	+2.18,+285.0,+25.2,HB	+2.18,+284.9,+25.4,FB	
1701307816.417822	+6.70,+17.3,+19.2,GA	+2.36,+268.9,+19.8,KB	+6.15,+49.1,+19.7,HA	+2.34,+275.6,+25.5,HB	+2.18,+284.5,+25.2,LB	+2.19,+284.1,+25.4,OB	
1701307878.4276686	+6.70,+17.3,+19.2,GA	+2.36,+268.9,+19.7,DB	+6.15,+49.1,+19.7,HA	+2.36,+274.5,+25.6,KB	+2.17,+285.4,+25.2,CB	+2.19,+284.5,+25.4,KB	
1701307940.4369004	+6.70,+17.2,+19.3,GA	+2.36,+269.0,+19.7,LB	+6.15,+49.1,+19.7,HA	+2.35,+275.3,+25.5,LB	+2.18,+284.9,+25.2,@B	+2.21,+283.3,+25.4,AB	
1701308002.4471514	+6.70,+17.3,+19.2,GA	+2.36,+269.0,+19.7,LB	+6.15,+49.1,+19.7,HA	+2.34,+275.5,+25.6,HB	+2.18,+284.9,+25.2,@B	+2.21,+283.4,+25.4,FB	
1701308064.4561348	+6.70,+17.3,+19.2,GA	+2.36,+269.0,+19.8,CB	+6.15,+49.1,+19.7,HA	+2.35,+275.0,+25.6,LB	+2.17,+285.3,+25.2,DB	+2.20,+284.0,+25.4,DB	
1701308126.4650574	+6.70,+17.3,+19.3,FA	+2.36,+269.0,+19.8,CB	+6.15,+49.0,+19.7,IA	+2.35,+275.3,+25.6,OB	+2.18,+284.9,+25.2,@B	+2.18,+285.0,+25.4,NB	
1701308188.4751043	+6.70,+17.3,+19.3,FA	+2.36,+268.9,+19.7,DB	+6.15,+49.1,+19.7,HA	+2.33,+276.0,+25.6,IB	+2.18,+284.5,+25.2,LB	+2.20,+284.0,+25.4,DB	
1701308250.484882	+6.70,+17.3,+19.3,FA	+2.36,+268.9,+19.8,KB	+6.15,+49.1,+19.8,GA	+2.34,+275.7,+25.6,JB	+2.18,+284.9,+25.2,@B	+2.20,+283.5,+25.4,FB	
1701308312.4962928	+6.70,+17.3,+19.3,FA	+2.36,+268.9,+19.8,KB	+6.15,+49.1,+19.7,HA	+2.33,+275.9,+25.5,@B	+2.18,+284.5,+25.2,LB	+2.19,+284.1,+25.4,OB	
1701308374.5045056	+6.70,+17.3,+19.3,FA	+2.36,+268.9,+19.7,DB	+6.15,+49.1,+19.7,HA	+2.35,+275.2,+25.6,NB	+2.17,+285.3,+25.2,DB	+2.20,+283.9,+25.4,JB	
1701308436.5119617	+6.70,+17.3,+19.3,FA	+2.36,+268.9,+19.8,KB	+6.15,+49.1,+19.7,HA	+2.34,+275.6,+25.5,HB	+2.17,+285.1,+25.2,FB	+2.20,+283.5,+25.4,FB	
1701308498.5204797	+6.70,+17.3,+19.3,FA	+2.36,+268.9,+19.7,DB	+6.15,+49.1,+19.8,GA	+2.35,+275.0,+25.6,LB	+2.18,+284.9,+25.2,@B	+2.18,+285.0,+25.4,NB	
1701308560.5287237	+6.70,+17.3,+19.3,FA	+2.36,+269.0,+19.8,CB	+6.15,+49.0,+19.8,FA	+2.35,+275.0,+25.5,OB	+2.18,+284.8,+25.2,AB	+2.18,+285.0,+25.4,NB	
1701308622.5365129	+6.70,+17.3,+19.3,FA	+2.36,+268.9,+19.8,KB	+6.15,+49.0,+19.8,FA	+2.35,+274.8,+25.6,EB	+2.18,+284.8,+25.2,AB	+2.18,+285.0,+25.4,NB	
1701308868.0778744	+6.70,+17.2,+19.3,GA	+2.36,+269.0,+19.8,CB	+6.15,+49.1,+19.7,HA	+2.35,+275.1,+25.6,MB	+2.18,+284.8,+25.2,AB	+2.21,+283.4,+25.4,FB	
1701308930.0883343	+6.70,+17.2,+19.3,GA	+2.36,+269.0,+19.8,CB	+6.15,+49.1,+19.8,GA	+2.37,+273.6,+25.5,MB	+2.18,+284.9,+25.2,@B	+2.18,+284.8,+25.4,GB	
1701308992.0970428	+6.70,+17.2,+19.3,GA	+2.36,+268.9,+19.8,KB	+6.15,+49.1,+19.8,GA	+2.36,+274.4,+25.6,JB	+2.17,+285.2,+25.2,EB	+2.19,+284.2,+25.4,LB	
1701309054.1033294	+6.70,+17.3,+19.3,FA	+2.36,+269.0,+19.8,CB	+6.15,+49.1,+19.8,GA	+2.37,+274.1,+25.5,MB	+2.18,+284.7,+25.2,NB	+2.19,+284.4,+25.4,JB	
1701309116.11276	+6.70,+17.2,+19.3,GA	+2.36,+269.0,+19.8,CB	+6.15,+49.0,+19.8,FA	+2.37,+274.0,+25.5,LB	+2.18,+284.8,+25.2,AB	+2.18,+284.7,+25.4,HB	
1701309178.1194246	+6.70,+17.1,+19.3,DA	+2.36,+269.0,+19.8,CB	+6.15,+49.1,+19.8,GA	+2.37,+273.9,+25.5,BB	+2.17,+285.1,+25.2,FB	+2.18,+285.0,+25.4,NB	
1701309240.1277292	+6.70,+17.1,+19.3,DA	+2.36,+269.0,+19.8,CB	+6.15,+49.0,+19.7,IA	+2.35,+275.2,+25.5,MB	+2.18,+284.7,+25.2,NB	+2.21,+283.4,+25.4,FB	
1701309302.1321185	+6.70,+17.2,+19.3,GA	+2.36,+269.0,+19.8,CB	+6.15,+49.0,+19.8,FA	+2.36,+274.4,+25.5,IB	+2.18,+284.8,+25.2,AB	+2.19,+284.3,+25.4,MB	
1701309364.1418025	+6.70,+17.2,+19.3,GA	+2.36,+269.0,+19.8,CB	+6.16,+49.0,+19.8,EA	+2.36,+274.5,+25.5,HB	+2.18,+284.7,+25.2,NB	+2.19,+284.1,+25.4,OB	
1701309426.1515164	+6.70,+17.2,+19.3,GA	+2.36,+269.0,+19.8,CB	+6.15,+49.0,+19.8,FA	+2.37,+273.9,+25.6,AB	+2.17,+285.2,+25.2,EB	+2.18,+284.9,+25.4,FB	
1701309488.1592784	+6.70,+17.2,+19.3,GA	+2.36,+269.0,+19.8,CB	+6.16,+48.9,+19.8,MA	+2.37,+273.9,+25.6,AB	+2.17,+285.3,+25.2,DB	+2.19,+284.5,+25.4,KB	
1701309550.1693265	+6.70,+17.2,+19.3,GA	+2.36,+268.9,+19.8,KB	+6.15,+49.0,+19.8,FA	+2.35,+275.0,+25.6,LB	+2.19,+284.4,+25.2,LB	+2.21,+283.0,+25.4,BB	
1701309612.1783042	+6.70,+17.1,+19.3,DA	+2.36,+269.0,+19.8,CB	+6.16,+49.0,+19.8,EA	+2.37,+274.0,+25.5,LB	+2.18,+284.9,+25.2,@B	+2.20,+284.0,+25.4,DB	
1701309674.1859672	+6.70,+17.1,+19.3,DA	+2.36,+268.9,+19.8,KB	+6.15,+49.0,+19.8,FA	+2.37,+273.8,+25.6,@B	+2.18,+285.0,+25.2,HB	+2.19,+284.3,+25.4,MB	
1701309736.1947849	+6.70,+17.1,+19.3,DA	+2.36,+268.9,+19.8,KB	+6.16,+49.0,+19.8,EA	+2.36,+274.4,+25.5,IB	+2.18,+284.5,+25.2,LB	+2.21,+283.1,+25.3,DB	
1701309798.2021725	+6.70,+17.1,+19.3,DA	+2.36,+269.0,+19.8,CB	+6.16,+49.0,+19.8,EA	+2.36,+274.2,+25.5,OB	+2.18,+284.7,+25.2,NB	+2.20,+283.6,+25.4,EB	
1701309860.2121272	+6.70,+17.1,+19.3,DA	+2.36,+269.0,+19.8,CB	+6.16,+48.9,+19.8,MA	+2.35,+274.8,+25.5,FB	+2.18,+284.5,+25.2,LB	+2.21,+283.1,+25.4,CB	
1701309922.2181823	+6.71,+17.1,+19.3,EA	+2.36,+269.0,+19.8,CB	+6.16,+48.9,+19.8,MA	+2.36,+274.3,+25.6,MB	+2.18,+284.9,+25.2,@B	+2.20,+283.9,+25.4,JB	
1701309984.228158	+6.71,+17.0,+19.3,DA	+2.36,+269.0,+19.8,CB	+6.16,+49.0,+19.8,EA	+2.35,+274.8,+25.6,EB	+2.18,+284.4,+25.2,MB	+2.21,+283.3,+25.3,FB	
1701310046.2365055	+6.70,+17.1,+19.4,CA	+2.36,+269.0,+19.8,CB	+6.16,+48.9,+19.8,MA	+2.35,+274.8,+25.6,EB	+2.18,+284.6,+25.2,OB	+2.20,+283.6,+25.4,EB	
1701310108.2453969	+6.71,+17.1,+19.3,EA	+2.36,+269.0,+19.8,CB	+6.16,+48.9,+19.8,MA	+2.35,+274.8,+25.6,EB	+2.18,+284.5,+25.2,LB	+2.21,+283.4,+25.4,FB	
1701310170.2553647	+6.70,+17.1,+19.3,DA	+2.36,+269.0,+19.8,CB	+6.16,+49.0,+19.8,EA	+2.36,+274.5,+25.6,KB	+2.18,+284.6,+25.2,OB	+2.20,+284.0,+25.4,DB	
1701310232.2633822	+6.71,+17.0,+19.3,DA	+2.36,+269.0,+19.8,CB	+6.16,+48.9,+19.8,MA	+2.37,+274.0,+25.5,LB	+2.17,+285.3,+25.2,DB	+2.18,+285.0,+25.4,NB	
1701310294.272015	+6.71,+17.1,+19.4,BA	+2.36,+269.0,+19.8,CB	+6.16,+48.9,+19.8,MA	+2.35,+274.9,+25.6,DB	+2.18,+284.5,+25.2,LB	+2.20,+283.6,+25.4,EB	
1701310356.274887	+6.71,+17.1,+19.3,EA	+2.36,+269.0,+19.8,CB	+6.16,+48.9,+19.8,MA	+2.36,+274.4,+25.6,JB	+2.18,+284.6,+25.2,OB	+2.19,+284.1,+25.4,OB	
1701310418.2836044	+6.71,+17.1,+19.3,EA	+2.36,+269.0,+19.8,CB	+6.16,+48.9,+19.8,MA	+2.36,+274.5,+25.6,KB	+2.17,+285.3,+25.2,DB	+2.18,+284.7,+25.4,HB	
1701310480.2905598	+6.71,+17.0,+19.4,CA	+2.36,+269.0,+19.8,CB	+6.16,+48.8,+19.8,LA	+2.35,+275.1,+25.5,NB	+2.18,+284.6,+25.2,OB	+2.21,+283.4,+25.3,AB	
1701310542.300108	+6.71,+17.0,+19.4,CA	+2.36,+269.0,+19.8,CB	+6.16,+48.9,+19.8,MA	+2.37,+274.1,+25.6,NB	+2.17,+285.1,+25.2,FB	+2.18,+285.0,+25.4,NB	
1701310604.3088818	+6.71,+17.0,+19.3,DA	+2.36,+269.0,+19.7,LB	+6.16,+48.9,+19.8,MA	+2.36,+274.3,+25.5,NB	+2.17,+285.2,+25.2,EB	+2.18,+285.0,+25.4,NB	
1701310666.316843	+6.71,+17.0,+19.4,CA	+2.36,+269.0,+19.8,CB	+6.16,+48.9,+19.8,MA	+2.36,+274.3,+25.6,MB	+2.18,+285.0,+25.2,HB	+2.20,+283.8,+25.4,KB	
1701310728.327156	+6.71,+17.1,+19.4,BA	+2.36,+269.0,+19.8,CB	+6.16,+48.9,+19.8,MA	+2.38,+273.0,+25.5,DB	+2.17,+285.1,+25.2,FB	+2.18,+285.1,+25.4,OB	
1701310790.3359568	+6.71,+17.0,+19.4,CA	+2.36,+269.0,+19.8,CB	+6.16,+48.9,+19.8,MA	+2.36,+274.2,+25.5,OB	+2.18,+284.8,+25.2,AB	+2.20,+283.5,+25.4,FB	
1701310852.3457022	+6.71,+17.0,+19.4,CA	+2.36,+269.0,+19.8,CB	+6.16,+48.9,+19.8,MA	+2.38,+273.2,+25.5,FB	+2.17,+285.1,+25.2,FB	+2.18,+285.0,+25.3,IB	
1701310914.3519278	+6.71,+17.0,+19.3,DA	+2.36,+269.0,+19.8,CB	+6.16,+48.9,+19.8,MA	+2.36,+274.3,+25.6,MB	+2.18,+284.8,+25.2,AB	+2.20,+283.4,+25.4,GB	
1701310976.3617501	+6.71,+17.0,+19.4,CA	+2.36,+269.0,+19.8,CB	+6.16,+48.8,+19.8,LA	+2.38,+273.1,+25.5,EB	+2.18,+285.0,+25.2,HB	+2.18,+285.0,+25.4,NB	
1701311038.3692708	+6.71,+17.0,+19.4,CA	+2.36,+269.0,+19.8,CB	+6.16,+48.9,+19.8,MA	+2.37,+273.6,+25.6,NB	+2.17,+285.2,+25.2,EB	+2.18,+284.8,+25.4,GB	
1701311100.3770049	+6.71,+17.1,+19.4,BA	+2.36,+269.0,+19.8,CB	+6.16,+48.9,+19.8,MA	+2.37,+273.6,+25.5,MB	+2.18,+284.6,+25.2,OB	+2.20,+283.5,+25.4,FB	
1701311162.384837	+6.71,+17.0,+19.4,CA	+2.36,+269.0,+19.8,CB	+6.16,+48.9,+19.8,MA	+2.38,+273.4,+25.6,CB	+2.18,+284.5,+25.2,LB	+2.20,+283.6,+25.4,EB	
1701311224.395548	+6.71,+17.0,+19.4,CA	+2.36,+269.0,+19.8,CB	+6.16,+48.8,+19.8,LA	+2.37,+274.1,+25.6,NB	+2.18,+284.9,+25.2,@B	+2.21,+283.3,+25.4,AB	
1701311286.406135	+6.71,+17.0,+19.4,CA	+2.36,+269.0,+19.8,CB	+6.16,+48.9,+19.8,MA	+2.38,+273.0,+25.5,DB	+2.18,+284.4,+25.2,MB	+2.18,+284.8,+25.4,GB	
1701311348.4123979	+6.71,+16.9,+19.4,KA	+2.36,+269.0,+19.8,CB	+6.16,+48.9,+19.8,MA	+2.37,+274.0,+25.6,OB	+2.17,+285.3,+25.2,DB	+2.19,+284.4,+25.3,MB	
1701311410.422799	+6.71,+16.9,+19.4,KA	+2.36,+269.0,+19.8,CB	+6.16,+48.9,+19.8,MA	+2.37,+274.1,+25.6,NB	+2.17,+285.2,+25.2,EB	+2.19,+284.3,+25.4,MB	
1701311472.4323204	+6.71,+17.0,+19.4,CA	+2.36,+269.0,+19.8,CB	+6.16,+48.9,+19.8,MA	+2.37,+273.7,+25.6,OB	+2.18,+285.0,+25.2,HB	+2.18,+284.9,+25.4,FB	
1701311534.4412775	+6.71,+16.9,+19.4,KA	+2.36,+269.0,+19.8,CB	+6.16,+48.8,+19.8,LA	+2.38,+273.4,+25.5,@B	+2.18,+284.7,+25.2,NB	+2.20,+283.6,+25.3,BB	
1701311596.4504497	+6.71,+16.9,+19.4,KA	+2.36,+269.0,+19.8,CB	+6.16,+48.8,+19.8,LA	+2.37,+273.9,+25.6,AB	+2.17,+285.1,+25.2,FB	+2.19,+284.4,+25.4,JB	
1701311658.4562335	+6.71,+16.9,+19.4,KA	+2.36,+269.1,+19.8,BB	+6.16,+48.8,+19.8,LA	+2.37,+273.6,+25.6,NB	+2.18,+284.8,+25.2,AB	+2.20,+283.6,+25.3,BB	
1701311720.4654505	+6.71,+16.9,+19.4,KA	+2.36,+269.1,+19.8,BB	+6.16,+48.8,+19.8,LA	+2.38,+273.0,+25.6,GB	+2.19,+284.4,+25.2,LB	+2.18,+284.6,+25.4,IB	
1701311782.4764433	+6.71,+17.0,+19.4,CA	+2.36,+269.0,+19.8,CB	+6.16,+48.8,+19.8,LA	+2.37,+273.8,+25.6,@B	+2.18,+284.8,+25.2,AB	+2.18,+285.0,+25.3,IB	
1701311844.4852993	+6.71,+16.9,+19.4,KA	+2.36,+269.0,+19.8,CB	+6.16,+48.8,+19.8,LA	+2.37,+274.0,+25.5,LB	+2.17,+285.2,+25.2,EB	+2.20,+283.5,+25.4,FB	
1701311906.4925232	+6.71,+17.0,+19.4,CA	+2.36,+269.0,+19.8,CB	+6.16,+48.8,+19.8,LA	+2.36,+274.1,+25.5,LB	+2.17,+285.3,+25.2,DB	+2.20,+283.5,+25.4,FB	
1701311968.5008094	+6.71,+17.0,+19.4,CA	+2.36,+269.0,+19.8,CB	+6.16,+48.8,+19.8,LA	+2.38,+273.1,+25.5,EB	+2.18,+284.5,+25.2,LB	+2.19,+284.6,+25.4,HB	
1701312030.507976	+6.71,+16.9,+19.4,KA	+2.36,+269.1,+19.8,BB	+6.16,+48.8,+19.8,LA	+2.36,+274.2,+25.5,OB	+2.18,+284.4,+25.2,MB	+2.18,+284.8,+25.4,GB	
1701312092.5107882	+6.71,+17.0,+19.4,CA	+2.36,+269.0,+19.8,CB	+6.16,+48.7,+19.9,BA	+2.36,+274.2,+25.6,LB	+2.17,+285.3,+25.2,DB	+2.20,+283.7,+25.4,DB	
1701312154.5179398	+6.71,+17.0,+19.4,CA	+2.36,+269.0,+19.8,CB	+6.16,+48.6,+19.8,BA	+2.38,+273.0,+25.6,GB	+2.18,+284.5,+25.2,LB	+2.18,+284.7,+25.4,HB	
1701312216.5225277	+6.71,+16.9,+19.4,KA	+2.36,+269.0,+19.8,CB	+6.16,+48.7,+19.9,BA	+2.38,+273.0,+25.6,GB	+2.18,+284.9,+25.2,@B	+2.20,+283.9,+25.4,JB	
1701312278.531129	+6.71,+17.0,+19.4,CA	+2.36,+269.0,+19.8,CB	+6.16,+48.7,+19.9,BA	+2.38,+273.1,+25.5,EB	+2.18,+284.5,+25.2,LB	+2.18,+284.8,+25.4,GB	
1701312340.5400946	+6.71,+16.9,+19.4,KA	+2.36,+269.0,+19.8,CB	+6.16,+48.7,+19.9,BA	+2.36,+274.2,+25.6,LB	+2.18,+285.0,+25.2,HB	+2.19,+284.2,+25.3,KB	
1701312402.5485785	+6.71,+16.9,+19.4,KA	+2.36,+269.0,+19.8,CB	+6.16,+48.7,+19.8,CA	+2.36,+274.2,+25.5,OB	+2.17,+285.0,+25.2,GB	+2.19,+284.0,+25.4,NB	
1701312464.5561187	+6.71,+16.9,+19.4,KA	+2.36,+269.1,+19.8,BB	+6.16,+48.7,+19.9,BA	+2.38,+273.5,+25.6,BB	+2.18,+284.5,+25.2,LB	+2.18,+285.1,+25.3,HB	
1701312710.179076	+6.71,+16.8,+19.4,JA	+2.36,+269.0,+19.8,CB	+6.16,+48.6,+19.9,CA	+2.37,+273.6,+25.5,MB	+2.17,+285.2,+25.2,EB	+2.20,+283.5,+25.4,FB	
1701312772.1886778	+6.71,+16.9,+19.4,KA	+2.36,+269.1,+19.8,BB	+6.16,+48.6,+19.9,CA	+2.35,+274.8,+25.5,FB	+2.18,+284.7,+25.2,NB	+2.19,+284.4,+25.3,MB	
1701312834.1967719	+6.71,+16.8,+19.4,JA	+2.36,+269.0,+19.8,CB	+6.16,+48.5,+19.9,@A	+2.35,+274.7,+25.5,IB	+2.18,+284.7,+25.2,NB	+2.19,+284.2,+25.3,KB	
1701312896.2070153	+6.71,+16.9,+19.4,KA	+2.36,+269.0,+19.8,CB	+6.16,+48.6,+19.9,CA	+2.36,+274.6,+25.5,KB	+2.18,+285.0,+25.2,HB	+2.20,+283.8,+25.4,KB	
1701312958.214647	+6.71,+16.9,+19.4,KA	+2.36,+269.1,+19.8,BB	+6.16,+48.5,+19.9,@A	+2.37,+273.8,+25.5,CB	+2.17,+285.2,+25.2,EB	+2.20,+283.8,+25.3,LB	
1701313020.2184532	+6.71,+16.9,+19.4,KA	+2.36,+269.1,+19.8,BB	+6.16,+48.5,+19.9,@A	+2.35,+274.8,+25.6,EB	+2.18,+284.5,+25.2,LB	+2.18,+285.2,+25.4,LB	
1701313082.2260334	+6.71,+16.9,+19.4,KA	+2.36,+269.0,+19.8,CB	+6.16,+48.5,+19.8,AA	+2.37,+274.0,+25.6,OB	+2.17,+285.2,+25.2,EB	+2.19,+284.1,+25.4,OB	
1701313144.2350738	+6.71,+16.8,+19.5,KA	+2.36,+269.1,+19.8,BB	+6.16,+48.5,+19.9,@A	+2.35,+275.0,+25.5,OB	+2.18,+284.9,+25.2,@B	+2.20,+283.9,+25.4,JB	
1701313206.2446344	+6.71,+16.8,+19.4,JA	+2.36,+269.0,+19.8,CB	+6.17,+48.4,+19.9,@A	+2.35,+275.0,+25.6,LB	+2.18,+284.8,+25.2,AB	+2.19,+284.1,+25.3,HB	
1701313268.2534573	+6.71,+16.8,+19.4,JA	+2.36,+269.1,+19.8,BB	+6.16,+48.5,+19.9,@A	+2.37,+273.7,+25.5,LB	+2.17,+285.3,+25.2,DB	+2.19,+284.1,+25.4,OB	
1701313330.2623258	+6.71,+16.8,+19.5,KA	+2.36,+269.1,+19.8,BB	+6.17,+48.4,+19.9,@A	+2.37,+274.0,+25.6,OB	+2.17,+285.2,+25.2,EB	+2.19,+284.2,+25.4,LB	
1701313392.2717352	+6.71,+16.8,+19.5,KA	+2.36,+269.1,+19.8,BB	+6.17,+48.3,+19.9,GA	+2.36,+274.2,+25.5,OB	+2.17,+285.4,+25.2,CB	+2.20,+283.7,+25.4,DB	
1701313454.2783978	+6.71,+16.8,+19.5,KA	+2.36,+269.1,+19.8,BB	+6.17,+48.3,+19.9,GA	+2.35,+274.9,+25.5,GB	+2.18,+284.9,+25.2,@B	+2.20,+283.6,+25.4,EB	
1701313516.2870226	+6.71,+16.8,+19.5,KA	+2.36,+269.1,+19.8,BB	+6.17,+48.3,+19.9,GA	+2.36,+274.2,+25.6,LB	+2.17,+285.1,+25.2,FB	+2.20,+283.5,+25.4,FB	
1701313578.2945044	+6.71,+16.8,+19.5,KA	+2.36,+269.2,+19.8,AB	+6.17,+48.3,+19.9,GA	+2.35,+275.1,+25.6,MB	+2.18,+284.7,+25.2,NB	+2.18,+285.1,+25.3,HB	
1701313640.3036265	+6.71,+16.8,+19.5,KA	+2.36,+269.1,+19.8,BB	+6.17,+48.2,+19.9,FA	+2.35,+275.1,+25.5,NB	+2.18,+284.6,+25.2,OB	+2.20,+284.0,+25.4,DB	
1701313702.3104384	+6.71,+16.8,+19.5,KA	+2.36,+269.1,+19.8,BB	+6.17,+48.2,+19.9,FA	+2.34,+275.5,+25.5,KB	+2.18,+284.5,+25.2,LB	+2.18,+284.8,+25.3,@B	
1701313764.3210425	+6.71,+16.8,+19.5,KA	+2.36,+269.1,+19.8,BB	+6.17,+48.3,+19.9,GA	+2.35,+275.0,+25.5,OB	+2.18,+285.0,+25.2,HB	+2.18,+285.1,+25.4,OB	
1701313826.3310244	+6.71,+16.8,+19.5,KA	+2.36,+269.1,+19.8,BB	+6.17,+48.2,+19.9,FA	+2.36,+274.4,+25.6,JB	+2.18,+284.9,+25.2,@B	+2.20,+283.5,+25.4,FB	
1701313888.3389792	+6.71,+16.8,+19.5,KA	+2.36,+269.1,+19.8,BB	+6.17,+48.2,+19.9,FA	+2.34,+275.5,+25.5,KB	+2.18,+284.8,+25.2,AB	+2.17,+285.2,+25.4,CB	
1701313950.3483195	+6.71,+16.8,+19.5,KA	+2.36,+269.2,+19.8,AB	+6.17,+48.1,+19.9,EA	+2.36,+274.3,+25.6,MB	+2.17,+285.1,+25.2,FB	+2.20,+283.9,+25.4,JB	
1701314012.3561652	+6.71,+16.8,+19.5,KA	+2.36,+269.1,+19.8,BB	+6.17,+48.1,+19.9,EA	+2.35,+275.3,+25.6,OB	+2.19,+284.4,+25.2,LB	+2.19,+284.1,+25.4,OB	
1701314074.360819	+6.71,+16.9,+19.5,JA	+2.36,+269.1,+19.8,BB	+6.17,+48.2,+19.9,FA	+2.37,+274.1,+25.6,NB	+2.17,+285.2,+25.2,EB	+2.19,+284.3,+25.4,MB	
1701314136.3692887	+6.71,+16.8,+19.5,KA	+2.36,+269.2,+19.8,AB	+6.17,+48.1,+19.9,EA	+2.35,+274.9,+25.6,DB	+2.18,+284.9,+25.2,@B	+2.17,+285.2,+25.3,DB	
1701314198.3791785	+6.71,+16.8,+19.5,KA	+2.36,+269.1,+19.9,CB	+6.17,+48.0,+19.9,DA	+2.36,+274.3,+25.6,MB	+2.17,+285.3,+25.2,DB	+2.18,+284.6,+25.4,IB	
1701314260.3896139	+6.71,+16.8,+19.5,KA	+2.36,+269.2,+19.8,AB	+6.17,+48.1,+19.9,EA	+2.35,+275.2,+25.5,MB	+2.18,+284.6,+25.2,OB	+2.18,+284.8,+25.3,@B	
1701314322.3941803	+6.71,+16.8,+19.5,KA	+2.36,+269.1,+19.8,BB	+6.17,+48.1,+19.9,EA	+2.35,+274.7,+25.5,IB	+2.17,+285.2,+25.2,EB	+2.18,+285.0,+25.4,NB	
1701314384.404461	+6.71,+16.8,+19.5,KA	+2.36,+269.1,+19.8,BB	+6.17,+48.1,+19.9,EA	+2.35,+274.9,+25.6,DB	+2.18,+284.8,+25.2,AB	+2.18,+285.0,+25.4,NB	
1701314446.4126582	+6.71,+16.8,+19.5,KA	+2.36,+269.2,+19.8,AB	+6.17,+48.1,+19.9,EA	+2.36,+274.6,+25.5,KB	+2.18,+284.5,+25.2,LB	+2.19,+284.3,+25.4,MB	
1701314508.4226491	+6.71,+16.8,+19.5,KA	+2.36,+269.2,+19.8,AB	+6.17,+47.9,+19.9,BA	+2.36,+274.6,+25.6,HB	+2.18,+284.4,+25.2,MB	+2.20,+284.0,+25.4,DB	
1701314570.4328241	+6.71,+16.8,+19.5,KA	+2.36,+269.2,+19.8,AB	+6.17,+47.9,+19.9,BA	+2.36,+274.3,+25.5,NB	+2.18,+284.5,+25.2,LB	+2.20,+283.8,+25.4,KB	
1701314632.442626	+6.71,+16.8,+19.5,KA	+2.36,+269.1,+19.9,CB	+6.17,+47.9,+19.9,BA	+2.35,+275.2,+25.6,NB	+2.17,+285.1,+25.2,FB	+2.17,+285.2,+25.4,CB	
1701314694.452172	+6.71,+16.8,+19.5,KA	+2.36,+269.1,+19.8,BB	+6.18,+47.9,+19.9,MA	+2.37,+273.9,+25.6,AB	+2.18,+284.7,+25.2,NB	+2.20,+284.0,+25.4,DB	
1701314756.4581857	+6.71,+16.8,+19.5,KA	+2.36,+269.1,+19.8,BB	+6.18,+47.8,+19.9,LA	+2.36,+274.3,+25.6,MB	+2.19,+284.4,+25.2,LB	+2.19,+284.1,+25.4,OB	
1701314818.4670753	+6.71,+16.8,+19.5,KA	+2.36,+269.1,+19.9,CB	+6.18,+47.8,+19.9,LA	+2.36,+274.5,+25.5,HB	+2.17,+285.1,+25.2,FB	+2.18,+285.2,+25.4,LB	
1701314880.4731147	+6.71,+16.7,+19.5,DA	+2.36,+269.2,+19.8,AB	+6.18,+47.7,+19.9,CA	+2.36,+274.4,+25.5,IB	+2.18,+284.6,+25.2,OB	+2.19,+284.6,+25.4,HB	
1701314942.4814782	+6.71,+16.7,+19.5,DA	+2.36,+269.2,+19.8,AB	+6.18,+47.7,+19.9,CA	+2.36,+274.6,+25.6,HB	+2.18,+284.9,+25.2,@B	+2.18,+285.1,+25.3,HB	
1701315004.489201	+6.71,+16.7,+19.5,DA	+2.36,+269.2,+19.8,AB	+6.18,+47.6,+19.9,BA	+2.36,+274.4,+25.6,JB	+2.18,+284.7,+25.2,NB	+2.18,+284.7,+25.3,OB	
1701315066.4980075	+6.71,+16.7,+19.5,DA	+2.36,+269.2,+19.8,AB	+6.18,+47.6,+19.9,BA	+2.36,+274.2,+25.6,LB	+2.18,+284.6,+25.2,OB	+2.19,+284.3,+25.4,MB	
1701315128.5071337	+6.71,+16.8,+19.5,KA	+2.36,+269.1,+19.8,BB	+6.18,+47.6,+19.9,BA	+2.36,+274.3,+25.6,MB	+2.18,+284.7,+25.2,NB	+2.18,+284.6,+25.3,NB	
1701315190.5150816	+6.71,+16.8,+19.5,KA	+2.36,+269.2,+19.9,@B	+6.18,+47.6,+19.9,BA	+2.37,+273.8,+25.6,@B	+2.18,+284.5,+25.2,LB	+2.20,+283.9,+25.4,JB	
1701315252.5232234	+6.71,+16.8,+19.5,KA	+2.36,+269.2,+19.8,AB	+6.18,+47.6,+19.9,BA	+2.38,+273.3,+25.6,DB	+2.19,+284.3,+25.2,KB	+2.20,+283.6,+25.3,BB	
1701315314.5318213	+6.71,+16.8,+19.5,KA	+2.36,+269.2,+19.9,@B	+6.18,+47.6,+19.9,BA	+2.36,+274.3,+25.5,NB	+2.18,+284.9,+25.2,@B	+2.18,+284.8,+25.3,@B	
1701315376.5404935	+6.71,+16.8,+19.5,KA	+2.36,+269.2,+19.8,AB	+6.18,+47.5,+19.9,AA	+2.35,+274.8,+25.5,FB	+2.17,+285.2,+25.2,EB	+2.17,+285.4,+25.4,EB	
1701315438.5482376	+6.71,+16.8,+19.5,KA	+2.36,+269.2,+19.9,@B	+6.18,+47.5,+19.9,AA	+2.38,+273.5,+25.5,AB	+2.18,+284.6,+25.2,OB	+2.20,+283.9,+25.4,JB	
1701315500.5577087	+6.71,+16.8,+19.5,KA	+2.36,+269.2,+19.9,@B	+6.18,+47.5,+19.9,AA	+2.37,+273.7,+25.6,OB	+2.19,+284.4,+25.2,LB	+2.20,+283.6,+25.4,EB	
1701315562.566505	+6.71,+16.9,+19.5,JA	+2.36,+269.2,+19.9,@B	+6.18,+47.5,+19.9,AA	+2.37,+274.1,+25.6,NB	+2.18,+284.8,+25.2,AB	+2.19,+284.3,+25.4,MB	
1701315624.574258	+6.71,+16.8,+19.5,KA	+2.36,+269.2,+19.9,@B	+6.18,+47.4,+19.9,@A	+2.37,+273.6,+25.5,MB	+2.19,+284.4,+25.2,LB	+2.20,+283.8,+25.4,KB	
1701315686.583526	+6.71,+16.7,+19.5,DA	+2.36,+269.2,+19.8,AB	+6.18,+47.4,+19.9,@A	+2.36,+274.7,+25.5,JB	+2.17,+285.2,+25.2,EB	+2.17,+285.3,+25.4,BB	
1701315748.591646	+6.71,+16.8,+19.5,KA	+2.36,+269.1,+19.9,CB	+6.18,+47.4,+19.9,@A	+2.35,+275.0,+25.6,LB	+2.17,+285.2,+25.2,EB	+2.17,+285.3,+25.4,BB	
1701315810.5991554	+6.71,+16.8,+19.5,KA	+2.36,+269.3,+19.9,AB	+6.18,+47.4,+19.9,@A	+2.35,+274.7,+25.5,IB	+2.18,+284.5,+25.2,LB	+2.18,+285.1,+25.4,OB	
1701315872.608188	+6.71,+16.8,+19.5,KA	+2.36,+269.2,+19.9,@B	+6.18,+47.4,+20.0,CA	+2.37,+273.7,+25.6,OB	+2.18,+284.7,+25.2,NB	+2.20,+283.8,+25.4,KB	
1701315934.6153178	+6.71,+16.7,+19.5,DA	+2.36,+269.2,+19.9,@B	+6.18,+47.4,+20.0,CA	+2.36,+274.6,+25.6,HB	+2.17,+285.3,+25.2,DB	+2.18,+285.2,+25.4,LB	
1701315996.6245508	+6.71,+16.7,+19.5,DA	+2.36,+269.2,+19.9,@B	+6.18,+47.4,+20.0,CA	+2.35,+275.0,+25.6,LB	+2.18,+285.0,+25.2,HB	+2.17,+285.2,+25.4,CB	
1701316058.6305707	+6.71,+16.8,+19.6,HA	+2.36,+269.2,+19.9,@B	+6.18,+47.4,+20.0,CA	+2.36,+274.6,+25.5,KB	+2.17,+285.3,+25.2,DB	+2.18,+285.0,+25.4,NB	
1701316120.6405118	+6.71,+16.7,+19.5,DA	+2.36,+269.2,+19.9,@B	+6.18,+47.3,+20.0,DA	+2.36,+274.2,+25.6,LB	+2.18,+284.5,+25.2,LB	+2.19,+284.1,+25.4,OB	
1701316182.6488757	+6.71,+16.7,+19.5,DA	+2.36,+269.2,+19.9,@B	+6.18,+47.3,+20.0,DA	+2.36,+274.2,+25.6,LB	+2.17,+285.3,+25.2,DB	+2.18,+284.9,+25.3,AB	
1701316244.6565654	+6.71,+16.7,+19.5,DA	+2.36,+269.2,+19.9,@B	+6.19,+47.3,+20.0,EA	+2.39,+272.8,+25.6,OB	+2.18,+284.9,+25.2,@B	+2.20,+283.9,+25.4,JB	
1701316306.6650288	+6.71,+16.7,+19.5,DA	+2.36,+269.1,+19.9,CB	+6.19,+47.3,+20.0,EA	+2.38,+273.5,+25.6,BB	+2.17,+285.2,+25.2,EB	+2.18,+284.8,+25.4,GB	
1701316552.259495	+6.71,+16.7,+19.6,GA	+2.36,+269.2,+19.9,@B	+6.19,+47.0,+20.0,FA	+2.38,+273.4,+25.6,CB	+2.17,+285.2,+25.2,EB	+2.20,+283.9,+25.4,JB	
1701316614.2666934	+6.71,+16.7,+19.6,GA	+2.36,+269.2,+19.9,@B	+6.19,+46.9,+20.0,NA	+2.38,+273.1,+25.6,FB	+2.17,+285.1,+25.2,FB	+2.20,+283.6,+25.3,BB	
1701316676.2749648	+6.71,+16.8,+19.6,HA	+2.36,+269.2,+19.9,@B	+6.19,+46.8,+20.0,OA	+2.38,+273.2,+25.6,EB	+2.18,+285.0,+25.2,HB	+2.20,+283.6,+25.4,EB	
1701316738.2853003	+6.71,+16.8,+19.6,HA	+2.36,+269.2,+19.9,@B	+6.19,+46.7,+20.0,@A	+2.37,+274.0,+25.5,LB	+2.17,+285.2,+25.2,EB	+2.18,+285.0,+25.4,NB	
1701316800.2932234	+6.71,+16.8,+19.6,HA	+2.36,+269.2,+19.9,@B	+6.20,+46.7,+20.0,JA	+2.36,+274.2,+25.5,OB	+2.18,+284.8,+25.2,AB	+2.20,+283.9,+25.4,JB	
1701316862.301574	+6.71,+16.7,+19.5,DA	+2.36,+269.2,+19.9,@B	+6.20,+46.7,+20.0,JA	+2.35,+275.0,+25.6,LB	+2.18,+284.5,+25.2,LB	+2.18,+285.1,+25.4,OB	
1701316924.313167	+6.71,+16.7,+19.6,GA	+2.36,+269.2,+19.9,@B	+6.20,+46.6,+20.0,KA	+2.36,+274.3,+25.5,NB	+2.17,+285.0,+25.2,GB	+2.17,+285.2,+25.4,CB	
1701316986.3233013	+6.71,+16.8,+19.6,HA	+2.36,+269.2,+19.9,@B	+6.20,+46.5,+20.0,HA	+2.37,+274.0,+25.5,LB	+2.17,+285.1,+25.2,FB	+2.20,+283.7,+25.3,CB	
1701317048.332479	+6.71,+16.7,+19.6,GA	+2.36,+269.1,+19.9,CB	+6.20,+46.5,+20.0,HA	+2.37,+273.9,+25.6,AB	+2.17,+285.3,+25.2,DB	+2.20,+284.0,+25.4,DB	
1701317110.340745	+6.71,+16.8,+19.6,HA	+2.36,+269.2,+19.9,@B	+6.20,+46.5,+20.0,HA	+2.36,+274.1,+25.5,LB	+2.17,+285.1,+25.2,FB	+2.18,+285.0,+25.3,IB	
1701317172.3510375	+6.71,+16.8,+19.5,KA	+2.36,+269.2,+19.9,@B	+6.20,+46.5,+20.0,HA	+2.37,+273.7,+25.6,OB	+2.17,+285.4,+25.2,CB	+2.19,+284.2,+25.4,LB	
1701317234.359696	+6.71,+16.7,+19.6,GA	+2.36,+269.2,+19.9,@B	+6.20,+46.5,+20.0,HA	+2.35,+274.7,+25.5,IB	+2.18,+284.7,+25.2,NB	+2.17,+285.4,+25.4,EB	
1701317296.3706796	+6.71,+16.7,+19.6,GA	+2.36,+269.2,+19.9,@B	+6.20,+46.6,+20.0,KA	+2.37,+274.1,+25.5,MB	+2.17,+285.1,+25.2,FB	+2.18,+284.7,+25.4,HB	
1701317358.3781352	+6.71,+16.8,+19.6,HA	+2.36,+269.2,+19.9,@B	+6.20,+46.6,+20.0,KA	+2.35,+274.9,+25.6,DB	+2.18,+284.8,+25.2,AB	+2.17,+285.3,+25.4,BB	
1701317420.3875637	+6.71,+16.7,+19.6,GA	+2.36,+269.2,+19.9,@B	+6.20,+46.6,+20.0,KA	+2.36,+274.3,+25.5,NB	+2.17,+285.3,+25.2,DB	+2.20,+283.8,+25.4,KB	
1701317482.3964887	+6.71,+16.8,+19.6,HA	+2.36,+269.3,+19.9,AB	+6.20,+46.5,+20.0,HA	+2.37,+273.6,+25.5,MB	+2.17,+285.3,+25.2,DB	+2.20,+283.9,+25.4,JB	
1701317544.4055405	+6.71,+16.8,+19.6,HA	+2.36,+269.2,+19.9,@B	+6.20,+46.5,+20.0,HA	+2.37,+273.7,+25.6,OB	+2.17,+285.3,+25.2,DB	+2.20,+284.0,+25.4,DB	
1701317606.4140534	+6.71,+16.8,+19.6,HA	+2.36,+269.2,+19.9,@B	+6.20,+46.5,+20.0,HA	+2.37,+273.7,+25.6,OB	+2.17,+285.3,+25.2,DB	+2.20,+283.9,+25.4,JB	
1701317668.4224942	+6.71,+16.8,+19.6,HA	+2.36,+269.2,+19.9,@B	+6.20,+46.5,+20.0,HA	+2.36,+274.5,+25.6,KB	+2.18,+284.6,+25.2,OB	+2.17,+285.4,+25.3,BB	
1701317730.4316332	+6.71,+16.7,+19.6,GA	+2.36,+269.2,+19.9,@B	+6.20,+46.4,+20.0,IA	+2.37,+274.1,+25.5,MB	+2.17,+285.2,+25.2,EB	+2.20,+283.7,+25.4,DB	
1701317792.440998	+6.71,+16.7,+19.6,GA	+2.36,+269.2,+19.9,@B	+6.20,+46.4,+20.0,IA	+2.38,+273.4,+25.6,CB	+2.17,+285.4,+25.2,CB	+2.20,+283.8,+25.4,KB	
1701317854.448114	+6.71,+16.7,+19.6,GA	+2.36,+269.2,+19.9,@B	+6.20,+46.4,+20.0,IA	+2.36,+274.4,+25.6,JB	+2.18,+284.7,+25.2,NB	+2.18,+284.9,+25.4,FB	
1701317916.4578834	+6.71,+16.8,+19.6,HA	+2.36,+269.2,+19.9,@B	+6.20,+46.3,+20.0,NA	+2.37,+274.0,+25.6,OB	+2.18,+284.5,+25.2,LB	+2.17,+285.4,+25.3,BB	
1701317978.466691	+6.71,+16.7,+19.6,GA	+2.36,+269.2,+19.9,@B	+6.20,+46.3,+20.0,NA	+2.38,+273.3,+25.5,GB	+2.17,+285.1,+25.2,FB	+2.19,+284.3,+25.4,MB	
1701318040.4759026	+6.71,+16.7,+19.6,GA	+2.36,+269.2,+19.9,@B	+6.20,+46.3,+20.0,NA	+2.36,+274.2,+25.6,LB	+2.17,+285.2,+25.2,EB	+2.19,+284.1,+25.4,OB	
1701318102.4866216	+6.71,+16.7,+19.6,GA	+2.36,+269.2,+19.9,@B	+6.20,+46.2,+20.0,OA	+2.36,+274.5,+25.6,KB	+2.17,+285.1,+25.2,FB	+2.19,+284.2,+25.4,LB	
1701318164.4944613	+6.71,+16.7,+19.6,GA	+2.36,+269.2,+19.9,@B	+6.21,+46.1,+20.0,MA	+2.37,+273.7,+25.6,OB	+2.17,+285.2,+25.2,EB	+2.20,+283.9,+25.4,JB	
1701318226.504508	+6.71,+16.7,+19.6,GA	+2.36,+269.2,+19.9,@B	+6.20,+46.2,+20.0,OA	+2.37,+273.6,+25.6,NB	+2.18,+285.0,+25.2,HB	+2.19,+284.3,+25.4,MB	
1701318288.5140846	+6.71,+16.8,+19.6,HA	+2.36,+269.2,+19.9,@B	+6.20,+46.2,+20.0,OA	+2.37,+274.0,+25.6,OB	+2.18,+284.5,+25.2,LB	+2.17,+285.4,+25.4,EB	
1701318350.5237203	+6.71,+16.7,+19.6,GA	+2.36,+269.2,+19.9,@B	+6.20,+46.2,+20.0,OA	+2.36,+274.6,+25.6,HB	+2.18,+284.7,+25.2,NB	+2.17,+285.2,+25.4,CB	
1701318412.5319653	+6.71,+16.7,+19.6,GA	+2.36,+269.3,+19.9,AB	+6.20,+46.3,+20.0,NA	+2.37,+273.9,+25.5,BB	+2.18,+284.6,+25.2,OB	+2.17,+285.3,+25.4,BB	
1701318474.541565	+6.71,+16.7,+19.6,GA	+2.36,+269.2,+19.9,@B	+6.20,+46.3,+20.0,NA	+2.35,+274.8,+25.6,EB	+2.18,+284.8,+25.2,AB	+2.17,+285.2,+25.4,CB	
1701318536.55133	+6.71,+16.7,+19.6,GA	+2.36,+269.2,+19.9,@B	+6.20,+46.4,+20.1,HA	+2.35,+275.0,+25.6,LB	+2.18,+285.0,+25.2,HB	+2.18,+285.1,+25.4,OB	
1701318598.5606377	+6.71,+16.8,+19.6,HA	+2.36,+269.3,+19.9,AB	+6.20,+46.4,+20.1,HA	+2.35,+275.1,+25.6,MB	+2.18,+285.0,+25.2,HB	+2.18,+285.0,+25.4,NB	
1701318660.5684104	+6.71,+16.8,+19.6,HA	+2.36,+269.2,+19.9,@B	+6.20,+46.3,+20.0,NA	+2.36,+274.5,+25.6,KB	+2.18,+284.7,+25.2,NB	+2.17,+285.4,+25.4,EB	
1701318722.5767527	+6.71,+16.8,+19.6,HA	+2.36,+269.2,+19.9,@B	+6.20,+46.4,+20.0,IA	+2.36,+274.2,+25.6,LB	+2.18,+284.6,+25.2,OB	+2.17,+285.4,+25.4,EB	
1701318784.5872204	+6.71,+16.7,+19.6,GA	+2.36,+269.3,+19.9,AB	+6.20,+46.4,+20.1,HA	+2.36,+274.6,+25.6,HB	+2.18,+284.6,+25.2,OB	+2.17,+285.5,+25.4,DB	
1701318846.5954647	+6.71,+16.7,+19.6,GA	+2.36,+269.2,+19.9,@B	+6.20,+46.4,+20.1,HA	+2.35,+275.2,+25.5,MB	+2.18,+284.9,+25.2,@B	+2.18,+285.1,+25.4,OB	
1701318908.6071258	+6.71,+16.7,+19.6,GA	+2.36,+269.3,+19.9,AB	+6.20,+46.3,+20.0,NA	+2.34,+275.4,+25.5,JB	+2.18,+285.0,+25.2,HB	+2.18,+285.1,+25.4,OB	
1701318970.6166904	+6.71,+16.7,+19.6,GA	+2.36,+269.3,+19.9,AB	+6.20,+46.4,+20.0,IA	+2.36,+274.5,+25.5,HB	+2.18,+284.6,+25.2,OB	+2.19,+284.5,+25.3,LB	
1701319032.6244996	+6.71,+16.7,+19.6,GA	+2.36,+269.3,+19.9,AB	+6.20,+46.4,+20.1,HA	+2.34,+275.6,+25.6,KB	+2.17,+285.1,+25.2,FB	+2.20,+283.5,+25.3,AB	
1701319094.6343853	+6.71,+16.8,+19.6,HA	+2.36,+269.2,+19.9,@B	+6.20,+46.4,+20.0,IA	+2.36,+274.7,+25.6,IB	+2.18,+284.5,+25.2,LB	+2.18,+284.7,+25.4,HB	
1701319156.641584	+6.71,+16.7,+19.7,FA	+2.36,+269.2,+19.9,@B	+6.20,+46.4,+20.0,IA	+2.35,+275.2,+25.6,NB	+2.18,+284.9,+25.2,@B	+2.17,+285.4,+25.4,EB	
1701319218.6511168	+6.71,+16.7,+19.6,GA	+2.36,+269.2,+19.9,@B	+6.20,+46.4,+20.0,IA	+2.34,+275.4,+25.5,JB	+2.18,+284.8,+25.2,AB	+2.19,+284.0,+25.4,NB	
1701319280.6627433	+6.71,+16.7,+19.6,GA	+2.36,+269.3,+19.9,AB	+6.20,+46.3,+20.1,OA	+2.34,+275.3,+25.5,MB	+2.18,+284.6,+25.2,OB	+2.19,+284.2,+25.4,LB	
1701319342.6731808	+6.71,+16.7,+19.6,GA	+2.36,+269.3,+20.0,BB	+6.20,+46.4,+20.0,IA	+2.36,+274.5,+25.5,HB	+2.17,+285.0,+25.2,GB	+2.17,+285.6,+25.4,GB	
1701319404.682475	+6.71,+16.8,+19.6,HA	+2.36,+269.3,+20.0,BB	+6.20,+46.3,+20.1,OA	+2.36,+274.5,+25.6,KB	+2.18,+285.0,+25.2,HB	+2.17,+285.5,+25.3,CB	
1701319466.69047	+6.71,+16.7,+19.6,GA	+2.36,+269.3,+20.0,BB	+6.20,+46.3,+20.0,NA	+2.36,+274.3,+25.6,MB	+2.18,+284.6,+25.2,OB	+2.19,+284.5,+25.4,KB	
1701319528.6990101	+6.71,+16.7,+19.6,GA	+2.36,+269.2,+19.9,@B	+6.20,+46.2,+20.1,NA	+2.36,+274.7,+25.6,IB	+2.17,+285.1,+25.2,FB	+2.17,+285.5,+25.4,DB	
1701319590.7059479	+6.71,+16.7,+19.6,GA	+2.36,+269.2,+20.0,CB	+6.20,+46.3,+20.0,NA	+2.34,+275.6,+25.6,KB	+2.18,+285.0,+25.2,HB	+2.20,+283.9,+25.4,JB	
1701319652.7143548	+6.71,+16.7,+19.6,GA	+2.36,+269.3,+20.0,BB	+6.20,+46.2,+20.1,NA	+2.36,+274.5,+25.5,HB	+2.18,+284.6,+25.2,OB	+2.18,+284.9,+25.3,AB	
1701319714.7236197	+6.71,+16.7,+19.6,GA	+2.36,+269.3,+19.9,AB	+6.20,+46.2,+20.1,NA	+2.36,+274.7,+25.6,IB	+2.18,+284.6,+25.2,OB	+2.18,+285.0,+25.4,NB	
1701319776.7326245	+6.71,+16.7,+19.7,FA	+2.36,+269.2,+20.0,CB	+6.21,+46.1,+20.1,LA	+2.34,+275.8,+25.6,EB	+2.17,+285.3,+25.2,DB	+2.19,+284.6,+25.4,HB	
1701319838.7412002	+6.71,+16.7,+19.6,GA	+2.36,+269.2,+20.0,CB	+6.21,+46.0,+20.1,MA	+2.35,+275.1,+25.6,MB	+2.18,+284.6,+25.2,OB	+2.19,+284.6,+25.4,HB	
1701319900.7493315	+6.71,+16.7,+19.6,GA	+2.36,+269.3,+19.9,AB	+6.21,+46.0,+20.1,MA	+2.34,+275.3,+25.5,MB	+2.18,+284.6,+25.2,OB	+2.20,+284.0,+25.4,DB	
1701319962.759207	+6.71,+16.7,+19.6,GA	+2.36,+269.3,+20.0,BB	+6.21,+45.9,+20.1,GA	+2.36,+274.6,+25.6,HB	+2.18,+284.9,+25.2,@B	+2.17,+285.4,+25.3,BB	
1701320024.7666118	+6.71,+16.8,+19.6,HA	+2.36,+269.3,+20.0,BB	+6.21,+45.9,+20.1,GA	+2.36,+274.4,+25.6,JB	+2.17,+285.3,+25.2,DB	+2.18,+285.1,+25.4,OB	
1701320086.7762098	+6.71,+16.7,+19.7,FA	+2.36,+269.3,+20.0,BB	+6.21,+45.8,+20.1,FA	+2.35,+275.3,+25.5,LB	+2.18,+284.7,+25.2,NB	+2.20,+283.9,+25.4,JB	
1701320148.7859626	+6.71,+16.7,+19.7,FA	+2.36,+269.3,+20.0,BB	+6.21,+45.8,+20.1,FA	+2.34,+275.5,+25.6,HB	+2.17,+285.1,+25.2,FB	+2.19,+284.3,+25.3,JB	
1701320394.3707445	+6.71,+16.7,+19.7,FA	+2.36,+269.3,+20.0,BB	+6.22,+45.6,+20.1,KA	+2.36,+274.7,+25.6,IB	+2.18,+285.0,+25.2,HB	+2.18,+285.0,+25.4,NB	
1701320456.3799205	+6.71,+16.7,+19.7,FA	+2.36,+269.3,+20.0,BB	+6.22,+45.6,+20.1,KA	+2.34,+275.4,+25.5,JB	+2.18,+284.8,+25.2,AB	+2.18,+284.9,+25.3,AB	
1701320518.3887293	+6.71,+16.7,+19.7,FA	+2.36,+269.3,+20.0,BB	+6.22,+45.5,+20.0,IA	+2.34,+275.4,+25.6,IB	+2.17,+285.4,+25.2,CB	+2.19,+284.2,+25.4,LB	
1701320580.3960187	+6.71,+16.7,+19.6,GA	+2.36,+269.4,+20.0,EB	+6.22,+45.5,+20.1,HA	+2.34,+275.5,+25.6,HB	+2.17,+285.4,+25.2,CB	+2.19,+284.2,+25.4,LB	
1701320642.4012969	+6.71,+16.7,+19.7,FA	+2.36,+269.4,+20.0,EB	+6.22,+45.4,+20.1,IA	+2.35,+275.0,+25.6,LB	+2.17,+285.1,+25.2,FB	+2.18,+284.8,+25.3,@B	
1701320704.4126537	+6.71,+16.7,+19.7,FA	+2.36,+269.3,+20.0,BB	+6.22,+45.4,+20.1,IA	+2.34,+275.5,+25.5,KB	+2.17,+285.1,+25.2,FB	+2.18,+284.8,+25.4,GB	
1701320766.42247	+6.71,+16.8,+19.7,IA	+2.36,+269.3,+20.0,BB	+6.22,+45.4,+20.1,IA	+2.33,+276.0,+25.6,IB	+2.17,+285.4,+25.2,CB	+2.19,+284.2,+25.4,LB	
1701320828.4326923	+6.71,+16.7,+19.7,FA	+2.36,+269.3,+20.0,BB	+6.22,+45.4,+20.1,IA	+2.34,+275.6,+25.6,KB	+2.17,+285.2,+25.2,EB	+2.18,+284.7,+25.4,HB	
1701320890.4428015	+6.71,+16.7,+19.7,FA	+2.36,+269.3,+20.0,BB	+6.22,+45.4,+20.1,IA	+2.34,+275.4,+25.6,IB	+2.17,+285.1,+25.2,FB	+2.18,+284.8,+25.4,GB	
1701320952.4527628	+6.71,+16.7,+19.7,FA	+2.36,+269.3,+20.0,BB	+6.22,+45.5,+20.1,HA	+2.35,+274.8,+25.5,FB	+2.18,+284.8,+25.2,AB	+2.17,+285.7,+25.4,FB	
1701321014.4619575	+6.71,+16.7,+19.7,FA	+2.36,+269.4,+20.0,EB	+6.22,+45.3,+20.1,NA	+2.34,+275.7,+25.5,IB	+2.17,+285.0,+25.2,GB	+2.19,+284.5,+25.4,KB	
1701321076.4698195	+6.71,+16.7,+19.7,FA	+2.36,+269.3,+20.0,BB	+6.22,+45.3,+20.1,NA	+2.33,+275.9,+25.5,@B	+2.17,+285.5,+25.2,BB	+2.19,+284.4,+25.4,JB	
1701321138.479137	+6.71,+16.8,+19.7,IA	+2.36,+269.3,+20.0,BB	+6.22,+45.3,+20.1,NA	+2.35,+274.9,+25.6,DB	+2.18,+284.7,+25.2,NB	+2.17,+285.7,+25.4,FB	
1701321200.4867346	+6.71,+16.7,+19.7,FA	+2.36,+269.4,+20.0,EB	+6.22,+45.3,+20.1,NA	+2.33,+275.9,+25.6,CB	+2.17,+285.6,+25.2,AB	+2.19,+284.3,+25.4,MB	
1701321262.497448	+6.71,+16.7,+19.7,FA	+2.36,+269.3,+20.0,BB	+6.22,+45.1,+20.1,LA	+2.34,+275.9,+25.6,DB	+2.17,+285.6,+25.2,AB	+2.19,+284.3,+25.4,MB	
1701321324.5070515	+6.71,+16.7,+19.7,FA	+2.36,+269.3,+20.0,BB	+6.22,+45.1,+20.1,LA	+2.36,+274.7,+25.6,IB	+2.18,+284.7,+25.2,NB	+2.17,+285.4,+25.4,EB	
1701321386.5157492	+6.71,+16.7,+19.7,FA	+2.36,+269.3,+20.0,BB	+6.22,+45.1,+20.1,LA	+2.34,+275.5,+25.5,KB	+2.17,+285.3,+25.2,DB	+2.19,+284.0,+25.4,NB	
1701321448.52445	+6.71,+16.7,+19.7,FA	+2.36,+269.3,+20.0,BB	+6.22,+45.1,+20.1,LA	+2.34,+275.5,+25.5,KB	+2.17,+285.5,+25.2,BB	+2.19,+284.1,+25.4,OB	
1701321510.5302267	+6.71,+16.8,+19.7,IA	+2.36,+269.4,+20.0,EB	+6.22,+45.1,+20.1,LA	+2.36,+274.5,+25.6,KB	+2.17,+285.2,+25.2,EB	+2.17,+285.5,+25.4,DB	
1701321572.5392857	+6.71,+16.7,+19.7,FA	+2.36,+269.4,+20.0,EB	+6.23,+44.9,+20.1,DA	+2.36,+274.4,+25.6,JB	+2.18,+284.9,+25.2,@B	+2.17,+285.8,+25.4,IB	
1701321634.5509927	+6.71,+16.7,+19.7,FA	+2.36,+269.4,+20.0,EB	+6.23,+44.9,+20.1,DA	+2.34,+275.7,+25.6,JB	+2.17,+285.1,+25.2,FB	+2.19,+284.1,+25.4,OB	
1701321696.5591369	+6.71,+16.6,+19.7,GA	+2.36,+269.4,+20.0,EB	+6.23,+44.8,+20.1,EA	+2.35,+275.3,+25.6,OB	+2.17,+285.3,+25.2,DB	+2.19,+284.1,+25.4,OB	
1701321758.568528	+6.71,+16.7,+19.7,FA	+2.36,+269.3,+20.0,BB	+6.23,+44.8,+20.1,EA	+2.35,+274.9,+25.6,DB	+2.17,+285.5,+25.2,BB	+2.19,+284.3,+25.3,JB	
1701321820.574576	+6.71,+16.7,+19.7,FA	+2.36,+269.4,+20.0,EB	+6.23,+44.7,+20.1,JA	+2.35,+274.8,+25.5,FB	+2.18,+284.6,+25.2,OB	+2.18,+285.1,+25.4,OB	
1701321882.582915	+6.71,+16.7,+19.7,FA	+2.36,+269.4,+20.0,EB	+6.23,+44.7,+20.1,JA	+2.36,+274.5,+25.6,KB	+2.18,+284.7,+25.2,NB	+2.17,+285.3,+25.4,BB	
1701321944.5886312	+6.71,+16.7,+19.7,FA	+2.36,+269.3,+20.0,BB	+6.23,+44.7,+20.1,JA	+2.35,+274.8,+25.6,EB	+2.17,+285.5,+25.2,BB	+2.19,+284.6,+25.4,HB	
1701322006.5971475	+6.71,+16.7,+19.7,FA	+2.36,+269.4,+20.0,EB	+6.23,+44.6,+20.1,KA	+2.36,+274.4,+25.6,JB	+2.17,+285.5,+25.2,BB	+2.17,+285.3,+25.4,BB	
1701322068.605281	+6.71,+16.6,+19.7,GA	+2.36,+269.3,+20.0,BB	+6.23,+44.6,+20.1,KA	+2.36,+274.5,+25.6,KB	+2.17,+285.5,+25.1,AB	+2.18,+285.0,+25.4,NB	
1701322130.6139858	+6.71,+16.7,+19.7,FA	+2.36,+269.4,+20.0,EB	+6.23,+44.6,+20.1,KA	+2.34,+275.4,+25.5,JB	+2.18,+284.7,+25.2,NB	+2.18,+284.6,+25.3,NB	
1701322192.6235929	+6.71,+16.7,+19.7,FA	+2.36,+269.4,+20.0,EB	+6.23,+44.5,+20.1,HA	+2.34,+275.4,+25.5,JB	+2.17,+285.0,+25.2,GB	+2.19,+284.1,+25.3,HB	
1701322254.6329315	+6.71,+16.7,+19.7,FA	+2.36,+269.4,+20.0,EB	+6.23,+44.5,+20.1,HA	+2.35,+274.9,+25.5,GB	+2.17,+285.3,+25.2,DB	+2.19,+284.3,+25.3,JB	
