62309060419	62309060427	62309060471	62309060472	62309060473	62309060475	
1701840996.4645143	+6.56,+25.7,+19.9,MA	+2.31,+272.2,+20.2,LB	+6.49,+29.6,+20.4,IA	+2.13,+288.0,+25.6,JB	+2.07,+291.2,+25.2,AB	+2.02,+294.4,+25.3,FB	
1701841058.4746614	+6.56,+25.7,+19.9,MA	+2.31,+272.2,+20.2,LB	+6.49,+29.7,+20.4,HA	+2.14,+287.3,+25.6,AB	+2.08,+290.8,+25.2,EB	+2.03,+293.7,+25.3,CB	
1701841120.4828393	+6.56,+25.8,+19.9,BA	+2.31,+272.2,+20.2,LB	+6.49,+29.6,+20.4,IA	+2.13,+287.9,+25.5,OB	+2.07,+291.1,+25.2,BB	+2.02,+294.3,+25.3,AB	
1701841182.4921148	+6.56,+25.8,+19.9,BA	+2.31,+272.2,+20.2,LB	+6.49,+29.6,+20.4,IA	+2.14,+287.4,+25.6,FB	+2.08,+290.7,+25.2,JB	+2.04,+293.3,+25.4,GB	
1701841244.5018563	+6.56,+25.8,+19.9,BA	+2.31,+272.2,+20.2,LB	+6.49,+29.8,+20.4,GA	+2.13,+287.9,+25.5,OB	+2.07,+291.3,+25.2,@B	+2.02,+294.4,+25.3,FB	
1701841306.5117755	+6.56,+25.7,+19.9,MA	+2.31,+272.2,+20.2,LB	+6.49,+29.8,+20.4,GA	+2.14,+287.6,+25.6,DB	+2.07,+291.2,+25.2,AB	+2.02,+294.2,+25.4,GB	
1701841368.516887	+6.56,+25.7,+19.9,MA	+2.31,+272.2,+20.2,LB	+6.49,+29.8,+20.4,GA	+2.14,+287.5,+25.5,DB	+2.08,+290.7,+25.2,JB	+2.04,+293.4,+25.4,@B	
1701841430.526013	+6.56,+25.8,+19.9,BA	+2.31,+272.2,+20.3,MB	+6.49,+29.6,+20.4,IA	+2.15,+286.8,+25.5,IB	+2.08,+290.6,+25.2,KB	+2.04,+293.1,+25.3,BB	
1701841492.5359452	+6.56,+25.8,+19.9,BA	+2.31,+272.2,+20.2,LB	+6.49,+29.7,+20.4,HA	+2.14,+287.5,+25.5,DB	+2.07,+291.2,+25.2,AB	+2.02,+294.1,+25.4,DB	
1701841554.543567	+6.56,+25.7,+19.9,MA	+2.31,+272.2,+20.2,LB	+6.49,+29.7,+20.4,HA	+2.15,+286.9,+25.6,KB	+2.08,+290.6,+25.2,KB	+2.04,+292.9,+25.4,LB	
1701841616.554283	+6.56,+25.8,+19.9,BA	+2.31,+272.2,+20.2,LB	+6.49,+29.7,+20.4,HA	+2.14,+287.3,+25.6,AB	+2.08,+290.5,+25.2,HB	+2.04,+293.2,+25.4,FB	
1701841678.5643692	+6.56,+25.8,+19.9,BA	+2.31,+272.2,+20.3,MB	+6.49,+29.7,+20.4,HA	+2.15,+287.0,+25.5,@B	+2.07,+291.1,+25.2,BB	+2.03,+293.6,+25.3,BB	
1701841740.5744057	+6.56,+25.8,+19.9,BA	+2.31,+272.2,+20.2,LB	+6.49,+29.7,+20.4,HA	+2.14,+287.3,+25.5,BB	+2.08,+290.5,+25.2,HB	+2.04,+293.1,+25.4,EB	
1701841802.584307	+6.56,+25.8,+19.9,BA	+2.31,+272.2,+20.2,LB	+6.49,+29.7,+20.4,HA	+2.13,+287.8,+25.6,MB	+2.08,+290.5,+25.2,HB	+2.03,+293.8,+25.4,KB	
1701841864.5905032	+6.56,+25.8,+20.0,AA	+2.31,+272.2,+20.3,MB	+6.49,+29.7,+20.4,HA	+2.16,+286.3,+25.5,AB	+2.08,+290.5,+25.2,HB	+2.03,+293.6,+25.4,EB	
1701841926.5972583	+6.56,+25.8,+19.9,BA	+2.31,+272.2,+20.3,MB	+6.49,+29.7,+20.5,IA	+2.16,+286.3,+25.6,BB	+2.07,+291.3,+25.2,@B	+2.02,+294.2,+25.4,GB	
1701841988.6047943	+6.56,+25.7,+19.9,MA	+2.31,+272.2,+20.2,LB	+6.49,+29.6,+20.4,IA	+2.15,+286.7,+25.6,EB	+2.08,+290.7,+25.2,JB	+2.04,+293.1,+25.4,EB	
1701842050.6149495	+6.56,+25.8,+19.9,BA	+2.31,+272.2,+20.3,MB	+6.49,+29.8,+20.4,GA	+2.14,+287.4,+25.6,FB	+2.07,+291.3,+25.2,@B	+2.02,+294.3,+25.4,FB	
1701842112.6256144	+6.56,+25.8,+19.9,BA	+2.31,+272.2,+20.3,MB	+6.49,+29.7,+20.4,HA	+2.14,+287.4,+25.6,FB	+2.08,+290.5,+25.2,HB	+2.04,+293.3,+25.4,GB	
1701842174.6340592	+6.56,+25.7,+19.9,MA	+2.31,+272.2,+20.3,MB	+6.49,+29.7,+20.4,HA	+2.14,+287.2,+25.6,@B	+2.07,+291.2,+25.2,AB	+2.02,+294.1,+25.3,CB	
1701842236.641414	+6.56,+25.8,+19.9,BA	+2.31,+272.2,+20.3,MB	+6.49,+29.8,+20.4,GA	+2.14,+287.2,+25.5,CB	+2.08,+290.5,+25.2,HB	+2.04,+293.0,+25.3,CB	
1701842298.651033	+6.56,+25.8,+19.9,BA	+2.31,+272.2,+20.3,MB	+6.49,+29.8,+20.4,GA	+2.15,+287.1,+25.6,BB	+2.08,+290.7,+25.2,JB	+2.04,+293.0,+25.4,DB	
1701842360.6590664	+6.56,+25.8,+20.0,AA	+2.31,+272.2,+20.3,MB	+6.49,+29.7,+20.5,IA	+2.13,+287.7,+25.5,AB	+2.07,+291.0,+25.2,CB	+2.01,+294.8,+25.4,NB	
1701842422.6678703	+6.56,+25.8,+19.9,BA	+2.31,+272.2,+20.3,MB	+6.49,+29.7,+20.5,IA	+2.13,+288.0,+25.6,JB	+2.08,+290.8,+25.2,EB	+2.01,+294.7,+25.3,FB	
1701842484.6773043	+6.56,+25.8,+19.9,BA	+2.31,+272.2,+20.3,MB	+6.49,+29.8,+20.4,GA	+2.15,+286.9,+25.6,KB	+2.07,+291.1,+25.2,BB	+2.04,+293.3,+25.4,GB	
1701842546.6863992	+6.56,+25.7,+20.0,NA	+2.31,+272.2,+20.3,MB	+6.49,+29.7,+20.5,IA	+2.13,+288.1,+25.6,KB	+2.08,+290.4,+25.2,IB	+2.02,+294.2,+25.4,GB	
1701842608.6934028	+6.56,+25.8,+20.0,AA	+2.31,+272.2,+20.3,MB	+6.49,+29.7,+20.5,IA	+2.14,+287.5,+25.6,GB	+2.07,+291.0,+25.2,CB	+2.01,+294.6,+25.3,GB	
1701842670.6999354	+6.56,+25.7,+19.9,MA	+2.31,+272.2,+20.3,MB	+6.49,+29.8,+20.5,FA	+2.13,+288.1,+25.6,KB	+2.08,+290.5,+25.2,HB	+2.02,+294.1,+25.3,CB	
1701842916.2977355	+6.56,+25.7,+19.9,MA	+2.31,+272.3,+20.3,LB	+6.49,+29.7,+20.5,IA	+2.13,+287.8,+25.6,MB	+2.08,+290.6,+25.2,KB	+2.04,+293.2,+25.4,FB	
1701842978.3100483	+6.56,+25.7,+20.0,NA	+2.31,+272.3,+20.3,LB	+6.49,+29.7,+20.5,IA	+2.13,+288.2,+25.6,HB	+2.08,+290.4,+25.2,IB	+2.03,+293.6,+25.4,EB	
1701843040.318665	+6.56,+25.8,+20.0,AA	+2.31,+272.3,+20.3,LB	+6.49,+29.5,+20.5,KA	+2.15,+287.0,+25.6,CB	+2.07,+291.3,+25.2,@B	+2.03,+294.0,+25.4,DB	
1701843102.3283315	+6.56,+25.8,+20.0,AA	+2.31,+272.3,+20.3,LB	+6.49,+29.7,+20.5,IA	+2.15,+287.1,+25.6,BB	+2.07,+291.2,+25.2,AB	+2.03,+293.9,+25.4,JB	
1701843164.338491	+6.56,+25.8,+20.0,AA	+2.31,+272.3,+20.3,LB	+6.49,+29.8,+20.5,FA	+2.14,+287.7,+25.6,EB	+2.08,+290.5,+25.2,HB	+2.04,+293.2,+25.4,FB	
1701843226.3481984	+6.56,+25.8,+20.0,AA	+2.31,+272.3,+20.3,LB	+6.49,+29.7,+20.5,IA	+2.13,+287.8,+25.5,NB	+2.08,+290.9,+25.2,DB	+2.01,+294.7,+25.4,AB	
1701843288.3557842	+6.56,+25.8,+20.0,AA	+2.31,+272.2,+20.3,MB	+6.49,+29.8,+20.5,FA	+2.13,+288.0,+25.5,IB	+2.08,+290.9,+25.2,DB	+2.02,+294.6,+25.4,CB	
1701843350.3653955	+6.56,+25.8,+20.0,AA	+2.31,+272.3,+20.3,LB	+6.49,+29.8,+20.5,FA	+2.15,+287.0,+25.6,CB	+2.07,+291.1,+25.2,BB	+2.02,+294.3,+25.4,FB	
1701843412.3747115	+6.56,+25.8,+20.0,AA	+2.31,+272.3,+20.3,LB	+6.49,+29.8,+20.5,FA	+2.13,+288.1,+25.5,HB	+2.08,+290.5,+25.2,HB	+2.03,+293.7,+25.3,CB	
1701843474.3854978	+6.56,+25.8,+20.0,AA	+2.31,+272.3,+20.3,LB	+6.49,+29.7,+20.5,IA	+2.12,+288.4,+25.6,OB	+2.08,+290.8,+25.2,EB	+2.02,+294.2,+25.4,GB	
1701843536.3945012	+6.56,+25.8,+20.0,AA	+2.31,+272.3,+20.3,LB	+6.49,+29.8,+20.5,FA	+2.13,+288.3,+25.6,IB	+2.08,+290.7,+25.2,JB	+2.03,+294.0,+25.3,CB	
1701843598.4039614	+6.56,+25.8,+20.0,AA	+2.31,+272.3,+20.3,LB	+6.49,+29.7,+20.5,IA	+2.13,+287.8,+25.6,MB	+2.08,+290.4,+25.2,IB	+2.03,+293.5,+25.4,FB	
1701843660.414267	+6.56,+25.8,+20.0,AA	+2.31,+272.3,+20.3,LB	+6.49,+29.6,+20.5,HA	+2.14,+287.4,+25.5,EB	+2.08,+290.6,+25.2,KB	+2.03,+293.6,+25.4,EB	
1701843722.4226706	+6.56,+25.8,+20.0,AA	+2.31,+272.3,+20.3,LB	+6.49,+29.7,+20.5,IA	+2.15,+287.1,+25.6,BB	+2.08,+290.7,+25.2,JB	+2.02,+294.1,+25.4,DB	
1701843784.433865	+6.56,+25.7,+20.0,NA	+2.31,+272.3,+20.3,LB	+6.49,+29.7,+20.5,IA	+2.13,+287.7,+25.5,AB	+2.07,+291.3,+25.2,@B	+2.01,+295.2,+25.4,EB	
1701843846.4428327	+6.56,+25.8,+20.0,AA	+2.31,+272.3,+20.3,LB	+6.49,+29.7,+20.5,IA	+2.13,+288.3,+25.6,IB	+2.07,+291.2,+25.2,AB	+2.01,+294.7,+25.4,AB	
1701843908.4513216	+6.56,+25.7,+20.0,NA	+2.31,+272.3,+20.3,LB	+6.49,+29.7,+20.5,IA	+2.12,+288.4,+25.5,LB	+2.07,+291.2,+25.2,AB	+2.02,+294.6,+25.4,CB	
1701843970.4627023	+6.56,+25.8,+20.0,AA	+2.31,+272.3,+20.3,LB	+6.49,+29.7,+20.5,IA	+2.13,+288.1,+25.5,HB	+2.07,+291.3,+25.2,@B	+2.01,+295.2,+25.4,EB	
1701844032.468357	+6.56,+25.8,+20.0,AA	+2.31,+272.3,+20.3,LB	+6.49,+29.7,+20.5,IA	+2.14,+287.4,+25.6,FB	+2.08,+290.6,+25.2,KB	+2.03,+293.6,+25.4,EB	
1701844094.478731	+6.56,+25.8,+20.0,AA	+2.31,+272.3,+20.3,LB	+6.49,+29.7,+20.5,IA	+2.13,+288.0,+25.6,JB	+2.07,+291.4,+25.2,GB	+2.01,+295.2,+25.4,EB	
1701844156.485328	+6.56,+25.8,+20.0,AA	+2.31,+272.3,+20.3,LB	+6.49,+29.8,+20.5,FA	+2.14,+287.5,+25.6,GB	+2.08,+290.5,+25.2,HB	+2.03,+293.6,+25.4,EB	
1701844218.4945908	+6.56,+25.7,+20.0,NA	+2.31,+272.3,+20.3,LB	+6.49,+29.8,+20.5,FA	+2.13,+288.3,+25.6,IB	+2.07,+291.0,+25.2,CB	+2.02,+294.2,+25.4,GB	
1701844280.5037963	+6.56,+25.7,+20.0,NA	+2.31,+272.3,+20.4,KB	+6.49,+29.8,+20.5,FA	+2.13,+288.3,+25.5,JB	+2.07,+291.1,+25.2,BB	+2.02,+294.2,+25.4,GB	
1701844342.5113664	+6.56,+25.7,+20.0,NA	+2.31,+272.3,+20.3,LB	+6.49,+29.8,+20.5,FA	+2.12,+288.4,+25.5,LB	+2.07,+291.4,+25.2,GB	+2.01,+295.1,+25.3,AB	
1701844404.5187938	+6.56,+25.8,+20.0,AA	+2.31,+272.3,+20.4,KB	+6.49,+29.8,+20.5,FA	+2.13,+288.2,+25.6,HB	+2.07,+291.3,+25.2,@B	+2.00,+295.3,+25.4,EB	
1701844466.5244765	+6.56,+25.7,+20.0,NA	+2.31,+272.3,+20.3,LB	+6.49,+29.8,+20.5,FA	+2.13,+288.0,+25.6,JB	+2.07,+291.3,+25.2,@B	+2.00,+295.3,+25.3,BB	
1701844528.5307937	+6.56,+25.8,+20.0,AA	+2.31,+272.3,+20.3,LB	+6.49,+29.8,+20.5,FA	+2.14,+287.7,+25.5,FB	+2.07,+291.0,+25.2,CB	+2.01,+295.0,+25.4,GB	
1701844590.531641	+6.56,+25.8,+20.0,AA	+2.31,+272.4,+20.3,KB	+6.49,+29.7,+20.5,IA	+2.14,+287.3,+25.5,BB	+2.08,+290.6,+25.2,KB	+2.02,+294.3,+25.3,AB	
1701844652.542012	+6.56,+25.6,+20.0,OA	+2.31,+272.3,+20.3,LB	+6.49,+29.7,+20.5,IA	+2.13,+287.8,+25.6,MB	+2.08,+290.8,+25.2,EB	+2.03,+293.7,+25.4,DB	
1701844714.5512123	+6.56,+25.6,+20.0,OA	+2.31,+272.3,+20.4,KB	+6.49,+29.7,+20.5,IA	+2.12,+288.5,+25.5,MB	+2.07,+291.4,+25.2,GB	+2.02,+294.6,+25.4,CB	
1701844776.5600939	+6.56,+25.6,+20.0,OA	+2.31,+272.3,+20.4,KB	+6.49,+29.8,+20.5,FA	+2.13,+287.9,+25.5,OB	+2.08,+290.8,+25.2,EB	+2.00,+295.3,+25.4,EB	
1701844838.5706456	+6.56,+25.5,+20.0,LA	+2.31,+272.4,+20.4,LB	+6.49,+29.8,+20.5,FA	+2.14,+287.7,+25.6,EB	+2.08,+290.9,+25.2,DB	+2.03,+293.8,+25.4,KB	
1701844900.5772867	+6.56,+25.5,+20.0,LA	+2.31,+272.4,+20.4,LB	+6.49,+29.8,+20.5,FA	+2.14,+287.5,+25.6,GB	+2.07,+290.9,+25.2,KB	+2.03,+293.7,+25.4,DB	
1701844962.584313	+6.56,+25.6,+20.0,OA	+2.31,+272.4,+20.3,KB	+6.49,+29.8,+20.5,FA	+2.14,+287.4,+25.5,EB	+2.08,+290.7,+25.2,JB	+2.03,+293.9,+25.4,JB	
1701845024.595994	+6.56,+25.5,+20.0,LA	+2.31,+272.4,+20.3,KB	+6.49,+29.8,+20.5,FA	+2.14,+287.3,+25.6,AB	+2.07,+290.9,+25.2,KB	+2.03,+293.8,+25.3,LB	
1701845086.6058688	+6.56,+25.5,+20.0,LA	+2.31,+272.3,+20.4,KB	+6.49,+29.8,+20.5,FA	+2.13,+287.8,+25.6,MB	+2.07,+291.1,+25.2,BB	+2.03,+293.9,+25.3,MB	
1701845148.6160429	+6.56,+25.6,+20.0,OA	+2.31,+272.3,+20.4,KB	+6.49,+29.8,+20.5,FA	+2.12,+288.6,+25.5,NB	+2.07,+291.3,+25.2,@B	+2.01,+295.2,+25.4,EB	
1701845210.6261585	+6.56,+25.6,+20.0,OA	+2.31,+272.4,+20.3,KB	+6.49,+29.8,+20.5,FA	+2.12,+288.6,+25.5,NB	+2.07,+291.3,+25.2,@B	+2.00,+295.3,+25.4,EB	
1701845272.6360877	+6.56,+25.6,+20.0,OA	+2.31,+272.3,+20.4,KB	+6.49,+29.8,+20.5,FA	+2.14,+287.6,+25.5,GB	+2.08,+290.6,+25.2,KB	+2.01,+294.9,+25.3,HB	
1701845334.6464183	+6.56,+25.6,+20.0,OA	+2.31,+272.3,+20.4,KB	+6.49,+29.8,+20.5,FA	+2.13,+288.2,+25.5,KB	+2.08,+290.8,+25.2,EB	+2.00,+295.5,+25.3,DB	
1701845396.656192	+6.56,+25.6,+20.0,OA	+2.31,+272.4,+20.4,LB	+6.49,+29.7,+20.5,IA	+2.12,+288.5,+25.6,NB	+2.07,+291.0,+25.2,CB	+2.00,+295.4,+25.3,EB	
1701845458.6645494	+6.56,+25.6,+20.0,OA	+2.31,+272.4,+20.4,LB	+6.49,+29.8,+20.5,FA	+2.14,+287.3,+25.6,AB	+2.08,+290.8,+25.2,EB	+2.02,+294.4,+25.3,FB	
1701845520.674506	+6.56,+25.7,+20.0,NA	+2.31,+272.4,+20.4,LB	+6.49,+29.8,+20.5,FA	+2.12,+288.4,+25.5,LB	+2.07,+291.2,+25.2,AB	+2.01,+294.9,+25.4,OB	
1701845582.683078	+6.56,+25.5,+20.0,LA	+2.31,+272.4,+20.4,LB	+6.49,+29.8,+20.5,FA	+2.14,+287.6,+25.5,GB	+2.07,+291.3,+25.2,@B	+2.03,+293.9,+25.3,MB	
1701845644.6897783	+6.56,+25.6,+20.0,OA	+2.31,+272.4,+20.4,LB	+6.49,+29.8,+20.5,FA	+2.13,+288.2,+25.6,HB	+2.07,+291.4,+25.2,GB	+2.02,+294.6,+25.3,DB	
1701845706.6953776	+6.56,+25.6,+20.0,OA	+2.31,+272.4,+20.4,LB	+6.49,+29.8,+20.5,FA	+2.12,+288.6,+25.5,NB	+2.07,+291.0,+25.2,CB	+2.00,+295.4,+25.4,BB	
1701845768.7030807	+6.56,+25.5,+20.0,LA	+2.31,+272.4,+20.4,LB	+6.49,+29.8,+20.6,EA	+2.13,+287.8,+25.5,NB	+2.07,+291.4,+25.2,GB	+2.02,+294.2,+25.4,GB	
1701845830.7130291	+6.56,+25.6,+20.0,OA	+2.31,+272.4,+20.4,LB	+6.49,+29.8,+20.5,FA	+2.12,+288.4,+25.6,OB	+2.08,+290.6,+25.2,KB	+2.00,+295.5,+25.3,DB	
1701845892.7179012	+6.56,+25.5,+20.0,LA	+2.31,+272.4,+20.4,LB	+6.49,+29.7,+20.5,IA	+2.14,+287.6,+25.6,DB	+2.07,+291.3,+25.2,@B	+2.04,+293.4,+25.4,@B	
1701845954.7262132	+6.56,+25.6,+20.1,NA	+2.31,+272.4,+20.4,LB	+6.49,+29.7,+20.5,IA	+2.14,+287.5,+25.6,GB	+2.08,+290.9,+25.2,DB	+2.03,+293.9,+25.4,JB	
1701846016.7348561	+6.56,+25.6,+20.1,NA	+2.31,+272.4,+20.4,LB	+6.49,+29.7,+20.5,IA	+2.13,+287.8,+25.5,NB	+2.07,+291.3,+25.2,@B	+2.03,+293.5,+25.4,FB	
1701846078.7429261	+6.56,+25.6,+20.0,OA	+2.31,+272.5,+20.4,MB	+6.49,+29.8,+20.5,FA	+2.12,+288.4,+25.5,LB	+2.07,+290.9,+25.2,KB	+2.02,+294.4,+25.4,AB	
1701846140.7516072	+6.56,+25.5,+20.0,LA	+2.31,+272.4,+20.4,LB	+6.49,+29.8,+20.5,FA	+2.14,+287.5,+25.5,DB	+2.07,+290.9,+25.2,KB	+2.03,+293.7,+25.4,DB	
1701846202.7602894	+6.56,+25.5,+20.0,LA	+2.31,+272.4,+20.4,LB	+6.49,+29.8,+20.5,FA	+2.14,+287.4,+25.5,EB	+2.07,+291.3,+25.2,@B	+2.04,+293.3,+25.4,GB	
1701846264.7690578	+6.56,+25.5,+20.1,MA	+2.31,+272.4,+20.4,LB	+6.49,+29.7,+20.5,IA	+2.12,+288.6,+25.6,MB	+2.08,+290.5,+25.2,HB	+2.01,+295.0,+25.4,GB	
1701846326.7750213	+6.56,+25.5,+20.0,LA	+2.31,+272.4,+20.4,LB	+6.49,+29.7,+20.6,JA	+2.14,+287.4,+25.6,FB	+2.07,+291.4,+25.2,GB	+2.04,+293.4,+25.3,GB	
1701846388.782298	+6.56,+25.5,+20.1,MA	+2.31,+272.4,+20.4,LB	+6.49,+29.8,+20.6,EA	+2.13,+288.0,+25.6,JB	+2.07,+291.2,+25.2,AB	+2.02,+294.1,+25.3,CB	
1701846450.7908614	+6.56,+25.5,+20.1,MA	+2.31,+272.4,+20.4,LB	+6.49,+29.7,+20.5,IA	+2.14,+287.3,+25.6,AB	+2.06,+291.5,+25.2,GB	+2.04,+293.4,+25.4,@B	
1701846512.8007042	+6.56,+25.5,+20.1,MA	+2.31,+272.4,+20.4,LB	+6.49,+29.8,+20.6,EA	+2.13,+288.3,+25.5,JB	+2.07,+291.0,+25.2,CB	+2.02,+294.5,+25.4,@B	
1701846758.3346395	+6.56,+25.4,+20.1,LA	+2.31,+272.4,+20.4,LB	+6.49,+29.8,+20.6,EA	+2.13,+288.3,+25.5,JB	+2.07,+291.0,+25.2,CB	+2.01,+294.9,+25.4,OB	
1701846820.3436651	+6.56,+25.4,+20.1,LA	+2.31,+272.4,+20.4,LB	+6.49,+29.8,+20.6,EA	+2.12,+288.5,+25.6,NB	+2.07,+291.0,+25.2,CB	+2.01,+295.1,+25.4,FB	
1701846882.3530915	+6.56,+25.5,+20.1,MA	+2.31,+272.4,+20.4,LB	+6.49,+29.7,+20.6,JA	+2.13,+288.2,+25.6,HB	+2.08,+290.8,+25.2,EB	+2.01,+294.7,+25.4,AB	
1701846944.360486	+6.56,+25.5,+20.1,MA	+2.31,+272.4,+20.4,LB	+6.49,+29.7,+20.6,JA	+2.13,+287.9,+25.5,OB	+2.07,+290.9,+25.2,KB	+2.02,+294.3,+25.4,FB	
1701847006.3708985	+6.56,+25.5,+20.1,MA	+2.31,+272.4,+20.4,LB	+6.49,+29.7,+20.6,JA	+2.12,+288.7,+25.6,LB	+2.07,+291.0,+25.2,CB	+2.00,+295.2,+25.3,CB	
1701847068.3796446	+6.56,+25.5,+20.1,MA	+2.31,+272.4,+20.4,LB	+6.49,+29.8,+20.6,EA	+2.13,+288.0,+25.6,JB	+2.07,+291.4,+25.2,GB	+2.02,+294.4,+25.4,AB	
1701847130.3898535	+6.56,+25.4,+20.1,LA	+2.31,+272.4,+20.4,LB	+6.49,+29.7,+20.6,JA	+2.12,+288.7,+25.5,OB	+2.08,+290.9,+25.2,DB	+2.00,+295.2,+25.4,DB	
1701847192.3997016	+6.56,+25.5,+20.1,MA	+2.31,+272.4,+20.4,LB	+6.49,+29.7,+20.6,JA	+2.12,+288.8,+25.5,@B	+2.08,+290.8,+25.2,EB	+2.00,+295.3,+25.4,EB	
1701847254.408589	+6.56,+25.4,+20.1,LA	+2.31,+272.4,+20.4,LB	+6.49,+29.7,+20.6,JA	+2.13,+288.1,+25.6,KB	+2.06,+291.6,+25.2,DB	+2.02,+294.4,+25.3,FB	
1701847316.419895	+6.56,+25.5,+20.1,MA	+2.31,+272.4,+20.4,LB	+6.49,+29.8,+20.6,EA	+2.12,+288.8,+25.5,@B	+2.07,+291.1,+25.2,BB	+2.00,+295.4,+25.4,BB	
1701847378.430066	+6.56,+25.4,+20.1,LA	+2.31,+272.4,+20.4,LB	+6.49,+29.9,+20.6,DA	+2.12,+288.6,+25.6,MB	+2.07,+290.9,+25.2,KB	+2.00,+295.4,+25.4,BB	
1701847440.4404163	+6.56,+25.4,+20.1,LA	+2.31,+272.4,+20.4,LB	+6.49,+29.8,+20.6,EA	+2.14,+287.6,+25.5,GB	+2.07,+290.9,+25.2,KB	+2.03,+294.0,+25.4,DB	
1701847502.4463837	+6.56,+25.5,+20.1,MA	+2.31,+272.4,+20.4,LB	+6.49,+29.8,+20.6,EA	+2.14,+287.6,+25.5,GB	+2.07,+290.9,+25.2,KB	+2.02,+294.3,+25.4,FB	
1701847564.4561238	+6.56,+25.5,+20.1,MA	+2.31,+272.4,+20.4,LB	+6.49,+29.7,+20.6,JA	+2.14,+287.7,+25.6,EB	+2.08,+290.7,+25.2,JB	+2.02,+294.5,+25.3,GB	
1701847626.465818	+6.56,+25.5,+20.1,MA	+2.31,+272.4,+20.4,LB	+6.49,+29.8,+20.6,EA	+2.12,+288.6,+25.5,NB	+2.07,+291.2,+25.2,AB	+2.00,+295.4,+25.4,BB	
1701847688.473069	+6.56,+25.4,+20.1,LA	+2.31,+272.4,+20.4,LB	+6.49,+29.7,+20.6,JA	+2.13,+288.1,+25.6,KB	+2.08,+290.7,+25.2,JB	+2.01,+295.0,+25.4,GB	
1701847750.4819534	+6.56,+25.5,+20.1,MA	+2.31,+272.4,+20.4,LB	+6.49,+29.8,+20.6,EA	+2.13,+288.1,+25.6,KB	+2.08,+290.8,+25.2,EB	+2.01,+294.9,+25.4,OB	
1701847812.489743	+6.56,+25.5,+20.1,MA	+2.31,+272.4,+20.4,LB	+6.49,+29.8,+20.6,EA	+2.12,+288.4,+25.6,OB	+2.07,+291.1,+25.2,BB	+2.00,+295.3,+25.4,EB	
1701847874.4979186	+6.56,+25.5,+20.1,MA	+2.31,+272.5,+20.4,MB	+6.49,+29.8,+20.6,EA	+2.13,+287.8,+25.6,MB	+2.07,+291.3,+25.1,CB	+2.03,+293.8,+25.4,KB	
1701847936.50599	+6.56,+25.5,+20.1,MA	+2.31,+272.4,+20.4,LB	+6.49,+29.8,+20.6,EA	+2.13,+287.8,+25.6,MB	+2.08,+290.8,+25.2,EB	+2.02,+294.4,+25.4,AB	
1701847998.5157475	+6.56,+25.6,+20.1,NA	+2.31,+272.4,+20.4,LB	+6.49,+29.7,+20.6,JA	+2.12,+288.6,+25.6,MB	+2.06,+291.7,+25.2,EB	+2.01,+295.0,+25.4,GB	
1701848060.525177	+6.56,+25.5,+20.1,MA	+2.31,+272.4,+20.4,LB	+6.49,+29.8,+20.6,EA	+2.12,+288.7,+25.6,LB	+2.07,+291.4,+25.2,GB	+2.00,+295.5,+25.4,CB	
1701848122.5359085	+6.56,+25.6,+20.1,NA	+2.31,+272.4,+20.4,LB	+6.49,+29.8,+20.6,EA	+2.14,+287.5,+25.6,GB	+2.08,+290.9,+25.2,DB	+2.03,+294.0,+25.3,CB	
1701848184.5453866	+6.56,+25.6,+20.1,NA	+2.31,+272.5,+20.5,LB	+6.49,+29.7,+20.6,JA	+2.13,+288.2,+25.6,HB	+2.07,+291.2,+25.2,AB	+2.02,+294.2,+25.4,GB	
1701848246.5534406	+6.56,+25.5,+20.1,MA	+2.31,+272.5,+20.4,MB	+6.49,+29.7,+20.6,JA	+2.14,+287.5,+25.6,GB	+2.08,+290.7,+25.2,JB	+2.02,+294.3,+25.4,FB	
1701848308.5628817	+6.56,+25.6,+20.1,NA	+2.31,+272.4,+20.4,LB	+6.49,+29.7,+20.6,JA	+2.13,+287.8,+25.6,MB	+2.07,+291.0,+25.2,CB	+2.03,+293.8,+25.4,KB	
1701848370.5716894	+6.56,+25.6,+20.1,NA	+2.31,+272.4,+20.5,MB	+6.49,+29.8,+20.6,EA	+2.12,+288.8,+25.5,@B	+2.06,+291.5,+25.2,GB	+2.01,+295.1,+25.4,FB	
1701848432.5801864	+6.56,+25.6,+20.1,NA	+2.31,+272.5,+20.4,MB	+6.49,+29.8,+20.6,EA	+2.12,+288.7,+25.6,LB	+2.06,+291.5,+25.2,GB	+2.01,+294.9,+25.4,OB	
1701848494.5882783	+6.56,+25.6,+20.1,NA	+2.31,+272.5,+20.5,LB	+6.49,+29.8,+20.6,EA	+2.13,+288.1,+25.6,KB	+2.07,+291.1,+25.2,BB	+2.03,+294.0,+25.4,DB	
1701848556.5985677	+6.56,+25.6,+20.1,NA	+2.31,+272.4,+20.5,MB	+6.49,+29.8,+20.6,EA	+2.13,+288.3,+25.5,JB	+2.07,+291.0,+25.2,CB	+2.02,+294.1,+25.4,DB	
1701848618.6082962	+6.56,+25.5,+20.1,MA	+2.31,+272.5,+20.4,MB	+6.49,+29.8,+20.6,EA	+2.13,+288.1,+25.5,HB	+2.08,+290.9,+25.2,DB	+2.03,+293.9,+25.3,MB	
1701848680.6164277	+6.56,+25.6,+20.1,NA	+2.31,+272.5,+20.5,LB	+6.49,+29.9,+20.6,DA	+2.14,+287.6,+25.6,DB	+2.08,+290.8,+25.2,EB	+2.03,+294.0,+25.4,DB	
1701848742.6254392	+6.56,+25.6,+20.1,NA	+2.31,+272.5,+20.5,LB	+6.49,+29.8,+20.6,EA	+2.12,+288.5,+25.6,NB	+2.06,+291.5,+25.2,GB	+2.00,+295.3,+25.4,EB	
1701848804.6337628	+6.56,+25.6,+20.1,NA	+2.31,+272.4,+20.5,MB	+6.49,+29.8,+20.6,EA	+2.12,+288.7,+25.6,LB	+2.06,+291.6,+25.2,DB	+2.01,+295.1,+25.4,FB	
1701848866.6432397	+6.56,+25.6,+20.1,NA	+2.31,+272.4,+20.5,MB	+6.49,+29.7,+20.6,JA	+2.12,+288.8,+25.6,CB	+2.07,+291.4,+25.2,GB	+2.01,+294.9,+25.4,OB	
1701848928.6524644	+6.56,+25.6,+20.1,NA	+2.31,+272.5,+20.5,LB	+6.49,+29.8,+20.6,EA	+2.13,+288.3,+25.6,IB	+2.08,+290.9,+25.2,DB	+2.03,+293.8,+25.4,KB	
1701848990.663188	+6.56,+25.6,+20.1,NA	+2.31,+272.5,+20.5,LB	+6.49,+29.8,+20.6,EA	+2.12,+288.6,+25.6,MB	+2.06,+291.6,+25.2,DB	+2.00,+295.3,+25.3,BB	
1701849052.672291	+6.56,+25.5,+20.1,MA	+2.31,+272.5,+20.5,LB	+6.49,+29.8,+20.6,EA	+2.12,+288.3,+25.5,KB	+2.08,+290.6,+25.2,KB	+2.03,+293.9,+25.4,JB	
1701849114.6807113	+6.56,+25.5,+20.1,MA	+2.31,+272.5,+20.5,LB	+6.49,+29.7,+20.6,JA	+2.12,+288.7,+25.6,LB	+2.08,+290.9,+25.2,DB	+2.02,+294.3,+25.4,FB	
1701849176.6921353	+6.56,+25.5,+20.2,NA	+2.31,+272.5,+20.5,LB	+6.49,+29.7,+20.7,KA	+2.12,+288.6,+25.6,MB	+2.07,+291.5,+25.2,FB	+2.00,+295.4,+25.4,BB	
1701849238.699462	+6.56,+25.5,+20.1,MA	+2.31,+272.5,+20.5,LB	+6.49,+29.9,+20.6,DA	+2.14,+287.7,+25.6,EB	+2.07,+290.9,+25.2,KB	+2.03,+293.9,+25.4,JB	
1701849300.7095714	+6.56,+25.6,+20.2,MA	+2.31,+272.5,+20.5,LB	+6.49,+29.7,+20.6,JA	+2.12,+288.9,+25.6,BB	+2.07,+291.0,+25.2,CB	+2.01,+295.1,+25.3,AB	
1701849362.72017	+6.56,+25.6,+20.1,NA	+2.31,+272.5,+20.5,LB	+6.49,+29.8,+20.6,EA	+2.13,+287.8,+25.6,MB	+2.07,+291.4,+25.2,GB	+2.01,+294.8,+25.4,NB	
1701849424.7275507	+6.56,+25.6,+20.2,MA	+2.31,+272.5,+20.5,LB	+6.49,+29.8,+20.6,EA	+2.13,+287.9,+25.5,OB	+2.07,+291.5,+25.2,FB	+2.01,+294.9,+25.3,HB	
1701849486.7365627	+6.56,+25.5,+20.2,NA	+2.31,+272.5,+20.5,LB	+6.49,+29.8,+20.6,EA	+2.13,+288.0,+25.6,JB	+2.08,+290.9,+25.2,DB	+2.03,+293.8,+25.3,LB	
1701849548.7438872	+6.56,+25.6,+20.2,MA	+2.31,+272.5,+20.5,LB	+6.49,+29.7,+20.6,JA	+2.12,+288.4,+25.6,OB	+2.08,+290.8,+25.2,EB	+2.03,+293.9,+25.4,JB	
1701849610.7560434	+6.56,+25.5,+20.2,NA	+2.31,+272.5,+20.5,LB	+6.49,+29.8,+20.7,DA	+2.14,+287.7,+25.6,EB	+2.07,+291.5,+25.2,FB	+2.01,+294.7,+25.4,AB	
1701849672.7602143	+6.56,+25.5,+20.2,NA	+2.31,+272.5,+20.5,LB	+6.49,+29.8,+20.7,DA	+2.13,+287.8,+25.6,MB	+2.06,+291.6,+25.2,DB	+2.01,+294.9,+25.4,OB	
1701849734.7701156	+6.56,+25.5,+20.2,NA	+2.31,+272.5,+20.5,LB	+6.49,+29.7,+20.7,KA	+2.11,+288.9,+25.6,AB	+2.08,+290.9,+25.2,DB	+2.01,+294.7,+25.4,AB	
1701849796.7792408	+6.56,+25.5,+20.2,NA	+2.31,+272.5,+20.5,LB	+6.49,+29.9,+20.6,DA	+2.11,+289.0,+25.6,IB	+2.07,+291.0,+25.2,CB	+2.01,+295.1,+25.4,FB	
1701849858.7887237	+6.56,+25.5,+20.2,NA	+2.31,+272.5,+20.5,LB	+6.49,+29.8,+20.7,DA	+2.14,+287.7,+25.6,EB	+2.06,+291.7,+25.2,EB	+2.01,+295.0,+25.4,GB	
1701849920.7999563	+6.56,+25.5,+20.2,NA	+2.31,+272.5,+20.5,LB	+6.49,+29.9,+20.7,EA	+2.12,+288.6,+25.6,MB	+2.07,+290.9,+25.2,KB	+2.02,+294.2,+25.4,GB	
1701849982.8086805	+6.56,+25.5,+20.2,NA	+2.31,+272.5,+20.5,LB	+6.49,+29.8,+20.7,DA	+2.13,+288.2,+25.6,HB	+2.07,+291.0,+25.2,CB	+2.03,+294.0,+25.4,DB	
1701850044.8175113	+6.56,+25.5,+20.2,NA	+2.31,+272.5,+20.5,LB	+6.49,+29.8,+20.6,EA	+2.13,+288.2,+25.6,HB	+2.07,+291.4,+25.2,GB	+2.00,+295.5,+25.3,DB	
1701850106.8237684	+6.56,+25.5,+20.2,NA	+2.31,+272.5,+20.5,LB	+6.49,+29.7,+20.7,KA	+2.12,+288.8,+25.6,CB	+2.08,+290.7,+25.2,JB	+2.00,+295.4,+25.4,BB	
1701850168.833677	+6.56,+25.6,+20.2,MA	+2.31,+272.5,+20.5,LB	+6.49,+29.8,+20.7,DA	+2.13,+287.9,+25.6,LB	+2.07,+291.3,+25.2,@B	+2.00,+295.4,+25.4,BB	
1701850230.8434434	+6.56,+25.6,+20.2,MA	+2.31,+272.5,+20.5,LB	+6.49,+29.8,+20.7,DA	+2.14,+287.7,+25.6,EB	+2.06,+291.6,+25.2,DB	+2.01,+294.8,+25.4,NB	
1701850292.8535607	+6.56,+25.6,+20.2,MA	+2.31,+272.5,+20.5,LB	+6.49,+29.7,+20.7,KA	+2.13,+288.3,+25.6,IB	+2.07,+291.3,+25.2,@B	+2.02,+294.1,+25.4,DB	
1701850354.8629076	+6.56,+25.6,+20.2,MA	+2.31,+272.5,+20.5,LB	+6.49,+29.8,+20.7,DA	+2.13,+287.8,+25.6,MB	+2.06,+291.5,+25.2,GB	+2.02,+294.4,+25.4,AB	
1701850600.4177547	+6.56,+25.6,+20.2,MA	+2.31,+272.5,+20.5,LB	+6.49,+29.8,+20.7,DA	+2.12,+288.7,+25.6,LB	+2.07,+291.3,+25.2,@B	+2.00,+295.7,+25.4,AB	
1701850662.4259286	+6.56,+25.5,+20.2,NA	+2.31,+272.6,+20.5,OB	+6.49,+29.8,+20.7,DA	+2.13,+288.0,+25.6,JB	+2.06,+291.6,+25.2,DB	+2.00,+295.3,+25.4,EB	
1701850724.433781	+6.56,+25.5,+20.2,NA	+2.31,+272.5,+20.5,LB	+6.49,+29.8,+20.7,DA	+2.13,+287.9,+25.6,LB	+2.06,+291.5,+25.2,GB	+2.01,+295.2,+25.4,EB	
1701850786.4424822	+6.56,+25.5,+20.2,NA	+2.31,+272.6,+20.5,OB	+6.49,+29.8,+20.7,DA	+2.14,+287.3,+25.5,BB	+2.07,+291.4,+25.2,GB	+2.01,+295.0,+25.4,GB	
1701850848.4508846	+6.56,+25.5,+20.2,NA	+2.31,+272.6,+20.5,OB	+6.49,+29.8,+20.7,DA	+2.12,+288.4,+25.5,LB	+2.08,+290.8,+25.2,EB	+2.02,+294.6,+25.4,CB	
1701850910.4582505	+6.56,+25.6,+20.2,MA	+2.31,+272.5,+20.5,LB	+6.49,+29.7,+20.7,KA	+2.14,+287.7,+25.6,EB	+2.07,+291.3,+25.2,@B	+2.00,+295.4,+25.4,BB	
1701850972.4686384	+6.56,+25.6,+20.2,MA	+2.31,+272.6,+20.5,OB	+6.49,+29.7,+20.7,KA	+2.14,+287.6,+25.5,GB	+2.07,+291.0,+25.2,CB	+2.02,+294.3,+25.4,FB	
1701851034.476371	+6.56,+25.5,+20.2,NA	+2.31,+272.6,+20.5,OB	+6.49,+29.9,+20.7,EA	+2.12,+288.9,+25.6,BB	+2.07,+291.0,+25.2,CB	+2.01,+295.1,+25.4,FB	
1701851096.4874017	+6.56,+25.5,+20.2,NA	+2.31,+272.6,+20.5,OB	+6.49,+29.8,+20.7,DA	+2.13,+287.9,+25.6,LB	+2.07,+290.9,+25.2,KB	+2.02,+294.3,+25.4,FB	
1701851158.4972537	+6.56,+25.5,+20.2,NA	+2.31,+272.5,+20.5,LB	+6.49,+29.7,+20.7,KA	+2.12,+288.5,+25.6,NB	+2.08,+290.8,+25.2,EB	+2.02,+294.4,+25.4,AB	
1701851220.5064225	+6.56,+25.5,+20.2,NA	+2.31,+272.6,+20.5,OB	+6.49,+29.8,+20.7,DA	+2.13,+288.1,+25.5,HB	+2.08,+290.8,+25.2,EB	+2.02,+294.1,+25.4,DB	
1701851282.5162554	+6.56,+25.5,+20.2,NA	+2.31,+272.5,+20.5,LB	+6.49,+29.7,+20.7,KA	+2.11,+289.0,+25.6,IB	+2.07,+291.1,+25.2,BB	+2.01,+294.9,+25.4,OB	
1701851344.5249548	+6.56,+25.5,+20.2,NA	+2.31,+272.6,+20.5,OB	+6.49,+29.7,+20.7,KA	+2.11,+289.1,+25.5,KB	+2.07,+291.2,+25.2,AB	+2.01,+295.1,+25.4,FB	
1701851406.5336022	+6.56,+25.5,+20.2,NA	+2.31,+272.6,+20.5,OB	+6.49,+29.8,+20.7,DA	+2.12,+288.7,+25.6,LB	+2.07,+291.0,+25.2,CB	+2.02,+294.6,+25.4,CB	
1701851468.5409873	+6.56,+25.6,+20.2,MA	+2.31,+272.5,+20.5,LB	+6.49,+29.8,+20.7,DA	+2.12,+288.3,+25.6,HB	+2.07,+291.5,+25.2,FB	+2.00,+295.5,+25.4,CB	
1701851530.553255	+6.56,+25.6,+20.2,MA	+2.31,+272.6,+20.5,OB	+6.49,+29.8,+20.7,DA	+2.11,+289.1,+25.6,HB	+2.07,+291.4,+25.2,GB	+2.00,+295.3,+25.3,BB	
1701851592.5609572	+6.56,+25.6,+20.2,MA	+2.31,+272.6,+20.5,OB	+6.49,+29.7,+20.7,KA	+2.12,+288.8,+25.5,@B	+2.06,+291.7,+25.2,EB	+1.99,+295.9,+25.3,KB	
1701851654.5685847	+6.56,+25.6,+20.2,MA	+2.31,+272.6,+20.5,OB	+6.49,+29.7,+20.7,KA	+2.13,+288.0,+25.6,JB	+2.08,+290.8,+25.2,EB	+2.02,+294.2,+25.4,GB	
1701851716.578213	+6.56,+25.6,+20.2,MA	+2.31,+272.6,+20.5,OB	+6.49,+29.8,+20.7,DA	+2.13,+288.1,+25.6,KB	+2.07,+291.1,+25.2,BB	+2.01,+294.7,+25.3,FB	
1701851778.5877645	+6.56,+25.6,+20.2,MA	+2.31,+272.6,+20.5,OB	+6.49,+29.8,+20.7,DA	+2.13,+288.2,+25.5,KB	+2.07,+291.3,+25.2,@B	+2.01,+295.0,+25.3,@B	
1701851840.5931654	+6.56,+25.6,+20.2,MA	+2.31,+272.5,+20.5,LB	+6.49,+29.8,+20.7,DA	+2.12,+288.4,+25.6,OB	+2.07,+291.4,+25.2,GB	+2.01,+295.1,+25.3,AB	
1701851902.6014624	+6.56,+25.6,+20.2,MA	+2.31,+272.5,+20.5,LB	+6.49,+29.9,+20.7,EA	+2.14,+287.3,+25.6,AB	+2.08,+290.7,+25.2,JB	+2.02,+294.4,+25.4,AB	
1701851964.6096516	+6.56,+25.6,+20.2,MA	+2.31,+272.5,+20.5,LB	+6.49,+29.8,+20.7,DA	+2.12,+288.4,+25.6,OB	+2.07,+291.5,+25.2,FB	+1.99,+295.9,+25.4,LB	
1701852026.618576	+6.56,+25.7,+20.2,LA	+2.31,+272.5,+20.5,LB	+6.49,+29.9,+20.7,EA	+2.14,+287.6,+25.6,DB	+2.07,+291.0,+25.2,CB	+2.02,+294.4,+25.3,FB	
1701852088.6286392	+6.56,+25.6,+20.2,MA	+2.31,+272.6,+20.5,OB	+6.49,+29.8,+20.7,DA	+2.14,+287.2,+25.5,CB	+2.08,+290.8,+25.2,EB	+2.01,+294.7,+25.4,AB	
1701852150.6387722	+6.56,+25.6,+20.2,MA	+2.31,+272.6,+20.5,OB	+6.49,+29.8,+20.7,DA	+2.13,+287.9,+25.6,LB	+2.07,+291.1,+25.2,BB	+2.00,+295.7,+25.4,AB	
1701852212.64798	+6.56,+25.7,+20.2,LA	+2.31,+272.6,+20.5,OB	+6.49,+29.8,+20.7,DA	+2.12,+288.5,+25.6,NB	+2.06,+291.6,+25.2,DB	+2.00,+295.7,+25.3,FB	
1701852274.6581974	+6.56,+25.6,+20.2,MA	+2.31,+272.6,+20.5,OB	+6.49,+29.8,+20.7,DA	+2.12,+288.5,+25.6,NB	+2.06,+291.7,+25.2,EB	+2.00,+295.8,+25.4,NB	
1701852336.6708338	+6.56,+25.6,+20.2,MA	+2.31,+272.5,+20.5,LB	+6.49,+29.9,+20.7,EA	+2.12,+288.4,+25.5,LB	+2.06,+291.5,+25.2,GB	+1.99,+296.0,+25.4,FB	
1701852398.6807716	+6.56,+25.6,+20.2,MA	+2.31,+272.6,+20.5,OB	+6.49,+29.8,+20.7,DA	+2.14,+287.4,+25.5,EB	+2.07,+291.0,+25.2,CB	+2.01,+294.8,+25.4,NB	
1701852460.690315	+6.56,+25.6,+20.2,MA	+2.31,+272.5,+20.5,LB	+6.49,+29.8,+20.7,DA	+2.14,+287.3,+25.6,AB	+2.07,+291.0,+25.2,CB	+2.02,+294.6,+25.4,CB	
1701852522.6972642	+6.56,+25.6,+20.2,MA	+2.31,+272.6,+20.5,OB	+6.49,+29.8,+20.7,DA	+2.14,+287.3,+25.5,BB	+2.07,+290.9,+25.2,KB	+2.01,+294.9,+25.4,OB	
1701852584.7060704	+6.56,+25.6,+20.2,MA	+2.31,+272.6,+20.5,OB	+6.49,+29.9,+20.7,EA	+2.14,+287.5,+25.6,GB	+2.08,+290.9,+25.2,DB	+2.01,+294.9,+25.4,OB	
1701852646.7158117	+6.56,+25.7,+20.2,LA	+2.31,+272.6,+20.5,OB	+6.49,+29.8,+20.7,DA	+2.14,+287.6,+25.6,DB	+2.07,+291.4,+25.2,GB	+2.02,+294.6,+25.4,CB	
1701852708.7251284	+6.56,+25.6,+20.2,MA	+2.31,+272.6,+20.5,OB	+6.49,+29.9,+20.7,EA	+2.13,+288.2,+25.5,KB	+2.07,+291.0,+25.2,CB	+2.00,+295.4,+25.3,EB	
1701852770.734816	+6.56,+25.6,+20.2,MA	+2.31,+272.6,+20.5,OB	+6.49,+29.8,+20.7,DA	+2.12,+288.5,+25.6,NB	+2.07,+291.5,+25.2,FB	+2.00,+295.4,+25.3,EB	
1701852832.7464137	+6.56,+25.7,+20.2,LA	+2.31,+272.6,+20.5,OB	+6.49,+29.9,+20.7,EA	+2.14,+287.2,+25.5,CB	+2.07,+291.2,+25.2,AB	+2.02,+294.3,+25.4,FB	
1701852894.7566988	+6.56,+25.6,+20.2,MA	+2.31,+272.6,+20.5,OB	+6.49,+29.9,+20.7,EA	+2.14,+287.5,+25.6,GB	+2.06,+291.6,+25.2,DB	+2.02,+294.3,+25.4,FB	
1701852956.7657173	+6.56,+25.6,+20.2,MA	+2.31,+272.6,+20.5,OB	+6.49,+29.8,+20.7,DA	+2.14,+287.2,+25.6,@B	+2.07,+291.3,+25.2,@B	+2.02,+294.4,+25.4,AB	
1701853018.7744076	+6.56,+25.6,+20.2,MA	+2.31,+272.6,+20.5,OB	+6.49,+29.8,+20.7,DA	+2.14,+287.7,+25.6,EB	+2.07,+291.1,+25.2,BB	+2.01,+295.0,+25.4,GB	
1701853080.7824984	+6.56,+25.7,+20.2,LA	+2.31,+272.6,+20.5,OB	+6.49,+29.8,+20.7,DA	+2.14,+287.3,+25.5,BB	+2.07,+291.4,+25.2,GB	+2.02,+294.4,+25.4,AB	
1701853142.7909796	+6.56,+25.7,+20.2,LA	+2.31,+272.6,+20.5,OB	+6.49,+29.9,+20.7,EA	+2.13,+287.8,+25.5,NB	+2.06,+291.7,+25.2,EB	+2.01,+294.7,+25.3,FB	
1701853204.8020034	+6.56,+25.6,+20.2,MA	+2.31,+272.6,+20.5,OB	+6.49,+29.9,+20.6,DA	+2.12,+288.4,+25.6,OB	+2.07,+290.9,+25.2,KB	+1.99,+295.9,+25.4,LB	
1701853266.8078506	+6.56,+25.7,+20.2,LA	+2.31,+272.6,+20.5,OB	+6.49,+29.9,+20.7,EA	+2.13,+288.3,+25.5,JB	+2.08,+290.9,+25.2,DB	+2.00,+295.7,+25.3,FB	
1701853328.8155825	+6.56,+25.6,+20.2,MA	+2.31,+272.6,+20.5,OB	+6.49,+29.9,+20.7,EA	+2.12,+288.5,+25.5,MB	+2.08,+290.8,+25.2,EB	+1.99,+296.0,+25.3,AB	
1701853390.8222308	+6.56,+25.7,+20.2,LA	+2.31,+272.6,+20.5,OB	+6.49,+29.9,+20.7,EA	+2.13,+288.0,+25.6,JB	+2.08,+290.8,+25.2,EB	+2.00,+295.3,+25.3,BB	
1701853452.8298557	+6.56,+25.7,+20.2,LA	+2.31,+272.6,+20.6,LB	+6.49,+29.9,+20.7,EA	+2.14,+287.3,+25.5,BB	+2.06,+291.6,+25.2,DB	+2.02,+294.2,+25.4,GB	
1701853514.8391552	+6.56,+25.7,+20.2,LA	+2.31,+272.6,+20.6,LB	+6.49,+29.9,+20.7,EA	+2.14,+287.4,+25.6,FB	+2.06,+291.5,+25.2,GB	+2.02,+294.6,+25.3,DB	
1701853576.8489892	+6.56,+25.6,+20.2,MA	+2.31,+272.6,+20.5,OB	+6.48,+30.0,+20.7,EA	+2.14,+287.7,+25.6,EB	+2.07,+291.5,+25.2,FB	+2.01,+294.9,+25.3,HB	
1701853638.8572853	+6.56,+25.7,+20.2,LA	+2.31,+272.7,+20.5,NB	+6.49,+29.9,+20.7,EA	+2.14,+287.6,+25.5,GB	+2.07,+291.4,+25.2,GB	+2.02,+294.6,+25.4,CB	
1701853700.86747	+6.56,+25.6,+20.2,MA	+2.31,+272.6,+20.6,LB	+6.49,+29.9,+20.7,EA	+2.13,+287.9,+25.6,LB	+2.07,+291.4,+25.2,GB	+2.01,+295.0,+25.3,@B	
1701853762.8751657	+6.56,+25.6,+20.2,MA	+2.31,+272.6,+20.5,OB	+6.49,+29.9,+20.7,EA	+2.13,+288.0,+25.6,JB	+2.07,+291.4,+25.2,GB	+2.01,+295.1,+25.4,FB	
1701853824.8854709	+6.56,+25.7,+20.2,LA	+2.31,+272.6,+20.6,LB	+6.49,+29.9,+20.7,EA	+2.14,+287.3,+25.6,AB	+2.06,+291.7,+25.2,EB	+2.02,+294.2,+25.4,GB	
1701853886.894781	+6.56,+25.7,+20.2,LA	+2.31,+272.6,+20.5,OB	+6.49,+29.9,+20.7,EA	+2.13,+287.9,+25.5,OB	+2.07,+291.4,+25.2,GB	+2.01,+294.8,+25.4,NB	
1701853948.9017253	+6.56,+25.7,+20.2,LA	+2.31,+272.6,+20.6,LB	+6.48,+30.0,+20.7,EA	+2.12,+288.5,+25.6,NB	+2.08,+290.9,+25.2,DB	+1.99,+295.8,+25.4,MB	
1701854010.9116108	+6.56,+25.7,+20.2,LA	+2.31,+272.6,+20.5,OB	+6.49,+29.9,+20.7,EA	+2.12,+288.4,+25.5,LB	+2.08,+290.9,+25.2,DB	+2.00,+295.8,+25.4,NB	
1701854072.9205637	+6.56,+25.7,+20.2,LA	+2.31,+272.6,+20.6,LB	+6.49,+29.8,+20.7,DA	+2.15,+287.1,+25.6,BB	+2.06,+291.6,+25.2,DB	+2.02,+294.4,+25.4,AB	
1701854134.9307005	+6.56,+25.7,+20.2,LA	+2.31,+272.6,+20.6,LB	+6.49,+29.8,+20.7,DA	+2.13,+287.9,+25.6,LB	+2.07,+291.0,+25.2,CB	+2.00,+295.5,+25.4,CB	
1701854196.9392745	+6.56,+25.7,+20.2,LA	+2.31,+272.6,+20.6,LB	+6.49,+29.8,+20.6,EA	+2.14,+287.7,+25.6,EB	+2.07,+291.2,+25.2,AB	+2.00,+295.3,+25.4,EB	
1701854442.5597515	+6.56,+25.6,+20.2,MA	+2.31,+272.7,+20.5,NB	+6.49,+29.9,+20.7,EA	+2.14,+287.2,+25.5,CB	+2.07,+291.4,+25.2,GB	+2.00,+295.7,+25.4,AB	
1701854504.5678816	+6.56,+25.7,+20.2,LA	+2.31,+272.6,+20.5,OB	+6.49,+29.9,+20.7,EA	+2.12,+288.4,+25.5,LB	+2.06,+291.7,+25.2,EB	+2.02,+294.2,+25.4,GB	
1701854566.5757344	+6.56,+25.7,+20.2,LA	+2.31,+272.6,+20.6,LB	+6.49,+29.9,+20.7,EA	+2.13,+288.1,+25.6,KB	+2.07,+291.2,+25.2,AB	+2.01,+295.1,+25.4,FB	
1701854628.586497	+6.56,+25.7,+20.2,LA	+2.31,+272.6,+20.6,LB	+6.49,+29.9,+20.7,EA	+2.13,+288.1,+25.6,KB	+2.06,+292.0,+25.2,AB	+2.02,+294.4,+25.4,AB	
1701854690.5962377	+6.56,+25.7,+20.2,LA	+2.31,+272.6,+20.6,LB	+6.49,+29.8,+20.7,DA	+2.14,+287.4,+25.6,FB	+2.07,+291.3,+25.2,@B	+1.99,+295.9,+25.4,LB	
1701854752.606042	+6.56,+25.6,+20.2,MA	+2.31,+272.7,+20.6,MB	+6.49,+29.8,+20.7,DA	+2.14,+287.6,+25.6,DB	+2.06,+292.0,+25.2,AB	+2.01,+295.1,+25.4,FB	
1701854814.6132193	+6.56,+25.7,+20.2,LA	+2.31,+272.6,+20.6,LB	+6.49,+29.9,+20.7,EA	+2.12,+288.3,+25.5,KB	+2.06,+291.9,+25.2,KB	+2.02,+294.3,+25.4,FB	
1701854876.6212714	+6.56,+25.7,+20.2,LA	+2.31,+272.7,+20.6,MB	+6.49,+29.9,+20.7,EA	+2.14,+287.6,+25.6,DB	+2.07,+291.3,+25.2,@B	+2.01,+295.2,+25.4,EB	
1701854938.6300073	+6.56,+25.7,+20.2,LA	+2.31,+272.6,+20.5,OB	+6.49,+29.9,+20.7,EA	+2.12,+288.6,+25.6,MB	+2.06,+291.5,+25.2,GB	+2.02,+294.4,+25.4,AB	
1701855000.6387022	+6.56,+25.7,+20.2,LA	+2.31,+272.6,+20.6,LB	+6.49,+29.9,+20.7,EA	+2.13,+288.1,+25.5,HB	+2.07,+291.2,+25.2,AB	+2.00,+295.6,+25.4,@B	
1701855062.6480906	+6.56,+25.7,+20.2,LA	+2.31,+272.6,+20.6,LB	+6.49,+29.8,+20.7,DA	+2.13,+287.9,+25.6,LB	+2.06,+292.0,+25.2,AB	+2.01,+294.6,+25.3,GB	
1701855124.6543207	+6.56,+25.7,+20.2,LA	+2.31,+272.6,+20.6,LB	+6.49,+29.8,+20.7,DA	+2.12,+288.7,+25.5,OB	+2.06,+291.5,+25.2,GB	+2.02,+294.4,+25.4,AB	
1701855186.662916	+6.56,+25.7,+20.2,LA	+2.31,+272.6,+20.5,OB	+6.49,+29.8,+20.7,DA	+2.12,+288.7,+25.6,LB	+2.07,+291.3,+25.2,@B	+2.01,+294.8,+25.4,NB	
1701855248.6696308	+6.56,+25.7,+20.2,LA	+2.31,+272.6,+20.6,LB	+6.49,+29.8,+20.7,DA	+2.12,+288.3,+25.6,HB	+2.07,+291.2,+25.2,AB	+2.00,+295.4,+25.3,EB	
1701855310.681408	+6.56,+25.7,+20.2,LA	+2.31,+272.6,+20.6,LB	+6.49,+29.9,+20.7,EA	+2.14,+287.5,+25.6,GB	+2.06,+292.0,+25.2,AB	+2.00,+295.3,+25.3,BB	
1701855372.690045	+6.56,+25.7,+20.2,LA	+2.31,+272.6,+20.6,LB	+6.49,+29.9,+20.7,EA	+2.12,+288.6,+25.6,MB	+2.07,+291.4,+25.2,GB	+2.02,+294.3,+25.4,FB	
1701855434.6981654	+6.56,+25.7,+20.2,LA	+2.31,+272.6,+20.6,LB	+6.49,+29.9,+20.7,EA	+2.13,+288.2,+25.6,HB	+2.07,+291.5,+25.2,FB	+2.00,+295.7,+25.4,AB	
1701855496.706462	+6.56,+25.6,+20.2,MA	+2.31,+272.6,+20.6,LB	+6.49,+29.9,+20.7,EA	+2.13,+287.9,+25.6,LB	+2.06,+291.6,+25.2,DB	+1.99,+295.9,+25.4,LB	
1701855558.7153664	+6.56,+25.7,+20.2,LA	+2.31,+272.6,+20.6,LB	+6.49,+29.9,+20.7,EA	+2.13,+288.2,+25.5,KB	+2.07,+291.4,+25.2,GB	+2.00,+295.7,+25.4,AB	
1701855620.724872	+6.56,+25.7,+20.2,LA	+2.31,+272.6,+20.6,LB	+6.49,+29.9,+20.7,EA	+2.14,+287.7,+25.6,EB	+2.06,+291.8,+25.2,JB	+2.01,+295.0,+25.4,GB	
1701855682.7329075	+6.56,+25.6,+20.2,MA	+2.31,+272.6,+20.6,LB	+6.49,+29.9,+20.7,EA	+2.13,+288.2,+25.6,HB	+2.07,+291.5,+25.2,FB	+2.00,+295.8,+25.4,NB	
1701855744.7420702	+6.56,+25.7,+20.2,LA	+2.31,+272.6,+20.6,LB	+6.49,+29.9,+20.7,EA	+2.14,+287.5,+25.6,GB	+2.06,+291.9,+25.2,KB	+2.00,+295.7,+25.4,AB	
1701855806.7497876	+6.56,+25.7,+20.2,LA	+2.31,+272.7,+20.6,MB	+6.49,+29.8,+20.7,DA	+2.12,+288.4,+25.6,OB	+2.07,+291.3,+25.2,@B	+2.02,+294.4,+25.3,FB	
1701855868.7563283	+6.56,+25.7,+20.2,LA	+2.31,+272.7,+20.6,MB	+6.49,+29.9,+20.7,EA	+2.13,+287.9,+25.6,LB	+2.06,+292.0,+25.2,AB	+1.99,+296.0,+25.4,FB	
1701855930.764529	+6.56,+25.7,+20.2,LA	+2.31,+272.7,+20.6,MB	+6.49,+29.8,+20.7,DA	+2.12,+288.7,+25.6,LB	+2.07,+291.3,+25.2,@B	+2.02,+294.5,+25.3,GB	
1701855992.7738936	+6.56,+25.6,+20.2,MA	+2.31,+272.6,+20.6,LB	+6.49,+29.9,+20.7,EA	+2.14,+287.5,+25.6,GB	+2.06,+292.1,+25.2,@B	+2.00,+295.4,+25.4,BB	
1701856054.7803848	+6.56,+25.6,+20.2,MA	+2.31,+272.6,+20.6,LB	+6.49,+29.9,+20.7,EA	+2.13,+288.2,+25.5,KB	+2.06,+291.5,+25.2,GB	+2.02,+294.4,+25.3,FB	
1701856116.7886667	+6.56,+25.6,+20.2,MA	+2.31,+272.6,+20.6,LB	+6.49,+29.8,+20.7,DA	+2.13,+288.2,+25.6,HB	+2.05,+292.1,+25.1,@B	+1.99,+296.0,+25.3,AB	
1701856178.7984946	+6.56,+25.6,+20.2,MA	+2.31,+272.6,+20.6,LB	+6.49,+29.9,+20.7,EA	+2.13,+287.8,+25.6,MB	+2.05,+292.2,+25.2,@B	+1.99,+296.0,+25.3,AB	
1701856240.8084805	+6.56,+25.6,+20.1,NA	+2.31,+272.6,+20.6,LB	+6.48,+30.0,+20.7,EA	+2.12,+288.5,+25.5,MB	+2.07,+291.4,+25.2,GB	+2.02,+294.6,+25.4,CB	
1701856302.817852	+6.56,+25.7,+20.1,OA	+2.31,+272.7,+20.6,MB	+6.49,+29.9,+20.7,EA	+2.13,+288.2,+25.6,HB	+2.07,+291.3,+25.2,@B	+2.02,+294.4,+25.3,FB	
1701856364.8266008	+6.56,+25.6,+20.2,MA	+2.31,+272.6,+20.6,LB	+6.48,+30.0,+20.7,EA	+2.12,+288.4,+25.5,LB	+2.06,+292.0,+25.2,AB	+2.00,+295.7,+25.4,AB	
1701856426.8354123	+6.56,+25.7,+20.2,LA	+2.31,+272.6,+20.6,LB	+6.49,+29.9,+20.7,EA	+2.12,+288.9,+25.6,BB	+2.06,+291.8,+25.2,JB	+2.01,+295.1,+25.3,AB	
1701856488.8440654	+6.56,+25.6,+20.2,MA	+2.31,+272.7,+20.6,MB	+6.49,+29.9,+20.7,EA	+2.12,+288.5,+25.6,NB	+2.06,+292.0,+25.2,AB	+2.00,+295.8,+25.4,NB	
1701856550.8526149	+6.56,+25.6,+20.2,MA	+2.31,+272.6,+20.6,LB	+6.49,+29.9,+20.7,EA	+2.15,+287.0,+25.6,CB	+2.07,+291.5,+25.2,FB	+2.01,+294.8,+25.4,NB	
1701856612.8634248	+6.56,+25.6,+20.2,MA	+2.31,+272.7,+20.6,MB	+6.49,+29.9,+20.7,EA	+2.15,+286.9,+25.6,KB	+2.06,+292.0,+25.2,AB	+1.99,+296.0,+25.4,FB	
1701856674.8732576	+6.56,+25.7,+20.2,LA	+2.31,+272.6,+20.6,LB	+6.49,+29.9,+20.7,EA	+2.14,+287.5,+25.6,GB	+2.06,+291.9,+25.2,KB	+2.00,+295.8,+25.4,NB	
1701856736.8803244	+6.56,+25.6,+20.2,MA	+2.31,+272.6,+20.6,LB	+6.49,+29.9,+20.7,EA	+2.13,+288.0,+25.5,IB	+2.07,+291.3,+25.2,@B	+2.02,+294.4,+25.3,FB	
1701856798.8894403	+6.56,+25.7,+20.2,LA	+2.31,+272.6,+20.6,LB	+6.49,+29.9,+20.7,EA	+2.14,+287.5,+25.5,DB	+2.06,+291.5,+25.2,GB	+2.00,+295.5,+25.4,CB	
1701856860.8968108	+6.56,+25.7,+20.2,LA	+2.31,+272.7,+20.6,MB	+6.48,+30.0,+20.7,EA	+2.13,+288.2,+25.5,KB	+2.07,+291.3,+25.2,@B	+2.02,+294.4,+25.3,FB	
1701856922.9073453	+6.56,+25.7,+20.2,LA	+2.31,+272.6,+20.6,LB	+6.49,+29.9,+20.7,EA	+2.14,+287.6,+25.6,DB	+2.07,+291.3,+25.2,@B	+2.01,+295.0,+25.3,@B	
1701856984.9168184	+6.56,+25.7,+20.2,LA	+2.31,+272.7,+20.6,MB	+6.49,+29.9,+20.7,EA	+2.14,+287.7,+25.5,FB	+2.06,+291.7,+25.2,EB	+2.00,+295.5,+25.4,CB	
1701857046.9245563	+6.56,+25.6,+20.2,MA	+2.31,+272.7,+20.6,MB	+6.49,+29.8,+20.7,DA	+2.14,+287.7,+25.5,FB	+2.07,+291.4,+25.2,GB	+2.01,+295.1,+25.3,AB	
1701857108.9327407	+6.56,+25.7,+20.2,LA	+2.31,+272.7,+20.6,MB	+6.49,+29.8,+20.7,DA	+2.13,+288.3,+25.5,JB	+2.07,+291.4,+25.2,GB	+2.02,+294.3,+25.4,FB	
1701857170.9412951	+6.56,+25.6,+20.2,MA	+2.31,+272.7,+20.6,MB	+6.49,+29.9,+20.7,EA	+2.14,+287.6,+25.6,DB	+2.07,+291.3,+25.2,@B	+2.01,+294.9,+25.3,HB	
1701857232.9504733	+6.56,+25.7,+20.2,LA	+2.31,+272.6,+20.6,LB	+6.49,+29.9,+20.7,EA	+2.12,+288.7,+25.6,LB	+2.06,+292.0,+25.2,AB	+2.01,+295.0,+25.4,GB	
1701857294.9566414	+6.56,+25.7,+20.2,LA	+2.31,+272.7,+20.6,MB	+6.49,+29.9,+20.7,EA	+2.12,+288.7,+25.6,LB	+2.06,+292.1,+25.2,@B	+1.99,+295.9,+25.4,LB	
1701857356.9649355	+6.56,+25.6,+20.2,MA	+2.31,+272.7,+20.6,MB	+6.49,+29.9,+20.7,EA	+2.12,+288.4,+25.6,OB	+2.06,+291.9,+25.2,KB	+1.99,+296.1,+25.4,GB	
1701857418.9727175	+6.56,+25.6,+20.2,MA	+2.31,+272.7,+20.6,MB	+6.49,+29.9,+20.7,EA	+2.13,+287.9,+25.5,OB	+2.06,+291.6,+25.2,DB	+2.02,+294.3,+25.4,FB	
1701857480.9816494	+6.56,+25.6,+20.2,MA	+2.31,+272.7,+20.6,MB	+6.49,+29.8,+20.7,DA	+2.12,+288.4,+25.6,OB	+2.06,+291.7,+25.2,EB	+2.02,+294.5,+25.3,GB	
1701857542.9906046	+6.56,+25.6,+20.2,MA	+2.31,+272.7,+20.6,MB	+6.49,+29.8,+20.7,DA	+2.11,+288.9,+25.5,BB	+2.05,+292.2,+25.2,@B	+2.00,+295.3,+25.4,EB	
1701857605.0003579	+6.56,+25.6,+20.2,MA	+2.31,+272.6,+20.6,LB	+6.49,+29.9,+20.7,EA	+2.13,+287.8,+25.5,NB	+2.07,+291.4,+25.2,GB	+2.00,+295.5,+25.4,CB	
1701857667.0083385	+6.56,+25.7,+20.2,LA	+2.31,+272.7,+20.6,MB	+6.49,+29.9,+20.7,EA	+2.13,+288.1,+25.6,KB	+2.06,+291.8,+25.2,JB	+2.02,+294.4,+25.4,AB	
1701857729.0136223	+6.56,+25.6,+20.2,MA	+2.31,+272.7,+20.6,MB	+6.49,+29.9,+20.7,EA	+2.13,+288.0,+25.5,IB	+2.07,+291.2,+25.2,AB	+2.00,+295.6,+25.4,@B	
1701857791.0233235	+6.56,+25.6,+20.2,MA	+2.31,+272.6,+20.6,LB	+6.48,+30.0,+20.7,EA	+2.12,+288.8,+25.5,@B	+2.06,+291.7,+25.2,EB	+1.99,+296.0,+25.4,FB	
1701857853.0326848	+6.56,+25.7,+20.2,LA	+2.31,+272.7,+20.6,MB	+6.49,+29.9,+20.7,EA	+2.12,+288.6,+25.6,MB	+2.06,+291.5,+25.2,GB	+1.99,+295.9,+25.4,LB	
1701857915.0418916	+6.56,+25.6,+20.2,MA	+2.31,+272.7,+20.6,MB	+6.49,+29.8,+20.7,DA	+2.13,+288.0,+25.5,IB	+2.06,+291.8,+25.2,JB	+2.02,+294.4,+25.4,AB	
1701857977.0514026	+6.56,+25.6,+20.2,MA	+2.31,+272.7,+20.6,MB	+6.49,+30.0,+20.7,DA	+2.13,+288.1,+25.6,KB	+2.07,+291.4,+25.2,GB	+2.00,+295.7,+25.3,FB	
1701858039.0597246	+6.56,+25.7,+20.2,LA	+2.31,+272.7,+20.6,MB	+6.49,+29.9,+20.7,EA	+2.11,+289.0,+25.6,IB	+2.06,+292.0,+25.2,AB	+2.00,+295.7,+25.3,FB	
1701858284.6491268	+6.56,+25.6,+20.2,MA	+2.31,+272.7,+20.6,MB	+6.49,+29.9,+20.7,EA	+2.12,+288.6,+25.5,NB	+2.05,+292.1,+25.2,CB	+2.02,+294.4,+25.3,FB	
1701858346.6586933	+6.56,+25.6,+20.2,MA	+2.31,+272.7,+20.6,MB	+6.49,+29.9,+20.7,EA	+2.13,+288.0,+25.5,IB	+2.07,+291.4,+25.2,GB	+1.99,+296.0,+25.3,AB	
1701858408.6670806	+6.56,+25.6,+20.2,MA	+2.31,+272.7,+20.6,MB	+6.48,+30.0,+20.7,EA	+2.13,+287.9,+25.6,LB	+2.07,+291.3,+25.2,@B	+1.99,+296.0,+25.3,AB	
1701858470.6729357	+6.56,+25.6,+20.2,MA	+2.31,+272.7,+20.6,MB	+6.49,+29.9,+20.7,EA	+2.12,+288.9,+25.6,BB	+2.06,+291.8,+25.2,JB	+2.02,+294.3,+25.3,AB	
1701858532.681789	+6.56,+25.6,+20.2,MA	+2.31,+272.7,+20.6,MB	+6.49,+29.9,+20.7,EA	+2.13,+288.3,+25.6,IB	+2.07,+291.3,+25.2,@B	+2.00,+295.7,+25.3,FB	
1701858594.6908033	+6.56,+25.6,+20.2,MA	+2.31,+272.7,+20.6,MB	+6.49,+29.9,+20.7,EA	+2.12,+288.6,+25.6,MB	+2.05,+292.1,+25.2,CB	+2.02,+294.4,+25.4,AB	
1701858656.7013085	+6.56,+25.6,+20.2,MA	+2.31,+272.7,+20.6,MB	+6.49,+29.9,+20.7,EA	+2.12,+288.9,+25.6,BB	+2.06,+291.7,+25.2,EB	+2.01,+295.0,+25.4,GB	
1701858718.7109754	+6.56,+25.6,+20.2,MA	+2.31,+272.7,+20.6,MB	+6.49,+29.9,+20.7,EA	+2.13,+288.0,+25.5,IB	+2.06,+291.8,+25.2,JB	+2.01,+295.1,+25.3,AB	
1701858780.7206197	+6.56,+25.6,+20.2,MA	+2.31,+272.7,+20.6,MB	+6.49,+29.9,+20.7,EA	+2.11,+289.1,+25.5,KB	+2.06,+292.0,+25.2,AB	+2.02,+294.5,+25.4,@B	
1701858842.7310553	+6.56,+25.6,+20.2,MA	+2.31,+272.7,+20.6,MB	+6.49,+29.8,+20.7,DA	+2.12,+288.9,+25.6,BB	+2.06,+291.7,+25.2,EB	+2.01,+294.9,+25.4,OB	
1701858904.7377636	+6.56,+25.6,+20.2,MA	+2.31,+272.7,+20.6,MB	+6.49,+29.8,+20.7,DA	+2.11,+289.1,+25.5,KB	+2.06,+292.0,+25.2,AB	+2.02,+294.6,+25.4,CB	
1701858966.7471414	+6.56,+25.6,+20.2,MA	+2.31,+272.7,+20.6,MB	+6.49,+29.9,+20.7,EA	+2.12,+288.4,+25.5,LB	+2.06,+291.5,+25.2,GB	+2.00,+295.6,+25.4,@B	
1701859028.7581258	+6.56,+25.6,+20.2,MA	+2.31,+272.7,+20.6,MB	+6.49,+29.8,+20.7,DA	+2.12,+288.5,+25.5,MB	+2.06,+291.9,+25.2,KB	+2.01,+294.7,+25.4,AB	
1701859090.7673993	+6.56,+25.7,+20.2,LA	+2.31,+272.7,+20.6,MB	+6.49,+29.9,+20.7,EA	+2.12,+288.5,+25.5,MB	+2.06,+291.7,+25.2,EB	+2.00,+295.3,+25.4,EB	
1701859152.7784503	+6.56,+25.6,+20.2,MA	+2.31,+272.7,+20.6,MB	+6.49,+29.8,+20.7,DA	+2.13,+287.8,+25.6,MB	+2.07,+291.3,+25.2,@B	+2.00,+295.8,+25.4,NB	
1701859214.7875466	+6.56,+25.6,+20.2,MA	+2.31,+272.7,+20.6,MB	+6.49,+29.9,+20.7,EA	+2.12,+288.7,+25.6,LB	+2.06,+291.7,+25.2,EB	+2.01,+295.2,+25.4,EB	
1701859276.7962537	+6.56,+25.6,+20.2,MA	+2.31,+272.6,+20.6,LB	+6.49,+29.9,+20.7,EA	+2.11,+289.0,+25.6,IB	+2.06,+292.0,+25.2,AB	+2.02,+294.3,+25.4,FB	
1701859338.8035393	+6.56,+25.6,+20.2,MA	+2.31,+272.7,+20.6,MB	+6.49,+29.8,+20.7,DA	+2.13,+288.0,+25.5,IB	+2.07,+291.4,+25.2,GB	+1.99,+295.9,+25.4,LB	
1701859400.811986	+6.56,+25.6,+20.2,MA	+2.31,+272.7,+20.6,MB	+6.49,+29.8,+20.7,DA	+2.11,+288.9,+25.6,AB	+2.06,+291.9,+25.2,KB	+2.01,+294.8,+25.4,NB	
1701859462.821212	+6.56,+25.6,+20.2,MA	+2.31,+272.6,+20.6,LB	+6.49,+29.8,+20.7,DA	+2.11,+289.0,+25.6,IB	+2.06,+292.1,+25.2,@B	+2.01,+294.7,+25.4,AB	
1701859524.8305867	+6.56,+25.6,+20.2,MA	+2.31,+272.7,+20.6,MB	+6.49,+29.8,+20.7,DA	+2.12,+288.7,+25.6,LB	+2.06,+291.9,+25.2,KB	+2.01,+295.1,+25.4,FB	
1701859586.8391523	+6.56,+25.7,+20.2,LA	+2.31,+272.7,+20.6,MB	+6.49,+29.8,+20.7,DA	+2.12,+288.6,+25.6,MB	+2.06,+291.7,+25.2,EB	+2.01,+295.2,+25.4,EB	
1701859648.848539	+6.56,+25.6,+20.2,MA	+2.31,+272.7,+20.6,MB	+6.49,+29.9,+20.7,EA	+2.13,+287.8,+25.6,MB	+2.07,+291.3,+25.2,@B	+1.99,+295.9,+25.4,LB	
1701859710.8559356	+6.56,+25.7,+20.2,LA	+2.31,+272.7,+20.6,MB	+6.49,+29.8,+20.7,DA	+2.13,+287.9,+25.5,OB	+2.07,+291.4,+25.2,GB	+1.99,+296.0,+25.4,FB	
1701859772.862746	+6.56,+25.7,+20.2,LA	+2.31,+272.7,+20.6,MB	+6.49,+29.9,+20.7,EA	+2.13,+288.0,+25.5,IB	+2.06,+291.6,+25.2,DB	+1.99,+295.9,+25.4,LB	
1701859834.8683422	+6.56,+25.7,+20.2,LA	+2.31,+272.7,+20.6,MB	+6.49,+29.8,+20.7,DA	+2.12,+288.7,+25.5,OB	+2.06,+292.0,+25.2,AB	+2.01,+295.1,+25.4,FB	
1701859896.8775914	+6.56,+25.7,+20.2,LA	+2.31,+272.7,+20.6,MB	+6.49,+29.8,+20.7,DA	+2.12,+288.9,+25.6,BB	+2.06,+291.6,+25.2,DB	+2.01,+294.7,+25.4,AB	
1701859958.8847415	+6.56,+25.7,+20.2,LA	+2.31,+272.7,+20.6,MB	+6.49,+29.8,+20.7,DA	+2.11,+289.0,+25.6,IB	+2.06,+291.5,+25.2,GB	+2.02,+294.6,+25.3,DB	
1701860020.8931453	+6.56,+25.7,+20.2,LA	+2.31,+272.7,+20.6,MB	+6.49,+29.8,+20.7,DA	+2.12,+288.7,+25.6,LB	+2.05,+292.2,+25.2,@B	+2.01,+295.0,+25.4,GB	
1701860082.900035	+6.56,+25.7,+20.2,LA	+2.31,+272.7,+20.6,MB	+6.49,+29.8,+20.7,DA	+2.12,+288.8,+25.5,@B	+2.07,+291.4,+25.2,GB	+2.01,+294.8,+25.4,NB	
1701860144.9077566	+6.56,+25.7,+20.2,LA	+2.31,+272.7,+20.6,MB	+6.49,+29.8,+20.7,DA	+2.13,+288.2,+25.5,KB	+2.06,+292.0,+25.2,AB	+2.00,+295.7,+25.4,AB	
1701860206.91793	+6.56,+25.7,+20.2,LA	+2.31,+272.7,+20.6,MB	+6.49,+29.9,+20.7,EA	+2.12,+288.7,+25.6,LB	+2.06,+291.6,+25.2,DB	+2.02,+294.4,+25.4,AB	
1701860268.926569	+6.56,+25.7,+20.2,LA	+2.31,+272.8,+20.6,BB	+6.49,+29.8,+20.7,DA	+2.12,+288.4,+25.5,LB	+2.07,+291.3,+25.2,@B	+2.01,+294.7,+25.4,AB	
1701860330.9357958	+6.56,+25.7,+20.2,LA	+2.31,+272.7,+20.6,MB	+6.49,+29.8,+20.7,DA	+2.14,+287.5,+25.5,DB	+2.06,+291.5,+25.2,GB	+2.00,+295.8,+25.4,NB	
1701860392.9461327	+6.56,+25.7,+20.2,LA	+2.31,+272.7,+20.6,MB	+6.49,+29.9,+20.7,EA	+2.14,+287.7,+25.5,FB	+2.06,+291.9,+25.2,KB	+2.00,+295.6,+25.4,@B	
1701860454.9543388	+6.56,+25.6,+20.2,MA	+2.31,+272.7,+20.6,MB	+6.49,+29.8,+20.7,DA	+2.12,+288.5,+25.5,MB	+2.06,+291.7,+25.2,EB	+2.02,+294.5,+25.4,@B	
1701860516.9624555	+6.56,+25.7,+20.2,LA	+2.31,+272.7,+20.7,LB	+6.49,+29.8,+20.7,DA	+2.13,+288.1,+25.6,KB	+2.06,+292.1,+25.2,@B	+2.01,+295.2,+25.4,EB	
1701860578.9705033	+6.56,+25.7,+20.2,LA	+2.31,+272.7,+20.6,MB	+6.49,+29.8,+20.7,DA	+2.12,+288.6,+25.5,NB	+2.06,+291.7,+25.2,EB	+2.02,+294.5,+25.4,@B	
1701860640.9799483	+6.56,+25.7,+20.2,LA	+2.31,+272.7,+20.6,MB	+6.49,+29.8,+20.7,DA	+2.13,+288.1,+25.5,HB	+2.06,+292.0,+25.2,AB	+2.01,+295.2,+25.4,EB	
1701860702.9893165	+6.56,+25.7,+20.2,LA	+2.31,+272.7,+20.6,MB	+6.49,+29.8,+20.7,DA	+2.12,+288.6,+25.6,MB	+2.07,+291.2,+25.2,AB	+2.01,+294.7,+25.4,AB	
1701860764.9993148	+6.56,+25.6,+20.2,MA	+2.31,+272.7,+20.6,MB	+6.49,+29.8,+20.7,DA	+2.12,+288.6,+25.6,MB	+2.07,+291.3,+25.2,@B	+2.01,+294.9,+25.4,OB	
1701860827.006173	+6.56,+25.7,+20.2,LA	+2.31,+272.8,+20.7,CB	+6.49,+29.8,+20.7,DA	+2.14,+287.7,+25.5,FB	+2.06,+291.9,+25.2,KB	+1.99,+295.9,+25.4,LB	
1701860889.008759	+6.56,+25.7,+20.2,LA	+2.31,+272.7,+20.6,MB	+6.49,+29.8,+20.7,DA	+2.13,+288.0,+25.5,IB	+2.06,+291.6,+25.2,DB	+2.01,+294.6,+25.3,GB	
1701860951.0204802	+6.56,+25.7,+20.2,LA	+2.31,+272.7,+20.7,LB	+6.49,+29.7,+20.7,KA	+2.14,+287.2,+25.6,@B	+2.06,+292.0,+25.2,AB	+2.00,+295.8,+25.4,NB	
1701861013.0288029	+6.56,+25.6,+20.3,LA	+2.31,+272.8,+20.6,BB	+6.49,+29.8,+20.7,DA	+2.12,+288.5,+25.5,MB	+2.07,+291.1,+25.2,BB	+2.02,+294.4,+25.4,AB	
1701861075.036594	+6.56,+25.6,+20.2,MA	+2.31,+272.7,+20.6,MB	+6.49,+29.8,+20.7,DA	+2.14,+287.7,+25.6,EB	+2.06,+291.8,+25.2,JB	+2.00,+295.4,+25.4,BB	
1701861137.0447085	+6.56,+25.7,+20.2,LA	+2.31,+272.8,+20.6,BB	+6.49,+29.7,+20.7,KA	+2.12,+288.5,+25.6,NB	+2.07,+291.3,+25.2,@B	+2.02,+294.5,+25.4,@B	
1701861199.0566895	+6.56,+25.7,+20.2,LA	+2.31,+272.8,+20.6,BB	+6.49,+29.7,+20.7,KA	+2.12,+288.6,+25.5,NB	+2.07,+291.5,+25.2,FB	+2.02,+294.6,+25.4,CB	
1701861261.0664675	+6.56,+25.6,+20.2,MA	+2.31,+272.7,+20.6,MB	+6.49,+29.7,+20.7,KA	+2.13,+288.0,+25.6,JB	+2.05,+292.1,+25.2,CB	+1.99,+296.0,+25.3,AB	
1701861323.0747132	+6.56,+25.6,+20.2,MA	+2.31,+272.7,+20.6,MB	+6.49,+29.8,+20.7,DA	+2.12,+288.6,+25.6,MB	+2.07,+291.4,+25.2,GB	+2.02,+294.6,+25.4,CB	
1701861385.0824244	+6.56,+25.6,+20.2,MA	+2.31,+272.8,+20.7,CB	+6.49,+29.8,+20.7,DA	+2.11,+289.0,+25.6,IB	+2.07,+291.2,+25.2,AB	+2.02,+294.3,+25.4,FB	
1701861447.0911996	+6.56,+25.6,+20.2,MA	+2.31,+272.7,+20.6,MB	+6.49,+29.7,+20.7,KA	+2.13,+287.9,+25.6,LB	+2.06,+291.9,+25.2,KB	+1.99,+295.9,+25.3,KB	
1701861509.0970883	+6.56,+25.5,+20.2,NA	+2.31,+272.8,+20.6,BB	+6.49,+29.8,+20.7,DA	+2.12,+288.3,+25.5,KB	+2.07,+291.4,+25.2,GB	+2.01,+295.1,+25.4,FB	
1701861571.1072237	+6.56,+25.6,+20.2,MA	+2.31,+272.8,+20.7,CB	+6.49,+29.8,+20.7,DA	+2.12,+288.8,+25.6,CB	+2.07,+291.5,+25.2,FB	+2.01,+295.2,+25.4,EB	
1701861633.117205	+6.56,+25.6,+20.2,MA	+2.31,+272.7,+20.7,LB	+6.49,+29.8,+20.7,DA	+2.11,+289.2,+25.6,KB	+2.07,+291.2,+25.2,AB	+2.02,+294.4,+25.4,AB	
1701861695.127005	+6.56,+25.6,+20.2,MA	+2.31,+272.8,+20.6,BB	+6.49,+29.8,+20.7,DA	+2.11,+289.2,+25.5,HB	+2.07,+291.5,+25.2,FB	+2.01,+294.7,+25.3,FB	
1701861757.1361055	+6.56,+25.6,+20.2,MA	+2.31,+272.7,+20.6,MB	+6.49,+29.8,+20.7,DA	+2.11,+289.0,+25.6,IB	+2.07,+291.3,+25.2,@B	+2.02,+294.4,+25.4,AB	
1701861819.1432846	+6.56,+25.6,+20.2,MA	+2.31,+272.7,+20.7,LB	+6.49,+29.8,+20.7,DA	+2.12,+288.4,+25.6,OB	+2.06,+292.0,+25.2,AB	+2.00,+295.7,+25.4,AB	
1701861881.1520364	+6.56,+25.5,+20.2,NA	+2.31,+272.7,+20.7,LB	+6.49,+29.9,+20.7,EA	+2.12,+288.3,+25.5,KB	+2.06,+291.9,+25.2,KB	+1.99,+295.9,+25.4,LB	
1701862126.7276824	+6.56,+25.5,+20.2,NA	+2.31,+272.7,+20.6,MB	+6.49,+29.8,+20.7,DA	+2.12,+288.4,+25.5,LB	+2.06,+292.0,+25.2,AB	+2.02,+294.6,+25.4,CB	
1701862188.7392385	+6.56,+25.5,+20.2,NA	+2.31,+272.7,+20.7,LB	+6.49,+29.7,+20.7,KA	+2.12,+288.7,+25.6,LB	+2.07,+291.3,+25.2,@B	+2.00,+295.6,+25.4,@B	
1701862250.7486837	+6.56,+25.6,+20.2,MA	+2.31,+272.7,+20.7,LB	+6.49,+29.8,+20.7,DA	+2.13,+288.2,+25.5,KB	+2.06,+292.0,+25.2,AB	+2.01,+294.9,+25.3,HB	
1701862312.7589962	+6.56,+25.5,+20.2,NA	+2.31,+272.7,+20.6,MB	+6.49,+29.8,+20.7,DA	+2.13,+288.0,+25.5,IB	+2.06,+291.9,+25.2,KB	+2.02,+294.5,+25.3,GB	
1701862374.767867	+6.56,+25.5,+20.2,NA	+2.31,+272.7,+20.6,MB	+6.49,+29.8,+20.7,DA	+2.13,+288.0,+25.6,JB	+2.06,+291.9,+25.2,KB	+2.00,+295.5,+25.4,CB	
1701862436.777702	+6.56,+25.5,+20.2,NA	+2.31,+272.7,+20.7,LB	+6.49,+29.7,+20.7,KA	+2.12,+288.5,+25.6,NB	+2.07,+291.4,+25.2,GB	+2.00,+295.8,+25.4,NB	
1701862498.7884977	+6.56,+25.5,+20.2,NA	+2.31,+272.8,+20.7,CB	+6.49,+29.8,+20.7,DA	+2.13,+288.3,+25.6,IB	+2.07,+291.5,+25.2,FB	+1.99,+295.9,+25.4,LB	
1701862560.797045	+6.56,+25.6,+20.2,MA	+2.31,+272.8,+20.7,CB	+6.49,+29.7,+20.7,KA	+2.12,+288.7,+25.5,OB	+2.06,+291.8,+25.2,JB	+2.02,+294.2,+25.3,@B	
1701862622.8056395	+6.56,+25.5,+20.2,NA	+2.31,+272.7,+20.7,LB	+6.49,+29.8,+20.7,DA	+2.13,+288.3,+25.6,IB	+2.06,+291.6,+25.2,DB	+2.00,+295.8,+25.4,NB	
1701862684.8130796	+6.56,+25.5,+20.2,NA	+2.31,+272.7,+20.7,LB	+6.49,+29.7,+20.7,KA	+2.11,+289.1,+25.5,KB	+2.07,+291.3,+25.2,@B	+2.02,+294.3,+25.4,FB	
1701862746.8216271	+6.56,+25.5,+20.2,NA	+2.31,+272.7,+20.6,MB	+6.49,+29.7,+20.7,KA	+2.12,+288.6,+25.5,NB	+2.06,+291.6,+25.2,DB	+2.02,+294.1,+25.4,DB	
1701862808.8301487	+6.56,+25.5,+20.2,NA	+2.31,+272.7,+20.6,MB	+6.49,+29.8,+20.7,DA	+2.12,+288.6,+25.6,MB	+2.07,+291.5,+25.2,FB	+2.00,+295.7,+25.4,AB	
1701862870.8406923	+6.56,+25.5,+20.2,NA	+2.31,+272.8,+20.6,BB	+6.49,+29.8,+20.7,DA	+2.11,+289.2,+25.6,KB	+2.07,+291.2,+25.2,AB	+2.01,+295.0,+25.3,@B	
1701862932.8509529	+6.56,+25.5,+20.2,NA	+2.31,+272.8,+20.6,BB	+6.49,+29.7,+20.7,KA	+2.12,+288.6,+25.6,MB	+2.06,+291.7,+25.2,EB	+2.00,+295.8,+25.4,NB	
1701862994.858219	+6.56,+25.5,+20.2,NA	+2.31,+272.7,+20.6,MB	+6.49,+29.7,+20.7,KA	+2.12,+288.6,+25.6,MB	+2.07,+291.4,+25.2,GB	+2.00,+295.7,+25.3,FB	
1701863056.865516	+6.56,+25.6,+20.2,MA	+2.31,+272.8,+20.6,BB	+6.49,+29.7,+20.7,KA	+2.13,+288.0,+25.6,JB	+2.06,+291.8,+25.2,JB	+2.00,+295.2,+25.4,DB	
1701863118.8710673	+6.56,+25.6,+20.2,MA	+2.31,+272.7,+20.6,MB	+6.49,+29.7,+20.7,KA	+2.13,+288.0,+25.6,JB	+2.06,+291.8,+25.2,JB	+2.01,+295.1,+25.4,FB	
1701863180.8796036	+6.56,+25.5,+20.2,NA	+2.31,+272.8,+20.7,CB	+6.49,+29.8,+20.7,DA	+2.11,+289.3,+25.6,JB	+2.07,+291.1,+25.2,BB	+2.02,+294.6,+25.4,CB	
1701863242.8881454	+6.56,+25.5,+20.2,NA	+2.31,+272.8,+20.7,CB	+6.49,+29.8,+20.7,DA	+2.11,+289.2,+25.5,HB	+2.07,+291.1,+25.2,BB	+2.02,+294.4,+25.3,FB	
1701863304.898835	+6.56,+25.5,+20.2,NA	+2.31,+272.7,+20.6,MB	+6.49,+29.7,+20.7,KA	+2.13,+288.0,+25.6,JB	+2.06,+292.0,+25.2,AB	+2.01,+295.1,+25.3,AB	
1701863366.9071395	+6.56,+25.4,+20.2,OA	+2.31,+272.7,+20.6,MB	+6.49,+29.8,+20.7,DA	+2.11,+289.3,+25.6,JB	+2.07,+291.4,+25.2,GB	+2.01,+295.0,+25.4,GB	
1701863428.9160168	+6.56,+25.5,+20.2,NA	+2.31,+272.8,+20.7,CB	+6.49,+29.7,+20.7,KA	+2.12,+288.8,+25.6,CB	+2.07,+291.3,+25.2,@B	+2.02,+294.1,+25.4,DB	
1701863490.9242716	+6.56,+25.5,+20.2,NA	+2.31,+272.7,+20.6,MB	+6.49,+29.8,+20.7,DA	+2.13,+288.1,+25.5,HB	+2.06,+292.0,+25.2,AB	+2.00,+295.4,+25.4,BB	
1701863552.930981	+6.56,+25.5,+20.2,NA	+2.31,+272.7,+20.6,MB	+6.49,+29.8,+20.7,DA	+2.13,+288.1,+25.5,HB	+2.06,+291.7,+25.2,EB	+2.02,+294.5,+25.4,@B	
1701863614.9404943	+6.56,+25.5,+20.2,NA	+2.31,+272.8,+20.6,BB	+6.49,+29.8,+20.7,DA	+2.12,+288.7,+25.5,OB	+2.07,+290.9,+25.2,KB	+2.03,+294.0,+25.4,DB	
1701863676.9505715	+6.56,+25.5,+20.2,NA	+2.31,+272.7,+20.6,MB	+6.49,+29.8,+20.7,DA	+2.13,+288.1,+25.5,HB	+2.07,+291.5,+25.2,FB	+2.01,+294.7,+25.3,FB	
1701863738.9584143	+6.56,+25.5,+20.2,NA	+2.31,+272.7,+20.6,MB	+6.49,+29.7,+20.7,KA	+2.11,+289.0,+25.6,IB	+2.06,+291.9,+25.2,KB	+2.00,+295.6,+25.4,@B	
1701863800.9656591	+6.56,+25.5,+20.1,MA	+2.31,+272.7,+20.6,MB	+6.49,+29.8,+20.7,DA	+2.11,+289.0,+25.6,IB	+2.07,+291.2,+25.2,AB	+2.02,+294.2,+25.4,GB	
1701863862.9749987	+6.56,+25.5,+20.1,MA	+2.31,+272.7,+20.6,MB	+6.49,+29.7,+20.7,KA	+2.12,+288.7,+25.6,LB	+2.06,+292.0,+25.2,AB	+2.00,+295.6,+25.4,@B	
1701863924.982909	+6.56,+25.5,+20.1,MA	+2.31,+272.7,+20.7,LB	+6.49,+29.8,+20.7,DA	+2.12,+288.7,+25.6,LB	+2.06,+291.9,+25.2,KB	+2.00,+295.7,+25.4,AB	
1701863986.9919758	+6.56,+25.4,+20.1,LA	+2.31,+272.8,+20.6,BB	+6.49,+29.7,+20.7,KA	+2.12,+288.5,+25.6,NB	+2.07,+291.1,+25.2,BB	+2.03,+293.9,+25.4,JB	
1701864049.0001953	+6.56,+25.5,+20.2,NA	+2.31,+272.7,+20.6,MB	+6.49,+29.7,+20.7,KA	+2.12,+288.9,+25.5,AB	+2.07,+291.4,+25.2,GB	+2.02,+294.1,+25.4,DB	
1701864111.0073211	+6.56,+25.5,+20.1,MA	+2.31,+272.8,+20.6,BB	+6.49,+29.8,+20.7,DA	+2.12,+288.4,+25.5,LB	+2.06,+291.9,+25.2,KB	+2.00,+295.4,+25.3,EB	
1701864173.0167391	+6.56,+25.5,+20.2,NA	+2.31,+272.7,+20.6,MB	+6.49,+29.7,+20.7,KA	+2.12,+288.5,+25.5,MB	+2.07,+291.2,+25.2,AB	+2.03,+294.0,+25.4,DB	
1701864235.0249283	+6.56,+25.5,+20.1,MA	+2.31,+272.7,+20.6,MB	+6.49,+29.7,+20.7,KA	+2.13,+288.3,+25.6,IB	+2.07,+291.3,+25.2,@B	+2.02,+294.1,+25.3,CB	
1701864297.03311	+6.56,+25.5,+20.1,MA	+2.31,+272.7,+20.6,MB	+6.49,+29.8,+20.7,DA	+2.11,+288.9,+25.5,BB	+2.06,+292.0,+25.2,AB	+2.00,+295.6,+25.4,@B	
1701864359.0412705	+6.56,+25.5,+20.1,MA	+2.31,+272.7,+20.6,MB	+6.49,+29.7,+20.6,JA	+2.11,+289.3,+25.5,IB	+2.06,+291.8,+25.2,JB	+2.01,+294.8,+25.4,NB	
1701864421.0487576	+6.56,+25.4,+20.1,LA	+2.31,+272.7,+20.6,MB	+6.49,+29.7,+20.6,JA	+2.13,+288.2,+25.6,HB	+2.07,+291.2,+25.2,AB	+2.03,+294.0,+25.4,DB	
1701864483.0576108	+6.56,+25.5,+20.2,NA	+2.31,+272.8,+20.6,BB	+6.49,+29.8,+20.6,EA	+2.13,+288.2,+25.5,KB	+2.07,+291.1,+25.2,BB	+2.03,+293.9,+25.4,JB	
1701864545.0645177	+6.56,+25.5,+20.1,MA	+2.31,+272.7,+20.6,MB	+6.49,+29.7,+20.7,KA	+2.11,+289.3,+25.5,IB	+2.06,+292.0,+25.2,AB	+2.01,+295.0,+25.4,GB	
1701864607.0726182	+6.56,+25.5,+20.2,NA	+2.31,+272.7,+20.6,MB	+6.49,+29.6,+20.6,KA	+2.13,+288.2,+25.5,KB	+2.07,+291.4,+25.2,GB	+2.01,+295.0,+25.4,GB	
1701864669.0797591	+6.56,+25.4,+20.2,OA	+2.31,+272.7,+20.6,MB	+6.49,+29.7,+20.6,JA	+2.12,+288.3,+25.6,HB	+2.07,+291.4,+25.2,GB	+2.01,+295.0,+25.4,GB	
1701864731.0897677	+6.56,+25.5,+20.1,MA	+2.31,+272.7,+20.6,MB	+6.49,+29.7,+20.6,JA	+2.11,+289.3,+25.6,JB	+2.06,+291.9,+25.2,KB	+2.01,+294.8,+25.3,IB	
1701864793.0981054	+6.56,+25.4,+20.1,LA	+2.31,+272.7,+20.6,MB	+6.49,+29.7,+20.6,JA	+2.12,+288.7,+25.5,OB	+2.06,+291.5,+25.2,GB	+2.00,+295.5,+25.4,CB	
1701864855.1040466	+6.56,+25.4,+20.2,OA	+2.31,+272.7,+20.6,MB	+6.49,+29.7,+20.6,JA	+2.13,+288.3,+25.6,IB	+2.07,+291.5,+25.2,FB	+2.03,+293.8,+25.3,LB	
1701864917.1124642	+6.56,+25.4,+20.1,LA	+2.31,+272.8,+20.6,BB	+6.49,+29.7,+20.6,JA	+2.11,+289.3,+25.5,IB	+2.06,+291.9,+25.2,KB	+2.00,+295.3,+25.3,BB	
1701864979.122056	+6.56,+25.4,+20.1,LA	+2.31,+272.7,+20.6,MB	+6.49,+29.7,+20.6,JA	+2.11,+289.2,+25.6,KB	+2.06,+292.0,+25.2,AB	+2.01,+294.8,+25.3,IB	
1701865041.1323495	+6.56,+25.5,+20.1,MA	+2.31,+272.7,+20.6,MB	+6.49,+29.6,+20.6,KA	+2.11,+289.3,+25.5,IB	+2.06,+291.9,+25.2,KB	+2.00,+295.3,+25.4,EB	
1701865103.1412652	+6.56,+25.5,+20.1,MA	+2.31,+272.8,+20.6,BB	+6.49,+29.7,+20.6,JA	+2.12,+288.4,+25.5,LB	+2.07,+291.3,+25.2,@B	+2.01,+295.0,+25.3,@B	
1701865165.151771	+6.56,+25.5,+20.1,MA	+2.31,+272.7,+20.6,MB	+6.49,+29.7,+20.6,JA	+2.12,+288.6,+25.5,NB	+2.06,+291.8,+25.2,JB	+2.03,+294.0,+25.4,DB	
1701865227.159997	+6.56,+25.5,+20.1,MA	+2.31,+272.7,+20.6,MB	+6.49,+29.7,+20.6,JA	+2.12,+288.8,+25.5,@B	+2.07,+291.3,+25.2,@B	+2.00,+295.4,+25.3,EB	
1701865289.1674418	+6.56,+25.4,+20.1,LA	+2.31,+272.7,+20.6,MB	+6.49,+29.6,+20.6,KA	+2.12,+288.4,+25.6,OB	+2.07,+291.1,+25.2,BB	+2.01,+294.8,+25.3,IB	
1701865351.179078	+6.56,+25.4,+20.1,LA	+2.31,+272.7,+20.6,MB	+6.49,+29.7,+20.6,JA	+2.11,+288.9,+25.6,AB	+2.07,+291.2,+25.2,AB	+2.00,+295.4,+25.4,BB	
1701865413.1888182	+6.56,+25.4,+20.1,LA	+2.31,+272.8,+20.6,BB	+6.49,+29.7,+20.6,JA	+2.11,+289.1,+25.5,KB	+2.07,+291.5,+25.2,FB	+2.00,+295.5,+25.4,CB	
1701865475.1994665	+6.56,+25.5,+20.1,MA	+2.31,+272.7,+20.6,MB	+6.49,+29.7,+20.6,JA	+2.12,+288.8,+25.6,CB	+2.06,+291.9,+25.2,KB	+2.02,+294.3,+25.4,FB	
1701865537.2063594	+6.56,+25.5,+20.1,MA	+2.31,+272.7,+20.6,MB	+6.49,+29.7,+20.6,JA	+2.11,+289.3,+25.6,JB	+2.07,+291.5,+25.2,FB	+2.00,+295.3,+25.3,BB	
1701865599.2160082	+6.56,+25.5,+20.1,MA	+2.31,+272.7,+20.6,MB	+6.49,+29.7,+20.6,JA	+2.12,+288.7,+25.5,OB	+2.07,+291.1,+25.2,BB	+2.01,+295.1,+25.4,FB	
1701865661.2243128	+6.56,+25.4,+20.1,LA	+2.31,+272.7,+20.6,MB	+6.49,+29.7,+20.6,JA	+2.11,+289.0,+25.5,JB	+2.06,+291.9,+25.2,KB	+2.01,+294.8,+25.4,NB	
1701865723.2324872	+6.56,+25.4,+20.1,LA	+2.31,+272.7,+20.6,MB	+6.49,+29.7,+20.6,JA	+2.12,+288.6,+25.5,NB	+2.06,+291.9,+25.2,KB	+2.02,+294.2,+25.4,GB	
1701865968.7736123	+6.56,+25.3,+20.1,KA	+2.31,+272.7,+20.6,MB	+6.49,+29.7,+20.6,JA	+2.13,+288.0,+25.6,JB	+2.07,+291.4,+25.2,GB	+2.03,+293.7,+25.4,DB	
1701866030.7803648	+6.56,+25.4,+20.1,LA	+2.31,+272.7,+20.6,MB	+6.49,+29.6,+20.6,KA	+2.12,+288.9,+25.6,BB	+2.06,+292.0,+25.2,AB	+2.01,+295.2,+25.3,BB	
1701866092.7904155	+6.56,+25.4,+20.1,LA	+2.31,+272.7,+20.6,MB	+6.49,+29.6,+20.6,KA	+2.13,+288.1,+25.6,KB	+2.07,+291.3,+25.2,@B	+2.03,+293.7,+25.3,CB	
1701866154.7974944	+6.56,+25.3,+20.1,KA	+2.31,+272.7,+20.6,MB	+6.49,+29.7,+20.6,JA	+2.11,+289.1,+25.5,KB	+2.06,+291.7,+25.2,EB	+2.01,+294.7,+25.4,AB	
1701866216.8076556	+6.56,+25.3,+20.1,KA	+2.31,+272.7,+20.6,MB	+6.49,+29.7,+20.6,JA	+2.11,+289.3,+25.5,IB	+2.06,+292.0,+25.2,AB	+2.00,+295.3,+25.3,BB	
1701866278.8168716	+6.56,+25.3,+20.1,KA	+2.31,+272.7,+20.6,MB	+6.49,+29.7,+20.6,JA	+2.11,+289.3,+25.6,JB	+2.06,+292.0,+25.2,AB	+2.00,+295.3,+25.4,EB	
1701866340.8243604	+6.56,+25.3,+20.1,KA	+2.31,+272.7,+20.6,MB	+6.49,+29.6,+20.6,KA	+2.11,+289.1,+25.5,KB	+2.06,+291.9,+25.2,KB	+2.01,+295.1,+25.4,FB	
1701866402.8337553	+6.56,+25.3,+20.1,KA	+2.31,+272.7,+20.6,MB	+6.49,+29.6,+20.6,KA	+2.12,+288.5,+25.6,NB	+2.06,+291.6,+25.2,DB	+2.02,+294.5,+25.4,@B	
1701866464.8402998	+6.56,+25.3,+20.0,JA	+2.31,+272.7,+20.6,MB	+6.49,+29.6,+20.6,KA	+2.13,+288.1,+25.5,HB	+2.07,+291.3,+25.2,@B	+2.03,+293.7,+25.4,DB	
1701866526.847562	+6.56,+25.3,+20.0,JA	+2.31,+272.7,+20.6,MB	+6.49,+29.6,+20.6,KA	+2.11,+289.1,+25.6,HB	+2.06,+292.0,+25.2,AB	+2.01,+295.0,+25.3,@B	
1701866588.852909	+6.56,+25.3,+20.0,JA	+2.31,+272.7,+20.6,MB	+6.49,+29.6,+20.6,KA	+2.12,+288.7,+25.5,OB	+2.06,+291.8,+25.2,JB	+2.01,+294.6,+25.3,GB	
1701866650.8642328	+6.56,+25.3,+20.0,JA	+2.31,+272.7,+20.6,MB	+6.49,+29.6,+20.6,KA	+2.13,+288.2,+25.6,HB	+2.07,+291.4,+25.2,GB	+2.02,+294.1,+25.4,DB	
1701866712.8739958	+6.56,+25.3,+20.1,KA	+2.31,+272.7,+20.6,MB	+6.49,+29.6,+20.6,KA	+2.11,+289.2,+25.5,HB	+2.05,+292.2,+25.2,@B	+2.00,+295.4,+25.4,BB	
1701866774.8838131	+6.56,+25.3,+20.1,KA	+2.31,+272.7,+20.6,MB	+6.49,+29.6,+20.6,KA	+2.12,+288.8,+25.5,@B	+2.06,+291.6,+25.2,DB	+2.01,+294.9,+25.3,HB	
1701866836.8928123	+6.56,+25.3,+20.0,JA	+2.31,+272.8,+20.6,BB	+6.49,+29.6,+20.6,KA	+2.13,+287.9,+25.5,OB	+2.07,+291.1,+25.2,BB	+2.03,+293.7,+25.3,CB	
1701866898.9042547	+6.56,+25.3,+20.0,JA	+2.31,+272.7,+20.6,MB	+6.49,+29.6,+20.6,KA	+2.13,+288.0,+25.6,JB	+2.07,+291.4,+25.2,GB	+2.03,+293.8,+25.3,LB	
1701866960.913503	+6.56,+25.3,+20.0,JA	+2.31,+272.7,+20.6,MB	+6.49,+29.7,+20.6,JA	+2.11,+289.2,+25.6,KB	+2.06,+291.8,+25.2,JB	+2.00,+295.3,+25.4,EB	
1701867022.9242892	+6.56,+25.3,+20.1,KA	+2.31,+272.7,+20.6,MB	+6.49,+29.7,+20.6,JA	+2.13,+288.3,+25.6,IB	+2.08,+290.9,+25.2,DB	+2.03,+294.0,+25.3,CB	
1701867084.9325604	+6.56,+25.3,+20.0,JA	+2.31,+272.7,+20.6,MB	+6.49,+29.7,+20.6,JA	+2.12,+288.8,+25.6,CB	+2.06,+291.8,+25.2,JB	+2.01,+294.8,+25.4,NB	
1701867146.9453118	+6.57,+25.2,+20.0,JA	+2.31,+272.7,+20.6,MB	+6.49,+29.6,+20.6,KA	+2.11,+289.1,+25.5,KB	+2.06,+291.9,+25.2,KB	+2.01,+295.2,+25.4,EB	
1701867208.9551845	+6.56,+25.3,+20.0,JA	+2.31,+272.7,+20.6,MB	+6.49,+29.6,+20.6,KA	+2.12,+288.7,+25.6,LB	+2.06,+292.0,+25.2,AB	+2.01,+294.7,+25.4,AB	
1701867270.9647279	+6.56,+25.3,+20.0,JA	+2.31,+272.7,+20.6,MB	+6.49,+29.7,+20.6,JA	+2.12,+288.7,+25.6,LB	+2.07,+291.3,+25.2,@B	+2.02,+294.5,+25.3,GB	
1701867332.972569	+6.56,+25.3,+20.0,JA	+2.31,+272.8,+20.6,BB	+6.49,+29.6,+20.6,KA	+2.11,+289.1,+25.6,HB	+2.07,+291.5,+25.2,FB	+2.01,+295.1,+25.3,AB	
1701867394.9812758	+6.57,+25.2,+20.0,JA	+2.31,+272.7,+20.6,MB	+6.49,+29.7,+20.6,JA	+2.13,+288.2,+25.6,HB	+2.06,+291.9,+25.2,KB	+2.02,+294.2,+25.4,GB	
1701867456.989318	+6.56,+25.3,+20.0,JA	+2.31,+272.7,+20.6,MB	+6.49,+29.6,+20.5,HA	+2.12,+288.7,+25.5,OB	+2.07,+291.2,+25.2,AB	+2.01,+294.7,+25.4,AB	
1701867518.997416	+6.56,+25.3,+20.0,JA	+2.31,+272.7,+20.6,MB	+6.49,+29.6,+20.5,HA	+2.13,+288.0,+25.5,IB	+2.07,+291.3,+25.2,@B	+2.03,+293.6,+25.3,BB	
1701867581.002011	+6.56,+25.3,+20.0,JA	+2.31,+272.7,+20.6,MB	+6.49,+29.6,+20.5,HA	+2.11,+289.1,+25.6,HB	+2.06,+291.7,+25.2,EB	+2.00,+295.3,+25.4,EB	
1701867643.0108194	+6.56,+25.3,+20.0,JA	+2.31,+272.8,+20.5,AB	+6.49,+29.6,+20.6,KA	+2.11,+289.0,+25.6,IB	+2.07,+291.4,+25.2,GB	+2.01,+294.8,+25.4,NB	
1701867705.0194087	+6.56,+25.3,+20.0,JA	+2.31,+272.7,+20.6,MB	+6.49,+29.6,+20.5,HA	+2.13,+288.1,+25.5,HB	+2.07,+291.4,+25.2,GB	+2.03,+293.7,+25.4,DB	
1701867767.0288625	+6.56,+25.3,+20.0,JA	+2.31,+272.7,+20.6,MB	+6.49,+29.6,+20.5,HA	+2.13,+287.9,+25.6,LB	+2.06,+291.8,+25.2,JB	+2.03,+293.9,+25.3,MB	
1701867829.0381365	+6.56,+25.3,+20.0,JA	+2.31,+272.8,+20.6,BB	+6.49,+29.6,+20.5,HA	+2.12,+288.9,+25.6,BB	+2.06,+291.6,+25.2,DB	+2.01,+295.1,+25.4,FB	
1701867891.0481527	+6.56,+25.3,+20.0,JA	+2.31,+272.7,+20.5,NB	+6.49,+29.6,+20.5,HA	+2.13,+288.0,+25.6,JB	+2.06,+291.9,+25.2,KB	+2.02,+294.2,+25.4,GB	
1701867953.0586824	+6.56,+25.3,+20.0,JA	+2.31,+272.7,+20.5,NB	+6.49,+29.6,+20.5,HA	+2.12,+288.5,+25.6,NB	+2.07,+291.4,+25.2,GB	+2.01,+295.2,+25.4,EB	
1701868015.069034	+6.56,+25.3,+20.0,JA	+2.31,+272.7,+20.5,NB	+6.49,+29.6,+20.5,HA	+2.13,+288.3,+25.6,IB	+2.06,+292.0,+25.2,AB	+2.01,+294.7,+25.3,FB	
1701868077.0777645	+6.57,+25.2,+20.0,JA	+2.31,+272.7,+20.6,MB	+6.49,+29.7,+20.5,IA	+2.13,+287.9,+25.5,OB	+2.06,+292.0,+25.2,AB	+2.03,+293.8,+25.4,KB	
1701868139.0875962	+6.57,+25.2,+20.0,JA	+2.31,+272.8,+20.5,AB	+6.49,+29.6,+20.5,HA	+2.13,+288.3,+25.5,JB	+2.06,+292.0,+25.2,AB	+2.02,+294.5,+25.4,@B	
1701868201.096469	+6.57,+25.2,+20.0,JA	+2.31,+272.7,+20.5,NB	+6.49,+29.7,+20.5,IA	+2.13,+288.2,+25.5,KB	+2.06,+291.9,+25.2,KB	+2.02,+294.4,+25.4,AB	
1701868263.106958	+6.56,+25.3,+20.0,JA	+2.31,+272.7,+20.5,NB	+6.49,+29.7,+20.5,IA	+2.13,+288.0,+25.5,IB	+2.05,+292.1,+25.2,CB	+2.02,+294.2,+25.4,GB	
1701868325.1148987	+6.57,+25.2,+20.0,JA	+2.31,+272.7,+20.5,NB	+6.49,+29.7,+20.5,IA	+2.12,+288.5,+25.6,NB	+2.06,+291.7,+25.2,EB	+2.01,+294.9,+25.4,OB	
1701868387.122607	+6.57,+25.2,+19.9,IA	+2.31,+272.7,+20.5,NB	+6.49,+29.6,+20.5,HA	+2.13,+287.9,+25.6,LB	+2.06,+292.1,+25.2,@B	+2.03,+293.6,+25.4,EB	
1701868449.127987	+6.57,+25.2,+20.0,JA	+2.31,+272.7,+20.5,NB	+6.49,+29.6,+20.5,HA	+2.13,+288.2,+25.6,HB	+2.06,+292.0,+25.2,AB	+2.02,+294.5,+25.4,@B	
1701868511.1368332	+6.57,+25.2,+19.9,IA	+2.31,+272.7,+20.5,NB	+6.49,+29.6,+20.5,HA	+2.12,+288.8,+25.5,@B	+2.07,+291.4,+25.2,GB	+2.01,+295.2,+25.3,BB	
1701868573.1449478	+6.57,+25.2,+19.9,IA	+2.31,+272.7,+20.5,NB	+6.49,+29.6,+20.5,HA	+2.13,+287.9,+25.6,LB	+2.06,+291.9,+25.2,KB	+2.02,+294.1,+25.3,CB	
1701868635.1544015	+6.57,+25.2,+19.9,IA	+2.31,+272.7,+20.5,NB	+6.49,+29.7,+20.5,IA	+2.12,+288.4,+25.5,LB	+2.06,+291.9,+25.2,KB	+2.03,+293.6,+25.4,EB	
1701868697.1639836	+6.57,+25.2,+20.0,JA	+2.31,+272.8,+20.5,AB	+6.49,+29.6,+20.5,HA	+2.11,+289.0,+25.6,IB	+2.07,+291.3,+25.2,@B	+2.01,+294.9,+25.4,OB	
1701868759.172306	+6.57,+25.2,+19.9,IA	+2.31,+272.7,+20.5,NB	+6.49,+29.6,+20.5,HA	+2.11,+289.0,+25.6,IB	+2.07,+291.3,+25.2,@B	+2.01,+295.1,+25.4,FB	
1701868821.1809556	+6.57,+25.2,+19.9,IA	+2.31,+272.7,+20.5,NB	+6.49,+29.7,+20.5,IA	+2.13,+287.8,+25.6,MB	+2.06,+292.0,+25.2,AB	+2.03,+294.1,+25.4,EB	
1701868883.1910913	+6.57,+25.2,+19.9,IA	+2.31,+272.7,+20.5,NB	+6.49,+29.7,+20.5,IA	+2.13,+288.1,+25.5,HB	+2.05,+292.2,+25.2,@B	+2.04,+293.5,+25.4,AB	
1701868945.20059	+6.57,+25.2,+19.9,IA	+2.31,+272.7,+20.5,NB	+6.49,+29.7,+20.5,IA	+2.13,+288.0,+25.5,IB	+2.06,+291.7,+25.2,EB	+2.02,+294.4,+25.3,FB	
1701869007.2081695	+6.57,+25.2,+20.0,JA	+2.31,+272.7,+20.5,NB	+6.49,+29.6,+20.5,HA	+2.12,+288.8,+25.5,@B	+2.06,+291.8,+25.2,JB	+2.03,+293.8,+25.3,LB	
1701869069.217581	+6.57,+25.2,+20.0,JA	+2.31,+272.8,+20.5,AB	+6.49,+29.6,+20.5,HA	+2.13,+288.1,+25.5,HB	+2.06,+292.0,+25.2,AB	+2.04,+293.5,+25.4,AB	
1701869131.2257292	+6.57,+25.2,+19.9,IA	+2.31,+272.7,+20.5,NB	+6.49,+29.6,+20.5,HA	+2.13,+287.9,+25.5,OB	+2.06,+291.8,+25.2,JB	+2.03,+293.9,+25.4,JB	
1701869193.2330503	+6.57,+25.2,+19.9,IA	+2.31,+272.7,+20.5,NB	+6.49,+29.7,+20.5,IA	+2.11,+288.9,+25.6,AB	+2.07,+291.3,+25.2,@B	+2.01,+295.0,+25.4,GB	
1701869255.2425282	+6.57,+25.1,+19.9,JA	+2.31,+272.7,+20.5,NB	+6.49,+29.6,+20.5,HA	+2.13,+288.0,+25.5,IB	+2.06,+291.9,+25.2,KB	+2.03,+293.5,+25.4,FB	
1701869317.2502687	+6.57,+25.1,+19.9,JA	+2.31,+272.7,+20.5,NB	+6.49,+29.7,+20.5,IA	+2.11,+289.0,+25.5,JB	+2.06,+291.9,+25.2,KB	+2.02,+294.2,+25.4,GB	
1701869379.2597175	+6.57,+25.2,+19.9,IA	+2.31,+272.7,+20.5,NB	+6.49,+29.6,+20.5,HA	+2.11,+289.1,+25.5,KB	+2.06,+291.7,+25.2,EB	+2.02,+294.5,+25.4,@B	
1701869441.2695065	+6.57,+25.2,+19.9,IA	+2.31,+272.7,+20.5,NB	+6.49,+29.6,+20.4,IA	+2.13,+288.2,+25.6,HB	+2.07,+291.3,+25.2,@B	+2.01,+294.8,+25.4,NB	
1701869503.280634	+6.57,+25.2,+19.9,IA	+2.31,+272.7,+20.5,NB	+6.49,+29.6,+20.4,IA	+2.13,+288.0,+25.6,JB	+2.06,+292.1,+25.2,@B	+2.02,+294.4,+25.4,AB	
1701869565.290422	+6.57,+25.1,+19.9,JA	+2.31,+272.7,+20.5,NB	+6.49,+29.6,+20.4,IA	+2.12,+288.4,+25.6,OB	+2.06,+292.0,+25.2,AB	+2.04,+293.3,+25.3,@B	
1701869810.8858979	+6.57,+25.1,+19.9,JA	+2.31,+272.7,+20.5,NB	+6.49,+29.6,+20.4,IA	+2.12,+288.7,+25.6,LB	+2.05,+292.2,+25.2,@B	+2.01,+294.9,+25.4,OB	
1701869872.8940299	+6.57,+25.1,+19.9,JA	+2.31,+272.7,+20.5,NB	+6.49,+29.6,+20.4,IA	+2.12,+288.3,+25.5,KB	+2.07,+291.5,+25.2,FB	+2.04,+293.3,+25.4,GB	
1701869934.9063172	+6.57,+25.2,+19.9,IA	+2.31,+272.7,+20.5,NB	+6.49,+29.6,+20.4,IA	+2.13,+287.9,+25.5,OB	+2.07,+291.2,+25.2,AB	+2.03,+293.8,+25.4,KB	
1701869996.9182777	+6.57,+25.1,+19.9,JA	+2.31,+272.7,+20.5,NB	+6.49,+29.6,+20.4,IA	+2.12,+288.7,+25.6,LB	+2.06,+291.6,+25.2,DB	+2.04,+293.4,+25.4,@B	
1701870058.928556	+6.57,+25.2,+19.9,IA	+2.31,+272.7,+20.5,NB	+6.49,+29.6,+20.4,IA	+2.13,+287.9,+25.6,LB	+2.07,+291.3,+25.2,@B	+2.03,+294.0,+25.3,CB	
1701870120.9388707	+6.57,+25.2,+19.9,IA	+2.31,+272.7,+20.5,NB	+6.49,+29.6,+20.4,IA	+2.12,+288.4,+25.5,LB	+2.06,+291.6,+25.2,DB	+2.04,+293.3,+25.4,GB	
1701870182.9464614	+6.57,+25.2,+19.9,IA	+2.31,+272.7,+20.5,NB	+6.49,+29.6,+20.4,IA	+2.13,+287.8,+25.6,MB	+2.07,+291.2,+25.2,AB	+2.03,+293.7,+25.3,CB	
1701870244.9534264	+6.57,+25.1,+19.9,JA	+2.31,+272.7,+20.5,NB	+6.49,+29.6,+20.4,IA	+2.12,+288.5,+25.6,NB	+2.06,+291.6,+25.2,DB	+2.04,+293.2,+25.4,FB	
1701870306.9609835	+6.57,+25.2,+19.8,HA	+2.31,+272.7,+20.5,NB	+6.49,+29.7,+20.4,HA	+2.13,+287.7,+25.5,AB	+2.07,+291.2,+25.2,AB	+2.03,+293.8,+25.4,KB	
1701870368.9646409	+6.57,+25.1,+19.9,JA	+2.31,+272.7,+20.5,NB	+6.49,+29.6,+20.4,IA	+2.12,+288.6,+25.5,NB	+2.06,+291.9,+25.2,KB	+2.04,+293.3,+25.4,GB	
1701870430.9735422	+6.57,+25.2,+19.8,HA	+2.31,+272.7,+20.5,NB	+6.49,+29.7,+20.4,HA	+2.13,+288.0,+25.6,JB	+2.07,+291.3,+25.2,@B	+2.04,+293.2,+25.4,FB	
1701870492.980747	+6.57,+25.2,+19.9,IA	+2.31,+272.7,+20.5,NB	+6.49,+29.6,+20.4,IA	+2.12,+288.4,+25.6,OB	+2.07,+291.5,+25.2,FB	+2.01,+294.8,+25.4,NB	
1701870554.9915051	+6.57,+25.2,+19.9,IA	+2.31,+272.6,+20.5,OB	+6.49,+29.6,+20.4,IA	+2.11,+289.1,+25.6,HB	+2.06,+291.9,+25.2,KB	+2.02,+294.2,+25.3,@B	
1701870617.000411	+6.57,+25.2,+19.9,IA	+2.31,+272.7,+20.5,NB	+6.49,+29.7,+20.4,HA	+2.12,+288.8,+25.6,CB	+2.06,+292.1,+25.2,@B	+2.03,+293.7,+25.3,CB	
1701870679.0092661	+6.57,+25.2,+19.8,HA	+2.31,+272.7,+20.5,NB	+6.49,+29.7,+20.4,HA	+2.12,+288.6,+25.5,NB	+2.07,+291.4,+25.2,GB	+2.01,+294.8,+25.3,IB	
1701870741.0182922	+6.57,+25.2,+19.9,IA	+2.31,+272.7,+20.5,NB	+6.49,+29.7,+20.4,HA	+2.12,+288.8,+25.5,@B	+2.06,+291.5,+25.2,GB	+2.01,+294.8,+25.4,NB	
1701870803.0237653	+6.57,+25.1,+19.9,JA	+2.31,+272.7,+20.5,NB	+6.49,+29.6,+20.4,IA	+2.13,+287.8,+25.5,NB	+2.07,+291.1,+25.2,BB	+2.02,+294.1,+25.4,DB	
1701870865.0324364	+6.57,+25.1,+19.9,JA	+2.31,+272.7,+20.5,NB	+6.49,+29.6,+20.4,IA	+2.13,+287.7,+25.6,BB	+2.07,+291.4,+25.2,GB	+2.03,+293.6,+25.4,EB	
1701870927.0392516	+6.57,+25.2,+19.9,IA	+2.31,+272.7,+20.5,NB	+6.49,+29.7,+20.4,HA	+2.11,+289.0,+25.5,JB	+2.06,+291.8,+25.2,JB	+2.02,+294.2,+25.3,@B	
1701870989.0468688	+6.57,+25.1,+19.9,JA	+2.31,+272.7,+20.5,NB	+6.49,+29.6,+20.4,IA	+2.12,+288.8,+25.6,CB	+2.06,+292.1,+25.2,@B	+2.03,+293.7,+25.3,CB	
1701871051.052276	+6.57,+25.2,+19.9,IA	+2.31,+272.7,+20.5,NB	+6.49,+29.6,+20.4,IA	+2.11,+288.9,+25.5,BB	+2.06,+292.0,+25.2,AB	+2.03,+294.0,+25.3,CB	
1701871113.060753	+6.57,+25.2,+19.9,IA	+2.31,+272.7,+20.5,NB	+6.49,+29.6,+20.4,IA	+2.11,+289.0,+25.5,JB	+2.06,+291.8,+25.2,JB	+2.02,+294.1,+25.4,DB	
1701871175.0677047	+6.57,+25.2,+19.8,HA	+2.31,+272.7,+20.5,NB	+6.49,+29.7,+20.4,HA	+2.12,+288.6,+25.6,MB	+2.06,+291.8,+25.2,JB	+2.03,+293.5,+25.3,AB	
1701871237.0727544	+6.57,+25.1,+19.8,KA	+2.31,+272.7,+20.5,NB	+6.49,+29.6,+20.4,IA	+2.13,+288.2,+25.6,HB	+2.07,+291.3,+25.2,@B	+2.02,+294.3,+25.3,AB	
1701871299.0829296	+6.57,+25.2,+19.8,HA	+2.31,+272.7,+20.5,NB	+6.49,+29.6,+20.4,IA	+2.12,+288.9,+25.5,AB	+2.07,+291.4,+25.2,GB	+2.01,+294.7,+25.4,AB	
1701871361.092413	+6.57,+25.1,+19.8,KA	+2.31,+272.6,+20.5,OB	+6.49,+29.6,+20.4,IA	+2.11,+289.0,+25.5,JB	+2.06,+291.7,+25.2,EB	+2.02,+294.6,+25.4,CB	
1701871423.101009	+6.57,+25.2,+19.8,HA	+2.31,+272.7,+20.4,OB	+6.49,+29.7,+20.4,HA	+2.11,+289.0,+25.5,JB	+2.06,+291.8,+25.2,JB	+2.02,+294.5,+25.4,@B	
1701871485.1063123	+6.57,+25.1,+19.8,KA	+2.31,+272.6,+20.4,NB	+6.49,+29.6,+20.4,IA	+2.13,+287.9,+25.5,OB	+2.06,+291.9,+25.2,KB	+2.03,+293.9,+25.4,JB	
1701871547.1161315	+6.57,+25.2,+19.8,HA	+2.31,+272.6,+20.5,OB	+6.49,+29.7,+20.4,HA	+2.11,+289.0,+25.6,IB	+2.06,+291.7,+25.2,EB	+2.02,+294.5,+25.3,GB	
1701871609.1263938	+6.57,+25.1,+19.8,KA	+2.31,+272.6,+20.5,OB	+6.49,+29.6,+20.4,IA	+2.11,+289.0,+25.5,JB	+2.07,+291.5,+25.2,FB	+2.02,+294.5,+25.4,@B	
1701871671.1338394	+6.57,+25.1,+19.8,KA	+2.31,+272.7,+20.4,OB	+6.49,+29.6,+20.4,IA	+2.13,+288.2,+25.5,KB	+2.06,+291.6,+25.2,DB	+2.02,+294.3,+25.4,FB	
1701871733.143009	+6.57,+25.1,+19.8,KA	+2.31,+272.7,+20.4,OB	+6.49,+29.6,+20.4,IA	+2.11,+289.0,+25.5,JB	+2.06,+291.5,+25.2,GB	+2.02,+294.5,+25.4,@B	
1701871795.1526072	+6.57,+25.1,+19.8,KA	+2.31,+272.7,+20.4,OB	+6.49,+29.6,+20.3,NA	+2.13,+287.9,+25.5,OB	+2.05,+292.2,+25.2,@B	+2.04,+293.0,+25.3,CB	
1701871857.1595643	+6.57,+25.1,+19.8,KA	+2.31,+272.7,+20.5,NB	+6.49,+29.6,+20.3,NA	+2.13,+288.2,+25.6,HB	+2.05,+292.2,+25.2,@B	+2.04,+293.0,+25.3,CB	
1701871919.1675959	+6.57,+25.2,+19.8,HA	+2.31,+272.7,+20.4,OB	+6.49,+29.7,+20.4,HA	+2.13,+287.9,+25.5,OB	+2.05,+292.1,+25.2,CB	+2.04,+293.4,+25.4,@B	
1701871981.1718998	+6.57,+25.1,+19.8,KA	+2.31,+272.7,+20.4,OB	+6.49,+29.6,+20.3,NA	+2.12,+288.4,+25.5,LB	+2.06,+292.0,+25.2,AB	+2.04,+293.2,+25.4,FB	
1701872043.1829393	+6.57,+25.1,+19.8,KA	+2.31,+272.6,+20.4,NB	+6.49,+29.6,+20.3,NA	+2.13,+288.1,+25.6,KB	+2.05,+292.2,+25.2,@B	+2.04,+293.4,+25.3,GB	
1701872105.1906419	+6.57,+25.1,+19.7,DA	+2.31,+272.6,+20.4,NB	+6.49,+29.6,+20.3,NA	+2.12,+288.4,+25.5,LB	+2.06,+291.9,+25.2,KB	+2.04,+293.3,+25.3,@B	
1701872167.198207	+6.57,+25.1,+19.7,DA	+2.31,+272.7,+20.4,OB	+6.49,+29.7,+20.3,OA	+2.12,+288.7,+25.5,OB	+2.07,+291.5,+25.2,FB	+2.03,+293.5,+25.4,FB	
1701872229.2056074	+6.57,+25.1,+19.7,DA	+2.31,+272.6,+20.4,NB	+6.49,+29.6,+20.3,NA	+2.13,+288.0,+25.6,JB	+2.06,+292.0,+25.2,AB	+2.04,+293.3,+25.4,GB	
1701872291.2166378	+6.57,+25.1,+19.7,DA	+2.31,+272.6,+20.4,NB	+6.49,+29.7,+20.3,OA	+2.12,+288.8,+25.6,CB	+2.06,+291.6,+25.2,DB	+2.02,+294.3,+25.4,FB	
1701872353.2256308	+6.57,+25.1,+19.7,DA	+2.31,+272.7,+20.4,OB	+6.49,+29.7,+20.3,OA	+2.11,+289.1,+25.6,HB	+2.07,+291.0,+25.2,CB	+2.02,+294.1,+25.4,DB	
1701872415.2355115	+6.57,+25.1,+19.8,KA	+2.31,+272.6,+20.4,NB	+6.49,+29.7,+20.3,OA	+2.11,+289.3,+25.6,JB	+2.07,+291.3,+25.2,@B	+2.02,+294.3,+25.4,FB	
1701872477.245659	+6.57,+25.1,+19.7,DA	+2.31,+272.7,+20.4,OB	+6.49,+29.5,+20.3,MA	+2.12,+288.6,+25.6,MB	+2.07,+291.5,+25.2,FB	+2.04,+293.3,+25.4,GB	
1701872539.2553592	+6.57,+25.1,+19.7,DA	+2.31,+272.6,+20.4,NB	+6.49,+29.6,+20.3,NA	+2.12,+288.9,+25.6,BB	+2.07,+291.4,+25.2,GB	+2.03,+293.6,+25.4,EB	
1701872601.262221	+6.57,+25.2,+19.7,GA	+2.31,+272.6,+20.4,NB	+6.49,+29.7,+20.3,OA	+2.13,+288.2,+25.6,HB	+2.06,+291.7,+25.2,EB	+2.04,+292.9,+25.4,LB	
1701872663.2712379	+6.57,+25.2,+19.7,GA	+2.31,+272.6,+20.4,NB	+6.49,+29.6,+20.3,NA	+2.11,+289.1,+25.5,KB	+2.06,+291.9,+25.2,KB	+2.02,+294.4,+25.4,AB	
1701872725.2802453	+6.57,+25.1,+19.7,DA	+2.31,+272.6,+20.4,NB	+6.49,+29.6,+20.3,NA	+2.13,+288.1,+25.5,HB	+2.05,+292.2,+25.2,@B	+2.04,+293.1,+25.4,EB	
1701872787.2859664	+6.57,+25.1,+19.7,DA	+2.31,+272.6,+20.4,NB	+6.49,+29.6,+20.3,NA	+2.12,+288.3,+25.6,HB	+2.05,+292.2,+25.2,@B	+2.04,+293.3,+25.4,GB	
1701872849.2939281	+6.57,+25.1,+19.7,DA	+2.31,+272.6,+20.4,NB	+6.49,+29.5,+20.3,MA	+2.11,+289.3,+25.5,IB	+2.06,+291.6,+25.2,DB	+2.02,+294.4,+25.4,AB	
1701872911.3011527	+6.57,+25.1,+19.7,DA	+2.31,+272.7,+20.4,OB	+6.49,+29.6,+20.3,NA	+2.12,+288.5,+25.6,NB	+2.06,+292.1,+25.2,@B	+2.04,+293.4,+25.4,@B	
1701872973.3116035	+6.57,+25.2,+19.7,GA	+2.31,+272.6,+20.4,NB	+6.49,+29.6,+20.3,NA	+2.12,+288.7,+25.5,OB	+2.06,+291.9,+25.2,KB	+2.03,+293.8,+25.4,KB	
1701873035.320903	+6.57,+25.1,+19.7,DA	+2.31,+272.6,+20.4,NB	+6.49,+29.7,+20.3,OA	+2.11,+289.3,+25.6,JB	+2.06,+291.7,+25.2,EB	+2.02,+294.4,+25.4,AB	
1701873097.3289566	+6.57,+25.1,+19.7,DA	+2.31,+272.6,+20.4,NB	+6.49,+29.6,+20.3,NA	+2.12,+288.4,+25.5,LB	+2.07,+291.2,+25.2,AB	+2.04,+293.2,+25.3,AB	
1701873159.336791	+6.57,+25.1,+19.7,DA	+2.31,+272.6,+20.4,NB	+6.49,+29.6,+20.3,NA	+2.11,+289.3,+25.6,JB	+2.06,+291.8,+25.2,JB	+2.02,+294.4,+25.4,AB	
1701873221.344314	+6.57,+25.1,+19.7,DA	+2.31,+272.6,+20.4,NB	+6.49,+29.6,+20.3,NA	+2.13,+288.2,+25.6,HB	+2.06,+291.8,+25.2,JB	+2.04,+292.9,+25.4,LB	
1701873283.3539183	+6.57,+25.1,+19.7,DA	+2.31,+272.6,+20.4,NB	+6.49,+29.6,+20.3,NA	+2.11,+289.1,+25.6,HB	+2.06,+292.1,+25.2,@B	+2.03,+294.0,+25.4,DB	
1701873345.3626354	+6.57,+25.1,+19.7,DA	+2.31,+272.6,+20.4,NB	+6.49,+29.6,+20.3,NA	+2.13,+288.1,+25.6,KB	+2.06,+291.8,+25.2,JB	+2.05,+292.8,+25.4,LB	
1701873407.3708856	+6.57,+25.1,+19.7,DA	+2.31,+272.6,+20.4,NB	+6.49,+29.5,+20.3,MA	+2.11,+289.3,+25.6,JB	+2.06,+292.0,+25.2,AB	+2.02,+294.4,+25.4,AB	
1701873652.9299395	+6.57,+25.1,+19.7,DA	+2.31,+272.6,+20.4,NB	+6.49,+29.5,+20.3,MA	+2.11,+289.0,+25.5,JB	+2.07,+291.5,+25.2,FB	+2.02,+294.2,+25.4,GB	
1701873714.9398694	+6.57,+25.2,+19.7,GA	+2.31,+272.6,+20.4,NB	+6.49,+29.5,+20.3,MA	+2.12,+288.8,+25.5,@B	+2.06,+291.7,+25.2,EB	+2.02,+294.1,+25.4,DB	
1701873776.9478626	+6.57,+25.1,+19.7,DA	+2.31,+272.6,+20.4,NB	+6.49,+29.6,+20.2,OA	+2.12,+288.5,+25.6,NB	+2.06,+291.6,+25.2,DB	+2.04,+293.2,+25.4,FB	
1701873838.9570456	+6.57,+25.1,+19.7,DA	+2.31,+272.6,+20.4,NB	+6.49,+29.5,+20.2,LA	+2.12,+288.8,+25.6,CB	+2.07,+291.3,+25.2,@B	+2.03,+293.5,+25.4,FB	
1701873900.9671023	+6.57,+25.1,+19.7,DA	+2.31,+272.6,+20.4,NB	+6.49,+29.5,+20.2,LA	+2.13,+287.9,+25.5,OB	+2.06,+292.0,+25.2,AB	+2.05,+292.8,+25.4,LB	
1701873962.9760828	+6.57,+25.1,+19.7,DA	+2.31,+272.6,+20.4,NB	+6.49,+29.5,+20.2,LA	+2.11,+288.9,+25.5,BB	+2.06,+291.7,+25.2,EB	+2.03,+293.6,+25.3,BB	
1701874024.9849393	+6.57,+25.1,+19.7,DA	+2.31,+272.6,+20.4,NB	+6.49,+29.6,+20.2,OA	+2.13,+288.1,+25.6,KB	+2.06,+292.0,+25.2,AB	+2.04,+293.2,+25.4,FB	
1701874086.9897735	+6.57,+25.1,+19.6,EA	+2.31,+272.6,+20.3,IB	+6.49,+29.6,+20.2,OA	+2.12,+288.4,+25.6,OB	+2.06,+291.7,+25.2,EB	+2.03,+293.7,+25.4,DB	
1701874148.9957101	+6.57,+25.1,+19.6,EA	+2.31,+272.6,+20.3,IB	+6.49,+29.5,+20.2,LA	+2.12,+288.9,+25.6,BB	+2.07,+291.4,+25.2,GB	+2.02,+294.3,+25.4,FB	
1701874211.00331	+6.57,+25.1,+19.6,EA	+2.31,+272.6,+20.3,IB	+6.49,+29.6,+20.2,OA	+2.11,+289.0,+25.5,JB	+2.07,+291.4,+25.2,GB	+2.02,+294.3,+25.4,FB	
1701874273.0127692	+6.57,+25.1,+19.6,EA	+2.31,+272.6,+20.3,IB	+6.49,+29.5,+20.2,LA	+2.11,+289.2,+25.6,KB	+2.07,+291.4,+25.2,GB	+2.02,+294.1,+25.3,CB	
1701874335.0227437	+6.57,+25.1,+19.6,EA	+2.31,+272.5,+20.3,JB	+6.49,+29.5,+20.2,LA	+2.11,+289.0,+25.6,IB	+2.07,+291.1,+25.2,BB	+2.02,+294.2,+25.4,GB	
1701874397.0322125	+6.57,+25.1,+19.6,EA	+2.31,+272.5,+20.3,JB	+6.49,+29.6,+20.2,OA	+2.13,+288.3,+25.5,JB	+2.06,+292.0,+25.2,AB	+2.05,+292.7,+25.4,CB	
1701874459.041336	+6.57,+25.1,+19.6,EA	+2.31,+272.5,+20.3,JB	+6.49,+29.5,+20.2,LA	+2.13,+288.0,+25.5,IB	+2.06,+292.0,+25.2,AB	+2.05,+292.5,+25.4,AB	
1701874521.0498316	+6.57,+25.1,+19.6,EA	+2.31,+272.6,+20.3,IB	+6.49,+29.6,+20.2,OA	+2.12,+288.4,+25.5,LB	+2.06,+292.0,+25.2,AB	+2.05,+292.7,+25.4,CB	
1701874583.05887	+6.57,+25.1,+19.6,EA	+2.31,+272.5,+20.3,JB	+6.49,+29.5,+20.2,LA	+2.12,+288.7,+25.6,LB	+2.06,+291.9,+25.2,KB	+2.04,+293.0,+25.4,DB	
1701874645.0682294	+6.57,+25.1,+19.6,EA	+2.31,+272.5,+20.3,JB	+6.49,+29.5,+20.2,LA	+2.11,+289.1,+25.5,KB	+2.06,+291.5,+25.2,GB	+2.02,+294.1,+25.4,DB	
1701874707.0771792	+6.57,+25.1,+19.6,EA	+2.31,+272.5,+20.3,JB	+6.49,+29.5,+20.2,LA	+2.13,+287.9,+25.6,LB	+2.06,+291.8,+25.2,JB	+2.04,+292.9,+25.4,LB	
1701874769.0875225	+6.57,+25.1,+19.6,EA	+2.31,+272.6,+20.3,IB	+6.49,+29.5,+20.2,LA	+2.13,+288.2,+25.6,HB	+2.06,+292.1,+25.2,@B	+2.05,+292.6,+25.4,BB	
1701874831.0993316	+6.57,+25.1,+19.6,EA	+2.31,+272.6,+20.3,IB	+6.49,+29.5,+20.2,LA	+2.13,+288.1,+25.5,HB	+2.06,+292.1,+25.2,@B	+2.05,+292.5,+25.4,AB	
1701874893.1091192	+6.57,+25.1,+19.6,EA	+2.31,+272.5,+20.3,JB	+6.49,+29.5,+20.2,LA	+2.11,+289.0,+25.6,IB	+2.06,+292.0,+25.2,AB	+2.04,+293.3,+25.3,@B	
1701874955.1144655	+6.57,+25.1,+19.6,EA	+2.31,+272.5,+20.3,JB	+6.49,+29.5,+20.2,LA	+2.13,+288.0,+25.5,IB	+2.06,+291.9,+25.2,KB	+2.05,+292.6,+25.4,BB	
1701875017.1226346	+6.57,+25.1,+19.6,EA	+2.31,+272.5,+20.3,JB	+6.49,+29.5,+20.2,LA	+2.13,+287.9,+25.6,LB	+2.06,+291.6,+25.2,DB	+2.05,+292.6,+25.4,BB	
1701875079.128639	+6.57,+25.1,+19.6,EA	+2.31,+272.5,+20.3,JB	+6.49,+29.5,+20.2,LA	+2.12,+288.8,+25.5,@B	+2.06,+291.9,+25.2,KB	+2.04,+293.0,+25.4,DB	
1701875141.138236	+6.57,+25.1,+19.6,EA	+2.31,+272.5,+20.3,JB	+6.49,+29.5,+20.2,LA	+2.11,+289.1,+25.6,HB	+2.06,+291.9,+25.2,KB	+2.03,+293.5,+25.4,FB	
1701875203.1474571	+6.57,+25.1,+19.6,EA	+2.31,+272.5,+20.3,JB	+6.49,+29.5,+20.2,LA	+2.11,+289.2,+25.5,HB	+2.06,+291.8,+25.2,JB	+2.03,+293.7,+25.3,CB	
1701875265.1538155	+6.57,+25.0,+19.6,DA	+2.31,+272.5,+20.3,JB	+6.49,+29.5,+20.2,LA	+2.13,+288.3,+25.6,IB	+2.07,+291.2,+25.2,AB	+2.03,+294.0,+25.4,DB	
1701875327.1622233	+6.57,+25.1,+19.6,EA	+2.31,+272.5,+20.3,JB	+6.49,+29.4,+20.2,MA	+2.11,+289.1,+25.6,HB	+2.06,+292.0,+25.2,AB	+2.03,+293.6,+25.4,EB	
1701875389.172089	+6.57,+25.1,+19.6,EA	+2.31,+272.5,+20.3,JB	+6.49,+29.5,+20.2,LA	+2.11,+289.1,+25.6,HB	+2.06,+291.8,+25.2,JB	+2.03,+293.7,+25.4,DB	
1701875451.1794724	+6.57,+25.1,+19.6,EA	+2.31,+272.5,+20.3,JB	+6.49,+29.5,+20.1,OA	+2.13,+287.8,+25.5,NB	+2.07,+291.2,+25.2,AB	+2.04,+293.1,+25.3,BB	
1701875513.1886473	+6.57,+25.1,+19.6,EA	+2.31,+272.5,+20.3,JB	+6.49,+29.4,+20.2,MA	+2.12,+288.9,+25.5,AB	+2.06,+292.0,+25.2,AB	+2.04,+293.0,+25.4,DB	
1701875575.1981084	+6.57,+25.1,+19.6,EA	+2.31,+272.5,+20.3,JB	+6.49,+29.6,+20.1,LA	+2.11,+289.0,+25.5,JB	+2.06,+291.9,+25.2,KB	+2.03,+293.9,+25.4,JB	
1701875637.2074895	+6.57,+25.1,+19.6,EA	+2.31,+272.5,+20.3,JB	+6.49,+29.5,+20.2,LA	+2.13,+287.9,+25.6,LB	+2.07,+291.4,+25.2,GB	+2.05,+292.8,+25.3,KB	
1701875699.2198684	+6.57,+25.1,+19.5,FA	+2.31,+272.5,+20.3,JB	+6.49,+29.6,+20.2,OA	+2.11,+289.0,+25.6,IB	+2.06,+292.1,+25.2,@B	+2.03,+293.9,+25.4,JB	
1701875761.2276666	+6.57,+25.1,+19.5,FA	+2.31,+272.5,+20.3,JB	+6.49,+29.5,+20.1,OA	+2.13,+287.9,+25.6,LB	+2.07,+291.1,+25.2,BB	+2.03,+293.4,+25.3,@B	
1701875823.234844	+6.57,+25.0,+19.6,DA	+2.31,+272.5,+20.3,JB	+6.49,+29.5,+20.1,OA	+2.13,+288.2,+25.6,HB	+2.07,+291.4,+25.2,GB	+2.05,+292.5,+25.4,AB	
1701875885.2428994	+6.57,+25.1,+19.5,FA	+2.31,+272.5,+20.3,JB	+6.49,+29.5,+20.1,OA	+2.11,+289.1,+25.5,KB	+2.06,+292.1,+25.2,@B	+2.04,+293.5,+25.4,AB	
1701875947.2505355	+6.57,+25.0,+19.5,GA	+2.31,+272.5,+20.3,JB	+6.49,+29.5,+20.1,OA	+2.12,+288.9,+25.6,BB	+2.06,+291.8,+25.2,JB	+2.05,+292.8,+25.4,LB	
1701876009.2567713	+6.57,+25.0,+19.6,DA	+2.31,+272.5,+20.3,JB	+6.49,+29.5,+20.2,LA	+2.12,+288.4,+25.5,LB	+2.06,+291.8,+25.2,JB	+2.02,+294.2,+25.4,GB	
1701876071.2661438	+6.57,+25.1,+19.5,FA	+2.31,+272.5,+20.3,JB	+6.49,+29.5,+20.1,OA	+2.13,+288.0,+25.6,JB	+2.07,+291.2,+25.2,AB	+2.05,+292.7,+25.4,CB	
1701876133.2746007	+6.57,+25.1,+19.5,FA	+2.31,+272.5,+20.3,JB	+6.49,+29.6,+20.1,LA	+2.13,+287.8,+25.5,NB	+2.07,+291.2,+25.2,AB	+2.04,+293.2,+25.4,FB	
1701876195.2841332	+6.57,+25.0,+19.5,GA	+2.31,+272.5,+20.3,JB	+6.49,+29.5,+20.1,OA	+2.13,+288.3,+25.5,JB	+2.06,+291.8,+25.2,JB	+2.02,+294.1,+25.4,DB	
1701876257.291692	+6.57,+25.1,+19.5,FA	+2.31,+272.5,+20.3,JB	+6.49,+29.6,+20.1,LA	+2.12,+288.5,+25.6,NB	+2.06,+292.0,+25.2,AB	+2.03,+294.0,+25.4,DB	
1701876319.299082	+6.57,+25.0,+19.5,GA	+2.31,+272.5,+20.2,KB	+6.49,+29.5,+20.1,OA	+2.13,+288.1,+25.6,KB	+2.07,+291.2,+25.2,AB	+2.05,+292.5,+25.3,FB	
1701876381.3079271	+6.57,+25.1,+19.5,FA	+2.31,+272.5,+20.3,JB	+6.49,+29.5,+20.1,OA	+2.13,+288.2,+25.5,KB	+2.06,+291.9,+25.2,KB	+2.02,+294.1,+25.4,DB	
1701876443.3168466	+6.57,+25.1,+19.5,FA	+2.31,+272.5,+20.2,KB	+6.49,+29.5,+20.1,OA	+2.12,+288.9,+25.6,BB	+2.06,+291.7,+25.2,EB	+2.05,+292.8,+25.4,LB	
1701876505.322234	+6.57,+25.1,+19.5,FA	+2.31,+272.5,+20.3,JB	+6.49,+29.5,+20.1,OA	+2.12,+288.7,+25.6,LB	+2.07,+291.3,+25.2,@B	+2.05,+292.4,+25.4,@B	
1701876567.331021	+6.57,+25.0,+19.5,GA	+2.31,+272.4,+20.2,JB	+6.49,+29.5,+20.1,OA	+2.13,+288.2,+25.6,HB	+2.07,+291.4,+25.2,GB	+2.05,+292.6,+25.4,BB	
1701876629.3404303	+6.57,+25.1,+19.5,FA	+2.31,+272.5,+20.3,JB	+6.49,+29.4,+20.1,NA	+2.13,+288.1,+25.6,KB	+2.06,+292.1,+25.2,@B	+2.03,+294.0,+25.4,DB	
1701876691.350359	+6.57,+25.1,+19.5,FA	+2.31,+272.4,+20.2,JB	+6.49,+29.5,+20.1,OA	+2.13,+287.8,+25.5,NB	+2.07,+291.5,+25.2,FB	+2.04,+293.1,+25.4,EB	
1701876753.3595893	+6.57,+25.0,+19.5,GA	+2.31,+272.4,+20.2,JB	+6.49,+29.5,+20.1,OA	+2.13,+287.8,+25.6,MB	+2.06,+291.8,+25.2,JB	+2.04,+293.4,+25.4,@B	
1701876815.3662314	+6.57,+25.0,+19.5,GA	+2.31,+272.5,+20.2,KB	+6.49,+29.5,+20.1,OA	+2.13,+287.9,+25.5,OB	+2.06,+292.0,+25.2,AB	+2.03,+293.9,+25.4,JB	
1701876877.376248	+6.57,+25.1,+19.5,FA	+2.31,+272.5,+20.2,KB	+6.49,+29.5,+20.1,OA	+2.13,+287.8,+25.6,MB	+2.06,+291.8,+25.2,JB	+2.03,+293.9,+25.4,JB	
1701876939.3838122	+6.57,+25.1,+19.5,FA	+2.31,+272.4,+20.2,JB	+6.49,+29.5,+20.1,OA	+2.13,+287.9,+25.6,LB	+2.06,+292.0,+25.2,AB	+2.03,+293.9,+25.3,MB	
1701877001.3933012	+6.57,+25.0,+19.5,GA	+2.31,+272.5,+20.2,KB	+6.49,+29.5,+20.1,OA	+2.12,+288.4,+25.5,LB	+2.06,+291.9,+25.2,KB	+2.03,+293.8,+25.4,KB	
1701877063.403371	+6.57,+25.0,+19.5,GA	+2.31,+272.5,+20.2,KB	+6.49,+29.5,+20.1,OA	+2.12,+288.6,+25.6,MB	+2.07,+291.3,+25.2,@B	+2.06,+292.3,+25.4,DB	
1701877125.4127922	+6.57,+25.1,+19.5,FA	+2.31,+272.5,+20.2,KB	+6.49,+29.4,+20.1,NA	+2.12,+288.9,+25.6,BB	+2.07,+291.3,+25.2,@B	+2.05,+292.4,+25.4,@B	
1701877187.4222705	+6.57,+25.1,+19.5,FA	+2.31,+272.4,+20.2,JB	+6.49,+29.4,+20.1,NA	+2.11,+288.9,+25.6,AB	+2.07,+291.4,+25.2,GB	+2.05,+292.4,+25.4,@B	
1701877249.4277186	+6.57,+25.1,+19.5,FA	+2.31,+272.4,+20.2,JB	+6.49,+29.4,+20.1,NA	+2.13,+287.8,+25.5,NB	+2.06,+292.0,+25.2,AB	+2.03,+293.9,+25.4,JB	
1701877494.9688225	+6.57,+25.1,+19.5,FA	+2.31,+272.4,+20.2,JB	+6.49,+29.5,+20.1,OA	+2.13,+288.2,+25.6,HB	+2.07,+291.3,+25.2,@B	+2.05,+292.4,+25.4,@B	
1701877556.978435	+6.57,+25.0,+19.5,GA	+2.31,+272.5,+20.2,KB	+6.49,+29.4,+20.0,OA	+2.13,+288.3,+25.5,JB	+2.06,+291.5,+25.2,GB	+2.03,+293.7,+25.4,DB	
1701877618.9881656	+6.57,+25.1,+19.5,FA	+2.31,+272.4,+20.2,JB	+6.49,+29.4,+20.0,OA	+2.13,+288.3,+25.5,JB	+2.07,+291.5,+25.2,FB	+2.03,+293.5,+25.4,FB	
1701877680.9971368	+6.57,+25.1,+19.5,FA	+2.31,+272.4,+20.2,JB	+6.49,+29.4,+20.1,NA	+2.13,+288.1,+25.6,KB	+2.07,+291.3,+25.2,@B	+2.04,+293.3,+25.4,GB	
1701877743.0071409	+6.57,+25.1,+19.5,FA	+2.31,+272.4,+20.2,JB	+6.49,+29.4,+20.1,NA	+2.13,+287.9,+25.6,LB	+2.07,+291.3,+25.2,@B	+2.04,+293.0,+25.4,DB	
1701877805.0142443	+6.57,+25.0,+19.5,GA	+2.31,+272.5,+20.2,KB	+6.49,+29.4,+20.0,OA	+2.11,+289.0,+25.6,IB	+2.06,+292.0,+25.2,AB	+2.03,+293.8,+25.4,KB	
1701877867.0192754	+6.57,+25.1,+19.4,GA	+2.31,+272.4,+20.2,JB	+6.49,+29.5,+20.0,NA	+2.14,+287.7,+25.6,EB	+2.07,+290.9,+25.2,KB	+2.05,+292.7,+25.4,CB	
1701877929.0273225	+6.57,+25.1,+19.5,FA	+2.31,+272.4,+20.2,JB	+6.49,+29.4,+20.0,OA	+2.13,+287.8,+25.6,MB	+2.07,+291.4,+25.2,GB	+2.06,+292.2,+25.4,EB	
1701877991.0344205	+6.57,+25.1,+19.5,FA	+2.31,+272.4,+20.2,JB	+6.49,+29.4,+20.0,OA	+2.12,+288.8,+25.5,@B	+2.06,+291.7,+25.2,EB	+2.04,+293.4,+25.4,@B	
1701878053.0382595	+6.57,+25.1,+19.4,GA	+2.31,+272.4,+20.2,JB	+6.49,+29.3,+20.0,HA	+2.12,+288.9,+25.6,BB	+2.07,+291.5,+25.2,FB	+2.03,+293.8,+25.4,KB	
1701878115.0432458	+6.57,+25.1,+19.4,GA	+2.31,+272.4,+20.2,JB	+6.49,+29.4,+20.0,OA	+2.12,+288.7,+25.6,LB	+2.06,+291.7,+25.2,EB	+2.04,+293.3,+25.4,GB	
1701878177.050128	+6.57,+25.0,+19.4,FA	+2.31,+272.4,+20.2,JB	+6.49,+29.4,+20.0,OA	+2.12,+288.9,+25.6,BB	+2.07,+291.4,+25.2,GB	+2.03,+293.8,+25.4,KB	
1701878239.0565727	+6.57,+25.0,+19.4,FA	+2.31,+272.4,+20.2,JB	+6.49,+29.5,+20.0,NA	+2.12,+288.8,+25.5,@B	+2.07,+291.2,+25.2,AB	+2.03,+293.8,+25.4,KB	
1701878301.063116	+6.57,+25.0,+19.4,FA	+2.31,+272.4,+20.2,JB	+6.49,+29.4,+20.0,OA	+2.12,+288.5,+25.5,MB	+2.06,+291.6,+25.2,DB	+2.04,+293.1,+25.4,EB	
1701878363.067094	+6.57,+25.0,+19.4,FA	+2.31,+272.4,+20.2,JB	+6.49,+29.5,+20.0,NA	+2.12,+288.8,+25.5,@B	+2.06,+291.6,+25.2,DB	+2.03,+293.5,+25.4,FB	
1701878425.0717797	+6.57,+25.0,+19.4,FA	+2.31,+272.4,+20.2,JB	+6.49,+29.4,+20.0,OA	+2.12,+288.4,+25.5,LB	+2.07,+291.5,+25.2,FB	+2.04,+293.1,+25.3,BB	
1701878487.076894	+6.57,+25.0,+19.4,FA	+2.31,+272.4,+20.2,JB	+6.49,+29.4,+20.0,OA	+2.13,+287.8,+25.5,NB	+2.08,+290.8,+25.2,EB	+2.05,+292.6,+25.4,BB	
1701878549.0836647	+6.57,+25.0,+19.4,FA	+2.31,+272.3,+20.2,MB	+6.49,+29.5,+20.1,OA	+2.13,+288.1,+25.5,HB	+2.08,+290.7,+25.2,JB	+2.04,+293.1,+25.4,EB	
1701878611.0940032	+6.57,+25.1,+19.4,GA	+2.31,+272.4,+20.2,JB	+6.49,+29.5,+20.1,OA	+2.12,+288.4,+25.5,LB	+2.08,+290.7,+25.2,JB	+2.04,+293.3,+25.4,GB	
1701878673.1047978	+6.57,+25.0,+19.4,FA	+2.31,+272.4,+20.2,JB	+6.49,+29.5,+20.1,OA	+2.12,+288.6,+25.5,NB	+2.08,+290.9,+25.2,DB	+2.03,+293.6,+25.3,BB	
1701878735.1145535	+6.57,+25.0,+19.4,FA	+2.31,+272.3,+20.2,MB	+6.49,+29.5,+20.1,OA	+2.13,+287.8,+25.5,NB	+2.07,+291.0,+25.2,CB	+2.05,+292.8,+25.4,LB	
1701878797.125057	+6.57,+25.1,+19.4,GA	+2.31,+272.4,+20.2,JB	+6.49,+29.5,+20.1,OA	+2.14,+287.6,+25.5,GB	+2.07,+291.3,+25.2,@B	+2.06,+292.2,+25.4,EB	
1701878859.134687	+6.57,+25.0,+19.4,FA	+2.31,+272.3,+20.1,NB	+6.49,+29.5,+20.1,OA	+2.12,+288.9,+25.6,BB	+2.07,+291.0,+25.2,CB	+2.03,+293.8,+25.4,KB	
1701878921.1447406	+6.57,+25.0,+19.4,FA	+2.31,+272.4,+20.2,JB	+6.49,+29.4,+20.1,NA	+2.13,+288.0,+25.5,IB	+2.07,+291.1,+25.2,BB	+2.05,+292.6,+25.4,BB	
1701878983.1538298	+6.57,+25.0,+19.4,FA	+2.31,+272.3,+20.1,NB	+6.49,+29.6,+20.1,LA	+2.13,+287.9,+25.6,LB	+2.06,+291.6,+25.2,DB	+2.05,+292.7,+25.4,CB	
1701879045.1635504	+6.57,+25.0,+19.5,GA	+2.31,+272.3,+20.1,NB	+6.49,+29.6,+20.1,LA	+2.12,+288.6,+25.6,MB	+2.07,+290.9,+25.2,KB	+2.04,+293.3,+25.4,GB	
1701879107.1744442	+6.57,+25.0,+19.4,FA	+2.31,+272.3,+20.1,NB	+6.49,+29.5,+20.1,OA	+2.14,+287.6,+25.5,GB	+2.07,+291.5,+25.2,FB	+2.06,+292.1,+25.4,FB	
1701879169.1826358	+6.57,+25.1,+19.5,FA	+2.33,+270.9,+20.2,GB	+6.49,+29.5,+20.1,OA	+2.14,+287.6,+25.6,DB	+2.07,+291.3,+25.2,@B	+2.06,+291.8,+25.4,LB	
1701879231.1925309	+6.57,+25.0,+19.5,GA	+2.31,+272.0,+19.7,AB	+6.49,+29.5,+20.1,OA	+2.12,+288.3,+25.6,HB	+2.07,+291.1,+25.2,BB	+2.04,+293.3,+25.4,GB	
1701879293.2034235	+6.57,+25.0,+19.4,FA	+2.29,+272.8,+19.4,CB	+6.49,+29.6,+20.1,LA	+2.13,+288.1,+25.5,HB	+2.07,+291.1,+25.2,BB	+2.05,+292.9,+25.4,MB	
1701879355.2133899	+6.57,+25.0,+19.5,GA	+2.33,+271.5,+20.7,OB	+6.49,+29.5,+20.1,OA	+2.22,+282.5,+25.6,GB	+2.08,+290.7,+25.2,JB	+2.03,+294.0,+25.4,DB	
1701879417.2206676	+6.57,+25.1,+19.4,GA	+2.36,+270.7,+21.4,KB	+6.49,+29.6,+20.1,LA	+2.48,+267.4,+25.5,BB	+2.07,+291.1,+25.2,BB	+2.05,+292.4,+25.4,@B	
1701879479.2289422	+6.57,+25.1,+19.5,FA	+2.38,+269.9,+21.8,OB	+6.49,+29.6,+20.1,LA	+2.14,+287.6,+25.5,GB	+2.08,+290.9,+25.2,DB	+2.04,+293.1,+25.3,BB	
1701879541.2400703	+6.57,+25.1,+19.5,FA	+2.39,+269.2,+22.0,NB	+6.49,+29.6,+20.1,LA	+2.32,+277.0,+25.5,JB	+2.08,+290.9,+25.2,DB	+2.08,+291.1,+25.4,KB	
1701879603.2478192	+6.57,+25.1,+19.5,FA	+2.41,+268.4,+22.1,GB	+6.49,+29.5,+20.1,OA	+3.04,+234.2,+25.5,KB	+2.20,+283.7,+25.2,BB	+2.05,+292.8,+25.4,LB	
1701879665.2550964	+6.57,+25.1,+19.5,FA	+2.41,+268.1,+22.2,AB	+6.49,+29.6,+20.1,LA	+3.05,+233.7,+25.6,KB	+1.70,+312.9,+25.2,CB	+2.05,+292.9,+25.4,MB	
1701879727.263424	+6.57,+25.1,+19.5,FA	+2.42,+267.6,+22.2,JB	+6.49,+29.6,+20.2,OA	+3.05,+233.5,+25.5,JB	+1.36,+333.3,+25.2,HB	+2.10,+289.7,+25.3,JB	
1701879789.2712915	+6.57,+25.1,+19.5,FA	+2.43,+267.3,+22.2,NB	+6.49,+29.6,+20.2,OA	+3.04,+234.0,+25.5,IB	+2.81,+247.5,+25.2,CB	+2.08,+290.9,+25.4,BB	
1701879851.2810678	+6.57,+25.1,+19.5,FA	+2.43,+267.1,+22.2,LB	+6.49,+29.6,+20.2,OA	+3.05,+233.8,+25.5,GB	+2.81,+247.3,+25.2,EB	+1.92,+300.2,+25.4,AB	
1701879913.290966	+6.57,+25.2,+19.5,EA	+2.44,+266.9,+22.2,BB	+6.51,+28.7,+20.2,FA	+3.04,+233.9,+25.5,GB	+2.76,+250.5,+25.2,MB	+1.81,+307.0,+25.3,AB	
1701879975.2984924	+6.57,+25.1,+19.5,FA	+2.44,+266.8,+22.2,CB	+6.49,+29.6,+20.2,OA	+3.03,+234.9,+25.5,GB	+2.80,+248.0,+25.2,HB	+2.75,+251.3,+25.4,OB	
1701880037.3085194	+6.57,+25.2,+19.6,FA	+2.44,+266.5,+22.2,NB	+6.49,+29.6,+20.3,NA	+3.04,+234.2,+25.6,HB	+2.79,+248.5,+25.2,KB	+2.77,+250.2,+25.4,MB	
1701880099.3184013	+6.57,+25.2,+19.6,FA	+2.44,+266.5,+22.1,MB	+6.49,+29.6,+20.3,NA	+3.04,+234.4,+25.6,NB	+2.79,+248.7,+25.2,IB	+2.78,+249.6,+25.4,NB	
1701880161.3286717	+6.57,+25.1,+19.6,EA	+2.44,+266.4,+22.1,LB	+6.49,+29.6,+20.3,NA	+3.04,+234.4,+25.5,MB	+2.80,+248.2,+25.2,JB	+2.78,+249.8,+25.4,@B	
1701880223.3374903	+6.57,+25.1,+19.6,EA	+2.44,+266.4,+22.1,LB	+6.49,+29.7,+20.3,OA	+3.04,+234.1,+25.5,HB	+2.79,+248.7,+25.2,IB	+2.80,+248.4,+25.4,JB	
1701880285.3476949	+6.57,+25.2,+19.6,FA	+2.44,+266.4,+22.1,LB	+6.49,+29.5,+20.3,MA	+3.02,+235.1,+25.5,OB	+2.80,+248.3,+25.2,KB	+2.77,+249.9,+25.4,NB	
1701880347.357054	+6.57,+25.2,+19.6,FA	+2.44,+266.3,+22.1,KB	+6.49,+29.6,+20.3,NA	+3.04,+234.1,+25.5,HB	+2.79,+248.9,+25.2,GB	+2.80,+248.4,+25.4,JB	
1701880409.3653197	+6.57,+25.2,+19.6,FA	+2.44,+266.3,+22.1,KB	+6.49,+29.6,+20.3,NA	+3.02,+235.1,+25.5,OB	+2.79,+248.7,+25.2,IB	+2.77,+249.8,+25.4,OB	
1701880471.370384	+6.57,+25.2,+19.6,FA	+2.44,+266.3,+22.1,KB	+6.49,+29.6,+20.3,NA	+3.04,+234.2,+25.5,KB	+2.78,+249.0,+25.2,NB	+2.79,+248.8,+25.4,@B	
1701880533.3762677	+6.57,+25.2,+19.6,FA	+2.44,+266.3,+22.0,JB	+6.49,+29.6,+20.3,NA	+3.04,+234.5,+25.6,OB	+2.78,+249.5,+25.2,KB	+2.80,+248.4,+25.4,JB	
1701880595.3826218	+6.56,+25.2,+19.6,GA	+2.44,+266.3,+22.0,JB	+6.49,+29.6,+20.3,NA	+3.01,+235.7,+25.6,IB	+2.78,+249.4,+25.2,JB	+2.77,+249.8,+25.4,OB	
1701880657.3940861	+6.56,+25.3,+19.6,FA	+2.44,+266.4,+22.0,MB	+6.49,+29.6,+20.3,NA	+3.02,+235.2,+25.6,OB	+2.77,+249.6,+25.2,GB	+2.79,+248.8,+25.4,@B	
1701880719.4062834	+6.56,+25.2,+19.6,GA	+2.44,+266.4,+22.0,MB	+6.49,+29.6,+20.3,NA	+3.01,+236.0,+25.5,NB	+2.77,+249.8,+25.2,IB	+2.78,+249.5,+25.4,MB	
1701880781.4101098	+6.56,+25.2,+19.7,FA	+2.44,+266.4,+22.0,MB	+6.49,+29.6,+20.3,NA	+3.01,+235.9,+25.5,DB	+2.78,+249.4,+25.2,JB	+2.76,+250.5,+25.4,KB	
1701880843.4194646	+6.56,+25.2,+19.6,GA	+2.44,+266.4,+21.9,GB	+6.49,+29.5,+20.3,MA	+3.00,+236.6,+25.5,IB	+2.77,+249.8,+25.1,JB	+2.77,+250.2,+25.4,MB	
1701880905.4222257	+6.56,+25.2,+19.6,GA	+2.44,+266.4,+21.9,GB	+6.49,+29.6,+20.3,NA	+3.01,+235.8,+25.6,FB	+2.78,+249.5,+25.2,KB	+2.79,+249.0,+25.4,IB	
1701880967.428535	+6.56,+25.3,+19.7,GA	+2.44,+266.5,+21.9,FB	+6.49,+29.7,+20.3,OA	+3.01,+235.9,+25.5,DB	+2.78,+249.3,+25.2,MB	+2.79,+249.1,+25.4,HB	
1701881029.4361498	+6.56,+25.3,+19.7,GA	+2.44,+266.5,+21.9,FB	+6.49,+29.6,+20.3,NA	+2.99,+237.2,+25.6,NB	+2.77,+250.0,+25.2,IB	+2.78,+249.5,+25.4,MB	
1701881091.4450788	+6.56,+25.3,+19.7,GA	+2.44,+266.5,+21.9,FB	+6.49,+29.6,+20.3,NA	+2.98,+237.7,+25.6,JB	+2.77,+249.9,+25.2,HB	+2.77,+250.0,+25.3,HB	
1701881336.9797018	+6.56,+25.3,+19.7,GA	+2.44,+266.6,+21.8,DB	+6.49,+29.5,+20.3,MA	+2.97,+238.4,+25.5,JB	+2.77,+249.7,+25.2,FB	+2.78,+249.7,+25.3,HB	
1701881398.9895074	+6.56,+25.3,+19.7,GA	+2.43,+266.6,+21.8,CB	+6.49,+29.6,+20.3,NA	+2.98,+237.8,+25.6,EB	+2.78,+249.1,+25.2,OB	+2.75,+251.2,+25.4,NB	
1701881460.9996066	+6.56,+25.3,+19.7,GA	+2.43,+266.7,+21.8,BB	+6.49,+29.7,+20.3,OA	+2.98,+238.0,+25.5,AB	+2.79,+249.0,+25.2,OB	+2.75,+251.1,+25.3,JB	
1701881523.0093093	+6.56,+25.3,+19.7,GA	+2.43,+266.8,+21.8,MB	+6.49,+29.7,+20.3,OA	+2.97,+238.1,+25.6,LB	+2.79,+248.9,+25.2,GB	+2.76,+250.8,+25.4,FB	
1701881585.020479	+6.56,+25.3,+19.7,GA	+2.43,+266.8,+21.8,MB	+6.49,+29.5,+20.3,MA	+2.95,+239.3,+25.5,NB	+2.78,+249.4,+25.2,JB	+2.74,+251.7,+25.4,JB	
1701881647.0280266	+6.56,+25.3,+19.7,GA	+2.43,+266.8,+21.7,BB	+6.49,+29.6,+20.3,NA	+2.96,+238.8,+25.5,GB	+2.79,+248.8,+25.2,FB	+2.73,+252.4,+25.4,MB	
1701881709.0347366	+6.56,+25.4,+19.7,@A	+2.43,+266.9,+21.7,CB	+6.49,+29.6,+20.3,NA	+2.96,+238.8,+25.5,GB	+2.79,+248.8,+25.2,FB	+2.75,+251.2,+25.4,NB	
1701881771.0432491	+6.56,+25.3,+19.7,GA	+2.43,+266.9,+21.7,CB	+6.49,+29.6,+20.3,NA	+2.95,+239.4,+25.6,JB	+2.79,+248.5,+25.2,KB	+2.73,+252.4,+25.4,MB	
1701881833.0527422	+6.56,+25.3,+19.7,GA	+2.43,+266.9,+21.7,CB	+6.49,+29.7,+20.3,OA	+2.95,+239.7,+25.5,JB	+2.80,+248.4,+25.2,LB	+2.73,+252.1,+25.4,HB	
1701881895.0617027	+6.56,+25.4,+19.7,@A	+2.43,+267.0,+21.7,KB	+6.49,+29.6,+20.3,NA	+2.95,+239.4,+25.6,JB	+2.79,+248.8,+25.2,FB	+2.76,+250.8,+25.4,FB	
1701881957.0695193	+6.56,+25.3,+19.7,GA	+2.42,+267.1,+21.7,KB	+6.49,+29.7,+20.3,OA	+2.93,+240.4,+25.6,BB	+2.79,+248.5,+25.2,KB	+2.73,+252.3,+25.4,JB	
1701882019.0788972	+6.56,+25.3,+19.7,GA	+2.42,+267.1,+21.6,JB	+6.49,+29.6,+20.3,NA	+2.95,+239.8,+25.6,FB	+2.79,+248.6,+25.2,HB	+2.75,+251.1,+25.3,JB	
1701882081.0883303	+6.56,+25.3,+19.7,GA	+2.42,+267.1,+21.6,JB	+6.49,+29.6,+20.3,NA	+2.94,+240.0,+25.5,BB	+2.79,+248.5,+25.2,KB	+2.76,+250.8,+25.4,FB	
1701882143.0969536	+6.56,+25.3,+19.7,GA	+2.42,+267.1,+21.6,JB	+6.49,+29.6,+20.3,NA	+2.93,+240.8,+25.6,NB	+2.80,+248.1,+25.2,IB	+2.74,+252.1,+25.4,OB	
1701882205.1051095	+6.56,+25.3,+19.6,FA	+2.42,+267.1,+21.6,JB	+6.49,+29.7,+20.3,OA	+2.93,+240.5,+25.6,CB	+2.79,+248.6,+25.2,HB	+2.76,+250.7,+25.4,IB	
1701882267.1136763	+6.56,+25.3,+19.7,GA	+2.42,+267.1,+21.6,JB	+6.49,+29.6,+20.3,NA	+2.91,+241.8,+25.5,NB	+2.80,+248.3,+25.2,KB	+2.75,+251.4,+25.4,HB	
1701882329.1217558	+6.56,+25.4,+19.7,@A	+2.42,+267.1,+21.6,JB	+6.49,+29.6,+20.3,NA	+2.91,+241.8,+25.6,MB	+2.81,+247.8,+25.2,NB	+2.74,+251.8,+25.4,EB	
1701882391.1307645	+6.56,+25.3,+19.6,FA	+2.42,+267.2,+21.5,JB	+6.49,+29.6,+20.3,NA	+2.92,+241.4,+25.5,AB	+2.81,+247.7,+25.2,AB	+2.75,+251.4,+25.3,OB	
1701882453.13792	+6.56,+25.3,+19.6,FA	+2.42,+267.2,+21.5,JB	+6.49,+29.7,+20.3,OA	+2.90,+242.6,+25.5,BB	+2.80,+248.0,+25.2,HB	+2.76,+250.6,+25.4,HB	
1701882515.1483045	+6.56,+25.3,+19.7,GA	+2.42,+267.2,+21.5,JB	+6.49,+29.6,+20.3,NA	+2.91,+241.7,+25.6,BB	+2.80,+248.2,+25.2,JB	+2.77,+250.1,+25.4,NB	
1701882577.1580493	+6.56,+25.3,+19.6,FA	+2.42,+267.3,+21.5,KB	+6.49,+29.7,+20.3,OA	+2.89,+243.0,+25.5,MB	+2.81,+247.5,+25.2,CB	+2.75,+251.0,+25.4,LB	
1701882639.1648538	+6.56,+25.4,+19.6,AA	+2.42,+267.2,+21.5,JB	+6.49,+29.7,+20.3,OA	+2.90,+242.7,+25.6,@B	+2.81,+247.3,+25.2,EB	+2.75,+251.1,+25.4,MB	
1701882701.1751297	+6.56,+25.4,+19.6,AA	+2.42,+267.2,+21.4,KB	+6.49,+29.6,+20.3,NA	+2.90,+242.2,+25.6,EB	+2.80,+248.3,+25.2,KB	+2.78,+249.3,+25.4,KB	
1701882763.184469	+6.56,+25.4,+19.6,AA	+2.42,+267.2,+21.4,KB	+6.49,+29.7,+20.3,OA	+2.89,+243.3,+25.5,NB	+2.81,+247.4,+25.2,BB	+2.76,+250.7,+25.4,IB	
1701882825.1939085	+6.56,+25.4,+19.6,AA	+2.42,+267.2,+21.4,KB	+6.49,+29.6,+20.3,NA	+2.89,+243.3,+25.6,MB	+2.80,+248.0,+25.2,HB	+2.78,+249.3,+25.4,KB	
1701882887.203825	+6.56,+25.4,+19.6,AA	+2.42,+267.2,+21.4,KB	+6.49,+29.6,+20.3,NA	+2.88,+243.4,+25.6,KB	+2.80,+247.9,+25.2,NB	+2.78,+249.1,+25.4,IB	
1701882949.2102146	+6.56,+25.4,+19.6,AA	+2.42,+267.2,+21.4,KB	+6.49,+29.6,+20.2,OA	+2.89,+243.3,+25.5,NB	+2.80,+247.9,+25.2,NB	+2.79,+248.8,+25.4,@B	
1701883011.2186306	+6.56,+25.4,+19.6,AA	+2.42,+267.2,+21.4,KB	+6.49,+29.6,+20.3,NA	+2.87,+244.1,+25.6,FB	+2.82,+247.2,+25.2,GB	+2.77,+250.3,+25.4,LB	
1701883073.2331343	+6.56,+25.4,+19.6,AA	+2.42,+267.2,+21.4,KB	+6.49,+29.7,+20.3,OA	+2.87,+244.4,+25.5,@B	+2.81,+247.2,+25.2,DB	+2.77,+249.8,+25.4,OB	
1701883135.2422483	+6.56,+25.4,+19.6,AA	+2.42,+267.2,+21.3,LB	+6.49,+29.7,+20.2,NA	+2.88,+243.7,+25.6,HB	+2.81,+247.8,+25.2,NB	+2.78,+249.5,+25.4,MB	
1701883197.252494	+6.56,+25.4,+19.6,AA	+2.42,+267.2,+21.3,LB	+6.49,+29.7,+20.2,NA	+2.87,+244.0,+25.6,GB	+2.81,+247.7,+25.2,AB	+2.80,+248.4,+25.4,JB	
1701883259.261119	+6.56,+25.4,+19.6,AA	+2.42,+267.1,+21.3,OB	+6.49,+29.7,+20.2,NA	+2.88,+243.6,+25.5,JB	+2.80,+248.1,+25.2,IB	+2.80,+248.0,+25.4,NB	
1701883321.268738	+6.56,+25.4,+19.6,AA	+2.42,+267.2,+21.3,LB	+6.49,+29.6,+20.2,OA	+2.88,+243.7,+25.5,KB	+2.80,+248.2,+25.2,JB	+2.80,+248.3,+25.3,JB	
1701883383.2759576	+6.56,+25.4,+19.6,AA	+2.42,+267.2,+21.3,LB	+6.49,+29.6,+20.2,OA	+2.87,+244.0,+25.5,DB	+2.80,+247.9,+25.2,NB	+2.81,+247.6,+25.4,FB	
1701883445.2841349	+6.56,+25.4,+19.6,AA	+2.42,+267.1,+21.3,OB	+6.49,+29.7,+20.2,NA	+2.85,+245.3,+25.6,GB	+2.81,+247.3,+25.2,EB	+2.78,+249.2,+25.4,JB	
1701883507.2922034	+6.56,+25.4,+19.6,AA	+2.42,+267.2,+21.3,LB	+6.49,+29.7,+20.2,NA	+2.86,+244.8,+25.5,MB	+2.81,+247.7,+25.2,AB	+2.79,+248.7,+25.3,HB	
1701883569.2994485	+6.56,+25.3,+19.6,FA	+2.42,+267.2,+21.3,LB	+6.49,+29.7,+20.2,NA	+2.87,+244.2,+25.5,FB	+2.80,+247.8,+25.2,OB	+2.81,+247.4,+25.4,DB	
1701883631.30685	+6.56,+25.4,+19.6,AA	+2.42,+267.1,+21.2,NB	+6.49,+29.7,+20.2,NA	+2.87,+244.2,+25.5,FB	+2.81,+247.7,+25.2,AB	+2.81,+247.4,+25.4,DB	
1701883693.316419	+6.56,+25.4,+19.6,AA	+2.42,+267.1,+21.2,NB	+6.49,+29.6,+20.2,OA	+2.85,+245.7,+25.6,CB	+2.82,+247.0,+25.2,EB	+2.80,+248.2,+25.4,LB	
1701883755.326981	+6.56,+25.4,+19.6,AA	+2.42,+267.1,+21.2,NB	+6.49,+29.7,+20.2,NA	+2.86,+245.1,+25.6,FB	+2.81,+247.7,+25.2,AB	+2.80,+248.0,+25.4,NB	
1701883817.3349013	+6.56,+25.3,+19.6,FA	+2.42,+267.1,+21.2,NB	+6.49,+29.7,+20.2,NA	+2.86,+245.0,+25.6,GB	+2.82,+246.9,+25.2,MB	+2.81,+247.9,+25.4,IB	
1701883879.3438485	+6.56,+25.3,+19.6,FA	+2.42,+267.1,+21.2,NB	+6.49,+29.6,+20.2,OA	+2.85,+245.3,+25.5,DB	+2.81,+247.7,+25.2,AB	+2.81,+247.7,+25.4,GB	
1701883941.3527694	+6.56,+25.4,+19.6,AA	+2.41,+267.6,+21.2,JB	+6.49,+29.6,+20.2,OA	+2.84,+245.9,+25.6,LB	+2.81,+247.6,+25.2,@B	+2.80,+248.2,+25.4,LB	
1701884003.3628829	+6.56,+25.3,+19.5,EA	+2.42,+267.0,+21.2,OB	+6.49,+29.6,+20.2,OA	+2.86,+245.1,+25.6,FB	+2.81,+247.6,+25.2,@B	+2.82,+247.2,+25.4,AB	
1701884065.3720646	+6.56,+25.4,+19.5,BA	+2.42,+267.0,+21.2,OB	+6.49,+29.7,+20.2,NA	+2.84,+246.3,+25.6,EB	+2.81,+247.6,+25.2,@B	+2.80,+248.3,+25.4,MB	
1701884127.38199	+6.56,+25.4,+19.5,BA	+2.42,+267.0,+21.1,LB	+6.49,+29.7,+20.2,NA	+2.84,+246.0,+25.5,EB	+2.81,+247.6,+25.2,@B	+2.81,+247.9,+25.4,IB	
